"Geography_Code","NM_1533_1_0","NM_1533_1_1","NM_1533_1_2"
"E00000001",6,5,1
"E00000003",10,5,5
"E00000005",2,0,2
"E00000007",2,2,0
"E00000010",0,0,0
"E00000012",0,0,0
"E00000013",5,2,3
"E00000014",1,0,1
"E00000016",1,1,0
"E00000017",7,5,2
"E00000018",9,4,5
"E00000019",0,0,0
"E00000020",2,2,0
"E00000021",3,2,1
"E00000022",4,1,3
"E00000023",1,0,1
"E00000024",3,1,2
"E00000025",5,2,3
"E00000026",0,0,0
"E00000027",2,2,0
"E00000028",0,0,0
"E00000029",2,2,0
"E00000030",0,0,0
"E00000031",0,0,0
"E00000032",3,2,1
"E00000035",5,2,3
"E00000037",1,0,1
"E00000038",1,0,1
"E00000039",1,0,1
"E00000040",0,0,0
"E00000041",8,3,5
"E00000042",1,1,0
"E00000043",7,3,4
"E00000045",2,0,2
"E00000046",0,0,0
"E00000048",0,0,0
"E00000049",4,3,1
"E00000050",5,3,2
"E00000051",8,6,2
"E00000052",0,0,0
"E00000053",1,1,0
"E00000054",5,1,4
"E00000055",7,4,3
"E00000056",9,3,6
"E00000057",8,6,2
"E00000059",2,1,1
"E00000060",2,1,1
"E00000061",1,1,0
"E00000062",3,0,3
"E00000063",0,0,0
"E00000064",6,4,2
"E00000065",1,1,0
"E00000066",4,3,1
"E00000067",8,6,2
"E00000068",2,2,0
"E00000069",0,0,0
"E00000070",1,0,1
"E00000071",1,0,1
"E00000072",0,0,0
"E00000073",1,0,1
"E00000074",0,0,0
"E00000075",5,3,2
"E00000076",3,1,2
"E00000077",4,1,3
"E00000078",4,3,1
"E00000079",3,2,1
"E00000080",1,1,0
"E00000081",4,3,1
"E00000082",4,2,2
"E00000083",2,1,1
"E00000084",0,0,0
"E00000085",1,1,0
"E00000086",4,2,2
"E00000087",0,0,0
"E00000088",3,1,2
"E00000089",4,2,2
"E00000090",0,0,0
"E00000091",9,7,2
"E00000092",2,1,1
"E00000093",2,2,0
"E00000094",4,2,2
"E00000095",1,1,0
"E00000096",2,1,1
"E00000097",3,0,3
"E00000098",1,0,1
"E00000099",0,0,0
"E00000100",3,1,2
"E00000101",3,2,1
"E00000102",6,3,3
"E00000103",6,2,4
"E00000104",4,2,2
"E00000106",4,1,3
"E00000107",2,1,1
"E00000108",4,2,2
"E00000109",6,5,1
"E00000110",2,1,1
"E00000111",5,2,3
"E00000112",8,4,4
"E00000113",4,1,3
"E00000114",6,4,2
"E00000115",1,0,1
"E00000116",10,6,4
"E00000117",0,0,0
"E00000118",1,1,0
"E00000119",5,2,3
"E00000120",3,2,1
"E00000121",3,1,2
"E00000122",0,0,0
"E00000123",6,1,5
"E00000124",1,1,0
"E00000125",1,0,1
"E00000126",0,0,0
"E00000127",5,2,3
"E00000128",2,0,2
"E00000129",6,3,3
"E00000130",1,1,0
"E00000131",1,1,0
"E00000132",3,2,1
"E00000133",1,0,1
"E00000134",9,6,3
"E00000135",0,0,0
"E00000136",4,3,1
"E00000137",1,1,0
"E00000138",3,1,2
"E00000139",0,0,0
"E00000140",4,3,1
"E00000141",2,2,0
"E00000142",0,0,0
"E00000143",4,2,2
"E00000144",1,0,1
"E00000145",0,0,0
"E00000146",7,2,5
"E00000147",4,2,2
"E00000148",0,0,0
"E00000149",9,3,6
"E00000150",3,1,2
"E00000151",3,1,2
"E00000152",0,0,0
"E00000153",5,4,1
"E00000154",4,1,3
"E00000155",3,2,1
"E00000156",1,0,1
"E00000157",4,2,2
"E00000158",13,8,5
"E00000159",5,3,2
"E00000160",2,1,1
"E00000161",0,0,0
"E00000162",2,1,1
"E00000163",0,0,0
"E00000164",1,0,1
"E00000165",2,1,1
"E00000166",0,0,0
"E00000167",1,1,0
"E00000168",1,0,1
"E00000169",3,1,2
"E00000170",8,4,4
"E00000171",1,1,0
"E00000172",2,1,1
"E00000173",4,0,4
"E00000174",5,3,2
"E00000175",2,1,1
"E00000176",3,0,3
"E00000177",1,0,1
"E00000178",8,3,5
"E00000179",1,1,0
"E00000180",10,2,8
"E00000181",6,4,2
"E00000182",1,1,0
"E00000183",4,2,2
"E00000184",1,1,0
"E00000185",7,5,2
"E00000186",5,3,2
"E00000187",2,1,1
"E00000188",0,0,0
"E00000189",0,0,0
"E00000190",0,0,0
"E00000191",0,0,0
"E00000192",0,0,0
"E00000193",1,1,0
"E00000194",10,2,8
"E00000195",6,1,5
"E00000196",1,1,0
"E00000197",0,0,0
"E00000198",2,1,1
"E00000199",0,0,0
"E00000200",7,2,5
"E00000201",2,1,1
"E00000202",0,0,0
"E00000203",4,2,2
"E00000204",2,1,1
"E00000205",6,2,4
"E00000206",1,1,0
"E00000207",2,1,1
"E00000208",6,5,1
"E00000209",4,3,1
"E00000210",1,0,1
"E00000211",0,0,0
"E00000212",3,1,2
"E00000213",1,1,0
"E00000214",0,0,0
"E00000215",2,2,0
"E00000216",0,0,0
"E00000217",1,0,1
"E00000218",6,4,2
"E00000219",2,2,0
"E00000220",0,0,0
"E00000221",3,2,1
"E00000222",5,0,5
"E00000223",0,0,0
"E00000224",4,1,3
"E00000225",8,3,5
"E00000226",3,2,1
"E00000227",1,0,1
"E00000228",5,0,5
"E00000229",6,2,4
"E00000230",4,3,1
"E00000231",4,2,2
"E00000232",8,7,1
"E00000234",4,2,2
"E00000235",0,0,0
"E00000236",0,0,0
"E00000237",3,1,2
"E00000238",2,1,1
"E00000239",5,2,3
"E00000240",0,0,0
"E00000241",7,4,3
"E00000242",3,2,1
"E00000243",8,5,3
"E00000244",1,1,0
"E00000245",3,2,1
"E00000246",5,3,2
"E00000247",7,3,4
"E00000248",3,2,1
"E00000249",0,0,0
"E00000250",5,3,2
"E00000251",2,1,1
"E00000252",3,1,2
"E00000253",3,0,3
"E00000254",8,6,2
"E00000255",2,2,0
"E00000256",5,2,3
"E00000257",0,0,0
"E00000258",4,2,2
"E00000259",1,0,1
"E00000260",2,1,1
"E00000261",2,1,1
"E00000263",5,2,3
"E00000264",6,1,5
"E00000265",3,3,0
"E00000266",0,0,0
"E00000267",3,1,2
"E00000268",0,0,0
"E00000269",0,0,0
"E00000270",6,4,2
"E00000271",0,0,0
"E00000272",2,1,1
"E00000273",3,2,1
"E00000274",2,2,0
"E00000275",3,0,3
"E00000276",2,0,2
"E00000277",4,1,3
"E00000278",3,2,1
"E00000279",2,2,0
"E00000280",2,0,2
"E00000282",1,1,0
"E00000283",2,2,0
"E00000284",4,1,3
"E00000285",1,0,1
"E00000286",6,3,3
"E00000287",3,1,2
"E00000288",7,3,4
"E00000289",2,0,2
"E00000290",8,3,5
"E00000291",7,4,3
"E00000292",5,1,4
"E00000293",5,1,4
"E00000294",6,3,3
"E00000295",6,4,2
"E00000296",0,0,0
"E00000297",5,2,3
"E00000298",0,0,0
"E00000299",8,1,7
"E00000300",0,0,0
"E00000301",2,1,1
"E00000302",0,0,0
"E00000303",3,1,2
"E00000304",0,0,0
"E00000305",10,2,8
"E00000306",1,0,1
"E00000307",5,1,4
"E00000308",5,4,1
"E00000309",3,2,1
"E00000310",0,0,0
"E00000311",4,3,1
"E00000312",0,0,0
"E00000313",1,0,1
"E00000314",1,1,0
"E00000315",4,2,2
"E00000316",3,2,1
"E00000317",1,0,1
"E00000318",0,0,0
"E00000319",7,2,5
"E00000320",0,0,0
"E00000321",0,0,0
"E00000322",0,0,0
"E00000323",1,1,0
"E00000324",4,3,1
"E00000325",3,0,3
"E00000326",4,3,1
"E00000327",5,0,5
"E00000328",1,0,1
"E00000329",0,0,0
"E00000330",3,1,2
"E00000331",1,0,1
"E00000332",3,3,0
"E00000333",7,4,3
"E00000334",9,8,1
"E00000335",6,4,2
"E00000336",7,4,3
"E00000337",2,1,1
"E00000338",2,1,1
"E00000339",8,5,3
"E00000340",9,1,8
"E00000341",2,0,2
"E00000342",3,2,1
"E00000343",7,4,3
"E00000344",7,5,2
"E00000345",6,5,1
"E00000346",2,1,1
"E00000347",7,2,5
"E00000348",3,3,0
"E00000349",7,2,5
"E00000350",4,1,3
"E00000351",1,0,1
"E00000352",5,3,2
"E00000353",6,2,4
"E00000354",0,0,0
"E00000355",2,1,1
"E00000356",1,1,0
"E00000357",9,6,3
"E00000358",1,0,1
"E00000360",2,1,1
"E00000361",0,0,0
"E00000362",0,0,0
"E00000363",0,0,0
"E00000364",2,1,1
"E00000365",1,0,1
"E00000366",1,1,0
"E00000367",2,2,0
"E00000368",5,2,3
"E00000369",0,0,0
"E00000370",0,0,0
"E00000371",3,0,3
"E00000372",4,0,4
"E00000373",0,0,0
"E00000374",0,0,0
"E00000375",3,0,3
"E00000376",6,3,3
"E00000377",2,1,1
"E00000378",2,2,0
"E00000379",5,4,1
"E00000380",3,2,1
"E00000381",2,1,1
"E00000382",4,0,4
"E00000383",1,0,1
"E00000384",2,1,1
"E00000385",6,4,2
"E00000386",4,3,1
"E00000387",3,1,2
"E00000388",3,0,3
"E00000389",0,0,0
"E00000390",0,0,0
"E00000391",6,3,3
"E00000392",5,2,3
"E00000393",6,4,2
"E00000394",6,4,2
"E00000395",6,2,4
"E00000396",1,1,0
"E00000397",1,1,0
"E00000398",1,0,1
"E00000399",0,0,0
"E00000400",2,1,1
"E00000401",6,2,4
"E00000402",4,1,3
"E00000403",10,4,6
"E00000404",4,3,1
"E00000405",3,2,1
"E00000406",2,0,2
"E00000407",0,0,0
"E00000408",5,4,1
"E00000409",1,1,0
"E00000410",2,0,2
"E00000411",2,0,2
"E00000412",2,1,1
"E00000413",3,1,2
"E00000414",6,2,4
"E00000415",3,2,1
"E00000416",9,3,6
"E00000417",0,0,0
"E00000418",1,1,0
"E00000419",3,0,3
"E00000420",3,1,2
"E00000421",1,0,1
"E00000422",5,1,4
"E00000423",2,1,1
"E00000424",7,6,1
"E00000425",0,0,0
"E00000426",1,0,1
"E00000427",4,3,1
"E00000428",5,3,2
"E00000429",0,0,0
"E00000430",3,1,2
"E00000431",5,3,2
"E00000432",2,1,1
"E00000433",6,2,4
"E00000434",0,0,0
"E00000435",4,4,0
"E00000436",0,0,0
"E00000437",7,7,0
"E00000438",9,4,5
"E00000439",0,0,0
"E00000440",0,0,0
"E00000441",2,2,0
"E00000442",0,0,0
"E00000443",1,0,1
"E00000444",3,2,1
"E00000445",4,1,3
"E00000446",6,4,2
"E00000447",1,0,1
"E00000448",3,2,1
"E00000449",0,0,0
"E00000450",4,1,3
"E00000451",3,0,3
"E00000452",1,1,0
"E00000453",1,1,0
"E00000454",5,1,4
"E00000455",3,1,2
"E00000456",1,1,0
"E00000457",4,4,0
"E00000458",5,3,2
"E00000459",3,1,2
"E00000460",1,1,0
"E00000461",5,2,3
"E00000462",7,5,2
"E00000463",4,2,2
"E00000464",1,0,1
"E00000465",3,1,2
"E00000466",4,3,1
"E00000467",0,0,0
"E00000468",1,0,1
"E00000469",2,1,1
"E00000470",7,3,4
"E00000471",0,0,0
"E00000472",1,1,0
"E00000474",1,1,0
"E00000475",2,2,0
"E00000476",3,1,2
"E00000477",2,2,0
"E00000478",9,6,3
"E00000479",0,0,0
"E00000480",1,0,1
"E00000481",2,0,2
"E00000482",0,0,0
"E00000483",13,3,10
"E00000484",0,0,0
"E00000485",3,2,1
"E00000486",7,4,3
"E00000487",0,0,0
"E00000488",0,0,0
"E00000489",0,0,0
"E00000490",1,0,1
"E00000491",1,1,0
"E00000492",0,0,0
"E00000493",0,0,0
"E00000494",1,0,1
"E00000495",0,0,0
"E00000496",6,1,5
"E00000497",0,0,0
"E00000498",6,2,4
"E00000499",2,0,2
"E00000500",2,1,1
"E00000501",2,1,1
"E00000502",3,0,3
"E00000503",5,2,3
"E00000504",1,1,0
"E00000505",5,0,5
"E00000506",1,1,0
"E00000507",5,4,1
"E00000508",4,2,2
"E00000509",0,0,0
"E00000510",2,2,0
"E00000511",3,2,1
"E00000512",4,3,1
"E00000513",4,1,3
"E00000514",6,2,4
"E00000515",3,1,2
"E00000516",8,5,3
"E00000517",0,0,0
"E00000518",1,0,1
"E00000519",6,4,2
"E00000520",3,1,2
"E00000521",0,0,0
"E00000522",1,0,1
"E00000523",2,2,0
"E00000524",3,2,1
"E00000525",1,0,1
"E00000526",4,3,1
"E00000527",2,1,1
"E00000528",5,2,3
"E00000529",1,1,0
"E00000530",10,2,8
"E00000531",1,1,0
"E00000532",7,3,4
"E00000533",4,0,4
"E00000534",2,0,2
"E00000535",3,3,0
"E00000536",2,1,1
"E00000537",9,5,4
"E00000538",4,1,3
"E00000539",1,0,1
"E00000540",1,0,1
"E00000541",0,0,0
"E00000542",3,3,0
"E00000543",7,2,5
"E00000544",8,3,5
"E00000545",1,0,1
"E00000546",4,4,0
"E00000547",5,4,1
"E00000548",5,3,2
"E00000549",1,0,1
"E00000550",5,3,2
"E00000551",3,1,2
"E00000552",6,3,3
"E00000553",1,1,0
"E00000554",5,1,4
"E00000555",8,3,5
"E00000556",0,0,0
"E00000557",2,1,1
"E00000558",1,1,0
"E00000559",3,3,0
"E00000560",6,3,3
"E00000561",0,0,0
"E00000562",6,3,3
"E00000563",0,0,0
"E00000564",4,1,3
"E00000565",4,1,3
"E00000566",3,2,1
"E00000567",4,2,2
"E00000568",1,0,1
"E00000569",6,4,2
"E00000570",4,2,2
"E00000571",7,2,5
"E00000572",3,3,0
"E00000573",1,0,1
"E00000574",4,3,1
"E00000575",3,1,2
"E00000576",5,4,1
"E00000577",4,2,2
"E00000578",10,4,6
"E00000579",11,7,4
"E00000580",10,7,3
"E00000581",6,2,4
"E00000582",11,7,4
"E00000583",12,4,8
"E00000584",6,3,3
"E00000585",2,2,0
"E00000586",4,1,3
"E00000587",3,2,1
"E00000588",5,2,3
"E00000589",2,2,0
"E00000590",9,4,5
"E00000591",5,0,5
"E00000592",6,2,4
"E00000593",6,1,5
"E00000594",4,1,3
"E00000595",5,2,3
"E00000596",3,3,0
"E00000597",5,2,3
"E00000598",8,6,2
"E00000599",6,2,4
"E00000600",1,1,0
"E00000601",5,3,2
"E00000602",1,0,1
"E00000603",5,3,2
"E00000604",0,0,0
"E00000605",10,8,2
"E00000606",2,0,2
"E00000607",2,1,1
"E00000608",5,2,3
"E00000609",1,1,0
"E00000610",9,7,2
"E00000611",10,5,5
"E00000612",4,3,1
"E00000613",9,5,4
"E00000614",9,4,5
"E00000615",7,3,4
"E00000616",6,3,3
"E00000617",5,3,2
"E00000618",0,0,0
"E00000619",11,7,4
"E00000620",8,3,5
"E00000622",0,0,0
"E00000623",3,1,2
"E00000624",0,0,0
"E00000625",4,3,1
"E00000626",5,3,2
"E00000627",1,1,0
"E00000628",12,7,5
"E00000629",1,1,0
"E00000630",4,3,1
"E00000631",4,4,0
"E00000632",7,4,3
"E00000633",8,2,6
"E00000634",13,8,5
"E00000635",0,0,0
"E00000636",4,2,2
"E00000637",5,3,2
"E00000638",2,0,2
"E00000640",3,2,1
"E00000641",5,2,3
"E00000642",0,0,0
"E00000643",8,3,5
"E00000644",1,0,1
"E00000645",3,2,1
"E00000646",7,3,4
"E00000647",1,1,0
"E00000648",2,2,0
"E00000649",1,0,1
"E00000650",0,0,0
"E00000651",7,2,5
"E00000652",3,1,2
"E00000653",6,2,4
"E00000654",7,3,4
"E00000655",2,1,1
"E00000656",6,0,6
"E00000657",9,5,4
"E00000658",0,0,0
"E00000659",0,0,0
"E00000660",6,1,5
"E00000661",10,5,5
"E00000662",6,4,2
"E00000663",1,1,0
"E00000664",2,1,1
"E00000665",10,6,4
"E00000666",1,0,1
"E00000667",2,0,2
"E00000668",1,1,0
"E00000669",8,4,4
"E00000670",3,2,1
"E00000671",5,2,3
"E00000672",15,9,6
"E00000674",18,8,10
"E00000675",5,2,3
"E00000676",3,2,1
"E00000677",1,1,0
"E00000678",4,2,2
"E00000679",4,4,0
"E00000680",6,3,3
"E00000681",0,0,0
"E00000682",2,1,1
"E00000683",3,2,1
"E00000684",4,3,1
"E00000685",0,0,0
"E00000686",9,3,6
"E00000687",7,6,1
"E00000688",8,7,1
"E00000689",20,13,7
"E00000690",16,11,5
"E00000691",5,3,2
"E00000692",16,11,5
"E00000693",2,2,0
"E00000694",11,2,9
"E00000695",5,3,2
"E00000696",2,2,0
"E00000697",14,12,2
"E00000698",8,6,2
"E00000699",12,8,4
"E00000700",5,1,4
"E00000701",5,4,1
"E00000702",3,1,2
"E00000703",14,3,11
"E00000704",4,3,1
"E00000705",21,14,7
"E00000706",11,3,8
"E00000707",7,5,2
"E00000708",10,2,8
"E00000709",9,3,6
"E00000710",6,1,5
"E00000711",5,3,2
"E00000712",7,3,4
"E00000713",3,2,1
"E00000714",5,3,2
"E00000715",10,6,4
"E00000716",0,0,0
"E00000717",3,0,3
"E00000718",1,0,1
"E00000719",1,0,1
"E00000720",1,1,0
"E00000721",1,0,1
"E00000722",8,3,5
"E00000723",7,3,4
"E00000724",1,1,0
"E00000725",10,6,4
"E00000726",7,4,3
"E00000727",9,7,2
"E00000728",0,0,0
"E00000729",9,5,4
"E00000730",9,4,5
"E00000731",8,3,5
"E00000732",6,4,2
"E00000733",6,4,2
"E00000734",10,5,5
"E00000736",4,2,2
"E00000737",5,3,2
"E00000738",3,2,1
"E00000739",3,0,3
"E00000740",3,0,3
"E00000742",9,2,7
"E00000743",2,1,1
"E00000744",4,1,3
"E00000745",3,1,2
"E00000746",10,3,7
"E00000747",2,1,1
"E00000748",3,0,3
"E00000749",1,0,1
"E00000750",3,1,2
"E00000751",9,4,5
"E00000752",1,1,0
"E00000754",0,0,0
"E00000755",0,0,0
"E00000756",1,1,0
"E00000757",1,0,1
"E00000758",4,3,1
"E00000760",1,1,0
"E00000761",2,2,0
"E00000762",4,1,3
"E00000763",2,1,1
"E00000764",5,4,1
"E00000765",5,4,1
"E00000766",14,9,5
"E00000767",0,0,0
"E00000768",1,1,0
"E00000769",1,0,1
"E00000770",4,3,1
"E00000771",2,1,1
"E00000772",1,0,1
"E00000773",0,0,0
"E00000774",8,2,6
"E00000775",8,5,3
"E00000776",4,2,2
"E00000777",0,0,0
"E00000778",5,3,2
"E00000779",11,7,4
"E00000780",7,4,3
"E00000781",6,3,3
"E00000782",7,3,4
"E00000783",2,1,1
"E00000785",15,2,13
"E00000786",9,4,5
"E00000787",2,1,1
"E00000788",2,0,2
"E00000789",0,0,0
"E00000790",0,0,0
"E00000791",0,0,0
"E00000792",4,1,3
"E00000793",3,3,0
"E00000794",3,2,1
"E00000795",2,0,2
"E00000796",7,4,3
"E00000797",7,4,3
"E00000798",5,4,1
"E00000799",3,1,2
"E00000800",4,3,1
"E00000801",0,0,0
"E00000802",7,2,5
"E00000803",2,0,2
"E00000804",12,4,8
"E00000805",1,0,1
"E00000806",9,8,1
"E00000807",2,2,0
"E00000808",0,0,0
"E00000809",0,0,0
"E00000810",1,1,0
"E00000811",13,7,6
"E00000812",10,3,7
"E00000813",2,0,2
"E00000814",5,4,1
"E00000815",4,1,3
"E00000816",3,0,3
"E00000817",11,3,8
"E00000818",1,1,0
"E00000819",4,1,3
"E00000820",4,4,0
"E00000821",0,0,0
"E00000822",4,1,3
"E00000823",1,1,0
"E00000824",1,0,1
"E00000825",1,0,1
"E00000826",2,0,2
"E00000827",3,1,2
"E00000828",5,3,2
"E00000829",11,3,8
"E00000830",4,2,2
"E00000831",6,4,2
"E00000832",13,8,5
"E00000833",2,1,1
"E00000834",10,7,3
"E00000835",10,7,3
"E00000836",9,7,2
"E00000837",1,1,0
"E00000838",0,0,0
"E00000839",7,5,2
"E00000840",0,0,0
"E00000841",6,4,2
"E00000842",5,0,5
"E00000843",1,0,1
"E00000844",5,0,5
"E00000845",2,1,1
"E00000846",6,5,1
"E00000847",3,3,0
"E00000848",6,4,2
"E00000849",5,2,3
"E00000850",5,5,0
"E00000851",0,0,0
"E00000852",12,7,5
"E00000853",1,0,1
"E00000854",3,2,1
"E00000855",8,4,4
"E00000856",6,2,4
"E00000857",1,1,0
"E00000858",4,3,1
"E00000859",0,0,0
"E00000860",6,6,0
"E00000861",9,6,3
"E00000862",21,10,11
"E00000863",7,2,5
"E00000864",9,4,5
"E00000865",3,1,2
"E00000866",6,4,2
"E00000867",13,9,4
"E00000868",14,6,8
"E00000869",1,1,0
"E00000870",0,0,0
"E00000871",6,3,3
"E00000872",0,0,0
"E00000873",7,5,2
"E00000874",4,3,1
"E00000875",0,0,0
"E00000876",7,4,3
"E00000877",10,3,7
"E00000878",6,4,2
"E00000879",3,2,1
"E00000880",2,1,1
"E00000881",3,1,2
"E00000882",4,0,4
"E00000883",10,4,6
"E00000884",3,1,2
"E00000885",3,1,2
"E00000886",1,0,1
"E00000887",7,3,4
"E00000888",7,4,3
"E00000889",6,2,4
"E00000890",1,0,1
"E00000891",0,0,0
"E00000892",2,1,1
"E00000893",2,0,2
"E00000894",5,2,3
"E00000895",9,3,6
"E00000896",3,3,0
"E00000897",0,0,0
"E00000898",3,1,2
"E00000899",10,6,4
"E00000900",2,1,1
"E00000901",1,0,1
"E00000902",0,0,0
"E00000903",1,1,0
"E00000904",0,0,0
"E00000905",5,4,1
"E00000906",0,0,0
"E00000907",5,2,3
"E00000908",3,2,1
"E00000909",7,4,3
"E00000910",9,3,6
"E00000911",0,0,0
"E00000912",4,3,1
"E00000913",1,0,1
"E00000914",2,1,1
"E00000915",2,2,0
"E00000916",3,3,0
"E00000917",1,1,0
"E00000918",0,0,0
"E00000919",13,8,5
"E00000920",4,1,3
"E00000921",6,2,4
"E00000922",12,7,5
"E00000923",0,0,0
"E00000924",4,2,2
"E00000925",16,6,10
"E00000926",17,13,4
"E00000927",7,3,4
"E00000928",7,3,4
"E00000929",18,10,8
"E00000930",11,4,7
"E00000931",9,3,6
"E00000932",9,4,5
"E00000933",0,0,0
"E00000934",6,5,1
"E00000935",8,5,3
"E00000936",9,6,3
"E00000937",7,5,2
"E00000938",4,2,2
"E00000939",14,8,6
"E00000940",8,3,5
"E00000941",7,4,3
"E00000942",1,1,0
"E00000943",3,2,1
"E00000944",10,5,5
"E00000945",2,1,1
"E00000946",4,3,1
"E00000947",10,9,1
"E00000948",7,4,3
"E00000949",8,4,4
"E00000950",4,2,2
"E00000951",9,2,7
"E00000952",19,7,12
"E00000953",6,4,2
"E00000954",12,5,7
"E00000955",9,5,4
"E00000956",9,3,6
"E00000957",2,1,1
"E00000958",0,0,0
"E00000959",7,2,5
"E00000960",5,4,1
"E00000961",9,5,4
"E00000962",4,2,2
"E00000963",6,4,2
"E00000964",1,1,0
"E00000965",2,1,1
"E00000966",6,3,3
"E00000967",6,3,3
"E00000968",8,5,3
"E00000969",7,5,2
"E00000970",7,2,5
"E00000971",11,5,6
"E00000972",11,6,5
"E00000973",0,0,0
"E00000974",6,2,4
"E00000975",5,2,3
"E00000976",5,3,2
"E00000977",12,3,9
"E00000978",9,4,5
"E00000979",19,10,9
"E00000980",4,2,2
"E00000981",23,11,12
"E00000982",15,6,9
"E00000983",13,9,4
"E00000984",11,8,3
"E00000985",7,6,1
"E00000986",6,2,4
"E00000987",10,4,6
"E00000988",19,11,8
"E00000989",0,0,0
"E00000990",1,1,0
"E00000991",3,3,0
"E00000992",2,1,1
"E00000993",6,4,2
"E00000994",1,0,1
"E00000995",2,1,1
"E00000996",2,0,2
"E00000997",5,3,2
"E00000998",0,0,0
"E00000999",7,3,4
"E00001000",5,3,2
"E00001001",5,4,1
"E00001002",10,6,4
"E00001003",8,5,3
"E00001004",7,4,3
"E00001005",3,2,1
"E00001006",6,3,3
"E00001007",12,7,5
"E00001008",8,6,2
"E00001009",1,0,1
"E00001010",5,4,1
"E00001011",15,9,6
"E00001012",15,6,9
"E00001013",8,6,2
"E00001014",11,7,4
"E00001015",15,8,7
"E00001016",0,0,0
"E00001017",6,1,5
"E00001018",4,0,4
"E00001019",6,1,5
"E00001020",6,2,4
"E00001021",2,1,1
"E00001022",1,0,1
"E00001023",8,3,5
"E00001024",6,3,3
"E00001025",16,9,7
"E00001026",0,0,0
"E00001027",11,4,7
"E00001028",12,9,3
"E00001029",7,1,6
"E00001030",8,4,4
"E00001031",13,5,8
"E00001032",7,1,6
"E00001033",3,1,2
"E00001034",2,0,2
"E00001035",0,0,0
"E00001036",5,2,3
"E00001037",2,2,0
"E00001038",10,5,5
"E00001039",0,0,0
"E00001040",1,1,0
"E00001041",1,0,1
"E00001042",0,0,0
"E00001043",12,3,9
"E00001044",11,5,6
"E00001045",11,6,5
"E00001046",11,5,6
"E00001047",12,4,8
"E00001048",0,0,0
"E00001049",16,5,11
"E00001050",1,1,0
"E00001051",9,3,6
"E00001052",15,7,8
"E00001053",11,5,6
"E00001054",7,2,5
"E00001055",9,2,7
"E00001056",6,4,2
"E00001057",20,6,14
"E00001058",9,6,3
"E00001059",13,8,5
"E00001060",0,0,0
"E00001061",3,0,3
"E00001062",11,9,2
"E00001063",16,12,4
"E00001064",6,2,4
"E00001065",11,7,4
"E00001066",18,12,6
"E00001067",16,11,5
"E00001068",28,17,11
"E00001069",7,5,2
"E00001070",24,14,10
"E00001071",14,9,5
"E00001072",10,10,0
"E00001073",12,11,1
"E00001074",12,5,7
"E00001075",8,2,6
"E00001076",0,0,0
"E00001077",5,2,3
"E00001078",5,1,4
"E00001079",3,2,1
"E00001080",2,1,1
"E00001081",1,0,1
"E00001082",8,4,4
"E00001083",3,1,2
"E00001084",1,0,1
"E00001085",2,2,0
"E00001086",4,2,2
"E00001087",6,3,3
"E00001088",10,7,3
"E00001089",9,3,6
"E00001090",7,3,4
"E00001091",9,4,5
"E00001092",16,10,6
"E00001093",18,11,7
"E00001094",25,15,10
"E00001095",19,11,8
"E00001096",4,3,1
"E00001097",17,12,5
"E00001098",24,18,6
"E00001099",7,6,1
"E00001100",7,3,4
"E00001101",8,4,4
"E00001102",4,2,2
"E00001103",29,21,8
"E00001104",14,10,4
"E00001105",12,7,5
"E00001106",10,4,6
"E00001107",0,0,0
"E00001108",9,5,4
"E00001109",3,2,1
"E00001110",3,2,1
"E00001111",9,8,1
"E00001112",2,2,0
"E00001113",0,0,0
"E00001114",8,4,4
"E00001115",7,2,5
"E00001116",7,3,4
"E00001117",13,7,6
"E00001118",9,5,4
"E00001119",3,3,0
"E00001120",12,7,5
"E00001121",5,2,3
"E00001122",8,7,1
"E00001123",0,0,0
"E00001124",9,5,4
"E00001125",5,5,0
"E00001126",7,3,4
"E00001127",0,0,0
"E00001128",18,8,10
"E00001129",4,2,2
"E00001130",3,1,2
"E00001131",7,2,5
"E00001132",6,4,2
"E00001133",6,2,4
"E00001134",8,4,4
"E00001135",12,4,8
"E00001136",18,10,8
"E00001137",6,4,2
"E00001138",6,3,3
"E00001139",6,2,4
"E00001140",5,3,2
"E00001141",6,5,1
"E00001142",5,3,2
"E00001143",5,4,1
"E00001144",5,2,3
"E00001145",7,6,1
"E00001146",6,2,4
"E00001147",8,4,4
"E00001148",9,2,7
"E00001149",2,2,0
"E00001150",6,4,2
"E00001151",2,1,1
"E00001152",7,5,2
"E00001153",6,2,4
"E00001154",7,2,5
"E00001155",5,3,2
"E00001156",5,2,3
"E00001157",4,4,0
"E00001158",14,6,8
"E00001159",2,1,1
"E00001160",1,0,1
"E00001161",0,0,0
"E00001162",2,2,0
"E00001163",4,3,1
"E00001164",5,2,3
"E00001165",8,2,6
"E00001166",2,1,1
"E00001167",15,8,7
"E00001168",6,5,1
"E00001169",14,9,5
"E00001170",0,0,0
"E00001171",5,1,4
"E00001172",6,3,3
"E00001173",9,7,2
"E00001174",6,5,1
"E00001175",15,12,3
"E00001176",0,0,0
"E00001177",12,5,7
"E00001178",8,4,4
"E00001179",9,6,3
"E00001180",0,0,0
"E00001181",6,5,1
"E00001182",16,6,10
"E00001183",15,10,5
"E00001184",3,0,3
"E00001185",6,0,6
"E00001186",10,5,5
"E00001187",7,4,3
"E00001188",8,3,5
"E00001189",4,2,2
"E00001191",4,2,2
"E00001192",0,0,0
"E00001193",10,7,3
"E00001194",0,0,0
"E00001195",5,3,2
"E00001196",3,3,0
"E00001197",0,0,0
"E00001198",0,0,0
"E00001199",6,2,4
"E00001200",10,6,4
"E00001201",5,5,0
"E00001202",7,3,4
"E00001203",1,1,0
"E00001204",5,1,4
"E00001205",7,3,4
"E00001206",3,1,2
"E00001207",5,2,3
"E00001208",13,8,5
"E00001209",5,3,2
"E00001210",7,2,5
"E00001211",6,1,5
"E00001212",4,1,3
"E00001213",10,6,4
"E00001214",1,1,0
"E00001215",14,4,10
"E00001216",9,5,4
"E00001217",2,2,0
"E00001218",7,1,6
"E00001219",8,3,5
"E00001220",6,2,4
"E00001221",11,4,7
"E00001222",3,2,1
"E00001223",5,2,3
"E00001224",4,3,1
"E00001225",8,5,3
"E00001226",4,2,2
"E00001227",4,1,3
"E00001228",4,4,0
"E00001229",8,7,1
"E00001230",7,4,3
"E00001231",0,0,0
"E00001232",0,0,0
"E00001233",7,3,4
"E00001234",7,4,3
"E00001235",4,1,3
"E00001236",9,2,7
"E00001237",17,9,8
"E00001238",10,5,5
"E00001239",9,5,4
"E00001240",3,2,1
"E00001241",5,2,3
"E00001242",8,2,6
"E00001243",6,2,4
"E00001244",5,2,3
"E00001245",1,1,0
"E00001246",3,2,1
"E00001247",6,1,5
"E00001248",7,2,5
"E00001249",6,4,2
"E00001250",1,1,0
"E00001251",1,1,0
"E00001252",3,1,2
"E00001253",16,8,8
"E00001254",19,9,10
"E00001255",14,4,10
"E00001256",5,3,2
"E00001257",20,14,6
"E00001258",1,0,1
"E00001259",6,4,2
"E00001260",6,4,2
"E00001261",10,8,2
"E00001262",13,11,2
"E00001263",22,9,13
"E00001265",5,1,4
"E00001266",3,2,1
"E00001267",2,0,2
"E00001268",10,6,4
"E00001269",8,5,3
"E00001270",3,2,1
"E00001271",10,3,7
"E00001272",8,3,5
"E00001273",9,5,4
"E00001274",8,6,2
"E00001275",7,3,4
"E00001276",2,0,2
"E00001277",5,0,5
"E00001278",1,1,0
"E00001279",2,0,2
"E00001280",2,1,1
"E00001281",3,2,1
"E00001282",7,4,3
"E00001283",4,2,2
"E00001284",5,3,2
"E00001285",10,4,6
"E00001286",2,2,0
"E00001288",6,1,5
"E00001289",7,3,4
"E00001290",6,4,2
"E00001291",8,6,2
"E00001292",2,1,1
"E00001293",12,4,8
"E00001294",4,2,2
"E00001295",22,17,5
"E00001296",13,8,5
"E00001297",14,7,7
"E00001298",21,9,12
"E00001299",8,2,6
"E00001300",13,6,7
"E00001301",11,8,3
"E00001302",4,2,2
"E00001303",6,3,3
"E00001304",5,1,4
"E00001305",10,3,7
"E00001306",7,2,5
"E00001307",12,9,3
"E00001308",10,5,5
"E00001309",3,2,1
"E00001310",0,0,0
"E00001311",13,8,5
"E00001312",14,7,7
"E00001313",7,2,5
"E00001314",11,3,8
"E00001315",3,1,2
"E00001316",2,2,0
"E00001317",7,4,3
"E00001318",0,0,0
"E00001319",8,5,3
"E00001320",8,3,5
"E00001321",9,3,6
"E00001322",1,0,1
"E00001323",13,5,8
"E00001324",5,2,3
"E00001325",2,1,1
"E00001326",12,7,5
"E00001327",3,3,0
"E00001328",6,4,2
"E00001329",2,2,0
"E00001330",5,2,3
"E00001331",0,0,0
"E00001332",7,7,0
"E00001333",5,2,3
"E00001334",0,0,0
"E00001335",3,2,1
"E00001336",15,6,9
"E00001337",16,8,8
"E00001338",5,2,3
"E00001339",3,0,3
"E00001340",5,2,3
"E00001341",4,1,3
"E00001342",3,1,2
"E00001343",8,5,3
"E00001344",8,3,5
"E00001345",16,7,9
"E00001346",1,1,0
"E00001347",5,1,4
"E00001348",6,3,3
"E00001349",8,4,4
"E00001350",4,3,1
"E00001351",0,0,0
"E00001352",3,1,2
"E00001353",11,6,5
"E00001354",2,1,1
"E00001355",13,2,11
"E00001356",2,1,1
"E00001357",2,1,1
"E00001358",3,3,0
"E00001359",0,0,0
"E00001360",10,2,8
"E00001361",1,1,0
"E00001362",3,1,2
"E00001363",6,5,1
"E00001364",10,4,6
"E00001365",5,4,1
"E00001366",2,0,2
"E00001367",14,6,8
"E00001368",15,5,10
"E00001369",12,6,6
"E00001370",17,9,8
"E00001371",5,2,3
"E00001372",23,11,12
"E00001373",7,5,2
"E00001374",17,7,10
"E00001375",13,9,4
"E00001376",9,4,5
"E00001377",0,0,0
"E00001378",3,0,3
"E00001379",4,2,2
"E00001380",9,6,3
"E00001381",11,5,6
"E00001382",12,8,4
"E00001383",9,2,7
"E00001384",0,0,0
"E00001385",8,2,6
"E00001386",17,12,5
"E00001387",0,0,0
"E00001388",1,0,1
"E00001389",10,2,8
"E00001390",0,0,0
"E00001391",9,5,4
"E00001392",8,7,1
"E00001393",4,3,1
"E00001394",13,4,9
"E00001395",12,3,9
"E00001396",1,1,0
"E00001397",6,3,3
"E00001398",7,4,3
"E00001399",0,0,0
"E00001400",7,3,4
"E00001401",3,1,2
"E00001402",10,5,5
"E00001403",4,2,2
"E00001404",3,1,2
"E00001405",6,3,3
"E00001406",3,2,1
"E00001407",1,1,0
"E00001408",8,6,2
"E00001409",2,1,1
"E00001410",6,4,2
"E00001411",2,1,1
"E00001412",0,0,0
"E00001413",4,3,1
"E00001414",4,2,2
"E00001415",2,0,2
"E00001416",2,2,0
"E00001417",4,3,1
"E00001418",8,5,3
"E00001419",3,1,2
"E00001420",5,3,2
"E00001421",6,3,3
"E00001422",2,2,0
"E00001423",23,14,9
"E00001424",16,7,9
"E00001425",7,3,4
"E00001426",3,1,2
"E00001427",7,2,5
"E00001428",4,0,4
"E00001429",9,0,9
"E00001430",0,0,0
"E00001431",3,2,1
"E00001432",15,6,9
"E00001433",6,4,2
"E00001434",12,5,7
"E00001435",7,4,3
"E00001436",0,0,0
"E00001437",4,2,2
"E00001438",3,1,2
"E00001439",7,4,3
"E00001440",1,0,1
"E00001441",1,0,1
"E00001442",4,2,2
"E00001443",1,0,1
"E00001444",4,3,1
"E00001445",5,3,2
"E00001446",2,1,1
"E00001447",5,4,1
"E00001448",2,0,2
"E00001449",8,4,4
"E00001450",8,5,3
"E00001451",6,4,2
"E00001452",4,2,2
"E00001453",5,3,2
"E00001454",2,1,1
"E00001455",3,2,1
"E00001456",0,0,0
"E00001457",6,3,3
"E00001458",5,3,2
"E00001459",3,2,1
"E00001460",4,3,1
"E00001461",6,3,3
"E00001462",5,2,3
"E00001463",3,2,1
"E00001464",3,1,2
"E00001465",7,4,3
"E00001466",6,4,2
"E00001467",5,2,3
"E00001468",0,0,0
"E00001469",0,0,0
"E00001470",0,0,0
"E00001471",6,2,4
"E00001472",11,5,6
"E00001474",8,4,4
"E00001475",5,3,2
"E00001476",9,6,3
"E00001477",3,2,1
"E00001478",1,1,0
"E00001479",4,3,1
"E00001480",0,0,0
"E00001481",6,4,2
"E00001482",2,1,1
"E00001483",9,3,6
"E00001484",0,0,0
"E00001485",2,1,1
"E00001486",8,3,5
"E00001487",5,4,1
"E00001488",5,3,2
"E00001489",2,1,1
"E00001490",9,4,5
"E00001491",2,0,2
"E00001492",2,2,0
"E00001493",6,2,4
"E00001494",3,1,2
"E00001495",8,4,4
"E00001496",4,2,2
"E00001497",1,0,1
"E00001498",1,0,1
"E00001499",6,4,2
"E00001500",2,1,1
"E00001501",8,4,4
"E00001502",4,1,3
"E00001503",1,0,1
"E00001504",5,0,5
"E00001505",5,4,1
"E00001506",6,1,5
"E00001507",6,2,4
"E00001508",3,3,0
"E00001509",0,0,0
"E00001510",1,1,0
"E00001511",0,0,0
"E00001512",2,2,0
"E00001513",0,0,0
"E00001514",5,2,3
"E00001515",3,1,2
"E00001516",1,1,0
"E00001517",1,1,0
"E00001518",8,4,4
"E00001519",2,1,1
"E00001520",3,3,0
"E00001521",1,1,0
"E00001522",6,1,5
"E00001523",8,2,6
"E00001524",10,3,7
"E00001525",6,5,1
"E00001526",7,7,0
"E00001527",9,6,3
"E00001528",0,0,0
"E00001529",0,0,0
"E00001530",1,0,1
"E00001531",8,4,4
"E00001532",8,5,3
"E00001533",5,2,3
"E00001534",9,5,4
"E00001535",3,0,3
"E00001536",0,0,0
"E00001537",5,1,4
"E00001538",4,3,1
"E00001539",7,3,4
"E00001540",9,5,4
"E00001541",8,2,6
"E00001542",6,4,2
"E00001543",6,2,4
"E00001544",0,0,0
"E00001545",13,6,7
"E00001546",8,2,6
"E00001547",1,0,1
"E00001548",4,4,0
"E00001549",4,1,3
"E00001550",6,4,2
"E00001551",12,9,3
"E00001552",5,0,5
"E00001553",5,3,2
"E00001554",9,3,6
"E00001555",6,4,2
"E00001556",6,2,4
"E00001557",6,4,2
"E00001558",5,1,4
"E00001559",3,3,0
"E00001560",6,3,3
"E00001561",2,1,1
"E00001562",1,0,1
"E00001563",6,4,2
"E00001564",8,4,4
"E00001565",7,3,4
"E00001566",7,3,4
"E00001567",9,3,6
"E00001568",6,4,2
"E00001570",3,2,1
"E00001571",0,0,0
"E00001572",3,0,3
"E00001573",6,2,4
"E00001574",10,6,4
"E00001575",2,1,1
"E00001576",8,7,1
"E00001577",6,2,4
"E00001578",11,4,7
"E00001579",7,4,3
"E00001580",8,6,2
"E00001581",1,0,1
"E00001582",4,2,2
"E00001583",0,0,0
"E00001584",1,0,1
"E00001585",5,1,4
"E00001586",2,2,0
"E00001587",2,2,0
"E00001588",5,3,2
"E00001589",7,2,5
"E00001590",1,0,1
"E00001591",2,2,0
"E00001592",6,2,4
"E00001593",1,0,1
"E00001594",4,3,1
"E00001595",1,0,1
"E00001596",5,2,3
"E00001597",6,2,4
"E00001598",6,3,3
"E00001599",0,0,0
"E00001600",0,0,0
"E00001601",2,1,1
"E00001602",7,2,5
"E00001603",1,1,0
"E00001604",0,0,0
"E00001605",4,1,3
"E00001606",5,0,5
"E00001607",3,2,1
"E00001608",0,0,0
"E00001609",8,4,4
"E00001610",6,3,3
"E00001611",4,3,1
"E00001612",2,0,2
"E00001613",8,2,6
"E00001614",1,0,1
"E00001615",2,0,2
"E00001616",10,5,5
"E00001617",1,0,1
"E00001618",1,0,1
"E00001619",4,2,2
"E00001620",6,3,3
"E00001621",1,1,0
"E00001622",2,0,2
"E00001623",0,0,0
"E00001624",3,2,1
"E00001625",2,2,0
"E00001626",1,1,0
"E00001627",6,2,4
"E00001628",6,2,4
"E00001629",3,1,2
"E00001630",6,4,2
"E00001631",2,1,1
"E00001632",4,1,3
"E00001633",1,0,1
"E00001634",1,0,1
"E00001635",4,2,2
"E00001636",0,0,0
"E00001637",0,0,0
"E00001638",5,2,3
"E00001639",2,0,2
"E00001640",1,1,0
"E00001641",2,2,0
"E00001642",2,2,0
"E00001643",5,2,3
"E00001644",3,0,3
"E00001645",1,1,0
"E00001646",8,3,5
"E00001647",4,1,3
"E00001648",4,2,2
"E00001649",3,3,0
"E00001650",4,2,2
"E00001651",5,0,5
"E00001652",0,0,0
"E00001653",3,0,3
"E00001654",3,0,3
"E00001655",1,0,1
"E00001656",1,0,1
"E00001657",5,3,2
"E00001658",3,2,1
"E00001659",1,1,0
"E00001660",2,1,1
"E00001661",2,2,0
"E00001662",4,1,3
"E00001663",3,1,2
"E00001664",3,2,1
"E00001665",3,1,2
"E00001666",0,0,0
"E00001667",0,0,0
"E00001668",4,3,1
"E00001669",4,2,2
"E00001670",0,0,0
"E00001671",2,1,1
"E00001672",1,0,1
"E00001673",4,3,1
"E00001674",1,1,0
"E00001675",2,1,1
"E00001676",6,2,4
"E00001677",1,1,0
"E00001678",12,10,2
"E00001679",4,2,2
"E00001680",3,2,1
"E00001681",6,5,1
"E00001682",5,2,3
"E00001683",1,0,1
"E00001684",1,1,0
"E00001685",2,1,1
"E00001686",2,1,1
"E00001687",3,1,2
"E00001688",0,0,0
"E00001689",2,1,1
"E00001690",5,2,3
"E00001691",4,3,1
"E00001692",5,1,4
"E00001693",2,2,0
"E00001694",0,0,0
"E00001695",4,2,2
"E00001696",0,0,0
"E00001697",2,1,1
"E00001698",1,1,0
"E00001699",3,1,2
"E00001700",8,3,5
"E00001701",4,3,1
"E00001702",2,2,0
"E00001703",8,4,4
"E00001704",5,2,3
"E00001705",2,2,0
"E00001706",4,4,0
"E00001707",2,2,0
"E00001708",5,3,2
"E00001709",2,1,1
"E00001710",0,0,0
"E00001711",6,3,3
"E00001712",4,2,2
"E00001713",5,1,4
"E00001714",1,1,0
"E00001715",9,6,3
"E00001716",6,0,6
"E00001717",2,2,0
"E00001718",4,3,1
"E00001719",3,2,1
"E00001720",3,2,1
"E00001721",2,0,2
"E00001722",0,0,0
"E00001723",3,1,2
"E00001724",3,1,2
"E00001725",8,2,6
"E00001726",2,0,2
"E00001727",2,1,1
"E00001728",0,0,0
"E00001729",2,1,1
"E00001730",11,5,6
"E00001731",5,5,0
"E00001732",5,2,3
"E00001733",4,2,2
"E00001734",6,3,3
"E00001735",6,4,2
"E00001736",6,3,3
"E00001737",1,1,0
"E00001738",1,1,0
"E00001739",9,6,3
"E00001740",3,2,1
"E00001741",9,4,5
"E00001742",8,4,4
"E00001743",5,3,2
"E00001744",5,3,2
"E00001745",5,0,5
"E00001746",5,2,3
"E00001747",5,4,1
"E00001748",11,5,6
"E00001749",2,0,2
"E00001750",2,0,2
"E00001751",2,0,2
"E00001752",4,2,2
"E00001753",3,1,2
"E00001754",6,1,5
"E00001755",2,0,2
"E00001756",7,4,3
"E00001757",1,1,0
"E00001758",8,6,2
"E00001759",2,1,1
"E00001760",1,0,1
"E00001761",7,4,3
"E00001762",4,2,2
"E00001763",2,0,2
"E00001764",9,5,4
"E00001765",6,3,3
"E00001766",4,1,3
"E00001767",4,1,3
"E00001768",0,0,0
"E00001769",3,1,2
"E00001770",5,2,3
"E00001771",0,0,0
"E00001772",5,3,2
"E00001773",1,0,1
"E00001774",3,3,0
"E00001775",1,1,0
"E00001776",2,2,0
"E00001777",8,4,4
"E00001778",7,1,6
"E00001779",8,0,8
"E00001780",4,1,3
"E00001781",2,0,2
"E00001782",1,1,0
"E00001783",7,5,2
"E00001784",4,3,1
"E00001785",6,2,4
"E00001786",4,2,2
"E00001787",5,3,2
"E00001788",8,4,4
"E00001789",5,2,3
"E00001790",8,4,4
"E00001791",2,1,1
"E00001792",8,2,6
"E00001793",8,2,6
"E00001794",0,0,0
"E00001795",2,2,0
"E00001796",6,4,2
"E00001797",1,1,0
"E00001798",5,2,3
"E00001799",0,0,0
"E00001800",3,2,1
"E00001801",2,0,2
"E00001802",4,1,3
"E00001803",3,2,1
"E00001804",0,0,0
"E00001805",3,1,2
"E00001806",3,1,2
"E00001807",7,1,6
"E00001808",3,1,2
"E00001809",0,0,0
"E00001810",3,2,1
"E00001811",5,4,1
"E00001812",3,2,1
"E00001813",4,2,2
"E00001814",1,1,0
"E00001815",6,4,2
"E00001816",0,0,0
"E00001817",2,2,0
"E00001818",1,0,1
"E00001819",0,0,0
"E00001820",5,4,1
"E00001821",0,0,0
"E00001822",3,0,3
"E00001823",1,1,0
"E00001824",1,1,0
"E00001825",2,1,1
"E00001826",9,5,4
"E00001827",1,1,0
"E00001828",7,4,3
"E00001829",5,4,1
"E00001830",1,1,0
"E00001831",1,0,1
"E00001832",5,0,5
"E00001833",1,1,0
"E00001834",8,4,4
"E00001835",6,5,1
"E00001836",0,0,0
"E00001837",3,1,2
"E00001838",2,0,2
"E00001839",0,0,0
"E00001840",2,0,2
"E00001841",3,1,2
"E00001842",1,0,1
"E00001843",5,0,5
"E00001844",3,1,2
"E00001845",0,0,0
"E00001846",2,2,0
"E00001847",0,0,0
"E00001848",4,1,3
"E00001849",1,1,0
"E00001851",7,3,4
"E00001852",1,1,0
"E00001853",1,0,1
"E00001854",4,2,2
"E00001855",0,0,0
"E00001856",0,0,0
"E00001857",0,0,0
"E00001858",0,0,0
"E00001859",4,1,3
"E00001860",1,1,0
"E00001861",0,0,0
"E00001862",6,3,3
"E00001863",0,0,0
"E00001864",0,0,0
"E00001865",1,1,0
"E00001866",6,3,3
"E00001867",4,2,2
"E00001868",2,1,1
"E00001869",4,0,4
"E00001870",2,0,2
"E00001871",3,1,2
"E00001872",4,2,2
"E00001873",3,3,0
"E00001874",2,1,1
"E00001875",0,0,0
"E00001876",0,0,0
"E00001877",3,2,1
"E00001878",2,1,1
"E00001879",5,2,3
"E00001880",6,2,4
"E00001881",1,0,1
"E00001882",1,0,1
"E00001883",5,5,0
"E00001884",6,4,2
"E00001885",3,1,2
"E00001886",4,2,2
"E00001887",0,0,0
"E00001888",4,2,2
"E00001889",4,1,3
"E00001890",6,3,3
"E00001891",4,1,3
"E00001892",4,4,0
"E00001893",2,1,1
"E00001894",0,0,0
"E00001895",1,0,1
"E00001896",0,0,0
"E00001897",0,0,0
"E00001898",0,0,0
"E00001899",1,0,1
"E00001900",4,3,1
"E00001901",5,3,2
"E00001902",1,0,1
"E00001903",9,3,6
"E00001904",1,1,0
"E00001905",0,0,0
"E00001906",3,2,1
"E00001907",1,0,1
"E00001908",6,1,5
"E00001909",2,2,0
"E00001910",3,1,2
"E00001911",9,7,2
"E00001912",13,5,8
"E00001913",2,1,1
"E00001914",2,1,1
"E00001915",3,2,1
"E00001916",1,0,1
"E00001917",1,1,0
"E00001918",10,8,2
"E00001919",10,5,5
"E00001920",1,1,0
"E00001921",3,3,0
"E00001922",3,2,1
"E00001923",5,4,1
"E00001924",0,0,0
"E00001925",3,2,1
"E00001926",4,3,1
"E00001927",5,3,2
"E00001928",1,1,0
"E00001929",4,3,1
"E00001930",4,2,2
"E00001931",3,1,2
"E00001932",1,1,0
"E00001933",0,0,0
"E00001934",6,4,2
"E00001935",4,1,3
"E00001936",6,5,1
"E00001937",7,4,3
"E00001938",6,2,4
"E00001939",3,3,0
"E00001940",2,2,0
"E00001941",3,3,0
"E00001943",2,2,0
"E00001944",2,0,2
"E00001945",1,1,0
"E00001946",1,1,0
"E00001947",3,3,0
"E00001948",1,1,0
"E00001949",1,0,1
"E00001950",1,0,1
"E00001951",1,0,1
"E00001952",2,0,2
"E00001953",7,4,3
"E00001954",0,0,0
"E00001955",0,0,0
"E00001956",3,2,1
"E00001957",8,4,4
"E00001958",4,1,3
"E00001959",3,1,2
"E00001960",13,11,2
"E00001961",7,4,3
"E00001962",3,2,1
"E00001963",4,3,1
"E00001964",0,0,0
"E00001965",0,0,0
"E00001966",4,2,2
"E00001967",3,1,2
"E00001968",3,3,0
"E00001969",5,2,3
"E00001970",6,4,2
"E00001971",6,3,3
"E00001972",1,0,1
"E00001973",3,1,2
"E00001974",3,2,1
"E00001975",1,1,0
"E00001976",5,2,3
"E00001977",4,2,2
"E00001978",4,4,0
"E00001980",4,2,2
"E00001981",11,4,7
"E00001982",3,1,2
"E00001983",1,1,0
"E00001984",1,0,1
"E00001985",5,1,4
"E00001986",1,1,0
"E00001987",0,0,0
"E00001988",0,0,0
"E00001989",4,2,2
"E00001990",5,2,3
"E00001991",10,4,6
"E00001992",5,5,0
"E00001993",4,2,2
"E00001994",4,4,0
"E00001995",7,5,2
"E00001996",1,1,0
"E00001997",0,0,0
"E00001998",3,0,3
"E00002000",3,0,3
"E00002001",3,1,2
"E00002002",1,1,0
"E00002003",0,0,0
"E00002004",1,0,1
"E00002005",1,1,0
"E00002006",5,3,2
"E00002007",3,1,2
"E00002008",7,5,2
"E00002009",2,1,1
"E00002010",7,4,3
"E00002011",4,3,1
"E00002012",10,5,5
"E00002013",3,2,1
"E00002014",5,2,3
"E00002015",8,6,2
"E00002016",4,3,1
"E00002017",2,1,1
"E00002018",1,1,0
"E00002019",2,1,1
"E00002020",6,0,6
"E00002021",3,1,2
"E00002022",0,0,0
"E00002023",0,0,0
"E00002024",5,1,4
"E00002025",2,2,0
"E00002026",4,4,0
"E00002027",4,3,1
"E00002028",6,2,4
"E00002029",1,0,1
"E00002030",6,2,4
"E00002031",8,2,6
"E00002032",1,0,1
"E00002033",0,0,0
"E00002034",5,3,2
"E00002035",5,4,1
"E00002036",2,1,1
"E00002037",0,0,0
"E00002038",7,3,4
"E00002039",3,1,2
"E00002040",9,3,6
"E00002041",6,3,3
"E00002042",9,3,6
"E00002043",2,1,1
"E00002044",3,2,1
"E00002045",2,1,1
"E00002046",3,2,1
"E00002047",2,2,0
"E00002048",0,0,0
"E00002049",4,4,0
"E00002050",5,0,5
"E00002051",3,2,1
"E00002052",4,4,0
"E00002053",4,2,2
"E00002054",4,1,3
"E00002055",1,0,1
"E00002056",5,2,3
"E00002057",5,2,3
"E00002058",1,1,0
"E00002059",2,0,2
"E00002060",3,1,2
"E00002061",7,4,3
"E00002062",0,0,0
"E00002063",5,2,3
"E00002064",0,0,0
"E00002065",5,0,5
"E00002066",11,8,3
"E00002067",1,0,1
"E00002068",0,0,0
"E00002069",5,4,1
"E00002070",7,4,3
"E00002071",6,2,4
"E00002072",7,3,4
"E00002073",1,1,0
"E00002074",6,5,1
"E00002075",0,0,0
"E00002076",7,4,3
"E00002077",0,0,0
"E00002078",7,3,4
"E00002079",0,0,0
"E00002080",0,0,0
"E00002081",0,0,0
"E00002082",6,5,1
"E00002083",5,4,1
"E00002084",2,1,1
"E00002085",1,1,0
"E00002086",0,0,0
"E00002087",3,2,1
"E00002088",2,1,1
"E00002089",5,3,2
"E00002090",4,4,0
"E00002091",2,1,1
"E00002092",6,4,2
"E00002093",4,1,3
"E00002094",3,2,1
"E00002095",7,1,6
"E00002096",3,1,2
"E00002097",7,3,4
"E00002098",3,2,1
"E00002099",3,1,2
"E00002100",3,1,2
"E00002101",4,2,2
"E00002102",8,5,3
"E00002103",6,3,3
"E00002104",3,3,0
"E00002105",2,1,1
"E00002106",7,5,2
"E00002107",5,2,3
"E00002108",9,4,5
"E00002109",3,1,2
"E00002110",7,3,4
"E00002111",6,3,3
"E00002112",1,1,0
"E00002113",0,0,0
"E00002114",0,0,0
"E00002115",8,4,4
"E00002116",6,2,4
"E00002117",4,2,2
"E00002118",8,4,4
"E00002119",1,1,0
"E00002120",5,1,4
"E00002121",2,2,0
"E00002122",0,0,0
"E00002123",0,0,0
"E00002124",2,0,2
"E00002125",3,1,2
"E00002126",1,1,0
"E00002127",0,0,0
"E00002128",6,1,5
"E00002129",3,0,3
"E00002130",0,0,0
"E00002131",5,3,2
"E00002132",0,0,0
"E00002133",4,0,4
"E00002134",5,3,2
"E00002135",5,3,2
"E00002136",3,3,0
"E00002137",0,0,0
"E00002138",3,1,2
"E00002139",0,0,0
"E00002140",0,0,0
"E00002141",5,4,1
"E00002142",1,1,0
"E00002143",1,1,0
"E00002144",5,3,2
"E00002145",4,0,4
"E00002146",6,2,4
"E00002147",3,2,1
"E00002148",1,0,1
"E00002149",5,2,3
"E00002150",7,0,7
"E00002151",2,1,1
"E00002152",5,1,4
"E00002153",5,2,3
"E00002154",2,1,1
"E00002155",2,0,2
"E00002156",4,1,3
"E00002157",14,10,4
"E00002158",1,0,1
"E00002159",2,0,2
"E00002160",4,1,3
"E00002161",3,3,0
"E00002162",3,0,3
"E00002163",8,6,2
"E00002164",2,1,1
"E00002165",2,2,0
"E00002166",5,3,2
"E00002167",3,1,2
"E00002168",0,0,0
"E00002169",1,1,0
"E00002170",5,1,4
"E00002171",5,4,1
"E00002172",7,4,3
"E00002173",2,1,1
"E00002174",2,2,0
"E00002175",1,1,0
"E00002176",3,0,3
"E00002177",4,2,2
"E00002178",8,4,4
"E00002179",7,4,3
"E00002180",4,2,2
"E00002181",5,4,1
"E00002182",6,3,3
"E00002183",1,1,0
"E00002184",3,1,2
"E00002185",3,1,2
"E00002186",2,1,1
"E00002187",2,1,1
"E00002188",3,1,2
"E00002189",7,5,2
"E00002190",1,1,0
"E00002191",6,5,1
"E00002192",7,6,1
"E00002193",2,1,1
"E00002194",7,4,3
"E00002195",2,1,1
"E00002196",8,5,3
"E00002197",0,0,0
"E00002198",5,4,1
"E00002199",2,2,0
"E00002200",9,9,0
"E00002201",2,1,1
"E00002202",3,2,1
"E00002203",4,0,4
"E00002204",3,1,2
"E00002205",4,2,2
"E00002206",3,1,2
"E00002207",1,1,0
"E00002208",6,4,2
"E00002209",4,2,2
"E00002210",4,2,2
"E00002211",4,1,3
"E00002212",4,2,2
"E00002213",1,1,0
"E00002214",2,2,0
"E00002215",3,0,3
"E00002216",4,3,1
"E00002217",1,0,1
"E00002218",8,6,2
"E00002219",9,3,6
"E00002220",5,2,3
"E00002221",3,1,2
"E00002222",0,0,0
"E00002223",1,0,1
"E00002224",7,4,3
"E00002225",3,2,1
"E00002226",3,3,0
"E00002227",7,3,4
"E00002228",2,0,2
"E00002229",5,4,1
"E00002230",4,1,3
"E00002231",1,0,1
"E00002232",0,0,0
"E00002233",4,3,1
"E00002234",3,1,2
"E00002235",2,2,0
"E00002236",5,4,1
"E00002237",10,6,4
"E00002238",2,1,1
"E00002239",2,1,1
"E00002240",0,0,0
"E00002241",2,1,1
"E00002242",2,1,1
"E00002243",7,5,2
"E00002244",3,1,2
"E00002245",6,1,5
"E00002246",8,6,2
"E00002247",6,4,2
"E00002248",5,5,0
"E00002249",7,1,6
"E00002250",11,8,3
"E00002251",2,1,1
"E00002252",5,3,2
"E00002253",7,1,6
"E00002254",4,3,1
"E00002255",3,2,1
"E00002256",12,7,5
"E00002257",0,0,0
"E00002258",1,0,1
"E00002259",3,1,2
"E00002260",5,5,0
"E00002261",3,2,1
"E00002262",0,0,0
"E00002263",5,2,3
"E00002264",0,0,0
"E00002265",4,3,1
"E00002266",5,5,0
"E00002267",2,0,2
"E00002268",6,1,5
"E00002269",5,1,4
"E00002270",11,3,8
"E00002271",5,3,2
"E00002272",1,1,0
"E00002273",8,7,1
"E00002274",1,1,0
"E00002275",9,5,4
"E00002276",6,5,1
"E00002277",2,1,1
"E00002279",8,3,5
"E00002280",7,4,3
"E00002281",9,5,4
"E00002282",5,2,3
"E00002283",5,3,2
"E00002284",2,1,1
"E00002285",4,2,2
"E00002286",7,1,6
"E00002287",3,1,2
"E00002288",5,3,2
"E00002289",6,3,3
"E00002290",4,1,3
"E00002291",3,3,0
"E00002292",1,0,1
"E00002293",15,7,8
"E00002294",4,0,4
"E00002295",1,1,0
"E00002296",4,1,3
"E00002297",4,3,1
"E00002298",5,2,3
"E00002299",1,0,1
"E00002300",7,4,3
"E00002301",1,1,0
"E00002302",0,0,0
"E00002303",2,2,0
"E00002304",12,7,5
"E00002305",2,1,1
"E00002306",7,6,1
"E00002307",2,1,1
"E00002308",1,0,1
"E00002309",0,0,0
"E00002310",7,1,6
"E00002311",2,1,1
"E00002312",5,2,3
"E00002313",1,1,0
"E00002314",5,2,3
"E00002315",2,2,0
"E00002316",5,4,1
"E00002319",5,4,1
"E00002321",5,3,2
"E00002322",1,0,1
"E00002323",5,2,3
"E00002324",5,1,4
"E00002325",1,0,1
"E00002326",0,0,0
"E00002327",4,2,2
"E00002328",2,1,1
"E00002329",4,3,1
"E00002330",0,0,0
"E00002331",6,2,4
"E00002332",8,5,3
"E00002333",7,5,2
"E00002334",6,4,2
"E00002335",6,0,6
"E00002336",0,0,0
"E00002337",3,2,1
"E00002338",4,2,2
"E00002339",0,0,0
"E00002340",1,1,0
"E00002341",7,2,5
"E00002342",9,4,5
"E00002343",2,2,0
"E00002345",5,3,2
"E00002346",7,5,2
"E00002347",13,5,8
"E00002348",7,3,4
"E00002349",8,4,4
"E00002350",10,4,6
"E00002351",6,5,1
"E00002352",2,1,1
"E00002353",2,0,2
"E00002354",3,1,2
"E00002355",8,6,2
"E00002356",3,3,0
"E00002357",9,4,5
"E00002358",10,3,7
"E00002359",2,1,1
"E00002360",9,3,6
"E00002361",6,3,3
"E00002362",6,3,3
"E00002363",4,2,2
"E00002364",7,3,4
"E00002365",13,10,3
"E00002366",5,4,1
"E00002367",14,9,5
"E00002368",0,0,0
"E00002369",1,1,0
"E00002370",4,2,2
"E00002372",1,0,1
"E00002373",4,3,1
"E00002374",5,2,3
"E00002375",6,2,4
"E00002376",6,4,2
"E00002377",2,1,1
"E00002378",2,1,1
"E00002379",9,5,4
"E00002380",6,2,4
"E00002381",2,0,2
"E00002382",5,2,3
"E00002383",2,1,1
"E00002384",8,7,1
"E00002385",10,3,7
"E00002386",0,0,0
"E00002387",14,9,5
"E00002388",7,4,3
"E00002389",7,5,2
"E00002390",3,0,3
"E00002391",4,1,3
"E00002392",6,3,3
"E00002393",7,3,4
"E00002394",6,3,3
"E00002395",8,6,2
"E00002396",10,2,8
"E00002397",3,0,3
"E00002398",14,13,1
"E00002399",3,2,1
"E00002400",8,4,4
"E00002401",7,6,1
"E00002402",6,4,2
"E00002403",11,3,8
"E00002404",1,0,1
"E00002405",2,2,0
"E00002406",5,3,2
"E00002407",2,1,1
"E00002408",0,0,0
"E00002409",1,1,0
"E00002410",2,1,1
"E00002411",4,3,1
"E00002412",6,5,1
"E00002413",4,3,1
"E00002414",0,0,0
"E00002415",7,6,1
"E00002416",1,0,1
"E00002417",6,4,2
"E00002418",2,2,0
"E00002419",6,2,4
"E00002420",0,0,0
"E00002421",4,3,1
"E00002422",5,2,3
"E00002423",5,2,3
"E00002424",10,4,6
"E00002425",4,2,2
"E00002426",1,0,1
"E00002427",9,5,4
"E00002428",2,1,1
"E00002429",3,0,3
"E00002430",2,2,0
"E00002431",1,0,1
"E00002432",4,2,2
"E00002433",4,2,2
"E00002434",6,3,3
"E00002435",2,0,2
"E00002436",4,3,1
"E00002437",1,0,1
"E00002438",4,2,2
"E00002439",4,2,2
"E00002440",5,1,4
"E00002441",0,0,0
"E00002442",10,6,4
"E00002443",3,3,0
"E00002444",9,8,1
"E00002445",1,0,1
"E00002446",4,2,2
"E00002447",10,6,4
"E00002448",0,0,0
"E00002449",0,0,0
"E00002450",0,0,0
"E00002451",11,6,5
"E00002452",9,3,6
"E00002453",4,2,2
"E00002454",6,3,3
"E00002455",2,2,0
"E00002456",0,0,0
"E00002457",3,1,2
"E00002458",6,5,1
"E00002459",2,1,1
"E00002460",11,4,7
"E00002461",2,1,1
"E00002462",3,1,2
"E00002463",7,3,4
"E00002464",2,2,0
"E00002465",3,1,2
"E00002466",5,3,2
"E00002467",8,1,7
"E00002468",0,0,0
"E00002469",7,2,5
"E00002470",0,0,0
"E00002471",1,0,1
"E00002472",5,3,2
"E00002473",4,2,2
"E00002474",2,1,1
"E00002475",2,1,1
"E00002476",2,1,1
"E00002477",4,3,1
"E00002478",3,2,1
"E00002479",7,6,1
"E00002480",7,4,3
"E00002481",0,0,0
"E00002482",4,1,3
"E00002483",1,1,0
"E00002484",2,0,2
"E00002485",5,0,5
"E00002486",6,3,3
"E00002487",10,2,8
"E00002488",0,0,0
"E00002489",2,1,1
"E00002490",2,0,2
"E00002491",0,0,0
"E00002492",0,0,0
"E00002493",5,3,2
"E00002494",5,3,2
"E00002495",4,2,2
"E00002496",5,2,3
"E00002497",5,2,3
"E00002498",2,0,2
"E00002499",3,1,2
"E00002500",6,4,2
"E00002501",5,2,3
"E00002502",3,1,2
"E00002503",3,1,2
"E00002504",3,1,2
"E00002505",5,2,3
"E00002506",0,0,0
"E00002507",7,5,2
"E00002508",7,6,1
"E00002509",9,5,4
"E00002510",2,1,1
"E00002511",1,1,0
"E00002512",0,0,0
"E00002513",5,1,4
"E00002514",1,1,0
"E00002515",3,2,1
"E00002516",10,8,2
"E00002517",6,3,3
"E00002518",6,3,3
"E00002519",13,8,5
"E00002520",4,3,1
"E00002521",5,1,4
"E00002522",8,4,4
"E00002523",4,1,3
"E00002524",3,1,2
"E00002525",8,4,4
"E00002526",2,2,0
"E00002527",0,0,0
"E00002528",0,0,0
"E00002529",8,4,4
"E00002530",9,5,4
"E00002531",2,2,0
"E00002532",9,3,6
"E00002533",1,0,1
"E00002534",0,0,0
"E00002535",4,3,1
"E00002536",0,0,0
"E00002537",4,3,1
"E00002538",1,0,1
"E00002539",3,2,1
"E00002540",0,0,0
"E00002541",7,4,3
"E00002542",6,1,5
"E00002544",2,2,0
"E00002545",1,0,1
"E00002546",4,2,2
"E00002547",0,0,0
"E00002548",4,2,2
"E00002549",5,4,1
"E00002550",0,0,0
"E00002552",2,0,2
"E00002553",5,3,2
"E00002554",3,1,2
"E00002555",3,2,1
"E00002556",0,0,0
"E00002558",4,2,2
"E00002559",4,3,1
"E00002560",4,3,1
"E00002561",7,1,6
"E00002562",3,0,3
"E00002563",0,0,0
"E00002564",3,2,1
"E00002565",4,3,1
"E00002566",3,1,2
"E00002567",3,2,1
"E00002568",3,2,1
"E00002569",6,3,3
"E00002570",1,1,0
"E00002571",0,0,0
"E00002572",2,1,1
"E00002573",7,5,2
"E00002575",4,1,3
"E00002576",1,1,0
"E00002577",2,0,2
"E00002578",8,4,4
"E00002579",6,2,4
"E00002580",7,1,6
"E00002581",4,2,2
"E00002582",4,3,1
"E00002583",8,3,5
"E00002584",1,0,1
"E00002585",5,2,3
"E00002586",6,4,2
"E00002587",7,4,3
"E00002588",7,5,2
"E00002589",0,0,0
"E00002591",4,2,2
"E00002592",5,4,1
"E00002593",4,1,3
"E00002594",2,0,2
"E00002595",8,3,5
"E00002596",0,0,0
"E00002597",1,1,0
"E00002598",7,3,4
"E00002599",6,3,3
"E00002600",0,0,0
"E00002601",0,0,0
"E00002602",9,3,6
"E00002603",1,1,0
"E00002604",6,3,3
"E00002605",1,1,0
"E00002606",5,2,3
"E00002607",0,0,0
"E00002608",7,0,7
"E00002609",11,7,4
"E00002610",3,1,2
"E00002611",18,8,10
"E00002612",9,4,5
"E00002613",11,7,4
"E00002614",7,5,2
"E00002615",8,4,4
"E00002616",7,4,3
"E00002617",0,0,0
"E00002618",1,0,1
"E00002619",10,8,2
"E00002620",11,5,6
"E00002621",7,2,5
"E00002622",8,2,6
"E00002623",8,5,3
"E00002624",8,5,3
"E00002625",5,4,1
"E00002626",5,4,1
"E00002627",3,1,2
"E00002628",4,0,4
"E00002629",12,7,5
"E00002630",5,2,3
"E00002631",10,4,6
"E00002632",12,5,7
"E00002633",8,5,3
"E00002634",0,0,0
"E00002635",5,4,1
"E00002636",3,1,2
"E00002637",4,2,2
"E00002638",9,6,3
"E00002639",6,2,4
"E00002640",2,1,1
"E00002641",5,3,2
"E00002642",0,0,0
"E00002643",1,0,1
"E00002644",2,2,0
"E00002645",3,3,0
"E00002646",2,0,2
"E00002647",0,0,0
"E00002648",0,0,0
"E00002649",4,2,2
"E00002650",4,3,1
"E00002651",1,0,1
"E00002652",0,0,0
"E00002653",0,0,0
"E00002654",3,1,2
"E00002655",0,0,0
"E00002657",0,0,0
"E00002658",1,1,0
"E00002659",3,1,2
"E00002660",1,0,1
"E00002661",2,0,2
"E00002662",0,0,0
"E00002663",1,1,0
"E00002664",7,1,6
"E00002665",4,1,3
"E00002666",4,1,3
"E00002667",3,0,3
"E00002668",3,1,2
"E00002669",4,3,1
"E00002670",4,1,3
"E00002671",2,1,1
"E00002672",0,0,0
"E00002673",3,0,3
"E00002674",4,2,2
"E00002675",1,0,1
"E00002676",0,0,0
"E00002677",10,5,5
"E00002678",2,1,1
"E00002679",0,0,0
"E00002680",0,0,0
"E00002681",5,1,4
"E00002682",0,0,0
"E00002683",1,1,0
"E00002684",4,3,1
"E00002685",4,2,2
"E00002686",2,1,1
"E00002687",6,5,1
"E00002688",8,2,6
"E00002689",0,0,0
"E00002690",1,0,1
"E00002691",1,1,0
"E00002692",10,6,4
"E00002693",0,0,0
"E00002694",4,1,3
"E00002695",6,1,5
"E00002696",2,1,1
"E00002697",3,1,2
"E00002698",3,3,0
"E00002699",5,3,2
"E00002700",0,0,0
"E00002701",4,2,2
"E00002702",2,1,1
"E00002703",2,0,2
"E00002704",1,1,0
"E00002705",2,1,1
"E00002706",0,0,0
"E00002707",1,0,1
"E00002708",2,1,1
"E00002709",4,2,2
"E00002710",3,2,1
"E00002711",0,0,0
"E00002712",1,1,0
"E00002713",3,0,3
"E00002714",7,5,2
"E00002715",5,4,1
"E00002716",0,0,0
"E00002717",3,2,1
"E00002718",2,1,1
"E00002719",3,1,2
"E00002720",6,3,3
"E00002721",0,0,0
"E00002722",2,1,1
"E00002723",3,3,0
"E00002724",3,1,2
"E00002725",8,4,4
"E00002726",3,3,0
"E00002727",0,0,0
"E00002728",0,0,0
"E00002729",5,2,3
"E00002730",0,0,0
"E00002731",0,0,0
"E00002732",1,1,0
"E00002733",3,1,2
"E00002734",2,2,0
"E00002735",2,1,1
"E00002736",0,0,0
"E00002737",0,0,0
"E00002738",0,0,0
"E00002739",2,1,1
"E00002740",14,5,9
"E00002741",4,3,1
"E00002742",7,3,4
"E00002743",1,0,1
"E00002744",9,6,3
"E00002745",6,3,3
"E00002746",2,1,1
"E00002748",6,3,3
"E00002750",9,4,5
"E00002751",10,4,6
"E00002752",9,6,3
"E00002753",18,12,6
"E00002754",7,2,5
"E00002755",8,7,1
"E00002756",14,9,5
"E00002757",10,5,5
"E00002758",7,2,5
"E00002759",10,4,6
"E00002760",17,11,6
"E00002761",4,2,2
"E00002762",7,2,5
"E00002763",2,0,2
"E00002764",7,3,4
"E00002765",6,1,5
"E00002766",4,2,2
"E00002767",6,3,3
"E00002768",4,1,3
"E00002769",3,0,3
"E00002770",4,1,3
"E00002771",4,4,0
"E00002772",0,0,0
"E00002773",4,1,3
"E00002774",7,3,4
"E00002775",8,4,4
"E00002776",0,0,0
"E00002777",0,0,0
"E00002778",7,3,4
"E00002779",0,0,0
"E00002780",4,4,0
"E00002781",8,4,4
"E00002783",10,5,5
"E00002784",0,0,0
"E00002785",5,2,3
"E00002786",5,4,1
"E00002787",5,2,3
"E00002788",4,2,2
"E00002789",5,2,3
"E00002790",7,3,4
"E00002791",9,4,5
"E00002792",5,3,2
"E00002793",8,3,5
"E00002794",7,2,5
"E00002795",4,1,3
"E00002796",7,2,5
"E00002797",1,0,1
"E00002798",7,3,4
"E00002799",5,2,3
"E00002800",7,4,3
"E00002801",4,2,2
"E00002802",3,3,0
"E00002803",6,4,2
"E00002804",5,2,3
"E00002805",5,3,2
"E00002806",5,2,3
"E00002807",3,2,1
"E00002808",0,0,0
"E00002809",0,0,0
"E00002810",1,1,0
"E00002811",1,1,0
"E00002812",2,0,2
"E00002813",2,2,0
"E00002814",0,0,0
"E00002815",2,0,2
"E00002816",0,0,0
"E00002817",3,3,0
"E00002818",3,0,3
"E00002819",0,0,0
"E00002820",9,5,4
"E00002821",5,1,4
"E00002822",8,5,3
"E00002823",1,1,0
"E00002824",2,2,0
"E00002825",4,1,3
"E00002826",14,5,9
"E00002827",0,0,0
"E00002828",3,1,2
"E00002829",3,1,2
"E00002830",6,3,3
"E00002831",0,0,0
"E00002832",2,1,1
"E00002833",7,3,4
"E00002834",8,3,5
"E00002835",5,3,2
"E00002836",5,3,2
"E00002837",5,4,1
"E00002838",11,5,6
"E00002839",5,3,2
"E00002840",5,2,3
"E00002841",3,1,2
"E00002842",5,4,1
"E00002843",6,1,5
"E00002844",5,4,1
"E00002845",0,0,0
"E00002846",9,7,2
"E00002847",4,2,2
"E00002848",3,0,3
"E00002849",4,3,1
"E00002850",1,0,1
"E00002851",5,3,2
"E00002852",6,2,4
"E00002854",4,1,3
"E00002855",12,7,5
"E00002856",4,2,2
"E00002857",6,4,2
"E00002858",3,1,2
"E00002859",7,6,1
"E00002861",0,0,0
"E00002862",2,1,1
"E00002863",4,1,3
"E00002864",6,3,3
"E00002865",1,1,0
"E00002866",12,2,10
"E00002867",2,1,1
"E00002868",4,3,1
"E00002869",9,4,5
"E00002870",6,4,2
"E00002871",4,2,2
"E00002872",4,1,3
"E00002873",5,2,3
"E00002874",15,7,8
"E00002875",2,2,0
"E00002876",8,7,1
"E00002877",0,0,0
"E00002878",1,1,0
"E00002880",8,4,4
"E00002881",5,2,3
"E00002882",5,3,2
"E00002883",3,3,0
"E00002886",2,2,0
"E00002887",2,0,2
"E00002888",0,0,0
"E00002891",0,0,0
"E00002892",12,6,6
"E00002893",7,4,3
"E00002894",1,0,1
"E00002897",11,2,9
"E00002898",8,5,3
"E00002899",4,2,2
"E00002900",2,2,0
"E00002901",7,3,4
"E00002902",1,0,1
"E00002903",4,4,0
"E00002904",1,1,0
"E00002905",4,2,2
"E00002906",1,0,1
"E00002907",5,3,2
"E00002908",5,2,3
"E00002909",3,1,2
"E00002910",3,0,3
"E00002911",0,0,0
"E00002912",2,2,0
"E00002913",4,4,0
"E00002914",4,1,3
"E00002915",6,3,3
"E00002916",2,1,1
"E00002917",1,1,0
"E00002918",2,2,0
"E00002919",2,2,0
"E00002920",3,2,1
"E00002921",5,1,4
"E00002922",0,0,0
"E00002923",0,0,0
"E00002924",7,4,3
"E00002925",9,3,6
"E00002926",3,2,1
"E00002928",5,3,2
"E00002929",4,2,2
"E00002930",8,6,2
"E00002931",6,2,4
"E00002932",10,7,3
"E00002933",10,6,4
"E00002934",5,4,1
"E00002935",1,0,1
"E00002936",4,4,0
"E00002937",2,1,1
"E00002938",2,1,1
"E00002939",3,1,2
"E00002940",5,1,4
"E00002941",2,1,1
"E00002942",5,2,3
"E00002943",4,2,2
"E00002944",1,0,1
"E00002945",1,1,0
"E00002946",4,0,4
"E00002947",5,1,4
"E00002948",4,4,0
"E00002949",1,0,1
"E00002950",1,0,1
"E00002951",1,0,1
"E00002953",0,0,0
"E00002954",0,0,0
"E00002955",5,4,1
"E00002956",3,1,2
"E00002957",2,0,2
"E00002958",4,3,1
"E00002959",5,2,3
"E00002960",1,1,0
"E00002961",4,2,2
"E00002962",4,1,3
"E00002963",6,2,4
"E00002964",6,3,3
"E00002965",3,1,2
"E00002966",8,3,5
"E00002967",0,0,0
"E00002968",4,3,1
"E00002969",3,2,1
"E00002970",3,2,1
"E00002971",2,1,1
"E00002972",0,0,0
"E00002973",3,2,1
"E00002974",7,2,5
"E00002975",1,1,0
"E00002976",4,2,2
"E00002977",6,2,4
"E00002979",1,1,0
"E00002980",3,2,1
"E00002981",3,1,2
"E00002982",3,1,2
"E00002983",7,3,4
"E00002984",2,1,1
"E00002985",2,0,2
"E00002986",2,1,1
"E00002987",6,2,4
"E00002988",8,6,2
"E00002989",6,5,1
"E00002990",7,3,4
"E00002991",5,3,2
"E00002992",0,0,0
"E00002993",8,5,3
"E00002994",4,1,3
"E00002995",1,1,0
"E00002996",3,0,3
"E00002997",6,4,2
"E00002998",1,0,1
"E00002999",0,0,0
"E00003000",5,2,3
"E00003001",1,1,0
"E00003002",0,0,0
"E00003003",8,4,4
"E00003004",0,0,0
"E00003005",6,3,3
"E00003006",4,2,2
"E00003007",9,6,3
"E00003008",9,4,5
"E00003009",6,3,3
"E00003010",1,0,1
"E00003011",3,0,3
"E00003012",2,2,0
"E00003013",7,6,1
"E00003014",4,3,1
"E00003015",0,0,0
"E00003016",0,0,0
"E00003017",0,0,0
"E00003018",3,1,2
"E00003019",0,0,0
"E00003020",0,0,0
"E00003021",0,0,0
"E00003022",0,0,0
"E00003023",7,3,4
"E00003024",3,2,1
"E00003025",3,2,1
"E00003026",2,1,1
"E00003027",0,0,0
"E00003028",3,2,1
"E00003029",0,0,0
"E00003030",3,3,0
"E00003031",6,2,4
"E00003032",8,4,4
"E00003033",5,2,3
"E00003034",2,0,2
"E00003035",8,6,2
"E00003036",5,3,2
"E00003037",3,2,1
"E00003038",0,0,0
"E00003039",4,0,4
"E00003041",3,2,1
"E00003042",4,3,1
"E00003043",1,1,0
"E00003044",0,0,0
"E00003045",4,3,1
"E00003046",3,1,2
"E00003047",8,2,6
"E00003048",4,4,0
"E00003049",5,3,2
"E00003050",4,2,2
"E00003051",13,10,3
"E00003052",7,3,4
"E00003053",5,4,1
"E00003054",7,4,3
"E00003056",1,0,1
"E00003057",8,5,3
"E00003058",6,3,3
"E00003059",9,7,2
"E00003060",2,1,1
"E00003061",6,3,3
"E00003062",7,3,4
"E00003063",3,0,3
"E00003064",2,2,0
"E00003065",3,0,3
"E00003068",6,4,2
"E00003069",5,1,4
"E00003070",4,2,2
"E00003071",6,2,4
"E00003072",1,0,1
"E00003073",0,0,0
"E00003075",0,0,0
"E00003076",3,2,1
"E00003077",2,0,2
"E00003078",4,0,4
"E00003079",0,0,0
"E00003080",2,0,2
"E00003081",5,4,1
"E00003082",2,0,2
"E00003083",2,1,1
"E00003084",2,1,1
"E00003085",4,3,1
"E00003086",3,0,3
"E00003087",0,0,0
"E00003088",3,2,1
"E00003089",4,2,2
"E00003090",1,1,0
"E00003091",0,0,0
"E00003092",2,1,1
"E00003093",3,2,1
"E00003094",0,0,0
"E00003095",6,2,4
"E00003096",0,0,0
"E00003097",1,0,1
"E00003098",3,1,2
"E00003099",4,1,3
"E00003100",2,1,1
"E00003101",0,0,0
"E00003102",3,1,2
"E00003103",1,0,1
"E00003104",4,2,2
"E00003105",0,0,0
"E00003106",2,0,2
"E00003107",2,0,2
"E00003108",3,1,2
"E00003109",0,0,0
"E00003110",3,2,1
"E00003111",11,7,4
"E00003112",8,7,1
"E00003113",11,7,4
"E00003114",4,0,4
"E00003115",2,1,1
"E00003116",6,5,1
"E00003117",18,9,9
"E00003118",0,0,0
"E00003119",6,3,3
"E00003120",5,1,4
"E00003122",13,8,5
"E00003123",7,3,4
"E00003124",6,4,2
"E00003125",9,4,5
"E00003126",5,1,4
"E00003127",2,2,0
"E00003128",10,3,7
"E00003129",6,4,2
"E00003130",16,7,9
"E00003131",20,7,13
"E00003132",9,3,6
"E00003133",24,12,12
"E00003134",4,2,2
"E00003135",4,3,1
"E00003136",3,2,1
"E00003137",2,0,2
"E00003138",5,2,3
"E00003139",10,4,6
"E00003140",8,4,4
"E00003141",5,2,3
"E00003142",8,4,4
"E00003143",10,6,4
"E00003144",4,2,2
"E00003145",5,3,2
"E00003146",15,6,9
"E00003147",6,4,2
"E00003148",5,5,0
"E00003149",4,1,3
"E00003150",6,1,5
"E00003151",3,2,1
"E00003152",5,4,1
"E00003153",5,3,2
"E00003154",7,5,2
"E00003155",0,0,0
"E00003156",2,2,0
"E00003157",4,2,2
"E00003158",3,3,0
"E00003159",8,5,3
"E00003160",7,2,5
"E00003161",0,0,0
"E00003162",4,2,2
"E00003163",5,2,3
"E00003164",6,3,3
"E00003165",0,0,0
"E00003166",6,2,4
"E00003167",8,3,5
"E00003168",3,2,1
"E00003169",7,3,4
"E00003170",3,1,2
"E00003171",4,1,3
"E00003172",4,1,3
"E00003173",4,2,2
"E00003174",1,1,0
"E00003176",2,1,1
"E00003177",0,0,0
"E00003178",6,2,4
"E00003179",4,2,2
"E00003180",9,6,3
"E00003181",7,5,2
"E00003182",6,5,1
"E00003183",8,4,4
"E00003184",2,0,2
"E00003185",8,2,6
"E00003186",5,3,2
"E00003187",21,11,10
"E00003188",8,2,6
"E00003189",4,2,2
"E00003190",2,2,0
"E00003191",6,3,3
"E00003192",2,1,1
"E00003193",1,0,1
"E00003194",2,1,1
"E00003195",2,0,2
"E00003196",3,2,1
"E00003197",3,2,1
"E00003198",6,3,3
"E00003199",1,1,0
"E00003200",6,4,2
"E00003201",3,2,1
"E00003202",10,3,7
"E00003203",5,3,2
"E00003204",4,3,1
"E00003205",0,0,0
"E00003206",1,0,1
"E00003207",2,0,2
"E00003208",0,0,0
"E00003209",0,0,0
"E00003210",3,2,1
"E00003211",0,0,0
"E00003212",5,3,2
"E00003213",1,0,1
"E00003214",2,2,0
"E00003215",5,4,1
"E00003216",5,3,2
"E00003217",5,1,4
"E00003218",7,3,4
"E00003219",4,2,2
"E00003220",7,4,3
"E00003221",12,5,7
"E00003222",6,2,4
"E00003223",3,1,2
"E00003224",4,2,2
"E00003225",5,1,4
"E00003226",5,2,3
"E00003227",9,5,4
"E00003228",9,5,4
"E00003229",4,3,1
"E00003230",6,3,3
"E00003231",3,2,1
"E00003232",4,4,0
"E00003233",9,5,4
"E00003234",3,1,2
"E00003235",5,3,2
"E00003236",1,0,1
"E00003237",5,3,2
"E00003238",9,6,3
"E00003239",11,5,6
"E00003240",2,2,0
"E00003241",2,1,1
"E00003242",2,1,1
"E00003243",9,4,5
"E00003244",7,2,5
"E00003245",0,0,0
"E00003246",3,2,1
"E00003247",0,0,0
"E00003248",8,8,0
"E00003249",1,1,0
"E00003250",3,1,2
"E00003251",3,3,0
"E00003252",5,1,4
"E00003253",3,1,2
"E00003254",3,2,1
"E00003255",0,0,0
"E00003256",5,2,3
"E00003257",2,1,1
"E00003258",9,4,5
"E00003259",11,5,6
"E00003260",2,2,0
"E00003261",0,0,0
"E00003262",1,1,0
"E00003263",4,2,2
"E00003264",3,2,1
"E00003265",3,2,1
"E00003266",4,4,0
"E00003267",3,1,2
"E00003268",4,3,1
"E00003269",9,7,2
"E00003270",9,5,4
"E00003271",9,4,5
"E00003272",4,2,2
"E00003273",1,1,0
"E00003275",1,1,0
"E00003276",1,0,1
"E00003277",5,1,4
"E00003278",11,6,5
"E00003279",3,2,1
"E00003280",8,5,3
"E00003281",6,3,3
"E00003282",1,0,1
"E00003283",3,1,2
"E00003284",4,4,0
"E00003285",5,2,3
"E00003286",3,1,2
"E00003287",14,5,9
"E00003288",9,4,5
"E00003289",4,3,1
"E00003290",8,4,4
"E00003291",11,5,6
"E00003292",0,0,0
"E00003293",1,0,1
"E00003294",8,4,4
"E00003295",1,0,1
"E00003296",7,2,5
"E00003297",6,3,3
"E00003298",8,4,4
"E00003299",4,2,2
"E00003300",3,2,1
"E00003301",12,6,6
"E00003302",6,4,2
"E00003303",5,2,3
"E00003304",3,2,1
"E00003305",7,2,5
"E00003306",0,0,0
"E00003307",8,5,3
"E00003308",7,4,3
"E00003309",5,4,1
"E00003310",12,7,5
"E00003311",6,5,1
"E00003312",6,4,2
"E00003313",4,2,2
"E00003314",8,5,3
"E00003315",8,4,4
"E00003316",2,1,1
"E00003318",1,0,1
"E00003319",3,1,2
"E00003320",4,0,4
"E00003321",1,0,1
"E00003322",3,1,2
"E00003323",0,0,0
"E00003324",9,7,2
"E00003325",3,1,2
"E00003326",6,1,5
"E00003327",6,2,4
"E00003328",4,2,2
"E00003329",5,3,2
"E00003330",8,6,2
"E00003331",11,7,4
"E00003332",3,1,2
"E00003333",14,6,8
"E00003334",0,0,0
"E00003335",8,2,6
"E00003336",11,5,6
"E00003337",6,5,1
"E00003338",2,0,2
"E00003339",7,4,3
"E00003340",8,4,4
"E00003341",3,3,0
"E00003342",9,4,5
"E00003343",7,5,2
"E00003344",16,8,8
"E00003345",6,3,3
"E00003346",3,2,1
"E00003347",2,1,1
"E00003348",0,0,0
"E00003349",5,3,2
"E00003350",1,0,1
"E00003351",3,3,0
"E00003352",8,4,4
"E00003353",16,12,4
"E00003354",11,2,9
"E00003355",5,2,3
"E00003356",2,1,1
"E00003357",4,3,1
"E00003358",4,2,2
"E00003359",2,1,1
"E00003360",1,1,0
"E00003361",2,0,2
"E00003362",12,7,5
"E00003363",3,2,1
"E00003364",3,1,2
"E00003365",9,4,5
"E00003366",13,7,6
"E00003367",10,5,5
"E00003368",11,3,8
"E00003369",6,2,4
"E00003370",7,4,3
"E00003371",3,2,1
"E00003372",8,6,2
"E00003373",13,6,7
"E00003374",15,6,9
"E00003375",7,3,4
"E00003376",12,8,4
"E00003377",2,1,1
"E00003378",5,4,1
"E00003379",3,1,2
"E00003380",0,0,0
"E00003381",11,6,5
"E00003382",0,0,0
"E00003383",5,3,2
"E00003384",6,1,5
"E00003385",4,3,1
"E00003386",2,2,0
"E00003387",3,2,1
"E00003388",2,1,1
"E00003389",3,2,1
"E00003390",2,0,2
"E00003391",0,0,0
"E00003392",3,0,3
"E00003393",6,3,3
"E00003394",3,2,1
"E00003395",1,1,0
"E00003396",6,4,2
"E00003397",2,1,1
"E00003398",1,0,1
"E00003399",8,5,3
"E00003400",3,1,2
"E00003401",3,1,2
"E00003402",2,0,2
"E00003403",2,1,1
"E00003404",2,0,2
"E00003405",11,3,8
"E00003406",0,0,0
"E00003407",4,2,2
"E00003408",2,1,1
"E00003409",2,1,1
"E00003410",11,4,7
"E00003411",5,3,2
"E00003412",0,0,0
"E00003413",3,2,1
"E00003414",4,3,1
"E00003415",3,3,0
"E00003416",2,1,1
"E00003417",2,1,1
"E00003418",4,2,2
"E00003419",8,5,3
"E00003420",0,0,0
"E00003421",10,3,7
"E00003422",0,0,0
"E00003423",4,2,2
"E00003424",6,0,6
"E00003425",2,1,1
"E00003426",1,1,0
"E00003427",0,0,0
"E00003428",3,3,0
"E00003429",1,1,0
"E00003430",3,2,1
"E00003431",6,4,2
"E00003432",0,0,0
"E00003433",0,0,0
"E00003434",0,0,0
"E00003435",4,2,2
"E00003436",0,0,0
"E00003437",7,2,5
"E00003438",5,2,3
"E00003439",0,0,0
"E00003440",7,3,4
"E00003441",16,8,8
"E00003442",6,3,3
"E00003443",0,0,0
"E00003444",0,0,0
"E00003445",1,0,1
"E00003446",0,0,0
"E00003447",2,2,0
"E00003448",2,2,0
"E00003449",0,0,0
"E00003450",0,0,0
"E00003451",6,3,3
"E00003452",1,0,1
"E00003453",4,4,0
"E00003454",3,2,1
"E00003455",0,0,0
"E00003456",3,1,2
"E00003457",7,1,6
"E00003458",17,11,6
"E00003459",4,2,2
"E00003460",5,3,2
"E00003461",2,0,2
"E00003462",3,2,1
"E00003463",0,0,0
"E00003464",3,0,3
"E00003465",0,0,0
"E00003466",1,0,1
"E00003467",3,1,2
"E00003468",8,6,2
"E00003469",0,0,0
"E00003470",5,4,1
"E00003471",1,1,0
"E00003472",3,0,3
"E00003474",2,2,0
"E00003475",6,3,3
"E00003476",0,0,0
"E00003477",2,0,2
"E00003478",0,0,0
"E00003479",4,1,3
"E00003480",0,0,0
"E00003481",0,0,0
"E00003482",2,1,1
"E00003483",10,6,4
"E00003484",6,2,4
"E00003485",5,2,3
"E00003486",4,4,0
"E00003487",2,2,0
"E00003488",3,3,0
"E00003489",0,0,0
"E00003490",3,1,2
"E00003491",0,0,0
"E00003492",0,0,0
"E00003493",2,0,2
"E00003494",0,0,0
"E00003495",0,0,0
"E00003496",3,0,3
"E00003497",2,1,1
"E00003498",10,5,5
"E00003499",3,2,1
"E00003500",1,1,0
"E00003501",2,1,1
"E00003502",1,0,1
"E00003503",4,3,1
"E00003504",2,1,1
"E00003505",8,4,4
"E00003506",5,2,3
"E00003507",0,0,0
"E00003508",1,1,0
"E00003509",1,1,0
"E00003510",5,4,1
"E00003512",4,1,3
"E00003513",8,6,2
"E00003514",3,1,2
"E00003516",3,1,2
"E00003517",3,2,1
"E00003518",1,0,1
"E00003519",1,1,0
"E00003520",5,3,2
"E00003521",2,2,0
"E00003522",5,2,3
"E00003523",1,1,0
"E00003524",6,3,3
"E00003525",0,0,0
"E00003526",3,2,1
"E00003527",5,2,3
"E00003528",2,1,1
"E00003529",1,0,1
"E00003530",1,0,1
"E00003531",1,0,1
"E00003532",2,0,2
"E00003533",5,2,3
"E00003534",3,1,2
"E00003535",4,2,2
"E00003536",2,1,1
"E00003537",2,0,2
"E00003538",2,0,2
"E00003539",3,1,2
"E00003540",0,0,0
"E00003541",5,3,2
"E00003542",1,0,1
"E00003543",1,1,0
"E00003544",1,0,1
"E00003545",7,4,3
"E00003546",9,5,4
"E00003547",4,2,2
"E00003548",0,0,0
"E00003549",2,2,0
"E00003550",1,0,1
"E00003551",1,0,1
"E00003552",4,1,3
"E00003553",1,0,1
"E00003554",5,2,3
"E00003555",4,3,1
"E00003556",7,3,4
"E00003557",2,2,0
"E00003558",1,0,1
"E00003559",10,8,2
"E00003560",2,2,0
"E00003561",5,4,1
"E00003562",9,4,5
"E00003563",2,0,2
"E00003564",4,1,3
"E00003565",5,2,3
"E00003566",1,1,0
"E00003567",1,1,0
"E00003568",2,0,2
"E00003569",1,0,1
"E00003570",1,0,1
"E00003571",3,0,3
"E00003572",0,0,0
"E00003573",2,0,2
"E00003574",5,1,4
"E00003575",2,1,1
"E00003576",10,5,5
"E00003577",5,2,3
"E00003578",1,0,1
"E00003579",2,1,1
"E00003580",1,1,0
"E00003581",4,2,2
"E00003582",0,0,0
"E00003583",0,0,0
"E00003584",6,2,4
"E00003585",0,0,0
"E00003586",0,0,0
"E00003587",1,0,1
"E00003588",4,4,0
"E00003589",1,0,1
"E00003590",1,0,1
"E00003591",2,0,2
"E00003592",6,1,5
"E00003593",3,2,1
"E00003594",2,2,0
"E00003595",0,0,0
"E00003596",1,1,0
"E00003597",4,2,2
"E00003598",3,2,1
"E00003599",1,0,1
"E00003600",0,0,0
"E00003601",3,2,1
"E00003602",0,0,0
"E00003603",1,1,0
"E00003604",0,0,0
"E00003605",0,0,0
"E00003606",1,0,1
"E00003607",0,0,0
"E00003608",3,1,2
"E00003609",0,0,0
"E00003610",2,2,0
"E00003611",3,2,1
"E00003612",0,0,0
"E00003613",2,0,2
"E00003614",3,3,0
"E00003615",4,1,3
"E00003616",3,1,2
"E00003617",4,2,2
"E00003618",1,0,1
"E00003619",0,0,0
"E00003620",4,2,2
"E00003621",2,2,0
"E00003622",1,1,0
"E00003623",1,0,1
"E00003624",3,3,0
"E00003625",6,5,1
"E00003626",3,2,1
"E00003627",6,4,2
"E00003628",1,0,1
"E00003629",1,0,1
"E00003630",6,3,3
"E00003631",1,0,1
"E00003632",5,3,2
"E00003633",3,2,1
"E00003634",4,3,1
"E00003635",4,1,3
"E00003636",1,1,0
"E00003637",1,0,1
"E00003638",3,1,2
"E00003639",3,2,1
"E00003640",3,1,2
"E00003641",2,1,1
"E00003642",0,0,0
"E00003643",4,0,4
"E00003644",6,3,3
"E00003645",6,3,3
"E00003646",9,4,5
"E00003647",2,2,0
"E00003648",5,3,2
"E00003649",8,5,3
"E00003650",6,2,4
"E00003651",8,3,5
"E00003653",0,0,0
"E00003654",8,3,5
"E00003655",5,2,3
"E00003656",3,2,1
"E00003657",6,3,3
"E00003658",8,2,6
"E00003659",12,7,5
"E00003660",0,0,0
"E00003661",5,1,4
"E00003662",0,0,0
"E00003663",2,1,1
"E00003664",2,0,2
"E00003665",10,3,7
"E00003666",0,0,0
"E00003667",14,7,7
"E00003668",9,3,6
"E00003669",12,5,7
"E00003670",3,2,1
"E00003671",9,3,6
"E00003672",6,3,3
"E00003673",5,3,2
"E00003674",5,2,3
"E00003675",2,0,2
"E00003676",6,1,5
"E00003677",4,3,1
"E00003678",3,2,1
"E00003679",11,6,5
"E00003680",0,0,0
"E00003681",2,1,1
"E00003682",1,1,0
"E00003683",2,1,1
"E00003684",1,0,1
"E00003685",7,3,4
"E00003686",5,2,3
"E00003687",3,1,2
"E00003688",7,1,6
"E00003689",0,0,0
"E00003690",7,3,4
"E00003691",5,4,1
"E00003692",6,2,4
"E00003693",1,1,0
"E00003694",1,1,0
"E00003695",6,3,3
"E00003696",12,7,5
"E00003697",8,6,2
"E00003698",12,6,6
"E00003699",3,1,2
"E00003700",10,6,4
"E00003701",5,2,3
"E00003702",1,0,1
"E00003703",5,3,2
"E00003704",5,1,4
"E00003705",13,5,8
"E00003706",3,3,0
"E00003707",5,4,1
"E00003708",10,5,5
"E00003709",9,4,5
"E00003710",6,2,4
"E00003711",11,8,3
"E00003712",9,5,4
"E00003713",10,5,5
"E00003714",9,5,4
"E00003715",5,2,3
"E00003716",6,4,2
"E00003717",1,1,0
"E00003718",10,6,4
"E00003719",9,4,5
"E00003720",9,2,7
"E00003721",5,2,3
"E00003722",12,6,6
"E00003723",12,7,5
"E00003724",7,0,7
"E00003725",2,0,2
"E00003726",5,4,1
"E00003727",2,1,1
"E00003728",2,0,2
"E00003729",9,5,4
"E00003730",5,0,5
"E00003731",5,5,0
"E00003732",5,2,3
"E00003733",9,5,4
"E00003734",7,2,5
"E00003735",5,2,3
"E00003736",5,3,2
"E00003737",6,2,4
"E00003738",1,0,1
"E00003739",7,3,4
"E00003740",7,3,4
"E00003741",1,0,1
"E00003742",2,0,2
"E00003743",7,2,5
"E00003744",7,3,4
"E00003745",6,3,3
"E00003746",5,1,4
"E00003747",8,4,4
"E00003748",4,1,3
"E00003749",0,0,0
"E00003750",15,5,10
"E00003751",4,1,3
"E00003752",5,3,2
"E00003753",6,5,1
"E00003754",4,1,3
"E00003755",5,4,1
"E00003756",7,6,1
"E00003758",0,0,0
"E00003759",13,9,4
"E00003760",7,4,3
"E00003761",8,6,2
"E00003762",8,5,3
"E00003763",2,2,0
"E00003764",14,7,7
"E00003765",0,0,0
"E00003766",11,7,4
"E00003767",4,3,1
"E00003768",6,2,4
"E00003769",6,4,2
"E00003770",6,4,2
"E00003771",10,4,6
"E00003772",2,2,0
"E00003773",8,5,3
"E00003774",9,6,3
"E00003775",7,3,4
"E00003776",6,2,4
"E00003777",8,5,3
"E00003778",1,0,1
"E00003779",8,7,1
"E00003780",6,3,3
"E00003781",11,7,4
"E00003782",1,1,0
"E00003783",6,4,2
"E00003784",5,2,3
"E00003785",9,6,3
"E00003786",5,3,2
"E00003787",3,2,1
"E00003788",1,1,0
"E00003789",4,3,1
"E00003790",5,1,4
"E00003791",5,4,1
"E00003792",12,5,7
"E00003793",4,2,2
"E00003795",5,3,2
"E00003796",4,0,4
"E00003797",7,4,3
"E00003798",6,5,1
"E00003799",7,1,6
"E00003800",4,4,0
"E00003801",5,2,3
"E00003802",12,7,5
"E00003803",10,3,7
"E00003804",8,4,4
"E00003805",2,0,2
"E00003806",2,1,1
"E00003807",4,4,0
"E00003808",7,4,3
"E00003809",0,0,0
"E00003810",2,1,1
"E00003811",0,0,0
"E00003812",2,2,0
"E00003813",4,2,2
"E00003814",3,3,0
"E00003815",0,0,0
"E00003816",0,0,0
"E00003817",0,0,0
"E00003818",3,2,1
"E00003819",2,1,1
"E00003820",3,1,2
"E00003821",3,1,2
"E00003822",1,1,0
"E00003823",1,1,0
"E00003824",5,1,4
"E00003825",0,0,0
"E00003826",0,0,0
"E00003827",1,1,0
"E00003828",2,0,2
"E00003829",3,1,2
"E00003830",4,2,2
"E00003831",6,1,5
"E00003832",3,2,1
"E00003833",2,2,0
"E00003834",3,2,1
"E00003835",1,1,0
"E00003836",5,2,3
"E00003837",3,1,2
"E00003838",7,5,2
"E00003839",5,3,2
"E00003840",7,4,3
"E00003841",2,2,0
"E00003842",5,2,3
"E00003843",7,5,2
"E00003844",3,1,2
"E00003845",0,0,0
"E00003846",3,1,2
"E00003847",4,2,2
"E00003848",1,1,0
"E00003849",10,7,3
"E00003850",9,5,4
"E00003851",5,3,2
"E00003852",5,1,4
"E00003853",3,3,0
"E00003854",0,0,0
"E00003855",4,2,2
"E00003856",0,0,0
"E00003857",2,0,2
"E00003859",2,2,0
"E00003860",3,0,3
"E00003861",3,2,1
"E00003862",6,4,2
"E00003863",0,0,0
"E00003864",3,1,2
"E00003865",1,1,0
"E00003866",6,3,3
"E00003867",2,1,1
"E00003868",2,1,1
"E00003869",5,2,3
"E00003870",6,2,4
"E00003871",0,0,0
"E00003872",4,2,2
"E00003873",7,2,5
"E00003874",2,1,1
"E00003875",3,2,1
"E00003876",8,5,3
"E00003877",4,2,2
"E00003878",6,6,0
"E00003879",8,6,2
"E00003880",10,3,7
"E00003881",6,3,3
"E00003882",5,5,0
"E00003883",5,2,3
"E00003884",4,3,1
"E00003885",1,1,0
"E00003886",3,2,1
"E00003887",5,1,4
"E00003888",0,0,0
"E00003889",4,2,2
"E00003890",7,4,3
"E00003891",5,1,4
"E00003892",4,1,3
"E00003893",1,0,1
"E00003894",6,0,6
"E00003895",2,0,2
"E00003896",0,0,0
"E00003897",2,0,2
"E00003898",5,2,3
"E00003899",2,1,1
"E00003900",5,1,4
"E00003901",4,2,2
"E00003902",6,4,2
"E00003903",1,0,1
"E00003904",1,1,0
"E00003905",4,2,2
"E00003906",0,0,0
"E00003907",0,0,0
"E00003908",1,0,1
"E00003909",10,6,4
"E00003910",0,0,0
"E00003911",3,2,1
"E00003912",2,0,2
"E00003913",0,0,0
"E00003914",10,5,5
"E00003915",6,3,3
"E00003916",4,0,4
"E00003917",0,0,0
"E00003918",0,0,0
"E00003919",12,3,9
"E00003920",2,0,2
"E00003921",1,0,1
"E00003922",6,3,3
"E00003923",0,0,0
"E00003924",1,0,1
"E00003925",2,2,0
"E00003926",2,1,1
"E00003927",2,0,2
"E00003928",2,0,2
"E00003929",2,0,2
"E00003930",8,3,5
"E00003931",9,4,5
"E00003932",4,1,3
"E00003933",0,0,0
"E00003934",2,0,2
"E00003935",7,4,3
"E00003936",3,3,0
"E00003937",4,3,1
"E00003938",0,0,0
"E00003939",2,1,1
"E00003940",7,2,5
"E00003941",6,4,2
"E00003942",0,0,0
"E00003943",3,2,1
"E00003944",8,5,3
"E00003945",0,0,0
"E00003946",3,1,2
"E00003947",0,0,0
"E00003948",8,4,4
"E00003949",8,4,4
"E00003950",3,2,1
"E00003951",6,2,4
"E00003952",7,3,4
"E00003953",12,6,6
"E00003954",8,3,5
"E00003955",6,5,1
"E00003956",14,5,9
"E00003957",3,3,0
"E00003958",1,0,1
"E00003959",12,7,5
"E00003960",11,4,7
"E00003961",8,6,2
"E00003962",12,6,6
"E00003963",4,3,1
"E00003964",5,2,3
"E00003965",7,5,2
"E00003966",9,5,4
"E00003967",6,5,1
"E00003968",10,4,6
"E00003969",8,6,2
"E00003970",5,3,2
"E00003971",6,2,4
"E00003972",8,4,4
"E00003973",1,1,0
"E00003974",2,2,0
"E00003975",7,4,3
"E00003976",3,2,1
"E00003977",10,4,6
"E00003978",7,4,3
"E00003979",4,2,2
"E00003980",9,6,3
"E00003981",3,1,2
"E00003982",11,6,5
"E00003983",2,1,1
"E00003984",1,1,0
"E00003985",4,0,4
"E00003986",1,1,0
"E00003987",1,0,1
"E00003988",1,1,0
"E00003989",2,0,2
"E00003990",3,0,3
"E00003991",1,1,0
"E00003992",1,0,1
"E00003993",3,0,3
"E00003994",1,1,0
"E00003995",10,5,5
"E00003996",5,2,3
"E00003997",1,0,1
"E00003998",5,4,1
"E00003999",0,0,0
"E00004000",9,5,4
"E00004001",10,3,7
"E00004002",4,1,3
"E00004003",7,5,2
"E00004004",2,1,1
"E00004005",1,1,0
"E00004006",4,2,2
"E00004007",4,2,2
"E00004008",6,4,2
"E00004009",3,0,3
"E00004010",3,1,2
"E00004011",3,2,1
"E00004012",1,1,0
"E00004013",13,6,7
"E00004014",7,1,6
"E00004015",0,0,0
"E00004016",0,0,0
"E00004017",7,6,1
"E00004018",7,2,5
"E00004020",4,3,1
"E00004022",4,3,1
"E00004023",5,2,3
"E00004024",9,4,5
"E00004025",18,7,11
"E00004026",4,3,1
"E00004027",2,1,1
"E00004028",2,1,1
"E00004029",10,6,4
"E00004030",2,2,0
"E00004031",4,4,0
"E00004032",2,0,2
"E00004033",2,1,1
"E00004034",2,1,1
"E00004035",3,0,3
"E00004036",0,0,0
"E00004037",9,4,5
"E00004038",3,1,2
"E00004039",4,1,3
"E00004040",1,0,1
"E00004041",3,1,2
"E00004042",3,2,1
"E00004043",4,2,2
"E00004044",4,1,3
"E00004045",3,0,3
"E00004046",1,0,1
"E00004047",6,6,0
"E00004048",10,4,6
"E00004049",6,4,2
"E00004050",6,3,3
"E00004051",9,4,5
"E00004052",9,6,3
"E00004053",0,0,0
"E00004054",6,2,4
"E00004055",17,8,9
"E00004056",3,3,0
"E00004057",19,8,11
"E00004058",11,7,4
"E00004059",1,1,0
"E00004060",7,2,5
"E00004061",10,6,4
"E00004062",1,1,0
"E00004063",16,9,7
"E00004064",5,4,1
"E00004065",5,2,3
"E00004066",14,8,6
"E00004067",7,4,3
"E00004068",9,5,4
"E00004069",10,5,5
"E00004070",5,1,4
"E00004071",9,6,3
"E00004072",2,1,1
"E00004073",3,0,3
"E00004074",5,2,3
"E00004075",11,7,4
"E00004076",3,1,2
"E00004077",13,7,6
"E00004078",7,4,3
"E00004079",6,4,2
"E00004080",7,4,3
"E00004081",5,4,1
"E00004082",5,3,2
"E00004083",4,4,0
"E00004084",2,1,1
"E00004085",6,5,1
"E00004086",10,6,4
"E00004087",8,4,4
"E00004088",6,3,3
"E00004089",6,3,3
"E00004090",4,2,2
"E00004091",14,8,6
"E00004092",4,1,3
"E00004093",6,2,4
"E00004094",2,0,2
"E00004095",3,2,1
"E00004096",9,4,5
"E00004097",0,0,0
"E00004098",4,0,4
"E00004099",10,6,4
"E00004100",7,3,4
"E00004101",12,5,7
"E00004102",9,6,3
"E00004103",5,3,2
"E00004104",16,6,10
"E00004105",19,9,10
"E00004106",16,10,6
"E00004107",9,4,5
"E00004108",3,1,2
"E00004109",3,2,1
"E00004110",3,1,2
"E00004111",6,2,4
"E00004112",10,5,5
"E00004113",10,6,4
"E00004114",13,6,7
"E00004115",3,2,1
"E00004116",5,2,3
"E00004117",9,4,5
"E00004118",12,8,4
"E00004119",9,2,7
"E00004120",3,3,0
"E00004121",0,0,0
"E00004122",0,0,0
"E00004123",11,3,8
"E00004124",3,2,1
"E00004125",8,6,2
"E00004126",1,1,0
"E00004127",2,0,2
"E00004128",6,2,4
"E00004129",1,0,1
"E00004130",7,4,3
"E00004131",1,0,1
"E00004132",0,0,0
"E00004133",7,4,3
"E00004134",2,1,1
"E00004135",0,0,0
"E00004136",2,1,1
"E00004137",3,0,3
"E00004138",0,0,0
"E00004139",0,0,0
"E00004140",4,4,0
"E00004141",0,0,0
"E00004142",0,0,0
"E00004143",0,0,0
"E00004144",3,1,2
"E00004145",3,0,3
"E00004146",2,2,0
"E00004147",4,1,3
"E00004148",5,4,1
"E00004149",7,4,3
"E00004150",3,2,1
"E00004151",0,0,0
"E00004152",4,2,2
"E00004153",2,1,1
"E00004154",0,0,0
"E00004155",2,1,1
"E00004156",0,0,0
"E00004157",9,4,5
"E00004158",6,3,3
"E00004159",4,1,3
"E00004160",5,2,3
"E00004161",1,1,0
"E00004162",0,0,0
"E00004163",9,5,4
"E00004164",6,4,2
"E00004165",2,0,2
"E00004166",2,1,1
"E00004167",11,3,8
"E00004168",0,0,0
"E00004169",13,4,9
"E00004172",0,0,0
"E00004173",15,5,10
"E00004174",5,3,2
"E00004175",4,0,4
"E00004177",3,1,2
"E00004179",0,0,0
"E00004180",3,2,1
"E00004181",1,1,0
"E00004182",2,1,1
"E00004183",0,0,0
"E00004184",3,0,3
"E00004185",0,0,0
"E00004187",5,2,3
"E00004188",2,0,2
"E00004189",0,0,0
"E00004190",2,1,1
"E00004193",10,8,2
"E00004194",1,0,1
"E00004195",3,1,2
"E00004196",2,0,2
"E00004197",2,1,1
"E00004198",2,2,0
"E00004199",1,0,1
"E00004200",0,0,0
"E00004201",6,3,3
"E00004202",0,0,0
"E00004203",2,1,1
"E00004204",4,4,0
"E00004205",7,2,5
"E00004206",5,0,5
"E00004207",0,0,0
"E00004208",3,1,2
"E00004209",1,1,0
"E00004210",0,0,0
"E00004211",3,1,2
"E00004212",3,0,3
"E00004213",6,4,2
"E00004214",7,1,6
"E00004215",5,3,2
"E00004216",9,6,3
"E00004217",2,1,1
"E00004218",3,1,2
"E00004219",4,3,1
"E00004220",1,1,0
"E00004221",0,0,0
"E00004222",6,0,6
"E00004223",4,3,1
"E00004224",3,2,1
"E00004225",0,0,0
"E00004226",7,3,4
"E00004227",2,1,1
"E00004228",11,7,4
"E00004229",5,2,3
"E00004230",0,0,0
"E00004231",9,2,7
"E00004232",3,1,2
"E00004233",4,2,2
"E00004234",1,0,1
"E00004235",2,0,2
"E00004236",1,0,1
"E00004237",3,2,1
"E00004238",5,4,1
"E00004239",0,0,0
"E00004240",3,1,2
"E00004241",12,5,7
"E00004242",5,4,1
"E00004243",12,9,3
"E00004244",5,3,2
"E00004245",3,1,2
"E00004246",12,7,5
"E00004247",4,3,1
"E00004248",5,3,2
"E00004249",1,0,1
"E00004250",7,5,2
"E00004251",2,1,1
"E00004252",2,0,2
"E00004253",0,0,0
"E00004254",0,0,0
"E00004255",4,0,4
"E00004256",2,1,1
"E00004257",0,0,0
"E00004258",1,0,1
"E00004259",0,0,0
"E00004260",2,0,2
"E00004261",1,0,1
"E00004262",1,1,0
"E00004263",0,0,0
"E00004264",0,0,0
"E00004265",0,0,0
"E00004266",0,0,0
"E00004268",1,0,1
"E00004269",0,0,0
"E00004270",0,0,0
"E00004271",1,0,1
"E00004272",6,3,3
"E00004273",8,5,3
"E00004274",3,0,3
"E00004275",1,1,0
"E00004276",3,0,3
"E00004277",2,2,0
"E00004278",2,0,2
"E00004279",0,0,0
"E00004280",6,4,2
"E00004281",7,5,2
"E00004282",2,0,2
"E00004283",5,3,2
"E00004284",0,0,0
"E00004285",2,1,1
"E00004286",0,0,0
"E00004287",4,3,1
"E00004288",0,0,0
"E00004289",0,0,0
"E00004290",2,0,2
"E00004291",4,1,3
"E00004292",1,1,0
"E00004293",4,1,3
"E00004294",0,0,0
"E00004295",16,4,12
"E00004296",3,1,2
"E00004297",0,0,0
"E00004298",11,6,5
"E00004299",5,3,2
"E00004300",3,2,1
"E00004301",2,2,0
"E00004302",3,1,2
"E00004303",9,3,6
"E00004304",4,2,2
"E00004305",3,2,1
"E00004306",0,0,0
"E00004307",4,4,0
"E00004308",3,3,0
"E00004309",3,3,0
"E00004310",2,1,1
"E00004311",5,1,4
"E00004312",2,0,2
"E00004313",5,4,1
"E00004314",0,0,0
"E00004315",3,2,1
"E00004316",2,0,2
"E00004317",6,3,3
"E00004318",6,2,4
"E00004319",1,1,0
"E00004320",0,0,0
"E00004321",7,4,3
"E00004322",8,5,3
"E00004323",16,8,8
"E00004324",6,4,2
"E00004325",4,1,3
"E00004326",3,2,1
"E00004327",2,1,1
"E00004328",0,0,0
"E00004329",7,2,5
"E00004330",0,0,0
"E00004331",1,0,1
"E00004332",4,4,0
"E00004333",5,1,4
"E00004334",2,1,1
"E00004335",7,5,2
"E00004336",0,0,0
"E00004337",2,1,1
"E00004338",3,2,1
"E00004339",2,1,1
"E00004340",4,1,3
"E00004341",0,0,0
"E00004342",3,2,1
"E00004343",3,3,0
"E00004344",1,0,1
"E00004345",12,8,4
"E00004346",5,0,5
"E00004347",5,3,2
"E00004348",5,2,3
"E00004349",11,8,3
"E00004350",3,0,3
"E00004351",8,2,6
"E00004352",14,6,8
"E00004353",2,1,1
"E00004354",4,2,2
"E00004355",5,3,2
"E00004356",7,4,3
"E00004357",5,1,4
"E00004358",0,0,0
"E00004359",5,2,3
"E00004360",0,0,0
"E00004361",10,4,6
"E00004362",5,3,2
"E00004363",5,3,2
"E00004364",8,6,2
"E00004365",2,2,0
"E00004366",3,1,2
"E00004367",7,4,3
"E00004368",3,1,2
"E00004369",2,1,1
"E00004370",1,0,1
"E00004371",0,0,0
"E00004372",6,2,4
"E00004373",2,2,0
"E00004374",2,2,0
"E00004375",2,1,1
"E00004376",4,3,1
"E00004377",6,1,5
"E00004378",3,3,0
"E00004379",6,3,3
"E00004380",1,0,1
"E00004381",4,1,3
"E00004382",1,0,1
"E00004383",3,1,2
"E00004384",2,0,2
"E00004385",7,3,4
"E00004386",8,5,3
"E00004387",1,0,1
"E00004388",3,1,2
"E00004389",3,2,1
"E00004390",4,2,2
"E00004391",6,4,2
"E00004392",10,8,2
"E00004393",2,1,1
"E00004394",2,2,0
"E00004395",4,2,2
"E00004396",3,1,2
"E00004397",10,9,1
"E00004398",2,0,2
"E00004399",4,0,4
"E00004400",5,3,2
"E00004401",9,3,6
"E00004402",9,5,4
"E00004403",11,5,6
"E00004404",10,6,4
"E00004405",9,7,2
"E00004406",4,1,3
"E00004407",10,6,4
"E00004408",10,6,4
"E00004409",9,3,6
"E00004410",5,2,3
"E00004411",5,4,1
"E00004412",3,1,2
"E00004413",5,2,3
"E00004414",13,6,7
"E00004415",4,2,2
"E00004416",2,2,0
"E00004417",4,1,3
"E00004418",4,4,0
"E00004419",2,2,0
"E00004420",6,5,1
"E00004421",13,4,9
"E00004422",0,0,0
"E00004423",0,0,0
"E00004424",0,0,0
"E00004425",2,1,1
"E00004426",8,3,5
"E00004427",12,7,5
"E00004428",4,2,2
"E00004429",6,4,2
"E00004430",0,0,0
"E00004431",4,1,3
"E00004432",7,4,3
"E00004433",4,1,3
"E00004435",0,0,0
"E00004436",7,5,2
"E00004437",2,1,1
"E00004438",2,2,0
"E00004439",5,3,2
"E00004440",4,2,2
"E00004441",3,1,2
"E00004442",0,0,0
"E00004444",1,1,0
"E00004445",0,0,0
"E00004446",3,3,0
"E00004447",0,0,0
"E00004448",6,2,4
"E00004450",3,2,1
"E00004451",4,1,3
"E00004452",1,1,0
"E00004453",4,3,1
"E00004454",1,1,0
"E00004455",2,0,2
"E00004456",5,3,2
"E00004457",1,0,1
"E00004458",11,8,3
"E00004459",3,1,2
"E00004460",0,0,0
"E00004461",4,2,2
"E00004462",0,0,0
"E00004463",5,3,2
"E00004464",0,0,0
"E00004465",5,3,2
"E00004466",0,0,0
"E00004467",2,1,1
"E00004468",4,1,3
"E00004469",8,4,4
"E00004470",3,3,0
"E00004471",2,1,1
"E00004472",7,1,6
"E00004473",9,7,2
"E00004474",1,1,0
"E00004475",2,0,2
"E00004476",0,0,0
"E00004477",0,0,0
"E00004478",3,2,1
"E00004479",9,2,7
"E00004480",0,0,0
"E00004481",7,4,3
"E00004482",8,6,2
"E00004483",8,2,6
"E00004484",0,0,0
"E00004485",3,1,2
"E00004486",3,2,1
"E00004487",1,0,1
"E00004488",2,0,2
"E00004489",2,0,2
"E00004490",4,1,3
"E00004491",1,1,0
"E00004492",11,6,5
"E00004493",0,0,0
"E00004494",13,8,5
"E00004495",7,6,1
"E00004496",7,5,2
"E00004497",2,1,1
"E00004498",0,0,0
"E00004499",13,2,11
"E00004500",0,0,0
"E00004501",0,0,0
"E00004502",3,2,1
"E00004503",0,0,0
"E00004504",12,7,5
"E00004505",4,2,2
"E00004506",2,2,0
"E00004507",8,6,2
"E00004508",5,3,2
"E00004509",9,3,6
"E00004510",4,2,2
"E00004511",17,8,9
"E00004512",3,0,3
"E00004513",9,5,4
"E00004514",12,6,6
"E00004515",1,0,1
"E00004516",4,2,2
"E00004517",3,1,2
"E00004518",3,3,0
"E00004519",5,2,3
"E00004520",3,3,0
"E00004521",2,0,2
"E00004522",6,4,2
"E00004523",6,2,4
"E00004524",4,2,2
"E00004525",4,3,1
"E00004526",4,1,3
"E00004527",0,0,0
"E00004528",2,1,1
"E00004529",0,0,0
"E00004530",1,0,1
"E00004531",1,0,1
"E00004532",9,2,7
"E00004534",2,0,2
"E00004535",0,0,0
"E00004536",8,2,6
"E00004537",0,0,0
"E00004538",0,0,0
"E00004539",0,0,0
"E00004540",3,2,1
"E00004541",1,1,0
"E00004542",2,1,1
"E00004543",3,0,3
"E00004544",1,1,0
"E00004545",3,2,1
"E00004546",3,0,3
"E00004547",4,2,2
"E00004548",0,0,0
"E00004549",1,1,0
"E00004550",2,1,1
"E00004551",1,1,0
"E00004552",9,4,5
"E00004553",1,0,1
"E00004554",11,1,10
"E00004555",3,1,2
"E00004556",0,0,0
"E00004557",0,0,0
"E00004558",1,0,1
"E00004559",4,0,4
"E00004560",0,0,0
"E00004561",0,0,0
"E00004562",2,1,1
"E00004563",7,3,4
"E00004564",3,1,2
"E00004565",2,0,2
"E00004566",0,0,0
"E00004567",10,4,6
"E00004568",1,0,1
"E00004569",1,1,0
"E00004570",3,0,3
"E00004571",4,0,4
"E00004572",2,2,0
"E00004573",4,1,3
"E00004574",2,2,0
"E00004575",3,2,1
"E00004576",7,6,1
"E00004577",0,0,0
"E00004578",1,0,1
"E00004579",3,3,0
"E00004580",1,1,0
"E00004581",5,0,5
"E00004582",2,1,1
"E00004583",5,3,2
"E00004584",5,4,1
"E00004585",2,0,2
"E00004586",6,4,2
"E00004587",4,1,3
"E00004588",2,1,1
"E00004589",0,0,0
"E00004590",2,0,2
"E00004591",4,2,2
"E00004592",7,3,4
"E00004593",0,0,0
"E00004594",1,1,0
"E00004595",3,1,2
"E00004596",3,1,2
"E00004597",2,1,1
"E00004598",0,0,0
"E00004599",4,3,1
"E00004600",4,3,1
"E00004601",4,2,2
"E00004602",4,1,3
"E00004603",4,1,3
"E00004604",0,0,0
"E00004605",11,6,5
"E00004606",7,3,4
"E00004607",1,1,0
"E00004608",7,3,4
"E00004609",8,3,5
"E00004610",3,0,3
"E00004611",0,0,0
"E00004612",2,1,1
"E00004613",2,1,1
"E00004614",3,3,0
"E00004615",3,0,3
"E00004616",2,2,0
"E00004617",0,0,0
"E00004618",3,2,1
"E00004619",0,0,0
"E00004620",2,0,2
"E00004621",2,2,0
"E00004622",1,1,0
"E00004623",3,0,3
"E00004624",4,2,2
"E00004625",6,5,1
"E00004626",1,0,1
"E00004627",1,0,1
"E00004628",5,3,2
"E00004629",0,0,0
"E00004630",2,2,0
"E00004631",1,1,0
"E00004632",7,1,6
"E00004633",4,1,3
"E00004634",0,0,0
"E00004635",3,2,1
"E00004636",0,0,0
"E00004637",3,1,2
"E00004638",2,2,0
"E00004639",6,3,3
"E00004640",2,2,0
"E00004641",7,3,4
"E00004642",3,1,2
"E00004643",0,0,0
"E00004644",1,1,0
"E00004645",2,0,2
"E00004646",1,1,0
"E00004647",0,0,0
"E00004649",0,0,0
"E00004650",1,0,1
"E00004651",0,0,0
"E00004652",3,1,2
"E00004653",0,0,0
"E00004654",2,1,1
"E00004655",0,0,0
"E00004656",5,1,4
"E00004658",3,1,2
"E00004659",4,3,1
"E00004660",4,2,2
"E00004661",0,0,0
"E00004662",2,0,2
"E00004663",4,3,1
"E00004664",2,1,1
"E00004665",4,1,3
"E00004666",1,0,1
"E00004667",0,0,0
"E00004668",3,1,2
"E00004669",2,1,1
"E00004670",0,0,0
"E00004671",10,3,7
"E00004672",4,0,4
"E00004673",3,1,2
"E00004674",0,0,0
"E00004675",5,3,2
"E00004676",10,7,3
"E00004677",1,1,0
"E00004678",0,0,0
"E00004679",1,0,1
"E00004680",0,0,0
"E00004681",3,1,2
"E00004682",0,0,0
"E00004683",0,0,0
"E00004684",4,3,1
"E00004685",5,3,2
"E00004686",6,5,1
"E00004687",8,6,2
"E00004688",0,0,0
"E00004689",1,1,0
"E00004690",0,0,0
"E00004691",0,0,0
"E00004692",2,2,0
"E00004693",1,0,1
"E00004694",0,0,0
"E00004695",4,3,1
"E00004696",6,3,3
"E00004697",0,0,0
"E00004699",2,0,2
"E00004700",0,0,0
"E00004701",0,0,0
"E00004702",3,2,1
"E00004703",4,1,3
"E00004704",4,1,3
"E00004705",7,3,4
"E00004706",10,5,5
"E00004707",2,1,1
"E00004708",0,0,0
"E00004709",15,10,5
"E00004710",1,1,0
"E00004711",3,1,2
"E00004712",18,10,8
"E00004713",1,0,1
"E00004714",7,3,4
"E00004715",3,0,3
"E00004716",3,0,3
"E00004717",2,1,1
"E00004718",6,3,3
"E00004719",1,0,1
"E00004720",2,2,0
"E00004721",5,4,1
"E00004722",2,2,0
"E00004723",2,2,0
"E00004724",0,0,0
"E00004725",1,0,1
"E00004726",2,1,1
"E00004727",2,2,0
"E00004728",11,4,7
"E00004729",2,0,2
"E00004730",2,1,1
"E00004731",1,0,1
"E00004732",1,1,0
"E00004733",1,0,1
"E00004734",1,0,1
"E00004735",2,1,1
"E00004736",0,0,0
"E00004738",2,1,1
"E00004739",0,0,0
"E00004740",1,0,1
"E00004741",4,2,2
"E00004742",0,0,0
"E00004743",7,4,3
"E00004744",3,0,3
"E00004745",6,3,3
"E00004746",3,3,0
"E00004747",5,4,1
"E00004748",5,4,1
"E00004749",11,3,8
"E00004750",10,5,5
"E00004751",2,0,2
"E00004752",0,0,0
"E00004753",0,0,0
"E00004754",1,1,0
"E00004755",0,0,0
"E00004756",5,2,3
"E00004757",3,1,2
"E00004758",1,1,0
"E00004759",0,0,0
"E00004760",1,0,1
"E00004761",2,0,2
"E00004762",6,3,3
"E00004763",3,1,2
"E00004764",0,0,0
"E00004765",5,2,3
"E00004766",0,0,0
"E00004767",5,3,2
"E00004768",2,0,2
"E00004769",3,1,2
"E00004770",5,2,3
"E00004771",10,5,5
"E00004772",11,5,6
"E00004773",2,1,1
"E00004774",3,1,2
"E00004775",1,0,1
"E00004776",0,0,0
"E00004777",4,1,3
"E00004778",3,2,1
"E00004779",6,2,4
"E00004780",8,3,5
"E00004781",13,6,7
"E00004782",7,3,4
"E00004783",5,5,0
"E00004784",7,5,2
"E00004785",3,1,2
"E00004786",3,2,1
"E00004787",2,1,1
"E00004788",0,0,0
"E00004789",0,0,0
"E00004790",3,3,0
"E00004791",1,1,0
"E00004792",5,2,3
"E00004793",3,1,2
"E00004794",18,10,8
"E00004795",0,0,0
"E00004796",3,2,1
"E00004797",3,2,1
"E00004798",2,0,2
"E00004799",1,0,1
"E00004801",0,0,0
"E00004802",0,0,0
"E00004803",0,0,0
"E00004804",0,0,0
"E00004805",0,0,0
"E00004806",0,0,0
"E00004807",3,1,2
"E00004808",9,5,4
"E00004809",5,2,3
"E00004810",3,1,2
"E00004811",6,2,4
"E00004812",5,1,4
"E00004813",3,2,1
"E00004814",0,0,0
"E00004815",6,3,3
"E00004816",6,1,5
"E00004817",0,0,0
"E00004818",3,0,3
"E00004819",9,3,6
"E00004820",3,0,3
"E00004821",0,0,0
"E00004822",2,1,1
"E00004823",8,1,7
"E00004824",0,0,0
"E00004825",1,0,1
"E00004826",0,0,0
"E00004827",1,0,1
"E00004828",2,1,1
"E00004829",0,0,0
"E00004830",2,1,1
"E00004831",1,1,0
"E00004832",4,2,2
"E00004833",3,2,1
"E00004834",4,1,3
"E00004835",0,0,0
"E00004836",4,2,2
"E00004837",1,1,0
"E00004838",1,1,0
"E00004839",5,2,3
"E00004840",0,0,0
"E00004841",1,0,1
"E00004842",2,2,0
"E00004843",5,3,2
"E00004844",0,0,0
"E00004845",3,1,2
"E00004846",5,4,1
"E00004847",0,0,0
"E00004848",6,2,4
"E00004849",6,3,3
"E00004850",3,2,1
"E00004851",0,0,0
"E00004852",1,0,1
"E00004853",1,1,0
"E00004854",0,0,0
"E00004855",0,0,0
"E00004856",1,0,1
"E00004857",4,2,2
"E00004858",0,0,0
"E00004859",4,1,3
"E00004860",0,0,0
"E00004861",1,1,0
"E00004862",2,1,1
"E00004863",1,1,0
"E00004864",5,3,2
"E00004865",5,3,2
"E00004866",3,1,2
"E00004867",0,0,0
"E00004868",0,0,0
"E00004869",1,1,0
"E00004870",0,0,0
"E00004871",0,0,0
"E00004872",0,0,0
"E00004873",6,2,4
"E00004874",1,1,0
"E00004875",3,2,1
"E00004876",0,0,0
"E00004877",5,5,0
"E00004878",4,2,2
"E00004879",5,4,1
"E00004880",1,0,1
"E00004881",0,0,0
"E00004882",7,4,3
"E00004883",6,5,1
"E00004884",7,2,5
"E00004885",2,1,1
"E00004886",0,0,0
"E00004887",0,0,0
"E00004888",0,0,0
"E00004889",1,1,0
"E00004890",0,0,0
"E00004891",0,0,0
"E00004892",5,2,3
"E00004893",0,0,0
"E00004894",1,1,0
"E00004895",2,0,2
"E00004896",3,0,3
"E00004897",2,1,1
"E00004898",3,2,1
"E00004899",2,1,1
"E00004900",4,2,2
"E00004901",0,0,0
"E00004902",1,0,1
"E00004903",2,2,0
"E00004904",2,2,0
"E00004905",4,3,1
"E00004906",0,0,0
"E00004907",0,0,0
"E00004908",3,1,2
"E00004909",1,1,0
"E00004910",5,3,2
"E00004911",3,2,1
"E00004912",3,2,1
"E00004913",4,3,1
"E00004914",5,4,1
"E00004916",5,2,3
"E00004917",0,0,0
"E00004918",1,0,1
"E00004920",4,0,4
"E00004921",5,5,0
"E00004922",7,5,2
"E00004923",5,3,2
"E00004924",5,3,2
"E00004925",4,2,2
"E00004926",3,2,1
"E00004927",3,1,2
"E00004928",3,1,2
"E00004929",2,2,0
"E00004930",6,5,1
"E00004931",5,3,2
"E00004932",7,2,5
"E00004933",11,5,6
"E00004934",3,2,1
"E00004935",7,3,4
"E00004936",7,5,2
"E00004937",9,3,6
"E00004938",3,2,1
"E00004939",6,4,2
"E00004940",5,2,3
"E00004941",4,0,4
"E00004942",8,3,5
"E00004943",7,3,4
"E00004944",0,0,0
"E00004945",2,0,2
"E00004946",5,2,3
"E00004947",5,1,4
"E00004948",7,5,2
"E00004949",5,2,3
"E00004950",7,3,4
"E00004951",5,3,2
"E00004952",6,6,0
"E00004953",4,0,4
"E00004954",6,2,4
"E00004955",8,5,3
"E00004956",3,1,2
"E00004957",0,0,0
"E00004958",1,0,1
"E00004959",8,5,3
"E00004960",5,3,2
"E00004961",6,3,3
"E00004962",7,5,2
"E00004963",1,1,0
"E00004964",10,7,3
"E00004965",7,3,4
"E00004966",0,0,0
"E00004967",1,0,1
"E00004968",5,3,2
"E00004969",7,3,4
"E00004970",1,1,0
"E00004971",5,3,2
"E00004973",3,1,2
"E00004974",5,5,0
"E00004975",0,0,0
"E00004976",3,3,0
"E00004977",3,2,1
"E00004978",1,1,0
"E00004979",3,1,2
"E00004980",6,3,3
"E00004981",3,1,2
"E00004982",1,1,0
"E00004983",9,6,3
"E00004984",4,1,3
"E00004985",8,4,4
"E00004986",0,0,0
"E00004987",1,0,1
"E00004988",0,0,0
"E00004989",6,3,3
"E00004990",7,4,3
"E00004992",10,8,2
"E00004993",3,1,2
"E00004994",5,2,3
"E00004995",12,6,6
"E00004996",6,4,2
"E00004998",2,1,1
"E00004999",7,4,3
"E00005000",4,2,2
"E00005001",3,1,2
"E00005002",3,3,0
"E00005003",5,3,2
"E00005004",5,2,3
"E00005005",4,3,1
"E00005006",2,0,2
"E00005007",12,7,5
"E00005008",3,1,2
"E00005009",5,2,3
"E00005010",6,4,2
"E00005011",0,0,0
"E00005012",0,0,0
"E00005013",4,2,2
"E00005014",3,2,1
"E00005015",3,1,2
"E00005016",0,0,0
"E00005017",1,1,0
"E00005018",1,1,0
"E00005019",2,2,0
"E00005020",5,2,3
"E00005021",4,1,3
"E00005022",1,1,0
"E00005023",2,1,1
"E00005024",6,3,3
"E00005025",5,3,2
"E00005026",0,0,0
"E00005027",2,0,2
"E00005028",4,1,3
"E00005029",1,0,1
"E00005030",1,0,1
"E00005031",3,1,2
"E00005032",1,1,0
"E00005033",0,0,0
"E00005034",4,3,1
"E00005035",3,1,2
"E00005036",6,2,4
"E00005039",0,0,0
"E00005040",4,2,2
"E00005041",5,2,3
"E00005042",8,2,6
"E00005043",2,1,1
"E00005044",7,4,3
"E00005045",4,3,1
"E00005046",6,4,2
"E00005047",3,0,3
"E00005048",4,3,1
"E00005049",3,3,0
"E00005050",5,4,1
"E00005051",5,1,4
"E00005052",6,4,2
"E00005053",0,0,0
"E00005054",3,3,0
"E00005055",8,2,6
"E00005056",2,1,1
"E00005057",5,4,1
"E00005058",6,4,2
"E00005059",4,2,2
"E00005060",0,0,0
"E00005061",1,0,1
"E00005062",0,0,0
"E00005063",4,3,1
"E00005064",0,0,0
"E00005065",7,3,4
"E00005066",5,2,3
"E00005067",4,2,2
"E00005068",9,4,5
"E00005069",3,1,2
"E00005070",2,2,0
"E00005071",3,1,2
"E00005072",4,3,1
"E00005073",7,4,3
"E00005074",6,3,3
"E00005075",3,2,1
"E00005076",7,3,4
"E00005077",1,0,1
"E00005078",5,3,2
"E00005079",5,2,3
"E00005080",3,3,0
"E00005081",5,1,4
"E00005082",4,1,3
"E00005083",8,4,4
"E00005084",10,5,5
"E00005085",2,1,1
"E00005086",1,0,1
"E00005087",7,2,5
"E00005088",5,1,4
"E00005089",3,1,2
"E00005090",5,3,2
"E00005091",4,2,2
"E00005092",4,2,2
"E00005093",4,3,1
"E00005094",20,5,15
"E00005095",3,2,1
"E00005096",5,1,4
"E00005097",5,4,1
"E00005098",17,7,10
"E00005099",0,0,0
"E00005100",8,5,3
"E00005101",11,9,2
"E00005102",4,1,3
"E00005103",6,5,1
"E00005104",4,2,2
"E00005105",2,2,0
"E00005106",6,4,2
"E00005107",4,1,3
"E00005108",6,5,1
"E00005109",6,3,3
"E00005110",7,2,5
"E00005111",6,4,2
"E00005112",1,0,1
"E00005113",8,5,3
"E00005114",10,5,5
"E00005115",14,6,8
"E00005116",20,4,16
"E00005117",11,8,3
"E00005118",5,3,2
"E00005119",8,4,4
"E00005120",14,10,4
"E00005121",12,6,6
"E00005122",15,7,8
"E00005123",13,9,4
"E00005124",12,7,5
"E00005125",9,3,6
"E00005126",11,8,3
"E00005127",2,1,1
"E00005128",24,17,7
"E00005129",9,5,4
"E00005130",3,1,2
"E00005131",4,0,4
"E00005132",10,4,6
"E00005133",7,4,3
"E00005134",7,4,3
"E00005135",2,1,1
"E00005136",0,0,0
"E00005137",0,0,0
"E00005138",1,0,1
"E00005139",14,9,5
"E00005140",2,0,2
"E00005141",0,0,0
"E00005142",1,0,1
"E00005143",8,3,5
"E00005144",4,2,2
"E00005145",6,1,5
"E00005146",2,1,1
"E00005147",0,0,0
"E00005148",0,0,0
"E00005149",0,0,0
"E00005150",5,1,4
"E00005151",3,1,2
"E00005152",1,1,0
"E00005153",4,2,2
"E00005154",13,7,6
"E00005155",0,0,0
"E00005156",15,2,13
"E00005157",2,2,0
"E00005158",0,0,0
"E00005159",2,0,2
"E00005160",2,1,1
"E00005161",2,1,1
"E00005162",0,0,0
"E00005163",3,2,1
"E00005164",0,0,0
"E00005165",6,6,0
"E00005166",9,4,5
"E00005167",3,1,2
"E00005168",1,0,1
"E00005169",5,3,2
"E00005170",11,8,3
"E00005171",4,2,2
"E00005172",4,2,2
"E00005173",3,2,1
"E00005174",1,0,1
"E00005175",0,0,0
"E00005176",7,3,4
"E00005177",3,0,3
"E00005178",0,0,0
"E00005179",2,0,2
"E00005180",12,7,5
"E00005181",2,1,1
"E00005182",1,1,0
"E00005183",5,2,3
"E00005184",8,3,5
"E00005185",7,4,3
"E00005186",7,2,5
"E00005187",0,0,0
"E00005188",1,0,1
"E00005189",1,1,0
"E00005190",4,3,1
"E00005191",0,0,0
"E00005192",6,4,2
"E00005193",1,1,0
"E00005194",0,0,0
"E00005195",6,4,2
"E00005196",4,2,2
"E00005197",3,2,1
"E00005198",9,7,2
"E00005199",0,0,0
"E00005200",2,0,2
"E00005201",0,0,0
"E00005202",1,1,0
"E00005203",0,0,0
"E00005204",0,0,0
"E00005205",8,3,5
"E00005206",1,1,0
"E00005208",0,0,0
"E00005209",4,1,3
"E00005210",1,0,1
"E00005211",4,1,3
"E00005212",9,5,4
"E00005213",1,0,1
"E00005214",11,4,7
"E00005215",1,0,1
"E00005216",0,0,0
"E00005217",5,3,2
"E00005218",5,3,2
"E00005219",3,0,3
"E00005220",4,2,2
"E00005221",0,0,0
"E00005222",0,0,0
"E00005223",4,1,3
"E00005224",5,4,1
"E00005225",1,0,1
"E00005226",1,0,1
"E00005227",6,1,5
"E00005228",1,0,1
"E00005229",14,9,5
"E00005230",11,8,3
"E00005231",2,2,0
"E00005232",2,1,1
"E00005233",4,2,2
"E00005234",6,2,4
"E00005235",2,1,1
"E00005236",5,4,1
"E00005237",1,1,0
"E00005238",13,5,8
"E00005239",0,0,0
"E00005240",2,2,0
"E00005241",0,0,0
"E00005242",3,2,1
"E00005243",5,4,1
"E00005244",3,2,1
"E00005245",1,0,1
"E00005246",11,7,4
"E00005247",2,1,1
"E00005248",0,0,0
"E00005249",3,1,2
"E00005250",2,0,2
"E00005251",0,0,0
"E00005252",4,1,3
"E00005253",3,1,2
"E00005254",1,0,1
"E00005255",1,1,0
"E00005256",0,0,0
"E00005257",2,1,1
"E00005258",4,3,1
"E00005259",0,0,0
"E00005260",6,6,0
"E00005261",4,3,1
"E00005262",4,2,2
"E00005263",4,3,1
"E00005264",7,3,4
"E00005265",0,0,0
"E00005266",9,5,4
"E00005267",2,2,0
"E00005268",1,1,0
"E00005269",0,0,0
"E00005270",0,0,0
"E00005271",6,1,5
"E00005272",3,2,1
"E00005273",4,0,4
"E00005274",3,1,2
"E00005275",3,1,2
"E00005276",4,3,1
"E00005277",3,3,0
"E00005278",10,4,6
"E00005279",1,0,1
"E00005280",12,7,5
"E00005281",4,0,4
"E00005282",4,1,3
"E00005283",2,2,0
"E00005284",4,3,1
"E00005285",4,0,4
"E00005286",2,2,0
"E00005287",12,7,5
"E00005288",6,2,4
"E00005289",6,3,3
"E00005290",1,0,1
"E00005291",15,5,10
"E00005292",2,1,1
"E00005293",3,2,1
"E00005294",12,6,6
"E00005295",9,5,4
"E00005296",7,4,3
"E00005297",9,6,3
"E00005298",13,11,2
"E00005299",3,2,1
"E00005300",3,1,2
"E00005301",3,2,1
"E00005302",3,0,3
"E00005303",0,0,0
"E00005304",9,5,4
"E00005305",4,2,2
"E00005306",3,2,1
"E00005307",9,2,7
"E00005308",4,3,1
"E00005309",3,2,1
"E00005310",0,0,0
"E00005311",10,3,7
"E00005312",2,1,1
"E00005313",0,0,0
"E00005314",2,0,2
"E00005315",2,1,1
"E00005316",4,2,2
"E00005317",0,0,0
"E00005318",1,0,1
"E00005319",3,1,2
"E00005320",5,3,2
"E00005321",5,3,2
"E00005322",7,6,1
"E00005323",15,5,10
"E00005324",1,1,0
"E00005325",3,2,1
"E00005326",5,1,4
"E00005327",3,2,1
"E00005328",4,2,2
"E00005329",10,4,6
"E00005330",11,4,7
"E00005331",12,7,5
"E00005332",9,6,3
"E00005333",1,1,0
"E00005334",5,3,2
"E00005335",3,2,1
"E00005336",2,2,0
"E00005337",1,0,1
"E00005339",22,12,10
"E00005340",2,0,2
"E00005341",4,4,0
"E00005342",2,0,2
"E00005343",3,3,0
"E00005344",6,1,5
"E00005345",5,2,3
"E00005346",3,2,1
"E00005347",4,1,3
"E00005348",10,5,5
"E00005349",7,4,3
"E00005350",6,2,4
"E00005351",5,2,3
"E00005352",12,6,6
"E00005353",4,2,2
"E00005354",4,1,3
"E00005355",11,7,4
"E00005356",8,4,4
"E00005357",11,6,5
"E00005358",5,2,3
"E00005359",6,2,4
"E00005360",3,1,2
"E00005361",1,0,1
"E00005362",0,0,0
"E00005363",7,3,4
"E00005364",5,3,2
"E00005365",0,0,0
"E00005366",2,2,0
"E00005367",2,1,1
"E00005368",0,0,0
"E00005369",1,1,0
"E00005370",6,4,2
"E00005371",0,0,0
"E00005372",4,4,0
"E00005373",5,3,2
"E00005374",8,4,4
"E00005375",2,2,0
"E00005376",1,0,1
"E00005377",2,2,0
"E00005378",0,0,0
"E00005379",2,0,2
"E00005380",1,1,0
"E00005381",2,1,1
"E00005382",4,2,2
"E00005383",2,0,2
"E00005384",1,0,1
"E00005385",2,1,1
"E00005386",1,1,0
"E00005387",1,0,1
"E00005388",4,2,2
"E00005389",0,0,0
"E00005390",4,1,3
"E00005391",2,1,1
"E00005392",1,0,1
"E00005393",3,0,3
"E00005394",3,1,2
"E00005395",2,2,0
"E00005396",9,6,3
"E00005397",13,6,7
"E00005398",0,0,0
"E00005399",2,2,0
"E00005400",8,1,7
"E00005401",5,4,1
"E00005402",3,0,3
"E00005404",8,4,4
"E00005405",13,8,5
"E00005406",4,3,1
"E00005407",6,2,4
"E00005408",5,3,2
"E00005409",13,5,8
"E00005410",4,1,3
"E00005411",4,2,2
"E00005412",4,3,1
"E00005413",7,5,2
"E00005414",7,4,3
"E00005415",11,5,6
"E00005416",0,0,0
"E00005417",10,6,4
"E00005418",9,5,4
"E00005419",21,13,8
"E00005420",5,3,2
"E00005421",8,2,6
"E00005422",16,7,9
"E00005423",10,5,5
"E00005424",5,3,2
"E00005425",4,2,2
"E00005426",1,1,0
"E00005427",0,0,0
"E00005428",6,3,3
"E00005429",3,1,2
"E00005430",9,4,5
"E00005431",0,0,0
"E00005432",0,0,0
"E00005433",9,7,2
"E00005435",11,8,3
"E00005436",0,0,0
"E00005437",9,4,5
"E00005438",3,0,3
"E00005439",2,2,0
"E00005440",7,3,4
"E00005441",6,2,4
"E00005442",6,5,1
"E00005443",19,7,12
"E00005444",5,2,3
"E00005445",0,0,0
"E00005446",7,2,5
"E00005447",4,2,2
"E00005448",2,2,0
"E00005449",2,2,0
"E00005450",3,2,1
"E00005451",4,2,2
"E00005452",2,1,1
"E00005453",10,4,6
"E00005454",26,12,14
"E00005455",17,11,6
"E00005456",2,0,2
"E00005457",11,5,6
"E00005458",6,2,4
"E00005459",7,2,5
"E00005461",1,1,0
"E00005462",18,10,8
"E00005463",12,9,3
"E00005464",4,4,0
"E00005465",6,4,2
"E00005466",2,2,0
"E00005467",16,8,8
"E00005468",6,6,0
"E00005469",9,6,3
"E00005470",7,3,4
"E00005471",15,11,4
"E00005472",14,3,11
"E00005473",3,0,3
"E00005474",3,1,2
"E00005475",3,2,1
"E00005476",5,2,3
"E00005477",5,2,3
"E00005478",1,0,1
"E00005479",5,3,2
"E00005480",1,1,0
"E00005481",2,2,0
"E00005482",4,1,3
"E00005483",14,7,7
"E00005484",3,2,1
"E00005485",3,3,0
"E00005486",2,0,2
"E00005487",5,1,4
"E00005488",7,2,5
"E00005489",3,2,1
"E00005490",2,0,2
"E00005491",5,3,2
"E00005492",0,0,0
"E00005493",10,3,7
"E00005494",10,4,6
"E00005495",1,1,0
"E00005496",7,5,2
"E00005497",8,3,5
"E00005498",6,2,4
"E00005499",7,3,4
"E00005500",1,0,1
"E00005501",4,2,2
"E00005502",4,0,4
"E00005503",7,3,4
"E00005504",7,3,4
"E00005505",2,1,1
"E00005506",6,3,3
"E00005507",12,7,5
"E00005508",7,3,4
"E00005509",14,11,3
"E00005510",3,2,1
"E00005511",15,7,8
"E00005512",6,3,3
"E00005513",4,2,2
"E00005514",10,3,7
"E00005515",11,6,5
"E00005516",11,5,6
"E00005517",5,3,2
"E00005518",9,2,7
"E00005519",4,2,2
"E00005520",6,2,4
"E00005521",0,0,0
"E00005522",5,3,2
"E00005523",3,2,1
"E00005524",4,2,2
"E00005525",2,0,2
"E00005526",0,0,0
"E00005527",4,1,3
"E00005528",1,1,0
"E00005529",2,0,2
"E00005530",1,1,0
"E00005531",5,3,2
"E00005532",0,0,0
"E00005533",1,0,1
"E00005534",3,2,1
"E00005535",1,0,1
"E00005536",2,1,1
"E00005537",2,1,1
"E00005538",0,0,0
"E00005539",0,0,0
"E00005540",4,3,1
"E00005541",3,3,0
"E00005542",3,2,1
"E00005543",0,0,0
"E00005544",1,0,1
"E00005545",4,2,2
"E00005546",3,2,1
"E00005547",2,0,2
"E00005548",0,0,0
"E00005549",1,0,1
"E00005550",1,1,0
"E00005551",3,1,2
"E00005552",5,1,4
"E00005553",4,1,3
"E00005554",1,0,1
"E00005555",7,4,3
"E00005556",1,1,0
"E00005557",0,0,0
"E00005558",3,1,2
"E00005559",1,0,1
"E00005560",3,0,3
"E00005561",5,2,3
"E00005562",2,1,1
"E00005563",1,1,0
"E00005564",2,0,2
"E00005565",1,1,0
"E00005566",0,0,0
"E00005567",3,2,1
"E00005568",2,1,1
"E00005570",2,2,0
"E00005571",2,0,2
"E00005572",5,3,2
"E00005573",5,0,5
"E00005574",6,2,4
"E00005575",11,6,5
"E00005576",5,1,4
"E00005577",4,2,2
"E00005578",5,2,3
"E00005579",3,0,3
"E00005580",14,4,10
"E00005581",11,10,1
"E00005582",9,8,1
"E00005583",18,8,10
"E00005584",4,2,2
"E00005585",2,2,0
"E00005586",5,4,1
"E00005587",3,1,2
"E00005588",6,4,2
"E00005589",1,1,0
"E00005590",7,2,5
"E00005591",3,2,1
"E00005592",12,7,5
"E00005593",3,2,1
"E00005594",3,0,3
"E00005595",14,7,7
"E00005596",13,8,5
"E00005597",5,3,2
"E00005598",4,1,3
"E00005599",6,3,3
"E00005600",9,2,7
"E00005601",5,0,5
"E00005602",3,0,3
"E00005603",10,6,4
"E00005604",0,0,0
"E00005605",5,3,2
"E00005606",8,2,6
"E00005607",4,3,1
"E00005608",7,3,4
"E00005609",5,4,1
"E00005610",4,3,1
"E00005611",8,4,4
"E00005612",11,5,6
"E00005613",3,1,2
"E00005614",10,5,5
"E00005615",5,3,2
"E00005616",7,5,2
"E00005617",4,2,2
"E00005618",0,0,0
"E00005619",7,5,2
"E00005620",1,0,1
"E00005621",4,1,3
"E00005622",0,0,0
"E00005623",6,2,4
"E00005624",8,6,2
"E00005625",10,6,4
"E00005626",10,7,3
"E00005627",10,3,7
"E00005628",5,4,1
"E00005629",7,6,1
"E00005630",17,8,9
"E00005631",11,4,7
"E00005632",3,2,1
"E00005633",5,4,1
"E00005634",12,9,3
"E00005635",8,4,4
"E00005636",7,1,6
"E00005637",8,6,2
"E00005638",3,2,1
"E00005639",3,1,2
"E00005640",3,1,2
"E00005641",9,5,4
"E00005642",9,4,5
"E00005643",5,2,3
"E00005644",4,2,2
"E00005645",0,0,0
"E00005646",3,2,1
"E00005647",4,2,2
"E00005648",3,2,1
"E00005649",8,4,4
"E00005650",3,2,1
"E00005651",4,3,1
"E00005652",2,0,2
"E00005653",2,2,0
"E00005654",3,2,1
"E00005655",0,0,0
"E00005656",3,1,2
"E00005657",5,3,2
"E00005658",1,1,0
"E00005659",5,3,2
"E00005660",6,1,5
"E00005661",5,2,3
"E00005662",6,4,2
"E00005663",7,3,4
"E00005664",2,1,1
"E00005665",2,1,1
"E00005666",1,1,0
"E00005667",2,1,1
"E00005668",3,1,2
"E00005669",5,3,2
"E00005670",0,0,0
"E00005671",0,0,0
"E00005672",0,0,0
"E00005673",2,1,1
"E00005674",1,0,1
"E00005675",4,4,0
"E00005676",3,2,1
"E00005677",1,1,0
"E00005678",4,1,3
"E00005679",1,0,1
"E00005680",2,1,1
"E00005681",3,1,2
"E00005682",1,1,0
"E00005683",3,2,1
"E00005684",3,1,2
"E00005685",4,3,1
"E00005686",1,1,0
"E00005687",1,0,1
"E00005688",0,0,0
"E00005689",4,0,4
"E00005690",1,1,0
"E00005691",3,2,1
"E00005692",3,2,1
"E00005693",4,3,1
"E00005694",0,0,0
"E00005695",3,2,1
"E00005696",0,0,0
"E00005697",0,0,0
"E00005698",2,2,0
"E00005699",5,4,1
"E00005700",11,4,7
"E00005701",4,3,1
"E00005702",1,0,1
"E00005703",4,3,1
"E00005704",10,7,3
"E00005705",0,0,0
"E00005706",11,8,3
"E00005707",4,1,3
"E00005708",12,6,6
"E00005709",5,2,3
"E00005710",10,3,7
"E00005711",2,1,1
"E00005712",4,2,2
"E00005713",2,1,1
"E00005714",4,3,1
"E00005715",4,2,2
"E00005716",4,1,3
"E00005718",3,3,0
"E00005719",10,6,4
"E00005720",7,2,5
"E00005721",5,3,2
"E00005722",6,2,4
"E00005723",9,5,4
"E00005724",12,6,6
"E00005725",9,5,4
"E00005726",7,2,5
"E00005727",9,5,4
"E00005728",10,6,4
"E00005729",0,0,0
"E00005730",4,1,3
"E00005731",8,5,3
"E00005732",3,1,2
"E00005733",3,3,0
"E00005734",1,0,1
"E00005735",0,0,0
"E00005736",5,2,3
"E00005737",3,1,2
"E00005738",2,0,2
"E00005739",1,0,1
"E00005740",5,5,0
"E00005741",1,1,0
"E00005742",8,6,2
"E00005743",5,2,3
"E00005744",0,0,0
"E00005745",3,2,1
"E00005746",0,0,0
"E00005747",7,5,2
"E00005748",4,2,2
"E00005749",3,1,2
"E00005751",7,0,7
"E00005752",0,0,0
"E00005753",4,1,3
"E00005754",0,0,0
"E00005755",0,0,0
"E00005756",5,1,4
"E00005757",0,0,0
"E00005758",6,4,2
"E00005759",13,7,6
"E00005760",3,3,0
"E00005761",1,0,1
"E00005762",2,1,1
"E00005763",1,1,0
"E00005764",8,5,3
"E00005765",16,8,8
"E00005766",2,1,1
"E00005767",1,1,0
"E00005768",2,0,2
"E00005769",4,1,3
"E00005770",3,1,2
"E00005771",6,3,3
"E00005772",1,1,0
"E00005773",5,3,2
"E00005774",1,1,0
"E00005775",0,0,0
"E00005776",2,0,2
"E00005777",10,5,5
"E00005778",7,4,3
"E00005779",0,0,0
"E00005780",4,2,2
"E00005781",3,0,3
"E00005782",8,2,6
"E00005783",8,6,2
"E00005784",3,2,1
"E00005785",8,3,5
"E00005786",9,7,2
"E00005787",0,0,0
"E00005788",4,2,2
"E00005789",5,4,1
"E00005790",8,4,4
"E00005791",4,3,1
"E00005792",6,2,4
"E00005793",6,3,3
"E00005794",3,1,2
"E00005795",0,0,0
"E00005796",0,0,0
"E00005797",1,1,0
"E00005798",13,5,8
"E00005799",8,0,8
"E00005800",9,6,3
"E00005801",3,2,1
"E00005802",7,4,3
"E00005803",2,0,2
"E00005804",6,3,3
"E00005805",2,1,1
"E00005806",7,0,7
"E00005807",4,1,3
"E00005808",3,1,2
"E00005809",7,4,3
"E00005810",0,0,0
"E00005811",6,4,2
"E00005812",6,2,4
"E00005813",2,1,1
"E00005814",3,0,3
"E00005816",3,2,1
"E00005817",4,3,1
"E00005818",3,2,1
"E00005819",1,0,1
"E00005820",0,0,0
"E00005821",0,0,0
"E00005822",0,0,0
"E00005823",12,8,4
"E00005824",0,0,0
"E00005825",2,1,1
"E00005826",0,0,0
"E00005827",7,5,2
"E00005828",3,1,2
"E00005829",6,3,3
"E00005830",5,2,3
"E00005831",4,2,2
"E00005832",2,1,1
"E00005833",3,0,3
"E00005834",2,1,1
"E00005835",5,3,2
"E00005836",3,1,2
"E00005837",0,0,0
"E00005838",2,2,0
"E00005839",0,0,0
"E00005840",4,3,1
"E00005841",1,0,1
"E00005842",0,0,0
"E00005843",3,2,1
"E00005844",9,1,8
"E00005845",0,0,0
"E00005846",0,0,0
"E00005848",0,0,0
"E00005849",4,1,3
"E00005850",3,1,2
"E00005851",6,3,3
"E00005852",2,1,1
"E00005853",3,2,1
"E00005854",0,0,0
"E00005855",4,3,1
"E00005856",2,2,0
"E00005857",4,3,1
"E00005858",0,0,0
"E00005859",5,2,3
"E00005860",0,0,0
"E00005861",3,2,1
"E00005862",1,1,0
"E00005863",0,0,0
"E00005864",4,3,1
"E00005865",5,2,3
"E00005866",1,0,1
"E00005867",4,2,2
"E00005868",2,0,2
"E00005869",3,1,2
"E00005871",8,4,4
"E00005872",7,4,3
"E00005873",3,0,3
"E00005874",1,1,0
"E00005875",0,0,0
"E00005876",4,1,3
"E00005877",3,3,0
"E00005878",6,3,3
"E00005879",0,0,0
"E00005880",8,2,6
"E00005881",2,1,1
"E00005882",10,3,7
"E00005883",5,1,4
"E00005884",1,0,1
"E00005885",6,3,3
"E00005886",8,2,6
"E00005887",8,6,2
"E00005888",6,4,2
"E00005889",8,3,5
"E00005890",3,3,0
"E00005891",1,0,1
"E00005892",5,1,4
"E00005893",0,0,0
"E00005894",5,2,3
"E00005895",6,5,1
"E00005896",3,3,0
"E00005897",2,0,2
"E00005898",2,2,0
"E00005899",3,1,2
"E00005900",4,3,1
"E00005901",0,0,0
"E00005902",7,5,2
"E00005903",6,1,5
"E00005904",5,1,4
"E00005905",2,2,0
"E00005906",5,3,2
"E00005907",11,4,7
"E00005908",0,0,0
"E00005909",3,2,1
"E00005910",1,0,1
"E00005911",0,0,0
"E00005912",3,3,0
"E00005913",4,0,4
"E00005914",7,3,4
"E00005915",4,1,3
"E00005916",3,2,1
"E00005917",4,2,2
"E00005918",3,2,1
"E00005919",5,2,3
"E00005920",8,5,3
"E00005921",3,3,0
"E00005922",4,2,2
"E00005923",0,0,0
"E00005924",2,0,2
"E00005925",4,3,1
"E00005926",0,0,0
"E00005927",6,2,4
"E00005928",4,1,3
"E00005929",7,3,4
"E00005930",0,0,0
"E00005931",0,0,0
"E00005932",3,1,2
"E00005933",2,1,1
"E00005934",7,5,2
"E00005935",6,3,3
"E00005936",11,5,6
"E00005937",1,1,0
"E00005938",4,3,1
"E00005939",4,3,1
"E00005940",0,0,0
"E00005941",4,1,3
"E00005942",7,4,3
"E00005943",2,1,1
"E00005944",1,1,0
"E00005945",3,1,2
"E00005946",2,1,1
"E00005947",5,3,2
"E00005948",1,1,0
"E00005949",1,1,0
"E00005950",2,1,1
"E00005951",6,5,1
"E00005952",3,2,1
"E00005953",2,1,1
"E00005954",0,0,0
"E00005955",2,2,0
"E00005956",0,0,0
"E00005957",2,2,0
"E00005958",2,1,1
"E00005959",2,0,2
"E00005960",2,2,0
"E00005961",4,4,0
"E00005962",5,4,1
"E00005963",7,3,4
"E00005964",1,1,0
"E00005965",7,4,3
"E00005966",2,1,1
"E00005967",1,1,0
"E00005968",1,0,1
"E00005969",5,1,4
"E00005970",0,0,0
"E00005971",1,0,1
"E00005972",3,1,2
"E00005973",0,0,0
"E00005974",1,0,1
"E00005975",5,3,2
"E00005976",1,0,1
"E00005977",0,0,0
"E00005978",4,0,4
"E00005979",6,2,4
"E00005980",0,0,0
"E00005981",2,1,1
"E00005982",0,0,0
"E00005983",3,2,1
"E00005984",8,7,1
"E00005985",1,0,1
"E00005986",6,5,1
"E00005987",0,0,0
"E00005988",7,5,2
"E00005989",0,0,0
"E00005990",6,3,3
"E00005991",9,5,4
"E00005992",2,2,0
"E00005993",10,5,5
"E00005994",3,1,2
"E00005995",6,2,4
"E00005996",6,3,3
"E00005997",2,0,2
"E00005998",2,1,1
"E00005999",8,3,5
"E00006000",0,0,0
"E00006001",2,2,0
"E00006002",0,0,0
"E00006003",6,4,2
"E00006004",3,1,2
"E00006005",2,1,1
"E00006006",5,3,2
"E00006007",0,0,0
"E00006008",0,0,0
"E00006009",1,0,1
"E00006010",1,1,0
"E00006011",5,3,2
"E00006012",9,7,2
"E00006013",16,7,9
"E00006014",7,3,4
"E00006015",5,3,2
"E00006016",1,1,0
"E00006017",19,10,9
"E00006018",6,1,5
"E00006019",0,0,0
"E00006020",11,6,5
"E00006021",6,2,4
"E00006022",0,0,0
"E00006023",17,7,10
"E00006024",3,1,2
"E00006025",3,1,2
"E00006026",6,3,3
"E00006027",10,4,6
"E00006028",1,0,1
"E00006029",0,0,0
"E00006030",0,0,0
"E00006031",3,2,1
"E00006032",16,6,10
"E00006033",6,2,4
"E00006034",4,3,1
"E00006035",2,1,1
"E00006036",1,0,1
"E00006037",4,1,3
"E00006038",0,0,0
"E00006039",5,4,1
"E00006040",4,2,2
"E00006041",5,3,2
"E00006042",7,5,2
"E00006043",1,1,0
"E00006044",13,5,8
"E00006045",6,3,3
"E00006046",5,2,3
"E00006047",11,6,5
"E00006048",2,1,1
"E00006049",12,7,5
"E00006050",8,3,5
"E00006051",6,3,3
"E00006052",4,1,3
"E00006053",9,3,6
"E00006054",4,1,3
"E00006055",9,4,5
"E00006056",3,2,1
"E00006057",1,1,0
"E00006058",6,3,3
"E00006059",8,5,3
"E00006060",3,0,3
"E00006061",10,6,4
"E00006062",3,1,2
"E00006063",7,2,5
"E00006064",5,3,2
"E00006065",0,0,0
"E00006066",0,0,0
"E00006067",5,2,3
"E00006068",4,2,2
"E00006069",10,5,5
"E00006070",4,1,3
"E00006071",9,7,2
"E00006072",9,4,5
"E00006073",1,1,0
"E00006074",1,1,0
"E00006075",6,5,1
"E00006076",9,5,4
"E00006077",5,4,1
"E00006078",6,1,5
"E00006079",8,2,6
"E00006080",0,0,0
"E00006081",8,5,3
"E00006082",6,4,2
"E00006083",5,3,2
"E00006084",13,7,6
"E00006085",1,1,0
"E00006086",1,1,0
"E00006087",4,2,2
"E00006088",0,0,0
"E00006089",3,2,1
"E00006090",2,1,1
"E00006091",11,10,1
"E00006092",9,5,4
"E00006093",3,2,1
"E00006094",8,4,4
"E00006095",14,7,7
"E00006096",6,4,2
"E00006097",14,3,11
"E00006098",5,1,4
"E00006099",1,0,1
"E00006100",1,0,1
"E00006101",3,2,1
"E00006102",16,7,9
"E00006103",5,2,3
"E00006104",0,0,0
"E00006105",6,3,3
"E00006106",14,6,8
"E00006107",7,3,4
"E00006108",9,4,5
"E00006109",6,1,5
"E00006110",8,4,4
"E00006111",4,1,3
"E00006112",10,3,7
"E00006113",7,5,2
"E00006114",6,2,4
"E00006115",11,8,3
"E00006116",5,3,2
"E00006118",15,5,10
"E00006119",1,1,0
"E00006120",8,5,3
"E00006121",1,1,0
"E00006122",5,2,3
"E00006123",6,4,2
"E00006124",5,3,2
"E00006125",4,2,2
"E00006126",1,0,1
"E00006127",0,0,0
"E00006128",1,0,1
"E00006129",11,6,5
"E00006130",3,1,2
"E00006131",1,0,1
"E00006132",0,0,0
"E00006133",2,2,0
"E00006134",0,0,0
"E00006135",6,2,4
"E00006136",0,0,0
"E00006137",4,3,1
"E00006138",8,3,5
"E00006139",3,1,2
"E00006140",0,0,0
"E00006141",0,0,0
"E00006142",3,1,2
"E00006143",9,4,5
"E00006144",3,3,0
"E00006145",6,4,2
"E00006146",12,7,5
"E00006147",7,4,3
"E00006148",3,2,1
"E00006149",7,2,5
"E00006150",14,7,7
"E00006151",9,5,4
"E00006153",1,0,1
"E00006154",1,1,0
"E00006155",3,2,1
"E00006156",2,2,0
"E00006157",5,2,3
"E00006158",9,4,5
"E00006159",3,2,1
"E00006160",2,1,1
"E00006161",2,0,2
"E00006162",1,0,1
"E00006163",3,0,3
"E00006164",2,1,1
"E00006165",4,2,2
"E00006166",1,1,0
"E00006167",6,4,2
"E00006168",1,0,1
"E00006169",3,1,2
"E00006170",4,3,1
"E00006171",2,2,0
"E00006172",1,1,0
"E00006173",3,1,2
"E00006174",0,0,0
"E00006175",8,4,4
"E00006176",6,2,4
"E00006177",3,1,2
"E00006178",4,3,1
"E00006179",3,3,0
"E00006180",2,1,1
"E00006181",0,0,0
"E00006182",0,0,0
"E00006183",3,1,2
"E00006184",4,2,2
"E00006185",4,1,3
"E00006186",6,4,2
"E00006187",0,0,0
"E00006188",4,2,2
"E00006190",0,0,0
"E00006191",2,1,1
"E00006192",2,1,1
"E00006193",2,1,1
"E00006194",5,3,2
"E00006195",3,1,2
"E00006197",6,5,1
"E00006198",12,6,6
"E00006199",1,0,1
"E00006200",2,0,2
"E00006201",3,1,2
"E00006202",0,0,0
"E00006203",6,2,4
"E00006204",10,2,8
"E00006205",6,4,2
"E00006206",3,3,0
"E00006207",7,2,5
"E00006208",1,1,0
"E00006209",6,3,3
"E00006210",7,3,4
"E00006211",1,0,1
"E00006212",4,3,1
"E00006213",2,0,2
"E00006214",12,6,6
"E00006215",4,2,2
"E00006216",2,2,0
"E00006217",0,0,0
"E00006218",4,1,3
"E00006219",3,1,2
"E00006220",2,0,2
"E00006221",12,10,2
"E00006222",0,0,0
"E00006224",11,6,5
"E00006225",5,2,3
"E00006226",12,5,7
"E00006227",4,1,3
"E00006228",7,3,4
"E00006229",9,4,5
"E00006230",8,2,6
"E00006231",1,1,0
"E00006232",1,0,1
"E00006233",1,0,1
"E00006234",0,0,0
"E00006235",0,0,0
"E00006236",3,1,2
"E00006237",0,0,0
"E00006238",4,2,2
"E00006239",1,0,1
"E00006240",1,1,0
"E00006241",0,0,0
"E00006242",5,2,3
"E00006243",2,1,1
"E00006244",0,0,0
"E00006245",4,3,1
"E00006246",2,0,2
"E00006247",2,0,2
"E00006248",0,0,0
"E00006249",1,1,0
"E00006250",3,2,1
"E00006251",5,3,2
"E00006252",1,1,0
"E00006253",1,0,1
"E00006254",3,1,2
"E00006255",1,0,1
"E00006256",1,0,1
"E00006257",4,1,3
"E00006258",3,1,2
"E00006259",4,3,1
"E00006260",4,2,2
"E00006261",2,0,2
"E00006262",4,3,1
"E00006263",2,1,1
"E00006264",7,4,3
"E00006265",1,1,0
"E00006266",0,0,0
"E00006267",12,4,8
"E00006268",6,2,4
"E00006269",3,2,1
"E00006270",1,1,0
"E00006271",7,5,2
"E00006272",6,1,5
"E00006273",2,2,0
"E00006274",5,2,3
"E00006275",9,3,6
"E00006276",4,1,3
"E00006277",6,3,3
"E00006278",4,1,3
"E00006279",3,1,2
"E00006280",6,4,2
"E00006281",0,0,0
"E00006282",6,2,4
"E00006283",4,1,3
"E00006284",1,0,1
"E00006285",9,3,6
"E00006286",2,1,1
"E00006287",2,1,1
"E00006288",0,0,0
"E00006289",10,2,8
"E00006290",0,0,0
"E00006291",7,3,4
"E00006292",5,4,1
"E00006293",7,3,4
"E00006294",1,1,0
"E00006295",0,0,0
"E00006296",5,2,3
"E00006298",5,2,3
"E00006299",8,4,4
"E00006300",7,2,5
"E00006301",0,0,0
"E00006302",1,1,0
"E00006303",0,0,0
"E00006304",6,2,4
"E00006305",5,2,3
"E00006307",8,4,4
"E00006308",2,1,1
"E00006309",0,0,0
"E00006310",5,3,2
"E00006311",3,1,2
"E00006312",0,0,0
"E00006313",0,0,0
"E00006314",2,1,1
"E00006315",7,4,3
"E00006316",5,1,4
"E00006317",5,2,3
"E00006318",1,1,0
"E00006319",7,4,3
"E00006320",4,2,2
"E00006321",0,0,0
"E00006322",4,2,2
"E00006323",3,1,2
"E00006324",6,2,4
"E00006325",10,6,4
"E00006326",1,1,0
"E00006327",3,2,1
"E00006328",14,7,7
"E00006329",0,0,0
"E00006330",9,7,2
"E00006331",1,0,1
"E00006332",1,1,0
"E00006333",4,3,1
"E00006334",4,4,0
"E00006335",3,1,2
"E00006336",7,2,5
"E00006337",6,5,1
"E00006338",7,3,4
"E00006339",0,0,0
"E00006340",5,3,2
"E00006341",0,0,0
"E00006342",0,0,0
"E00006343",1,1,0
"E00006344",0,0,0
"E00006345",5,3,2
"E00006346",3,1,2
"E00006347",5,4,1
"E00006348",2,2,0
"E00006349",5,3,2
"E00006350",12,7,5
"E00006351",2,2,0
"E00006352",3,2,1
"E00006353",6,4,2
"E00006354",4,4,0
"E00006355",4,2,2
"E00006356",6,4,2
"E00006357",8,8,0
"E00006358",7,4,3
"E00006359",5,5,0
"E00006360",1,1,0
"E00006361",0,0,0
"E00006362",8,3,5
"E00006363",2,1,1
"E00006364",1,1,0
"E00006365",2,1,1
"E00006366",2,1,1
"E00006367",5,3,2
"E00006368",3,2,1
"E00006369",4,2,2
"E00006370",5,3,2
"E00006371",0,0,0
"E00006372",6,2,4
"E00006373",0,0,0
"E00006374",3,1,2
"E00006375",0,0,0
"E00006376",6,3,3
"E00006377",3,1,2
"E00006378",12,10,2
"E00006379",9,5,4
"E00006380",9,4,5
"E00006381",14,5,9
"E00006382",3,1,2
"E00006383",2,1,1
"E00006384",6,5,1
"E00006385",3,2,1
"E00006386",1,0,1
"E00006387",3,2,1
"E00006388",6,3,3
"E00006389",2,0,2
"E00006390",0,0,0
"E00006391",5,3,2
"E00006392",0,0,0
"E00006393",2,2,0
"E00006394",3,2,1
"E00006395",7,3,4
"E00006396",5,3,2
"E00006397",15,7,8
"E00006398",3,1,2
"E00006399",1,1,0
"E00006400",2,0,2
"E00006401",9,3,6
"E00006402",2,0,2
"E00006403",5,2,3
"E00006404",8,4,4
"E00006405",6,3,3
"E00006406",3,2,1
"E00006407",6,3,3
"E00006408",0,0,0
"E00006409",0,0,0
"E00006410",10,5,5
"E00006411",7,5,2
"E00006412",10,3,7
"E00006413",3,2,1
"E00006414",4,1,3
"E00006415",9,5,4
"E00006416",10,4,6
"E00006417",11,7,4
"E00006418",1,0,1
"E00006419",6,4,2
"E00006420",7,5,2
"E00006421",12,4,8
"E00006422",13,7,6
"E00006423",6,3,3
"E00006424",12,7,5
"E00006425",8,0,8
"E00006426",5,2,3
"E00006427",7,3,4
"E00006428",1,1,0
"E00006429",1,1,0
"E00006430",0,0,0
"E00006431",4,3,1
"E00006432",1,0,1
"E00006433",6,2,4
"E00006434",1,1,0
"E00006435",0,0,0
"E00006436",4,2,2
"E00006437",0,0,0
"E00006438",2,1,1
"E00006439",2,0,2
"E00006440",1,1,0
"E00006441",7,2,5
"E00006442",3,2,1
"E00006443",6,1,5
"E00006444",1,0,1
"E00006445",6,0,6
"E00006446",10,6,4
"E00006447",6,3,3
"E00006448",8,3,5
"E00006449",10,6,4
"E00006450",6,4,2
"E00006451",5,4,1
"E00006452",9,5,4
"E00006453",0,0,0
"E00006454",4,2,2
"E00006455",5,3,2
"E00006456",10,9,1
"E00006457",8,3,5
"E00006458",7,3,4
"E00006459",5,1,4
"E00006460",8,4,4
"E00006462",7,0,7
"E00006463",0,0,0
"E00006464",4,4,0
"E00006465",4,0,4
"E00006466",4,2,2
"E00006467",9,5,4
"E00006468",5,0,5
"E00006469",12,4,8
"E00006470",6,1,5
"E00006471",6,2,4
"E00006472",4,2,2
"E00006473",1,0,1
"E00006474",6,4,2
"E00006475",3,1,2
"E00006476",4,1,3
"E00006477",10,8,2
"E00006478",10,6,4
"E00006479",3,3,0
"E00006480",7,1,6
"E00006481",8,6,2
"E00006482",8,4,4
"E00006483",2,1,1
"E00006484",8,4,4
"E00006485",0,0,0
"E00006486",6,3,3
"E00006487",5,3,2
"E00006488",1,1,0
"E00006489",0,0,0
"E00006491",1,0,1
"E00006492",0,0,0
"E00006493",1,0,1
"E00006494",0,0,0
"E00006496",2,0,2
"E00006497",4,2,2
"E00006498",11,6,5
"E00006499",5,4,1
"E00006500",3,2,1
"E00006501",6,3,3
"E00006502",6,2,4
"E00006503",4,2,2
"E00006504",5,3,2
"E00006505",3,2,1
"E00006506",2,2,0
"E00006507",5,1,4
"E00006508",5,4,1
"E00006509",0,0,0
"E00006510",7,6,1
"E00006511",11,4,7
"E00006512",4,1,3
"E00006513",5,3,2
"E00006514",6,2,4
"E00006515",10,6,4
"E00006516",8,5,3
"E00006517",7,3,4
"E00006518",3,3,0
"E00006519",3,2,1
"E00006520",6,2,4
"E00006521",7,1,6
"E00006522",1,0,1
"E00006523",7,4,3
"E00006524",5,2,3
"E00006525",2,2,0
"E00006526",1,0,1
"E00006527",9,6,3
"E00006528",1,0,1
"E00006529",8,5,3
"E00006530",5,4,1
"E00006531",2,1,1
"E00006532",4,2,2
"E00006533",5,1,4
"E00006534",8,6,2
"E00006535",2,0,2
"E00006536",3,1,2
"E00006537",5,1,4
"E00006538",4,2,2
"E00006539",4,3,1
"E00006540",7,5,2
"E00006541",8,4,4
"E00006542",7,1,6
"E00006543",6,5,1
"E00006544",7,5,2
"E00006545",1,1,0
"E00006546",7,4,3
"E00006547",7,5,2
"E00006548",9,2,7
"E00006549",0,0,0
"E00006550",5,3,2
"E00006551",2,0,2
"E00006552",1,0,1
"E00006553",0,0,0
"E00006554",1,1,0
"E00006555",0,0,0
"E00006556",2,1,1
"E00006557",2,1,1
"E00006558",3,1,2
"E00006559",3,1,2
"E00006560",2,1,1
"E00006561",8,6,2
"E00006562",0,0,0
"E00006563",3,0,3
"E00006564",4,0,4
"E00006565",6,2,4
"E00006566",1,0,1
"E00006567",1,1,0
"E00006568",8,6,2
"E00006569",7,5,2
"E00006570",4,2,2
"E00006571",2,0,2
"E00006572",0,0,0
"E00006573",2,2,0
"E00006574",3,1,2
"E00006575",0,0,0
"E00006576",4,1,3
"E00006577",8,5,3
"E00006578",6,4,2
"E00006579",5,5,0
"E00006580",0,0,0
"E00006581",4,3,1
"E00006582",9,5,4
"E00006583",2,2,0
"E00006584",5,3,2
"E00006585",1,0,1
"E00006586",4,1,3
"E00006587",1,1,0
"E00006588",8,5,3
"E00006589",0,0,0
"E00006590",4,4,0
"E00006591",1,1,0
"E00006592",7,5,2
"E00006593",4,4,0
"E00006594",1,1,0
"E00006595",2,2,0
"E00006596",4,2,2
"E00006597",0,0,0
"E00006598",7,3,4
"E00006599",2,0,2
"E00006600",6,4,2
"E00006601",1,0,1
"E00006602",5,1,4
"E00006603",5,2,3
"E00006604",2,1,1
"E00006605",1,0,1
"E00006606",4,4,0
"E00006607",3,0,3
"E00006608",0,0,0
"E00006609",3,1,2
"E00006610",1,1,0
"E00006611",12,6,6
"E00006612",5,2,3
"E00006613",6,2,4
"E00006614",3,2,1
"E00006615",2,1,1
"E00006616",3,1,2
"E00006617",0,0,0
"E00006618",3,1,2
"E00006619",2,2,0
"E00006620",1,1,0
"E00006621",1,0,1
"E00006622",2,1,1
"E00006623",1,0,1
"E00006624",4,0,4
"E00006625",5,1,4
"E00006626",9,5,4
"E00006627",3,2,1
"E00006628",2,2,0
"E00006629",4,2,2
"E00006630",5,4,1
"E00006631",1,1,0
"E00006632",1,1,0
"E00006633",2,1,1
"E00006634",8,3,5
"E00006635",6,4,2
"E00006636",3,2,1
"E00006637",1,1,0
"E00006638",3,1,2
"E00006639",5,3,2
"E00006640",1,1,0
"E00006641",1,0,1
"E00006642",4,3,1
"E00006643",7,3,4
"E00006644",0,0,0
"E00006645",0,0,0
"E00006646",0,0,0
"E00006647",0,0,0
"E00006648",2,2,0
"E00006649",7,4,3
"E00006650",1,0,1
"E00006651",2,1,1
"E00006652",3,1,2
"E00006653",1,1,0
"E00006654",15,10,5
"E00006655",6,3,3
"E00006656",4,2,2
"E00006657",18,4,14
"E00006658",15,8,7
"E00006659",7,2,5
"E00006660",5,1,4
"E00006661",9,3,6
"E00006662",0,0,0
"E00006663",7,4,3
"E00006664",5,4,1
"E00006665",2,1,1
"E00006666",3,2,1
"E00006667",1,1,0
"E00006668",3,3,0
"E00006669",2,0,2
"E00006670",2,2,0
"E00006671",8,7,1
"E00006672",2,0,2
"E00006673",5,1,4
"E00006674",5,4,1
"E00006675",1,0,1
"E00006676",3,1,2
"E00006677",4,2,2
"E00006678",6,4,2
"E00006679",10,8,2
"E00006680",4,3,1
"E00006681",5,3,2
"E00006682",5,1,4
"E00006683",4,2,2
"E00006684",3,0,3
"E00006685",4,3,1
"E00006686",2,1,1
"E00006687",3,0,3
"E00006688",5,1,4
"E00006689",1,1,0
"E00006690",1,0,1
"E00006691",6,2,4
"E00006692",5,3,2
"E00006693",3,2,1
"E00006694",0,0,0
"E00006695",4,1,3
"E00006696",0,0,0
"E00006697",1,1,0
"E00006698",7,7,0
"E00006699",9,5,4
"E00006701",6,4,2
"E00006702",1,1,0
"E00006703",8,4,4
"E00006704",1,0,1
"E00006705",5,4,1
"E00006706",5,1,4
"E00006707",9,3,6
"E00006708",4,1,3
"E00006709",8,4,4
"E00006710",7,3,4
"E00006711",4,2,2
"E00006712",3,2,1
"E00006713",0,0,0
"E00006714",0,0,0
"E00006715",2,1,1
"E00006716",9,2,7
"E00006717",1,1,0
"E00006718",2,2,0
"E00006719",1,1,0
"E00006720",2,1,1
"E00006721",10,6,4
"E00006722",4,3,1
"E00006723",3,3,0
"E00006724",0,0,0
"E00006725",3,2,1
"E00006726",5,3,2
"E00006727",1,0,1
"E00006728",11,6,5
"E00006729",7,3,4
"E00006730",2,0,2
"E00006731",2,1,1
"E00006732",14,9,5
"E00006734",1,1,0
"E00006735",6,5,1
"E00006737",1,1,0
"E00006738",14,11,3
"E00006739",7,3,4
"E00006740",3,2,1
"E00006741",6,3,3
"E00006742",7,5,2
"E00006743",13,5,8
"E00006744",12,7,5
"E00006745",11,7,4
"E00006746",5,3,2
"E00006747",3,1,2
"E00006748",2,2,0
"E00006749",7,5,2
"E00006750",13,7,6
"E00006751",0,0,0
"E00006752",1,1,0
"E00006753",5,2,3
"E00006754",0,0,0
"E00006755",1,0,1
"E00006756",1,1,0
"E00006757",2,1,1
"E00006758",4,2,2
"E00006759",7,3,4
"E00006760",0,0,0
"E00006761",2,1,1
"E00006762",5,0,5
"E00006763",6,4,2
"E00006764",5,3,2
"E00006765",4,2,2
"E00006766",4,2,2
"E00006767",4,4,0
"E00006768",0,0,0
"E00006769",3,2,1
"E00006770",8,4,4
"E00006771",5,2,3
"E00006772",2,2,0
"E00006773",10,4,6
"E00006774",1,1,0
"E00006775",5,0,5
"E00006776",0,0,0
"E00006777",0,0,0
"E00006778",4,0,4
"E00006780",9,7,2
"E00006781",0,0,0
"E00006782",8,4,4
"E00006783",4,2,2
"E00006784",5,5,0
"E00006785",5,1,4
"E00006786",3,2,1
"E00006787",2,1,1
"E00006788",1,0,1
"E00006789",3,1,2
"E00006790",11,6,5
"E00006791",7,5,2
"E00006792",2,0,2
"E00006793",4,2,2
"E00006794",5,4,1
"E00006795",7,5,2
"E00006796",8,4,4
"E00006797",1,1,0
"E00006798",1,1,0
"E00006799",4,4,0
"E00006800",4,1,3
"E00006801",6,3,3
"E00006802",4,2,2
"E00006803",6,2,4
"E00006804",9,8,1
"E00006805",0,0,0
"E00006806",3,2,1
"E00006807",2,0,2
"E00006808",2,1,1
"E00006809",5,4,1
"E00006810",2,1,1
"E00006811",5,1,4
"E00006812",6,5,1
"E00006813",8,3,5
"E00006814",1,0,1
"E00006815",7,1,6
"E00006816",5,3,2
"E00006817",8,2,6
"E00006818",2,2,0
"E00006819",0,0,0
"E00006820",12,8,4
"E00006821",0,0,0
"E00006822",6,3,3
"E00006823",2,0,2
"E00006824",6,2,4
"E00006825",3,0,3
"E00006826",2,2,0
"E00006827",0,0,0
"E00006828",3,2,1
"E00006829",1,0,1
"E00006830",0,0,0
"E00006831",3,2,1
"E00006832",4,3,1
"E00006833",3,3,0
"E00006834",10,4,6
"E00006835",7,5,2
"E00006836",3,2,1
"E00006837",2,0,2
"E00006838",4,1,3
"E00006839",2,1,1
"E00006840",6,3,3
"E00006841",7,5,2
"E00006842",7,3,4
"E00006843",3,2,1
"E00006844",0,0,0
"E00006845",0,0,0
"E00006846",16,11,5
"E00006847",4,3,1
"E00006848",5,3,2
"E00006849",2,1,1
"E00006850",0,0,0
"E00006851",6,5,1
"E00006852",7,4,3
"E00006853",5,4,1
"E00006854",2,1,1
"E00006855",4,2,2
"E00006856",0,0,0
"E00006857",0,0,0
"E00006858",0,0,0
"E00006860",4,1,3
"E00006861",0,0,0
"E00006862",0,0,0
"E00006863",3,2,1
"E00006864",1,1,0
"E00006865",4,1,3
"E00006866",6,5,1
"E00006867",6,2,4
"E00006868",12,5,7
"E00006869",0,0,0
"E00006870",0,0,0
"E00006871",9,4,5
"E00006872",0,0,0
"E00006873",4,2,2
"E00006874",6,2,4
"E00006875",0,0,0
"E00006876",3,1,2
"E00006877",4,1,3
"E00006878",7,4,3
"E00006879",4,3,1
"E00006880",6,3,3
"E00006881",10,4,6
"E00006882",7,4,3
"E00006883",0,0,0
"E00006884",10,4,6
"E00006885",9,6,3
"E00006886",9,7,2
"E00006887",7,4,3
"E00006888",1,0,1
"E00006889",2,1,1
"E00006890",0,0,0
"E00006891",1,1,0
"E00006892",0,0,0
"E00006893",2,1,1
"E00006894",1,1,0
"E00006895",1,1,0
"E00006896",5,2,3
"E00006897",3,3,0
"E00006898",1,1,0
"E00006899",4,2,2
"E00006900",4,1,3
"E00006901",6,4,2
"E00006902",1,0,1
"E00006903",2,1,1
"E00006904",6,3,3
"E00006905",6,3,3
"E00006906",6,4,2
"E00006907",5,3,2
"E00006908",5,3,2
"E00006909",3,2,1
"E00006910",2,2,0
"E00006911",0,0,0
"E00006912",4,2,2
"E00006913",2,0,2
"E00006914",0,0,0
"E00006915",2,1,1
"E00006916",1,0,1
"E00006917",1,1,0
"E00006918",5,3,2
"E00006919",12,5,7
"E00006920",1,0,1
"E00006921",7,5,2
"E00006922",1,0,1
"E00006923",2,0,2
"E00006924",1,1,0
"E00006925",5,2,3
"E00006926",1,1,0
"E00006927",0,0,0
"E00006928",1,1,0
"E00006929",3,0,3
"E00006930",4,2,2
"E00006931",1,0,1
"E00006932",6,3,3
"E00006933",4,2,2
"E00006934",2,1,1
"E00006935",4,3,1
"E00006936",4,2,2
"E00006937",0,0,0
"E00006938",5,3,2
"E00006939",1,1,0
"E00006940",8,3,5
"E00006941",2,2,0
"E00006942",5,3,2
"E00006943",7,4,3
"E00006944",2,1,1
"E00006945",7,3,4
"E00006946",5,3,2
"E00006947",3,2,1
"E00006948",5,2,3
"E00006949",4,3,1
"E00006950",4,0,4
"E00006951",3,1,2
"E00006952",4,0,4
"E00006953",19,7,12
"E00006954",8,3,5
"E00006955",3,0,3
"E00006956",10,3,7
"E00006957",5,3,2
"E00006958",7,4,3
"E00006959",6,5,1
"E00006960",9,3,6
"E00006961",6,3,3
"E00006962",6,3,3
"E00006963",7,1,6
"E00006964",6,3,3
"E00006965",9,8,1
"E00006966",3,1,2
"E00006967",2,1,1
"E00006968",4,2,2
"E00006969",8,5,3
"E00006970",3,2,1
"E00006971",8,7,1
"E00006972",2,1,1
"E00006973",3,1,2
"E00006974",8,2,6
"E00006975",5,2,3
"E00006976",5,2,3
"E00006977",3,2,1
"E00006978",0,0,0
"E00006979",2,0,2
"E00006980",2,1,1
"E00006981",6,3,3
"E00006982",5,1,4
"E00006983",11,7,4
"E00006984",1,1,0
"E00006985",9,2,7
"E00006986",7,4,3
"E00006987",1,0,1
"E00006988",3,2,1
"E00006989",5,4,1
"E00006990",0,0,0
"E00006991",6,4,2
"E00006992",5,4,1
"E00006993",3,1,2
"E00006994",8,4,4
"E00006995",5,1,4
"E00006996",4,1,3
"E00006997",2,2,0
"E00006998",2,2,0
"E00006999",5,2,3
"E00007000",1,0,1
"E00007001",5,3,2
"E00007002",6,3,3
"E00007003",0,0,0
"E00007004",4,2,2
"E00007005",6,2,4
"E00007006",6,1,5
"E00007007",4,2,2
"E00007008",8,4,4
"E00007009",3,0,3
"E00007010",1,1,0
"E00007011",0,0,0
"E00007012",0,0,0
"E00007013",2,1,1
"E00007014",4,1,3
"E00007015",1,1,0
"E00007016",8,6,2
"E00007017",0,0,0
"E00007018",1,1,0
"E00007019",0,0,0
"E00007020",0,0,0
"E00007021",2,1,1
"E00007022",2,2,0
"E00007023",0,0,0
"E00007024",5,3,2
"E00007025",2,1,1
"E00007027",5,3,2
"E00007028",1,0,1
"E00007029",13,7,6
"E00007030",3,1,2
"E00007031",4,1,3
"E00007032",1,1,0
"E00007033",1,0,1
"E00007034",0,0,0
"E00007035",7,6,1
"E00007036",4,3,1
"E00007037",3,2,1
"E00007038",3,1,2
"E00007039",9,7,2
"E00007040",9,5,4
"E00007041",5,1,4
"E00007042",6,3,3
"E00007043",0,0,0
"E00007044",5,1,4
"E00007045",2,1,1
"E00007046",0,0,0
"E00007047",1,1,0
"E00007048",9,4,5
"E00007049",5,3,2
"E00007050",8,4,4
"E00007052",18,7,11
"E00007053",13,5,8
"E00007054",20,10,10
"E00007055",15,7,8
"E00007056",2,1,1
"E00007057",27,17,10
"E00007058",2,1,1
"E00007059",3,3,0
"E00007060",9,7,2
"E00007061",2,1,1
"E00007062",9,5,4
"E00007063",4,2,2
"E00007064",1,0,1
"E00007065",10,5,5
"E00007066",6,1,5
"E00007067",1,0,1
"E00007068",9,5,4
"E00007069",7,4,3
"E00007070",1,1,0
"E00007071",7,5,2
"E00007072",4,3,1
"E00007073",1,0,1
"E00007074",8,4,4
"E00007075",1,0,1
"E00007076",4,1,3
"E00007077",0,0,0
"E00007078",5,2,3
"E00007079",3,1,2
"E00007080",0,0,0
"E00007081",3,1,2
"E00007082",1,1,0
"E00007083",5,3,2
"E00007084",4,1,3
"E00007085",13,6,7
"E00007086",1,1,0
"E00007087",2,1,1
"E00007088",0,0,0
"E00007089",1,0,1
"E00007090",2,0,2
"E00007092",0,0,0
"E00007093",1,1,0
"E00007094",3,0,3
"E00007096",0,0,0
"E00007098",1,0,1
"E00007099",5,2,3
"E00007100",8,3,5
"E00007101",1,1,0
"E00007102",7,3,4
"E00007103",0,0,0
"E00007105",3,1,2
"E00007106",2,1,1
"E00007107",2,0,2
"E00007108",4,1,3
"E00007109",7,3,4
"E00007110",9,4,5
"E00007111",1,0,1
"E00007112",0,0,0
"E00007113",0,0,0
"E00007114",5,3,2
"E00007115",3,2,1
"E00007116",4,2,2
"E00007117",10,5,5
"E00007118",3,1,2
"E00007119",2,1,1
"E00007120",4,3,1
"E00007121",2,0,2
"E00007122",0,0,0
"E00007123",2,0,2
"E00007124",5,1,4
"E00007125",5,5,0
"E00007126",3,1,2
"E00007127",6,5,1
"E00007128",8,4,4
"E00007129",3,1,2
"E00007130",4,0,4
"E00007131",2,1,1
"E00007132",2,1,1
"E00007133",4,2,2
"E00007134",5,2,3
"E00007135",0,0,0
"E00007136",1,0,1
"E00007137",3,3,0
"E00007138",9,4,5
"E00007139",1,0,1
"E00007140",2,2,0
"E00007141",4,2,2
"E00007142",1,1,0
"E00007143",2,2,0
"E00007144",5,2,3
"E00007146",1,1,0
"E00007147",0,0,0
"E00007148",5,1,4
"E00007149",0,0,0
"E00007150",0,0,0
"E00007151",4,2,2
"E00007152",0,0,0
"E00007153",4,2,2
"E00007154",3,2,1
"E00007155",3,1,2
"E00007156",0,0,0
"E00007157",3,0,3
"E00007158",10,4,6
"E00007159",1,1,0
"E00007160",1,0,1
"E00007161",1,1,0
"E00007162",1,0,1
"E00007163",2,1,1
"E00007164",1,1,0
"E00007165",4,4,0
"E00007166",2,0,2
"E00007167",7,0,7
"E00007168",1,0,1
"E00007170",5,3,2
"E00007171",2,0,2
"E00007172",1,1,0
"E00007173",3,1,2
"E00007174",4,3,1
"E00007175",3,0,3
"E00007176",5,3,2
"E00007177",2,1,1
"E00007179",6,4,2
"E00007180",3,2,1
"E00007181",0,0,0
"E00007182",0,0,0
"E00007183",0,0,0
"E00007184",3,2,1
"E00007185",1,0,1
"E00007186",3,0,3
"E00007187",1,1,0
"E00007188",3,3,0
"E00007189",8,5,3
"E00007191",5,2,3
"E00007192",5,3,2
"E00007193",0,0,0
"E00007194",5,4,1
"E00007195",9,3,6
"E00007196",6,2,4
"E00007197",5,2,3
"E00007198",6,1,5
"E00007199",6,2,4
"E00007200",1,0,1
"E00007201",3,0,3
"E00007202",2,1,1
"E00007203",5,2,3
"E00007204",1,0,1
"E00007205",7,5,2
"E00007206",9,3,6
"E00007207",4,1,3
"E00007208",9,3,6
"E00007209",4,3,1
"E00007210",0,0,0
"E00007211",5,2,3
"E00007212",0,0,0
"E00007213",3,1,2
"E00007215",5,2,3
"E00007216",5,3,2
"E00007217",5,5,0
"E00007218",0,0,0
"E00007219",3,0,3
"E00007220",0,0,0
"E00007221",4,1,3
"E00007222",4,2,2
"E00007223",2,1,1
"E00007224",13,3,10
"E00007225",20,10,10
"E00007226",12,7,5
"E00007227",4,1,3
"E00007228",12,5,7
"E00007229",5,3,2
"E00007230",13,7,6
"E00007231",9,5,4
"E00007232",2,0,2
"E00007233",5,3,2
"E00007234",5,2,3
"E00007235",5,2,3
"E00007236",6,4,2
"E00007237",5,3,2
"E00007238",0,0,0
"E00007239",5,3,2
"E00007240",1,0,1
"E00007241",11,8,3
"E00007242",12,6,6
"E00007243",3,0,3
"E00007244",5,3,2
"E00007245",4,2,2
"E00007246",16,7,9
"E00007247",2,1,1
"E00007248",3,2,1
"E00007249",3,1,2
"E00007250",1,0,1
"E00007251",0,0,0
"E00007252",3,1,2
"E00007253",6,3,3
"E00007254",1,0,1
"E00007255",4,2,2
"E00007256",4,2,2
"E00007257",9,3,6
"E00007258",7,3,4
"E00007259",5,2,3
"E00007260",7,5,2
"E00007261",7,4,3
"E00007262",2,1,1
"E00007263",9,3,6
"E00007264",3,3,0
"E00007265",0,0,0
"E00007266",6,2,4
"E00007267",3,1,2
"E00007268",5,4,1
"E00007269",9,4,5
"E00007270",5,2,3
"E00007271",7,3,4
"E00007272",11,7,4
"E00007273",4,1,3
"E00007274",1,1,0
"E00007275",0,0,0
"E00007276",4,1,3
"E00007277",7,3,4
"E00007278",1,0,1
"E00007279",4,0,4
"E00007280",3,1,2
"E00007281",1,1,0
"E00007282",3,2,1
"E00007283",5,2,3
"E00007284",6,4,2
"E00007285",10,5,5
"E00007286",2,1,1
"E00007287",1,0,1
"E00007288",5,1,4
"E00007289",4,3,1
"E00007290",3,2,1
"E00007291",4,2,2
"E00007292",1,1,0
"E00007293",2,0,2
"E00007294",7,4,3
"E00007295",3,1,2
"E00007296",2,2,0
"E00007297",2,1,1
"E00007298",3,2,1
"E00007299",2,1,1
"E00007300",5,0,5
"E00007301",1,1,0
"E00007302",5,2,3
"E00007303",7,5,2
"E00007304",14,7,7
"E00007305",7,6,1
"E00007306",5,2,3
"E00007307",13,8,5
"E00007308",4,2,2
"E00007309",6,3,3
"E00007310",3,2,1
"E00007311",6,4,2
"E00007312",7,5,2
"E00007313",6,4,2
"E00007314",4,3,1
"E00007315",3,1,2
"E00007316",4,2,2
"E00007317",13,4,9
"E00007318",8,4,4
"E00007319",7,2,5
"E00007320",9,2,7
"E00007321",8,3,5
"E00007322",3,0,3
"E00007323",5,4,1
"E00007324",9,4,5
"E00007325",5,0,5
"E00007326",9,2,7
"E00007327",0,0,0
"E00007328",6,2,4
"E00007329",2,2,0
"E00007330",2,2,0
"E00007331",0,0,0
"E00007332",0,0,0
"E00007333",7,4,3
"E00007334",2,1,1
"E00007335",5,3,2
"E00007336",0,0,0
"E00007337",1,1,0
"E00007338",4,4,0
"E00007339",11,6,5
"E00007340",7,4,3
"E00007341",7,3,4
"E00007342",1,1,0
"E00007343",2,2,0
"E00007344",0,0,0
"E00007345",10,8,2
"E00007346",5,2,3
"E00007347",0,0,0
"E00007348",1,0,1
"E00007349",2,1,1
"E00007350",5,3,2
"E00007351",4,4,0
"E00007352",2,1,1
"E00007353",0,0,0
"E00007354",2,1,1
"E00007355",0,0,0
"E00007356",1,1,0
"E00007357",2,1,1
"E00007358",5,2,3
"E00007359",2,1,1
"E00007360",2,1,1
"E00007361",9,6,3
"E00007362",1,1,0
"E00007363",1,1,0
"E00007364",3,3,0
"E00007365",7,0,7
"E00007366",6,2,4
"E00007367",1,1,0
"E00007368",2,1,1
"E00007369",7,4,3
"E00007370",4,2,2
"E00007371",8,3,5
"E00007372",7,4,3
"E00007373",3,0,3
"E00007374",2,0,2
"E00007375",0,0,0
"E00007376",0,0,0
"E00007378",10,5,5
"E00007379",5,3,2
"E00007381",2,2,0
"E00007382",1,1,0
"E00007383",2,2,0
"E00007384",2,1,1
"E00007385",3,3,0
"E00007386",11,7,4
"E00007387",2,0,2
"E00007388",1,0,1
"E00007389",6,2,4
"E00007390",3,1,2
"E00007391",5,5,0
"E00007392",2,2,0
"E00007393",2,0,2
"E00007394",12,9,3
"E00007395",0,0,0
"E00007396",8,2,6
"E00007397",7,2,5
"E00007398",5,3,2
"E00007399",2,1,1
"E00007400",0,0,0
"E00007401",4,3,1
"E00007402",3,3,0
"E00007403",7,3,4
"E00007404",4,2,2
"E00007405",0,0,0
"E00007406",5,2,3
"E00007407",0,0,0
"E00007408",9,3,6
"E00007409",6,5,1
"E00007410",6,5,1
"E00007411",3,2,1
"E00007412",1,1,0
"E00007413",0,0,0
"E00007414",2,0,2
"E00007415",0,0,0
"E00007416",0,0,0
"E00007417",2,2,0
"E00007418",7,3,4
"E00007419",15,7,8
"E00007420",7,4,3
"E00007421",7,4,3
"E00007422",0,0,0
"E00007423",8,2,6
"E00007424",6,3,3
"E00007425",1,0,1
"E00007426",0,0,0
"E00007427",3,2,1
"E00007428",5,3,2
"E00007429",3,2,1
"E00007430",5,3,2
"E00007431",4,2,2
"E00007432",3,2,1
"E00007433",5,4,1
"E00007434",3,1,2
"E00007435",0,0,0
"E00007436",5,1,4
"E00007437",5,3,2
"E00007438",10,8,2
"E00007439",8,2,6
"E00007440",4,2,2
"E00007441",7,4,3
"E00007442",0,0,0
"E00007443",4,3,1
"E00007444",5,4,1
"E00007445",7,2,5
"E00007446",0,0,0
"E00007447",6,2,4
"E00007448",2,0,2
"E00007449",2,1,1
"E00007450",6,3,3
"E00007451",2,0,2
"E00007452",0,0,0
"E00007453",2,0,2
"E00007454",0,0,0
"E00007455",3,1,2
"E00007456",1,0,1
"E00007457",1,0,1
"E00007458",2,1,1
"E00007459",4,3,1
"E00007460",1,0,1
"E00007461",4,2,2
"E00007462",6,4,2
"E00007463",5,2,3
"E00007464",5,1,4
"E00007465",3,1,2
"E00007466",4,1,3
"E00007468",3,0,3
"E00007469",10,6,4
"E00007470",3,2,1
"E00007471",0,0,0
"E00007472",5,2,3
"E00007473",0,0,0
"E00007474",7,5,2
"E00007475",3,0,3
"E00007476",7,5,2
"E00007477",4,4,0
"E00007478",2,1,1
"E00007479",0,0,0
"E00007480",1,0,1
"E00007481",9,6,3
"E00007482",4,0,4
"E00007483",6,4,2
"E00007484",1,1,0
"E00007485",2,1,1
"E00007486",4,2,2
"E00007487",5,1,4
"E00007488",5,2,3
"E00007489",6,2,4
"E00007491",4,1,3
"E00007492",3,0,3
"E00007493",6,4,2
"E00007494",3,2,1
"E00007495",7,3,4
"E00007496",1,0,1
"E00007497",6,4,2
"E00007498",1,0,1
"E00007499",1,1,0
"E00007500",9,5,4
"E00007501",3,1,2
"E00007502",5,3,2
"E00007503",4,2,2
"E00007504",7,3,4
"E00007505",0,0,0
"E00007506",1,0,1
"E00007507",1,0,1
"E00007508",0,0,0
"E00007509",5,0,5
"E00007510",4,2,2
"E00007511",1,1,0
"E00007512",12,8,4
"E00007513",4,1,3
"E00007514",6,3,3
"E00007515",1,1,0
"E00007516",1,1,0
"E00007517",2,2,0
"E00007518",6,3,3
"E00007519",0,0,0
"E00007520",1,1,0
"E00007521",4,1,3
"E00007522",6,3,3
"E00007523",4,2,2
"E00007524",3,2,1
"E00007525",1,1,0
"E00007526",1,1,0
"E00007527",2,0,2
"E00007528",0,0,0
"E00007529",5,2,3
"E00007530",2,0,2
"E00007531",16,11,5
"E00007532",5,3,2
"E00007533",7,2,5
"E00007534",6,3,3
"E00007535",2,0,2
"E00007536",4,1,3
"E00007537",0,0,0
"E00007538",2,2,0
"E00007539",4,1,3
"E00007540",0,0,0
"E00007541",5,1,4
"E00007542",7,4,3
"E00007543",4,2,2
"E00007544",4,3,1
"E00007545",7,2,5
"E00007546",0,0,0
"E00007547",1,1,0
"E00007548",4,2,2
"E00007549",6,3,3
"E00007550",1,1,0
"E00007551",3,1,2
"E00007552",5,3,2
"E00007553",4,3,1
"E00007554",6,5,1
"E00007555",6,4,2
"E00007556",3,0,3
"E00007557",0,0,0
"E00007558",1,0,1
"E00007559",1,0,1
"E00007560",4,2,2
"E00007561",7,3,4
"E00007562",9,6,3
"E00007563",5,1,4
"E00007564",5,4,1
"E00007565",2,1,1
"E00007566",1,0,1
"E00007567",7,5,2
"E00007568",0,0,0
"E00007569",1,0,1
"E00007570",1,1,0
"E00007571",0,0,0
"E00007572",10,6,4
"E00007573",5,2,3
"E00007575",3,2,1
"E00007576",0,0,0
"E00007577",2,2,0
"E00007578",8,4,4
"E00007579",19,5,14
"E00007580",6,5,1
"E00007581",4,2,2
"E00007582",1,0,1
"E00007583",5,2,3
"E00007584",5,1,4
"E00007585",2,2,0
"E00007586",2,1,1
"E00007587",0,0,0
"E00007588",1,0,1
"E00007589",2,1,1
"E00007590",2,1,1
"E00007591",0,0,0
"E00007592",0,0,0
"E00007593",0,0,0
"E00007594",3,1,2
"E00007595",3,3,0
"E00007596",8,4,4
"E00007597",8,2,6
"E00007598",15,11,4
"E00007599",9,4,5
"E00007600",10,3,7
"E00007601",11,7,4
"E00007602",8,6,2
"E00007603",3,2,1
"E00007604",7,3,4
"E00007605",5,3,2
"E00007606",15,9,6
"E00007607",12,8,4
"E00007608",7,6,1
"E00007609",3,2,1
"E00007610",6,5,1
"E00007611",3,1,2
"E00007612",17,13,4
"E00007613",6,5,1
"E00007614",11,3,8
"E00007615",5,2,3
"E00007616",4,3,1
"E00007617",5,3,2
"E00007618",4,2,2
"E00007619",1,0,1
"E00007620",1,0,1
"E00007621",0,0,0
"E00007622",9,5,4
"E00007623",0,0,0
"E00007624",4,0,4
"E00007625",0,0,0
"E00007626",4,2,2
"E00007627",1,1,0
"E00007628",14,8,6
"E00007629",6,3,3
"E00007630",7,4,3
"E00007631",5,1,4
"E00007632",1,1,0
"E00007633",6,2,4
"E00007634",2,1,1
"E00007635",10,5,5
"E00007636",1,1,0
"E00007637",3,1,2
"E00007638",8,2,6
"E00007639",3,3,0
"E00007640",10,4,6
"E00007641",8,3,5
"E00007642",6,1,5
"E00007643",1,0,1
"E00007644",6,3,3
"E00007645",8,1,7
"E00007646",8,3,5
"E00007647",8,4,4
"E00007648",9,6,3
"E00007649",12,8,4
"E00007650",9,7,2
"E00007651",3,1,2
"E00007652",10,4,6
"E00007653",3,1,2
"E00007654",1,1,0
"E00007655",8,7,1
"E00007656",4,3,1
"E00007657",7,0,7
"E00007658",5,2,3
"E00007659",1,1,0
"E00007660",7,4,3
"E00007661",5,2,3
"E00007662",3,2,1
"E00007663",7,2,5
"E00007664",1,1,0
"E00007665",5,2,3
"E00007666",4,1,3
"E00007667",5,3,2
"E00007668",5,0,5
"E00007669",2,0,2
"E00007670",5,3,2
"E00007671",4,2,2
"E00007672",3,2,1
"E00007673",4,2,2
"E00007674",1,0,1
"E00007675",2,0,2
"E00007676",3,2,1
"E00007677",7,3,4
"E00007678",4,3,1
"E00007679",5,3,2
"E00007680",0,0,0
"E00007681",5,2,3
"E00007682",3,1,2
"E00007683",5,3,2
"E00007684",3,2,1
"E00007685",10,4,6
"E00007686",1,0,1
"E00007687",0,0,0
"E00007688",4,3,1
"E00007689",4,2,2
"E00007690",3,3,0
"E00007691",4,2,2
"E00007692",6,1,5
"E00007693",4,2,2
"E00007694",6,2,4
"E00007695",1,1,0
"E00007696",6,2,4
"E00007697",5,2,3
"E00007698",4,2,2
"E00007699",4,3,1
"E00007700",9,5,4
"E00007701",0,0,0
"E00007702",2,0,2
"E00007703",2,0,2
"E00007704",2,1,1
"E00007705",4,3,1
"E00007706",4,2,2
"E00007707",6,4,2
"E00007708",5,1,4
"E00007709",2,1,1
"E00007710",2,0,2
"E00007711",2,1,1
"E00007712",5,2,3
"E00007713",6,3,3
"E00007714",6,1,5
"E00007715",0,0,0
"E00007716",0,0,0
"E00007717",5,2,3
"E00007718",4,1,3
"E00007719",5,2,3
"E00007720",10,4,6
"E00007721",5,1,4
"E00007722",8,4,4
"E00007723",5,0,5
"E00007724",4,3,1
"E00007725",12,2,10
"E00007726",1,1,0
"E00007727",1,1,0
"E00007728",0,0,0
"E00007729",3,1,2
"E00007730",2,1,1
"E00007732",0,0,0
"E00007733",1,0,1
"E00007734",3,1,2
"E00007735",2,0,2
"E00007736",3,2,1
"E00007737",6,4,2
"E00007738",4,3,1
"E00007739",11,5,6
"E00007740",1,1,0
"E00007741",4,3,1
"E00007742",0,0,0
"E00007743",5,2,3
"E00007744",9,3,6
"E00007745",5,2,3
"E00007746",4,2,2
"E00007747",3,1,2
"E00007749",5,2,3
"E00007750",4,2,2
"E00007751",4,2,2
"E00007752",7,2,5
"E00007753",6,3,3
"E00007754",3,2,1
"E00007755",3,2,1
"E00007756",7,5,2
"E00007757",7,3,4
"E00007758",0,0,0
"E00007759",7,1,6
"E00007760",3,1,2
"E00007761",7,5,2
"E00007762",1,1,0
"E00007763",5,2,3
"E00007764",4,2,2
"E00007765",6,3,3
"E00007766",3,1,2
"E00007767",10,5,5
"E00007768",3,1,2
"E00007769",9,5,4
"E00007770",2,2,0
"E00007771",4,0,4
"E00007772",4,3,1
"E00007773",3,0,3
"E00007774",5,2,3
"E00007775",3,2,1
"E00007776",9,4,5
"E00007777",2,1,1
"E00007778",13,5,8
"E00007779",7,4,3
"E00007780",4,3,1
"E00007781",6,2,4
"E00007782",1,0,1
"E00007783",15,6,9
"E00007784",8,6,2
"E00007785",14,7,7
"E00007786",9,1,8
"E00007787",5,2,3
"E00007788",5,2,3
"E00007789",4,2,2
"E00007790",6,1,5
"E00007791",6,4,2
"E00007792",3,1,2
"E00007793",3,0,3
"E00007794",3,0,3
"E00007795",3,1,2
"E00007796",6,3,3
"E00007798",4,2,2
"E00007799",1,0,1
"E00007800",1,1,0
"E00007801",5,1,4
"E00007802",4,3,1
"E00007803",11,4,7
"E00007804",5,5,0
"E00007805",6,5,1
"E00007806",1,1,0
"E00007807",0,0,0
"E00007808",4,1,3
"E00007809",1,1,0
"E00007810",1,1,0
"E00007811",7,3,4
"E00007812",1,0,1
"E00007813",4,2,2
"E00007814",3,1,2
"E00007815",0,0,0
"E00007816",0,0,0
"E00007817",4,1,3
"E00007818",1,0,1
"E00007819",0,0,0
"E00007820",0,0,0
"E00007821",5,2,3
"E00007822",1,0,1
"E00007823",0,0,0
"E00007824",8,2,6
"E00007825",6,2,4
"E00007826",3,2,1
"E00007827",5,3,2
"E00007828",7,4,3
"E00007829",3,2,1
"E00007830",4,4,0
"E00007831",3,1,2
"E00007832",1,1,0
"E00007833",4,1,3
"E00007834",2,2,0
"E00007835",1,0,1
"E00007836",1,0,1
"E00007837",5,2,3
"E00007838",0,0,0
"E00007839",3,1,2
"E00007840",4,2,2
"E00007841",2,1,1
"E00007842",0,0,0
"E00007843",6,3,3
"E00007844",3,2,1
"E00007845",8,2,6
"E00007846",0,0,0
"E00007847",6,3,3
"E00007848",5,1,4
"E00007849",4,3,1
"E00007850",17,9,8
"E00007851",7,6,1
"E00007852",3,2,1
"E00007853",5,2,3
"E00007854",1,1,0
"E00007855",3,3,0
"E00007856",6,2,4
"E00007857",4,1,3
"E00007858",2,2,0
"E00007859",3,1,2
"E00007860",4,3,1
"E00007861",2,0,2
"E00007862",7,4,3
"E00007863",0,0,0
"E00007864",0,0,0
"E00007865",3,2,1
"E00007866",9,3,6
"E00007867",7,4,3
"E00007869",1,1,0
"E00007870",9,4,5
"E00007871",8,1,7
"E00007872",8,5,3
"E00007873",0,0,0
"E00007874",7,3,4
"E00007875",4,1,3
"E00007876",1,0,1
"E00007877",2,0,2
"E00007878",2,0,2
"E00007879",1,0,1
"E00007880",2,0,2
"E00007881",0,0,0
"E00007882",3,2,1
"E00007883",4,2,2
"E00007884",6,5,1
"E00007885",4,3,1
"E00007886",2,0,2
"E00007887",3,3,0
"E00007888",1,1,0
"E00007889",2,1,1
"E00007890",4,2,2
"E00007891",2,2,0
"E00007892",6,2,4
"E00007893",3,2,1
"E00007894",8,5,3
"E00007895",3,1,2
"E00007896",1,0,1
"E00007897",1,0,1
"E00007898",0,0,0
"E00007899",7,5,2
"E00007900",2,0,2
"E00007901",0,0,0
"E00007902",8,4,4
"E00007903",4,3,1
"E00007904",2,0,2
"E00007905",6,2,4
"E00007906",5,3,2
"E00007907",3,2,1
"E00007908",5,3,2
"E00007909",4,2,2
"E00007910",6,2,4
"E00007911",1,1,0
"E00007912",5,2,3
"E00007913",2,1,1
"E00007914",5,4,1
"E00007915",3,0,3
"E00007916",1,1,0
"E00007917",2,2,0
"E00007918",16,8,8
"E00007919",7,5,2
"E00007920",3,3,0
"E00007921",4,2,2
"E00007922",1,1,0
"E00007923",6,3,3
"E00007924",0,0,0
"E00007925",7,2,5
"E00007926",2,0,2
"E00007927",0,0,0
"E00007928",1,0,1
"E00007929",6,3,3
"E00007930",1,0,1
"E00007931",0,0,0
"E00007932",2,1,1
"E00007933",0,0,0
"E00007934",3,1,2
"E00007935",1,1,0
"E00007936",5,2,3
"E00007937",1,1,0
"E00007938",5,2,3
"E00007939",3,3,0
"E00007940",1,0,1
"E00007941",0,0,0
"E00007942",5,3,2
"E00007943",0,0,0
"E00007944",2,2,0
"E00007945",2,2,0
"E00007946",5,2,3
"E00007947",1,0,1
"E00007948",4,1,3
"E00007949",3,2,1
"E00007950",1,0,1
"E00007951",3,0,3
"E00007952",4,1,3
"E00007953",4,3,1
"E00007954",1,0,1
"E00007955",2,2,0
"E00007956",6,5,1
"E00007957",2,0,2
"E00007958",0,0,0
"E00007959",3,3,0
"E00007960",3,1,2
"E00007961",1,1,0
"E00007962",6,4,2
"E00007963",3,3,0
"E00007964",7,3,4
"E00007965",1,1,0
"E00007966",3,1,2
"E00007967",6,5,1
"E00007968",1,0,1
"E00007969",4,2,2
"E00007970",0,0,0
"E00007971",0,0,0
"E00007972",3,0,3
"E00007973",4,3,1
"E00007974",0,0,0
"E00007975",6,3,3
"E00007976",2,1,1
"E00007977",7,7,0
"E00007978",3,1,2
"E00007979",4,0,4
"E00007980",4,2,2
"E00007981",6,4,2
"E00007982",6,4,2
"E00007983",13,6,7
"E00007984",0,0,0
"E00007985",11,5,6
"E00007986",6,4,2
"E00007987",5,4,1
"E00007988",0,0,0
"E00007989",9,5,4
"E00007990",0,0,0
"E00007991",1,0,1
"E00007992",4,2,2
"E00007993",6,4,2
"E00007994",2,1,1
"E00007995",2,1,1
"E00007996",1,0,1
"E00007997",6,6,0
"E00007998",0,0,0
"E00007999",2,1,1
"E00008000",5,2,3
"E00008001",7,1,6
"E00008002",3,2,1
"E00008003",0,0,0
"E00008004",5,3,2
"E00008005",0,0,0
"E00008006",6,1,5
"E00008007",2,1,1
"E00008008",1,0,1
"E00008009",2,1,1
"E00008010",0,0,0
"E00008011",5,2,3
"E00008012",2,2,0
"E00008013",9,7,2
"E00008014",12,5,7
"E00008015",3,2,1
"E00008016",2,1,1
"E00008017",0,0,0
"E00008018",5,3,2
"E00008019",3,3,0
"E00008020",6,3,3
"E00008021",1,0,1
"E00008022",1,1,0
"E00008023",4,3,1
"E00008024",0,0,0
"E00008025",1,0,1
"E00008026",2,2,0
"E00008027",1,1,0
"E00008028",0,0,0
"E00008030",2,2,0
"E00008033",2,0,2
"E00008035",2,1,1
"E00008036",1,1,0
"E00008037",3,3,0
"E00008038",2,0,2
"E00008039",0,0,0
"E00008040",4,2,2
"E00008041",4,3,1
"E00008042",0,0,0
"E00008043",5,3,2
"E00008044",1,0,1
"E00008045",0,0,0
"E00008046",5,4,1
"E00008047",0,0,0
"E00008048",1,0,1
"E00008049",2,2,0
"E00008050",5,3,2
"E00008051",0,0,0
"E00008052",3,2,1
"E00008053",4,2,2
"E00008054",6,2,4
"E00008055",4,2,2
"E00008056",2,2,0
"E00008057",2,1,1
"E00008058",0,0,0
"E00008059",1,1,0
"E00008063",6,3,3
"E00008064",3,0,3
"E00008068",1,0,1
"E00008069",9,4,5
"E00008071",3,1,2
"E00008072",7,3,4
"E00008074",5,2,3
"E00008078",1,0,1
"E00008079",3,3,0
"E00008080",4,1,3
"E00008082",1,1,0
"E00008083",1,0,1
"E00008084",2,2,0
"E00008085",0,0,0
"E00008086",1,1,0
"E00008087",11,6,5
"E00008088",13,9,4
"E00008089",5,3,2
"E00008090",0,0,0
"E00008091",1,0,1
"E00008092",2,2,0
"E00008093",4,2,2
"E00008094",1,0,1
"E00008095",1,1,0
"E00008096",7,6,1
"E00008097",4,0,4
"E00008099",8,5,3
"E00008100",0,0,0
"E00008101",2,1,1
"E00008102",4,3,1
"E00008103",1,0,1
"E00008104",5,1,4
"E00008105",3,1,2
"E00008107",12,3,9
"E00008108",0,0,0
"E00008109",8,2,6
"E00008110",6,3,3
"E00008111",0,0,0
"E00008112",1,1,0
"E00008113",5,3,2
"E00008114",1,0,1
"E00008115",1,1,0
"E00008116",0,0,0
"E00008117",7,5,2
"E00008118",1,1,0
"E00008119",6,4,2
"E00008120",4,3,1
"E00008121",4,2,2
"E00008122",5,2,3
"E00008123",0,0,0
"E00008124",3,1,2
"E00008125",5,0,5
"E00008126",3,0,3
"E00008127",2,1,1
"E00008128",3,1,2
"E00008129",7,4,3
"E00008130",7,4,3
"E00008132",7,1,6
"E00008133",1,0,1
"E00008134",1,1,0
"E00008135",2,1,1
"E00008136",8,3,5
"E00008138",2,1,1
"E00008139",1,1,0
"E00008140",3,3,0
"E00008141",3,0,3
"E00008142",6,3,3
"E00008143",2,1,1
"E00008144",3,1,2
"E00008145",3,2,1
"E00008146",1,1,0
"E00008147",5,3,2
"E00008148",1,0,1
"E00008149",1,0,1
"E00008153",1,1,0
"E00008154",3,0,3
"E00008155",3,3,0
"E00008156",2,2,0
"E00008158",5,3,2
"E00008159",3,1,2
"E00008161",4,0,4
"E00008164",0,0,0
"E00008165",0,0,0
"E00008166",5,2,3
"E00008167",3,2,1
"E00008168",3,1,2
"E00008169",1,0,1
"E00008170",5,1,4
"E00008171",0,0,0
"E00008172",4,4,0
"E00008173",0,0,0
"E00008174",5,2,3
"E00008175",3,3,0
"E00008176",0,0,0
"E00008177",3,2,1
"E00008178",0,0,0
"E00008179",4,3,1
"E00008180",1,0,1
"E00008181",2,1,1
"E00008182",4,2,2
"E00008183",1,0,1
"E00008184",3,2,1
"E00008185",5,1,4
"E00008186",9,2,7
"E00008187",0,0,0
"E00008188",3,2,1
"E00008189",0,0,0
"E00008191",1,1,0
"E00008192",2,1,1
"E00008193",3,1,2
"E00008194",6,5,1
"E00008195",3,2,1
"E00008196",9,6,3
"E00008197",1,0,1
"E00008198",4,1,3
"E00008199",0,0,0
"E00008200",8,3,5
"E00008201",6,3,3
"E00008202",5,3,2
"E00008203",4,1,3
"E00008204",2,1,1
"E00008205",6,4,2
"E00008206",3,1,2
"E00008207",1,1,0
"E00008208",5,4,1
"E00008209",0,0,0
"E00008210",1,0,1
"E00008211",0,0,0
"E00008212",3,2,1
"E00008213",0,0,0
"E00008214",1,0,1
"E00008215",3,1,2
"E00008216",2,2,0
"E00008217",4,1,3
"E00008219",1,1,0
"E00008220",2,1,1
"E00008221",2,2,0
"E00008222",0,0,0
"E00008223",1,0,1
"E00008225",2,1,1
"E00008226",6,6,0
"E00008228",0,0,0
"E00008229",5,3,2
"E00008230",6,4,2
"E00008231",5,1,4
"E00008232",5,2,3
"E00008233",0,0,0
"E00008234",5,2,3
"E00008235",2,1,1
"E00008236",0,0,0
"E00008237",2,2,0
"E00008238",1,0,1
"E00008239",4,2,2
"E00008240",1,1,0
"E00008241",1,1,0
"E00008242",5,1,4
"E00008243",1,0,1
"E00008244",1,1,0
"E00008245",1,0,1
"E00008246",3,3,0
"E00008247",1,1,0
"E00008248",6,3,3
"E00008249",0,0,0
"E00008250",3,1,2
"E00008251",7,3,4
"E00008252",0,0,0
"E00008253",3,1,2
"E00008254",2,0,2
"E00008255",1,1,0
"E00008256",2,0,2
"E00008257",7,3,4
"E00008258",5,4,1
"E00008259",3,3,0
"E00008260",9,4,5
"E00008261",2,2,0
"E00008262",7,2,5
"E00008263",2,0,2
"E00008264",13,6,7
"E00008265",4,2,2
"E00008266",4,2,2
"E00008267",11,5,6
"E00008268",4,2,2
"E00008269",0,0,0
"E00008270",7,3,4
"E00008271",0,0,0
"E00008272",5,3,2
"E00008273",1,0,1
"E00008274",8,5,3
"E00008275",1,1,0
"E00008276",1,1,0
"E00008277",4,3,1
"E00008278",0,0,0
"E00008279",1,0,1
"E00008280",1,1,0
"E00008282",1,0,1
"E00008283",2,0,2
"E00008284",4,2,2
"E00008285",3,2,1
"E00008286",2,0,2
"E00008287",2,1,1
"E00008288",0,0,0
"E00008290",3,1,2
"E00008291",5,2,3
"E00008293",0,0,0
"E00008294",3,1,2
"E00008295",1,1,0
"E00008296",0,0,0
"E00008297",0,0,0
"E00008298",6,3,3
"E00008299",1,1,0
"E00008300",0,0,0
"E00008301",0,0,0
"E00008302",1,1,0
"E00008303",3,1,2
"E00008304",4,2,2
"E00008305",4,2,2
"E00008306",1,1,0
"E00008307",3,2,1
"E00008308",0,0,0
"E00008309",2,1,1
"E00008310",0,0,0
"E00008311",0,0,0
"E00008312",1,1,0
"E00008313",0,0,0
"E00008314",3,2,1
"E00008316",5,3,2
"E00008318",5,2,3
"E00008319",3,2,1
"E00008320",2,1,1
"E00008321",0,0,0
"E00008322",3,0,3
"E00008323",0,0,0
"E00008324",1,0,1
"E00008325",1,1,0
"E00008326",8,4,4
"E00008327",1,1,0
"E00008328",1,0,1
"E00008329",2,0,2
"E00008330",1,1,0
"E00008331",4,4,0
"E00008332",7,3,4
"E00008333",4,2,2
"E00008334",5,3,2
"E00008335",3,2,1
"E00008336",3,2,1
"E00008337",4,3,1
"E00008338",4,3,1
"E00008339",2,1,1
"E00008340",5,1,4
"E00008341",3,1,2
"E00008342",6,5,1
"E00008343",6,3,3
"E00008344",2,1,1
"E00008345",4,2,2
"E00008346",3,1,2
"E00008347",2,2,0
"E00008348",1,1,0
"E00008349",4,3,1
"E00008350",6,1,5
"E00008351",2,1,1
"E00008352",0,0,0
"E00008353",4,1,3
"E00008354",1,1,0
"E00008355",4,4,0
"E00008356",11,4,7
"E00008357",6,3,3
"E00008358",5,1,4
"E00008359",1,0,1
"E00008360",5,4,1
"E00008361",1,1,0
"E00008362",4,2,2
"E00008363",0,0,0
"E00008364",3,2,1
"E00008365",4,4,0
"E00008366",4,1,3
"E00008367",5,4,1
"E00008368",5,2,3
"E00008369",2,1,1
"E00008370",1,1,0
"E00008371",2,1,1
"E00008372",3,1,2
"E00008373",3,1,2
"E00008374",0,0,0
"E00008375",1,0,1
"E00008376",4,1,3
"E00008377",4,4,0
"E00008378",1,0,1
"E00008379",1,1,0
"E00008380",6,3,3
"E00008381",0,0,0
"E00008382",11,5,6
"E00008383",2,1,1
"E00008384",4,1,3
"E00008385",5,5,0
"E00008386",2,1,1
"E00008387",2,1,1
"E00008388",4,2,2
"E00008389",0,0,0
"E00008390",4,2,2
"E00008391",1,1,0
"E00008392",3,1,2
"E00008393",4,3,1
"E00008394",0,0,0
"E00008395",8,2,6
"E00008396",15,6,9
"E00008397",9,4,5
"E00008398",2,2,0
"E00008399",4,3,1
"E00008400",0,0,0
"E00008401",6,3,3
"E00008402",3,2,1
"E00008403",3,1,2
"E00008404",1,1,0
"E00008406",4,3,1
"E00008407",6,3,3
"E00008408",3,2,1
"E00008409",2,1,1
"E00008411",3,2,1
"E00008412",3,1,2
"E00008413",4,0,4
"E00008414",2,1,1
"E00008415",0,0,0
"E00008416",12,6,6
"E00008417",0,0,0
"E00008418",4,1,3
"E00008419",0,0,0
"E00008421",4,3,1
"E00008423",4,2,2
"E00008425",8,5,3
"E00008426",11,4,7
"E00008427",0,0,0
"E00008428",0,0,0
"E00008430",2,1,1
"E00008431",4,1,3
"E00008432",1,0,1
"E00008433",5,2,3
"E00008434",0,0,0
"E00008435",4,3,1
"E00008436",1,0,1
"E00008437",2,1,1
"E00008438",3,1,2
"E00008439",0,0,0
"E00008440",7,4,3
"E00008441",5,2,3
"E00008442",4,2,2
"E00008443",1,0,1
"E00008444",6,3,3
"E00008445",4,3,1
"E00008446",7,4,3
"E00008447",13,6,7
"E00008448",4,4,0
"E00008450",2,0,2
"E00008451",3,2,1
"E00008452",5,2,3
"E00008453",1,0,1
"E00008454",0,0,0
"E00008455",5,5,0
"E00008456",2,2,0
"E00008457",6,3,3
"E00008458",1,1,0
"E00008459",2,1,1
"E00008460",3,1,2
"E00008461",6,1,5
"E00008462",0,0,0
"E00008463",0,0,0
"E00008464",7,6,1
"E00008465",5,3,2
"E00008466",5,4,1
"E00008467",0,0,0
"E00008468",7,6,1
"E00008469",1,1,0
"E00008470",1,0,1
"E00008471",0,0,0
"E00008472",7,4,3
"E00008473",14,7,7
"E00008474",5,2,3
"E00008475",2,2,0
"E00008476",2,1,1
"E00008477",7,3,4
"E00008478",6,3,3
"E00008479",6,3,3
"E00008480",4,2,2
"E00008481",6,4,2
"E00008482",2,0,2
"E00008483",7,4,3
"E00008484",2,0,2
"E00008485",4,1,3
"E00008486",5,3,2
"E00008487",1,0,1
"E00008488",0,0,0
"E00008489",4,3,1
"E00008490",3,2,1
"E00008491",2,1,1
"E00008492",1,1,0
"E00008493",2,2,0
"E00008494",0,0,0
"E00008495",2,0,2
"E00008496",7,1,6
"E00008497",1,1,0
"E00008498",0,0,0
"E00008499",0,0,0
"E00008500",0,0,0
"E00008501",3,1,2
"E00008502",0,0,0
"E00008503",5,5,0
"E00008505",2,1,1
"E00008507",2,2,0
"E00008508",2,2,0
"E00008509",1,1,0
"E00008510",2,1,1
"E00008511",6,5,1
"E00008512",8,2,6
"E00008513",3,0,3
"E00008514",1,1,0
"E00008515",3,0,3
"E00008516",2,0,2
"E00008517",2,0,2
"E00008518",6,3,3
"E00008519",7,3,4
"E00008520",9,8,1
"E00008521",1,1,0
"E00008522",4,2,2
"E00008524",2,2,0
"E00008525",2,1,1
"E00008526",7,3,4
"E00008527",0,0,0
"E00008528",5,2,3
"E00008529",3,1,2
"E00008530",0,0,0
"E00008531",3,2,1
"E00008532",3,1,2
"E00008533",1,1,0
"E00008534",2,2,0
"E00008535",5,1,4
"E00008536",5,2,3
"E00008537",3,0,3
"E00008538",5,1,4
"E00008539",0,0,0
"E00008540",3,1,2
"E00008541",2,0,2
"E00008542",2,1,1
"E00008543",0,0,0
"E00008544",3,1,2
"E00008545",1,1,0
"E00008546",0,0,0
"E00008547",3,2,1
"E00008548",1,1,0
"E00008549",4,1,3
"E00008550",1,1,0
"E00008552",0,0,0
"E00008554",3,1,2
"E00008555",3,1,2
"E00008556",0,0,0
"E00008557",1,1,0
"E00008558",4,0,4
"E00008559",1,1,0
"E00008560",1,1,0
"E00008561",1,0,1
"E00008562",4,3,1
"E00008563",1,0,1
"E00008564",1,1,0
"E00008565",1,1,0
"E00008566",2,2,0
"E00008568",1,1,0
"E00008570",3,2,1
"E00008571",0,0,0
"E00008572",2,1,1
"E00008573",3,1,2
"E00008574",0,0,0
"E00008575",4,2,2
"E00008576",0,0,0
"E00008577",1,0,1
"E00008578",4,3,1
"E00008579",5,2,3
"E00008580",2,0,2
"E00008581",5,5,0
"E00008582",1,1,0
"E00008583",5,2,3
"E00008584",9,5,4
"E00008585",4,1,3
"E00008586",8,5,3
"E00008587",10,6,4
"E00008588",7,0,7
"E00008589",7,1,6
"E00008590",8,5,3
"E00008591",7,1,6
"E00008592",11,7,4
"E00008593",5,3,2
"E00008594",5,3,2
"E00008596",8,6,2
"E00008597",1,1,0
"E00008598",6,4,2
"E00008599",10,8,2
"E00008600",9,7,2
"E00008601",4,3,1
"E00008602",3,2,1
"E00008603",5,3,2
"E00008604",0,0,0
"E00008605",8,3,5
"E00008606",1,0,1
"E00008607",0,0,0
"E00008608",6,2,4
"E00008609",3,1,2
"E00008610",1,0,1
"E00008611",6,1,5
"E00008612",6,3,3
"E00008613",2,1,1
"E00008615",8,6,2
"E00008616",0,0,0
"E00008617",0,0,0
"E00008618",4,1,3
"E00008619",4,1,3
"E00008620",0,0,0
"E00008621",1,1,0
"E00008622",3,1,2
"E00008623",0,0,0
"E00008624",3,1,2
"E00008625",1,0,1
"E00008626",1,1,0
"E00008627",3,2,1
"E00008628",0,0,0
"E00008629",0,0,0
"E00008630",2,0,2
"E00008631",0,0,0
"E00008632",6,5,1
"E00008633",2,1,1
"E00008634",0,0,0
"E00008635",0,0,0
"E00008636",0,0,0
"E00008637",0,0,0
"E00008638",1,1,0
"E00008639",2,0,2
"E00008640",2,0,2
"E00008641",1,1,0
"E00008642",3,3,0
"E00008643",0,0,0
"E00008644",6,0,6
"E00008646",2,2,0
"E00008647",2,1,1
"E00008648",6,4,2
"E00008649",5,2,3
"E00008650",0,0,0
"E00008651",6,3,3
"E00008652",4,2,2
"E00008653",3,1,2
"E00008654",4,0,4
"E00008655",1,0,1
"E00008656",1,0,1
"E00008657",0,0,0
"E00008658",0,0,0
"E00008659",6,5,1
"E00008660",3,1,2
"E00008661",0,0,0
"E00008662",1,1,0
"E00008663",0,0,0
"E00008664",3,3,0
"E00008665",0,0,0
"E00008666",0,0,0
"E00008667",1,0,1
"E00008668",4,2,2
"E00008669",6,3,3
"E00008670",3,0,3
"E00008671",4,0,4
"E00008672",1,1,0
"E00008673",6,3,3
"E00008674",1,0,1
"E00008675",0,0,0
"E00008676",0,0,0
"E00008677",2,0,2
"E00008678",0,0,0
"E00008679",4,2,2
"E00008680",1,0,1
"E00008681",1,1,0
"E00008682",4,2,2
"E00008683",1,1,0
"E00008684",4,0,4
"E00008685",2,1,1
"E00008686",8,4,4
"E00008687",1,1,0
"E00008689",3,2,1
"E00008691",3,2,1
"E00008692",2,0,2
"E00008694",2,2,0
"E00008695",0,0,0
"E00008696",0,0,0
"E00008698",0,0,0
"E00008699",2,0,2
"E00008700",3,1,2
"E00008702",1,1,0
"E00008704",0,0,0
"E00008705",5,1,4
"E00008706",3,2,1
"E00008707",2,0,2
"E00008708",1,0,1
"E00008709",6,2,4
"E00008710",5,4,1
"E00008711",1,1,0
"E00008712",1,0,1
"E00008713",4,2,2
"E00008714",0,0,0
"E00008715",0,0,0
"E00008716",9,4,5
"E00008717",1,1,0
"E00008718",5,4,1
"E00008719",7,5,2
"E00008720",5,1,4
"E00008721",3,1,2
"E00008722",2,1,1
"E00008723",2,1,1
"E00008724",3,1,2
"E00008725",0,0,0
"E00008726",2,1,1
"E00008727",1,0,1
"E00008728",3,3,0
"E00008729",4,3,1
"E00008731",5,3,2
"E00008732",2,1,1
"E00008734",0,0,0
"E00008735",2,2,0
"E00008736",4,1,3
"E00008737",1,0,1
"E00008739",5,1,4
"E00008740",2,2,0
"E00008742",3,2,1
"E00008743",5,2,3
"E00008744",7,3,4
"E00008745",5,2,3
"E00008746",1,1,0
"E00008747",5,2,3
"E00008748",9,2,7
"E00008750",2,2,0
"E00008752",1,1,0
"E00008753",1,0,1
"E00008754",0,0,0
"E00008756",5,4,1
"E00008757",0,0,0
"E00008758",7,4,3
"E00008759",1,0,1
"E00008760",1,1,0
"E00008761",0,0,0
"E00008762",2,1,1
"E00008763",0,0,0
"E00008764",5,1,4
"E00008765",5,4,1
"E00008766",4,0,4
"E00008767",0,0,0
"E00008768",3,2,1
"E00008769",0,0,0
"E00008770",1,1,0
"E00008771",3,2,1
"E00008772",3,2,1
"E00008773",1,0,1
"E00008774",0,0,0
"E00008775",6,6,0
"E00008776",4,2,2
"E00008777",2,1,1
"E00008778",1,1,0
"E00008779",2,1,1
"E00008780",4,1,3
"E00008781",3,1,2
"E00008782",0,0,0
"E00008783",5,3,2
"E00008784",0,0,0
"E00008785",0,0,0
"E00008786",3,1,2
"E00008787",0,0,0
"E00008788",6,1,5
"E00008789",3,1,2
"E00008790",5,1,4
"E00008791",0,0,0
"E00008792",1,1,0
"E00008793",0,0,0
"E00008794",4,2,2
"E00008795",1,1,0
"E00008796",2,1,1
"E00008797",0,0,0
"E00008798",1,0,1
"E00008799",2,2,0
"E00008801",4,1,3
"E00008802",2,1,1
"E00008803",2,2,0
"E00008804",2,0,2
"E00008806",4,2,2
"E00008807",1,0,1
"E00008808",3,2,1
"E00008809",1,1,0
"E00008810",0,0,0
"E00008811",4,1,3
"E00008812",4,1,3
"E00008813",9,4,5
"E00008814",3,2,1
"E00008815",4,1,3
"E00008816",5,4,1
"E00008817",0,0,0
"E00008818",2,2,0
"E00008819",4,0,4
"E00008820",0,0,0
"E00008821",1,0,1
"E00008822",3,3,0
"E00008823",2,0,2
"E00008824",1,1,0
"E00008825",0,0,0
"E00008827",0,0,0
"E00008828",1,0,1
"E00008829",5,1,4
"E00008830",3,2,1
"E00008831",5,1,4
"E00008832",4,2,2
"E00008833",5,3,2
"E00008834",0,0,0
"E00008838",3,1,2
"E00008839",8,3,5
"E00008840",4,2,2
"E00008841",2,1,1
"E00008842",1,1,0
"E00008844",1,0,1
"E00008846",0,0,0
"E00008847",0,0,0
"E00008848",16,8,8
"E00008849",3,2,1
"E00008850",2,0,2
"E00008851",2,2,0
"E00008852",1,1,0
"E00008853",3,0,3
"E00008854",0,0,0
"E00008856",6,3,3
"E00008857",4,2,2
"E00008858",3,1,2
"E00008859",1,0,1
"E00008860",4,3,1
"E00008861",4,4,0
"E00008864",5,3,2
"E00008865",2,1,1
"E00008866",0,0,0
"E00008867",7,5,2
"E00008868",0,0,0
"E00008869",10,4,6
"E00008870",2,0,2
"E00008871",4,2,2
"E00008872",0,0,0
"E00008874",0,0,0
"E00008875",2,1,1
"E00008877",31,7,24
"E00008878",8,7,1
"E00008879",3,1,2
"E00008880",1,0,1
"E00008881",5,3,2
"E00008882",0,0,0
"E00008883",0,0,0
"E00008884",1,1,0
"E00008885",5,3,2
"E00008886",2,2,0
"E00008887",2,1,1
"E00008888",5,3,2
"E00008889",7,1,6
"E00008890",4,1,3
"E00008891",0,0,0
"E00008892",1,1,0
"E00008893",0,0,0
"E00008894",0,0,0
"E00008895",4,1,3
"E00008896",0,0,0
"E00008897",7,4,3
"E00008898",14,1,13
"E00008899",8,5,3
"E00008900",3,1,2
"E00008901",0,0,0
"E00008902",1,1,0
"E00008903",3,1,2
"E00008904",6,3,3
"E00008905",1,1,0
"E00008906",0,0,0
"E00008907",2,1,1
"E00008908",1,0,1
"E00008909",1,0,1
"E00008910",0,0,0
"E00008911",3,2,1
"E00008912",3,2,1
"E00008913",4,1,3
"E00008914",1,0,1
"E00008915",2,0,2
"E00008916",5,1,4
"E00008917",3,1,2
"E00008918",3,2,1
"E00008919",0,0,0
"E00008920",0,0,0
"E00008921",0,0,0
"E00008922",3,2,1
"E00008923",9,4,5
"E00008924",5,4,1
"E00008925",2,1,1
"E00008926",5,2,3
"E00008928",6,3,3
"E00008930",0,0,0
"E00008935",0,0,0
"E00008936",5,3,2
"E00008937",7,3,4
"E00008938",1,0,1
"E00008939",5,3,2
"E00008940",5,3,2
"E00008941",1,1,0
"E00008942",4,2,2
"E00008943",7,2,5
"E00008944",5,0,5
"E00008945",11,2,9
"E00008946",5,2,3
"E00008947",4,1,3
"E00008948",4,1,3
"E00008949",3,0,3
"E00008950",3,3,0
"E00008951",2,0,2
"E00008952",4,2,2
"E00008953",2,1,1
"E00008954",5,4,1
"E00008955",8,6,2
"E00008956",2,1,1
"E00008957",3,2,1
"E00008958",1,1,0
"E00008959",4,3,1
"E00008960",5,4,1
"E00008961",2,2,0
"E00008962",3,3,0
"E00008963",7,4,3
"E00008965",8,2,6
"E00008966",0,0,0
"E00008967",0,0,0
"E00008968",3,1,2
"E00008970",2,1,1
"E00008971",2,1,1
"E00008972",8,4,4
"E00008973",1,1,0
"E00008974",9,8,1
"E00008975",7,5,2
"E00008976",7,4,3
"E00008977",0,0,0
"E00008978",2,1,1
"E00008979",8,5,3
"E00008980",3,3,0
"E00008981",2,2,0
"E00008982",1,1,0
"E00008983",4,2,2
"E00008984",4,2,2
"E00008985",5,1,4
"E00008986",3,3,0
"E00008987",0,0,0
"E00008988",0,0,0
"E00008989",8,4,4
"E00008990",1,1,0
"E00008991",2,1,1
"E00008992",3,2,1
"E00008993",6,2,4
"E00008994",5,3,2
"E00008995",1,0,1
"E00008996",1,0,1
"E00008997",3,0,3
"E00008998",3,2,1
"E00008999",0,0,0
"E00009000",3,2,1
"E00009001",0,0,0
"E00009002",1,1,0
"E00009003",8,6,2
"E00009004",13,8,5
"E00009005",4,3,1
"E00009006",4,2,2
"E00009007",2,1,1
"E00009008",0,0,0
"E00009011",2,1,1
"E00009012",0,0,0
"E00009014",6,4,2
"E00009015",3,0,3
"E00009016",2,0,2
"E00009017",3,3,0
"E00009018",5,3,2
"E00009019",8,4,4
"E00009021",3,3,0
"E00009022",13,10,3
"E00009023",1,1,0
"E00009024",10,7,3
"E00009025",4,4,0
"E00009027",22,16,6
"E00009029",1,1,0
"E00009030",16,8,8
"E00009031",6,3,3
"E00009032",0,0,0
"E00009033",6,3,3
"E00009034",5,3,2
"E00009035",0,0,0
"E00009036",13,11,2
"E00009037",2,1,1
"E00009038",1,0,1
"E00009039",3,2,1
"E00009040",3,0,3
"E00009041",6,4,2
"E00009042",0,0,0
"E00009043",3,1,2
"E00009044",3,2,1
"E00009045",1,0,1
"E00009046",0,0,0
"E00009047",1,1,0
"E00009048",2,0,2
"E00009049",2,1,1
"E00009050",2,2,0
"E00009051",6,1,5
"E00009052",4,1,3
"E00009053",9,5,4
"E00009054",2,2,0
"E00009056",8,5,3
"E00009057",3,2,1
"E00009058",1,0,1
"E00009060",3,0,3
"E00009062",1,0,1
"E00009063",1,1,0
"E00009064",6,2,4
"E00009065",2,2,0
"E00009066",6,4,2
"E00009067",9,3,6
"E00009068",1,1,0
"E00009069",1,0,1
"E00009070",4,2,2
"E00009071",0,0,0
"E00009072",3,2,1
"E00009073",0,0,0
"E00009074",1,1,0
"E00009075",3,3,0
"E00009076",2,2,0
"E00009077",2,0,2
"E00009078",6,3,3
"E00009079",0,0,0
"E00009082",7,5,2
"E00009083",3,1,2
"E00009084",7,5,2
"E00009085",2,0,2
"E00009086",3,1,2
"E00009087",4,1,3
"E00009088",7,3,4
"E00009089",6,3,3
"E00009090",18,17,1
"E00009091",4,4,0
"E00009092",3,3,0
"E00009093",18,14,4
"E00009094",1,1,0
"E00009095",0,0,0
"E00009096",21,16,5
"E00009097",9,6,3
"E00009098",8,3,5
"E00009099",7,3,4
"E00009100",4,3,1
"E00009101",3,2,1
"E00009102",2,1,1
"E00009103",0,0,0
"E00009104",3,2,1
"E00009105",6,2,4
"E00009106",5,4,1
"E00009107",4,2,2
"E00009109",5,1,4
"E00009110",5,2,3
"E00009111",6,3,3
"E00009112",2,1,1
"E00009113",2,1,1
"E00009114",4,3,1
"E00009115",1,1,0
"E00009116",0,0,0
"E00009117",6,4,2
"E00009118",5,3,2
"E00009119",10,7,3
"E00009120",0,0,0
"E00009121",4,1,3
"E00009122",3,1,2
"E00009123",3,1,2
"E00009124",1,0,1
"E00009125",3,2,1
"E00009126",2,1,1
"E00009127",2,0,2
"E00009128",2,0,2
"E00009129",0,0,0
"E00009130",1,0,1
"E00009131",5,1,4
"E00009132",0,0,0
"E00009133",1,0,1
"E00009134",3,3,0
"E00009135",0,0,0
"E00009136",4,2,2
"E00009137",4,1,3
"E00009138",1,1,0
"E00009140",2,1,1
"E00009141",2,1,1
"E00009142",4,0,4
"E00009143",0,0,0
"E00009144",3,3,0
"E00009145",3,2,1
"E00009146",1,0,1
"E00009147",6,5,1
"E00009148",4,3,1
"E00009149",2,2,0
"E00009151",5,3,2
"E00009152",6,4,2
"E00009153",4,0,4
"E00009154",2,0,2
"E00009155",8,8,0
"E00009156",2,2,0
"E00009157",6,4,2
"E00009158",2,1,1
"E00009159",2,0,2
"E00009160",6,2,4
"E00009161",2,0,2
"E00009162",2,1,1
"E00009163",4,3,1
"E00009164",0,0,0
"E00009165",3,3,0
"E00009166",1,1,0
"E00009167",2,1,1
"E00009168",2,1,1
"E00009169",3,2,1
"E00009170",0,0,0
"E00009171",7,2,5
"E00009172",0,0,0
"E00009173",2,0,2
"E00009174",2,1,1
"E00009175",3,3,0
"E00009176",6,2,4
"E00009177",5,2,3
"E00009178",0,0,0
"E00009179",4,2,2
"E00009180",2,1,1
"E00009181",8,2,6
"E00009182",8,4,4
"E00009183",2,0,2
"E00009184",0,0,0
"E00009185",0,0,0
"E00009186",3,1,2
"E00009187",1,0,1
"E00009188",8,4,4
"E00009190",6,6,0
"E00009191",5,3,2
"E00009192",0,0,0
"E00009194",6,2,4
"E00009195",0,0,0
"E00009196",4,1,3
"E00009197",0,0,0
"E00009198",2,1,1
"E00009199",7,4,3
"E00009200",2,2,0
"E00009201",5,2,3
"E00009202",0,0,0
"E00009203",5,3,2
"E00009204",0,0,0
"E00009205",0,0,0
"E00009206",2,0,2
"E00009207",2,1,1
"E00009208",2,1,1
"E00009209",3,3,0
"E00009210",5,4,1
"E00009212",7,1,6
"E00009213",4,3,1
"E00009214",7,3,4
"E00009215",1,1,0
"E00009216",4,3,1
"E00009217",1,0,1
"E00009218",3,0,3
"E00009219",3,2,1
"E00009221",4,1,3
"E00009222",0,0,0
"E00009223",6,2,4
"E00009227",1,0,1
"E00009228",3,1,2
"E00009229",2,1,1
"E00009230",9,4,5
"E00009231",6,3,3
"E00009232",7,2,5
"E00009233",7,4,3
"E00009234",3,3,0
"E00009235",7,6,1
"E00009236",1,0,1
"E00009237",11,8,3
"E00009238",1,1,0
"E00009239",6,5,1
"E00009240",21,13,8
"E00009241",0,0,0
"E00009242",1,0,1
"E00009243",0,0,0
"E00009244",0,0,0
"E00009245",1,0,1
"E00009246",4,1,3
"E00009247",3,1,2
"E00009248",2,1,1
"E00009249",2,2,0
"E00009250",1,1,0
"E00009251",1,0,1
"E00009252",6,4,2
"E00009253",4,4,0
"E00009254",6,3,3
"E00009255",6,4,2
"E00009256",4,2,2
"E00009257",16,12,4
"E00009258",3,1,2
"E00009259",0,0,0
"E00009260",3,2,1
"E00009261",1,0,1
"E00009262",0,0,0
"E00009263",3,2,1
"E00009264",1,1,0
"E00009265",0,0,0
"E00009266",2,2,0
"E00009267",0,0,0
"E00009268",0,0,0
"E00009269",3,0,3
"E00009270",0,0,0
"E00009271",3,1,2
"E00009272",8,5,3
"E00009273",8,2,6
"E00009274",0,0,0
"E00009275",0,0,0
"E00009276",0,0,0
"E00009277",0,0,0
"E00009278",7,5,2
"E00009279",3,1,2
"E00009280",5,5,0
"E00009281",4,1,3
"E00009282",3,2,1
"E00009283",2,2,0
"E00009284",1,0,1
"E00009285",3,1,2
"E00009286",0,0,0
"E00009287",7,2,5
"E00009288",0,0,0
"E00009289",4,0,4
"E00009291",0,0,0
"E00009292",10,7,3
"E00009293",2,1,1
"E00009294",4,1,3
"E00009295",0,0,0
"E00009296",2,1,1
"E00009297",13,9,4
"E00009298",0,0,0
"E00009299",4,2,2
"E00009300",5,2,3
"E00009301",7,5,2
"E00009302",0,0,0
"E00009303",3,2,1
"E00009304",5,3,2
"E00009305",8,6,2
"E00009306",3,1,2
"E00009307",3,0,3
"E00009308",0,0,0
"E00009309",5,3,2
"E00009310",0,0,0
"E00009311",6,4,2
"E00009312",3,0,3
"E00009313",0,0,0
"E00009314",2,2,0
"E00009315",0,0,0
"E00009316",8,2,6
"E00009317",0,0,0
"E00009318",4,3,1
"E00009319",2,2,0
"E00009320",7,1,6
"E00009321",0,0,0
"E00009322",2,2,0
"E00009324",6,4,2
"E00009325",0,0,0
"E00009326",5,1,4
"E00009327",5,2,3
"E00009328",7,1,6
"E00009329",2,0,2
"E00009330",5,1,4
"E00009331",2,1,1
"E00009332",0,0,0
"E00009333",1,0,1
"E00009334",23,12,11
"E00009335",1,0,1
"E00009336",1,1,0
"E00009337",8,7,1
"E00009338",0,0,0
"E00009339",3,1,2
"E00009340",3,1,2
"E00009341",2,2,0
"E00009342",7,2,5
"E00009343",11,9,2
"E00009344",6,1,5
"E00009345",3,2,1
"E00009346",1,0,1
"E00009348",0,0,0
"E00009349",2,0,2
"E00009350",0,0,0
"E00009351",2,1,1
"E00009352",0,0,0
"E00009353",0,0,0
"E00009354",8,5,3
"E00009355",2,1,1
"E00009356",4,1,3
"E00009357",5,2,3
"E00009358",1,1,0
"E00009359",0,0,0
"E00009360",1,1,0
"E00009361",4,1,3
"E00009362",0,0,0
"E00009363",3,1,2
"E00009365",4,1,3
"E00009366",1,1,0
"E00009367",0,0,0
"E00009368",0,0,0
"E00009369",0,0,0
"E00009370",4,2,2
"E00009372",3,3,0
"E00009373",1,0,1
"E00009374",3,2,1
"E00009375",1,0,1
"E00009376",2,1,1
"E00009377",0,0,0
"E00009378",2,2,0
"E00009379",2,1,1
"E00009380",2,1,1
"E00009381",5,1,4
"E00009382",4,0,4
"E00009383",4,2,2
"E00009384",0,0,0
"E00009385",3,2,1
"E00009386",0,0,0
"E00009387",0,0,0
"E00009388",0,0,0
"E00009389",2,2,0
"E00009390",2,0,2
"E00009391",0,0,0
"E00009392",5,5,0
"E00009393",2,1,1
"E00009394",3,3,0
"E00009395",1,1,0
"E00009396",1,0,1
"E00009397",0,0,0
"E00009398",1,1,0
"E00009399",23,23,0
"E00009400",6,4,2
"E00009401",0,0,0
"E00009402",0,0,0
"E00009403",0,0,0
"E00009404",2,0,2
"E00009405",2,2,0
"E00009406",3,1,2
"E00009407",6,5,1
"E00009408",1,1,0
"E00009409",0,0,0
"E00009410",4,1,3
"E00009411",0,0,0
"E00009412",0,0,0
"E00009413",0,0,0
"E00009414",2,0,2
"E00009415",2,2,0
"E00009416",1,1,0
"E00009417",1,0,1
"E00009418",0,0,0
"E00009419",3,1,2
"E00009420",2,0,2
"E00009421",6,3,3
"E00009422",3,2,1
"E00009423",0,0,0
"E00009424",2,1,1
"E00009425",0,0,0
"E00009426",2,1,1
"E00009427",2,0,2
"E00009428",3,1,2
"E00009429",7,4,3
"E00009430",5,3,2
"E00009431",1,0,1
"E00009432",1,1,0
"E00009433",6,5,1
"E00009434",3,2,1
"E00009435",5,2,3
"E00009436",3,2,1
"E00009437",7,4,3
"E00009438",4,3,1
"E00009439",2,0,2
"E00009440",1,0,1
"E00009441",0,0,0
"E00009442",1,1,0
"E00009443",4,1,3
"E00009444",7,3,4
"E00009445",2,0,2
"E00009446",3,1,2
"E00009447",2,0,2
"E00009448",2,1,1
"E00009449",0,0,0
"E00009450",2,1,1
"E00009451",0,0,0
"E00009452",1,1,0
"E00009453",0,0,0
"E00009454",2,1,1
"E00009455",8,6,2
"E00009456",2,1,1
"E00009457",8,4,4
"E00009458",1,1,0
"E00009459",3,2,1
"E00009460",9,4,5
"E00009461",1,1,0
"E00009462",1,1,0
"E00009463",5,3,2
"E00009464",1,0,1
"E00009465",4,2,2
"E00009466",0,0,0
"E00009467",6,3,3
"E00009468",4,2,2
"E00009469",0,0,0
"E00009470",7,3,4
"E00009471",5,4,1
"E00009472",3,2,1
"E00009473",2,1,1
"E00009474",2,2,0
"E00009475",4,2,2
"E00009476",0,0,0
"E00009477",6,1,5
"E00009478",1,0,1
"E00009479",2,1,1
"E00009480",6,3,3
"E00009481",6,3,3
"E00009482",0,0,0
"E00009483",3,1,2
"E00009484",5,2,3
"E00009485",4,3,1
"E00009486",4,2,2
"E00009487",0,0,0
"E00009488",4,2,2
"E00009489",9,5,4
"E00009490",0,0,0
"E00009491",9,5,4
"E00009492",3,2,1
"E00009493",1,0,1
"E00009494",0,0,0
"E00009495",2,1,1
"E00009496",1,0,1
"E00009497",1,1,0
"E00009498",0,0,0
"E00009499",0,0,0
"E00009500",0,0,0
"E00009501",4,2,2
"E00009502",5,4,1
"E00009503",1,1,0
"E00009504",2,0,2
"E00009505",0,0,0
"E00009506",3,2,1
"E00009507",2,0,2
"E00009508",2,2,0
"E00009509",8,4,4
"E00009510",5,3,2
"E00009511",4,2,2
"E00009512",3,3,0
"E00009513",14,11,3
"E00009514",3,0,3
"E00009515",4,1,3
"E00009516",13,6,7
"E00009517",0,0,0
"E00009518",7,3,4
"E00009519",2,1,1
"E00009520",0,0,0
"E00009521",3,3,0
"E00009522",5,3,2
"E00009523",1,1,0
"E00009524",0,0,0
"E00009525",1,1,0
"E00009526",6,3,3
"E00009527",1,1,0
"E00009528",4,1,3
"E00009529",3,2,1
"E00009530",5,0,5
"E00009531",2,1,1
"E00009532",0,0,0
"E00009533",2,1,1
"E00009534",5,3,2
"E00009535",1,0,1
"E00009536",0,0,0
"E00009537",5,4,1
"E00009538",0,0,0
"E00009539",3,0,3
"E00009540",0,0,0
"E00009541",1,1,0
"E00009542",0,0,0
"E00009543",3,1,2
"E00009544",3,2,1
"E00009545",0,0,0
"E00009546",1,1,0
"E00009547",2,2,0
"E00009548",2,0,2
"E00009549",0,0,0
"E00009550",2,2,0
"E00009551",0,0,0
"E00009552",5,3,2
"E00009553",2,1,1
"E00009554",2,2,0
"E00009555",0,0,0
"E00009556",2,2,0
"E00009557",0,0,0
"E00009558",8,4,4
"E00009559",0,0,0
"E00009560",1,0,1
"E00009561",6,1,5
"E00009562",0,0,0
"E00009563",0,0,0
"E00009564",0,0,0
"E00009565",2,1,1
"E00009566",3,1,2
"E00009567",0,0,0
"E00009568",0,0,0
"E00009569",0,0,0
"E00009570",0,0,0
"E00009571",5,2,3
"E00009572",0,0,0
"E00009573",0,0,0
"E00009574",4,3,1
"E00009575",4,1,3
"E00009576",4,3,1
"E00009577",3,3,0
"E00009578",0,0,0
"E00009579",0,0,0
"E00009580",5,3,2
"E00009581",6,2,4
"E00009582",6,3,3
"E00009583",3,1,2
"E00009584",4,4,0
"E00009585",5,5,0
"E00009586",11,4,7
"E00009587",1,0,1
"E00009588",4,2,2
"E00009589",9,6,3
"E00009590",5,2,3
"E00009591",7,2,5
"E00009592",2,0,2
"E00009593",5,5,0
"E00009594",3,2,1
"E00009595",7,3,4
"E00009596",9,5,4
"E00009597",10,7,3
"E00009598",4,1,3
"E00009599",1,0,1
"E00009600",0,0,0
"E00009601",44,18,26
"E00009602",14,5,9
"E00009603",9,2,7
"E00009604",29,15,14
"E00009605",0,0,0
"E00009606",42,20,22
"E00009607",8,5,3
"E00009608",11,6,5
"E00009609",12,8,4
"E00009610",5,1,4
"E00009611",10,6,4
"E00009612",4,3,1
"E00009613",9,3,6
"E00009614",1,0,1
"E00009615",5,1,4
"E00009616",4,3,1
"E00009617",10,7,3
"E00009618",5,1,4
"E00009619",1,1,0
"E00009620",2,1,1
"E00009621",12,7,5
"E00009622",3,2,1
"E00009623",2,0,2
"E00009624",5,2,3
"E00009625",9,6,3
"E00009626",13,3,10
"E00009627",2,0,2
"E00009628",24,15,9
"E00009629",7,3,4
"E00009630",6,4,2
"E00009631",1,0,1
"E00009632",14,10,4
"E00009633",2,2,0
"E00009634",8,5,3
"E00009635",10,7,3
"E00009636",14,4,10
"E00009637",6,4,2
"E00009638",26,15,11
"E00009639",19,14,5
"E00009640",8,3,5
"E00009641",25,15,10
"E00009642",5,3,2
"E00009643",11,5,6
"E00009644",7,4,3
"E00009645",12,4,8
"E00009646",0,0,0
"E00009647",7,5,2
"E00009648",10,4,6
"E00009649",7,1,6
"E00009651",0,0,0
"E00009652",10,7,3
"E00009653",2,2,0
"E00009654",3,1,2
"E00009655",3,2,1
"E00009656",3,2,1
"E00009657",0,0,0
"E00009658",3,0,3
"E00009659",6,2,4
"E00009660",1,0,1
"E00009661",0,0,0
"E00009662",7,3,4
"E00009663",3,1,2
"E00009664",3,1,2
"E00009665",0,0,0
"E00009666",0,0,0
"E00009667",0,0,0
"E00009668",0,0,0
"E00009669",7,6,1
"E00009670",3,1,2
"E00009671",22,12,10
"E00009672",5,2,3
"E00009673",0,0,0
"E00009674",6,2,4
"E00009675",6,2,4
"E00009676",12,7,5
"E00009677",11,7,4
"E00009678",9,5,4
"E00009679",29,18,11
"E00009680",10,6,4
"E00009681",0,0,0
"E00009682",2,0,2
"E00009683",4,1,3
"E00009684",0,0,0
"E00009685",3,1,2
"E00009686",6,4,2
"E00009687",0,0,0
"E00009688",3,2,1
"E00009689",2,1,1
"E00009690",1,0,1
"E00009691",3,1,2
"E00009692",5,2,3
"E00009693",2,2,0
"E00009694",2,2,0
"E00009695",4,3,1
"E00009696",14,7,7
"E00009697",5,4,1
"E00009698",9,7,2
"E00009699",10,5,5
"E00009700",3,2,1
"E00009701",6,3,3
"E00009702",0,0,0
"E00009703",1,0,1
"E00009705",2,1,1
"E00009706",4,2,2
"E00009707",0,0,0
"E00009708",0,0,0
"E00009709",2,1,1
"E00009710",2,0,2
"E00009711",2,2,0
"E00009712",10,3,7
"E00009713",7,3,4
"E00009714",2,1,1
"E00009716",9,5,4
"E00009717",3,2,1
"E00009718",4,1,3
"E00009720",2,1,1
"E00009721",4,2,2
"E00009722",5,4,1
"E00009723",2,0,2
"E00009724",2,1,1
"E00009725",0,0,0
"E00009726",0,0,0
"E00009727",2,1,1
"E00009728",1,0,1
"E00009729",1,1,0
"E00009730",3,3,0
"E00009732",3,1,2
"E00009733",5,3,2
"E00009734",2,2,0
"E00009735",1,0,1
"E00009736",0,0,0
"E00009737",0,0,0
"E00009738",0,0,0
"E00009739",0,0,0
"E00009740",1,0,1
"E00009741",5,3,2
"E00009742",0,0,0
"E00009743",8,4,4
"E00009744",2,1,1
"E00009745",7,5,2
"E00009746",4,2,2
"E00009747",9,6,3
"E00009748",4,3,1
"E00009749",1,0,1
"E00009750",0,0,0
"E00009751",3,1,2
"E00009752",3,2,1
"E00009753",3,2,1
"E00009754",4,2,2
"E00009755",0,0,0
"E00009756",2,1,1
"E00009757",1,1,0
"E00009758",4,3,1
"E00009759",0,0,0
"E00009760",7,4,3
"E00009761",2,0,2
"E00009762",1,1,0
"E00009763",2,0,2
"E00009764",6,1,5
"E00009765",2,0,2
"E00009766",2,0,2
"E00009767",2,2,0
"E00009768",3,2,1
"E00009769",13,6,7
"E00009770",4,2,2
"E00009771",7,6,1
"E00009772",2,0,2
"E00009773",0,0,0
"E00009774",4,4,0
"E00009775",4,1,3
"E00009776",6,0,6
"E00009777",4,3,1
"E00009778",3,2,1
"E00009779",4,3,1
"E00009780",2,1,1
"E00009781",3,1,2
"E00009782",5,2,3
"E00009783",11,6,5
"E00009784",0,0,0
"E00009786",3,1,2
"E00009787",1,1,0
"E00009788",1,1,0
"E00009789",6,2,4
"E00009790",0,0,0
"E00009791",6,3,3
"E00009792",2,0,2
"E00009793",1,0,1
"E00009794",6,2,4
"E00009795",1,1,0
"E00009796",2,1,1
"E00009797",6,4,2
"E00009798",5,3,2
"E00009799",1,1,0
"E00009800",2,1,1
"E00009801",2,0,2
"E00009802",2,1,1
"E00009803",5,3,2
"E00009804",5,2,3
"E00009805",5,4,1
"E00009806",2,2,0
"E00009807",3,2,1
"E00009808",8,4,4
"E00009809",3,2,1
"E00009810",4,2,2
"E00009811",3,2,1
"E00009812",0,0,0
"E00009813",0,0,0
"E00009814",4,2,2
"E00009815",12,7,5
"E00009816",8,3,5
"E00009817",3,1,2
"E00009818",0,0,0
"E00009819",2,0,2
"E00009820",3,2,1
"E00009821",9,4,5
"E00009822",0,0,0
"E00009823",7,4,3
"E00009824",1,1,0
"E00009825",0,0,0
"E00009826",2,1,1
"E00009827",3,1,2
"E00009828",1,1,0
"E00009829",4,1,3
"E00009830",2,0,2
"E00009831",1,1,0
"E00009832",8,3,5
"E00009833",12,3,9
"E00009834",2,2,0
"E00009835",8,6,2
"E00009836",15,4,11
"E00009837",2,2,0
"E00009838",8,4,4
"E00009839",5,2,3
"E00009840",0,0,0
"E00009841",7,1,6
"E00009842",2,2,0
"E00009843",4,2,2
"E00009844",6,4,2
"E00009845",5,4,1
"E00009846",9,5,4
"E00009847",6,3,3
"E00009848",3,3,0
"E00009849",6,4,2
"E00009850",10,6,4
"E00009851",14,4,10
"E00009852",10,7,3
"E00009853",5,3,2
"E00009854",10,7,3
"E00009855",1,1,0
"E00009856",9,4,5
"E00009857",13,5,8
"E00009858",3,0,3
"E00009859",8,5,3
"E00009860",6,1,5
"E00009861",8,4,4
"E00009862",11,5,6
"E00009863",5,4,1
"E00009864",5,1,4
"E00009865",3,3,0
"E00009866",9,4,5
"E00009867",0,0,0
"E00009868",0,0,0
"E00009869",3,2,1
"E00009870",1,0,1
"E00009871",0,0,0
"E00009872",8,4,4
"E00009873",7,4,3
"E00009874",3,3,0
"E00009875",0,0,0
"E00009876",5,3,2
"E00009877",7,2,5
"E00009878",4,3,1
"E00009879",2,2,0
"E00009880",0,0,0
"E00009881",0,0,0
"E00009882",5,1,4
"E00009883",0,0,0
"E00009884",1,0,1
"E00009885",3,3,0
"E00009886",2,2,0
"E00009887",3,3,0
"E00009888",3,1,2
"E00009889",3,2,1
"E00009890",4,0,4
"E00009892",2,1,1
"E00009893",8,4,4
"E00009894",0,0,0
"E00009895",2,0,2
"E00009896",0,0,0
"E00009897",5,3,2
"E00009898",1,1,0
"E00009899",2,1,1
"E00009900",0,0,0
"E00009901",7,5,2
"E00009902",6,4,2
"E00009903",1,1,0
"E00009904",5,3,2
"E00009905",5,0,5
"E00009906",4,3,1
"E00009907",1,1,0
"E00009908",1,0,1
"E00009909",5,3,2
"E00009910",2,0,2
"E00009911",6,3,3
"E00009912",0,0,0
"E00009913",4,1,3
"E00009914",7,2,5
"E00009915",7,2,5
"E00009916",8,6,2
"E00009917",0,0,0
"E00009918",1,0,1
"E00009919",2,1,1
"E00009920",1,1,0
"E00009921",1,0,1
"E00009922",2,2,0
"E00009923",4,2,2
"E00009924",1,1,0
"E00009925",0,0,0
"E00009926",2,1,1
"E00009927",1,0,1
"E00009928",8,2,6
"E00009929",4,1,3
"E00009930",1,0,1
"E00009931",0,0,0
"E00009932",7,6,1
"E00009933",0,0,0
"E00009934",1,0,1
"E00009935",4,2,2
"E00009936",0,0,0
"E00009937",2,1,1
"E00009938",7,6,1
"E00009939",0,0,0
"E00009940",2,0,2
"E00009941",3,2,1
"E00009942",2,1,1
"E00009943",1,1,0
"E00009944",10,6,4
"E00009945",1,0,1
"E00009946",0,0,0
"E00009947",0,0,0
"E00009948",8,3,5
"E00009949",12,4,8
"E00009950",0,0,0
"E00009951",0,0,0
"E00009952",6,3,3
"E00009953",2,1,1
"E00009954",9,6,3
"E00009955",6,2,4
"E00009956",9,3,6
"E00009957",3,0,3
"E00009958",7,2,5
"E00009959",2,2,0
"E00009960",4,2,2
"E00009961",9,5,4
"E00009962",7,3,4
"E00009963",3,0,3
"E00009964",6,3,3
"E00009965",6,3,3
"E00009967",5,2,3
"E00009968",3,3,0
"E00009969",0,0,0
"E00009970",9,6,3
"E00009971",3,1,2
"E00009972",6,2,4
"E00009973",0,0,0
"E00009974",1,1,0
"E00009975",4,2,2
"E00009976",5,1,4
"E00009978",1,0,1
"E00009979",0,0,0
"E00009980",2,1,1
"E00009982",0,0,0
"E00009983",2,0,2
"E00009984",3,1,2
"E00009985",0,0,0
"E00009986",16,9,7
"E00009987",9,5,4
"E00009988",3,2,1
"E00009989",6,2,4
"E00009990",6,2,4
"E00009991",5,3,2
"E00009992",18,8,10
"E00009993",10,4,6
"E00009994",13,5,8
"E00009995",2,1,1
"E00009996",1,0,1
"E00009997",0,0,0
"E00009998",5,1,4
"E00009999",5,3,2
"E00010000",1,0,1
"E00010001",0,0,0
"E00010002",7,6,1
"E00010003",1,0,1
"E00010004",0,0,0
"E00010005",4,1,3
"E00010006",14,11,3
"E00010007",4,3,1
"E00010008",20,6,14
"E00010009",6,0,6
"E00010010",5,4,1
"E00010011",7,6,1
"E00010012",15,11,4
"E00010013",9,4,5
"E00010014",18,9,9
"E00010015",0,0,0
"E00010016",8,4,4
"E00010017",2,2,0
"E00010018",2,1,1
"E00010019",3,1,2
"E00010021",2,1,1
"E00010022",3,1,2
"E00010023",0,0,0
"E00010024",12,4,8
"E00010025",5,4,1
"E00010026",1,0,1
"E00010027",3,2,1
"E00010029",1,0,1
"E00010030",0,0,0
"E00010031",0,0,0
"E00010032",7,3,4
"E00010033",3,3,0
"E00010034",5,4,1
"E00010035",0,0,0
"E00010036",0,0,0
"E00010037",1,0,1
"E00010038",3,2,1
"E00010039",2,2,0
"E00010040",0,0,0
"E00010041",2,0,2
"E00010042",2,0,2
"E00010043",2,0,2
"E00010044",2,1,1
"E00010045",2,1,1
"E00010046",2,1,1
"E00010047",2,0,2
"E00010048",1,0,1
"E00010049",0,0,0
"E00010050",4,3,1
"E00010051",4,1,3
"E00010052",3,1,2
"E00010053",1,1,0
"E00010054",2,1,1
"E00010055",11,6,5
"E00010056",2,1,1
"E00010057",2,1,1
"E00010058",3,2,1
"E00010059",0,0,0
"E00010060",9,4,5
"E00010061",0,0,0
"E00010062",5,1,4
"E00010064",30,14,16
"E00010065",17,6,11
"E00010066",0,0,0
"E00010067",5,5,0
"E00010068",15,9,6
"E00010069",0,0,0
"E00010070",5,1,4
"E00010071",6,4,2
"E00010072",2,2,0
"E00010073",5,1,4
"E00010074",2,2,0
"E00010075",5,3,2
"E00010076",3,1,2
"E00010077",4,0,4
"E00010078",7,5,2
"E00010079",2,2,0
"E00010080",0,0,0
"E00010081",12,8,4
"E00010082",0,0,0
"E00010083",1,1,0
"E00010084",7,4,3
"E00010085",6,4,2
"E00010086",2,1,1
"E00010087",7,3,4
"E00010088",0,0,0
"E00010089",0,0,0
"E00010090",1,0,1
"E00010091",3,2,1
"E00010092",0,0,0
"E00010093",9,5,4
"E00010094",3,1,2
"E00010095",3,1,2
"E00010096",6,4,2
"E00010097",2,1,1
"E00010098",0,0,0
"E00010099",7,3,4
"E00010100",6,5,1
"E00010101",6,2,4
"E00010102",1,0,1
"E00010103",3,1,2
"E00010104",3,1,2
"E00010105",8,4,4
"E00010106",2,1,1
"E00010107",1,1,0
"E00010108",4,3,1
"E00010109",3,2,1
"E00010110",5,1,4
"E00010111",4,4,0
"E00010112",1,0,1
"E00010114",0,0,0
"E00010115",1,1,0
"E00010116",3,2,1
"E00010117",3,1,2
"E00010118",3,1,2
"E00010119",0,0,0
"E00010120",0,0,0
"E00010121",2,1,1
"E00010122",1,1,0
"E00010123",10,5,5
"E00010124",0,0,0
"E00010125",8,3,5
"E00010126",9,5,4
"E00010127",3,1,2
"E00010128",1,0,1
"E00010130",0,0,0
"E00010131",0,0,0
"E00010132",3,3,0
"E00010133",1,0,1
"E00010134",0,0,0
"E00010135",2,0,2
"E00010136",5,4,1
"E00010137",4,1,3
"E00010138",2,2,0
"E00010139",4,2,2
"E00010140",12,6,6
"E00010141",3,2,1
"E00010142",10,6,4
"E00010143",7,4,3
"E00010144",8,5,3
"E00010145",1,1,0
"E00010146",7,3,4
"E00010147",16,8,8
"E00010148",2,0,2
"E00010149",3,2,1
"E00010150",8,3,5
"E00010151",5,3,2
"E00010152",9,2,7
"E00010153",2,1,1
"E00010154",8,3,5
"E00010155",1,1,0
"E00010156",8,4,4
"E00010157",11,5,6
"E00010158",11,6,5
"E00010159",6,3,3
"E00010160",10,3,7
"E00010161",16,9,7
"E00010162",9,6,3
"E00010163",13,5,8
"E00010164",20,9,11
"E00010165",3,2,1
"E00010166",12,8,4
"E00010167",4,1,3
"E00010168",6,4,2
"E00010169",8,5,3
"E00010170",4,1,3
"E00010171",14,5,9
"E00010172",4,1,3
"E00010173",6,4,2
"E00010174",0,0,0
"E00010175",6,2,4
"E00010176",3,3,0
"E00010177",4,0,4
"E00010178",6,6,0
"E00010179",2,2,0
"E00010180",2,1,1
"E00010181",1,1,0
"E00010182",2,1,1
"E00010183",2,1,1
"E00010184",0,0,0
"E00010185",1,1,0
"E00010186",3,2,1
"E00010187",4,3,1
"E00010188",4,3,1
"E00010189",8,3,5
"E00010190",2,1,1
"E00010191",0,0,0
"E00010192",2,0,2
"E00010193",3,2,1
"E00010194",1,1,0
"E00010195",4,0,4
"E00010196",3,3,0
"E00010197",3,1,2
"E00010198",0,0,0
"E00010199",2,1,1
"E00010200",1,0,1
"E00010201",0,0,0
"E00010202",1,0,1
"E00010203",2,1,1
"E00010204",3,2,1
"E00010205",4,2,2
"E00010206",3,2,1
"E00010207",2,1,1
"E00010208",7,4,3
"E00010209",2,1,1
"E00010210",5,4,1
"E00010211",10,6,4
"E00010212",7,2,5
"E00010213",3,0,3
"E00010214",2,0,2
"E00010216",4,2,2
"E00010217",4,3,1
"E00010218",2,0,2
"E00010219",3,1,2
"E00010220",0,0,0
"E00010221",0,0,0
"E00010222",2,2,0
"E00010223",7,2,5
"E00010224",2,2,0
"E00010225",4,1,3
"E00010226",3,2,1
"E00010227",2,1,1
"E00010228",3,1,2
"E00010229",4,1,3
"E00010230",0,0,0
"E00010231",7,3,4
"E00010232",5,4,1
"E00010233",0,0,0
"E00010234",2,2,0
"E00010235",3,1,2
"E00010236",1,1,0
"E00010237",1,0,1
"E00010238",0,0,0
"E00010239",5,1,4
"E00010240",3,1,2
"E00010241",2,1,1
"E00010242",2,0,2
"E00010243",2,1,1
"E00010244",2,0,2
"E00010245",1,0,1
"E00010246",0,0,0
"E00010247",3,1,2
"E00010248",4,3,1
"E00010249",6,3,3
"E00010250",4,3,1
"E00010252",0,0,0
"E00010253",2,0,2
"E00010254",4,4,0
"E00010256",3,2,1
"E00010257",2,1,1
"E00010258",1,0,1
"E00010259",2,2,0
"E00010260",0,0,0
"E00010261",4,1,3
"E00010262",11,6,5
"E00010263",6,3,3
"E00010264",0,0,0
"E00010265",3,2,1
"E00010266",2,2,0
"E00010267",3,1,2
"E00010268",2,2,0
"E00010269",3,2,1
"E00010270",2,1,1
"E00010271",5,2,3
"E00010272",0,0,0
"E00010273",6,3,3
"E00010274",9,6,3
"E00010275",5,2,3
"E00010276",3,3,0
"E00010277",0,0,0
"E00010278",1,1,0
"E00010279",2,1,1
"E00010280",2,1,1
"E00010281",4,2,2
"E00010282",2,0,2
"E00010283",2,0,2
"E00010284",7,6,1
"E00010285",4,1,3
"E00010286",2,2,0
"E00010287",0,0,0
"E00010288",3,1,2
"E00010289",5,3,2
"E00010290",1,0,1
"E00010291",3,1,2
"E00010292",3,2,1
"E00010293",6,3,3
"E00010294",2,0,2
"E00010295",6,2,4
"E00010296",3,2,1
"E00010297",6,3,3
"E00010298",4,1,3
"E00010299",16,8,8
"E00010300",4,3,1
"E00010301",7,2,5
"E00010302",3,0,3
"E00010303",18,16,2
"E00010304",3,1,2
"E00010305",0,0,0
"E00010306",0,0,0
"E00010307",12,7,5
"E00010308",5,2,3
"E00010309",1,1,0
"E00010310",1,1,0
"E00010311",8,3,5
"E00010312",0,0,0
"E00010313",1,1,0
"E00010314",4,3,1
"E00010315",2,1,1
"E00010316",0,0,0
"E00010317",20,14,6
"E00010318",7,2,5
"E00010319",0,0,0
"E00010320",9,5,4
"E00010321",3,2,1
"E00010322",5,2,3
"E00010323",1,1,0
"E00010324",2,2,0
"E00010325",0,0,0
"E00010326",3,2,1
"E00010327",1,1,0
"E00010328",2,2,0
"E00010329",3,2,1
"E00010330",0,0,0
"E00010331",0,0,0
"E00010332",1,0,1
"E00010333",2,0,2
"E00010334",5,5,0
"E00010335",9,8,1
"E00010336",2,1,1
"E00010337",2,1,1
"E00010338",6,1,5
"E00010339",7,6,1
"E00010340",6,3,3
"E00010341",7,4,3
"E00010342",0,0,0
"E00010343",4,0,4
"E00010344",3,2,1
"E00010345",10,6,4
"E00010346",0,0,0
"E00010347",4,3,1
"E00010348",3,1,2
"E00010349",3,2,1
"E00010350",3,1,2
"E00010351",5,3,2
"E00010352",3,1,2
"E00010353",0,0,0
"E00010354",0,0,0
"E00010355",4,1,3
"E00010356",0,0,0
"E00010357",1,0,1
"E00010358",3,2,1
"E00010359",6,5,1
"E00010360",4,2,2
"E00010361",0,0,0
"E00010362",0,0,0
"E00010363",0,0,0
"E00010364",2,1,1
"E00010365",0,0,0
"E00010366",1,1,0
"E00010367",1,0,1
"E00010368",1,0,1
"E00010369",4,0,4
"E00010370",2,1,1
"E00010371",0,0,0
"E00010372",2,2,0
"E00010373",1,0,1
"E00010374",0,0,0
"E00010375",5,3,2
"E00010376",4,3,1
"E00010377",0,0,0
"E00010378",5,1,4
"E00010379",0,0,0
"E00010380",0,0,0
"E00010381",1,0,1
"E00010382",0,0,0
"E00010383",1,0,1
"E00010384",4,1,3
"E00010385",0,0,0
"E00010386",4,3,1
"E00010387",0,0,0
"E00010388",5,0,5
"E00010389",2,1,1
"E00010390",7,2,5
"E00010391",1,0,1
"E00010392",4,0,4
"E00010393",3,1,2
"E00010394",4,3,1
"E00010395",2,0,2
"E00010396",0,0,0
"E00010397",0,0,0
"E00010398",6,1,5
"E00010399",0,0,0
"E00010400",5,2,3
"E00010401",2,0,2
"E00010402",2,1,1
"E00010403",6,2,4
"E00010404",5,2,3
"E00010405",5,1,4
"E00010406",3,3,0
"E00010407",8,4,4
"E00010409",7,7,0
"E00010410",4,0,4
"E00010411",2,2,0
"E00010412",0,0,0
"E00010413",0,0,0
"E00010414",1,1,0
"E00010415",2,1,1
"E00010416",2,1,1
"E00010417",1,1,0
"E00010418",3,2,1
"E00010419",2,1,1
"E00010420",4,1,3
"E00010421",5,3,2
"E00010422",4,1,3
"E00010423",4,2,2
"E00010424",7,3,4
"E00010425",2,0,2
"E00010426",2,1,1
"E00010427",7,1,6
"E00010428",2,1,1
"E00010429",0,0,0
"E00010430",3,0,3
"E00010431",3,0,3
"E00010432",0,0,0
"E00010433",0,0,0
"E00010434",0,0,0
"E00010435",5,3,2
"E00010436",8,5,3
"E00010437",0,0,0
"E00010438",2,2,0
"E00010439",5,1,4
"E00010440",2,1,1
"E00010441",9,3,6
"E00010442",7,2,5
"E00010443",8,4,4
"E00010444",0,0,0
"E00010445",5,2,3
"E00010446",4,3,1
"E00010447",3,2,1
"E00010448",4,2,2
"E00010449",3,3,0
"E00010450",4,1,3
"E00010451",4,2,2
"E00010452",2,1,1
"E00010453",6,4,2
"E00010454",3,0,3
"E00010455",4,2,2
"E00010456",2,0,2
"E00010457",3,1,2
"E00010458",5,1,4
"E00010459",6,1,5
"E00010460",4,1,3
"E00010461",0,0,0
"E00010462",1,0,1
"E00010463",4,3,1
"E00010464",2,0,2
"E00010465",5,3,2
"E00010466",2,1,1
"E00010467",6,3,3
"E00010468",7,2,5
"E00010469",4,1,3
"E00010470",10,3,7
"E00010471",0,0,0
"E00010472",2,1,1
"E00010473",0,0,0
"E00010474",9,3,6
"E00010475",5,2,3
"E00010476",3,1,2
"E00010477",0,0,0
"E00010478",4,4,0
"E00010479",8,7,1
"E00010480",0,0,0
"E00010481",2,1,1
"E00010482",7,4,3
"E00010483",0,0,0
"E00010484",0,0,0
"E00010485",6,2,4
"E00010486",0,0,0
"E00010487",3,1,2
"E00010488",0,0,0
"E00010489",3,2,1
"E00010490",6,2,4
"E00010491",1,1,0
"E00010492",3,2,1
"E00010493",2,1,1
"E00010494",1,1,0
"E00010495",4,4,0
"E00010496",9,8,1
"E00010497",4,0,4
"E00010498",1,1,0
"E00010499",3,0,3
"E00010500",3,2,1
"E00010501",4,2,2
"E00010502",3,0,3
"E00010503",0,0,0
"E00010504",3,0,3
"E00010505",3,1,2
"E00010506",1,0,1
"E00010507",7,1,6
"E00010508",4,1,3
"E00010509",7,2,5
"E00010510",4,3,1
"E00010511",5,3,2
"E00010512",2,2,0
"E00010513",4,2,2
"E00010514",4,1,3
"E00010515",2,1,1
"E00010516",5,1,4
"E00010517",1,1,0
"E00010518",3,1,2
"E00010519",4,2,2
"E00010520",6,1,5
"E00010521",0,0,0
"E00010522",3,0,3
"E00010523",1,0,1
"E00010524",1,1,0
"E00010525",1,0,1
"E00010526",7,4,3
"E00010527",3,1,2
"E00010528",0,0,0
"E00010529",0,0,0
"E00010530",2,1,1
"E00010531",0,0,0
"E00010532",2,1,1
"E00010533",8,2,6
"E00010534",12,5,7
"E00010535",4,3,1
"E00010536",0,0,0
"E00010537",5,2,3
"E00010538",2,1,1
"E00010539",0,0,0
"E00010540",3,2,1
"E00010541",4,3,1
"E00010542",4,1,3
"E00010543",5,3,2
"E00010544",0,0,0
"E00010545",1,1,0
"E00010546",0,0,0
"E00010547",1,0,1
"E00010548",1,0,1
"E00010549",6,1,5
"E00010550",0,0,0
"E00010551",1,0,1
"E00010552",4,0,4
"E00010553",12,8,4
"E00010554",3,1,2
"E00010555",4,3,1
"E00010556",2,2,0
"E00010557",0,0,0
"E00010558",4,3,1
"E00010559",0,0,0
"E00010560",2,1,1
"E00010561",3,3,0
"E00010562",3,2,1
"E00010563",3,2,1
"E00010564",4,2,2
"E00010565",3,3,0
"E00010566",2,2,0
"E00010567",1,0,1
"E00010568",2,2,0
"E00010569",7,3,4
"E00010570",3,2,1
"E00010571",12,4,8
"E00010572",1,0,1
"E00010573",8,3,5
"E00010574",7,1,6
"E00010575",9,3,6
"E00010576",4,3,1
"E00010577",10,5,5
"E00010578",7,5,2
"E00010579",8,2,6
"E00010580",5,4,1
"E00010581",6,4,2
"E00010582",7,3,4
"E00010583",9,6,3
"E00010584",11,8,3
"E00010585",7,4,3
"E00010586",9,5,4
"E00010587",11,4,7
"E00010588",11,5,6
"E00010589",8,3,5
"E00010590",15,7,8
"E00010591",7,4,3
"E00010592",12,7,5
"E00010593",6,2,4
"E00010594",5,3,2
"E00010595",7,5,2
"E00010596",1,0,1
"E00010597",10,6,4
"E00010598",6,3,3
"E00010599",5,2,3
"E00010600",5,2,3
"E00010601",21,12,9
"E00010602",7,4,3
"E00010603",0,0,0
"E00010604",5,3,2
"E00010605",20,10,10
"E00010606",7,3,4
"E00010607",6,1,5
"E00010608",16,7,9
"E00010609",11,8,3
"E00010610",13,7,6
"E00010611",1,0,1
"E00010612",22,12,10
"E00010613",7,1,6
"E00010614",5,4,1
"E00010615",4,1,3
"E00010616",13,8,5
"E00010617",9,7,2
"E00010618",5,3,2
"E00010619",10,5,5
"E00010623",3,2,1
"E00010624",1,0,1
"E00010625",12,4,8
"E00010626",1,0,1
"E00010627",10,4,6
"E00010628",7,3,4
"E00010629",10,4,6
"E00010630",0,0,0
"E00010631",6,3,3
"E00010632",5,2,3
"E00010633",4,2,2
"E00010634",6,1,5
"E00010635",8,4,4
"E00010636",5,2,3
"E00010637",8,4,4
"E00010638",4,3,1
"E00010639",4,3,1
"E00010640",12,6,6
"E00010641",0,0,0
"E00010642",6,5,1
"E00010643",5,1,4
"E00010644",4,0,4
"E00010645",4,3,1
"E00010646",10,4,6
"E00010647",7,3,4
"E00010648",9,3,6
"E00010649",2,1,1
"E00010650",1,0,1
"E00010651",6,5,1
"E00010652",8,5,3
"E00010653",4,4,0
"E00010654",6,4,2
"E00010655",7,4,3
"E00010656",4,2,2
"E00010657",6,2,4
"E00010658",0,0,0
"E00010659",0,0,0
"E00010660",8,3,5
"E00010661",2,1,1
"E00010662",7,5,2
"E00010663",2,1,1
"E00010664",0,0,0
"E00010665",0,0,0
"E00010666",2,1,1
"E00010668",3,2,1
"E00010669",8,6,2
"E00010670",3,3,0
"E00010671",3,1,2
"E00010672",0,0,0
"E00010673",0,0,0
"E00010674",0,0,0
"E00010675",1,0,1
"E00010676",5,5,0
"E00010677",9,3,6
"E00010678",4,3,1
"E00010679",4,3,1
"E00010680",4,3,1
"E00010681",7,3,4
"E00010682",1,1,0
"E00010683",4,2,2
"E00010684",8,3,5
"E00010685",14,8,6
"E00010686",1,1,0
"E00010687",0,0,0
"E00010688",6,4,2
"E00010689",2,1,1
"E00010690",0,0,0
"E00010691",9,6,3
"E00010692",5,3,2
"E00010693",3,2,1
"E00010694",5,2,3
"E00010695",2,1,1
"E00010696",2,1,1
"E00010697",8,6,2
"E00010698",5,2,3
"E00010699",5,3,2
"E00010700",5,4,1
"E00010701",6,4,2
"E00010702",7,5,2
"E00010703",5,4,1
"E00010704",6,4,2
"E00010705",51,45,6
"E00010706",3,1,2
"E00010707",3,0,3
"E00010708",5,4,1
"E00010709",2,1,1
"E00010710",5,3,2
"E00010711",0,0,0
"E00010712",6,4,2
"E00010713",3,3,0
"E00010714",5,3,2
"E00010715",0,0,0
"E00010716",8,6,2
"E00010717",9,4,5
"E00010718",11,5,6
"E00010719",8,6,2
"E00010720",0,0,0
"E00010721",3,3,0
"E00010722",8,4,4
"E00010723",2,2,0
"E00010724",5,3,2
"E00010725",5,3,2
"E00010726",9,6,3
"E00010727",6,4,2
"E00010728",7,4,3
"E00010729",7,4,3
"E00010730",23,6,17
"E00010731",8,5,3
"E00010732",6,5,1
"E00010733",11,4,7
"E00010734",2,0,2
"E00010735",0,0,0
"E00010736",13,8,5
"E00010737",4,3,1
"E00010738",6,4,2
"E00010739",5,2,3
"E00010740",11,7,4
"E00010741",9,4,5
"E00010742",4,4,0
"E00010743",1,1,0
"E00010744",7,3,4
"E00010745",10,6,4
"E00010746",20,10,10
"E00010747",4,2,2
"E00010748",11,6,5
"E00010749",5,3,2
"E00010750",4,4,0
"E00010751",5,3,2
"E00010752",5,2,3
"E00010753",4,3,1
"E00010754",3,2,1
"E00010755",12,6,6
"E00010756",4,2,2
"E00010757",7,3,4
"E00010758",4,2,2
"E00010759",5,3,2
"E00010760",5,2,3
"E00010761",8,6,2
"E00010762",5,2,3
"E00010763",16,7,9
"E00010764",20,10,10
"E00010765",3,2,1
"E00010766",0,0,0
"E00010767",2,1,1
"E00010768",3,1,2
"E00010769",17,8,9
"E00010770",15,8,7
"E00010771",4,3,1
"E00010772",5,0,5
"E00010773",4,2,2
"E00010774",8,4,4
"E00010775",3,1,2
"E00010776",5,2,3
"E00010777",14,4,10
"E00010778",17,6,11
"E00010779",10,6,4
"E00010780",8,6,2
"E00010781",19,7,12
"E00010782",6,2,4
"E00010783",13,7,6
"E00010784",15,10,5
"E00010785",1,0,1
"E00010786",15,7,8
"E00010787",9,7,2
"E00010788",4,1,3
"E00010789",15,6,9
"E00010790",12,6,6
"E00010791",12,6,6
"E00010792",1,1,0
"E00010793",13,9,4
"E00010794",10,2,8
"E00010795",9,3,6
"E00010796",5,4,1
"E00010797",7,3,4
"E00010798",12,6,6
"E00010799",15,9,6
"E00010800",8,2,6
"E00010801",1,0,1
"E00010802",7,2,5
"E00010803",2,1,1
"E00010804",8,5,3
"E00010805",10,2,8
"E00010806",2,1,1
"E00010807",7,3,4
"E00010808",5,2,3
"E00010809",4,2,2
"E00010810",10,4,6
"E00010811",10,4,6
"E00010812",10,3,7
"E00010813",3,0,3
"E00010814",5,3,2
"E00010815",15,6,9
"E00010816",5,2,3
"E00010817",11,4,7
"E00010818",22,11,11
"E00010819",12,7,5
"E00010820",4,1,3
"E00010821",10,6,4
"E00010822",2,1,1
"E00010823",8,5,3
"E00010824",6,3,3
"E00010825",14,7,7
"E00010826",5,3,2
"E00010827",1,0,1
"E00010828",11,7,4
"E00010829",14,7,7
"E00010830",4,1,3
"E00010831",8,4,4
"E00010832",7,2,5
"E00010833",12,7,5
"E00010834",11,1,10
"E00010835",3,2,1
"E00010836",8,4,4
"E00010837",8,5,3
"E00010838",3,0,3
"E00010839",1,1,0
"E00010840",6,2,4
"E00010841",0,0,0
"E00010842",2,0,2
"E00010843",16,7,9
"E00010844",5,4,1
"E00010845",12,6,6
"E00010846",8,4,4
"E00010847",12,5,7
"E00010848",10,7,3
"E00010849",1,1,0
"E00010850",0,0,0
"E00010851",7,4,3
"E00010852",5,3,2
"E00010853",1,0,1
"E00010854",2,0,2
"E00010855",7,4,3
"E00010856",1,0,1
"E00010857",2,1,1
"E00010858",2,2,0
"E00010859",4,3,1
"E00010860",4,4,0
"E00010861",10,1,9
"E00010862",3,3,0
"E00010863",13,7,6
"E00010864",12,3,9
"E00010865",8,2,6
"E00010866",8,4,4
"E00010867",6,4,2
"E00010868",8,4,4
"E00010869",11,7,4
"E00010870",8,3,5
"E00010871",6,2,4
"E00010872",3,2,1
"E00010873",8,3,5
"E00010874",5,0,5
"E00010875",4,2,2
"E00010876",7,1,6
"E00010877",11,6,5
"E00010878",7,5,2
"E00010879",7,5,2
"E00010880",11,7,4
"E00010881",11,4,7
"E00010882",12,6,6
"E00010883",11,6,5
"E00010884",6,4,2
"E00010885",5,2,3
"E00010886",12,7,5
"E00010887",5,5,0
"E00010888",10,6,4
"E00010889",8,4,4
"E00010890",10,5,5
"E00010891",8,4,4
"E00010892",12,8,4
"E00010893",13,8,5
"E00010894",7,3,4
"E00010895",6,2,4
"E00010896",6,3,3
"E00010897",11,5,6
"E00010898",9,6,3
"E00010899",14,7,7
"E00010900",3,0,3
"E00010901",7,4,3
"E00010902",10,4,6
"E00010903",3,2,1
"E00010904",3,0,3
"E00010905",4,2,2
"E00010906",6,2,4
"E00010907",4,2,2
"E00010908",2,0,2
"E00010909",4,2,2
"E00010910",8,4,4
"E00010911",4,3,1
"E00010912",6,2,4
"E00010913",9,6,3
"E00010914",3,2,1
"E00010915",10,4,6
"E00010916",3,2,1
"E00010917",5,2,3
"E00010918",7,4,3
"E00010919",2,2,0
"E00010920",8,4,4
"E00010921",2,1,1
"E00010922",2,1,1
"E00010923",7,4,3
"E00010925",11,9,2
"E00010926",12,8,4
"E00010927",7,2,5
"E00010928",8,4,4
"E00010929",0,0,0
"E00010930",2,1,1
"E00010931",6,3,3
"E00010932",2,2,0
"E00010933",16,8,8
"E00010934",3,2,1
"E00010935",0,0,0
"E00010936",7,4,3
"E00010937",4,4,0
"E00010938",6,2,4
"E00010939",16,10,6
"E00010940",1,1,0
"E00010941",11,6,5
"E00010942",9,6,3
"E00010943",1,0,1
"E00010944",1,1,0
"E00010945",8,4,4
"E00010946",10,6,4
"E00010947",13,7,6
"E00010948",8,2,6
"E00010949",9,6,3
"E00010950",11,7,4
"E00010951",9,2,7
"E00010952",12,4,8
"E00010953",12,8,4
"E00010954",1,1,0
"E00010955",8,6,2
"E00010956",2,1,1
"E00010957",13,7,6
"E00010958",4,3,1
"E00010959",8,5,3
"E00010960",3,1,2
"E00010961",6,2,4
"E00010962",3,2,1
"E00010963",15,6,9
"E00010964",6,3,3
"E00010965",10,4,6
"E00010966",11,6,5
"E00010967",7,2,5
"E00010968",14,7,7
"E00010969",9,7,2
"E00010970",14,9,5
"E00010971",6,5,1
"E00010972",12,8,4
"E00010973",0,0,0
"E00010974",15,8,7
"E00010975",10,8,2
"E00010976",25,10,15
"E00010977",8,2,6
"E00010978",2,1,1
"E00010979",6,3,3
"E00010980",12,5,7
"E00010981",11,6,5
"E00010982",5,3,2
"E00010983",3,1,2
"E00010984",9,4,5
"E00010985",14,5,9
"E00010986",5,3,2
"E00010987",7,4,3
"E00010988",9,4,5
"E00010989",11,5,6
"E00010990",11,5,6
"E00010991",12,3,9
"E00010992",8,2,6
"E00010993",2,0,2
"E00010994",11,9,2
"E00010995",5,3,2
"E00010996",6,4,2
"E00010997",1,0,1
"E00010998",0,0,0
"E00010999",7,7,0
"E00011000",6,3,3
"E00011001",3,1,2
"E00011002",5,2,3
"E00011003",17,11,6
"E00011004",0,0,0
"E00011005",8,4,4
"E00011006",5,5,0
"E00011007",4,2,2
"E00011008",10,5,5
"E00011009",7,4,3
"E00011010",4,3,1
"E00011011",4,3,1
"E00011012",4,4,0
"E00011013",8,4,4
"E00011014",6,4,2
"E00011015",3,1,2
"E00011016",7,2,5
"E00011017",9,3,6
"E00011018",4,2,2
"E00011019",9,4,5
"E00011020",7,4,3
"E00011021",14,4,10
"E00011022",7,6,1
"E00011023",16,9,7
"E00011024",7,4,3
"E00011025",8,5,3
"E00011026",9,5,4
"E00011027",13,8,5
"E00011028",9,5,4
"E00011029",1,1,0
"E00011030",4,3,1
"E00011031",1,1,0
"E00011032",10,6,4
"E00011033",8,4,4
"E00011034",3,1,2
"E00011035",3,3,0
"E00011036",10,5,5
"E00011038",6,4,2
"E00011039",7,4,3
"E00011040",2,1,1
"E00011041",9,6,3
"E00011042",3,0,3
"E00011043",7,2,5
"E00011044",8,5,3
"E00011045",5,4,1
"E00011046",5,2,3
"E00011047",6,4,2
"E00011048",14,6,8
"E00011049",4,3,1
"E00011050",13,5,8
"E00011052",12,9,3
"E00011053",4,1,3
"E00011055",1,1,0
"E00011056",4,3,1
"E00011057",0,0,0
"E00011058",0,0,0
"E00011059",4,3,1
"E00011060",5,3,2
"E00011061",8,5,3
"E00011062",2,2,0
"E00011063",8,4,4
"E00011064",17,10,7
"E00011065",2,0,2
"E00011066",7,3,4
"E00011067",7,4,3
"E00011068",7,3,4
"E00011069",7,3,4
"E00011070",2,0,2
"E00011071",2,0,2
"E00011072",2,0,2
"E00011073",9,3,6
"E00011074",6,4,2
"E00011075",3,3,0
"E00011076",1,1,0
"E00011077",2,1,1
"E00011078",1,0,1
"E00011079",6,3,3
"E00011081",0,0,0
"E00011082",4,1,3
"E00011083",0,0,0
"E00011084",0,0,0
"E00011085",7,3,4
"E00011086",4,1,3
"E00011087",6,4,2
"E00011088",6,4,2
"E00011089",6,4,2
"E00011090",11,4,7
"E00011091",0,0,0
"E00011092",6,3,3
"E00011093",11,9,2
"E00011094",8,5,3
"E00011095",6,2,4
"E00011096",3,2,1
"E00011097",13,7,6
"E00011098",2,2,0
"E00011099",6,2,4
"E00011100",6,2,4
"E00011101",9,5,4
"E00011102",2,2,0
"E00011103",3,1,2
"E00011104",0,0,0
"E00011105",8,3,5
"E00011106",12,5,7
"E00011107",5,2,3
"E00011108",2,1,1
"E00011109",5,4,1
"E00011110",3,2,1
"E00011111",6,3,3
"E00011112",2,2,0
"E00011113",2,1,1
"E00011114",10,3,7
"E00011115",8,4,4
"E00011116",10,5,5
"E00011117",15,5,10
"E00011118",2,1,1
"E00011119",3,1,2
"E00011121",6,4,2
"E00011122",3,3,0
"E00011123",11,7,4
"E00011124",4,2,2
"E00011125",4,1,3
"E00011126",16,8,8
"E00011127",1,1,0
"E00011128",4,3,1
"E00011129",13,8,5
"E00011130",15,6,9
"E00011131",5,1,4
"E00011132",11,5,6
"E00011133",0,0,0
"E00011134",14,6,8
"E00011135",12,5,7
"E00011136",1,1,0
"E00011137",2,0,2
"E00011138",13,5,8
"E00011139",13,6,7
"E00011140",3,1,2
"E00011141",2,2,0
"E00011142",6,1,5
"E00011144",2,2,0
"E00011145",10,7,3
"E00011146",1,1,0
"E00011147",3,2,1
"E00011148",7,3,4
"E00011149",3,2,1
"E00011150",9,3,6
"E00011151",8,5,3
"E00011152",4,0,4
"E00011153",7,7,0
"E00011154",8,4,4
"E00011155",10,4,6
"E00011156",0,0,0
"E00011157",4,2,2
"E00011158",7,4,3
"E00011159",7,3,4
"E00011160",15,9,6
"E00011161",3,2,1
"E00011162",5,2,3
"E00011163",6,3,3
"E00011164",4,4,0
"E00011165",4,3,1
"E00011166",1,1,0
"E00011167",5,3,2
"E00011168",0,0,0
"E00011169",6,2,4
"E00011170",3,0,3
"E00011171",7,2,5
"E00011172",1,1,0
"E00011173",2,2,0
"E00011174",2,1,1
"E00011175",3,3,0
"E00011176",10,6,4
"E00011177",13,9,4
"E00011178",6,5,1
"E00011179",9,4,5
"E00011180",1,0,1
"E00011181",6,2,4
"E00011182",4,2,2
"E00011183",8,5,3
"E00011184",3,0,3
"E00011185",5,5,0
"E00011186",8,4,4
"E00011187",1,0,1
"E00011188",2,1,1
"E00011189",4,1,3
"E00011190",5,3,2
"E00011191",7,3,4
"E00011192",5,1,4
"E00011193",7,3,4
"E00011194",7,2,5
"E00011197",0,0,0
"E00011198",15,8,7
"E00011199",6,1,5
"E00011200",9,5,4
"E00011201",0,0,0
"E00011202",5,3,2
"E00011203",1,1,0
"E00011204",2,0,2
"E00011205",2,1,1
"E00011206",3,3,0
"E00011207",9,6,3
"E00011208",5,3,2
"E00011209",6,2,4
"E00011210",4,2,2
"E00011211",1,0,1
"E00011212",3,2,1
"E00011213",5,3,2
"E00011214",0,0,0
"E00011215",1,0,1
"E00011216",4,3,1
"E00011217",1,0,1
"E00011218",2,2,0
"E00011219",5,2,3
"E00011220",0,0,0
"E00011221",4,4,0
"E00011222",0,0,0
"E00011223",0,0,0
"E00011224",2,2,0
"E00011225",0,0,0
"E00011226",0,0,0
"E00011228",0,0,0
"E00011229",0,0,0
"E00011230",0,0,0
"E00011231",4,1,3
"E00011232",2,0,2
"E00011233",1,0,1
"E00011234",2,0,2
"E00011235",1,0,1
"E00011237",8,4,4
"E00011238",12,5,7
"E00011239",0,0,0
"E00011240",4,1,3
"E00011241",2,1,1
"E00011242",3,0,3
"E00011243",3,0,3
"E00011244",0,0,0
"E00011245",0,0,0
"E00011246",9,5,4
"E00011247",6,4,2
"E00011248",4,2,2
"E00011249",0,0,0
"E00011250",10,4,6
"E00011251",4,2,2
"E00011252",7,4,3
"E00011253",9,4,5
"E00011254",16,6,10
"E00011255",1,1,0
"E00011256",5,1,4
"E00011257",0,0,0
"E00011258",1,1,0
"E00011259",4,3,1
"E00011260",1,1,0
"E00011261",7,3,4
"E00011262",4,2,2
"E00011263",3,1,2
"E00011264",4,0,4
"E00011265",3,1,2
"E00011266",5,4,1
"E00011267",2,1,1
"E00011268",5,3,2
"E00011269",1,0,1
"E00011270",2,2,0
"E00011271",0,0,0
"E00011272",0,0,0
"E00011273",4,1,3
"E00011274",11,6,5
"E00011275",1,0,1
"E00011276",5,1,4
"E00011277",6,5,1
"E00011278",5,3,2
"E00011279",2,0,2
"E00011280",1,1,0
"E00011281",4,2,2
"E00011282",5,3,2
"E00011283",4,3,1
"E00011284",4,2,2
"E00011285",2,1,1
"E00011286",4,0,4
"E00011287",6,6,0
"E00011288",4,1,3
"E00011289",2,2,0
"E00011290",0,0,0
"E00011291",7,4,3
"E00011292",4,3,1
"E00011293",0,0,0
"E00011294",4,2,2
"E00011295",8,2,6
"E00011296",3,2,1
"E00011297",4,3,1
"E00011298",6,3,3
"E00011299",3,1,2
"E00011300",0,0,0
"E00011301",5,2,3
"E00011302",4,0,4
"E00011303",2,1,1
"E00011304",6,2,4
"E00011305",3,3,0
"E00011306",0,0,0
"E00011307",0,0,0
"E00011308",3,2,1
"E00011309",0,0,0
"E00011310",0,0,0
"E00011311",8,3,5
"E00011312",0,0,0
"E00011313",2,1,1
"E00011314",2,1,1
"E00011315",2,0,2
"E00011316",2,2,0
"E00011317",3,0,3
"E00011318",5,1,4
"E00011319",0,0,0
"E00011320",0,0,0
"E00011321",2,1,1
"E00011322",0,0,0
"E00011323",0,0,0
"E00011324",9,5,4
"E00011325",5,2,3
"E00011326",8,6,2
"E00011327",0,0,0
"E00011328",2,1,1
"E00011329",3,1,2
"E00011330",7,2,5
"E00011331",7,2,5
"E00011332",1,0,1
"E00011333",11,4,7
"E00011334",4,1,3
"E00011335",4,1,3
"E00011336",10,3,7
"E00011337",7,3,4
"E00011338",10,6,4
"E00011339",6,3,3
"E00011340",7,2,5
"E00011341",4,0,4
"E00011342",0,0,0
"E00011343",8,6,2
"E00011344",3,2,1
"E00011345",0,0,0
"E00011346",6,3,3
"E00011347",2,0,2
"E00011348",5,4,1
"E00011349",1,1,0
"E00011350",1,1,0
"E00011351",5,4,1
"E00011352",6,3,3
"E00011353",4,3,1
"E00011354",4,2,2
"E00011355",11,6,5
"E00011356",9,4,5
"E00011357",5,2,3
"E00011358",0,0,0
"E00011359",2,2,0
"E00011360",8,4,4
"E00011361",2,0,2
"E00011362",2,1,1
"E00011363",0,0,0
"E00011364",2,1,1
"E00011365",1,1,0
"E00011366",1,1,0
"E00011367",2,2,0
"E00011368",1,0,1
"E00011369",2,0,2
"E00011370",1,1,0
"E00011371",7,4,3
"E00011372",1,1,0
"E00011373",0,0,0
"E00011374",1,1,0
"E00011375",2,1,1
"E00011376",4,0,4
"E00011377",4,3,1
"E00011378",2,1,1
"E00011379",1,1,0
"E00011380",5,2,3
"E00011381",1,0,1
"E00011382",1,1,0
"E00011383",2,1,1
"E00011384",2,1,1
"E00011385",0,0,0
"E00011386",1,0,1
"E00011387",0,0,0
"E00011388",2,2,0
"E00011389",5,2,3
"E00011390",3,1,2
"E00011391",8,2,6
"E00011392",1,1,0
"E00011393",2,2,0
"E00011394",2,2,0
"E00011395",0,0,0
"E00011396",5,4,1
"E00011397",2,1,1
"E00011398",2,1,1
"E00011399",1,0,1
"E00011400",0,0,0
"E00011401",6,2,4
"E00011402",5,1,4
"E00011403",1,1,0
"E00011404",2,1,1
"E00011405",5,3,2
"E00011406",1,1,0
"E00011407",2,2,0
"E00011408",4,3,1
"E00011409",0,0,0
"E00011410",0,0,0
"E00011411",1,1,0
"E00011412",5,0,5
"E00011413",4,4,0
"E00011414",4,1,3
"E00011415",3,2,1
"E00011416",1,1,0
"E00011417",2,1,1
"E00011418",5,1,4
"E00011419",3,2,1
"E00011420",3,1,2
"E00011421",0,0,0
"E00011422",1,0,1
"E00011423",1,0,1
"E00011424",4,3,1
"E00011425",4,2,2
"E00011426",1,1,0
"E00011427",1,1,0
"E00011428",6,4,2
"E00011429",1,0,1
"E00011430",1,0,1
"E00011431",0,0,0
"E00011432",0,0,0
"E00011433",4,2,2
"E00011434",3,1,2
"E00011435",3,0,3
"E00011436",6,3,3
"E00011437",1,1,0
"E00011438",2,2,0
"E00011439",5,2,3
"E00011440",0,0,0
"E00011441",5,2,3
"E00011442",5,2,3
"E00011443",4,3,1
"E00011444",7,2,5
"E00011445",1,0,1
"E00011446",6,5,1
"E00011447",5,3,2
"E00011448",10,5,5
"E00011449",4,3,1
"E00011450",4,1,3
"E00011451",4,2,2
"E00011452",1,1,0
"E00011453",1,1,0
"E00011454",6,5,1
"E00011455",0,0,0
"E00011456",1,0,1
"E00011457",2,1,1
"E00011458",5,3,2
"E00011459",4,1,3
"E00011460",1,0,1
"E00011461",1,0,1
"E00011462",1,1,0
"E00011463",1,0,1
"E00011464",1,1,0
"E00011465",1,1,0
"E00011466",1,1,0
"E00011467",3,3,0
"E00011468",0,0,0
"E00011469",1,1,0
"E00011470",0,0,0
"E00011471",2,2,0
"E00011472",0,0,0
"E00011473",1,1,0
"E00011474",3,0,3
"E00011475",1,1,0
"E00011476",3,1,2
"E00011477",0,0,0
"E00011478",5,2,3
"E00011479",1,0,1
"E00011480",3,0,3
"E00011481",1,0,1
"E00011482",6,2,4
"E00011483",1,0,1
"E00011484",3,2,1
"E00011485",6,2,4
"E00011486",4,2,2
"E00011487",4,1,3
"E00011488",6,2,4
"E00011489",2,1,1
"E00011490",3,2,1
"E00011491",1,1,0
"E00011492",0,0,0
"E00011493",2,1,1
"E00011494",0,0,0
"E00011495",2,1,1
"E00011496",2,2,0
"E00011497",3,1,2
"E00011498",2,1,1
"E00011499",1,0,1
"E00011500",1,0,1
"E00011501",1,0,1
"E00011502",1,1,0
"E00011503",0,0,0
"E00011504",2,0,2
"E00011505",2,0,2
"E00011506",3,2,1
"E00011507",1,0,1
"E00011508",2,1,1
"E00011509",0,0,0
"E00011510",3,3,0
"E00011511",1,0,1
"E00011512",0,0,0
"E00011513",7,6,1
"E00011515",4,1,3
"E00011516",2,0,2
"E00011517",1,0,1
"E00011518",1,1,0
"E00011519",1,0,1
"E00011520",1,0,1
"E00011521",1,0,1
"E00011522",0,0,0
"E00011523",0,0,0
"E00011524",5,3,2
"E00011525",1,1,0
"E00011526",0,0,0
"E00011527",1,1,0
"E00011528",0,0,0
"E00011529",2,2,0
"E00011530",1,1,0
"E00011531",2,1,1
"E00011532",2,0,2
"E00011533",14,8,6
"E00011534",1,1,0
"E00011535",1,0,1
"E00011536",3,3,0
"E00011537",1,1,0
"E00011538",3,1,2
"E00011539",1,1,0
"E00011540",1,0,1
"E00011541",2,1,1
"E00011542",2,1,1
"E00011543",1,1,0
"E00011544",2,2,0
"E00011545",4,2,2
"E00011546",0,0,0
"E00011547",1,1,0
"E00011548",1,0,1
"E00011549",3,2,1
"E00011550",0,0,0
"E00011551",1,1,0
"E00011552",1,1,0
"E00011553",5,4,1
"E00011554",1,1,0
"E00011555",3,2,1
"E00011556",1,1,0
"E00011557",2,2,0
"E00011558",2,0,2
"E00011559",0,0,0
"E00011560",0,0,0
"E00011561",0,0,0
"E00011562",2,1,1
"E00011563",2,1,1
"E00011564",0,0,0
"E00011565",2,2,0
"E00011566",3,1,2
"E00011567",2,1,1
"E00011568",1,1,0
"E00011569",1,0,1
"E00011570",0,0,0
"E00011571",7,5,2
"E00011572",0,0,0
"E00011573",10,5,5
"E00011574",2,1,1
"E00011575",6,4,2
"E00011576",5,5,0
"E00011577",1,0,1
"E00011578",8,7,1
"E00011579",5,2,3
"E00011580",0,0,0
"E00011581",6,2,4
"E00011582",8,5,3
"E00011583",5,0,5
"E00011584",14,7,7
"E00011585",2,2,0
"E00011586",6,4,2
"E00011587",4,1,3
"E00011588",0,0,0
"E00011589",5,4,1
"E00011590",1,1,0
"E00011591",3,1,2
"E00011592",5,4,1
"E00011593",0,0,0
"E00011594",3,2,1
"E00011595",1,0,1
"E00011596",1,0,1
"E00011597",3,3,0
"E00011598",2,2,0
"E00011599",4,2,2
"E00011601",2,1,1
"E00011602",3,0,3
"E00011603",16,8,8
"E00011604",0,0,0
"E00011605",4,1,3
"E00011606",5,4,1
"E00011607",6,3,3
"E00011608",5,4,1
"E00011609",10,6,4
"E00011610",1,1,0
"E00011611",0,0,0
"E00011612",2,2,0
"E00011613",1,0,1
"E00011614",0,0,0
"E00011615",1,0,1
"E00011616",3,2,1
"E00011617",1,0,1
"E00011618",4,2,2
"E00011619",2,1,1
"E00011620",4,1,3
"E00011621",0,0,0
"E00011622",4,1,3
"E00011623",4,3,1
"E00011624",1,0,1
"E00011625",3,0,3
"E00011626",1,0,1
"E00011627",3,2,1
"E00011628",0,0,0
"E00011629",6,2,4
"E00011630",1,0,1
"E00011631",2,2,0
"E00011632",1,1,0
"E00011633",1,1,0
"E00011634",1,0,1
"E00011635",4,3,1
"E00011636",1,1,0
"E00011637",0,0,0
"E00011638",4,1,3
"E00011639",4,1,3
"E00011640",5,2,3
"E00011641",2,1,1
"E00011642",0,0,0
"E00011643",2,1,1
"E00011644",5,5,0
"E00011645",8,5,3
"E00011646",3,0,3
"E00011647",5,2,3
"E00011648",1,1,0
"E00011649",1,1,0
"E00011650",4,4,0
"E00011651",1,0,1
"E00011652",6,4,2
"E00011653",2,1,1
"E00011654",2,0,2
"E00011655",2,0,2
"E00011656",9,5,4
"E00011657",8,4,4
"E00011658",1,0,1
"E00011659",8,3,5
"E00011660",2,1,1
"E00011661",0,0,0
"E00011662",1,1,0
"E00011663",5,5,0
"E00011664",0,0,0
"E00011665",3,1,2
"E00011666",2,0,2
"E00011667",3,2,1
"E00011668",10,6,4
"E00011669",4,3,1
"E00011670",9,3,6
"E00011671",1,0,1
"E00011672",6,1,5
"E00011673",6,4,2
"E00011674",3,1,2
"E00011675",4,1,3
"E00011676",5,3,2
"E00011677",8,3,5
"E00011678",9,3,6
"E00011679",3,1,2
"E00011680",5,3,2
"E00011681",3,2,1
"E00011682",9,4,5
"E00011683",1,0,1
"E00011684",5,0,5
"E00011685",8,1,7
"E00011686",1,1,0
"E00011687",6,2,4
"E00011688",5,2,3
"E00011689",8,6,2
"E00011690",3,2,1
"E00011691",3,1,2
"E00011692",2,1,1
"E00011693",0,0,0
"E00011694",4,2,2
"E00011695",0,0,0
"E00011696",0,0,0
"E00011697",0,0,0
"E00011698",3,1,2
"E00011699",2,2,0
"E00011700",1,0,1
"E00011701",6,4,2
"E00011702",1,1,0
"E00011703",3,1,2
"E00011704",3,2,1
"E00011705",2,2,0
"E00011706",3,0,3
"E00011707",6,4,2
"E00011708",4,2,2
"E00011709",1,0,1
"E00011710",4,1,3
"E00011711",3,1,2
"E00011712",4,3,1
"E00011713",3,1,2
"E00011714",0,0,0
"E00011715",7,2,5
"E00011716",0,0,0
"E00011717",2,1,1
"E00011718",6,3,3
"E00011719",6,3,3
"E00011720",2,1,1
"E00011721",3,3,0
"E00011722",6,3,3
"E00011723",5,1,4
"E00011724",1,0,1
"E00011725",1,0,1
"E00011726",4,4,0
"E00011727",7,3,4
"E00011728",4,2,2
"E00011729",2,0,2
"E00011730",4,3,1
"E00011731",4,1,3
"E00011732",8,1,7
"E00011733",0,0,0
"E00011734",5,1,4
"E00011735",9,7,2
"E00011736",4,1,3
"E00011737",0,0,0
"E00011739",4,1,3
"E00011740",4,1,3
"E00011741",2,1,1
"E00011743",7,4,3
"E00011744",3,1,2
"E00011745",6,2,4
"E00011746",7,4,3
"E00011747",3,1,2
"E00011748",4,1,3
"E00011749",3,1,2
"E00011750",1,1,0
"E00011751",1,1,0
"E00011753",3,3,0
"E00011754",6,3,3
"E00011755",0,0,0
"E00011756",0,0,0
"E00011757",0,0,0
"E00011758",5,2,3
"E00011759",2,0,2
"E00011760",4,3,1
"E00011761",1,0,1
"E00011762",2,1,1
"E00011763",0,0,0
"E00011764",2,2,0
"E00011765",2,0,2
"E00011766",5,3,2
"E00011767",2,0,2
"E00011768",3,1,2
"E00011769",1,0,1
"E00011770",1,0,1
"E00011771",3,1,2
"E00011772",0,0,0
"E00011773",3,2,1
"E00011774",1,1,0
"E00011775",4,2,2
"E00011776",3,1,2
"E00011777",2,0,2
"E00011778",1,0,1
"E00011779",2,1,1
"E00011780",6,4,2
"E00011781",0,0,0
"E00011782",5,3,2
"E00011783",3,3,0
"E00011784",0,0,0
"E00011785",0,0,0
"E00011786",6,3,3
"E00011787",6,3,3
"E00011788",7,2,5
"E00011789",9,4,5
"E00011790",9,7,2
"E00011791",2,2,0
"E00011792",3,0,3
"E00011793",9,5,4
"E00011794",3,2,1
"E00011795",3,0,3
"E00011796",0,0,0
"E00011797",1,1,0
"E00011798",0,0,0
"E00011799",3,1,2
"E00011800",1,0,1
"E00011801",0,0,0
"E00011802",3,2,1
"E00011803",1,0,1
"E00011804",4,1,3
"E00011805",3,0,3
"E00011806",7,5,2
"E00011807",4,1,3
"E00011808",7,6,1
"E00011809",8,2,6
"E00011810",11,7,4
"E00011811",1,1,0
"E00011812",2,2,0
"E00011813",2,0,2
"E00011814",2,1,1
"E00011815",7,3,4
"E00011816",7,3,4
"E00011817",0,0,0
"E00011818",2,1,1
"E00011819",6,4,2
"E00011820",3,2,1
"E00011821",4,1,3
"E00011822",5,3,2
"E00011823",1,0,1
"E00011824",2,2,0
"E00011825",3,3,0
"E00011826",0,0,0
"E00011827",4,1,3
"E00011828",2,1,1
"E00011829",1,1,0
"E00011830",9,6,3
"E00011831",7,1,6
"E00011832",1,0,1
"E00011833",0,0,0
"E00011834",5,2,3
"E00011835",4,1,3
"E00011836",1,0,1
"E00011837",1,0,1
"E00011838",0,0,0
"E00011839",1,0,1
"E00011840",5,1,4
"E00011841",1,1,0
"E00011842",1,0,1
"E00011843",0,0,0
"E00011844",0,0,0
"E00011845",5,3,2
"E00011846",5,1,4
"E00011847",9,5,4
"E00011848",1,0,1
"E00011849",5,2,3
"E00011850",0,0,0
"E00011851",3,0,3
"E00011852",4,1,3
"E00011853",2,2,0
"E00011854",3,2,1
"E00011855",2,1,1
"E00011856",4,0,4
"E00011857",3,2,1
"E00011858",0,0,0
"E00011859",7,5,2
"E00011860",5,4,1
"E00011861",0,0,0
"E00011862",3,2,1
"E00011863",8,2,6
"E00011864",6,1,5
"E00011865",1,0,1
"E00011866",10,8,2
"E00011867",7,6,1
"E00011868",5,4,1
"E00011869",4,4,0
"E00011870",10,3,7
"E00011871",2,0,2
"E00011873",8,3,5
"E00011874",3,1,2
"E00011875",7,3,4
"E00011876",3,2,1
"E00011878",4,4,0
"E00011879",1,1,0
"E00011880",4,1,3
"E00011881",2,1,1
"E00011882",3,2,1
"E00011883",2,1,1
"E00011884",0,0,0
"E00011885",4,2,2
"E00011886",5,3,2
"E00011887",3,2,1
"E00011888",7,4,3
"E00011889",2,1,1
"E00011890",0,0,0
"E00011891",1,0,1
"E00011892",1,1,0
"E00011893",7,4,3
"E00011894",6,3,3
"E00011895",4,2,2
"E00011896",5,2,3
"E00011897",0,0,0
"E00011898",5,3,2
"E00011899",0,0,0
"E00011900",6,3,3
"E00011901",5,2,3
"E00011902",17,6,11
"E00011903",7,3,4
"E00011904",2,1,1
"E00011905",2,0,2
"E00011906",3,2,1
"E00011907",2,1,1
"E00011908",3,2,1
"E00011909",5,2,3
"E00011910",9,3,6
"E00011911",2,0,2
"E00011912",4,3,1
"E00011913",8,3,5
"E00011914",2,2,0
"E00011915",6,2,4
"E00011916",11,6,5
"E00011917",6,5,1
"E00011918",5,1,4
"E00011919",10,4,6
"E00011920",7,4,3
"E00011921",4,1,3
"E00011922",6,3,3
"E00011923",7,1,6
"E00011924",5,1,4
"E00011925",5,2,3
"E00011926",4,2,2
"E00011927",5,2,3
"E00011928",3,3,0
"E00011929",5,4,1
"E00011930",7,2,5
"E00011931",5,2,3
"E00011932",7,4,3
"E00011933",1,0,1
"E00011934",3,0,3
"E00011935",1,1,0
"E00011936",5,3,2
"E00011937",3,2,1
"E00011938",0,0,0
"E00011939",0,0,0
"E00011940",8,2,6
"E00011941",6,4,2
"E00011942",3,1,2
"E00011943",8,3,5
"E00011944",10,5,5
"E00011945",11,5,6
"E00011946",8,5,3
"E00011947",2,2,0
"E00011948",3,1,2
"E00011949",1,1,0
"E00011950",3,1,2
"E00011951",3,3,0
"E00011952",1,1,0
"E00011953",3,1,2
"E00011954",6,5,1
"E00011955",2,1,1
"E00011956",6,4,2
"E00011957",11,6,5
"E00011958",5,5,0
"E00011959",0,0,0
"E00011960",1,0,1
"E00011961",3,2,1
"E00011962",2,2,0
"E00011963",7,3,4
"E00011964",4,1,3
"E00011965",0,0,0
"E00011966",1,0,1
"E00011967",7,4,3
"E00011968",7,2,5
"E00011969",0,0,0
"E00011970",3,1,2
"E00011971",6,2,4
"E00011972",0,0,0
"E00011973",0,0,0
"E00011974",4,2,2
"E00011975",0,0,0
"E00011976",4,0,4
"E00011977",1,1,0
"E00011978",5,2,3
"E00011979",5,3,2
"E00011980",6,2,4
"E00011982",1,1,0
"E00011983",5,2,3
"E00011984",4,1,3
"E00011985",7,1,6
"E00011986",3,1,2
"E00011987",0,0,0
"E00011988",2,1,1
"E00011989",0,0,0
"E00011990",3,1,2
"E00011991",8,5,3
"E00011992",7,7,0
"E00011993",7,3,4
"E00011994",8,3,5
"E00011995",0,0,0
"E00011996",11,6,5
"E00011997",9,5,4
"E00011998",2,0,2
"E00011999",1,1,0
"E00012000",1,1,0
"E00012001",1,0,1
"E00012002",4,2,2
"E00012003",11,6,5
"E00012004",3,3,0
"E00012005",4,3,1
"E00012006",4,3,1
"E00012007",1,1,0
"E00012008",2,1,1
"E00012009",4,2,2
"E00012010",2,1,1
"E00012011",2,0,2
"E00012012",2,1,1
"E00012013",3,2,1
"E00012015",5,3,2
"E00012016",6,2,4
"E00012017",10,5,5
"E00012018",2,0,2
"E00012019",6,3,3
"E00012020",1,0,1
"E00012021",2,1,1
"E00012023",0,0,0
"E00012024",1,0,1
"E00012025",4,2,2
"E00012026",4,3,1
"E00012027",0,0,0
"E00012028",0,0,0
"E00012029",3,1,2
"E00012030",1,0,1
"E00012031",1,1,0
"E00012032",3,1,2
"E00012033",2,2,0
"E00012034",6,4,2
"E00012035",2,1,1
"E00012036",2,2,0
"E00012037",0,0,0
"E00012038",3,0,3
"E00012039",2,0,2
"E00012040",3,1,2
"E00012041",4,2,2
"E00012042",4,3,1
"E00012043",2,2,0
"E00012044",3,0,3
"E00012045",2,1,1
"E00012046",1,0,1
"E00012047",5,3,2
"E00012048",8,4,4
"E00012049",3,1,2
"E00012050",5,3,2
"E00012051",1,0,1
"E00012052",1,1,0
"E00012053",5,2,3
"E00012054",8,5,3
"E00012055",5,4,1
"E00012056",11,6,5
"E00012057",10,5,5
"E00012058",0,0,0
"E00012059",9,4,5
"E00012060",4,1,3
"E00012061",3,2,1
"E00012062",6,5,1
"E00012063",4,2,2
"E00012064",3,1,2
"E00012065",4,3,1
"E00012066",5,2,3
"E00012067",6,2,4
"E00012068",5,2,3
"E00012069",5,3,2
"E00012070",2,0,2
"E00012071",4,3,1
"E00012072",5,2,3
"E00012073",1,1,0
"E00012074",1,0,1
"E00012075",11,8,3
"E00012076",6,2,4
"E00012077",0,0,0
"E00012078",7,0,7
"E00012079",1,0,1
"E00012080",3,2,1
"E00012081",7,3,4
"E00012082",5,3,2
"E00012083",2,2,0
"E00012084",2,1,1
"E00012085",11,6,5
"E00012086",3,2,1
"E00012087",7,5,2
"E00012088",4,3,1
"E00012089",1,0,1
"E00012090",3,3,0
"E00012091",3,2,1
"E00012092",6,4,2
"E00012093",6,5,1
"E00012094",0,0,0
"E00012095",2,2,0
"E00012096",4,2,2
"E00012097",2,1,1
"E00012098",2,1,1
"E00012099",3,2,1
"E00012100",0,0,0
"E00012101",3,2,1
"E00012102",4,2,2
"E00012103",4,1,3
"E00012104",4,3,1
"E00012105",5,2,3
"E00012106",13,7,6
"E00012107",4,3,1
"E00012108",1,1,0
"E00012109",3,0,3
"E00012110",2,2,0
"E00012111",1,1,0
"E00012112",4,4,0
"E00012113",7,3,4
"E00012114",7,5,2
"E00012115",6,2,4
"E00012116",11,6,5
"E00012117",6,4,2
"E00012118",12,9,3
"E00012119",12,5,7
"E00012120",6,3,3
"E00012121",6,2,4
"E00012122",10,7,3
"E00012123",5,2,3
"E00012124",17,10,7
"E00012126",1,1,0
"E00012127",6,3,3
"E00012128",8,5,3
"E00012129",13,8,5
"E00012130",6,4,2
"E00012131",9,6,3
"E00012132",10,6,4
"E00012133",6,1,5
"E00012134",2,2,0
"E00012135",4,1,3
"E00012136",13,7,6
"E00012137",9,5,4
"E00012138",7,1,6
"E00012139",1,1,0
"E00012140",15,6,9
"E00012141",0,0,0
"E00012142",3,2,1
"E00012143",8,3,5
"E00012144",5,2,3
"E00012145",17,10,7
"E00012146",5,3,2
"E00012147",8,5,3
"E00012148",1,0,1
"E00012149",6,5,1
"E00012150",3,1,2
"E00012151",7,0,7
"E00012152",4,2,2
"E00012153",1,0,1
"E00012154",0,0,0
"E00012155",7,4,3
"E00012156",5,3,2
"E00012157",2,1,1
"E00012158",2,1,1
"E00012159",4,2,2
"E00012160",1,1,0
"E00012161",0,0,0
"E00012162",1,1,0
"E00012163",8,5,3
"E00012164",1,0,1
"E00012165",1,1,0
"E00012166",6,4,2
"E00012167",2,1,1
"E00012168",1,1,0
"E00012169",1,1,0
"E00012170",0,0,0
"E00012171",2,1,1
"E00012172",2,2,0
"E00012173",0,0,0
"E00012174",2,0,2
"E00012175",3,1,2
"E00012176",2,0,2
"E00012177",6,4,2
"E00012178",0,0,0
"E00012179",4,2,2
"E00012180",2,2,0
"E00012181",0,0,0
"E00012182",4,3,1
"E00012183",2,2,0
"E00012184",5,2,3
"E00012185",5,3,2
"E00012186",5,2,3
"E00012187",5,2,3
"E00012188",5,3,2
"E00012189",1,0,1
"E00012190",5,4,1
"E00012191",4,1,3
"E00012192",6,2,4
"E00012193",3,1,2
"E00012194",0,0,0
"E00012195",7,3,4
"E00012196",8,4,4
"E00012197",2,1,1
"E00012198",2,1,1
"E00012199",6,3,3
"E00012200",2,0,2
"E00012201",1,0,1
"E00012202",3,2,1
"E00012203",11,7,4
"E00012204",4,3,1
"E00012205",3,1,2
"E00012206",10,4,6
"E00012207",4,1,3
"E00012208",1,0,1
"E00012209",5,2,3
"E00012210",1,1,0
"E00012211",3,1,2
"E00012212",6,3,3
"E00012213",6,2,4
"E00012214",1,1,0
"E00012215",6,1,5
"E00012216",3,0,3
"E00012217",4,2,2
"E00012218",4,2,2
"E00012219",3,0,3
"E00012220",4,1,3
"E00012221",0,0,0
"E00012222",7,3,4
"E00012223",5,3,2
"E00012224",0,0,0
"E00012225",9,6,3
"E00012226",3,1,2
"E00012227",3,2,1
"E00012228",0,0,0
"E00012229",2,1,1
"E00012230",0,0,0
"E00012231",6,5,1
"E00012232",3,3,0
"E00012233",7,2,5
"E00012234",5,0,5
"E00012235",4,1,3
"E00012236",5,4,1
"E00012237",0,0,0
"E00012238",6,4,2
"E00012239",12,2,10
"E00012240",10,5,5
"E00012241",6,2,4
"E00012242",8,2,6
"E00012243",9,5,4
"E00012244",7,5,2
"E00012245",1,1,0
"E00012246",4,0,4
"E00012247",4,2,2
"E00012248",7,1,6
"E00012249",8,3,5
"E00012250",10,5,5
"E00012251",9,6,3
"E00012252",7,3,4
"E00012253",7,5,2
"E00012254",0,0,0
"E00012255",15,7,8
"E00012256",6,2,4
"E00012257",6,4,2
"E00012258",6,5,1
"E00012259",9,4,5
"E00012260",9,2,7
"E00012261",8,4,4
"E00012262",10,3,7
"E00012263",14,7,7
"E00012264",4,2,2
"E00012265",4,1,3
"E00012266",7,4,3
"E00012267",12,5,7
"E00012268",5,1,4
"E00012269",8,3,5
"E00012270",10,7,3
"E00012271",6,2,4
"E00012272",3,2,1
"E00012273",4,2,2
"E00012274",10,7,3
"E00012275",5,2,3
"E00012276",2,1,1
"E00012277",6,6,0
"E00012278",5,2,3
"E00012279",5,2,3
"E00012280",10,4,6
"E00012281",1,1,0
"E00012282",0,0,0
"E00012283",4,0,4
"E00012284",4,2,2
"E00012285",6,3,3
"E00012286",7,4,3
"E00012287",1,1,0
"E00012288",6,1,5
"E00012289",2,2,0
"E00012290",4,2,2
"E00012291",0,0,0
"E00012292",4,3,1
"E00012293",4,3,1
"E00012294",4,3,1
"E00012295",2,1,1
"E00012296",2,1,1
"E00012297",0,0,0
"E00012298",5,2,3
"E00012299",4,1,3
"E00012300",6,5,1
"E00012301",4,4,0
"E00012302",4,2,2
"E00012303",4,3,1
"E00012304",7,2,5
"E00012305",2,1,1
"E00012306",2,1,1
"E00012307",3,2,1
"E00012308",2,1,1
"E00012309",6,2,4
"E00012310",7,3,4
"E00012311",12,6,6
"E00012312",6,3,3
"E00012313",3,2,1
"E00012314",9,4,5
"E00012315",16,7,9
"E00012316",7,4,3
"E00012317",1,1,0
"E00012318",0,0,0
"E00012319",2,1,1
"E00012320",8,1,7
"E00012321",1,0,1
"E00012322",3,3,0
"E00012323",3,0,3
"E00012324",5,0,5
"E00012325",1,1,0
"E00012326",8,2,6
"E00012327",3,2,1
"E00012328",5,2,3
"E00012329",23,11,12
"E00012330",3,1,2
"E00012331",1,0,1
"E00012332",25,14,11
"E00012333",7,3,4
"E00012334",7,2,5
"E00012335",6,3,3
"E00012336",4,1,3
"E00012337",0,0,0
"E00012338",12,7,5
"E00012339",4,2,2
"E00012340",10,4,6
"E00012341",7,4,3
"E00012342",8,4,4
"E00012343",4,2,2
"E00012344",1,1,0
"E00012345",6,3,3
"E00012346",10,7,3
"E00012347",11,5,6
"E00012348",9,5,4
"E00012349",6,4,2
"E00012350",7,3,4
"E00012351",3,0,3
"E00012352",6,4,2
"E00012353",5,3,2
"E00012354",5,4,1
"E00012355",7,5,2
"E00012356",12,5,7
"E00012357",1,1,0
"E00012358",15,6,9
"E00012359",3,1,2
"E00012360",9,4,5
"E00012361",5,2,3
"E00012362",12,8,4
"E00012363",15,8,7
"E00012364",11,5,6
"E00012365",6,1,5
"E00012366",5,5,0
"E00012367",2,1,1
"E00012368",4,3,1
"E00012369",0,0,0
"E00012370",4,1,3
"E00012371",9,2,7
"E00012372",3,2,1
"E00012373",2,0,2
"E00012374",5,1,4
"E00012375",5,2,3
"E00012376",3,2,1
"E00012377",5,1,4
"E00012378",1,1,0
"E00012379",5,4,1
"E00012380",8,5,3
"E00012381",4,2,2
"E00012382",4,3,1
"E00012383",4,2,2
"E00012384",1,1,0
"E00012385",3,2,1
"E00012386",6,4,2
"E00012387",1,0,1
"E00012388",8,3,5
"E00012389",2,1,1
"E00012390",2,1,1
"E00012391",5,2,3
"E00012392",0,0,0
"E00012393",5,2,3
"E00012394",12,8,4
"E00012395",7,4,3
"E00012396",9,5,4
"E00012397",8,1,7
"E00012398",3,3,0
"E00012399",4,1,3
"E00012400",2,0,2
"E00012401",11,6,5
"E00012402",5,2,3
"E00012403",2,2,0
"E00012404",7,6,1
"E00012405",8,4,4
"E00012406",1,0,1
"E00012407",0,0,0
"E00012408",4,4,0
"E00012409",4,2,2
"E00012410",1,1,0
"E00012411",1,1,0
"E00012412",0,0,0
"E00012413",5,4,1
"E00012414",4,0,4
"E00012415",1,1,0
"E00012416",1,0,1
"E00012417",3,3,0
"E00012418",2,1,1
"E00012419",1,0,1
"E00012420",7,1,6
"E00012421",3,3,0
"E00012422",1,1,0
"E00012423",1,1,0
"E00012424",3,2,1
"E00012425",2,1,1
"E00012426",4,3,1
"E00012427",1,0,1
"E00012428",8,5,3
"E00012429",0,0,0
"E00012431",3,2,1
"E00012432",0,0,0
"E00012433",0,0,0
"E00012434",0,0,0
"E00012435",6,4,2
"E00012436",0,0,0
"E00012437",1,1,0
"E00012438",9,5,4
"E00012439",4,2,2
"E00012440",0,0,0
"E00012441",0,0,0
"E00012443",5,3,2
"E00012444",7,2,5
"E00012445",2,1,1
"E00012446",6,4,2
"E00012447",5,2,3
"E00012448",5,2,3
"E00012449",4,2,2
"E00012450",5,2,3
"E00012451",2,0,2
"E00012452",6,1,5
"E00012453",11,8,3
"E00012454",1,1,0
"E00012455",2,2,0
"E00012456",6,4,2
"E00012457",3,0,3
"E00012458",1,0,1
"E00012459",7,3,4
"E00012460",5,3,2
"E00012461",0,0,0
"E00012462",3,2,1
"E00012463",2,0,2
"E00012464",0,0,0
"E00012465",3,1,2
"E00012466",4,1,3
"E00012467",2,0,2
"E00012468",3,1,2
"E00012469",1,1,0
"E00012470",4,3,1
"E00012471",1,0,1
"E00012472",3,1,2
"E00012473",1,1,0
"E00012474",8,5,3
"E00012475",1,0,1
"E00012476",2,2,0
"E00012477",9,4,5
"E00012478",2,0,2
"E00012479",0,0,0
"E00012480",7,3,4
"E00012481",6,2,4
"E00012482",2,1,1
"E00012483",1,1,0
"E00012484",3,0,3
"E00012485",7,3,4
"E00012486",0,0,0
"E00012487",7,3,4
"E00012488",4,1,3
"E00012489",1,0,1
"E00012490",1,0,1
"E00012491",8,4,4
"E00012492",30,14,16
"E00012493",6,4,2
"E00012494",8,6,2
"E00012495",3,3,0
"E00012496",12,6,6
"E00012497",5,2,3
"E00012498",7,2,5
"E00012499",2,2,0
"E00012500",1,1,0
"E00012501",11,7,4
"E00012502",2,2,0
"E00012503",0,0,0
"E00012504",8,4,4
"E00012505",4,3,1
"E00012506",6,2,4
"E00012507",9,5,4
"E00012508",7,4,3
"E00012509",5,3,2
"E00012511",17,8,9
"E00012512",4,2,2
"E00012513",1,0,1
"E00012514",3,0,3
"E00012515",6,3,3
"E00012516",4,2,2
"E00012517",14,5,9
"E00012518",8,4,4
"E00012519",9,3,6
"E00012520",7,3,4
"E00012521",2,1,1
"E00012522",7,4,3
"E00012523",3,2,1
"E00012524",6,2,4
"E00012525",1,1,0
"E00012526",3,0,3
"E00012527",5,4,1
"E00012528",4,2,2
"E00012529",14,6,8
"E00012530",0,0,0
"E00012531",5,0,5
"E00012532",2,2,0
"E00012533",3,2,1
"E00012534",4,1,3
"E00012535",5,4,1
"E00012536",0,0,0
"E00012537",1,1,0
"E00012538",2,2,0
"E00012539",2,1,1
"E00012540",0,0,0
"E00012542",1,1,0
"E00012543",1,1,0
"E00012544",0,0,0
"E00012545",0,0,0
"E00012546",0,0,0
"E00012547",8,5,3
"E00012548",0,0,0
"E00012549",1,1,0
"E00012550",3,1,2
"E00012551",0,0,0
"E00012552",3,2,1
"E00012553",1,0,1
"E00012554",2,2,0
"E00012555",0,0,0
"E00012556",1,1,0
"E00012557",4,3,1
"E00012558",1,0,1
"E00012559",1,0,1
"E00012560",7,3,4
"E00012561",5,4,1
"E00012562",6,3,3
"E00012563",5,0,5
"E00012564",37,24,13
"E00012565",23,9,14
"E00012566",0,0,0
"E00012567",5,2,3
"E00012568",3,1,2
"E00012569",4,2,2
"E00012570",1,0,1
"E00012571",1,1,0
"E00012572",3,2,1
"E00012573",0,0,0
"E00012574",2,2,0
"E00012575",3,2,1
"E00012576",1,0,1
"E00012577",1,1,0
"E00012578",0,0,0
"E00012579",3,2,1
"E00012580",3,1,2
"E00012581",4,1,3
"E00012582",5,5,0
"E00012583",1,0,1
"E00012584",2,1,1
"E00012585",0,0,0
"E00012587",5,2,3
"E00012589",3,2,1
"E00012590",5,3,2
"E00012591",2,2,0
"E00012592",1,1,0
"E00012593",1,0,1
"E00012594",0,0,0
"E00012595",2,2,0
"E00012596",0,0,0
"E00012597",1,0,1
"E00012599",4,2,2
"E00012600",0,0,0
"E00012601",7,4,3
"E00012602",4,1,3
"E00012603",2,1,1
"E00012604",8,4,4
"E00012605",14,9,5
"E00012606",5,3,2
"E00012607",1,1,0
"E00012608",5,4,1
"E00012609",2,0,2
"E00012610",1,0,1
"E00012611",7,2,5
"E00012612",2,2,0
"E00012613",4,1,3
"E00012614",2,1,1
"E00012615",3,0,3
"E00012616",2,0,2
"E00012617",2,2,0
"E00012618",8,5,3
"E00012619",0,0,0
"E00012620",13,10,3
"E00012621",1,1,0
"E00012622",6,2,4
"E00012623",5,3,2
"E00012624",3,1,2
"E00012625",7,2,5
"E00012626",5,2,3
"E00012627",2,1,1
"E00012628",1,0,1
"E00012629",5,4,1
"E00012630",6,2,4
"E00012631",1,1,0
"E00012632",5,2,3
"E00012633",2,2,0
"E00012634",3,2,1
"E00012635",4,3,1
"E00012636",7,2,5
"E00012637",0,0,0
"E00012638",6,4,2
"E00012639",2,1,1
"E00012640",4,0,4
"E00012641",1,1,0
"E00012642",5,3,2
"E00012643",0,0,0
"E00012644",1,0,1
"E00012645",4,2,2
"E00012646",1,1,0
"E00012647",1,1,0
"E00012648",2,0,2
"E00012649",2,0,2
"E00012650",2,1,1
"E00012651",8,8,0
"E00012652",0,0,0
"E00012653",13,6,7
"E00012654",0,0,0
"E00012656",0,0,0
"E00012657",0,0,0
"E00012658",3,1,2
"E00012659",0,0,0
"E00012660",2,1,1
"E00012661",1,0,1
"E00012662",8,5,3
"E00012663",0,0,0
"E00012664",5,3,2
"E00012665",1,0,1
"E00012666",2,0,2
"E00012667",0,0,0
"E00012668",2,2,0
"E00012669",0,0,0
"E00012670",3,1,2
"E00012671",2,1,1
"E00012672",2,1,1
"E00012673",0,0,0
"E00012674",4,0,4
"E00012675",2,0,2
"E00012676",1,0,1
"E00012677",1,0,1
"E00012678",5,1,4
"E00012679",2,0,2
"E00012680",3,1,2
"E00012681",0,0,0
"E00012682",4,1,3
"E00012683",3,2,1
"E00012684",0,0,0
"E00012685",0,0,0
"E00012686",3,2,1
"E00012687",1,0,1
"E00012688",0,0,0
"E00012689",2,1,1
"E00012690",0,0,0
"E00012691",2,1,1
"E00012692",2,1,1
"E00012693",2,1,1
"E00012694",2,1,1
"E00012695",1,1,0
"E00012696",1,1,0
"E00012697",6,3,3
"E00012698",3,1,2
"E00012699",1,1,0
"E00012700",4,2,2
"E00012701",4,3,1
"E00012703",2,0,2
"E00012704",10,6,4
"E00012705",4,1,3
"E00012706",8,4,4
"E00012707",0,0,0
"E00012708",2,2,0
"E00012709",1,0,1
"E00012710",2,0,2
"E00012711",2,2,0
"E00012712",3,2,1
"E00012713",5,5,0
"E00012714",0,0,0
"E00012715",1,0,1
"E00012716",5,4,1
"E00012717",0,0,0
"E00012719",2,1,1
"E00012720",1,1,0
"E00012721",6,5,1
"E00012722",3,2,1
"E00012723",4,2,2
"E00012724",3,2,1
"E00012725",0,0,0
"E00012726",4,2,2
"E00012727",2,2,0
"E00012728",3,3,0
"E00012729",8,3,5
"E00012730",0,0,0
"E00012731",4,3,1
"E00012732",0,0,0
"E00012733",0,0,0
"E00012734",1,1,0
"E00012735",8,4,4
"E00012736",5,0,5
"E00012738",1,0,1
"E00012739",5,0,5
"E00012740",2,2,0
"E00012741",1,0,1
"E00012742",6,4,2
"E00012743",0,0,0
"E00012744",1,0,1
"E00012745",1,0,1
"E00012746",2,1,1
"E00012747",13,7,6
"E00012749",6,3,3
"E00012750",5,3,2
"E00012753",3,1,2
"E00012754",5,1,4
"E00012755",4,2,2
"E00012756",3,1,2
"E00012757",0,0,0
"E00012758",2,1,1
"E00012759",0,0,0
"E00012761",6,4,2
"E00012762",7,4,3
"E00012763",3,1,2
"E00012764",9,3,6
"E00012765",3,0,3
"E00012766",4,2,2
"E00012767",1,1,0
"E00012768",0,0,0
"E00012769",0,0,0
"E00012770",6,2,4
"E00012771",0,0,0
"E00012772",9,3,6
"E00012773",3,1,2
"E00012774",9,5,4
"E00012775",3,1,2
"E00012776",0,0,0
"E00012777",6,2,4
"E00012778",3,2,1
"E00012779",6,2,4
"E00012780",3,0,3
"E00012781",1,0,1
"E00012782",4,3,1
"E00012783",6,3,3
"E00012784",3,2,1
"E00012785",1,0,1
"E00012786",9,4,5
"E00012787",3,1,2
"E00012788",0,0,0
"E00012789",7,4,3
"E00012790",3,2,1
"E00012791",2,1,1
"E00012792",5,5,0
"E00012793",5,4,1
"E00012794",4,3,1
"E00012795",2,1,1
"E00012796",6,0,6
"E00012797",16,8,8
"E00012798",14,6,8
"E00012799",5,1,4
"E00012800",10,6,4
"E00012801",9,4,5
"E00012802",17,6,11
"E00012803",2,1,1
"E00012804",6,5,1
"E00012805",11,3,8
"E00012806",3,2,1
"E00012807",1,1,0
"E00012808",6,1,5
"E00012809",6,5,1
"E00012810",7,4,3
"E00012811",7,2,5
"E00012812",11,5,6
"E00012813",5,2,3
"E00012814",0,0,0
"E00012815",6,2,4
"E00012816",7,2,5
"E00012817",1,0,1
"E00012818",4,2,2
"E00012819",2,0,2
"E00012820",0,0,0
"E00012821",0,0,0
"E00012822",14,8,6
"E00012823",13,5,8
"E00012824",8,5,3
"E00012825",3,1,2
"E00012826",4,3,1
"E00012827",3,2,1
"E00012828",7,6,1
"E00012829",8,4,4
"E00012830",0,0,0
"E00012831",7,4,3
"E00012832",10,4,6
"E00012833",4,3,1
"E00012834",2,1,1
"E00012835",3,2,1
"E00012836",16,7,9
"E00012837",5,3,2
"E00012838",7,3,4
"E00012839",3,2,1
"E00012840",8,5,3
"E00012841",6,5,1
"E00012842",20,11,9
"E00012843",1,0,1
"E00012844",18,10,8
"E00012845",1,1,0
"E00012846",9,4,5
"E00012847",9,5,4
"E00012848",4,3,1
"E00012849",6,3,3
"E00012850",6,3,3
"E00012851",6,4,2
"E00012852",9,7,2
"E00012853",6,4,2
"E00012854",4,4,0
"E00012855",11,5,6
"E00012856",0,0,0
"E00012857",4,4,0
"E00012858",0,0,0
"E00012859",1,1,0
"E00012860",7,6,1
"E00012861",0,0,0
"E00012862",7,6,1
"E00012863",11,6,5
"E00012864",4,1,3
"E00012865",1,1,0
"E00012866",9,2,7
"E00012867",6,4,2
"E00012868",9,4,5
"E00012869",0,0,0
"E00012870",2,1,1
"E00012871",7,3,4
"E00012872",1,1,0
"E00012873",2,1,1
"E00012874",2,2,0
"E00012875",0,0,0
"E00012876",4,1,3
"E00012877",9,4,5
"E00012878",5,3,2
"E00012879",6,2,4
"E00012880",5,2,3
"E00012881",14,6,8
"E00012882",9,5,4
"E00012883",3,2,1
"E00012884",1,0,1
"E00012885",10,4,6
"E00012886",0,0,0
"E00012887",4,0,4
"E00012888",5,3,2
"E00012889",3,1,2
"E00012890",5,2,3
"E00012891",3,3,0
"E00012892",4,1,3
"E00012893",2,2,0
"E00012894",6,2,4
"E00012895",2,1,1
"E00012896",0,0,0
"E00012897",4,0,4
"E00012898",0,0,0
"E00012899",1,0,1
"E00012900",3,1,2
"E00012901",2,1,1
"E00012902",5,4,1
"E00012903",1,0,1
"E00012904",0,0,0
"E00012905",4,1,3
"E00012906",2,1,1
"E00012907",2,2,0
"E00012908",10,7,3
"E00012909",2,2,0
"E00012910",4,2,2
"E00012911",5,3,2
"E00012912",0,0,0
"E00012913",5,4,1
"E00012914",0,0,0
"E00012915",10,4,6
"E00012916",2,1,1
"E00012917",5,4,1
"E00012918",4,2,2
"E00012919",1,0,1
"E00012920",6,4,2
"E00012923",0,0,0
"E00012925",6,2,4
"E00012926",1,1,0
"E00012927",6,0,6
"E00012928",7,3,4
"E00012929",0,0,0
"E00012930",8,3,5
"E00012931",3,1,2
"E00012932",6,2,4
"E00012933",0,0,0
"E00012934",2,0,2
"E00012936",3,2,1
"E00012937",2,1,1
"E00012939",5,1,4
"E00012940",2,1,1
"E00012941",0,0,0
"E00012942",3,0,3
"E00012943",0,0,0
"E00012944",1,1,0
"E00012945",0,0,0
"E00012946",2,1,1
"E00012947",1,0,1
"E00012948",3,1,2
"E00012949",1,1,0
"E00012951",2,2,0
"E00012952",0,0,0
"E00012953",6,1,5
"E00012954",4,0,4
"E00012955",6,3,3
"E00012956",1,1,0
"E00012957",4,2,2
"E00012958",0,0,0
"E00012959",2,1,1
"E00012960",3,0,3
"E00012961",6,1,5
"E00012962",2,0,2
"E00012963",6,2,4
"E00012964",6,2,4
"E00012965",5,2,3
"E00012966",5,2,3
"E00012967",3,2,1
"E00012968",2,0,2
"E00012969",0,0,0
"E00012970",2,1,1
"E00012971",1,0,1
"E00012972",2,1,1
"E00012973",1,0,1
"E00012974",4,2,2
"E00012975",2,0,2
"E00012976",1,0,1
"E00012977",0,0,0
"E00012978",4,0,4
"E00012979",2,1,1
"E00012980",0,0,0
"E00012981",2,1,1
"E00012982",4,2,2
"E00012983",1,1,0
"E00012984",2,0,2
"E00012985",1,0,1
"E00012986",0,0,0
"E00012987",0,0,0
"E00012988",9,8,1
"E00012989",5,4,1
"E00012990",4,4,0
"E00012991",1,0,1
"E00012992",2,0,2
"E00012993",5,2,3
"E00012994",0,0,0
"E00012995",2,0,2
"E00012996",3,0,3
"E00012997",3,2,1
"E00012998",2,2,0
"E00012999",4,1,3
"E00013000",3,1,2
"E00013001",1,1,0
"E00013002",2,2,0
"E00013003",0,0,0
"E00013004",1,1,0
"E00013005",1,0,1
"E00013006",3,3,0
"E00013007",1,1,0
"E00013008",1,1,0
"E00013009",3,2,1
"E00013010",0,0,0
"E00013011",3,1,2
"E00013012",2,2,0
"E00013013",1,0,1
"E00013014",6,0,6
"E00013015",2,2,0
"E00013016",2,1,1
"E00013017",8,7,1
"E00013018",7,4,3
"E00013019",0,0,0
"E00013020",0,0,0
"E00013021",1,0,1
"E00013022",0,0,0
"E00013023",6,2,4
"E00013024",4,3,1
"E00013025",2,2,0
"E00013026",7,3,4
"E00013027",5,3,2
"E00013028",7,3,4
"E00013029",2,0,2
"E00013030",1,0,1
"E00013031",7,3,4
"E00013032",1,0,1
"E00013033",5,2,3
"E00013034",6,3,3
"E00013035",1,0,1
"E00013036",4,3,1
"E00013037",7,3,4
"E00013038",3,2,1
"E00013039",9,8,1
"E00013040",4,3,1
"E00013041",9,4,5
"E00013042",7,6,1
"E00013043",5,1,4
"E00013044",4,4,0
"E00013045",6,4,2
"E00013046",6,2,4
"E00013047",9,4,5
"E00013048",8,3,5
"E00013049",8,5,3
"E00013050",0,0,0
"E00013051",1,0,1
"E00013052",4,2,2
"E00013053",3,1,2
"E00013054",1,1,0
"E00013055",4,3,1
"E00013056",6,3,3
"E00013057",2,2,0
"E00013058",2,1,1
"E00013059",2,2,0
"E00013060",5,2,3
"E00013061",6,3,3
"E00013062",8,5,3
"E00013063",10,3,7
"E00013064",4,2,2
"E00013065",6,3,3
"E00013066",9,4,5
"E00013067",8,5,3
"E00013068",3,3,0
"E00013069",3,3,0
"E00013070",12,6,6
"E00013071",7,5,2
"E00013072",2,0,2
"E00013073",9,4,5
"E00013074",5,3,2
"E00013075",0,0,0
"E00013076",8,5,3
"E00013077",2,0,2
"E00013078",11,6,5
"E00013079",6,2,4
"E00013080",2,1,1
"E00013081",11,8,3
"E00013082",18,13,5
"E00013083",6,4,2
"E00013084",4,3,1
"E00013085",7,5,2
"E00013086",3,1,2
"E00013087",8,3,5
"E00013088",5,2,3
"E00013089",5,2,3
"E00013090",1,1,0
"E00013091",8,6,2
"E00013092",5,4,1
"E00013093",9,5,4
"E00013094",19,12,7
"E00013095",8,4,4
"E00013096",5,4,1
"E00013097",2,2,0
"E00013098",1,0,1
"E00013099",7,4,3
"E00013100",2,0,2
"E00013101",2,1,1
"E00013102",7,4,3
"E00013103",5,2,3
"E00013104",4,1,3
"E00013105",6,1,5
"E00013106",7,6,1
"E00013107",8,5,3
"E00013108",4,2,2
"E00013109",2,1,1
"E00013110",1,1,0
"E00013111",7,6,1
"E00013112",4,3,1
"E00013113",5,3,2
"E00013114",2,0,2
"E00013115",7,3,4
"E00013116",2,1,1
"E00013117",0,0,0
"E00013118",1,1,0
"E00013119",0,0,0
"E00013120",5,3,2
"E00013121",8,4,4
"E00013122",4,4,0
"E00013123",9,3,6
"E00013124",7,2,5
"E00013125",7,4,3
"E00013126",6,4,2
"E00013127",5,3,2
"E00013128",1,0,1
"E00013129",2,0,2
"E00013130",1,1,0
"E00013131",11,5,6
"E00013132",15,7,8
"E00013133",2,1,1
"E00013134",4,3,1
"E00013135",0,0,0
"E00013136",9,3,6
"E00013137",2,2,0
"E00013138",3,2,1
"E00013140",1,0,1
"E00013141",5,1,4
"E00013142",2,1,1
"E00013144",2,1,1
"E00013145",5,1,4
"E00013146",0,0,0
"E00013147",0,0,0
"E00013148",2,1,1
"E00013149",4,1,3
"E00013150",2,1,1
"E00013151",7,2,5
"E00013152",4,3,1
"E00013153",6,2,4
"E00013154",3,2,1
"E00013155",4,4,0
"E00013156",3,2,1
"E00013157",7,4,3
"E00013158",6,2,4
"E00013159",3,2,1
"E00013160",4,1,3
"E00013161",4,1,3
"E00013162",1,0,1
"E00013163",3,1,2
"E00013164",0,0,0
"E00013166",6,4,2
"E00013167",4,2,2
"E00013168",4,2,2
"E00013169",2,0,2
"E00013170",0,0,0
"E00013171",1,1,0
"E00013172",3,0,3
"E00013174",4,2,2
"E00013175",1,0,1
"E00013176",9,5,4
"E00013177",1,1,0
"E00013178",0,0,0
"E00013179",2,1,1
"E00013180",9,7,2
"E00013181",0,0,0
"E00013182",2,0,2
"E00013183",3,1,2
"E00013184",4,3,1
"E00013185",7,4,3
"E00013186",7,3,4
"E00013187",5,3,2
"E00013188",11,6,5
"E00013189",12,5,7
"E00013190",13,7,6
"E00013191",9,2,7
"E00013192",13,8,5
"E00013193",4,2,2
"E00013194",0,0,0
"E00013195",3,1,2
"E00013196",1,0,1
"E00013197",3,2,1
"E00013198",6,0,6
"E00013199",4,3,1
"E00013200",10,5,5
"E00013201",4,3,1
"E00013202",0,0,0
"E00013203",3,0,3
"E00013204",3,2,1
"E00013205",3,2,1
"E00013206",9,3,6
"E00013207",6,3,3
"E00013208",4,2,2
"E00013209",6,2,4
"E00013210",3,1,2
"E00013211",0,0,0
"E00013212",7,2,5
"E00013213",5,0,5
"E00013214",10,4,6
"E00013215",6,5,1
"E00013216",1,1,0
"E00013217",2,0,2
"E00013218",7,4,3
"E00013219",2,0,2
"E00013220",2,1,1
"E00013221",4,2,2
"E00013222",7,2,5
"E00013223",5,3,2
"E00013224",5,5,0
"E00013225",9,8,1
"E00013226",10,4,6
"E00013227",1,1,0
"E00013228",0,0,0
"E00013229",2,1,1
"E00013230",5,1,4
"E00013231",5,2,3
"E00013232",6,3,3
"E00013233",5,1,4
"E00013234",2,1,1
"E00013235",6,4,2
"E00013236",12,8,4
"E00013237",2,2,0
"E00013238",5,2,3
"E00013239",4,3,1
"E00013241",6,1,5
"E00013242",2,1,1
"E00013243",6,4,2
"E00013244",0,0,0
"E00013245",0,0,0
"E00013246",0,0,0
"E00013247",8,3,5
"E00013248",0,0,0
"E00013249",2,0,2
"E00013250",7,4,3
"E00013251",0,0,0
"E00013252",9,3,6
"E00013253",6,3,3
"E00013254",0,0,0
"E00013255",5,3,2
"E00013256",4,2,2
"E00013257",1,0,1
"E00013258",4,3,1
"E00013259",2,1,1
"E00013260",0,0,0
"E00013261",1,0,1
"E00013262",2,1,1
"E00013263",4,2,2
"E00013264",0,0,0
"E00013265",0,0,0
"E00013266",0,0,0
"E00013267",1,0,1
"E00013268",6,2,4
"E00013269",0,0,0
"E00013270",10,5,5
"E00013271",5,2,3
"E00013272",1,0,1
"E00013273",1,1,0
"E00013274",2,0,2
"E00013275",7,3,4
"E00013276",1,1,0
"E00013277",7,6,1
"E00013278",12,7,5
"E00013279",9,5,4
"E00013280",7,3,4
"E00013281",1,0,1
"E00013282",3,1,2
"E00013283",5,4,1
"E00013284",9,8,1
"E00013285",12,5,7
"E00013286",11,7,4
"E00013287",7,5,2
"E00013288",12,6,6
"E00013289",7,5,2
"E00013290",3,1,2
"E00013292",4,0,4
"E00013293",1,1,0
"E00013294",0,0,0
"E00013295",3,1,2
"E00013296",2,1,1
"E00013297",4,4,0
"E00013298",7,0,7
"E00013299",3,1,2
"E00013300",3,3,0
"E00013301",7,4,3
"E00013302",6,4,2
"E00013303",6,3,3
"E00013304",6,4,2
"E00013305",6,2,4
"E00013306",14,9,5
"E00013307",5,3,2
"E00013308",5,3,2
"E00013309",3,3,0
"E00013310",7,5,2
"E00013311",0,0,0
"E00013312",3,3,0
"E00013313",7,4,3
"E00013314",2,0,2
"E00013315",10,6,4
"E00013316",3,0,3
"E00013317",0,0,0
"E00013318",5,2,3
"E00013320",2,1,1
"E00013321",3,1,2
"E00013322",3,2,1
"E00013323",6,1,5
"E00013324",1,0,1
"E00013327",2,0,2
"E00013328",5,3,2
"E00013330",0,0,0
"E00013331",8,2,6
"E00013332",1,0,1
"E00013333",1,0,1
"E00013334",3,1,2
"E00013335",1,1,0
"E00013336",2,1,1
"E00013337",1,0,1
"E00013338",4,1,3
"E00013341",0,0,0
"E00013342",5,2,3
"E00013343",6,3,3
"E00013344",8,2,6
"E00013345",5,4,1
"E00013346",3,1,2
"E00013347",0,0,0
"E00013348",2,2,0
"E00013349",3,3,0
"E00013350",0,0,0
"E00013351",11,6,5
"E00013352",4,0,4
"E00013353",13,7,6
"E00013354",4,1,3
"E00013355",0,0,0
"E00013356",8,4,4
"E00013357",0,0,0
"E00013358",0,0,0
"E00013359",4,3,1
"E00013360",0,0,0
"E00013361",1,0,1
"E00013362",5,1,4
"E00013363",1,0,1
"E00013364",5,2,3
"E00013365",5,3,2
"E00013366",7,3,4
"E00013367",1,0,1
"E00013368",18,8,10
"E00013369",6,3,3
"E00013370",10,7,3
"E00013371",4,3,1
"E00013372",4,1,3
"E00013373",2,1,1
"E00013374",4,2,2
"E00013375",3,2,1
"E00013376",3,1,2
"E00013377",3,2,1
"E00013378",9,6,3
"E00013379",8,5,3
"E00013380",5,1,4
"E00013381",1,0,1
"E00013383",3,3,0
"E00013384",3,2,1
"E00013385",0,0,0
"E00013386",3,1,2
"E00013387",0,0,0
"E00013388",0,0,0
"E00013389",3,1,2
"E00013390",0,0,0
"E00013391",1,1,0
"E00013392",3,3,0
"E00013393",1,0,1
"E00013395",0,0,0
"E00013397",5,3,2
"E00013398",0,0,0
"E00013399",0,0,0
"E00013400",1,0,1
"E00013401",7,4,3
"E00013402",2,0,2
"E00013403",0,0,0
"E00013404",9,4,5
"E00013405",5,2,3
"E00013406",6,4,2
"E00013407",13,4,9
"E00013408",4,0,4
"E00013409",8,3,5
"E00013410",3,1,2
"E00013411",1,0,1
"E00013412",6,4,2
"E00013413",3,3,0
"E00013414",1,0,1
"E00013415",10,6,4
"E00013416",2,0,2
"E00013417",1,1,0
"E00013418",1,1,0
"E00013419",3,3,0
"E00013420",0,0,0
"E00013421",2,1,1
"E00013422",0,0,0
"E00013423",1,1,0
"E00013424",2,1,1
"E00013425",5,1,4
"E00013426",0,0,0
"E00013428",2,2,0
"E00013429",2,2,0
"E00013430",2,1,1
"E00013431",7,5,2
"E00013432",0,0,0
"E00013434",4,1,3
"E00013435",1,1,0
"E00013437",7,3,4
"E00013438",14,5,9
"E00013439",7,2,5
"E00013440",0,0,0
"E00013441",1,1,0
"E00013442",3,2,1
"E00013443",1,0,1
"E00013444",3,0,3
"E00013445",3,2,1
"E00013446",0,0,0
"E00013447",1,1,0
"E00013448",3,2,1
"E00013449",7,2,5
"E00013450",2,2,0
"E00013452",7,5,2
"E00013453",1,1,0
"E00013454",2,0,2
"E00013455",4,1,3
"E00013456",5,3,2
"E00013457",0,0,0
"E00013458",3,0,3
"E00013460",0,0,0
"E00013461",5,0,5
"E00013462",1,1,0
"E00013463",3,2,1
"E00013464",5,2,3
"E00013465",0,0,0
"E00013466",0,0,0
"E00013467",2,2,0
"E00013468",1,1,0
"E00013469",5,1,4
"E00013470",4,1,3
"E00013471",1,1,0
"E00013472",2,1,1
"E00013473",4,1,3
"E00013474",2,1,1
"E00013475",0,0,0
"E00013477",1,1,0
"E00013478",2,2,0
"E00013479",8,3,5
"E00013480",5,3,2
"E00013481",1,1,0
"E00013482",0,0,0
"E00013483",1,0,1
"E00013484",1,1,0
"E00013485",5,4,1
"E00013486",0,0,0
"E00013487",1,1,0
"E00013488",2,1,1
"E00013489",1,0,1
"E00013490",1,0,1
"E00013491",1,0,1
"E00013492",1,1,0
"E00013493",1,0,1
"E00013494",0,0,0
"E00013495",2,0,2
"E00013496",1,1,0
"E00013497",4,4,0
"E00013499",0,0,0
"E00013500",6,3,3
"E00013501",1,0,1
"E00013502",4,2,2
"E00013503",0,0,0
"E00013504",4,0,4
"E00013506",1,1,0
"E00013507",1,0,1
"E00013508",4,3,1
"E00013509",3,1,2
"E00013510",1,0,1
"E00013511",4,0,4
"E00013512",3,2,1
"E00013513",2,1,1
"E00013514",1,1,0
"E00013515",0,0,0
"E00013516",2,1,1
"E00013517",1,0,1
"E00013518",0,0,0
"E00013519",1,0,1
"E00013520",0,0,0
"E00013521",1,0,1
"E00013522",0,0,0
"E00013523",0,0,0
"E00013524",6,2,4
"E00013525",1,0,1
"E00013526",6,2,4
"E00013527",1,0,1
"E00013528",1,1,0
"E00013529",1,0,1
"E00013530",2,0,2
"E00013531",3,3,0
"E00013532",4,3,1
"E00013533",7,2,5
"E00013534",7,2,5
"E00013535",1,1,0
"E00013536",0,0,0
"E00013538",5,2,3
"E00013539",0,0,0
"E00013540",1,0,1
"E00013541",4,4,0
"E00013542",1,0,1
"E00013543",2,1,1
"E00013544",5,2,3
"E00013545",0,0,0
"E00013546",1,1,0
"E00013547",3,0,3
"E00013548",4,1,3
"E00013549",0,0,0
"E00013550",5,4,1
"E00013551",3,1,2
"E00013552",1,0,1
"E00013553",2,0,2
"E00013554",7,5,2
"E00013555",8,3,5
"E00013556",1,0,1
"E00013557",4,2,2
"E00013558",2,2,0
"E00013559",1,1,0
"E00013560",5,2,3
"E00013561",3,2,1
"E00013562",1,1,0
"E00013563",1,1,0
"E00013564",4,2,2
"E00013565",0,0,0
"E00013566",3,2,1
"E00013567",2,1,1
"E00013568",3,0,3
"E00013569",4,2,2
"E00013570",9,7,2
"E00013571",2,1,1
"E00013572",6,4,2
"E00013573",2,0,2
"E00013574",1,0,1
"E00013575",2,0,2
"E00013576",2,1,1
"E00013577",2,2,0
"E00013578",3,1,2
"E00013579",1,1,0
"E00013580",3,1,2
"E00013581",0,0,0
"E00013582",0,0,0
"E00013583",5,2,3
"E00013584",2,1,1
"E00013585",6,3,3
"E00013586",0,0,0
"E00013587",1,1,0
"E00013588",2,1,1
"E00013589",5,2,3
"E00013590",6,4,2
"E00013591",1,0,1
"E00013592",4,4,0
"E00013593",3,2,1
"E00013595",0,0,0
"E00013596",1,1,0
"E00013597",0,0,0
"E00013598",2,1,1
"E00013599",5,2,3
"E00013600",1,1,0
"E00013601",0,0,0
"E00013602",6,4,2
"E00013603",0,0,0
"E00013604",0,0,0
"E00013605",3,1,2
"E00013606",0,0,0
"E00013607",0,0,0
"E00013608",3,2,1
"E00013609",2,2,0
"E00013610",5,3,2
"E00013611",0,0,0
"E00013612",2,1,1
"E00013613",0,0,0
"E00013614",3,1,2
"E00013615",0,0,0
"E00013616",8,3,5
"E00013617",2,0,2
"E00013619",0,0,0
"E00013620",2,1,1
"E00013622",0,0,0
"E00013624",10,6,4
"E00013625",4,1,3
"E00013626",0,0,0
"E00013627",3,2,1
"E00013628",4,2,2
"E00013629",9,0,9
"E00013630",6,3,3
"E00013631",8,6,2
"E00013632",8,4,4
"E00013633",2,2,0
"E00013634",8,6,2
"E00013635",0,0,0
"E00013636",6,1,5
"E00013637",0,0,0
"E00013638",2,1,1
"E00013639",7,6,1
"E00013640",9,3,6
"E00013641",6,4,2
"E00013642",4,2,2
"E00013643",2,1,1
"E00013644",4,1,3
"E00013645",1,1,0
"E00013646",6,3,3
"E00013647",0,0,0
"E00013648",0,0,0
"E00013649",4,3,1
"E00013650",3,1,2
"E00013651",7,3,4
"E00013652",3,0,3
"E00013653",3,2,1
"E00013654",1,1,0
"E00013655",6,3,3
"E00013656",20,10,10
"E00013657",3,2,1
"E00013658",5,2,3
"E00013659",12,5,7
"E00013660",5,2,3
"E00013661",2,2,0
"E00013662",6,4,2
"E00013663",3,1,2
"E00013664",2,1,1
"E00013665",1,1,0
"E00013667",0,0,0
"E00013668",5,3,2
"E00013669",1,1,0
"E00013670",4,2,2
"E00013671",5,3,2
"E00013672",0,0,0
"E00013673",3,3,0
"E00013674",3,2,1
"E00013675",0,0,0
"E00013676",9,3,6
"E00013677",7,3,4
"E00013678",5,3,2
"E00013679",7,2,5
"E00013680",3,2,1
"E00013681",0,0,0
"E00013682",1,0,1
"E00013683",2,1,1
"E00013684",2,0,2
"E00013685",5,2,3
"E00013687",2,1,1
"E00013688",3,3,0
"E00013689",1,1,0
"E00013690",7,2,5
"E00013691",0,0,0
"E00013693",4,3,1
"E00013694",1,1,0
"E00013695",3,2,1
"E00013696",1,1,0
"E00013697",4,0,4
"E00013698",1,0,1
"E00013699",3,1,2
"E00013700",1,1,0
"E00013701",1,0,1
"E00013702",3,0,3
"E00013703",0,0,0
"E00013704",4,2,2
"E00013705",5,4,1
"E00013706",2,0,2
"E00013707",3,2,1
"E00013708",6,1,5
"E00013709",1,1,0
"E00013710",2,0,2
"E00013711",11,5,6
"E00013712",5,3,2
"E00013713",7,5,2
"E00013714",4,0,4
"E00013715",10,5,5
"E00013716",0,0,0
"E00013717",4,2,2
"E00013718",2,1,1
"E00013719",2,1,1
"E00013720",6,2,4
"E00013721",9,5,4
"E00013722",3,2,1
"E00013723",2,1,1
"E00013724",0,0,0
"E00013725",0,0,0
"E00013726",3,3,0
"E00013727",3,1,2
"E00013728",0,0,0
"E00013729",6,1,5
"E00013730",4,2,2
"E00013731",5,2,3
"E00013732",0,0,0
"E00013733",3,1,2
"E00013734",11,2,9
"E00013735",2,2,0
"E00013736",2,1,1
"E00013737",4,1,3
"E00013738",2,2,0
"E00013739",8,5,3
"E00013740",4,3,1
"E00013741",2,2,0
"E00013742",2,0,2
"E00013743",5,4,1
"E00013744",4,1,3
"E00013745",3,3,0
"E00013746",1,1,0
"E00013747",0,0,0
"E00013748",5,4,1
"E00013749",3,3,0
"E00013751",3,1,2
"E00013752",0,0,0
"E00013753",8,4,4
"E00013754",0,0,0
"E00013755",1,1,0
"E00013756",4,4,0
"E00013757",0,0,0
"E00013758",5,3,2
"E00013760",1,1,0
"E00013762",1,1,0
"E00013763",12,6,6
"E00013764",1,1,0
"E00013765",1,1,0
"E00013766",1,0,1
"E00013767",0,0,0
"E00013768",1,1,0
"E00013769",2,0,2
"E00013770",1,1,0
"E00013771",1,1,0
"E00013772",1,0,1
"E00013773",1,1,0
"E00013774",0,0,0
"E00013776",1,1,0
"E00013777",5,2,3
"E00013778",2,1,1
"E00013780",2,1,1
"E00013781",3,0,3
"E00013782",2,0,2
"E00013783",5,3,2
"E00013784",3,1,2
"E00013785",3,1,2
"E00013786",2,2,0
"E00013787",2,1,1
"E00013788",3,2,1
"E00013789",2,2,0
"E00013790",0,0,0
"E00013791",3,2,1
"E00013792",3,1,2
"E00013793",5,5,0
"E00013794",2,1,1
"E00013795",4,0,4
"E00013796",2,1,1
"E00013797",4,2,2
"E00013798",6,4,2
"E00013799",5,2,3
"E00013800",2,1,1
"E00013802",7,4,3
"E00013803",1,0,1
"E00013804",0,0,0
"E00013805",1,1,0
"E00013806",0,0,0
"E00013807",0,0,0
"E00013808",2,0,2
"E00013809",0,0,0
"E00013810",2,2,0
"E00013811",1,0,1
"E00013812",0,0,0
"E00013813",2,2,0
"E00013814",1,0,1
"E00013815",1,1,0
"E00013816",0,0,0
"E00013817",2,1,1
"E00013818",1,0,1
"E00013819",1,1,0
"E00013820",0,0,0
"E00013821",5,3,2
"E00013822",0,0,0
"E00013823",0,0,0
"E00013824",1,1,0
"E00013825",1,1,0
"E00013826",1,0,1
"E00013827",3,2,1
"E00013828",0,0,0
"E00013829",4,3,1
"E00013830",3,2,1
"E00013831",5,2,3
"E00013832",1,0,1
"E00013833",4,2,2
"E00013834",5,3,2
"E00013835",2,1,1
"E00013836",2,2,0
"E00013837",1,1,0
"E00013838",0,0,0
"E00013839",3,2,1
"E00013840",1,0,1
"E00013841",5,1,4
"E00013842",1,1,0
"E00013843",3,0,3
"E00013844",1,1,0
"E00013845",4,2,2
"E00013846",3,2,1
"E00013847",2,1,1
"E00013848",6,5,1
"E00013849",2,1,1
"E00013850",0,0,0
"E00013851",0,0,0
"E00013852",0,0,0
"E00013853",7,4,3
"E00013854",5,0,5
"E00013855",5,1,4
"E00013856",0,0,0
"E00013857",5,3,2
"E00013858",8,2,6
"E00013859",4,0,4
"E00013860",2,1,1
"E00013861",0,0,0
"E00013862",10,3,7
"E00013863",1,0,1
"E00013864",3,2,1
"E00013865",1,1,0
"E00013866",3,2,1
"E00013867",0,0,0
"E00013868",7,5,2
"E00013869",0,0,0
"E00013870",0,0,0
"E00013871",1,1,0
"E00013872",6,5,1
"E00013873",1,0,1
"E00013874",0,0,0
"E00013875",4,1,3
"E00013876",5,3,2
"E00013877",0,0,0
"E00013878",4,2,2
"E00013879",5,3,2
"E00013880",1,1,0
"E00013881",3,0,3
"E00013882",4,2,2
"E00013883",2,2,0
"E00013884",1,0,1
"E00013885",0,0,0
"E00013886",1,0,1
"E00013887",9,7,2
"E00013888",10,4,6
"E00013889",13,5,8
"E00013890",13,6,7
"E00013891",3,3,0
"E00013892",2,1,1
"E00013893",0,0,0
"E00013894",6,3,3
"E00013895",2,0,2
"E00013896",3,1,2
"E00013897",1,1,0
"E00013898",4,1,3
"E00013899",2,2,0
"E00013900",10,4,6
"E00013901",1,1,0
"E00013902",7,3,4
"E00013903",10,4,6
"E00013904",6,2,4
"E00013905",3,3,0
"E00013906",3,2,1
"E00013907",2,0,2
"E00013908",3,1,2
"E00013909",4,2,2
"E00013910",0,0,0
"E00013911",2,2,0
"E00013912",2,1,1
"E00013913",3,2,1
"E00013914",2,1,1
"E00013915",0,0,0
"E00013916",7,2,5
"E00013917",2,1,1
"E00013918",7,4,3
"E00013919",1,0,1
"E00013920",7,3,4
"E00013921",4,2,2
"E00013922",6,4,2
"E00013923",0,0,0
"E00013924",11,9,2
"E00013925",2,1,1
"E00013926",1,0,1
"E00013927",0,0,0
"E00013928",4,1,3
"E00013929",10,5,5
"E00013930",2,2,0
"E00013932",6,4,2
"E00013933",1,0,1
"E00013934",2,1,1
"E00013935",3,2,1
"E00013936",2,0,2
"E00013938",8,5,3
"E00013939",6,4,2
"E00013940",2,1,1
"E00013941",2,1,1
"E00013942",4,2,2
"E00013943",0,0,0
"E00013944",6,2,4
"E00013945",2,1,1
"E00013946",2,0,2
"E00013947",3,2,1
"E00013948",1,0,1
"E00013949",1,1,0
"E00013950",1,0,1
"E00013951",0,0,0
"E00013952",1,1,0
"E00013953",3,1,2
"E00013954",1,1,0
"E00013956",0,0,0
"E00013957",5,3,2
"E00013958",5,2,3
"E00013959",3,2,1
"E00013960",1,0,1
"E00013961",2,1,1
"E00013962",4,1,3
"E00013963",0,0,0
"E00013964",8,7,1
"E00013965",5,2,3
"E00013966",2,1,1
"E00013967",1,0,1
"E00013969",6,3,3
"E00013970",1,0,1
"E00013971",1,0,1
"E00013972",2,1,1
"E00013973",0,0,0
"E00013974",3,2,1
"E00013975",1,1,0
"E00013977",2,1,1
"E00013978",1,1,0
"E00013979",8,3,5
"E00013980",1,1,0
"E00013981",0,0,0
"E00013982",1,0,1
"E00013983",2,0,2
"E00013984",5,3,2
"E00013985",3,2,1
"E00013986",0,0,0
"E00013988",9,5,4
"E00013989",4,3,1
"E00013990",5,1,4
"E00013991",5,4,1
"E00013992",1,0,1
"E00013993",2,2,0
"E00013994",2,1,1
"E00013995",6,2,4
"E00013996",0,0,0
"E00013997",1,1,0
"E00013998",0,0,0
"E00013999",0,0,0
"E00014000",3,0,3
"E00014001",4,2,2
"E00014002",2,0,2
"E00014003",6,3,3
"E00014004",1,0,1
"E00014005",2,0,2
"E00014006",1,0,1
"E00014007",0,0,0
"E00014008",1,1,0
"E00014009",8,5,3
"E00014010",3,1,2
"E00014011",1,0,1
"E00014012",0,0,0
"E00014013",2,1,1
"E00014014",1,0,1
"E00014015",0,0,0
"E00014016",0,0,0
"E00014017",2,1,1
"E00014018",3,3,0
"E00014019",1,1,0
"E00014020",4,2,2
"E00014021",3,1,2
"E00014022",3,1,2
"E00014023",2,1,1
"E00014024",2,1,1
"E00014025",0,0,0
"E00014026",0,0,0
"E00014027",2,1,1
"E00014028",0,0,0
"E00014029",4,3,1
"E00014030",1,0,1
"E00014031",3,1,2
"E00014032",2,1,1
"E00014033",1,0,1
"E00014034",0,0,0
"E00014035",0,0,0
"E00014036",4,3,1
"E00014037",2,0,2
"E00014038",0,0,0
"E00014039",1,1,0
"E00014040",2,1,1
"E00014041",2,2,0
"E00014043",2,2,0
"E00014044",13,4,9
"E00014045",15,7,8
"E00014046",6,4,2
"E00014047",6,5,1
"E00014048",5,2,3
"E00014049",4,3,1
"E00014050",2,0,2
"E00014051",2,0,2
"E00014052",2,2,0
"E00014053",0,0,0
"E00014054",2,0,2
"E00014055",10,6,4
"E00014056",3,3,0
"E00014057",4,4,0
"E00014058",2,1,1
"E00014059",0,0,0
"E00014060",1,0,1
"E00014061",10,4,6
"E00014062",5,4,1
"E00014063",0,0,0
"E00014064",14,5,9
"E00014065",0,0,0
"E00014066",11,5,6
"E00014067",9,6,3
"E00014068",14,8,6
"E00014069",2,1,1
"E00014070",8,3,5
"E00014071",6,4,2
"E00014072",20,12,8
"E00014073",4,0,4
"E00014074",3,1,2
"E00014075",1,1,0
"E00014076",12,5,7
"E00014077",2,2,0
"E00014078",6,2,4
"E00014079",0,0,0
"E00014080",4,2,2
"E00014081",6,5,1
"E00014082",4,2,2
"E00014083",4,0,4
"E00014084",2,0,2
"E00014085",4,2,2
"E00014086",3,2,1
"E00014087",5,3,2
"E00014088",6,2,4
"E00014089",3,1,2
"E00014090",4,3,1
"E00014091",4,2,2
"E00014092",2,1,1
"E00014093",3,0,3
"E00014094",14,7,7
"E00014095",0,0,0
"E00014096",2,0,2
"E00014097",2,0,2
"E00014098",7,0,7
"E00014099",7,3,4
"E00014100",13,5,8
"E00014101",0,0,0
"E00014102",5,1,4
"E00014103",6,1,5
"E00014104",2,0,2
"E00014105",13,4,9
"E00014107",6,5,1
"E00014108",19,6,13
"E00014109",1,1,0
"E00014110",6,2,4
"E00014111",3,1,2
"E00014112",6,2,4
"E00014113",1,0,1
"E00014115",2,1,1
"E00014116",3,2,1
"E00014117",16,7,9
"E00014118",3,1,2
"E00014119",19,8,11
"E00014120",4,2,2
"E00014121",7,4,3
"E00014122",2,0,2
"E00014123",3,2,1
"E00014124",10,4,6
"E00014125",10,2,8
"E00014126",6,1,5
"E00014127",5,3,2
"E00014128",5,2,3
"E00014129",6,3,3
"E00014130",9,3,6
"E00014131",0,0,0
"E00014132",8,4,4
"E00014133",2,1,1
"E00014134",1,1,0
"E00014135",14,7,7
"E00014136",2,2,0
"E00014137",3,2,1
"E00014138",17,9,8
"E00014139",0,0,0
"E00014140",2,0,2
"E00014141",2,0,2
"E00014142",0,0,0
"E00014143",3,0,3
"E00014144",7,5,2
"E00014145",7,5,2
"E00014146",3,0,3
"E00014147",11,6,5
"E00014148",0,0,0
"E00014149",0,0,0
"E00014150",1,0,1
"E00014151",2,1,1
"E00014152",1,0,1
"E00014153",2,1,1
"E00014154",5,2,3
"E00014155",0,0,0
"E00014156",2,1,1
"E00014157",1,0,1
"E00014158",0,0,0
"E00014159",3,2,1
"E00014160",6,3,3
"E00014161",5,4,1
"E00014162",4,1,3
"E00014163",7,5,2
"E00014164",0,0,0
"E00014165",3,0,3
"E00014166",3,0,3
"E00014167",0,0,0
"E00014168",6,2,4
"E00014169",3,1,2
"E00014170",4,2,2
"E00014171",4,2,2
"E00014172",3,1,2
"E00014173",3,3,0
"E00014174",5,4,1
"E00014175",5,1,4
"E00014176",4,2,2
"E00014177",6,4,2
"E00014178",0,0,0
"E00014179",4,2,2
"E00014180",1,1,0
"E00014181",0,0,0
"E00014182",5,4,1
"E00014183",1,1,0
"E00014184",0,0,0
"E00014185",0,0,0
"E00014186",1,1,0
"E00014187",10,3,7
"E00014188",3,3,0
"E00014189",4,2,2
"E00014190",5,2,3
"E00014191",9,6,3
"E00014192",0,0,0
"E00014193",15,9,6
"E00014194",2,1,1
"E00014195",2,2,0
"E00014196",0,0,0
"E00014197",0,0,0
"E00014198",1,0,1
"E00014199",0,0,0
"E00014200",0,0,0
"E00014201",2,2,0
"E00014202",6,1,5
"E00014203",0,0,0
"E00014204",10,8,2
"E00014205",9,5,4
"E00014206",0,0,0
"E00014207",5,5,0
"E00014208",1,0,1
"E00014209",5,5,0
"E00014210",1,0,1
"E00014211",6,2,4
"E00014212",0,0,0
"E00014213",3,2,1
"E00014214",15,10,5
"E00014215",10,4,6
"E00014217",3,2,1
"E00014218",2,0,2
"E00014219",1,1,0
"E00014220",0,0,0
"E00014221",7,5,2
"E00014222",5,1,4
"E00014223",10,3,7
"E00014224",6,2,4
"E00014225",3,2,1
"E00014226",4,2,2
"E00014227",4,2,2
"E00014228",2,2,0
"E00014229",2,1,1
"E00014230",0,0,0
"E00014231",7,2,5
"E00014232",4,1,3
"E00014233",2,2,0
"E00014234",12,5,7
"E00014235",5,4,1
"E00014236",0,0,0
"E00014237",3,0,3
"E00014238",3,2,1
"E00014239",3,1,2
"E00014240",5,3,2
"E00014241",0,0,0
"E00014242",3,2,1
"E00014243",1,0,1
"E00014244",0,0,0
"E00014246",0,0,0
"E00014247",3,3,0
"E00014248",1,1,0
"E00014249",3,1,2
"E00014250",6,2,4
"E00014251",0,0,0
"E00014252",9,4,5
"E00014254",2,1,1
"E00014255",6,4,2
"E00014256",1,1,0
"E00014257",0,0,0
"E00014258",0,0,0
"E00014259",2,1,1
"E00014260",0,0,0
"E00014261",3,2,1
"E00014262",2,1,1
"E00014263",3,2,1
"E00014264",0,0,0
"E00014265",2,2,0
"E00014266",3,2,1
"E00014267",2,2,0
"E00014268",11,1,10
"E00014269",2,1,1
"E00014270",2,1,1
"E00014271",1,1,0
"E00014272",0,0,0
"E00014273",5,4,1
"E00014274",2,2,0
"E00014275",11,3,8
"E00014276",0,0,0
"E00014277",1,1,0
"E00014278",3,3,0
"E00014279",3,1,2
"E00014280",1,0,1
"E00014281",4,0,4
"E00014282",3,3,0
"E00014283",4,3,1
"E00014284",0,0,0
"E00014285",2,1,1
"E00014286",4,2,2
"E00014287",0,0,0
"E00014288",17,0,17
"E00014289",1,0,1
"E00014290",1,1,0
"E00014291",3,3,0
"E00014292",7,3,4
"E00014293",0,0,0
"E00014294",0,0,0
"E00014295",0,0,0
"E00014296",2,2,0
"E00014297",0,0,0
"E00014298",1,0,1
"E00014299",7,2,5
"E00014300",6,3,3
"E00014301",2,1,1
"E00014302",2,0,2
"E00014303",0,0,0
"E00014304",2,1,1
"E00014305",6,5,1
"E00014307",5,3,2
"E00014308",4,3,1
"E00014309",5,1,4
"E00014310",2,1,1
"E00014311",4,3,1
"E00014312",1,1,0
"E00014313",2,0,2
"E00014314",0,0,0
"E00014315",4,2,2
"E00014316",3,1,2
"E00014317",10,4,6
"E00014318",0,0,0
"E00014319",0,0,0
"E00014320",5,0,5
"E00014321",0,0,0
"E00014322",0,0,0
"E00014323",4,1,3
"E00014324",3,0,3
"E00014325",3,2,1
"E00014326",0,0,0
"E00014327",0,0,0
"E00014328",2,0,2
"E00014329",3,1,2
"E00014330",11,4,7
"E00014331",0,0,0
"E00014332",4,4,0
"E00014334",2,0,2
"E00014335",7,4,3
"E00014336",10,6,4
"E00014337",0,0,0
"E00014338",14,12,2
"E00014339",0,0,0
"E00014341",6,1,5
"E00014342",3,2,1
"E00014344",9,3,6
"E00014345",3,0,3
"E00014346",0,0,0
"E00014347",6,4,2
"E00014348",7,4,3
"E00014349",8,6,2
"E00014350",0,0,0
"E00014351",7,5,2
"E00014352",3,2,1
"E00014353",7,3,4
"E00014354",7,2,5
"E00014355",0,0,0
"E00014356",5,3,2
"E00014357",7,1,6
"E00014358",5,3,2
"E00014359",2,2,0
"E00014360",4,2,2
"E00014361",2,1,1
"E00014362",9,8,1
"E00014363",6,3,3
"E00014364",6,1,5
"E00014365",9,6,3
"E00014366",14,8,6
"E00014367",10,4,6
"E00014368",19,8,11
"E00014370",6,4,2
"E00014371",4,2,2
"E00014372",5,4,1
"E00014373",1,1,0
"E00014374",23,10,13
"E00014375",9,5,4
"E00014376",3,1,2
"E00014377",7,3,4
"E00014378",8,5,3
"E00014379",28,14,14
"E00014380",6,5,1
"E00014381",1,0,1
"E00014382",16,10,6
"E00014383",6,2,4
"E00014384",9,5,4
"E00014385",9,7,2
"E00014386",4,2,2
"E00014387",17,10,7
"E00014388",4,2,2
"E00014389",6,5,1
"E00014390",9,5,4
"E00014391",10,8,2
"E00014392",6,4,2
"E00014393",15,7,8
"E00014394",6,3,3
"E00014395",0,0,0
"E00014396",9,5,4
"E00014397",11,2,9
"E00014398",2,2,0
"E00014399",3,2,1
"E00014400",7,4,3
"E00014401",0,0,0
"E00014402",4,4,0
"E00014403",5,3,2
"E00014404",1,1,0
"E00014405",0,0,0
"E00014406",2,1,1
"E00014407",2,2,0
"E00014408",6,4,2
"E00014409",14,6,8
"E00014410",9,5,4
"E00014411",5,4,1
"E00014412",3,2,1
"E00014413",0,0,0
"E00014414",4,3,1
"E00014415",0,0,0
"E00014416",25,12,13
"E00014417",29,14,15
"E00014418",3,1,2
"E00014419",3,1,2
"E00014420",12,6,6
"E00014421",10,7,3
"E00014422",3,1,2
"E00014423",4,3,1
"E00014424",5,3,2
"E00014425",0,0,0
"E00014426",11,7,4
"E00014427",7,5,2
"E00014428",18,6,12
"E00014429",10,6,4
"E00014430",5,1,4
"E00014431",0,0,0
"E00014432",3,2,1
"E00014433",5,3,2
"E00014434",28,16,12
"E00014435",9,5,4
"E00014436",11,7,4
"E00014437",6,4,2
"E00014438",0,0,0
"E00014439",3,2,1
"E00014440",0,0,0
"E00014441",8,5,3
"E00014442",4,2,2
"E00014443",4,3,1
"E00014444",3,0,3
"E00014445",0,0,0
"E00014446",6,3,3
"E00014447",7,4,3
"E00014448",7,4,3
"E00014449",7,5,2
"E00014450",1,0,1
"E00014451",3,1,2
"E00014452",13,4,9
"E00014453",1,0,1
"E00014454",2,1,1
"E00014455",9,3,6
"E00014456",7,4,3
"E00014457",2,1,1
"E00014458",6,2,4
"E00014459",2,1,1
"E00014460",6,3,3
"E00014461",0,0,0
"E00014462",7,4,3
"E00014463",3,1,2
"E00014464",4,2,2
"E00014465",2,2,0
"E00014466",3,1,2
"E00014467",5,4,1
"E00014468",0,0,0
"E00014469",2,1,1
"E00014470",3,1,2
"E00014471",10,6,4
"E00014473",8,5,3
"E00014474",3,2,1
"E00014475",1,0,1
"E00014476",0,0,0
"E00014477",13,7,6
"E00014478",3,2,1
"E00014479",0,0,0
"E00014480",3,1,2
"E00014481",6,3,3
"E00014482",6,3,3
"E00014483",0,0,0
"E00014484",5,2,3
"E00014485",11,6,5
"E00014486",3,1,2
"E00014487",11,5,6
"E00014488",7,3,4
"E00014489",0,0,0
"E00014490",0,0,0
"E00014491",9,3,6
"E00014492",3,1,2
"E00014493",1,0,1
"E00014494",8,6,2
"E00014495",6,5,1
"E00014496",5,1,4
"E00014497",2,0,2
"E00014498",6,4,2
"E00014499",3,2,1
"E00014500",3,2,1
"E00014501",2,1,1
"E00014502",3,2,1
"E00014505",1,1,0
"E00014506",4,1,3
"E00014507",9,6,3
"E00014508",4,0,4
"E00014509",3,3,0
"E00014510",3,1,2
"E00014511",0,0,0
"E00014512",5,2,3
"E00014513",0,0,0
"E00014514",9,3,6
"E00014515",5,3,2
"E00014516",3,2,1
"E00014517",5,2,3
"E00014518",3,3,0
"E00014519",4,3,1
"E00014520",21,7,14
"E00014521",8,5,3
"E00014522",8,2,6
"E00014523",12,7,5
"E00014524",8,5,3
"E00014525",2,0,2
"E00014526",5,2,3
"E00014527",4,3,1
"E00014528",7,3,4
"E00014529",4,2,2
"E00014530",0,0,0
"E00014531",4,2,2
"E00014532",15,6,9
"E00014533",6,6,0
"E00014534",5,1,4
"E00014535",2,1,1
"E00014536",9,6,3
"E00014537",10,5,5
"E00014538",19,8,11
"E00014539",6,4,2
"E00014540",2,2,0
"E00014541",3,2,1
"E00014542",7,4,3
"E00014543",3,1,2
"E00014544",3,2,1
"E00014545",1,1,0
"E00014546",8,5,3
"E00014547",7,4,3
"E00014548",0,0,0
"E00014549",2,2,0
"E00014550",12,8,4
"E00014551",3,1,2
"E00014552",26,16,10
"E00014553",5,3,2
"E00014554",3,1,2
"E00014555",0,0,0
"E00014556",1,0,1
"E00014557",4,2,2
"E00014558",9,6,3
"E00014559",2,2,0
"E00014560",6,4,2
"E00014561",3,0,3
"E00014562",1,1,0
"E00014563",10,7,3
"E00014564",1,1,0
"E00014565",6,3,3
"E00014566",15,9,6
"E00014567",3,2,1
"E00014568",0,0,0
"E00014569",2,0,2
"E00014570",4,3,1
"E00014571",2,1,1
"E00014572",1,1,0
"E00014573",1,1,0
"E00014574",5,3,2
"E00014575",3,0,3
"E00014576",4,2,2
"E00014577",4,1,3
"E00014578",16,8,8
"E00014579",8,2,6
"E00014580",1,0,1
"E00014581",6,1,5
"E00014582",4,3,1
"E00014583",4,2,2
"E00014584",7,3,4
"E00014585",1,1,0
"E00014586",1,0,1
"E00014587",4,1,3
"E00014588",0,0,0
"E00014589",9,4,5
"E00014590",19,7,12
"E00014591",8,5,3
"E00014592",11,5,6
"E00014593",17,7,10
"E00014594",6,3,3
"E00014595",6,3,3
"E00014596",5,3,2
"E00014597",5,2,3
"E00014598",23,11,12
"E00014599",10,5,5
"E00014600",13,4,9
"E00014601",12,9,3
"E00014602",3,1,2
"E00014603",12,5,7
"E00014604",3,1,2
"E00014605",9,4,5
"E00014606",1,1,0
"E00014607",14,6,8
"E00014609",9,4,5
"E00014611",13,4,9
"E00014612",7,3,4
"E00014613",3,2,1
"E00014614",3,2,1
"E00014615",0,0,0
"E00014616",0,0,0
"E00014617",3,2,1
"E00014618",3,1,2
"E00014619",1,0,1
"E00014620",6,1,5
"E00014621",3,2,1
"E00014622",5,3,2
"E00014623",4,1,3
"E00014624",3,1,2
"E00014625",1,0,1
"E00014626",1,0,1
"E00014627",3,3,0
"E00014628",1,1,0
"E00014629",0,0,0
"E00014630",2,1,1
"E00014631",2,2,0
"E00014632",2,2,0
"E00014633",1,0,1
"E00014634",2,2,0
"E00014635",5,1,4
"E00014636",4,2,2
"E00014637",8,4,4
"E00014638",1,1,0
"E00014639",10,4,6
"E00014640",5,1,4
"E00014641",3,0,3
"E00014642",5,4,1
"E00014643",2,0,2
"E00014644",4,1,3
"E00014645",6,5,1
"E00014646",3,3,0
"E00014647",3,2,1
"E00014648",12,5,7
"E00014649",7,5,2
"E00014650",0,0,0
"E00014651",1,0,1
"E00014652",17,5,12
"E00014653",0,0,0
"E00014654",0,0,0
"E00014655",1,1,0
"E00014656",3,1,2
"E00014657",4,0,4
"E00014658",19,14,5
"E00014659",4,0,4
"E00014660",24,7,17
"E00014661",5,1,4
"E00014662",4,0,4
"E00014663",0,0,0
"E00014664",8,5,3
"E00014665",2,2,0
"E00014666",6,4,2
"E00014667",2,2,0
"E00014668",20,8,12
"E00014669",9,3,6
"E00014670",3,2,1
"E00014671",3,2,1
"E00014672",2,1,1
"E00014673",11,2,9
"E00014675",4,1,3
"E00014676",5,4,1
"E00014677",13,4,9
"E00014678",7,4,3
"E00014679",17,9,8
"E00014680",4,0,4
"E00014681",9,3,6
"E00014682",3,1,2
"E00014683",3,1,2
"E00014684",5,3,2
"E00014685",3,0,3
"E00014686",7,3,4
"E00014687",9,5,4
"E00014688",6,4,2
"E00014689",6,4,2
"E00014690",5,1,4
"E00014691",4,2,2
"E00014692",4,1,3
"E00014693",5,3,2
"E00014694",9,5,4
"E00014695",7,4,3
"E00014696",1,1,0
"E00014697",10,5,5
"E00014698",5,3,2
"E00014699",9,4,5
"E00014700",4,2,2
"E00014701",5,3,2
"E00014702",5,3,2
"E00014703",7,6,1
"E00014704",0,0,0
"E00014705",2,0,2
"E00014706",2,1,1
"E00014707",1,0,1
"E00014708",5,2,3
"E00014709",1,0,1
"E00014710",1,0,1
"E00014711",0,0,0
"E00014712",1,1,0
"E00014713",6,2,4
"E00014714",0,0,0
"E00014715",1,1,0
"E00014716",4,2,2
"E00014717",3,1,2
"E00014718",3,2,1
"E00014719",4,0,4
"E00014720",12,9,3
"E00014721",2,2,0
"E00014722",8,2,6
"E00014723",6,5,1
"E00014724",0,0,0
"E00014725",0,0,0
"E00014726",4,1,3
"E00014727",4,2,2
"E00014728",0,0,0
"E00014729",5,3,2
"E00014730",5,2,3
"E00014731",1,0,1
"E00014732",8,4,4
"E00014733",2,2,0
"E00014734",7,1,6
"E00014735",0,0,0
"E00014736",13,7,6
"E00014737",1,1,0
"E00014738",3,1,2
"E00014739",7,5,2
"E00014740",7,5,2
"E00014741",3,2,1
"E00014742",5,2,3
"E00014743",3,3,0
"E00014744",5,3,2
"E00014745",2,1,1
"E00014746",8,4,4
"E00014747",12,7,5
"E00014748",5,1,4
"E00014749",1,0,1
"E00014750",2,1,1
"E00014751",12,7,5
"E00014752",11,6,5
"E00014753",15,6,9
"E00014754",11,8,3
"E00014755",8,5,3
"E00014756",11,6,5
"E00014757",7,3,4
"E00014758",10,5,5
"E00014759",6,3,3
"E00014760",13,7,6
"E00014761",3,1,2
"E00014762",4,3,1
"E00014763",4,4,0
"E00014764",10,7,3
"E00014765",3,1,2
"E00014766",0,0,0
"E00014767",5,4,1
"E00014768",3,0,3
"E00014769",6,5,1
"E00014770",5,4,1
"E00014771",12,7,5
"E00014772",5,1,4
"E00014773",4,3,1
"E00014774",4,2,2
"E00014775",7,2,5
"E00014776",4,3,1
"E00014777",0,0,0
"E00014778",5,4,1
"E00014779",3,2,1
"E00014780",3,2,1
"E00014781",20,7,13
"E00014782",6,4,2
"E00014783",9,1,8
"E00014784",9,5,4
"E00014785",3,0,3
"E00014786",7,1,6
"E00014787",5,2,3
"E00014788",4,1,3
"E00014789",4,3,1
"E00014790",6,1,5
"E00014791",0,0,0
"E00014792",16,7,9
"E00014794",5,2,3
"E00014795",4,2,2
"E00014796",2,1,1
"E00014797",5,3,2
"E00014798",11,9,2
"E00014799",8,5,3
"E00014800",0,0,0
"E00014801",7,4,3
"E00014802",7,6,1
"E00014803",1,1,0
"E00014804",6,2,4
"E00014805",2,1,1
"E00014806",1,1,0
"E00014807",1,0,1
"E00014808",3,1,2
"E00014809",3,1,2
"E00014810",6,4,2
"E00014811",15,9,6
"E00014812",7,7,0
"E00014813",4,2,2
"E00014814",6,3,3
"E00014815",4,1,3
"E00014816",7,6,1
"E00014817",4,4,0
"E00014818",7,3,4
"E00014819",2,0,2
"E00014820",6,4,2
"E00014821",4,2,2
"E00014822",2,2,0
"E00014823",4,1,3
"E00014824",4,3,1
"E00014825",0,0,0
"E00014826",6,5,1
"E00014827",2,0,2
"E00014828",5,3,2
"E00014829",2,1,1
"E00014830",4,0,4
"E00014831",6,5,1
"E00014832",0,0,0
"E00014833",6,2,4
"E00014834",4,4,0
"E00014835",4,4,0
"E00014836",6,4,2
"E00014837",9,4,5
"E00014838",2,1,1
"E00014839",5,4,1
"E00014840",4,1,3
"E00014841",4,3,1
"E00014842",11,4,7
"E00014843",2,0,2
"E00014844",2,2,0
"E00014845",6,3,3
"E00014846",2,1,1
"E00014847",6,4,2
"E00014848",2,1,1
"E00014849",1,0,1
"E00014850",3,1,2
"E00014851",0,0,0
"E00014852",3,2,1
"E00014853",1,1,0
"E00014854",3,2,1
"E00014855",7,1,6
"E00014856",3,2,1
"E00014857",6,1,5
"E00014858",2,2,0
"E00014859",12,7,5
"E00014860",0,0,0
"E00014861",44,31,13
"E00014862",9,5,4
"E00014863",13,9,4
"E00014865",8,4,4
"E00014866",8,2,6
"E00014867",4,4,0
"E00014868",6,4,2
"E00014869",11,5,6
"E00014870",14,6,8
"E00014871",8,4,4
"E00014872",0,0,0
"E00014873",0,0,0
"E00014874",13,7,6
"E00014875",1,0,1
"E00014876",8,5,3
"E00014877",22,9,13
"E00014878",10,5,5
"E00014879",10,4,6
"E00014880",1,0,1
"E00014881",16,9,7
"E00014882",13,6,7
"E00014883",5,3,2
"E00014884",9,4,5
"E00014885",4,3,1
"E00014886",3,2,1
"E00014887",10,4,6
"E00014888",19,8,11
"E00014889",6,5,1
"E00014890",3,2,1
"E00014891",7,4,3
"E00014892",4,0,4
"E00014893",8,7,1
"E00014894",9,4,5
"E00014895",11,6,5
"E00014896",2,2,0
"E00014897",0,0,0
"E00014898",3,1,2
"E00014899",1,1,0
"E00014900",10,3,7
"E00014901",26,12,14
"E00014902",10,7,3
"E00014903",19,9,10
"E00014904",13,4,9
"E00014905",6,3,3
"E00014906",3,1,2
"E00014907",11,8,3
"E00014908",9,4,5
"E00014909",8,1,7
"E00014910",15,7,8
"E00014911",8,7,1
"E00014912",9,6,3
"E00014913",13,5,8
"E00014914",10,3,7
"E00014915",0,0,0
"E00014916",2,2,0
"E00014917",7,4,3
"E00014918",3,1,2
"E00014919",6,3,3
"E00014920",3,2,1
"E00014921",0,0,0
"E00014922",0,0,0
"E00014923",2,0,2
"E00014924",6,4,2
"E00014926",18,8,10
"E00014927",1,1,0
"E00014928",1,1,0
"E00014929",7,5,2
"E00014930",3,1,2
"E00014931",5,3,2
"E00014932",6,1,5
"E00014933",8,3,5
"E00014934",8,3,5
"E00014935",2,0,2
"E00014936",7,4,3
"E00014937",7,5,2
"E00014938",7,5,2
"E00014939",3,1,2
"E00014940",3,1,2
"E00014941",4,2,2
"E00014942",4,2,2
"E00014943",2,0,2
"E00014944",2,0,2
"E00014945",0,0,0
"E00014946",0,0,0
"E00014947",2,1,1
"E00014948",3,1,2
"E00014949",3,0,3
"E00014950",4,2,2
"E00014951",1,0,1
"E00014952",1,0,1
"E00014953",4,3,1
"E00014954",10,3,7
"E00014955",0,0,0
"E00014956",5,2,3
"E00014957",0,0,0
"E00014958",5,2,3
"E00014959",12,9,3
"E00014960",4,4,0
"E00014961",10,3,7
"E00014962",2,1,1
"E00014963",7,3,4
"E00014964",2,0,2
"E00014965",5,5,0
"E00014966",0,0,0
"E00014967",2,1,1
"E00014968",0,0,0
"E00014969",2,1,1
"E00014970",4,3,1
"E00014971",1,1,0
"E00014972",4,4,0
"E00014973",7,5,2
"E00014974",3,1,2
"E00014975",1,1,0
"E00014976",1,0,1
"E00014977",5,5,0
"E00014978",5,3,2
"E00014979",2,1,1
"E00014980",5,2,3
"E00014981",9,6,3
"E00014982",0,0,0
"E00014983",9,4,5
"E00014984",6,3,3
"E00014985",2,0,2
"E00014986",7,3,4
"E00014987",9,5,4
"E00014988",3,1,2
"E00014989",7,4,3
"E00014990",2,1,1
"E00014991",12,4,8
"E00014992",10,6,4
"E00014993",10,8,2
"E00014994",4,3,1
"E00014995",11,9,2
"E00014996",0,0,0
"E00014997",4,2,2
"E00014998",0,0,0
"E00014999",2,0,2
"E00015000",0,0,0
"E00015001",4,3,1
"E00015002",5,2,3
"E00015003",14,8,6
"E00015004",6,4,2
"E00015005",5,3,2
"E00015006",2,0,2
"E00015007",6,4,2
"E00015008",5,2,3
"E00015009",2,1,1
"E00015010",2,0,2
"E00015011",4,2,2
"E00015012",6,4,2
"E00015013",15,9,6
"E00015014",9,4,5
"E00015015",6,3,3
"E00015016",7,4,3
"E00015017",9,5,4
"E00015018",9,7,2
"E00015019",0,0,0
"E00015020",5,1,4
"E00015021",1,0,1
"E00015022",4,0,4
"E00015023",11,3,8
"E00015024",3,2,1
"E00015025",7,4,3
"E00015026",6,2,4
"E00015027",4,2,2
"E00015028",12,9,3
"E00015029",15,7,8
"E00015030",10,6,4
"E00015031",5,2,3
"E00015032",2,2,0
"E00015033",12,6,6
"E00015034",11,7,4
"E00015035",0,0,0
"E00015036",3,1,2
"E00015037",4,2,2
"E00015038",5,1,4
"E00015039",3,1,2
"E00015041",3,2,1
"E00015042",2,1,1
"E00015043",4,2,2
"E00015044",10,7,3
"E00015045",13,7,6
"E00015046",1,1,0
"E00015047",3,1,2
"E00015048",2,2,0
"E00015049",4,2,2
"E00015050",4,1,3
"E00015051",3,0,3
"E00015052",1,1,0
"E00015053",0,0,0
"E00015054",6,1,5
"E00015055",0,0,0
"E00015056",0,0,0
"E00015057",0,0,0
"E00015058",3,0,3
"E00015059",1,1,0
"E00015060",2,1,1
"E00015061",3,1,2
"E00015062",2,1,1
"E00015063",0,0,0
"E00015065",0,0,0
"E00015066",1,0,1
"E00015067",3,1,2
"E00015068",4,2,2
"E00015069",16,12,4
"E00015070",9,4,5
"E00015071",4,2,2
"E00015072",0,0,0
"E00015073",6,4,2
"E00015074",0,0,0
"E00015075",6,4,2
"E00015076",1,1,0
"E00015077",0,0,0
"E00015078",0,0,0
"E00015079",0,0,0
"E00015080",7,4,3
"E00015081",12,6,6
"E00015082",0,0,0
"E00015083",18,9,9
"E00015084",4,2,2
"E00015085",8,5,3
"E00015086",9,3,6
"E00015087",4,2,2
"E00015088",11,9,2
"E00015089",1,1,0
"E00015090",1,0,1
"E00015091",11,6,5
"E00015092",2,1,1
"E00015093",1,1,0
"E00015094",5,2,3
"E00015095",5,2,3
"E00015096",4,2,2
"E00015097",1,1,0
"E00015098",5,2,3
"E00015099",0,0,0
"E00015100",2,0,2
"E00015101",0,0,0
"E00015102",2,1,1
"E00015103",2,0,2
"E00015104",1,0,1
"E00015105",1,0,1
"E00015106",0,0,0
"E00015107",0,0,0
"E00015108",2,2,0
"E00015109",2,1,1
"E00015110",5,2,3
"E00015111",0,0,0
"E00015112",0,0,0
"E00015113",0,0,0
"E00015114",1,0,1
"E00015115",3,1,2
"E00015116",0,0,0
"E00015117",6,4,2
"E00015118",2,1,1
"E00015119",1,1,0
"E00015120",5,3,2
"E00015121",11,4,7
"E00015122",1,0,1
"E00015123",5,4,1
"E00015124",5,2,3
"E00015125",1,0,1
"E00015126",8,4,4
"E00015127",1,0,1
"E00015128",7,3,4
"E00015129",0,0,0
"E00015130",1,0,1
"E00015131",9,2,7
"E00015132",4,2,2
"E00015133",3,3,0
"E00015134",0,0,0
"E00015135",7,3,4
"E00015136",3,2,1
"E00015137",6,3,3
"E00015138",2,2,0
"E00015139",6,3,3
"E00015140",5,1,4
"E00015141",6,3,3
"E00015142",6,2,4
"E00015143",7,3,4
"E00015144",8,5,3
"E00015145",5,2,3
"E00015146",8,4,4
"E00015147",4,2,2
"E00015148",1,1,0
"E00015149",11,8,3
"E00015150",8,1,7
"E00015151",11,7,4
"E00015152",6,3,3
"E00015153",0,0,0
"E00015154",9,5,4
"E00015155",1,0,1
"E00015156",15,12,3
"E00015157",17,7,10
"E00015158",5,2,3
"E00015159",25,11,14
"E00015160",6,4,2
"E00015161",7,4,3
"E00015162",5,3,2
"E00015163",9,3,6
"E00015164",4,1,3
"E00015165",10,1,9
"E00015166",2,0,2
"E00015167",2,1,1
"E00015168",1,0,1
"E00015169",4,3,1
"E00015171",0,0,0
"E00015172",2,1,1
"E00015173",1,0,1
"E00015175",2,2,0
"E00015176",4,0,4
"E00015178",0,0,0
"E00015179",4,2,2
"E00015180",0,0,0
"E00015181",4,3,1
"E00015182",7,3,4
"E00015183",1,1,0
"E00015184",7,3,4
"E00015185",1,1,0
"E00015186",3,2,1
"E00015187",3,3,0
"E00015188",8,3,5
"E00015189",0,0,0
"E00015190",0,0,0
"E00015191",1,1,0
"E00015192",1,0,1
"E00015193",0,0,0
"E00015194",0,0,0
"E00015195",8,3,5
"E00015196",3,1,2
"E00015197",3,1,2
"E00015198",5,2,3
"E00015199",6,3,3
"E00015201",2,1,1
"E00015202",3,1,2
"E00015203",2,1,1
"E00015204",4,1,3
"E00015205",0,0,0
"E00015206",2,2,0
"E00015207",2,1,1
"E00015208",2,1,1
"E00015209",3,1,2
"E00015210",1,0,1
"E00015211",7,2,5
"E00015212",1,0,1
"E00015213",6,0,6
"E00015214",6,4,2
"E00015215",0,0,0
"E00015216",0,0,0
"E00015217",0,0,0
"E00015218",0,0,0
"E00015219",4,0,4
"E00015220",0,0,0
"E00015221",2,0,2
"E00015222",2,0,2
"E00015223",5,3,2
"E00015224",3,1,2
"E00015225",4,2,2
"E00015226",6,4,2
"E00015227",7,2,5
"E00015228",0,0,0
"E00015229",2,1,1
"E00015230",0,0,0
"E00015231",3,0,3
"E00015232",2,1,1
"E00015233",1,1,0
"E00015234",0,0,0
"E00015235",2,0,2
"E00015236",4,1,3
"E00015237",0,0,0
"E00015238",0,0,0
"E00015239",3,2,1
"E00015240",0,0,0
"E00015241",4,3,1
"E00015242",2,0,2
"E00015243",1,0,1
"E00015244",2,2,0
"E00015245",7,4,3
"E00015246",0,0,0
"E00015247",0,0,0
"E00015248",6,4,2
"E00015249",5,2,3
"E00015250",0,0,0
"E00015251",6,3,3
"E00015252",2,2,0
"E00015253",6,5,1
"E00015254",10,4,6
"E00015255",14,7,7
"E00015256",0,0,0
"E00015257",2,1,1
"E00015258",10,5,5
"E00015259",5,4,1
"E00015260",9,5,4
"E00015261",12,5,7
"E00015262",0,0,0
"E00015263",3,2,1
"E00015264",0,0,0
"E00015265",12,4,8
"E00015266",0,0,0
"E00015267",0,0,0
"E00015268",0,0,0
"E00015269",0,0,0
"E00015270",0,0,0
"E00015271",3,2,1
"E00015272",17,10,7
"E00015273",0,0,0
"E00015274",6,2,4
"E00015275",5,3,2
"E00015276",0,0,0
"E00015277",0,0,0
"E00015278",2,1,1
"E00015279",2,1,1
"E00015280",3,1,2
"E00015281",3,2,1
"E00015282",2,1,1
"E00015283",6,3,3
"E00015284",12,5,7
"E00015285",0,0,0
"E00015286",5,4,1
"E00015287",6,4,2
"E00015288",3,2,1
"E00015289",7,3,4
"E00015290",7,4,3
"E00015291",6,2,4
"E00015292",13,9,4
"E00015293",7,3,4
"E00015294",5,2,3
"E00015295",5,4,1
"E00015296",3,2,1
"E00015297",2,0,2
"E00015298",0,0,0
"E00015299",0,0,0
"E00015300",3,2,1
"E00015301",0,0,0
"E00015302",1,1,0
"E00015303",1,1,0
"E00015304",8,2,6
"E00015305",3,3,0
"E00015306",0,0,0
"E00015307",1,0,1
"E00015308",2,0,2
"E00015309",0,0,0
"E00015311",0,0,0
"E00015312",3,2,1
"E00015313",5,1,4
"E00015314",0,0,0
"E00015315",7,1,6
"E00015316",6,3,3
"E00015317",6,1,5
"E00015318",10,4,6
"E00015319",3,1,2
"E00015320",0,0,0
"E00015321",1,0,1
"E00015322",1,0,1
"E00015323",0,0,0
"E00015324",2,1,1
"E00015325",3,1,2
"E00015326",4,1,3
"E00015327",2,2,0
"E00015328",5,4,1
"E00015329",1,1,0
"E00015330",0,0,0
"E00015331",3,2,1
"E00015332",3,3,0
"E00015333",2,0,2
"E00015334",4,2,2
"E00015335",2,0,2
"E00015336",4,1,3
"E00015337",5,3,2
"E00015338",5,2,3
"E00015339",4,3,1
"E00015340",1,1,0
"E00015341",0,0,0
"E00015342",6,4,2
"E00015343",0,0,0
"E00015344",5,4,1
"E00015345",3,2,1
"E00015346",3,3,0
"E00015347",1,1,0
"E00015348",5,5,0
"E00015349",1,1,0
"E00015350",5,2,3
"E00015351",3,1,2
"E00015352",0,0,0
"E00015353",3,1,2
"E00015354",1,0,1
"E00015355",3,2,1
"E00015356",0,0,0
"E00015357",3,1,2
"E00015358",1,0,1
"E00015359",11,2,9
"E00015360",11,5,6
"E00015361",0,0,0
"E00015362",4,0,4
"E00015363",5,3,2
"E00015364",2,1,1
"E00015366",6,2,4
"E00015367",6,3,3
"E00015368",7,2,5
"E00015369",2,2,0
"E00015370",0,0,0
"E00015371",2,0,2
"E00015372",3,1,2
"E00015373",0,0,0
"E00015374",2,0,2
"E00015375",6,2,4
"E00015376",5,3,2
"E00015377",6,3,3
"E00015378",4,3,1
"E00015379",0,0,0
"E00015380",4,3,1
"E00015381",8,4,4
"E00015382",0,0,0
"E00015383",1,0,1
"E00015384",1,0,1
"E00015385",1,0,1
"E00015386",4,2,2
"E00015387",0,0,0
"E00015388",0,0,0
"E00015389",1,1,0
"E00015390",2,1,1
"E00015391",1,0,1
"E00015392",1,1,0
"E00015393",6,3,3
"E00015394",1,1,0
"E00015395",6,3,3
"E00015396",5,3,2
"E00015397",0,0,0
"E00015398",4,1,3
"E00015399",0,0,0
"E00015400",1,1,0
"E00015401",7,2,5
"E00015402",4,2,2
"E00015403",1,0,1
"E00015404",4,2,2
"E00015405",13,8,5
"E00015406",3,0,3
"E00015407",8,3,5
"E00015408",0,0,0
"E00015409",5,2,3
"E00015410",0,0,0
"E00015411",2,1,1
"E00015412",5,1,4
"E00015413",0,0,0
"E00015414",2,0,2
"E00015415",3,1,2
"E00015416",4,2,2
"E00015417",4,1,3
"E00015418",0,0,0
"E00015419",0,0,0
"E00015420",0,0,0
"E00015421",7,4,3
"E00015422",5,1,4
"E00015423",0,0,0
"E00015424",1,1,0
"E00015425",0,0,0
"E00015426",0,0,0
"E00015427",1,1,0
"E00015428",5,3,2
"E00015429",1,0,1
"E00015430",2,0,2
"E00015431",2,1,1
"E00015432",0,0,0
"E00015433",0,0,0
"E00015434",2,0,2
"E00015435",3,1,2
"E00015436",6,1,5
"E00015437",0,0,0
"E00015438",0,0,0
"E00015439",2,1,1
"E00015440",0,0,0
"E00015441",4,2,2
"E00015442",3,0,3
"E00015443",4,2,2
"E00015444",3,0,3
"E00015445",8,3,5
"E00015446",2,1,1
"E00015447",1,0,1
"E00015448",5,1,4
"E00015449",1,0,1
"E00015450",0,0,0
"E00015451",6,3,3
"E00015452",6,3,3
"E00015453",6,3,3
"E00015454",7,2,5
"E00015455",3,2,1
"E00015456",4,1,3
"E00015457",4,4,0
"E00015458",1,0,1
"E00015459",2,1,1
"E00015460",5,3,2
"E00015461",4,1,3
"E00015462",3,1,2
"E00015463",6,4,2
"E00015464",1,0,1
"E00015465",0,0,0
"E00015466",1,0,1
"E00015467",0,0,0
"E00015468",5,3,2
"E00015469",1,1,0
"E00015470",3,2,1
"E00015471",3,2,1
"E00015472",2,1,1
"E00015473",6,4,2
"E00015474",1,0,1
"E00015475",2,1,1
"E00015476",13,10,3
"E00015477",1,1,0
"E00015478",3,1,2
"E00015479",6,3,3
"E00015480",0,0,0
"E00015481",4,1,3
"E00015482",3,1,2
"E00015483",2,1,1
"E00015484",3,1,2
"E00015485",3,1,2
"E00015486",4,2,2
"E00015487",2,1,1
"E00015488",4,3,1
"E00015489",22,16,6
"E00015490",6,2,4
"E00015491",3,3,0
"E00015492",0,0,0
"E00015493",4,3,1
"E00015494",0,0,0
"E00015495",5,2,3
"E00015496",1,0,1
"E00015497",2,1,1
"E00015498",4,0,4
"E00015499",2,2,0
"E00015500",10,6,4
"E00015501",2,2,0
"E00015502",2,1,1
"E00015503",0,0,0
"E00015504",1,1,0
"E00015505",2,2,0
"E00015506",2,0,2
"E00015507",7,3,4
"E00015508",1,1,0
"E00015509",9,5,4
"E00015510",3,2,1
"E00015511",11,6,5
"E00015512",4,2,2
"E00015513",2,2,0
"E00015514",3,1,2
"E00015515",6,4,2
"E00015516",1,1,0
"E00015517",1,1,0
"E00015518",3,1,2
"E00015519",7,6,1
"E00015520",1,0,1
"E00015522",18,5,13
"E00015523",3,1,2
"E00015524",0,0,0
"E00015525",3,3,0
"E00015526",6,5,1
"E00015527",5,4,1
"E00015528",7,5,2
"E00015529",4,2,2
"E00015530",11,6,5
"E00015531",0,0,0
"E00015532",1,0,1
"E00015533",0,0,0
"E00015534",3,1,2
"E00015535",5,4,1
"E00015536",4,3,1
"E00015537",0,0,0
"E00015538",5,3,2
"E00015539",2,0,2
"E00015540",7,2,5
"E00015541",2,0,2
"E00015542",3,1,2
"E00015543",0,0,0
"E00015544",5,3,2
"E00015545",2,1,1
"E00015546",0,0,0
"E00015547",0,0,0
"E00015548",0,0,0
"E00015549",7,4,3
"E00015550",1,1,0
"E00015551",3,0,3
"E00015552",6,4,2
"E00015553",5,1,4
"E00015554",2,1,1
"E00015555",0,0,0
"E00015556",0,0,0
"E00015557",8,5,3
"E00015558",7,4,3
"E00015559",7,1,6
"E00015560",8,4,4
"E00015561",6,3,3
"E00015562",4,4,0
"E00015563",1,1,0
"E00015564",5,3,2
"E00015565",4,2,2
"E00015566",1,1,0
"E00015567",1,1,0
"E00015568",3,0,3
"E00015569",5,3,2
"E00015570",1,1,0
"E00015571",3,3,0
"E00015572",0,0,0
"E00015573",5,3,2
"E00015574",0,0,0
"E00015575",0,0,0
"E00015576",0,0,0
"E00015577",3,1,2
"E00015578",4,2,2
"E00015579",2,0,2
"E00015580",4,2,2
"E00015581",3,2,1
"E00015582",2,1,1
"E00015583",3,2,1
"E00015584",5,3,2
"E00015585",6,4,2
"E00015586",6,4,2
"E00015587",0,0,0
"E00015588",4,3,1
"E00015589",7,3,4
"E00015590",2,1,1
"E00015591",4,2,2
"E00015592",2,1,1
"E00015593",3,3,0
"E00015594",8,4,4
"E00015595",2,1,1
"E00015596",1,1,0
"E00015597",4,2,2
"E00015598",7,4,3
"E00015600",4,2,2
"E00015601",3,1,2
"E00015602",10,3,7
"E00015603",4,1,3
"E00015604",9,3,6
"E00015605",0,0,0
"E00015606",2,0,2
"E00015607",5,2,3
"E00015608",10,5,5
"E00015609",1,0,1
"E00015611",1,1,0
"E00015612",3,1,2
"E00015613",3,0,3
"E00015614",2,1,1
"E00015615",0,0,0
"E00015616",2,2,0
"E00015617",1,0,1
"E00015618",4,3,1
"E00015619",0,0,0
"E00015620",9,5,4
"E00015621",0,0,0
"E00015622",4,1,3
"E00015623",4,1,3
"E00015624",3,1,2
"E00015625",4,1,3
"E00015627",5,4,1
"E00015628",2,2,0
"E00015629",5,4,1
"E00015630",0,0,0
"E00015631",4,4,0
"E00015632",2,1,1
"E00015633",1,0,1
"E00015634",11,5,6
"E00015635",3,1,2
"E00015636",2,1,1
"E00015637",2,1,1
"E00015638",0,0,0
"E00015639",1,1,0
"E00015640",0,0,0
"E00015641",5,4,1
"E00015642",0,0,0
"E00015643",7,3,4
"E00015644",1,1,0
"E00015645",0,0,0
"E00015646",0,0,0
"E00015647",0,0,0
"E00015648",2,2,0
"E00015649",5,1,4
"E00015650",7,5,2
"E00015651",3,1,2
"E00015652",0,0,0
"E00015653",0,0,0
"E00015654",2,1,1
"E00015655",3,2,1
"E00015656",0,0,0
"E00015657",2,1,1
"E00015658",0,0,0
"E00015659",0,0,0
"E00015660",3,1,2
"E00015661",1,1,0
"E00015662",3,2,1
"E00015663",2,1,1
"E00015664",2,2,0
"E00015665",1,1,0
"E00015667",2,2,0
"E00015668",2,1,1
"E00015669",7,4,3
"E00015670",3,2,1
"E00015671",5,3,2
"E00015672",2,1,1
"E00015673",0,0,0
"E00015674",4,1,3
"E00015675",1,0,1
"E00015676",6,3,3
"E00015677",3,2,1
"E00015678",3,3,0
"E00015679",3,0,3
"E00015680",0,0,0
"E00015681",0,0,0
"E00015682",0,0,0
"E00015683",1,0,1
"E00015684",2,1,1
"E00015686",3,3,0
"E00015687",2,1,1
"E00015688",1,1,0
"E00015689",6,2,4
"E00015690",2,1,1
"E00015691",1,0,1
"E00015692",3,2,1
"E00015693",7,5,2
"E00015694",2,0,2
"E00015695",3,0,3
"E00015696",7,4,3
"E00015697",6,3,3
"E00015698",0,0,0
"E00015699",9,5,4
"E00015700",5,1,4
"E00015701",5,4,1
"E00015702",8,3,5
"E00015703",7,4,3
"E00015704",0,0,0
"E00015706",1,1,0
"E00015707",0,0,0
"E00015708",3,0,3
"E00015709",3,1,2
"E00015710",1,1,0
"E00015711",0,0,0
"E00015712",5,2,3
"E00015713",3,1,2
"E00015714",3,3,0
"E00015715",1,1,0
"E00015716",2,2,0
"E00015717",1,0,1
"E00015718",1,1,0
"E00015719",2,0,2
"E00015720",3,1,2
"E00015721",7,5,2
"E00015722",4,2,2
"E00015723",3,2,1
"E00015724",1,1,0
"E00015725",1,1,0
"E00015726",4,2,2
"E00015727",0,0,0
"E00015728",0,0,0
"E00015729",2,1,1
"E00015730",3,1,2
"E00015731",7,2,5
"E00015732",9,3,6
"E00015733",0,0,0
"E00015734",16,9,7
"E00015735",3,2,1
"E00015736",0,0,0
"E00015737",2,1,1
"E00015738",5,4,1
"E00015739",1,1,0
"E00015740",1,0,1
"E00015741",2,1,1
"E00015742",10,3,7
"E00015743",9,4,5
"E00015744",4,1,3
"E00015745",6,3,3
"E00015746",2,1,1
"E00015747",7,3,4
"E00015748",1,1,0
"E00015749",1,0,1
"E00015750",0,0,0
"E00015751",1,0,1
"E00015752",0,0,0
"E00015753",7,3,4
"E00015754",8,7,1
"E00015755",8,5,3
"E00015756",4,1,3
"E00015757",8,4,4
"E00015758",3,1,2
"E00015759",0,0,0
"E00015760",0,0,0
"E00015761",7,3,4
"E00015763",0,0,0
"E00015764",5,2,3
"E00015765",0,0,0
"E00015766",12,6,6
"E00015767",3,1,2
"E00015768",6,5,1
"E00015769",3,1,2
"E00015770",10,3,7
"E00015771",0,0,0
"E00015772",1,0,1
"E00015773",2,2,0
"E00015774",2,1,1
"E00015775",16,9,7
"E00015776",4,2,2
"E00015777",4,2,2
"E00015778",8,3,5
"E00015779",4,2,2
"E00015780",5,0,5
"E00015781",5,3,2
"E00015782",4,4,0
"E00015783",0,0,0
"E00015784",2,2,0
"E00015785",3,1,2
"E00015786",6,3,3
"E00015787",0,0,0
"E00015788",4,1,3
"E00015789",1,0,1
"E00015790",5,1,4
"E00015791",2,2,0
"E00015792",8,4,4
"E00015793",0,0,0
"E00015794",6,5,1
"E00015795",2,2,0
"E00015796",4,0,4
"E00015797",0,0,0
"E00015798",10,6,4
"E00015799",0,0,0
"E00015800",6,3,3
"E00015801",1,0,1
"E00015802",3,2,1
"E00015803",3,3,0
"E00015804",5,3,2
"E00015805",0,0,0
"E00015806",3,2,1
"E00015807",0,0,0
"E00015808",4,1,3
"E00015809",2,1,1
"E00015810",4,2,2
"E00015811",4,2,2
"E00015812",9,5,4
"E00015813",0,0,0
"E00015814",6,5,1
"E00015815",3,3,0
"E00015816",7,4,3
"E00015817",3,1,2
"E00015818",9,5,4
"E00015819",8,5,3
"E00015820",0,0,0
"E00015821",6,4,2
"E00015822",1,1,0
"E00015823",3,0,3
"E00015824",2,2,0
"E00015825",0,0,0
"E00015826",3,2,1
"E00015827",2,1,1
"E00015828",2,0,2
"E00015829",4,3,1
"E00015830",0,0,0
"E00015831",4,2,2
"E00015832",0,0,0
"E00015833",0,0,0
"E00015834",0,0,0
"E00015835",9,5,4
"E00015836",0,0,0
"E00015837",0,0,0
"E00015838",0,0,0
"E00015839",4,3,1
"E00015840",11,6,5
"E00015841",4,0,4
"E00015842",5,2,3
"E00015843",20,11,9
"E00015844",4,3,1
"E00015845",2,1,1
"E00015846",2,1,1
"E00015847",8,5,3
"E00015848",9,4,5
"E00015849",7,5,2
"E00015850",6,5,1
"E00015851",7,2,5
"E00015852",3,1,2
"E00015853",3,3,0
"E00015854",2,2,0
"E00015855",0,0,0
"E00015856",6,4,2
"E00015857",6,3,3
"E00015858",0,0,0
"E00015859",6,3,3
"E00015860",6,2,4
"E00015861",3,1,2
"E00015862",4,2,2
"E00015863",12,4,8
"E00015864",13,6,7
"E00015865",8,2,6
"E00015866",8,7,1
"E00015867",0,0,0
"E00015868",5,3,2
"E00015869",4,2,2
"E00015870",0,0,0
"E00015871",1,1,0
"E00015872",1,0,1
"E00015873",4,2,2
"E00015874",4,2,2
"E00015875",1,0,1
"E00015876",2,1,1
"E00015877",2,1,1
"E00015878",2,1,1
"E00015879",6,5,1
"E00015880",5,1,4
"E00015881",3,3,0
"E00015882",4,2,2
"E00015883",3,2,1
"E00015884",2,0,2
"E00015885",3,2,1
"E00015886",0,0,0
"E00015887",4,1,3
"E00015888",4,3,1
"E00015889",3,2,1
"E00015890",2,0,2
"E00015891",2,1,1
"E00015892",10,4,6
"E00015893",1,0,1
"E00015894",0,0,0
"E00015895",2,1,1
"E00015896",0,0,0
"E00015897",7,2,5
"E00015898",6,4,2
"E00015899",1,1,0
"E00015900",4,2,2
"E00015901",3,2,1
"E00015902",7,2,5
"E00015903",2,2,0
"E00015904",0,0,0
"E00015905",2,0,2
"E00015906",1,0,1
"E00015907",0,0,0
"E00015908",1,0,1
"E00015909",5,2,3
"E00015910",2,0,2
"E00015911",10,4,6
"E00015912",3,1,2
"E00015913",0,0,0
"E00015914",2,1,1
"E00015915",2,2,0
"E00015916",2,1,1
"E00015917",4,3,1
"E00015918",4,2,2
"E00015919",0,0,0
"E00015920",3,1,2
"E00015921",6,4,2
"E00015922",8,5,3
"E00015923",0,0,0
"E00015924",6,3,3
"E00015925",0,0,0
"E00015926",5,3,2
"E00015927",1,1,0
"E00015928",2,2,0
"E00015929",0,0,0
"E00015930",0,0,0
"E00015931",1,1,0
"E00015932",2,1,1
"E00015933",3,3,0
"E00015934",2,0,2
"E00015935",4,3,1
"E00015936",5,2,3
"E00015937",6,3,3
"E00015938",0,0,0
"E00015939",2,1,1
"E00015940",4,2,2
"E00015941",9,7,2
"E00015942",6,5,1
"E00015943",0,0,0
"E00015944",1,0,1
"E00015945",2,0,2
"E00015946",0,0,0
"E00015947",0,0,0
"E00015948",1,0,1
"E00015949",3,2,1
"E00015950",4,2,2
"E00015951",6,2,4
"E00015952",3,1,2
"E00015953",4,3,1
"E00015954",3,2,1
"E00015955",0,0,0
"E00015956",4,3,1
"E00015957",4,3,1
"E00015958",1,1,0
"E00015959",1,1,0
"E00015960",2,1,1
"E00015961",8,4,4
"E00015962",3,2,1
"E00015963",2,0,2
"E00015964",3,1,2
"E00015965",4,0,4
"E00015966",5,2,3
"E00015967",4,1,3
"E00015968",2,1,1
"E00015969",2,2,0
"E00015970",1,1,0
"E00015971",7,5,2
"E00015972",1,0,1
"E00015973",7,4,3
"E00015974",0,0,0
"E00015975",0,0,0
"E00015976",5,3,2
"E00015977",0,0,0
"E00015978",5,3,2
"E00015979",3,2,1
"E00015980",0,0,0
"E00015981",0,0,0
"E00015982",4,2,2
"E00015983",16,9,7
"E00015984",4,2,2
"E00015985",5,3,2
"E00015986",16,9,7
"E00015987",10,6,4
"E00015988",2,1,1
"E00015989",5,4,1
"E00015990",5,1,4
"E00015991",5,5,0
"E00015992",3,2,1
"E00015993",2,1,1
"E00015994",8,5,3
"E00015995",11,8,3
"E00015996",3,1,2
"E00015997",5,2,3
"E00015998",2,1,1
"E00015999",0,0,0
"E00016000",4,0,4
"E00016001",3,0,3
"E00016002",3,1,2
"E00016003",8,4,4
"E00016004",5,3,2
"E00016005",8,4,4
"E00016006",8,3,5
"E00016007",12,9,3
"E00016008",1,0,1
"E00016009",7,2,5
"E00016010",5,3,2
"E00016011",3,2,1
"E00016012",5,3,2
"E00016013",2,0,2
"E00016014",6,5,1
"E00016015",1,0,1
"E00016016",0,0,0
"E00016017",2,1,1
"E00016018",0,0,0
"E00016019",12,8,4
"E00016020",2,2,0
"E00016021",1,1,0
"E00016022",0,0,0
"E00016023",0,0,0
"E00016025",1,1,0
"E00016026",0,0,0
"E00016027",9,4,5
"E00016028",0,0,0
"E00016029",5,2,3
"E00016030",3,2,1
"E00016031",6,5,1
"E00016032",4,3,1
"E00016033",0,0,0
"E00016034",2,0,2
"E00016035",3,2,1
"E00016036",0,0,0
"E00016037",6,3,3
"E00016038",2,1,1
"E00016039",3,2,1
"E00016040",10,5,5
"E00016041",4,2,2
"E00016042",2,2,0
"E00016043",3,2,1
"E00016044",1,1,0
"E00016045",4,3,1
"E00016046",10,8,2
"E00016047",3,2,1
"E00016048",0,0,0
"E00016049",3,1,2
"E00016050",2,0,2
"E00016051",2,0,2
"E00016052",1,1,0
"E00016053",4,1,3
"E00016054",0,0,0
"E00016055",0,0,0
"E00016056",2,1,1
"E00016057",6,3,3
"E00016058",7,5,2
"E00016059",5,4,1
"E00016060",7,3,4
"E00016061",2,1,1
"E00016062",3,2,1
"E00016063",0,0,0
"E00016064",5,3,2
"E00016065",5,2,3
"E00016066",3,1,2
"E00016067",2,0,2
"E00016068",1,0,1
"E00016069",11,6,5
"E00016070",0,0,0
"E00016071",6,3,3
"E00016072",4,1,3
"E00016073",0,0,0
"E00016074",5,4,1
"E00016075",2,1,1
"E00016076",2,0,2
"E00016077",0,0,0
"E00016078",3,3,0
"E00016079",0,0,0
"E00016080",2,2,0
"E00016081",8,7,1
"E00016082",0,0,0
"E00016083",4,4,0
"E00016084",2,1,1
"E00016085",9,3,6
"E00016086",2,1,1
"E00016087",5,3,2
"E00016088",0,0,0
"E00016089",3,1,2
"E00016090",0,0,0
"E00016091",6,3,3
"E00016092",3,2,1
"E00016093",1,0,1
"E00016094",5,3,2
"E00016095",0,0,0
"E00016096",2,0,2
"E00016097",0,0,0
"E00016098",3,1,2
"E00016099",1,1,0
"E00016100",15,5,10
"E00016101",0,0,0
"E00016102",7,3,4
"E00016103",2,2,0
"E00016104",6,3,3
"E00016105",2,2,0
"E00016106",1,1,0
"E00016107",7,4,3
"E00016108",7,2,5
"E00016109",1,1,0
"E00016110",7,3,4
"E00016111",6,2,4
"E00016112",2,1,1
"E00016113",1,0,1
"E00016114",1,0,1
"E00016115",1,1,0
"E00016116",6,4,2
"E00016117",0,0,0
"E00016118",7,4,3
"E00016119",1,0,1
"E00016120",3,1,2
"E00016121",2,0,2
"E00016122",3,2,1
"E00016123",2,2,0
"E00016124",5,3,2
"E00016125",3,1,2
"E00016126",3,1,2
"E00016127",7,5,2
"E00016128",4,1,3
"E00016129",0,0,0
"E00016130",1,1,0
"E00016131",0,0,0
"E00016132",0,0,0
"E00016133",5,2,3
"E00016134",4,2,2
"E00016135",4,3,1
"E00016136",3,1,2
"E00016137",9,6,3
"E00016138",1,0,1
"E00016139",0,0,0
"E00016140",1,0,1
"E00016141",3,2,1
"E00016142",4,4,0
"E00016143",4,2,2
"E00016144",1,1,0
"E00016145",1,1,0
"E00016146",2,1,1
"E00016147",6,3,3
"E00016148",2,2,0
"E00016149",4,2,2
"E00016150",0,0,0
"E00016151",2,1,1
"E00016152",2,0,2
"E00016153",5,1,4
"E00016154",2,1,1
"E00016155",7,5,2
"E00016156",1,1,0
"E00016157",5,4,1
"E00016158",2,2,0
"E00016159",0,0,0
"E00016160",6,2,4
"E00016161",5,3,2
"E00016162",4,2,2
"E00016163",7,6,1
"E00016164",7,3,4
"E00016165",5,3,2
"E00016166",2,0,2
"E00016167",5,1,4
"E00016168",0,0,0
"E00016169",13,3,10
"E00016170",0,0,0
"E00016171",1,1,0
"E00016172",5,5,0
"E00016173",5,4,1
"E00016174",2,0,2
"E00016175",0,0,0
"E00016176",2,1,1
"E00016177",1,1,0
"E00016178",2,1,1
"E00016179",4,0,4
"E00016180",3,3,0
"E00016181",7,3,4
"E00016182",12,5,7
"E00016183",2,1,1
"E00016184",2,0,2
"E00016185",3,1,2
"E00016186",3,1,2
"E00016187",7,4,3
"E00016188",0,0,0
"E00016189",6,2,4
"E00016190",1,1,0
"E00016191",2,1,1
"E00016192",0,0,0
"E00016193",0,0,0
"E00016194",0,0,0
"E00016195",1,1,0
"E00016196",5,2,3
"E00016197",4,0,4
"E00016198",7,3,4
"E00016199",0,0,0
"E00016200",0,0,0
"E00016201",0,0,0
"E00016202",4,1,3
"E00016203",5,2,3
"E00016204",0,0,0
"E00016205",3,1,2
"E00016206",1,1,0
"E00016207",6,3,3
"E00016208",0,0,0
"E00016209",1,1,0
"E00016210",2,1,1
"E00016211",0,0,0
"E00016212",3,2,1
"E00016213",1,0,1
"E00016214",5,2,3
"E00016215",3,0,3
"E00016216",0,0,0
"E00016217",2,1,1
"E00016218",1,0,1
"E00016219",2,1,1
"E00016220",0,0,0
"E00016221",2,0,2
"E00016222",0,0,0
"E00016223",0,0,0
"E00016224",2,2,0
"E00016225",3,1,2
"E00016226",7,3,4
"E00016227",1,0,1
"E00016228",6,4,2
"E00016229",0,0,0
"E00016230",4,1,3
"E00016231",6,3,3
"E00016232",0,0,0
"E00016233",5,2,3
"E00016235",2,0,2
"E00016236",1,1,0
"E00016237",2,1,1
"E00016238",4,2,2
"E00016239",1,1,0
"E00016240",5,2,3
"E00016241",1,1,0
"E00016244",6,2,4
"E00016245",0,0,0
"E00016246",2,1,1
"E00016247",0,0,0
"E00016248",1,1,0
"E00016249",1,0,1
"E00016250",4,3,1
"E00016252",3,1,2
"E00016253",3,2,1
"E00016254",4,2,2
"E00016255",2,2,0
"E00016256",10,5,5
"E00016257",8,6,2
"E00016258",7,4,3
"E00016259",4,2,2
"E00016260",8,5,3
"E00016261",8,1,7
"E00016262",2,1,1
"E00016263",5,1,4
"E00016264",8,4,4
"E00016265",6,1,5
"E00016266",1,0,1
"E00016267",4,2,2
"E00016268",4,2,2
"E00016269",11,3,8
"E00016270",5,4,1
"E00016271",2,0,2
"E00016272",3,2,1
"E00016273",7,2,5
"E00016274",4,3,1
"E00016275",5,2,3
"E00016276",4,1,3
"E00016277",0,0,0
"E00016278",7,3,4
"E00016279",3,2,1
"E00016280",3,2,1
"E00016281",6,3,3
"E00016282",5,2,3
"E00016283",7,4,3
"E00016284",4,3,1
"E00016285",7,3,4
"E00016286",4,2,2
"E00016287",1,0,1
"E00016288",6,3,3
"E00016289",5,1,4
"E00016290",2,1,1
"E00016291",9,7,2
"E00016292",1,0,1
"E00016293",9,4,5
"E00016294",9,2,7
"E00016295",9,5,4
"E00016296",5,2,3
"E00016297",4,2,2
"E00016298",10,5,5
"E00016299",7,3,4
"E00016300",2,2,0
"E00016301",1,0,1
"E00016302",1,0,1
"E00016303",2,0,2
"E00016304",0,0,0
"E00016305",7,4,3
"E00016306",2,1,1
"E00016307",0,0,0
"E00016308",2,1,1
"E00016309",8,2,6
"E00016310",3,0,3
"E00016311",6,4,2
"E00016312",5,2,3
"E00016313",2,1,1
"E00016314",1,1,0
"E00016315",1,0,1
"E00016316",9,7,2
"E00016317",7,2,5
"E00016318",3,1,2
"E00016319",3,3,0
"E00016320",4,0,4
"E00016321",3,1,2
"E00016322",6,2,4
"E00016323",6,2,4
"E00016324",2,1,1
"E00016325",3,1,2
"E00016326",2,2,0
"E00016327",0,0,0
"E00016328",0,0,0
"E00016329",9,7,2
"E00016330",2,1,1
"E00016331",6,5,1
"E00016332",3,1,2
"E00016333",2,1,1
"E00016334",5,4,1
"E00016335",3,2,1
"E00016336",4,2,2
"E00016337",2,1,1
"E00016338",3,1,2
"E00016339",5,1,4
"E00016340",4,2,2
"E00016341",1,0,1
"E00016342",7,3,4
"E00016343",9,3,6
"E00016344",4,1,3
"E00016345",2,1,1
"E00016346",2,0,2
"E00016348",1,0,1
"E00016349",3,2,1
"E00016350",1,1,0
"E00016351",3,2,1
"E00016352",1,1,0
"E00016353",3,3,0
"E00016354",0,0,0
"E00016356",1,1,0
"E00016357",5,3,2
"E00016358",1,1,0
"E00016359",2,1,1
"E00016360",0,0,0
"E00016361",3,1,2
"E00016362",2,1,1
"E00016363",7,5,2
"E00016364",2,1,1
"E00016365",1,0,1
"E00016366",7,2,5
"E00016367",3,1,2
"E00016368",3,2,1
"E00016369",1,0,1
"E00016370",0,0,0
"E00016371",1,1,0
"E00016372",0,0,0
"E00016373",2,1,1
"E00016374",3,1,2
"E00016375",1,0,1
"E00016376",0,0,0
"E00016377",2,1,1
"E00016378",1,1,0
"E00016379",3,2,1
"E00016380",1,1,0
"E00016381",2,2,0
"E00016382",0,0,0
"E00016383",4,2,2
"E00016384",8,4,4
"E00016385",2,2,0
"E00016386",1,1,0
"E00016387",6,4,2
"E00016388",4,2,2
"E00016389",0,0,0
"E00016390",5,3,2
"E00016391",3,0,3
"E00016392",4,1,3
"E00016393",3,0,3
"E00016394",3,3,0
"E00016395",2,1,1
"E00016396",3,2,1
"E00016397",1,0,1
"E00016398",7,4,3
"E00016399",2,0,2
"E00016401",0,0,0
"E00016402",3,2,1
"E00016403",8,5,3
"E00016404",10,2,8
"E00016405",8,5,3
"E00016406",4,3,1
"E00016407",0,0,0
"E00016408",1,1,0
"E00016409",4,3,1
"E00016410",1,1,0
"E00016411",1,0,1
"E00016412",0,0,0
"E00016413",5,2,3
"E00016414",1,1,0
"E00016415",2,1,1
"E00016416",8,4,4
"E00016417",5,0,5
"E00016418",6,2,4
"E00016419",6,3,3
"E00016420",2,0,2
"E00016421",6,1,5
"E00016422",13,8,5
"E00016423",6,3,3
"E00016424",5,2,3
"E00016426",4,2,2
"E00016427",1,1,0
"E00016428",0,0,0
"E00016429",3,1,2
"E00016430",6,4,2
"E00016431",2,1,1
"E00016432",9,6,3
"E00016433",0,0,0
"E00016434",5,2,3
"E00016435",5,3,2
"E00016436",2,1,1
"E00016437",4,2,2
"E00016438",0,0,0
"E00016439",7,5,2
"E00016440",7,3,4
"E00016441",7,1,6
"E00016442",4,2,2
"E00016443",5,3,2
"E00016444",6,4,2
"E00016445",3,2,1
"E00016446",0,0,0
"E00016447",3,1,2
"E00016448",9,4,5
"E00016449",2,1,1
"E00016450",2,2,0
"E00016451",1,1,0
"E00016452",3,2,1
"E00016453",0,0,0
"E00016454",3,1,2
"E00016455",6,5,1
"E00016456",2,0,2
"E00016457",4,3,1
"E00016458",4,1,3
"E00016459",8,2,6
"E00016460",3,2,1
"E00016462",5,3,2
"E00016463",0,0,0
"E00016464",1,0,1
"E00016465",2,0,2
"E00016466",7,2,5
"E00016467",4,4,0
"E00016468",0,0,0
"E00016469",1,0,1
"E00016470",6,4,2
"E00016471",4,1,3
"E00016472",4,3,1
"E00016473",1,1,0
"E00016474",3,3,0
"E00016475",5,3,2
"E00016476",8,5,3
"E00016477",0,0,0
"E00016478",0,0,0
"E00016479",3,3,0
"E00016480",7,3,4
"E00016481",2,0,2
"E00016482",5,3,2
"E00016483",1,0,1
"E00016484",12,8,4
"E00016485",1,0,1
"E00016486",9,6,3
"E00016487",3,2,1
"E00016488",4,3,1
"E00016489",3,2,1
"E00016490",3,2,1
"E00016491",4,3,1
"E00016492",2,1,1
"E00016493",2,2,0
"E00016494",3,2,1
"E00016495",3,3,0
"E00016496",3,0,3
"E00016497",3,2,1
"E00016498",6,2,4
"E00016499",6,2,4
"E00016500",3,3,0
"E00016501",8,4,4
"E00016502",0,0,0
"E00016503",0,0,0
"E00016504",12,5,7
"E00016505",1,0,1
"E00016506",1,1,0
"E00016507",3,0,3
"E00016508",3,1,2
"E00016509",10,3,7
"E00016510",2,1,1
"E00016511",1,1,0
"E00016512",6,4,2
"E00016513",0,0,0
"E00016514",0,0,0
"E00016515",6,3,3
"E00016516",1,1,0
"E00016517",4,2,2
"E00016518",0,0,0
"E00016519",6,3,3
"E00016520",2,2,0
"E00016521",0,0,0
"E00016522",0,0,0
"E00016523",8,5,3
"E00016524",0,0,0
"E00016525",2,1,1
"E00016526",0,0,0
"E00016527",2,1,1
"E00016528",1,1,0
"E00016529",3,1,2
"E00016530",7,4,3
"E00016531",7,3,4
"E00016532",1,1,0
"E00016533",9,5,4
"E00016534",4,0,4
"E00016535",0,0,0
"E00016536",0,0,0
"E00016537",1,0,1
"E00016538",2,0,2
"E00016539",1,1,0
"E00016540",4,3,1
"E00016541",7,5,2
"E00016542",4,2,2
"E00016543",2,1,1
"E00016544",5,4,1
"E00016545",4,2,2
"E00016546",0,0,0
"E00016547",10,3,7
"E00016548",10,8,2
"E00016549",4,0,4
"E00016550",4,1,3
"E00016551",4,1,3
"E00016552",2,1,1
"E00016553",2,1,1
"E00016554",3,1,2
"E00016555",2,2,0
"E00016556",7,4,3
"E00016557",0,0,0
"E00016558",2,2,0
"E00016559",7,4,3
"E00016560",3,0,3
"E00016561",4,3,1
"E00016562",3,0,3
"E00016563",1,0,1
"E00016564",5,2,3
"E00016565",0,0,0
"E00016566",4,3,1
"E00016567",6,2,4
"E00016568",5,2,3
"E00016569",1,1,0
"E00016571",13,5,8
"E00016572",4,0,4
"E00016573",1,0,1
"E00016574",3,1,2
"E00016575",1,1,0
"E00016576",7,0,7
"E00016577",2,1,1
"E00016578",8,6,2
"E00016579",3,0,3
"E00016580",4,4,0
"E00016581",2,1,1
"E00016582",4,0,4
"E00016583",0,0,0
"E00016584",2,1,1
"E00016585",1,0,1
"E00016587",2,1,1
"E00016588",7,3,4
"E00016589",4,3,1
"E00016590",0,0,0
"E00016591",9,7,2
"E00016592",7,2,5
"E00016593",9,4,5
"E00016594",6,4,2
"E00016595",1,1,0
"E00016596",1,0,1
"E00016597",0,0,0
"E00016598",5,2,3
"E00016599",3,2,1
"E00016600",7,4,3
"E00016601",3,1,2
"E00016602",4,2,2
"E00016603",13,8,5
"E00016604",0,0,0
"E00016605",2,0,2
"E00016606",9,4,5
"E00016607",1,0,1
"E00016608",3,2,1
"E00016609",2,0,2
"E00016610",4,1,3
"E00016611",2,2,0
"E00016612",5,1,4
"E00016613",8,4,4
"E00016614",3,1,2
"E00016615",6,2,4
"E00016616",3,2,1
"E00016617",4,2,2
"E00016618",0,0,0
"E00016619",6,2,4
"E00016620",6,1,5
"E00016621",0,0,0
"E00016622",2,0,2
"E00016623",0,0,0
"E00016624",0,0,0
"E00016625",4,1,3
"E00016626",4,1,3
"E00016628",1,0,1
"E00016629",8,4,4
"E00016630",7,3,4
"E00016631",2,0,2
"E00016632",0,0,0
"E00016633",0,0,0
"E00016635",2,0,2
"E00016636",3,2,1
"E00016637",2,2,0
"E00016638",0,0,0
"E00016639",2,1,1
"E00016640",1,0,1
"E00016641",2,1,1
"E00016642",6,4,2
"E00016643",2,2,0
"E00016644",4,2,2
"E00016645",3,2,1
"E00016646",4,2,2
"E00016647",3,2,1
"E00016648",4,2,2
"E00016649",0,0,0
"E00016650",5,2,3
"E00016651",4,3,1
"E00016652",0,0,0
"E00016653",5,1,4
"E00016654",0,0,0
"E00016655",1,1,0
"E00016656",4,3,1
"E00016657",4,1,3
"E00016658",4,2,2
"E00016659",0,0,0
"E00016660",2,1,1
"E00016661",0,0,0
"E00016662",0,0,0
"E00016663",4,1,3
"E00016664",1,0,1
"E00016666",3,0,3
"E00016667",2,2,0
"E00016668",4,4,0
"E00016669",2,1,1
"E00016670",3,1,2
"E00016671",0,0,0
"E00016672",2,0,2
"E00016673",5,1,4
"E00016674",2,1,1
"E00016675",1,1,0
"E00016676",5,2,3
"E00016677",1,0,1
"E00016678",3,1,2
"E00016679",0,0,0
"E00016680",0,0,0
"E00016682",0,0,0
"E00016683",2,0,2
"E00016684",4,0,4
"E00016685",4,2,2
"E00016686",2,2,0
"E00016687",2,1,1
"E00016688",8,5,3
"E00016689",2,0,2
"E00016690",1,1,0
"E00016691",4,2,2
"E00016693",6,5,1
"E00016694",2,2,0
"E00016695",2,1,1
"E00016696",3,0,3
"E00016697",7,5,2
"E00016698",4,3,1
"E00016699",2,1,1
"E00016701",3,2,1
"E00016702",3,1,2
"E00016703",4,2,2
"E00016705",0,0,0
"E00016706",2,2,0
"E00016707",1,1,0
"E00016708",5,4,1
"E00016709",3,1,2
"E00016710",2,1,1
"E00016711",3,2,1
"E00016712",4,1,3
"E00016713",1,0,1
"E00016714",5,3,2
"E00016715",3,1,2
"E00016716",1,0,1
"E00016717",0,0,0
"E00016718",3,2,1
"E00016719",4,2,2
"E00016720",0,0,0
"E00016721",11,6,5
"E00016722",11,4,7
"E00016723",4,2,2
"E00016724",2,2,0
"E00016725",0,0,0
"E00016726",0,0,0
"E00016727",8,5,3
"E00016728",2,1,1
"E00016729",13,6,7
"E00016730",4,1,3
"E00016731",1,1,0
"E00016732",0,0,0
"E00016733",7,6,1
"E00016734",0,0,0
"E00016735",0,0,0
"E00016737",6,1,5
"E00016738",3,2,1
"E00016739",4,1,3
"E00016740",5,3,2
"E00016741",6,3,3
"E00016742",1,0,1
"E00016743",6,3,3
"E00016744",7,5,2
"E00016745",0,0,0
"E00016746",3,2,1
"E00016747",0,0,0
"E00016748",1,0,1
"E00016749",6,2,4
"E00016750",5,2,3
"E00016751",5,3,2
"E00016752",5,2,3
"E00016753",7,2,5
"E00016754",0,0,0
"E00016755",1,1,0
"E00016756",2,0,2
"E00016757",2,0,2
"E00016758",5,1,4
"E00016759",7,4,3
"E00016760",1,1,0
"E00016761",4,2,2
"E00016762",5,2,3
"E00016763",3,3,0
"E00016764",5,2,3
"E00016765",3,2,1
"E00016766",4,2,2
"E00016767",5,1,4
"E00016768",0,0,0
"E00016769",4,1,3
"E00016770",0,0,0
"E00016771",4,2,2
"E00016772",8,4,4
"E00016773",2,2,0
"E00016774",4,1,3
"E00016775",0,0,0
"E00016776",7,3,4
"E00016777",7,3,4
"E00016778",3,3,0
"E00016779",1,1,0
"E00016780",0,0,0
"E00016781",6,1,5
"E00016782",7,6,1
"E00016783",6,0,6
"E00016784",6,4,2
"E00016785",3,3,0
"E00016786",4,2,2
"E00016787",2,0,2
"E00016788",1,0,1
"E00016789",2,1,1
"E00016790",0,0,0
"E00016791",1,1,0
"E00016792",0,0,0
"E00016793",3,1,2
"E00016794",0,0,0
"E00016795",0,0,0
"E00016796",3,3,0
"E00016797",6,1,5
"E00016798",6,3,3
"E00016799",2,1,1
"E00016800",0,0,0
"E00016801",2,1,1
"E00016802",0,0,0
"E00016803",4,2,2
"E00016804",1,0,1
"E00016805",4,4,0
"E00016806",0,0,0
"E00016807",5,4,1
"E00016808",0,0,0
"E00016809",5,3,2
"E00016810",2,2,0
"E00016811",0,0,0
"E00016812",2,0,2
"E00016813",4,2,2
"E00016814",2,1,1
"E00016815",1,1,0
"E00016816",0,0,0
"E00016817",0,0,0
"E00016818",2,1,1
"E00016819",4,3,1
"E00016820",1,0,1
"E00016821",7,4,3
"E00016822",2,1,1
"E00016823",5,3,2
"E00016824",4,2,2
"E00016825",6,3,3
"E00016826",2,1,1
"E00016827",2,1,1
"E00016828",2,1,1
"E00016829",1,0,1
"E00016830",9,7,2
"E00016831",3,2,1
"E00016832",2,2,0
"E00016833",8,3,5
"E00016834",3,0,3
"E00016835",3,1,2
"E00016836",8,4,4
"E00016837",0,0,0
"E00016838",4,2,2
"E00016839",0,0,0
"E00016840",8,3,5
"E00016841",2,0,2
"E00016842",7,5,2
"E00016843",0,0,0
"E00016844",7,5,2
"E00016845",3,3,0
"E00016846",3,1,2
"E00016847",2,1,1
"E00016848",9,5,4
"E00016849",0,0,0
"E00016850",1,0,1
"E00016851",5,1,4
"E00016852",2,1,1
"E00016853",3,2,1
"E00016854",3,1,2
"E00016855",0,0,0
"E00016856",2,1,1
"E00016857",6,2,4
"E00016858",0,0,0
"E00016859",4,1,3
"E00016860",2,1,1
"E00016861",1,0,1
"E00016862",3,0,3
"E00016863",4,1,3
"E00016864",3,2,1
"E00016865",9,6,3
"E00016866",2,1,1
"E00016867",5,2,3
"E00016868",4,2,2
"E00016869",0,0,0
"E00016870",3,1,2
"E00016871",2,0,2
"E00016872",0,0,0
"E00016873",5,3,2
"E00016874",1,1,0
"E00016875",4,1,3
"E00016876",1,0,1
"E00016877",1,1,0
"E00016878",4,2,2
"E00016879",11,4,7
"E00016880",1,0,1
"E00016881",3,1,2
"E00016883",7,3,4
"E00016884",5,3,2
"E00016885",4,3,1
"E00016886",12,6,6
"E00016887",3,1,2
"E00016888",10,9,1
"E00016889",4,3,1
"E00016890",1,1,0
"E00016891",7,3,4
"E00016892",1,0,1
"E00016893",4,2,2
"E00016894",4,1,3
"E00016895",6,2,4
"E00016896",5,3,2
"E00016897",8,4,4
"E00016898",2,2,0
"E00016899",3,1,2
"E00016900",2,0,2
"E00016901",3,1,2
"E00016902",1,0,1
"E00016903",2,1,1
"E00016904",2,0,2
"E00016905",0,0,0
"E00016906",2,1,1
"E00016907",0,0,0
"E00016908",1,1,0
"E00016909",5,5,0
"E00016910",2,1,1
"E00016911",9,4,5
"E00016912",4,3,1
"E00016913",5,3,2
"E00016914",4,3,1
"E00016915",2,2,0
"E00016916",5,4,1
"E00016917",2,2,0
"E00016918",1,1,0
"E00016919",0,0,0
"E00016920",3,2,1
"E00016921",1,0,1
"E00016922",3,1,2
"E00016923",6,1,5
"E00016924",8,3,5
"E00016925",7,3,4
"E00016926",7,3,4
"E00016927",5,0,5
"E00016928",1,1,0
"E00016929",0,0,0
"E00016930",11,7,4
"E00016931",0,0,0
"E00016932",2,0,2
"E00016933",4,3,1
"E00016934",4,1,3
"E00016935",5,1,4
"E00016936",3,1,2
"E00016937",7,4,3
"E00016938",2,0,2
"E00016939",5,4,1
"E00016940",4,2,2
"E00016941",5,3,2
"E00016942",5,2,3
"E00016943",3,2,1
"E00016944",1,1,0
"E00016945",0,0,0
"E00016946",3,2,1
"E00016947",2,2,0
"E00016948",6,1,5
"E00016949",6,5,1
"E00016950",3,1,2
"E00016951",4,2,2
"E00016952",0,0,0
"E00016953",3,1,2
"E00016954",1,0,1
"E00016955",5,3,2
"E00016956",1,1,0
"E00016957",3,2,1
"E00016958",3,1,2
"E00016959",2,1,1
"E00016960",0,0,0
"E00016961",1,1,0
"E00016962",0,0,0
"E00016963",4,2,2
"E00016964",2,0,2
"E00016965",3,2,1
"E00016966",1,1,0
"E00016967",9,1,8
"E00016968",1,1,0
"E00016969",3,2,1
"E00016970",5,1,4
"E00016971",2,0,2
"E00016972",1,0,1
"E00016973",5,3,2
"E00016974",1,0,1
"E00016975",2,1,1
"E00016976",2,2,0
"E00016977",1,0,1
"E00016978",1,0,1
"E00016979",3,1,2
"E00016980",3,1,2
"E00016981",0,0,0
"E00016982",0,0,0
"E00016983",4,3,1
"E00016984",0,0,0
"E00016985",0,0,0
"E00016986",1,0,1
"E00016987",0,0,0
"E00016988",2,2,0
"E00016989",3,2,1
"E00016990",0,0,0
"E00016991",0,0,0
"E00016992",5,3,2
"E00016993",4,4,0
"E00016994",2,1,1
"E00016995",0,0,0
"E00016996",2,0,2
"E00016997",2,1,1
"E00016998",0,0,0
"E00016999",7,4,3
"E00017000",6,2,4
"E00017001",3,2,1
"E00017002",0,0,0
"E00017003",8,5,3
"E00017004",3,1,2
"E00017005",1,0,1
"E00017006",1,0,1
"E00017007",1,0,1
"E00017008",6,3,3
"E00017009",6,5,1
"E00017010",2,0,2
"E00017011",7,3,4
"E00017012",3,0,3
"E00017013",9,4,5
"E00017014",3,1,2
"E00017015",5,4,1
"E00017016",1,0,1
"E00017017",7,4,3
"E00017018",2,1,1
"E00017019",0,0,0
"E00017020",7,4,3
"E00017021",4,2,2
"E00017022",5,4,1
"E00017023",9,7,2
"E00017024",8,5,3
"E00017025",12,7,5
"E00017026",0,0,0
"E00017027",9,3,6
"E00017028",4,3,1
"E00017029",8,4,4
"E00017030",13,5,8
"E00017031",7,3,4
"E00017032",2,2,0
"E00017033",5,3,2
"E00017034",10,6,4
"E00017035",7,3,4
"E00017036",3,3,0
"E00017037",4,3,1
"E00017038",5,3,2
"E00017039",5,1,4
"E00017040",2,1,1
"E00017041",0,0,0
"E00017043",2,0,2
"E00017044",4,1,3
"E00017045",2,1,1
"E00017046",0,0,0
"E00017047",5,2,3
"E00017048",1,1,0
"E00017049",3,0,3
"E00017050",3,1,2
"E00017051",0,0,0
"E00017052",6,4,2
"E00017053",2,1,1
"E00017054",0,0,0
"E00017055",0,0,0
"E00017056",8,5,3
"E00017057",1,1,0
"E00017058",2,2,0
"E00017059",4,1,3
"E00017060",12,6,6
"E00017061",3,1,2
"E00017062",1,0,1
"E00017063",3,2,1
"E00017064",4,2,2
"E00017065",4,1,3
"E00017066",1,0,1
"E00017067",1,0,1
"E00017068",1,1,0
"E00017069",0,0,0
"E00017070",1,1,0
"E00017071",3,1,2
"E00017072",4,2,2
"E00017073",3,3,0
"E00017074",5,2,3
"E00017075",3,2,1
"E00017076",2,1,1
"E00017077",0,0,0
"E00017078",6,1,5
"E00017079",7,4,3
"E00017080",1,0,1
"E00017081",3,1,2
"E00017082",10,5,5
"E00017083",9,5,4
"E00017084",4,2,2
"E00017085",1,0,1
"E00017086",4,2,2
"E00017087",4,1,3
"E00017088",5,5,0
"E00017089",1,1,0
"E00017090",0,0,0
"E00017091",3,1,2
"E00017092",1,1,0
"E00017093",0,0,0
"E00017094",2,0,2
"E00017095",10,6,4
"E00017096",3,2,1
"E00017097",6,4,2
"E00017098",7,4,3
"E00017099",7,6,1
"E00017100",0,0,0
"E00017101",2,1,1
"E00017102",3,2,1
"E00017103",8,4,4
"E00017104",0,0,0
"E00017105",0,0,0
"E00017106",0,0,0
"E00017107",2,2,0
"E00017108",4,2,2
"E00017109",0,0,0
"E00017110",1,0,1
"E00017111",1,0,1
"E00017112",0,0,0
"E00017113",4,1,3
"E00017114",0,0,0
"E00017115",3,1,2
"E00017116",3,1,2
"E00017117",1,1,0
"E00017118",1,0,1
"E00017119",0,0,0
"E00017120",10,6,4
"E00017121",0,0,0
"E00017122",0,0,0
"E00017123",1,1,0
"E00017124",1,1,0
"E00017125",2,1,1
"E00017126",9,7,2
"E00017127",1,0,1
"E00017128",11,6,5
"E00017129",2,2,0
"E00017130",4,3,1
"E00017131",9,6,3
"E00017132",0,0,0
"E00017133",4,1,3
"E00017134",2,1,1
"E00017135",3,0,3
"E00017137",2,2,0
"E00017138",5,3,2
"E00017139",1,0,1
"E00017140",1,0,1
"E00017141",1,0,1
"E00017142",2,1,1
"E00017143",6,2,4
"E00017144",1,1,0
"E00017145",5,1,4
"E00017146",6,5,1
"E00017147",2,1,1
"E00017148",0,0,0
"E00017149",5,1,4
"E00017150",0,0,0
"E00017151",3,2,1
"E00017152",4,0,4
"E00017153",3,1,2
"E00017154",4,3,1
"E00017155",1,0,1
"E00017156",7,3,4
"E00017157",0,0,0
"E00017158",5,4,1
"E00017159",4,2,2
"E00017160",0,0,0
"E00017161",3,1,2
"E00017162",2,2,0
"E00017163",5,3,2
"E00017164",5,4,1
"E00017165",5,2,3
"E00017166",1,1,0
"E00017167",7,4,3
"E00017168",4,2,2
"E00017169",4,2,2
"E00017170",5,4,1
"E00017171",15,9,6
"E00017172",5,5,0
"E00017173",4,2,2
"E00017174",0,0,0
"E00017175",1,1,0
"E00017176",2,2,0
"E00017177",3,1,2
"E00017178",4,2,2
"E00017179",2,1,1
"E00017180",6,3,3
"E00017181",7,2,5
"E00017182",4,2,2
"E00017183",3,1,2
"E00017184",2,0,2
"E00017185",2,0,2
"E00017186",4,4,0
"E00017187",0,0,0
"E00017188",0,0,0
"E00017189",1,0,1
"E00017190",0,0,0
"E00017191",10,4,6
"E00017192",5,1,4
"E00017193",4,2,2
"E00017194",1,1,0
"E00017195",0,0,0
"E00017196",7,2,5
"E00017197",10,4,6
"E00017198",4,1,3
"E00017199",1,1,0
"E00017200",1,1,0
"E00017201",2,1,1
"E00017202",11,4,7
"E00017203",7,3,4
"E00017204",0,0,0
"E00017205",5,2,3
"E00017206",4,2,2
"E00017207",1,0,1
"E00017208",1,0,1
"E00017209",15,8,7
"E00017210",7,5,2
"E00017211",5,1,4
"E00017212",0,0,0
"E00017213",3,2,1
"E00017214",0,0,0
"E00017215",6,1,5
"E00017216",5,3,2
"E00017217",0,0,0
"E00017218",5,1,4
"E00017219",4,2,2
"E00017220",5,3,2
"E00017221",0,0,0
"E00017222",5,3,2
"E00017223",0,0,0
"E00017224",6,2,4
"E00017225",2,0,2
"E00017226",4,1,3
"E00017227",12,5,7
"E00017228",20,5,15
"E00017229",11,7,4
"E00017230",4,3,1
"E00017231",5,3,2
"E00017232",0,0,0
"E00017233",2,1,1
"E00017234",9,3,6
"E00017235",1,1,0
"E00017236",2,1,1
"E00017237",4,2,2
"E00017238",0,0,0
"E00017239",1,1,0
"E00017240",3,2,1
"E00017241",1,0,1
"E00017242",0,0,0
"E00017243",0,0,0
"E00017244",8,2,6
"E00017245",1,0,1
"E00017246",0,0,0
"E00017247",1,1,0
"E00017248",1,0,1
"E00017249",0,0,0
"E00017250",3,1,2
"E00017251",0,0,0
"E00017252",3,3,0
"E00017253",4,3,1
"E00017254",7,3,4
"E00017255",2,1,1
"E00017256",1,0,1
"E00017257",1,1,0
"E00017258",0,0,0
"E00017259",1,1,0
"E00017260",3,0,3
"E00017261",0,0,0
"E00017262",0,0,0
"E00017263",4,3,1
"E00017264",5,2,3
"E00017265",0,0,0
"E00017266",0,0,0
"E00017267",2,1,1
"E00017268",7,4,3
"E00017269",9,3,6
"E00017270",0,0,0
"E00017271",3,2,1
"E00017272",4,2,2
"E00017273",3,2,1
"E00017274",0,0,0
"E00017275",3,3,0
"E00017276",0,0,0
"E00017277",3,1,2
"E00017278",10,6,4
"E00017279",17,10,7
"E00017280",5,1,4
"E00017281",2,1,1
"E00017282",3,1,2
"E00017283",9,3,6
"E00017284",6,3,3
"E00017285",5,1,4
"E00017286",2,2,0
"E00017287",5,4,1
"E00017288",9,4,5
"E00017289",7,2,5
"E00017290",6,5,1
"E00017291",5,3,2
"E00017292",3,1,2
"E00017293",3,1,2
"E00017294",5,3,2
"E00017295",8,3,5
"E00017296",5,3,2
"E00017297",3,1,2
"E00017298",0,0,0
"E00017299",3,1,2
"E00017300",1,0,1
"E00017301",6,1,5
"E00017302",3,2,1
"E00017303",0,0,0
"E00017304",5,3,2
"E00017305",3,1,2
"E00017306",5,3,2
"E00017307",1,0,1
"E00017308",7,3,4
"E00017309",0,0,0
"E00017310",2,0,2
"E00017311",1,1,0
"E00017312",7,2,5
"E00017313",5,3,2
"E00017314",0,0,0
"E00017315",9,5,4
"E00017316",1,0,1
"E00017317",6,2,4
"E00017318",1,1,0
"E00017319",5,2,3
"E00017320",1,0,1
"E00017321",6,5,1
"E00017322",13,9,4
"E00017323",7,6,1
"E00017324",5,2,3
"E00017325",5,5,0
"E00017326",9,5,4
"E00017327",10,3,7
"E00017328",9,4,5
"E00017329",10,6,4
"E00017330",12,5,7
"E00017331",12,7,5
"E00017332",4,3,1
"E00017333",7,5,2
"E00017334",3,3,0
"E00017335",6,1,5
"E00017336",6,2,4
"E00017337",1,0,1
"E00017338",4,1,3
"E00017339",6,5,1
"E00017340",0,0,0
"E00017341",6,3,3
"E00017342",2,0,2
"E00017343",5,2,3
"E00017344",2,0,2
"E00017345",6,5,1
"E00017346",8,5,3
"E00017347",17,9,8
"E00017348",6,4,2
"E00017349",1,0,1
"E00017350",7,5,2
"E00017351",9,4,5
"E00017352",2,2,0
"E00017353",6,2,4
"E00017354",13,7,6
"E00017355",7,0,7
"E00017356",3,1,2
"E00017357",2,0,2
"E00017358",2,1,1
"E00017359",3,2,1
"E00017360",9,4,5
"E00017361",4,1,3
"E00017362",12,9,3
"E00017363",4,1,3
"E00017364",7,1,6
"E00017365",13,4,9
"E00017366",1,1,0
"E00017367",1,0,1
"E00017368",2,2,0
"E00017369",3,0,3
"E00017370",6,5,1
"E00017371",4,0,4
"E00017372",3,2,1
"E00017373",2,2,0
"E00017374",10,4,6
"E00017375",3,2,1
"E00017376",2,2,0
"E00017377",3,3,0
"E00017378",8,3,5
"E00017379",6,3,3
"E00017380",2,1,1
"E00017381",4,2,2
"E00017382",2,1,1
"E00017383",2,1,1
"E00017384",4,2,2
"E00017385",0,0,0
"E00017386",0,0,0
"E00017387",0,0,0
"E00017388",5,2,3
"E00017389",6,2,4
"E00017390",0,0,0
"E00017391",0,0,0
"E00017392",1,0,1
"E00017393",2,2,0
"E00017394",0,0,0
"E00017395",2,0,2
"E00017396",1,0,1
"E00017397",2,1,1
"E00017398",4,2,2
"E00017399",1,0,1
"E00017400",12,7,5
"E00017401",1,0,1
"E00017402",4,3,1
"E00017403",4,1,3
"E00017404",5,2,3
"E00017405",0,0,0
"E00017406",5,3,2
"E00017407",2,2,0
"E00017408",7,5,2
"E00017409",4,2,2
"E00017410",0,0,0
"E00017411",1,1,0
"E00017412",3,2,1
"E00017413",0,0,0
"E00017414",23,13,10
"E00017415",2,0,2
"E00017416",22,9,13
"E00017417",19,11,8
"E00017418",16,10,6
"E00017419",3,1,2
"E00017420",5,1,4
"E00017421",4,2,2
"E00017422",8,4,4
"E00017423",4,2,2
"E00017424",5,3,2
"E00017425",10,4,6
"E00017426",1,0,1
"E00017427",13,7,6
"E00017428",4,1,3
"E00017429",1,0,1
"E00017430",3,0,3
"E00017431",5,1,4
"E00017432",2,0,2
"E00017433",11,5,6
"E00017434",3,1,2
"E00017435",0,0,0
"E00017436",5,4,1
"E00017437",1,0,1
"E00017438",7,3,4
"E00017439",3,1,2
"E00017440",0,0,0
"E00017441",2,0,2
"E00017442",2,2,0
"E00017443",0,0,0
"E00017444",3,3,0
"E00017445",5,3,2
"E00017446",19,5,14
"E00017447",7,3,4
"E00017448",0,0,0
"E00017449",2,1,1
"E00017450",3,1,2
"E00017451",3,2,1
"E00017452",9,5,4
"E00017453",1,0,1
"E00017454",16,10,6
"E00017455",0,0,0
"E00017456",3,1,2
"E00017457",4,2,2
"E00017458",5,4,1
"E00017459",3,2,1
"E00017460",1,0,1
"E00017461",6,2,4
"E00017462",2,2,0
"E00017463",1,0,1
"E00017464",3,2,1
"E00017465",2,2,0
"E00017466",5,4,1
"E00017467",5,4,1
"E00017468",0,0,0
"E00017469",2,1,1
"E00017470",0,0,0
"E00017471",7,6,1
"E00017472",2,1,1
"E00017473",3,1,2
"E00017474",6,1,5
"E00017475",2,2,0
"E00017476",3,1,2
"E00017477",1,1,0
"E00017478",7,5,2
"E00017479",22,9,13
"E00017480",4,1,3
"E00017481",4,2,2
"E00017482",2,1,1
"E00017483",4,3,1
"E00017484",0,0,0
"E00017485",0,0,0
"E00017486",0,0,0
"E00017487",1,0,1
"E00017488",1,1,0
"E00017489",5,3,2
"E00017490",2,1,1
"E00017491",1,1,0
"E00017492",4,4,0
"E00017493",7,6,1
"E00017494",1,0,1
"E00017495",7,3,4
"E00017497",2,1,1
"E00017498",5,4,1
"E00017499",2,1,1
"E00017500",3,3,0
"E00017501",1,0,1
"E00017502",1,0,1
"E00017503",0,0,0
"E00017504",8,5,3
"E00017505",4,2,2
"E00017506",3,2,1
"E00017507",3,1,2
"E00017508",0,0,0
"E00017509",3,1,2
"E00017510",0,0,0
"E00017511",1,1,0
"E00017512",3,2,1
"E00017513",7,2,5
"E00017514",18,10,8
"E00017515",19,12,7
"E00017516",18,9,9
"E00017517",12,9,3
"E00017518",0,0,0
"E00017519",7,5,2
"E00017520",19,11,8
"E00017521",18,9,9
"E00017522",8,6,2
"E00017523",13,9,4
"E00017524",13,11,2
"E00017525",25,15,10
"E00017526",8,5,3
"E00017527",7,5,2
"E00017528",23,11,12
"E00017529",15,7,8
"E00017530",1,1,0
"E00017531",34,18,16
"E00017532",23,13,10
"E00017533",19,12,7
"E00017534",13,9,4
"E00017535",36,22,14
"E00017536",7,2,5
"E00017537",19,9,10
"E00017538",0,0,0
"E00017539",2,1,1
"E00017540",14,5,9
"E00017541",1,1,0
"E00017542",10,4,6
"E00017543",8,4,4
"E00017544",10,6,4
"E00017545",3,2,1
"E00017546",5,3,2
"E00017547",3,1,2
"E00017548",6,2,4
"E00017549",7,5,2
"E00017550",0,0,0
"E00017551",7,2,5
"E00017552",0,0,0
"E00017553",5,2,3
"E00017554",5,3,2
"E00017555",8,4,4
"E00017556",6,4,2
"E00017557",4,2,2
"E00017558",8,6,2
"E00017559",4,1,3
"E00017560",3,2,1
"E00017561",4,0,4
"E00017562",10,4,6
"E00017563",4,3,1
"E00017564",4,3,1
"E00017565",6,2,4
"E00017566",7,6,1
"E00017567",5,4,1
"E00017568",12,5,7
"E00017569",8,5,3
"E00017570",3,2,1
"E00017571",6,3,3
"E00017572",8,6,2
"E00017573",0,0,0
"E00017574",21,11,10
"E00017575",3,2,1
"E00017576",28,16,12
"E00017578",3,1,2
"E00017579",18,8,10
"E00017580",21,9,12
"E00017581",4,3,1
"E00017582",19,9,10
"E00017583",0,0,0
"E00017584",5,2,3
"E00017585",13,6,7
"E00017586",0,0,0
"E00017587",8,3,5
"E00017588",6,2,4
"E00017589",8,1,7
"E00017590",2,1,1
"E00017591",2,1,1
"E00017592",2,0,2
"E00017593",2,1,1
"E00017594",5,0,5
"E00017595",0,0,0
"E00017596",6,2,4
"E00017597",7,2,5
"E00017598",6,4,2
"E00017599",6,3,3
"E00017600",4,2,2
"E00017601",7,3,4
"E00017602",6,5,1
"E00017603",1,0,1
"E00017604",0,0,0
"E00017605",1,0,1
"E00017607",4,3,1
"E00017608",1,1,0
"E00017609",4,3,1
"E00017610",8,5,3
"E00017611",4,2,2
"E00017612",1,0,1
"E00017613",11,4,7
"E00017614",4,2,2
"E00017615",1,0,1
"E00017616",3,1,2
"E00017617",5,2,3
"E00017618",5,2,3
"E00017619",0,0,0
"E00017620",0,0,0
"E00017621",6,3,3
"E00017623",3,1,2
"E00017624",3,2,1
"E00017625",2,1,1
"E00017626",3,1,2
"E00017627",7,2,5
"E00017628",9,7,2
"E00017629",1,1,0
"E00017630",6,2,4
"E00017631",4,3,1
"E00017632",5,2,3
"E00017633",7,3,4
"E00017634",2,2,0
"E00017635",1,0,1
"E00017636",3,3,0
"E00017637",4,1,3
"E00017638",2,1,1
"E00017639",4,1,3
"E00017640",0,0,0
"E00017641",8,4,4
"E00017642",4,2,2
"E00017644",0,0,0
"E00017645",5,2,3
"E00017646",0,0,0
"E00017647",4,3,1
"E00017648",1,0,1
"E00017649",7,5,2
"E00017650",1,0,1
"E00017651",0,0,0
"E00017652",5,1,4
"E00017654",4,3,1
"E00017655",2,2,0
"E00017656",1,0,1
"E00017657",1,1,0
"E00017658",0,0,0
"E00017659",3,2,1
"E00017660",4,1,3
"E00017661",8,3,5
"E00017662",3,1,2
"E00017663",6,4,2
"E00017664",3,2,1
"E00017665",1,1,0
"E00017666",1,1,0
"E00017667",3,2,1
"E00017668",0,0,0
"E00017669",6,2,4
"E00017670",1,1,0
"E00017671",2,1,1
"E00017672",6,2,4
"E00017673",7,3,4
"E00017674",1,1,0
"E00017675",3,2,1
"E00017676",2,2,0
"E00017677",6,3,3
"E00017678",7,1,6
"E00017679",0,0,0
"E00017680",1,1,0
"E00017681",4,3,1
"E00017682",7,5,2
"E00017683",4,2,2
"E00017684",2,2,0
"E00017685",5,2,3
"E00017686",1,0,1
"E00017687",8,0,8
"E00017688",0,0,0
"E00017689",3,1,2
"E00017690",0,0,0
"E00017691",3,2,1
"E00017692",1,0,1
"E00017693",8,4,4
"E00017694",8,2,6
"E00017695",9,4,5
"E00017696",3,3,0
"E00017697",6,3,3
"E00017698",11,4,7
"E00017699",2,0,2
"E00017700",1,1,0
"E00017701",8,5,3
"E00017702",0,0,0
"E00017703",6,5,1
"E00017704",0,0,0
"E00017705",2,1,1
"E00017706",4,0,4
"E00017707",1,0,1
"E00017708",6,2,4
"E00017709",1,1,0
"E00017710",5,4,1
"E00017711",9,3,6
"E00017712",4,2,2
"E00017713",1,1,0
"E00017714",0,0,0
"E00017715",7,5,2
"E00017717",0,0,0
"E00017718",0,0,0
"E00017719",3,2,1
"E00017720",2,1,1
"E00017721",4,4,0
"E00017722",4,3,1
"E00017723",4,1,3
"E00017725",3,1,2
"E00017726",1,0,1
"E00017727",9,7,2
"E00017728",2,1,1
"E00017729",3,1,2
"E00017732",1,1,0
"E00017733",6,4,2
"E00017734",3,0,3
"E00017735",2,2,0
"E00017736",1,1,0
"E00017738",0,0,0
"E00017739",5,1,4
"E00017740",1,1,0
"E00017741",4,2,2
"E00017742",3,3,0
"E00017743",0,0,0
"E00017744",9,3,6
"E00017745",5,3,2
"E00017746",4,2,2
"E00017747",0,0,0
"E00017748",5,1,4
"E00017749",1,1,0
"E00017750",12,7,5
"E00017751",3,0,3
"E00017753",4,2,2
"E00017754",2,0,2
"E00017756",7,2,5
"E00017758",6,3,3
"E00017759",5,2,3
"E00017760",3,2,1
"E00017761",7,4,3
"E00017762",3,3,0
"E00017763",10,3,7
"E00017764",2,1,1
"E00017765",2,0,2
"E00017766",0,0,0
"E00017767",3,2,1
"E00017768",2,0,2
"E00017769",1,1,0
"E00017770",4,2,2
"E00017771",3,1,2
"E00017772",1,1,0
"E00017773",2,1,1
"E00017774",8,3,5
"E00017775",1,0,1
"E00017776",6,3,3
"E00017777",2,1,1
"E00017778",0,0,0
"E00017779",1,0,1
"E00017780",0,0,0
"E00017781",3,1,2
"E00017782",3,1,2
"E00017783",5,3,2
"E00017784",1,0,1
"E00017785",2,1,1
"E00017786",2,0,2
"E00017787",4,2,2
"E00017788",4,0,4
"E00017789",0,0,0
"E00017790",4,3,1
"E00017791",0,0,0
"E00017792",3,2,1
"E00017793",2,2,0
"E00017794",2,1,1
"E00017795",5,1,4
"E00017796",5,4,1
"E00017797",5,2,3
"E00017798",0,0,0
"E00017799",1,1,0
"E00017801",6,3,3
"E00017802",5,4,1
"E00017803",0,0,0
"E00017804",10,7,3
"E00017805",0,0,0
"E00017806",3,2,1
"E00017807",1,1,0
"E00017808",1,1,0
"E00017810",1,1,0
"E00017811",2,1,1
"E00017812",7,4,3
"E00017814",5,2,3
"E00017816",3,1,2
"E00017817",1,0,1
"E00017818",3,3,0
"E00017819",1,0,1
"E00017820",7,4,3
"E00017821",8,3,5
"E00017822",6,3,3
"E00017823",7,5,2
"E00017824",0,0,0
"E00017825",0,0,0
"E00017826",3,1,2
"E00017827",7,5,2
"E00017828",1,1,0
"E00017829",4,1,3
"E00017830",1,0,1
"E00017833",0,0,0
"E00017834",4,2,2
"E00017835",5,3,2
"E00017836",7,4,3
"E00017837",5,2,3
"E00017838",2,2,0
"E00017839",4,3,1
"E00017840",2,0,2
"E00017841",2,0,2
"E00017842",14,9,5
"E00017843",4,1,3
"E00017844",1,1,0
"E00017845",5,2,3
"E00017846",1,1,0
"E00017847",5,1,4
"E00017848",2,2,0
"E00017849",4,3,1
"E00017850",9,4,5
"E00017851",5,1,4
"E00017852",6,6,0
"E00017853",2,1,1
"E00017854",2,0,2
"E00017855",3,1,2
"E00017856",1,0,1
"E00017857",9,2,7
"E00017858",3,0,3
"E00017860",1,1,0
"E00017861",10,3,7
"E00017862",0,0,0
"E00017863",7,3,4
"E00017865",1,1,0
"E00017866",1,0,1
"E00017867",2,1,1
"E00017870",0,0,0
"E00017871",2,2,0
"E00017872",3,2,1
"E00017873",8,5,3
"E00017874",0,0,0
"E00017875",1,1,0
"E00017876",1,1,0
"E00017877",1,1,0
"E00017878",0,0,0
"E00017879",5,3,2
"E00017880",3,1,2
"E00017881",3,1,2
"E00017882",1,0,1
"E00017883",0,0,0
"E00017884",2,1,1
"E00017885",1,0,1
"E00017886",5,3,2
"E00017887",0,0,0
"E00017888",1,1,0
"E00017889",2,2,0
"E00017890",1,1,0
"E00017891",1,0,1
"E00017892",3,0,3
"E00017893",6,3,3
"E00017894",3,3,0
"E00017895",0,0,0
"E00017896",1,0,1
"E00017897",4,2,2
"E00017898",2,2,0
"E00017899",2,2,0
"E00017900",2,0,2
"E00017901",4,3,1
"E00017903",4,2,2
"E00017904",6,3,3
"E00017905",7,5,2
"E00017906",11,7,4
"E00017907",4,2,2
"E00017908",7,3,4
"E00017909",2,0,2
"E00017910",1,0,1
"E00017911",2,0,2
"E00017912",3,1,2
"E00017913",4,3,1
"E00017914",1,0,1
"E00017915",7,4,3
"E00017916",5,4,1
"E00017917",2,2,0
"E00017918",6,5,1
"E00017919",4,1,3
"E00017920",0,0,0
"E00017921",4,3,1
"E00017922",5,2,3
"E00017923",1,0,1
"E00017924",0,0,0
"E00017925",1,0,1
"E00017926",4,2,2
"E00017927",5,1,4
"E00017928",6,3,3
"E00017930",4,1,3
"E00017931",0,0,0
"E00017932",0,0,0
"E00017933",0,0,0
"E00017934",4,2,2
"E00017935",4,2,2
"E00017936",3,2,1
"E00017937",1,0,1
"E00017938",0,0,0
"E00017939",0,0,0
"E00017940",3,2,1
"E00017941",6,4,2
"E00017942",3,1,2
"E00017943",4,4,0
"E00017944",13,7,6
"E00017945",4,2,2
"E00017946",7,4,3
"E00017947",1,1,0
"E00017948",0,0,0
"E00017949",0,0,0
"E00017950",4,2,2
"E00017952",3,1,2
"E00017953",8,5,3
"E00017954",3,2,1
"E00017955",2,1,1
"E00017956",2,1,1
"E00017957",5,2,3
"E00017958",0,0,0
"E00017959",1,1,0
"E00017960",3,3,0
"E00017961",2,2,0
"E00017962",0,0,0
"E00017963",0,0,0
"E00017965",4,1,3
"E00017966",3,1,2
"E00017967",4,3,1
"E00017968",1,0,1
"E00017969",5,1,4
"E00017970",7,1,6
"E00017971",6,1,5
"E00017972",0,0,0
"E00017973",1,1,0
"E00017974",2,2,0
"E00017975",1,0,1
"E00017976",0,0,0
"E00017977",6,2,4
"E00017978",0,0,0
"E00017979",3,0,3
"E00017980",6,2,4
"E00017981",5,3,2
"E00017982",0,0,0
"E00017983",3,2,1
"E00017984",7,4,3
"E00017985",1,1,0
"E00017986",1,1,0
"E00017987",8,4,4
"E00017988",1,1,0
"E00017989",1,1,0
"E00017990",4,1,3
"E00017991",4,3,1
"E00017992",4,3,1
"E00017993",6,4,2
"E00017994",1,0,1
"E00017995",10,3,7
"E00017996",0,0,0
"E00017997",1,1,0
"E00017999",0,0,0
"E00018000",2,0,2
"E00018001",0,0,0
"E00018003",3,3,0
"E00018004",6,3,3
"E00018005",2,2,0
"E00018006",3,2,1
"E00018007",3,1,2
"E00018008",0,0,0
"E00018009",10,4,6
"E00018010",1,1,0
"E00018011",12,7,5
"E00018012",4,3,1
"E00018013",2,2,0
"E00018014",1,0,1
"E00018015",3,1,2
"E00018016",2,0,2
"E00018017",3,1,2
"E00018018",8,2,6
"E00018019",13,9,4
"E00018020",3,3,0
"E00018021",4,2,2
"E00018022",2,1,1
"E00018023",3,3,0
"E00018024",8,4,4
"E00018025",8,6,2
"E00018026",3,1,2
"E00018027",4,3,1
"E00018028",8,1,7
"E00018029",1,0,1
"E00018030",6,4,2
"E00018031",7,2,5
"E00018032",4,2,2
"E00018033",11,9,2
"E00018034",0,0,0
"E00018035",0,0,0
"E00018036",4,2,2
"E00018037",2,1,1
"E00018038",2,1,1
"E00018039",6,4,2
"E00018040",0,0,0
"E00018041",1,0,1
"E00018042",1,1,0
"E00018043",1,1,0
"E00018044",0,0,0
"E00018045",1,0,1
"E00018046",3,1,2
"E00018047",6,5,1
"E00018048",4,3,1
"E00018049",3,3,0
"E00018050",5,4,1
"E00018051",1,1,0
"E00018052",5,4,1
"E00018053",3,0,3
"E00018054",1,0,1
"E00018055",0,0,0
"E00018056",0,0,0
"E00018057",3,1,2
"E00018058",6,5,1
"E00018059",1,1,0
"E00018060",3,2,1
"E00018061",0,0,0
"E00018062",5,4,1
"E00018063",3,1,2
"E00018064",0,0,0
"E00018065",1,0,1
"E00018066",0,0,0
"E00018067",3,1,2
"E00018068",2,2,0
"E00018069",1,0,1
"E00018070",2,0,2
"E00018071",8,7,1
"E00018072",18,16,2
"E00018073",6,5,1
"E00018074",1,1,0
"E00018075",0,0,0
"E00018076",4,2,2
"E00018077",3,0,3
"E00018078",4,1,3
"E00018079",4,2,2
"E00018080",5,2,3
"E00018081",3,2,1
"E00018082",3,0,3
"E00018083",5,2,3
"E00018084",5,2,3
"E00018085",1,0,1
"E00018086",7,4,3
"E00018087",0,0,0
"E00018088",1,0,1
"E00018089",3,1,2
"E00018090",5,4,1
"E00018091",2,1,1
"E00018092",2,2,0
"E00018093",9,2,7
"E00018094",7,6,1
"E00018095",3,0,3
"E00018096",2,0,2
"E00018097",14,7,7
"E00018098",4,2,2
"E00018099",0,0,0
"E00018100",1,1,0
"E00018101",0,0,0
"E00018102",9,3,6
"E00018104",0,0,0
"E00018105",4,3,1
"E00018106",4,3,1
"E00018107",0,0,0
"E00018108",2,1,1
"E00018109",2,2,0
"E00018111",2,1,1
"E00018112",1,0,1
"E00018113",0,0,0
"E00018114",1,1,0
"E00018115",4,2,2
"E00018116",9,5,4
"E00018117",0,0,0
"E00018118",2,2,0
"E00018119",0,0,0
"E00018120",5,3,2
"E00018121",2,1,1
"E00018122",0,0,0
"E00018123",5,1,4
"E00018124",5,4,1
"E00018125",1,1,0
"E00018126",9,4,5
"E00018127",0,0,0
"E00018129",3,2,1
"E00018130",1,0,1
"E00018131",1,1,0
"E00018132",1,0,1
"E00018133",4,3,1
"E00018134",3,2,1
"E00018135",8,3,5
"E00018136",2,2,0
"E00018137",3,2,1
"E00018138",6,5,1
"E00018139",2,1,1
"E00018140",0,0,0
"E00018141",4,2,2
"E00018142",5,3,2
"E00018143",2,1,1
"E00018144",0,0,0
"E00018145",2,2,0
"E00018146",1,0,1
"E00018147",10,8,2
"E00018148",1,0,1
"E00018149",4,3,1
"E00018150",3,1,2
"E00018151",2,1,1
"E00018152",0,0,0
"E00018153",4,3,1
"E00018154",5,2,3
"E00018155",3,1,2
"E00018156",1,0,1
"E00018157",2,1,1
"E00018158",4,2,2
"E00018159",4,2,2
"E00018160",6,3,3
"E00018161",1,1,0
"E00018162",5,3,2
"E00018163",2,1,1
"E00018164",3,1,2
"E00018165",0,0,0
"E00018166",4,2,2
"E00018167",0,0,0
"E00018168",0,0,0
"E00018169",2,2,0
"E00018170",4,2,2
"E00018171",1,0,1
"E00018172",2,1,1
"E00018173",2,1,1
"E00018174",8,4,4
"E00018175",0,0,0
"E00018176",6,5,1
"E00018177",7,6,1
"E00018178",8,4,4
"E00018179",1,1,0
"E00018180",4,1,3
"E00018181",2,1,1
"E00018182",5,3,2
"E00018183",2,0,2
"E00018184",3,0,3
"E00018185",4,4,0
"E00018186",2,0,2
"E00018187",0,0,0
"E00018188",7,4,3
"E00018189",4,3,1
"E00018190",1,0,1
"E00018191",7,5,2
"E00018192",4,2,2
"E00018193",1,0,1
"E00018194",0,0,0
"E00018195",6,3,3
"E00018197",1,0,1
"E00018198",4,3,1
"E00018199",6,3,3
"E00018201",7,4,3
"E00018204",0,0,0
"E00018205",3,1,2
"E00018206",1,1,0
"E00018208",1,1,0
"E00018209",0,0,0
"E00018210",5,2,3
"E00018211",2,2,0
"E00018212",7,4,3
"E00018213",7,4,3
"E00018214",3,1,2
"E00018215",5,2,3
"E00018216",2,1,1
"E00018218",0,0,0
"E00018220",2,1,1
"E00018221",5,2,3
"E00018222",6,3,3
"E00018223",3,2,1
"E00018224",0,0,0
"E00018225",2,2,0
"E00018226",6,3,3
"E00018227",5,2,3
"E00018230",5,3,2
"E00018231",3,1,2
"E00018232",2,1,1
"E00018233",3,0,3
"E00018235",1,0,1
"E00018236",3,1,2
"E00018237",3,2,1
"E00018238",6,2,4
"E00018239",2,2,0
"E00018240",2,0,2
"E00018241",0,0,0
"E00018242",0,0,0
"E00018243",6,2,4
"E00018244",1,1,0
"E00018246",0,0,0
"E00018250",1,0,1
"E00018251",6,4,2
"E00018252",4,2,2
"E00018253",11,7,4
"E00018254",1,1,0
"E00018255",0,0,0
"E00018257",0,0,0
"E00018259",3,3,0
"E00018260",0,0,0
"E00018262",2,1,1
"E00018263",0,0,0
"E00018264",3,0,3
"E00018267",0,0,0
"E00018268",2,0,2
"E00018269",5,1,4
"E00018270",1,1,0
"E00018271",2,1,1
"E00018272",4,2,2
"E00018273",3,2,1
"E00018274",2,2,0
"E00018275",6,5,1
"E00018276",9,6,3
"E00018277",6,5,1
"E00018278",1,1,0
"E00018279",0,0,0
"E00018280",5,2,3
"E00018282",0,0,0
"E00018283",8,7,1
"E00018284",3,1,2
"E00018285",2,2,0
"E00018286",1,0,1
"E00018287",8,7,1
"E00018288",4,2,2
"E00018289",7,3,4
"E00018290",6,6,0
"E00018291",2,0,2
"E00018292",0,0,0
"E00018293",0,0,0
"E00018294",9,4,5
"E00018295",3,0,3
"E00018296",3,2,1
"E00018297",4,0,4
"E00018298",5,3,2
"E00018299",0,0,0
"E00018300",2,0,2
"E00018301",1,1,0
"E00018302",1,1,0
"E00018303",2,2,0
"E00018304",4,1,3
"E00018305",0,0,0
"E00018306",2,0,2
"E00018307",2,1,1
"E00018308",2,2,0
"E00018309",6,4,2
"E00018310",3,2,1
"E00018311",0,0,0
"E00018312",2,2,0
"E00018313",1,0,1
"E00018314",3,1,2
"E00018315",0,0,0
"E00018316",1,0,1
"E00018317",4,2,2
"E00018318",3,2,1
"E00018319",0,0,0
"E00018320",2,2,0
"E00018321",1,0,1
"E00018322",3,1,2
"E00018323",2,1,1
"E00018324",1,1,0
"E00018325",0,0,0
"E00018326",4,2,2
"E00018327",3,2,1
"E00018328",3,3,0
"E00018329",2,2,0
"E00018330",2,1,1
"E00018331",0,0,0
"E00018332",9,3,6
"E00018333",0,0,0
"E00018334",0,0,0
"E00018335",4,1,3
"E00018336",4,1,3
"E00018337",2,0,2
"E00018338",4,1,3
"E00018339",10,4,6
"E00018340",9,6,3
"E00018341",0,0,0
"E00018342",5,3,2
"E00018343",5,2,3
"E00018344",4,2,2
"E00018345",6,4,2
"E00018346",6,5,1
"E00018347",7,4,3
"E00018348",4,2,2
"E00018349",7,3,4
"E00018350",8,5,3
"E00018351",8,4,4
"E00018352",1,0,1
"E00018353",3,0,3
"E00018354",8,1,7
"E00018355",2,1,1
"E00018356",10,5,5
"E00018357",1,1,0
"E00018358",10,5,5
"E00018359",6,2,4
"E00018360",12,8,4
"E00018361",0,0,0
"E00018362",4,1,3
"E00018363",13,6,7
"E00018364",6,3,3
"E00018365",5,3,2
"E00018366",17,9,8
"E00018367",8,6,2
"E00018368",1,1,0
"E00018370",7,1,6
"E00018371",5,2,3
"E00018372",3,2,1
"E00018373",2,0,2
"E00018374",19,8,11
"E00018375",14,10,4
"E00018376",0,0,0
"E00018377",14,9,5
"E00018378",3,2,1
"E00018379",6,5,1
"E00018380",11,4,7
"E00018381",0,0,0
"E00018382",11,6,5
"E00018383",8,3,5
"E00018384",5,4,1
"E00018385",7,6,1
"E00018386",10,7,3
"E00018387",4,4,0
"E00018388",7,2,5
"E00018389",13,6,7
"E00018390",8,3,5
"E00018391",4,2,2
"E00018392",8,7,1
"E00018393",2,2,0
"E00018394",7,4,3
"E00018395",7,3,4
"E00018396",7,3,4
"E00018397",10,5,5
"E00018398",12,4,8
"E00018399",6,2,4
"E00018400",19,8,11
"E00018401",2,1,1
"E00018402",12,8,4
"E00018403",4,2,2
"E00018404",17,7,10
"E00018405",0,0,0
"E00018406",6,3,3
"E00018407",6,4,2
"E00018408",1,1,0
"E00018409",6,3,3
"E00018410",3,1,2
"E00018411",3,1,2
"E00018412",1,0,1
"E00018413",6,3,3
"E00018414",10,3,7
"E00018415",13,6,7
"E00018416",2,0,2
"E00018417",6,4,2
"E00018418",2,1,1
"E00018419",5,4,1
"E00018420",3,3,0
"E00018421",5,3,2
"E00018422",1,1,0
"E00018423",7,2,5
"E00018424",3,0,3
"E00018425",0,0,0
"E00018426",0,0,0
"E00018427",0,0,0
"E00018428",2,0,2
"E00018429",0,0,0
"E00018430",4,2,2
"E00018431",2,1,1
"E00018432",4,3,1
"E00018433",5,4,1
"E00018434",6,1,5
"E00018435",5,3,2
"E00018436",7,3,4
"E00018437",5,3,2
"E00018438",6,1,5
"E00018439",2,2,0
"E00018440",4,3,1
"E00018441",6,1,5
"E00018442",2,0,2
"E00018443",9,5,4
"E00018444",1,0,1
"E00018445",0,0,0
"E00018446",1,1,0
"E00018447",0,0,0
"E00018448",5,2,3
"E00018449",2,1,1
"E00018450",4,1,3
"E00018451",3,2,1
"E00018452",9,4,5
"E00018453",4,2,2
"E00018454",5,4,1
"E00018455",4,2,2
"E00018456",0,0,0
"E00018457",9,6,3
"E00018458",9,4,5
"E00018459",5,3,2
"E00018460",8,5,3
"E00018462",2,1,1
"E00018463",5,2,3
"E00018464",8,5,3
"E00018465",3,0,3
"E00018466",11,4,7
"E00018467",1,0,1
"E00018468",8,4,4
"E00018469",0,0,0
"E00018470",5,3,2
"E00018471",9,2,7
"E00018472",5,4,1
"E00018473",0,0,0
"E00018474",9,2,7
"E00018475",0,0,0
"E00018476",2,1,1
"E00018477",10,7,3
"E00018478",0,0,0
"E00018480",5,2,3
"E00018481",6,3,3
"E00018482",2,1,1
"E00018483",1,1,0
"E00018484",0,0,0
"E00018485",6,1,5
"E00018486",11,5,6
"E00018488",4,3,1
"E00018489",5,3,2
"E00018490",2,2,0
"E00018491",10,5,5
"E00018492",4,1,3
"E00018494",4,1,3
"E00018495",4,2,2
"E00018496",0,0,0
"E00018497",6,3,3
"E00018498",1,1,0
"E00018499",6,5,1
"E00018500",3,3,0
"E00018501",10,4,6
"E00018502",8,4,4
"E00018503",4,4,0
"E00018504",9,7,2
"E00018505",11,4,7
"E00018506",5,4,1
"E00018507",9,2,7
"E00018508",8,6,2
"E00018509",9,4,5
"E00018510",2,1,1
"E00018511",12,8,4
"E00018512",18,10,8
"E00018513",11,6,5
"E00018514",20,5,15
"E00018515",0,0,0
"E00018516",10,5,5
"E00018517",10,3,7
"E00018518",6,4,2
"E00018519",4,1,3
"E00018520",11,7,4
"E00018521",10,5,5
"E00018522",6,3,3
"E00018523",5,1,4
"E00018524",10,6,4
"E00018525",5,2,3
"E00018526",9,4,5
"E00018527",5,2,3
"E00018528",7,3,4
"E00018529",10,6,4
"E00018530",9,4,5
"E00018531",18,13,5
"E00018532",14,10,4
"E00018533",9,1,8
"E00018534",2,1,1
"E00018535",8,4,4
"E00018536",9,6,3
"E00018537",6,3,3
"E00018538",9,4,5
"E00018539",9,5,4
"E00018540",5,1,4
"E00018541",6,3,3
"E00018542",7,4,3
"E00018543",10,8,2
"E00018544",0,0,0
"E00018545",4,2,2
"E00018546",6,0,6
"E00018548",0,0,0
"E00018549",2,1,1
"E00018550",4,2,2
"E00018551",4,3,1
"E00018552",2,1,1
"E00018553",7,3,4
"E00018554",4,3,1
"E00018555",1,1,0
"E00018556",3,2,1
"E00018557",1,1,0
"E00018558",4,0,4
"E00018559",5,2,3
"E00018560",8,3,5
"E00018561",4,2,2
"E00018562",3,1,2
"E00018563",4,2,2
"E00018564",7,2,5
"E00018565",9,6,3
"E00018566",0,0,0
"E00018567",6,3,3
"E00018568",1,1,0
"E00018569",6,5,1
"E00018570",3,1,2
"E00018571",7,3,4
"E00018572",4,2,2
"E00018573",11,6,5
"E00018574",9,5,4
"E00018575",8,3,5
"E00018576",7,5,2
"E00018577",7,2,5
"E00018578",7,3,4
"E00018579",6,3,3
"E00018580",8,4,4
"E00018581",4,2,2
"E00018582",1,0,1
"E00018583",3,2,1
"E00018584",6,4,2
"E00018585",1,1,0
"E00018586",5,4,1
"E00018587",0,0,0
"E00018588",2,1,1
"E00018589",5,1,4
"E00018590",0,0,0
"E00018591",6,3,3
"E00018592",4,1,3
"E00018594",1,1,0
"E00018595",11,4,7
"E00018596",0,0,0
"E00018597",4,2,2
"E00018598",6,3,3
"E00018599",2,0,2
"E00018600",18,14,4
"E00018601",8,4,4
"E00018602",6,4,2
"E00018603",5,4,1
"E00018604",6,3,3
"E00018605",9,3,6
"E00018606",5,2,3
"E00018607",2,2,0
"E00018608",11,6,5
"E00018610",4,2,2
"E00018611",0,0,0
"E00018612",3,2,1
"E00018613",0,0,0
"E00018614",4,2,2
"E00018615",0,0,0
"E00018616",5,1,4
"E00018617",1,0,1
"E00018618",0,0,0
"E00018619",2,2,0
"E00018620",3,3,0
"E00018621",3,2,1
"E00018622",8,4,4
"E00018623",8,6,2
"E00018624",5,1,4
"E00018625",0,0,0
"E00018626",0,0,0
"E00018628",2,0,2
"E00018629",12,5,7
"E00018630",5,3,2
"E00018631",5,2,3
"E00018632",3,1,2
"E00018633",4,2,2
"E00018634",3,1,2
"E00018635",7,4,3
"E00018636",6,4,2
"E00018637",6,4,2
"E00018638",9,5,4
"E00018639",10,4,6
"E00018640",4,1,3
"E00018641",11,2,9
"E00018642",1,0,1
"E00018643",5,5,0
"E00018644",10,6,4
"E00018646",2,1,1
"E00018647",8,4,4
"E00018648",2,1,1
"E00018649",7,3,4
"E00018650",7,3,4
"E00018651",4,2,2
"E00018652",8,4,4
"E00018653",3,0,3
"E00018654",8,3,5
"E00018655",5,2,3
"E00018656",8,4,4
"E00018657",1,0,1
"E00018658",14,6,8
"E00018659",5,2,3
"E00018660",5,2,3
"E00018661",2,1,1
"E00018662",3,3,0
"E00018663",5,3,2
"E00018664",8,4,4
"E00018665",6,4,2
"E00018666",5,2,3
"E00018667",4,1,3
"E00018668",0,0,0
"E00018669",6,2,4
"E00018670",2,1,1
"E00018671",1,1,0
"E00018672",3,0,3
"E00018673",4,2,2
"E00018674",5,3,2
"E00018675",7,4,3
"E00018676",4,0,4
"E00018677",0,0,0
"E00018678",3,2,1
"E00018679",0,0,0
"E00018680",3,3,0
"E00018681",9,3,6
"E00018683",10,3,7
"E00018684",11,8,3
"E00018685",6,4,2
"E00018686",7,1,6
"E00018687",6,6,0
"E00018688",6,2,4
"E00018689",5,3,2
"E00018690",3,0,3
"E00018691",5,3,2
"E00018692",6,3,3
"E00018693",5,2,3
"E00018694",2,1,1
"E00018695",7,2,5
"E00018696",1,1,0
"E00018697",7,4,3
"E00018698",6,4,2
"E00018699",1,0,1
"E00018700",3,1,2
"E00018701",2,1,1
"E00018702",6,5,1
"E00018703",4,2,2
"E00018704",0,0,0
"E00018705",6,3,3
"E00018706",7,5,2
"E00018707",2,1,1
"E00018708",9,7,2
"E00018709",1,1,0
"E00018710",7,3,4
"E00018711",6,1,5
"E00018712",2,0,2
"E00018713",1,0,1
"E00018714",2,1,1
"E00018715",2,1,1
"E00018716",4,0,4
"E00018717",4,2,2
"E00018718",5,0,5
"E00018719",5,1,4
"E00018720",5,1,4
"E00018721",0,0,0
"E00018722",1,0,1
"E00018723",1,1,0
"E00018724",3,2,1
"E00018725",1,0,1
"E00018726",2,0,2
"E00018727",2,0,2
"E00018728",0,0,0
"E00018729",2,2,0
"E00018730",0,0,0
"E00018731",2,1,1
"E00018732",5,3,2
"E00018733",0,0,0
"E00018734",1,1,0
"E00018735",1,0,1
"E00018736",2,1,1
"E00018737",2,1,1
"E00018738",0,0,0
"E00018739",1,1,0
"E00018740",2,0,2
"E00018741",1,1,0
"E00018742",4,4,0
"E00018743",2,0,2
"E00018744",1,0,1
"E00018745",4,3,1
"E00018746",0,0,0
"E00018747",4,3,1
"E00018748",4,2,2
"E00018749",4,4,0
"E00018750",0,0,0
"E00018751",1,1,0
"E00018752",1,1,0
"E00018753",2,0,2
"E00018754",13,8,5
"E00018755",1,1,0
"E00018756",2,1,1
"E00018757",1,1,0
"E00018758",3,1,2
"E00018759",5,4,1
"E00018760",1,0,1
"E00018761",0,0,0
"E00018762",2,1,1
"E00018763",9,2,7
"E00018764",0,0,0
"E00018765",4,2,2
"E00018766",6,5,1
"E00018767",2,2,0
"E00018768",4,1,3
"E00018769",0,0,0
"E00018770",0,0,0
"E00018771",2,1,1
"E00018773",1,0,1
"E00018774",4,2,2
"E00018775",6,2,4
"E00018776",0,0,0
"E00018777",7,6,1
"E00018778",5,1,4
"E00018779",5,5,0
"E00018780",3,3,0
"E00018781",7,2,5
"E00018784",2,1,1
"E00018785",3,1,2
"E00018786",3,2,1
"E00018787",7,2,5
"E00018788",1,0,1
"E00018789",4,3,1
"E00018790",3,2,1
"E00018791",5,3,2
"E00018792",1,1,0
"E00018793",6,4,2
"E00018795",7,3,4
"E00018796",3,1,2
"E00018797",2,0,2
"E00018798",1,0,1
"E00018799",0,0,0
"E00018800",6,4,2
"E00018801",4,3,1
"E00018802",3,1,2
"E00018803",7,2,5
"E00018804",0,0,0
"E00018805",0,0,0
"E00018806",4,1,3
"E00018807",7,4,3
"E00018808",9,5,4
"E00018809",2,0,2
"E00018810",6,3,3
"E00018811",9,3,6
"E00018812",3,1,2
"E00018813",5,1,4
"E00018814",9,1,8
"E00018815",6,4,2
"E00018816",11,3,8
"E00018817",7,2,5
"E00018818",1,1,0
"E00018819",9,4,5
"E00018820",0,0,0
"E00018821",1,1,0
"E00018822",10,5,5
"E00018823",5,3,2
"E00018824",9,4,5
"E00018825",9,5,4
"E00018826",5,1,4
"E00018827",3,1,2
"E00018828",4,3,1
"E00018829",4,2,2
"E00018830",8,5,3
"E00018831",10,5,5
"E00018832",12,4,8
"E00018833",1,1,0
"E00018834",11,7,4
"E00018835",12,5,7
"E00018836",8,5,3
"E00018837",13,5,8
"E00018838",1,0,1
"E00018839",9,7,2
"E00018840",19,6,13
"E00018841",4,1,3
"E00018842",14,6,8
"E00018843",17,3,14
"E00018844",11,9,2
"E00018845",2,1,1
"E00018846",11,7,4
"E00018847",13,4,9
"E00018848",11,7,4
"E00018849",8,5,3
"E00018850",1,1,0
"E00018851",2,1,1
"E00018852",4,4,0
"E00018853",9,4,5
"E00018854",2,1,1
"E00018855",10,4,6
"E00018857",2,1,1
"E00018858",5,2,3
"E00018859",5,3,2
"E00018860",8,5,3
"E00018861",10,5,5
"E00018862",6,3,3
"E00018863",8,5,3
"E00018864",9,4,5
"E00018865",8,2,6
"E00018866",0,0,0
"E00018867",6,1,5
"E00018868",5,2,3
"E00018869",6,2,4
"E00018870",7,6,1
"E00018871",3,2,1
"E00018872",9,4,5
"E00018873",1,0,1
"E00018874",9,4,5
"E00018875",10,4,6
"E00018876",0,0,0
"E00018877",6,5,1
"E00018878",10,6,4
"E00018879",8,5,3
"E00018880",6,2,4
"E00018881",0,0,0
"E00018883",9,5,4
"E00018884",7,4,3
"E00018885",7,6,1
"E00018886",6,1,5
"E00018887",0,0,0
"E00018888",5,3,2
"E00018889",5,4,1
"E00018890",7,5,2
"E00018891",9,5,4
"E00018892",3,3,0
"E00018893",4,2,2
"E00018894",7,6,1
"E00018895",4,2,2
"E00018896",3,2,1
"E00018897",2,1,1
"E00018898",4,1,3
"E00018899",7,4,3
"E00018900",17,7,10
"E00018901",2,0,2
"E00018902",0,0,0
"E00018903",7,5,2
"E00018904",4,2,2
"E00018905",3,3,0
"E00018906",0,0,0
"E00018907",1,1,0
"E00018908",0,0,0
"E00018909",3,2,1
"E00018910",8,5,3
"E00018911",1,0,1
"E00018912",8,5,3
"E00018913",4,1,3
"E00018914",4,3,1
"E00018915",0,0,0
"E00018916",5,1,4
"E00018917",4,3,1
"E00018918",3,3,0
"E00018919",4,3,1
"E00018920",1,0,1
"E00018921",0,0,0
"E00018922",8,3,5
"E00018923",4,1,3
"E00018924",11,5,6
"E00018925",7,3,4
"E00018926",2,2,0
"E00018927",6,3,3
"E00018928",9,2,7
"E00018929",2,0,2
"E00018930",6,5,1
"E00018931",2,1,1
"E00018932",4,1,3
"E00018933",9,6,3
"E00018934",3,2,1
"E00018935",8,4,4
"E00018936",8,5,3
"E00018937",1,0,1
"E00018938",4,2,2
"E00018939",2,1,1
"E00018943",7,2,5
"E00018944",4,4,0
"E00018945",10,5,5
"E00018946",4,1,3
"E00018947",5,3,2
"E00018948",1,1,0
"E00018949",6,2,4
"E00018950",3,1,2
"E00018951",9,3,6
"E00018952",9,8,1
"E00018953",8,4,4
"E00018954",0,0,0
"E00018955",7,3,4
"E00018956",8,2,6
"E00018957",3,2,1
"E00018958",3,2,1
"E00018959",14,7,7
"E00018960",9,7,2
"E00018961",2,1,1
"E00018962",5,2,3
"E00018963",4,0,4
"E00018964",5,3,2
"E00018965",1,1,0
"E00018966",3,0,3
"E00018967",6,2,4
"E00018968",7,4,3
"E00018969",2,1,1
"E00018970",6,6,0
"E00018971",3,1,2
"E00018972",1,1,0
"E00018973",1,1,0
"E00018974",6,4,2
"E00018975",0,0,0
"E00018976",9,4,5
"E00018977",8,3,5
"E00018978",13,6,7
"E00018979",7,5,2
"E00018980",1,1,0
"E00018981",7,4,3
"E00018982",7,1,6
"E00018983",1,0,1
"E00018984",10,6,4
"E00018985",1,1,0
"E00018986",0,0,0
"E00018987",0,0,0
"E00018988",2,1,1
"E00018989",0,0,0
"E00018990",1,1,0
"E00018991",0,0,0
"E00018992",0,0,0
"E00018993",3,1,2
"E00018994",4,2,2
"E00018995",2,2,0
"E00018996",6,3,3
"E00018997",0,0,0
"E00018998",0,0,0
"E00018999",0,0,0
"E00019000",2,1,1
"E00019001",1,1,0
"E00019002",5,3,2
"E00019003",0,0,0
"E00019004",2,0,2
"E00019005",1,1,0
"E00019006",2,2,0
"E00019007",6,3,3
"E00019008",2,2,0
"E00019009",3,3,0
"E00019010",2,1,1
"E00019011",1,1,0
"E00019012",0,0,0
"E00019013",1,1,0
"E00019014",1,0,1
"E00019015",2,1,1
"E00019016",7,4,3
"E00019017",2,1,1
"E00019018",3,3,0
"E00019019",3,2,1
"E00019020",1,0,1
"E00019022",0,0,0
"E00019023",0,0,0
"E00019024",4,1,3
"E00019025",2,0,2
"E00019026",4,2,2
"E00019027",13,6,7
"E00019028",7,3,4
"E00019029",7,4,3
"E00019030",1,1,0
"E00019031",3,1,2
"E00019032",8,2,6
"E00019033",3,3,0
"E00019034",7,4,3
"E00019035",4,2,2
"E00019036",3,2,1
"E00019037",16,11,5
"E00019038",1,1,0
"E00019039",10,4,6
"E00019040",4,2,2
"E00019041",4,2,2
"E00019042",6,1,5
"E00019043",12,5,7
"E00019044",7,3,4
"E00019045",0,0,0
"E00019046",14,8,6
"E00019047",3,1,2
"E00019048",0,0,0
"E00019049",16,5,11
"E00019050",6,4,2
"E00019051",15,7,8
"E00019052",13,9,4
"E00019053",1,1,0
"E00019054",6,4,2
"E00019055",11,7,4
"E00019056",10,5,5
"E00019057",1,1,0
"E00019058",9,3,6
"E00019059",7,4,3
"E00019060",1,1,0
"E00019061",7,3,4
"E00019062",6,6,0
"E00019063",3,2,1
"E00019064",5,2,3
"E00019065",0,0,0
"E00019066",10,2,8
"E00019067",5,2,3
"E00019068",5,2,3
"E00019069",2,0,2
"E00019070",4,0,4
"E00019071",9,7,2
"E00019072",4,1,3
"E00019073",2,1,1
"E00019074",10,4,6
"E00019075",20,7,13
"E00019076",2,2,0
"E00019077",4,3,1
"E00019078",10,5,5
"E00019079",5,2,3
"E00019080",0,0,0
"E00019081",7,4,3
"E00019082",2,1,1
"E00019083",11,6,5
"E00019084",4,2,2
"E00019085",10,6,4
"E00019086",1,1,0
"E00019087",17,10,7
"E00019088",2,0,2
"E00019089",11,6,5
"E00019090",5,3,2
"E00019091",9,4,5
"E00019092",4,3,1
"E00019093",5,3,2
"E00019094",13,4,9
"E00019095",7,2,5
"E00019096",18,12,6
"E00019097",25,13,12
"E00019098",30,16,14
"E00019099",13,7,6
"E00019100",17,8,9
"E00019101",14,8,6
"E00019102",10,4,6
"E00019103",8,4,4
"E00019104",4,1,3
"E00019105",0,0,0
"E00019106",19,14,5
"E00019107",7,6,1
"E00019108",1,1,0
"E00019109",5,2,3
"E00019110",21,12,9
"E00019111",10,7,3
"E00019112",20,6,14
"E00019113",2,0,2
"E00019114",3,2,1
"E00019115",2,1,1
"E00019116",12,4,8
"E00019117",6,3,3
"E00019118",13,6,7
"E00019119",6,5,1
"E00019120",0,0,0
"E00019121",1,1,0
"E00019122",1,1,0
"E00019123",9,4,5
"E00019124",13,8,5
"E00019125",4,4,0
"E00019126",2,1,1
"E00019127",8,5,3
"E00019128",14,8,6
"E00019129",0,0,0
"E00019130",6,2,4
"E00019131",9,4,5
"E00019132",9,6,3
"E00019133",7,4,3
"E00019134",25,16,9
"E00019135",5,3,2
"E00019136",6,1,5
"E00019137",22,14,8
"E00019138",4,3,1
"E00019139",15,7,8
"E00019140",20,13,7
"E00019141",15,7,8
"E00019142",6,4,2
"E00019143",7,3,4
"E00019144",6,2,4
"E00019145",7,5,2
"E00019146",3,3,0
"E00019147",10,5,5
"E00019148",14,9,5
"E00019149",11,7,4
"E00019150",1,0,1
"E00019151",1,0,1
"E00019152",19,7,12
"E00019153",7,3,4
"E00019154",11,6,5
"E00019155",0,0,0
"E00019156",10,5,5
"E00019157",4,0,4
"E00019158",6,4,2
"E00019159",3,2,1
"E00019160",6,2,4
"E00019161",12,7,5
"E00019162",5,3,2
"E00019163",3,0,3
"E00019164",10,7,3
"E00019165",8,6,2
"E00019166",2,1,1
"E00019167",3,1,2
"E00019168",7,5,2
"E00019169",3,1,2
"E00019170",7,4,3
"E00019171",1,1,0
"E00019172",6,1,5
"E00019173",6,2,4
"E00019174",6,3,3
"E00019175",2,2,0
"E00019176",3,2,1
"E00019177",6,4,2
"E00019178",13,8,5
"E00019179",5,3,2
"E00019180",7,4,3
"E00019181",1,1,0
"E00019182",1,0,1
"E00019183",6,1,5
"E00019184",0,0,0
"E00019185",4,0,4
"E00019186",4,3,1
"E00019187",2,2,0
"E00019188",1,0,1
"E00019189",4,3,1
"E00019190",4,2,2
"E00019191",4,1,3
"E00019192",2,2,0
"E00019193",3,3,0
"E00019194",1,0,1
"E00019195",5,2,3
"E00019196",4,2,2
"E00019197",7,1,6
"E00019198",2,2,0
"E00019199",15,9,6
"E00019200",4,3,1
"E00019201",2,1,1
"E00019202",21,14,7
"E00019203",7,3,4
"E00019204",6,4,2
"E00019205",10,3,7
"E00019206",7,4,3
"E00019207",2,1,1
"E00019208",0,0,0
"E00019209",2,1,1
"E00019210",13,8,5
"E00019211",9,6,3
"E00019212",1,1,0
"E00019213",16,11,5
"E00019214",11,7,4
"E00019215",8,5,3
"E00019216",8,3,5
"E00019217",10,4,6
"E00019218",15,7,8
"E00019219",8,3,5
"E00019220",6,3,3
"E00019221",11,7,4
"E00019222",7,3,4
"E00019223",13,6,7
"E00019224",5,3,2
"E00019225",3,3,0
"E00019226",13,7,6
"E00019227",4,2,2
"E00019228",1,1,0
"E00019229",2,1,1
"E00019230",4,2,2
"E00019231",7,7,0
"E00019232",3,2,1
"E00019233",2,1,1
"E00019234",10,5,5
"E00019235",9,3,6
"E00019236",0,0,0
"E00019237",6,2,4
"E00019238",7,4,3
"E00019239",6,4,2
"E00019240",19,11,8
"E00019241",8,3,5
"E00019242",5,4,1
"E00019243",6,3,3
"E00019244",6,0,6
"E00019245",0,0,0
"E00019246",6,3,3
"E00019247",4,1,3
"E00019248",0,0,0
"E00019249",9,8,1
"E00019250",10,6,4
"E00019251",4,3,1
"E00019252",4,2,2
"E00019253",10,8,2
"E00019254",7,6,1
"E00019255",2,2,0
"E00019256",11,7,4
"E00019257",8,4,4
"E00019258",2,0,2
"E00019259",4,2,2
"E00019260",1,1,0
"E00019261",5,1,4
"E00019262",10,8,2
"E00019263",7,3,4
"E00019264",5,2,3
"E00019265",9,5,4
"E00019266",2,1,1
"E00019267",1,1,0
"E00019268",5,2,3
"E00019269",1,1,0
"E00019270",3,1,2
"E00019271",13,8,5
"E00019272",5,4,1
"E00019273",3,1,2
"E00019274",0,0,0
"E00019275",1,0,1
"E00019276",8,5,3
"E00019277",6,2,4
"E00019278",4,3,1
"E00019279",3,2,1
"E00019280",4,3,1
"E00019281",11,5,6
"E00019282",19,12,7
"E00019283",9,3,6
"E00019284",10,4,6
"E00019285",4,0,4
"E00019286",14,8,6
"E00019287",8,5,3
"E00019288",11,6,5
"E00019289",2,0,2
"E00019290",8,4,4
"E00019291",26,16,10
"E00019292",10,6,4
"E00019293",5,2,3
"E00019294",10,6,4
"E00019295",6,3,3
"E00019296",8,6,2
"E00019297",4,1,3
"E00019298",6,5,1
"E00019299",4,0,4
"E00019300",6,3,3
"E00019301",2,2,0
"E00019302",4,2,2
"E00019303",0,0,0
"E00019304",1,0,1
"E00019305",9,4,5
"E00019306",6,4,2
"E00019307",1,1,0
"E00019308",0,0,0
"E00019309",4,2,2
"E00019310",9,2,7
"E00019311",4,2,2
"E00019312",4,0,4
"E00019313",2,1,1
"E00019314",0,0,0
"E00019315",4,2,2
"E00019316",6,3,3
"E00019317",3,0,3
"E00019318",5,4,1
"E00019319",0,0,0
"E00019320",2,2,0
"E00019321",1,1,0
"E00019322",9,3,6
"E00019323",5,1,4
"E00019324",5,5,0
"E00019325",6,3,3
"E00019326",4,1,3
"E00019327",7,3,4
"E00019328",13,8,5
"E00019329",2,1,1
"E00019330",4,1,3
"E00019331",14,7,7
"E00019332",4,2,2
"E00019333",5,3,2
"E00019334",0,0,0
"E00019335",10,4,6
"E00019336",8,5,3
"E00019337",4,2,2
"E00019338",1,0,1
"E00019339",8,3,5
"E00019340",11,5,6
"E00019341",6,4,2
"E00019342",10,6,4
"E00019343",7,6,1
"E00019344",17,8,9
"E00019345",10,5,5
"E00019346",8,2,6
"E00019347",3,2,1
"E00019348",7,4,3
"E00019349",11,4,7
"E00019350",1,0,1
"E00019351",7,0,7
"E00019352",5,1,4
"E00019353",9,4,5
"E00019354",17,10,7
"E00019355",8,2,6
"E00019356",12,5,7
"E00019358",7,2,5
"E00019359",5,3,2
"E00019360",1,0,1
"E00019361",2,1,1
"E00019362",3,2,1
"E00019363",0,0,0
"E00019364",3,2,1
"E00019365",10,4,6
"E00019366",12,9,3
"E00019367",10,7,3
"E00019368",4,2,2
"E00019369",3,2,1
"E00019370",2,1,1
"E00019371",10,4,6
"E00019372",8,4,4
"E00019373",5,2,3
"E00019374",10,7,3
"E00019375",4,0,4
"E00019376",4,3,1
"E00019377",5,4,1
"E00019378",3,2,1
"E00019379",4,1,3
"E00019380",0,0,0
"E00019381",3,2,1
"E00019382",3,1,2
"E00019383",3,1,2
"E00019384",0,0,0
"E00019385",3,1,2
"E00019386",3,1,2
"E00019387",6,3,3
"E00019388",1,1,0
"E00019389",2,1,1
"E00019390",2,1,1
"E00019391",4,2,2
"E00019392",12,7,5
"E00019393",3,1,2
"E00019394",7,3,4
"E00019395",15,7,8
"E00019396",3,2,1
"E00019397",4,1,3
"E00019398",9,6,3
"E00019399",4,3,1
"E00019400",20,10,10
"E00019401",3,3,0
"E00019402",2,0,2
"E00019403",7,5,2
"E00019404",11,4,7
"E00019405",10,3,7
"E00019406",5,1,4
"E00019407",3,2,1
"E00019408",2,1,1
"E00019409",3,2,1
"E00019410",3,1,2
"E00019411",6,4,2
"E00019412",3,2,1
"E00019413",9,4,5
"E00019414",9,5,4
"E00019415",0,0,0
"E00019416",3,2,1
"E00019417",6,2,4
"E00019418",8,4,4
"E00019419",5,3,2
"E00019420",4,2,2
"E00019421",1,1,0
"E00019422",6,4,2
"E00019423",7,4,3
"E00019424",5,3,2
"E00019425",3,2,1
"E00019426",1,0,1
"E00019427",2,0,2
"E00019428",8,4,4
"E00019429",11,8,3
"E00019430",10,5,5
"E00019431",9,5,4
"E00019432",0,0,0
"E00019433",2,2,0
"E00019434",7,3,4
"E00019435",3,1,2
"E00019436",7,3,4
"E00019437",1,0,1
"E00019438",1,1,0
"E00019439",0,0,0
"E00019440",2,1,1
"E00019441",8,2,6
"E00019442",7,5,2
"E00019443",4,2,2
"E00019444",7,2,5
"E00019445",9,7,2
"E00019446",1,0,1
"E00019447",9,2,7
"E00019448",7,4,3
"E00019449",4,1,3
"E00019450",3,1,2
"E00019451",12,9,3
"E00019452",7,3,4
"E00019453",3,1,2
"E00019454",4,1,3
"E00019455",5,3,2
"E00019456",8,4,4
"E00019457",3,2,1
"E00019458",4,1,3
"E00019459",5,3,2
"E00019460",1,0,1
"E00019461",5,1,4
"E00019462",4,1,3
"E00019463",9,1,8
"E00019464",5,3,2
"E00019465",10,5,5
"E00019466",3,2,1
"E00019467",2,2,0
"E00019468",5,2,3
"E00019469",9,4,5
"E00019470",2,2,0
"E00019471",4,2,2
"E00019472",1,1,0
"E00019473",8,2,6
"E00019474",19,9,10
"E00019475",8,5,3
"E00019476",23,16,7
"E00019477",3,2,1
"E00019478",1,0,1
"E00019479",0,0,0
"E00019480",3,3,0
"E00019481",10,6,4
"E00019482",9,4,5
"E00019483",4,1,3
"E00019484",7,2,5
"E00019485",0,0,0
"E00019486",5,2,3
"E00019487",7,5,2
"E00019488",2,1,1
"E00019489",15,8,7
"E00019490",0,0,0
"E00019491",12,8,4
"E00019492",8,3,5
"E00019493",6,3,3
"E00019494",3,0,3
"E00019495",6,3,3
"E00019496",2,1,1
"E00019497",8,2,6
"E00019498",4,3,1
"E00019499",13,7,6
"E00019500",9,4,5
"E00019501",4,3,1
"E00019502",2,1,1
"E00019503",3,1,2
"E00019504",8,3,5
"E00019505",8,2,6
"E00019506",23,10,13
"E00019507",2,2,0
"E00019508",0,0,0
"E00019509",5,4,1
"E00019510",6,2,4
"E00019511",4,2,2
"E00019512",0,0,0
"E00019513",0,0,0
"E00019514",5,2,3
"E00019515",2,1,1
"E00019516",2,2,0
"E00019517",11,6,5
"E00019518",6,4,2
"E00019519",2,1,1
"E00019520",1,0,1
"E00019521",17,4,13
"E00019522",6,5,1
"E00019523",8,3,5
"E00019524",2,1,1
"E00019525",1,0,1
"E00019526",6,4,2
"E00019527",2,0,2
"E00019528",1,1,0
"E00019529",0,0,0
"E00019530",4,2,2
"E00019531",5,2,3
"E00019532",8,6,2
"E00019533",3,1,2
"E00019534",3,2,1
"E00019535",5,2,3
"E00019536",9,4,5
"E00019537",15,5,10
"E00019538",7,4,3
"E00019539",14,10,4
"E00019540",13,9,4
"E00019542",7,2,5
"E00019543",6,5,1
"E00019544",2,0,2
"E00019545",8,3,5
"E00019546",5,3,2
"E00019547",5,3,2
"E00019548",7,5,2
"E00019549",13,6,7
"E00019550",2,1,1
"E00019551",6,4,2
"E00019552",3,2,1
"E00019553",8,2,6
"E00019554",8,4,4
"E00019555",0,0,0
"E00019556",5,3,2
"E00019557",10,4,6
"E00019558",3,1,2
"E00019559",2,1,1
"E00019560",1,1,0
"E00019561",2,1,1
"E00019562",14,11,3
"E00019563",0,0,0
"E00019564",6,2,4
"E00019565",14,3,11
"E00019566",6,2,4
"E00019567",4,1,3
"E00019568",0,0,0
"E00019569",3,2,1
"E00019570",12,6,6
"E00019571",14,7,7
"E00019572",8,5,3
"E00019573",3,2,1
"E00019574",4,1,3
"E00019575",12,9,3
"E00019576",0,0,0
"E00019577",15,5,10
"E00019578",3,1,2
"E00019579",1,0,1
"E00019580",9,6,3
"E00019581",3,1,2
"E00019582",2,1,1
"E00019583",2,1,1
"E00019584",3,0,3
"E00019585",7,5,2
"E00019586",4,1,3
"E00019587",4,2,2
"E00019588",6,1,5
"E00019589",2,0,2
"E00019590",10,6,4
"E00019591",8,5,3
"E00019592",2,0,2
"E00019593",9,2,7
"E00019594",16,11,5
"E00019595",13,10,3
"E00019596",3,2,1
"E00019597",4,2,2
"E00019598",0,0,0
"E00019599",9,5,4
"E00019600",0,0,0
"E00019601",2,1,1
"E00019602",6,5,1
"E00019603",0,0,0
"E00019604",2,0,2
"E00019605",2,1,1
"E00019606",9,4,5
"E00019607",4,4,0
"E00019608",14,7,7
"E00019609",4,1,3
"E00019610",6,2,4
"E00019611",2,2,0
"E00019612",3,2,1
"E00019613",3,2,1
"E00019614",8,3,5
"E00019615",1,0,1
"E00019616",3,1,2
"E00019617",5,5,0
"E00019618",2,2,0
"E00019619",7,4,3
"E00019620",1,1,0
"E00019621",3,2,1
"E00019622",2,0,2
"E00019623",1,1,0
"E00019624",4,1,3
"E00019625",3,1,2
"E00019626",9,4,5
"E00019627",2,2,0
"E00019628",6,4,2
"E00019629",5,3,2
"E00019630",7,5,2
"E00019631",1,1,0
"E00019632",1,1,0
"E00019633",3,2,1
"E00019634",8,2,6
"E00019635",7,3,4
"E00019636",6,0,6
"E00019637",4,2,2
"E00019638",2,1,1
"E00019639",7,4,3
"E00019640",2,2,0
"E00019641",6,4,2
"E00019642",8,5,3
"E00019643",1,1,0
"E00019644",1,1,0
"E00019645",3,3,0
"E00019646",4,1,3
"E00019647",3,3,0
"E00019648",2,1,1
"E00019649",1,1,0
"E00019650",4,3,1
"E00019651",4,2,2
"E00019652",7,3,4
"E00019653",5,3,2
"E00019654",1,0,1
"E00019655",8,2,6
"E00019656",8,4,4
"E00019657",5,0,5
"E00019658",1,0,1
"E00019659",2,1,1
"E00019660",3,2,1
"E00019661",7,6,1
"E00019662",6,1,5
"E00019663",2,2,0
"E00019664",6,4,2
"E00019665",7,4,3
"E00019666",6,5,1
"E00019667",6,3,3
"E00019668",0,0,0
"E00019669",2,2,0
"E00019670",8,4,4
"E00019671",2,2,0
"E00019672",3,1,2
"E00019673",7,5,2
"E00019674",1,1,0
"E00019675",4,2,2
"E00019676",4,2,2
"E00019677",6,3,3
"E00019678",5,4,1
"E00019679",13,3,10
"E00019680",5,2,3
"E00019681",9,5,4
"E00019682",4,0,4
"E00019683",4,1,3
"E00019684",5,3,2
"E00019685",5,3,2
"E00019686",5,3,2
"E00019687",3,2,1
"E00019688",4,1,3
"E00019689",3,2,1
"E00019690",3,2,1
"E00019691",10,6,4
"E00019692",5,3,2
"E00019694",7,3,4
"E00019695",1,0,1
"E00019696",0,0,0
"E00019697",2,0,2
"E00019698",9,5,4
"E00019699",5,2,3
"E00019700",3,2,1
"E00019701",2,2,0
"E00019702",4,1,3
"E00019703",5,3,2
"E00019704",13,7,6
"E00019705",2,1,1
"E00019706",4,2,2
"E00019707",2,0,2
"E00019709",3,2,1
"E00019710",0,0,0
"E00019711",4,2,2
"E00019712",2,1,1
"E00019713",6,4,2
"E00019714",8,3,5
"E00019716",4,2,2
"E00019717",8,6,2
"E00019718",1,0,1
"E00019719",7,2,5
"E00019720",7,4,3
"E00019721",0,0,0
"E00019722",0,0,0
"E00019723",3,3,0
"E00019724",2,2,0
"E00019725",5,0,5
"E00019726",3,3,0
"E00019727",3,2,1
"E00019728",7,3,4
"E00019729",2,0,2
"E00019730",5,2,3
"E00019731",6,3,3
"E00019732",15,8,7
"E00019733",4,1,3
"E00019734",6,1,5
"E00019735",6,2,4
"E00019736",2,2,0
"E00019737",5,4,1
"E00019738",2,1,1
"E00019739",3,2,1
"E00019740",4,2,2
"E00019741",0,0,0
"E00019742",1,0,1
"E00019743",7,2,5
"E00019744",2,1,1
"E00019745",4,2,2
"E00019746",2,0,2
"E00019747",4,1,3
"E00019748",9,6,3
"E00019749",4,3,1
"E00019750",5,3,2
"E00019751",7,4,3
"E00019752",6,4,2
"E00019753",4,2,2
"E00019754",6,0,6
"E00019755",0,0,0
"E00019756",3,1,2
"E00019757",5,3,2
"E00019758",0,0,0
"E00019759",9,5,4
"E00019760",4,2,2
"E00019761",1,1,0
"E00019762",0,0,0
"E00019763",2,0,2
"E00019764",1,1,0
"E00019765",2,2,0
"E00019766",1,1,0
"E00019767",4,1,3
"E00019768",6,3,3
"E00019769",1,0,1
"E00019770",6,4,2
"E00019772",5,3,2
"E00019773",0,0,0
"E00019774",3,1,2
"E00019777",0,0,0
"E00019778",0,0,0
"E00019779",1,0,1
"E00019780",5,2,3
"E00019781",4,2,2
"E00019782",3,2,1
"E00019783",0,0,0
"E00019784",1,0,1
"E00019785",4,1,3
"E00019787",6,3,3
"E00019788",2,1,1
"E00019789",4,2,2
"E00019790",5,3,2
"E00019791",0,0,0
"E00019793",0,0,0
"E00019794",0,0,0
"E00019796",1,0,1
"E00019797",7,1,6
"E00019800",5,1,4
"E00019801",0,0,0
"E00019802",3,0,3
"E00019803",2,1,1
"E00019804",4,1,3
"E00019805",5,3,2
"E00019806",2,1,1
"E00019807",4,2,2
"E00019808",4,3,1
"E00019810",0,0,0
"E00019811",1,0,1
"E00019812",0,0,0
"E00019813",12,4,8
"E00019814",6,3,3
"E00019815",8,4,4
"E00019816",0,0,0
"E00019817",0,0,0
"E00019818",4,1,3
"E00019819",0,0,0
"E00019820",4,3,1
"E00019822",4,2,2
"E00019823",2,1,1
"E00019824",4,1,3
"E00019825",8,3,5
"E00019826",5,2,3
"E00019827",7,3,4
"E00019828",5,3,2
"E00019829",4,1,3
"E00019830",6,3,3
"E00019831",6,2,4
"E00019833",4,2,2
"E00019834",9,3,6
"E00019836",3,2,1
"E00019838",0,0,0
"E00019839",6,4,2
"E00019841",0,0,0
"E00019842",0,0,0
"E00019843",1,0,1
"E00019844",4,2,2
"E00019845",0,0,0
"E00019847",3,3,0
"E00019848",3,2,1
"E00019849",4,1,3
"E00019850",8,5,3
"E00019851",3,1,2
"E00019852",3,1,2
"E00019853",18,15,3
"E00019854",4,2,2
"E00019855",7,4,3
"E00019856",0,0,0
"E00019857",4,3,1
"E00019858",4,2,2
"E00019859",6,4,2
"E00019860",0,0,0
"E00019861",0,0,0
"E00019862",2,2,0
"E00019863",0,0,0
"E00019864",5,2,3
"E00019865",6,4,2
"E00019866",4,3,1
"E00019867",8,5,3
"E00019869",6,3,3
"E00019870",3,3,0
"E00019871",10,6,4
"E00019872",2,1,1
"E00019873",7,5,2
"E00019874",3,1,2
"E00019875",5,2,3
"E00019876",2,2,0
"E00019877",19,13,6
"E00019878",5,1,4
"E00019879",8,6,2
"E00019880",2,2,0
"E00019881",0,0,0
"E00019882",3,3,0
"E00019883",2,1,1
"E00019884",1,1,0
"E00019885",3,2,1
"E00019886",0,0,0
"E00019887",5,2,3
"E00019888",3,0,3
"E00019889",5,3,2
"E00019890",1,0,1
"E00019891",3,0,3
"E00019892",5,0,5
"E00019893",1,0,1
"E00019894",6,4,2
"E00019895",2,1,1
"E00019896",8,3,5
"E00019897",4,2,2
"E00019898",3,1,2
"E00019900",1,0,1
"E00019901",1,1,0
"E00019902",5,4,1
"E00019903",4,3,1
"E00019904",2,0,2
"E00019905",3,0,3
"E00019906",2,1,1
"E00019907",2,1,1
"E00019908",2,1,1
"E00019909",4,2,2
"E00019910",0,0,0
"E00019911",1,1,0
"E00019912",6,3,3
"E00019913",4,1,3
"E00019914",5,4,1
"E00019915",1,0,1
"E00019916",7,5,2
"E00019917",0,0,0
"E00019918",3,1,2
"E00019919",6,2,4
"E00019920",3,1,2
"E00019921",2,1,1
"E00019922",4,4,0
"E00019923",3,3,0
"E00019924",5,3,2
"E00019926",4,2,2
"E00019927",1,0,1
"E00019928",3,2,1
"E00019929",0,0,0
"E00019930",4,1,3
"E00019931",3,1,2
"E00019932",0,0,0
"E00019933",3,1,2
"E00019934",2,0,2
"E00019935",0,0,0
"E00019937",6,4,2
"E00019938",0,0,0
"E00019942",0,0,0
"E00019943",3,3,0
"E00019944",2,2,0
"E00019945",0,0,0
"E00019947",1,0,1
"E00019948",0,0,0
"E00019949",3,1,2
"E00019950",7,4,3
"E00019953",5,2,3
"E00019955",0,0,0
"E00019956",6,3,3
"E00019957",6,4,2
"E00019958",4,3,1
"E00019959",1,1,0
"E00019960",5,3,2
"E00019961",4,3,1
"E00019962",7,3,4
"E00019963",0,0,0
"E00019964",2,1,1
"E00019965",2,1,1
"E00019966",1,0,1
"E00019967",3,1,2
"E00019968",3,2,1
"E00019969",4,3,1
"E00019970",1,0,1
"E00019971",0,0,0
"E00019972",0,0,0
"E00019973",6,5,1
"E00019974",0,0,0
"E00019975",0,0,0
"E00019976",6,3,3
"E00019977",4,2,2
"E00019978",2,1,1
"E00019979",2,1,1
"E00019980",4,2,2
"E00019981",2,1,1
"E00019982",5,3,2
"E00019983",0,0,0
"E00019984",13,6,7
"E00019985",6,3,3
"E00019986",5,3,2
"E00019987",1,0,1
"E00019988",5,2,3
"E00019989",5,1,4
"E00019990",14,8,6
"E00019991",2,1,1
"E00019992",5,2,3
"E00019993",0,0,0
"E00019994",4,2,2
"E00019995",3,1,2
"E00019996",8,3,5
"E00019997",4,1,3
"E00019998",6,1,5
"E00019999",2,1,1
"E00020000",3,2,1
"E00020001",6,2,4
"E00020002",11,4,7
"E00020003",2,1,1
"E00020004",1,1,0
"E00020005",0,0,0
"E00020006",0,0,0
"E00020007",1,1,0
"E00020008",5,5,0
"E00020009",0,0,0
"E00020010",1,0,1
"E00020011",0,0,0
"E00020012",0,0,0
"E00020013",1,1,0
"E00020014",0,0,0
"E00020015",2,0,2
"E00020016",8,4,4
"E00020017",5,4,1
"E00020018",1,1,0
"E00020019",3,1,2
"E00020020",0,0,0
"E00020021",0,0,0
"E00020022",3,2,1
"E00020023",3,1,2
"E00020024",2,1,1
"E00020025",4,1,3
"E00020026",3,2,1
"E00020027",0,0,0
"E00020028",0,0,0
"E00020029",0,0,0
"E00020030",2,1,1
"E00020031",2,1,1
"E00020032",0,0,0
"E00020033",3,2,1
"E00020034",8,5,3
"E00020035",3,1,2
"E00020036",1,1,0
"E00020037",1,1,0
"E00020039",0,0,0
"E00020040",8,3,5
"E00020041",0,0,0
"E00020043",0,0,0
"E00020044",2,1,1
"E00020045",7,4,3
"E00020046",0,0,0
"E00020047",1,0,1
"E00020048",3,3,0
"E00020049",2,1,1
"E00020050",2,1,1
"E00020051",2,1,1
"E00020052",5,2,3
"E00020053",0,0,0
"E00020054",6,1,5
"E00020055",6,2,4
"E00020056",5,1,4
"E00020057",5,2,3
"E00020059",3,2,1
"E00020060",3,2,1
"E00020061",1,1,0
"E00020062",5,2,3
"E00020063",8,5,3
"E00020064",2,1,1
"E00020065",4,1,3
"E00020066",6,3,3
"E00020067",8,3,5
"E00020068",3,1,2
"E00020069",7,5,2
"E00020070",4,2,2
"E00020071",3,1,2
"E00020072",3,0,3
"E00020073",14,5,9
"E00020074",4,0,4
"E00020075",6,3,3
"E00020076",2,1,1
"E00020077",3,2,1
"E00020078",6,3,3
"E00020079",3,0,3
"E00020080",3,1,2
"E00020081",7,0,7
"E00020082",14,7,7
"E00020083",5,3,2
"E00020084",0,0,0
"E00020087",0,0,0
"E00020088",5,4,1
"E00020089",2,2,0
"E00020090",2,0,2
"E00020091",1,1,0
"E00020092",2,1,1
"E00020093",1,1,0
"E00020094",3,1,2
"E00020095",4,1,3
"E00020096",1,0,1
"E00020097",2,1,1
"E00020098",3,0,3
"E00020099",2,1,1
"E00020100",4,2,2
"E00020102",0,0,0
"E00020103",3,0,3
"E00020104",0,0,0
"E00020105",3,0,3
"E00020106",5,0,5
"E00020107",0,0,0
"E00020108",3,3,0
"E00020109",0,0,0
"E00020110",3,1,2
"E00020111",0,0,0
"E00020112",0,0,0
"E00020113",2,0,2
"E00020114",2,1,1
"E00020115",2,1,1
"E00020116",0,0,0
"E00020117",2,1,1
"E00020118",0,0,0
"E00020119",0,0,0
"E00020120",0,0,0
"E00020121",3,2,1
"E00020122",1,0,1
"E00020123",6,2,4
"E00020124",7,5,2
"E00020125",0,0,0
"E00020126",4,1,3
"E00020127",1,0,1
"E00020128",3,1,2
"E00020129",3,2,1
"E00020130",3,2,1
"E00020131",5,2,3
"E00020132",6,2,4
"E00020133",3,1,2
"E00020134",6,2,4
"E00020136",6,2,4
"E00020137",1,1,0
"E00020138",3,3,0
"E00020139",1,1,0
"E00020140",4,3,1
"E00020141",0,0,0
"E00020142",6,4,2
"E00020143",8,4,4
"E00020144",1,0,1
"E00020145",4,2,2
"E00020146",3,3,0
"E00020147",4,3,1
"E00020148",6,1,5
"E00020149",2,1,1
"E00020150",6,2,4
"E00020151",4,2,2
"E00020152",2,1,1
"E00020153",2,2,0
"E00020154",3,1,2
"E00020155",1,1,0
"E00020156",4,4,0
"E00020157",2,1,1
"E00020158",0,0,0
"E00020160",6,4,2
"E00020161",2,1,1
"E00020163",3,2,1
"E00020164",2,2,0
"E00020165",2,2,0
"E00020166",2,2,0
"E00020167",2,0,2
"E00020168",7,4,3
"E00020169",1,1,0
"E00020170",2,1,1
"E00020171",3,2,1
"E00020172",1,1,0
"E00020173",3,0,3
"E00020174",6,2,4
"E00020175",0,0,0
"E00020176",0,0,0
"E00020177",9,6,3
"E00020178",7,5,2
"E00020179",0,0,0
"E00020180",4,0,4
"E00020181",4,2,2
"E00020182",5,4,1
"E00020183",2,1,1
"E00020184",5,2,3
"E00020185",4,2,2
"E00020186",9,6,3
"E00020188",9,7,2
"E00020190",3,2,1
"E00020191",11,4,7
"E00020192",1,0,1
"E00020193",9,6,3
"E00020194",8,4,4
"E00020195",4,2,2
"E00020196",3,0,3
"E00020197",1,0,1
"E00020198",9,8,1
"E00020199",7,2,5
"E00020200",0,0,0
"E00020201",6,2,4
"E00020202",10,6,4
"E00020203",4,0,4
"E00020204",6,2,4
"E00020206",0,0,0
"E00020207",3,0,3
"E00020208",9,6,3
"E00020209",4,1,3
"E00020210",7,5,2
"E00020211",4,0,4
"E00020212",2,1,1
"E00020213",4,2,2
"E00020214",2,2,0
"E00020215",0,0,0
"E00020216",0,0,0
"E00020217",3,1,2
"E00020218",4,2,2
"E00020219",6,1,5
"E00020220",6,4,2
"E00020221",5,1,4
"E00020222",1,0,1
"E00020223",1,0,1
"E00020224",1,1,0
"E00020225",1,0,1
"E00020226",4,1,3
"E00020227",7,4,3
"E00020228",2,2,0
"E00020229",9,6,3
"E00020230",1,1,0
"E00020231",0,0,0
"E00020232",3,0,3
"E00020233",6,2,4
"E00020234",4,2,2
"E00020235",2,0,2
"E00020236",4,2,2
"E00020238",6,2,4
"E00020239",4,1,3
"E00020240",3,1,2
"E00020241",5,3,2
"E00020242",1,0,1
"E00020243",5,2,3
"E00020244",15,9,6
"E00020245",0,0,0
"E00020246",5,3,2
"E00020247",0,0,0
"E00020248",4,2,2
"E00020249",3,1,2
"E00020250",0,0,0
"E00020251",8,2,6
"E00020252",2,0,2
"E00020253",7,2,5
"E00020254",0,0,0
"E00020255",0,0,0
"E00020257",3,2,1
"E00020259",4,1,3
"E00020260",0,0,0
"E00020261",0,0,0
"E00020262",0,0,0
"E00020263",0,0,0
"E00020264",3,2,1
"E00020266",2,0,2
"E00020267",0,0,0
"E00020268",0,0,0
"E00020269",0,0,0
"E00020270",2,0,2
"E00020271",1,1,0
"E00020273",0,0,0
"E00020274",1,1,0
"E00020275",1,0,1
"E00020276",0,0,0
"E00020277",9,6,3
"E00020278",1,0,1
"E00020280",0,0,0
"E00020281",0,0,0
"E00020282",2,1,1
"E00020283",0,0,0
"E00020284",2,0,2
"E00020286",1,1,0
"E00020287",6,5,1
"E00020289",0,0,0
"E00020290",3,2,1
"E00020291",2,1,1
"E00020292",0,0,0
"E00020293",2,1,1
"E00020294",0,0,0
"E00020295",6,3,3
"E00020296",1,0,1
"E00020297",7,5,2
"E00020298",4,2,2
"E00020299",4,2,2
"E00020300",0,0,0
"E00020301",5,1,4
"E00020302",0,0,0
"E00020303",3,2,1
"E00020304",5,3,2
"E00020305",0,0,0
"E00020306",0,0,0
"E00020307",5,5,0
"E00020308",5,3,2
"E00020309",5,2,3
"E00020310",3,1,2
"E00020311",4,2,2
"E00020312",1,1,0
"E00020313",0,0,0
"E00020314",1,0,1
"E00020315",0,0,0
"E00020317",6,3,3
"E00020318",1,1,0
"E00020319",3,1,2
"E00020320",6,3,3
"E00020321",5,4,1
"E00020322",3,3,0
"E00020323",3,3,0
"E00020324",4,0,4
"E00020325",1,0,1
"E00020326",4,1,3
"E00020327",4,1,3
"E00020328",0,0,0
"E00020329",3,0,3
"E00020330",5,2,3
"E00020331",3,3,0
"E00020332",0,0,0
"E00020333",2,1,1
"E00020334",3,2,1
"E00020335",4,2,2
"E00020336",0,0,0
"E00020337",3,1,2
"E00020338",1,0,1
"E00020339",7,5,2
"E00020340",4,2,2
"E00020341",0,0,0
"E00020342",0,0,0
"E00020344",4,1,3
"E00020345",0,0,0
"E00020346",3,1,2
"E00020347",0,0,0
"E00020348",0,0,0
"E00020349",0,0,0
"E00020350",2,0,2
"E00020351",1,0,1
"E00020352",9,6,3
"E00020353",5,4,1
"E00020354",0,0,0
"E00020355",2,1,1
"E00020356",2,2,0
"E00020357",3,0,3
"E00020358",6,3,3
"E00020359",6,5,1
"E00020360",3,2,1
"E00020361",0,0,0
"E00020362",2,0,2
"E00020363",0,0,0
"E00020364",2,1,1
"E00020365",0,0,0
"E00020366",1,1,0
"E00020367",0,0,0
"E00020368",2,0,2
"E00020369",4,3,1
"E00020370",0,0,0
"E00020371",0,0,0
"E00020372",0,0,0
"E00020373",4,1,3
"E00020374",2,1,1
"E00020375",4,1,3
"E00020376",6,3,3
"E00020377",7,3,4
"E00020379",3,3,0
"E00020380",0,0,0
"E00020381",5,3,2
"E00020382",18,10,8
"E00020383",0,0,0
"E00020384",3,1,2
"E00020385",5,4,1
"E00020386",4,0,4
"E00020387",0,0,0
"E00020388",1,1,0
"E00020389",9,4,5
"E00020390",0,0,0
"E00020391",8,4,4
"E00020392",3,2,1
"E00020393",0,0,0
"E00020394",4,1,3
"E00020395",4,4,0
"E00020396",2,1,1
"E00020397",6,3,3
"E00020398",7,3,4
"E00020399",0,0,0
"E00020400",4,3,1
"E00020401",5,2,3
"E00020402",0,0,0
"E00020403",4,4,0
"E00020404",4,1,3
"E00020405",9,4,5
"E00020406",0,0,0
"E00020407",4,1,3
"E00020408",4,0,4
"E00020409",4,1,3
"E00020410",11,8,3
"E00020411",1,1,0
"E00020412",5,3,2
"E00020413",2,0,2
"E00020415",0,0,0
"E00020416",4,1,3
"E00020417",2,1,1
"E00020418",6,6,0
"E00020419",2,1,1
"E00020420",7,4,3
"E00020421",3,2,1
"E00020422",0,0,0
"E00020423",7,5,2
"E00020424",0,0,0
"E00020425",0,0,0
"E00020426",1,1,0
"E00020427",0,0,0
"E00020428",0,0,0
"E00020429",0,0,0
"E00020430",5,4,1
"E00020431",5,3,2
"E00020432",6,4,2
"E00020433",0,0,0
"E00020434",0,0,0
"E00020435",2,2,0
"E00020436",4,3,1
"E00020437",0,0,0
"E00020438",0,0,0
"E00020439",4,3,1
"E00020440",0,0,0
"E00020441",1,1,0
"E00020442",1,0,1
"E00020443",0,0,0
"E00020444",0,0,0
"E00020445",4,1,3
"E00020446",1,0,1
"E00020447",3,3,0
"E00020448",1,1,0
"E00020449",2,1,1
"E00020450",3,0,3
"E00020451",5,3,2
"E00020452",1,0,1
"E00020453",4,2,2
"E00020454",2,0,2
"E00020455",5,4,1
"E00020457",5,2,3
"E00020458",1,1,0
"E00020459",0,0,0
"E00020460",0,0,0
"E00020461",3,1,2
"E00020462",4,2,2
"E00020463",2,1,1
"E00020464",1,1,0
"E00020465",3,2,1
"E00020466",0,0,0
"E00020468",3,2,1
"E00020469",4,0,4
"E00020470",3,2,1
"E00020471",3,2,1
"E00020472",5,4,1
"E00020473",3,2,1
"E00020474",3,1,2
"E00020475",3,1,2
"E00020476",5,3,2
"E00020477",0,0,0
"E00020478",6,2,4
"E00020479",8,5,3
"E00020480",9,3,6
"E00020481",1,0,1
"E00020482",15,7,8
"E00020483",3,2,1
"E00020484",1,1,0
"E00020485",7,4,3
"E00020486",1,0,1
"E00020487",2,1,1
"E00020488",0,0,0
"E00020489",3,1,2
"E00020490",6,6,0
"E00020491",5,3,2
"E00020492",0,0,0
"E00020493",2,2,0
"E00020494",2,2,0
"E00020495",3,0,3
"E00020496",3,2,1
"E00020497",1,0,1
"E00020498",20,8,12
"E00020499",12,6,6
"E00020500",9,3,6
"E00020501",11,9,2
"E00020502",14,6,8
"E00020503",15,9,6
"E00020504",3,1,2
"E00020505",7,4,3
"E00020506",4,3,1
"E00020507",9,4,5
"E00020508",3,1,2
"E00020509",3,2,1
"E00020510",0,0,0
"E00020511",3,0,3
"E00020512",1,0,1
"E00020513",4,2,2
"E00020514",10,5,5
"E00020515",7,5,2
"E00020516",12,6,6
"E00020517",11,7,4
"E00020518",14,6,8
"E00020519",23,11,12
"E00020520",5,4,1
"E00020521",5,2,3
"E00020522",23,11,12
"E00020523",11,4,7
"E00020524",27,10,17
"E00020525",18,13,5
"E00020526",12,7,5
"E00020527",13,9,4
"E00020528",26,14,12
"E00020529",25,15,10
"E00020530",5,4,1
"E00020531",8,4,4
"E00020532",9,6,3
"E00020533",2,2,0
"E00020534",8,3,5
"E00020535",4,1,3
"E00020536",3,0,3
"E00020537",3,2,1
"E00020538",3,2,1
"E00020539",4,3,1
"E00020540",7,3,4
"E00020541",4,2,2
"E00020542",6,3,3
"E00020543",0,0,0
"E00020544",5,3,2
"E00020545",6,6,0
"E00020546",5,3,2
"E00020547",1,0,1
"E00020548",4,3,1
"E00020549",5,3,2
"E00020550",6,2,4
"E00020551",6,3,3
"E00020552",8,3,5
"E00020553",8,6,2
"E00020554",4,1,3
"E00020555",5,2,3
"E00020556",5,3,2
"E00020557",9,5,4
"E00020558",4,1,3
"E00020559",0,0,0
"E00020560",8,3,5
"E00020561",5,4,1
"E00020562",6,1,5
"E00020563",12,6,6
"E00020564",4,2,2
"E00020565",0,0,0
"E00020566",1,0,1
"E00020567",1,1,0
"E00020568",7,6,1
"E00020569",7,2,5
"E00020570",2,2,0
"E00020571",0,0,0
"E00020572",12,8,4
"E00020573",2,1,1
"E00020574",0,0,0
"E00020575",2,2,0
"E00020576",5,3,2
"E00020577",2,0,2
"E00020578",0,0,0
"E00020579",3,1,2
"E00020580",6,1,5
"E00020581",0,0,0
"E00020582",6,4,2
"E00020583",14,8,6
"E00020584",2,1,1
"E00020585",14,7,7
"E00020586",7,5,2
"E00020587",9,7,2
"E00020588",8,6,2
"E00020589",2,1,1
"E00020590",12,10,2
"E00020591",15,9,6
"E00020592",9,4,5
"E00020593",7,3,4
"E00020594",5,1,4
"E00020595",3,2,1
"E00020596",10,6,4
"E00020597",6,3,3
"E00020598",4,1,3
"E00020599",0,0,0
"E00020600",7,4,3
"E00020601",1,1,0
"E00020602",4,3,1
"E00020603",2,1,1
"E00020604",15,8,7
"E00020605",2,0,2
"E00020606",0,0,0
"E00020607",4,0,4
"E00020608",0,0,0
"E00020609",11,6,5
"E00020610",3,1,2
"E00020611",11,5,6
"E00020612",13,10,3
"E00020613",2,2,0
"E00020614",0,0,0
"E00020615",0,0,0
"E00020616",3,2,1
"E00020617",0,0,0
"E00020618",8,3,5
"E00020619",0,0,0
"E00020620",1,1,0
"E00020621",18,11,7
"E00020622",5,5,0
"E00020623",0,0,0
"E00020624",5,0,5
"E00020625",9,4,5
"E00020626",7,5,2
"E00020627",5,3,2
"E00020628",0,0,0
"E00020629",14,8,6
"E00020630",17,5,12
"E00020631",3,2,1
"E00020632",0,0,0
"E00020633",3,3,0
"E00020634",8,2,6
"E00020635",4,4,0
"E00020636",3,1,2
"E00020637",7,2,5
"E00020638",1,1,0
"E00020639",1,1,0
"E00020640",7,3,4
"E00020641",3,2,1
"E00020642",4,1,3
"E00020643",3,1,2
"E00020644",9,4,5
"E00020645",0,0,0
"E00020646",5,2,3
"E00020647",4,2,2
"E00020648",2,2,0
"E00020649",9,6,3
"E00020650",8,4,4
"E00020651",7,3,4
"E00020652",9,3,6
"E00020653",9,8,1
"E00020654",9,5,4
"E00020655",9,4,5
"E00020656",4,2,2
"E00020657",2,2,0
"E00020658",3,2,1
"E00020659",2,1,1
"E00020660",7,2,5
"E00020661",10,4,6
"E00020662",5,2,3
"E00020663",0,0,0
"E00020664",1,0,1
"E00020665",17,10,7
"E00020666",17,8,9
"E00020667",6,0,6
"E00020668",1,1,0
"E00020669",10,4,6
"E00020670",6,3,3
"E00020671",1,1,0
"E00020672",14,8,6
"E00020673",6,3,3
"E00020674",5,5,0
"E00020675",3,0,3
"E00020676",5,3,2
"E00020677",16,8,8
"E00020678",5,3,2
"E00020679",13,10,3
"E00020680",2,2,0
"E00020681",4,0,4
"E00020682",16,11,5
"E00020683",13,8,5
"E00020684",6,2,4
"E00020685",9,4,5
"E00020686",3,3,0
"E00020687",4,2,2
"E00020688",18,12,6
"E00020689",4,1,3
"E00020690",14,6,8
"E00020692",6,2,4
"E00020693",3,2,1
"E00020694",3,1,2
"E00020695",7,4,3
"E00020696",19,7,12
"E00020697",17,8,9
"E00020698",14,7,7
"E00020699",8,6,2
"E00020700",15,8,7
"E00020702",11,7,4
"E00020703",21,12,9
"E00020704",12,5,7
"E00020705",1,1,0
"E00020706",6,2,4
"E00020707",23,11,12
"E00020708",5,4,1
"E00020709",2,1,1
"E00020710",11,6,5
"E00020711",4,1,3
"E00020712",11,5,6
"E00020713",9,6,3
"E00020714",9,3,6
"E00020715",9,3,6
"E00020716",9,4,5
"E00020717",0,0,0
"E00020718",5,4,1
"E00020719",2,1,1
"E00020720",4,2,2
"E00020721",11,6,5
"E00020722",8,4,4
"E00020723",7,3,4
"E00020724",4,2,2
"E00020725",5,1,4
"E00020726",11,6,5
"E00020727",7,1,6
"E00020728",1,0,1
"E00020729",9,5,4
"E00020730",6,1,5
"E00020731",4,1,3
"E00020732",6,1,5
"E00020733",4,3,1
"E00020734",7,2,5
"E00020735",6,4,2
"E00020736",5,1,4
"E00020737",9,3,6
"E00020738",4,2,2
"E00020739",1,1,0
"E00020740",11,8,3
"E00020741",3,1,2
"E00020742",5,3,2
"E00020743",3,0,3
"E00020744",0,0,0
"E00020745",4,2,2
"E00020746",6,5,1
"E00020747",6,5,1
"E00020748",5,2,3
"E00020749",9,6,3
"E00020750",11,4,7
"E00020751",13,10,3
"E00020752",0,0,0
"E00020753",0,0,0
"E00020754",0,0,0
"E00020755",2,1,1
"E00020756",2,1,1
"E00020757",5,2,3
"E00020758",0,0,0
"E00020759",0,0,0
"E00020760",3,1,2
"E00020761",2,1,1
"E00020763",5,3,2
"E00020764",6,4,2
"E00020765",1,0,1
"E00020766",5,1,4
"E00020767",2,1,1
"E00020768",2,0,2
"E00020769",2,2,0
"E00020770",6,1,5
"E00020771",1,1,0
"E00020772",3,3,0
"E00020773",1,0,1
"E00020774",2,1,1
"E00020775",4,2,2
"E00020776",1,1,0
"E00020777",0,0,0
"E00020778",0,0,0
"E00020779",2,0,2
"E00020780",1,1,0
"E00020781",3,2,1
"E00020782",1,1,0
"E00020783",2,1,1
"E00020784",0,0,0
"E00020785",3,1,2
"E00020786",2,1,1
"E00020787",2,1,1
"E00020788",5,3,2
"E00020789",2,2,0
"E00020790",4,3,1
"E00020791",9,8,1
"E00020792",4,2,2
"E00020793",5,4,1
"E00020794",5,4,1
"E00020795",4,1,3
"E00020796",9,3,6
"E00020797",3,2,1
"E00020798",7,4,3
"E00020799",6,4,2
"E00020800",6,4,2
"E00020801",8,6,2
"E00020802",3,2,1
"E00020803",1,0,1
"E00020804",9,6,3
"E00020805",5,3,2
"E00020806",1,0,1
"E00020807",6,1,5
"E00020808",6,2,4
"E00020809",5,3,2
"E00020810",3,2,1
"E00020811",2,1,1
"E00020812",5,3,2
"E00020813",6,4,2
"E00020814",6,3,3
"E00020815",2,0,2
"E00020816",5,4,1
"E00020817",8,2,6
"E00020818",0,0,0
"E00020819",0,0,0
"E00020820",3,2,1
"E00020821",3,1,2
"E00020822",3,2,1
"E00020823",0,0,0
"E00020824",8,5,3
"E00020825",3,1,2
"E00020826",2,1,1
"E00020827",1,0,1
"E00020828",1,0,1
"E00020830",6,1,5
"E00020831",0,0,0
"E00020832",4,1,3
"E00020833",3,2,1
"E00020834",1,1,0
"E00020835",0,0,0
"E00020836",4,1,3
"E00020837",0,0,0
"E00020838",2,1,1
"E00020839",1,0,1
"E00020840",0,0,0
"E00020841",4,3,1
"E00020842",4,2,2
"E00020843",0,0,0
"E00020844",0,0,0
"E00020845",4,2,2
"E00020846",6,2,4
"E00020847",2,1,1
"E00020848",6,1,5
"E00020849",6,2,4
"E00020850",1,0,1
"E00020851",3,1,2
"E00020852",3,0,3
"E00020853",1,0,1
"E00020854",0,0,0
"E00020855",0,0,0
"E00020856",4,3,1
"E00020857",0,0,0
"E00020858",5,4,1
"E00020859",3,1,2
"E00020860",7,4,3
"E00020861",0,0,0
"E00020862",4,2,2
"E00020863",6,3,3
"E00020864",2,2,0
"E00020865",3,1,2
"E00020866",5,2,3
"E00020867",4,3,1
"E00020868",1,1,0
"E00020869",5,2,3
"E00020870",4,0,4
"E00020871",4,3,1
"E00020872",1,1,0
"E00020873",6,3,3
"E00020874",6,3,3
"E00020875",1,1,0
"E00020876",4,2,2
"E00020877",2,1,1
"E00020878",8,4,4
"E00020879",1,0,1
"E00020880",3,1,2
"E00020881",3,2,1
"E00020882",0,0,0
"E00020883",1,1,0
"E00020884",1,0,1
"E00020885",4,2,2
"E00020886",6,2,4
"E00020887",5,1,4
"E00020888",0,0,0
"E00020889",6,4,2
"E00020890",8,4,4
"E00020891",0,0,0
"E00020892",0,0,0
"E00020893",0,0,0
"E00020894",5,1,4
"E00020895",2,2,0
"E00020896",8,3,5
"E00020897",0,0,0
"E00020898",0,0,0
"E00020899",3,3,0
"E00020900",4,2,2
"E00020901",0,0,0
"E00020902",0,0,0
"E00020903",3,0,3
"E00020904",0,0,0
"E00020905",1,0,1
"E00020906",1,0,1
"E00020907",0,0,0
"E00020908",1,0,1
"E00020909",1,0,1
"E00020910",1,0,1
"E00020911",1,0,1
"E00020912",3,1,2
"E00020913",10,6,4
"E00020914",3,1,2
"E00020915",0,0,0
"E00020916",8,5,3
"E00020917",4,4,0
"E00020918",0,0,0
"E00020919",4,1,3
"E00020920",3,3,0
"E00020921",0,0,0
"E00020922",2,2,0
"E00020923",0,0,0
"E00020924",3,2,1
"E00020925",2,2,0
"E00020926",2,1,1
"E00020927",3,3,0
"E00020928",2,1,1
"E00020929",5,2,3
"E00020930",6,4,2
"E00020931",7,4,3
"E00020932",1,1,0
"E00020933",0,0,0
"E00020934",4,2,2
"E00020935",5,1,4
"E00020936",6,1,5
"E00020937",0,0,0
"E00020938",11,5,6
"E00020939",1,1,0
"E00020940",0,0,0
"E00020941",7,4,3
"E00020942",8,4,4
"E00020943",2,1,1
"E00020944",2,1,1
"E00020945",1,1,0
"E00020946",4,1,3
"E00020947",3,3,0
"E00020948",1,0,1
"E00020949",8,2,6
"E00020950",8,6,2
"E00020951",3,2,1
"E00020952",4,2,2
"E00020953",1,1,0
"E00020954",6,1,5
"E00020955",0,0,0
"E00020956",2,1,1
"E00020957",5,2,3
"E00020958",1,0,1
"E00020959",1,1,0
"E00020960",3,2,1
"E00020961",1,0,1
"E00020962",0,0,0
"E00020963",7,6,1
"E00020964",0,0,0
"E00020965",9,2,7
"E00020966",8,3,5
"E00020967",4,2,2
"E00020969",2,0,2
"E00020970",6,3,3
"E00020971",8,5,3
"E00020972",0,0,0
"E00020973",2,0,2
"E00020974",0,0,0
"E00020975",0,0,0
"E00020976",1,0,1
"E00020977",2,1,1
"E00020978",6,4,2
"E00020979",1,1,0
"E00020980",2,0,2
"E00020981",3,2,1
"E00020982",3,2,1
"E00020983",2,0,2
"E00020984",5,1,4
"E00020985",4,4,0
"E00020986",1,1,0
"E00020987",0,0,0
"E00020988",8,3,5
"E00020989",0,0,0
"E00020990",4,1,3
"E00020991",1,0,1
"E00020992",4,4,0
"E00020993",1,0,1
"E00020994",4,3,1
"E00020995",3,2,1
"E00020997",1,0,1
"E00020998",0,0,0
"E00020999",9,2,7
"E00021000",0,0,0
"E00021001",2,1,1
"E00021002",0,0,0
"E00021003",7,0,7
"E00021004",0,0,0
"E00021005",6,2,4
"E00021006",5,4,1
"E00021007",10,4,6
"E00021008",4,2,2
"E00021009",5,3,2
"E00021010",3,0,3
"E00021011",1,1,0
"E00021012",3,1,2
"E00021013",2,2,0
"E00021014",3,1,2
"E00021015",5,2,3
"E00021016",2,1,1
"E00021017",0,0,0
"E00021018",0,0,0
"E00021019",4,0,4
"E00021020",2,1,1
"E00021021",4,2,2
"E00021022",6,4,2
"E00021023",3,2,1
"E00021024",0,0,0
"E00021025",3,3,0
"E00021026",7,3,4
"E00021027",14,8,6
"E00021028",3,2,1
"E00021029",4,3,1
"E00021030",5,4,1
"E00021031",4,1,3
"E00021032",2,1,1
"E00021033",6,1,5
"E00021034",5,3,2
"E00021035",0,0,0
"E00021036",0,0,0
"E00021037",3,2,1
"E00021038",2,2,0
"E00021039",3,3,0
"E00021040",5,2,3
"E00021041",20,10,10
"E00021042",7,5,2
"E00021043",8,4,4
"E00021044",6,1,5
"E00021045",0,0,0
"E00021046",3,3,0
"E00021047",2,1,1
"E00021048",0,0,0
"E00021049",0,0,0
"E00021050",1,0,1
"E00021051",5,3,2
"E00021052",2,2,0
"E00021053",18,6,12
"E00021054",12,4,8
"E00021055",5,4,1
"E00021056",12,4,8
"E00021057",0,0,0
"E00021058",4,3,1
"E00021059",0,0,0
"E00021060",12,6,6
"E00021061",8,4,4
"E00021062",9,5,4
"E00021063",0,0,0
"E00021064",0,0,0
"E00021065",4,2,2
"E00021066",0,0,0
"E00021067",0,0,0
"E00021068",1,1,0
"E00021069",2,0,2
"E00021070",3,1,2
"E00021071",2,0,2
"E00021072",1,0,1
"E00021073",11,7,4
"E00021074",0,0,0
"E00021075",0,0,0
"E00021076",3,2,1
"E00021077",3,3,0
"E00021078",0,0,0
"E00021079",0,0,0
"E00021080",4,3,1
"E00021081",1,1,0
"E00021082",3,2,1
"E00021083",2,0,2
"E00021084",2,2,0
"E00021085",1,0,1
"E00021086",0,0,0
"E00021087",1,0,1
"E00021088",0,0,0
"E00021089",1,1,0
"E00021090",0,0,0
"E00021091",2,1,1
"E00021092",2,1,1
"E00021093",2,1,1
"E00021094",0,0,0
"E00021095",9,8,1
"E00021096",0,0,0
"E00021097",3,1,2
"E00021098",4,3,1
"E00021099",5,2,3
"E00021100",2,1,1
"E00021101",1,1,0
"E00021102",0,0,0
"E00021103",1,0,1
"E00021104",3,1,2
"E00021105",1,1,0
"E00021106",1,1,0
"E00021107",3,3,0
"E00021109",3,2,1
"E00021110",1,0,1
"E00021111",6,2,4
"E00021112",6,2,4
"E00021113",4,1,3
"E00021114",5,2,3
"E00021115",5,3,2
"E00021116",6,4,2
"E00021117",5,3,2
"E00021118",5,2,3
"E00021119",2,1,1
"E00021120",1,0,1
"E00021121",6,3,3
"E00021122",2,1,1
"E00021123",8,4,4
"E00021124",2,2,0
"E00021125",1,0,1
"E00021126",1,1,0
"E00021127",3,0,3
"E00021128",2,1,1
"E00021129",1,0,1
"E00021130",1,1,0
"E00021131",2,1,1
"E00021132",1,1,0
"E00021133",3,2,1
"E00021134",2,2,0
"E00021135",7,4,3
"E00021136",3,2,1
"E00021137",0,0,0
"E00021138",1,0,1
"E00021139",4,2,2
"E00021140",3,2,1
"E00021141",2,0,2
"E00021143",0,0,0
"E00021145",0,0,0
"E00021146",6,3,3
"E00021147",0,0,0
"E00021148",3,3,0
"E00021149",1,1,0
"E00021150",1,0,1
"E00021151",1,1,0
"E00021152",5,4,1
"E00021153",0,0,0
"E00021154",1,0,1
"E00021155",2,1,1
"E00021156",2,1,1
"E00021157",0,0,0
"E00021158",1,1,0
"E00021159",4,1,3
"E00021160",4,3,1
"E00021161",0,0,0
"E00021162",2,1,1
"E00021163",2,1,1
"E00021164",2,1,1
"E00021165",3,0,3
"E00021166",2,1,1
"E00021167",0,0,0
"E00021168",1,0,1
"E00021169",5,1,4
"E00021170",0,0,0
"E00021171",6,5,1
"E00021172",0,0,0
"E00021173",0,0,0
"E00021174",0,0,0
"E00021175",1,0,1
"E00021176",1,0,1
"E00021177",2,2,0
"E00021179",1,1,0
"E00021180",0,0,0
"E00021181",0,0,0
"E00021182",1,1,0
"E00021183",3,2,1
"E00021184",2,2,0
"E00021185",5,3,2
"E00021186",7,6,1
"E00021187",4,0,4
"E00021188",2,2,0
"E00021189",1,0,1
"E00021190",1,1,0
"E00021191",0,0,0
"E00021192",5,3,2
"E00021193",2,2,0
"E00021194",3,3,0
"E00021195",3,0,3
"E00021196",2,0,2
"E00021197",3,1,2
"E00021198",4,1,3
"E00021199",3,0,3
"E00021200",4,3,1
"E00021201",1,1,0
"E00021202",0,0,0
"E00021203",0,0,0
"E00021204",5,4,1
"E00021205",10,10,0
"E00021206",1,1,0
"E00021207",1,1,0
"E00021208",0,0,0
"E00021209",2,1,1
"E00021210",4,2,2
"E00021211",1,1,0
"E00021212",0,0,0
"E00021213",3,1,2
"E00021214",0,0,0
"E00021215",8,6,2
"E00021216",0,0,0
"E00021217",8,4,4
"E00021218",6,3,3
"E00021219",0,0,0
"E00021220",2,0,2
"E00021223",0,0,0
"E00021224",4,1,3
"E00021225",2,2,0
"E00021227",3,2,1
"E00021228",2,1,1
"E00021229",2,2,0
"E00021230",3,2,1
"E00021231",1,0,1
"E00021235",2,1,1
"E00021236",8,6,2
"E00021238",4,2,2
"E00021239",1,0,1
"E00021240",0,0,0
"E00021241",0,0,0
"E00021243",1,0,1
"E00021244",2,1,1
"E00021245",0,0,0
"E00021246",1,0,1
"E00021247",3,2,1
"E00021248",2,1,1
"E00021249",1,1,0
"E00021251",2,0,2
"E00021252",0,0,0
"E00021253",1,0,1
"E00021254",2,1,1
"E00021255",1,1,0
"E00021256",1,1,0
"E00021257",3,0,3
"E00021258",1,1,0
"E00021259",1,0,1
"E00021260",1,1,0
"E00021261",2,0,2
"E00021262",1,0,1
"E00021263",0,0,0
"E00021266",0,0,0
"E00021267",3,2,1
"E00021268",1,0,1
"E00021271",1,1,0
"E00021272",2,1,1
"E00021273",0,0,0
"E00021274",6,6,0
"E00021275",0,0,0
"E00021277",2,0,2
"E00021278",0,0,0
"E00021279",7,4,3
"E00021280",0,0,0
"E00021281",1,1,0
"E00021282",4,4,0
"E00021285",0,0,0
"E00021286",2,0,2
"E00021287",1,1,0
"E00021288",1,1,0
"E00021289",1,1,0
"E00021290",1,0,1
"E00021291",1,0,1
"E00021292",4,3,1
"E00021294",4,1,3
"E00021295",2,1,1
"E00021296",3,1,2
"E00021297",1,1,0
"E00021298",5,0,5
"E00021299",3,0,3
"E00021300",4,3,1
"E00021301",2,0,2
"E00021302",4,3,1
"E00021303",1,1,0
"E00021304",5,2,3
"E00021305",3,0,3
"E00021306",1,1,0
"E00021307",2,2,0
"E00021308",2,1,1
"E00021309",0,0,0
"E00021310",1,1,0
"E00021311",3,2,1
"E00021312",2,2,0
"E00021313",0,0,0
"E00021314",3,3,0
"E00021315",0,0,0
"E00021316",2,1,1
"E00021317",5,2,3
"E00021318",1,1,0
"E00021319",3,1,2
"E00021320",2,1,1
"E00021321",2,1,1
"E00021322",2,1,1
"E00021323",5,2,3
"E00021324",2,1,1
"E00021325",4,2,2
"E00021326",6,2,4
"E00021327",2,2,0
"E00021328",3,1,2
"E00021329",1,0,1
"E00021330",2,0,2
"E00021331",1,1,0
"E00021332",1,1,0
"E00021333",1,0,1
"E00021334",0,0,0
"E00021335",3,2,1
"E00021336",1,1,0
"E00021337",5,2,3
"E00021338",8,6,2
"E00021339",2,1,1
"E00021340",2,2,0
"E00021342",1,0,1
"E00021344",4,2,2
"E00021345",0,0,0
"E00021346",1,1,0
"E00021347",1,1,0
"E00021349",1,0,1
"E00021350",0,0,0
"E00021351",2,2,0
"E00021352",1,0,1
"E00021353",0,0,0
"E00021354",2,1,1
"E00021355",0,0,0
"E00021357",4,3,1
"E00021359",3,2,1
"E00021360",5,2,3
"E00021361",4,4,0
"E00021363",3,3,0
"E00021364",2,1,1
"E00021365",1,1,0
"E00021366",7,2,5
"E00021367",2,1,1
"E00021368",5,2,3
"E00021369",1,1,0
"E00021370",0,0,0
"E00021371",2,2,0
"E00021372",5,3,2
"E00021374",1,1,0
"E00021375",1,0,1
"E00021376",1,1,0
"E00021377",6,2,4
"E00021378",5,3,2
"E00021379",3,2,1
"E00021380",0,0,0
"E00021381",8,5,3
"E00021382",0,0,0
"E00021383",3,1,2
"E00021384",0,0,0
"E00021385",7,6,1
"E00021386",1,1,0
"E00021387",4,1,3
"E00021388",2,0,2
"E00021391",0,0,0
"E00021392",4,2,2
"E00021393",1,0,1
"E00021394",0,0,0
"E00021395",0,0,0
"E00021396",4,3,1
"E00021397",3,0,3
"E00021398",1,0,1
"E00021399",1,1,0
"E00021400",1,1,0
"E00021402",2,0,2
"E00021404",0,0,0
"E00021405",5,4,1
"E00021406",5,2,3
"E00021407",1,1,0
"E00021408",0,0,0
"E00021409",1,0,1
"E00021410",0,0,0
"E00021411",8,6,2
"E00021412",3,1,2
"E00021413",2,2,0
"E00021414",6,3,3
"E00021415",0,0,0
"E00021416",1,0,1
"E00021417",1,0,1
"E00021418",1,0,1
"E00021419",2,1,1
"E00021420",0,0,0
"E00021421",5,3,2
"E00021422",0,0,0
"E00021423",0,0,0
"E00021424",1,1,0
"E00021425",1,1,0
"E00021426",0,0,0
"E00021427",1,1,0
"E00021428",1,1,0
"E00021429",0,0,0
"E00021430",0,0,0
"E00021431",0,0,0
"E00021432",0,0,0
"E00021433",5,5,0
"E00021434",0,0,0
"E00021437",2,1,1
"E00021438",2,0,2
"E00021439",1,0,1
"E00021440",5,3,2
"E00021441",0,0,0
"E00021442",0,0,0
"E00021443",0,0,0
"E00021444",5,3,2
"E00021445",5,2,3
"E00021446",7,3,4
"E00021447",2,1,1
"E00021448",2,1,1
"E00021449",0,0,0
"E00021450",2,2,0
"E00021451",2,1,1
"E00021452",0,0,0
"E00021453",0,0,0
"E00021454",1,1,0
"E00021455",2,1,1
"E00021458",0,0,0
"E00021459",0,0,0
"E00021460",1,1,0
"E00021461",1,1,0
"E00021462",1,1,0
"E00021463",2,1,1
"E00021464",0,0,0
"E00021465",2,1,1
"E00021466",17,5,12
"E00021467",5,0,5
"E00021468",0,0,0
"E00021469",1,1,0
"E00021470",2,1,1
"E00021471",4,1,3
"E00021473",4,1,3
"E00021474",6,3,3
"E00021475",4,3,1
"E00021476",1,1,0
"E00021477",2,1,1
"E00021478",3,1,2
"E00021479",2,1,1
"E00021480",0,0,0
"E00021481",2,0,2
"E00021482",3,1,2
"E00021483",1,1,0
"E00021484",5,4,1
"E00021485",2,1,1
"E00021486",3,2,1
"E00021487",1,1,0
"E00021488",0,0,0
"E00021489",1,0,1
"E00021490",1,0,1
"E00021491",0,0,0
"E00021492",4,4,0
"E00021493",2,0,2
"E00021494",3,2,1
"E00021495",4,3,1
"E00021496",0,0,0
"E00021497",2,1,1
"E00021498",3,3,0
"E00021499",0,0,0
"E00021500",5,3,2
"E00021501",1,0,1
"E00021502",5,5,0
"E00021503",2,2,0
"E00021504",1,0,1
"E00021505",1,1,0
"E00021506",1,0,1
"E00021507",0,0,0
"E00021508",3,0,3
"E00021509",2,1,1
"E00021510",1,0,1
"E00021511",3,2,1
"E00021516",1,0,1
"E00021517",2,1,1
"E00021518",2,1,1
"E00021519",1,0,1
"E00021520",3,0,3
"E00021521",2,0,2
"E00021522",3,3,0
"E00021524",1,0,1
"E00021525",1,0,1
"E00021526",2,1,1
"E00021527",0,0,0
"E00021528",0,0,0
"E00021529",2,1,1
"E00021531",8,4,4
"E00021532",3,1,2
"E00021533",0,0,0
"E00021534",0,0,0
"E00021535",2,0,2
"E00021536",1,0,1
"E00021537",0,0,0
"E00021538",1,0,1
"E00021539",0,0,0
"E00021541",1,0,1
"E00021542",1,1,0
"E00021543",0,0,0
"E00021544",0,0,0
"E00021546",0,0,0
"E00021547",1,0,1
"E00021549",6,2,4
"E00021550",0,0,0
"E00021552",1,1,0
"E00021553",2,0,2
"E00021554",6,3,3
"E00021555",3,1,2
"E00021556",2,2,0
"E00021557",0,0,0
"E00021559",1,0,1
"E00021560",2,1,1
"E00021561",1,1,0
"E00021562",0,0,0
"E00021563",0,0,0
"E00021564",0,0,0
"E00021565",0,0,0
"E00021566",1,0,1
"E00021567",0,0,0
"E00021569",1,0,1
"E00021572",2,1,1
"E00021574",2,1,1
"E00021577",1,1,0
"E00021579",1,0,1
"E00021580",2,2,0
"E00021582",3,0,3
"E00021583",2,1,1
"E00021584",3,1,2
"E00021585",3,1,2
"E00021586",1,1,0
"E00021587",0,0,0
"E00021588",2,0,2
"E00021590",2,0,2
"E00021591",2,1,1
"E00021592",0,0,0
"E00021593",0,0,0
"E00021594",1,1,0
"E00021595",1,1,0
"E00021596",3,2,1
"E00021597",2,1,1
"E00021598",0,0,0
"E00021599",0,0,0
"E00021600",3,2,1
"E00021601",1,1,0
"E00021602",2,1,1
"E00021603",0,0,0
"E00021604",4,2,2
"E00021605",0,0,0
"E00021606",0,0,0
"E00021607",2,2,0
"E00021608",4,3,1
"E00021610",1,1,0
"E00021611",1,1,0
"E00021612",0,0,0
"E00021613",3,3,0
"E00021614",2,1,1
"E00021615",1,0,1
"E00021616",7,4,3
"E00021617",0,0,0
"E00021618",0,0,0
"E00021619",4,2,2
"E00021620",0,0,0
"E00021621",2,2,0
"E00021622",1,0,1
"E00021623",1,0,1
"E00021624",1,0,1
"E00021625",4,3,1
"E00021626",0,0,0
"E00021627",3,1,2
"E00021628",2,2,0
"E00021629",0,0,0
"E00021630",1,1,0
"E00021631",2,1,1
"E00021632",0,0,0
"E00021633",1,1,0
"E00021634",0,0,0
"E00021635",5,1,4
"E00021636",3,3,0
"E00021637",2,2,0
"E00021639",9,5,4
"E00021640",5,5,0
"E00021641",2,0,2
"E00021642",2,1,1
"E00021643",0,0,0
"E00021644",2,1,1
"E00021646",5,3,2
"E00021648",0,0,0
"E00021649",2,2,0
"E00021650",0,0,0
"E00021651",0,0,0
"E00021652",0,0,0
"E00021653",0,0,0
"E00021654",2,1,1
"E00021655",4,3,1
"E00021656",1,1,0
"E00021657",0,0,0
"E00021658",1,1,0
"E00021659",3,3,0
"E00021660",0,0,0
"E00021661",1,1,0
"E00021662",4,3,1
"E00021663",0,0,0
"E00021665",2,2,0
"E00021666",1,1,0
"E00021667",3,2,1
"E00021668",0,0,0
"E00021669",2,0,2
"E00021670",4,2,2
"E00021671",7,4,3
"E00021672",0,0,0
"E00021673",0,0,0
"E00021674",4,2,2
"E00021675",1,1,0
"E00021676",0,0,0
"E00021677",0,0,0
"E00021678",4,1,3
"E00021679",0,0,0
"E00021680",9,6,3
"E00021681",1,1,0
"E00021682",2,1,1
"E00021683",3,1,2
"E00021685",7,5,2
"E00021686",1,1,0
"E00021687",2,1,1
"E00021688",5,3,2
"E00021689",31,19,12
"E00021690",4,2,2
"E00021691",0,0,0
"E00021692",1,0,1
"E00021693",4,3,1
"E00021694",1,1,0
"E00021695",0,0,0
"E00021696",3,2,1
"E00021697",2,2,0
"E00021698",1,1,0
"E00021699",2,2,0
"E00021700",0,0,0
"E00021701",3,1,2
"E00021702",3,2,1
"E00021703",0,0,0
"E00021704",0,0,0
"E00021705",0,0,0
"E00021706",0,0,0
"E00021707",4,1,3
"E00021708",4,2,2
"E00021709",0,0,0
"E00021710",3,2,1
"E00021711",3,3,0
"E00021712",2,0,2
"E00021713",2,1,1
"E00021714",1,1,0
"E00021715",1,0,1
"E00021716",0,0,0
"E00021717",0,0,0
"E00021718",1,1,0
"E00021719",1,1,0
"E00021722",1,1,0
"E00021723",1,0,1
"E00021724",1,1,0
"E00021725",1,1,0
"E00021726",1,0,1
"E00021727",0,0,0
"E00021728",2,1,1
"E00021729",0,0,0
"E00021730",0,0,0
"E00021731",0,0,0
"E00021732",2,1,1
"E00021733",0,0,0
"E00021734",2,1,1
"E00021735",8,3,5
"E00021736",0,0,0
"E00021737",1,1,0
"E00021738",2,2,0
"E00021739",1,1,0
"E00021740",1,1,0
"E00021741",3,3,0
"E00021742",10,5,5
"E00021743",1,1,0
"E00021744",7,3,4
"E00021745",0,0,0
"E00021746",1,1,0
"E00021748",3,2,1
"E00021750",2,1,1
"E00021752",4,1,3
"E00021753",3,1,2
"E00021754",0,0,0
"E00021755",1,1,0
"E00021756",1,0,1
"E00021757",3,2,1
"E00021758",0,0,0
"E00021759",3,2,1
"E00021760",3,2,1
"E00021761",1,0,1
"E00021762",2,1,1
"E00021763",2,1,1
"E00021764",3,0,3
"E00021766",1,1,0
"E00021767",1,1,0
"E00021768",7,5,2
"E00021769",0,0,0
"E00021770",0,0,0
"E00021772",3,3,0
"E00021773",5,3,2
"E00021774",1,0,1
"E00021775",5,2,3
"E00021776",3,2,1
"E00021777",3,1,2
"E00021778",3,2,1
"E00021779",6,3,3
"E00021780",5,3,2
"E00021781",0,0,0
"E00021782",1,0,1
"E00021783",3,3,0
"E00021784",1,0,1
"E00021785",2,0,2
"E00021786",0,0,0
"E00021787",2,1,1
"E00021788",1,0,1
"E00021789",0,0,0
"E00021790",2,1,1
"E00021791",2,1,1
"E00021792",1,1,0
"E00021793",3,1,2
"E00021794",8,3,5
"E00021795",8,3,5
"E00021796",3,2,1
"E00021797",2,1,1
"E00021798",1,1,0
"E00021799",4,2,2
"E00021800",4,3,1
"E00021801",0,0,0
"E00021802",3,2,1
"E00021803",3,0,3
"E00021804",4,2,2
"E00021805",0,0,0
"E00021807",5,5,0
"E00021808",0,0,0
"E00021809",4,2,2
"E00021810",3,2,1
"E00021811",6,3,3
"E00021812",3,3,0
"E00021813",5,5,0
"E00021814",3,3,0
"E00021815",2,2,0
"E00021816",5,3,2
"E00021817",0,0,0
"E00021818",10,5,5
"E00021819",11,7,4
"E00021820",4,1,3
"E00021821",1,0,1
"E00021822",0,0,0
"E00021823",1,0,1
"E00021824",3,2,1
"E00021825",0,0,0
"E00021826",1,0,1
"E00021827",4,2,2
"E00021828",1,1,0
"E00021829",1,0,1
"E00021830",0,0,0
"E00021831",0,0,0
"E00021832",0,0,0
"E00021833",3,3,0
"E00021834",1,1,0
"E00021835",0,0,0
"E00021836",2,2,0
"E00021837",2,1,1
"E00021838",0,0,0
"E00021839",5,3,2
"E00021840",7,3,4
"E00021841",1,1,0
"E00021842",2,1,1
"E00021843",1,1,0
"E00021844",4,3,1
"E00021845",2,0,2
"E00021846",1,0,1
"E00021847",3,2,1
"E00021848",10,3,7
"E00021849",0,0,0
"E00021850",4,3,1
"E00021851",5,4,1
"E00021852",5,2,3
"E00021853",5,3,2
"E00021854",5,2,3
"E00021855",7,5,2
"E00021856",10,8,2
"E00021857",6,2,4
"E00021858",2,0,2
"E00021859",4,4,0
"E00021860",5,3,2
"E00021861",1,0,1
"E00021862",4,2,2
"E00021863",0,0,0
"E00021864",0,0,0
"E00021865",1,1,0
"E00021866",1,1,0
"E00021867",6,2,4
"E00021868",1,0,1
"E00021869",4,1,3
"E00021870",5,4,1
"E00021871",1,1,0
"E00021873",0,0,0
"E00021874",4,0,4
"E00021875",3,2,1
"E00021876",2,2,0
"E00021878",0,0,0
"E00021879",4,3,1
"E00021880",6,3,3
"E00021881",4,3,1
"E00021882",5,2,3
"E00021883",4,2,2
"E00021884",0,0,0
"E00021885",0,0,0
"E00021886",5,3,2
"E00021887",0,0,0
"E00021888",2,0,2
"E00021889",1,0,1
"E00021890",9,6,3
"E00021891",5,4,1
"E00021892",3,2,1
"E00021893",1,1,0
"E00021894",0,0,0
"E00021895",6,4,2
"E00021896",1,1,0
"E00021897",4,1,3
"E00021898",13,9,4
"E00021899",0,0,0
"E00021900",4,2,2
"E00021901",1,1,0
"E00021902",9,2,7
"E00021903",1,0,1
"E00021904",0,0,0
"E00021905",7,5,2
"E00021906",0,0,0
"E00021907",0,0,0
"E00021908",5,2,3
"E00021909",2,2,0
"E00021910",5,3,2
"E00021911",8,5,3
"E00021912",0,0,0
"E00021913",2,0,2
"E00021914",0,0,0
"E00021915",8,4,4
"E00021916",2,1,1
"E00021917",0,0,0
"E00021918",2,0,2
"E00021919",4,1,3
"E00021920",2,2,0
"E00021921",3,1,2
"E00021922",7,3,4
"E00021923",0,0,0
"E00021924",8,5,3
"E00021925",2,2,0
"E00021926",4,2,2
"E00021927",6,4,2
"E00021928",5,4,1
"E00021929",5,3,2
"E00021930",1,0,1
"E00021931",14,7,7
"E00021932",1,0,1
"E00021933",8,6,2
"E00021934",0,0,0
"E00021935",5,4,1
"E00021936",6,2,4
"E00021937",4,2,2
"E00021938",2,2,0
"E00021939",11,8,3
"E00021940",1,0,1
"E00021941",0,0,0
"E00021942",4,4,0
"E00021943",0,0,0
"E00021944",4,2,2
"E00021945",6,1,5
"E00021946",3,3,0
"E00021947",2,1,1
"E00021949",2,2,0
"E00021950",4,2,2
"E00021951",6,5,1
"E00021952",7,4,3
"E00021953",5,0,5
"E00021954",2,1,1
"E00021955",0,0,0
"E00021956",1,0,1
"E00021957",2,2,0
"E00021958",2,0,2
"E00021959",1,1,0
"E00021960",3,3,0
"E00021961",6,4,2
"E00021962",1,0,1
"E00021963",2,2,0
"E00021964",1,1,0
"E00021965",1,0,1
"E00021966",6,2,4
"E00021967",2,2,0
"E00021969",2,0,2
"E00021970",4,2,2
"E00021971",1,1,0
"E00021972",2,0,2
"E00021973",0,0,0
"E00021974",1,1,0
"E00021975",4,1,3
"E00021976",0,0,0
"E00021977",2,0,2
"E00021978",2,2,0
"E00021979",1,0,1
"E00021980",1,1,0
"E00021981",3,2,1
"E00021982",1,0,1
"E00021983",0,0,0
"E00021984",1,0,1
"E00021985",0,0,0
"E00021986",0,0,0
"E00021987",2,2,0
"E00021988",1,0,1
"E00021989",2,1,1
"E00021990",2,1,1
"E00021991",1,0,1
"E00021992",3,0,3
"E00021993",1,1,0
"E00021994",2,0,2
"E00021995",4,2,2
"E00021996",2,1,1
"E00021997",1,0,1
"E00021998",9,6,3
"E00021999",0,0,0
"E00022000",1,1,0
"E00022001",1,0,1
"E00022002",1,0,1
"E00022003",3,0,3
"E00022004",2,2,0
"E00022005",1,1,0
"E00022006",1,0,1
"E00022007",1,1,0
"E00022008",3,3,0
"E00022009",1,0,1
"E00022010",2,0,2
"E00022011",6,5,1
"E00022012",4,3,1
"E00022013",7,5,2
"E00022014",4,2,2
"E00022015",3,0,3
"E00022016",1,0,1
"E00022017",10,3,7
"E00022018",0,0,0
"E00022019",4,2,2
"E00022020",6,3,3
"E00022021",5,1,4
"E00022022",7,6,1
"E00022023",2,1,1
"E00022024",5,3,2
"E00022025",11,5,6
"E00022026",14,6,8
"E00022027",3,1,2
"E00022028",5,1,4
"E00022029",8,4,4
"E00022030",3,3,0
"E00022031",4,3,1
"E00022032",1,0,1
"E00022033",4,2,2
"E00022034",4,2,2
"E00022035",0,0,0
"E00022036",7,2,5
"E00022037",3,1,2
"E00022038",4,2,2
"E00022039",8,4,4
"E00022040",8,5,3
"E00022041",4,3,1
"E00022042",5,3,2
"E00022043",5,3,2
"E00022044",6,4,2
"E00022045",3,2,1
"E00022046",13,6,7
"E00022047",3,2,1
"E00022048",6,3,3
"E00022049",3,0,3
"E00022050",1,0,1
"E00022051",3,2,1
"E00022052",2,0,2
"E00022053",3,1,2
"E00022054",0,0,0
"E00022055",1,1,0
"E00022056",8,4,4
"E00022057",1,1,0
"E00022058",7,5,2
"E00022059",5,2,3
"E00022060",0,0,0
"E00022061",1,1,0
"E00022062",1,1,0
"E00022063",8,3,5
"E00022064",4,2,2
"E00022065",3,2,1
"E00022066",6,2,4
"E00022067",2,1,1
"E00022068",3,3,0
"E00022069",4,2,2
"E00022070",6,4,2
"E00022071",17,11,6
"E00022072",12,7,5
"E00022073",3,2,1
"E00022074",6,4,2
"E00022075",8,5,3
"E00022076",6,4,2
"E00022077",3,2,1
"E00022078",1,0,1
"E00022079",4,4,0
"E00022080",3,1,2
"E00022082",3,2,1
"E00022083",3,0,3
"E00022084",1,0,1
"E00022085",0,0,0
"E00022086",2,1,1
"E00022087",1,1,0
"E00022088",0,0,0
"E00022089",0,0,0
"E00022090",2,0,2
"E00022091",0,0,0
"E00022092",0,0,0
"E00022093",3,1,2
"E00022094",4,2,2
"E00022095",1,1,0
"E00022096",1,1,0
"E00022097",1,0,1
"E00022098",6,2,4
"E00022099",1,1,0
"E00022100",0,0,0
"E00022101",0,0,0
"E00022102",6,2,4
"E00022103",5,3,2
"E00022104",1,0,1
"E00022106",0,0,0
"E00022107",3,2,1
"E00022108",1,1,0
"E00022109",0,0,0
"E00022110",1,0,1
"E00022111",1,0,1
"E00022112",2,0,2
"E00022113",5,2,3
"E00022114",3,2,1
"E00022115",1,0,1
"E00022116",0,0,0
"E00022117",4,2,2
"E00022118",1,0,1
"E00022119",1,0,1
"E00022120",4,2,2
"E00022121",6,2,4
"E00022122",2,1,1
"E00022123",2,0,2
"E00022124",8,5,3
"E00022125",0,0,0
"E00022127",1,0,1
"E00022128",3,0,3
"E00022129",0,0,0
"E00022130",1,0,1
"E00022131",5,3,2
"E00022132",3,1,2
"E00022133",4,2,2
"E00022134",3,1,2
"E00022135",6,1,5
"E00022136",5,3,2
"E00022137",0,0,0
"E00022138",7,5,2
"E00022139",4,3,1
"E00022140",6,5,1
"E00022141",5,3,2
"E00022142",4,2,2
"E00022143",5,1,4
"E00022144",3,1,2
"E00022145",6,5,1
"E00022146",3,1,2
"E00022147",1,0,1
"E00022148",14,8,6
"E00022149",2,1,1
"E00022150",0,0,0
"E00022151",0,0,0
"E00022152",2,1,1
"E00022153",2,1,1
"E00022154",2,1,1
"E00022155",3,1,2
"E00022156",4,2,2
"E00022158",0,0,0
"E00022159",0,0,0
"E00022160",2,1,1
"E00022161",3,2,1
"E00022162",1,0,1
"E00022163",1,0,1
"E00022164",3,0,3
"E00022165",4,1,3
"E00022166",2,2,0
"E00022167",0,0,0
"E00022168",3,1,2
"E00022169",0,0,0
"E00022170",4,1,3
"E00022171",1,1,0
"E00022172",3,1,2
"E00022173",6,4,2
"E00022174",3,3,0
"E00022175",2,0,2
"E00022176",0,0,0
"E00022177",2,1,1
"E00022178",0,0,0
"E00022181",4,1,3
"E00022182",0,0,0
"E00022183",0,0,0
"E00022184",1,1,0
"E00022185",3,2,1
"E00022186",2,1,1
"E00022187",2,0,2
"E00022188",0,0,0
"E00022189",1,1,0
"E00022190",1,1,0
"E00022191",2,1,1
"E00022192",2,2,0
"E00022193",2,1,1
"E00022194",8,7,1
"E00022195",3,2,1
"E00022196",0,0,0
"E00022197",3,3,0
"E00022198",1,0,1
"E00022199",0,0,0
"E00022200",0,0,0
"E00022201",7,4,3
"E00022202",2,2,0
"E00022203",0,0,0
"E00022204",7,1,6
"E00022205",0,0,0
"E00022206",4,1,3
"E00022207",6,3,3
"E00022208",5,3,2
"E00022209",6,4,2
"E00022210",0,0,0
"E00022211",5,3,2
"E00022212",3,2,1
"E00022213",7,4,3
"E00022214",2,1,1
"E00022215",6,2,4
"E00022216",0,0,0
"E00022217",0,0,0
"E00022218",0,0,0
"E00022219",8,2,6
"E00022220",4,3,1
"E00022221",6,2,4
"E00022222",6,3,3
"E00022223",2,1,1
"E00022224",10,3,7
"E00022225",12,5,7
"E00022226",4,0,4
"E00022227",2,2,0
"E00022228",5,3,2
"E00022229",3,1,2
"E00022230",2,0,2
"E00022231",2,1,1
"E00022232",0,0,0
"E00022233",1,0,1
"E00022234",0,0,0
"E00022235",2,1,1
"E00022236",0,0,0
"E00022237",0,0,0
"E00022238",3,2,1
"E00022239",2,1,1
"E00022240",4,2,2
"E00022241",0,0,0
"E00022242",0,0,0
"E00022243",0,0,0
"E00022244",7,3,4
"E00022245",0,0,0
"E00022246",3,2,1
"E00022247",3,1,2
"E00022248",3,2,1
"E00022249",1,0,1
"E00022250",1,1,0
"E00022251",0,0,0
"E00022252",0,0,0
"E00022253",2,1,1
"E00022254",6,2,4
"E00022255",2,1,1
"E00022256",1,1,0
"E00022257",0,0,0
"E00022258",2,2,0
"E00022259",1,1,0
"E00022260",1,1,0
"E00022261",0,0,0
"E00022262",1,0,1
"E00022263",2,1,1
"E00022264",6,3,3
"E00022265",2,0,2
"E00022266",0,0,0
"E00022267",1,0,1
"E00022268",1,0,1
"E00022269",7,2,5
"E00022270",1,0,1
"E00022271",2,2,0
"E00022272",2,1,1
"E00022273",2,1,1
"E00022274",2,1,1
"E00022275",4,2,2
"E00022276",8,6,2
"E00022277",1,0,1
"E00022278",1,1,0
"E00022279",2,0,2
"E00022280",3,1,2
"E00022281",1,0,1
"E00022287",2,2,0
"E00022288",5,2,3
"E00022289",4,2,2
"E00022290",2,0,2
"E00022291",2,0,2
"E00022292",0,0,0
"E00022293",1,0,1
"E00022294",0,0,0
"E00022295",2,1,1
"E00022296",5,2,3
"E00022297",4,4,0
"E00022298",1,1,0
"E00022299",0,0,0
"E00022300",1,0,1
"E00022301",3,2,1
"E00022302",0,0,0
"E00022303",4,1,3
"E00022304",1,0,1
"E00022305",2,1,1
"E00022306",3,1,2
"E00022307",7,2,5
"E00022308",2,0,2
"E00022309",5,3,2
"E00022310",8,4,4
"E00022311",6,3,3
"E00022312",2,0,2
"E00022313",3,2,1
"E00022314",6,4,2
"E00022316",3,1,2
"E00022317",0,0,0
"E00022318",4,3,1
"E00022319",8,3,5
"E00022320",2,1,1
"E00022321",5,4,1
"E00022322",5,2,3
"E00022323",1,0,1
"E00022324",4,0,4
"E00022325",2,1,1
"E00022326",3,2,1
"E00022327",5,1,4
"E00022329",3,3,0
"E00022330",1,0,1
"E00022331",3,1,2
"E00022332",1,1,0
"E00022333",2,1,1
"E00022334",6,4,2
"E00022335",8,4,4
"E00022336",3,2,1
"E00022337",3,2,1
"E00022338",9,6,3
"E00022339",3,1,2
"E00022340",6,3,3
"E00022341",4,1,3
"E00022342",1,0,1
"E00022343",2,0,2
"E00022344",5,1,4
"E00022345",1,0,1
"E00022346",1,0,1
"E00022347",3,2,1
"E00022348",2,1,1
"E00022349",3,1,2
"E00022350",2,1,1
"E00022351",0,0,0
"E00022352",0,0,0
"E00022353",0,0,0
"E00022354",6,3,3
"E00022355",0,0,0
"E00022356",2,0,2
"E00022357",0,0,0
"E00022358",4,4,0
"E00022359",1,0,1
"E00022360",5,2,3
"E00022361",1,1,0
"E00022362",1,0,1
"E00022363",2,1,1
"E00022364",0,0,0
"E00022365",0,0,0
"E00022366",4,1,3
"E00022367",4,3,1
"E00022368",1,1,0
"E00022369",0,0,0
"E00022370",2,1,1
"E00022371",4,2,2
"E00022372",6,3,3
"E00022373",7,3,4
"E00022374",1,1,0
"E00022375",3,2,1
"E00022376",5,2,3
"E00022377",3,1,2
"E00022378",4,4,0
"E00022379",9,7,2
"E00022380",5,3,2
"E00022381",5,2,3
"E00022382",1,1,0
"E00022383",3,1,2
"E00022384",2,1,1
"E00022385",2,1,1
"E00022386",8,1,7
"E00022387",0,0,0
"E00022388",1,0,1
"E00022389",1,1,0
"E00022390",1,0,1
"E00022391",3,1,2
"E00022392",3,0,3
"E00022393",0,0,0
"E00022394",2,1,1
"E00022395",5,2,3
"E00022396",2,2,0
"E00022397",0,0,0
"E00022398",0,0,0
"E00022399",6,5,1
"E00022400",3,2,1
"E00022401",0,0,0
"E00022402",3,1,2
"E00022403",8,4,4
"E00022404",5,1,4
"E00022405",3,1,2
"E00022406",4,1,3
"E00022407",1,1,0
"E00022408",3,1,2
"E00022409",5,3,2
"E00022410",1,0,1
"E00022411",3,3,0
"E00022412",4,4,0
"E00022413",7,4,3
"E00022414",2,0,2
"E00022415",2,2,0
"E00022416",2,2,0
"E00022417",0,0,0
"E00022418",2,1,1
"E00022419",1,0,1
"E00022420",0,0,0
"E00022421",10,6,4
"E00022422",1,1,0
"E00022423",3,1,2
"E00022424",1,0,1
"E00022425",1,1,0
"E00022426",2,1,1
"E00022427",4,2,2
"E00022428",1,0,1
"E00022429",0,0,0
"E00022430",4,2,2
"E00022431",3,1,2
"E00022432",4,1,3
"E00022433",0,0,0
"E00022434",1,1,0
"E00022435",2,1,1
"E00022436",3,2,1
"E00022437",1,1,0
"E00022438",3,2,1
"E00022439",6,2,4
"E00022440",3,2,1
"E00022441",1,1,0
"E00022442",1,0,1
"E00022443",3,0,3
"E00022444",6,4,2
"E00022445",1,0,1
"E00022446",3,2,1
"E00022447",2,0,2
"E00022448",1,0,1
"E00022449",0,0,0
"E00022450",6,4,2
"E00022451",6,3,3
"E00022452",2,1,1
"E00022453",0,0,0
"E00022454",4,2,2
"E00022455",2,1,1
"E00022456",5,2,3
"E00022457",0,0,0
"E00022458",3,2,1
"E00022459",2,2,0
"E00022460",4,3,1
"E00022461",2,1,1
"E00022462",6,3,3
"E00022463",1,0,1
"E00022464",6,2,4
"E00022465",7,0,7
"E00022466",2,0,2
"E00022467",3,3,0
"E00022468",6,4,2
"E00022469",1,1,0
"E00022470",0,0,0
"E00022471",4,3,1
"E00022472",5,1,4
"E00022473",7,3,4
"E00022474",7,3,4
"E00022475",3,3,0
"E00022476",5,5,0
"E00022477",8,6,2
"E00022478",7,4,3
"E00022479",0,0,0
"E00022480",2,0,2
"E00022481",0,0,0
"E00022482",4,3,1
"E00022483",1,1,0
"E00022484",5,3,2
"E00022485",5,3,2
"E00022486",4,3,1
"E00022487",13,8,5
"E00022488",10,6,4
"E00022489",2,0,2
"E00022490",0,0,0
"E00022491",10,5,5
"E00022492",1,1,0
"E00022493",6,3,3
"E00022494",2,1,1
"E00022495",1,1,0
"E00022496",0,0,0
"E00022497",6,5,1
"E00022498",1,0,1
"E00022499",3,1,2
"E00022500",4,2,2
"E00022501",2,2,0
"E00022502",0,0,0
"E00022503",1,0,1
"E00022504",2,2,0
"E00022505",3,2,1
"E00022506",1,0,1
"E00022507",8,4,4
"E00022508",22,11,11
"E00022509",16,10,6
"E00022510",15,9,6
"E00022511",7,4,3
"E00022512",0,0,0
"E00022513",11,7,4
"E00022514",12,7,5
"E00022515",3,0,3
"E00022516",18,12,6
"E00022517",12,7,5
"E00022518",10,5,5
"E00022519",1,1,0
"E00022520",0,0,0
"E00022521",0,0,0
"E00022522",4,2,2
"E00022523",5,3,2
"E00022524",5,1,4
"E00022525",18,8,10
"E00022526",3,0,3
"E00022527",13,5,8
"E00022528",2,1,1
"E00022529",10,6,4
"E00022530",2,1,1
"E00022531",0,0,0
"E00022532",0,0,0
"E00022533",13,7,6
"E00022534",11,4,7
"E00022535",7,5,2
"E00022536",1,1,0
"E00022537",1,1,0
"E00022538",1,1,0
"E00022539",9,5,4
"E00022540",2,2,0
"E00022541",1,1,0
"E00022542",4,0,4
"E00022543",4,4,0
"E00022544",3,2,1
"E00022545",0,0,0
"E00022546",10,4,6
"E00022547",3,2,1
"E00022548",4,0,4
"E00022549",6,4,2
"E00022550",7,5,2
"E00022551",0,0,0
"E00022552",7,4,3
"E00022553",4,3,1
"E00022554",9,6,3
"E00022555",12,2,10
"E00022556",1,1,0
"E00022557",2,1,1
"E00022558",6,3,3
"E00022559",16,8,8
"E00022560",7,4,3
"E00022561",7,3,4
"E00022562",10,7,3
"E00022563",1,1,0
"E00022564",9,4,5
"E00022565",3,1,2
"E00022566",21,12,9
"E00022567",2,0,2
"E00022568",1,0,1
"E00022569",4,1,3
"E00022570",0,0,0
"E00022571",0,0,0
"E00022572",3,2,1
"E00022573",6,5,1
"E00022574",5,2,3
"E00022575",1,1,0
"E00022576",5,3,2
"E00022577",0,0,0
"E00022579",3,2,1
"E00022580",3,3,0
"E00022581",0,0,0
"E00022582",3,0,3
"E00022583",3,1,2
"E00022585",8,7,1
"E00022586",2,1,1
"E00022587",3,0,3
"E00022588",0,0,0
"E00022589",0,0,0
"E00022590",2,2,0
"E00022591",4,1,3
"E00022592",7,6,1
"E00022593",2,1,1
"E00022594",1,0,1
"E00022595",1,0,1
"E00022596",1,1,0
"E00022597",3,2,1
"E00022598",7,5,2
"E00022599",8,4,4
"E00022600",0,0,0
"E00022601",3,1,2
"E00022603",2,0,2
"E00022604",4,2,2
"E00022605",2,1,1
"E00022606",0,0,0
"E00022607",2,1,1
"E00022608",0,0,0
"E00022609",0,0,0
"E00022610",2,0,2
"E00022611",2,1,1
"E00022612",2,1,1
"E00022613",0,0,0
"E00022614",3,0,3
"E00022615",0,0,0
"E00022616",2,0,2
"E00022618",0,0,0
"E00022619",1,1,0
"E00022620",2,2,0
"E00022621",2,1,1
"E00022622",5,1,4
"E00022623",2,2,0
"E00022624",0,0,0
"E00022625",2,2,0
"E00022626",7,2,5
"E00022627",1,0,1
"E00022628",1,1,0
"E00022629",7,5,2
"E00022630",0,0,0
"E00022631",3,1,2
"E00022632",0,0,0
"E00022633",0,0,0
"E00022634",1,0,1
"E00022635",4,1,3
"E00022636",5,3,2
"E00022637",3,2,1
"E00022638",3,0,3
"E00022639",4,2,2
"E00022640",2,1,1
"E00022641",1,0,1
"E00022642",4,4,0
"E00022643",2,0,2
"E00022644",0,0,0
"E00022645",1,1,0
"E00022646",5,4,1
"E00022647",2,1,1
"E00022648",7,2,5
"E00022649",1,1,0
"E00022650",21,8,13
"E00022651",20,15,5
"E00022652",3,1,2
"E00022653",1,0,1
"E00022654",0,0,0
"E00022655",7,3,4
"E00022656",4,3,1
"E00022657",2,0,2
"E00022658",3,0,3
"E00022659",18,12,6
"E00022660",5,0,5
"E00022661",0,0,0
"E00022662",9,6,3
"E00022663",9,6,3
"E00022664",8,3,5
"E00022665",0,0,0
"E00022666",3,1,2
"E00022667",13,11,2
"E00022668",3,3,0
"E00022669",0,0,0
"E00022670",4,1,3
"E00022671",0,0,0
"E00022672",13,8,5
"E00022673",9,6,3
"E00022674",0,0,0
"E00022675",1,0,1
"E00022676",1,0,1
"E00022677",8,4,4
"E00022678",4,2,2
"E00022679",0,0,0
"E00022680",0,0,0
"E00022681",0,0,0
"E00022684",1,1,0
"E00022685",4,3,1
"E00022686",1,0,1
"E00022687",1,1,0
"E00022688",6,2,4
"E00022689",1,0,1
"E00022690",5,3,2
"E00022691",2,2,0
"E00022692",0,0,0
"E00022693",3,2,1
"E00022694",1,1,0
"E00022695",9,6,3
"E00022696",5,4,1
"E00022697",8,4,4
"E00022698",4,2,2
"E00022699",0,0,0
"E00022700",0,0,0
"E00022701",6,5,1
"E00022702",5,2,3
"E00022703",3,3,0
"E00022704",3,2,1
"E00022705",5,5,0
"E00022706",0,0,0
"E00022707",3,2,1
"E00022708",0,0,0
"E00022709",1,0,1
"E00022710",0,0,0
"E00022711",4,2,2
"E00022712",3,2,1
"E00022713",2,0,2
"E00022714",0,0,0
"E00022715",0,0,0
"E00022716",6,2,4
"E00022717",0,0,0
"E00022718",6,3,3
"E00022719",2,2,0
"E00022720",3,2,1
"E00022721",2,0,2
"E00022722",1,0,1
"E00022723",4,3,1
"E00022724",0,0,0
"E00022726",5,3,2
"E00022727",1,0,1
"E00022728",7,4,3
"E00022729",3,2,1
"E00022730",6,2,4
"E00022731",1,0,1
"E00022732",0,0,0
"E00022733",4,3,1
"E00022734",0,0,0
"E00022735",1,0,1
"E00022736",3,2,1
"E00022737",1,0,1
"E00022738",3,3,0
"E00022739",1,0,1
"E00022740",0,0,0
"E00022741",4,2,2
"E00022742",10,8,2
"E00022743",3,1,2
"E00022744",7,3,4
"E00022745",8,6,2
"E00022746",5,3,2
"E00022747",8,3,5
"E00022748",6,4,2
"E00022749",6,4,2
"E00022750",17,5,12
"E00022751",2,1,1
"E00022752",8,3,5
"E00022753",13,7,6
"E00022754",8,4,4
"E00022755",7,4,3
"E00022756",1,0,1
"E00022757",5,3,2
"E00022758",3,3,0
"E00022759",4,1,3
"E00022760",10,5,5
"E00022761",8,2,6
"E00022762",5,1,4
"E00022763",1,1,0
"E00022764",10,2,8
"E00022765",4,3,1
"E00022766",4,1,3
"E00022767",7,4,3
"E00022768",0,0,0
"E00022769",9,6,3
"E00022770",1,0,1
"E00022771",1,0,1
"E00022773",2,1,1
"E00022774",5,3,2
"E00022775",7,2,5
"E00022776",2,1,1
"E00022777",3,2,1
"E00022778",3,2,1
"E00022779",2,1,1
"E00022780",4,3,1
"E00022781",9,5,4
"E00022782",0,0,0
"E00022783",4,2,2
"E00022784",0,0,0
"E00022785",4,4,0
"E00022786",0,0,0
"E00022787",3,2,1
"E00022788",0,0,0
"E00022789",4,3,1
"E00022790",0,0,0
"E00022791",1,1,0
"E00022793",4,2,2
"E00022794",1,0,1
"E00022796",3,3,0
"E00022797",0,0,0
"E00022798",7,4,3
"E00022799",0,0,0
"E00022800",2,1,1
"E00022801",0,0,0
"E00022802",0,0,0
"E00022803",5,2,3
"E00022804",1,0,1
"E00022805",2,1,1
"E00022806",1,1,0
"E00022807",5,3,2
"E00022808",4,3,1
"E00022809",1,1,0
"E00022810",2,2,0
"E00022811",5,3,2
"E00022812",1,1,0
"E00022813",4,2,2
"E00022814",3,2,1
"E00022815",6,3,3
"E00022816",2,1,1
"E00022817",3,2,1
"E00022818",5,1,4
"E00022819",1,1,0
"E00022820",2,1,1
"E00022821",0,0,0
"E00022822",6,4,2
"E00022823",8,4,4
"E00022824",4,2,2
"E00022825",0,0,0
"E00022826",5,2,3
"E00022827",3,1,2
"E00022828",4,3,1
"E00022829",1,1,0
"E00022830",2,1,1
"E00022831",0,0,0
"E00022832",0,0,0
"E00022833",8,1,7
"E00022834",1,1,0
"E00022835",0,0,0
"E00022836",0,0,0
"E00022838",0,0,0
"E00022839",2,1,1
"E00022840",0,0,0
"E00022841",1,1,0
"E00022842",1,0,1
"E00022843",2,1,1
"E00022844",1,0,1
"E00022845",5,2,3
"E00022846",3,2,1
"E00022847",3,1,2
"E00022848",4,2,2
"E00022849",7,6,1
"E00022850",0,0,0
"E00022851",1,1,0
"E00022852",5,2,3
"E00022853",2,1,1
"E00022854",4,1,3
"E00022855",0,0,0
"E00022856",4,1,3
"E00022857",5,2,3
"E00022858",7,3,4
"E00022861",9,7,2
"E00022862",6,4,2
"E00022863",9,6,3
"E00022864",4,4,0
"E00022865",12,6,6
"E00022866",4,3,1
"E00022867",12,4,8
"E00022868",6,3,3
"E00022869",3,1,2
"E00022871",13,8,5
"E00022872",3,3,0
"E00022873",6,4,2
"E00022874",1,0,1
"E00022875",26,15,11
"E00022876",0,0,0
"E00022877",1,0,1
"E00022878",0,0,0
"E00022879",7,4,3
"E00022880",11,9,2
"E00022881",4,2,2
"E00022882",8,3,5
"E00022884",2,0,2
"E00022885",5,1,4
"E00022886",0,0,0
"E00022887",10,5,5
"E00022888",3,0,3
"E00022889",7,5,2
"E00022890",3,2,1
"E00022891",7,5,2
"E00022892",13,7,6
"E00022893",15,10,5
"E00022894",3,2,1
"E00022895",0,0,0
"E00022896",0,0,0
"E00022897",1,1,0
"E00022898",17,15,2
"E00022899",11,6,5
"E00022900",5,2,3
"E00022901",3,0,3
"E00022902",0,0,0
"E00022903",7,1,6
"E00022904",7,6,1
"E00022905",10,6,4
"E00022906",17,13,4
"E00022907",17,9,8
"E00022908",0,0,0
"E00022909",4,2,2
"E00022910",2,1,1
"E00022911",2,2,0
"E00022912",3,2,1
"E00022914",0,0,0
"E00022915",0,0,0
"E00022916",2,1,1
"E00022917",0,0,0
"E00022918",2,1,1
"E00022919",1,0,1
"E00022920",1,1,0
"E00022921",0,0,0
"E00022922",0,0,0
"E00022923",1,0,1
"E00022924",4,1,3
"E00022925",1,1,0
"E00022926",0,0,0
"E00022927",5,1,4
"E00022928",4,2,2
"E00022929",9,3,6
"E00022930",9,5,4
"E00022931",7,4,3
"E00022932",7,2,5
"E00022933",1,1,0
"E00022934",11,4,7
"E00022935",2,1,1
"E00022936",7,5,2
"E00022937",3,2,1
"E00022938",3,2,1
"E00022939",7,3,4
"E00022940",1,1,0
"E00022941",3,0,3
"E00022942",3,2,1
"E00022943",8,5,3
"E00022944",10,7,3
"E00022945",5,2,3
"E00022946",4,0,4
"E00022947",2,1,1
"E00022948",18,8,10
"E00022949",4,3,1
"E00022950",15,5,10
"E00022951",27,14,13
"E00022952",1,0,1
"E00022953",5,3,2
"E00022954",5,3,2
"E00022955",0,0,0
"E00022956",0,0,0
"E00022957",3,1,2
"E00022958",5,2,3
"E00022959",6,4,2
"E00022960",0,0,0
"E00022961",4,2,2
"E00022962",0,0,0
"E00022963",0,0,0
"E00022964",4,1,3
"E00022965",3,2,1
"E00022966",6,5,1
"E00022967",1,1,0
"E00022968",0,0,0
"E00022969",3,3,0
"E00022970",1,1,0
"E00022972",0,0,0
"E00022974",5,2,3
"E00022975",1,0,1
"E00022976",5,3,2
"E00022977",1,0,1
"E00022978",11,6,5
"E00022979",1,1,0
"E00022980",5,4,1
"E00022981",2,0,2
"E00022982",2,0,2
"E00022983",4,3,1
"E00022984",2,0,2
"E00022985",8,4,4
"E00022987",6,1,5
"E00022988",4,1,3
"E00022989",0,0,0
"E00022990",3,1,2
"E00022991",2,1,1
"E00022992",6,3,3
"E00022993",1,0,1
"E00022994",1,0,1
"E00022995",3,2,1
"E00022996",5,4,1
"E00022997",3,0,3
"E00022998",12,8,4
"E00022999",8,5,3
"E00023000",11,3,8
"E00023001",0,0,0
"E00023002",2,1,1
"E00023003",19,12,7
"E00023004",2,0,2
"E00023005",4,1,3
"E00023007",22,17,5
"E00023008",5,2,3
"E00023009",1,0,1
"E00023010",6,3,3
"E00023011",11,8,3
"E00023013",3,1,2
"E00023014",7,4,3
"E00023015",3,1,2
"E00023016",3,1,2
"E00023017",19,10,9
"E00023018",7,3,4
"E00023019",6,4,2
"E00023020",1,0,1
"E00023021",1,1,0
"E00023022",2,1,1
"E00023023",3,3,0
"E00023024",6,4,2
"E00023025",6,4,2
"E00023026",2,1,1
"E00023027",0,0,0
"E00023028",0,0,0
"E00023029",3,0,3
"E00023030",4,2,2
"E00023031",4,1,3
"E00023032",13,0,13
"E00023033",0,0,0
"E00023034",0,0,0
"E00023035",6,3,3
"E00023036",0,0,0
"E00023037",1,0,1
"E00023038",2,1,1
"E00023039",3,2,1
"E00023040",4,3,1
"E00023041",4,1,3
"E00023042",1,1,0
"E00023043",1,1,0
"E00023044",1,0,1
"E00023045",2,2,0
"E00023046",3,2,1
"E00023047",6,4,2
"E00023048",6,3,3
"E00023052",18,13,5
"E00023053",2,2,0
"E00023054",5,1,4
"E00023055",11,5,6
"E00023056",0,0,0
"E00023057",4,3,1
"E00023058",11,4,7
"E00023059",1,1,0
"E00023060",5,3,2
"E00023061",2,0,2
"E00023062",0,0,0
"E00023063",0,0,0
"E00023064",0,0,0
"E00023065",5,3,2
"E00023066",9,4,5
"E00023067",3,3,0
"E00023068",4,3,1
"E00023069",0,0,0
"E00023070",11,5,6
"E00023071",3,1,2
"E00023072",2,0,2
"E00023073",15,9,6
"E00023074",5,2,3
"E00023075",17,10,7
"E00023076",13,5,8
"E00023077",0,0,0
"E00023078",1,1,0
"E00023079",3,0,3
"E00023080",0,0,0
"E00023081",2,0,2
"E00023082",2,2,0
"E00023083",0,0,0
"E00023084",5,3,2
"E00023085",0,0,0
"E00023086",1,0,1
"E00023087",1,1,0
"E00023088",0,0,0
"E00023089",3,2,1
"E00023091",0,0,0
"E00023092",0,0,0
"E00023093",0,0,0
"E00023094",4,1,3
"E00023095",5,4,1
"E00023096",0,0,0
"E00023097",0,0,0
"E00023098",0,0,0
"E00023099",6,4,2
"E00023100",1,0,1
"E00023101",11,11,0
"E00023102",5,4,1
"E00023103",5,5,0
"E00023104",2,1,1
"E00023105",6,3,3
"E00023106",1,1,0
"E00023107",3,3,0
"E00023108",2,2,0
"E00023109",3,1,2
"E00023110",0,0,0
"E00023111",1,0,1
"E00023112",3,1,2
"E00023113",2,1,1
"E00023114",0,0,0
"E00023115",0,0,0
"E00023116",5,0,5
"E00023117",0,0,0
"E00023118",0,0,0
"E00023119",2,1,1
"E00023120",5,3,2
"E00023121",1,1,0
"E00023122",1,1,0
"E00023123",0,0,0
"E00023124",3,3,0
"E00023125",0,0,0
"E00023126",9,4,5
"E00023127",0,0,0
"E00023128",2,0,2
"E00023129",0,0,0
"E00023130",0,0,0
"E00023131",2,0,2
"E00023132",1,0,1
"E00023133",4,2,2
"E00023134",8,6,2
"E00023135",3,2,1
"E00023136",9,6,3
"E00023137",4,4,0
"E00023138",1,1,0
"E00023139",0,0,0
"E00023140",0,0,0
"E00023141",3,1,2
"E00023142",0,0,0
"E00023143",6,2,4
"E00023144",12,6,6
"E00023145",0,0,0
"E00023146",7,4,3
"E00023147",1,0,1
"E00023148",1,1,0
"E00023149",3,0,3
"E00023151",2,1,1
"E00023152",7,4,3
"E00023153",4,2,2
"E00023155",0,0,0
"E00023156",6,4,2
"E00023157",3,2,1
"E00023158",4,2,2
"E00023159",0,0,0
"E00023160",3,3,0
"E00023161",17,9,8
"E00023162",3,2,1
"E00023163",7,4,3
"E00023164",6,4,2
"E00023165",0,0,0
"E00023166",9,4,5
"E00023167",3,0,3
"E00023168",3,1,2
"E00023169",7,4,3
"E00023170",7,2,5
"E00023171",2,1,1
"E00023172",3,3,0
"E00023173",5,4,1
"E00023174",0,0,0
"E00023175",3,2,1
"E00023176",1,1,0
"E00023177",3,0,3
"E00023178",9,6,3
"E00023179",1,1,0
"E00023180",5,2,3
"E00023181",8,5,3
"E00023182",0,0,0
"E00023183",0,0,0
"E00023184",0,0,0
"E00023185",2,1,1
"E00023186",2,0,2
"E00023187",5,3,2
"E00023188",9,5,4
"E00023189",8,4,4
"E00023190",7,2,5
"E00023191",22,13,9
"E00023192",7,2,5
"E00023193",7,4,3
"E00023196",0,0,0
"E00023197",0,0,0
"E00023198",6,1,5
"E00023199",7,5,2
"E00023200",5,4,1
"E00023201",2,1,1
"E00023202",10,4,6
"E00023203",3,2,1
"E00023204",3,1,2
"E00023205",6,4,2
"E00023206",4,1,3
"E00023207",8,2,6
"E00023208",2,1,1
"E00023209",2,2,0
"E00023210",2,2,0
"E00023211",18,8,10
"E00023212",0,0,0
"E00023213",5,3,2
"E00023214",0,0,0
"E00023215",3,0,3
"E00023216",14,9,5
"E00023217",4,3,1
"E00023218",17,7,10
"E00023219",11,5,6
"E00023220",17,12,5
"E00023221",2,0,2
"E00023222",4,3,1
"E00023223",3,0,3
"E00023224",5,2,3
"E00023225",5,3,2
"E00023226",2,0,2
"E00023227",11,5,6
"E00023228",3,0,3
"E00023229",4,2,2
"E00023230",13,6,7
"E00023231",1,1,0
"E00023232",27,16,11
"E00023233",5,2,3
"E00023234",0,0,0
"E00023235",2,2,0
"E00023236",7,3,4
"E00023237",2,0,2
"E00023238",0,0,0
"E00023239",0,0,0
"E00023240",5,4,1
"E00023241",2,1,1
"E00023242",0,0,0
"E00023243",2,2,0
"E00023244",0,0,0
"E00023245",5,4,1
"E00023246",4,3,1
"E00023247",4,1,3
"E00023248",8,3,5
"E00023249",0,0,0
"E00023250",2,1,1
"E00023251",2,1,1
"E00023252",5,3,2
"E00023253",10,7,3
"E00023254",1,0,1
"E00023255",2,0,2
"E00023256",3,1,2
"E00023257",3,3,0
"E00023258",2,1,1
"E00023259",2,1,1
"E00023260",10,2,8
"E00023261",3,0,3
"E00023262",0,0,0
"E00023263",0,0,0
"E00023264",3,3,0
"E00023265",4,2,2
"E00023266",0,0,0
"E00023267",4,2,2
"E00023268",0,0,0
"E00023269",1,1,0
"E00023270",12,6,6
"E00023271",1,1,0
"E00023272",8,3,5
"E00023273",8,3,5
"E00023274",0,0,0
"E00023275",2,2,0
"E00023276",0,0,0
"E00023277",11,6,5
"E00023278",2,0,2
"E00023279",3,2,1
"E00023280",17,8,9
"E00023281",7,4,3
"E00023282",9,5,4
"E00023283",5,2,3
"E00023284",3,0,3
"E00023285",2,2,0
"E00023286",46,22,24
"E00023287",9,3,6
"E00023288",5,1,4
"E00023289",6,5,1
"E00023290",3,1,2
"E00023291",4,0,4
"E00023292",1,0,1
"E00023293",13,8,5
"E00023294",30,17,13
"E00023295",16,7,9
"E00023296",5,2,3
"E00023297",23,12,11
"E00023298",4,3,1
"E00023299",14,7,7
"E00023300",3,2,1
"E00023301",10,7,3
"E00023302",20,11,9
"E00023303",0,0,0
"E00023304",6,4,2
"E00023305",5,3,2
"E00023306",3,2,1
"E00023307",11,5,6
"E00023308",7,2,5
"E00023309",8,7,1
"E00023310",5,3,2
"E00023311",13,5,8
"E00023312",0,0,0
"E00023313",9,4,5
"E00023314",22,11,11
"E00023315",20,8,12
"E00023316",6,4,2
"E00023317",0,0,0
"E00023318",6,2,4
"E00023319",5,2,3
"E00023320",6,4,2
"E00023321",2,1,1
"E00023322",10,7,3
"E00023323",8,6,2
"E00023324",11,4,7
"E00023325",4,2,2
"E00023326",1,1,0
"E00023327",8,5,3
"E00023328",0,0,0
"E00023329",6,3,3
"E00023330",2,1,1
"E00023331",7,4,3
"E00023332",3,2,1
"E00023333",3,2,1
"E00023334",0,0,0
"E00023335",5,3,2
"E00023337",1,0,1
"E00023338",10,2,8
"E00023339",1,1,0
"E00023340",1,1,0
"E00023341",3,1,2
"E00023342",4,1,3
"E00023343",5,3,2
"E00023344",15,9,6
"E00023345",1,0,1
"E00023346",4,3,1
"E00023347",0,0,0
"E00023348",7,4,3
"E00023349",6,5,1
"E00023350",2,1,1
"E00023351",1,0,1
"E00023352",2,1,1
"E00023353",1,0,1
"E00023354",1,0,1
"E00023355",3,3,0
"E00023356",3,0,3
"E00023357",3,2,1
"E00023358",3,0,3
"E00023359",5,4,1
"E00023360",1,1,0
"E00023361",0,0,0
"E00023362",5,3,2
"E00023363",4,1,3
"E00023364",0,0,0
"E00023365",5,1,4
"E00023366",2,1,1
"E00023368",12,7,5
"E00023369",4,2,2
"E00023370",32,15,17
"E00023371",30,16,14
"E00023372",5,3,2
"E00023373",14,5,9
"E00023374",3,1,2
"E00023375",16,12,4
"E00023376",2,1,1
"E00023377",12,2,10
"E00023378",22,14,8
"E00023379",0,0,0
"E00023380",4,1,3
"E00023381",3,1,2
"E00023382",2,1,1
"E00023383",2,1,1
"E00023384",2,1,1
"E00023385",3,0,3
"E00023386",3,3,0
"E00023387",3,1,2
"E00023388",3,1,2
"E00023389",5,4,1
"E00023390",7,1,6
"E00023391",1,0,1
"E00023392",0,0,0
"E00023393",3,2,1
"E00023394",10,5,5
"E00023395",0,0,0
"E00023396",26,15,11
"E00023397",3,0,3
"E00023398",3,3,0
"E00023399",3,0,3
"E00023400",1,1,0
"E00023401",0,0,0
"E00023402",12,5,7
"E00023403",5,4,1
"E00023404",7,2,5
"E00023405",4,2,2
"E00023406",7,4,3
"E00023407",3,0,3
"E00023408",7,3,4
"E00023409",20,11,9
"E00023410",13,7,6
"E00023411",3,0,3
"E00023412",14,9,5
"E00023413",9,5,4
"E00023414",0,0,0
"E00023415",14,10,4
"E00023416",1,0,1
"E00023418",4,2,2
"E00023419",10,6,4
"E00023421",2,0,2
"E00023422",10,6,4
"E00023423",6,3,3
"E00023424",0,0,0
"E00023425",1,0,1
"E00023426",5,1,4
"E00023427",10,6,4
"E00023428",5,1,4
"E00023429",1,1,0
"E00023430",0,0,0
"E00023431",7,5,2
"E00023432",7,2,5
"E00023433",9,3,6
"E00023434",2,2,0
"E00023435",13,5,8
"E00023436",8,4,4
"E00023437",2,1,1
"E00023438",7,2,5
"E00023439",1,0,1
"E00023440",5,1,4
"E00023441",14,7,7
"E00023442",10,8,2
"E00023443",0,0,0
"E00023444",6,3,3
"E00023445",14,6,8
"E00023446",3,1,2
"E00023447",4,3,1
"E00023448",12,5,7
"E00023449",7,4,3
"E00023450",1,1,0
"E00023451",1,1,0
"E00023452",5,2,3
"E00023453",0,0,0
"E00023454",1,1,0
"E00023455",6,4,2
"E00023456",1,0,1
"E00023458",4,3,1
"E00023459",10,9,1
"E00023460",0,0,0
"E00023461",3,2,1
"E00023462",0,0,0
"E00023463",3,1,2
"E00023464",2,1,1
"E00023465",3,1,2
"E00023466",11,7,4
"E00023467",6,2,4
"E00023468",8,5,3
"E00023469",9,5,4
"E00023470",7,3,4
"E00023471",8,3,5
"E00023472",5,5,0
"E00023473",2,0,2
"E00023474",1,0,1
"E00023475",4,3,1
"E00023476",4,3,1
"E00023477",8,2,6
"E00023478",9,5,4
"E00023479",2,1,1
"E00023480",2,1,1
"E00023481",5,2,3
"E00023482",0,0,0
"E00023483",3,1,2
"E00023484",4,2,2
"E00023485",0,0,0
"E00023486",3,1,2
"E00023487",3,3,0
"E00023488",0,0,0
"E00023489",0,0,0
"E00023490",6,4,2
"E00023491",6,2,4
"E00023492",1,1,0
"E00023493",1,0,1
"E00023494",3,1,2
"E00023495",2,1,1
"E00023496",4,2,2
"E00023497",5,2,3
"E00023498",9,4,5
"E00023499",4,2,2
"E00023500",22,18,4
"E00023501",12,6,6
"E00023502",9,4,5
"E00023503",0,0,0
"E00023504",1,1,0
"E00023505",1,0,1
"E00023506",3,3,0
"E00023507",10,4,6
"E00023508",2,0,2
"E00023509",9,4,5
"E00023510",0,0,0
"E00023511",0,0,0
"E00023512",3,1,2
"E00023513",1,0,1
"E00023514",1,1,0
"E00023515",1,0,1
"E00023516",3,1,2
"E00023517",6,4,2
"E00023518",4,1,3
"E00023519",3,3,0
"E00023520",3,3,0
"E00023521",1,0,1
"E00023522",19,9,10
"E00023523",1,1,0
"E00023524",3,2,1
"E00023525",3,2,1
"E00023526",4,2,2
"E00023527",9,2,7
"E00023528",6,4,2
"E00023529",0,0,0
"E00023530",3,2,1
"E00023531",0,0,0
"E00023532",5,5,0
"E00023533",0,0,0
"E00023534",0,0,0
"E00023535",1,1,0
"E00023536",0,0,0
"E00023537",17,5,12
"E00023538",11,4,7
"E00023539",7,4,3
"E00023540",7,3,4
"E00023541",0,0,0
"E00023542",2,1,1
"E00023543",3,1,2
"E00023544",6,2,4
"E00023545",15,11,4
"E00023546",0,0,0
"E00023547",1,1,0
"E00023548",1,1,0
"E00023549",1,1,0
"E00023550",8,5,3
"E00023551",3,1,2
"E00023552",2,2,0
"E00023554",1,1,0
"E00023555",1,1,0
"E00023556",1,1,0
"E00023557",79,14,65
"E00023558",4,3,1
"E00023559",6,4,2
"E00023560",10,5,5
"E00023561",0,0,0
"E00023562",1,1,0
"E00023564",3,1,2
"E00023565",6,3,3
"E00023566",3,1,2
"E00023567",2,1,1
"E00023569",1,1,0
"E00023570",1,0,1
"E00023571",2,1,1
"E00023572",8,5,3
"E00023573",1,1,0
"E00023574",10,6,4
"E00023575",3,0,3
"E00023576",0,0,0
"E00023577",5,2,3
"E00023578",7,3,4
"E00023579",9,7,2
"E00023580",1,1,0
"E00023581",3,3,0
"E00023585",5,3,2
"E00023586",0,0,0
"E00023587",0,0,0
"E00023588",2,1,1
"E00023589",4,0,4
"E00023590",1,1,0
"E00023591",0,0,0
"E00023592",2,1,1
"E00023593",2,2,0
"E00023595",6,4,2
"E00023596",3,1,2
"E00023597",0,0,0
"E00023598",2,1,1
"E00023599",4,1,3
"E00023600",3,1,2
"E00023601",5,3,2
"E00023602",2,2,0
"E00023603",4,1,3
"E00023604",4,2,2
"E00023605",1,0,1
"E00023606",0,0,0
"E00023608",0,0,0
"E00023609",6,4,2
"E00023610",1,1,0
"E00023611",3,2,1
"E00023612",6,4,2
"E00023613",2,1,1
"E00023614",1,1,0
"E00023615",5,2,3
"E00023616",0,0,0
"E00023617",15,6,9
"E00023618",1,1,0
"E00023619",11,2,9
"E00023620",2,0,2
"E00023621",1,0,1
"E00023622",13,7,6
"E00023623",13,7,6
"E00023624",3,0,3
"E00023625",5,3,2
"E00023626",3,1,2
"E00023627",0,0,0
"E00023628",3,1,2
"E00023629",5,2,3
"E00023630",1,1,0
"E00023631",0,0,0
"E00023632",7,1,6
"E00023633",4,2,2
"E00023634",13,8,5
"E00023635",4,1,3
"E00023636",3,2,1
"E00023637",9,4,5
"E00023638",3,3,0
"E00023639",0,0,0
"E00023640",15,11,4
"E00023641",3,1,2
"E00023643",4,1,3
"E00023644",0,0,0
"E00023646",1,1,0
"E00023647",0,0,0
"E00023648",10,2,8
"E00023649",5,3,2
"E00023650",5,3,2
"E00023651",7,4,3
"E00023652",4,3,1
"E00023653",0,0,0
"E00023655",2,1,1
"E00023656",2,1,1
"E00023657",4,3,1
"E00023658",5,3,2
"E00023659",2,2,0
"E00023660",3,1,2
"E00023661",6,5,1
"E00023662",15,11,4
"E00023663",2,2,0
"E00023664",31,18,13
"E00023665",3,1,2
"E00023666",31,12,19
"E00023668",7,3,4
"E00023669",5,3,2
"E00023670",17,13,4
"E00023671",7,4,3
"E00023672",5,2,3
"E00023674",11,5,6
"E00023675",7,3,4
"E00023676",3,2,1
"E00023678",0,0,0
"E00023679",5,4,1
"E00023680",1,1,0
"E00023681",18,7,11
"E00023682",5,3,2
"E00023684",0,0,0
"E00023685",2,0,2
"E00023686",9,6,3
"E00023687",0,0,0
"E00023688",4,2,2
"E00023689",11,7,4
"E00023690",5,2,3
"E00023691",4,2,2
"E00023692",4,1,3
"E00023694",2,1,1
"E00023695",5,3,2
"E00023696",2,2,0
"E00023697",12,7,5
"E00023698",2,2,0
"E00023699",4,3,1
"E00023700",6,6,0
"E00023701",9,3,6
"E00023702",3,3,0
"E00023703",2,2,0
"E00023704",1,0,1
"E00023705",5,3,2
"E00023706",2,2,0
"E00023707",2,1,1
"E00023708",2,1,1
"E00023709",2,0,2
"E00023710",3,2,1
"E00023711",0,0,0
"E00023712",1,0,1
"E00023713",2,2,0
"E00023714",4,3,1
"E00023715",0,0,0
"E00023716",8,2,6
"E00023717",0,0,0
"E00023718",0,0,0
"E00023719",1,1,0
"E00023720",11,5,6
"E00023721",0,0,0
"E00023722",0,0,0
"E00023723",1,1,0
"E00023724",4,2,2
"E00023725",2,0,2
"E00023726",3,3,0
"E00023727",0,0,0
"E00023728",5,0,5
"E00023729",4,2,2
"E00023730",5,1,4
"E00023731",0,0,0
"E00023732",2,2,0
"E00023733",8,3,5
"E00023734",3,2,1
"E00023737",5,3,2
"E00023738",0,0,0
"E00023739",12,7,5
"E00023740",7,2,5
"E00023741",6,3,3
"E00023744",7,3,4
"E00023745",9,7,2
"E00023746",2,2,0
"E00023747",19,11,8
"E00023748",4,2,2
"E00023749",25,1,24
"E00023750",5,4,1
"E00023751",0,0,0
"E00023752",1,0,1
"E00023753",2,0,2
"E00023754",2,2,0
"E00023755",17,10,7
"E00023756",2,1,1
"E00023757",0,0,0
"E00023758",1,1,0
"E00023759",10,5,5
"E00023760",2,0,2
"E00023761",9,4,5
"E00023762",7,4,3
"E00023763",10,8,2
"E00023764",4,2,2
"E00023765",3,2,1
"E00023766",4,2,2
"E00023767",5,3,2
"E00023768",7,1,6
"E00023769",6,2,4
"E00023770",0,0,0
"E00023771",11,6,5
"E00023772",1,0,1
"E00023773",2,2,0
"E00023774",7,4,3
"E00023775",1,1,0
"E00023776",6,2,4
"E00023777",3,2,1
"E00023778",0,0,0
"E00023779",0,0,0
"E00023780",0,0,0
"E00023781",0,0,0
"E00023782",4,1,3
"E00023783",0,0,0
"E00023784",0,0,0
"E00023785",4,2,2
"E00023786",3,1,2
"E00023787",8,0,8
"E00023788",2,1,1
"E00023789",1,0,1
"E00023790",0,0,0
"E00023791",12,5,7
"E00023792",0,0,0
"E00023793",3,3,0
"E00023794",6,4,2
"E00023795",2,1,1
"E00023796",2,1,1
"E00023797",5,3,2
"E00023798",4,3,1
"E00023799",8,3,5
"E00023800",3,2,1
"E00023801",10,4,6
"E00023802",4,3,1
"E00023803",0,0,0
"E00023804",2,2,0
"E00023805",10,4,6
"E00023806",0,0,0
"E00023807",2,0,2
"E00023808",1,0,1
"E00023809",6,3,3
"E00023810",6,1,5
"E00023811",4,2,2
"E00023812",0,0,0
"E00023813",14,3,11
"E00023814",2,2,0
"E00023815",0,0,0
"E00023816",4,1,3
"E00023817",2,1,1
"E00023818",26,9,17
"E00023819",2,1,1
"E00023820",1,1,0
"E00023821",0,0,0
"E00023822",7,4,3
"E00023823",6,3,3
"E00023824",16,5,11
"E00023825",2,1,1
"E00023826",7,3,4
"E00023827",5,4,1
"E00023828",3,2,1
"E00023829",1,1,0
"E00023830",2,2,0
"E00023831",2,1,1
"E00023832",0,0,0
"E00023833",6,3,3
"E00023834",5,3,2
"E00023835",2,1,1
"E00023836",1,0,1
"E00023837",2,2,0
"E00023838",4,4,0
"E00023839",4,2,2
"E00023840",5,3,2
"E00023841",0,0,0
"E00023842",5,3,2
"E00023843",0,0,0
"E00023844",5,1,4
"E00023845",9,4,5
"E00023846",1,0,1
"E00023847",2,1,1
"E00023848",7,1,6
"E00023849",2,1,1
"E00023851",0,0,0
"E00023852",0,0,0
"E00023853",0,0,0
"E00023854",1,0,1
"E00023855",4,2,2
"E00023856",1,1,0
"E00023857",0,0,0
"E00023858",5,3,2
"E00023859",0,0,0
"E00023860",2,1,1
"E00023861",6,1,5
"E00023862",1,1,0
"E00023863",1,1,0
"E00023864",3,1,2
"E00023865",0,0,0
"E00023866",1,1,0
"E00023867",2,0,2
"E00023869",3,1,2
"E00023870",5,3,2
"E00023871",6,2,4
"E00023872",1,1,0
"E00023873",1,1,0
"E00023874",0,0,0
"E00023875",4,1,3
"E00023876",5,1,4
"E00023877",7,2,5
"E00023878",9,7,2
"E00023879",3,2,1
"E00023880",5,2,3
"E00023881",4,1,3
"E00023882",6,2,4
"E00023883",7,5,2
"E00023884",6,3,3
"E00023885",8,6,2
"E00023886",3,1,2
"E00023887",7,2,5
"E00023888",4,4,0
"E00023889",0,0,0
"E00023890",2,1,1
"E00023891",8,6,2
"E00023892",3,1,2
"E00023893",3,1,2
"E00023894",4,3,1
"E00023895",6,2,4
"E00023896",3,1,2
"E00023897",3,1,2
"E00023898",15,6,9
"E00023899",6,2,4
"E00023900",0,0,0
"E00023901",0,0,0
"E00023902",0,0,0
"E00023903",2,2,0
"E00023904",10,5,5
"E00023905",5,3,2
"E00023906",2,2,0
"E00023907",1,1,0
"E00023908",0,0,0
"E00023909",3,2,1
"E00023910",3,2,1
"E00023911",0,0,0
"E00023912",0,0,0
"E00023913",11,5,6
"E00023914",6,4,2
"E00023916",3,0,3
"E00023917",6,2,4
"E00023918",0,0,0
"E00023919",39,6,33
"E00023920",5,3,2
"E00023921",2,1,1
"E00023922",2,1,1
"E00023923",8,4,4
"E00023924",4,2,2
"E00023925",5,2,3
"E00023926",0,0,0
"E00023927",11,6,5
"E00023928",0,0,0
"E00023929",1,0,1
"E00023930",1,0,1
"E00023931",0,0,0
"E00023932",0,0,0
"E00023933",5,1,4
"E00023934",1,0,1
"E00023935",2,1,1
"E00023936",6,4,2
"E00023937",3,1,2
"E00023938",13,7,6
"E00023939",3,2,1
"E00023941",0,0,0
"E00023942",2,0,2
"E00023943",4,1,3
"E00023944",2,1,1
"E00023945",29,17,12
"E00023946",11,4,7
"E00023947",6,4,2
"E00023948",1,1,0
"E00023949",2,0,2
"E00023950",4,1,3
"E00023951",2,1,1
"E00023953",1,1,0
"E00023954",0,0,0
"E00023955",3,1,2
"E00023956",1,1,0
"E00023957",0,0,0
"E00023958",1,1,0
"E00023959",0,0,0
"E00023960",2,1,1
"E00023963",3,1,2
"E00023964",10,5,5
"E00023965",1,0,1
"E00023966",2,1,1
"E00023967",4,2,2
"E00023968",3,1,2
"E00023969",3,2,1
"E00023971",3,2,1
"E00023972",0,0,0
"E00023973",7,3,4
"E00023974",2,0,2
"E00023975",3,2,1
"E00023976",6,6,0
"E00023977",1,1,0
"E00023978",2,1,1
"E00023979",2,1,1
"E00023980",2,1,1
"E00023981",2,0,2
"E00023982",1,0,1
"E00023985",2,2,0
"E00023986",2,1,1
"E00023987",0,0,0
"E00023988",0,0,0
"E00023989",3,1,2
"E00023990",1,0,1
"E00023991",1,0,1
"E00023992",6,2,4
"E00023993",2,0,2
"E00023994",1,0,1
"E00023995",0,0,0
"E00023996",1,1,0
"E00023997",5,0,5
"E00023998",0,0,0
"E00023999",2,1,1
"E00024001",0,0,0
"E00024002",14,6,8
"E00024004",8,3,5
"E00024005",4,2,2
"E00024006",4,2,2
"E00024007",4,3,1
"E00024008",1,1,0
"E00024009",5,2,3
"E00024010",3,1,2
"E00024011",2,0,2
"E00024012",2,2,0
"E00024013",6,3,3
"E00024014",5,2,3
"E00024016",2,0,2
"E00024017",0,0,0
"E00024018",0,0,0
"E00024019",0,0,0
"E00024020",0,0,0
"E00024021",2,0,2
"E00024022",6,4,2
"E00024023",7,2,5
"E00024024",5,3,2
"E00024025",5,3,2
"E00024026",1,1,0
"E00024028",5,2,3
"E00024029",5,2,3
"E00024030",2,1,1
"E00024031",12,8,4
"E00024032",7,5,2
"E00024033",0,0,0
"E00024034",10,4,6
"E00024036",0,0,0
"E00024037",0,0,0
"E00024038",1,1,0
"E00024039",0,0,0
"E00024040",5,3,2
"E00024041",3,2,1
"E00024042",6,3,3
"E00024043",5,3,2
"E00024044",2,1,1
"E00024045",0,0,0
"E00024046",2,2,0
"E00024047",1,0,1
"E00024048",5,2,3
"E00024050",7,4,3
"E00024051",0,0,0
"E00024052",0,0,0
"E00024053",3,3,0
"E00024054",3,2,1
"E00024055",4,3,1
"E00024056",12,6,6
"E00024057",3,2,1
"E00024058",2,1,1
"E00024059",8,3,5
"E00024060",7,5,2
"E00024061",1,0,1
"E00024062",2,0,2
"E00024063",1,0,1
"E00024064",6,4,2
"E00024065",3,1,2
"E00024066",3,1,2
"E00024067",5,1,4
"E00024068",10,3,7
"E00024069",5,3,2
"E00024070",0,0,0
"E00024071",4,4,0
"E00024072",3,2,1
"E00024073",5,2,3
"E00024074",4,2,2
"E00024075",3,3,0
"E00024076",5,0,5
"E00024077",4,2,2
"E00024078",4,3,1
"E00024079",2,1,1
"E00024080",1,0,1
"E00024081",1,1,0
"E00024083",1,1,0
"E00024084",9,4,5
"E00024085",1,0,1
"E00024086",3,0,3
"E00024087",0,0,0
"E00024088",0,0,0
"E00024089",2,2,0
"E00024090",1,1,0
"E00024091",2,1,1
"E00024092",6,5,1
"E00024093",2,0,2
"E00024094",3,2,1
"E00024095",0,0,0
"E00024096",2,0,2
"E00024097",4,3,1
"E00024098",0,0,0
"E00024099",4,3,1
"E00024100",0,0,0
"E00024101",10,5,5
"E00024103",2,1,1
"E00024104",5,4,1
"E00024105",2,2,0
"E00024106",2,0,2
"E00024107",0,0,0
"E00024108",0,0,0
"E00024109",5,4,1
"E00024110",4,1,3
"E00024112",4,3,1
"E00024113",0,0,0
"E00024114",2,1,1
"E00024115",3,1,2
"E00024116",3,0,3
"E00024117",11,5,6
"E00024118",6,4,2
"E00024119",4,2,2
"E00024121",1,1,0
"E00024122",0,0,0
"E00024123",3,2,1
"E00024124",9,3,6
"E00024125",0,0,0
"E00024126",3,2,1
"E00024127",0,0,0
"E00024128",4,3,1
"E00024129",2,0,2
"E00024130",5,2,3
"E00024133",0,0,0
"E00024134",3,2,1
"E00024135",5,5,0
"E00024136",3,2,1
"E00024137",0,0,0
"E00024138",5,2,3
"E00024140",5,1,4
"E00024141",7,3,4
"E00024142",3,2,1
"E00024143",6,0,6
"E00024144",4,2,2
"E00024145",12,5,7
"E00024146",4,2,2
"E00024147",6,2,4
"E00024148",3,1,2
"E00024150",3,1,2
"E00024151",3,1,2
"E00024152",2,1,1
"E00024153",3,0,3
"E00024154",9,5,4
"E00024155",3,1,2
"E00024156",2,2,0
"E00024157",0,0,0
"E00024158",0,0,0
"E00024159",0,0,0
"E00024160",2,1,1
"E00024161",3,1,2
"E00024162",1,1,0
"E00024163",0,0,0
"E00024164",3,2,1
"E00024165",3,2,1
"E00024166",4,1,3
"E00024167",5,3,2
"E00024168",0,0,0
"E00024169",1,0,1
"E00024170",0,0,0
"E00024171",7,1,6
"E00024172",3,0,3
"E00024173",1,0,1
"E00024174",1,0,1
"E00024175",1,1,0
"E00024176",3,0,3
"E00024177",8,6,2
"E00024178",9,2,7
"E00024179",6,3,3
"E00024180",3,3,0
"E00024181",4,2,2
"E00024182",6,3,3
"E00024183",5,2,3
"E00024184",2,1,1
"E00024185",3,1,2
"E00024186",4,2,2
"E00024187",1,0,1
"E00024188",11,6,5
"E00024189",6,3,3
"E00024190",0,0,0
"E00024191",0,0,0
"E00024192",1,0,1
"E00024193",3,3,0
"E00024194",2,0,2
"E00024195",8,5,3
"E00024196",4,1,3
"E00024197",4,1,3
"E00024198",3,2,1
"E00024199",8,3,5
"E00024200",2,1,1
"E00024201",4,2,2
"E00024202",3,2,1
"E00024203",2,1,1
"E00024204",2,1,1
"E00024205",4,1,3
"E00024206",4,3,1
"E00024207",0,0,0
"E00024208",3,3,0
"E00024210",4,2,2
"E00024211",2,1,1
"E00024212",2,2,0
"E00024213",0,0,0
"E00024215",1,0,1
"E00024216",3,1,2
"E00024217",1,1,0
"E00024218",3,2,1
"E00024219",13,6,7
"E00024220",0,0,0
"E00024221",0,0,0
"E00024222",2,1,1
"E00024223",3,1,2
"E00024224",0,0,0
"E00024225",6,1,5
"E00024226",2,0,2
"E00024227",2,2,0
"E00024228",3,2,1
"E00024229",1,1,0
"E00024230",5,3,2
"E00024231",1,0,1
"E00024232",2,1,1
"E00024233",0,0,0
"E00024234",1,0,1
"E00024235",2,2,0
"E00024236",3,1,2
"E00024237",7,4,3
"E00024238",3,2,1
"E00024239",6,4,2
"E00024240",7,4,3
"E00024241",1,0,1
"E00024242",4,1,3
"E00024243",4,1,3
"E00024244",3,2,1
"E00024245",1,0,1
"E00024246",1,1,0
"E00024247",3,0,3
"E00024248",5,1,4
"E00024249",2,1,1
"E00024250",2,1,1
"E00024251",8,4,4
"E00024252",3,3,0
"E00024253",2,1,1
"E00024254",0,0,0
"E00024255",1,0,1
"E00024256",0,0,0
"E00024257",1,1,0
"E00024258",1,1,0
"E00024259",6,1,5
"E00024260",8,4,4
"E00024261",7,3,4
"E00024262",7,1,6
"E00024263",8,4,4
"E00024264",4,3,1
"E00024265",5,4,1
"E00024266",10,4,6
"E00024267",4,4,0
"E00024268",5,4,1
"E00024269",7,3,4
"E00024270",4,3,1
"E00024271",3,1,2
"E00024272",0,0,0
"E00024273",0,0,0
"E00024274",5,2,3
"E00024275",1,1,0
"E00024276",2,1,1
"E00024277",3,1,2
"E00024278",4,2,2
"E00024279",3,2,1
"E00024280",1,1,0
"E00024281",0,0,0
"E00024282",7,3,4
"E00024283",0,0,0
"E00024284",2,1,1
"E00024285",4,3,1
"E00024286",0,0,0
"E00024287",0,0,0
"E00024288",2,1,1
"E00024289",0,0,0
"E00024290",0,0,0
"E00024291",0,0,0
"E00024292",4,0,4
"E00024293",5,3,2
"E00024294",0,0,0
"E00024295",3,1,2
"E00024296",0,0,0
"E00024297",2,2,0
"E00024298",1,0,1
"E00024299",1,1,0
"E00024300",5,4,1
"E00024301",0,0,0
"E00024302",1,0,1
"E00024303",1,1,0
"E00024304",2,1,1
"E00024305",7,4,3
"E00024306",1,1,0
"E00024307",3,1,2
"E00024308",8,5,3
"E00024309",4,1,3
"E00024310",2,1,1
"E00024311",5,4,1
"E00024312",9,5,4
"E00024313",5,2,3
"E00024314",5,3,2
"E00024315",1,1,0
"E00024316",1,1,0
"E00024317",2,0,2
"E00024318",1,0,1
"E00024319",2,2,0
"E00024320",4,0,4
"E00024321",6,4,2
"E00024322",4,2,2
"E00024323",2,2,0
"E00024324",4,2,2
"E00024325",5,3,2
"E00024326",1,1,0
"E00024327",2,1,1
"E00024328",3,3,0
"E00024329",9,3,6
"E00024330",0,0,0
"E00024331",8,3,5
"E00024332",8,4,4
"E00024333",3,2,1
"E00024334",5,2,3
"E00024335",0,0,0
"E00024336",7,2,5
"E00024337",6,4,2
"E00024338",5,1,4
"E00024339",2,1,1
"E00024340",6,2,4
"E00024341",3,1,2
"E00024342",2,1,1
"E00024343",1,0,1
"E00024344",4,2,2
"E00024345",1,0,1
"E00024346",0,0,0
"E00024347",11,6,5
"E00024348",4,3,1
"E00024349",0,0,0
"E00024350",1,0,1
"E00024351",6,2,4
"E00024352",4,1,3
"E00024353",4,2,2
"E00024354",14,5,9
"E00024355",9,4,5
"E00024356",8,3,5
"E00024357",1,1,0
"E00024358",6,4,2
"E00024359",11,6,5
"E00024360",3,3,0
"E00024361",12,3,9
"E00024362",4,3,1
"E00024363",7,0,7
"E00024364",0,0,0
"E00024365",7,5,2
"E00024366",0,0,0
"E00024367",2,1,1
"E00024368",3,2,1
"E00024369",4,1,3
"E00024370",1,1,0
"E00024371",0,0,0
"E00024372",0,0,0
"E00024373",3,2,1
"E00024374",0,0,0
"E00024375",1,0,1
"E00024376",0,0,0
"E00024377",2,1,1
"E00024378",10,5,5
"E00024379",6,1,5
"E00024380",2,1,1
"E00024381",6,3,3
"E00024382",11,8,3
"E00024383",3,2,1
"E00024384",3,0,3
"E00024385",4,2,2
"E00024386",2,2,0
"E00024387",3,1,2
"E00024388",0,0,0
"E00024389",0,0,0
"E00024390",7,4,3
"E00024391",1,0,1
"E00024392",8,7,1
"E00024393",0,0,0
"E00024394",1,0,1
"E00024395",2,1,1
"E00024396",4,2,2
"E00024397",4,1,3
"E00024398",2,1,1
"E00024399",6,4,2
"E00024400",1,0,1
"E00024401",9,3,6
"E00024402",3,2,1
"E00024403",6,4,2
"E00024404",0,0,0
"E00024405",7,2,5
"E00024406",1,0,1
"E00024407",2,0,2
"E00024408",3,0,3
"E00024409",11,4,7
"E00024410",2,2,0
"E00024411",6,4,2
"E00024412",0,0,0
"E00024413",3,1,2
"E00024415",0,0,0
"E00024416",0,0,0
"E00024417",4,1,3
"E00024418",3,1,2
"E00024419",14,8,6
"E00024420",4,1,3
"E00024421",1,0,1
"E00024422",11,6,5
"E00024423",1,1,0
"E00024424",0,0,0
"E00024425",4,3,1
"E00024426",1,0,1
"E00024427",3,2,1
"E00024428",1,0,1
"E00024429",1,0,1
"E00024430",0,0,0
"E00024431",1,1,0
"E00024432",0,0,0
"E00024433",1,0,1
"E00024434",5,2,3
"E00024435",3,1,2
"E00024436",3,1,2
"E00024437",3,1,2
"E00024438",0,0,0
"E00024439",0,0,0
"E00024440",0,0,0
"E00024441",1,0,1
"E00024442",3,1,2
"E00024443",3,0,3
"E00024444",1,1,0
"E00024445",3,2,1
"E00024446",2,0,2
"E00024447",3,1,2
"E00024448",2,1,1
"E00024449",5,3,2
"E00024450",1,0,1
"E00024451",5,4,1
"E00024452",1,1,0
"E00024453",2,0,2
"E00024454",2,1,1
"E00024455",3,3,0
"E00024456",5,3,2
"E00024457",2,1,1
"E00024458",2,0,2
"E00024459",0,0,0
"E00024460",1,1,0
"E00024461",3,3,0
"E00024462",4,2,2
"E00024463",1,1,0
"E00024464",0,0,0
"E00024465",0,0,0
"E00024466",0,0,0
"E00024467",1,0,1
"E00024468",0,0,0
"E00024469",3,3,0
"E00024470",5,3,2
"E00024471",1,1,0
"E00024472",0,0,0
"E00024473",0,0,0
"E00024474",1,0,1
"E00024475",6,5,1
"E00024476",2,1,1
"E00024477",4,1,3
"E00024478",5,3,2
"E00024479",1,1,0
"E00024480",3,3,0
"E00024481",17,5,12
"E00024482",8,4,4
"E00024483",0,0,0
"E00024484",2,2,0
"E00024485",2,2,0
"E00024486",0,0,0
"E00024487",5,1,4
"E00024488",9,2,7
"E00024489",12,5,7
"E00024490",4,2,2
"E00024491",13,7,6
"E00024492",8,3,5
"E00024493",4,2,2
"E00024494",1,1,0
"E00024495",7,5,2
"E00024496",0,0,0
"E00024497",1,0,1
"E00024498",12,6,6
"E00024499",1,1,0
"E00024500",6,4,2
"E00024501",1,1,0
"E00024502",6,4,2
"E00024503",4,2,2
"E00024504",0,0,0
"E00024505",3,2,1
"E00024506",4,2,2
"E00024507",7,3,4
"E00024508",0,0,0
"E00024509",0,0,0
"E00024510",3,1,2
"E00024511",0,0,0
"E00024512",3,1,2
"E00024513",2,2,0
"E00024514",1,1,0
"E00024515",2,1,1
"E00024516",5,1,4
"E00024517",0,0,0
"E00024518",11,3,8
"E00024519",4,3,1
"E00024520",3,2,1
"E00024521",7,6,1
"E00024522",5,2,3
"E00024523",9,5,4
"E00024524",4,0,4
"E00024525",1,1,0
"E00024526",8,2,6
"E00024527",13,6,7
"E00024528",9,5,4
"E00024529",16,6,10
"E00024530",8,5,3
"E00024531",10,4,6
"E00024532",12,5,7
"E00024533",8,6,2
"E00024535",8,4,4
"E00024536",16,9,7
"E00024537",4,2,2
"E00024538",9,3,6
"E00024539",2,0,2
"E00024540",3,1,2
"E00024541",6,1,5
"E00024542",0,0,0
"E00024543",0,0,0
"E00024544",4,1,3
"E00024545",2,1,1
"E00024546",1,0,1
"E00024547",1,1,0
"E00024548",0,0,0
"E00024549",3,1,2
"E00024551",3,2,1
"E00024552",0,0,0
"E00024553",6,4,2
"E00024554",8,4,4
"E00024555",0,0,0
"E00024556",2,1,1
"E00024557",3,3,0
"E00024558",0,0,0
"E00024559",8,5,3
"E00024560",0,0,0
"E00024561",6,3,3
"E00024562",8,5,3
"E00024563",1,0,1
"E00024564",2,2,0
"E00024565",1,0,1
"E00024566",3,1,2
"E00024567",5,2,3
"E00024568",3,1,2
"E00024569",3,3,0
"E00024570",1,1,0
"E00024571",3,2,1
"E00024572",0,0,0
"E00024573",8,4,4
"E00024574",1,1,0
"E00024575",2,0,2
"E00024576",4,1,3
"E00024577",0,0,0
"E00024578",3,1,2
"E00024579",0,0,0
"E00024580",0,0,0
"E00024581",2,0,2
"E00024582",1,1,0
"E00024583",1,1,0
"E00024584",3,2,1
"E00024585",1,1,0
"E00024586",0,0,0
"E00024587",0,0,0
"E00024588",0,0,0
"E00024589",8,5,3
"E00024590",2,1,1
"E00024591",2,1,1
"E00024592",0,0,0
"E00024593",2,1,1
"E00024594",0,0,0
"E00024595",0,0,0
"E00024596",0,0,0
"E00024597",1,1,0
"E00024598",1,0,1
"E00024599",2,2,0
"E00024600",0,0,0
"E00024601",3,1,2
"E00024602",6,6,0
"E00024603",0,0,0
"E00024604",3,2,1
"E00024605",3,2,1
"E00024606",0,0,0
"E00024607",4,0,4
"E00024608",2,1,1
"E00024609",0,0,0
"E00024610",1,1,0
"E00024611",0,0,0
"E00024612",0,0,0
"E00024613",0,0,0
"E00024614",0,0,0
"E00024615",0,0,0
"E00024616",1,0,1
"E00024617",3,3,0
"E00024618",1,1,0
"E00024619",0,0,0
"E00024620",1,1,0
"E00024621",6,4,2
"E00024622",2,2,0
"E00024623",3,3,0
"E00024624",2,1,1
"E00024625",3,1,2
"E00024626",5,2,3
"E00024627",2,1,1
"E00024628",2,1,1
"E00024629",2,0,2
"E00024630",3,1,2
"E00024631",3,1,2
"E00024632",4,0,4
"E00024633",3,2,1
"E00024634",0,0,0
"E00024635",8,4,4
"E00024636",1,0,1
"E00024637",1,1,0
"E00024638",6,2,4
"E00024639",4,2,2
"E00024640",1,1,0
"E00024641",3,2,1
"E00024642",2,1,1
"E00024643",1,0,1
"E00024644",0,0,0
"E00024645",0,0,0
"E00024646",3,2,1
"E00024647",2,0,2
"E00024648",1,0,1
"E00024649",4,3,1
"E00024650",2,1,1
"E00024651",0,0,0
"E00024652",0,0,0
"E00024653",0,0,0
"E00024654",0,0,0
"E00024655",4,4,0
"E00024656",2,2,0
"E00024657",0,0,0
"E00024658",0,0,0
"E00024659",2,1,1
"E00024660",0,0,0
"E00024661",2,0,2
"E00024662",0,0,0
"E00024663",0,0,0
"E00024664",1,0,1
"E00024665",0,0,0
"E00024666",0,0,0
"E00024667",1,1,0
"E00024668",1,1,0
"E00024669",0,0,0
"E00024670",3,2,1
"E00024671",3,1,2
"E00024672",2,1,1
"E00024673",0,0,0
"E00024674",6,3,3
"E00024675",3,1,2
"E00024676",1,1,0
"E00024677",1,1,0
"E00024678",2,1,1
"E00024679",1,0,1
"E00024680",1,1,0
"E00024681",3,1,2
"E00024682",1,1,0
"E00024683",0,0,0
"E00024684",4,1,3
"E00024685",0,0,0
"E00024686",0,0,0
"E00024687",5,4,1
"E00024688",7,5,2
"E00024689",4,2,2
"E00024690",3,3,0
"E00024691",0,0,0
"E00024692",2,1,1
"E00024693",2,2,0
"E00024694",0,0,0
"E00024695",2,2,0
"E00024696",1,0,1
"E00024697",1,1,0
"E00024698",7,2,5
"E00024699",3,1,2
"E00024700",5,1,4
"E00024701",0,0,0
"E00024702",1,1,0
"E00024703",5,3,2
"E00024704",2,2,0
"E00024705",1,0,1
"E00024706",3,2,1
"E00024707",1,0,1
"E00024708",7,3,4
"E00024709",3,2,1
"E00024710",2,1,1
"E00024711",0,0,0
"E00024712",6,3,3
"E00024713",0,0,0
"E00024714",2,1,1
"E00024715",5,2,3
"E00024716",5,1,4
"E00024717",0,0,0
"E00024718",3,0,3
"E00024719",8,5,3
"E00024720",5,4,1
"E00024721",10,4,6
"E00024722",12,5,7
"E00024723",5,2,3
"E00024724",4,1,3
"E00024725",7,3,4
"E00024726",7,3,4
"E00024727",8,2,6
"E00024728",0,0,0
"E00024729",7,3,4
"E00024730",6,3,3
"E00024731",1,1,0
"E00024732",0,0,0
"E00024733",7,6,1
"E00024734",1,0,1
"E00024735",1,0,1
"E00024736",3,2,1
"E00024737",1,1,0
"E00024738",2,2,0
"E00024739",4,3,1
"E00024740",3,3,0
"E00024741",5,2,3
"E00024742",1,1,0
"E00024743",1,0,1
"E00024744",2,2,0
"E00024745",2,2,0
"E00024746",0,0,0
"E00024747",3,2,1
"E00024748",0,0,0
"E00024749",4,3,1
"E00024750",9,5,4
"E00024751",11,5,6
"E00024752",3,2,1
"E00024753",1,1,0
"E00024754",0,0,0
"E00024755",0,0,0
"E00024756",4,3,1
"E00024757",4,3,1
"E00024758",2,1,1
"E00024759",0,0,0
"E00024760",6,1,5
"E00024761",6,3,3
"E00024762",4,1,3
"E00024763",8,4,4
"E00024764",3,1,2
"E00024765",4,0,4
"E00024766",5,1,4
"E00024767",1,0,1
"E00024768",7,4,3
"E00024769",3,1,2
"E00024770",4,1,3
"E00024771",0,0,0
"E00024772",11,1,10
"E00024773",5,4,1
"E00024774",5,2,3
"E00024775",1,1,0
"E00024776",1,0,1
"E00024777",7,4,3
"E00024778",4,4,0
"E00024779",1,0,1
"E00024780",4,3,1
"E00024781",2,1,1
"E00024782",0,0,0
"E00024783",10,4,6
"E00024784",7,5,2
"E00024785",1,0,1
"E00024786",2,1,1
"E00024787",5,3,2
"E00024788",9,3,6
"E00024789",4,3,1
"E00024790",0,0,0
"E00024791",1,0,1
"E00024792",1,1,0
"E00024793",5,3,2
"E00024794",2,1,1
"E00024796",2,1,1
"E00024797",17,7,10
"E00024798",0,0,0
"E00024799",6,2,4
"E00024800",2,1,1
"E00024801",6,1,5
"E00024802",5,2,3
"E00024803",11,6,5
"E00024804",1,0,1
"E00024805",11,5,6
"E00024806",3,1,2
"E00024807",1,0,1
"E00024808",4,2,2
"E00024809",2,1,1
"E00024810",6,3,3
"E00024811",0,0,0
"E00024812",2,1,1
"E00024813",3,2,1
"E00024814",5,2,3
"E00024815",4,3,1
"E00024816",0,0,0
"E00024817",4,0,4
"E00024819",2,1,1
"E00024820",3,1,2
"E00024821",0,0,0
"E00024822",1,1,0
"E00024823",4,1,3
"E00024824",1,1,0
"E00024825",11,7,4
"E00024827",2,1,1
"E00024828",2,2,0
"E00024829",2,0,2
"E00024830",1,1,0
"E00024831",0,0,0
"E00024832",4,0,4
"E00024833",1,1,0
"E00024834",4,3,1
"E00024835",3,2,1
"E00024836",3,1,2
"E00024837",4,2,2
"E00024838",0,0,0
"E00024839",0,0,0
"E00024840",2,1,1
"E00024841",0,0,0
"E00024842",1,0,1
"E00024843",0,0,0
"E00024844",2,0,2
"E00024845",1,0,1
"E00024846",1,1,0
"E00024847",0,0,0
"E00024848",5,2,3
"E00024849",4,1,3
"E00024850",2,1,1
"E00024851",0,0,0
"E00024852",1,0,1
"E00024853",4,1,3
"E00024854",0,0,0
"E00024855",3,2,1
"E00024856",1,0,1
"E00024857",1,1,0
"E00024858",1,0,1
"E00024859",0,0,0
"E00024860",3,0,3
"E00024861",3,1,2
"E00024862",0,0,0
"E00024863",4,1,3
"E00024864",1,1,0
"E00024865",1,1,0
"E00024866",1,1,0
"E00024867",0,0,0
"E00024868",1,1,0
"E00024870",4,3,1
"E00024871",2,0,2
"E00024872",2,0,2
"E00024873",4,1,3
"E00024874",4,2,2
"E00024875",2,0,2
"E00024876",1,0,1
"E00024877",5,2,3
"E00024878",2,0,2
"E00024879",1,1,0
"E00024880",1,1,0
"E00024881",5,2,3
"E00024882",5,2,3
"E00024883",4,2,2
"E00024884",0,0,0
"E00024885",1,0,1
"E00024886",4,1,3
"E00024887",1,1,0
"E00024888",1,0,1
"E00024889",1,1,0
"E00024891",0,0,0
"E00024892",1,0,1
"E00024893",3,1,2
"E00024894",8,6,2
"E00024895",1,1,0
"E00024896",0,0,0
"E00024897",3,2,1
"E00024898",2,1,1
"E00024899",3,2,1
"E00024900",5,2,3
"E00024901",6,3,3
"E00024902",14,8,6
"E00024903",3,2,1
"E00024904",7,3,4
"E00024905",1,0,1
"E00024906",5,3,2
"E00024907",3,2,1
"E00024908",2,1,1
"E00024909",1,1,0
"E00024910",0,0,0
"E00024911",3,1,2
"E00024912",2,2,0
"E00024913",10,6,4
"E00024914",0,0,0
"E00024915",3,1,2
"E00024916",3,2,1
"E00024917",4,3,1
"E00024918",3,3,0
"E00024919",8,1,7
"E00024920",6,4,2
"E00024921",3,1,2
"E00024922",3,2,1
"E00024923",4,1,3
"E00024924",1,0,1
"E00024925",2,1,1
"E00024926",3,1,2
"E00024927",2,0,2
"E00024928",1,0,1
"E00024929",5,2,3
"E00024930",4,3,1
"E00024931",0,0,0
"E00024932",0,0,0
"E00024933",6,5,1
"E00024934",2,2,0
"E00024935",0,0,0
"E00024937",5,3,2
"E00024938",0,0,0
"E00024939",0,0,0
"E00024940",1,0,1
"E00024941",2,2,0
"E00024942",4,3,1
"E00024943",3,0,3
"E00024944",1,1,0
"E00024945",0,0,0
"E00024946",2,1,1
"E00024947",2,2,0
"E00024948",1,0,1
"E00024949",0,0,0
"E00024950",0,0,0
"E00024951",5,3,2
"E00024952",0,0,0
"E00024953",0,0,0
"E00024954",2,1,1
"E00024955",5,3,2
"E00024956",0,0,0
"E00024958",2,1,1
"E00024959",4,2,2
"E00024960",1,1,0
"E00024961",0,0,0
"E00024962",1,0,1
"E00024963",2,0,2
"E00024964",0,0,0
"E00024965",3,2,1
"E00024966",10,4,6
"E00024967",1,1,0
"E00024968",4,3,1
"E00024969",0,0,0
"E00024970",0,0,0
"E00024971",11,4,7
"E00024972",11,7,4
"E00024973",5,3,2
"E00024974",3,1,2
"E00024975",5,3,2
"E00024976",4,2,2
"E00024977",4,2,2
"E00024978",2,0,2
"E00024979",11,7,4
"E00024980",1,1,0
"E00024981",1,0,1
"E00024982",4,3,1
"E00024983",2,1,1
"E00024984",5,4,1
"E00024985",13,4,9
"E00024986",1,0,1
"E00024987",0,0,0
"E00024988",1,1,0
"E00024989",1,1,0
"E00024990",7,2,5
"E00024991",3,1,2
"E00024992",0,0,0
"E00024993",3,1,2
"E00024994",1,0,1
"E00024995",3,2,1
"E00024996",3,3,0
"E00024997",3,2,1
"E00024998",9,3,6
"E00024999",4,2,2
"E00025000",7,4,3
"E00025001",4,2,2
"E00025002",1,0,1
"E00025003",2,1,1
"E00025004",2,0,2
"E00025005",4,2,2
"E00025006",3,1,2
"E00025007",7,1,6
"E00025008",4,4,0
"E00025009",4,2,2
"E00025010",8,4,4
"E00025011",7,2,5
"E00025012",5,3,2
"E00025013",0,0,0
"E00025014",0,0,0
"E00025015",2,1,1
"E00025016",7,2,5
"E00025017",1,0,1
"E00025018",1,0,1
"E00025019",1,1,0
"E00025020",8,2,6
"E00025021",4,3,1
"E00025022",7,3,4
"E00025023",2,1,1
"E00025024",4,3,1
"E00025025",11,9,2
"E00025026",4,1,3
"E00025027",7,4,3
"E00025028",1,0,1
"E00025029",6,1,5
"E00025030",0,0,0
"E00025031",0,0,0
"E00025032",5,1,4
"E00025033",1,1,0
"E00025034",0,0,0
"E00025035",1,1,0
"E00025036",3,2,1
"E00025037",11,6,5
"E00025038",11,7,4
"E00025039",0,0,0
"E00025040",10,4,6
"E00025041",4,3,1
"E00025042",3,0,3
"E00025043",2,1,1
"E00025044",2,1,1
"E00025045",5,3,2
"E00025046",9,6,3
"E00025047",1,1,0
"E00025048",7,4,3
"E00025049",1,0,1
"E00025050",1,0,1
"E00025051",4,2,2
"E00025052",5,2,3
"E00025053",3,2,1
"E00025054",0,0,0
"E00025055",13,6,7
"E00025056",1,0,1
"E00025057",6,2,4
"E00025058",2,1,1
"E00025059",3,0,3
"E00025060",5,5,0
"E00025061",6,2,4
"E00025062",9,6,3
"E00025063",12,7,5
"E00025064",11,5,6
"E00025065",4,3,1
"E00025066",5,2,3
"E00025067",1,0,1
"E00025068",1,0,1
"E00025069",0,0,0
"E00025070",3,2,1
"E00025071",0,0,0
"E00025072",3,0,3
"E00025073",0,0,0
"E00025074",0,0,0
"E00025075",0,0,0
"E00025076",2,0,2
"E00025077",4,2,2
"E00025078",4,3,1
"E00025079",2,2,0
"E00025080",1,1,0
"E00025081",4,3,1
"E00025082",1,1,0
"E00025083",2,1,1
"E00025084",0,0,0
"E00025085",2,2,0
"E00025086",2,1,1
"E00025087",2,2,0
"E00025088",3,1,2
"E00025089",0,0,0
"E00025090",2,1,1
"E00025091",0,0,0
"E00025092",4,2,2
"E00025093",2,1,1
"E00025094",0,0,0
"E00025095",4,3,1
"E00025096",2,0,2
"E00025097",1,0,1
"E00025098",0,0,0
"E00025099",1,1,0
"E00025100",0,0,0
"E00025101",0,0,0
"E00025102",5,2,3
"E00025103",6,3,3
"E00025104",1,1,0
"E00025105",0,0,0
"E00025106",5,3,2
"E00025107",7,2,5
"E00025108",0,0,0
"E00025109",1,1,0
"E00025110",2,2,0
"E00025111",6,4,2
"E00025112",11,3,8
"E00025113",10,4,6
"E00025114",1,0,1
"E00025115",6,5,1
"E00025116",3,2,1
"E00025117",4,1,3
"E00025118",7,3,4
"E00025119",1,1,0
"E00025120",4,0,4
"E00025121",2,1,1
"E00025122",0,0,0
"E00025123",5,1,4
"E00025124",9,4,5
"E00025125",12,6,6
"E00025126",2,1,1
"E00025127",6,3,3
"E00025128",6,4,2
"E00025129",5,2,3
"E00025130",6,2,4
"E00025131",4,2,2
"E00025132",0,0,0
"E00025133",6,5,1
"E00025134",5,4,1
"E00025135",6,4,2
"E00025136",3,1,2
"E00025137",3,1,2
"E00025138",4,3,1
"E00025139",0,0,0
"E00025140",4,2,2
"E00025141",4,2,2
"E00025142",2,2,0
"E00025143",3,3,0
"E00025144",5,2,3
"E00025145",2,1,1
"E00025146",2,0,2
"E00025147",0,0,0
"E00025148",1,0,1
"E00025149",0,0,0
"E00025150",0,0,0
"E00025151",6,2,4
"E00025152",6,3,3
"E00025153",3,3,0
"E00025154",4,1,3
"E00025155",6,3,3
"E00025156",5,3,2
"E00025157",4,3,1
"E00025158",0,0,0
"E00025159",5,4,1
"E00025160",7,3,4
"E00025161",2,2,0
"E00025162",4,2,2
"E00025163",11,4,7
"E00025164",8,3,5
"E00025165",0,0,0
"E00025166",0,0,0
"E00025167",0,0,0
"E00025168",2,0,2
"E00025169",0,0,0
"E00025170",1,0,1
"E00025171",1,0,1
"E00025172",8,4,4
"E00025173",4,2,2
"E00025174",4,2,2
"E00025175",1,0,1
"E00025176",6,3,3
"E00025177",6,2,4
"E00025178",0,0,0
"E00025179",9,5,4
"E00025180",5,2,3
"E00025181",1,1,0
"E00025182",4,3,1
"E00025183",3,2,1
"E00025184",0,0,0
"E00025185",2,2,0
"E00025186",9,6,3
"E00025187",8,5,3
"E00025188",0,0,0
"E00025189",1,1,0
"E00025190",0,0,0
"E00025191",5,4,1
"E00025192",2,1,1
"E00025193",4,2,2
"E00025194",3,1,2
"E00025195",6,3,3
"E00025196",8,4,4
"E00025197",5,2,3
"E00025198",3,3,0
"E00025199",8,4,4
"E00025200",7,4,3
"E00025201",0,0,0
"E00025202",0,0,0
"E00025203",2,0,2
"E00025204",2,1,1
"E00025205",0,0,0
"E00025206",0,0,0
"E00025207",1,0,1
"E00025208",2,2,0
"E00025209",3,2,1
"E00025210",1,1,0
"E00025211",4,3,1
"E00025212",5,3,2
"E00025213",0,0,0
"E00025214",4,2,2
"E00025215",0,0,0
"E00025216",6,3,3
"E00025217",9,2,7
"E00025218",5,3,2
"E00025219",14,7,7
"E00025220",9,4,5
"E00025221",0,0,0
"E00025222",1,0,1
"E00025223",4,1,3
"E00025224",8,2,6
"E00025225",2,1,1
"E00025226",2,0,2
"E00025227",5,5,0
"E00025228",2,1,1
"E00025229",6,4,2
"E00025230",0,0,0
"E00025231",4,2,2
"E00025232",1,0,1
"E00025233",1,1,0
"E00025234",2,1,1
"E00025235",6,3,3
"E00025236",7,5,2
"E00025237",0,0,0
"E00025238",5,2,3
"E00025239",6,4,2
"E00025240",6,3,3
"E00025241",8,5,3
"E00025242",11,7,4
"E00025243",9,6,3
"E00025244",1,1,0
"E00025245",3,2,1
"E00025246",1,1,0
"E00025247",10,5,5
"E00025248",4,0,4
"E00025249",0,0,0
"E00025250",8,4,4
"E00025251",10,6,4
"E00025252",14,5,9
"E00025253",0,0,0
"E00025254",1,1,0
"E00025255",0,0,0
"E00025256",5,3,2
"E00025257",8,3,5
"E00025258",5,1,4
"E00025259",4,2,2
"E00025260",7,4,3
"E00025261",3,2,1
"E00025262",2,1,1
"E00025263",2,0,2
"E00025264",1,0,1
"E00025265",1,1,0
"E00025266",1,0,1
"E00025267",1,1,0
"E00025268",0,0,0
"E00025269",0,0,0
"E00025270",0,0,0
"E00025271",0,0,0
"E00025272",0,0,0
"E00025273",0,0,0
"E00025274",0,0,0
"E00025275",5,2,3
"E00025276",2,0,2
"E00025277",2,0,2
"E00025278",0,0,0
"E00025279",5,4,1
"E00025280",3,2,1
"E00025281",0,0,0
"E00025282",3,1,2
"E00025283",1,1,0
"E00025284",0,0,0
"E00025285",1,0,1
"E00025286",3,2,1
"E00025287",5,2,3
"E00025288",1,1,0
"E00025289",1,1,0
"E00025290",3,1,2
"E00025291",2,1,1
"E00025292",4,0,4
"E00025293",4,3,1
"E00025294",0,0,0
"E00025295",5,2,3
"E00025296",8,5,3
"E00025297",2,0,2
"E00025298",8,4,4
"E00025299",2,1,1
"E00025300",0,0,0
"E00025301",1,0,1
"E00025302",1,1,0
"E00025303",3,1,2
"E00025304",15,8,7
"E00025305",7,3,4
"E00025306",3,1,2
"E00025307",3,1,2
"E00025308",4,1,3
"E00025309",7,4,3
"E00025310",6,2,4
"E00025311",5,5,0
"E00025312",1,0,1
"E00025313",2,2,0
"E00025314",4,3,1
"E00025315",8,2,6
"E00025316",1,0,1
"E00025317",2,1,1
"E00025318",3,2,1
"E00025319",9,2,7
"E00025320",3,0,3
"E00025321",5,3,2
"E00025322",3,2,1
"E00025323",12,5,7
"E00025324",2,1,1
"E00025325",4,2,2
"E00025326",0,0,0
"E00025327",2,2,0
"E00025328",7,4,3
"E00025329",0,0,0
"E00025330",0,0,0
"E00025331",3,2,1
"E00025332",0,0,0
"E00025333",0,0,0
"E00025334",1,1,0
"E00025335",5,4,1
"E00025336",7,4,3
"E00025337",3,2,1
"E00025339",5,3,2
"E00025340",1,0,1
"E00025341",0,0,0
"E00025342",4,1,3
"E00025343",4,3,1
"E00025344",4,3,1
"E00025345",3,1,2
"E00025346",2,0,2
"E00025347",0,0,0
"E00025348",3,1,2
"E00025349",0,0,0
"E00025351",1,0,1
"E00025352",4,2,2
"E00025353",0,0,0
"E00025354",3,1,2
"E00025355",5,3,2
"E00025356",5,3,2
"E00025357",0,0,0
"E00025359",4,2,2
"E00025360",3,2,1
"E00025361",5,4,1
"E00025362",3,1,2
"E00025363",8,5,3
"E00025364",2,2,0
"E00025365",1,0,1
"E00025366",0,0,0
"E00025367",1,0,1
"E00025368",3,2,1
"E00025370",1,0,1
"E00025371",3,0,3
"E00025372",0,0,0
"E00025373",1,1,0
"E00025374",0,0,0
"E00025375",4,1,3
"E00025376",13,10,3
"E00025377",17,5,12
"E00025378",20,9,11
"E00025379",1,0,1
"E00025380",3,0,3
"E00025381",9,4,5
"E00025382",2,2,0
"E00025383",7,3,4
"E00025384",2,2,0
"E00025385",3,1,2
"E00025386",6,4,2
"E00025387",0,0,0
"E00025388",2,2,0
"E00025389",2,1,1
"E00025390",6,4,2
"E00025391",3,1,2
"E00025392",2,2,0
"E00025393",0,0,0
"E00025394",4,2,2
"E00025395",1,0,1
"E00025396",4,3,1
"E00025397",1,1,0
"E00025398",4,1,3
"E00025399",1,1,0
"E00025400",7,3,4
"E00025401",0,0,0
"E00025402",7,2,5
"E00025403",2,1,1
"E00025404",6,2,4
"E00025405",3,2,1
"E00025406",6,5,1
"E00025407",5,3,2
"E00025408",5,2,3
"E00025409",25,18,7
"E00025410",3,1,2
"E00025411",7,4,3
"E00025412",2,1,1
"E00025413",10,5,5
"E00025414",4,1,3
"E00025415",24,10,14
"E00025416",1,1,0
"E00025417",3,1,2
"E00025418",9,3,6
"E00025419",9,6,3
"E00025420",9,4,5
"E00025421",2,0,2
"E00025422",5,3,2
"E00025423",0,0,0
"E00025424",10,4,6
"E00025425",7,3,4
"E00025426",0,0,0
"E00025427",5,1,4
"E00025428",2,1,1
"E00025429",0,0,0
"E00025430",3,1,2
"E00025432",2,1,1
"E00025433",1,1,0
"E00025434",4,2,2
"E00025435",1,0,1
"E00025436",4,2,2
"E00025437",3,2,1
"E00025438",8,4,4
"E00025439",7,3,4
"E00025440",6,3,3
"E00025441",1,1,0
"E00025442",2,1,1
"E00025443",0,0,0
"E00025444",1,0,1
"E00025445",2,1,1
"E00025446",1,0,1
"E00025447",4,2,2
"E00025448",0,0,0
"E00025449",8,5,3
"E00025450",5,2,3
"E00025451",5,1,4
"E00025452",0,0,0
"E00025453",3,2,1
"E00025454",2,1,1
"E00025455",3,2,1
"E00025456",0,0,0
"E00025457",2,2,0
"E00025458",1,0,1
"E00025459",2,1,1
"E00025460",4,2,2
"E00025461",1,1,0
"E00025462",3,1,2
"E00025463",1,0,1
"E00025464",4,2,2
"E00025465",0,0,0
"E00025466",10,6,4
"E00025467",6,3,3
"E00025468",7,4,3
"E00025469",5,2,3
"E00025470",0,0,0
"E00025471",2,1,1
"E00025472",0,0,0
"E00025473",1,1,0
"E00025474",1,1,0
"E00025475",3,2,1
"E00025476",12,9,3
"E00025477",2,0,2
"E00025478",3,1,2
"E00025479",0,0,0
"E00025480",10,9,1
"E00025481",9,5,4
"E00025482",1,1,0
"E00025483",6,2,4
"E00025484",0,0,0
"E00025485",4,3,1
"E00025486",10,6,4
"E00025487",8,4,4
"E00025488",0,0,0
"E00025489",4,1,3
"E00025490",5,2,3
"E00025491",6,4,2
"E00025492",6,3,3
"E00025493",9,3,6
"E00025494",2,1,1
"E00025495",2,1,1
"E00025496",5,3,2
"E00025497",4,4,0
"E00025498",14,10,4
"E00025499",4,2,2
"E00025500",2,1,1
"E00025501",2,0,2
"E00025502",5,0,5
"E00025503",10,5,5
"E00025504",12,5,7
"E00025505",11,8,3
"E00025506",12,5,7
"E00025507",5,4,1
"E00025508",13,7,6
"E00025509",11,5,6
"E00025510",18,14,4
"E00025511",25,14,11
"E00025512",3,1,2
"E00025513",13,8,5
"E00025514",10,8,2
"E00025515",17,8,9
"E00025516",24,15,9
"E00025517",11,7,4
"E00025518",3,1,2
"E00025519",8,5,3
"E00025520",1,1,0
"E00025521",1,0,1
"E00025522",7,3,4
"E00025523",2,0,2
"E00025524",1,0,1
"E00025525",1,1,0
"E00025526",3,2,1
"E00025527",4,2,2
"E00025528",2,0,2
"E00025529",3,2,1
"E00025530",5,2,3
"E00025531",12,7,5
"E00025532",4,3,1
"E00025533",13,7,6
"E00025534",0,0,0
"E00025535",9,7,2
"E00025536",9,6,3
"E00025537",9,4,5
"E00025538",11,8,3
"E00025539",9,2,7
"E00025540",10,2,8
"E00025541",4,3,1
"E00025542",0,0,0
"E00025543",8,4,4
"E00025544",5,4,1
"E00025545",11,6,5
"E00025546",5,4,1
"E00025547",9,0,9
"E00025548",5,2,3
"E00025549",7,4,3
"E00025550",16,8,8
"E00025551",10,5,5
"E00025552",5,2,3
"E00025553",7,2,5
"E00025554",3,0,3
"E00025555",1,1,0
"E00025556",3,0,3
"E00025557",11,9,2
"E00025558",6,4,2
"E00025559",2,2,0
"E00025560",4,2,2
"E00025561",1,0,1
"E00025562",5,1,4
"E00025563",0,0,0
"E00025564",6,2,4
"E00025565",1,1,0
"E00025566",5,3,2
"E00025567",1,0,1
"E00025568",4,2,2
"E00025569",2,1,1
"E00025570",5,2,3
"E00025571",1,0,1
"E00025572",6,4,2
"E00025573",7,5,2
"E00025574",6,2,4
"E00025575",7,2,5
"E00025576",8,3,5
"E00025577",1,1,0
"E00025578",0,0,0
"E00025579",8,3,5
"E00025580",9,5,4
"E00025581",6,3,3
"E00025582",7,3,4
"E00025583",3,1,2
"E00025584",1,0,1
"E00025585",1,0,1
"E00025586",3,3,0
"E00025587",5,3,2
"E00025588",1,1,0
"E00025589",5,2,3
"E00025590",2,1,1
"E00025591",3,2,1
"E00025592",4,2,2
"E00025593",5,5,0
"E00025594",4,2,2
"E00025595",5,2,3
"E00025596",4,2,2
"E00025597",3,1,2
"E00025598",3,1,2
"E00025599",1,0,1
"E00025600",12,6,6
"E00025602",9,8,1
"E00025603",2,1,1
"E00025604",0,0,0
"E00025605",0,0,0
"E00025607",2,1,1
"E00025608",0,0,0
"E00025611",1,1,0
"E00025612",7,2,5
"E00025613",2,2,0
"E00025614",5,3,2
"E00025615",0,0,0
"E00025616",0,0,0
"E00025617",1,0,1
"E00025618",3,1,2
"E00025619",1,0,1
"E00025620",0,0,0
"E00025621",5,2,3
"E00025622",1,0,1
"E00025623",1,0,1
"E00025624",0,0,0
"E00025625",1,1,0
"E00025626",4,4,0
"E00025627",1,1,0
"E00025628",3,2,1
"E00025629",1,0,1
"E00025630",8,3,5
"E00025631",5,2,3
"E00025632",0,0,0
"E00025633",4,1,3
"E00025634",0,0,0
"E00025635",4,2,2
"E00025636",11,8,3
"E00025638",0,0,0
"E00025639",1,0,1
"E00025640",0,0,0
"E00025641",4,2,2
"E00025642",4,3,1
"E00025643",3,2,1
"E00025644",0,0,0
"E00025645",0,0,0
"E00025646",0,0,0
"E00025647",1,1,0
"E00025648",0,0,0
"E00025649",0,0,0
"E00025650",0,0,0
"E00025651",5,2,3
"E00025652",1,0,1
"E00025653",2,2,0
"E00025654",1,1,0
"E00025655",1,0,1
"E00025656",0,0,0
"E00025657",0,0,0
"E00025658",4,3,1
"E00025659",2,1,1
"E00025660",3,1,2
"E00025661",2,0,2
"E00025662",0,0,0
"E00025663",1,1,0
"E00025664",1,0,1
"E00025665",0,0,0
"E00025666",1,1,0
"E00025667",3,1,2
"E00025668",0,0,0
"E00025669",3,3,0
"E00025670",2,1,1
"E00025671",3,1,2
"E00025672",2,1,1
"E00025673",2,1,1
"E00025674",0,0,0
"E00025675",0,0,0
"E00025676",2,1,1
"E00025677",0,0,0
"E00025678",3,3,0
"E00025680",0,0,0
"E00025681",0,0,0
"E00025682",2,0,2
"E00025684",0,0,0
"E00025685",0,0,0
"E00025687",4,0,4
"E00025688",1,1,0
"E00025689",4,3,1
"E00025690",2,2,0
"E00025691",0,0,0
"E00025692",2,1,1
"E00025693",1,0,1
"E00025694",1,0,1
"E00025695",1,1,0
"E00025696",1,1,0
"E00025697",8,3,5
"E00025698",2,1,1
"E00025699",0,0,0
"E00025700",0,0,0
"E00025701",2,1,1
"E00025702",0,0,0
"E00025703",13,6,7
"E00025704",1,1,0
"E00025705",3,0,3
"E00025706",2,1,1
"E00025707",2,1,1
"E00025708",2,1,1
"E00025709",1,0,1
"E00025710",3,1,2
"E00025711",6,2,4
"E00025712",3,1,2
"E00025713",2,2,0
"E00025714",0,0,0
"E00025715",2,2,0
"E00025716",3,1,2
"E00025717",3,2,1
"E00025718",4,2,2
"E00025719",5,4,1
"E00025720",6,4,2
"E00025721",2,1,1
"E00025722",5,3,2
"E00025723",1,0,1
"E00025724",1,1,0
"E00025725",3,3,0
"E00025726",4,3,1
"E00025727",0,0,0
"E00025728",2,0,2
"E00025729",1,1,0
"E00025730",0,0,0
"E00025731",0,0,0
"E00025732",0,0,0
"E00025733",2,1,1
"E00025734",1,1,0
"E00025735",0,0,0
"E00025736",1,0,1
"E00025737",1,0,1
"E00025738",5,3,2
"E00025739",3,1,2
"E00025740",1,1,0
"E00025741",0,0,0
"E00025742",0,0,0
"E00025743",0,0,0
"E00025744",1,1,0
"E00025745",3,0,3
"E00025746",1,1,0
"E00025747",0,0,0
"E00025748",0,0,0
"E00025749",1,1,0
"E00025750",0,0,0
"E00025751",0,0,0
"E00025752",0,0,0
"E00025753",3,1,2
"E00025754",2,2,0
"E00025756",0,0,0
"E00025757",0,0,0
"E00025758",1,1,0
"E00025759",1,0,1
"E00025760",0,0,0
"E00025761",1,1,0
"E00025762",1,0,1
"E00025763",0,0,0
"E00025764",4,4,0
"E00025765",1,0,1
"E00025766",1,1,0
"E00025767",3,0,3
"E00025768",2,2,0
"E00025769",5,3,2
"E00025771",0,0,0
"E00025772",0,0,0
"E00025773",2,2,0
"E00025774",0,0,0
"E00025775",1,1,0
"E00025776",0,0,0
"E00025777",2,0,2
"E00025778",1,1,0
"E00025779",1,1,0
"E00025780",0,0,0
"E00025781",0,0,0
"E00025782",0,0,0
"E00025786",0,0,0
"E00025787",2,1,1
"E00025788",2,1,1
"E00025790",1,1,0
"E00025791",4,3,1
"E00025793",3,0,3
"E00025794",0,0,0
"E00025795",0,0,0
"E00025796",0,0,0
"E00025797",1,0,1
"E00025798",1,0,1
"E00025799",1,0,1
"E00025800",2,2,0
"E00025801",0,0,0
"E00025802",0,0,0
"E00025803",4,3,1
"E00025804",1,0,1
"E00025805",1,0,1
"E00025806",1,0,1
"E00025807",0,0,0
"E00025808",1,1,0
"E00025809",1,0,1
"E00025810",1,0,1
"E00025811",2,1,1
"E00025812",0,0,0
"E00025813",0,0,0
"E00025814",2,0,2
"E00025815",0,0,0
"E00025816",0,0,0
"E00025817",4,2,2
"E00025818",0,0,0
"E00025819",0,0,0
"E00025820",1,0,1
"E00025821",1,0,1
"E00025822",1,0,1
"E00025823",3,3,0
"E00025825",1,1,0
"E00025826",0,0,0
"E00025827",1,0,1
"E00025828",0,0,0
"E00025829",3,3,0
"E00025830",1,0,1
"E00025832",6,3,3
"E00025833",2,2,0
"E00025834",4,1,3
"E00025835",5,2,3
"E00025836",2,1,1
"E00025837",2,1,1
"E00025838",0,0,0
"E00025840",1,1,0
"E00025841",0,0,0
"E00025842",2,2,0
"E00025843",1,0,1
"E00025844",0,0,0
"E00025845",0,0,0
"E00025846",0,0,0
"E00025850",1,0,1
"E00025851",2,1,1
"E00025852",3,2,1
"E00025853",4,2,2
"E00025855",0,0,0
"E00025856",1,1,0
"E00025857",8,5,3
"E00025858",3,2,1
"E00025859",3,1,2
"E00025862",5,4,1
"E00025863",0,0,0
"E00025864",2,2,0
"E00025865",1,1,0
"E00025866",2,0,2
"E00025867",0,0,0
"E00025868",0,0,0
"E00025869",1,0,1
"E00025870",1,1,0
"E00025871",3,1,2
"E00025872",0,0,0
"E00025873",8,5,3
"E00025875",1,1,0
"E00025876",1,1,0
"E00025877",7,4,3
"E00025878",0,0,0
"E00025879",7,4,3
"E00025880",0,0,0
"E00025882",0,0,0
"E00025883",0,0,0
"E00025884",0,0,0
"E00025885",8,5,3
"E00025886",1,0,1
"E00025887",5,4,1
"E00025888",0,0,0
"E00025889",1,1,0
"E00025890",2,1,1
"E00025891",2,2,0
"E00025892",1,0,1
"E00025893",0,0,0
"E00025894",0,0,0
"E00025895",3,1,2
"E00025896",4,2,2
"E00025897",3,1,2
"E00025898",0,0,0
"E00025899",5,2,3
"E00025900",2,0,2
"E00025901",5,2,3
"E00025902",4,3,1
"E00025903",0,0,0
"E00025904",3,2,1
"E00025905",1,0,1
"E00025906",4,1,3
"E00025907",2,1,1
"E00025908",1,1,0
"E00025909",1,1,0
"E00025910",0,0,0
"E00025911",4,3,1
"E00025912",2,1,1
"E00025913",5,1,4
"E00025914",5,4,1
"E00025915",0,0,0
"E00025916",3,0,3
"E00025917",2,0,2
"E00025918",0,0,0
"E00025919",2,1,1
"E00025920",5,2,3
"E00025921",1,0,1
"E00025922",3,2,1
"E00025923",4,3,1
"E00025924",1,0,1
"E00025925",2,0,2
"E00025926",4,1,3
"E00025927",5,2,3
"E00025928",2,1,1
"E00025929",8,5,3
"E00025930",1,0,1
"E00025931",5,0,5
"E00025932",1,0,1
"E00025933",4,2,2
"E00025934",1,1,0
"E00025935",7,1,6
"E00025936",0,0,0
"E00025937",9,5,4
"E00025938",3,2,1
"E00025939",4,1,3
"E00025940",0,0,0
"E00025941",7,2,5
"E00025942",0,0,0
"E00025943",2,2,0
"E00025944",0,0,0
"E00025945",2,2,0
"E00025948",0,0,0
"E00025949",1,1,0
"E00025950",0,0,0
"E00025951",1,0,1
"E00025952",1,1,0
"E00025953",0,0,0
"E00025954",3,2,1
"E00025955",5,3,2
"E00025957",0,0,0
"E00025958",3,1,2
"E00025959",0,0,0
"E00025961",1,1,0
"E00025962",3,2,1
"E00025963",1,0,1
"E00025964",2,2,0
"E00025968",2,0,2
"E00025969",1,0,1
"E00025970",4,2,2
"E00025976",0,0,0
"E00025987",1,0,1
"E00025988",1,0,1
"E00025989",0,0,0
"E00025993",2,1,1
"E00025994",0,0,0
"E00025995",2,1,1
"E00025996",0,0,0
"E00025997",0,0,0
"E00025998",0,0,0
"E00026000",0,0,0
"E00026001",1,1,0
"E00026002",2,0,2
"E00026003",1,1,0
"E00026004",5,2,3
"E00026005",2,1,1
"E00026006",0,0,0
"E00026007",2,0,2
"E00026008",0,0,0
"E00026009",1,0,1
"E00026010",1,1,0
"E00026011",3,3,0
"E00026012",0,0,0
"E00026014",4,4,0
"E00026015",0,0,0
"E00026017",1,0,1
"E00026018",1,0,1
"E00026019",0,0,0
"E00026020",3,3,0
"E00026021",2,1,1
"E00026022",1,0,1
"E00026023",0,0,0
"E00026024",2,0,2
"E00026025",2,1,1
"E00026026",0,0,0
"E00026027",3,3,0
"E00026028",2,0,2
"E00026030",0,0,0
"E00026031",2,2,0
"E00026032",2,1,1
"E00026033",2,2,0
"E00026034",0,0,0
"E00026035",3,2,1
"E00026036",12,4,8
"E00026038",2,1,1
"E00026039",3,2,1
"E00026040",4,1,3
"E00026041",4,2,2
"E00026042",0,0,0
"E00026043",2,1,1
"E00026045",4,3,1
"E00026046",4,3,1
"E00026047",2,0,2
"E00026048",1,0,1
"E00026049",5,4,1
"E00026052",0,0,0
"E00026053",1,1,0
"E00026054",1,0,1
"E00026055",1,0,1
"E00026056",1,0,1
"E00026057",4,3,1
"E00026058",2,1,1
"E00026059",2,1,1
"E00026060",8,4,4
"E00026065",3,1,2
"E00026066",4,2,2
"E00026067",2,0,2
"E00026068",2,1,1
"E00026069",2,0,2
"E00026070",2,1,1
"E00026071",3,2,1
"E00026072",1,0,1
"E00026073",0,0,0
"E00026075",2,1,1
"E00026076",6,3,3
"E00026077",2,1,1
"E00026078",2,2,0
"E00026079",0,0,0
"E00026080",1,1,0
"E00026081",0,0,0
"E00026082",5,4,1
"E00026083",4,4,0
"E00026084",1,0,1
"E00026085",1,1,0
"E00026086",3,0,3
"E00026087",1,0,1
"E00026088",0,0,0
"E00026089",4,2,2
"E00026090",7,2,5
"E00026091",9,8,1
"E00026092",1,0,1
"E00026093",8,3,5
"E00026094",8,3,5
"E00026095",4,4,0
"E00026096",1,1,0
"E00026097",7,2,5
"E00026098",4,0,4
"E00026099",7,3,4
"E00026100",0,0,0
"E00026101",0,0,0
"E00026102",8,3,5
"E00026103",2,1,1
"E00026104",0,0,0
"E00026105",3,0,3
"E00026106",13,6,7
"E00026107",3,1,2
"E00026108",0,0,0
"E00026109",1,0,1
"E00026110",1,1,0
"E00026111",4,2,2
"E00026112",0,0,0
"E00026113",1,0,1
"E00026114",4,2,2
"E00026115",4,2,2
"E00026116",0,0,0
"E00026117",0,0,0
"E00026118",1,1,0
"E00026119",6,4,2
"E00026120",0,0,0
"E00026121",4,0,4
"E00026122",2,0,2
"E00026123",2,1,1
"E00026124",3,0,3
"E00026125",11,4,7
"E00026126",4,4,0
"E00026127",0,0,0
"E00026128",9,3,6
"E00026129",1,0,1
"E00026130",3,3,0
"E00026131",0,0,0
"E00026132",7,2,5
"E00026133",6,2,4
"E00026134",2,0,2
"E00026136",4,2,2
"E00026137",11,5,6
"E00026138",0,0,0
"E00026139",3,2,1
"E00026140",0,0,0
"E00026141",2,1,1
"E00026142",0,0,0
"E00026143",3,1,2
"E00026144",3,1,2
"E00026145",1,1,0
"E00026146",0,0,0
"E00026147",6,3,3
"E00026148",0,0,0
"E00026149",2,2,0
"E00026150",4,3,1
"E00026151",5,4,1
"E00026152",6,1,5
"E00026153",5,0,5
"E00026154",1,1,0
"E00026155",1,0,1
"E00026156",0,0,0
"E00026157",1,1,0
"E00026158",1,1,0
"E00026159",0,0,0
"E00026160",1,0,1
"E00026161",1,0,1
"E00026162",1,1,0
"E00026163",3,2,1
"E00026164",5,4,1
"E00026165",6,2,4
"E00026166",0,0,0
"E00026167",4,3,1
"E00026168",0,0,0
"E00026169",3,1,2
"E00026170",12,4,8
"E00026171",6,6,0
"E00026172",0,0,0
"E00026173",3,1,2
"E00026174",7,6,1
"E00026175",5,2,3
"E00026176",4,2,2
"E00026177",2,0,2
"E00026178",4,3,1
"E00026179",5,2,3
"E00026180",2,1,1
"E00026181",15,7,8
"E00026182",2,0,2
"E00026183",3,1,2
"E00026184",2,1,1
"E00026185",6,3,3
"E00026186",1,0,1
"E00026187",0,0,0
"E00026188",2,1,1
"E00026189",9,4,5
"E00026190",0,0,0
"E00026191",1,0,1
"E00026192",4,1,3
"E00026193",0,0,0
"E00026194",1,0,1
"E00026195",0,0,0
"E00026196",6,4,2
"E00026197",6,5,1
"E00026198",8,4,4
"E00026199",12,4,8
"E00026200",4,2,2
"E00026201",6,4,2
"E00026202",8,3,5
"E00026203",7,3,4
"E00026204",7,4,3
"E00026205",8,7,1
"E00026206",11,4,7
"E00026207",14,5,9
"E00026208",3,2,1
"E00026209",13,7,6
"E00026210",9,6,3
"E00026211",4,2,2
"E00026212",1,1,0
"E00026213",3,2,1
"E00026214",4,2,2
"E00026215",1,1,0
"E00026216",3,1,2
"E00026217",3,1,2
"E00026218",0,0,0
"E00026219",2,0,2
"E00026220",1,1,0
"E00026221",1,1,0
"E00026222",3,1,2
"E00026223",3,1,2
"E00026224",7,2,5
"E00026225",4,2,2
"E00026226",6,4,2
"E00026227",2,1,1
"E00026228",4,2,2
"E00026230",6,4,2
"E00026231",3,1,2
"E00026232",3,2,1
"E00026233",2,1,1
"E00026234",0,0,0
"E00026235",6,4,2
"E00026236",2,1,1
"E00026237",4,3,1
"E00026238",7,3,4
"E00026239",3,2,1
"E00026241",4,2,2
"E00026242",1,0,1
"E00026243",5,3,2
"E00026244",0,0,0
"E00026245",7,2,5
"E00026246",2,0,2
"E00026247",1,0,1
"E00026248",5,4,1
"E00026250",2,1,1
"E00026251",9,3,6
"E00026252",3,2,1
"E00026253",9,4,5
"E00026254",0,0,0
"E00026255",3,1,2
"E00026256",0,0,0
"E00026257",4,2,2
"E00026258",1,0,1
"E00026259",1,0,1
"E00026260",2,1,1
"E00026261",4,2,2
"E00026262",0,0,0
"E00026263",1,0,1
"E00026264",1,1,0
"E00026265",2,2,0
"E00026266",1,0,1
"E00026267",0,0,0
"E00026268",1,0,1
"E00026269",5,3,2
"E00026270",3,1,2
"E00026272",3,1,2
"E00026273",0,0,0
"E00026274",4,2,2
"E00026275",1,0,1
"E00026276",0,0,0
"E00026277",3,2,1
"E00026278",1,1,0
"E00026279",0,0,0
"E00026280",0,0,0
"E00026281",4,2,2
"E00026282",2,2,0
"E00026283",3,1,2
"E00026284",4,1,3
"E00026285",0,0,0
"E00026286",2,1,1
"E00026287",0,0,0
"E00026288",2,1,1
"E00026289",0,0,0
"E00026290",0,0,0
"E00026291",3,2,1
"E00026292",2,0,2
"E00026293",0,0,0
"E00026294",3,0,3
"E00026295",1,1,0
"E00026296",0,0,0
"E00026297",0,0,0
"E00026298",5,4,1
"E00026299",4,4,0
"E00026300",1,1,0
"E00026301",5,3,2
"E00026302",2,1,1
"E00026303",2,2,0
"E00026304",1,0,1
"E00026305",4,4,0
"E00026306",1,0,1
"E00026307",6,3,3
"E00026308",1,1,0
"E00026309",0,0,0
"E00026310",3,0,3
"E00026312",4,3,1
"E00026313",3,1,2
"E00026314",2,1,1
"E00026315",1,0,1
"E00026316",9,8,1
"E00026317",1,0,1
"E00026318",1,0,1
"E00026319",0,0,0
"E00026320",0,0,0
"E00026321",1,1,0
"E00026322",0,0,0
"E00026323",2,0,2
"E00026324",3,0,3
"E00026325",2,0,2
"E00026326",0,0,0
"E00026327",0,0,0
"E00026328",1,0,1
"E00026329",8,4,4
"E00026330",2,0,2
"E00026331",2,2,0
"E00026332",5,3,2
"E00026333",3,2,1
"E00026334",0,0,0
"E00026335",2,1,1
"E00026336",3,2,1
"E00026337",0,0,0
"E00026338",6,2,4
"E00026340",3,2,1
"E00026341",6,5,1
"E00026342",5,3,2
"E00026343",0,0,0
"E00026344",5,3,2
"E00026345",0,0,0
"E00026346",1,1,0
"E00026348",1,0,1
"E00026349",1,1,0
"E00026350",4,0,4
"E00026351",0,0,0
"E00026352",0,0,0
"E00026353",1,1,0
"E00026354",0,0,0
"E00026355",0,0,0
"E00026356",0,0,0
"E00026357",5,3,2
"E00026358",3,0,3
"E00026359",1,0,1
"E00026360",0,0,0
"E00026361",1,0,1
"E00026362",1,1,0
"E00026363",9,5,4
"E00026364",0,0,0
"E00026365",2,1,1
"E00026366",2,1,1
"E00026367",0,0,0
"E00026369",0,0,0
"E00026371",1,1,0
"E00026372",0,0,0
"E00026373",0,0,0
"E00026374",3,2,1
"E00026375",4,3,1
"E00026376",3,0,3
"E00026378",1,0,1
"E00026379",1,0,1
"E00026381",0,0,0
"E00026383",1,0,1
"E00026384",2,1,1
"E00026386",8,2,6
"E00026387",3,1,2
"E00026390",16,7,9
"E00026392",3,1,2
"E00026393",1,0,1
"E00026395",1,1,0
"E00026396",0,0,0
"E00026397",3,2,1
"E00026398",7,2,5
"E00026400",0,0,0
"E00026401",2,2,0
"E00026402",1,0,1
"E00026403",4,2,2
"E00026405",0,0,0
"E00026406",1,0,1
"E00026407",1,1,0
"E00026408",4,3,1
"E00026409",2,0,2
"E00026410",0,0,0
"E00026411",1,0,1
"E00026412",1,1,0
"E00026413",1,0,1
"E00026414",2,2,0
"E00026415",10,4,6
"E00026416",1,0,1
"E00026417",8,3,5
"E00026418",5,2,3
"E00026419",0,0,0
"E00026420",7,5,2
"E00026421",0,0,0
"E00026422",4,2,2
"E00026423",3,1,2
"E00026424",1,0,1
"E00026425",2,1,1
"E00026426",6,3,3
"E00026427",3,3,0
"E00026428",4,3,1
"E00026429",0,0,0
"E00026430",0,0,0
"E00026431",2,2,0
"E00026432",5,3,2
"E00026433",1,1,0
"E00026434",2,2,0
"E00026435",7,3,4
"E00026436",7,6,1
"E00026437",1,1,0
"E00026438",2,2,0
"E00026439",4,3,1
"E00026440",3,2,1
"E00026441",2,0,2
"E00026442",3,1,2
"E00026443",0,0,0
"E00026444",0,0,0
"E00026445",3,2,1
"E00026446",4,2,2
"E00026447",2,0,2
"E00026448",5,4,1
"E00026449",4,1,3
"E00026450",3,2,1
"E00026451",0,0,0
"E00026452",0,0,0
"E00026453",0,0,0
"E00026454",5,3,2
"E00026455",5,4,1
"E00026457",1,0,1
"E00026458",2,0,2
"E00026459",0,0,0
"E00026460",2,2,0
"E00026461",8,2,6
"E00026462",0,0,0
"E00026463",9,4,5
"E00026464",3,2,1
"E00026465",0,0,0
"E00026466",1,1,0
"E00026467",3,1,2
"E00026468",4,1,3
"E00026469",1,1,0
"E00026470",0,0,0
"E00026471",4,3,1
"E00026472",1,1,0
"E00026473",0,0,0
"E00026474",0,0,0
"E00026475",0,0,0
"E00026476",3,0,3
"E00026477",0,0,0
"E00026478",4,2,2
"E00026479",2,1,1
"E00026480",4,2,2
"E00026481",3,2,1
"E00026482",4,0,4
"E00026483",1,1,0
"E00026484",5,4,1
"E00026485",7,4,3
"E00026487",1,0,1
"E00026488",2,1,1
"E00026489",4,3,1
"E00026490",4,1,3
"E00026491",3,1,2
"E00026492",4,4,0
"E00026493",6,3,3
"E00026494",10,5,5
"E00026495",7,7,0
"E00026496",1,1,0
"E00026497",0,0,0
"E00026498",6,3,3
"E00026501",1,1,0
"E00026502",3,3,0
"E00026503",1,0,1
"E00026504",0,0,0
"E00026505",0,0,0
"E00026506",4,1,3
"E00026507",5,1,4
"E00026508",5,0,5
"E00026509",6,2,4
"E00026510",0,0,0
"E00026511",1,1,0
"E00026512",3,2,1
"E00026513",2,1,1
"E00026514",5,3,2
"E00026515",1,1,0
"E00026516",1,0,1
"E00026517",0,0,0
"E00026518",1,1,0
"E00026519",0,0,0
"E00026520",4,2,2
"E00026521",6,4,2
"E00026522",5,4,1
"E00026523",5,2,3
"E00026524",2,2,0
"E00026525",0,0,0
"E00026526",1,0,1
"E00026527",2,0,2
"E00026528",0,0,0
"E00026529",3,3,0
"E00026530",1,1,0
"E00026531",2,1,1
"E00026532",2,1,1
"E00026533",4,2,2
"E00026534",4,1,3
"E00026535",6,5,1
"E00026536",1,1,0
"E00026537",2,1,1
"E00026539",10,6,4
"E00026540",0,0,0
"E00026541",5,1,4
"E00026542",0,0,0
"E00026543",3,2,1
"E00026544",1,0,1
"E00026545",2,2,0
"E00026546",5,1,4
"E00026547",3,1,2
"E00026548",2,1,1
"E00026549",7,3,4
"E00026550",0,0,0
"E00026551",2,2,0
"E00026552",4,2,2
"E00026553",3,1,2
"E00026554",2,1,1
"E00026555",2,2,0
"E00026556",0,0,0
"E00026557",3,1,2
"E00026558",6,1,5
"E00026559",3,1,2
"E00026561",0,0,0
"E00026563",0,0,0
"E00026564",5,3,2
"E00026565",1,0,1
"E00026566",5,3,2
"E00026567",4,4,0
"E00026568",2,0,2
"E00026569",1,1,0
"E00026570",1,0,1
"E00026571",2,2,0
"E00026572",2,1,1
"E00026573",3,2,1
"E00026574",0,0,0
"E00026575",0,0,0
"E00026576",4,2,2
"E00026577",0,0,0
"E00026578",4,0,4
"E00026579",0,0,0
"E00026580",1,0,1
"E00026581",1,1,0
"E00026582",3,3,0
"E00026583",1,1,0
"E00026584",1,1,0
"E00026585",3,1,2
"E00026586",8,1,7
"E00026587",0,0,0
"E00026588",0,0,0
"E00026589",1,0,1
"E00026590",3,1,2
"E00026591",2,2,0
"E00026592",4,3,1
"E00026593",5,3,2
"E00026594",3,2,1
"E00026595",1,0,1
"E00026596",3,1,2
"E00026597",1,1,0
"E00026598",0,0,0
"E00026599",0,0,0
"E00026600",2,0,2
"E00026601",4,3,1
"E00026602",3,0,3
"E00026603",3,1,2
"E00026604",0,0,0
"E00026605",0,0,0
"E00026606",2,1,1
"E00026607",1,1,0
"E00026608",6,3,3
"E00026609",2,1,1
"E00026610",5,3,2
"E00026611",4,0,4
"E00026612",2,1,1
"E00026613",1,1,0
"E00026614",3,2,1
"E00026615",3,1,2
"E00026616",1,0,1
"E00026617",0,0,0
"E00026618",5,4,1
"E00026619",0,0,0
"E00026620",0,0,0
"E00026621",1,0,1
"E00026622",0,0,0
"E00026623",0,0,0
"E00026624",3,0,3
"E00026625",1,1,0
"E00026626",3,2,1
"E00026627",4,1,3
"E00026628",4,3,1
"E00026629",3,3,0
"E00026630",2,1,1
"E00026631",1,1,0
"E00026632",0,0,0
"E00026633",1,1,0
"E00026634",5,3,2
"E00026635",1,1,0
"E00026636",2,2,0
"E00026637",1,0,1
"E00026638",0,0,0
"E00026639",4,3,1
"E00026640",3,1,2
"E00026641",0,0,0
"E00026642",0,0,0
"E00026643",1,0,1
"E00026644",3,2,1
"E00026645",3,2,1
"E00026646",3,2,1
"E00026647",0,0,0
"E00026648",0,0,0
"E00026649",0,0,0
"E00026650",1,0,1
"E00026651",6,6,0
"E00026652",1,0,1
"E00026653",4,3,1
"E00026654",0,0,0
"E00026655",1,1,0
"E00026656",1,0,1
"E00026657",2,0,2
"E00026658",0,0,0
"E00026659",0,0,0
"E00026660",2,1,1
"E00026661",1,0,1
"E00026662",0,0,0
"E00026663",4,3,1
"E00026664",3,2,1
"E00026665",3,0,3
"E00026666",1,0,1
"E00026667",1,0,1
"E00026668",1,0,1
"E00026669",2,1,1
"E00026670",3,2,1
"E00026671",0,0,0
"E00026672",5,3,2
"E00026673",4,0,4
"E00026674",0,0,0
"E00026675",0,0,0
"E00026676",1,1,0
"E00026677",4,3,1
"E00026678",1,1,0
"E00026679",15,6,9
"E00026680",2,1,1
"E00026681",1,0,1
"E00026682",3,2,1
"E00026683",5,2,3
"E00026684",2,1,1
"E00026685",0,0,0
"E00026686",0,0,0
"E00026687",0,0,0
"E00026688",4,2,2
"E00026689",4,1,3
"E00026690",1,0,1
"E00026691",1,1,0
"E00026692",3,1,2
"E00026693",1,1,0
"E00026694",2,2,0
"E00026695",3,0,3
"E00026696",4,2,2
"E00026697",3,2,1
"E00026698",6,1,5
"E00026699",0,0,0
"E00026700",3,2,1
"E00026701",0,0,0
"E00026702",3,0,3
"E00026703",1,1,0
"E00026704",5,1,4
"E00026705",0,0,0
"E00026706",3,2,1
"E00026707",4,1,3
"E00026708",4,4,0
"E00026709",3,0,3
"E00026710",3,1,2
"E00026711",6,1,5
"E00026712",0,0,0
"E00026713",1,0,1
"E00026714",1,0,1
"E00026715",7,3,4
"E00026716",3,1,2
"E00026717",0,0,0
"E00026718",0,0,0
"E00026719",7,4,3
"E00026720",10,6,4
"E00026721",4,3,1
"E00026722",5,1,4
"E00026723",4,2,2
"E00026724",5,2,3
"E00026725",2,1,1
"E00026726",4,1,3
"E00026727",1,1,0
"E00026728",3,2,1
"E00026730",2,0,2
"E00026731",1,0,1
"E00026732",0,0,0
"E00026733",1,0,1
"E00026734",7,3,4
"E00026735",5,4,1
"E00026736",1,0,1
"E00026737",0,0,0
"E00026738",4,2,2
"E00026739",5,2,3
"E00026740",7,4,3
"E00026741",1,0,1
"E00026742",1,0,1
"E00026743",2,1,1
"E00026744",2,2,0
"E00026745",0,0,0
"E00026746",2,0,2
"E00026747",5,2,3
"E00026748",2,0,2
"E00026749",0,0,0
"E00026750",0,0,0
"E00026751",7,4,3
"E00026752",1,0,1
"E00026753",5,3,2
"E00026754",6,1,5
"E00026755",4,1,3
"E00026756",3,1,2
"E00026758",7,5,2
"E00026759",4,3,1
"E00026760",7,7,0
"E00026761",5,1,4
"E00026764",2,1,1
"E00026765",1,0,1
"E00026766",5,3,2
"E00026767",0,0,0
"E00026768",7,3,4
"E00026769",4,1,3
"E00026770",4,2,2
"E00026771",1,1,0
"E00026772",11,3,8
"E00026773",6,2,4
"E00026774",2,0,2
"E00026775",5,3,2
"E00026776",0,0,0
"E00026777",3,2,1
"E00026778",1,0,1
"E00026779",0,0,0
"E00026780",3,2,1
"E00026781",5,4,1
"E00026782",0,0,0
"E00026783",10,4,6
"E00026784",13,5,8
"E00026785",1,1,0
"E00026786",0,0,0
"E00026787",1,0,1
"E00026788",2,1,1
"E00026789",1,0,1
"E00026790",3,1,2
"E00026791",0,0,0
"E00026792",3,1,2
"E00026793",1,1,0
"E00026795",2,1,1
"E00026796",0,0,0
"E00026797",3,1,2
"E00026798",0,0,0
"E00026799",0,0,0
"E00026800",3,1,2
"E00026801",0,0,0
"E00026802",3,2,1
"E00026803",3,2,1
"E00026804",2,1,1
"E00026806",0,0,0
"E00026807",1,1,0
"E00026808",0,0,0
"E00026809",1,0,1
"E00026810",0,0,0
"E00026811",1,0,1
"E00026812",2,2,0
"E00026813",2,2,0
"E00026814",1,0,1
"E00026815",1,1,0
"E00026816",1,1,0
"E00026817",0,0,0
"E00026818",0,0,0
"E00026819",0,0,0
"E00026821",5,1,4
"E00026822",7,4,3
"E00026823",1,1,0
"E00026824",2,0,2
"E00026825",0,0,0
"E00026826",4,3,1
"E00026827",11,10,1
"E00026828",3,0,3
"E00026829",2,1,1
"E00026830",10,5,5
"E00026831",4,2,2
"E00026832",4,2,2
"E00026833",2,1,1
"E00026834",2,0,2
"E00026835",0,0,0
"E00026837",2,2,0
"E00026838",5,2,3
"E00026840",1,1,0
"E00026841",0,0,0
"E00026842",4,2,2
"E00026843",2,0,2
"E00026844",2,2,0
"E00026845",7,4,3
"E00026846",3,1,2
"E00026847",2,1,1
"E00026848",2,1,1
"E00026849",1,0,1
"E00026850",1,0,1
"E00026851",3,1,2
"E00026852",5,2,3
"E00026854",0,0,0
"E00026855",2,1,1
"E00026856",8,2,6
"E00026857",9,6,3
"E00026858",5,2,3
"E00026859",0,0,0
"E00026860",5,2,3
"E00026861",2,2,0
"E00026862",6,3,3
"E00026863",3,1,2
"E00026864",8,4,4
"E00026865",5,4,1
"E00026866",4,2,2
"E00026867",6,3,3
"E00026868",2,0,2
"E00026869",0,0,0
"E00026870",0,0,0
"E00026871",0,0,0
"E00026872",1,1,0
"E00026873",0,0,0
"E00026874",7,5,2
"E00026875",3,1,2
"E00026876",7,2,5
"E00026877",1,0,1
"E00026878",5,1,4
"E00026879",4,2,2
"E00026880",2,1,1
"E00026881",0,0,0
"E00026882",1,0,1
"E00026883",2,2,0
"E00026884",1,0,1
"E00026885",8,6,2
"E00026886",9,6,3
"E00026887",3,1,2
"E00026888",2,0,2
"E00026889",7,3,4
"E00026890",17,10,7
"E00026891",0,0,0
"E00026892",0,0,0
"E00026893",5,2,3
"E00026894",7,3,4
"E00026895",0,0,0
"E00026896",1,0,1
"E00026897",7,2,5
"E00026898",0,0,0
"E00026899",10,2,8
"E00026900",14,4,10
"E00026901",1,1,0
"E00026902",4,1,3
"E00026903",0,0,0
"E00026904",0,0,0
"E00026905",0,0,0
"E00026906",0,0,0
"E00026907",1,0,1
"E00026908",0,0,0
"E00026909",0,0,0
"E00026910",0,0,0
"E00026912",0,0,0
"E00026913",3,1,2
"E00026914",1,1,0
"E00026915",0,0,0
"E00026916",2,0,2
"E00026917",2,0,2
"E00026918",3,1,2
"E00026919",0,0,0
"E00026920",0,0,0
"E00026921",2,1,1
"E00026922",2,1,1
"E00026923",0,0,0
"E00026924",1,0,1
"E00026925",1,1,0
"E00026926",1,1,0
"E00026927",0,0,0
"E00026928",1,1,0
"E00026929",0,0,0
"E00026930",0,0,0
"E00026931",1,1,0
"E00026932",1,1,0
"E00026933",0,0,0
"E00026934",0,0,0
"E00026935",1,0,1
"E00026936",2,0,2
"E00026937",1,1,0
"E00026938",3,2,1
"E00026939",0,0,0
"E00026940",1,0,1
"E00026941",0,0,0
"E00026942",1,1,0
"E00026943",3,2,1
"E00026944",1,0,1
"E00026945",8,5,3
"E00026946",2,2,0
"E00026948",2,1,1
"E00026949",2,1,1
"E00026950",1,0,1
"E00026951",0,0,0
"E00026952",1,1,0
"E00026953",0,0,0
"E00026954",1,0,1
"E00026955",1,1,0
"E00026956",0,0,0
"E00026957",0,0,0
"E00026958",1,0,1
"E00026959",5,4,1
"E00026960",2,1,1
"E00026961",1,1,0
"E00026962",0,0,0
"E00026963",7,3,4
"E00026964",2,1,1
"E00026965",2,1,1
"E00026966",0,0,0
"E00026967",3,2,1
"E00026968",0,0,0
"E00026969",1,1,0
"E00026970",0,0,0
"E00026971",1,0,1
"E00026972",2,1,1
"E00026973",0,0,0
"E00026974",1,1,0
"E00026975",7,3,4
"E00026976",5,4,1
"E00026977",3,1,2
"E00026978",9,4,5
"E00026979",0,0,0
"E00026980",5,3,2
"E00026981",13,9,4
"E00026983",3,2,1
"E00026984",10,7,3
"E00026985",0,0,0
"E00026986",3,2,1
"E00026987",1,1,0
"E00026988",2,2,0
"E00026989",1,1,0
"E00026990",3,1,2
"E00026991",2,1,1
"E00026992",3,1,2
"E00026993",2,1,1
"E00026994",4,1,3
"E00026995",3,2,1
"E00026996",2,1,1
"E00026997",0,0,0
"E00026998",2,1,1
"E00026999",2,1,1
"E00027000",0,0,0
"E00027001",0,0,0
"E00027002",3,0,3
"E00027003",2,0,2
"E00027004",1,1,0
"E00027005",2,1,1
"E00027006",9,5,4
"E00027007",3,2,1
"E00027008",2,1,1
"E00027009",1,1,0
"E00027010",5,4,1
"E00027011",5,0,5
"E00027012",5,3,2
"E00027013",0,0,0
"E00027014",3,1,2
"E00027015",4,4,0
"E00027016",0,0,0
"E00027017",1,1,0
"E00027018",3,2,1
"E00027019",1,0,1
"E00027020",7,3,4
"E00027021",3,2,1
"E00027022",4,3,1
"E00027023",4,2,2
"E00027024",8,4,4
"E00027025",4,1,3
"E00027026",1,1,0
"E00027027",3,1,2
"E00027028",7,4,3
"E00027029",1,0,1
"E00027030",1,0,1
"E00027031",0,0,0
"E00027032",1,0,1
"E00027033",4,2,2
"E00027034",8,4,4
"E00027035",8,5,3
"E00027036",3,3,0
"E00027037",1,1,0
"E00027038",0,0,0
"E00027039",5,2,3
"E00027040",0,0,0
"E00027041",10,4,6
"E00027042",7,3,4
"E00027043",1,1,0
"E00027044",1,0,1
"E00027045",2,1,1
"E00027046",7,4,3
"E00027047",2,1,1
"E00027048",0,0,0
"E00027049",3,1,2
"E00027050",2,0,2
"E00027051",0,0,0
"E00027052",1,0,1
"E00027053",0,0,0
"E00027054",0,0,0
"E00027055",2,2,0
"E00027056",1,1,0
"E00027057",1,0,1
"E00027058",2,0,2
"E00027059",3,0,3
"E00027060",0,0,0
"E00027061",2,1,1
"E00027062",4,1,3
"E00027063",1,1,0
"E00027064",0,0,0
"E00027065",1,0,1
"E00027066",2,1,1
"E00027067",2,0,2
"E00027068",1,0,1
"E00027069",1,1,0
"E00027070",5,5,0
"E00027071",1,0,1
"E00027072",4,3,1
"E00027073",6,1,5
"E00027074",6,2,4
"E00027075",0,0,0
"E00027076",2,2,0
"E00027077",4,3,1
"E00027078",4,1,3
"E00027079",2,1,1
"E00027080",1,1,0
"E00027081",1,0,1
"E00027082",2,2,0
"E00027084",4,2,2
"E00027085",8,5,3
"E00027086",0,0,0
"E00027087",9,4,5
"E00027088",2,0,2
"E00027089",1,1,0
"E00027090",1,1,0
"E00027091",0,0,0
"E00027092",4,0,4
"E00027093",1,1,0
"E00027094",2,1,1
"E00027095",0,0,0
"E00027096",8,6,2
"E00027097",0,0,0
"E00027098",0,0,0
"E00027099",9,5,4
"E00027100",1,0,1
"E00027101",0,0,0
"E00027102",0,0,0
"E00027103",1,0,1
"E00027104",3,3,0
"E00027105",3,1,2
"E00027106",5,3,2
"E00027107",1,0,1
"E00027108",1,1,0
"E00027109",0,0,0
"E00027110",7,3,4
"E00027111",4,4,0
"E00027112",0,0,0
"E00027113",2,0,2
"E00027114",0,0,0
"E00027115",2,1,1
"E00027116",1,1,0
"E00027117",2,1,1
"E00027118",1,0,1
"E00027119",0,0,0
"E00027120",0,0,0
"E00027121",3,1,2
"E00027122",5,3,2
"E00027123",4,3,1
"E00027124",6,4,2
"E00027125",6,4,2
"E00027126",4,1,3
"E00027127",1,1,0
"E00027128",0,0,0
"E00027129",1,1,0
"E00027130",2,0,2
"E00027131",4,4,0
"E00027132",3,2,1
"E00027133",0,0,0
"E00027134",7,4,3
"E00027135",1,0,1
"E00027136",4,1,3
"E00027137",1,1,0
"E00027138",4,2,2
"E00027139",4,2,2
"E00027140",4,2,2
"E00027141",7,5,2
"E00027142",1,1,0
"E00027143",3,2,1
"E00027144",9,4,5
"E00027145",8,0,8
"E00027146",3,3,0
"E00027147",0,0,0
"E00027148",9,2,7
"E00027149",10,5,5
"E00027150",2,1,1
"E00027151",1,0,1
"E00027152",6,4,2
"E00027153",0,0,0
"E00027154",0,0,0
"E00027155",5,3,2
"E00027156",0,0,0
"E00027157",4,2,2
"E00027158",9,7,2
"E00027159",1,0,1
"E00027160",1,1,0
"E00027161",3,1,2
"E00027162",3,1,2
"E00027163",3,1,2
"E00027164",3,0,3
"E00027165",1,0,1
"E00027166",5,3,2
"E00027167",1,0,1
"E00027168",3,1,2
"E00027169",1,0,1
"E00027170",1,0,1
"E00027171",0,0,0
"E00027172",1,0,1
"E00027173",1,1,0
"E00027174",1,1,0
"E00027175",2,1,1
"E00027176",0,0,0
"E00027177",0,0,0
"E00027178",0,0,0
"E00027179",1,0,1
"E00027180",1,1,0
"E00027181",4,3,1
"E00027182",5,1,4
"E00027183",1,1,0
"E00027184",0,0,0
"E00027185",7,3,4
"E00027186",4,1,3
"E00027187",4,3,1
"E00027188",1,1,0
"E00027189",2,1,1
"E00027190",5,3,2
"E00027191",0,0,0
"E00027192",0,0,0
"E00027193",0,0,0
"E00027194",0,0,0
"E00027195",0,0,0
"E00027196",2,2,0
"E00027197",1,0,1
"E00027198",1,1,0
"E00027199",1,1,0
"E00027200",1,0,1
"E00027201",2,0,2
"E00027202",1,1,0
"E00027203",2,1,1
"E00027204",3,0,3
"E00027205",3,3,0
"E00027206",3,3,0
"E00027207",0,0,0
"E00027208",1,1,0
"E00027209",2,2,0
"E00027210",4,2,2
"E00027211",3,1,2
"E00027212",0,0,0
"E00027213",3,2,1
"E00027214",0,0,0
"E00027215",1,1,0
"E00027216",2,1,1
"E00027217",4,1,3
"E00027218",2,0,2
"E00027219",15,6,9
"E00027220",0,0,0
"E00027221",0,0,0
"E00027222",2,2,0
"E00027223",0,0,0
"E00027224",1,1,0
"E00027225",1,0,1
"E00027226",7,5,2
"E00027227",3,2,1
"E00027228",1,0,1
"E00027229",2,2,0
"E00027230",1,0,1
"E00027231",0,0,0
"E00027232",0,0,0
"E00027233",0,0,0
"E00027234",0,0,0
"E00027235",2,1,1
"E00027236",1,0,1
"E00027237",0,0,0
"E00027238",0,0,0
"E00027239",1,1,0
"E00027240",0,0,0
"E00027241",1,0,1
"E00027242",3,2,1
"E00027243",1,0,1
"E00027244",2,1,1
"E00027245",2,1,1
"E00027246",3,2,1
"E00027247",6,3,3
"E00027248",0,0,0
"E00027249",5,3,2
"E00027250",1,1,0
"E00027253",4,3,1
"E00027254",0,0,0
"E00027255",2,1,1
"E00027257",7,6,1
"E00027259",1,1,0
"E00027260",4,0,4
"E00027261",2,1,1
"E00027262",3,0,3
"E00027263",4,2,2
"E00027264",0,0,0
"E00027265",2,2,0
"E00027266",0,0,0
"E00027267",0,0,0
"E00027268",1,1,0
"E00027269",1,1,0
"E00027270",0,0,0
"E00027271",0,0,0
"E00027272",4,1,3
"E00027273",6,3,3
"E00027274",2,1,1
"E00027275",5,1,4
"E00027276",3,2,1
"E00027277",7,3,4
"E00027278",1,1,0
"E00027279",1,1,0
"E00027280",2,2,0
"E00027281",5,2,3
"E00027282",1,0,1
"E00027283",2,1,1
"E00027285",5,3,2
"E00027286",3,2,1
"E00027287",0,0,0
"E00027288",1,0,1
"E00027289",2,1,1
"E00027290",0,0,0
"E00027291",3,2,1
"E00027292",1,0,1
"E00027293",5,3,2
"E00027294",5,2,3
"E00027295",1,0,1
"E00027296",3,2,1
"E00027297",6,4,2
"E00027298",6,3,3
"E00027299",4,2,2
"E00027300",6,2,4
"E00027301",4,1,3
"E00027302",3,2,1
"E00027303",4,1,3
"E00027304",6,3,3
"E00027305",5,1,4
"E00027306",5,4,1
"E00027307",4,3,1
"E00027308",1,1,0
"E00027309",3,2,1
"E00027310",1,1,0
"E00027311",2,0,2
"E00027312",7,5,2
"E00027313",3,2,1
"E00027314",4,2,2
"E00027315",0,0,0
"E00027316",0,0,0
"E00027317",5,3,2
"E00027318",6,5,1
"E00027319",0,0,0
"E00027320",4,2,2
"E00027321",0,0,0
"E00027322",0,0,0
"E00027323",0,0,0
"E00027324",7,2,5
"E00027325",6,5,1
"E00027326",1,0,1
"E00027327",11,6,5
"E00027328",3,0,3
"E00027329",4,2,2
"E00027330",5,2,3
"E00027331",4,2,2
"E00027332",3,2,1
"E00027333",0,0,0
"E00027334",0,0,0
"E00027335",3,3,0
"E00027336",3,1,2
"E00027337",3,3,0
"E00027338",3,1,2
"E00027339",0,0,0
"E00027340",0,0,0
"E00027341",7,7,0
"E00027342",0,0,0
"E00027343",4,2,2
"E00027344",1,0,1
"E00027345",0,0,0
"E00027346",4,2,2
"E00027347",4,2,2
"E00027348",5,2,3
"E00027349",6,4,2
"E00027350",1,1,0
"E00027351",0,0,0
"E00027352",0,0,0
"E00027353",6,2,4
"E00027354",0,0,0
"E00027355",5,2,3
"E00027357",0,0,0
"E00027358",5,2,3
"E00027359",9,5,4
"E00027360",7,2,5
"E00027361",6,3,3
"E00027362",4,4,0
"E00027363",12,7,5
"E00027364",7,2,5
"E00027365",5,4,1
"E00027366",3,2,1
"E00027367",10,6,4
"E00027368",14,5,9
"E00027369",5,2,3
"E00027370",5,2,3
"E00027371",4,1,3
"E00027372",11,7,4
"E00027373",1,1,0
"E00027374",8,1,7
"E00027375",1,1,0
"E00027376",7,1,6
"E00027377",2,1,1
"E00027378",5,4,1
"E00027379",14,8,6
"E00027380",7,5,2
"E00027381",4,2,2
"E00027382",7,3,4
"E00027383",6,3,3
"E00027384",9,3,6
"E00027385",2,2,0
"E00027386",0,0,0
"E00027387",15,7,8
"E00027388",18,6,12
"E00027389",6,3,3
"E00027390",6,4,2
"E00027391",10,7,3
"E00027392",6,4,2
"E00027393",11,3,8
"E00027394",7,3,4
"E00027395",3,0,3
"E00027396",3,0,3
"E00027397",8,4,4
"E00027398",10,6,4
"E00027399",7,4,3
"E00027400",4,3,1
"E00027401",10,5,5
"E00027402",5,1,4
"E00027403",9,5,4
"E00027404",6,0,6
"E00027405",1,1,0
"E00027406",2,1,1
"E00027407",3,2,1
"E00027408",6,5,1
"E00027409",4,1,3
"E00027410",5,2,3
"E00027411",3,2,1
"E00027412",6,5,1
"E00027413",6,1,5
"E00027414",2,1,1
"E00027415",7,4,3
"E00027416",6,2,4
"E00027417",7,3,4
"E00027418",11,3,8
"E00027419",5,4,1
"E00027420",13,6,7
"E00027421",4,2,2
"E00027422",8,4,4
"E00027423",6,4,2
"E00027424",10,4,6
"E00027425",6,2,4
"E00027426",3,0,3
"E00027427",5,3,2
"E00027428",3,2,1
"E00027429",3,1,2
"E00027430",8,7,1
"E00027431",1,0,1
"E00027432",1,0,1
"E00027433",0,0,0
"E00027434",2,1,1
"E00027435",5,1,4
"E00027436",10,4,6
"E00027437",5,3,2
"E00027438",4,0,4
"E00027439",7,2,5
"E00027440",1,1,0
"E00027441",6,4,2
"E00027442",4,2,2
"E00027443",0,0,0
"E00027444",2,1,1
"E00027445",0,0,0
"E00027446",1,1,0
"E00027447",4,2,2
"E00027448",2,1,1
"E00027450",2,1,1
"E00027451",2,2,0
"E00027455",6,0,6
"E00027457",2,1,1
"E00027458",3,0,3
"E00027459",8,4,4
"E00027460",3,1,2
"E00027461",4,1,3
"E00027463",3,2,1
"E00027464",2,1,1
"E00027465",0,0,0
"E00027466",3,1,2
"E00027467",1,0,1
"E00027468",0,0,0
"E00027469",0,0,0
"E00027470",0,0,0
"E00027472",0,0,0
"E00027473",0,0,0
"E00027474",0,0,0
"E00027478",4,0,4
"E00027479",5,0,5
"E00027480",3,2,1
"E00027481",0,0,0
"E00027482",1,0,1
"E00027483",2,1,1
"E00027484",1,0,1
"E00027485",1,0,1
"E00027486",10,7,3
"E00027487",1,1,0
"E00027488",2,1,1
"E00027489",4,4,0
"E00027490",2,1,1
"E00027491",2,1,1
"E00027492",1,1,0
"E00027493",4,3,1
"E00027494",2,1,1
"E00027495",1,0,1
"E00027496",2,1,1
"E00027497",0,0,0
"E00027498",2,2,0
"E00027499",4,3,1
"E00027500",0,0,0
"E00027501",2,1,1
"E00027502",2,1,1
"E00027504",5,3,2
"E00027505",4,0,4
"E00027506",0,0,0
"E00027507",4,2,2
"E00027508",4,1,3
"E00027509",0,0,0
"E00027510",4,1,3
"E00027511",4,2,2
"E00027512",3,3,0
"E00027513",0,0,0
"E00027514",4,1,3
"E00027515",1,0,1
"E00027516",3,0,3
"E00027517",1,1,0
"E00027518",1,0,1
"E00027519",1,0,1
"E00027520",0,0,0
"E00027521",1,1,0
"E00027522",4,1,3
"E00027523",0,0,0
"E00027524",8,5,3
"E00027526",0,0,0
"E00027527",1,0,1
"E00027528",1,0,1
"E00027529",1,0,1
"E00027530",4,4,0
"E00027531",1,1,0
"E00027532",3,2,1
"E00027533",0,0,0
"E00027535",1,0,1
"E00027536",8,7,1
"E00027537",1,1,0
"E00027538",3,3,0
"E00027539",1,0,1
"E00027540",3,1,2
"E00027541",7,4,3
"E00027542",2,1,1
"E00027543",1,0,1
"E00027544",0,0,0
"E00027545",3,1,2
"E00027546",0,0,0
"E00027547",1,1,0
"E00027548",3,1,2
"E00027549",1,0,1
"E00027550",4,2,2
"E00027551",7,1,6
"E00027552",10,6,4
"E00027553",1,1,0
"E00027554",4,2,2
"E00027555",1,0,1
"E00027556",4,2,2
"E00027557",0,0,0
"E00027558",4,1,3
"E00027559",11,3,8
"E00027560",1,0,1
"E00027561",1,0,1
"E00027562",0,0,0
"E00027563",7,5,2
"E00027564",8,6,2
"E00027565",8,6,2
"E00027566",14,2,12
"E00027567",2,0,2
"E00027568",10,3,7
"E00027569",2,1,1
"E00027570",0,0,0
"E00027571",3,0,3
"E00027572",5,4,1
"E00027573",7,4,3
"E00027574",7,1,6
"E00027575",1,1,0
"E00027576",1,0,1
"E00027577",0,0,0
"E00027578",0,0,0
"E00027579",0,0,0
"E00027580",2,1,1
"E00027581",2,0,2
"E00027582",6,2,4
"E00027583",2,2,0
"E00027584",6,1,5
"E00027585",0,0,0
"E00027586",13,4,9
"E00027587",4,1,3
"E00027588",3,2,1
"E00027589",4,2,2
"E00027590",1,1,0
"E00027591",7,2,5
"E00027592",5,1,4
"E00027593",0,0,0
"E00027594",6,3,3
"E00027596",5,1,4
"E00027597",6,1,5
"E00027598",0,0,0
"E00027599",0,0,0
"E00027600",1,1,0
"E00027601",2,0,2
"E00027602",1,0,1
"E00027604",0,0,0
"E00027605",1,1,0
"E00027606",2,2,0
"E00027607",5,1,4
"E00027608",5,1,4
"E00027609",0,0,0
"E00027610",3,0,3
"E00027611",0,0,0
"E00027612",5,0,5
"E00027613",1,0,1
"E00027614",1,0,1
"E00027615",0,0,0
"E00027616",0,0,0
"E00027617",4,0,4
"E00027618",2,1,1
"E00027619",6,2,4
"E00027620",0,0,0
"E00027621",0,0,0
"E00027622",7,2,5
"E00027623",8,3,5
"E00027624",7,4,3
"E00027625",2,2,0
"E00027626",12,6,6
"E00027627",2,0,2
"E00027628",0,0,0
"E00027629",1,0,1
"E00027630",6,5,1
"E00027631",0,0,0
"E00027632",1,0,1
"E00027633",1,0,1
"E00027634",0,0,0
"E00027635",0,0,0
"E00027636",3,3,0
"E00027638",1,0,1
"E00027639",1,0,1
"E00027641",0,0,0
"E00027642",3,2,1
"E00027643",0,0,0
"E00027644",1,1,0
"E00027646",2,1,1
"E00027647",3,3,0
"E00027649",5,3,2
"E00027651",0,0,0
"E00027653",4,3,1
"E00027654",0,0,0
"E00027655",3,1,2
"E00027656",6,4,2
"E00027657",8,5,3
"E00027658",11,7,4
"E00027659",0,0,0
"E00027660",13,6,7
"E00027661",2,1,1
"E00027662",5,3,2
"E00027663",0,0,0
"E00027664",1,0,1
"E00027665",2,1,1
"E00027666",0,0,0
"E00027667",1,0,1
"E00027668",1,0,1
"E00027669",8,2,6
"E00027670",1,0,1
"E00027671",4,1,3
"E00027672",6,3,3
"E00027673",4,1,3
"E00027674",4,3,1
"E00027675",7,2,5
"E00027676",1,0,1
"E00027677",0,0,0
"E00027678",0,0,0
"E00027679",0,0,0
"E00027680",1,0,1
"E00027681",2,1,1
"E00027682",0,0,0
"E00027683",1,1,0
"E00027684",1,0,1
"E00027685",3,1,2
"E00027686",2,1,1
"E00027687",1,0,1
"E00027688",1,0,1
"E00027689",6,5,1
"E00027690",0,0,0
"E00027691",4,3,1
"E00027692",5,3,2
"E00027693",0,0,0
"E00027694",3,2,1
"E00027695",5,5,0
"E00027696",4,2,2
"E00027697",6,2,4
"E00027698",5,3,2
"E00027699",0,0,0
"E00027700",4,3,1
"E00027701",1,0,1
"E00027702",2,1,1
"E00027703",6,5,1
"E00027704",3,0,3
"E00027705",4,3,1
"E00027706",2,1,1
"E00027707",0,0,0
"E00027708",2,0,2
"E00027709",5,3,2
"E00027710",1,0,1
"E00027711",1,1,0
"E00027712",0,0,0
"E00027713",1,0,1
"E00027714",1,0,1
"E00027715",10,6,4
"E00027716",0,0,0
"E00027717",4,4,0
"E00027718",4,3,1
"E00027719",2,1,1
"E00027720",3,1,2
"E00027721",3,2,1
"E00027722",1,0,1
"E00027723",5,1,4
"E00027724",7,2,5
"E00027725",0,0,0
"E00027726",3,0,3
"E00027727",2,2,0
"E00027728",0,0,0
"E00027729",3,1,2
"E00027730",5,1,4
"E00027731",0,0,0
"E00027732",1,0,1
"E00027733",1,0,1
"E00027734",4,0,4
"E00027735",3,0,3
"E00027736",1,1,0
"E00027737",0,0,0
"E00027738",2,2,0
"E00027739",2,1,1
"E00027740",0,0,0
"E00027741",1,1,0
"E00027742",1,1,0
"E00027743",2,0,2
"E00027744",4,2,2
"E00027745",2,1,1
"E00027746",4,2,2
"E00027747",2,2,0
"E00027748",0,0,0
"E00027749",4,0,4
"E00027750",6,2,4
"E00027751",1,0,1
"E00027752",8,5,3
"E00027753",2,1,1
"E00027754",7,4,3
"E00027755",1,1,0
"E00027756",4,2,2
"E00027757",1,0,1
"E00027758",1,0,1
"E00027759",1,1,0
"E00027760",5,3,2
"E00027761",2,1,1
"E00027762",2,2,0
"E00027763",2,1,1
"E00027764",5,4,1
"E00027765",2,1,1
"E00027766",0,0,0
"E00027767",0,0,0
"E00027768",1,0,1
"E00027769",0,0,0
"E00027770",2,1,1
"E00027771",0,0,0
"E00027772",0,0,0
"E00027773",0,0,0
"E00027774",0,0,0
"E00027775",2,0,2
"E00027776",0,0,0
"E00027777",0,0,0
"E00027778",3,1,2
"E00027779",3,1,2
"E00027780",14,9,5
"E00027781",9,4,5
"E00027782",6,3,3
"E00027783",5,1,4
"E00027784",6,3,3
"E00027785",6,4,2
"E00027786",4,3,1
"E00027787",9,6,3
"E00027788",7,4,3
"E00027790",4,3,1
"E00027791",1,0,1
"E00027792",6,0,6
"E00027793",0,0,0
"E00027794",9,3,6
"E00027795",7,2,5
"E00027796",8,7,1
"E00027797",6,3,3
"E00027798",0,0,0
"E00027799",5,4,1
"E00027800",10,5,5
"E00027801",7,5,2
"E00027802",2,0,2
"E00027803",7,2,5
"E00027804",5,4,1
"E00027805",1,0,1
"E00027806",0,0,0
"E00027807",0,0,0
"E00027808",6,1,5
"E00027809",3,3,0
"E00027810",1,0,1
"E00027811",4,2,2
"E00027812",2,2,0
"E00027813",6,4,2
"E00027814",4,2,2
"E00027815",1,1,0
"E00027816",0,0,0
"E00027817",10,3,7
"E00027818",4,2,2
"E00027819",4,2,2
"E00027820",1,1,0
"E00027821",0,0,0
"E00027822",4,1,3
"E00027823",4,0,4
"E00027824",2,2,0
"E00027825",6,1,5
"E00027826",1,1,0
"E00027827",5,4,1
"E00027828",0,0,0
"E00027829",2,0,2
"E00027830",8,6,2
"E00027831",2,1,1
"E00027832",0,0,0
"E00027833",0,0,0
"E00027834",0,0,0
"E00027835",1,1,0
"E00027836",3,2,1
"E00027837",4,2,2
"E00027838",0,0,0
"E00027839",5,2,3
"E00027840",5,4,1
"E00027841",2,1,1
"E00027842",1,0,1
"E00027843",2,1,1
"E00027844",2,2,0
"E00027845",0,0,0
"E00027846",1,0,1
"E00027847",7,6,1
"E00027848",1,1,0
"E00027849",1,0,1
"E00027850",1,0,1
"E00027851",1,1,0
"E00027852",1,0,1
"E00027853",0,0,0
"E00027854",7,1,6
"E00027855",0,0,0
"E00027856",2,1,1
"E00027857",1,1,0
"E00027858",2,2,0
"E00027859",0,0,0
"E00027860",0,0,0
"E00027861",1,1,0
"E00027862",2,2,0
"E00027863",0,0,0
"E00027864",3,2,1
"E00027865",4,3,1
"E00027866",2,2,0
"E00027867",4,2,2
"E00027868",7,5,2
"E00027869",7,1,6
"E00027870",6,3,3
"E00027871",5,0,5
"E00027872",0,0,0
"E00027873",7,2,5
"E00027874",4,3,1
"E00027875",1,0,1
"E00027876",5,4,1
"E00027877",2,1,1
"E00027878",19,7,12
"E00027879",5,4,1
"E00027880",1,1,0
"E00027881",12,4,8
"E00027882",8,4,4
"E00027884",3,1,2
"E00027885",0,0,0
"E00027886",0,0,0
"E00027887",1,1,0
"E00027888",1,1,0
"E00027889",1,1,0
"E00027890",0,0,0
"E00027891",3,0,3
"E00027892",0,0,0
"E00027893",7,2,5
"E00027894",4,2,2
"E00027895",7,3,4
"E00027896",1,1,0
"E00027897",2,1,1
"E00027898",0,0,0
"E00027899",1,0,1
"E00027900",1,1,0
"E00027901",4,3,1
"E00027902",2,0,2
"E00027903",0,0,0
"E00027904",5,3,2
"E00027905",3,2,1
"E00027906",3,2,1
"E00027907",3,2,1
"E00027908",2,1,1
"E00027909",1,0,1
"E00027910",4,1,3
"E00027911",0,0,0
"E00027912",1,1,0
"E00027913",1,1,0
"E00027914",1,1,0
"E00027915",0,0,0
"E00027916",0,0,0
"E00027917",1,0,1
"E00027918",3,3,0
"E00027919",6,3,3
"E00027920",4,1,3
"E00027921",3,1,2
"E00027922",6,4,2
"E00027923",6,2,4
"E00027924",2,2,0
"E00027925",5,2,3
"E00027926",0,0,0
"E00027927",6,4,2
"E00027928",6,4,2
"E00027929",6,5,1
"E00027930",2,1,1
"E00027931",0,0,0
"E00027932",0,0,0
"E00027933",1,1,0
"E00027934",0,0,0
"E00027935",1,0,1
"E00027936",1,1,0
"E00027937",2,1,1
"E00027938",1,0,1
"E00027940",0,0,0
"E00027941",2,2,0
"E00027942",5,2,3
"E00027943",1,1,0
"E00027944",4,2,2
"E00027945",2,1,1
"E00027946",2,1,1
"E00027947",5,3,2
"E00027948",2,1,1
"E00027949",2,2,0
"E00027950",8,4,4
"E00027951",8,3,5
"E00027952",2,1,1
"E00027953",5,3,2
"E00027954",1,1,0
"E00027955",2,0,2
"E00027956",3,3,0
"E00027957",0,0,0
"E00027958",0,0,0
"E00027959",0,0,0
"E00027960",2,1,1
"E00027961",7,4,3
"E00027962",0,0,0
"E00027963",6,1,5
"E00027964",3,1,2
"E00027965",1,1,0
"E00027966",4,2,2
"E00027967",1,0,1
"E00027968",3,1,2
"E00027969",3,1,2
"E00027970",3,2,1
"E00027971",0,0,0
"E00027972",3,0,3
"E00027973",0,0,0
"E00027974",1,1,0
"E00027975",3,2,1
"E00027976",2,0,2
"E00027977",4,2,2
"E00027978",1,0,1
"E00027979",1,1,0
"E00027980",2,0,2
"E00027981",0,0,0
"E00027982",1,1,0
"E00027983",9,4,5
"E00027984",1,0,1
"E00027985",5,2,3
"E00027986",1,1,0
"E00027987",0,0,0
"E00027988",0,0,0
"E00027989",4,3,1
"E00027990",3,0,3
"E00027991",0,0,0
"E00027992",2,1,1
"E00027993",0,0,0
"E00027994",1,0,1
"E00027995",5,2,3
"E00027996",6,0,6
"E00027997",0,0,0
"E00027998",8,4,4
"E00027999",1,0,1
"E00028000",5,4,1
"E00028001",3,1,2
"E00028002",4,2,2
"E00028003",1,0,1
"E00028004",1,1,0
"E00028005",3,1,2
"E00028006",0,0,0
"E00028007",2,0,2
"E00028008",3,2,1
"E00028009",1,0,1
"E00028010",0,0,0
"E00028011",3,0,3
"E00028012",1,1,0
"E00028013",1,1,0
"E00028014",0,0,0
"E00028015",7,2,5
"E00028016",0,0,0
"E00028017",0,0,0
"E00028018",5,1,4
"E00028019",8,4,4
"E00028020",0,0,0
"E00028021",2,1,1
"E00028022",0,0,0
"E00028023",2,0,2
"E00028024",4,3,1
"E00028025",6,5,1
"E00028026",1,1,0
"E00028027",5,3,2
"E00028028",1,0,1
"E00028029",2,0,2
"E00028030",3,2,1
"E00028031",8,3,5
"E00028032",0,0,0
"E00028033",4,3,1
"E00028034",5,2,3
"E00028035",0,0,0
"E00028036",0,0,0
"E00028037",4,1,3
"E00028038",0,0,0
"E00028039",4,2,2
"E00028040",1,0,1
"E00028041",0,0,0
"E00028042",2,2,0
"E00028043",0,0,0
"E00028044",4,1,3
"E00028045",3,1,2
"E00028046",4,1,3
"E00028047",0,0,0
"E00028048",0,0,0
"E00028049",4,1,3
"E00028050",4,2,2
"E00028051",0,0,0
"E00028052",5,3,2
"E00028053",3,1,2
"E00028054",6,3,3
"E00028055",0,0,0
"E00028056",0,0,0
"E00028057",3,0,3
"E00028058",0,0,0
"E00028059",2,0,2
"E00028060",0,0,0
"E00028061",3,2,1
"E00028062",5,2,3
"E00028063",2,0,2
"E00028064",3,1,2
"E00028065",0,0,0
"E00028066",5,0,5
"E00028067",2,1,1
"E00028068",3,2,1
"E00028069",2,1,1
"E00028070",11,7,4
"E00028071",1,0,1
"E00028072",6,5,1
"E00028073",0,0,0
"E00028074",1,0,1
"E00028075",4,3,1
"E00028076",5,2,3
"E00028077",5,2,3
"E00028078",3,2,1
"E00028079",3,2,1
"E00028080",2,2,0
"E00028081",5,3,2
"E00028082",0,0,0
"E00028083",3,3,0
"E00028084",3,1,2
"E00028085",9,4,5
"E00028086",8,5,3
"E00028087",4,1,3
"E00028088",13,4,9
"E00028089",6,2,4
"E00028090",3,1,2
"E00028091",1,1,0
"E00028092",0,0,0
"E00028093",1,1,0
"E00028094",5,1,4
"E00028095",3,1,2
"E00028096",0,0,0
"E00028097",0,0,0
"E00028098",0,0,0
"E00028099",4,2,2
"E00028100",1,0,1
"E00028101",3,0,3
"E00028102",0,0,0
"E00028103",2,1,1
"E00028104",2,1,1
"E00028105",5,1,4
"E00028106",1,0,1
"E00028107",2,1,1
"E00028108",0,0,0
"E00028110",0,0,0
"E00028111",0,0,0
"E00028113",2,1,1
"E00028114",1,1,0
"E00028115",0,0,0
"E00028116",1,1,0
"E00028117",4,2,2
"E00028118",5,4,1
"E00028119",6,2,4
"E00028120",0,0,0
"E00028121",6,3,3
"E00028122",2,0,2
"E00028123",6,5,1
"E00028124",0,0,0
"E00028125",2,2,0
"E00028126",0,0,0
"E00028127",3,2,1
"E00028128",1,0,1
"E00028129",0,0,0
"E00028130",2,2,0
"E00028131",1,0,1
"E00028132",3,0,3
"E00028133",7,7,0
"E00028134",3,0,3
"E00028135",1,1,0
"E00028136",5,4,1
"E00028137",5,1,4
"E00028138",2,0,2
"E00028139",3,0,3
"E00028140",6,4,2
"E00028141",1,1,0
"E00028142",7,6,1
"E00028143",5,3,2
"E00028144",3,2,1
"E00028145",4,0,4
"E00028146",7,3,4
"E00028147",2,2,0
"E00028148",2,0,2
"E00028149",1,0,1
"E00028150",5,2,3
"E00028151",0,0,0
"E00028152",3,2,1
"E00028153",1,1,0
"E00028154",1,0,1
"E00028155",3,1,2
"E00028156",2,1,1
"E00028157",1,1,0
"E00028158",9,6,3
"E00028159",11,6,5
"E00028160",2,2,0
"E00028161",6,4,2
"E00028162",2,2,0
"E00028163",1,0,1
"E00028164",3,2,1
"E00028165",1,1,0
"E00028166",6,4,2
"E00028167",2,1,1
"E00028168",3,2,1
"E00028169",1,1,0
"E00028170",4,3,1
"E00028171",0,0,0
"E00028172",8,5,3
"E00028173",4,2,2
"E00028174",1,0,1
"E00028176",0,0,0
"E00028177",1,0,1
"E00028178",2,2,0
"E00028179",6,1,5
"E00028180",1,0,1
"E00028181",2,0,2
"E00028182",1,1,0
"E00028183",1,0,1
"E00028184",0,0,0
"E00028185",1,1,0
"E00028186",0,0,0
"E00028187",8,5,3
"E00028188",0,0,0
"E00028189",1,1,0
"E00028190",2,2,0
"E00028191",1,1,0
"E00028192",4,1,3
"E00028193",10,4,6
"E00028194",12,9,3
"E00028195",8,3,5
"E00028196",13,5,8
"E00028197",12,4,8
"E00028198",14,8,6
"E00028199",16,10,6
"E00028200",13,6,7
"E00028201",7,3,4
"E00028202",12,5,7
"E00028203",3,2,1
"E00028204",7,3,4
"E00028205",16,9,7
"E00028206",13,7,6
"E00028207",11,4,7
"E00028208",14,9,5
"E00028209",4,0,4
"E00028210",11,5,6
"E00028211",0,0,0
"E00028212",9,4,5
"E00028213",15,7,8
"E00028214",1,0,1
"E00028215",11,5,6
"E00028216",6,4,2
"E00028217",8,5,3
"E00028218",2,1,1
"E00028219",4,1,3
"E00028220",8,3,5
"E00028221",12,5,7
"E00028222",4,3,1
"E00028223",3,1,2
"E00028224",11,7,4
"E00028225",6,2,4
"E00028226",2,1,1
"E00028227",3,3,0
"E00028228",5,4,1
"E00028229",5,3,2
"E00028230",10,4,6
"E00028231",4,1,3
"E00028232",1,1,0
"E00028233",0,0,0
"E00028235",0,0,0
"E00028236",9,4,5
"E00028237",1,1,0
"E00028238",0,0,0
"E00028239",0,0,0
"E00028240",1,1,0
"E00028241",4,2,2
"E00028242",0,0,0
"E00028243",1,1,0
"E00028244",0,0,0
"E00028245",1,1,0
"E00028246",0,0,0
"E00028247",2,1,1
"E00028248",0,0,0
"E00028249",1,1,0
"E00028250",1,0,1
"E00028251",8,5,3
"E00028252",2,2,0
"E00028253",2,0,2
"E00028254",2,1,1
"E00028255",2,0,2
"E00028256",2,0,2
"E00028257",0,0,0
"E00028258",4,2,2
"E00028259",0,0,0
"E00028260",3,2,1
"E00028261",2,0,2
"E00028262",0,0,0
"E00028263",3,2,1
"E00028264",1,1,0
"E00028265",2,1,1
"E00028266",2,0,2
"E00028267",0,0,0
"E00028268",1,0,1
"E00028269",4,2,2
"E00028270",21,13,8
"E00028271",0,0,0
"E00028272",8,4,4
"E00028273",4,1,3
"E00028274",9,9,0
"E00028275",1,0,1
"E00028276",2,0,2
"E00028277",2,2,0
"E00028278",3,2,1
"E00028279",7,3,4
"E00028280",0,0,0
"E00028281",2,0,2
"E00028282",1,1,0
"E00028283",1,0,1
"E00028284",8,6,2
"E00028285",10,7,3
"E00028286",2,0,2
"E00028287",4,1,3
"E00028288",3,2,1
"E00028289",2,2,0
"E00028290",3,2,1
"E00028291",1,1,0
"E00028292",1,0,1
"E00028293",6,5,1
"E00028294",2,1,1
"E00028295",3,2,1
"E00028296",5,1,4
"E00028297",1,0,1
"E00028298",3,1,2
"E00028299",0,0,0
"E00028300",4,3,1
"E00028301",0,0,0
"E00028302",0,0,0
"E00028303",7,4,3
"E00028304",1,1,0
"E00028305",4,2,2
"E00028306",8,3,5
"E00028307",0,0,0
"E00028308",2,2,0
"E00028309",1,0,1
"E00028310",2,0,2
"E00028311",3,1,2
"E00028312",0,0,0
"E00028313",0,0,0
"E00028314",3,1,2
"E00028315",2,1,1
"E00028316",1,0,1
"E00028317",1,0,1
"E00028318",6,2,4
"E00028319",0,0,0
"E00028320",3,1,2
"E00028321",0,0,0
"E00028322",6,2,4
"E00028323",4,4,0
"E00028324",5,3,2
"E00028325",8,4,4
"E00028326",2,0,2
"E00028327",7,4,3
"E00028328",3,1,2
"E00028329",1,1,0
"E00028330",3,2,1
"E00028331",2,1,1
"E00028332",2,1,1
"E00028333",1,0,1
"E00028334",1,1,0
"E00028335",1,1,0
"E00028336",0,0,0
"E00028337",3,3,0
"E00028338",0,0,0
"E00028339",1,1,0
"E00028340",1,0,1
"E00028342",0,0,0
"E00028343",1,1,0
"E00028344",2,0,2
"E00028345",2,1,1
"E00028346",1,1,0
"E00028347",3,3,0
"E00028349",1,0,1
"E00028350",1,0,1
"E00028351",6,2,4
"E00028352",0,0,0
"E00028353",1,0,1
"E00028354",2,1,1
"E00028355",1,1,0
"E00028356",0,0,0
"E00028357",2,1,1
"E00028358",0,0,0
"E00028359",2,0,2
"E00028360",0,0,0
"E00028361",0,0,0
"E00028362",2,0,2
"E00028363",0,0,0
"E00028364",4,1,3
"E00028365",0,0,0
"E00028366",1,0,1
"E00028367",0,0,0
"E00028369",0,0,0
"E00028370",0,0,0
"E00028372",2,1,1
"E00028374",1,1,0
"E00028375",0,0,0
"E00028377",1,1,0
"E00028378",6,3,3
"E00028379",0,0,0
"E00028381",0,0,0
"E00028383",1,0,1
"E00028385",4,3,1
"E00028387",0,0,0
"E00028388",0,0,0
"E00028390",5,3,2
"E00028392",2,2,0
"E00028393",0,0,0
"E00028394",0,0,0
"E00028395",1,0,1
"E00028396",1,1,0
"E00028397",3,2,1
"E00028398",0,0,0
"E00028399",2,1,1
"E00028400",2,1,1
"E00028401",2,1,1
"E00028402",12,10,2
"E00028403",10,7,3
"E00028404",1,1,0
"E00028405",0,0,0
"E00028406",4,3,1
"E00028408",2,1,1
"E00028410",0,0,0
"E00028411",0,0,0
"E00028412",0,0,0
"E00028413",0,0,0
"E00028414",1,0,1
"E00028415",1,0,1
"E00028416",5,0,5
"E00028417",0,0,0
"E00028418",0,0,0
"E00028419",3,1,2
"E00028420",0,0,0
"E00028421",1,1,0
"E00028422",0,0,0
"E00028425",4,2,2
"E00028426",2,1,1
"E00028427",3,0,3
"E00028428",0,0,0
"E00028429",4,3,1
"E00028430",2,1,1
"E00028431",5,4,1
"E00028433",3,1,2
"E00028434",0,0,0
"E00028435",1,0,1
"E00028436",0,0,0
"E00028437",3,2,1
"E00028438",0,0,0
"E00028439",3,2,1
"E00028440",1,0,1
"E00028441",1,1,0
"E00028442",2,0,2
"E00028443",0,0,0
"E00028444",0,0,0
"E00028445",1,0,1
"E00028446",4,1,3
"E00028447",3,1,2
"E00028448",0,0,0
"E00028449",1,0,1
"E00028450",3,1,2
"E00028451",1,0,1
"E00028452",0,0,0
"E00028453",0,0,0
"E00028454",0,0,0
"E00028455",0,0,0
"E00028456",4,3,1
"E00028457",1,1,0
"E00028458",5,5,0
"E00028459",0,0,0
"E00028460",4,1,3
"E00028461",0,0,0
"E00028462",1,1,0
"E00028463",5,2,3
"E00028464",6,3,3
"E00028465",3,2,1
"E00028466",4,4,0
"E00028467",6,4,2
"E00028468",1,1,0
"E00028469",2,0,2
"E00028470",0,0,0
"E00028471",3,1,2
"E00028472",7,3,4
"E00028473",3,2,1
"E00028474",3,0,3
"E00028475",0,0,0
"E00028476",0,0,0
"E00028477",1,1,0
"E00028478",0,0,0
"E00028479",0,0,0
"E00028480",1,1,0
"E00028481",1,0,1
"E00028482",8,6,2
"E00028483",3,0,3
"E00028484",0,0,0
"E00028485",0,0,0
"E00028486",1,0,1
"E00028487",5,4,1
"E00028488",2,1,1
"E00028489",0,0,0
"E00028490",0,0,0
"E00028491",1,0,1
"E00028492",4,2,2
"E00028493",1,0,1
"E00028494",1,0,1
"E00028495",3,2,1
"E00028496",1,0,1
"E00028497",0,0,0
"E00028498",6,2,4
"E00028499",11,3,8
"E00028500",2,1,1
"E00028501",0,0,0
"E00028502",7,3,4
"E00028503",3,2,1
"E00028504",0,0,0
"E00028505",1,1,0
"E00028506",1,0,1
"E00028507",7,3,4
"E00028508",9,2,7
"E00028509",5,1,4
"E00028510",4,3,1
"E00028511",9,3,6
"E00028512",2,0,2
"E00028513",5,1,4
"E00028514",5,2,3
"E00028515",12,7,5
"E00028516",4,2,2
"E00028517",9,3,6
"E00028518",2,1,1
"E00028519",2,0,2
"E00028520",0,0,0
"E00028521",5,1,4
"E00028522",3,1,2
"E00028523",5,4,1
"E00028524",2,0,2
"E00028525",3,0,3
"E00028526",1,0,1
"E00028527",0,0,0
"E00028528",0,0,0
"E00028529",0,0,0
"E00028530",0,0,0
"E00028531",3,0,3
"E00028532",0,0,0
"E00028533",0,0,0
"E00028534",0,0,0
"E00028535",1,1,0
"E00028536",1,1,0
"E00028537",1,1,0
"E00028538",2,2,0
"E00028539",1,1,0
"E00028540",0,0,0
"E00028541",4,3,1
"E00028542",1,0,1
"E00028543",3,1,2
"E00028544",1,0,1
"E00028545",2,1,1
"E00028546",8,1,7
"E00028547",0,0,0
"E00028548",1,1,0
"E00028549",3,1,2
"E00028550",2,1,1
"E00028551",1,1,0
"E00028552",2,0,2
"E00028553",4,2,2
"E00028554",1,0,1
"E00028555",1,1,0
"E00028556",0,0,0
"E00028557",5,2,3
"E00028558",1,1,0
"E00028559",0,0,0
"E00028560",5,2,3
"E00028561",0,0,0
"E00028562",4,4,0
"E00028563",6,3,3
"E00028564",1,1,0
"E00028565",0,0,0
"E00028566",1,1,0
"E00028567",1,1,0
"E00028568",1,0,1
"E00028569",1,0,1
"E00028570",1,1,0
"E00028571",4,1,3
"E00028572",3,3,0
"E00028573",1,1,0
"E00028574",16,12,4
"E00028575",0,0,0
"E00028576",3,0,3
"E00028577",12,11,1
"E00028578",3,2,1
"E00028579",2,0,2
"E00028580",18,8,10
"E00028581",4,3,1
"E00028582",6,3,3
"E00028583",52,36,16
"E00028584",1,0,1
"E00028585",3,1,2
"E00028586",9,2,7
"E00028587",14,13,1
"E00028588",10,6,4
"E00028590",4,0,4
"E00028591",37,25,12
"E00028592",1,0,1
"E00028593",29,22,7
"E00028594",3,2,1
"E00028595",1,1,0
"E00028596",1,1,0
"E00028597",2,1,1
"E00028598",4,3,1
"E00028599",4,0,4
"E00028600",0,0,0
"E00028601",5,4,1
"E00028602",7,3,4
"E00028603",9,8,1
"E00028604",13,8,5
"E00028605",6,4,2
"E00028606",14,11,3
"E00028607",5,4,1
"E00028608",11,6,5
"E00028609",15,5,10
"E00028610",7,6,1
"E00028611",3,0,3
"E00028612",1,1,0
"E00028613",1,1,0
"E00028615",1,0,1
"E00028616",1,0,1
"E00028617",5,4,1
"E00028620",1,1,0
"E00028621",1,0,1
"E00028622",4,1,3
"E00028623",0,0,0
"E00028624",1,0,1
"E00028625",0,0,0
"E00028626",0,0,0
"E00028627",0,0,0
"E00028628",0,0,0
"E00028629",2,1,1
"E00028630",0,0,0
"E00028631",1,0,1
"E00028632",2,1,1
"E00028633",1,0,1
"E00028634",1,1,0
"E00028635",0,0,0
"E00028638",4,3,1
"E00028639",3,1,2
"E00028640",3,0,3
"E00028641",3,1,2
"E00028642",1,0,1
"E00028643",0,0,0
"E00028644",1,0,1
"E00028645",0,0,0
"E00028646",3,1,2
"E00028647",1,1,0
"E00028648",0,0,0
"E00028649",1,1,0
"E00028650",3,2,1
"E00028651",0,0,0
"E00028652",1,1,0
"E00028653",2,1,1
"E00028654",3,2,1
"E00028655",0,0,0
"E00028656",4,2,2
"E00028657",2,2,0
"E00028658",0,0,0
"E00028659",0,0,0
"E00028660",1,1,0
"E00028661",0,0,0
"E00028662",1,1,0
"E00028663",0,0,0
"E00028664",0,0,0
"E00028665",4,2,2
"E00028666",0,0,0
"E00028667",1,0,1
"E00028668",3,0,3
"E00028669",4,2,2
"E00028670",1,1,0
"E00028671",0,0,0
"E00028672",0,0,0
"E00028673",1,1,0
"E00028674",1,0,1
"E00028675",5,5,0
"E00028677",1,0,1
"E00028680",0,0,0
"E00028681",1,1,0
"E00028684",1,0,1
"E00028686",1,1,0
"E00028688",1,1,0
"E00028689",2,1,1
"E00028690",2,0,2
"E00028691",1,0,1
"E00028692",2,0,2
"E00028693",3,1,2
"E00028694",2,1,1
"E00028695",1,1,0
"E00028696",1,0,1
"E00028697",4,1,3
"E00028698",0,0,0
"E00028699",0,0,0
"E00028700",1,0,1
"E00028701",0,0,0
"E00028702",2,0,2
"E00028703",2,0,2
"E00028704",0,0,0
"E00028705",0,0,0
"E00028706",8,6,2
"E00028707",3,2,1
"E00028708",3,2,1
"E00028709",0,0,0
"E00028710",2,2,0
"E00028711",2,0,2
"E00028712",0,0,0
"E00028713",0,0,0
"E00028714",0,0,0
"E00028715",0,0,0
"E00028716",0,0,0
"E00028717",0,0,0
"E00028718",2,1,1
"E00028719",1,1,0
"E00028720",1,1,0
"E00028721",1,0,1
"E00028722",0,0,0
"E00028723",5,2,3
"E00028724",0,0,0
"E00028725",1,1,0
"E00028726",1,0,1
"E00028727",2,0,2
"E00028728",2,0,2
"E00028729",0,0,0
"E00028730",2,1,1
"E00028731",0,0,0
"E00028732",2,0,2
"E00028733",0,0,0
"E00028734",7,1,6
"E00028735",2,1,1
"E00028736",0,0,0
"E00028737",2,1,1
"E00028738",2,0,2
"E00028739",3,2,1
"E00028740",0,0,0
"E00028741",3,1,2
"E00028742",1,0,1
"E00028743",1,0,1
"E00028745",1,1,0
"E00028746",0,0,0
"E00028747",3,1,2
"E00028748",1,0,1
"E00028749",0,0,0
"E00028750",12,9,3
"E00028752",0,0,0
"E00028753",0,0,0
"E00028754",2,1,1
"E00028755",1,1,0
"E00028756",8,4,4
"E00028757",0,0,0
"E00028758",2,1,1
"E00028759",2,1,1
"E00028760",0,0,0
"E00028761",0,0,0
"E00028762",1,0,1
"E00028763",0,0,0
"E00028764",0,0,0
"E00028765",0,0,0
"E00028766",0,0,0
"E00028767",1,1,0
"E00028768",0,0,0
"E00028769",0,0,0
"E00028770",1,0,1
"E00028772",0,0,0
"E00028773",0,0,0
"E00028776",0,0,0
"E00028777",2,1,1
"E00028778",1,1,0
"E00028780",0,0,0
"E00028781",3,2,1
"E00028783",4,3,1
"E00028784",2,0,2
"E00028785",0,0,0
"E00028786",0,0,0
"E00028787",2,1,1
"E00028788",0,0,0
"E00028789",2,0,2
"E00028790",0,0,0
"E00028791",3,3,0
"E00028792",1,0,1
"E00028793",0,0,0
"E00028794",0,0,0
"E00028795",2,1,1
"E00028796",0,0,0
"E00028797",0,0,0
"E00028798",1,1,0
"E00028799",2,1,1
"E00028800",2,1,1
"E00028801",3,1,2
"E00028802",1,0,1
"E00028803",2,2,0
"E00028804",3,3,0
"E00028805",0,0,0
"E00028806",0,0,0
"E00028807",1,1,0
"E00028808",1,0,1
"E00028809",1,0,1
"E00028810",0,0,0
"E00028811",0,0,0
"E00028812",0,0,0
"E00028813",1,0,1
"E00028814",1,0,1
"E00028815",0,0,0
"E00028816",5,1,4
"E00028817",3,0,3
"E00028818",2,1,1
"E00028819",3,3,0
"E00028820",3,2,1
"E00028821",3,0,3
"E00028822",1,1,0
"E00028823",1,0,1
"E00028824",1,0,1
"E00028825",2,2,0
"E00028826",4,0,4
"E00028827",4,4,0
"E00028828",5,1,4
"E00028829",0,0,0
"E00028830",0,0,0
"E00028831",1,0,1
"E00028832",1,0,1
"E00028833",3,2,1
"E00028834",1,0,1
"E00028835",1,1,0
"E00028836",1,1,0
"E00028837",0,0,0
"E00028838",6,3,3
"E00028839",4,2,2
"E00028840",1,0,1
"E00028841",3,3,0
"E00028842",3,2,1
"E00028843",1,1,0
"E00028844",1,1,0
"E00028845",5,1,4
"E00028846",3,2,1
"E00028847",2,1,1
"E00028848",4,3,1
"E00028849",4,4,0
"E00028850",0,0,0
"E00028851",5,2,3
"E00028852",5,3,2
"E00028853",1,1,0
"E00028854",4,2,2
"E00028855",1,1,0
"E00028856",6,4,2
"E00028857",4,1,3
"E00028858",4,1,3
"E00028859",4,4,0
"E00028860",5,3,2
"E00028861",10,3,7
"E00028862",6,2,4
"E00028863",0,0,0
"E00028864",11,8,3
"E00028865",1,1,0
"E00028866",5,3,2
"E00028867",0,0,0
"E00028868",2,0,2
"E00028869",1,0,1
"E00028870",1,0,1
"E00028871",0,0,0
"E00028872",2,0,2
"E00028873",0,0,0
"E00028874",0,0,0
"E00028875",0,0,0
"E00028876",1,0,1
"E00028877",5,3,2
"E00028878",3,0,3
"E00028879",5,2,3
"E00028880",3,2,1
"E00028881",1,1,0
"E00028882",0,0,0
"E00028883",1,0,1
"E00028884",0,0,0
"E00028885",5,2,3
"E00028886",2,2,0
"E00028888",1,1,0
"E00028889",1,0,1
"E00028890",1,1,0
"E00028891",1,1,0
"E00028892",2,1,1
"E00028893",0,0,0
"E00028894",1,0,1
"E00028895",2,1,1
"E00028896",2,2,0
"E00028897",2,2,0
"E00028898",1,0,1
"E00028899",2,1,1
"E00028900",0,0,0
"E00028901",1,0,1
"E00028902",3,2,1
"E00028903",1,1,0
"E00028904",0,0,0
"E00028905",0,0,0
"E00028906",0,0,0
"E00028907",0,0,0
"E00028908",0,0,0
"E00028909",6,5,1
"E00028910",7,4,3
"E00028911",3,3,0
"E00028912",2,2,0
"E00028913",0,0,0
"E00028914",7,3,4
"E00028915",0,0,0
"E00028916",1,1,0
"E00028917",3,1,2
"E00028918",3,2,1
"E00028919",3,3,0
"E00028920",2,0,2
"E00028921",4,1,3
"E00028922",6,3,3
"E00028923",2,1,1
"E00028924",8,6,2
"E00028925",0,0,0
"E00028926",1,0,1
"E00028927",2,1,1
"E00028928",4,2,2
"E00028929",2,0,2
"E00028930",0,0,0
"E00028931",5,1,4
"E00028932",3,2,1
"E00028933",6,5,1
"E00028934",8,2,6
"E00028935",2,1,1
"E00028936",5,0,5
"E00028937",3,2,1
"E00028938",3,2,1
"E00028939",5,3,2
"E00028940",6,4,2
"E00028941",8,5,3
"E00028942",6,1,5
"E00028943",10,5,5
"E00028944",11,6,5
"E00028945",8,5,3
"E00028946",7,1,6
"E00028947",2,2,0
"E00028948",4,1,3
"E00028949",2,1,1
"E00028950",1,0,1
"E00028951",3,1,2
"E00028952",5,1,4
"E00028953",1,0,1
"E00028954",2,1,1
"E00028955",3,1,2
"E00028956",3,0,3
"E00028957",1,1,0
"E00028958",6,4,2
"E00028959",1,0,1
"E00028960",1,1,0
"E00028961",0,0,0
"E00028962",0,0,0
"E00028963",1,0,1
"E00028964",0,0,0
"E00028965",0,0,0
"E00028966",1,0,1
"E00028967",0,0,0
"E00028968",1,1,0
"E00028969",0,0,0
"E00028970",0,0,0
"E00028971",5,2,3
"E00028972",6,5,1
"E00028973",2,1,1
"E00028974",0,0,0
"E00028975",0,0,0
"E00028976",0,0,0
"E00028977",4,1,3
"E00028978",1,0,1
"E00028979",3,2,1
"E00028980",0,0,0
"E00028981",0,0,0
"E00028982",4,1,3
"E00028983",1,1,0
"E00028984",3,2,1
"E00028985",0,0,0
"E00028986",1,1,0
"E00028987",2,1,1
"E00028988",1,0,1
"E00028989",5,3,2
"E00028991",1,0,1
"E00028992",0,0,0
"E00028993",1,0,1
"E00028994",1,0,1
"E00028995",2,0,2
"E00028996",0,0,0
"E00028997",1,0,1
"E00028998",2,0,2
"E00028999",3,2,1
"E00029000",1,1,0
"E00029001",4,1,3
"E00029002",1,0,1
"E00029003",0,0,0
"E00029004",0,0,0
"E00029005",1,0,1
"E00029006",5,1,4
"E00029007",1,0,1
"E00029008",0,0,0
"E00029009",2,1,1
"E00029010",3,2,1
"E00029011",1,1,0
"E00029012",0,0,0
"E00029013",4,3,1
"E00029014",3,2,1
"E00029015",3,2,1
"E00029016",1,0,1
"E00029017",1,1,0
"E00029018",2,0,2
"E00029019",0,0,0
"E00029020",1,1,0
"E00029021",0,0,0
"E00029022",0,0,0
"E00029023",5,2,3
"E00029024",0,0,0
"E00029025",2,2,0
"E00029026",2,2,0
"E00029027",0,0,0
"E00029028",0,0,0
"E00029029",2,2,0
"E00029030",0,0,0
"E00029031",2,1,1
"E00029032",2,2,0
"E00029033",0,0,0
"E00029034",2,2,0
"E00029035",1,1,0
"E00029036",4,1,3
"E00029037",3,2,1
"E00029038",1,0,1
"E00029039",1,1,0
"E00029040",7,2,5
"E00029041",7,5,2
"E00029042",5,3,2
"E00029043",5,3,2
"E00029044",6,1,5
"E00029045",5,4,1
"E00029046",5,4,1
"E00029047",2,1,1
"E00029048",4,3,1
"E00029049",2,1,1
"E00029050",2,1,1
"E00029051",2,1,1
"E00029052",4,2,2
"E00029053",9,5,4
"E00029054",6,3,3
"E00029055",5,3,2
"E00029056",3,1,2
"E00029057",2,0,2
"E00029058",4,1,3
"E00029059",2,2,0
"E00029060",6,2,4
"E00029061",5,3,2
"E00029062",4,2,2
"E00029063",6,4,2
"E00029064",12,4,8
"E00029065",5,1,4
"E00029066",4,3,1
"E00029067",1,1,0
"E00029068",2,0,2
"E00029069",3,2,1
"E00029070",1,1,0
"E00029071",7,6,1
"E00029072",3,1,2
"E00029073",14,9,5
"E00029074",2,1,1
"E00029075",2,2,0
"E00029076",2,0,2
"E00029077",0,0,0
"E00029078",5,0,5
"E00029079",5,1,4
"E00029080",3,2,1
"E00029081",7,4,3
"E00029082",5,4,1
"E00029083",8,2,6
"E00029084",5,3,2
"E00029085",1,0,1
"E00029086",3,2,1
"E00029087",1,0,1
"E00029088",3,3,0
"E00029089",2,1,1
"E00029090",3,1,2
"E00029091",5,1,4
"E00029092",3,1,2
"E00029093",1,0,1
"E00029094",2,1,1
"E00029095",3,1,2
"E00029096",6,4,2
"E00029097",6,1,5
"E00029098",3,2,1
"E00029099",2,2,0
"E00029100",0,0,0
"E00029101",5,2,3
"E00029102",2,0,2
"E00029103",6,2,4
"E00029104",4,2,2
"E00029105",1,0,1
"E00029106",3,2,1
"E00029107",5,3,2
"E00029108",2,0,2
"E00029109",0,0,0
"E00029110",0,0,0
"E00029111",0,0,0
"E00029112",3,1,2
"E00029113",2,2,0
"E00029114",2,0,2
"E00029115",0,0,0
"E00029116",1,0,1
"E00029117",2,1,1
"E00029118",2,0,2
"E00029119",1,0,1
"E00029120",1,0,1
"E00029121",1,1,0
"E00029122",6,1,5
"E00029123",0,0,0
"E00029124",3,1,2
"E00029125",5,3,2
"E00029126",5,1,4
"E00029127",6,3,3
"E00029128",0,0,0
"E00029129",1,1,0
"E00029130",1,1,0
"E00029131",5,4,1
"E00029132",2,0,2
"E00029133",0,0,0
"E00029134",1,1,0
"E00029135",0,0,0
"E00029136",0,0,0
"E00029137",2,1,1
"E00029138",1,1,0
"E00029139",1,1,0
"E00029140",2,1,1
"E00029141",3,2,1
"E00029142",2,0,2
"E00029143",0,0,0
"E00029144",3,2,1
"E00029145",1,1,0
"E00029146",0,0,0
"E00029147",2,1,1
"E00029148",3,2,1
"E00029149",0,0,0
"E00029150",0,0,0
"E00029151",3,1,2
"E00029152",5,3,2
"E00029153",3,2,1
"E00029154",0,0,0
"E00029155",0,0,0
"E00029156",1,1,0
"E00029157",1,0,1
"E00029158",1,1,0
"E00029159",2,1,1
"E00029160",0,0,0
"E00029161",0,0,0
"E00029162",0,0,0
"E00029163",1,0,1
"E00029164",1,1,0
"E00029165",0,0,0
"E00029166",1,1,0
"E00029167",1,0,1
"E00029168",0,0,0
"E00029169",1,1,0
"E00029170",1,0,1
"E00029171",0,0,0
"E00029172",5,1,4
"E00029173",3,2,1
"E00029174",0,0,0
"E00029175",2,2,0
"E00029176",3,3,0
"E00029177",0,0,0
"E00029178",3,1,2
"E00029179",1,0,1
"E00029180",1,0,1
"E00029181",6,3,3
"E00029182",3,2,1
"E00029183",1,1,0
"E00029184",1,0,1
"E00029185",2,1,1
"E00029186",1,0,1
"E00029187",1,1,0
"E00029188",0,0,0
"E00029189",4,2,2
"E00029190",1,0,1
"E00029191",0,0,0
"E00029192",2,0,2
"E00029193",2,2,0
"E00029194",3,2,1
"E00029195",0,0,0
"E00029196",0,0,0
"E00029197",2,2,0
"E00029198",1,0,1
"E00029199",2,0,2
"E00029200",0,0,0
"E00029201",4,1,3
"E00029202",8,1,7
"E00029203",0,0,0
"E00029204",0,0,0
"E00029205",3,2,1
"E00029206",0,0,0
"E00029207",0,0,0
"E00029208",1,1,0
"E00029209",0,0,0
"E00029210",3,2,1
"E00029211",3,2,1
"E00029212",1,0,1
"E00029213",9,6,3
"E00029214",9,5,4
"E00029215",18,9,9
"E00029216",8,2,6
"E00029217",9,4,5
"E00029218",3,1,2
"E00029219",6,3,3
"E00029220",8,1,7
"E00029221",5,2,3
"E00029222",0,0,0
"E00029223",2,0,2
"E00029224",0,0,0
"E00029225",0,0,0
"E00029226",5,5,0
"E00029227",7,4,3
"E00029228",4,1,3
"E00029229",3,1,2
"E00029230",1,0,1
"E00029231",0,0,0
"E00029232",10,5,5
"E00029233",3,2,1
"E00029234",8,3,5
"E00029235",5,1,4
"E00029236",0,0,0
"E00029237",4,2,2
"E00029238",0,0,0
"E00029239",0,0,0
"E00029240",8,4,4
"E00029241",0,0,0
"E00029242",0,0,0
"E00029243",5,2,3
"E00029244",4,1,3
"E00029245",0,0,0
"E00029246",8,5,3
"E00029247",10,8,2
"E00029248",10,2,8
"E00029249",6,4,2
"E00029250",2,0,2
"E00029251",14,8,6
"E00029252",3,0,3
"E00029253",4,2,2
"E00029254",8,4,4
"E00029255",2,1,1
"E00029256",6,3,3
"E00029257",3,2,1
"E00029258",0,0,0
"E00029259",4,2,2
"E00029260",3,1,2
"E00029261",4,4,0
"E00029262",0,0,0
"E00029263",1,1,0
"E00029264",6,2,4
"E00029265",7,5,2
"E00029266",1,0,1
"E00029267",5,2,3
"E00029268",1,0,1
"E00029269",2,0,2
"E00029270",0,0,0
"E00029271",1,1,0
"E00029272",1,1,0
"E00029273",9,4,5
"E00029274",4,1,3
"E00029275",14,5,9
"E00029276",3,3,0
"E00029277",5,3,2
"E00029278",3,2,1
"E00029279",2,2,0
"E00029280",4,2,2
"E00029281",7,1,6
"E00029282",0,0,0
"E00029283",4,1,3
"E00029284",2,1,1
"E00029285",2,0,2
"E00029286",5,2,3
"E00029287",5,1,4
"E00029288",4,1,3
"E00029289",2,2,0
"E00029290",2,1,1
"E00029291",0,0,0
"E00029292",5,1,4
"E00029293",0,0,0
"E00029294",0,0,0
"E00029295",0,0,0
"E00029296",0,0,0
"E00029297",0,0,0
"E00029298",6,3,3
"E00029299",1,0,1
"E00029300",1,0,1
"E00029301",1,0,1
"E00029302",4,4,0
"E00029303",1,0,1
"E00029304",7,4,3
"E00029305",10,2,8
"E00029306",2,1,1
"E00029307",4,1,3
"E00029308",0,0,0
"E00029309",2,2,0
"E00029310",8,4,4
"E00029311",8,6,2
"E00029312",4,2,2
"E00029313",11,6,5
"E00029314",15,7,8
"E00029315",7,3,4
"E00029316",3,3,0
"E00029317",8,4,4
"E00029318",3,2,1
"E00029319",6,1,5
"E00029320",15,6,9
"E00029321",13,8,5
"E00029322",7,2,5
"E00029323",3,1,2
"E00029324",5,3,2
"E00029325",10,7,3
"E00029326",4,1,3
"E00029327",3,3,0
"E00029328",9,3,6
"E00029329",15,8,7
"E00029330",7,5,2
"E00029331",1,1,0
"E00029332",14,9,5
"E00029333",3,2,1
"E00029334",2,0,2
"E00029335",6,4,2
"E00029336",7,2,5
"E00029337",6,2,4
"E00029338",0,0,0
"E00029339",8,5,3
"E00029340",6,3,3
"E00029341",11,4,7
"E00029342",4,3,1
"E00029343",4,1,3
"E00029344",17,8,9
"E00029345",10,6,4
"E00029346",5,1,4
"E00029347",1,1,0
"E00029348",9,6,3
"E00029349",6,2,4
"E00029350",17,11,6
"E00029351",10,6,4
"E00029352",4,0,4
"E00029353",18,8,10
"E00029354",12,5,7
"E00029355",13,9,4
"E00029356",6,3,3
"E00029357",9,4,5
"E00029358",4,2,2
"E00029359",10,6,4
"E00029360",4,3,1
"E00029361",16,8,8
"E00029362",6,4,2
"E00029363",0,0,0
"E00029364",1,0,1
"E00029365",9,5,4
"E00029366",0,0,0
"E00029367",4,3,1
"E00029368",3,2,1
"E00029369",6,3,3
"E00029370",3,1,2
"E00029371",3,0,3
"E00029372",2,1,1
"E00029373",11,4,7
"E00029374",10,6,4
"E00029375",7,4,3
"E00029376",11,3,8
"E00029377",0,0,0
"E00029378",3,2,1
"E00029379",9,3,6
"E00029380",6,1,5
"E00029381",7,5,2
"E00029382",0,0,0
"E00029383",1,0,1
"E00029384",0,0,0
"E00029385",5,3,2
"E00029386",1,0,1
"E00029387",5,5,0
"E00029388",3,1,2
"E00029389",1,0,1
"E00029390",3,0,3
"E00029391",3,1,2
"E00029392",2,0,2
"E00029393",8,3,5
"E00029394",3,2,1
"E00029395",9,5,4
"E00029396",6,1,5
"E00029397",6,6,0
"E00029398",1,0,1
"E00029399",2,1,1
"E00029400",10,5,5
"E00029401",1,1,0
"E00029402",16,6,10
"E00029403",5,2,3
"E00029404",9,4,5
"E00029405",16,9,7
"E00029406",5,3,2
"E00029407",7,3,4
"E00029408",3,2,1
"E00029409",9,6,3
"E00029410",18,7,11
"E00029411",4,3,1
"E00029412",2,0,2
"E00029413",11,4,7
"E00029414",5,1,4
"E00029415",15,9,6
"E00029416",18,12,6
"E00029417",12,5,7
"E00029418",16,8,8
"E00029419",5,2,3
"E00029420",2,1,1
"E00029421",4,2,2
"E00029422",7,2,5
"E00029423",1,1,0
"E00029424",6,0,6
"E00029425",9,4,5
"E00029426",20,14,6
"E00029427",1,0,1
"E00029428",3,2,1
"E00029429",7,5,2
"E00029430",2,0,2
"E00029431",15,5,10
"E00029432",7,4,3
"E00029433",4,2,2
"E00029434",8,5,3
"E00029435",10,8,2
"E00029436",5,4,1
"E00029437",14,5,9
"E00029438",8,3,5
"E00029439",6,4,2
"E00029440",7,4,3
"E00029441",11,5,6
"E00029442",7,5,2
"E00029443",12,8,4
"E00029444",9,3,6
"E00029445",4,2,2
"E00029446",2,1,1
"E00029447",1,1,0
"E00029448",2,1,1
"E00029449",1,0,1
"E00029450",0,0,0
"E00029451",3,2,1
"E00029452",0,0,0
"E00029453",2,1,1
"E00029454",0,0,0
"E00029455",0,0,0
"E00029456",1,0,1
"E00029457",0,0,0
"E00029458",0,0,0
"E00029459",2,1,1
"E00029460",0,0,0
"E00029461",0,0,0
"E00029462",1,1,0
"E00029463",0,0,0
"E00029464",0,0,0
"E00029465",2,0,2
"E00029466",5,3,2
"E00029467",0,0,0
"E00029468",3,2,1
"E00029469",1,0,1
"E00029470",0,0,0
"E00029471",5,2,3
"E00029472",1,0,1
"E00029473",4,1,3
"E00029474",3,0,3
"E00029475",2,0,2
"E00029476",1,1,0
"E00029477",4,0,4
"E00029478",5,2,3
"E00029479",1,1,0
"E00029480",4,4,0
"E00029481",1,0,1
"E00029482",2,1,1
"E00029483",1,1,0
"E00029484",0,0,0
"E00029485",3,2,1
"E00029486",0,0,0
"E00029487",0,0,0
"E00029488",0,0,0
"E00029489",3,1,2
"E00029490",0,0,0
"E00029491",4,2,2
"E00029492",4,2,2
"E00029493",1,0,1
"E00029494",1,1,0
"E00029495",0,0,0
"E00029496",3,1,2
"E00029497",2,1,1
"E00029498",2,2,0
"E00029499",2,0,2
"E00029500",3,1,2
"E00029501",10,6,4
"E00029502",3,3,0
"E00029503",3,2,1
"E00029504",3,2,1
"E00029505",3,2,1
"E00029506",1,1,0
"E00029507",1,1,0
"E00029508",1,0,1
"E00029509",7,1,6
"E00029510",3,3,0
"E00029511",6,2,4
"E00029512",5,4,1
"E00029513",0,0,0
"E00029514",1,0,1
"E00029515",1,1,0
"E00029516",5,2,3
"E00029517",4,1,3
"E00029518",1,0,1
"E00029519",1,0,1
"E00029520",2,2,0
"E00029521",5,3,2
"E00029522",1,1,0
"E00029523",3,2,1
"E00029524",1,0,1
"E00029525",2,1,1
"E00029526",4,2,2
"E00029527",1,0,1
"E00029528",0,0,0
"E00029529",0,0,0
"E00029530",0,0,0
"E00029531",1,0,1
"E00029532",0,0,0
"E00029533",2,2,0
"E00029534",2,1,1
"E00029535",1,1,0
"E00029536",3,1,2
"E00029537",2,1,1
"E00029538",2,2,0
"E00029539",9,3,6
"E00029540",3,2,1
"E00029541",1,0,1
"E00029542",8,4,4
"E00029543",6,5,1
"E00029544",2,1,1
"E00029545",1,1,0
"E00029546",5,2,3
"E00029547",6,2,4
"E00029548",3,3,0
"E00029549",1,1,0
"E00029550",0,0,0
"E00029551",3,1,2
"E00029552",6,2,4
"E00029553",1,0,1
"E00029554",3,1,2
"E00029555",3,1,2
"E00029556",1,0,1
"E00029557",1,0,1
"E00029558",6,1,5
"E00029559",1,0,1
"E00029560",4,3,1
"E00029561",1,1,0
"E00029562",6,1,5
"E00029563",5,1,4
"E00029564",4,2,2
"E00029565",3,1,2
"E00029566",2,1,1
"E00029567",3,1,2
"E00029568",1,1,0
"E00029569",5,2,3
"E00029570",2,0,2
"E00029571",4,3,1
"E00029572",3,2,1
"E00029573",9,1,8
"E00029574",2,1,1
"E00029575",7,2,5
"E00029576",0,0,0
"E00029577",1,1,0
"E00029578",6,3,3
"E00029579",6,3,3
"E00029580",5,4,1
"E00029581",0,0,0
"E00029582",5,3,2
"E00029583",9,4,5
"E00029584",5,2,3
"E00029585",2,2,0
"E00029586",5,4,1
"E00029587",6,3,3
"E00029588",4,1,3
"E00029589",4,2,2
"E00029590",2,1,1
"E00029591",0,0,0
"E00029592",2,1,1
"E00029593",3,1,2
"E00029594",8,4,4
"E00029595",2,0,2
"E00029596",7,2,5
"E00029597",5,3,2
"E00029598",7,2,5
"E00029599",7,3,4
"E00029600",3,2,1
"E00029601",4,1,3
"E00029602",3,1,2
"E00029603",7,3,4
"E00029604",8,5,3
"E00029605",1,1,0
"E00029606",4,3,1
"E00029607",10,3,7
"E00029608",4,1,3
"E00029609",5,2,3
"E00029610",0,0,0
"E00029611",0,0,0
"E00029612",5,1,4
"E00029613",6,5,1
"E00029614",2,1,1
"E00029615",7,5,2
"E00029616",3,1,2
"E00029617",6,4,2
"E00029618",9,6,3
"E00029619",4,1,3
"E00029620",2,2,0
"E00029621",7,3,4
"E00029622",7,4,3
"E00029623",2,2,0
"E00029624",4,0,4
"E00029625",7,3,4
"E00029626",1,0,1
"E00029627",1,1,0
"E00029628",5,2,3
"E00029629",1,0,1
"E00029630",0,0,0
"E00029631",0,0,0
"E00029632",8,2,6
"E00029633",3,2,1
"E00029634",1,0,1
"E00029635",8,5,3
"E00029636",8,6,2
"E00029637",1,1,0
"E00029638",4,4,0
"E00029639",4,1,3
"E00029640",2,2,0
"E00029641",7,5,2
"E00029642",5,4,1
"E00029643",4,1,3
"E00029644",9,5,4
"E00029645",3,2,1
"E00029646",1,1,0
"E00029647",3,0,3
"E00029648",3,2,1
"E00029649",6,6,0
"E00029650",8,5,3
"E00029651",2,1,1
"E00029652",0,0,0
"E00029653",0,0,0
"E00029654",3,2,1
"E00029655",3,0,3
"E00029656",1,0,1
"E00029657",7,4,3
"E00029658",5,1,4
"E00029659",5,3,2
"E00029660",2,1,1
"E00029661",3,2,1
"E00029662",4,2,2
"E00029663",4,3,1
"E00029664",10,8,2
"E00029665",10,5,5
"E00029666",8,4,4
"E00029667",4,2,2
"E00029668",0,0,0
"E00029669",7,3,4
"E00029670",6,5,1
"E00029671",4,1,3
"E00029672",3,2,1
"E00029673",4,4,0
"E00029674",6,4,2
"E00029675",0,0,0
"E00029676",9,4,5
"E00029677",3,0,3
"E00029678",9,3,6
"E00029679",0,0,0
"E00029680",2,0,2
"E00029681",8,4,4
"E00029682",3,1,2
"E00029683",3,3,0
"E00029684",3,2,1
"E00029685",7,4,3
"E00029686",6,3,3
"E00029687",17,9,8
"E00029688",6,4,2
"E00029689",7,3,4
"E00029690",1,0,1
"E00029691",4,3,1
"E00029692",18,12,6
"E00029693",3,3,0
"E00029694",13,6,7
"E00029695",2,1,1
"E00029696",2,1,1
"E00029697",6,2,4
"E00029698",2,2,0
"E00029699",9,3,6
"E00029700",2,1,1
"E00029701",1,1,0
"E00029702",8,3,5
"E00029703",3,1,2
"E00029704",5,4,1
"E00029705",9,3,6
"E00029706",2,2,0
"E00029707",7,2,5
"E00029708",5,3,2
"E00029709",0,0,0
"E00029710",9,3,6
"E00029711",7,5,2
"E00029712",2,1,1
"E00029713",7,3,4
"E00029714",0,0,0
"E00029715",2,1,1
"E00029716",7,1,6
"E00029717",13,7,6
"E00029718",4,3,1
"E00029719",5,1,4
"E00029720",15,9,6
"E00029721",5,2,3
"E00029722",12,3,9
"E00029723",2,1,1
"E00029724",0,0,0
"E00029725",9,4,5
"E00029726",5,4,1
"E00029727",0,0,0
"E00029728",0,0,0
"E00029729",4,2,2
"E00029730",4,1,3
"E00029731",4,2,2
"E00029732",2,2,0
"E00029733",1,1,0
"E00029734",1,0,1
"E00029735",2,2,0
"E00029736",0,0,0
"E00029737",4,2,2
"E00029738",1,1,0
"E00029739",0,0,0
"E00029740",4,0,4
"E00029741",1,1,0
"E00029742",5,2,3
"E00029743",2,1,1
"E00029744",0,0,0
"E00029745",2,2,0
"E00029746",1,0,1
"E00029747",1,1,0
"E00029748",1,1,0
"E00029749",0,0,0
"E00029750",5,1,4
"E00029751",4,2,2
"E00029752",2,2,0
"E00029753",0,0,0
"E00029754",3,1,2
"E00029755",0,0,0
"E00029756",4,2,2
"E00029757",0,0,0
"E00029758",4,0,4
"E00029759",2,0,2
"E00029760",2,2,0
"E00029761",4,3,1
"E00029762",1,1,0
"E00029763",5,2,3
"E00029764",0,0,0
"E00029765",5,4,1
"E00029767",3,2,1
"E00029768",0,0,0
"E00029769",6,3,3
"E00029770",2,1,1
"E00029771",1,1,0
"E00029772",7,3,4
"E00029773",2,1,1
"E00029774",6,5,1
"E00029775",5,1,4
"E00029776",1,0,1
"E00029777",0,0,0
"E00029778",7,2,5
"E00029779",2,1,1
"E00029780",4,1,3
"E00029781",3,2,1
"E00029782",0,0,0
"E00029783",0,0,0
"E00029784",7,1,6
"E00029785",5,2,3
"E00029786",8,4,4
"E00029787",8,3,5
"E00029788",12,4,8
"E00029789",1,0,1
"E00029790",5,3,2
"E00029791",9,7,2
"E00029792",6,3,3
"E00029793",11,3,8
"E00029794",10,6,4
"E00029795",1,0,1
"E00029796",8,1,7
"E00029797",7,4,3
"E00029798",6,6,0
"E00029799",6,3,3
"E00029800",8,3,5
"E00029801",5,2,3
"E00029802",7,2,5
"E00029803",4,2,2
"E00029804",6,2,4
"E00029805",4,2,2
"E00029806",3,2,1
"E00029807",1,0,1
"E00029808",5,2,3
"E00029809",4,2,2
"E00029810",0,0,0
"E00029811",0,0,0
"E00029812",2,1,1
"E00029813",0,0,0
"E00029814",4,2,2
"E00029815",4,3,1
"E00029816",1,0,1
"E00029817",2,0,2
"E00029818",1,1,0
"E00029819",0,0,0
"E00029820",1,0,1
"E00029821",0,0,0
"E00029822",2,2,0
"E00029823",7,5,2
"E00029824",4,1,3
"E00029825",2,0,2
"E00029826",2,1,1
"E00029827",3,1,2
"E00029828",0,0,0
"E00029829",5,2,3
"E00029830",0,0,0
"E00029831",0,0,0
"E00029832",2,0,2
"E00029833",1,1,0
"E00029834",2,1,1
"E00029835",0,0,0
"E00029837",0,0,0
"E00029838",5,2,3
"E00029839",4,2,2
"E00029840",7,2,5
"E00029841",0,0,0
"E00029842",2,1,1
"E00029843",4,1,3
"E00029844",0,0,0
"E00029845",4,2,2
"E00029846",1,1,0
"E00029847",0,0,0
"E00029848",6,1,5
"E00029849",0,0,0
"E00029850",2,1,1
"E00029851",5,5,0
"E00029852",4,0,4
"E00029853",1,1,0
"E00029854",3,1,2
"E00029855",1,1,0
"E00029856",0,0,0
"E00029857",0,0,0
"E00029858",4,2,2
"E00029859",1,0,1
"E00029860",1,0,1
"E00029861",3,3,0
"E00029862",0,0,0
"E00029863",0,0,0
"E00029864",5,3,2
"E00029865",1,0,1
"E00029866",2,1,1
"E00029867",1,1,0
"E00029868",5,2,3
"E00029869",0,0,0
"E00029870",2,1,1
"E00029871",2,0,2
"E00029872",3,2,1
"E00029873",4,4,0
"E00029874",3,1,2
"E00029875",6,2,4
"E00029876",1,1,0
"E00029877",4,2,2
"E00029878",3,1,2
"E00029879",3,2,1
"E00029880",2,1,1
"E00029881",0,0,0
"E00029882",9,3,6
"E00029883",3,2,1
"E00029884",2,1,1
"E00029885",8,5,3
"E00029886",3,3,0
"E00029887",0,0,0
"E00029888",2,0,2
"E00029889",3,1,2
"E00029890",5,3,2
"E00029891",2,1,1
"E00029892",1,0,1
"E00029893",1,0,1
"E00029894",3,2,1
"E00029895",0,0,0
"E00029896",5,1,4
"E00029897",2,2,0
"E00029898",5,5,0
"E00029899",9,7,2
"E00029900",6,3,3
"E00029901",4,3,1
"E00029902",1,0,1
"E00029903",1,0,1
"E00029904",5,3,2
"E00029905",1,0,1
"E00029906",0,0,0
"E00029907",1,1,0
"E00029908",1,0,1
"E00029909",1,0,1
"E00029910",4,2,2
"E00029911",3,1,2
"E00029912",6,2,4
"E00029913",13,8,5
"E00029914",1,0,1
"E00029915",2,1,1
"E00029916",1,1,0
"E00029917",0,0,0
"E00029918",3,2,1
"E00029919",6,3,3
"E00029920",1,0,1
"E00029921",3,2,1
"E00029922",4,2,2
"E00029923",11,6,5
"E00029924",4,2,2
"E00029925",4,3,1
"E00029926",5,1,4
"E00029927",1,1,0
"E00029928",4,1,3
"E00029929",3,3,0
"E00029930",2,1,1
"E00029931",2,1,1
"E00029932",4,2,2
"E00029933",11,5,6
"E00029934",2,0,2
"E00029935",0,0,0
"E00029936",7,5,2
"E00029937",1,1,0
"E00029938",8,3,5
"E00029939",7,5,2
"E00029940",8,5,3
"E00029941",4,0,4
"E00029942",4,2,2
"E00029943",1,0,1
"E00029944",4,1,3
"E00029945",3,2,1
"E00029946",1,1,0
"E00029947",2,0,2
"E00029948",5,3,2
"E00029949",0,0,0
"E00029950",0,0,0
"E00029951",2,1,1
"E00029952",0,0,0
"E00029953",2,1,1
"E00029954",1,0,1
"E00029955",1,1,0
"E00029956",0,0,0
"E00029957",5,2,3
"E00029958",2,1,1
"E00029959",0,0,0
"E00029960",0,0,0
"E00029961",4,2,2
"E00029962",1,0,1
"E00029963",1,1,0
"E00029964",0,0,0
"E00029965",1,0,1
"E00029966",4,1,3
"E00029967",8,2,6
"E00029968",0,0,0
"E00029969",1,1,0
"E00029970",2,1,1
"E00029971",0,0,0
"E00029972",1,1,0
"E00029973",0,0,0
"E00029974",1,0,1
"E00029975",0,0,0
"E00029976",0,0,0
"E00029977",1,0,1
"E00029978",1,1,0
"E00029979",5,3,2
"E00029980",1,1,0
"E00029981",1,0,1
"E00029982",1,1,0
"E00029983",3,1,2
"E00029984",6,5,1
"E00029985",0,0,0
"E00029986",0,0,0
"E00029987",2,0,2
"E00029988",7,5,2
"E00029989",2,2,0
"E00029990",7,6,1
"E00029991",1,1,0
"E00029992",2,2,0
"E00029993",1,0,1
"E00029994",5,2,3
"E00029995",3,0,3
"E00029996",6,3,3
"E00029997",3,1,2
"E00029998",1,1,0
"E00029999",2,0,2
"E00030000",13,9,4
"E00030001",12,3,9
"E00030002",5,3,2
"E00030003",5,1,4
"E00030004",16,9,7
"E00030005",6,5,1
"E00030006",11,7,4
"E00030007",10,3,7
"E00030008",9,3,6
"E00030009",9,2,7
"E00030010",5,1,4
"E00030011",8,3,5
"E00030012",3,1,2
"E00030013",3,0,3
"E00030014",6,3,3
"E00030015",2,0,2
"E00030016",6,5,1
"E00030017",9,6,3
"E00030018",8,5,3
"E00030019",11,8,3
"E00030020",20,9,11
"E00030021",2,1,1
"E00030022",16,9,7
"E00030023",11,8,3
"E00030024",9,4,5
"E00030025",10,5,5
"E00030026",12,7,5
"E00030027",6,3,3
"E00030028",7,3,4
"E00030029",10,6,4
"E00030030",1,1,0
"E00030031",5,4,1
"E00030032",6,3,3
"E00030033",12,6,6
"E00030034",6,2,4
"E00030035",12,7,5
"E00030036",1,0,1
"E00030037",14,8,6
"E00030038",4,1,3
"E00030039",7,6,1
"E00030040",8,6,2
"E00030041",4,2,2
"E00030042",3,2,1
"E00030043",13,6,7
"E00030044",10,4,6
"E00030045",1,1,0
"E00030046",2,1,1
"E00030047",1,1,0
"E00030048",1,0,1
"E00030049",11,6,5
"E00030050",1,0,1
"E00030051",1,1,0
"E00030052",8,5,3
"E00030053",10,3,7
"E00030054",6,4,2
"E00030055",3,0,3
"E00030056",8,4,4
"E00030057",1,1,0
"E00030058",2,2,0
"E00030059",8,3,5
"E00030060",6,3,3
"E00030061",5,4,1
"E00030062",9,5,4
"E00030063",6,2,4
"E00030064",4,2,2
"E00030065",6,3,3
"E00030066",0,0,0
"E00030067",0,0,0
"E00030068",0,0,0
"E00030069",0,0,0
"E00030070",0,0,0
"E00030071",2,0,2
"E00030072",6,3,3
"E00030073",3,1,2
"E00030074",3,1,2
"E00030075",0,0,0
"E00030076",1,1,0
"E00030077",0,0,0
"E00030078",0,0,0
"E00030079",3,2,1
"E00030080",1,1,0
"E00030081",8,4,4
"E00030082",2,2,0
"E00030083",7,4,3
"E00030084",1,1,0
"E00030085",4,2,2
"E00030086",2,1,1
"E00030087",0,0,0
"E00030088",4,2,2
"E00030089",0,0,0
"E00030090",3,2,1
"E00030091",1,0,1
"E00030092",2,0,2
"E00030093",6,4,2
"E00030095",1,1,0
"E00030096",6,4,2
"E00030097",5,3,2
"E00030098",0,0,0
"E00030099",0,0,0
"E00030100",6,5,1
"E00030101",2,1,1
"E00030102",3,2,1
"E00030103",5,2,3
"E00030104",1,1,0
"E00030105",0,0,0
"E00030106",4,1,3
"E00030107",0,0,0
"E00030108",3,1,2
"E00030109",2,1,1
"E00030110",2,1,1
"E00030111",0,0,0
"E00030112",10,4,6
"E00030113",5,4,1
"E00030114",4,2,2
"E00030115",1,0,1
"E00030116",0,0,0
"E00030117",2,0,2
"E00030118",1,1,0
"E00030119",0,0,0
"E00030121",0,0,0
"E00030123",1,1,0
"E00030124",0,0,0
"E00030125",0,0,0
"E00030126",0,0,0
"E00030127",0,0,0
"E00030128",1,0,1
"E00030129",0,0,0
"E00030130",0,0,0
"E00030131",3,1,2
"E00030132",2,0,2
"E00030133",1,1,0
"E00030134",2,1,1
"E00030135",0,0,0
"E00030136",0,0,0
"E00030137",1,0,1
"E00030138",1,1,0
"E00030139",1,1,0
"E00030140",2,0,2
"E00030141",2,2,0
"E00030142",0,0,0
"E00030143",1,0,1
"E00030144",1,0,1
"E00030145",2,2,0
"E00030146",0,0,0
"E00030147",5,3,2
"E00030148",2,2,0
"E00030149",0,0,0
"E00030150",2,1,1
"E00030151",3,1,2
"E00030152",2,1,1
"E00030153",2,0,2
"E00030154",2,0,2
"E00030155",0,0,0
"E00030156",0,0,0
"E00030157",0,0,0
"E00030158",1,1,0
"E00030159",5,2,3
"E00030160",6,3,3
"E00030161",7,4,3
"E00030162",6,2,4
"E00030163",3,2,1
"E00030164",0,0,0
"E00030165",2,2,0
"E00030166",0,0,0
"E00030167",9,6,3
"E00030168",7,2,5
"E00030169",0,0,0
"E00030170",0,0,0
"E00030171",4,0,4
"E00030172",3,1,2
"E00030173",0,0,0
"E00030174",3,2,1
"E00030175",3,1,2
"E00030176",1,0,1
"E00030177",2,1,1
"E00030178",1,1,0
"E00030179",1,0,1
"E00030180",2,1,1
"E00030181",3,0,3
"E00030182",9,4,5
"E00030183",1,1,0
"E00030184",1,0,1
"E00030185",1,0,1
"E00030186",3,2,1
"E00030187",2,1,1
"E00030188",3,2,1
"E00030189",4,1,3
"E00030190",0,0,0
"E00030191",1,0,1
"E00030192",3,0,3
"E00030193",4,3,1
"E00030194",6,3,3
"E00030195",1,1,0
"E00030196",0,0,0
"E00030197",4,0,4
"E00030198",5,4,1
"E00030199",3,3,0
"E00030200",1,1,0
"E00030201",0,0,0
"E00030202",1,0,1
"E00030203",4,1,3
"E00030204",1,1,0
"E00030205",7,4,3
"E00030206",4,2,2
"E00030207",0,0,0
"E00030208",5,1,4
"E00030209",5,5,0
"E00030210",3,2,1
"E00030211",3,1,2
"E00030212",6,3,3
"E00030213",0,0,0
"E00030214",2,2,0
"E00030215",0,0,0
"E00030216",1,1,0
"E00030217",0,0,0
"E00030218",2,1,1
"E00030219",3,3,0
"E00030220",3,3,0
"E00030221",7,5,2
"E00030222",0,0,0
"E00030223",1,0,1
"E00030224",6,3,3
"E00030225",2,1,1
"E00030226",8,4,4
"E00030227",2,1,1
"E00030228",0,0,0
"E00030229",3,2,1
"E00030230",5,3,2
"E00030231",0,0,0
"E00030232",3,1,2
"E00030233",2,1,1
"E00030234",4,3,1
"E00030235",4,2,2
"E00030236",2,2,0
"E00030237",3,1,2
"E00030238",0,0,0
"E00030239",4,1,3
"E00030240",1,1,0
"E00030241",1,1,0
"E00030242",3,1,2
"E00030243",3,1,2
"E00030244",8,5,3
"E00030245",3,1,2
"E00030246",3,3,0
"E00030247",1,0,1
"E00030248",3,1,2
"E00030249",7,4,3
"E00030250",2,0,2
"E00030251",2,1,1
"E00030252",1,1,0
"E00030253",0,0,0
"E00030254",3,0,3
"E00030255",3,3,0
"E00030256",2,2,0
"E00030257",9,5,4
"E00030258",1,0,1
"E00030259",1,0,1
"E00030260",4,1,3
"E00030261",2,1,1
"E00030262",5,3,2
"E00030263",2,2,0
"E00030264",2,2,0
"E00030265",1,0,1
"E00030266",3,2,1
"E00030267",2,0,2
"E00030268",1,1,0
"E00030269",4,0,4
"E00030270",3,2,1
"E00030271",1,1,0
"E00030272",0,0,0
"E00030273",3,1,2
"E00030274",1,0,1
"E00030275",4,1,3
"E00030276",3,1,2
"E00030277",2,1,1
"E00030278",1,0,1
"E00030279",2,2,0
"E00030280",4,1,3
"E00030281",2,2,0
"E00030282",0,0,0
"E00030283",0,0,0
"E00030284",2,0,2
"E00030285",4,2,2
"E00030286",1,0,1
"E00030287",3,1,2
"E00030288",0,0,0
"E00030289",1,0,1
"E00030290",1,1,0
"E00030291",0,0,0
"E00030292",3,3,0
"E00030293",3,1,2
"E00030294",6,2,4
"E00030295",0,0,0
"E00030296",0,0,0
"E00030297",0,0,0
"E00030298",1,0,1
"E00030299",6,2,4
"E00030300",4,3,1
"E00030301",5,4,1
"E00030302",2,0,2
"E00030303",0,0,0
"E00030304",4,2,2
"E00030305",4,1,3
"E00030306",2,0,2
"E00030307",3,1,2
"E00030308",1,0,1
"E00030309",1,1,0
"E00030310",0,0,0
"E00030311",2,1,1
"E00030312",2,1,1
"E00030313",0,0,0
"E00030314",0,0,0
"E00030315",0,0,0
"E00030316",1,0,1
"E00030317",3,1,2
"E00030318",4,2,2
"E00030319",2,2,0
"E00030320",0,0,0
"E00030321",5,3,2
"E00030322",3,1,2
"E00030323",5,3,2
"E00030324",0,0,0
"E00030325",2,1,1
"E00030326",5,3,2
"E00030327",2,0,2
"E00030328",6,4,2
"E00030329",0,0,0
"E00030330",3,1,2
"E00030331",0,0,0
"E00030332",1,0,1
"E00030333",1,0,1
"E00030334",2,2,0
"E00030335",7,5,2
"E00030336",1,1,0
"E00030337",4,2,2
"E00030338",4,3,1
"E00030339",0,0,0
"E00030340",0,0,0
"E00030341",1,1,0
"E00030342",4,1,3
"E00030343",0,0,0
"E00030344",1,1,0
"E00030345",2,1,1
"E00030346",5,3,2
"E00030347",4,2,2
"E00030348",5,4,1
"E00030349",0,0,0
"E00030350",0,0,0
"E00030351",2,1,1
"E00030352",0,0,0
"E00030353",0,0,0
"E00030354",0,0,0
"E00030355",4,0,4
"E00030356",0,0,0
"E00030357",0,0,0
"E00030358",0,0,0
"E00030359",1,1,0
"E00030360",4,2,2
"E00030361",4,1,3
"E00030362",0,0,0
"E00030363",1,0,1
"E00030364",2,2,0
"E00030365",8,5,3
"E00030366",2,1,1
"E00030367",3,1,2
"E00030368",2,0,2
"E00030369",0,0,0
"E00030371",6,2,4
"E00030372",1,0,1
"E00030373",0,0,0
"E00030374",2,1,1
"E00030375",0,0,0
"E00030376",1,1,0
"E00030377",3,3,0
"E00030378",0,0,0
"E00030379",2,1,1
"E00030380",3,1,2
"E00030381",3,1,2
"E00030382",1,1,0
"E00030383",2,2,0
"E00030384",2,1,1
"E00030385",1,0,1
"E00030386",3,1,2
"E00030387",0,0,0
"E00030388",1,0,1
"E00030389",0,0,0
"E00030390",1,0,1
"E00030391",2,1,1
"E00030392",12,5,7
"E00030393",3,2,1
"E00030394",2,1,1
"E00030395",4,0,4
"E00030396",0,0,0
"E00030397",6,4,2
"E00030398",3,2,1
"E00030399",2,1,1
"E00030400",3,0,3
"E00030401",5,3,2
"E00030402",2,1,1
"E00030403",6,2,4
"E00030404",1,0,1
"E00030405",1,1,0
"E00030406",1,0,1
"E00030407",3,1,2
"E00030408",4,0,4
"E00030409",3,1,2
"E00030410",2,0,2
"E00030411",5,3,2
"E00030412",4,3,1
"E00030413",1,0,1
"E00030414",5,2,3
"E00030415",1,1,0
"E00030416",6,2,4
"E00030417",7,4,3
"E00030418",0,0,0
"E00030419",2,0,2
"E00030420",6,5,1
"E00030421",1,1,0
"E00030422",1,1,0
"E00030423",1,1,0
"E00030424",0,0,0
"E00030425",4,1,3
"E00030426",2,2,0
"E00030427",3,1,2
"E00030428",0,0,0
"E00030429",2,1,1
"E00030430",3,1,2
"E00030431",5,3,2
"E00030432",3,2,1
"E00030433",1,0,1
"E00030434",4,3,1
"E00030435",1,0,1
"E00030436",1,0,1
"E00030437",1,0,1
"E00030438",2,0,2
"E00030439",0,0,0
"E00030440",6,5,1
"E00030441",0,0,0
"E00030442",4,1,3
"E00030443",2,1,1
"E00030444",0,0,0
"E00030445",0,0,0
"E00030446",3,3,0
"E00030447",1,0,1
"E00030448",0,0,0
"E00030449",1,1,0
"E00030450",0,0,0
"E00030451",2,1,1
"E00030452",1,1,0
"E00030453",2,1,1
"E00030454",2,2,0
"E00030455",1,0,1
"E00030456",3,0,3
"E00030457",0,0,0
"E00030458",2,1,1
"E00030459",1,1,0
"E00030460",1,0,1
"E00030461",0,0,0
"E00030462",1,0,1
"E00030463",0,0,0
"E00030464",3,1,2
"E00030465",2,1,1
"E00030466",7,2,5
"E00030467",0,0,0
"E00030468",4,0,4
"E00030469",3,0,3
"E00030470",3,1,2
"E00030471",6,1,5
"E00030472",5,4,1
"E00030473",1,0,1
"E00030474",0,0,0
"E00030475",0,0,0
"E00030476",0,0,0
"E00030477",0,0,0
"E00030478",0,0,0
"E00030479",0,0,0
"E00030480",7,2,5
"E00030481",0,0,0
"E00030482",5,1,4
"E00030483",3,2,1
"E00030484",4,0,4
"E00030485",1,0,1
"E00030486",3,1,2
"E00030487",2,1,1
"E00030488",2,0,2
"E00030489",0,0,0
"E00030490",5,1,4
"E00030491",3,2,1
"E00030492",0,0,0
"E00030493",5,2,3
"E00030494",0,0,0
"E00030495",0,0,0
"E00030496",3,2,1
"E00030497",3,2,1
"E00030498",0,0,0
"E00030499",0,0,0
"E00030500",0,0,0
"E00030501",1,0,1
"E00030502",1,0,1
"E00030503",2,1,1
"E00030504",4,2,2
"E00030506",0,0,0
"E00030507",5,4,1
"E00030508",2,2,0
"E00030509",3,2,1
"E00030510",4,1,3
"E00030511",2,1,1
"E00030512",1,0,1
"E00030513",7,6,1
"E00030514",2,0,2
"E00030515",6,1,5
"E00030516",4,1,3
"E00030517",1,0,1
"E00030518",4,2,2
"E00030519",2,1,1
"E00030520",6,2,4
"E00030521",2,0,2
"E00030522",2,1,1
"E00030523",4,2,2
"E00030524",0,0,0
"E00030525",1,0,1
"E00030526",1,1,0
"E00030527",0,0,0
"E00030528",3,2,1
"E00030529",1,0,1
"E00030530",1,1,0
"E00030531",1,1,0
"E00030532",5,2,3
"E00030533",0,0,0
"E00030534",1,1,0
"E00030535",2,1,1
"E00030536",3,3,0
"E00030537",4,1,3
"E00030538",0,0,0
"E00030539",4,2,2
"E00030540",1,1,0
"E00030541",1,0,1
"E00030542",2,2,0
"E00030543",2,2,0
"E00030544",1,0,1
"E00030545",0,0,0
"E00030546",0,0,0
"E00030547",9,4,5
"E00030548",4,3,1
"E00030549",1,1,0
"E00030550",2,0,2
"E00030551",4,1,3
"E00030552",4,1,3
"E00030553",0,0,0
"E00030554",0,0,0
"E00030555",3,2,1
"E00030556",6,2,4
"E00030557",2,0,2
"E00030558",2,0,2
"E00030559",1,0,1
"E00030560",2,1,1
"E00030561",0,0,0
"E00030562",1,0,1
"E00030563",2,2,0
"E00030564",2,0,2
"E00030565",0,0,0
"E00030566",0,0,0
"E00030567",0,0,0
"E00030568",2,2,0
"E00030569",1,0,1
"E00030571",4,1,3
"E00030572",1,0,1
"E00030573",3,0,3
"E00030574",3,2,1
"E00030575",1,1,0
"E00030576",5,1,4
"E00030577",5,3,2
"E00030578",3,2,1
"E00030579",1,0,1
"E00030580",2,1,1
"E00030581",4,2,2
"E00030582",1,1,0
"E00030583",0,0,0
"E00030585",2,1,1
"E00030586",1,0,1
"E00030587",1,1,0
"E00030588",2,1,1
"E00030589",3,1,2
"E00030590",1,0,1
"E00030591",3,1,2
"E00030592",0,0,0
"E00030593",2,1,1
"E00030594",2,1,1
"E00030595",1,1,0
"E00030596",4,1,3
"E00030597",0,0,0
"E00030598",2,1,1
"E00030599",1,0,1
"E00030600",3,0,3
"E00030601",3,1,2
"E00030602",0,0,0
"E00030603",0,0,0
"E00030604",4,2,2
"E00030605",1,1,0
"E00030606",3,1,2
"E00030607",2,0,2
"E00030608",9,2,7
"E00030609",2,0,2
"E00030610",4,1,3
"E00030611",4,3,1
"E00030612",3,3,0
"E00030613",4,2,2
"E00030614",4,4,0
"E00030615",4,3,1
"E00030616",0,0,0
"E00030617",3,1,2
"E00030618",4,2,2
"E00030619",0,0,0
"E00030620",2,1,1
"E00030621",4,2,2
"E00030622",5,1,4
"E00030623",1,1,0
"E00030624",4,3,1
"E00030625",1,0,1
"E00030626",1,0,1
"E00030627",1,1,0
"E00030628",1,0,1
"E00030629",0,0,0
"E00030630",2,0,2
"E00030632",0,0,0
"E00030633",6,4,2
"E00030634",1,0,1
"E00030635",3,2,1
"E00030636",3,1,2
"E00030637",2,2,0
"E00030638",0,0,0
"E00030639",5,2,3
"E00030640",0,0,0
"E00030641",2,1,1
"E00030642",1,1,0
"E00030643",11,5,6
"E00030644",3,1,2
"E00030645",3,2,1
"E00030646",7,5,2
"E00030647",5,3,2
"E00030648",3,1,2
"E00030649",0,0,0
"E00030650",3,1,2
"E00030651",6,2,4
"E00030652",3,3,0
"E00030653",4,3,1
"E00030654",4,1,3
"E00030655",0,0,0
"E00030656",0,0,0
"E00030657",2,1,1
"E00030658",3,2,1
"E00030659",2,1,1
"E00030660",1,0,1
"E00030661",2,1,1
"E00030663",0,0,0
"E00030664",4,2,2
"E00030665",1,0,1
"E00030666",5,1,4
"E00030667",0,0,0
"E00030668",4,0,4
"E00030669",3,1,2
"E00030670",6,4,2
"E00030671",1,1,0
"E00030672",2,2,0
"E00030673",2,0,2
"E00030674",5,1,4
"E00030675",2,0,2
"E00030676",3,1,2
"E00030677",0,0,0
"E00030678",1,0,1
"E00030679",1,0,1
"E00030680",1,0,1
"E00030681",1,1,0
"E00030682",2,2,0
"E00030684",7,5,2
"E00030685",2,0,2
"E00030686",2,1,1
"E00030687",0,0,0
"E00030688",0,0,0
"E00030689",4,2,2
"E00030690",2,1,1
"E00030691",1,0,1
"E00030692",3,0,3
"E00030693",4,0,4
"E00030694",1,0,1
"E00030695",1,0,1
"E00030696",2,1,1
"E00030697",7,5,2
"E00030699",2,2,0
"E00030700",5,2,3
"E00030701",1,0,1
"E00030703",3,2,1
"E00030704",1,1,0
"E00030705",0,0,0
"E00030706",1,1,0
"E00030707",1,1,0
"E00030708",1,0,1
"E00030709",2,2,0
"E00030710",4,2,2
"E00030711",1,0,1
"E00030712",0,0,0
"E00030713",1,1,0
"E00030714",1,0,1
"E00030715",7,4,3
"E00030717",3,1,2
"E00030718",2,1,1
"E00030719",0,0,0
"E00030720",3,1,2
"E00030721",1,1,0
"E00030722",2,2,0
"E00030723",4,3,1
"E00030724",1,0,1
"E00030725",0,0,0
"E00030726",1,0,1
"E00030727",0,0,0
"E00030728",0,0,0
"E00030729",1,0,1
"E00030730",2,1,1
"E00030731",0,0,0
"E00030732",1,0,1
"E00030733",3,0,3
"E00030734",7,6,1
"E00030735",1,0,1
"E00030736",1,1,0
"E00030737",1,0,1
"E00030738",6,2,4
"E00030739",0,0,0
"E00030740",1,0,1
"E00030741",0,0,0
"E00030742",1,0,1
"E00030743",12,4,8
"E00030744",8,3,5
"E00030745",0,0,0
"E00030746",1,1,0
"E00030747",1,0,1
"E00030748",0,0,0
"E00030749",2,1,1
"E00030750",5,2,3
"E00030751",4,2,2
"E00030752",7,3,4
"E00030753",8,7,1
"E00030754",4,2,2
"E00030755",10,6,4
"E00030756",7,5,2
"E00030757",5,2,3
"E00030758",11,5,6
"E00030759",5,1,4
"E00030760",3,0,3
"E00030761",5,3,2
"E00030762",1,1,0
"E00030763",12,8,4
"E00030764",0,0,0
"E00030765",7,2,5
"E00030766",2,1,1
"E00030767",5,4,1
"E00030768",2,1,1
"E00030769",5,3,2
"E00030770",4,2,2
"E00030771",21,11,10
"E00030772",5,4,1
"E00030773",5,4,1
"E00030774",8,5,3
"E00030775",1,1,0
"E00030776",2,2,0
"E00030777",4,2,2
"E00030778",4,2,2
"E00030779",5,4,1
"E00030780",6,4,2
"E00030781",3,1,2
"E00030782",6,3,3
"E00030783",10,7,3
"E00030784",4,2,2
"E00030785",3,1,2
"E00030786",2,2,0
"E00030787",3,2,1
"E00030788",3,3,0
"E00030789",0,0,0
"E00030790",7,3,4
"E00030791",12,7,5
"E00030792",3,1,2
"E00030793",2,1,1
"E00030795",11,6,5
"E00030796",6,1,5
"E00030797",2,0,2
"E00030798",6,1,5
"E00030799",4,3,1
"E00030800",14,6,8
"E00030801",0,0,0
"E00030802",4,2,2
"E00030803",2,1,1
"E00030804",10,3,7
"E00030805",5,1,4
"E00030806",1,1,0
"E00030807",3,2,1
"E00030808",1,0,1
"E00030809",5,2,3
"E00030810",12,3,9
"E00030811",7,2,5
"E00030812",12,4,8
"E00030813",23,11,12
"E00030814",2,0,2
"E00030815",15,8,7
"E00030816",16,6,10
"E00030817",18,8,10
"E00030818",4,1,3
"E00030819",11,6,5
"E00030820",3,2,1
"E00030821",14,7,7
"E00030822",20,9,11
"E00030823",6,4,2
"E00030824",5,1,4
"E00030825",0,0,0
"E00030826",9,5,4
"E00030827",10,5,5
"E00030828",10,5,5
"E00030829",8,6,2
"E00030830",8,4,4
"E00030831",18,10,8
"E00030832",12,2,10
"E00030833",12,9,3
"E00030834",11,7,4
"E00030835",12,4,8
"E00030836",25,16,9
"E00030837",26,19,7
"E00030838",25,9,16
"E00030839",13,8,5
"E00030840",6,2,4
"E00030841",23,10,13
"E00030842",11,9,2
"E00030843",13,7,6
"E00030844",24,13,11
"E00030845",14,6,8
"E00030846",5,2,3
"E00030847",1,0,1
"E00030848",10,3,7
"E00030849",2,1,1
"E00030850",5,1,4
"E00030851",1,0,1
"E00030853",4,1,3
"E00030854",11,6,5
"E00030855",6,2,4
"E00030856",2,0,2
"E00030857",0,0,0
"E00030858",7,5,2
"E00030859",3,1,2
"E00030860",5,2,3
"E00030861",3,1,2
"E00030862",3,2,1
"E00030863",3,2,1
"E00030864",6,3,3
"E00030865",1,1,0
"E00030866",3,0,3
"E00030867",3,1,2
"E00030868",3,2,1
"E00030869",9,3,6
"E00030870",3,1,2
"E00030871",9,4,5
"E00030872",9,5,4
"E00030873",5,2,3
"E00030874",3,1,2
"E00030875",2,2,0
"E00030876",9,7,2
"E00030877",4,1,3
"E00030878",1,0,1
"E00030879",4,1,3
"E00030881",2,1,1
"E00030882",3,1,2
"E00030883",1,1,0
"E00030884",1,0,1
"E00030885",2,1,1
"E00030886",14,9,5
"E00030887",9,6,3
"E00030888",4,2,2
"E00030889",16,8,8
"E00030890",8,5,3
"E00030891",8,5,3
"E00030892",1,0,1
"E00030893",9,6,3
"E00030894",3,1,2
"E00030895",4,2,2
"E00030896",10,6,4
"E00030897",4,1,3
"E00030898",8,5,3
"E00030899",5,1,4
"E00030900",6,1,5
"E00030901",5,3,2
"E00030902",10,2,8
"E00030903",1,0,1
"E00030904",4,1,3
"E00030905",5,1,4
"E00030906",8,2,6
"E00030907",0,0,0
"E00030908",7,5,2
"E00030909",12,7,5
"E00030910",6,2,4
"E00030911",5,2,3
"E00030912",10,3,7
"E00030913",2,1,1
"E00030914",0,0,0
"E00030915",3,3,0
"E00030916",11,5,6
"E00030917",5,5,0
"E00030918",8,3,5
"E00030919",5,2,3
"E00030920",3,1,2
"E00030921",3,2,1
"E00030922",0,0,0
"E00030923",3,2,1
"E00030924",2,0,2
"E00030925",1,1,0
"E00030926",4,1,3
"E00030927",2,0,2
"E00030928",1,1,0
"E00030929",3,1,2
"E00030930",0,0,0
"E00030931",2,1,1
"E00030932",1,1,0
"E00030933",0,0,0
"E00030934",1,1,0
"E00030935",0,0,0
"E00030936",1,0,1
"E00030937",1,1,0
"E00030938",5,4,1
"E00030939",1,1,0
"E00030940",0,0,0
"E00030941",3,1,2
"E00030942",1,0,1
"E00030943",1,0,1
"E00030944",2,2,0
"E00030945",4,2,2
"E00030946",7,3,4
"E00030947",1,1,0
"E00030948",4,2,2
"E00030949",2,2,0
"E00030950",6,4,2
"E00030951",1,0,1
"E00030952",7,1,6
"E00030953",4,2,2
"E00030954",3,2,1
"E00030955",9,6,3
"E00030956",0,0,0
"E00030957",0,0,0
"E00030958",6,4,2
"E00030959",1,1,0
"E00030960",0,0,0
"E00030961",3,1,2
"E00030962",8,3,5
"E00030963",1,0,1
"E00030964",4,1,3
"E00030965",1,0,1
"E00030966",5,2,3
"E00030967",3,1,2
"E00030968",1,1,0
"E00030969",6,2,4
"E00030970",9,4,5
"E00030971",8,7,1
"E00030972",3,0,3
"E00030973",1,1,0
"E00030974",0,0,0
"E00030975",0,0,0
"E00030976",1,1,0
"E00030977",8,5,3
"E00030978",1,0,1
"E00030979",2,2,0
"E00030980",1,1,0
"E00030981",2,1,1
"E00030982",3,2,1
"E00030983",2,1,1
"E00030984",2,0,2
"E00030985",1,0,1
"E00030986",2,2,0
"E00030987",5,2,3
"E00030988",5,2,3
"E00030989",2,2,0
"E00030990",4,1,3
"E00030991",4,3,1
"E00030992",2,1,1
"E00030993",5,4,1
"E00030994",9,8,1
"E00030995",5,3,2
"E00030996",3,1,2
"E00030997",1,0,1
"E00030998",5,2,3
"E00030999",4,2,2
"E00031000",3,1,2
"E00031001",3,2,1
"E00031002",3,0,3
"E00031003",8,5,3
"E00031004",6,3,3
"E00031005",0,0,0
"E00031006",6,0,6
"E00031007",3,2,1
"E00031008",5,5,0
"E00031009",4,2,2
"E00031010",6,2,4
"E00031011",0,0,0
"E00031012",6,2,4
"E00031013",5,4,1
"E00031014",4,1,3
"E00031015",7,3,4
"E00031016",3,2,1
"E00031017",8,5,3
"E00031018",2,1,1
"E00031019",0,0,0
"E00031020",1,0,1
"E00031021",5,2,3
"E00031022",3,2,1
"E00031023",0,0,0
"E00031024",1,0,1
"E00031025",0,0,0
"E00031026",2,1,1
"E00031027",2,1,1
"E00031028",1,1,0
"E00031029",0,0,0
"E00031030",2,2,0
"E00031031",1,1,0
"E00031032",5,3,2
"E00031033",2,1,1
"E00031034",3,1,2
"E00031035",1,1,0
"E00031036",8,2,6
"E00031037",3,0,3
"E00031038",7,5,2
"E00031039",4,1,3
"E00031040",4,2,2
"E00031041",8,3,5
"E00031042",3,1,2
"E00031043",3,0,3
"E00031044",7,4,3
"E00031045",3,3,0
"E00031046",3,3,0
"E00031047",4,1,3
"E00031048",4,1,3
"E00031049",0,0,0
"E00031050",1,1,0
"E00031051",7,5,2
"E00031052",1,1,0
"E00031053",0,0,0
"E00031054",10,6,4
"E00031055",6,1,5
"E00031056",4,1,3
"E00031057",8,3,5
"E00031058",2,1,1
"E00031059",3,2,1
"E00031060",2,0,2
"E00031061",5,1,4
"E00031062",2,1,1
"E00031063",2,1,1
"E00031064",1,1,0
"E00031065",1,0,1
"E00031066",4,1,3
"E00031067",4,3,1
"E00031068",8,3,5
"E00031069",3,2,1
"E00031070",5,3,2
"E00031071",16,9,7
"E00031072",11,7,4
"E00031073",15,9,6
"E00031074",12,4,8
"E00031075",10,6,4
"E00031076",13,1,12
"E00031077",4,2,2
"E00031078",2,1,1
"E00031079",10,7,3
"E00031080",2,1,1
"E00031081",10,6,4
"E00031082",5,3,2
"E00031083",11,5,6
"E00031084",2,0,2
"E00031085",9,6,3
"E00031086",15,4,11
"E00031087",0,0,0
"E00031088",10,6,4
"E00031089",11,5,6
"E00031090",6,4,2
"E00031091",9,5,4
"E00031092",10,5,5
"E00031093",9,3,6
"E00031094",21,13,8
"E00031095",7,3,4
"E00031096",13,5,8
"E00031097",26,15,11
"E00031098",8,5,3
"E00031099",22,14,8
"E00031100",11,5,6
"E00031101",21,13,8
"E00031102",5,3,2
"E00031103",19,10,9
"E00031104",16,11,5
"E00031105",5,1,4
"E00031106",11,4,7
"E00031107",3,0,3
"E00031108",4,1,3
"E00031109",0,0,0
"E00031110",2,2,0
"E00031111",2,1,1
"E00031112",0,0,0
"E00031113",1,1,0
"E00031114",4,1,3
"E00031115",3,2,1
"E00031116",2,1,1
"E00031117",6,4,2
"E00031118",3,2,1
"E00031119",2,1,1
"E00031120",6,2,4
"E00031121",2,0,2
"E00031122",8,4,4
"E00031123",3,0,3
"E00031124",6,3,3
"E00031125",8,5,3
"E00031126",0,0,0
"E00031127",2,1,1
"E00031128",6,5,1
"E00031129",5,3,2
"E00031130",8,7,1
"E00031131",2,1,1
"E00031132",8,5,3
"E00031133",0,0,0
"E00031134",0,0,0
"E00031135",4,1,3
"E00031136",2,1,1
"E00031137",4,2,2
"E00031138",6,3,3
"E00031139",5,1,4
"E00031140",8,7,1
"E00031141",2,1,1
"E00031142",7,3,4
"E00031143",9,4,5
"E00031144",5,1,4
"E00031145",10,4,6
"E00031146",3,0,3
"E00031147",12,7,5
"E00031148",9,4,5
"E00031149",12,8,4
"E00031150",7,3,4
"E00031151",1,1,0
"E00031152",1,1,0
"E00031153",3,0,3
"E00031154",1,0,1
"E00031155",9,5,4
"E00031156",3,0,3
"E00031157",5,3,2
"E00031158",5,3,2
"E00031159",2,2,0
"E00031160",0,0,0
"E00031161",11,5,6
"E00031162",6,3,3
"E00031163",7,1,6
"E00031164",17,9,8
"E00031165",13,4,9
"E00031166",8,3,5
"E00031167",13,5,8
"E00031168",0,0,0
"E00031169",6,5,1
"E00031170",3,1,2
"E00031171",9,5,4
"E00031172",2,1,1
"E00031173",17,9,8
"E00031174",10,4,6
"E00031175",3,2,1
"E00031176",14,8,6
"E00031177",6,4,2
"E00031178",2,0,2
"E00031179",2,1,1
"E00031180",5,2,3
"E00031181",3,1,2
"E00031182",1,0,1
"E00031183",0,0,0
"E00031184",0,0,0
"E00031185",5,3,2
"E00031186",1,0,1
"E00031187",5,1,4
"E00031188",1,0,1
"E00031189",3,2,1
"E00031190",2,2,0
"E00031191",2,0,2
"E00031192",3,1,2
"E00031193",4,2,2
"E00031194",2,0,2
"E00031195",1,0,1
"E00031196",2,0,2
"E00031197",1,0,1
"E00031198",4,2,2
"E00031199",3,2,1
"E00031200",2,0,2
"E00031201",4,1,3
"E00031202",3,2,1
"E00031203",0,0,0
"E00031204",3,1,2
"E00031205",4,1,3
"E00031206",2,1,1
"E00031207",2,0,2
"E00031208",4,1,3
"E00031209",2,1,1
"E00031210",3,2,1
"E00031211",0,0,0
"E00031212",1,0,1
"E00031213",1,0,1
"E00031214",4,3,1
"E00031215",1,1,0
"E00031216",10,3,7
"E00031217",0,0,0
"E00031218",0,0,0
"E00031219",12,3,9
"E00031220",12,5,7
"E00031221",1,1,0
"E00031222",0,0,0
"E00031223",6,1,5
"E00031224",1,0,1
"E00031225",4,1,3
"E00031226",7,5,2
"E00031227",2,1,1
"E00031228",7,3,4
"E00031229",4,3,1
"E00031230",5,4,1
"E00031231",1,1,0
"E00031232",1,0,1
"E00031233",0,0,0
"E00031234",3,1,2
"E00031235",3,2,1
"E00031236",3,0,3
"E00031237",3,2,1
"E00031239",7,3,4
"E00031240",8,4,4
"E00031241",1,1,0
"E00031242",2,1,1
"E00031243",3,2,1
"E00031244",3,0,3
"E00031245",6,1,5
"E00031246",1,1,0
"E00031247",8,5,3
"E00031248",1,1,0
"E00031249",1,0,1
"E00031250",1,0,1
"E00031251",0,0,0
"E00031252",2,1,1
"E00031253",1,0,1
"E00031254",6,3,3
"E00031255",6,3,3
"E00031256",2,1,1
"E00031257",1,1,0
"E00031258",1,1,0
"E00031259",3,1,2
"E00031260",2,1,1
"E00031261",0,0,0
"E00031262",1,1,0
"E00031263",0,0,0
"E00031264",5,3,2
"E00031265",4,3,1
"E00031266",2,1,1
"E00031267",3,0,3
"E00031268",3,0,3
"E00031269",1,1,0
"E00031270",10,6,4
"E00031271",0,0,0
"E00031272",4,0,4
"E00031273",2,0,2
"E00031274",9,6,3
"E00031275",4,3,1
"E00031276",2,0,2
"E00031277",0,0,0
"E00031278",2,1,1
"E00031279",3,3,0
"E00031280",6,3,3
"E00031281",2,1,1
"E00031282",8,4,4
"E00031283",2,2,0
"E00031284",1,0,1
"E00031285",2,2,0
"E00031286",3,1,2
"E00031287",5,3,2
"E00031288",1,0,1
"E00031289",3,2,1
"E00031290",0,0,0
"E00031291",0,0,0
"E00031292",5,4,1
"E00031293",5,3,2
"E00031294",5,2,3
"E00031295",3,3,0
"E00031296",0,0,0
"E00031297",2,1,1
"E00031298",3,2,1
"E00031299",2,1,1
"E00031300",3,3,0
"E00031301",1,0,1
"E00031302",3,0,3
"E00031303",7,3,4
"E00031304",2,1,1
"E00031305",11,4,7
"E00031306",3,1,2
"E00031307",8,1,7
"E00031308",4,2,2
"E00031309",8,6,2
"E00031310",9,6,3
"E00031311",1,1,0
"E00031312",0,0,0
"E00031313",0,0,0
"E00031314",5,1,4
"E00031315",1,1,0
"E00031316",3,0,3
"E00031317",1,1,0
"E00031318",0,0,0
"E00031319",4,1,3
"E00031320",2,0,2
"E00031321",0,0,0
"E00031322",5,3,2
"E00031323",8,6,2
"E00031324",4,3,1
"E00031325",3,0,3
"E00031326",3,0,3
"E00031327",6,3,3
"E00031328",0,0,0
"E00031329",4,4,0
"E00031330",4,2,2
"E00031331",6,4,2
"E00031332",6,2,4
"E00031333",0,0,0
"E00031334",4,2,2
"E00031335",3,0,3
"E00031336",3,1,2
"E00031337",0,0,0
"E00031338",0,0,0
"E00031339",4,3,1
"E00031340",0,0,0
"E00031341",2,1,1
"E00031342",2,2,0
"E00031343",0,0,0
"E00031344",4,3,1
"E00031345",1,0,1
"E00031346",8,1,7
"E00031347",4,4,0
"E00031348",2,1,1
"E00031349",2,2,0
"E00031350",0,0,0
"E00031351",3,1,2
"E00031352",1,0,1
"E00031353",2,1,1
"E00031354",3,2,1
"E00031355",3,1,2
"E00031356",0,0,0
"E00031357",4,2,2
"E00031358",1,0,1
"E00031359",5,3,2
"E00031360",1,1,0
"E00031361",4,3,1
"E00031362",4,4,0
"E00031363",1,0,1
"E00031365",0,0,0
"E00031366",4,0,4
"E00031367",2,1,1
"E00031368",2,0,2
"E00031369",4,2,2
"E00031370",2,1,1
"E00031371",4,0,4
"E00031372",2,0,2
"E00031373",6,2,4
"E00031374",5,2,3
"E00031375",0,0,0
"E00031376",0,0,0
"E00031377",1,1,0
"E00031378",10,6,4
"E00031379",2,1,1
"E00031380",1,1,0
"E00031382",0,0,0
"E00031383",3,1,2
"E00031384",6,2,4
"E00031385",6,2,4
"E00031386",11,5,6
"E00031387",5,2,3
"E00031388",9,6,3
"E00031389",11,7,4
"E00031390",2,0,2
"E00031391",8,6,2
"E00031392",6,2,4
"E00031393",8,3,5
"E00031394",7,4,3
"E00031395",3,1,2
"E00031396",9,3,6
"E00031397",8,5,3
"E00031398",8,1,7
"E00031399",5,2,3
"E00031400",7,3,4
"E00031401",5,1,4
"E00031402",9,5,4
"E00031403",8,3,5
"E00031404",3,2,1
"E00031405",12,4,8
"E00031406",6,3,3
"E00031407",8,3,5
"E00031408",15,8,7
"E00031409",12,7,5
"E00031410",4,2,2
"E00031411",5,2,3
"E00031412",4,4,0
"E00031413",4,3,1
"E00031414",0,0,0
"E00031415",3,2,1
"E00031416",1,1,0
"E00031417",6,1,5
"E00031418",6,2,4
"E00031419",6,3,3
"E00031420",7,3,4
"E00031421",5,4,1
"E00031422",0,0,0
"E00031423",0,0,0
"E00031424",3,2,1
"E00031425",2,1,1
"E00031426",1,0,1
"E00031427",2,1,1
"E00031428",0,0,0
"E00031429",4,3,1
"E00031430",1,1,0
"E00031431",3,2,1
"E00031432",9,6,3
"E00031433",0,0,0
"E00031434",5,3,2
"E00031435",5,3,2
"E00031436",0,0,0
"E00031437",14,6,8
"E00031438",2,2,0
"E00031439",2,1,1
"E00031440",4,3,1
"E00031441",1,0,1
"E00031442",4,2,2
"E00031443",1,0,1
"E00031444",0,0,0
"E00031445",6,3,3
"E00031446",0,0,0
"E00031447",2,1,1
"E00031448",5,1,4
"E00031450",3,1,2
"E00031451",5,2,3
"E00031452",14,9,5
"E00031453",9,5,4
"E00031454",4,0,4
"E00031455",1,0,1
"E00031456",14,10,4
"E00031457",6,5,1
"E00031458",10,3,7
"E00031459",0,0,0
"E00031460",5,1,4
"E00031461",1,0,1
"E00031462",4,3,1
"E00031463",1,0,1
"E00031464",5,3,2
"E00031465",0,0,0
"E00031466",3,0,3
"E00031467",6,4,2
"E00031468",5,3,2
"E00031469",5,2,3
"E00031470",9,2,7
"E00031471",7,3,4
"E00031472",0,0,0
"E00031473",1,1,0
"E00031474",6,5,1
"E00031475",7,5,2
"E00031476",8,4,4
"E00031477",3,1,2
"E00031478",8,2,6
"E00031479",13,9,4
"E00031480",7,3,4
"E00031481",3,2,1
"E00031482",2,1,1
"E00031483",3,2,1
"E00031484",3,1,2
"E00031485",2,0,2
"E00031486",2,1,1
"E00031487",3,1,2
"E00031488",4,3,1
"E00031489",0,0,0
"E00031490",5,2,3
"E00031491",0,0,0
"E00031492",0,0,0
"E00031493",0,0,0
"E00031494",1,0,1
"E00031495",2,1,1
"E00031496",0,0,0
"E00031497",1,0,1
"E00031498",0,0,0
"E00031499",3,2,1
"E00031500",1,1,0
"E00031501",0,0,0
"E00031503",2,2,0
"E00031504",1,1,0
"E00031505",4,2,2
"E00031506",1,1,0
"E00031508",0,0,0
"E00031509",0,0,0
"E00031510",0,0,0
"E00031511",1,0,1
"E00031512",2,0,2
"E00031513",1,1,0
"E00031514",0,0,0
"E00031516",1,0,1
"E00031517",1,1,0
"E00031518",1,1,0
"E00031519",3,1,2
"E00031520",1,1,0
"E00031521",4,0,4
"E00031522",1,0,1
"E00031523",1,0,1
"E00031524",0,0,0
"E00031525",1,0,1
"E00031526",0,0,0
"E00031527",4,3,1
"E00031528",5,3,2
"E00031529",2,1,1
"E00031530",8,4,4
"E00031531",0,0,0
"E00031532",1,0,1
"E00031533",3,1,2
"E00031534",3,1,2
"E00031535",2,1,1
"E00031536",3,2,1
"E00031537",2,2,0
"E00031538",3,1,2
"E00031539",8,4,4
"E00031540",1,1,0
"E00031541",0,0,0
"E00031542",4,0,4
"E00031543",0,0,0
"E00031544",2,2,0
"E00031545",2,2,0
"E00031546",6,4,2
"E00031547",3,3,0
"E00031548",4,1,3
"E00031549",5,0,5
"E00031550",3,1,2
"E00031551",0,0,0
"E00031552",2,1,1
"E00031553",7,4,3
"E00031554",2,1,1
"E00031555",3,2,1
"E00031556",1,1,0
"E00031557",3,0,3
"E00031558",2,1,1
"E00031559",1,1,0
"E00031560",6,3,3
"E00031561",1,1,0
"E00031562",0,0,0
"E00031563",2,0,2
"E00031564",2,2,0
"E00031565",6,2,4
"E00031566",0,0,0
"E00031567",3,1,2
"E00031568",2,0,2
"E00031569",4,3,1
"E00031570",2,2,0
"E00031571",0,0,0
"E00031572",14,8,6
"E00031573",8,6,2
"E00031574",2,1,1
"E00031575",6,0,6
"E00031576",9,4,5
"E00031577",7,5,2
"E00031578",13,6,7
"E00031579",15,10,5
"E00031580",4,2,2
"E00031581",6,4,2
"E00031582",5,3,2
"E00031583",2,0,2
"E00031584",9,5,4
"E00031585",5,3,2
"E00031586",2,2,0
"E00031587",5,3,2
"E00031588",1,1,0
"E00031589",5,3,2
"E00031590",2,0,2
"E00031591",4,0,4
"E00031592",1,0,1
"E00031593",2,2,0
"E00031594",1,1,0
"E00031595",4,2,2
"E00031596",4,2,2
"E00031597",3,1,2
"E00031598",1,0,1
"E00031599",1,0,1
"E00031600",4,2,2
"E00031601",6,2,4
"E00031602",9,1,8
"E00031603",2,1,1
"E00031604",13,8,5
"E00031605",5,2,3
"E00031606",15,7,8
"E00031607",0,0,0
"E00031608",4,2,2
"E00031609",4,1,3
"E00031610",2,1,1
"E00031611",4,2,2
"E00031612",1,0,1
"E00031613",1,1,0
"E00031614",2,1,1
"E00031615",0,0,0
"E00031616",5,2,3
"E00031617",4,1,3
"E00031618",8,3,5
"E00031619",6,2,4
"E00031622",0,0,0
"E00031623",0,0,0
"E00031624",0,0,0
"E00031625",0,0,0
"E00031627",1,0,1
"E00031629",2,1,1
"E00031630",1,1,0
"E00031631",2,1,1
"E00031632",0,0,0
"E00031633",1,0,1
"E00031634",1,1,0
"E00031635",5,1,4
"E00031636",5,4,1
"E00031637",11,6,5
"E00031638",2,2,0
"E00031639",3,1,2
"E00031640",2,1,1
"E00031641",1,1,0
"E00031642",1,0,1
"E00031643",1,0,1
"E00031644",1,1,0
"E00031645",0,0,0
"E00031646",2,2,0
"E00031647",0,0,0
"E00031648",3,1,2
"E00031649",1,1,0
"E00031650",1,1,0
"E00031651",1,0,1
"E00031652",1,1,0
"E00031653",0,0,0
"E00031654",2,1,1
"E00031655",0,0,0
"E00031656",1,0,1
"E00031657",1,0,1
"E00031658",1,0,1
"E00031659",2,1,1
"E00031660",6,2,4
"E00031661",4,2,2
"E00031662",1,1,0
"E00031663",5,3,2
"E00031664",3,1,2
"E00031665",2,0,2
"E00031666",6,2,4
"E00031667",2,1,1
"E00031668",3,1,2
"E00031669",2,0,2
"E00031670",1,0,1
"E00031671",0,0,0
"E00031672",0,0,0
"E00031673",3,1,2
"E00031674",1,1,0
"E00031675",2,2,0
"E00031676",5,4,1
"E00031677",1,0,1
"E00031678",2,2,0
"E00031679",6,3,3
"E00031680",4,2,2
"E00031681",3,0,3
"E00031682",2,0,2
"E00031683",2,0,2
"E00031684",4,3,1
"E00031685",3,2,1
"E00031686",2,0,2
"E00031687",2,0,2
"E00031688",2,0,2
"E00031689",4,3,1
"E00031690",1,0,1
"E00031691",1,1,0
"E00031692",2,1,1
"E00031693",1,1,0
"E00031694",5,5,0
"E00031695",4,3,1
"E00031696",0,0,0
"E00031697",0,0,0
"E00031698",4,3,1
"E00031699",1,0,1
"E00031700",0,0,0
"E00031701",2,2,0
"E00031702",1,0,1
"E00031703",2,1,1
"E00031704",1,0,1
"E00031705",3,2,1
"E00031706",2,0,2
"E00031707",0,0,0
"E00031708",2,0,2
"E00031709",2,1,1
"E00031710",3,3,0
"E00031711",1,1,0
"E00031712",4,2,2
"E00031713",7,4,3
"E00031714",2,2,0
"E00031715",2,2,0
"E00031716",1,1,0
"E00031717",0,0,0
"E00031718",0,0,0
"E00031719",1,0,1
"E00031720",1,0,1
"E00031721",2,1,1
"E00031722",0,0,0
"E00031723",3,1,2
"E00031724",2,1,1
"E00031725",2,2,0
"E00031726",0,0,0
"E00031727",5,2,3
"E00031728",2,1,1
"E00031729",0,0,0
"E00031730",1,0,1
"E00031731",0,0,0
"E00031732",0,0,0
"E00031733",4,3,1
"E00031734",2,1,1
"E00031735",4,3,1
"E00031736",6,5,1
"E00031737",4,3,1
"E00031738",2,1,1
"E00031739",7,5,2
"E00031740",2,1,1
"E00031741",1,1,0
"E00031742",1,1,0
"E00031743",1,0,1
"E00031744",0,0,0
"E00031745",0,0,0
"E00031746",3,2,1
"E00031747",3,1,2
"E00031748",0,0,0
"E00031749",0,0,0
"E00031750",1,0,1
"E00031751",4,0,4
"E00031752",1,1,0
"E00031753",3,2,1
"E00031754",9,3,6
"E00031755",6,5,1
"E00031756",0,0,0
"E00031757",4,3,1
"E00031758",3,0,3
"E00031759",3,2,1
"E00031760",2,2,0
"E00031761",0,0,0
"E00031762",2,0,2
"E00031763",6,2,4
"E00031764",1,1,0
"E00031765",3,2,1
"E00031766",8,3,5
"E00031767",8,2,6
"E00031768",6,4,2
"E00031769",6,2,4
"E00031770",2,0,2
"E00031771",2,2,0
"E00031772",0,0,0
"E00031773",0,0,0
"E00031774",2,2,0
"E00031776",3,2,1
"E00031777",8,6,2
"E00031778",5,2,3
"E00031779",2,0,2
"E00031780",3,1,2
"E00031781",2,1,1
"E00031782",0,0,0
"E00031783",0,0,0
"E00031784",1,0,1
"E00031785",1,0,1
"E00031786",1,0,1
"E00031787",0,0,0
"E00031788",0,0,0
"E00031789",2,1,1
"E00031790",2,1,1
"E00031791",1,1,0
"E00031792",0,0,0
"E00031793",0,0,0
"E00031794",1,1,0
"E00031795",2,1,1
"E00031796",0,0,0
"E00031797",1,0,1
"E00031798",1,0,1
"E00031799",0,0,0
"E00031800",6,3,3
"E00031801",4,3,1
"E00031802",0,0,0
"E00031803",3,2,1
"E00031805",6,3,3
"E00031806",1,0,1
"E00031807",3,2,1
"E00031808",1,0,1
"E00031809",9,7,2
"E00031810",4,1,3
"E00031811",3,2,1
"E00031812",0,0,0
"E00031813",1,0,1
"E00031814",0,0,0
"E00031815",3,2,1
"E00031816",1,0,1
"E00031817",3,2,1
"E00031818",0,0,0
"E00031819",0,0,0
"E00031820",0,0,0
"E00031821",5,2,3
"E00031822",2,0,2
"E00031823",3,1,2
"E00031824",1,0,1
"E00031825",2,1,1
"E00031826",1,0,1
"E00031827",6,2,4
"E00031828",2,1,1
"E00031829",5,1,4
"E00031830",1,1,0
"E00031831",7,3,4
"E00031832",2,2,0
"E00031833",0,0,0
"E00031834",1,1,0
"E00031835",0,0,0
"E00031836",1,1,0
"E00031837",2,2,0
"E00031838",0,0,0
"E00031839",4,2,2
"E00031840",5,2,3
"E00031841",1,0,1
"E00031842",3,2,1
"E00031843",1,0,1
"E00031844",0,0,0
"E00031845",2,1,1
"E00031846",4,2,2
"E00031848",0,0,0
"E00031849",1,1,0
"E00031850",1,0,1
"E00031851",1,0,1
"E00031852",4,1,3
"E00031853",3,1,2
"E00031854",5,1,4
"E00031855",3,0,3
"E00031856",3,2,1
"E00031857",2,1,1
"E00031858",0,0,0
"E00031859",9,7,2
"E00031860",5,0,5
"E00031861",3,2,1
"E00031862",0,0,0
"E00031863",4,1,3
"E00031864",3,2,1
"E00031865",0,0,0
"E00031866",2,0,2
"E00031867",4,0,4
"E00031868",0,0,0
"E00031869",0,0,0
"E00031870",8,5,3
"E00031871",0,0,0
"E00031872",5,4,1
"E00031873",2,0,2
"E00031874",2,2,0
"E00031875",0,0,0
"E00031876",0,0,0
"E00031877",6,3,3
"E00031878",2,2,0
"E00031879",1,1,0
"E00031880",1,1,0
"E00031881",1,0,1
"E00031882",3,1,2
"E00031883",1,1,0
"E00031884",0,0,0
"E00031885",0,0,0
"E00031886",1,0,1
"E00031887",2,1,1
"E00031888",0,0,0
"E00031889",6,4,2
"E00031890",5,2,3
"E00031891",3,1,2
"E00031892",6,3,3
"E00031893",2,2,0
"E00031894",1,1,0
"E00031895",1,1,0
"E00031896",0,0,0
"E00031897",1,1,0
"E00031898",5,2,3
"E00031899",0,0,0
"E00031900",0,0,0
"E00031901",10,7,3
"E00031902",1,1,0
"E00031903",3,1,2
"E00031904",4,2,2
"E00031905",3,2,1
"E00031906",7,5,2
"E00031907",3,2,1
"E00031908",2,2,0
"E00031909",6,4,2
"E00031910",1,0,1
"E00031911",0,0,0
"E00031912",1,1,0
"E00031913",4,4,0
"E00031914",2,1,1
"E00031915",9,6,3
"E00031916",2,1,1
"E00031917",0,0,0
"E00031918",0,0,0
"E00031919",7,1,6
"E00031920",1,1,0
"E00031921",0,0,0
"E00031922",1,1,0
"E00031923",3,1,2
"E00031924",1,0,1
"E00031925",1,0,1
"E00031926",2,1,1
"E00031927",8,4,4
"E00031928",0,0,0
"E00031930",11,8,3
"E00031931",1,1,0
"E00031932",0,0,0
"E00031933",5,0,5
"E00031934",4,4,0
"E00031935",8,4,4
"E00031936",0,0,0
"E00031937",4,3,1
"E00031938",2,0,2
"E00031939",3,2,1
"E00031940",2,2,0
"E00031941",10,6,4
"E00031942",10,4,6
"E00031943",2,1,1
"E00031944",6,3,3
"E00031945",0,0,0
"E00031946",3,2,1
"E00031947",5,1,4
"E00031948",0,0,0
"E00031949",1,1,0
"E00031950",5,2,3
"E00031951",5,1,4
"E00031952",1,0,1
"E00031953",2,1,1
"E00031954",0,0,0
"E00031955",1,0,1
"E00031956",0,0,0
"E00031957",1,0,1
"E00031958",1,1,0
"E00031959",0,0,0
"E00031960",1,1,0
"E00031961",0,0,0
"E00031962",2,2,0
"E00031963",0,0,0
"E00031964",0,0,0
"E00031965",0,0,0
"E00031966",0,0,0
"E00031967",1,1,0
"E00031968",2,2,0
"E00031969",4,1,3
"E00031970",0,0,0
"E00031971",1,1,0
"E00031972",0,0,0
"E00031973",2,2,0
"E00031974",3,1,2
"E00031975",1,0,1
"E00031976",3,1,2
"E00031977",0,0,0
"E00031978",0,0,0
"E00031979",1,0,1
"E00031980",6,4,2
"E00031981",1,0,1
"E00031982",2,0,2
"E00031983",1,1,0
"E00031984",0,0,0
"E00031985",1,0,1
"E00031986",0,0,0
"E00031987",1,1,0
"E00031988",5,3,2
"E00031989",3,0,3
"E00031990",3,0,3
"E00031991",5,3,2
"E00031992",7,6,1
"E00031993",4,1,3
"E00031994",4,3,1
"E00031995",6,3,3
"E00031996",4,2,2
"E00031997",1,0,1
"E00031998",8,3,5
"E00031999",5,2,3
"E00032000",0,0,0
"E00032001",8,5,3
"E00032002",1,0,1
"E00032003",1,0,1
"E00032004",13,8,5
"E00032005",4,3,1
"E00032006",4,2,2
"E00032007",2,1,1
"E00032008",5,1,4
"E00032009",3,2,1
"E00032010",0,0,0
"E00032011",2,0,2
"E00032012",3,1,2
"E00032013",2,1,1
"E00032014",9,4,5
"E00032015",7,2,5
"E00032016",4,2,2
"E00032017",1,1,0
"E00032018",4,2,2
"E00032019",5,3,2
"E00032020",2,1,1
"E00032021",6,3,3
"E00032022",6,3,3
"E00032023",2,2,0
"E00032024",2,0,2
"E00032025",5,3,2
"E00032026",4,2,2
"E00032027",0,0,0
"E00032028",0,0,0
"E00032029",0,0,0
"E00032030",2,1,1
"E00032031",5,3,2
"E00032032",5,1,4
"E00032033",2,1,1
"E00032034",1,0,1
"E00032035",2,1,1
"E00032036",3,2,1
"E00032037",5,1,4
"E00032038",1,0,1
"E00032039",3,1,2
"E00032040",2,1,1
"E00032041",4,3,1
"E00032042",0,0,0
"E00032043",2,1,1
"E00032044",0,0,0
"E00032045",3,3,0
"E00032046",1,1,0
"E00032047",0,0,0
"E00032048",3,3,0
"E00032049",2,2,0
"E00032050",0,0,0
"E00032051",3,1,2
"E00032052",1,0,1
"E00032053",0,0,0
"E00032054",0,0,0
"E00032055",2,1,1
"E00032056",1,1,0
"E00032057",0,0,0
"E00032058",1,0,1
"E00032059",1,1,0
"E00032060",0,0,0
"E00032062",4,1,3
"E00032063",0,0,0
"E00032064",0,0,0
"E00032065",2,2,0
"E00032066",1,0,1
"E00032067",0,0,0
"E00032068",7,5,2
"E00032069",3,2,1
"E00032070",2,1,1
"E00032071",0,0,0
"E00032072",0,0,0
"E00032073",3,2,1
"E00032074",2,2,0
"E00032075",2,0,2
"E00032076",0,0,0
"E00032077",3,1,2
"E00032078",4,3,1
"E00032079",1,1,0
"E00032080",5,3,2
"E00032081",2,1,1
"E00032082",4,2,2
"E00032083",1,0,1
"E00032084",0,0,0
"E00032085",5,3,2
"E00032086",8,3,5
"E00032087",2,1,1
"E00032088",2,2,0
"E00032089",6,3,3
"E00032090",2,0,2
"E00032091",4,1,3
"E00032092",2,1,1
"E00032094",1,0,1
"E00032095",6,1,5
"E00032096",2,1,1
"E00032097",1,0,1
"E00032098",1,0,1
"E00032099",0,0,0
"E00032100",2,1,1
"E00032101",3,3,0
"E00032102",1,1,0
"E00032103",1,1,0
"E00032104",2,2,0
"E00032105",4,1,3
"E00032106",2,1,1
"E00032107",4,4,0
"E00032108",0,0,0
"E00032109",4,0,4
"E00032110",1,0,1
"E00032111",4,3,1
"E00032112",5,4,1
"E00032113",3,1,2
"E00032114",0,0,0
"E00032115",3,0,3
"E00032116",3,1,2
"E00032117",0,0,0
"E00032118",5,2,3
"E00032119",0,0,0
"E00032120",1,1,0
"E00032121",0,0,0
"E00032122",2,2,0
"E00032123",6,4,2
"E00032124",2,2,0
"E00032125",0,0,0
"E00032126",2,2,0
"E00032127",1,0,1
"E00032128",4,2,2
"E00032129",2,1,1
"E00032130",5,1,4
"E00032131",7,3,4
"E00032132",6,5,1
"E00032133",6,6,0
"E00032134",0,0,0
"E00032135",3,2,1
"E00032136",7,4,3
"E00032137",4,4,0
"E00032138",1,1,0
"E00032139",2,1,1
"E00032140",6,3,3
"E00032141",1,0,1
"E00032142",7,3,4
"E00032143",3,2,1
"E00032144",6,1,5
"E00032145",5,2,3
"E00032146",4,2,2
"E00032147",1,1,0
"E00032148",3,3,0
"E00032149",1,0,1
"E00032150",0,0,0
"E00032151",1,0,1
"E00032152",3,1,2
"E00032153",4,1,3
"E00032154",1,0,1
"E00032155",1,0,1
"E00032156",2,1,1
"E00032157",7,3,4
"E00032158",0,0,0
"E00032159",4,2,2
"E00032160",0,0,0
"E00032161",3,2,1
"E00032162",0,0,0
"E00032163",2,1,1
"E00032164",1,1,0
"E00032165",1,1,0
"E00032166",4,2,2
"E00032167",6,3,3
"E00032168",0,0,0
"E00032169",6,2,4
"E00032170",7,3,4
"E00032171",1,1,0
"E00032172",5,5,0
"E00032173",0,0,0
"E00032174",2,1,1
"E00032175",9,4,5
"E00032176",0,0,0
"E00032177",1,1,0
"E00032178",0,0,0
"E00032179",0,0,0
"E00032180",2,1,1
"E00032181",3,0,3
"E00032182",1,1,0
"E00032183",3,0,3
"E00032184",1,0,1
"E00032185",0,0,0
"E00032186",2,2,0
"E00032187",1,0,1
"E00032188",3,3,0
"E00032189",2,2,0
"E00032190",4,1,3
"E00032191",3,0,3
"E00032192",2,0,2
"E00032193",1,0,1
"E00032194",6,2,4
"E00032195",1,0,1
"E00032196",1,0,1
"E00032197",1,0,1
"E00032198",1,0,1
"E00032200",2,1,1
"E00032201",2,1,1
"E00032202",0,0,0
"E00032203",1,1,0
"E00032204",0,0,0
"E00032205",3,2,1
"E00032206",0,0,0
"E00032207",2,2,0
"E00032208",0,0,0
"E00032209",0,0,0
"E00032210",1,0,1
"E00032211",1,1,0
"E00032212",2,1,1
"E00032213",0,0,0
"E00032214",1,0,1
"E00032215",0,0,0
"E00032216",2,1,1
"E00032217",1,0,1
"E00032218",2,0,2
"E00032219",0,0,0
"E00032220",3,2,1
"E00032221",0,0,0
"E00032222",0,0,0
"E00032223",1,0,1
"E00032224",1,0,1
"E00032225",0,0,0
"E00032226",0,0,0
"E00032227",1,0,1
"E00032228",2,1,1
"E00032229",0,0,0
"E00032230",1,1,0
"E00032231",4,1,3
"E00032232",0,0,0
"E00032233",1,1,0
"E00032234",0,0,0
"E00032235",0,0,0
"E00032236",1,1,0
"E00032237",0,0,0
"E00032238",3,0,3
"E00032239",0,0,0
"E00032240",0,0,0
"E00032241",0,0,0
"E00032242",0,0,0
"E00032243",2,1,1
"E00032244",0,0,0
"E00032245",0,0,0
"E00032246",1,1,0
"E00032247",8,4,4
"E00032248",3,1,2
"E00032249",0,0,0
"E00032250",3,0,3
"E00032251",4,3,1
"E00032252",1,1,0
"E00032253",6,5,1
"E00032254",2,1,1
"E00032255",1,0,1
"E00032256",2,2,0
"E00032257",3,2,1
"E00032258",2,0,2
"E00032259",1,0,1
"E00032261",0,0,0
"E00032262",6,4,2
"E00032263",4,2,2
"E00032264",4,3,1
"E00032265",5,3,2
"E00032266",8,7,1
"E00032267",1,1,0
"E00032268",1,0,1
"E00032269",7,3,4
"E00032270",2,2,0
"E00032271",5,3,2
"E00032272",1,0,1
"E00032273",6,4,2
"E00032274",3,2,1
"E00032275",1,1,0
"E00032276",3,1,2
"E00032277",4,1,3
"E00032278",1,1,0
"E00032279",1,1,0
"E00032280",0,0,0
"E00032281",3,3,0
"E00032282",0,0,0
"E00032283",1,0,1
"E00032284",5,3,2
"E00032285",0,0,0
"E00032286",5,4,1
"E00032287",6,4,2
"E00032288",7,3,4
"E00032289",4,1,3
"E00032290",3,1,2
"E00032291",2,1,1
"E00032292",4,2,2
"E00032293",7,4,3
"E00032294",5,4,1
"E00032295",4,2,2
"E00032296",6,1,5
"E00032297",2,1,1
"E00032298",6,1,5
"E00032299",2,0,2
"E00032300",5,3,2
"E00032301",2,2,0
"E00032302",0,0,0
"E00032303",4,0,4
"E00032304",0,0,0
"E00032305",11,6,5
"E00032306",5,3,2
"E00032307",4,1,3
"E00032308",3,3,0
"E00032309",5,3,2
"E00032310",0,0,0
"E00032311",0,0,0
"E00032312",1,0,1
"E00032313",2,1,1
"E00032314",4,2,2
"E00032315",13,4,9
"E00032316",4,1,3
"E00032317",5,1,4
"E00032318",5,3,2
"E00032319",18,5,13
"E00032320",9,5,4
"E00032321",1,1,0
"E00032322",5,2,3
"E00032323",6,4,2
"E00032324",8,2,6
"E00032325",1,0,1
"E00032326",3,1,2
"E00032327",9,5,4
"E00032328",9,4,5
"E00032329",6,2,4
"E00032330",5,2,3
"E00032331",4,1,3
"E00032332",1,1,0
"E00032333",8,3,5
"E00032334",0,0,0
"E00032335",9,4,5
"E00032336",0,0,0
"E00032337",4,1,3
"E00032338",4,0,4
"E00032339",2,2,0
"E00032340",1,1,0
"E00032341",1,1,0
"E00032342",3,1,2
"E00032343",8,6,2
"E00032344",1,0,1
"E00032345",2,1,1
"E00032346",0,0,0
"E00032347",1,1,0
"E00032348",2,1,1
"E00032349",9,5,4
"E00032350",3,0,3
"E00032351",0,0,0
"E00032352",0,0,0
"E00032353",5,1,4
"E00032354",7,6,1
"E00032355",2,0,2
"E00032356",1,0,1
"E00032357",4,2,2
"E00032358",1,0,1
"E00032359",0,0,0
"E00032360",6,2,4
"E00032361",4,2,2
"E00032362",2,1,1
"E00032363",3,0,3
"E00032364",1,0,1
"E00032365",2,1,1
"E00032366",1,1,0
"E00032367",0,0,0
"E00032368",2,1,1
"E00032369",0,0,0
"E00032370",0,0,0
"E00032371",4,3,1
"E00032372",3,3,0
"E00032373",2,1,1
"E00032374",0,0,0
"E00032375",1,0,1
"E00032376",0,0,0
"E00032377",2,2,0
"E00032378",7,3,4
"E00032379",1,0,1
"E00032380",0,0,0
"E00032381",3,0,3
"E00032382",0,0,0
"E00032383",0,0,0
"E00032384",4,0,4
"E00032385",0,0,0
"E00032386",0,0,0
"E00032387",0,0,0
"E00032388",1,1,0
"E00032389",2,2,0
"E00032390",1,1,0
"E00032391",0,0,0
"E00032392",1,0,1
"E00032393",1,1,0
"E00032394",1,1,0
"E00032395",1,1,0
"E00032396",0,0,0
"E00032397",3,0,3
"E00032398",2,1,1
"E00032399",4,2,2
"E00032400",6,2,4
"E00032401",5,3,2
"E00032402",4,2,2
"E00032403",1,1,0
"E00032404",1,1,0
"E00032405",5,2,3
"E00032406",0,0,0
"E00032407",4,3,1
"E00032408",2,1,1
"E00032409",3,1,2
"E00032410",4,2,2
"E00032411",1,0,1
"E00032412",1,1,0
"E00032413",2,1,1
"E00032414",0,0,0
"E00032415",1,1,0
"E00032416",3,1,2
"E00032417",3,2,1
"E00032418",2,1,1
"E00032419",0,0,0
"E00032420",1,0,1
"E00032421",2,1,1
"E00032422",0,0,0
"E00032423",4,3,1
"E00032424",9,3,6
"E00032426",2,0,2
"E00032427",5,3,2
"E00032428",1,1,0
"E00032429",2,2,0
"E00032430",0,0,0
"E00032431",0,0,0
"E00032432",1,0,1
"E00032433",0,0,0
"E00032434",2,1,1
"E00032435",1,0,1
"E00032436",0,0,0
"E00032437",1,1,0
"E00032438",2,1,1
"E00032439",2,1,1
"E00032440",1,1,0
"E00032441",7,3,4
"E00032442",0,0,0
"E00032443",5,1,4
"E00032444",5,2,3
"E00032445",3,0,3
"E00032446",2,1,1
"E00032447",1,1,0
"E00032448",5,3,2
"E00032449",3,2,1
"E00032450",5,2,3
"E00032451",4,1,3
"E00032452",2,0,2
"E00032453",1,1,0
"E00032454",1,1,0
"E00032455",2,1,1
"E00032456",3,1,2
"E00032457",5,1,4
"E00032458",3,1,2
"E00032459",2,2,0
"E00032460",10,3,7
"E00032461",3,2,1
"E00032462",0,0,0
"E00032463",1,0,1
"E00032464",2,1,1
"E00032465",0,0,0
"E00032466",6,3,3
"E00032467",1,0,1
"E00032468",0,0,0
"E00032469",1,0,1
"E00032470",0,0,0
"E00032471",0,0,0
"E00032472",4,2,2
"E00032473",0,0,0
"E00032474",3,1,2
"E00032475",0,0,0
"E00032476",0,0,0
"E00032477",1,0,1
"E00032478",2,0,2
"E00032479",2,1,1
"E00032480",3,2,1
"E00032481",3,2,1
"E00032482",2,0,2
"E00032483",2,1,1
"E00032484",0,0,0
"E00032485",2,0,2
"E00032486",0,0,0
"E00032487",2,0,2
"E00032488",0,0,0
"E00032489",5,3,2
"E00032490",2,1,1
"E00032491",0,0,0
"E00032492",1,0,1
"E00032493",3,0,3
"E00032494",6,2,4
"E00032495",2,2,0
"E00032496",4,2,2
"E00032497",6,2,4
"E00032498",2,2,0
"E00032499",2,1,1
"E00032500",0,0,0
"E00032501",0,0,0
"E00032502",1,0,1
"E00032504",3,2,1
"E00032505",0,0,0
"E00032506",0,0,0
"E00032507",0,0,0
"E00032508",1,1,0
"E00032510",0,0,0
"E00032511",1,0,1
"E00032512",0,0,0
"E00032513",1,0,1
"E00032514",0,0,0
"E00032515",1,0,1
"E00032516",0,0,0
"E00032517",1,1,0
"E00032518",0,0,0
"E00032519",1,1,0
"E00032520",1,1,0
"E00032521",1,0,1
"E00032522",0,0,0
"E00032523",0,0,0
"E00032524",0,0,0
"E00032525",4,4,0
"E00032526",1,1,0
"E00032527",0,0,0
"E00032528",0,0,0
"E00032529",0,0,0
"E00032530",2,1,1
"E00032531",0,0,0
"E00032532",0,0,0
"E00032533",0,0,0
"E00032534",1,1,0
"E00032536",5,3,2
"E00032537",9,5,4
"E00032538",3,2,1
"E00032539",9,3,6
"E00032540",2,2,0
"E00032541",0,0,0
"E00032542",0,0,0
"E00032543",1,0,1
"E00032544",1,0,1
"E00032545",2,0,2
"E00032546",0,0,0
"E00032547",3,2,1
"E00032548",2,2,0
"E00032549",1,1,0
"E00032550",2,1,1
"E00032551",2,2,0
"E00032552",1,1,0
"E00032553",2,2,0
"E00032554",6,2,4
"E00032555",2,1,1
"E00032557",0,0,0
"E00032558",3,1,2
"E00032559",0,0,0
"E00032560",3,1,2
"E00032561",5,2,3
"E00032562",3,3,0
"E00032563",4,2,2
"E00032564",0,0,0
"E00032565",5,1,4
"E00032566",4,3,1
"E00032567",6,2,4
"E00032568",0,0,0
"E00032569",3,3,0
"E00032570",0,0,0
"E00032571",1,0,1
"E00032572",0,0,0
"E00032573",1,0,1
"E00032574",3,2,1
"E00032575",1,0,1
"E00032576",0,0,0
"E00032577",1,0,1
"E00032578",1,1,0
"E00032579",2,1,1
"E00032580",0,0,0
"E00032581",1,1,0
"E00032582",1,0,1
"E00032583",0,0,0
"E00032584",0,0,0
"E00032585",3,2,1
"E00032586",1,0,1
"E00032587",1,0,1
"E00032588",2,1,1
"E00032589",3,2,1
"E00032590",2,0,2
"E00032591",0,0,0
"E00032592",3,1,2
"E00032593",5,2,3
"E00032594",0,0,0
"E00032595",0,0,0
"E00032596",1,0,1
"E00032597",2,2,0
"E00032598",2,1,1
"E00032599",0,0,0
"E00032600",1,1,0
"E00032601",1,0,1
"E00032602",0,0,0
"E00032603",0,0,0
"E00032604",2,1,1
"E00032605",1,1,0
"E00032606",5,4,1
"E00032607",0,0,0
"E00032608",1,0,1
"E00032609",1,0,1
"E00032610",1,1,0
"E00032611",0,0,0
"E00032612",0,0,0
"E00032613",2,1,1
"E00032614",1,1,0
"E00032615",0,0,0
"E00032616",0,0,0
"E00032617",2,0,2
"E00032618",1,0,1
"E00032619",1,0,1
"E00032620",0,0,0
"E00032621",2,0,2
"E00032622",0,0,0
"E00032623",0,0,0
"E00032624",2,2,0
"E00032625",0,0,0
"E00032626",0,0,0
"E00032627",0,0,0
"E00032628",1,0,1
"E00032629",5,2,3
"E00032630",7,7,0
"E00032631",6,1,5
"E00032632",2,0,2
"E00032633",0,0,0
"E00032634",4,3,1
"E00032635",0,0,0
"E00032636",4,1,3
"E00032637",3,2,1
"E00032639",6,4,2
"E00032640",1,1,0
"E00032641",2,0,2
"E00032644",0,0,0
"E00032645",0,0,0
"E00032646",1,0,1
"E00032647",1,0,1
"E00032648",4,2,2
"E00032649",1,1,0
"E00032650",0,0,0
"E00032651",5,0,5
"E00032652",1,0,1
"E00032653",0,0,0
"E00032654",1,0,1
"E00032656",1,0,1
"E00032657",0,0,0
"E00032659",0,0,0
"E00032660",0,0,0
"E00032661",1,1,0
"E00032662",0,0,0
"E00032663",2,2,0
"E00032664",1,0,1
"E00032665",1,0,1
"E00032666",2,2,0
"E00032667",1,0,1
"E00032668",1,0,1
"E00032669",0,0,0
"E00032670",0,0,0
"E00032671",0,0,0
"E00032672",0,0,0
"E00032673",1,0,1
"E00032674",1,0,1
"E00032675",0,0,0
"E00032676",1,1,0
"E00032677",1,1,0
"E00032678",3,3,0
"E00032679",2,2,0
"E00032680",0,0,0
"E00032681",1,0,1
"E00032682",0,0,0
"E00032683",0,0,0
"E00032684",1,0,1
"E00032685",1,0,1
"E00032686",1,1,0
"E00032687",4,3,1
"E00032688",0,0,0
"E00032689",0,0,0
"E00032690",1,1,0
"E00032691",3,2,1
"E00032692",3,2,1
"E00032693",1,0,1
"E00032694",0,0,0
"E00032695",0,0,0
"E00032696",1,1,0
"E00032697",2,1,1
"E00032698",1,0,1
"E00032699",1,1,0
"E00032700",1,1,0
"E00032701",0,0,0
"E00032702",1,1,0
"E00032703",1,0,1
"E00032704",0,0,0
"E00032705",1,0,1
"E00032706",1,1,0
"E00032707",0,0,0
"E00032708",0,0,0
"E00032709",3,1,2
"E00032710",0,0,0
"E00032711",0,0,0
"E00032712",0,0,0
"E00032713",2,0,2
"E00032714",1,0,1
"E00032715",1,1,0
"E00032716",0,0,0
"E00032717",3,1,2
"E00032718",1,0,1
"E00032719",2,2,0
"E00032720",3,1,2
"E00032721",0,0,0
"E00032722",0,0,0
"E00032723",3,2,1
"E00032724",1,1,0
"E00032725",1,0,1
"E00032726",2,1,1
"E00032727",5,0,5
"E00032728",2,2,0
"E00032729",3,1,2
"E00032730",1,0,1
"E00032731",0,0,0
"E00032732",0,0,0
"E00032733",0,0,0
"E00032734",1,1,0
"E00032735",3,1,2
"E00032736",3,1,2
"E00032737",4,2,2
"E00032738",0,0,0
"E00032739",3,2,1
"E00032740",0,0,0
"E00032741",3,1,2
"E00032742",0,0,0
"E00032743",4,3,1
"E00032744",1,1,0
"E00032745",3,2,1
"E00032746",3,2,1
"E00032747",8,6,2
"E00032748",5,2,3
"E00032749",0,0,0
"E00032750",0,0,0
"E00032751",1,1,0
"E00032752",4,3,1
"E00032753",3,1,2
"E00032754",2,2,0
"E00032755",8,2,6
"E00032756",3,1,2
"E00032757",1,1,0
"E00032758",3,1,2
"E00032759",5,1,4
"E00032760",1,1,0
"E00032761",1,1,0
"E00032762",0,0,0
"E00032763",4,1,3
"E00032764",1,1,0
"E00032765",3,3,0
"E00032766",0,0,0
"E00032767",2,2,0
"E00032768",2,1,1
"E00032769",2,1,1
"E00032771",0,0,0
"E00032772",3,0,3
"E00032773",1,0,1
"E00032774",1,0,1
"E00032775",1,1,0
"E00032776",0,0,0
"E00032777",2,1,1
"E00032778",0,0,0
"E00032779",0,0,0
"E00032780",0,0,0
"E00032782",1,0,1
"E00032783",0,0,0
"E00032784",0,0,0
"E00032785",0,0,0
"E00032787",1,1,0
"E00032790",0,0,0
"E00032791",1,1,0
"E00032792",4,1,3
"E00032793",3,1,2
"E00032795",2,1,1
"E00032796",4,2,2
"E00032797",0,0,0
"E00032798",7,3,4
"E00032799",2,2,0
"E00032800",2,1,1
"E00032801",4,2,2
"E00032802",6,3,3
"E00032803",6,3,3
"E00032804",2,1,1
"E00032805",3,3,0
"E00032806",8,4,4
"E00032807",0,0,0
"E00032808",7,5,2
"E00032809",4,2,2
"E00032810",5,3,2
"E00032811",2,2,0
"E00032812",6,6,0
"E00032813",3,2,1
"E00032814",2,1,1
"E00032815",3,2,1
"E00032816",1,1,0
"E00032817",5,0,5
"E00032818",1,0,1
"E00032819",0,0,0
"E00032820",7,3,4
"E00032821",1,1,0
"E00032822",2,2,0
"E00032823",1,1,0
"E00032824",2,2,0
"E00032825",1,0,1
"E00032826",1,1,0
"E00032827",0,0,0
"E00032828",2,1,1
"E00032829",4,1,3
"E00032830",0,0,0
"E00032831",0,0,0
"E00032832",2,0,2
"E00032833",2,0,2
"E00032834",0,0,0
"E00032835",3,2,1
"E00032836",1,0,1
"E00032837",2,1,1
"E00032838",3,2,1
"E00032839",0,0,0
"E00032840",0,0,0
"E00032841",0,0,0
"E00032842",0,0,0
"E00032843",2,1,1
"E00032844",2,2,0
"E00032845",0,0,0
"E00032846",2,1,1
"E00032847",1,1,0
"E00032848",2,1,1
"E00032849",0,0,0
"E00032850",0,0,0
"E00032851",6,4,2
"E00032852",3,1,2
"E00032853",1,1,0
"E00032854",0,0,0
"E00032855",0,0,0
"E00032856",2,0,2
"E00032857",5,1,4
"E00032858",0,0,0
"E00032859",1,0,1
"E00032860",0,0,0
"E00032861",0,0,0
"E00032862",1,1,0
"E00032863",0,0,0
"E00032864",2,1,1
"E00032865",5,2,3
"E00032866",0,0,0
"E00032867",3,1,2
"E00032868",1,1,0
"E00032869",0,0,0
"E00032870",4,2,2
"E00032871",3,1,2
"E00032872",4,2,2
"E00032873",0,0,0
"E00032874",1,0,1
"E00032875",0,0,0
"E00032876",0,0,0
"E00032877",1,0,1
"E00032878",2,2,0
"E00032879",3,0,3
"E00032880",4,2,2
"E00032881",2,0,2
"E00032882",1,0,1
"E00032883",0,0,0
"E00032884",3,0,3
"E00032885",3,1,2
"E00032886",3,2,1
"E00032887",2,2,0
"E00032889",0,0,0
"E00032890",0,0,0
"E00032891",0,0,0
"E00032893",3,2,1
"E00032894",0,0,0
"E00032895",0,0,0
"E00032896",0,0,0
"E00032897",1,0,1
"E00032898",0,0,0
"E00032899",1,1,0
"E00032900",1,0,1
"E00032902",2,1,1
"E00032903",1,0,1
"E00032904",2,1,1
"E00032905",2,1,1
"E00032906",0,0,0
"E00032907",0,0,0
"E00032908",0,0,0
"E00032910",3,2,1
"E00032911",3,0,3
"E00032912",7,3,4
"E00032913",9,1,8
"E00032914",0,0,0
"E00032915",2,0,2
"E00032916",2,2,0
"E00032917",4,1,3
"E00032918",0,0,0
"E00032919",2,1,1
"E00032920",2,0,2
"E00032921",1,0,1
"E00032922",3,2,1
"E00032923",4,1,3
"E00032924",3,2,1
"E00032925",5,3,2
"E00032926",1,0,1
"E00032927",1,1,0
"E00032928",2,2,0
"E00032929",1,0,1
"E00032930",1,1,0
"E00032931",2,1,1
"E00032932",0,0,0
"E00032933",3,1,2
"E00032934",2,1,1
"E00032935",5,3,2
"E00032936",0,0,0
"E00032937",3,2,1
"E00032938",4,3,1
"E00032939",0,0,0
"E00032940",0,0,0
"E00032941",0,0,0
"E00032942",0,0,0
"E00032943",2,0,2
"E00032944",0,0,0
"E00032945",2,1,1
"E00032946",6,2,4
"E00032947",0,0,0
"E00032948",1,0,1
"E00032949",1,1,0
"E00032950",4,0,4
"E00032951",0,0,0
"E00032952",0,0,0
"E00032953",1,0,1
"E00032954",1,1,0
"E00032955",0,0,0
"E00032956",0,0,0
"E00032957",0,0,0
"E00032958",2,1,1
"E00032959",0,0,0
"E00032960",1,0,1
"E00032961",2,2,0
"E00032962",0,0,0
"E00032963",2,1,1
"E00032964",1,1,0
"E00032965",0,0,0
"E00032966",0,0,0
"E00032967",0,0,0
"E00032968",0,0,0
"E00032969",1,1,0
"E00032970",1,1,0
"E00032971",4,0,4
"E00032972",0,0,0
"E00032973",4,3,1
"E00032974",1,1,0
"E00032975",2,1,1
"E00032976",0,0,0
"E00032977",0,0,0
"E00032978",1,0,1
"E00032979",0,0,0
"E00032980",2,0,2
"E00032981",0,0,0
"E00032982",2,1,1
"E00032983",0,0,0
"E00032984",0,0,0
"E00032987",1,0,1
"E00032988",1,0,1
"E00032989",1,0,1
"E00032990",0,0,0
"E00032991",0,0,0
"E00032992",0,0,0
"E00032993",2,1,1
"E00032994",0,0,0
"E00032995",0,0,0
"E00032996",3,1,2
"E00032997",0,0,0
"E00032998",0,0,0
"E00032999",2,0,2
"E00033000",3,2,1
"E00033002",0,0,0
"E00033004",4,2,2
"E00033005",6,0,6
"E00033006",1,0,1
"E00033007",1,1,0
"E00033008",2,1,1
"E00033012",2,1,1
"E00033013",4,2,2
"E00033015",0,0,0
"E00033016",8,4,4
"E00033018",4,3,1
"E00033019",2,1,1
"E00033020",0,0,0
"E00033021",1,0,1
"E00033023",7,4,3
"E00033024",3,0,3
"E00033025",0,0,0
"E00033026",3,1,2
"E00033027",0,0,0
"E00033029",1,0,1
"E00033030",9,3,6
"E00033031",4,1,3
"E00033032",0,0,0
"E00033033",0,0,0
"E00033034",0,0,0
"E00033035",1,1,0
"E00033036",4,2,2
"E00033037",1,0,1
"E00033038",1,0,1
"E00033040",0,0,0
"E00033041",4,4,0
"E00033042",2,1,1
"E00033043",2,2,0
"E00033044",3,1,2
"E00033045",1,1,0
"E00033046",1,1,0
"E00033047",2,1,1
"E00033048",4,2,2
"E00033049",2,1,1
"E00033050",10,7,3
"E00033051",3,1,2
"E00033052",4,2,2
"E00033053",1,1,0
"E00033054",2,1,1
"E00033055",6,3,3
"E00033056",0,0,0
"E00033057",1,0,1
"E00033059",0,0,0
"E00033060",1,0,1
"E00033061",2,1,1
"E00033062",6,3,3
"E00033063",13,4,9
"E00033064",2,1,1
"E00033065",11,8,3
"E00033066",0,0,0
"E00033067",0,0,0
"E00033068",0,0,0
"E00033069",0,0,0
"E00033070",0,0,0
"E00033071",2,1,1
"E00033072",2,0,2
"E00033073",0,0,0
"E00033074",0,0,0
"E00033075",0,0,0
"E00033076",5,3,2
"E00033077",1,1,0
"E00033078",2,0,2
"E00033079",0,0,0
"E00033080",0,0,0
"E00033081",0,0,0
"E00033082",8,3,5
"E00033083",13,5,8
"E00033084",1,0,1
"E00033085",7,3,4
"E00033086",5,3,2
"E00033087",3,2,1
"E00033088",2,1,1
"E00033089",5,1,4
"E00033090",3,1,2
"E00033091",4,3,1
"E00033092",2,1,1
"E00033093",1,1,0
"E00033094",2,1,1
"E00033095",9,5,4
"E00033096",2,1,1
"E00033097",3,2,1
"E00033098",3,2,1
"E00033099",2,1,1
"E00033100",0,0,0
"E00033101",0,0,0
"E00033102",0,0,0
"E00033103",1,0,1
"E00033104",2,2,0
"E00033105",1,0,1
"E00033106",1,0,1
"E00033107",12,7,5
"E00033108",2,1,1
"E00033109",6,6,0
"E00033110",2,1,1
"E00033112",16,8,8
"E00033113",5,2,3
"E00033114",9,7,2
"E00033115",0,0,0
"E00033116",0,0,0
"E00033117",6,1,5
"E00033118",2,1,1
"E00033119",2,1,1
"E00033120",3,1,2
"E00033121",1,1,0
"E00033122",3,3,0
"E00033123",1,0,1
"E00033124",11,6,5
"E00033125",0,0,0
"E00033126",6,3,3
"E00033127",4,2,2
"E00033128",1,0,1
"E00033129",3,1,2
"E00033130",10,6,4
"E00033131",0,0,0
"E00033132",2,2,0
"E00033133",0,0,0
"E00033134",0,0,0
"E00033135",1,1,0
"E00033136",1,1,0
"E00033137",0,0,0
"E00033138",0,0,0
"E00033139",2,2,0
"E00033140",1,0,1
"E00033141",0,0,0
"E00033142",0,0,0
"E00033143",0,0,0
"E00033144",2,0,2
"E00033145",0,0,0
"E00033146",1,0,1
"E00033147",0,0,0
"E00033148",0,0,0
"E00033149",2,1,1
"E00033150",0,0,0
"E00033151",1,1,0
"E00033152",0,0,0
"E00033153",1,0,1
"E00033154",1,0,1
"E00033155",2,1,1
"E00033156",0,0,0
"E00033157",1,0,1
"E00033158",2,1,1
"E00033159",0,0,0
"E00033160",1,0,1
"E00033161",0,0,0
"E00033162",0,0,0
"E00033163",0,0,0
"E00033164",2,1,1
"E00033165",1,0,1
"E00033166",0,0,0
"E00033167",1,1,0
"E00033168",1,0,1
"E00033169",1,0,1
"E00033170",2,0,2
"E00033171",1,1,0
"E00033172",0,0,0
"E00033173",0,0,0
"E00033174",0,0,0
"E00033175",0,0,0
"E00033176",1,1,0
"E00033177",4,3,1
"E00033178",1,0,1
"E00033179",4,2,2
"E00033181",6,2,4
"E00033182",2,1,1
"E00033183",10,5,5
"E00033185",3,3,0
"E00033186",5,4,1
"E00033187",2,2,0
"E00033188",3,0,3
"E00033189",2,1,1
"E00033190",2,1,1
"E00033191",2,1,1
"E00033192",2,1,1
"E00033193",2,1,1
"E00033194",4,3,1
"E00033195",1,0,1
"E00033196",0,0,0
"E00033197",0,0,0
"E00033198",5,3,2
"E00033199",0,0,0
"E00033200",0,0,0
"E00033201",1,0,1
"E00033202",2,1,1
"E00033203",2,0,2
"E00033204",0,0,0
"E00033206",15,7,8
"E00033207",0,0,0
"E00033208",3,3,0
"E00033209",7,6,1
"E00033210",2,0,2
"E00033211",5,5,0
"E00033212",1,0,1
"E00033213",6,6,0
"E00033214",3,1,2
"E00033215",2,1,1
"E00033216",0,0,0
"E00033217",2,1,1
"E00033218",8,6,2
"E00033219",3,0,3
"E00033220",0,0,0
"E00033221",0,0,0
"E00033222",0,0,0
"E00033223",0,0,0
"E00033224",0,0,0
"E00033225",0,0,0
"E00033226",0,0,0
"E00033227",0,0,0
"E00033228",0,0,0
"E00033229",1,0,1
"E00033230",0,0,0
"E00033231",1,1,0
"E00033235",1,0,1
"E00033237",0,0,0
"E00033238",4,2,2
"E00033242",3,0,3
"E00033245",3,0,3
"E00033246",7,3,4
"E00033247",1,1,0
"E00033248",0,0,0
"E00033249",0,0,0
"E00033250",0,0,0
"E00033251",0,0,0
"E00033252",1,0,1
"E00033253",2,1,1
"E00033254",2,1,1
"E00033255",0,0,0
"E00033256",2,0,2
"E00033257",0,0,0
"E00033258",0,0,0
"E00033259",0,0,0
"E00033260",1,1,0
"E00033261",1,1,0
"E00033262",1,1,0
"E00033263",0,0,0
"E00033264",0,0,0
"E00033265",0,0,0
"E00033266",2,1,1
"E00033267",1,1,0
"E00033268",3,2,1
"E00033269",1,1,0
"E00033270",4,2,2
"E00033271",6,2,4
"E00033272",6,4,2
"E00033274",0,0,0
"E00033275",2,1,1
"E00033276",4,1,3
"E00033277",1,0,1
"E00033278",0,0,0
"E00033279",4,2,2
"E00033281",3,1,2
"E00033282",1,0,1
"E00033283",1,0,1
"E00033284",1,1,0
"E00033285",3,2,1
"E00033286",3,2,1
"E00033287",0,0,0
"E00033288",1,1,0
"E00033289",0,0,0
"E00033290",1,0,1
"E00033291",3,1,2
"E00033292",0,0,0
"E00033293",1,0,1
"E00033294",1,0,1
"E00033295",1,1,0
"E00033296",1,1,0
"E00033297",1,1,0
"E00033298",0,0,0
"E00033299",3,2,1
"E00033300",0,0,0
"E00033301",1,0,1
"E00033302",3,2,1
"E00033304",1,0,1
"E00033305",2,2,0
"E00033306",5,2,3
"E00033307",0,0,0
"E00033308",1,0,1
"E00033309",2,1,1
"E00033310",1,1,0
"E00033312",3,0,3
"E00033313",1,0,1
"E00033314",2,1,1
"E00033315",0,0,0
"E00033316",0,0,0
"E00033317",4,2,2
"E00033318",0,0,0
"E00033319",7,3,4
"E00033320",1,0,1
"E00033322",2,1,1
"E00033323",13,5,8
"E00033324",4,1,3
"E00033326",8,2,6
"E00033327",0,0,0
"E00033328",1,1,0
"E00033329",3,1,2
"E00033330",1,0,1
"E00033331",4,3,1
"E00033332",5,2,3
"E00033333",3,2,1
"E00033334",3,2,1
"E00033335",5,2,3
"E00033336",1,0,1
"E00033337",3,1,2
"E00033338",10,4,6
"E00033339",4,1,3
"E00033340",4,1,3
"E00033341",7,3,4
"E00033342",8,4,4
"E00033343",9,5,4
"E00033344",6,2,4
"E00033345",6,4,2
"E00033346",5,4,1
"E00033347",4,2,2
"E00033348",3,1,2
"E00033349",0,0,0
"E00033350",5,1,4
"E00033351",0,0,0
"E00033352",3,0,3
"E00033353",2,1,1
"E00033354",0,0,0
"E00033355",4,1,3
"E00033356",3,2,1
"E00033357",0,0,0
"E00033358",2,1,1
"E00033359",6,0,6
"E00033360",1,0,1
"E00033361",6,5,1
"E00033362",1,1,0
"E00033363",0,0,0
"E00033364",1,1,0
"E00033365",5,3,2
"E00033366",4,3,1
"E00033367",5,1,4
"E00033368",4,2,2
"E00033369",11,8,3
"E00033370",5,1,4
"E00033371",5,1,4
"E00033372",0,0,0
"E00033373",8,5,3
"E00033374",2,0,2
"E00033375",7,4,3
"E00033376",6,5,1
"E00033377",8,5,3
"E00033378",10,3,7
"E00033379",3,1,2
"E00033380",2,2,0
"E00033381",3,0,3
"E00033382",5,4,1
"E00033383",1,1,0
"E00033384",1,1,0
"E00033385",5,1,4
"E00033386",1,1,0
"E00033387",1,0,1
"E00033388",0,0,0
"E00033389",0,0,0
"E00033391",2,2,0
"E00033392",2,0,2
"E00033394",0,0,0
"E00033395",4,1,3
"E00033396",3,2,1
"E00033397",4,0,4
"E00033399",1,1,0
"E00033400",7,5,2
"E00033401",5,2,3
"E00033402",6,3,3
"E00033403",6,3,3
"E00033404",2,1,1
"E00033405",2,0,2
"E00033406",12,7,5
"E00033407",5,3,2
"E00033408",0,0,0
"E00033409",6,3,3
"E00033410",2,1,1
"E00033411",17,10,7
"E00033412",0,0,0
"E00033413",4,1,3
"E00033414",4,3,1
"E00033415",12,2,10
"E00033416",1,0,1
"E00033417",3,0,3
"E00033418",8,6,2
"E00033419",12,5,7
"E00033420",1,0,1
"E00033421",9,2,7
"E00033422",12,6,6
"E00033423",3,2,1
"E00033424",0,0,0
"E00033425",2,1,1
"E00033426",12,8,4
"E00033427",1,0,1
"E00033428",0,0,0
"E00033432",0,0,0
"E00033435",1,1,0
"E00033436",0,0,0
"E00033437",0,0,0
"E00033438",1,0,1
"E00033439",0,0,0
"E00033440",4,2,2
"E00033441",0,0,0
"E00033442",1,0,1
"E00033443",3,0,3
"E00033444",6,5,1
"E00033445",4,4,0
"E00033446",4,3,1
"E00033447",1,0,1
"E00033448",0,0,0
"E00033449",2,1,1
"E00033450",1,1,0
"E00033451",3,0,3
"E00033452",4,3,1
"E00033453",0,0,0
"E00033454",1,1,0
"E00033455",1,1,0
"E00033456",0,0,0
"E00033457",0,0,0
"E00033458",0,0,0
"E00033459",3,1,2
"E00033460",3,0,3
"E00033462",0,0,0
"E00033463",0,0,0
"E00033464",0,0,0
"E00033466",2,1,1
"E00033468",1,0,1
"E00033470",1,1,0
"E00033471",0,0,0
"E00033472",0,0,0
"E00033473",0,0,0
"E00033474",0,0,0
"E00033475",0,0,0
"E00033476",0,0,0
"E00033477",2,2,0
"E00033478",1,1,0
"E00033479",2,1,1
"E00033480",2,1,1
"E00033481",0,0,0
"E00033482",2,0,2
"E00033483",2,0,2
"E00033484",3,2,1
"E00033485",3,1,2
"E00033486",1,1,0
"E00033487",0,0,0
"E00033488",1,0,1
"E00033489",1,0,1
"E00033490",0,0,0
"E00033491",0,0,0
"E00033492",3,2,1
"E00033493",1,1,0
"E00033494",0,0,0
"E00033495",1,1,0
"E00033496",3,2,1
"E00033497",2,0,2
"E00033498",0,0,0
"E00033501",0,0,0
"E00033502",0,0,0
"E00033503",0,0,0
"E00033504",2,0,2
"E00033505",0,0,0
"E00033506",1,0,1
"E00033507",1,0,1
"E00033508",0,0,0
"E00033509",0,0,0
"E00033510",1,0,1
"E00033511",0,0,0
"E00033512",0,0,0
"E00033513",1,1,0
"E00033514",0,0,0
"E00033515",0,0,0
"E00033516",0,0,0
"E00033517",1,1,0
"E00033518",0,0,0
"E00033519",1,0,1
"E00033520",1,0,1
"E00033521",0,0,0
"E00033522",0,0,0
"E00033523",0,0,0
"E00033524",1,0,1
"E00033525",1,1,0
"E00033526",1,0,1
"E00033527",2,0,2
"E00033528",5,1,4
"E00033530",8,6,2
"E00033531",5,1,4
"E00033532",5,4,1
"E00033533",3,1,2
"E00033534",1,0,1
"E00033535",1,1,0
"E00033536",2,0,2
"E00033537",3,1,2
"E00033538",2,0,2
"E00033539",0,0,0
"E00033540",0,0,0
"E00033541",1,1,0
"E00033542",5,0,5
"E00033543",2,1,1
"E00033544",0,0,0
"E00033545",3,2,1
"E00033546",2,1,1
"E00033547",0,0,0
"E00033548",4,2,2
"E00033549",0,0,0
"E00033550",7,2,5
"E00033551",2,2,0
"E00033552",5,3,2
"E00033553",4,1,3
"E00033554",0,0,0
"E00033555",7,6,1
"E00033556",1,0,1
"E00033557",6,5,1
"E00033558",5,2,3
"E00033559",3,0,3
"E00033560",2,1,1
"E00033561",6,2,4
"E00033562",0,0,0
"E00033563",6,3,3
"E00033564",4,2,2
"E00033565",2,1,1
"E00033566",6,5,1
"E00033567",1,0,1
"E00033568",2,0,2
"E00033569",3,2,1
"E00033570",0,0,0
"E00033571",0,0,0
"E00033572",0,0,0
"E00033573",0,0,0
"E00033574",1,1,0
"E00033575",0,0,0
"E00033576",1,1,0
"E00033577",0,0,0
"E00033579",0,0,0
"E00033580",2,0,2
"E00033581",3,2,1
"E00033582",4,4,0
"E00033583",1,0,1
"E00033584",13,4,9
"E00033585",5,3,2
"E00033586",2,2,0
"E00033587",1,0,1
"E00033589",3,2,1
"E00033590",1,1,0
"E00033591",1,0,1
"E00033592",0,0,0
"E00033593",0,0,0
"E00033594",0,0,0
"E00033595",0,0,0
"E00033596",0,0,0
"E00033597",0,0,0
"E00033598",1,0,1
"E00033599",0,0,0
"E00033600",0,0,0
"E00033601",0,0,0
"E00033602",0,0,0
"E00033603",1,0,1
"E00033604",0,0,0
"E00033605",0,0,0
"E00033606",1,0,1
"E00033607",0,0,0
"E00033608",0,0,0
"E00033611",3,3,0
"E00033613",4,2,2
"E00033614",1,0,1
"E00033616",4,2,2
"E00033618",4,2,2
"E00033620",2,1,1
"E00033621",0,0,0
"E00033623",2,1,1
"E00033624",0,0,0
"E00033625",1,1,0
"E00033626",1,0,1
"E00033627",0,0,0
"E00033628",2,1,1
"E00033629",1,0,1
"E00033630",0,0,0
"E00033631",4,2,2
"E00033632",0,0,0
"E00033633",2,2,0
"E00033634",0,0,0
"E00033635",0,0,0
"E00033636",0,0,0
"E00033637",4,1,3
"E00033639",0,0,0
"E00033640",0,0,0
"E00033641",3,1,2
"E00033642",7,2,5
"E00033643",0,0,0
"E00033644",2,2,0
"E00033645",1,0,1
"E00033646",0,0,0
"E00033647",0,0,0
"E00033648",0,0,0
"E00033649",0,0,0
"E00033650",1,1,0
"E00033651",0,0,0
"E00033652",2,0,2
"E00033653",0,0,0
"E00033654",0,0,0
"E00033655",0,0,0
"E00033656",0,0,0
"E00033657",2,2,0
"E00033658",3,2,1
"E00033659",2,0,2
"E00033660",0,0,0
"E00033662",1,0,1
"E00033663",1,0,1
"E00033664",0,0,0
"E00033665",3,1,2
"E00033666",0,0,0
"E00033667",0,0,0
"E00033668",3,0,3
"E00033669",3,2,1
"E00033670",0,0,0
"E00033672",1,0,1
"E00033673",0,0,0
"E00033677",0,0,0
"E00033678",1,1,0
"E00033684",3,1,2
"E00033685",3,1,2
"E00033686",3,1,2
"E00033687",2,1,1
"E00033688",0,0,0
"E00033689",1,1,0
"E00033690",0,0,0
"E00033691",0,0,0
"E00033692",3,0,3
"E00033694",0,0,0
"E00033695",0,0,0
"E00033696",0,0,0
"E00033697",0,0,0
"E00033698",2,1,1
"E00033699",0,0,0
"E00033700",1,0,1
"E00033701",4,1,3
"E00033702",2,1,1
"E00033703",0,0,0
"E00033704",3,1,2
"E00033705",2,1,1
"E00033706",0,0,0
"E00033707",1,1,0
"E00033708",1,0,1
"E00033709",0,0,0
"E00033710",0,0,0
"E00033711",2,1,1
"E00033712",2,0,2
"E00033713",2,1,1
"E00033715",0,0,0
"E00033716",2,2,0
"E00033717",1,1,0
"E00033718",2,1,1
"E00033719",1,1,0
"E00033720",4,2,2
"E00033721",3,1,2
"E00033722",1,0,1
"E00033723",1,0,1
"E00033724",0,0,0
"E00033725",1,1,0
"E00033726",2,1,1
"E00033727",0,0,0
"E00033728",4,1,3
"E00033729",0,0,0
"E00033730",3,1,2
"E00033731",0,0,0
"E00033732",1,0,1
"E00033733",0,0,0
"E00033734",0,0,0
"E00033735",0,0,0
"E00033736",1,0,1
"E00033737",0,0,0
"E00033738",2,0,2
"E00033739",1,0,1
"E00033740",1,1,0
"E00033741",0,0,0
"E00033742",1,0,1
"E00033743",0,0,0
"E00033744",1,1,0
"E00033745",2,1,1
"E00033746",0,0,0
"E00033747",0,0,0
"E00033748",1,1,0
"E00033749",1,1,0
"E00033750",5,2,3
"E00033752",2,1,1
"E00033753",3,1,2
"E00033754",0,0,0
"E00033755",2,1,1
"E00033756",1,0,1
"E00033758",0,0,0
"E00033759",0,0,0
"E00033762",1,0,1
"E00033763",0,0,0
"E00033764",5,4,1
"E00033765",3,1,2
"E00033766",4,3,1
"E00033767",4,2,2
"E00033768",6,3,3
"E00033769",0,0,0
"E00033770",7,4,3
"E00033771",3,2,1
"E00033773",4,4,0
"E00033774",1,0,1
"E00033775",1,1,0
"E00033776",0,0,0
"E00033777",4,2,2
"E00033778",0,0,0
"E00033779",3,1,2
"E00033780",0,0,0
"E00033781",1,0,1
"E00033782",2,2,0
"E00033783",1,1,0
"E00033784",8,6,2
"E00033785",0,0,0
"E00033786",8,6,2
"E00033787",2,1,1
"E00033788",1,0,1
"E00033789",0,0,0
"E00033790",3,0,3
"E00033791",2,1,1
"E00033792",1,1,0
"E00033793",1,1,0
"E00033794",1,1,0
"E00033795",1,0,1
"E00033796",3,2,1
"E00033797",3,2,1
"E00033798",5,3,2
"E00033799",1,0,1
"E00033800",0,0,0
"E00033801",4,3,1
"E00033802",0,0,0
"E00033803",0,0,0
"E00033804",0,0,0
"E00033805",0,0,0
"E00033806",1,1,0
"E00033807",0,0,0
"E00033808",3,2,1
"E00033810",1,1,0
"E00033811",5,0,5
"E00033812",1,0,1
"E00033813",2,2,0
"E00033814",1,1,0
"E00033815",0,0,0
"E00033816",3,1,2
"E00033818",0,0,0
"E00033819",0,0,0
"E00033820",1,0,1
"E00033821",1,1,0
"E00033822",4,2,2
"E00033823",0,0,0
"E00033824",2,0,2
"E00033825",0,0,0
"E00033826",1,1,0
"E00033827",1,0,1
"E00033828",0,0,0
"E00033829",1,1,0
"E00033832",1,0,1
"E00033833",2,0,2
"E00033836",0,0,0
"E00033837",2,1,1
"E00033838",3,2,1
"E00033839",1,0,1
"E00033840",2,2,0
"E00033841",0,0,0
"E00033842",0,0,0
"E00033843",1,0,1
"E00033844",7,4,3
"E00033845",1,0,1
"E00033846",1,1,0
"E00033847",1,0,1
"E00033848",4,1,3
"E00033849",5,1,4
"E00033850",4,2,2
"E00033851",0,0,0
"E00033852",11,4,7
"E00033853",4,3,1
"E00033854",9,2,7
"E00033855",2,2,0
"E00033856",0,0,0
"E00033857",3,0,3
"E00033859",10,4,6
"E00033861",5,1,4
"E00033862",5,3,2
"E00033863",7,5,2
"E00033864",2,2,0
"E00033865",1,1,0
"E00033866",1,1,0
"E00033867",5,4,1
"E00033868",2,1,1
"E00033869",7,3,4
"E00033870",1,1,0
"E00033871",1,1,0
"E00033872",11,9,2
"E00033873",5,0,5
"E00033874",5,4,1
"E00033875",2,1,1
"E00033876",9,4,5
"E00033877",10,5,5
"E00033878",4,2,2
"E00033879",0,0,0
"E00033880",3,2,1
"E00033881",1,1,0
"E00033882",0,0,0
"E00033883",5,3,2
"E00033884",3,2,1
"E00033885",8,2,6
"E00033886",7,2,5
"E00033887",0,0,0
"E00033888",6,4,2
"E00033889",4,3,1
"E00033890",2,2,0
"E00033891",2,1,1
"E00033892",1,1,0
"E00033893",5,3,2
"E00033894",1,0,1
"E00033895",0,0,0
"E00033896",3,1,2
"E00033897",7,4,3
"E00033898",3,1,2
"E00033899",1,0,1
"E00033900",0,0,0
"E00033901",2,1,1
"E00033902",1,0,1
"E00033903",0,0,0
"E00033904",1,0,1
"E00033905",0,0,0
"E00033906",1,1,0
"E00033907",0,0,0
"E00033908",0,0,0
"E00033909",1,1,0
"E00033910",1,0,1
"E00033911",4,2,2
"E00033913",2,0,2
"E00033914",4,2,2
"E00033915",3,3,0
"E00033917",1,0,1
"E00033918",1,0,1
"E00033919",1,0,1
"E00033920",0,0,0
"E00033921",3,2,1
"E00033922",6,4,2
"E00033923",2,2,0
"E00033924",0,0,0
"E00033925",0,0,0
"E00033926",1,0,1
"E00033927",0,0,0
"E00033928",1,0,1
"E00033930",0,0,0
"E00033931",0,0,0
"E00033932",1,1,0
"E00033933",0,0,0
"E00033934",1,1,0
"E00033935",0,0,0
"E00033936",0,0,0
"E00033937",1,1,0
"E00033938",1,1,0
"E00033939",2,1,1
"E00033940",1,1,0
"E00033941",0,0,0
"E00033942",0,0,0
"E00033943",3,0,3
"E00033944",9,3,6
"E00033945",0,0,0
"E00033946",6,2,4
"E00033947",0,0,0
"E00033948",1,1,0
"E00033949",1,1,0
"E00033950",2,0,2
"E00033951",2,2,0
"E00033952",1,0,1
"E00033953",5,4,1
"E00033954",1,1,0
"E00033955",6,3,3
"E00033956",0,0,0
"E00033957",0,0,0
"E00033958",0,0,0
"E00033959",0,0,0
"E00033960",0,0,0
"E00033961",0,0,0
"E00033962",1,1,0
"E00033963",0,0,0
"E00033964",0,0,0
"E00033965",3,2,1
"E00033966",4,3,1
"E00033967",0,0,0
"E00033968",0,0,0
"E00033969",1,0,1
"E00033970",0,0,0
"E00033971",0,0,0
"E00033972",1,0,1
"E00033973",2,1,1
"E00033974",2,0,2
"E00033975",1,1,0
"E00033976",1,0,1
"E00033977",0,0,0
"E00033978",0,0,0
"E00033979",1,0,1
"E00033980",0,0,0
"E00033981",1,0,1
"E00033982",0,0,0
"E00033983",0,0,0
"E00033984",1,1,0
"E00033985",0,0,0
"E00033986",4,2,2
"E00033987",1,0,1
"E00033988",2,2,0
"E00033989",1,0,1
"E00033990",1,0,1
"E00033991",2,1,1
"E00033992",1,0,1
"E00033993",1,1,0
"E00033994",3,1,2
"E00033995",1,0,1
"E00033996",3,1,2
"E00033997",2,1,1
"E00033998",1,1,0
"E00033999",0,0,0
"E00034000",0,0,0
"E00034001",2,0,2
"E00034002",0,0,0
"E00034003",1,1,0
"E00034004",0,0,0
"E00034005",1,1,0
"E00034006",3,2,1
"E00034007",1,0,1
"E00034008",0,0,0
"E00034009",0,0,0
"E00034010",0,0,0
"E00034011",3,2,1
"E00034012",0,0,0
"E00034013",1,0,1
"E00034014",0,0,0
"E00034015",0,0,0
"E00034016",2,0,2
"E00034017",1,1,0
"E00034019",0,0,0
"E00034020",4,2,2
"E00034021",0,0,0
"E00034022",1,0,1
"E00034023",0,0,0
"E00034024",6,2,4
"E00034025",0,0,0
"E00034026",0,0,0
"E00034027",0,0,0
"E00034028",0,0,0
"E00034029",2,1,1
"E00034030",0,0,0
"E00034031",0,0,0
"E00034032",3,3,0
"E00034033",2,2,0
"E00034034",4,3,1
"E00034035",3,1,2
"E00034036",1,1,0
"E00034037",1,0,1
"E00034038",5,3,2
"E00034039",1,1,0
"E00034040",3,1,2
"E00034041",0,0,0
"E00034042",1,1,0
"E00034043",3,3,0
"E00034044",8,4,4
"E00034045",2,0,2
"E00034046",2,2,0
"E00034047",1,1,0
"E00034048",0,0,0
"E00034049",1,1,0
"E00034050",1,0,1
"E00034051",1,1,0
"E00034052",0,0,0
"E00034053",0,0,0
"E00034054",3,2,1
"E00034055",3,2,1
"E00034056",1,0,1
"E00034057",2,1,1
"E00034058",0,0,0
"E00034059",1,0,1
"E00034061",2,1,1
"E00034062",1,1,0
"E00034063",11,5,6
"E00034064",8,4,4
"E00034065",2,1,1
"E00034066",0,0,0
"E00034067",2,2,0
"E00034068",2,1,1
"E00034069",1,1,0
"E00034070",2,2,0
"E00034071",5,2,3
"E00034072",0,0,0
"E00034073",9,3,6
"E00034074",1,0,1
"E00034075",1,0,1
"E00034076",3,3,0
"E00034077",0,0,0
"E00034078",0,0,0
"E00034079",0,0,0
"E00034080",0,0,0
"E00034081",4,1,3
"E00034082",0,0,0
"E00034083",3,3,0
"E00034084",3,0,3
"E00034085",5,3,2
"E00034086",1,0,1
"E00034087",0,0,0
"E00034088",0,0,0
"E00034089",3,2,1
"E00034090",4,1,3
"E00034091",2,2,0
"E00034092",2,0,2
"E00034093",4,2,2
"E00034094",3,1,2
"E00034095",0,0,0
"E00034096",2,1,1
"E00034097",3,2,1
"E00034098",4,3,1
"E00034099",5,1,4
"E00034100",2,1,1
"E00034101",1,0,1
"E00034102",0,0,0
"E00034104",3,1,2
"E00034105",2,2,0
"E00034106",3,2,1
"E00034107",0,0,0
"E00034108",2,1,1
"E00034109",1,1,0
"E00034110",2,2,0
"E00034111",0,0,0
"E00034113",0,0,0
"E00034114",2,1,1
"E00034115",0,0,0
"E00034116",1,0,1
"E00034117",0,0,0
"E00034118",1,1,0
"E00034119",0,0,0
"E00034120",3,2,1
"E00034121",0,0,0
"E00034122",0,0,0
"E00034123",1,1,0
"E00034124",0,0,0
"E00034125",1,1,0
"E00034126",3,2,1
"E00034127",0,0,0
"E00034130",0,0,0
"E00034131",2,0,2
"E00034132",1,0,1
"E00034133",0,0,0
"E00034134",2,0,2
"E00034135",0,0,0
"E00034136",2,2,0
"E00034137",0,0,0
"E00034138",2,2,0
"E00034139",4,3,1
"E00034140",1,0,1
"E00034141",1,1,0
"E00034142",1,0,1
"E00034143",0,0,0
"E00034144",0,0,0
"E00034145",0,0,0
"E00034146",0,0,0
"E00034147",1,0,1
"E00034148",1,1,0
"E00034149",1,1,0
"E00034150",1,0,1
"E00034151",2,1,1
"E00034152",0,0,0
"E00034153",0,0,0
"E00034154",1,1,0
"E00034155",0,0,0
"E00034156",1,0,1
"E00034157",1,1,0
"E00034158",0,0,0
"E00034159",5,3,2
"E00034160",0,0,0
"E00034161",1,1,0
"E00034162",0,0,0
"E00034163",1,0,1
"E00034164",2,0,2
"E00034165",1,1,0
"E00034167",0,0,0
"E00034168",1,0,1
"E00034169",2,0,2
"E00034170",1,0,1
"E00034171",0,0,0
"E00034172",2,1,1
"E00034173",1,1,0
"E00034174",0,0,0
"E00034175",0,0,0
"E00034176",0,0,0
"E00034177",5,1,4
"E00034178",4,1,3
"E00034180",0,0,0
"E00034182",1,0,1
"E00034184",1,0,1
"E00034185",0,0,0
"E00034187",0,0,0
"E00034188",1,0,1
"E00034189",1,1,0
"E00034190",0,0,0
"E00034191",0,0,0
"E00034192",1,1,0
"E00034193",0,0,0
"E00034194",1,1,0
"E00034195",1,1,0
"E00034196",1,1,0
"E00034197",0,0,0
"E00034199",5,1,4
"E00034200",13,6,7
"E00034201",0,0,0
"E00034202",3,1,2
"E00034203",5,3,2
"E00034208",2,1,1
"E00034209",1,0,1
"E00034211",0,0,0
"E00034212",1,0,1
"E00034213",0,0,0
"E00034215",0,0,0
"E00034216",1,1,0
"E00034219",0,0,0
"E00034221",1,0,1
"E00034222",0,0,0
"E00034223",0,0,0
"E00034224",2,0,2
"E00034225",1,0,1
"E00034227",2,1,1
"E00034228",2,1,1
"E00034230",1,1,0
"E00034231",1,1,0
"E00034234",1,1,0
"E00034235",0,0,0
"E00034236",1,0,1
"E00034237",2,1,1
"E00034238",2,1,1
"E00034239",2,2,0
"E00034240",1,1,0
"E00034241",0,0,0
"E00034242",0,0,0
"E00034243",4,1,3
"E00034244",3,1,2
"E00034245",0,0,0
"E00034246",0,0,0
"E00034247",1,0,1
"E00034248",0,0,0
"E00034249",1,1,0
"E00034250",1,1,0
"E00034251",5,2,3
"E00034252",0,0,0
"E00034253",3,0,3
"E00034254",0,0,0
"E00034255",0,0,0
"E00034256",0,0,0
"E00034257",0,0,0
"E00034258",0,0,0
"E00034259",1,1,0
"E00034260",0,0,0
"E00034261",1,1,0
"E00034262",1,1,0
"E00034263",0,0,0
"E00034264",1,0,1
"E00034265",2,1,1
"E00034266",0,0,0
"E00034267",5,4,1
"E00034268",1,1,0
"E00034269",0,0,0
"E00034270",2,2,0
"E00034271",0,0,0
"E00034272",0,0,0
"E00034273",0,0,0
"E00034274",1,1,0
"E00034275",3,2,1
"E00034276",1,1,0
"E00034277",1,0,1
"E00034278",5,2,3
"E00034279",0,0,0
"E00034280",0,0,0
"E00034281",1,0,1
"E00034282",2,0,2
"E00034283",3,3,0
"E00034284",6,1,5
"E00034285",1,0,1
"E00034286",3,2,1
"E00034287",0,0,0
"E00034288",0,0,0
"E00034289",3,2,1
"E00034290",3,1,2
"E00034291",1,1,0
"E00034292",1,1,0
"E00034293",0,0,0
"E00034294",2,1,1
"E00034295",0,0,0
"E00034296",1,0,1
"E00034297",0,0,0
"E00034298",2,2,0
"E00034299",0,0,0
"E00034300",0,0,0
"E00034301",5,3,2
"E00034302",1,0,1
"E00034303",0,0,0
"E00034304",1,0,1
"E00034305",0,0,0
"E00034306",1,0,1
"E00034307",0,0,0
"E00034308",0,0,0
"E00034309",0,0,0
"E00034310",0,0,0
"E00034311",0,0,0
"E00034312",0,0,0
"E00034313",2,1,1
"E00034314",3,3,0
"E00034315",0,0,0
"E00034316",0,0,0
"E00034317",0,0,0
"E00034318",0,0,0
"E00034319",3,1,2
"E00034320",0,0,0
"E00034321",0,0,0
"E00034322",3,2,1
"E00034323",2,1,1
"E00034324",0,0,0
"E00034325",3,2,1
"E00034326",1,0,1
"E00034327",2,0,2
"E00034328",4,1,3
"E00034329",1,1,0
"E00034330",1,1,0
"E00034331",0,0,0
"E00034332",0,0,0
"E00034333",1,1,0
"E00034334",0,0,0
"E00034335",1,0,1
"E00034336",0,0,0
"E00034337",3,2,1
"E00034338",2,0,2
"E00034339",3,0,3
"E00034340",0,0,0
"E00034341",0,0,0
"E00034342",1,1,0
"E00034343",3,1,2
"E00034344",0,0,0
"E00034345",3,2,1
"E00034346",0,0,0
"E00034347",2,1,1
"E00034348",3,3,0
"E00034349",0,0,0
"E00034350",0,0,0
"E00034351",3,0,3
"E00034352",0,0,0
"E00034353",0,0,0
"E00034354",0,0,0
"E00034355",1,1,0
"E00034356",0,0,0
"E00034358",3,1,2
"E00034359",0,0,0
"E00034360",0,0,0
"E00034361",0,0,0
"E00034362",1,0,1
"E00034363",1,1,0
"E00034364",0,0,0
"E00034365",1,0,1
"E00034366",2,2,0
"E00034368",4,1,3
"E00034369",1,0,1
"E00034371",1,0,1
"E00034372",1,1,0
"E00034373",0,0,0
"E00034374",0,0,0
"E00034375",5,1,4
"E00034376",0,0,0
"E00034377",2,2,0
"E00034378",0,0,0
"E00034379",0,0,0
"E00034380",1,1,0
"E00034381",1,1,0
"E00034382",2,0,2
"E00034383",2,0,2
"E00034384",0,0,0
"E00034386",0,0,0
"E00034387",0,0,0
"E00034388",1,1,0
"E00034389",0,0,0
"E00034390",0,0,0
"E00034391",6,3,3
"E00034392",1,0,1
"E00034393",4,2,2
"E00034394",4,2,2
"E00034395",1,0,1
"E00034396",0,0,0
"E00034397",4,2,2
"E00034398",1,1,0
"E00034399",0,0,0
"E00034400",0,0,0
"E00034401",1,1,0
"E00034402",0,0,0
"E00034403",4,0,4
"E00034404",5,1,4
"E00034405",2,1,1
"E00034406",0,0,0
"E00034409",3,1,2
"E00034410",2,0,2
"E00034412",1,0,1
"E00034413",1,0,1
"E00034414",0,0,0
"E00034415",0,0,0
"E00034416",2,0,2
"E00034417",0,0,0
"E00034418",2,1,1
"E00034419",1,0,1
"E00034420",2,1,1
"E00034421",1,1,0
"E00034422",0,0,0
"E00034424",0,0,0
"E00034425",0,0,0
"E00034426",0,0,0
"E00034427",1,1,0
"E00034428",0,0,0
"E00034429",0,0,0
"E00034430",0,0,0
"E00034431",2,0,2
"E00034432",2,0,2
"E00034433",3,3,0
"E00034434",10,5,5
"E00034435",3,1,2
"E00034436",5,4,1
"E00034437",1,0,1
"E00034438",0,0,0
"E00034439",11,5,6
"E00034440",0,0,0
"E00034441",1,1,0
"E00034442",4,1,3
"E00034443",0,0,0
"E00034444",1,0,1
"E00034445",8,4,4
"E00034446",3,2,1
"E00034447",14,4,10
"E00034448",4,1,3
"E00034449",5,1,4
"E00034451",1,1,0
"E00034453",1,0,1
"E00034454",0,0,0
"E00034455",3,2,1
"E00034456",1,1,0
"E00034457",3,2,1
"E00034458",3,1,2
"E00034459",2,0,2
"E00034460",2,1,1
"E00034461",0,0,0
"E00034462",1,0,1
"E00034463",6,0,6
"E00034464",2,1,1
"E00034465",6,4,2
"E00034466",0,0,0
"E00034467",3,1,2
"E00034468",1,1,0
"E00034469",9,5,4
"E00034470",10,6,4
"E00034471",4,3,1
"E00034472",2,1,1
"E00034473",11,4,7
"E00034474",0,0,0
"E00034475",3,1,2
"E00034476",3,1,2
"E00034477",6,2,4
"E00034478",1,1,0
"E00034479",7,4,3
"E00034480",0,0,0
"E00034481",1,0,1
"E00034482",0,0,0
"E00034483",5,2,3
"E00034484",6,2,4
"E00034485",2,1,1
"E00034486",6,4,2
"E00034487",4,2,2
"E00034488",3,2,1
"E00034489",8,3,5
"E00034490",1,1,0
"E00034491",6,1,5
"E00034492",4,2,2
"E00034493",6,4,2
"E00034494",3,3,0
"E00034495",0,0,0
"E00034496",3,0,3
"E00034497",3,0,3
"E00034498",5,1,4
"E00034499",3,2,1
"E00034500",0,0,0
"E00034501",5,4,1
"E00034502",0,0,0
"E00034503",2,1,1
"E00034504",5,3,2
"E00034505",5,3,2
"E00034506",4,2,2
"E00034507",5,5,0
"E00034508",2,1,1
"E00034509",3,2,1
"E00034510",5,3,2
"E00034511",3,3,0
"E00034512",4,1,3
"E00034513",0,0,0
"E00034514",0,0,0
"E00034515",2,2,0
"E00034516",2,0,2
"E00034517",7,2,5
"E00034518",3,0,3
"E00034519",2,1,1
"E00034520",2,1,1
"E00034521",4,1,3
"E00034522",3,1,2
"E00034523",1,0,1
"E00034524",4,2,2
"E00034525",1,1,0
"E00034526",4,2,2
"E00034527",2,0,2
"E00034528",3,0,3
"E00034529",0,0,0
"E00034530",0,0,0
"E00034531",1,1,0
"E00034532",2,1,1
"E00034533",3,0,3
"E00034534",2,0,2
"E00034535",7,4,3
"E00034536",1,0,1
"E00034537",0,0,0
"E00034538",4,0,4
"E00034539",1,0,1
"E00034540",0,0,0
"E00034541",3,1,2
"E00034542",1,0,1
"E00034543",0,0,0
"E00034544",1,0,1
"E00034545",2,1,1
"E00034546",2,2,0
"E00034547",1,1,0
"E00034548",1,1,0
"E00034549",4,2,2
"E00034550",2,0,2
"E00034551",2,2,0
"E00034552",4,1,3
"E00034553",3,2,1
"E00034554",1,1,0
"E00034555",2,0,2
"E00034556",1,0,1
"E00034557",3,2,1
"E00034558",3,2,1
"E00034559",1,0,1
"E00034560",1,0,1
"E00034561",1,1,0
"E00034562",1,0,1
"E00034563",1,1,0
"E00034564",2,2,0
"E00034565",0,0,0
"E00034566",3,1,2
"E00034567",1,1,0
"E00034568",0,0,0
"E00034569",0,0,0
"E00034570",0,0,0
"E00034571",0,0,0
"E00034572",3,2,1
"E00034573",1,1,0
"E00034574",2,1,1
"E00034575",0,0,0
"E00034576",0,0,0
"E00034577",0,0,0
"E00034578",0,0,0
"E00034579",1,1,0
"E00034580",0,0,0
"E00034581",3,3,0
"E00034582",4,0,4
"E00034583",3,1,2
"E00034584",1,0,1
"E00034585",4,1,3
"E00034586",8,4,4
"E00034587",8,4,4
"E00034588",4,2,2
"E00034589",15,9,6
"E00034590",7,4,3
"E00034591",9,5,4
"E00034592",0,0,0
"E00034593",9,6,3
"E00034594",1,0,1
"E00034595",8,3,5
"E00034596",4,1,3
"E00034597",6,3,3
"E00034598",2,0,2
"E00034599",10,7,3
"E00034600",15,5,10
"E00034601",3,2,1
"E00034602",2,2,0
"E00034603",0,0,0
"E00034604",1,1,0
"E00034605",2,1,1
"E00034606",0,0,0
"E00034607",5,2,3
"E00034608",3,2,1
"E00034609",4,1,3
"E00034610",5,2,3
"E00034611",6,2,4
"E00034612",3,2,1
"E00034613",0,0,0
"E00034614",2,1,1
"E00034615",0,0,0
"E00034616",3,1,2
"E00034617",3,2,1
"E00034618",5,2,3
"E00034619",6,1,5
"E00034620",2,0,2
"E00034621",3,1,2
"E00034622",1,1,0
"E00034623",3,1,2
"E00034624",3,1,2
"E00034625",7,3,4
"E00034626",2,1,1
"E00034627",3,2,1
"E00034628",1,0,1
"E00034629",3,3,0
"E00034630",2,0,2
"E00034631",8,3,5
"E00034632",2,0,2
"E00034633",2,0,2
"E00034634",3,2,1
"E00034635",1,0,1
"E00034636",2,1,1
"E00034637",2,0,2
"E00034638",0,0,0
"E00034639",10,6,4
"E00034640",4,1,3
"E00034641",2,1,1
"E00034642",2,1,1
"E00034643",1,0,1
"E00034644",4,2,2
"E00034645",2,0,2
"E00034646",2,1,1
"E00034647",0,0,0
"E00034648",3,1,2
"E00034649",5,2,3
"E00034650",5,1,4
"E00034651",2,1,1
"E00034652",0,0,0
"E00034653",3,2,1
"E00034654",3,3,0
"E00034655",1,1,0
"E00034656",1,1,0
"E00034657",4,1,3
"E00034658",2,0,2
"E00034659",2,1,1
"E00034660",2,0,2
"E00034661",5,3,2
"E00034662",2,1,1
"E00034663",0,0,0
"E00034664",1,0,1
"E00034665",1,1,0
"E00034666",2,0,2
"E00034667",0,0,0
"E00034668",4,3,1
"E00034669",2,0,2
"E00034670",2,0,2
"E00034671",5,2,3
"E00034672",0,0,0
"E00034673",4,3,1
"E00034674",0,0,0
"E00034675",1,1,0
"E00034676",0,0,0
"E00034677",1,0,1
"E00034678",6,3,3
"E00034679",3,1,2
"E00034680",2,1,1
"E00034681",3,1,2
"E00034682",3,3,0
"E00034683",3,1,2
"E00034684",3,2,1
"E00034685",0,0,0
"E00034686",2,0,2
"E00034687",2,2,0
"E00034688",1,0,1
"E00034689",1,1,0
"E00034690",1,1,0
"E00034691",1,1,0
"E00034692",1,0,1
"E00034693",4,2,2
"E00034694",1,0,1
"E00034695",2,1,1
"E00034696",3,2,1
"E00034697",4,0,4
"E00034698",1,1,0
"E00034699",1,0,1
"E00034700",0,0,0
"E00034701",0,0,0
"E00034702",0,0,0
"E00034703",1,0,1
"E00034704",0,0,0
"E00034705",6,2,4
"E00034706",2,0,2
"E00034707",3,1,2
"E00034708",0,0,0
"E00034709",3,1,2
"E00034710",1,1,0
"E00034711",1,1,0
"E00034712",0,0,0
"E00034713",4,3,1
"E00034714",1,1,0
"E00034715",4,3,1
"E00034716",0,0,0
"E00034717",3,2,1
"E00034718",0,0,0
"E00034719",5,2,3
"E00034720",3,0,3
"E00034721",1,1,0
"E00034722",3,2,1
"E00034723",0,0,0
"E00034724",3,1,2
"E00034725",2,1,1
"E00034726",0,0,0
"E00034727",2,1,1
"E00034728",3,1,2
"E00034729",0,0,0
"E00034730",2,1,1
"E00034731",3,0,3
"E00034732",1,1,0
"E00034733",0,0,0
"E00034734",4,2,2
"E00034735",1,0,1
"E00034736",3,1,2
"E00034737",1,0,1
"E00034738",0,0,0
"E00034739",3,1,2
"E00034740",0,0,0
"E00034741",3,1,2
"E00034742",6,5,1
"E00034743",4,2,2
"E00034744",2,1,1
"E00034745",0,0,0
"E00034746",3,1,2
"E00034747",4,3,1
"E00034748",0,0,0
"E00034749",2,0,2
"E00034750",3,1,2
"E00034751",3,2,1
"E00034752",2,1,1
"E00034753",1,1,0
"E00034754",1,1,0
"E00034755",0,0,0
"E00034756",4,2,2
"E00034757",0,0,0
"E00034758",2,2,0
"E00034759",3,1,2
"E00034760",1,1,0
"E00034761",11,4,7
"E00034762",4,2,2
"E00034763",4,2,2
"E00034764",1,0,1
"E00034765",2,0,2
"E00034766",1,1,0
"E00034767",2,2,0
"E00034768",1,1,0
"E00034769",5,3,2
"E00034770",1,0,1
"E00034771",1,0,1
"E00034772",4,3,1
"E00034773",1,0,1
"E00034774",3,2,1
"E00034775",0,0,0
"E00034776",0,0,0
"E00034777",3,2,1
"E00034778",7,3,4
"E00034779",3,1,2
"E00034780",10,3,7
"E00034781",4,1,3
"E00034782",0,0,0
"E00034783",2,1,1
"E00034784",5,3,2
"E00034785",6,2,4
"E00034786",2,2,0
"E00034787",4,2,2
"E00034788",5,1,4
"E00034789",7,2,5
"E00034790",1,0,1
"E00034791",1,1,0
"E00034792",3,0,3
"E00034793",0,0,0
"E00034794",0,0,0
"E00034795",0,0,0
"E00034796",7,4,3
"E00034797",2,2,0
"E00034798",4,2,2
"E00034799",1,0,1
"E00034800",3,1,2
"E00034801",1,0,1
"E00034802",1,0,1
"E00034803",1,1,0
"E00034804",3,1,2
"E00034805",2,2,0
"E00034806",4,0,4
"E00034807",1,0,1
"E00034808",2,2,0
"E00034809",2,1,1
"E00034810",4,0,4
"E00034811",4,2,2
"E00034812",0,0,0
"E00034813",3,3,0
"E00034814",1,1,0
"E00034815",1,0,1
"E00034816",0,0,0
"E00034817",4,3,1
"E00034818",0,0,0
"E00034819",1,0,1
"E00034820",4,0,4
"E00034821",2,1,1
"E00034822",0,0,0
"E00034823",2,2,0
"E00034824",1,1,0
"E00034825",0,0,0
"E00034826",2,2,0
"E00034827",1,1,0
"E00034828",0,0,0
"E00034829",1,1,0
"E00034830",2,1,1
"E00034832",1,1,0
"E00034833",1,1,0
"E00034834",0,0,0
"E00034835",0,0,0
"E00034836",1,1,0
"E00034837",0,0,0
"E00034838",1,1,0
"E00034839",1,0,1
"E00034840",0,0,0
"E00034841",1,1,0
"E00034842",0,0,0
"E00034844",1,0,1
"E00034845",1,0,1
"E00034846",3,1,2
"E00034847",4,2,2
"E00034848",1,1,0
"E00034849",2,2,0
"E00034850",2,1,1
"E00034851",2,2,0
"E00034852",1,0,1
"E00034853",1,0,1
"E00034854",0,0,0
"E00034855",2,1,1
"E00034856",0,0,0
"E00034857",0,0,0
"E00034858",1,1,0
"E00034859",0,0,0
"E00034860",2,1,1
"E00034861",5,2,3
"E00034862",8,3,5
"E00034863",3,2,1
"E00034864",0,0,0
"E00034865",0,0,0
"E00034866",0,0,0
"E00034867",0,0,0
"E00034868",2,2,0
"E00034869",1,0,1
"E00034870",1,0,1
"E00034871",8,3,5
"E00034872",1,1,0
"E00034873",1,1,0
"E00034874",0,0,0
"E00034875",1,0,1
"E00034876",3,1,2
"E00034877",0,0,0
"E00034878",2,0,2
"E00034879",3,1,2
"E00034880",0,0,0
"E00034881",2,1,1
"E00034882",0,0,0
"E00034883",3,3,0
"E00034884",1,0,1
"E00034885",2,2,0
"E00034886",1,0,1
"E00034887",0,0,0
"E00034888",2,1,1
"E00034889",0,0,0
"E00034890",2,1,1
"E00034891",3,1,2
"E00034892",5,3,2
"E00034893",8,6,2
"E00034894",4,1,3
"E00034895",4,1,3
"E00034896",5,0,5
"E00034897",3,2,1
"E00034898",9,1,8
"E00034899",1,0,1
"E00034900",5,3,2
"E00034901",4,1,3
"E00034902",4,2,2
"E00034903",4,2,2
"E00034904",7,2,5
"E00034905",1,1,0
"E00034906",3,2,1
"E00034907",3,1,2
"E00034908",4,1,3
"E00034909",3,3,0
"E00034910",3,1,2
"E00034911",5,3,2
"E00034912",2,1,1
"E00034913",5,3,2
"E00034914",8,4,4
"E00034915",5,2,3
"E00034916",8,4,4
"E00034917",1,1,0
"E00034918",7,7,0
"E00034919",4,2,2
"E00034920",6,3,3
"E00034921",5,1,4
"E00034922",8,3,5
"E00034923",2,2,0
"E00034924",1,1,0
"E00034925",2,1,1
"E00034926",6,5,1
"E00034927",2,0,2
"E00034928",7,6,1
"E00034929",3,1,2
"E00034930",1,0,1
"E00034931",5,3,2
"E00034932",3,1,2
"E00034933",4,1,3
"E00034934",6,3,3
"E00034935",6,4,2
"E00034936",9,4,5
"E00034937",1,0,1
"E00034938",1,1,0
"E00034939",5,1,4
"E00034940",3,0,3
"E00034941",3,3,0
"E00034942",5,2,3
"E00034944",5,3,2
"E00034945",1,0,1
"E00034946",4,2,2
"E00034947",3,2,1
"E00034949",1,0,1
"E00034950",2,1,1
"E00034951",7,3,4
"E00034952",1,1,0
"E00034953",1,1,0
"E00034954",0,0,0
"E00034955",1,1,0
"E00034956",1,1,0
"E00034957",2,1,1
"E00034958",3,2,1
"E00034959",0,0,0
"E00034960",4,2,2
"E00034961",2,1,1
"E00034962",3,2,1
"E00034963",2,1,1
"E00034964",2,0,2
"E00034965",1,1,0
"E00034966",2,1,1
"E00034967",1,1,0
"E00034969",1,1,0
"E00034970",4,0,4
"E00034971",1,0,1
"E00034972",2,1,1
"E00034973",1,0,1
"E00034974",2,1,1
"E00034975",3,2,1
"E00034976",0,0,0
"E00034977",1,0,1
"E00034978",2,1,1
"E00034979",1,1,0
"E00034980",1,0,1
"E00034981",1,1,0
"E00034982",2,2,0
"E00034983",3,0,3
"E00034984",1,1,0
"E00034986",3,3,0
"E00034987",2,0,2
"E00034989",2,2,0
"E00034990",3,2,1
"E00034992",5,2,3
"E00034993",1,0,1
"E00034994",1,0,1
"E00034995",3,1,2
"E00034996",2,0,2
"E00034997",5,2,3
"E00034998",1,0,1
"E00034999",3,2,1
"E00035000",1,0,1
"E00035001",0,0,0
"E00035002",3,2,1
"E00035004",0,0,0
"E00035005",0,0,0
"E00035006",0,0,0
"E00035007",3,1,2
"E00035008",1,0,1
"E00035009",0,0,0
"E00035010",1,0,1
"E00035011",5,3,2
"E00035012",0,0,0
"E00035013",2,2,0
"E00035014",1,1,0
"E00035015",2,2,0
"E00035016",2,0,2
"E00035017",2,1,1
"E00035018",5,2,3
"E00035019",3,3,0
"E00035020",2,1,1
"E00035021",1,1,0
"E00035022",0,0,0
"E00035023",2,0,2
"E00035024",1,0,1
"E00035025",3,1,2
"E00035026",8,5,3
"E00035027",1,0,1
"E00035028",1,0,1
"E00035029",0,0,0
"E00035030",2,1,1
"E00035031",0,0,0
"E00035032",1,0,1
"E00035033",0,0,0
"E00035034",2,0,2
"E00035035",5,3,2
"E00035036",4,2,2
"E00035037",2,2,0
"E00035038",0,0,0
"E00035039",3,1,2
"E00035040",2,0,2
"E00035041",1,0,1
"E00035042",2,1,1
"E00035043",1,0,1
"E00035044",1,0,1
"E00035045",4,1,3
"E00035046",1,0,1
"E00035047",2,1,1
"E00035048",2,0,2
"E00035049",1,1,0
"E00035050",9,3,6
"E00035051",4,2,2
"E00035052",5,2,3
"E00035053",4,3,1
"E00035054",4,3,1
"E00035055",9,6,3
"E00035056",9,5,4
"E00035057",4,2,2
"E00035058",0,0,0
"E00035059",1,1,0
"E00035060",3,2,1
"E00035061",3,1,2
"E00035062",0,0,0
"E00035063",5,1,4
"E00035064",1,1,0
"E00035065",3,2,1
"E00035066",4,0,4
"E00035067",1,1,0
"E00035068",3,3,0
"E00035069",6,2,4
"E00035070",5,1,4
"E00035071",4,3,1
"E00035072",4,1,3
"E00035073",2,2,0
"E00035074",1,1,0
"E00035075",1,0,1
"E00035076",1,0,1
"E00035077",2,1,1
"E00035078",11,7,4
"E00035079",12,7,5
"E00035080",6,4,2
"E00035081",3,1,2
"E00035082",1,1,0
"E00035083",2,2,0
"E00035084",3,0,3
"E00035085",1,0,1
"E00035086",5,3,2
"E00035087",1,1,0
"E00035088",11,5,6
"E00035089",4,3,1
"E00035090",4,1,3
"E00035091",7,4,3
"E00035092",6,1,5
"E00035093",4,2,2
"E00035094",10,3,7
"E00035095",4,3,1
"E00035096",3,2,1
"E00035097",3,1,2
"E00035098",0,0,0
"E00035099",4,3,1
"E00035100",10,5,5
"E00035101",3,1,2
"E00035102",4,3,1
"E00035103",3,2,1
"E00035104",2,1,1
"E00035105",0,0,0
"E00035106",7,3,4
"E00035107",1,0,1
"E00035108",6,3,3
"E00035109",0,0,0
"E00035110",2,2,0
"E00035111",1,1,0
"E00035112",2,1,1
"E00035113",3,1,2
"E00035114",5,2,3
"E00035115",6,6,0
"E00035116",0,0,0
"E00035117",3,1,2
"E00035118",3,1,2
"E00035119",1,1,0
"E00035120",2,1,1
"E00035121",2,0,2
"E00035122",5,2,3
"E00035123",5,2,3
"E00035124",0,0,0
"E00035125",14,11,3
"E00035126",5,2,3
"E00035127",6,1,5
"E00035128",11,7,4
"E00035129",2,1,1
"E00035130",6,3,3
"E00035131",2,1,1
"E00035132",5,1,4
"E00035133",6,3,3
"E00035134",3,2,1
"E00035135",4,1,3
"E00035136",7,2,5
"E00035137",9,4,5
"E00035138",6,2,4
"E00035139",3,1,2
"E00035140",2,1,1
"E00035141",13,8,5
"E00035142",14,7,7
"E00035143",5,0,5
"E00035144",3,2,1
"E00035145",5,2,3
"E00035146",8,2,6
"E00035147",4,3,1
"E00035148",4,2,2
"E00035149",0,0,0
"E00035150",6,4,2
"E00035151",4,0,4
"E00035152",4,2,2
"E00035153",2,1,1
"E00035154",8,3,5
"E00035155",7,2,5
"E00035156",1,1,0
"E00035157",3,0,3
"E00035158",18,11,7
"E00035159",12,6,6
"E00035160",7,4,3
"E00035161",5,0,5
"E00035162",10,2,8
"E00035163",14,8,6
"E00035164",7,4,3
"E00035165",9,4,5
"E00035166",3,1,2
"E00035167",4,2,2
"E00035168",6,3,3
"E00035169",4,3,1
"E00035170",4,3,1
"E00035171",7,1,6
"E00035172",10,7,3
"E00035173",6,3,3
"E00035174",8,7,1
"E00035175",0,0,0
"E00035176",17,6,11
"E00035177",4,3,1
"E00035178",4,2,2
"E00035179",5,3,2
"E00035180",5,2,3
"E00035181",8,2,6
"E00035182",6,2,4
"E00035183",5,2,3
"E00035184",6,2,4
"E00035185",1,0,1
"E00035186",16,4,12
"E00035187",4,2,2
"E00035188",3,2,1
"E00035189",3,2,1
"E00035190",0,0,0
"E00035191",0,0,0
"E00035192",3,2,1
"E00035193",8,5,3
"E00035194",5,0,5
"E00035195",2,1,1
"E00035196",0,0,0
"E00035197",2,0,2
"E00035198",1,1,0
"E00035199",1,1,0
"E00035200",1,0,1
"E00035201",6,4,2
"E00035202",3,1,2
"E00035203",1,0,1
"E00035204",2,0,2
"E00035205",2,1,1
"E00035206",7,2,5
"E00035207",1,0,1
"E00035208",2,2,0
"E00035209",4,2,2
"E00035210",9,6,3
"E00035211",1,1,0
"E00035212",6,3,3
"E00035213",1,0,1
"E00035214",0,0,0
"E00035215",0,0,0
"E00035216",1,0,1
"E00035217",4,2,2
"E00035218",1,0,1
"E00035219",7,5,2
"E00035220",0,0,0
"E00035221",0,0,0
"E00035222",0,0,0
"E00035223",5,2,3
"E00035224",2,1,1
"E00035225",8,6,2
"E00035226",6,4,2
"E00035227",0,0,0
"E00035228",3,2,1
"E00035229",1,1,0
"E00035230",2,2,0
"E00035231",3,3,0
"E00035232",6,5,1
"E00035233",1,1,0
"E00035234",2,2,0
"E00035235",2,1,1
"E00035236",5,3,2
"E00035237",0,0,0
"E00035238",4,3,1
"E00035239",5,3,2
"E00035240",0,0,0
"E00035242",0,0,0
"E00035243",7,3,4
"E00035244",0,0,0
"E00035245",3,3,0
"E00035246",2,2,0
"E00035247",1,1,0
"E00035248",3,3,0
"E00035249",0,0,0
"E00035250",2,1,1
"E00035251",3,2,1
"E00035252",5,2,3
"E00035253",0,0,0
"E00035254",2,1,1
"E00035255",2,0,2
"E00035256",2,1,1
"E00035257",0,0,0
"E00035258",3,2,1
"E00035259",0,0,0
"E00035260",0,0,0
"E00035261",0,0,0
"E00035262",9,7,2
"E00035263",1,0,1
"E00035264",0,0,0
"E00035265",2,1,1
"E00035266",4,1,3
"E00035267",3,1,2
"E00035268",0,0,0
"E00035269",2,0,2
"E00035270",4,4,0
"E00035271",0,0,0
"E00035272",3,0,3
"E00035273",8,5,3
"E00035274",4,1,3
"E00035275",0,0,0
"E00035276",1,0,1
"E00035277",1,0,1
"E00035278",4,2,2
"E00035279",3,2,1
"E00035280",0,0,0
"E00035281",2,2,0
"E00035282",3,2,1
"E00035283",4,1,3
"E00035284",1,1,0
"E00035285",0,0,0
"E00035286",3,3,0
"E00035287",4,3,1
"E00035288",1,1,0
"E00035289",2,0,2
"E00035290",5,3,2
"E00035291",2,1,1
"E00035292",0,0,0
"E00035293",1,0,1
"E00035294",1,1,0
"E00035295",5,5,0
"E00035296",1,1,0
"E00035297",2,0,2
"E00035298",0,0,0
"E00035299",3,1,2
"E00035300",0,0,0
"E00035301",2,2,0
"E00035302",0,0,0
"E00035303",2,2,0
"E00035304",5,2,3
"E00035305",3,2,1
"E00035306",0,0,0
"E00035307",0,0,0
"E00035308",0,0,0
"E00035309",4,0,4
"E00035310",1,1,0
"E00035311",1,0,1
"E00035312",1,0,1
"E00035313",3,1,2
"E00035314",0,0,0
"E00035315",0,0,0
"E00035316",2,0,2
"E00035317",1,1,0
"E00035318",1,1,0
"E00035319",0,0,0
"E00035322",1,0,1
"E00035323",0,0,0
"E00035324",0,0,0
"E00035325",1,0,1
"E00035326",0,0,0
"E00035327",1,0,1
"E00035328",0,0,0
"E00035329",3,0,3
"E00035330",3,2,1
"E00035331",3,2,1
"E00035332",5,3,2
"E00035333",5,4,1
"E00035334",7,3,4
"E00035335",9,4,5
"E00035336",11,5,6
"E00035337",13,5,8
"E00035338",7,4,3
"E00035339",6,5,1
"E00035341",1,0,1
"E00035342",0,0,0
"E00035343",1,1,0
"E00035344",0,0,0
"E00035345",1,1,0
"E00035346",6,2,4
"E00035347",4,1,3
"E00035348",2,0,2
"E00035349",0,0,0
"E00035350",1,1,0
"E00035351",0,0,0
"E00035352",3,2,1
"E00035353",4,1,3
"E00035354",2,1,1
"E00035355",1,0,1
"E00035356",1,0,1
"E00035357",0,0,0
"E00035358",4,1,3
"E00035359",3,1,2
"E00035360",2,2,0
"E00035361",1,0,1
"E00035362",9,3,6
"E00035363",9,7,2
"E00035364",1,1,0
"E00035365",6,5,1
"E00035366",0,0,0
"E00035367",0,0,0
"E00035368",0,0,0
"E00035369",15,6,9
"E00035370",6,4,2
"E00035371",0,0,0
"E00035372",7,3,4
"E00035373",0,0,0
"E00035374",2,1,1
"E00035375",0,0,0
"E00035376",5,2,3
"E00035377",1,0,1
"E00035378",0,0,0
"E00035379",2,2,0
"E00035380",2,0,2
"E00035381",3,1,2
"E00035382",2,0,2
"E00035384",1,0,1
"E00035385",0,0,0
"E00035386",1,0,1
"E00035387",3,2,1
"E00035388",0,0,0
"E00035389",1,1,0
"E00035390",7,5,2
"E00035391",0,0,0
"E00035392",0,0,0
"E00035393",3,0,3
"E00035394",6,3,3
"E00035395",0,0,0
"E00035396",6,2,4
"E00035397",0,0,0
"E00035398",2,2,0
"E00035399",0,0,0
"E00035400",2,0,2
"E00035401",0,0,0
"E00035402",0,0,0
"E00035403",0,0,0
"E00035404",0,0,0
"E00035405",0,0,0
"E00035406",0,0,0
"E00035407",2,0,2
"E00035408",4,1,3
"E00035409",3,1,2
"E00035410",5,1,4
"E00035411",5,2,3
"E00035412",3,1,2
"E00035413",0,0,0
"E00035414",1,0,1
"E00035415",5,1,4
"E00035416",8,3,5
"E00035417",7,3,4
"E00035418",8,6,2
"E00035419",0,0,0
"E00035420",3,1,2
"E00035421",8,5,3
"E00035422",5,3,2
"E00035423",6,3,3
"E00035424",6,4,2
"E00035425",3,3,0
"E00035426",0,0,0
"E00035427",15,5,10
"E00035428",4,1,3
"E00035429",10,8,2
"E00035430",13,8,5
"E00035431",3,2,1
"E00035432",4,0,4
"E00035433",7,2,5
"E00035434",9,6,3
"E00035435",12,4,8
"E00035436",3,1,2
"E00035437",13,7,6
"E00035438",12,7,5
"E00035439",5,3,2
"E00035440",7,1,6
"E00035441",10,3,7
"E00035442",4,2,2
"E00035443",3,0,3
"E00035444",4,3,1
"E00035445",9,4,5
"E00035446",10,5,5
"E00035447",3,2,1
"E00035448",7,5,2
"E00035449",14,7,7
"E00035450",8,3,5
"E00035451",5,5,0
"E00035452",4,2,2
"E00035453",4,1,3
"E00035454",4,2,2
"E00035455",2,1,1
"E00035456",5,3,2
"E00035457",4,3,1
"E00035458",8,4,4
"E00035459",8,3,5
"E00035460",5,3,2
"E00035461",6,2,4
"E00035462",2,1,1
"E00035463",3,2,1
"E00035464",4,1,3
"E00035465",5,2,3
"E00035466",2,1,1
"E00035467",1,1,0
"E00035468",1,1,0
"E00035469",5,3,2
"E00035470",4,3,1
"E00035471",0,0,0
"E00035472",5,3,2
"E00035473",1,1,0
"E00035474",3,2,1
"E00035475",5,3,2
"E00035476",5,4,1
"E00035477",2,1,1
"E00035478",5,3,2
"E00035479",4,2,2
"E00035480",0,0,0
"E00035481",4,3,1
"E00035482",1,0,1
"E00035483",2,1,1
"E00035484",4,3,1
"E00035485",3,3,0
"E00035486",3,3,0
"E00035487",3,2,1
"E00035488",9,4,5
"E00035489",4,2,2
"E00035490",1,1,0
"E00035491",2,0,2
"E00035492",0,0,0
"E00035493",3,2,1
"E00035494",2,0,2
"E00035495",1,0,1
"E00035496",2,1,1
"E00035497",3,2,1
"E00035498",4,2,2
"E00035501",0,0,0
"E00035502",0,0,0
"E00035503",1,1,0
"E00035504",3,0,3
"E00035505",0,0,0
"E00035506",0,0,0
"E00035507",0,0,0
"E00035508",1,0,1
"E00035509",0,0,0
"E00035510",1,1,0
"E00035511",3,1,2
"E00035512",0,0,0
"E00035513",1,0,1
"E00035514",0,0,0
"E00035515",0,0,0
"E00035516",4,2,2
"E00035518",0,0,0
"E00035519",0,0,0
"E00035520",1,1,0
"E00035521",0,0,0
"E00035523",1,0,1
"E00035524",0,0,0
"E00035525",0,0,0
"E00035526",0,0,0
"E00035527",2,1,1
"E00035528",4,3,1
"E00035529",2,0,2
"E00035530",3,0,3
"E00035531",0,0,0
"E00035532",2,1,1
"E00035533",0,0,0
"E00035534",2,1,1
"E00035535",2,1,1
"E00035536",0,0,0
"E00035537",1,0,1
"E00035538",1,1,0
"E00035539",0,0,0
"E00035540",2,1,1
"E00035541",1,1,0
"E00035542",0,0,0
"E00035543",0,0,0
"E00035544",3,2,1
"E00035545",3,1,2
"E00035546",2,0,2
"E00035547",0,0,0
"E00035548",3,2,1
"E00035549",1,0,1
"E00035550",5,1,4
"E00035551",1,1,0
"E00035552",1,0,1
"E00035553",1,0,1
"E00035554",1,0,1
"E00035555",1,0,1
"E00035556",0,0,0
"E00035559",0,0,0
"E00035563",1,0,1
"E00035564",2,0,2
"E00035565",1,0,1
"E00035568",0,0,0
"E00035570",3,2,1
"E00035571",2,1,1
"E00035572",0,0,0
"E00035573",0,0,0
"E00035574",0,0,0
"E00035575",5,0,5
"E00035576",0,0,0
"E00035577",2,1,1
"E00035578",4,2,2
"E00035579",0,0,0
"E00035580",2,1,1
"E00035581",2,1,1
"E00035582",0,0,0
"E00035583",1,0,1
"E00035584",0,0,0
"E00035585",3,2,1
"E00035586",4,2,2
"E00035587",5,1,4
"E00035588",4,2,2
"E00035589",4,1,3
"E00035590",6,5,1
"E00035591",0,0,0
"E00035592",1,1,0
"E00035593",6,3,3
"E00035594",1,0,1
"E00035595",7,3,4
"E00035596",1,1,0
"E00035597",0,0,0
"E00035598",2,1,1
"E00035599",6,3,3
"E00035600",1,0,1
"E00035601",3,1,2
"E00035602",3,1,2
"E00035603",6,1,5
"E00035604",4,2,2
"E00035605",8,3,5
"E00035606",2,2,0
"E00035607",4,2,2
"E00035608",1,1,0
"E00035609",8,6,2
"E00035610",12,6,6
"E00035611",2,0,2
"E00035612",9,5,4
"E00035613",7,3,4
"E00035614",5,4,1
"E00035615",9,6,3
"E00035616",10,2,8
"E00035617",3,2,1
"E00035618",2,1,1
"E00035619",7,2,5
"E00035620",11,4,7
"E00035621",5,2,3
"E00035622",2,1,1
"E00035623",1,0,1
"E00035624",2,1,1
"E00035625",0,0,0
"E00035626",2,2,0
"E00035627",0,0,0
"E00035628",3,2,1
"E00035629",5,2,3
"E00035630",0,0,0
"E00035631",2,1,1
"E00035632",3,1,2
"E00035633",3,2,1
"E00035634",0,0,0
"E00035635",2,1,1
"E00035636",3,2,1
"E00035637",0,0,0
"E00035638",1,0,1
"E00035639",3,2,1
"E00035640",2,2,0
"E00035641",2,0,2
"E00035642",4,3,1
"E00035643",2,1,1
"E00035644",0,0,0
"E00035645",5,3,2
"E00035646",7,4,3
"E00035647",7,4,3
"E00035648",2,1,1
"E00035649",1,0,1
"E00035650",4,1,3
"E00035651",1,1,0
"E00035652",5,3,2
"E00035653",6,1,5
"E00035654",6,3,3
"E00035655",8,3,5
"E00035656",7,4,3
"E00035657",1,1,0
"E00035658",1,0,1
"E00035659",4,2,2
"E00035660",6,4,2
"E00035661",5,0,5
"E00035662",3,2,1
"E00035663",7,3,4
"E00035664",4,1,3
"E00035665",1,0,1
"E00035666",1,0,1
"E00035667",2,0,2
"E00035668",1,0,1
"E00035669",1,0,1
"E00035670",4,1,3
"E00035671",1,1,0
"E00035672",1,0,1
"E00035673",2,1,1
"E00035674",6,3,3
"E00035675",1,0,1
"E00035676",4,2,2
"E00035677",1,1,0
"E00035678",0,0,0
"E00035679",0,0,0
"E00035680",0,0,0
"E00035681",2,2,0
"E00035682",5,4,1
"E00035683",0,0,0
"E00035684",3,1,2
"E00035685",4,1,3
"E00035686",0,0,0
"E00035687",4,2,2
"E00035688",1,1,0
"E00035689",3,1,2
"E00035690",1,0,1
"E00035691",3,0,3
"E00035692",1,1,0
"E00035693",1,1,0
"E00035694",1,0,1
"E00035696",0,0,0
"E00035697",2,2,0
"E00035698",2,1,1
"E00035699",0,0,0
"E00035700",1,1,0
"E00035701",4,2,2
"E00035702",7,6,1
"E00035703",6,2,4
"E00035704",4,2,2
"E00035705",4,2,2
"E00035706",4,2,2
"E00035707",1,0,1
"E00035708",2,1,1
"E00035709",5,2,3
"E00035710",1,0,1
"E00035711",3,2,1
"E00035712",2,1,1
"E00035713",0,0,0
"E00035714",0,0,0
"E00035715",5,3,2
"E00035716",2,1,1
"E00035717",0,0,0
"E00035718",1,0,1
"E00035719",6,5,1
"E00035720",11,4,7
"E00035721",2,0,2
"E00035722",0,0,0
"E00035724",3,2,1
"E00035725",1,0,1
"E00035726",1,1,0
"E00035728",0,0,0
"E00035729",3,3,0
"E00035730",2,1,1
"E00035731",0,0,0
"E00035732",2,1,1
"E00035733",4,2,2
"E00035734",1,1,0
"E00035735",0,0,0
"E00035736",4,4,0
"E00035737",1,0,1
"E00035738",3,1,2
"E00035739",1,1,0
"E00035740",1,0,1
"E00035741",3,2,1
"E00035742",2,1,1
"E00035743",0,0,0
"E00035744",1,1,0
"E00035745",1,1,0
"E00035746",3,2,1
"E00035747",2,2,0
"E00035748",5,3,2
"E00035749",4,1,3
"E00035750",4,2,2
"E00035751",1,0,1
"E00035752",0,0,0
"E00035753",3,0,3
"E00035754",1,1,0
"E00035755",1,0,1
"E00035756",10,4,6
"E00035757",6,2,4
"E00035758",6,5,1
"E00035759",1,0,1
"E00035760",2,1,1
"E00035761",11,4,7
"E00035762",4,3,1
"E00035763",3,1,2
"E00035764",1,0,1
"E00035765",4,2,2
"E00035766",4,0,4
"E00035767",0,0,0
"E00035768",0,0,0
"E00035769",4,1,3
"E00035770",1,1,0
"E00035771",5,2,3
"E00035772",1,0,1
"E00035773",1,0,1
"E00035774",5,4,1
"E00035775",3,2,1
"E00035776",2,1,1
"E00035777",4,2,2
"E00035778",3,2,1
"E00035779",4,3,1
"E00035780",0,0,0
"E00035781",7,4,3
"E00035782",4,3,1
"E00035783",2,0,2
"E00035784",5,2,3
"E00035785",5,1,4
"E00035786",8,5,3
"E00035787",3,0,3
"E00035788",5,2,3
"E00035789",6,3,3
"E00035790",15,8,7
"E00035791",2,2,0
"E00035792",4,1,3
"E00035793",3,0,3
"E00035794",8,4,4
"E00035795",0,0,0
"E00035796",4,2,2
"E00035797",5,4,1
"E00035798",2,1,1
"E00035799",4,3,1
"E00035800",2,1,1
"E00035801",8,5,3
"E00035802",2,2,0
"E00035803",1,0,1
"E00035804",4,1,3
"E00035805",3,1,2
"E00035806",4,1,3
"E00035807",2,1,1
"E00035808",5,3,2
"E00035809",3,2,1
"E00035810",3,2,1
"E00035811",2,1,1
"E00035812",2,1,1
"E00035813",2,2,0
"E00035814",3,1,2
"E00035815",6,4,2
"E00035816",3,1,2
"E00035817",3,1,2
"E00035818",2,0,2
"E00035819",0,0,0
"E00035820",0,0,0
"E00035821",1,0,1
"E00035822",5,3,2
"E00035823",4,2,2
"E00035824",0,0,0
"E00035825",2,0,2
"E00035826",4,3,1
"E00035827",3,2,1
"E00035828",1,1,0
"E00035829",6,1,5
"E00035830",2,1,1
"E00035831",6,4,2
"E00035832",6,3,3
"E00035833",5,4,1
"E00035834",1,0,1
"E00035835",1,0,1
"E00035836",4,1,3
"E00035837",5,2,3
"E00035838",1,1,0
"E00035839",2,1,1
"E00035840",0,0,0
"E00035841",7,3,4
"E00035842",14,5,9
"E00035843",2,1,1
"E00035844",4,4,0
"E00035845",1,0,1
"E00035846",0,0,0
"E00035847",5,1,4
"E00035848",3,1,2
"E00035849",5,3,2
"E00035850",4,2,2
"E00035851",4,3,1
"E00035852",4,2,2
"E00035853",4,2,2
"E00035854",4,2,2
"E00035855",8,3,5
"E00035856",8,7,1
"E00035857",0,0,0
"E00035858",2,1,1
"E00035859",11,4,7
"E00035860",2,1,1
"E00035861",6,4,2
"E00035862",6,4,2
"E00035863",8,2,6
"E00035864",7,4,3
"E00035865",0,0,0
"E00035866",10,4,6
"E00035867",7,3,4
"E00035868",7,4,3
"E00035869",10,5,5
"E00035870",2,1,1
"E00035871",3,1,2
"E00035872",9,6,3
"E00035873",8,2,6
"E00035874",8,4,4
"E00035875",5,4,1
"E00035876",1,1,0
"E00035877",3,0,3
"E00035878",2,1,1
"E00035879",5,2,3
"E00035880",2,1,1
"E00035881",4,0,4
"E00035882",1,0,1
"E00035883",1,0,1
"E00035884",4,1,3
"E00035885",1,1,0
"E00035886",3,3,0
"E00035887",1,0,1
"E00035888",0,0,0
"E00035889",0,0,0
"E00035890",3,2,1
"E00035891",0,0,0
"E00035892",0,0,0
"E00035893",6,2,4
"E00035894",2,1,1
"E00035895",1,1,0
"E00035896",3,1,2
"E00035897",0,0,0
"E00035898",0,0,0
"E00035899",0,0,0
"E00035900",1,0,1
"E00035901",0,0,0
"E00035903",1,1,0
"E00035904",2,1,1
"E00035905",5,3,2
"E00035907",4,1,3
"E00035908",5,1,4
"E00035909",1,1,0
"E00035910",3,3,0
"E00035911",3,2,1
"E00035912",0,0,0
"E00035913",1,1,0
"E00035914",2,1,1
"E00035915",2,0,2
"E00035916",1,1,0
"E00035917",6,4,2
"E00035918",0,0,0
"E00035919",2,2,0
"E00035920",2,2,0
"E00035921",3,3,0
"E00035922",1,0,1
"E00035923",0,0,0
"E00035924",1,0,1
"E00035925",1,1,0
"E00035926",2,1,1
"E00035927",2,2,0
"E00035928",6,3,3
"E00035929",6,4,2
"E00035930",0,0,0
"E00035931",6,2,4
"E00035932",1,1,0
"E00035933",0,0,0
"E00035934",1,0,1
"E00035935",6,2,4
"E00035936",4,2,2
"E00035937",5,1,4
"E00035938",3,1,2
"E00035939",3,1,2
"E00035940",0,0,0
"E00035941",7,3,4
"E00035942",0,0,0
"E00035943",3,1,2
"E00035944",1,1,0
"E00035945",4,2,2
"E00035946",7,4,3
"E00035947",2,1,1
"E00035948",2,1,1
"E00035949",0,0,0
"E00035950",1,0,1
"E00035951",1,0,1
"E00035952",2,0,2
"E00035953",6,3,3
"E00035954",2,1,1
"E00035955",3,2,1
"E00035956",4,2,2
"E00035957",2,2,0
"E00035958",2,2,0
"E00035959",0,0,0
"E00035960",5,3,2
"E00035961",2,1,1
"E00035962",2,1,1
"E00035963",2,0,2
"E00035964",2,1,1
"E00035965",6,0,6
"E00035966",1,1,0
"E00035967",7,5,2
"E00035968",2,1,1
"E00035969",5,3,2
"E00035970",4,1,3
"E00035971",2,1,1
"E00035972",4,2,2
"E00035973",2,0,2
"E00035974",5,2,3
"E00035975",2,1,1
"E00035976",10,4,6
"E00035977",4,2,2
"E00035978",5,3,2
"E00035979",5,3,2
"E00035980",5,3,2
"E00035981",1,0,1
"E00035982",7,2,5
"E00035983",2,0,2
"E00035984",3,1,2
"E00035985",3,2,1
"E00035986",5,2,3
"E00035987",0,0,0
"E00035988",3,3,0
"E00035989",11,3,8
"E00035990",7,4,3
"E00035991",0,0,0
"E00035992",7,4,3
"E00035993",3,2,1
"E00035994",7,2,5
"E00035995",5,3,2
"E00035996",2,2,0
"E00035997",8,5,3
"E00035998",5,0,5
"E00035999",2,1,1
"E00036000",1,1,0
"E00036001",9,1,8
"E00036002",3,2,1
"E00036003",5,1,4
"E00036004",2,1,1
"E00036005",2,1,1
"E00036006",6,3,3
"E00036007",5,2,3
"E00036008",3,0,3
"E00036009",3,0,3
"E00036010",1,0,1
"E00036011",3,3,0
"E00036012",5,1,4
"E00036013",0,0,0
"E00036014",6,5,1
"E00036015",6,1,5
"E00036016",2,0,2
"E00036017",4,3,1
"E00036018",5,3,2
"E00036019",5,3,2
"E00036020",5,3,2
"E00036021",2,0,2
"E00036022",4,1,3
"E00036023",2,1,1
"E00036024",4,1,3
"E00036025",0,0,0
"E00036026",7,1,6
"E00036027",6,5,1
"E00036028",1,0,1
"E00036029",3,1,2
"E00036030",6,5,1
"E00036031",5,0,5
"E00036032",5,3,2
"E00036033",1,1,0
"E00036034",4,2,2
"E00036035",2,2,0
"E00036036",2,1,1
"E00036037",5,2,3
"E00036038",2,2,0
"E00036039",7,2,5
"E00036040",12,3,9
"E00036041",3,3,0
"E00036042",5,3,2
"E00036043",8,3,5
"E00036044",3,1,2
"E00036045",9,4,5
"E00036046",6,2,4
"E00036047",2,1,1
"E00036048",1,0,1
"E00036049",3,3,0
"E00036050",4,0,4
"E00036051",0,0,0
"E00036052",0,0,0
"E00036053",3,2,1
"E00036054",12,5,7
"E00036055",0,0,0
"E00036056",3,2,1
"E00036057",5,2,3
"E00036058",1,0,1
"E00036059",1,0,1
"E00036060",2,2,0
"E00036061",2,1,1
"E00036062",0,0,0
"E00036063",0,0,0
"E00036064",0,0,0
"E00036066",3,2,1
"E00036067",1,0,1
"E00036069",0,0,0
"E00036070",0,0,0
"E00036071",1,0,1
"E00036072",6,3,3
"E00036073",1,1,0
"E00036074",0,0,0
"E00036075",1,1,0
"E00036076",1,1,0
"E00036077",0,0,0
"E00036078",2,2,0
"E00036079",10,5,5
"E00036080",1,1,0
"E00036081",0,0,0
"E00036082",2,0,2
"E00036083",1,1,0
"E00036084",4,2,2
"E00036085",0,0,0
"E00036086",2,0,2
"E00036087",2,0,2
"E00036088",0,0,0
"E00036089",1,0,1
"E00036090",4,3,1
"E00036091",0,0,0
"E00036092",1,0,1
"E00036093",0,0,0
"E00036095",3,2,1
"E00036096",2,0,2
"E00036097",0,0,0
"E00036098",2,1,1
"E00036099",2,0,2
"E00036100",2,0,2
"E00036101",1,0,1
"E00036102",1,1,0
"E00036103",0,0,0
"E00036104",3,3,0
"E00036105",0,0,0
"E00036107",3,2,1
"E00036111",0,0,0
"E00036112",0,0,0
"E00036113",0,0,0
"E00036114",1,1,0
"E00036115",0,0,0
"E00036116",0,0,0
"E00036117",1,1,0
"E00036118",1,1,0
"E00036119",0,0,0
"E00036120",0,0,0
"E00036121",0,0,0
"E00036122",0,0,0
"E00036123",2,1,1
"E00036124",1,1,0
"E00036125",2,1,1
"E00036126",2,2,0
"E00036127",2,2,0
"E00036128",4,3,1
"E00036129",1,0,1
"E00036130",2,1,1
"E00036131",1,1,0
"E00036132",0,0,0
"E00036133",2,0,2
"E00036134",1,1,0
"E00036135",0,0,0
"E00036136",2,2,0
"E00036137",4,2,2
"E00036138",4,2,2
"E00036139",0,0,0
"E00036140",1,1,0
"E00036141",2,1,1
"E00036142",3,2,1
"E00036143",3,2,1
"E00036144",0,0,0
"E00036145",4,2,2
"E00036146",4,1,3
"E00036147",1,1,0
"E00036148",3,2,1
"E00036149",0,0,0
"E00036150",0,0,0
"E00036151",2,2,0
"E00036152",3,0,3
"E00036153",2,1,1
"E00036154",0,0,0
"E00036155",5,3,2
"E00036156",8,5,3
"E00036157",4,2,2
"E00036158",3,1,2
"E00036159",2,1,1
"E00036160",3,2,1
"E00036161",1,1,0
"E00036162",6,3,3
"E00036163",6,4,2
"E00036164",1,0,1
"E00036165",3,1,2
"E00036166",2,1,1
"E00036167",6,4,2
"E00036168",1,1,0
"E00036169",4,2,2
"E00036170",4,3,1
"E00036171",3,1,2
"E00036172",1,0,1
"E00036173",1,1,0
"E00036174",0,0,0
"E00036175",1,0,1
"E00036176",1,1,0
"E00036177",2,0,2
"E00036178",2,1,1
"E00036179",4,3,1
"E00036180",1,0,1
"E00036181",4,2,2
"E00036182",3,1,2
"E00036183",0,0,0
"E00036184",0,0,0
"E00036185",1,0,1
"E00036186",1,0,1
"E00036187",1,1,0
"E00036188",4,2,2
"E00036189",0,0,0
"E00036190",0,0,0
"E00036191",4,2,2
"E00036192",7,2,5
"E00036193",2,0,2
"E00036194",4,1,3
"E00036195",3,1,2
"E00036196",4,3,1
"E00036197",2,2,0
"E00036198",1,0,1
"E00036199",1,0,1
"E00036200",0,0,0
"E00036201",2,0,2
"E00036202",4,0,4
"E00036203",6,4,2
"E00036204",8,5,3
"E00036205",5,2,3
"E00036206",11,5,6
"E00036207",3,2,1
"E00036208",10,4,6
"E00036209",5,4,1
"E00036210",4,3,1
"E00036211",2,1,1
"E00036212",4,1,3
"E00036213",5,3,2
"E00036214",3,1,2
"E00036215",5,2,3
"E00036216",5,1,4
"E00036217",6,2,4
"E00036218",4,4,0
"E00036219",2,2,0
"E00036220",0,0,0
"E00036221",5,3,2
"E00036222",3,2,1
"E00036223",3,0,3
"E00036224",2,1,1
"E00036225",5,1,4
"E00036226",11,5,6
"E00036227",6,3,3
"E00036228",1,0,1
"E00036229",5,3,2
"E00036230",5,3,2
"E00036231",2,1,1
"E00036232",5,4,1
"E00036233",0,0,0
"E00036234",4,2,2
"E00036235",2,1,1
"E00036236",6,4,2
"E00036237",3,1,2
"E00036238",13,11,2
"E00036239",4,2,2
"E00036240",5,3,2
"E00036241",6,1,5
"E00036242",7,3,4
"E00036243",4,1,3
"E00036244",6,5,1
"E00036245",0,0,0
"E00036246",6,4,2
"E00036247",3,3,0
"E00036248",2,0,2
"E00036249",5,2,3
"E00036251",2,0,2
"E00036252",7,4,3
"E00036253",1,1,0
"E00036254",7,4,3
"E00036255",3,2,1
"E00036256",9,4,5
"E00036257",0,0,0
"E00036258",0,0,0
"E00036259",9,2,7
"E00036260",5,1,4
"E00036261",2,0,2
"E00036262",5,2,3
"E00036263",1,1,0
"E00036264",2,2,0
"E00036265",6,3,3
"E00036266",2,0,2
"E00036267",3,2,1
"E00036268",5,2,3
"E00036269",5,3,2
"E00036270",3,2,1
"E00036271",0,0,0
"E00036272",0,0,0
"E00036273",1,0,1
"E00036274",4,3,1
"E00036275",2,1,1
"E00036276",2,2,0
"E00036277",0,0,0
"E00036278",11,8,3
"E00036279",1,0,1
"E00036280",2,1,1
"E00036281",3,1,2
"E00036282",0,0,0
"E00036283",2,0,2
"E00036284",3,3,0
"E00036285",2,1,1
"E00036286",6,3,3
"E00036287",1,0,1
"E00036288",5,2,3
"E00036289",5,2,3
"E00036290",3,3,0
"E00036291",5,3,2
"E00036292",6,3,3
"E00036293",7,5,2
"E00036294",5,3,2
"E00036295",0,0,0
"E00036296",5,1,4
"E00036297",0,0,0
"E00036298",3,1,2
"E00036299",2,1,1
"E00036300",1,0,1
"E00036301",2,0,2
"E00036302",1,0,1
"E00036303",0,0,0
"E00036304",3,2,1
"E00036305",1,0,1
"E00036306",2,0,2
"E00036307",5,2,3
"E00036308",1,1,0
"E00036309",1,0,1
"E00036310",5,2,3
"E00036311",0,0,0
"E00036312",0,0,0
"E00036313",1,1,0
"E00036314",2,1,1
"E00036315",1,0,1
"E00036316",3,3,0
"E00036317",4,1,3
"E00036318",4,2,2
"E00036319",1,1,0
"E00036320",8,5,3
"E00036321",3,1,2
"E00036322",4,1,3
"E00036323",5,3,2
"E00036324",4,1,3
"E00036325",4,3,1
"E00036326",3,2,1
"E00036327",1,0,1
"E00036328",1,1,0
"E00036329",7,3,4
"E00036330",3,3,0
"E00036331",6,4,2
"E00036332",0,0,0
"E00036333",6,3,3
"E00036334",3,1,2
"E00036335",1,0,1
"E00036336",0,0,0
"E00036337",3,2,1
"E00036338",5,2,3
"E00036339",3,3,0
"E00036340",0,0,0
"E00036341",2,1,1
"E00036342",4,2,2
"E00036343",2,1,1
"E00036344",2,1,1
"E00036345",3,1,2
"E00036346",5,3,2
"E00036347",1,1,0
"E00036348",3,1,2
"E00036349",1,0,1
"E00036350",7,4,3
"E00036351",2,0,2
"E00036352",10,7,3
"E00036353",0,0,0
"E00036354",1,0,1
"E00036355",2,0,2
"E00036356",3,0,3
"E00036357",5,2,3
"E00036358",0,0,0
"E00036359",0,0,0
"E00036360",0,0,0
"E00036361",7,1,6
"E00036362",5,1,4
"E00036363",0,0,0
"E00036364",0,0,0
"E00036365",0,0,0
"E00036366",3,1,2
"E00036367",0,0,0
"E00036368",3,3,0
"E00036369",3,0,3
"E00036370",1,0,1
"E00036371",0,0,0
"E00036372",3,1,2
"E00036373",1,0,1
"E00036374",0,0,0
"E00036375",1,0,1
"E00036376",1,0,1
"E00036377",5,1,4
"E00036378",0,0,0
"E00036379",1,0,1
"E00036380",0,0,0
"E00036381",0,0,0
"E00036382",3,1,2
"E00036383",4,3,1
"E00036384",11,4,7
"E00036385",4,3,1
"E00036386",17,7,10
"E00036387",5,4,1
"E00036388",12,5,7
"E00036389",6,0,6
"E00036390",12,8,4
"E00036391",6,2,4
"E00036392",5,3,2
"E00036393",14,7,7
"E00036394",7,2,5
"E00036395",7,4,3
"E00036396",10,5,5
"E00036397",15,3,12
"E00036398",8,4,4
"E00036399",12,5,7
"E00036400",15,9,6
"E00036401",9,2,7
"E00036402",9,3,6
"E00036403",11,5,6
"E00036404",15,4,11
"E00036405",13,6,7
"E00036406",8,2,6
"E00036407",8,4,4
"E00036408",6,4,2
"E00036409",7,1,6
"E00036410",0,0,0
"E00036411",1,1,0
"E00036412",7,4,3
"E00036413",5,0,5
"E00036414",7,2,5
"E00036415",5,3,2
"E00036416",6,0,6
"E00036417",14,5,9
"E00036418",1,1,0
"E00036419",5,1,4
"E00036420",10,5,5
"E00036421",5,3,2
"E00036422",0,0,0
"E00036423",8,4,4
"E00036424",5,1,4
"E00036425",2,2,0
"E00036426",7,5,2
"E00036427",6,4,2
"E00036428",3,1,2
"E00036429",11,7,4
"E00036430",2,1,1
"E00036431",9,4,5
"E00036432",7,2,5
"E00036433",11,5,6
"E00036434",10,4,6
"E00036435",5,1,4
"E00036436",5,3,2
"E00036437",0,0,0
"E00036438",10,3,7
"E00036439",11,6,5
"E00036440",9,6,3
"E00036441",3,1,2
"E00036442",4,2,2
"E00036443",13,9,4
"E00036444",8,3,5
"E00036445",4,1,3
"E00036446",0,0,0
"E00036447",7,2,5
"E00036448",2,1,1
"E00036449",2,1,1
"E00036450",13,8,5
"E00036451",2,1,1
"E00036452",14,10,4
"E00036453",9,3,6
"E00036454",10,4,6
"E00036455",2,1,1
"E00036456",2,1,1
"E00036457",2,1,1
"E00036458",1,1,0
"E00036459",10,2,8
"E00036460",5,4,1
"E00036461",6,2,4
"E00036462",1,1,0
"E00036463",5,1,4
"E00036464",4,2,2
"E00036465",6,3,3
"E00036466",6,5,1
"E00036467",5,1,4
"E00036468",4,1,3
"E00036469",3,3,0
"E00036470",4,4,0
"E00036471",7,5,2
"E00036472",13,10,3
"E00036473",6,3,3
"E00036474",11,6,5
"E00036475",4,1,3
"E00036476",4,1,3
"E00036477",7,4,3
"E00036478",10,4,6
"E00036479",18,6,12
"E00036480",8,3,5
"E00036481",5,2,3
"E00036482",11,6,5
"E00036483",7,5,2
"E00036484",6,3,3
"E00036485",10,6,4
"E00036486",1,1,0
"E00036487",1,1,0
"E00036488",1,0,1
"E00036489",0,0,0
"E00036490",4,0,4
"E00036491",3,3,0
"E00036492",8,3,5
"E00036493",1,0,1
"E00036494",0,0,0
"E00036495",0,0,0
"E00036496",3,2,1
"E00036497",0,0,0
"E00036498",3,2,1
"E00036499",1,1,0
"E00036500",2,1,1
"E00036501",4,0,4
"E00036502",3,1,2
"E00036503",1,1,0
"E00036504",0,0,0
"E00036505",3,2,1
"E00036506",0,0,0
"E00036507",0,0,0
"E00036508",1,1,0
"E00036509",4,2,2
"E00036510",1,0,1
"E00036511",1,1,0
"E00036512",1,1,0
"E00036513",7,2,5
"E00036514",3,2,1
"E00036515",3,3,0
"E00036516",3,3,0
"E00036517",4,1,3
"E00036518",0,0,0
"E00036519",7,5,2
"E00036520",0,0,0
"E00036521",1,1,0
"E00036522",4,2,2
"E00036523",2,1,1
"E00036524",0,0,0
"E00036525",0,0,0
"E00036526",0,0,0
"E00036527",1,0,1
"E00036528",0,0,0
"E00036531",0,0,0
"E00036532",2,1,1
"E00036533",0,0,0
"E00036534",3,3,0
"E00036535",1,0,1
"E00036536",3,1,2
"E00036537",1,1,0
"E00036538",5,3,2
"E00036539",4,3,1
"E00036540",0,0,0
"E00036541",3,2,1
"E00036542",0,0,0
"E00036543",3,1,2
"E00036544",1,1,0
"E00036545",1,0,1
"E00036546",2,2,0
"E00036547",1,0,1
"E00036548",2,2,0
"E00036549",5,2,3
"E00036550",2,0,2
"E00036551",2,0,2
"E00036552",2,0,2
"E00036553",1,1,0
"E00036554",1,0,1
"E00036555",0,0,0
"E00036556",2,0,2
"E00036557",0,0,0
"E00036558",0,0,0
"E00036559",0,0,0
"E00036560",3,2,1
"E00036561",5,3,2
"E00036562",1,1,0
"E00036563",4,3,1
"E00036564",0,0,0
"E00036565",2,2,0
"E00036566",0,0,0
"E00036567",5,2,3
"E00036568",2,1,1
"E00036569",6,2,4
"E00036570",5,2,3
"E00036571",2,0,2
"E00036572",8,4,4
"E00036573",0,0,0
"E00036574",5,3,2
"E00036575",2,1,1
"E00036576",6,4,2
"E00036577",0,0,0
"E00036578",0,0,0
"E00036579",3,2,1
"E00036580",1,1,0
"E00036581",2,0,2
"E00036582",2,1,1
"E00036583",0,0,0
"E00036584",0,0,0
"E00036585",6,4,2
"E00036586",3,2,1
"E00036587",9,4,5
"E00036588",2,1,1
"E00036589",1,1,0
"E00036590",4,1,3
"E00036591",3,0,3
"E00036592",2,2,0
"E00036593",0,0,0
"E00036594",1,1,0
"E00036595",0,0,0
"E00036597",0,0,0
"E00036598",1,0,1
"E00036599",0,0,0
"E00036600",3,1,2
"E00036601",4,1,3
"E00036602",0,0,0
"E00036603",2,1,1
"E00036604",2,1,1
"E00036606",0,0,0
"E00036607",5,2,3
"E00036608",0,0,0
"E00036609",0,0,0
"E00036610",1,0,1
"E00036611",1,0,1
"E00036612",4,0,4
"E00036613",2,2,0
"E00036614",6,2,4
"E00036615",1,1,0
"E00036616",4,3,1
"E00036617",5,1,4
"E00036618",0,0,0
"E00036619",2,1,1
"E00036620",0,0,0
"E00036621",3,1,2
"E00036622",3,2,1
"E00036623",0,0,0
"E00036624",8,2,6
"E00036625",3,3,0
"E00036626",6,1,5
"E00036627",2,1,1
"E00036628",1,0,1
"E00036629",5,2,3
"E00036630",1,0,1
"E00036631",2,0,2
"E00036632",2,2,0
"E00036633",0,0,0
"E00036634",6,2,4
"E00036635",2,1,1
"E00036636",0,0,0
"E00036637",3,3,0
"E00036638",2,0,2
"E00036639",0,0,0
"E00036640",3,1,2
"E00036641",4,2,2
"E00036642",1,0,1
"E00036643",0,0,0
"E00036644",2,1,1
"E00036645",3,1,2
"E00036646",4,3,1
"E00036647",0,0,0
"E00036648",3,3,0
"E00036649",1,1,0
"E00036650",3,2,1
"E00036651",7,4,3
"E00036652",1,0,1
"E00036653",2,1,1
"E00036654",1,0,1
"E00036655",2,0,2
"E00036656",1,0,1
"E00036657",2,2,0
"E00036658",7,2,5
"E00036659",6,2,4
"E00036660",8,3,5
"E00036661",2,1,1
"E00036662",1,0,1
"E00036663",2,2,0
"E00036664",1,0,1
"E00036665",3,2,1
"E00036666",0,0,0
"E00036667",1,0,1
"E00036668",2,0,2
"E00036669",7,1,6
"E00036670",3,1,2
"E00036671",8,3,5
"E00036672",5,2,3
"E00036673",6,5,1
"E00036674",1,1,0
"E00036675",1,1,0
"E00036676",4,2,2
"E00036677",2,1,1
"E00036678",3,2,1
"E00036679",3,2,1
"E00036680",3,2,1
"E00036681",2,1,1
"E00036682",0,0,0
"E00036683",1,0,1
"E00036684",0,0,0
"E00036685",6,5,1
"E00036686",1,0,1
"E00036687",4,1,3
"E00036688",1,1,0
"E00036689",5,3,2
"E00036690",4,3,1
"E00036691",5,3,2
"E00036692",2,1,1
"E00036693",1,0,1
"E00036694",1,1,0
"E00036695",3,1,2
"E00036696",0,0,0
"E00036697",2,1,1
"E00036698",4,4,0
"E00036699",2,0,2
"E00036700",5,4,1
"E00036701",1,0,1
"E00036702",5,2,3
"E00036703",8,6,2
"E00036704",7,5,2
"E00036705",3,2,1
"E00036706",2,2,0
"E00036707",5,3,2
"E00036708",11,6,5
"E00036709",1,0,1
"E00036710",1,0,1
"E00036711",1,1,0
"E00036712",5,1,4
"E00036713",1,1,0
"E00036714",3,1,2
"E00036715",0,0,0
"E00036716",1,0,1
"E00036717",0,0,0
"E00036718",6,3,3
"E00036719",4,2,2
"E00036720",1,0,1
"E00036721",9,5,4
"E00036722",5,2,3
"E00036723",0,0,0
"E00036724",3,2,1
"E00036725",1,0,1
"E00036726",5,3,2
"E00036727",8,4,4
"E00036728",0,0,0
"E00036729",6,3,3
"E00036730",5,2,3
"E00036731",0,0,0
"E00036732",3,2,1
"E00036733",2,1,1
"E00036734",0,0,0
"E00036735",6,3,3
"E00036736",1,0,1
"E00036737",7,5,2
"E00036738",0,0,0
"E00036739",6,2,4
"E00036740",0,0,0
"E00036741",4,3,1
"E00036742",1,0,1
"E00036743",5,3,2
"E00036744",2,2,0
"E00036745",0,0,0
"E00036746",3,1,2
"E00036747",1,1,0
"E00036748",4,2,2
"E00036749",3,2,1
"E00036750",7,3,4
"E00036751",3,2,1
"E00036752",7,5,2
"E00036753",1,1,0
"E00036754",3,2,1
"E00036755",2,1,1
"E00036756",0,0,0
"E00036757",1,1,0
"E00036758",1,1,0
"E00036759",9,5,4
"E00036760",1,0,1
"E00036761",7,3,4
"E00036762",0,0,0
"E00036763",7,2,5
"E00036764",5,2,3
"E00036765",2,2,0
"E00036766",2,1,1
"E00036767",2,1,1
"E00036768",0,0,0
"E00036769",7,4,3
"E00036770",4,2,2
"E00036771",4,2,2
"E00036772",7,3,4
"E00036773",4,3,1
"E00036774",3,2,1
"E00036775",3,1,2
"E00036776",4,1,3
"E00036777",0,0,0
"E00036778",4,4,0
"E00036779",17,13,4
"E00036780",1,0,1
"E00036781",11,4,7
"E00036782",2,1,1
"E00036783",8,5,3
"E00036784",6,1,5
"E00036785",1,1,0
"E00036786",3,3,0
"E00036787",2,2,0
"E00036788",6,3,3
"E00036789",5,2,3
"E00036790",3,1,2
"E00036791",4,1,3
"E00036792",11,4,7
"E00036793",9,4,5
"E00036794",6,3,3
"E00036795",10,5,5
"E00036796",13,9,4
"E00036797",9,5,4
"E00036798",7,4,3
"E00036799",8,5,3
"E00036800",2,2,0
"E00036801",11,4,7
"E00036802",8,6,2
"E00036803",3,2,1
"E00036804",13,9,4
"E00036805",8,4,4
"E00036806",19,11,8
"E00036807",6,6,0
"E00036808",8,6,2
"E00036809",12,4,8
"E00036810",4,1,3
"E00036811",6,1,5
"E00036812",5,2,3
"E00036813",4,3,1
"E00036814",7,6,1
"E00036815",4,0,4
"E00036816",4,2,2
"E00036817",5,3,2
"E00036818",1,1,0
"E00036819",5,2,3
"E00036820",5,3,2
"E00036821",3,0,3
"E00036822",5,2,3
"E00036823",4,3,1
"E00036824",5,2,3
"E00036825",3,0,3
"E00036826",2,0,2
"E00036827",4,1,3
"E00036828",0,0,0
"E00036829",0,0,0
"E00036830",5,1,4
"E00036831",5,4,1
"E00036832",7,2,5
"E00036833",7,2,5
"E00036834",1,1,0
"E00036835",3,2,1
"E00036836",1,0,1
"E00036837",2,2,0
"E00036838",2,1,1
"E00036839",0,0,0
"E00036840",2,1,1
"E00036841",2,2,0
"E00036842",1,0,1
"E00036843",1,1,0
"E00036844",2,0,2
"E00036845",0,0,0
"E00036846",5,2,3
"E00036847",0,0,0
"E00036848",2,1,1
"E00036849",1,0,1
"E00036850",1,0,1
"E00036851",0,0,0
"E00036852",0,0,0
"E00036853",0,0,0
"E00036854",2,0,2
"E00036855",2,1,1
"E00036856",2,1,1
"E00036857",1,1,0
"E00036858",3,2,1
"E00036859",0,0,0
"E00036860",0,0,0
"E00036861",3,0,3
"E00036863",3,1,2
"E00036864",0,0,0
"E00036865",5,4,1
"E00036866",4,1,3
"E00036867",1,1,0
"E00036868",3,2,1
"E00036869",1,1,0
"E00036870",2,1,1
"E00036871",1,0,1
"E00036872",2,1,1
"E00036873",0,0,0
"E00036874",0,0,0
"E00036875",1,0,1
"E00036876",0,0,0
"E00036877",0,0,0
"E00036878",1,1,0
"E00036879",1,1,0
"E00036880",2,2,0
"E00036881",0,0,0
"E00036882",0,0,0
"E00036883",5,4,1
"E00036884",0,0,0
"E00036885",2,2,0
"E00036886",13,9,4
"E00036887",5,2,3
"E00036888",5,2,3
"E00036889",10,4,6
"E00036890",6,2,4
"E00036891",10,5,5
"E00036892",1,1,0
"E00036893",4,2,2
"E00036894",3,0,3
"E00036895",9,4,5
"E00036896",3,2,1
"E00036897",8,5,3
"E00036898",9,4,5
"E00036899",17,11,6
"E00036900",10,6,4
"E00036901",6,4,2
"E00036902",6,5,1
"E00036903",0,0,0
"E00036904",5,3,2
"E00036905",5,2,3
"E00036906",5,3,2
"E00036907",14,4,10
"E00036908",2,1,1
"E00036909",5,0,5
"E00036910",7,4,3
"E00036911",4,3,1
"E00036912",5,4,1
"E00036913",4,3,1
"E00036914",7,4,3
"E00036915",8,4,4
"E00036916",3,2,1
"E00036917",2,1,1
"E00036918",1,1,0
"E00036919",6,3,3
"E00036920",2,0,2
"E00036921",1,1,0
"E00036922",13,5,8
"E00036923",4,1,3
"E00036924",6,5,1
"E00036925",5,3,2
"E00036926",2,2,0
"E00036927",1,0,1
"E00036928",8,5,3
"E00036929",0,0,0
"E00036930",10,6,4
"E00036931",12,5,7
"E00036932",6,2,4
"E00036933",2,2,0
"E00036934",5,1,4
"E00036935",3,1,2
"E00036936",5,3,2
"E00036937",5,4,1
"E00036938",13,6,7
"E00036939",6,4,2
"E00036940",5,2,3
"E00036941",1,0,1
"E00036942",3,1,2
"E00036943",1,0,1
"E00036945",0,0,0
"E00036946",5,2,3
"E00036947",3,2,1
"E00036949",1,0,1
"E00036950",0,0,0
"E00036951",0,0,0
"E00036952",1,1,0
"E00036953",1,0,1
"E00036954",8,5,3
"E00036955",4,3,1
"E00036956",0,0,0
"E00036957",0,0,0
"E00036958",3,2,1
"E00036959",1,1,0
"E00036960",1,1,0
"E00036961",0,0,0
"E00036962",2,1,1
"E00036963",3,2,1
"E00036964",1,0,1
"E00036965",0,0,0
"E00036967",0,0,0
"E00036968",1,1,0
"E00036969",0,0,0
"E00036970",2,0,2
"E00036971",0,0,0
"E00036972",0,0,0
"E00036973",0,0,0
"E00036974",0,0,0
"E00036975",0,0,0
"E00036976",0,0,0
"E00036977",0,0,0
"E00036978",1,1,0
"E00036979",1,0,1
"E00036981",8,4,4
"E00036982",0,0,0
"E00036983",5,4,1
"E00036984",7,5,2
"E00036985",1,0,1
"E00036986",5,1,4
"E00036987",0,0,0
"E00036988",1,1,0
"E00036989",4,3,1
"E00036990",0,0,0
"E00036991",0,0,0
"E00036992",0,0,0
"E00036993",2,2,0
"E00036994",6,2,4
"E00036995",0,0,0
"E00036996",1,0,1
"E00036997",0,0,0
"E00036998",2,1,1
"E00036999",5,2,3
"E00037000",4,2,2
"E00037001",6,4,2
"E00037002",4,1,3
"E00037003",12,4,8
"E00037004",8,2,6
"E00037005",1,1,0
"E00037006",9,4,5
"E00037007",2,0,2
"E00037008",8,4,4
"E00037009",4,3,1
"E00037010",10,3,7
"E00037011",6,3,3
"E00037012",2,1,1
"E00037013",8,2,6
"E00037014",3,1,2
"E00037015",2,0,2
"E00037016",3,2,1
"E00037017",7,5,2
"E00037018",4,0,4
"E00037019",2,1,1
"E00037020",2,1,1
"E00037021",4,2,2
"E00037022",7,4,3
"E00037024",2,1,1
"E00037025",1,0,1
"E00037026",1,0,1
"E00037027",7,4,3
"E00037028",3,2,1
"E00037030",2,1,1
"E00037031",1,1,0
"E00037032",0,0,0
"E00037033",3,2,1
"E00037034",1,0,1
"E00037035",13,5,8
"E00037036",2,1,1
"E00037037",7,3,4
"E00037038",10,7,3
"E00037039",15,7,8
"E00037040",3,3,0
"E00037041",4,3,1
"E00037042",4,1,3
"E00037043",11,3,8
"E00037044",3,1,2
"E00037045",1,1,0
"E00037046",7,3,4
"E00037047",4,1,3
"E00037048",9,4,5
"E00037049",4,2,2
"E00037050",11,5,6
"E00037051",7,3,4
"E00037052",6,2,4
"E00037053",1,1,0
"E00037054",4,4,0
"E00037055",1,1,0
"E00037056",3,1,2
"E00037057",8,3,5
"E00037058",6,6,0
"E00037059",13,7,6
"E00037060",0,0,0
"E00037061",1,1,0
"E00037062",3,1,2
"E00037063",1,0,1
"E00037064",2,2,0
"E00037065",1,0,1
"E00037066",3,3,0
"E00037067",10,5,5
"E00037068",1,1,0
"E00037069",2,1,1
"E00037070",3,0,3
"E00037071",2,1,1
"E00037072",5,3,2
"E00037073",2,0,2
"E00037074",0,0,0
"E00037075",6,5,1
"E00037076",6,2,4
"E00037077",6,3,3
"E00037078",1,1,0
"E00037079",0,0,0
"E00037080",1,0,1
"E00037081",3,2,1
"E00037082",1,0,1
"E00037083",7,3,4
"E00037084",5,1,4
"E00037085",1,0,1
"E00037086",2,2,0
"E00037087",5,1,4
"E00037088",2,0,2
"E00037089",0,0,0
"E00037090",0,0,0
"E00037091",2,2,0
"E00037092",2,2,0
"E00037093",0,0,0
"E00037094",1,1,0
"E00037096",2,1,1
"E00037097",0,0,0
"E00037098",2,0,2
"E00037099",6,1,5
"E00037100",3,2,1
"E00037101",0,0,0
"E00037102",3,0,3
"E00037103",1,0,1
"E00037104",3,1,2
"E00037105",0,0,0
"E00037106",1,1,0
"E00037107",3,0,3
"E00037108",1,1,0
"E00037109",2,1,1
"E00037110",1,1,0
"E00037111",1,1,0
"E00037112",1,1,0
"E00037113",0,0,0
"E00037114",1,0,1
"E00037115",1,0,1
"E00037116",4,1,3
"E00037117",4,2,2
"E00037118",2,2,0
"E00037119",0,0,0
"E00037120",1,0,1
"E00037121",1,1,0
"E00037122",0,0,0
"E00037123",2,2,0
"E00037124",3,3,0
"E00037125",0,0,0
"E00037126",1,0,1
"E00037127",0,0,0
"E00037128",1,0,1
"E00037129",1,1,0
"E00037130",0,0,0
"E00037131",1,0,1
"E00037132",2,1,1
"E00037133",1,1,0
"E00037134",0,0,0
"E00037135",2,1,1
"E00037136",0,0,0
"E00037137",1,1,0
"E00037138",1,0,1
"E00037139",0,0,0
"E00037140",2,1,1
"E00037141",2,1,1
"E00037142",7,4,3
"E00037143",1,0,1
"E00037144",3,1,2
"E00037145",3,2,1
"E00037146",1,0,1
"E00037147",2,2,0
"E00037149",1,1,0
"E00037150",2,1,1
"E00037151",3,2,1
"E00037152",1,1,0
"E00037153",1,1,0
"E00037154",1,1,0
"E00037155",2,1,1
"E00037156",3,1,2
"E00037157",1,1,0
"E00037158",0,0,0
"E00037159",1,0,1
"E00037160",3,1,2
"E00037161",2,1,1
"E00037162",5,3,2
"E00037163",2,1,1
"E00037164",2,1,1
"E00037165",4,2,2
"E00037166",1,0,1
"E00037167",3,1,2
"E00037168",2,1,1
"E00037169",2,1,1
"E00037170",0,0,0
"E00037171",0,0,0
"E00037172",1,1,0
"E00037173",1,1,0
"E00037174",0,0,0
"E00037175",2,1,1
"E00037176",3,0,3
"E00037177",1,1,0
"E00037178",1,0,1
"E00037179",0,0,0
"E00037180",1,0,1
"E00037181",0,0,0
"E00037182",2,0,2
"E00037183",0,0,0
"E00037184",1,0,1
"E00037186",3,1,2
"E00037187",2,0,2
"E00037188",0,0,0
"E00037189",4,3,1
"E00037190",0,0,0
"E00037191",0,0,0
"E00037192",6,2,4
"E00037193",0,0,0
"E00037194",0,0,0
"E00037195",2,2,0
"E00037196",0,0,0
"E00037197",1,1,0
"E00037198",1,0,1
"E00037199",0,0,0
"E00037200",2,0,2
"E00037201",1,1,0
"E00037202",6,4,2
"E00037203",1,1,0
"E00037204",4,3,1
"E00037205",3,2,1
"E00037206",2,2,0
"E00037207",1,0,1
"E00037208",4,3,1
"E00037209",1,1,0
"E00037210",1,1,0
"E00037211",0,0,0
"E00037212",2,0,2
"E00037213",2,1,1
"E00037215",1,1,0
"E00037216",1,1,0
"E00037217",2,1,1
"E00037218",1,1,0
"E00037219",6,3,3
"E00037220",1,1,0
"E00037221",1,1,0
"E00037222",4,3,1
"E00037223",7,4,3
"E00037224",2,1,1
"E00037225",2,2,0
"E00037226",6,3,3
"E00037227",2,2,0
"E00037228",0,0,0
"E00037229",1,1,0
"E00037230",0,0,0
"E00037231",2,1,1
"E00037232",2,1,1
"E00037233",3,2,1
"E00037234",5,2,3
"E00037235",2,2,0
"E00037236",3,1,2
"E00037237",2,1,1
"E00037238",2,1,1
"E00037239",5,3,2
"E00037240",3,3,0
"E00037241",1,1,0
"E00037242",1,1,0
"E00037243",2,1,1
"E00037244",1,1,0
"E00037245",1,0,1
"E00037246",2,1,1
"E00037247",8,2,6
"E00037248",2,0,2
"E00037249",4,2,2
"E00037250",2,0,2
"E00037251",6,3,3
"E00037252",2,1,1
"E00037253",1,1,0
"E00037254",1,0,1
"E00037255",1,1,0
"E00037256",5,4,1
"E00037257",5,2,3
"E00037258",4,3,1
"E00037259",1,0,1
"E00037260",1,1,0
"E00037261",0,0,0
"E00037262",2,1,1
"E00037263",3,1,2
"E00037264",2,2,0
"E00037265",4,3,1
"E00037266",0,0,0
"E00037267",1,0,1
"E00037268",1,1,0
"E00037269",1,0,1
"E00037270",4,3,1
"E00037271",3,3,0
"E00037272",0,0,0
"E00037273",0,0,0
"E00037274",1,0,1
"E00037275",2,1,1
"E00037276",5,1,4
"E00037277",2,0,2
"E00037278",2,2,0
"E00037279",3,2,1
"E00037280",4,1,3
"E00037281",1,1,0
"E00037282",1,1,0
"E00037283",1,1,0
"E00037284",8,6,2
"E00037285",5,1,4
"E00037286",0,0,0
"E00037287",2,1,1
"E00037288",1,1,0
"E00037289",2,1,1
"E00037290",1,1,0
"E00037291",7,1,6
"E00037292",0,0,0
"E00037293",2,1,1
"E00037294",1,1,0
"E00037295",5,2,3
"E00037296",0,0,0
"E00037297",2,1,1
"E00037298",7,2,5
"E00037299",0,0,0
"E00037300",2,1,1
"E00037301",4,2,2
"E00037302",1,0,1
"E00037303",1,1,0
"E00037304",2,2,0
"E00037305",0,0,0
"E00037306",1,1,0
"E00037307",3,1,2
"E00037308",3,3,0
"E00037309",3,1,2
"E00037310",2,0,2
"E00037311",3,2,1
"E00037312",5,4,1
"E00037313",1,1,0
"E00037314",3,0,3
"E00037315",0,0,0
"E00037316",7,5,2
"E00037317",7,4,3
"E00037318",2,1,1
"E00037319",2,2,0
"E00037320",0,0,0
"E00037321",6,1,5
"E00037322",1,1,0
"E00037323",0,0,0
"E00037324",3,1,2
"E00037325",2,2,0
"E00037326",2,0,2
"E00037327",4,3,1
"E00037328",4,1,3
"E00037329",0,0,0
"E00037330",1,0,1
"E00037331",2,2,0
"E00037332",1,0,1
"E00037333",1,0,1
"E00037334",0,0,0
"E00037335",4,1,3
"E00037336",9,4,5
"E00037337",0,0,0
"E00037338",1,1,0
"E00037339",0,0,0
"E00037340",0,0,0
"E00037341",1,0,1
"E00037342",0,0,0
"E00037343",0,0,0
"E00037344",4,1,3
"E00037345",1,1,0
"E00037346",1,1,0
"E00037347",4,2,2
"E00037348",1,1,0
"E00037349",4,3,1
"E00037351",0,0,0
"E00037352",2,1,1
"E00037353",2,0,2
"E00037354",0,0,0
"E00037355",1,0,1
"E00037356",0,0,0
"E00037357",2,0,2
"E00037358",1,0,1
"E00037359",3,2,1
"E00037360",1,0,1
"E00037361",2,1,1
"E00037362",0,0,0
"E00037363",0,0,0
"E00037364",2,0,2
"E00037365",2,1,1
"E00037366",0,0,0
"E00037367",0,0,0
"E00037368",2,1,1
"E00037369",1,1,0
"E00037370",0,0,0
"E00037371",2,1,1
"E00037372",1,1,0
"E00037373",1,1,0
"E00037374",0,0,0
"E00037375",0,0,0
"E00037376",1,1,0
"E00037377",2,2,0
"E00037378",1,1,0
"E00037379",3,0,3
"E00037380",1,0,1
"E00037381",0,0,0
"E00037383",2,1,1
"E00037385",1,1,0
"E00037386",1,0,1
"E00037387",2,1,1
"E00037388",0,0,0
"E00037389",2,2,0
"E00037390",2,2,0
"E00037391",0,0,0
"E00037392",1,1,0
"E00037393",0,0,0
"E00037394",2,0,2
"E00037395",6,4,2
"E00037396",1,1,0
"E00037397",8,5,3
"E00037398",3,0,3
"E00037399",6,5,1
"E00037400",7,3,4
"E00037401",2,2,0
"E00037402",3,3,0
"E00037403",3,0,3
"E00037404",3,1,2
"E00037405",2,2,0
"E00037406",1,1,0
"E00037407",0,0,0
"E00037408",2,1,1
"E00037409",3,1,2
"E00037410",0,0,0
"E00037411",1,0,1
"E00037412",0,0,0
"E00037413",7,3,4
"E00037414",2,2,0
"E00037415",5,3,2
"E00037416",4,4,0
"E00037417",2,2,0
"E00037418",1,1,0
"E00037419",4,3,1
"E00037420",2,2,0
"E00037421",0,0,0
"E00037422",1,0,1
"E00037423",2,2,0
"E00037424",2,2,0
"E00037425",6,3,3
"E00037426",4,4,0
"E00037427",9,3,6
"E00037428",3,3,0
"E00037429",5,4,1
"E00037430",1,0,1
"E00037431",3,2,1
"E00037432",5,2,3
"E00037433",1,0,1
"E00037434",2,1,1
"E00037435",3,0,3
"E00037436",11,4,7
"E00037437",0,0,0
"E00037438",2,1,1
"E00037439",8,5,3
"E00037440",3,3,0
"E00037441",0,0,0
"E00037442",2,1,1
"E00037443",3,2,1
"E00037444",2,1,1
"E00037445",2,1,1
"E00037446",2,2,0
"E00037447",1,0,1
"E00037448",0,0,0
"E00037449",0,0,0
"E00037450",1,1,0
"E00037451",2,0,2
"E00037452",1,0,1
"E00037453",5,3,2
"E00037454",0,0,0
"E00037455",1,0,1
"E00037456",0,0,0
"E00037457",1,1,0
"E00037458",3,2,1
"E00037459",2,0,2
"E00037460",0,0,0
"E00037461",2,0,2
"E00037462",1,0,1
"E00037463",2,0,2
"E00037464",1,1,0
"E00037465",1,1,0
"E00037466",1,1,0
"E00037467",2,0,2
"E00037468",3,1,2
"E00037469",0,0,0
"E00037470",4,1,3
"E00037471",2,2,0
"E00037472",2,0,2
"E00037473",6,3,3
"E00037474",1,1,0
"E00037475",1,1,0
"E00037476",5,3,2
"E00037477",1,1,0
"E00037478",1,0,1
"E00037479",1,0,1
"E00037480",4,3,1
"E00037481",0,0,0
"E00037482",3,2,1
"E00037483",5,3,2
"E00037484",2,0,2
"E00037485",2,0,2
"E00037486",0,0,0
"E00037487",4,1,3
"E00037488",1,0,1
"E00037489",2,2,0
"E00037490",1,1,0
"E00037491",5,3,2
"E00037492",4,4,0
"E00037493",0,0,0
"E00037494",1,1,0
"E00037495",4,1,3
"E00037496",1,1,0
"E00037497",1,0,1
"E00037498",3,2,1
"E00037499",2,0,2
"E00037500",3,1,2
"E00037501",0,0,0
"E00037502",2,2,0
"E00037503",1,1,0
"E00037505",3,2,1
"E00037507",1,1,0
"E00037508",1,0,1
"E00037509",0,0,0
"E00037510",4,2,2
"E00037511",2,1,1
"E00037512",0,0,0
"E00037513",1,1,0
"E00037514",1,1,0
"E00037515",2,2,0
"E00037516",4,1,3
"E00037517",3,3,0
"E00037518",0,0,0
"E00037519",1,1,0
"E00037520",1,1,0
"E00037521",2,2,0
"E00037522",0,0,0
"E00037523",1,0,1
"E00037524",1,1,0
"E00037525",1,0,1
"E00037526",1,0,1
"E00037527",0,0,0
"E00037528",2,2,0
"E00037529",4,0,4
"E00037530",1,0,1
"E00037531",0,0,0
"E00037532",1,1,0
"E00037533",0,0,0
"E00037534",0,0,0
"E00037535",0,0,0
"E00037536",2,1,1
"E00037537",1,1,0
"E00037538",6,4,2
"E00037539",1,1,0
"E00037540",0,0,0
"E00037541",1,0,1
"E00037542",1,1,0
"E00037543",4,2,2
"E00037544",0,0,0
"E00037545",0,0,0
"E00037546",1,0,1
"E00037547",3,0,3
"E00037548",5,0,5
"E00037549",3,3,0
"E00037550",4,1,3
"E00037551",1,0,1
"E00037553",4,1,3
"E00037554",2,2,0
"E00037555",2,1,1
"E00037556",0,0,0
"E00037557",4,1,3
"E00037558",2,1,1
"E00037559",6,4,2
"E00037560",2,1,1
"E00037561",4,0,4
"E00037562",1,0,1
"E00037563",5,2,3
"E00037564",1,1,0
"E00037565",0,0,0
"E00037566",2,1,1
"E00037567",0,0,0
"E00037568",0,0,0
"E00037569",1,1,0
"E00037570",9,6,3
"E00037571",2,2,0
"E00037572",0,0,0
"E00037573",1,0,1
"E00037574",2,0,2
"E00037575",1,1,0
"E00037576",0,0,0
"E00037577",2,1,1
"E00037578",3,2,1
"E00037579",2,1,1
"E00037580",2,1,1
"E00037581",3,2,1
"E00037582",1,1,0
"E00037583",1,0,1
"E00037584",1,1,0
"E00037585",3,2,1
"E00037586",6,3,3
"E00037587",2,2,0
"E00037588",1,0,1
"E00037589",1,0,1
"E00037590",1,0,1
"E00037591",8,4,4
"E00037592",4,2,2
"E00037593",0,0,0
"E00037594",6,1,5
"E00037595",2,2,0
"E00037596",4,1,3
"E00037597",6,4,2
"E00037598",1,0,1
"E00037599",7,3,4
"E00037600",8,3,5
"E00037601",8,6,2
"E00037602",8,6,2
"E00037603",4,3,1
"E00037604",7,4,3
"E00037605",3,2,1
"E00037606",8,3,5
"E00037607",1,0,1
"E00037608",5,2,3
"E00037609",1,1,0
"E00037610",9,5,4
"E00037611",5,2,3
"E00037612",10,2,8
"E00037613",5,2,3
"E00037614",0,0,0
"E00037615",6,5,1
"E00037616",3,3,0
"E00037617",2,0,2
"E00037618",1,1,0
"E00037619",1,1,0
"E00037620",4,0,4
"E00037621",6,3,3
"E00037622",5,2,3
"E00037623",3,0,3
"E00037624",5,2,3
"E00037625",8,4,4
"E00037626",8,5,3
"E00037627",1,0,1
"E00037628",3,0,3
"E00037629",1,1,0
"E00037630",6,1,5
"E00037631",1,0,1
"E00037632",1,1,0
"E00037633",11,5,6
"E00037634",3,2,1
"E00037636",1,0,1
"E00037637",1,0,1
"E00037638",0,0,0
"E00037639",4,2,2
"E00037640",4,1,3
"E00037641",11,5,6
"E00037642",8,5,3
"E00037643",5,4,1
"E00037644",1,1,0
"E00037645",1,0,1
"E00037646",4,1,3
"E00037647",6,5,1
"E00037648",6,3,3
"E00037649",4,2,2
"E00037650",3,1,2
"E00037651",5,2,3
"E00037652",8,4,4
"E00037653",4,2,2
"E00037654",6,0,6
"E00037655",7,2,5
"E00037656",9,5,4
"E00037657",5,3,2
"E00037658",7,4,3
"E00037659",1,1,0
"E00037660",4,4,0
"E00037661",7,4,3
"E00037662",2,1,1
"E00037663",0,0,0
"E00037664",1,0,1
"E00037665",1,1,0
"E00037666",4,2,2
"E00037667",5,2,3
"E00037668",6,5,1
"E00037669",0,0,0
"E00037670",2,1,1
"E00037671",1,1,0
"E00037672",0,0,0
"E00037673",0,0,0
"E00037674",4,2,2
"E00037675",0,0,0
"E00037676",3,3,0
"E00037677",1,0,1
"E00037678",3,1,2
"E00037679",3,2,1
"E00037680",1,1,0
"E00037681",1,0,1
"E00037682",4,1,3
"E00037683",6,3,3
"E00037684",3,2,1
"E00037685",2,1,1
"E00037686",4,2,2
"E00037687",1,1,0
"E00037688",1,1,0
"E00037689",9,3,6
"E00037690",0,0,0
"E00037691",3,2,1
"E00037692",3,2,1
"E00037693",2,0,2
"E00037694",0,0,0
"E00037695",6,2,4
"E00037696",7,1,6
"E00037697",1,0,1
"E00037698",1,1,0
"E00037699",1,0,1
"E00037700",1,1,0
"E00037701",1,0,1
"E00037702",13,8,5
"E00037703",2,1,1
"E00037704",2,2,0
"E00037705",1,0,1
"E00037706",1,1,0
"E00037707",3,2,1
"E00037708",8,1,7
"E00037709",1,1,0
"E00037710",3,1,2
"E00037711",4,3,1
"E00037712",1,1,0
"E00037713",1,0,1
"E00037714",3,2,1
"E00037715",5,1,4
"E00037716",2,1,1
"E00037717",1,0,1
"E00037718",4,3,1
"E00037719",0,0,0
"E00037720",0,0,0
"E00037721",0,0,0
"E00037722",4,2,2
"E00037723",2,1,1
"E00037724",2,1,1
"E00037725",1,0,1
"E00037726",3,1,2
"E00037727",3,3,0
"E00037728",2,0,2
"E00037729",0,0,0
"E00037730",2,2,0
"E00037731",1,0,1
"E00037732",3,1,2
"E00037733",1,1,0
"E00037734",4,1,3
"E00037735",3,1,2
"E00037737",2,2,0
"E00037738",3,1,2
"E00037739",1,0,1
"E00037740",0,0,0
"E00037741",0,0,0
"E00037742",0,0,0
"E00037743",1,1,0
"E00037744",1,0,1
"E00037745",0,0,0
"E00037746",2,1,1
"E00037747",1,0,1
"E00037748",1,0,1
"E00037749",2,1,1
"E00037750",2,0,2
"E00037751",2,1,1
"E00037752",1,0,1
"E00037753",1,0,1
"E00037754",0,0,0
"E00037755",2,1,1
"E00037756",1,0,1
"E00037757",0,0,0
"E00037758",0,0,0
"E00037759",2,1,1
"E00037760",0,0,0
"E00037761",3,3,0
"E00037762",1,1,0
"E00037763",3,0,3
"E00037764",0,0,0
"E00037765",0,0,0
"E00037766",1,1,0
"E00037767",1,1,0
"E00037768",2,1,1
"E00037769",2,2,0
"E00037770",3,1,2
"E00037771",1,0,1
"E00037772",0,0,0
"E00037773",2,1,1
"E00037774",2,2,0
"E00037775",5,3,2
"E00037777",1,0,1
"E00037778",5,1,4
"E00037779",5,1,4
"E00037780",1,0,1
"E00037781",3,1,2
"E00037782",2,2,0
"E00037783",2,1,1
"E00037784",1,1,0
"E00037785",3,2,1
"E00037786",6,2,4
"E00037788",1,1,0
"E00037789",3,3,0
"E00037790",3,2,1
"E00037791",3,3,0
"E00037792",1,1,0
"E00037793",0,0,0
"E00037794",1,0,1
"E00037795",5,3,2
"E00037796",3,2,1
"E00037797",2,1,1
"E00037798",0,0,0
"E00037799",3,3,0
"E00037800",2,0,2
"E00037801",0,0,0
"E00037802",5,3,2
"E00037803",1,1,0
"E00037804",3,2,1
"E00037805",0,0,0
"E00037806",1,0,1
"E00037807",3,2,1
"E00037808",0,0,0
"E00037809",0,0,0
"E00037810",1,1,0
"E00037811",1,0,1
"E00037812",1,0,1
"E00037813",1,0,1
"E00037814",2,0,2
"E00037815",0,0,0
"E00037816",5,3,2
"E00037817",4,2,2
"E00037818",4,2,2
"E00037819",0,0,0
"E00037820",1,1,0
"E00037821",0,0,0
"E00037822",6,2,4
"E00037823",2,1,1
"E00037824",0,0,0
"E00037825",2,1,1
"E00037826",0,0,0
"E00037827",0,0,0
"E00037828",1,0,1
"E00037829",1,0,1
"E00037830",0,0,0
"E00037831",1,1,0
"E00037832",3,1,2
"E00037833",4,2,2
"E00037834",5,2,3
"E00037835",2,0,2
"E00037836",4,2,2
"E00037837",0,0,0
"E00037838",0,0,0
"E00037839",2,1,1
"E00037840",1,1,0
"E00037841",0,0,0
"E00037842",1,1,0
"E00037843",0,0,0
"E00037844",0,0,0
"E00037845",1,1,0
"E00037846",2,1,1
"E00037847",1,0,1
"E00037848",2,1,1
"E00037849",0,0,0
"E00037850",2,0,2
"E00037851",4,2,2
"E00037852",3,2,1
"E00037853",0,0,0
"E00037854",0,0,0
"E00037855",0,0,0
"E00037856",3,1,2
"E00037857",2,1,1
"E00037858",0,0,0
"E00037859",0,0,0
"E00037860",2,0,2
"E00037861",2,1,1
"E00037862",2,2,0
"E00037863",0,0,0
"E00037864",2,1,1
"E00037865",1,1,0
"E00037866",1,1,0
"E00037867",1,0,1
"E00037868",0,0,0
"E00037869",3,2,1
"E00037870",1,0,1
"E00037871",4,4,0
"E00037872",2,0,2
"E00037873",1,0,1
"E00037874",5,1,4
"E00037875",1,1,0
"E00037876",3,3,0
"E00037877",4,2,2
"E00037878",0,0,0
"E00037879",0,0,0
"E00037880",0,0,0
"E00037881",4,1,3
"E00037882",1,1,0
"E00037883",0,0,0
"E00037884",4,0,4
"E00037885",0,0,0
"E00037886",4,2,2
"E00037887",3,2,1
"E00037888",0,0,0
"E00037889",3,1,2
"E00037890",1,1,0
"E00037891",3,3,0
"E00037892",4,1,3
"E00037893",2,1,1
"E00037894",1,1,0
"E00037895",0,0,0
"E00037896",1,0,1
"E00037897",2,1,1
"E00037898",5,5,0
"E00037899",0,0,0
"E00037900",1,0,1
"E00037901",1,0,1
"E00037902",1,1,0
"E00037903",1,1,0
"E00037904",3,2,1
"E00037905",0,0,0
"E00037906",0,0,0
"E00037908",0,0,0
"E00037909",3,1,2
"E00037910",9,4,5
"E00037912",1,1,0
"E00037913",2,1,1
"E00037914",3,2,1
"E00037915",1,0,1
"E00037916",1,0,1
"E00037917",6,3,3
"E00037918",0,0,0
"E00037919",3,3,0
"E00037920",5,3,2
"E00037921",0,0,0
"E00037922",3,1,2
"E00037923",4,1,3
"E00037924",3,1,2
"E00037925",2,2,0
"E00037926",5,0,5
"E00037927",2,0,2
"E00037928",10,4,6
"E00037929",8,2,6
"E00037930",1,1,0
"E00037931",2,1,1
"E00037932",2,2,0
"E00037933",0,0,0
"E00037934",0,0,0
"E00037935",1,0,1
"E00037936",0,0,0
"E00037937",6,3,3
"E00037938",5,3,2
"E00037939",10,5,5
"E00037940",3,1,2
"E00037941",3,3,0
"E00037942",2,1,1
"E00037943",1,0,1
"E00037944",1,1,0
"E00037945",1,0,1
"E00037946",1,0,1
"E00037947",2,1,1
"E00037948",1,1,0
"E00037949",1,1,0
"E00037950",0,0,0
"E00037951",1,0,1
"E00037952",0,0,0
"E00037953",1,1,0
"E00037954",2,0,2
"E00037955",0,0,0
"E00037956",4,0,4
"E00037957",2,1,1
"E00037958",4,2,2
"E00037959",2,1,1
"E00037960",2,0,2
"E00037961",4,1,3
"E00037962",2,2,0
"E00037963",1,1,0
"E00037964",2,1,1
"E00037965",3,0,3
"E00037966",2,0,2
"E00037967",0,0,0
"E00037968",4,2,2
"E00037969",6,3,3
"E00037970",4,0,4
"E00037971",3,2,1
"E00037972",4,3,1
"E00037973",2,0,2
"E00037974",2,2,0
"E00037975",2,2,0
"E00037976",4,2,2
"E00037977",3,0,3
"E00037978",0,0,0
"E00037979",2,0,2
"E00037980",1,1,0
"E00037981",6,1,5
"E00037982",5,0,5
"E00037983",4,2,2
"E00037984",2,1,1
"E00037985",1,0,1
"E00037986",0,0,0
"E00037987",4,2,2
"E00037988",6,4,2
"E00037989",0,0,0
"E00037990",6,4,2
"E00037991",0,0,0
"E00037992",1,0,1
"E00037993",6,1,5
"E00037994",3,2,1
"E00037995",2,2,0
"E00037996",5,1,4
"E00037997",5,2,3
"E00037998",3,2,1
"E00037999",0,0,0
"E00038000",10,4,6
"E00038001",4,2,2
"E00038002",5,2,3
"E00038003",5,1,4
"E00038004",4,1,3
"E00038006",3,2,1
"E00038007",4,1,3
"E00038008",1,0,1
"E00038009",0,0,0
"E00038010",0,0,0
"E00038011",7,2,5
"E00038012",1,0,1
"E00038013",5,3,2
"E00038014",1,1,0
"E00038015",13,5,8
"E00038016",2,1,1
"E00038017",4,3,1
"E00038018",1,0,1
"E00038019",1,0,1
"E00038020",0,0,0
"E00038021",1,0,1
"E00038022",8,3,5
"E00038023",2,0,2
"E00038024",2,1,1
"E00038025",4,3,1
"E00038026",1,1,0
"E00038027",2,0,2
"E00038028",0,0,0
"E00038029",1,0,1
"E00038030",2,1,1
"E00038031",3,1,2
"E00038032",1,0,1
"E00038033",5,4,1
"E00038034",5,2,3
"E00038035",0,0,0
"E00038036",0,0,0
"E00038037",6,5,1
"E00038038",0,0,0
"E00038039",2,0,2
"E00038040",1,0,1
"E00038041",4,1,3
"E00038042",0,0,0
"E00038043",1,0,1
"E00038044",5,1,4
"E00038045",1,0,1
"E00038046",2,1,1
"E00038047",3,1,2
"E00038048",3,1,2
"E00038049",9,4,5
"E00038050",1,0,1
"E00038051",0,0,0
"E00038052",1,0,1
"E00038053",4,1,3
"E00038054",1,0,1
"E00038055",1,0,1
"E00038056",1,0,1
"E00038057",1,0,1
"E00038058",1,0,1
"E00038059",1,1,0
"E00038060",2,2,0
"E00038061",0,0,0
"E00038062",0,0,0
"E00038063",4,2,2
"E00038064",1,0,1
"E00038065",7,5,2
"E00038066",0,0,0
"E00038067",0,0,0
"E00038068",5,2,3
"E00038069",2,0,2
"E00038070",5,3,2
"E00038071",4,2,2
"E00038072",3,1,2
"E00038073",3,1,2
"E00038074",1,0,1
"E00038075",5,2,3
"E00038076",4,1,3
"E00038077",2,1,1
"E00038078",3,0,3
"E00038079",2,1,1
"E00038080",1,1,0
"E00038081",3,2,1
"E00038082",1,1,0
"E00038083",1,1,0
"E00038084",1,1,0
"E00038085",1,1,0
"E00038086",2,1,1
"E00038087",1,0,1
"E00038088",5,3,2
"E00038089",5,3,2
"E00038090",4,2,2
"E00038091",2,0,2
"E00038092",7,4,3
"E00038093",1,0,1
"E00038094",3,0,3
"E00038095",1,0,1
"E00038096",4,2,2
"E00038097",0,0,0
"E00038098",4,1,3
"E00038099",2,2,0
"E00038100",5,2,3
"E00038101",1,1,0
"E00038102",2,2,0
"E00038103",2,0,2
"E00038104",4,2,2
"E00038105",1,1,0
"E00038106",9,5,4
"E00038107",1,1,0
"E00038108",7,5,2
"E00038109",0,0,0
"E00038111",4,2,2
"E00038112",1,1,0
"E00038113",5,3,2
"E00038114",1,0,1
"E00038115",13,3,10
"E00038116",3,3,0
"E00038117",4,1,3
"E00038118",1,1,0
"E00038120",7,3,4
"E00038121",1,0,1
"E00038122",6,3,3
"E00038123",1,0,1
"E00038124",6,4,2
"E00038125",4,2,2
"E00038126",14,4,10
"E00038127",4,0,4
"E00038128",1,0,1
"E00038129",4,2,2
"E00038130",12,2,10
"E00038131",7,4,3
"E00038132",0,0,0
"E00038133",6,3,3
"E00038134",2,2,0
"E00038135",6,6,0
"E00038136",4,2,2
"E00038137",4,2,2
"E00038138",3,1,2
"E00038139",6,3,3
"E00038140",2,1,1
"E00038141",2,2,0
"E00038142",5,2,3
"E00038143",7,6,1
"E00038144",3,2,1
"E00038145",0,0,0
"E00038146",4,2,2
"E00038147",12,9,3
"E00038148",3,1,2
"E00038149",2,2,0
"E00038150",0,0,0
"E00038151",4,2,2
"E00038152",4,3,1
"E00038153",3,1,2
"E00038154",5,4,1
"E00038155",1,1,0
"E00038156",1,1,0
"E00038157",2,2,0
"E00038158",1,0,1
"E00038159",0,0,0
"E00038160",0,0,0
"E00038161",2,2,0
"E00038162",2,2,0
"E00038163",1,1,0
"E00038164",1,1,0
"E00038165",0,0,0
"E00038166",2,0,2
"E00038167",3,3,0
"E00038168",2,1,1
"E00038169",1,0,1
"E00038170",1,0,1
"E00038171",1,0,1
"E00038172",2,0,2
"E00038173",0,0,0
"E00038174",2,1,1
"E00038175",1,0,1
"E00038177",0,0,0
"E00038179",0,0,0
"E00038180",0,0,0
"E00038181",3,1,2
"E00038182",3,3,0
"E00038183",4,1,3
"E00038184",3,1,2
"E00038185",0,0,0
"E00038186",2,1,1
"E00038187",3,1,2
"E00038188",0,0,0
"E00038189",1,0,1
"E00038190",3,2,1
"E00038191",2,1,1
"E00038192",3,3,0
"E00038193",3,0,3
"E00038194",1,0,1
"E00038195",0,0,0
"E00038196",0,0,0
"E00038197",1,1,0
"E00038198",1,0,1
"E00038199",2,1,1
"E00038200",1,0,1
"E00038202",1,1,0
"E00038203",0,0,0
"E00038204",1,1,0
"E00038205",3,0,3
"E00038206",0,0,0
"E00038207",1,0,1
"E00038208",4,1,3
"E00038209",1,0,1
"E00038210",0,0,0
"E00038211",2,1,1
"E00038212",2,2,0
"E00038213",1,0,1
"E00038214",3,0,3
"E00038215",2,1,1
"E00038216",0,0,0
"E00038217",1,0,1
"E00038218",3,1,2
"E00038219",4,3,1
"E00038220",1,0,1
"E00038221",1,1,0
"E00038222",0,0,0
"E00038223",0,0,0
"E00038224",0,0,0
"E00038225",0,0,0
"E00038226",2,2,0
"E00038227",2,2,0
"E00038228",0,0,0
"E00038229",0,0,0
"E00038230",0,0,0
"E00038231",3,1,2
"E00038232",0,0,0
"E00038233",8,2,6
"E00038234",4,3,1
"E00038235",1,1,0
"E00038236",0,0,0
"E00038238",1,0,1
"E00038239",4,3,1
"E00038240",3,2,1
"E00038241",0,0,0
"E00038242",0,0,0
"E00038243",0,0,0
"E00038244",2,0,2
"E00038245",1,0,1
"E00038246",0,0,0
"E00038247",0,0,0
"E00038248",0,0,0
"E00038249",1,1,0
"E00038250",2,1,1
"E00038251",0,0,0
"E00038253",3,1,2
"E00038254",2,2,0
"E00038255",1,1,0
"E00038256",1,0,1
"E00038257",1,0,1
"E00038258",6,2,4
"E00038259",0,0,0
"E00038260",2,2,0
"E00038261",2,2,0
"E00038262",1,0,1
"E00038263",5,2,3
"E00038264",1,1,0
"E00038265",1,0,1
"E00038266",2,1,1
"E00038267",1,1,0
"E00038268",3,2,1
"E00038269",3,1,2
"E00038270",5,2,3
"E00038271",13,7,6
"E00038272",4,1,3
"E00038273",0,0,0
"E00038274",0,0,0
"E00038275",3,1,2
"E00038276",3,1,2
"E00038277",1,1,0
"E00038278",3,2,1
"E00038279",2,1,1
"E00038280",0,0,0
"E00038281",5,2,3
"E00038282",4,1,3
"E00038283",4,1,3
"E00038284",3,2,1
"E00038285",9,4,5
"E00038286",5,3,2
"E00038287",1,1,0
"E00038288",0,0,0
"E00038289",8,5,3
"E00038290",11,6,5
"E00038291",4,2,2
"E00038292",1,1,0
"E00038293",2,1,1
"E00038294",5,2,3
"E00038295",0,0,0
"E00038296",4,2,2
"E00038297",4,1,3
"E00038298",1,0,1
"E00038299",2,1,1
"E00038300",4,1,3
"E00038301",4,2,2
"E00038302",0,0,0
"E00038303",5,3,2
"E00038305",0,0,0
"E00038306",5,4,1
"E00038307",5,3,2
"E00038308",1,0,1
"E00038309",4,0,4
"E00038310",1,0,1
"E00038311",0,0,0
"E00038312",3,2,1
"E00038313",0,0,0
"E00038314",0,0,0
"E00038315",0,0,0
"E00038316",6,2,4
"E00038317",2,0,2
"E00038318",9,5,4
"E00038319",0,0,0
"E00038320",1,0,1
"E00038321",2,1,1
"E00038322",2,0,2
"E00038323",3,1,2
"E00038324",6,3,3
"E00038325",9,4,5
"E00038326",4,2,2
"E00038327",0,0,0
"E00038328",2,1,1
"E00038329",1,1,0
"E00038330",4,2,2
"E00038331",6,2,4
"E00038332",0,0,0
"E00038333",0,0,0
"E00038334",1,0,1
"E00038335",9,6,3
"E00038336",4,1,3
"E00038337",1,0,1
"E00038338",2,2,0
"E00038339",5,3,2
"E00038340",1,1,0
"E00038341",0,0,0
"E00038342",0,0,0
"E00038343",0,0,0
"E00038344",4,3,1
"E00038345",4,3,1
"E00038346",4,2,2
"E00038347",5,3,2
"E00038348",1,1,0
"E00038349",4,2,2
"E00038350",4,2,2
"E00038351",2,2,0
"E00038352",2,2,0
"E00038353",1,1,0
"E00038354",3,2,1
"E00038355",1,1,0
"E00038356",0,0,0
"E00038357",0,0,0
"E00038358",0,0,0
"E00038359",4,2,2
"E00038360",1,0,1
"E00038361",1,1,0
"E00038362",1,1,0
"E00038363",1,1,0
"E00038364",2,1,1
"E00038365",3,0,3
"E00038366",1,1,0
"E00038367",3,0,3
"E00038368",1,1,0
"E00038369",1,1,0
"E00038370",2,1,1
"E00038371",1,1,0
"E00038372",3,1,2
"E00038373",1,0,1
"E00038374",3,1,2
"E00038375",0,0,0
"E00038376",0,0,0
"E00038377",3,3,0
"E00038378",0,0,0
"E00038379",6,3,3
"E00038380",1,0,1
"E00038381",6,3,3
"E00038382",2,2,0
"E00038383",3,0,3
"E00038384",1,0,1
"E00038385",0,0,0
"E00038386",3,1,2
"E00038387",1,0,1
"E00038388",6,2,4
"E00038389",0,0,0
"E00038390",1,1,0
"E00038391",1,0,1
"E00038392",0,0,0
"E00038393",1,0,1
"E00038394",0,0,0
"E00038395",1,0,1
"E00038396",1,1,0
"E00038397",1,0,1
"E00038398",2,0,2
"E00038399",2,1,1
"E00038400",1,0,1
"E00038401",1,1,0
"E00038402",0,0,0
"E00038403",2,2,0
"E00038404",4,2,2
"E00038405",0,0,0
"E00038406",1,0,1
"E00038407",0,0,0
"E00038408",0,0,0
"E00038409",1,0,1
"E00038410",1,1,0
"E00038411",7,3,4
"E00038412",6,2,4
"E00038413",1,0,1
"E00038414",5,2,3
"E00038415",3,1,2
"E00038416",5,4,1
"E00038417",2,2,0
"E00038418",0,0,0
"E00038419",2,0,2
"E00038420",4,2,2
"E00038421",2,1,1
"E00038422",1,1,0
"E00038423",5,2,3
"E00038424",2,0,2
"E00038425",4,2,2
"E00038426",6,5,1
"E00038427",3,3,0
"E00038428",7,2,5
"E00038429",5,1,4
"E00038430",4,3,1
"E00038431",0,0,0
"E00038432",2,1,1
"E00038433",3,2,1
"E00038434",2,1,1
"E00038435",2,0,2
"E00038436",3,2,1
"E00038437",7,2,5
"E00038438",7,4,3
"E00038439",7,2,5
"E00038440",5,2,3
"E00038441",1,1,0
"E00038442",6,2,4
"E00038443",5,1,4
"E00038444",8,2,6
"E00038445",4,1,3
"E00038446",1,0,1
"E00038447",10,4,6
"E00038448",4,2,2
"E00038449",2,2,0
"E00038450",4,2,2
"E00038451",5,2,3
"E00038452",3,1,2
"E00038453",1,1,0
"E00038454",11,6,5
"E00038455",3,1,2
"E00038456",1,0,1
"E00038457",1,0,1
"E00038458",6,5,1
"E00038459",0,0,0
"E00038460",5,4,1
"E00038461",1,1,0
"E00038462",0,0,0
"E00038463",4,2,2
"E00038464",1,0,1
"E00038465",1,0,1
"E00038466",3,0,3
"E00038467",1,0,1
"E00038468",7,4,3
"E00038469",3,1,2
"E00038470",2,2,0
"E00038471",0,0,0
"E00038472",0,0,0
"E00038473",1,0,1
"E00038474",5,3,2
"E00038475",0,0,0
"E00038476",0,0,0
"E00038477",4,3,1
"E00038478",1,1,0
"E00038479",2,1,1
"E00038480",2,0,2
"E00038481",4,2,2
"E00038482",2,1,1
"E00038483",0,0,0
"E00038484",1,1,0
"E00038485",0,0,0
"E00038486",2,1,1
"E00038487",0,0,0
"E00038489",1,0,1
"E00038490",0,0,0
"E00038491",2,1,1
"E00038492",2,1,1
"E00038493",0,0,0
"E00038494",0,0,0
"E00038495",1,0,1
"E00038496",4,1,3
"E00038497",0,0,0
"E00038498",1,0,1
"E00038499",1,1,0
"E00038500",7,4,3
"E00038501",7,3,4
"E00038502",5,2,3
"E00038503",5,3,2
"E00038504",0,0,0
"E00038505",15,6,9
"E00038506",4,2,2
"E00038507",0,0,0
"E00038508",6,2,4
"E00038509",8,4,4
"E00038510",14,10,4
"E00038511",7,1,6
"E00038512",5,3,2
"E00038513",11,3,8
"E00038514",0,0,0
"E00038515",5,5,0
"E00038516",5,5,0
"E00038517",4,3,1
"E00038518",18,11,7
"E00038519",2,0,2
"E00038520",7,3,4
"E00038521",9,4,5
"E00038522",12,8,4
"E00038523",11,5,6
"E00038524",7,3,4
"E00038525",4,4,0
"E00038526",1,0,1
"E00038527",4,1,3
"E00038528",11,4,7
"E00038529",4,3,1
"E00038530",2,2,0
"E00038531",2,1,1
"E00038532",8,5,3
"E00038533",12,8,4
"E00038534",7,4,3
"E00038535",4,2,2
"E00038536",13,5,8
"E00038537",4,1,3
"E00038538",2,2,0
"E00038539",4,1,3
"E00038540",6,4,2
"E00038541",4,3,1
"E00038542",5,5,0
"E00038543",3,2,1
"E00038544",0,0,0
"E00038545",2,2,0
"E00038546",6,2,4
"E00038547",5,1,4
"E00038548",4,1,3
"E00038549",20,9,11
"E00038550",10,6,4
"E00038551",5,4,1
"E00038552",5,2,3
"E00038553",4,2,2
"E00038554",3,2,1
"E00038555",8,4,4
"E00038556",6,3,3
"E00038557",6,1,5
"E00038558",5,2,3
"E00038559",4,4,0
"E00038560",0,0,0
"E00038561",3,1,2
"E00038562",0,0,0
"E00038563",3,1,2
"E00038564",2,2,0
"E00038565",2,1,1
"E00038566",0,0,0
"E00038567",4,1,3
"E00038568",3,1,2
"E00038569",4,0,4
"E00038570",7,4,3
"E00038571",4,0,4
"E00038572",7,4,3
"E00038573",8,4,4
"E00038574",8,4,4
"E00038575",7,5,2
"E00038576",5,1,4
"E00038577",4,2,2
"E00038578",4,1,3
"E00038579",10,7,3
"E00038580",3,1,2
"E00038581",6,2,4
"E00038582",10,5,5
"E00038583",9,4,5
"E00038584",8,4,4
"E00038585",18,6,12
"E00038586",7,1,6
"E00038587",11,5,6
"E00038588",3,2,1
"E00038589",1,1,0
"E00038590",5,1,4
"E00038591",7,2,5
"E00038592",10,4,6
"E00038593",3,1,2
"E00038594",5,2,3
"E00038595",4,1,3
"E00038596",7,2,5
"E00038597",5,3,2
"E00038598",2,1,1
"E00038599",5,1,4
"E00038600",3,1,2
"E00038601",1,1,0
"E00038602",1,0,1
"E00038603",0,0,0
"E00038604",1,0,1
"E00038605",1,0,1
"E00038606",7,4,3
"E00038607",0,0,0
"E00038608",5,4,1
"E00038609",10,6,4
"E00038610",1,0,1
"E00038611",4,2,2
"E00038612",0,0,0
"E00038613",2,2,0
"E00038614",7,2,5
"E00038615",1,1,0
"E00038616",2,1,1
"E00038617",4,2,2
"E00038618",2,1,1
"E00038619",1,1,0
"E00038620",11,3,8
"E00038621",0,0,0
"E00038622",1,0,1
"E00038623",2,1,1
"E00038624",1,0,1
"E00038625",1,0,1
"E00038626",2,1,1
"E00038627",4,1,3
"E00038628",1,0,1
"E00038629",0,0,0
"E00038630",2,1,1
"E00038631",3,1,2
"E00038632",5,2,3
"E00038633",2,1,1
"E00038634",0,0,0
"E00038635",7,3,4
"E00038636",3,2,1
"E00038637",0,0,0
"E00038638",8,5,3
"E00038639",5,4,1
"E00038640",6,2,4
"E00038641",2,0,2
"E00038642",1,1,0
"E00038643",1,1,0
"E00038644",0,0,0
"E00038645",1,1,0
"E00038646",1,1,0
"E00038647",1,0,1
"E00038648",1,1,0
"E00038649",0,0,0
"E00038650",0,0,0
"E00038651",0,0,0
"E00038652",0,0,0
"E00038653",1,1,0
"E00038654",0,0,0
"E00038655",3,2,1
"E00038656",3,2,1
"E00038657",0,0,0
"E00038658",1,0,1
"E00038659",0,0,0
"E00038660",1,0,1
"E00038661",4,1,3
"E00038662",1,1,0
"E00038663",0,0,0
"E00038664",1,1,0
"E00038665",7,3,4
"E00038666",1,1,0
"E00038667",4,2,2
"E00038668",2,1,1
"E00038669",4,1,3
"E00038670",2,2,0
"E00038671",6,1,5
"E00038672",2,1,1
"E00038673",0,0,0
"E00038674",1,0,1
"E00038675",3,1,2
"E00038676",3,2,1
"E00038677",3,1,2
"E00038678",3,1,2
"E00038679",0,0,0
"E00038680",5,3,2
"E00038681",1,0,1
"E00038682",6,3,3
"E00038683",0,0,0
"E00038684",4,1,3
"E00038685",3,0,3
"E00038686",1,0,1
"E00038687",2,2,0
"E00038688",1,0,1
"E00038689",1,1,0
"E00038690",4,2,2
"E00038691",2,2,0
"E00038692",4,0,4
"E00038693",1,0,1
"E00038694",0,0,0
"E00038695",2,0,2
"E00038696",1,1,0
"E00038697",2,1,1
"E00038698",5,3,2
"E00038699",1,0,1
"E00038700",6,1,5
"E00038701",4,3,1
"E00038702",0,0,0
"E00038703",4,1,3
"E00038704",4,1,3
"E00038705",1,0,1
"E00038706",0,0,0
"E00038707",6,3,3
"E00038708",0,0,0
"E00038709",6,5,1
"E00038710",0,0,0
"E00038711",4,1,3
"E00038712",7,3,4
"E00038713",3,2,1
"E00038714",2,2,0
"E00038715",4,2,2
"E00038716",5,2,3
"E00038717",2,2,0
"E00038718",10,3,7
"E00038719",0,0,0
"E00038720",0,0,0
"E00038721",6,4,2
"E00038722",4,4,0
"E00038723",3,1,2
"E00038724",4,2,2
"E00038725",0,0,0
"E00038726",6,6,0
"E00038727",4,1,3
"E00038728",7,6,1
"E00038729",7,3,4
"E00038730",2,1,1
"E00038731",1,0,1
"E00038732",7,1,6
"E00038733",0,0,0
"E00038734",1,0,1
"E00038735",3,1,2
"E00038736",1,0,1
"E00038737",1,1,0
"E00038738",3,0,3
"E00038739",4,2,2
"E00038740",3,1,2
"E00038741",10,5,5
"E00038742",5,4,1
"E00038743",0,0,0
"E00038744",9,2,7
"E00038745",2,1,1
"E00038746",4,1,3
"E00038747",3,2,1
"E00038748",6,3,3
"E00038749",2,0,2
"E00038750",5,2,3
"E00038751",7,5,2
"E00038752",6,4,2
"E00038753",0,0,0
"E00038754",4,1,3
"E00038755",0,0,0
"E00038756",0,0,0
"E00038757",1,1,0
"E00038758",0,0,0
"E00038759",1,1,0
"E00038760",0,0,0
"E00038761",0,0,0
"E00038762",3,2,1
"E00038763",2,0,2
"E00038764",2,1,1
"E00038765",3,2,1
"E00038766",4,2,2
"E00038767",0,0,0
"E00038768",2,1,1
"E00038769",2,0,2
"E00038770",3,1,2
"E00038771",0,0,0
"E00038772",1,1,0
"E00038773",2,1,1
"E00038774",8,6,2
"E00038775",8,5,3
"E00038776",1,1,0
"E00038777",0,0,0
"E00038778",5,5,0
"E00038779",5,1,4
"E00038780",2,0,2
"E00038781",2,1,1
"E00038782",2,1,1
"E00038783",3,2,1
"E00038784",1,1,0
"E00038785",1,1,0
"E00038786",2,0,2
"E00038787",8,4,4
"E00038788",2,2,0
"E00038789",0,0,0
"E00038790",4,2,2
"E00038791",0,0,0
"E00038792",2,0,2
"E00038793",5,2,3
"E00038794",2,2,0
"E00038795",2,2,0
"E00038796",2,0,2
"E00038797",2,1,1
"E00038798",2,1,1
"E00038799",0,0,0
"E00038800",7,2,5
"E00038801",6,3,3
"E00038802",1,1,0
"E00038803",2,2,0
"E00038804",0,0,0
"E00038805",1,1,0
"E00038806",4,2,2
"E00038807",2,1,1
"E00038808",2,1,1
"E00038809",5,4,1
"E00038810",4,0,4
"E00038811",11,4,7
"E00038812",2,1,1
"E00038813",4,1,3
"E00038814",2,0,2
"E00038815",11,9,2
"E00038816",13,6,7
"E00038817",3,2,1
"E00038818",1,0,1
"E00038819",2,0,2
"E00038820",4,1,3
"E00038821",5,1,4
"E00038822",5,2,3
"E00038823",3,2,1
"E00038824",3,1,2
"E00038825",9,4,5
"E00038826",9,6,3
"E00038827",0,0,0
"E00038828",10,5,5
"E00038829",2,0,2
"E00038830",5,3,2
"E00038831",1,0,1
"E00038832",0,0,0
"E00038834",3,2,1
"E00038835",5,4,1
"E00038836",0,0,0
"E00038837",1,1,0
"E00038838",4,1,3
"E00038839",5,3,2
"E00038840",0,0,0
"E00038841",0,0,0
"E00038842",6,2,4
"E00038843",0,0,0
"E00038844",1,1,0
"E00038845",2,0,2
"E00038846",2,1,1
"E00038847",3,2,1
"E00038848",2,0,2
"E00038849",2,2,0
"E00038850",2,0,2
"E00038851",0,0,0
"E00038852",5,3,2
"E00038853",1,0,1
"E00038854",5,2,3
"E00038855",4,2,2
"E00038856",1,1,0
"E00038857",1,1,0
"E00038858",2,1,1
"E00038859",4,3,1
"E00038860",1,1,0
"E00038861",2,0,2
"E00038862",2,2,0
"E00038863",3,2,1
"E00038864",1,0,1
"E00038865",4,2,2
"E00038866",5,2,3
"E00038867",0,0,0
"E00038868",3,0,3
"E00038869",1,0,1
"E00038870",0,0,0
"E00038871",1,1,0
"E00038872",0,0,0
"E00038873",3,2,1
"E00038874",1,0,1
"E00038875",1,0,1
"E00038876",2,1,1
"E00038877",7,5,2
"E00038878",7,6,1
"E00038879",9,4,5
"E00038880",4,1,3
"E00038881",4,0,4
"E00038882",2,2,0
"E00038883",2,1,1
"E00038884",4,2,2
"E00038885",10,8,2
"E00038886",1,0,1
"E00038887",2,1,1
"E00038888",3,2,1
"E00038889",5,1,4
"E00038890",9,5,4
"E00038891",7,5,2
"E00038892",6,1,5
"E00038893",0,0,0
"E00038894",11,7,4
"E00038895",0,0,0
"E00038896",0,0,0
"E00038897",3,2,1
"E00038898",8,4,4
"E00038899",7,5,2
"E00038900",1,1,0
"E00038901",5,1,4
"E00038902",0,0,0
"E00038903",4,4,0
"E00038904",5,2,3
"E00038905",5,2,3
"E00038906",3,1,2
"E00038907",2,0,2
"E00038908",2,1,1
"E00038909",4,2,2
"E00038910",6,2,4
"E00038911",4,1,3
"E00038912",5,2,3
"E00038913",3,2,1
"E00038914",0,0,0
"E00038915",2,0,2
"E00038916",2,0,2
"E00038917",2,2,0
"E00038918",6,3,3
"E00038919",2,1,1
"E00038920",3,2,1
"E00038921",5,3,2
"E00038922",3,2,1
"E00038923",6,3,3
"E00038924",0,0,0
"E00038925",8,5,3
"E00038926",0,0,0
"E00038927",2,1,1
"E00038928",0,0,0
"E00038929",3,1,2
"E00038930",0,0,0
"E00038931",0,0,0
"E00038932",2,1,1
"E00038933",0,0,0
"E00038934",1,1,0
"E00038935",5,5,0
"E00038936",6,4,2
"E00038937",6,1,5
"E00038938",0,0,0
"E00038939",7,2,5
"E00038940",4,2,2
"E00038941",3,2,1
"E00038942",3,1,2
"E00038943",5,2,3
"E00038944",0,0,0
"E00038945",11,7,4
"E00038946",12,5,7
"E00038947",5,4,1
"E00038948",9,5,4
"E00038949",5,2,3
"E00038950",2,2,0
"E00038951",1,0,1
"E00038952",6,3,3
"E00038953",7,4,3
"E00038954",11,6,5
"E00038955",7,5,2
"E00038956",6,4,2
"E00038957",2,2,0
"E00038958",2,1,1
"E00038959",4,2,2
"E00038960",4,2,2
"E00038961",7,1,6
"E00038962",2,1,1
"E00038963",4,3,1
"E00038964",4,1,3
"E00038965",9,3,6
"E00038966",3,1,2
"E00038967",7,1,6
"E00038970",1,1,0
"E00038971",2,1,1
"E00038972",1,0,1
"E00038973",1,0,1
"E00038974",1,1,0
"E00038975",4,2,2
"E00038976",4,1,3
"E00038977",5,2,3
"E00038978",1,0,1
"E00038979",1,0,1
"E00038980",0,0,0
"E00038981",6,1,5
"E00038982",2,1,1
"E00038983",0,0,0
"E00038984",3,0,3
"E00038985",1,1,0
"E00038986",2,0,2
"E00038987",1,1,0
"E00038988",4,1,3
"E00038989",1,0,1
"E00038991",3,0,3
"E00038992",1,1,0
"E00038993",1,0,1
"E00038994",5,2,3
"E00038995",2,1,1
"E00038996",9,4,5
"E00038997",4,1,3
"E00038998",2,1,1
"E00038999",1,0,1
"E00039000",1,1,0
"E00039001",1,0,1
"E00039002",2,1,1
"E00039003",1,1,0
"E00039004",3,1,2
"E00039005",2,2,0
"E00039006",2,1,1
"E00039007",3,1,2
"E00039008",2,2,0
"E00039009",3,0,3
"E00039010",0,0,0
"E00039011",0,0,0
"E00039012",7,3,4
"E00039013",0,0,0
"E00039014",0,0,0
"E00039015",2,1,1
"E00039016",3,1,2
"E00039017",3,2,1
"E00039018",6,1,5
"E00039019",1,0,1
"E00039020",1,0,1
"E00039021",0,0,0
"E00039022",3,2,1
"E00039023",1,0,1
"E00039024",3,0,3
"E00039025",1,1,0
"E00039026",1,1,0
"E00039027",1,0,1
"E00039028",5,4,1
"E00039029",6,3,3
"E00039030",0,0,0
"E00039031",0,0,0
"E00039032",3,0,3
"E00039034",8,3,5
"E00039035",1,0,1
"E00039036",5,3,2
"E00039037",2,0,2
"E00039038",0,0,0
"E00039039",2,1,1
"E00039040",14,7,7
"E00039041",2,0,2
"E00039042",0,0,0
"E00039043",1,1,0
"E00039044",2,1,1
"E00039045",4,1,3
"E00039046",5,2,3
"E00039047",7,4,3
"E00039048",1,0,1
"E00039049",8,5,3
"E00039050",5,4,1
"E00039051",4,1,3
"E00039052",3,1,2
"E00039053",5,2,3
"E00039054",1,1,0
"E00039055",8,2,6
"E00039056",5,3,2
"E00039057",3,0,3
"E00039058",4,1,3
"E00039059",0,0,0
"E00039060",3,1,2
"E00039061",7,5,2
"E00039062",8,4,4
"E00039063",2,0,2
"E00039064",3,3,0
"E00039065",6,4,2
"E00039066",11,9,2
"E00039067",2,1,1
"E00039068",5,5,0
"E00039069",5,2,3
"E00039070",3,1,2
"E00039071",0,0,0
"E00039072",0,0,0
"E00039073",0,0,0
"E00039074",0,0,0
"E00039075",0,0,0
"E00039076",4,3,1
"E00039077",0,0,0
"E00039078",4,2,2
"E00039079",3,2,1
"E00039080",2,1,1
"E00039081",3,2,1
"E00039082",0,0,0
"E00039083",0,0,0
"E00039084",1,0,1
"E00039085",1,0,1
"E00039086",4,2,2
"E00039087",3,3,0
"E00039088",5,2,3
"E00039089",3,1,2
"E00039090",1,0,1
"E00039091",0,0,0
"E00039092",1,0,1
"E00039094",2,0,2
"E00039095",0,0,0
"E00039096",1,1,0
"E00039097",2,1,1
"E00039098",2,1,1
"E00039099",3,1,2
"E00039100",2,0,2
"E00039101",1,1,0
"E00039102",7,4,3
"E00039104",1,1,0
"E00039105",0,0,0
"E00039106",4,3,1
"E00039107",0,0,0
"E00039108",1,1,0
"E00039109",4,2,2
"E00039110",0,0,0
"E00039111",0,0,0
"E00039112",2,2,0
"E00039114",4,2,2
"E00039115",1,1,0
"E00039116",4,3,1
"E00039117",0,0,0
"E00039118",1,1,0
"E00039119",4,3,1
"E00039120",0,0,0
"E00039121",0,0,0
"E00039122",5,2,3
"E00039123",2,2,0
"E00039124",0,0,0
"E00039125",1,1,0
"E00039126",4,2,2
"E00039127",4,1,3
"E00039128",6,3,3
"E00039130",4,4,0
"E00039131",0,0,0
"E00039132",0,0,0
"E00039133",3,1,2
"E00039134",1,1,0
"E00039135",1,0,1
"E00039137",1,0,1
"E00039138",2,0,2
"E00039139",5,4,1
"E00039140",0,0,0
"E00039141",1,0,1
"E00039142",0,0,0
"E00039143",1,0,1
"E00039144",0,0,0
"E00039145",1,1,0
"E00039146",4,2,2
"E00039147",1,0,1
"E00039148",0,0,0
"E00039149",1,1,0
"E00039150",2,0,2
"E00039151",2,0,2
"E00039152",0,0,0
"E00039153",0,0,0
"E00039154",3,1,2
"E00039155",1,0,1
"E00039156",0,0,0
"E00039157",0,0,0
"E00039158",0,0,0
"E00039159",2,1,1
"E00039160",1,1,0
"E00039161",1,1,0
"E00039162",2,0,2
"E00039163",3,2,1
"E00039164",0,0,0
"E00039165",0,0,0
"E00039166",2,1,1
"E00039167",1,1,0
"E00039168",1,0,1
"E00039169",1,0,1
"E00039170",0,0,0
"E00039171",4,1,3
"E00039172",6,3,3
"E00039173",0,0,0
"E00039174",0,0,0
"E00039175",2,1,1
"E00039176",1,0,1
"E00039177",0,0,0
"E00039178",0,0,0
"E00039179",4,2,2
"E00039180",1,1,0
"E00039181",2,2,0
"E00039182",2,1,1
"E00039183",2,0,2
"E00039184",1,1,0
"E00039185",0,0,0
"E00039186",0,0,0
"E00039187",2,1,1
"E00039188",1,0,1
"E00039189",0,0,0
"E00039190",0,0,0
"E00039191",4,0,4
"E00039192",4,1,3
"E00039193",1,1,0
"E00039194",0,0,0
"E00039195",1,1,0
"E00039196",2,1,1
"E00039197",2,0,2
"E00039198",0,0,0
"E00039199",0,0,0
"E00039200",1,1,0
"E00039201",1,0,1
"E00039202",4,2,2
"E00039203",0,0,0
"E00039204",2,1,1
"E00039205",1,0,1
"E00039206",8,3,5
"E00039207",0,0,0
"E00039208",2,0,2
"E00039209",0,0,0
"E00039210",2,0,2
"E00039211",2,2,0
"E00039212",5,2,3
"E00039213",3,1,2
"E00039214",2,2,0
"E00039215",2,2,0
"E00039216",4,1,3
"E00039217",2,0,2
"E00039218",6,2,4
"E00039219",1,1,0
"E00039220",2,1,1
"E00039221",1,0,1
"E00039222",1,0,1
"E00039223",4,3,1
"E00039224",0,0,0
"E00039225",1,0,1
"E00039226",6,2,4
"E00039227",0,0,0
"E00039228",3,3,0
"E00039229",1,0,1
"E00039230",1,1,0
"E00039231",2,1,1
"E00039232",2,2,0
"E00039233",2,0,2
"E00039234",0,0,0
"E00039235",0,0,0
"E00039236",0,0,0
"E00039237",5,1,4
"E00039238",6,2,4
"E00039239",0,0,0
"E00039240",12,10,2
"E00039241",1,1,0
"E00039242",2,2,0
"E00039243",2,1,1
"E00039244",4,2,2
"E00039245",1,0,1
"E00039246",0,0,0
"E00039247",9,4,5
"E00039248",8,4,4
"E00039249",4,3,1
"E00039250",6,3,3
"E00039251",3,1,2
"E00039252",4,1,3
"E00039253",0,0,0
"E00039254",2,1,1
"E00039255",10,6,4
"E00039256",1,1,0
"E00039257",0,0,0
"E00039258",6,1,5
"E00039259",3,0,3
"E00039260",0,0,0
"E00039261",0,0,0
"E00039262",6,5,1
"E00039263",1,0,1
"E00039264",1,0,1
"E00039265",3,2,1
"E00039266",5,2,3
"E00039267",7,4,3
"E00039269",0,0,0
"E00039270",2,0,2
"E00039271",9,3,6
"E00039272",1,1,0
"E00039273",0,0,0
"E00039274",4,3,1
"E00039275",3,1,2
"E00039276",0,0,0
"E00039277",1,0,1
"E00039278",2,1,1
"E00039279",2,1,1
"E00039280",1,1,0
"E00039281",4,3,1
"E00039282",0,0,0
"E00039283",1,1,0
"E00039284",3,2,1
"E00039285",1,0,1
"E00039286",0,0,0
"E00039287",1,1,0
"E00039288",0,0,0
"E00039289",2,0,2
"E00039290",3,0,3
"E00039291",3,1,2
"E00039292",0,0,0
"E00039293",1,0,1
"E00039294",2,2,0
"E00039295",7,4,3
"E00039296",1,0,1
"E00039297",3,1,2
"E00039298",0,0,0
"E00039299",1,0,1
"E00039300",2,0,2
"E00039301",2,2,0
"E00039302",7,3,4
"E00039303",5,1,4
"E00039304",5,1,4
"E00039305",0,0,0
"E00039306",4,2,2
"E00039307",4,1,3
"E00039308",6,4,2
"E00039309",5,2,3
"E00039310",1,1,0
"E00039311",0,0,0
"E00039312",6,2,4
"E00039313",1,1,0
"E00039314",2,1,1
"E00039315",5,4,1
"E00039316",2,2,0
"E00039317",0,0,0
"E00039318",0,0,0
"E00039319",1,0,1
"E00039320",2,1,1
"E00039321",3,2,1
"E00039322",2,1,1
"E00039323",1,1,0
"E00039324",0,0,0
"E00039325",0,0,0
"E00039326",6,3,3
"E00039327",1,1,0
"E00039328",2,1,1
"E00039329",2,2,0
"E00039330",2,0,2
"E00039331",1,1,0
"E00039332",4,3,1
"E00039333",1,0,1
"E00039334",1,1,0
"E00039335",2,1,1
"E00039336",8,4,4
"E00039337",1,0,1
"E00039338",1,1,0
"E00039339",1,0,1
"E00039340",2,1,1
"E00039341",6,3,3
"E00039342",3,1,2
"E00039343",1,0,1
"E00039344",0,0,0
"E00039345",0,0,0
"E00039346",0,0,0
"E00039347",1,0,1
"E00039348",1,1,0
"E00039349",1,1,0
"E00039350",4,3,1
"E00039351",0,0,0
"E00039352",0,0,0
"E00039353",6,4,2
"E00039354",5,4,1
"E00039355",0,0,0
"E00039356",1,1,0
"E00039357",1,1,0
"E00039358",5,4,1
"E00039359",3,1,2
"E00039360",1,0,1
"E00039361",0,0,0
"E00039362",5,1,4
"E00039363",1,0,1
"E00039364",2,2,0
"E00039365",2,0,2
"E00039366",2,0,2
"E00039367",0,0,0
"E00039368",0,0,0
"E00039369",2,1,1
"E00039370",2,1,1
"E00039371",2,0,2
"E00039372",0,0,0
"E00039373",2,1,1
"E00039374",2,2,0
"E00039375",0,0,0
"E00039376",1,1,0
"E00039377",2,1,1
"E00039378",2,0,2
"E00039379",4,3,1
"E00039380",6,3,3
"E00039381",4,2,2
"E00039382",1,0,1
"E00039383",0,0,0
"E00039384",1,0,1
"E00039385",3,2,1
"E00039386",4,1,3
"E00039387",2,0,2
"E00039388",0,0,0
"E00039389",1,1,0
"E00039390",3,2,1
"E00039391",2,1,1
"E00039392",1,1,0
"E00039393",1,0,1
"E00039394",2,2,0
"E00039395",1,1,0
"E00039396",0,0,0
"E00039397",4,1,3
"E00039398",2,2,0
"E00039399",1,1,0
"E00039400",0,0,0
"E00039401",1,0,1
"E00039402",0,0,0
"E00039403",0,0,0
"E00039404",1,1,0
"E00039405",1,1,0
"E00039406",1,0,1
"E00039407",1,1,0
"E00039408",1,0,1
"E00039409",4,1,3
"E00039411",5,4,1
"E00039412",3,0,3
"E00039413",1,0,1
"E00039414",5,2,3
"E00039415",3,2,1
"E00039416",0,0,0
"E00039417",0,0,0
"E00039418",3,1,2
"E00039419",1,0,1
"E00039420",3,1,2
"E00039421",4,0,4
"E00039422",1,1,0
"E00039423",2,2,0
"E00039425",2,2,0
"E00039426",0,0,0
"E00039427",0,0,0
"E00039428",0,0,0
"E00039429",1,1,0
"E00039430",2,0,2
"E00039431",2,0,2
"E00039432",4,1,3
"E00039433",5,2,3
"E00039434",0,0,0
"E00039435",0,0,0
"E00039436",1,0,1
"E00039437",16,6,10
"E00039438",11,5,6
"E00039439",4,2,2
"E00039440",2,0,2
"E00039441",1,0,1
"E00039442",1,0,1
"E00039443",0,0,0
"E00039444",3,1,2
"E00039445",2,0,2
"E00039446",0,0,0
"E00039447",1,0,1
"E00039448",7,4,3
"E00039449",2,1,1
"E00039450",2,1,1
"E00039451",1,0,1
"E00039452",5,2,3
"E00039453",2,1,1
"E00039454",6,4,2
"E00039455",0,0,0
"E00039456",5,3,2
"E00039457",9,4,5
"E00039458",2,1,1
"E00039459",5,1,4
"E00039460",2,1,1
"E00039461",2,1,1
"E00039462",2,1,1
"E00039463",5,4,1
"E00039464",0,0,0
"E00039465",0,0,0
"E00039466",0,0,0
"E00039468",6,4,2
"E00039469",1,0,1
"E00039470",1,1,0
"E00039471",5,4,1
"E00039472",2,1,1
"E00039473",1,1,0
"E00039474",3,1,2
"E00039475",0,0,0
"E00039476",3,1,2
"E00039477",2,1,1
"E00039478",2,1,1
"E00039479",1,1,0
"E00039480",1,1,0
"E00039481",3,3,0
"E00039482",4,2,2
"E00039483",1,0,1
"E00039484",2,0,2
"E00039485",0,0,0
"E00039486",2,1,1
"E00039487",0,0,0
"E00039488",2,0,2
"E00039489",3,3,0
"E00039490",5,3,2
"E00039491",0,0,0
"E00039492",1,0,1
"E00039493",7,1,6
"E00039494",3,2,1
"E00039495",1,0,1
"E00039496",1,1,0
"E00039497",0,0,0
"E00039498",3,1,2
"E00039499",5,1,4
"E00039500",6,3,3
"E00039501",2,2,0
"E00039502",1,0,1
"E00039503",4,2,2
"E00039504",2,1,1
"E00039505",0,0,0
"E00039506",3,2,1
"E00039507",1,1,0
"E00039508",2,2,0
"E00039509",2,0,2
"E00039510",1,0,1
"E00039511",4,2,2
"E00039512",0,0,0
"E00039513",0,0,0
"E00039514",0,0,0
"E00039515",9,7,2
"E00039516",10,6,4
"E00039517",5,0,5
"E00039518",2,2,0
"E00039519",1,0,1
"E00039520",2,0,2
"E00039521",1,1,0
"E00039522",0,0,0
"E00039523",0,0,0
"E00039524",2,0,2
"E00039525",4,3,1
"E00039526",3,2,1
"E00039528",1,0,1
"E00039529",0,0,0
"E00039530",3,0,3
"E00039531",2,0,2
"E00039532",3,1,2
"E00039533",1,0,1
"E00039534",1,0,1
"E00039535",0,0,0
"E00039536",1,1,0
"E00039537",5,4,1
"E00039538",5,3,2
"E00039539",4,1,3
"E00039540",2,0,2
"E00039541",6,3,3
"E00039542",0,0,0
"E00039543",3,1,2
"E00039544",4,3,1
"E00039545",0,0,0
"E00039546",2,0,2
"E00039547",0,0,0
"E00039548",2,1,1
"E00039549",1,0,1
"E00039550",1,0,1
"E00039551",0,0,0
"E00039552",1,0,1
"E00039553",0,0,0
"E00039554",3,1,2
"E00039555",1,0,1
"E00039556",2,0,2
"E00039557",3,0,3
"E00039558",9,3,6
"E00039559",2,1,1
"E00039560",3,1,2
"E00039561",0,0,0
"E00039562",1,0,1
"E00039563",0,0,0
"E00039564",4,3,1
"E00039565",0,0,0
"E00039566",3,2,1
"E00039567",3,1,2
"E00039568",8,3,5
"E00039569",3,2,1
"E00039570",0,0,0
"E00039571",5,3,2
"E00039572",5,4,1
"E00039573",1,0,1
"E00039574",0,0,0
"E00039575",4,2,2
"E00039576",0,0,0
"E00039577",0,0,0
"E00039578",5,2,3
"E00039579",3,1,2
"E00039580",1,1,0
"E00039581",6,3,3
"E00039582",1,1,0
"E00039583",6,4,2
"E00039584",5,2,3
"E00039585",3,2,1
"E00039586",0,0,0
"E00039587",1,0,1
"E00039588",7,4,3
"E00039589",6,3,3
"E00039590",0,0,0
"E00039591",0,0,0
"E00039592",2,0,2
"E00039593",10,6,4
"E00039594",1,0,1
"E00039595",3,3,0
"E00039596",5,3,2
"E00039597",0,0,0
"E00039598",3,2,1
"E00039599",7,2,5
"E00039600",5,2,3
"E00039601",1,1,0
"E00039602",0,0,0
"E00039603",0,0,0
"E00039604",4,2,2
"E00039605",0,0,0
"E00039606",0,0,0
"E00039607",4,4,0
"E00039608",4,1,3
"E00039609",3,1,2
"E00039610",4,2,2
"E00039611",2,0,2
"E00039612",0,0,0
"E00039613",4,4,0
"E00039614",0,0,0
"E00039615",9,7,2
"E00039616",6,3,3
"E00039617",2,1,1
"E00039618",1,1,0
"E00039619",5,2,3
"E00039620",1,1,0
"E00039621",1,0,1
"E00039622",7,1,6
"E00039623",3,2,1
"E00039624",5,1,4
"E00039625",1,0,1
"E00039626",1,1,0
"E00039627",7,1,6
"E00039628",0,0,0
"E00039629",5,3,2
"E00039630",3,1,2
"E00039631",1,1,0
"E00039632",9,4,5
"E00039633",1,1,0
"E00039634",5,3,2
"E00039635",5,3,2
"E00039636",6,1,5
"E00039637",3,1,2
"E00039638",6,5,1
"E00039639",8,4,4
"E00039640",2,0,2
"E00039641",5,3,2
"E00039642",11,5,6
"E00039643",6,3,3
"E00039644",11,4,7
"E00039645",0,0,0
"E00039646",0,0,0
"E00039647",0,0,0
"E00039648",3,1,2
"E00039649",1,0,1
"E00039650",5,2,3
"E00039651",5,2,3
"E00039652",2,2,0
"E00039653",7,3,4
"E00039654",2,1,1
"E00039655",1,1,0
"E00039656",10,4,6
"E00039657",0,0,0
"E00039658",5,1,4
"E00039659",6,5,1
"E00039660",5,1,4
"E00039661",4,3,1
"E00039662",9,5,4
"E00039663",4,4,0
"E00039664",2,0,2
"E00039665",1,0,1
"E00039666",2,0,2
"E00039667",3,2,1
"E00039668",4,0,4
"E00039669",4,1,3
"E00039670",3,2,1
"E00039671",1,0,1
"E00039672",0,0,0
"E00039673",2,2,0
"E00039674",0,0,0
"E00039675",2,1,1
"E00039676",2,0,2
"E00039677",4,3,1
"E00039678",2,1,1
"E00039679",0,0,0
"E00039680",4,1,3
"E00039681",1,1,0
"E00039682",2,1,1
"E00039683",1,1,0
"E00039684",1,0,1
"E00039685",0,0,0
"E00039686",0,0,0
"E00039687",1,1,0
"E00039688",3,2,1
"E00039690",0,0,0
"E00039691",3,1,2
"E00039692",1,1,0
"E00039695",1,1,0
"E00039696",4,2,2
"E00039697",1,1,0
"E00039698",1,1,0
"E00039699",2,1,1
"E00039700",1,0,1
"E00039701",1,1,0
"E00039702",0,0,0
"E00039703",1,1,0
"E00039704",0,0,0
"E00039705",3,1,2
"E00039706",2,1,1
"E00039707",3,2,1
"E00039708",2,0,2
"E00039709",2,1,1
"E00039710",0,0,0
"E00039712",0,0,0
"E00039713",2,2,0
"E00039714",1,0,1
"E00039715",1,0,1
"E00039716",1,0,1
"E00039717",0,0,0
"E00039718",0,0,0
"E00039719",1,1,0
"E00039720",4,3,1
"E00039721",2,1,1
"E00039722",1,0,1
"E00039724",1,0,1
"E00039726",1,1,0
"E00039727",0,0,0
"E00039728",3,2,1
"E00039729",1,0,1
"E00039730",3,0,3
"E00039731",0,0,0
"E00039732",4,1,3
"E00039733",3,1,2
"E00039734",0,0,0
"E00039735",4,3,1
"E00039736",1,0,1
"E00039737",2,2,0
"E00039738",1,0,1
"E00039739",2,1,1
"E00039740",3,2,1
"E00039741",0,0,0
"E00039742",0,0,0
"E00039743",1,0,1
"E00039744",3,2,1
"E00039745",0,0,0
"E00039746",0,0,0
"E00039747",3,1,2
"E00039748",1,0,1
"E00039749",2,1,1
"E00039750",0,0,0
"E00039751",3,2,1
"E00039752",1,1,0
"E00039753",0,0,0
"E00039754",0,0,0
"E00039755",0,0,0
"E00039756",2,1,1
"E00039757",2,1,1
"E00039758",1,1,0
"E00039759",2,0,2
"E00039760",0,0,0
"E00039761",0,0,0
"E00039762",1,0,1
"E00039763",6,4,2
"E00039764",1,1,0
"E00039765",0,0,0
"E00039766",5,4,1
"E00039767",2,1,1
"E00039768",1,0,1
"E00039769",2,2,0
"E00039770",1,1,0
"E00039771",0,0,0
"E00039772",7,4,3
"E00039773",1,1,0
"E00039774",5,5,0
"E00039775",0,0,0
"E00039776",1,1,0
"E00039777",1,1,0
"E00039778",0,0,0
"E00039779",0,0,0
"E00039780",3,1,2
"E00039781",1,0,1
"E00039782",1,0,1
"E00039783",3,1,2
"E00039784",2,1,1
"E00039785",1,0,1
"E00039786",2,2,0
"E00039787",0,0,0
"E00039788",0,0,0
"E00039789",0,0,0
"E00039791",5,3,2
"E00039792",0,0,0
"E00039793",0,0,0
"E00039794",4,1,3
"E00039795",0,0,0
"E00039796",0,0,0
"E00039797",0,0,0
"E00039798",1,1,0
"E00039799",1,0,1
"E00039800",2,1,1
"E00039801",11,6,5
"E00039802",7,2,5
"E00039804",10,5,5
"E00039806",3,1,2
"E00039807",4,3,1
"E00039808",9,3,6
"E00039810",1,0,1
"E00039811",2,1,1
"E00039812",6,4,2
"E00039813",8,6,2
"E00039814",9,3,6
"E00039815",11,6,5
"E00039816",0,0,0
"E00039817",3,2,1
"E00039818",8,5,3
"E00039819",7,4,3
"E00039820",2,1,1
"E00039821",15,9,6
"E00039822",2,0,2
"E00039823",3,2,1
"E00039824",8,1,7
"E00039825",9,5,4
"E00039826",2,1,1
"E00039827",1,1,0
"E00039828",16,6,10
"E00039829",1,1,0
"E00039830",6,3,3
"E00039831",8,3,5
"E00039832",7,3,4
"E00039833",19,11,8
"E00039834",10,3,7
"E00039835",8,2,6
"E00039836",7,5,2
"E00039837",3,2,1
"E00039838",1,1,0
"E00039839",4,3,1
"E00039840",0,0,0
"E00039841",1,1,0
"E00039842",1,1,0
"E00039843",2,1,1
"E00039844",7,3,4
"E00039845",4,2,2
"E00039846",1,1,0
"E00039847",4,0,4
"E00039849",0,0,0
"E00039850",12,5,7
"E00039851",3,1,2
"E00039852",7,3,4
"E00039853",3,1,2
"E00039854",1,0,1
"E00039856",0,0,0
"E00039858",3,3,0
"E00039859",4,3,1
"E00039860",5,2,3
"E00039861",1,0,1
"E00039862",2,2,0
"E00039863",0,0,0
"E00039864",1,1,0
"E00039865",2,1,1
"E00039866",1,1,0
"E00039867",1,0,1
"E00039868",1,1,0
"E00039869",1,0,1
"E00039870",0,0,0
"E00039871",1,0,1
"E00039872",0,0,0
"E00039873",2,1,1
"E00039876",10,4,6
"E00039877",0,0,0
"E00039878",3,2,1
"E00039879",0,0,0
"E00039880",0,0,0
"E00039881",0,0,0
"E00039882",2,0,2
"E00039883",0,0,0
"E00039884",5,5,0
"E00039885",4,2,2
"E00039886",3,3,0
"E00039887",0,0,0
"E00039888",0,0,0
"E00039889",0,0,0
"E00039890",2,1,1
"E00039891",5,4,1
"E00039892",4,1,3
"E00039893",1,1,0
"E00039894",1,1,0
"E00039895",8,4,4
"E00039896",3,2,1
"E00039897",0,0,0
"E00039898",0,0,0
"E00039899",1,1,0
"E00039900",2,0,2
"E00039902",0,0,0
"E00039906",0,0,0
"E00039907",1,0,1
"E00039908",3,2,1
"E00039910",1,1,0
"E00039911",2,1,1
"E00039912",2,0,2
"E00039913",3,3,0
"E00039914",0,0,0
"E00039917",1,1,0
"E00039918",4,2,2
"E00039919",0,0,0
"E00039920",0,0,0
"E00039921",2,0,2
"E00039922",1,1,0
"E00039923",2,0,2
"E00039924",0,0,0
"E00039925",0,0,0
"E00039926",2,1,1
"E00039929",0,0,0
"E00039931",3,1,2
"E00039932",6,4,2
"E00039933",0,0,0
"E00039934",2,2,0
"E00039935",1,0,1
"E00039936",8,5,3
"E00039937",4,2,2
"E00039938",6,2,4
"E00039939",4,3,1
"E00039940",1,1,0
"E00039941",3,0,3
"E00039942",4,2,2
"E00039943",0,0,0
"E00039944",1,0,1
"E00039945",1,1,0
"E00039946",0,0,0
"E00039947",4,2,2
"E00039948",3,2,1
"E00039949",4,0,4
"E00039950",4,0,4
"E00039951",3,1,2
"E00039952",10,7,3
"E00039953",0,0,0
"E00039954",2,1,1
"E00039955",3,1,2
"E00039956",4,2,2
"E00039957",4,2,2
"E00039958",1,0,1
"E00039961",1,1,0
"E00039962",1,1,0
"E00039963",3,2,1
"E00039964",1,1,0
"E00039965",2,1,1
"E00039966",1,0,1
"E00039967",2,0,2
"E00039968",4,2,2
"E00039969",0,0,0
"E00039970",2,2,0
"E00039971",3,2,1
"E00039972",0,0,0
"E00039973",0,0,0
"E00039974",0,0,0
"E00039975",0,0,0
"E00039976",4,1,3
"E00039977",3,1,2
"E00039978",1,0,1
"E00039979",0,0,0
"E00039980",2,1,1
"E00039981",5,2,3
"E00039982",4,1,3
"E00039983",5,2,3
"E00039984",3,2,1
"E00039985",0,0,0
"E00039986",1,1,0
"E00039987",1,1,0
"E00039988",2,1,1
"E00039989",5,2,3
"E00039990",1,0,1
"E00039991",3,0,3
"E00039992",4,2,2
"E00039993",3,1,2
"E00039994",5,4,1
"E00039995",4,1,3
"E00039996",1,1,0
"E00039997",0,0,0
"E00039998",3,1,2
"E00039999",5,2,3
"E00040000",1,0,1
"E00040001",1,1,0
"E00040002",6,2,4
"E00040003",0,0,0
"E00040004",0,0,0
"E00040005",1,0,1
"E00040006",0,0,0
"E00040007",0,0,0
"E00040008",0,0,0
"E00040009",2,1,1
"E00040010",0,0,0
"E00040011",3,0,3
"E00040012",1,0,1
"E00040013",0,0,0
"E00040014",0,0,0
"E00040015",1,0,1
"E00040016",1,1,0
"E00040017",1,1,0
"E00040018",2,2,0
"E00040019",0,0,0
"E00040020",1,0,1
"E00040021",1,0,1
"E00040022",2,1,1
"E00040023",1,1,0
"E00040024",1,0,1
"E00040025",0,0,0
"E00040026",0,0,0
"E00040027",0,0,0
"E00040028",0,0,0
"E00040029",0,0,0
"E00040030",1,1,0
"E00040031",2,1,1
"E00040033",1,0,1
"E00040034",1,1,0
"E00040035",0,0,0
"E00040037",6,3,3
"E00040038",3,1,2
"E00040039",3,1,2
"E00040040",6,2,4
"E00040041",1,0,1
"E00040042",2,1,1
"E00040043",0,0,0
"E00040044",4,0,4
"E00040045",1,0,1
"E00040046",0,0,0
"E00040047",1,1,0
"E00040048",2,2,0
"E00040049",0,0,0
"E00040050",0,0,0
"E00040051",1,0,1
"E00040052",1,1,0
"E00040053",5,2,3
"E00040054",0,0,0
"E00040056",2,0,2
"E00040057",2,0,2
"E00040058",1,0,1
"E00040059",2,0,2
"E00040060",1,0,1
"E00040061",2,2,0
"E00040062",2,1,1
"E00040063",2,2,0
"E00040064",0,0,0
"E00040065",3,2,1
"E00040066",0,0,0
"E00040067",0,0,0
"E00040068",5,2,3
"E00040069",0,0,0
"E00040070",3,1,2
"E00040071",2,1,1
"E00040072",0,0,0
"E00040073",1,0,1
"E00040074",5,3,2
"E00040075",0,0,0
"E00040076",0,0,0
"E00040077",0,0,0
"E00040078",0,0,0
"E00040079",1,0,1
"E00040080",2,1,1
"E00040081",1,0,1
"E00040082",1,1,0
"E00040083",4,2,2
"E00040084",0,0,0
"E00040085",1,1,0
"E00040086",0,0,0
"E00040087",5,4,1
"E00040088",4,2,2
"E00040089",9,7,2
"E00040090",6,3,3
"E00040091",5,1,4
"E00040092",10,5,5
"E00040093",10,3,7
"E00040094",7,2,5
"E00040095",5,4,1
"E00040096",11,4,7
"E00040097",3,2,1
"E00040098",10,3,7
"E00040099",8,3,5
"E00040100",9,4,5
"E00040101",2,1,1
"E00040102",0,0,0
"E00040103",7,5,2
"E00040104",10,5,5
"E00040105",3,2,1
"E00040106",5,2,3
"E00040107",8,6,2
"E00040108",3,1,2
"E00040109",0,0,0
"E00040110",13,8,5
"E00040111",4,2,2
"E00040112",9,3,6
"E00040113",8,6,2
"E00040114",3,1,2
"E00040115",4,4,0
"E00040116",1,1,0
"E00040117",0,0,0
"E00040118",7,3,4
"E00040119",3,1,2
"E00040120",6,2,4
"E00040121",8,4,4
"E00040122",4,3,1
"E00040123",3,2,1
"E00040124",4,0,4
"E00040125",6,5,1
"E00040126",7,5,2
"E00040127",0,0,0
"E00040128",0,0,0
"E00040129",0,0,0
"E00040130",1,1,0
"E00040131",0,0,0
"E00040132",5,4,1
"E00040133",0,0,0
"E00040134",0,0,0
"E00040135",0,0,0
"E00040136",5,4,1
"E00040137",9,2,7
"E00040138",5,2,3
"E00040139",0,0,0
"E00040140",2,1,1
"E00040141",2,1,1
"E00040142",6,4,2
"E00040143",3,2,1
"E00040144",7,4,3
"E00040145",1,0,1
"E00040146",0,0,0
"E00040147",7,0,7
"E00040148",13,8,5
"E00040149",8,4,4
"E00040150",6,2,4
"E00040151",3,0,3
"E00040152",3,3,0
"E00040153",10,4,6
"E00040154",9,5,4
"E00040155",6,2,4
"E00040156",3,2,1
"E00040157",0,0,0
"E00040158",6,2,4
"E00040159",11,6,5
"E00040160",17,5,12
"E00040161",6,3,3
"E00040162",8,5,3
"E00040163",2,1,1
"E00040164",13,7,6
"E00040165",11,7,4
"E00040166",7,5,2
"E00040167",11,6,5
"E00040168",11,7,4
"E00040169",16,10,6
"E00040170",10,4,6
"E00040171",11,3,8
"E00040172",19,11,8
"E00040173",14,7,7
"E00040174",4,3,1
"E00040175",10,4,6
"E00040176",2,0,2
"E00040177",9,5,4
"E00040178",5,4,1
"E00040179",1,1,0
"E00040180",9,2,7
"E00040181",3,0,3
"E00040182",0,0,0
"E00040183",11,5,6
"E00040184",10,7,3
"E00040185",10,6,4
"E00040186",3,2,1
"E00040187",8,3,5
"E00040188",11,5,6
"E00040189",11,5,6
"E00040190",5,4,1
"E00040191",4,1,3
"E00040192",11,6,5
"E00040193",14,7,7
"E00040194",10,4,6
"E00040195",17,8,9
"E00040196",14,4,10
"E00040197",4,3,1
"E00040198",26,11,15
"E00040199",21,11,10
"E00040200",26,12,14
"E00040201",7,2,5
"E00040202",11,8,3
"E00040203",23,14,9
"E00040204",9,4,5
"E00040205",11,5,6
"E00040206",8,2,6
"E00040207",7,3,4
"E00040208",9,2,7
"E00040209",3,3,0
"E00040210",27,14,13
"E00040211",5,3,2
"E00040212",10,6,4
"E00040213",14,7,7
"E00040214",18,6,12
"E00040215",11,6,5
"E00040216",2,1,1
"E00040217",0,0,0
"E00040218",1,1,0
"E00040219",2,2,0
"E00040221",2,0,2
"E00040222",0,0,0
"E00040223",3,2,1
"E00040224",1,1,0
"E00040225",0,0,0
"E00040226",0,0,0
"E00040227",0,0,0
"E00040228",1,1,0
"E00040229",4,1,3
"E00040230",0,0,0
"E00040231",0,0,0
"E00040232",2,1,1
"E00040233",1,0,1
"E00040234",0,0,0
"E00040235",2,2,0
"E00040236",1,1,0
"E00040237",1,0,1
"E00040238",4,0,4
"E00040239",2,1,1
"E00040240",2,1,1
"E00040241",2,0,2
"E00040242",2,0,2
"E00040243",1,1,0
"E00040244",1,1,0
"E00040245",1,1,0
"E00040246",0,0,0
"E00040247",2,1,1
"E00040248",1,0,1
"E00040249",1,1,0
"E00040250",1,0,1
"E00040251",0,0,0
"E00040252",3,1,2
"E00040253",0,0,0
"E00040254",0,0,0
"E00040255",2,1,1
"E00040256",1,0,1
"E00040257",1,0,1
"E00040258",1,0,1
"E00040259",1,1,0
"E00040260",0,0,0
"E00040261",4,2,2
"E00040262",0,0,0
"E00040263",0,0,0
"E00040264",0,0,0
"E00040265",0,0,0
"E00040266",3,1,2
"E00040267",1,0,1
"E00040268",0,0,0
"E00040269",0,0,0
"E00040270",0,0,0
"E00040271",7,4,3
"E00040272",12,3,9
"E00040273",9,5,4
"E00040274",7,5,2
"E00040275",0,0,0
"E00040276",5,3,2
"E00040277",7,1,6
"E00040278",15,8,7
"E00040279",5,3,2
"E00040280",5,2,3
"E00040281",5,3,2
"E00040282",3,0,3
"E00040283",9,6,3
"E00040284",6,4,2
"E00040285",12,3,9
"E00040286",5,4,1
"E00040287",0,0,0
"E00040289",6,3,3
"E00040290",12,8,4
"E00040291",4,0,4
"E00040292",16,6,10
"E00040293",8,1,7
"E00040294",5,3,2
"E00040295",7,6,1
"E00040296",9,4,5
"E00040297",3,1,2
"E00040298",8,5,3
"E00040299",14,9,5
"E00040300",2,1,1
"E00040301",20,10,10
"E00040302",11,5,6
"E00040303",12,3,9
"E00040304",5,3,2
"E00040305",5,1,4
"E00040306",12,8,4
"E00040307",0,0,0
"E00040308",4,3,1
"E00040309",1,0,1
"E00040310",2,2,0
"E00040311",3,2,1
"E00040312",0,0,0
"E00040313",3,1,2
"E00040314",0,0,0
"E00040315",10,6,4
"E00040316",5,4,1
"E00040317",3,1,2
"E00040318",6,2,4
"E00040319",2,0,2
"E00040320",3,3,0
"E00040321",1,0,1
"E00040322",6,1,5
"E00040323",7,5,2
"E00040324",9,3,6
"E00040325",3,1,2
"E00040326",5,2,3
"E00040327",13,6,7
"E00040328",4,1,3
"E00040329",3,1,2
"E00040330",0,0,0
"E00040331",12,8,4
"E00040332",1,0,1
"E00040333",8,3,5
"E00040334",0,0,0
"E00040335",2,1,1
"E00040336",0,0,0
"E00040337",4,1,3
"E00040338",1,0,1
"E00040339",0,0,0
"E00040340",3,2,1
"E00040341",0,0,0
"E00040342",2,0,2
"E00040343",0,0,0
"E00040344",0,0,0
"E00040345",0,0,0
"E00040346",0,0,0
"E00040347",1,1,0
"E00040348",0,0,0
"E00040349",0,0,0
"E00040350",0,0,0
"E00040351",0,0,0
"E00040352",2,1,1
"E00040353",3,1,2
"E00040354",1,0,1
"E00040355",0,0,0
"E00040356",0,0,0
"E00040357",1,0,1
"E00040358",2,2,0
"E00040359",2,1,1
"E00040360",2,1,1
"E00040361",0,0,0
"E00040362",0,0,0
"E00040363",6,2,4
"E00040364",1,1,0
"E00040365",0,0,0
"E00040366",4,0,4
"E00040368",1,0,1
"E00040369",1,1,0
"E00040370",1,1,0
"E00040371",0,0,0
"E00040372",2,1,1
"E00040373",0,0,0
"E00040374",0,0,0
"E00040375",1,0,1
"E00040376",1,0,1
"E00040377",0,0,0
"E00040378",0,0,0
"E00040379",1,0,1
"E00040380",1,0,1
"E00040381",2,1,1
"E00040382",0,0,0
"E00040383",1,1,0
"E00040384",2,2,0
"E00040385",0,0,0
"E00040386",0,0,0
"E00040387",1,0,1
"E00040388",0,0,0
"E00040389",2,1,1
"E00040390",3,1,2
"E00040391",2,1,1
"E00040392",6,2,4
"E00040393",0,0,0
"E00040394",1,0,1
"E00040395",0,0,0
"E00040396",3,2,1
"E00040397",0,0,0
"E00040398",1,1,0
"E00040399",1,0,1
"E00040400",5,2,3
"E00040401",4,2,2
"E00040402",2,0,2
"E00040403",0,0,0
"E00040404",2,2,0
"E00040405",0,0,0
"E00040406",4,1,3
"E00040407",2,1,1
"E00040408",6,2,4
"E00040409",1,0,1
"E00040410",2,0,2
"E00040411",5,1,4
"E00040412",3,0,3
"E00040413",2,0,2
"E00040414",1,1,0
"E00040415",3,1,2
"E00040416",0,0,0
"E00040417",0,0,0
"E00040418",1,0,1
"E00040419",0,0,0
"E00040420",4,2,2
"E00040421",3,3,0
"E00040422",4,3,1
"E00040423",2,2,0
"E00040424",0,0,0
"E00040425",0,0,0
"E00040426",0,0,0
"E00040427",2,2,0
"E00040428",2,1,1
"E00040429",6,2,4
"E00040430",3,0,3
"E00040431",3,2,1
"E00040432",0,0,0
"E00040433",4,3,1
"E00040434",4,2,2
"E00040435",7,3,4
"E00040436",5,2,3
"E00040437",1,1,0
"E00040438",6,3,3
"E00040439",1,0,1
"E00040440",6,3,3
"E00040441",0,0,0
"E00040442",0,0,0
"E00040443",0,0,0
"E00040444",3,1,2
"E00040445",3,1,2
"E00040446",3,2,1
"E00040447",1,0,1
"E00040448",0,0,0
"E00040449",3,2,1
"E00040450",4,3,1
"E00040451",0,0,0
"E00040452",5,2,3
"E00040453",1,0,1
"E00040454",4,2,2
"E00040455",1,1,0
"E00040456",3,1,2
"E00040457",1,1,0
"E00040458",1,1,0
"E00040459",2,0,2
"E00040460",6,3,3
"E00040461",0,0,0
"E00040462",1,1,0
"E00040463",0,0,0
"E00040464",5,4,1
"E00040465",1,1,0
"E00040466",4,3,1
"E00040467",4,3,1
"E00040468",0,0,0
"E00040469",1,0,1
"E00040470",2,2,0
"E00040471",1,0,1
"E00040472",1,0,1
"E00040473",3,1,2
"E00040474",6,1,5
"E00040475",0,0,0
"E00040476",0,0,0
"E00040477",1,0,1
"E00040478",0,0,0
"E00040479",0,0,0
"E00040480",2,0,2
"E00040481",1,0,1
"E00040482",1,0,1
"E00040483",2,1,1
"E00040484",0,0,0
"E00040485",1,0,1
"E00040486",8,4,4
"E00040487",2,1,1
"E00040488",1,1,0
"E00040489",4,3,1
"E00040490",2,0,2
"E00040491",2,1,1
"E00040492",3,0,3
"E00040493",0,0,0
"E00040494",3,1,2
"E00040495",0,0,0
"E00040496",1,0,1
"E00040497",1,0,1
"E00040498",2,1,1
"E00040499",3,0,3
"E00040500",1,1,0
"E00040501",7,3,4
"E00040502",9,5,4
"E00040503",1,1,0
"E00040504",1,1,0
"E00040505",0,0,0
"E00040506",0,0,0
"E00040507",0,0,0
"E00040508",3,1,2
"E00040509",1,0,1
"E00040510",3,1,2
"E00040511",4,0,4
"E00040512",7,2,5
"E00040513",1,0,1
"E00040514",1,1,0
"E00040515",6,3,3
"E00040516",1,1,0
"E00040517",6,2,4
"E00040518",3,1,2
"E00040519",2,0,2
"E00040520",3,2,1
"E00040521",0,0,0
"E00040522",1,1,0
"E00040523",3,1,2
"E00040524",3,1,2
"E00040525",2,1,1
"E00040526",3,2,1
"E00040527",1,0,1
"E00040528",0,0,0
"E00040529",1,0,1
"E00040530",3,3,0
"E00040531",1,0,1
"E00040532",0,0,0
"E00040533",1,0,1
"E00040534",0,0,0
"E00040535",3,2,1
"E00040536",1,0,1
"E00040537",0,0,0
"E00040538",0,0,0
"E00040539",6,1,5
"E00040540",8,7,1
"E00040541",3,2,1
"E00040542",0,0,0
"E00040543",3,1,2
"E00040544",5,2,3
"E00040545",0,0,0
"E00040546",0,0,0
"E00040547",3,0,3
"E00040548",1,0,1
"E00040549",0,0,0
"E00040550",6,3,3
"E00040551",0,0,0
"E00040552",1,0,1
"E00040553",1,1,0
"E00040554",4,1,3
"E00040555",0,0,0
"E00040556",0,0,0
"E00040557",1,0,1
"E00040558",0,0,0
"E00040559",0,0,0
"E00040560",1,0,1
"E00040561",5,3,2
"E00040562",3,2,1
"E00040563",1,0,1
"E00040564",1,1,0
"E00040565",0,0,0
"E00040566",0,0,0
"E00040567",2,1,1
"E00040568",2,1,1
"E00040569",1,1,0
"E00040570",2,0,2
"E00040571",2,2,0
"E00040572",1,1,0
"E00040573",0,0,0
"E00040574",1,1,0
"E00040575",0,0,0
"E00040576",4,2,2
"E00040577",0,0,0
"E00040578",1,1,0
"E00040579",3,2,1
"E00040580",0,0,0
"E00040581",1,1,0
"E00040582",2,1,1
"E00040583",1,0,1
"E00040584",1,1,0
"E00040585",1,0,1
"E00040586",0,0,0
"E00040587",0,0,0
"E00040588",1,1,0
"E00040589",2,1,1
"E00040590",1,0,1
"E00040591",1,0,1
"E00040592",4,1,3
"E00040595",0,0,0
"E00040596",4,3,1
"E00040597",0,0,0
"E00040598",0,0,0
"E00040599",1,0,1
"E00040600",1,1,0
"E00040601",0,0,0
"E00040602",0,0,0
"E00040603",1,0,1
"E00040604",1,0,1
"E00040605",0,0,0
"E00040606",0,0,0
"E00040607",2,2,0
"E00040608",0,0,0
"E00040609",0,0,0
"E00040610",1,0,1
"E00040611",1,0,1
"E00040612",0,0,0
"E00040613",1,0,1
"E00040614",0,0,0
"E00040615",1,1,0
"E00040616",0,0,0
"E00040617",1,0,1
"E00040618",1,0,1
"E00040619",1,0,1
"E00040620",1,1,0
"E00040621",1,1,0
"E00040622",3,2,1
"E00040623",1,1,0
"E00040624",0,0,0
"E00040626",1,1,0
"E00040628",1,1,0
"E00040629",0,0,0
"E00040631",0,0,0
"E00040632",2,1,1
"E00040633",2,0,2
"E00040634",0,0,0
"E00040635",1,1,0
"E00040637",3,2,1
"E00040638",3,1,2
"E00040639",0,0,0
"E00040640",0,0,0
"E00040641",2,1,1
"E00040642",0,0,0
"E00040643",2,0,2
"E00040644",0,0,0
"E00040645",1,0,1
"E00040646",0,0,0
"E00040647",1,1,0
"E00040648",6,1,5
"E00040649",0,0,0
"E00040650",2,1,1
"E00040651",0,0,0
"E00040652",1,1,0
"E00040653",1,0,1
"E00040654",4,2,2
"E00040655",1,1,0
"E00040656",8,3,5
"E00040657",0,0,0
"E00040658",7,3,4
"E00040659",4,2,2
"E00040660",4,2,2
"E00040661",2,0,2
"E00040663",2,0,2
"E00040664",0,0,0
"E00040665",1,0,1
"E00040666",1,0,1
"E00040667",2,0,2
"E00040668",13,5,8
"E00040669",1,0,1
"E00040670",0,0,0
"E00040671",4,0,4
"E00040672",0,0,0
"E00040673",0,0,0
"E00040674",1,1,0
"E00040675",2,0,2
"E00040676",0,0,0
"E00040677",3,3,0
"E00040678",0,0,0
"E00040679",0,0,0
"E00040681",0,0,0
"E00040682",1,0,1
"E00040683",0,0,0
"E00040684",0,0,0
"E00040685",1,0,1
"E00040686",1,0,1
"E00040687",1,0,1
"E00040688",2,2,0
"E00040689",3,1,2
"E00040690",2,0,2
"E00040691",4,1,3
"E00040693",1,0,1
"E00040694",3,2,1
"E00040695",5,3,2
"E00040696",1,0,1
"E00040697",1,0,1
"E00040698",3,1,2
"E00040699",0,0,0
"E00040700",0,0,0
"E00040701",7,2,5
"E00040702",3,2,1
"E00040703",5,1,4
"E00040704",1,0,1
"E00040705",1,0,1
"E00040706",0,0,0
"E00040707",0,0,0
"E00040708",2,1,1
"E00040709",1,1,0
"E00040710",0,0,0
"E00040711",3,3,0
"E00040712",2,0,2
"E00040713",1,1,0
"E00040714",2,2,0
"E00040715",3,1,2
"E00040716",4,3,1
"E00040717",1,0,1
"E00040718",0,0,0
"E00040719",4,1,3
"E00040720",3,1,2
"E00040721",4,1,3
"E00040722",4,3,1
"E00040723",1,1,0
"E00040724",6,4,2
"E00040725",1,1,0
"E00040726",4,1,3
"E00040727",0,0,0
"E00040728",1,1,0
"E00040729",0,0,0
"E00040730",0,0,0
"E00040731",4,4,0
"E00040732",6,2,4
"E00040733",1,0,1
"E00040734",2,1,1
"E00040735",7,3,4
"E00040736",0,0,0
"E00040737",2,1,1
"E00040738",3,1,2
"E00040739",2,0,2
"E00040740",2,1,1
"E00040741",1,1,0
"E00040742",4,3,1
"E00040743",3,2,1
"E00040744",0,0,0
"E00040745",0,0,0
"E00040746",4,3,1
"E00040747",7,4,3
"E00040748",14,6,8
"E00040749",7,3,4
"E00040750",5,4,1
"E00040751",7,3,4
"E00040752",1,0,1
"E00040753",5,1,4
"E00040754",4,3,1
"E00040755",5,3,2
"E00040756",4,0,4
"E00040757",1,1,0
"E00040758",8,2,6
"E00040759",8,6,2
"E00040760",1,0,1
"E00040761",5,2,3
"E00040762",6,3,3
"E00040763",3,1,2
"E00040764",8,3,5
"E00040765",0,0,0
"E00040766",2,0,2
"E00040767",5,1,4
"E00040768",8,5,3
"E00040769",10,2,8
"E00040770",0,0,0
"E00040771",0,0,0
"E00040772",0,0,0
"E00040773",6,3,3
"E00040774",4,2,2
"E00040775",5,1,4
"E00040776",5,3,2
"E00040777",8,5,3
"E00040778",3,1,2
"E00040779",4,1,3
"E00040780",3,0,3
"E00040781",0,0,0
"E00040782",3,2,1
"E00040783",4,3,1
"E00040784",10,7,3
"E00040785",7,0,7
"E00040786",3,1,2
"E00040787",7,1,6
"E00040788",3,1,2
"E00040789",7,3,4
"E00040790",8,3,5
"E00040791",2,2,0
"E00040792",6,3,3
"E00040793",7,3,4
"E00040794",5,2,3
"E00040795",0,0,0
"E00040796",7,2,5
"E00040797",8,3,5
"E00040798",4,2,2
"E00040799",8,2,6
"E00040800",3,1,2
"E00040801",1,0,1
"E00040802",1,1,0
"E00040803",0,0,0
"E00040804",4,3,1
"E00040805",0,0,0
"E00040806",0,0,0
"E00040807",2,0,2
"E00040808",1,0,1
"E00040809",4,1,3
"E00040810",4,1,3
"E00040811",3,2,1
"E00040812",2,1,1
"E00040813",1,0,1
"E00040814",0,0,0
"E00040815",2,1,1
"E00040816",0,0,0
"E00040817",3,1,2
"E00040818",0,0,0
"E00040819",0,0,0
"E00040820",0,0,0
"E00040821",0,0,0
"E00040822",4,2,2
"E00040823",0,0,0
"E00040824",0,0,0
"E00040825",2,1,1
"E00040826",3,2,1
"E00040827",0,0,0
"E00040828",1,0,1
"E00040829",1,1,0
"E00040830",3,2,1
"E00040831",4,2,2
"E00040832",3,3,0
"E00040833",0,0,0
"E00040834",1,1,0
"E00040835",3,1,2
"E00040836",5,3,2
"E00040837",1,1,0
"E00040838",2,1,1
"E00040839",1,0,1
"E00040840",1,0,1
"E00040841",5,3,2
"E00040842",0,0,0
"E00040843",2,1,1
"E00040844",1,1,0
"E00040845",0,0,0
"E00040846",0,0,0
"E00040847",2,2,0
"E00040848",1,0,1
"E00040849",1,1,0
"E00040850",2,2,0
"E00040851",0,0,0
"E00040852",3,1,2
"E00040853",5,4,1
"E00040854",0,0,0
"E00040855",3,2,1
"E00040856",6,3,3
"E00040857",11,3,8
"E00040858",4,1,3
"E00040859",2,1,1
"E00040860",2,2,0
"E00040861",3,1,2
"E00040862",0,0,0
"E00040863",4,0,4
"E00040864",6,3,3
"E00040865",4,1,3
"E00040866",0,0,0
"E00040867",1,0,1
"E00040873",14,5,9
"E00040874",8,4,4
"E00040875",1,1,0
"E00040877",0,0,0
"E00040878",0,0,0
"E00040879",7,4,3
"E00040880",0,0,0
"E00040882",0,0,0
"E00040883",5,1,4
"E00040884",3,0,3
"E00040885",4,3,1
"E00040886",1,0,1
"E00040887",1,0,1
"E00040888",0,0,0
"E00040889",3,2,1
"E00040890",7,3,4
"E00040891",0,0,0
"E00040892",0,0,0
"E00040893",3,2,1
"E00040894",1,0,1
"E00040895",6,5,1
"E00040896",3,1,2
"E00040897",2,1,1
"E00040898",6,3,3
"E00040899",1,1,0
"E00040900",2,1,1
"E00040901",0,0,0
"E00040902",3,1,2
"E00040903",1,0,1
"E00040904",6,2,4
"E00040905",6,1,5
"E00040906",0,0,0
"E00040907",5,2,3
"E00040908",8,3,5
"E00040909",0,0,0
"E00040911",8,2,6
"E00040912",4,3,1
"E00040913",8,3,5
"E00040914",1,1,0
"E00040915",0,0,0
"E00040916",0,0,0
"E00040917",1,1,0
"E00040918",0,0,0
"E00040919",0,0,0
"E00040920",0,0,0
"E00040921",1,1,0
"E00040922",1,0,1
"E00040923",1,1,0
"E00040924",0,0,0
"E00040925",1,0,1
"E00040926",0,0,0
"E00040927",3,1,2
"E00040928",1,0,1
"E00040929",0,0,0
"E00040930",3,2,1
"E00040931",0,0,0
"E00040932",1,0,1
"E00040933",0,0,0
"E00040934",3,1,2
"E00040935",0,0,0
"E00040936",2,1,1
"E00040938",0,0,0
"E00040939",0,0,0
"E00040940",0,0,0
"E00040941",1,0,1
"E00040942",2,2,0
"E00040944",0,0,0
"E00040945",2,2,0
"E00040946",1,1,0
"E00040947",0,0,0
"E00040948",2,1,1
"E00040949",1,1,0
"E00040950",2,0,2
"E00040951",2,0,2
"E00040952",11,5,6
"E00040953",1,0,1
"E00040954",3,0,3
"E00040955",3,3,0
"E00040956",0,0,0
"E00040957",7,6,1
"E00040958",2,2,0
"E00040959",1,1,0
"E00040960",2,0,2
"E00040961",4,1,3
"E00040962",0,0,0
"E00040963",0,0,0
"E00040964",3,1,2
"E00040965",2,0,2
"E00040966",0,0,0
"E00040967",1,0,1
"E00040968",1,1,0
"E00040969",1,0,1
"E00040970",0,0,0
"E00040971",3,2,1
"E00040972",0,0,0
"E00040973",4,2,2
"E00040974",1,0,1
"E00040975",0,0,0
"E00040976",0,0,0
"E00040977",4,3,1
"E00040978",0,0,0
"E00040979",1,1,0
"E00040980",1,0,1
"E00040981",0,0,0
"E00040982",1,1,0
"E00040983",0,0,0
"E00040984",2,2,0
"E00040985",0,0,0
"E00040986",3,1,2
"E00040987",2,1,1
"E00040988",5,0,5
"E00040989",1,1,0
"E00040990",2,1,1
"E00040991",0,0,0
"E00040992",0,0,0
"E00040993",1,1,0
"E00040994",0,0,0
"E00040995",1,0,1
"E00040996",1,1,0
"E00040997",2,1,1
"E00040998",3,0,3
"E00040999",1,0,1
"E00041000",1,0,1
"E00041001",1,1,0
"E00041002",0,0,0
"E00041003",2,1,1
"E00041004",0,0,0
"E00041005",1,1,0
"E00041006",0,0,0
"E00041007",3,0,3
"E00041008",0,0,0
"E00041009",1,0,1
"E00041010",0,0,0
"E00041011",0,0,0
"E00041012",0,0,0
"E00041013",1,1,0
"E00041014",1,0,1
"E00041015",0,0,0
"E00041016",0,0,0
"E00041017",0,0,0
"E00041018",0,0,0
"E00041019",3,0,3
"E00041020",0,0,0
"E00041021",1,0,1
"E00041022",0,0,0
"E00041024",2,0,2
"E00041026",0,0,0
"E00041027",5,3,2
"E00041029",0,0,0
"E00041030",0,0,0
"E00041031",0,0,0
"E00041032",0,0,0
"E00041034",2,0,2
"E00041035",0,0,0
"E00041036",0,0,0
"E00041037",4,2,2
"E00041038",0,0,0
"E00041039",1,0,1
"E00041040",3,2,1
"E00041041",1,1,0
"E00041043",0,0,0
"E00041044",0,0,0
"E00041045",1,0,1
"E00041046",0,0,0
"E00041048",1,0,1
"E00041049",2,1,1
"E00041050",0,0,0
"E00041051",3,0,3
"E00041052",1,0,1
"E00041054",5,0,5
"E00041055",2,0,2
"E00041057",4,1,3
"E00041060",2,0,2
"E00041061",3,2,1
"E00041062",1,1,0
"E00041063",0,0,0
"E00041064",1,1,0
"E00041065",0,0,0
"E00041066",0,0,0
"E00041068",9,5,4
"E00041070",3,0,3
"E00041071",4,1,3
"E00041072",2,1,1
"E00041073",5,4,1
"E00041074",2,2,0
"E00041075",2,1,1
"E00041076",1,1,0
"E00041077",8,4,4
"E00041078",8,3,5
"E00041079",10,5,5
"E00041080",5,3,2
"E00041081",5,3,2
"E00041082",4,3,1
"E00041083",4,2,2
"E00041084",1,0,1
"E00041085",7,3,4
"E00041086",2,0,2
"E00041087",0,0,0
"E00041088",2,0,2
"E00041089",2,2,0
"E00041090",1,1,0
"E00041091",2,1,1
"E00041092",2,1,1
"E00041093",4,4,0
"E00041094",2,2,0
"E00041095",4,3,1
"E00041097",1,0,1
"E00041098",1,1,0
"E00041099",1,1,0
"E00041100",0,0,0
"E00041101",2,2,0
"E00041102",5,2,3
"E00041103",3,2,1
"E00041104",10,6,4
"E00041105",1,1,0
"E00041106",0,0,0
"E00041107",9,7,2
"E00041109",0,0,0
"E00041110",4,3,1
"E00041111",0,0,0
"E00041112",8,4,4
"E00041113",2,2,0
"E00041114",2,1,1
"E00041116",0,0,0
"E00041117",1,1,0
"E00041118",1,0,1
"E00041119",3,2,1
"E00041120",6,4,2
"E00041121",1,0,1
"E00041123",2,0,2
"E00041124",3,0,3
"E00041125",0,0,0
"E00041126",0,0,0
"E00041128",5,4,1
"E00041129",0,0,0
"E00041130",0,0,0
"E00041131",3,1,2
"E00041132",4,3,1
"E00041133",1,1,0
"E00041134",0,0,0
"E00041135",0,0,0
"E00041136",2,0,2
"E00041137",1,0,1
"E00041138",0,0,0
"E00041139",2,1,1
"E00041140",0,0,0
"E00041142",1,0,1
"E00041143",2,0,2
"E00041145",1,1,0
"E00041146",2,0,2
"E00041147",1,0,1
"E00041148",3,1,2
"E00041149",2,1,1
"E00041150",0,0,0
"E00041151",0,0,0
"E00041152",1,0,1
"E00041153",1,1,0
"E00041154",1,0,1
"E00041155",0,0,0
"E00041157",0,0,0
"E00041158",1,1,0
"E00041159",1,0,1
"E00041160",5,2,3
"E00041161",1,0,1
"E00041162",0,0,0
"E00041163",0,0,0
"E00041164",3,1,2
"E00041165",2,2,0
"E00041166",0,0,0
"E00041167",0,0,0
"E00041168",1,0,1
"E00041169",0,0,0
"E00041171",1,1,0
"E00041172",9,3,6
"E00041173",6,3,3
"E00041174",7,6,1
"E00041175",4,0,4
"E00041176",1,0,1
"E00041177",11,1,10
"E00041179",4,1,3
"E00041180",0,0,0
"E00041181",5,1,4
"E00041182",4,2,2
"E00041183",4,2,2
"E00041184",10,4,6
"E00041185",6,3,3
"E00041186",2,1,1
"E00041187",5,2,3
"E00041188",0,0,0
"E00041189",5,4,1
"E00041190",2,1,1
"E00041192",5,4,1
"E00041193",3,3,0
"E00041195",1,1,0
"E00041196",2,0,2
"E00041197",10,3,7
"E00041198",3,1,2
"E00041199",2,1,1
"E00041200",6,3,3
"E00041201",5,2,3
"E00041202",0,0,0
"E00041203",2,2,0
"E00041204",3,1,2
"E00041205",2,1,1
"E00041206",5,3,2
"E00041207",6,1,5
"E00041208",4,3,1
"E00041209",6,4,2
"E00041210",2,0,2
"E00041211",6,3,3
"E00041212",0,0,0
"E00041213",5,2,3
"E00041214",3,1,2
"E00041215",1,0,1
"E00041216",1,0,1
"E00041217",3,2,1
"E00041218",7,2,5
"E00041219",1,1,0
"E00041220",1,0,1
"E00041221",2,1,1
"E00041222",4,2,2
"E00041223",0,0,0
"E00041224",3,1,2
"E00041225",0,0,0
"E00041226",2,1,1
"E00041227",1,0,1
"E00041228",5,3,2
"E00041229",0,0,0
"E00041230",0,0,0
"E00041231",3,3,0
"E00041233",5,2,3
"E00041234",1,0,1
"E00041235",0,0,0
"E00041236",1,1,0
"E00041237",9,6,3
"E00041238",4,3,1
"E00041239",6,4,2
"E00041240",6,4,2
"E00041241",2,1,1
"E00041242",3,1,2
"E00041243",1,1,0
"E00041244",0,0,0
"E00041245",2,0,2
"E00041246",6,3,3
"E00041247",1,1,0
"E00041248",0,0,0
"E00041249",4,1,3
"E00041250",4,1,3
"E00041251",5,2,3
"E00041252",6,4,2
"E00041253",10,4,6
"E00041254",0,0,0
"E00041255",3,3,0
"E00041256",1,1,0
"E00041257",6,2,4
"E00041258",1,0,1
"E00041259",0,0,0
"E00041260",2,0,2
"E00041261",3,1,2
"E00041262",3,2,1
"E00041263",1,1,0
"E00041264",5,2,3
"E00041265",3,2,1
"E00041266",3,3,0
"E00041267",1,1,0
"E00041268",6,2,4
"E00041269",3,0,3
"E00041270",5,2,3
"E00041271",2,0,2
"E00041272",3,1,2
"E00041273",0,0,0
"E00041274",0,0,0
"E00041275",3,2,1
"E00041276",0,0,0
"E00041277",2,1,1
"E00041278",2,0,2
"E00041279",2,1,1
"E00041280",5,4,1
"E00041281",1,0,1
"E00041282",4,2,2
"E00041283",7,2,5
"E00041284",1,0,1
"E00041285",3,3,0
"E00041286",2,1,1
"E00041287",4,4,0
"E00041288",3,2,1
"E00041289",0,0,0
"E00041290",0,0,0
"E00041291",0,0,0
"E00041292",3,3,0
"E00041293",0,0,0
"E00041294",0,0,0
"E00041295",3,1,2
"E00041296",3,1,2
"E00041297",3,1,2
"E00041298",0,0,0
"E00041299",3,1,2
"E00041300",4,0,4
"E00041301",0,0,0
"E00041302",1,1,0
"E00041303",0,0,0
"E00041304",4,1,3
"E00041305",2,1,1
"E00041306",0,0,0
"E00041307",0,0,0
"E00041308",3,0,3
"E00041309",4,1,3
"E00041310",11,6,5
"E00041311",8,5,3
"E00041312",2,2,0
"E00041313",0,0,0
"E00041314",0,0,0
"E00041315",1,1,0
"E00041316",0,0,0
"E00041317",1,1,0
"E00041318",0,0,0
"E00041319",3,1,2
"E00041320",3,1,2
"E00041321",0,0,0
"E00041322",0,0,0
"E00041323",1,0,1
"E00041324",5,2,3
"E00041325",1,0,1
"E00041326",2,1,1
"E00041327",0,0,0
"E00041328",2,0,2
"E00041329",2,2,0
"E00041330",0,0,0
"E00041331",0,0,0
"E00041332",0,0,0
"E00041333",0,0,0
"E00041334",2,1,1
"E00041335",2,0,2
"E00041336",3,2,1
"E00041337",2,0,2
"E00041338",1,1,0
"E00041339",1,1,0
"E00041340",0,0,0
"E00041341",3,0,3
"E00041342",2,1,1
"E00041343",0,0,0
"E00041344",1,0,1
"E00041345",3,1,2
"E00041346",0,0,0
"E00041347",3,2,1
"E00041348",0,0,0
"E00041349",3,3,0
"E00041350",1,1,0
"E00041351",0,0,0
"E00041352",4,3,1
"E00041353",0,0,0
"E00041354",1,1,0
"E00041355",6,3,3
"E00041356",8,5,3
"E00041357",3,0,3
"E00041358",0,0,0
"E00041359",0,0,0
"E00041360",2,2,0
"E00041361",6,4,2
"E00041362",1,1,0
"E00041363",1,0,1
"E00041364",12,9,3
"E00041366",5,4,1
"E00041367",1,0,1
"E00041368",1,0,1
"E00041369",0,0,0
"E00041370",0,0,0
"E00041371",0,0,0
"E00041372",0,0,0
"E00041374",0,0,0
"E00041375",3,1,2
"E00041376",0,0,0
"E00041377",0,0,0
"E00041378",0,0,0
"E00041380",0,0,0
"E00041381",0,0,0
"E00041382",0,0,0
"E00041383",0,0,0
"E00041384",3,2,1
"E00041385",0,0,0
"E00041386",1,1,0
"E00041388",1,1,0
"E00041389",1,1,0
"E00041390",5,2,3
"E00041393",0,0,0
"E00041394",2,2,0
"E00041395",6,4,2
"E00041397",2,2,0
"E00041399",0,0,0
"E00041400",0,0,0
"E00041401",0,0,0
"E00041402",5,3,2
"E00041404",5,1,4
"E00041405",0,0,0
"E00041406",2,0,2
"E00041407",0,0,0
"E00041408",1,1,0
"E00041409",0,0,0
"E00041410",0,0,0
"E00041411",0,0,0
"E00041413",0,0,0
"E00041414",1,0,1
"E00041415",0,0,0
"E00041416",0,0,0
"E00041417",2,0,2
"E00041418",0,0,0
"E00041419",1,1,0
"E00041420",3,0,3
"E00041421",0,0,0
"E00041422",0,0,0
"E00041423",0,0,0
"E00041424",0,0,0
"E00041425",0,0,0
"E00041426",1,1,0
"E00041427",2,0,2
"E00041429",0,0,0
"E00041430",7,3,4
"E00041431",1,1,0
"E00041432",0,0,0
"E00041433",1,0,1
"E00041434",0,0,0
"E00041435",5,2,3
"E00041436",1,1,0
"E00041437",3,2,1
"E00041438",2,1,1
"E00041439",1,1,0
"E00041440",1,0,1
"E00041441",0,0,0
"E00041442",5,3,2
"E00041443",0,0,0
"E00041444",2,2,0
"E00041445",3,2,1
"E00041446",2,2,0
"E00041447",1,0,1
"E00041448",1,0,1
"E00041449",0,0,0
"E00041450",2,2,0
"E00041451",1,1,0
"E00041452",3,1,2
"E00041453",3,2,1
"E00041454",1,0,1
"E00041455",4,2,2
"E00041456",0,0,0
"E00041457",0,0,0
"E00041458",1,1,0
"E00041459",1,1,0
"E00041460",9,4,5
"E00041461",1,1,0
"E00041462",0,0,0
"E00041463",2,0,2
"E00041464",1,1,0
"E00041465",0,0,0
"E00041466",1,0,1
"E00041467",5,3,2
"E00041468",1,0,1
"E00041469",1,1,0
"E00041470",0,0,0
"E00041471",1,1,0
"E00041472",2,1,1
"E00041473",1,1,0
"E00041474",0,0,0
"E00041475",3,1,2
"E00041476",4,1,3
"E00041477",4,2,2
"E00041478",7,4,3
"E00041479",1,1,0
"E00041480",2,1,1
"E00041481",4,2,2
"E00041482",4,1,3
"E00041483",1,0,1
"E00041484",4,1,3
"E00041485",8,3,5
"E00041486",6,4,2
"E00041487",5,1,4
"E00041488",2,1,1
"E00041489",10,6,4
"E00041490",3,1,2
"E00041491",5,2,3
"E00041492",3,0,3
"E00041493",0,0,0
"E00041494",0,0,0
"E00041495",0,0,0
"E00041496",1,0,1
"E00041497",2,2,0
"E00041498",6,2,4
"E00041499",2,1,1
"E00041500",2,0,2
"E00041501",2,2,0
"E00041502",4,2,2
"E00041503",1,1,0
"E00041504",0,0,0
"E00041505",4,1,3
"E00041506",2,0,2
"E00041507",1,0,1
"E00041508",4,2,2
"E00041509",1,0,1
"E00041510",5,2,3
"E00041511",1,0,1
"E00041512",4,2,2
"E00041513",5,1,4
"E00041514",3,2,1
"E00041515",0,0,0
"E00041516",2,0,2
"E00041517",4,1,3
"E00041518",6,4,2
"E00041519",0,0,0
"E00041520",0,0,0
"E00041521",0,0,0
"E00041522",0,0,0
"E00041523",2,2,0
"E00041524",2,1,1
"E00041525",0,0,0
"E00041526",0,0,0
"E00041527",2,1,1
"E00041528",2,0,2
"E00041529",0,0,0
"E00041530",0,0,0
"E00041531",1,1,0
"E00041532",0,0,0
"E00041533",0,0,0
"E00041534",0,0,0
"E00041535",1,0,1
"E00041536",3,2,1
"E00041537",2,0,2
"E00041538",2,1,1
"E00041539",1,0,1
"E00041540",2,1,1
"E00041541",4,1,3
"E00041542",0,0,0
"E00041543",0,0,0
"E00041544",1,0,1
"E00041545",2,2,0
"E00041546",3,2,1
"E00041547",9,4,5
"E00041548",0,0,0
"E00041549",4,1,3
"E00041550",2,2,0
"E00041551",1,1,0
"E00041552",0,0,0
"E00041553",3,2,1
"E00041554",1,0,1
"E00041555",0,0,0
"E00041556",0,0,0
"E00041557",7,2,5
"E00041558",0,0,0
"E00041559",0,0,0
"E00041560",0,0,0
"E00041561",5,3,2
"E00041562",7,2,5
"E00041563",1,1,0
"E00041564",0,0,0
"E00041565",0,0,0
"E00041566",0,0,0
"E00041567",1,1,0
"E00041568",8,1,7
"E00041569",0,0,0
"E00041570",5,1,4
"E00041571",3,1,2
"E00041572",1,0,1
"E00041573",0,0,0
"E00041574",1,1,0
"E00041575",2,1,1
"E00041576",2,0,2
"E00041577",0,0,0
"E00041578",10,4,6
"E00041579",0,0,0
"E00041580",0,0,0
"E00041581",0,0,0
"E00041582",2,1,1
"E00041583",1,1,0
"E00041584",4,1,3
"E00041585",2,1,1
"E00041586",2,2,0
"E00041587",0,0,0
"E00041588",0,0,0
"E00041589",2,0,2
"E00041590",1,1,0
"E00041591",0,0,0
"E00041592",0,0,0
"E00041593",2,1,1
"E00041594",0,0,0
"E00041595",0,0,0
"E00041596",4,2,2
"E00041597",5,2,3
"E00041598",0,0,0
"E00041599",0,0,0
"E00041600",0,0,0
"E00041601",0,0,0
"E00041602",1,1,0
"E00041603",4,2,2
"E00041604",1,1,0
"E00041605",2,0,2
"E00041606",3,2,1
"E00041607",3,1,2
"E00041608",2,1,1
"E00041610",2,0,2
"E00041611",5,3,2
"E00041612",0,0,0
"E00041614",0,0,0
"E00041615",1,0,1
"E00041616",3,0,3
"E00041617",2,1,1
"E00041618",0,0,0
"E00041619",0,0,0
"E00041620",2,1,1
"E00041621",1,1,0
"E00041622",0,0,0
"E00041623",0,0,0
"E00041624",4,0,4
"E00041625",2,2,0
"E00041626",1,0,1
"E00041627",2,0,2
"E00041629",1,0,1
"E00041630",0,0,0
"E00041631",1,1,0
"E00041632",2,0,2
"E00041633",2,1,1
"E00041634",0,0,0
"E00041635",1,0,1
"E00041636",2,0,2
"E00041637",0,0,0
"E00041638",1,0,1
"E00041639",0,0,0
"E00041640",0,0,0
"E00041641",0,0,0
"E00041642",3,1,2
"E00041643",3,3,0
"E00041644",3,0,3
"E00041645",6,3,3
"E00041646",0,0,0
"E00041647",1,0,1
"E00041648",3,1,2
"E00041649",0,0,0
"E00041650",2,1,1
"E00041651",2,1,1
"E00041652",1,0,1
"E00041653",0,0,0
"E00041654",2,2,0
"E00041655",0,0,0
"E00041656",1,0,1
"E00041657",0,0,0
"E00041658",0,0,0
"E00041659",0,0,0
"E00041660",1,1,0
"E00041661",0,0,0
"E00041662",0,0,0
"E00041663",0,0,0
"E00041665",9,5,4
"E00041666",1,0,1
"E00041667",0,0,0
"E00041668",0,0,0
"E00041670",0,0,0
"E00041671",1,1,0
"E00041672",2,2,0
"E00041675",0,0,0
"E00041676",3,2,1
"E00041677",0,0,0
"E00041678",2,1,1
"E00041679",0,0,0
"E00041680",1,1,0
"E00041681",0,0,0
"E00041682",2,0,2
"E00041683",1,0,1
"E00041684",2,2,0
"E00041685",1,0,1
"E00041686",0,0,0
"E00041687",2,2,0
"E00041688",3,3,0
"E00041689",1,0,1
"E00041690",0,0,0
"E00041691",0,0,0
"E00041693",2,0,2
"E00041694",1,0,1
"E00041695",3,2,1
"E00041696",2,2,0
"E00041697",1,1,0
"E00041698",1,0,1
"E00041699",1,0,1
"E00041700",0,0,0
"E00041701",2,0,2
"E00041702",0,0,0
"E00041703",1,1,0
"E00041704",1,0,1
"E00041705",1,0,1
"E00041706",3,2,1
"E00041707",0,0,0
"E00041708",3,1,2
"E00041709",1,0,1
"E00041710",1,1,0
"E00041711",2,0,2
"E00041712",2,1,1
"E00041713",1,1,0
"E00041714",3,3,0
"E00041715",3,1,2
"E00041716",1,1,0
"E00041717",0,0,0
"E00041718",2,1,1
"E00041719",0,0,0
"E00041720",0,0,0
"E00041721",3,0,3
"E00041722",4,3,1
"E00041723",3,1,2
"E00041724",0,0,0
"E00041725",1,0,1
"E00041726",2,2,0
"E00041727",1,0,1
"E00041728",0,0,0
"E00041729",0,0,0
"E00041730",1,1,0
"E00041731",1,1,0
"E00041732",1,1,0
"E00041733",0,0,0
"E00041734",5,1,4
"E00041735",5,3,2
"E00041736",1,1,0
"E00041737",0,0,0
"E00041738",0,0,0
"E00041739",1,1,0
"E00041740",0,0,0
"E00041741",2,1,1
"E00041742",1,0,1
"E00041743",0,0,0
"E00041744",2,2,0
"E00041745",2,0,2
"E00041746",0,0,0
"E00041747",1,1,0
"E00041748",2,0,2
"E00041749",1,0,1
"E00041750",0,0,0
"E00041751",4,1,3
"E00041752",0,0,0
"E00041753",4,1,3
"E00041754",4,2,2
"E00041755",7,2,5
"E00041756",3,1,2
"E00041757",6,2,4
"E00041758",0,0,0
"E00041759",0,0,0
"E00041760",8,5,3
"E00041761",5,4,1
"E00041762",0,0,0
"E00041763",0,0,0
"E00041764",3,2,1
"E00041765",1,0,1
"E00041766",2,0,2
"E00041767",1,1,0
"E00041768",5,2,3
"E00041769",0,0,0
"E00041770",0,0,0
"E00041771",5,1,4
"E00041772",0,0,0
"E00041773",8,3,5
"E00041774",5,3,2
"E00041775",5,3,2
"E00041776",3,1,2
"E00041777",1,0,1
"E00041778",2,2,0
"E00041779",2,1,1
"E00041780",3,2,1
"E00041781",1,0,1
"E00041782",3,1,2
"E00041783",1,1,0
"E00041784",1,0,1
"E00041785",1,0,1
"E00041786",2,0,2
"E00041787",6,4,2
"E00041788",2,1,1
"E00041789",1,0,1
"E00041790",0,0,0
"E00041791",0,0,0
"E00041792",0,0,0
"E00041793",0,0,0
"E00041794",1,1,0
"E00041795",0,0,0
"E00041796",3,0,3
"E00041797",0,0,0
"E00041798",1,1,0
"E00041799",3,1,2
"E00041800",1,0,1
"E00041801",0,0,0
"E00041802",2,1,1
"E00041803",0,0,0
"E00041804",1,0,1
"E00041805",5,2,3
"E00041806",0,0,0
"E00041807",0,0,0
"E00041809",0,0,0
"E00041810",4,3,1
"E00041811",1,0,1
"E00041812",0,0,0
"E00041813",2,1,1
"E00041814",2,1,1
"E00041815",3,1,2
"E00041816",1,1,0
"E00041817",5,4,1
"E00041818",1,1,0
"E00041819",4,1,3
"E00041820",0,0,0
"E00041821",7,3,4
"E00041822",1,1,0
"E00041823",1,1,0
"E00041824",5,1,4
"E00041825",1,1,0
"E00041826",0,0,0
"E00041827",6,1,5
"E00041828",2,0,2
"E00041829",4,3,1
"E00041830",1,1,0
"E00041831",4,2,2
"E00041832",4,1,3
"E00041833",4,2,2
"E00041834",4,2,2
"E00041835",1,1,0
"E00041836",1,0,1
"E00041837",1,1,0
"E00041838",4,2,2
"E00041839",0,0,0
"E00041840",3,3,0
"E00041841",6,2,4
"E00041842",4,2,2
"E00041843",9,5,4
"E00041844",10,5,5
"E00041845",2,0,2
"E00041846",1,0,1
"E00041847",0,0,0
"E00041848",0,0,0
"E00041849",0,0,0
"E00041850",10,6,4
"E00041851",7,5,2
"E00041852",3,2,1
"E00041853",1,0,1
"E00041854",0,0,0
"E00041855",1,0,1
"E00041856",1,1,0
"E00041857",0,0,0
"E00041858",0,0,0
"E00041859",2,1,1
"E00041860",2,1,1
"E00041861",0,0,0
"E00041862",0,0,0
"E00041863",1,0,1
"E00041864",0,0,0
"E00041865",0,0,0
"E00041866",8,7,1
"E00041867",1,0,1
"E00041868",0,0,0
"E00041869",1,0,1
"E00041870",0,0,0
"E00041871",0,0,0
"E00041872",1,1,0
"E00041873",0,0,0
"E00041874",0,0,0
"E00041875",0,0,0
"E00041876",0,0,0
"E00041877",7,5,2
"E00041878",1,0,1
"E00041879",3,3,0
"E00041880",0,0,0
"E00041881",1,0,1
"E00041882",3,2,1
"E00041883",3,1,2
"E00041884",5,2,3
"E00041885",0,0,0
"E00041886",0,0,0
"E00041887",0,0,0
"E00041888",1,1,0
"E00041889",0,0,0
"E00041890",1,1,0
"E00041891",0,0,0
"E00041892",0,0,0
"E00041893",2,1,1
"E00041894",2,1,1
"E00041895",2,0,2
"E00041896",2,1,1
"E00041897",0,0,0
"E00041898",0,0,0
"E00041899",0,0,0
"E00041901",1,0,1
"E00041902",1,0,1
"E00041903",2,1,1
"E00041904",0,0,0
"E00041905",0,0,0
"E00041906",0,0,0
"E00041907",0,0,0
"E00041908",0,0,0
"E00041909",1,0,1
"E00041910",1,1,0
"E00041911",6,4,2
"E00041912",3,1,2
"E00041913",5,2,3
"E00041914",0,0,0
"E00041915",1,1,0
"E00041916",1,0,1
"E00041917",2,1,1
"E00041918",0,0,0
"E00041919",4,1,3
"E00041920",1,0,1
"E00041921",1,1,0
"E00041922",2,0,2
"E00041923",1,1,0
"E00041924",0,0,0
"E00041925",2,1,1
"E00041926",6,2,4
"E00041927",3,2,1
"E00041928",6,5,1
"E00041929",0,0,0
"E00041930",6,3,3
"E00041931",1,1,0
"E00041932",2,1,1
"E00041933",0,0,0
"E00041934",1,0,1
"E00041935",3,1,2
"E00041936",2,0,2
"E00041937",1,1,0
"E00041938",9,5,4
"E00041940",1,1,0
"E00041941",3,2,1
"E00041942",2,1,1
"E00041943",3,2,1
"E00041944",2,1,1
"E00041945",3,2,1
"E00041946",3,1,2
"E00041947",6,2,4
"E00041948",1,0,1
"E00041949",6,2,4
"E00041950",4,3,1
"E00041951",0,0,0
"E00041952",5,3,2
"E00041953",4,1,3
"E00041954",2,1,1
"E00041955",5,3,2
"E00041956",4,1,3
"E00041957",4,2,2
"E00041958",0,0,0
"E00041959",3,2,1
"E00041960",5,3,2
"E00041961",6,2,4
"E00041962",1,0,1
"E00041963",0,0,0
"E00041964",8,5,3
"E00041965",3,1,2
"E00041966",2,0,2
"E00041967",4,1,3
"E00041968",1,0,1
"E00041969",2,2,0
"E00041970",5,2,3
"E00041971",2,1,1
"E00041972",1,0,1
"E00041973",1,1,0
"E00041974",2,2,0
"E00041975",1,1,0
"E00041976",4,0,4
"E00041977",3,2,1
"E00041978",3,2,1
"E00041979",4,1,3
"E00041980",1,1,0
"E00041981",4,2,2
"E00041982",6,3,3
"E00041983",3,2,1
"E00041984",1,1,0
"E00041985",0,0,0
"E00041986",3,1,2
"E00041987",4,1,3
"E00041988",0,0,0
"E00041989",8,5,3
"E00041990",2,1,1
"E00041991",3,0,3
"E00041992",0,0,0
"E00041993",0,0,0
"E00041994",1,0,1
"E00041995",0,0,0
"E00041996",1,1,0
"E00041997",0,0,0
"E00041998",5,2,3
"E00041999",4,2,2
"E00042000",3,1,2
"E00042001",6,0,6
"E00042002",0,0,0
"E00042003",1,0,1
"E00042004",1,1,0
"E00042005",1,0,1
"E00042006",0,0,0
"E00042008",7,6,1
"E00042009",0,0,0
"E00042010",0,0,0
"E00042011",0,0,0
"E00042012",0,0,0
"E00042013",0,0,0
"E00042014",1,0,1
"E00042015",2,1,1
"E00042016",0,0,0
"E00042017",3,2,1
"E00042018",1,1,0
"E00042019",1,1,0
"E00042020",1,0,1
"E00042021",3,2,1
"E00042022",2,1,1
"E00042023",1,1,0
"E00042024",2,2,0
"E00042025",0,0,0
"E00042026",0,0,0
"E00042027",1,1,0
"E00042028",1,1,0
"E00042029",3,2,1
"E00042030",1,0,1
"E00042031",0,0,0
"E00042032",3,3,0
"E00042033",1,1,0
"E00042034",0,0,0
"E00042035",1,0,1
"E00042036",1,1,0
"E00042037",4,2,2
"E00042038",0,0,0
"E00042039",0,0,0
"E00042040",0,0,0
"E00042041",4,2,2
"E00042042",0,0,0
"E00042043",2,1,1
"E00042044",0,0,0
"E00042045",0,0,0
"E00042046",1,0,1
"E00042047",2,2,0
"E00042048",5,1,4
"E00042049",5,3,2
"E00042050",3,2,1
"E00042051",2,2,0
"E00042052",2,2,0
"E00042053",0,0,0
"E00042054",0,0,0
"E00042055",3,3,0
"E00042056",2,1,1
"E00042057",1,0,1
"E00042058",4,2,2
"E00042059",2,1,1
"E00042061",1,1,0
"E00042062",0,0,0
"E00042064",4,2,2
"E00042065",0,0,0
"E00042066",0,0,0
"E00042067",2,1,1
"E00042068",4,2,2
"E00042069",4,1,3
"E00042070",4,2,2
"E00042071",6,1,5
"E00042072",0,0,0
"E00042073",0,0,0
"E00042074",1,1,0
"E00042075",0,0,0
"E00042076",0,0,0
"E00042077",0,0,0
"E00042078",0,0,0
"E00042079",1,1,0
"E00042080",0,0,0
"E00042081",3,1,2
"E00042082",2,0,2
"E00042083",3,1,2
"E00042084",4,3,1
"E00042085",0,0,0
"E00042086",1,1,0
"E00042087",0,0,0
"E00042088",3,0,3
"E00042089",0,0,0
"E00042090",0,0,0
"E00042091",0,0,0
"E00042092",3,1,2
"E00042093",0,0,0
"E00042094",1,0,1
"E00042095",0,0,0
"E00042096",1,1,0
"E00042097",2,0,2
"E00042099",2,0,2
"E00042100",0,0,0
"E00042101",0,0,0
"E00042102",0,0,0
"E00042103",1,0,1
"E00042104",4,2,2
"E00042106",0,0,0
"E00042107",1,0,1
"E00042108",1,0,1
"E00042109",0,0,0
"E00042110",0,0,0
"E00042111",0,0,0
"E00042112",0,0,0
"E00042113",0,0,0
"E00042114",0,0,0
"E00042115",0,0,0
"E00042116",1,0,1
"E00042117",1,0,1
"E00042118",6,2,4
"E00042120",0,0,0
"E00042121",0,0,0
"E00042122",1,1,0
"E00042123",2,2,0
"E00042124",1,1,0
"E00042125",0,0,0
"E00042126",0,0,0
"E00042127",1,1,0
"E00042128",0,0,0
"E00042129",0,0,0
"E00042130",0,0,0
"E00042131",1,1,0
"E00042132",2,0,2
"E00042133",1,0,1
"E00042134",1,1,0
"E00042135",0,0,0
"E00042136",0,0,0
"E00042137",2,0,2
"E00042138",2,1,1
"E00042139",0,0,0
"E00042140",1,0,1
"E00042141",0,0,0
"E00042142",5,1,4
"E00042143",6,3,3
"E00042144",5,2,3
"E00042145",0,0,0
"E00042146",6,3,3
"E00042147",0,0,0
"E00042148",2,2,0
"E00042149",0,0,0
"E00042150",5,3,2
"E00042151",7,2,5
"E00042152",8,4,4
"E00042153",1,1,0
"E00042154",3,1,2
"E00042155",0,0,0
"E00042156",0,0,0
"E00042157",6,2,4
"E00042158",2,1,1
"E00042159",2,0,2
"E00042160",3,2,1
"E00042161",3,2,1
"E00042162",1,1,0
"E00042164",1,1,0
"E00042165",2,2,0
"E00042166",3,2,1
"E00042168",3,0,3
"E00042169",11,4,7
"E00042170",7,5,2
"E00042171",7,5,2
"E00042172",5,5,0
"E00042173",3,0,3
"E00042174",5,3,2
"E00042175",7,3,4
"E00042176",5,4,1
"E00042177",3,2,1
"E00042178",12,6,6
"E00042179",3,1,2
"E00042180",10,7,3
"E00042182",3,2,1
"E00042183",5,2,3
"E00042184",6,4,2
"E00042185",13,7,6
"E00042186",2,1,1
"E00042187",2,1,1
"E00042188",2,0,2
"E00042189",4,2,2
"E00042190",6,4,2
"E00042191",0,0,0
"E00042192",2,2,0
"E00042193",2,0,2
"E00042194",2,2,0
"E00042195",5,3,2
"E00042196",13,2,11
"E00042197",0,0,0
"E00042198",3,1,2
"E00042199",5,2,3
"E00042200",0,0,0
"E00042201",10,4,6
"E00042202",7,3,4
"E00042203",2,1,1
"E00042205",5,3,2
"E00042206",1,1,0
"E00042207",5,3,2
"E00042208",7,3,4
"E00042209",2,1,1
"E00042210",4,3,1
"E00042211",7,1,6
"E00042212",4,2,2
"E00042213",14,10,4
"E00042214",3,2,1
"E00042215",7,2,5
"E00042216",0,0,0
"E00042217",9,6,3
"E00042218",2,1,1
"E00042219",5,2,3
"E00042220",5,1,4
"E00042221",3,0,3
"E00042222",1,0,1
"E00042223",4,3,1
"E00042224",5,2,3
"E00042225",0,0,0
"E00042226",0,0,0
"E00042227",2,2,0
"E00042228",3,1,2
"E00042229",2,0,2
"E00042230",2,1,1
"E00042232",2,1,1
"E00042233",1,0,1
"E00042234",2,1,1
"E00042235",3,2,1
"E00042236",5,1,4
"E00042237",0,0,0
"E00042238",0,0,0
"E00042240",0,0,0
"E00042241",0,0,0
"E00042242",1,1,0
"E00042243",1,1,0
"E00042244",4,3,1
"E00042245",2,1,1
"E00042246",2,1,1
"E00042247",0,0,0
"E00042248",3,2,1
"E00042249",1,0,1
"E00042250",2,2,0
"E00042251",2,1,1
"E00042252",0,0,0
"E00042253",4,2,2
"E00042254",1,1,0
"E00042255",1,1,0
"E00042256",1,1,0
"E00042257",0,0,0
"E00042258",1,1,0
"E00042259",2,0,2
"E00042260",1,0,1
"E00042261",1,0,1
"E00042262",4,4,0
"E00042263",1,0,1
"E00042264",6,2,4
"E00042265",1,1,0
"E00042266",5,2,3
"E00042267",3,1,2
"E00042268",0,0,0
"E00042269",0,0,0
"E00042270",7,4,3
"E00042271",2,1,1
"E00042272",4,2,2
"E00042273",4,2,2
"E00042274",0,0,0
"E00042275",4,1,3
"E00042276",3,1,2
"E00042277",9,5,4
"E00042278",0,0,0
"E00042279",2,1,1
"E00042280",5,2,3
"E00042281",1,1,0
"E00042282",3,1,2
"E00042283",0,0,0
"E00042284",5,4,1
"E00042285",8,2,6
"E00042286",3,2,1
"E00042287",7,2,5
"E00042288",1,0,1
"E00042289",0,0,0
"E00042290",0,0,0
"E00042291",0,0,0
"E00042292",1,1,0
"E00042293",2,1,1
"E00042294",1,1,0
"E00042295",2,1,1
"E00042296",1,1,0
"E00042297",0,0,0
"E00042298",0,0,0
"E00042299",4,1,3
"E00042300",1,1,0
"E00042301",3,1,2
"E00042302",0,0,0
"E00042303",0,0,0
"E00042304",1,0,1
"E00042305",1,0,1
"E00042306",3,0,3
"E00042307",0,0,0
"E00042308",2,1,1
"E00042309",0,0,0
"E00042310",1,0,1
"E00042311",0,0,0
"E00042312",2,0,2
"E00042313",0,0,0
"E00042314",0,0,0
"E00042315",0,0,0
"E00042316",1,1,0
"E00042317",2,0,2
"E00042318",1,0,1
"E00042319",1,0,1
"E00042320",0,0,0
"E00042321",0,0,0
"E00042322",0,0,0
"E00042323",0,0,0
"E00042324",0,0,0
"E00042325",1,0,1
"E00042326",2,1,1
"E00042327",0,0,0
"E00042328",0,0,0
"E00042329",0,0,0
"E00042330",0,0,0
"E00042331",1,0,1
"E00042332",7,4,3
"E00042333",0,0,0
"E00042334",1,1,0
"E00042335",0,0,0
"E00042336",0,0,0
"E00042337",1,1,0
"E00042338",0,0,0
"E00042339",4,2,2
"E00042340",0,0,0
"E00042341",7,5,2
"E00042342",1,1,0
"E00042343",4,2,2
"E00042344",4,3,1
"E00042345",8,3,5
"E00042347",4,4,0
"E00042348",0,0,0
"E00042349",2,0,2
"E00042350",5,3,2
"E00042351",5,2,3
"E00042352",2,1,1
"E00042353",2,1,1
"E00042354",6,4,2
"E00042355",3,1,2
"E00042356",5,4,1
"E00042357",4,3,1
"E00042358",0,0,0
"E00042359",0,0,0
"E00042360",3,1,2
"E00042361",1,0,1
"E00042362",3,2,1
"E00042363",8,6,2
"E00042364",4,1,3
"E00042365",2,0,2
"E00042366",0,0,0
"E00042367",4,3,1
"E00042368",1,0,1
"E00042369",2,2,0
"E00042370",6,2,4
"E00042371",2,1,1
"E00042372",0,0,0
"E00042373",6,3,3
"E00042374",6,2,4
"E00042375",3,2,1
"E00042376",0,0,0
"E00042377",0,0,0
"E00042378",9,4,5
"E00042379",7,5,2
"E00042380",10,4,6
"E00042381",0,0,0
"E00042382",1,1,0
"E00042383",16,9,7
"E00042384",16,10,6
"E00042385",19,9,10
"E00042386",11,5,6
"E00042387",9,3,6
"E00042388",10,7,3
"E00042389",6,4,2
"E00042390",0,0,0
"E00042391",5,2,3
"E00042392",3,3,0
"E00042393",2,2,0
"E00042394",4,2,2
"E00042395",0,0,0
"E00042396",0,0,0
"E00042397",4,2,2
"E00042398",0,0,0
"E00042399",6,5,1
"E00042400",5,2,3
"E00042401",7,5,2
"E00042402",2,1,1
"E00042403",0,0,0
"E00042404",3,1,2
"E00042405",2,0,2
"E00042406",6,2,4
"E00042407",5,2,3
"E00042408",8,6,2
"E00042409",0,0,0
"E00042410",4,4,0
"E00042411",1,0,1
"E00042412",6,3,3
"E00042413",1,0,1
"E00042414",2,2,0
"E00042415",1,1,0
"E00042416",1,0,1
"E00042417",0,0,0
"E00042418",4,3,1
"E00042419",0,0,0
"E00042420",2,0,2
"E00042421",1,0,1
"E00042422",6,3,3
"E00042423",9,4,5
"E00042424",0,0,0
"E00042425",7,1,6
"E00042426",1,1,0
"E00042427",0,0,0
"E00042428",2,2,0
"E00042429",0,0,0
"E00042430",3,2,1
"E00042431",1,0,1
"E00042432",4,2,2
"E00042433",0,0,0
"E00042434",1,1,0
"E00042435",3,0,3
"E00042436",0,0,0
"E00042437",1,1,0
"E00042438",9,5,4
"E00042439",8,4,4
"E00042440",8,6,2
"E00042441",8,5,3
"E00042442",6,2,4
"E00042443",7,4,3
"E00042444",6,4,2
"E00042445",11,8,3
"E00042446",5,2,3
"E00042447",4,4,0
"E00042448",2,1,1
"E00042449",6,4,2
"E00042450",0,0,0
"E00042451",5,3,2
"E00042452",6,3,3
"E00042453",1,0,1
"E00042454",6,2,4
"E00042455",7,5,2
"E00042456",3,2,1
"E00042457",6,5,1
"E00042458",6,4,2
"E00042459",4,3,1
"E00042460",6,1,5
"E00042461",6,4,2
"E00042462",11,7,4
"E00042463",12,6,6
"E00042464",0,0,0
"E00042465",2,1,1
"E00042466",2,1,1
"E00042467",4,1,3
"E00042468",6,1,5
"E00042469",1,0,1
"E00042470",17,10,7
"E00042471",3,1,2
"E00042472",1,0,1
"E00042473",17,12,5
"E00042474",12,2,10
"E00042475",4,3,1
"E00042476",9,3,6
"E00042477",13,9,4
"E00042478",9,4,5
"E00042479",0,0,0
"E00042480",8,3,5
"E00042481",1,0,1
"E00042482",1,0,1
"E00042483",8,1,7
"E00042484",6,2,4
"E00042485",1,0,1
"E00042486",1,1,0
"E00042487",2,1,1
"E00042488",4,3,1
"E00042489",7,4,3
"E00042490",1,0,1
"E00042491",2,1,1
"E00042492",4,2,2
"E00042493",1,0,1
"E00042494",4,2,2
"E00042495",0,0,0
"E00042496",7,4,3
"E00042498",10,7,3
"E00042499",2,1,1
"E00042500",10,6,4
"E00042501",6,5,1
"E00042502",18,7,11
"E00042503",1,1,0
"E00042504",0,0,0
"E00042505",3,3,0
"E00042506",1,0,1
"E00042507",3,0,3
"E00042508",0,0,0
"E00042509",1,0,1
"E00042510",0,0,0
"E00042511",8,4,4
"E00042512",8,5,3
"E00042513",4,1,3
"E00042514",2,1,1
"E00042515",0,0,0
"E00042516",0,0,0
"E00042517",1,0,1
"E00042518",0,0,0
"E00042519",3,1,2
"E00042520",1,0,1
"E00042521",2,2,0
"E00042522",1,0,1
"E00042523",0,0,0
"E00042524",0,0,0
"E00042525",0,0,0
"E00042526",0,0,0
"E00042527",1,1,0
"E00042528",1,0,1
"E00042529",3,1,2
"E00042530",0,0,0
"E00042531",2,2,0
"E00042532",2,1,1
"E00042533",1,0,1
"E00042534",0,0,0
"E00042535",0,0,0
"E00042536",1,0,1
"E00042537",1,1,0
"E00042538",1,1,0
"E00042539",0,0,0
"E00042540",4,2,2
"E00042541",0,0,0
"E00042542",2,0,2
"E00042543",0,0,0
"E00042544",3,0,3
"E00042545",0,0,0
"E00042546",1,0,1
"E00042547",0,0,0
"E00042548",0,0,0
"E00042549",1,0,1
"E00042550",1,0,1
"E00042551",1,1,0
"E00042552",0,0,0
"E00042553",2,0,2
"E00042554",2,1,1
"E00042555",5,3,2
"E00042556",0,0,0
"E00042557",0,0,0
"E00042558",0,0,0
"E00042559",1,1,0
"E00042560",3,2,1
"E00042561",3,1,2
"E00042562",0,0,0
"E00042563",2,1,1
"E00042564",2,1,1
"E00042565",0,0,0
"E00042566",0,0,0
"E00042567",0,0,0
"E00042568",0,0,0
"E00042569",0,0,0
"E00042570",1,0,1
"E00042571",2,1,1
"E00042572",0,0,0
"E00042573",0,0,0
"E00042574",0,0,0
"E00042575",1,1,0
"E00042576",1,0,1
"E00042577",2,1,1
"E00042578",5,4,1
"E00042579",0,0,0
"E00042580",8,3,5
"E00042581",0,0,0
"E00042582",1,0,1
"E00042583",6,4,2
"E00042584",0,0,0
"E00042585",0,0,0
"E00042586",3,2,1
"E00042587",2,1,1
"E00042588",0,0,0
"E00042589",0,0,0
"E00042590",3,0,3
"E00042591",0,0,0
"E00042592",0,0,0
"E00042593",0,0,0
"E00042594",0,0,0
"E00042595",0,0,0
"E00042596",4,0,4
"E00042597",5,1,4
"E00042598",4,3,1
"E00042599",0,0,0
"E00042600",5,4,1
"E00042601",0,0,0
"E00042604",5,2,3
"E00042605",10,2,8
"E00042606",0,0,0
"E00042607",2,0,2
"E00042608",1,1,0
"E00042609",5,2,3
"E00042610",3,2,1
"E00042611",0,0,0
"E00042612",2,1,1
"E00042613",0,0,0
"E00042614",1,0,1
"E00042615",3,2,1
"E00042616",1,0,1
"E00042617",0,0,0
"E00042618",1,0,1
"E00042619",4,2,2
"E00042620",0,0,0
"E00042621",0,0,0
"E00042622",3,1,2
"E00042623",0,0,0
"E00042624",1,1,0
"E00042625",1,1,0
"E00042626",3,1,2
"E00042627",0,0,0
"E00042628",2,1,1
"E00042629",1,1,0
"E00042630",1,1,0
"E00042631",0,0,0
"E00042632",0,0,0
"E00042633",0,0,0
"E00042634",2,0,2
"E00042635",2,0,2
"E00042636",0,0,0
"E00042637",2,1,1
"E00042638",0,0,0
"E00042639",4,2,2
"E00042640",0,0,0
"E00042641",2,1,1
"E00042642",2,1,1
"E00042643",7,3,4
"E00042644",4,2,2
"E00042645",0,0,0
"E00042646",0,0,0
"E00042647",1,1,0
"E00042648",4,2,2
"E00042649",8,2,6
"E00042650",1,1,0
"E00042651",4,2,2
"E00042652",6,1,5
"E00042653",1,0,1
"E00042654",0,0,0
"E00042655",5,3,2
"E00042656",4,1,3
"E00042657",5,3,2
"E00042658",3,1,2
"E00042659",1,1,0
"E00042661",0,0,0
"E00042662",3,2,1
"E00042663",1,0,1
"E00042664",1,0,1
"E00042665",0,0,0
"E00042666",0,0,0
"E00042667",0,0,0
"E00042668",1,0,1
"E00042669",4,2,2
"E00042670",3,2,1
"E00042671",0,0,0
"E00042672",37,18,19
"E00042673",0,0,0
"E00042674",0,0,0
"E00042677",1,0,1
"E00042679",15,7,8
"E00042681",5,5,0
"E00042682",1,0,1
"E00042683",3,1,2
"E00042685",0,0,0
"E00042686",1,0,1
"E00042687",1,1,0
"E00042688",0,0,0
"E00042689",1,1,0
"E00042690",4,1,3
"E00042691",1,0,1
"E00042693",1,0,1
"E00042694",0,0,0
"E00042695",0,0,0
"E00042697",0,0,0
"E00042702",0,0,0
"E00042703",0,0,0
"E00042704",0,0,0
"E00042705",0,0,0
"E00042706",14,8,6
"E00042707",10,7,3
"E00042708",6,2,4
"E00042709",9,5,4
"E00042710",14,5,9
"E00042711",2,0,2
"E00042712",27,10,17
"E00042713",8,3,5
"E00042714",5,2,3
"E00042715",7,3,4
"E00042716",4,3,1
"E00042717",19,7,12
"E00042718",10,8,2
"E00042719",5,3,2
"E00042720",11,4,7
"E00042721",0,0,0
"E00042722",2,2,0
"E00042723",11,7,4
"E00042724",1,1,0
"E00042725",14,5,9
"E00042726",3,2,1
"E00042727",0,0,0
"E00042728",16,10,6
"E00042729",15,6,9
"E00042730",8,6,2
"E00042731",23,8,15
"E00042732",1,0,1
"E00042733",8,5,3
"E00042734",0,0,0
"E00042735",3,1,2
"E00042736",3,3,0
"E00042737",1,0,1
"E00042738",1,1,0
"E00042739",14,9,5
"E00042740",0,0,0
"E00042741",0,0,0
"E00042742",0,0,0
"E00042743",0,0,0
"E00042745",0,0,0
"E00042746",0,0,0
"E00042747",3,2,1
"E00042748",5,2,3
"E00042750",0,0,0
"E00042751",0,0,0
"E00042752",0,0,0
"E00042753",0,0,0
"E00042754",0,0,0
"E00042755",1,1,0
"E00042756",0,0,0
"E00042757",3,2,1
"E00042758",0,0,0
"E00042759",0,0,0
"E00042760",6,4,2
"E00042761",1,1,0
"E00042762",1,0,1
"E00042763",2,1,1
"E00042764",2,2,0
"E00042765",0,0,0
"E00042766",0,0,0
"E00042767",3,1,2
"E00042768",1,0,1
"E00042769",4,1,3
"E00042770",0,0,0
"E00042771",1,1,0
"E00042772",3,1,2
"E00042773",1,0,1
"E00042774",1,1,0
"E00042775",0,0,0
"E00042776",2,2,0
"E00042777",0,0,0
"E00042778",0,0,0
"E00042779",1,1,0
"E00042780",3,1,2
"E00042781",5,2,3
"E00042782",3,2,1
"E00042783",1,0,1
"E00042784",2,0,2
"E00042785",2,1,1
"E00042786",7,4,3
"E00042787",1,0,1
"E00042788",2,2,0
"E00042789",1,0,1
"E00042790",0,0,0
"E00042791",2,2,0
"E00042792",2,2,0
"E00042793",2,1,1
"E00042794",0,0,0
"E00042795",0,0,0
"E00042796",1,0,1
"E00042797",0,0,0
"E00042798",3,1,2
"E00042799",0,0,0
"E00042800",2,1,1
"E00042801",1,0,1
"E00042802",0,0,0
"E00042803",5,3,2
"E00042805",0,0,0
"E00042806",0,0,0
"E00042807",0,0,0
"E00042808",4,2,2
"E00042810",3,3,0
"E00042811",0,0,0
"E00042812",0,0,0
"E00042814",0,0,0
"E00042816",1,0,1
"E00042818",0,0,0
"E00042819",0,0,0
"E00042820",1,1,0
"E00042822",1,1,0
"E00042823",3,3,0
"E00042824",1,0,1
"E00042825",3,0,3
"E00042826",0,0,0
"E00042827",3,2,1
"E00042828",5,0,5
"E00042829",2,2,0
"E00042830",1,1,0
"E00042831",3,3,0
"E00042832",0,0,0
"E00042833",1,0,1
"E00042834",1,1,0
"E00042835",1,1,0
"E00042836",3,0,3
"E00042837",2,1,1
"E00042838",3,2,1
"E00042839",0,0,0
"E00042840",0,0,0
"E00042841",4,2,2
"E00042842",1,1,0
"E00042843",1,0,1
"E00042844",0,0,0
"E00042845",0,0,0
"E00042846",0,0,0
"E00042847",3,2,1
"E00042848",0,0,0
"E00042849",0,0,0
"E00042850",1,0,1
"E00042851",1,1,0
"E00042852",4,2,2
"E00042853",2,1,1
"E00042854",3,2,1
"E00042855",4,2,2
"E00042856",0,0,0
"E00042857",2,0,2
"E00042858",3,0,3
"E00042859",6,2,4
"E00042860",1,1,0
"E00042861",1,1,0
"E00042862",3,2,1
"E00042863",2,2,0
"E00042864",9,5,4
"E00042865",9,3,6
"E00042866",1,1,0
"E00042867",0,0,0
"E00042868",4,3,1
"E00042869",3,3,0
"E00042870",2,2,0
"E00042871",1,0,1
"E00042872",0,0,0
"E00042873",3,1,2
"E00042874",6,5,1
"E00042875",3,2,1
"E00042876",6,3,3
"E00042877",7,2,5
"E00042878",1,0,1
"E00042879",5,3,2
"E00042880",13,6,7
"E00042881",0,0,0
"E00042882",2,2,0
"E00042883",1,0,1
"E00042884",1,0,1
"E00042885",1,1,0
"E00042886",0,0,0
"E00042887",2,1,1
"E00042888",3,2,1
"E00042889",11,4,7
"E00042890",3,2,1
"E00042891",6,2,4
"E00042892",0,0,0
"E00042893",13,7,6
"E00042894",6,5,1
"E00042895",6,3,3
"E00042896",11,3,8
"E00042897",0,0,0
"E00042898",2,1,1
"E00042899",5,3,2
"E00042900",3,1,2
"E00042901",10,7,3
"E00042902",6,3,3
"E00042903",3,2,1
"E00042904",0,0,0
"E00042905",1,0,1
"E00042906",0,0,0
"E00042907",3,1,2
"E00042908",0,0,0
"E00042909",0,0,0
"E00042910",3,1,2
"E00042911",0,0,0
"E00042912",15,7,8
"E00042913",4,3,1
"E00042914",2,1,1
"E00042915",0,0,0
"E00042916",3,2,1
"E00042917",1,1,0
"E00042918",2,1,1
"E00042919",0,0,0
"E00042920",0,0,0
"E00042921",0,0,0
"E00042922",0,0,0
"E00042923",3,2,1
"E00042924",1,1,0
"E00042925",0,0,0
"E00042926",0,0,0
"E00042927",0,0,0
"E00042928",5,3,2
"E00042929",1,0,1
"E00042930",0,0,0
"E00042931",0,0,0
"E00042932",2,2,0
"E00042933",0,0,0
"E00042934",2,0,2
"E00042935",4,2,2
"E00042937",0,0,0
"E00042939",2,2,0
"E00042940",1,0,1
"E00042941",1,0,1
"E00042942",0,0,0
"E00042943",2,1,1
"E00042944",2,0,2
"E00042945",3,0,3
"E00042946",0,0,0
"E00042947",2,1,1
"E00042948",3,1,2
"E00042949",1,1,0
"E00042950",0,0,0
"E00042951",6,3,3
"E00042952",3,2,1
"E00042953",2,1,1
"E00042954",0,0,0
"E00042955",5,3,2
"E00042956",4,2,2
"E00042957",0,0,0
"E00042958",5,2,3
"E00042959",1,1,0
"E00042960",1,1,0
"E00042961",0,0,0
"E00042962",1,0,1
"E00042963",1,0,1
"E00042964",0,0,0
"E00042965",0,0,0
"E00042966",0,0,0
"E00042967",2,0,2
"E00042968",1,1,0
"E00042969",2,2,0
"E00042970",0,0,0
"E00042971",3,0,3
"E00042972",7,5,2
"E00042973",4,3,1
"E00042974",8,6,2
"E00042975",5,3,2
"E00042976",3,2,1
"E00042977",1,1,0
"E00042978",4,2,2
"E00042979",3,0,3
"E00042980",4,2,2
"E00042981",1,1,0
"E00042982",0,0,0
"E00042983",0,0,0
"E00042984",3,1,2
"E00042985",1,0,1
"E00042986",1,0,1
"E00042987",2,2,0
"E00042988",1,1,0
"E00042989",11,4,7
"E00042990",7,1,6
"E00042991",8,2,6
"E00042992",3,1,2
"E00042993",0,0,0
"E00042994",2,0,2
"E00042995",3,3,0
"E00042996",0,0,0
"E00042997",0,0,0
"E00042998",5,2,3
"E00042999",2,1,1
"E00043000",5,3,2
"E00043001",0,0,0
"E00043002",0,0,0
"E00043003",0,0,0
"E00043004",0,0,0
"E00043005",1,0,1
"E00043006",0,0,0
"E00043007",1,1,0
"E00043008",2,0,2
"E00043009",1,0,1
"E00043010",1,1,0
"E00043011",0,0,0
"E00043012",2,1,1
"E00043013",0,0,0
"E00043014",1,0,1
"E00043015",0,0,0
"E00043016",0,0,0
"E00043017",0,0,0
"E00043018",2,0,2
"E00043019",0,0,0
"E00043020",6,4,2
"E00043021",0,0,0
"E00043022",4,3,1
"E00043023",3,1,2
"E00043024",1,0,1
"E00043025",2,0,2
"E00043026",2,0,2
"E00043027",0,0,0
"E00043028",2,2,0
"E00043029",5,2,3
"E00043030",0,0,0
"E00043031",0,0,0
"E00043032",0,0,0
"E00043033",1,1,0
"E00043034",3,0,3
"E00043035",0,0,0
"E00043036",0,0,0
"E00043037",0,0,0
"E00043038",0,0,0
"E00043039",1,1,0
"E00043040",2,1,1
"E00043041",1,1,0
"E00043042",0,0,0
"E00043043",0,0,0
"E00043044",2,1,1
"E00043045",1,0,1
"E00043046",4,2,2
"E00043047",0,0,0
"E00043048",1,0,1
"E00043049",0,0,0
"E00043050",0,0,0
"E00043051",2,1,1
"E00043052",5,1,4
"E00043053",1,1,0
"E00043054",0,0,0
"E00043055",0,0,0
"E00043056",0,0,0
"E00043057",1,0,1
"E00043058",1,0,1
"E00043059",2,2,0
"E00043060",0,0,0
"E00043061",1,1,0
"E00043062",4,1,3
"E00043063",0,0,0
"E00043064",2,1,1
"E00043065",1,0,1
"E00043066",1,0,1
"E00043067",3,0,3
"E00043068",2,1,1
"E00043069",2,1,1
"E00043070",3,1,2
"E00043071",1,1,0
"E00043072",3,2,1
"E00043073",2,0,2
"E00043074",2,1,1
"E00043075",0,0,0
"E00043076",2,0,2
"E00043077",2,1,1
"E00043078",1,0,1
"E00043079",0,0,0
"E00043080",0,0,0
"E00043081",0,0,0
"E00043082",3,2,1
"E00043083",0,0,0
"E00043084",0,0,0
"E00043085",4,1,3
"E00043086",1,1,0
"E00043087",1,0,1
"E00043088",0,0,0
"E00043089",1,1,0
"E00043090",1,0,1
"E00043091",0,0,0
"E00043092",2,0,2
"E00043093",3,1,2
"E00043094",2,2,0
"E00043095",1,1,0
"E00043096",2,1,1
"E00043097",10,6,4
"E00043098",0,0,0
"E00043099",4,4,0
"E00043100",4,2,2
"E00043101",0,0,0
"E00043102",4,2,2
"E00043103",6,2,4
"E00043104",0,0,0
"E00043105",5,4,1
"E00043106",0,0,0
"E00043107",4,3,1
"E00043108",0,0,0
"E00043109",0,0,0
"E00043110",3,1,2
"E00043111",1,1,0
"E00043112",5,3,2
"E00043113",7,4,3
"E00043114",0,0,0
"E00043115",7,3,4
"E00043116",3,0,3
"E00043117",2,2,0
"E00043118",2,0,2
"E00043119",1,1,0
"E00043120",8,6,2
"E00043121",2,1,1
"E00043122",1,0,1
"E00043123",5,2,3
"E00043124",1,0,1
"E00043125",2,1,1
"E00043126",3,2,1
"E00043127",6,4,2
"E00043128",0,0,0
"E00043129",1,1,0
"E00043130",2,1,1
"E00043131",1,0,1
"E00043132",4,2,2
"E00043134",0,0,0
"E00043135",3,1,2
"E00043136",5,1,4
"E00043137",1,0,1
"E00043138",0,0,0
"E00043139",3,1,2
"E00043140",5,2,3
"E00043141",4,3,1
"E00043142",0,0,0
"E00043143",0,0,0
"E00043144",0,0,0
"E00043145",2,0,2
"E00043146",0,0,0
"E00043147",3,1,2
"E00043148",0,0,0
"E00043149",5,2,3
"E00043150",1,1,0
"E00043151",2,1,1
"E00043152",3,2,1
"E00043153",0,0,0
"E00043154",1,0,1
"E00043155",6,5,1
"E00043156",1,0,1
"E00043157",0,0,0
"E00043158",0,0,0
"E00043159",1,1,0
"E00043160",1,1,0
"E00043161",0,0,0
"E00043162",0,0,0
"E00043163",1,0,1
"E00043164",2,0,2
"E00043165",0,0,0
"E00043166",4,3,1
"E00043167",3,1,2
"E00043168",2,0,2
"E00043169",3,2,1
"E00043170",0,0,0
"E00043171",1,0,1
"E00043172",1,0,1
"E00043173",1,1,0
"E00043174",1,1,0
"E00043175",1,0,1
"E00043176",1,0,1
"E00043177",0,0,0
"E00043178",0,0,0
"E00043179",0,0,0
"E00043180",1,1,0
"E00043181",0,0,0
"E00043182",1,1,0
"E00043183",2,1,1
"E00043184",1,1,0
"E00043185",1,0,1
"E00043186",3,1,2
"E00043187",0,0,0
"E00043188",0,0,0
"E00043189",0,0,0
"E00043190",7,4,3
"E00043191",5,3,2
"E00043192",0,0,0
"E00043193",1,0,1
"E00043194",1,0,1
"E00043195",1,0,1
"E00043196",1,1,0
"E00043197",1,0,1
"E00043198",2,1,1
"E00043199",3,2,1
"E00043200",1,1,0
"E00043201",0,0,0
"E00043202",1,1,0
"E00043203",0,0,0
"E00043204",0,0,0
"E00043205",2,2,0
"E00043206",3,3,0
"E00043207",0,0,0
"E00043208",0,0,0
"E00043209",0,0,0
"E00043210",1,0,1
"E00043211",0,0,0
"E00043212",1,0,1
"E00043213",1,0,1
"E00043214",0,0,0
"E00043215",1,1,0
"E00043216",5,3,2
"E00043218",1,1,0
"E00043220",6,4,2
"E00043221",0,0,0
"E00043222",6,4,2
"E00043223",0,0,0
"E00043224",0,0,0
"E00043225",0,0,0
"E00043226",4,2,2
"E00043227",1,0,1
"E00043228",1,1,0
"E00043229",1,0,1
"E00043230",4,1,3
"E00043231",3,3,0
"E00043232",5,2,3
"E00043233",9,2,7
"E00043234",7,3,4
"E00043235",3,2,1
"E00043236",1,0,1
"E00043237",3,3,0
"E00043238",3,2,1
"E00043239",2,2,0
"E00043240",14,7,7
"E00043241",13,5,8
"E00043242",4,3,1
"E00043243",3,2,1
"E00043244",5,3,2
"E00043245",8,5,3
"E00043246",7,5,2
"E00043247",7,4,3
"E00043248",5,2,3
"E00043249",5,1,4
"E00043250",2,1,1
"E00043251",2,1,1
"E00043252",10,6,4
"E00043253",3,1,2
"E00043254",4,0,4
"E00043255",0,0,0
"E00043256",1,1,0
"E00043257",3,0,3
"E00043258",4,3,1
"E00043259",1,1,0
"E00043260",3,1,2
"E00043261",8,1,7
"E00043262",6,3,3
"E00043263",1,0,1
"E00043264",0,0,0
"E00043265",1,1,0
"E00043266",1,0,1
"E00043267",0,0,0
"E00043268",7,4,3
"E00043269",3,1,2
"E00043270",1,1,0
"E00043271",0,0,0
"E00043272",0,0,0
"E00043273",0,0,0
"E00043274",0,0,0
"E00043275",2,1,1
"E00043276",7,4,3
"E00043277",3,1,2
"E00043278",1,0,1
"E00043279",0,0,0
"E00043280",3,2,1
"E00043281",4,3,1
"E00043282",3,2,1
"E00043283",6,2,4
"E00043284",5,0,5
"E00043285",7,6,1
"E00043286",1,0,1
"E00043287",1,1,0
"E00043288",1,1,0
"E00043289",1,0,1
"E00043290",5,5,0
"E00043291",4,2,2
"E00043292",1,1,0
"E00043293",3,1,2
"E00043294",5,0,5
"E00043295",4,3,1
"E00043296",1,1,0
"E00043297",2,1,1
"E00043298",0,0,0
"E00043299",1,0,1
"E00043300",1,0,1
"E00043301",1,0,1
"E00043302",2,0,2
"E00043303",0,0,0
"E00043304",1,1,0
"E00043305",1,1,0
"E00043306",0,0,0
"E00043307",0,0,0
"E00043308",0,0,0
"E00043309",4,1,3
"E00043310",1,1,0
"E00043311",0,0,0
"E00043312",3,1,2
"E00043313",0,0,0
"E00043314",0,0,0
"E00043315",0,0,0
"E00043316",0,0,0
"E00043317",1,0,1
"E00043318",0,0,0
"E00043319",1,0,1
"E00043320",0,0,0
"E00043321",1,1,0
"E00043322",4,2,2
"E00043323",0,0,0
"E00043324",4,2,2
"E00043325",0,0,0
"E00043326",0,0,0
"E00043327",0,0,0
"E00043328",2,1,1
"E00043329",1,0,1
"E00043330",2,2,0
"E00043331",1,0,1
"E00043332",3,0,3
"E00043333",3,2,1
"E00043334",0,0,0
"E00043335",3,3,0
"E00043336",1,1,0
"E00043337",3,3,0
"E00043338",2,0,2
"E00043339",1,0,1
"E00043340",3,1,2
"E00043341",0,0,0
"E00043342",0,0,0
"E00043343",4,2,2
"E00043344",0,0,0
"E00043345",0,0,0
"E00043347",2,0,2
"E00043348",1,0,1
"E00043349",0,0,0
"E00043350",0,0,0
"E00043351",0,0,0
"E00043352",0,0,0
"E00043353",1,1,0
"E00043354",1,0,1
"E00043355",1,0,1
"E00043356",0,0,0
"E00043357",3,1,2
"E00043358",0,0,0
"E00043359",2,1,1
"E00043360",0,0,0
"E00043361",2,0,2
"E00043362",0,0,0
"E00043363",0,0,0
"E00043364",0,0,0
"E00043365",3,3,0
"E00043366",4,2,2
"E00043367",1,0,1
"E00043368",3,1,2
"E00043369",1,0,1
"E00043370",2,0,2
"E00043371",0,0,0
"E00043373",0,0,0
"E00043374",0,0,0
"E00043375",2,2,0
"E00043376",0,0,0
"E00043377",0,0,0
"E00043378",2,1,1
"E00043379",2,1,1
"E00043380",0,0,0
"E00043381",0,0,0
"E00043382",7,3,4
"E00043383",8,4,4
"E00043384",5,3,2
"E00043385",4,3,1
"E00043386",5,3,2
"E00043387",5,3,2
"E00043388",6,4,2
"E00043389",7,2,5
"E00043390",5,3,2
"E00043391",1,0,1
"E00043392",13,6,7
"E00043393",5,2,3
"E00043394",0,0,0
"E00043395",6,3,3
"E00043396",3,2,1
"E00043397",2,2,0
"E00043398",0,0,0
"E00043399",14,10,4
"E00043400",3,1,2
"E00043401",5,2,3
"E00043402",4,3,1
"E00043403",11,5,6
"E00043404",7,2,5
"E00043405",3,2,1
"E00043406",2,1,1
"E00043407",6,2,4
"E00043408",8,4,4
"E00043409",11,5,6
"E00043410",8,4,4
"E00043411",0,0,0
"E00043412",7,5,2
"E00043413",6,3,3
"E00043414",1,0,1
"E00043415",0,0,0
"E00043416",1,0,1
"E00043417",7,3,4
"E00043418",1,0,1
"E00043419",4,2,2
"E00043421",8,3,5
"E00043422",1,0,1
"E00043423",6,2,4
"E00043424",7,6,1
"E00043425",5,3,2
"E00043426",2,1,1
"E00043427",6,2,4
"E00043428",1,1,0
"E00043429",3,0,3
"E00043430",5,3,2
"E00043431",6,4,2
"E00043432",2,2,0
"E00043433",5,4,1
"E00043434",2,1,1
"E00043435",1,1,0
"E00043436",3,3,0
"E00043437",3,2,1
"E00043438",4,4,0
"E00043439",4,3,1
"E00043440",3,1,2
"E00043441",2,1,1
"E00043442",1,1,0
"E00043443",0,0,0
"E00043444",1,1,0
"E00043445",4,2,2
"E00043446",4,1,3
"E00043447",10,5,5
"E00043448",5,2,3
"E00043449",2,0,2
"E00043450",1,1,0
"E00043451",11,6,5
"E00043452",2,1,1
"E00043453",4,2,2
"E00043454",5,4,1
"E00043455",5,1,4
"E00043456",6,2,4
"E00043457",0,0,0
"E00043458",1,0,1
"E00043459",2,1,1
"E00043460",4,4,0
"E00043461",2,2,0
"E00043462",4,2,2
"E00043463",2,2,0
"E00043464",3,2,1
"E00043465",1,0,1
"E00043466",0,0,0
"E00043467",1,1,0
"E00043468",0,0,0
"E00043469",1,1,0
"E00043470",0,0,0
"E00043471",3,1,2
"E00043472",5,1,4
"E00043473",4,3,1
"E00043474",8,2,6
"E00043475",6,2,4
"E00043476",3,3,0
"E00043477",1,0,1
"E00043478",2,1,1
"E00043479",2,1,1
"E00043480",2,1,1
"E00043481",3,1,2
"E00043482",1,0,1
"E00043483",2,0,2
"E00043484",0,0,0
"E00043485",2,0,2
"E00043486",1,1,0
"E00043487",0,0,0
"E00043490",4,3,1
"E00043491",1,0,1
"E00043492",1,1,0
"E00043493",1,1,0
"E00043494",0,0,0
"E00043495",4,2,2
"E00043496",1,0,1
"E00043497",0,0,0
"E00043498",2,2,0
"E00043499",0,0,0
"E00043500",0,0,0
"E00043501",4,1,3
"E00043502",2,1,1
"E00043503",0,0,0
"E00043504",0,0,0
"E00043505",2,1,1
"E00043506",1,0,1
"E00043507",4,1,3
"E00043508",0,0,0
"E00043509",0,0,0
"E00043510",1,1,0
"E00043511",2,1,1
"E00043512",4,1,3
"E00043513",0,0,0
"E00043514",0,0,0
"E00043515",3,1,2
"E00043516",0,0,0
"E00043517",0,0,0
"E00043518",2,1,1
"E00043519",0,0,0
"E00043520",2,0,2
"E00043521",0,0,0
"E00043522",1,0,1
"E00043523",1,1,0
"E00043524",0,0,0
"E00043525",2,0,2
"E00043526",3,1,2
"E00043527",0,0,0
"E00043528",3,2,1
"E00043529",2,1,1
"E00043530",1,1,0
"E00043531",1,1,0
"E00043532",0,0,0
"E00043533",3,1,2
"E00043534",3,1,2
"E00043536",0,0,0
"E00043537",0,0,0
"E00043538",0,0,0
"E00043539",0,0,0
"E00043540",1,0,1
"E00043541",0,0,0
"E00043542",1,1,0
"E00043543",4,1,3
"E00043544",3,2,1
"E00043545",0,0,0
"E00043546",1,0,1
"E00043547",1,1,0
"E00043548",2,2,0
"E00043549",11,5,6
"E00043550",1,0,1
"E00043551",2,1,1
"E00043552",2,0,2
"E00043553",0,0,0
"E00043554",0,0,0
"E00043555",0,0,0
"E00043556",5,3,2
"E00043557",3,2,1
"E00043558",0,0,0
"E00043559",7,4,3
"E00043560",0,0,0
"E00043561",3,1,2
"E00043562",3,1,2
"E00043563",3,1,2
"E00043564",0,0,0
"E00043565",3,2,1
"E00043566",1,0,1
"E00043567",0,0,0
"E00043568",2,2,0
"E00043569",1,1,0
"E00043570",6,2,4
"E00043571",2,1,1
"E00043572",4,2,2
"E00043573",7,3,4
"E00043574",3,2,1
"E00043575",1,0,1
"E00043576",2,0,2
"E00043577",2,1,1
"E00043578",3,3,0
"E00043579",3,1,2
"E00043580",9,4,5
"E00043581",0,0,0
"E00043582",3,2,1
"E00043583",20,7,13
"E00043584",2,1,1
"E00043585",0,0,0
"E00043586",2,0,2
"E00043587",5,2,3
"E00043588",3,1,2
"E00043589",1,0,1
"E00043590",3,0,3
"E00043591",8,2,6
"E00043592",5,2,3
"E00043593",2,2,0
"E00043594",2,0,2
"E00043595",5,3,2
"E00043596",10,6,4
"E00043597",1,1,0
"E00043598",2,2,0
"E00043599",2,2,0
"E00043600",5,4,1
"E00043601",3,2,1
"E00043602",2,1,1
"E00043603",1,0,1
"E00043604",3,2,1
"E00043605",1,1,0
"E00043606",2,2,0
"E00043607",3,2,1
"E00043608",4,3,1
"E00043609",1,1,0
"E00043610",0,0,0
"E00043611",0,0,0
"E00043612",0,0,0
"E00043613",0,0,0
"E00043614",0,0,0
"E00043615",1,1,0
"E00043616",1,0,1
"E00043617",0,0,0
"E00043618",0,0,0
"E00043619",1,1,0
"E00043620",0,0,0
"E00043621",1,0,1
"E00043622",2,0,2
"E00043623",2,0,2
"E00043624",1,0,1
"E00043625",1,0,1
"E00043626",0,0,0
"E00043627",0,0,0
"E00043628",0,0,0
"E00043629",0,0,0
"E00043630",0,0,0
"E00043631",1,1,0
"E00043632",0,0,0
"E00043633",0,0,0
"E00043634",1,1,0
"E00043636",1,1,0
"E00043637",3,3,0
"E00043638",1,0,1
"E00043640",1,0,1
"E00043641",2,1,1
"E00043642",1,1,0
"E00043643",6,4,2
"E00043644",0,0,0
"E00043645",3,0,3
"E00043646",0,0,0
"E00043647",3,1,2
"E00043648",7,4,3
"E00043649",1,0,1
"E00043650",2,2,0
"E00043651",1,0,1
"E00043652",1,0,1
"E00043653",3,2,1
"E00043654",3,1,2
"E00043655",3,3,0
"E00043656",3,1,2
"E00043657",2,2,0
"E00043658",0,0,0
"E00043659",1,1,0
"E00043660",0,0,0
"E00043661",5,3,2
"E00043662",0,0,0
"E00043663",1,1,0
"E00043664",1,1,0
"E00043665",1,0,1
"E00043666",0,0,0
"E00043667",0,0,0
"E00043668",0,0,0
"E00043669",1,1,0
"E00043670",0,0,0
"E00043671",1,0,1
"E00043672",0,0,0
"E00043673",3,0,3
"E00043674",2,0,2
"E00043675",4,0,4
"E00043676",1,0,1
"E00043677",0,0,0
"E00043678",1,0,1
"E00043679",0,0,0
"E00043680",2,2,0
"E00043681",0,0,0
"E00043682",0,0,0
"E00043683",2,1,1
"E00043684",1,0,1
"E00043685",2,1,1
"E00043686",0,0,0
"E00043687",4,2,2
"E00043688",1,0,1
"E00043689",0,0,0
"E00043690",1,1,0
"E00043691",1,1,0
"E00043692",0,0,0
"E00043693",1,0,1
"E00043694",0,0,0
"E00043695",2,1,1
"E00043696",0,0,0
"E00043697",6,3,3
"E00043698",2,2,0
"E00043699",2,0,2
"E00043700",0,0,0
"E00043701",4,3,1
"E00043702",0,0,0
"E00043703",3,2,1
"E00043704",2,0,2
"E00043705",0,0,0
"E00043706",2,2,0
"E00043707",1,1,0
"E00043708",0,0,0
"E00043709",0,0,0
"E00043710",0,0,0
"E00043711",0,0,0
"E00043712",3,1,2
"E00043713",3,2,1
"E00043714",1,1,0
"E00043715",1,0,1
"E00043716",0,0,0
"E00043717",1,0,1
"E00043718",2,2,0
"E00043719",1,1,0
"E00043720",1,0,1
"E00043721",5,1,4
"E00043722",2,1,1
"E00043723",3,1,2
"E00043724",2,2,0
"E00043725",2,1,1
"E00043726",2,0,2
"E00043727",0,0,0
"E00043728",0,0,0
"E00043729",1,1,0
"E00043730",1,0,1
"E00043731",1,1,0
"E00043732",2,1,1
"E00043733",1,0,1
"E00043734",1,1,0
"E00043735",0,0,0
"E00043736",1,1,0
"E00043737",1,1,0
"E00043738",6,5,1
"E00043739",1,1,0
"E00043740",5,2,3
"E00043741",6,3,3
"E00043742",2,1,1
"E00043743",1,1,0
"E00043744",4,3,1
"E00043745",12,8,4
"E00043746",2,0,2
"E00043747",7,3,4
"E00043748",6,3,3
"E00043749",0,0,0
"E00043750",3,2,1
"E00043751",4,4,0
"E00043752",12,5,7
"E00043753",4,1,3
"E00043754",5,2,3
"E00043755",2,0,2
"E00043756",11,7,4
"E00043757",3,3,0
"E00043758",3,2,1
"E00043759",1,1,0
"E00043760",11,7,4
"E00043761",6,3,3
"E00043762",4,3,1
"E00043763",1,1,0
"E00043764",8,2,6
"E00043765",3,2,1
"E00043766",4,0,4
"E00043767",1,0,1
"E00043768",6,4,2
"E00043769",3,2,1
"E00043770",5,4,1
"E00043771",6,4,2
"E00043772",1,0,1
"E00043773",0,0,0
"E00043774",2,1,1
"E00043776",0,0,0
"E00043777",6,3,3
"E00043779",3,1,2
"E00043780",1,0,1
"E00043781",1,1,0
"E00043783",5,2,3
"E00043784",2,2,0
"E00043785",1,0,1
"E00043786",0,0,0
"E00043787",5,3,2
"E00043788",3,1,2
"E00043789",0,0,0
"E00043790",1,1,0
"E00043791",0,0,0
"E00043792",0,0,0
"E00043793",0,0,0
"E00043794",1,1,0
"E00043795",0,0,0
"E00043796",2,2,0
"E00043797",2,2,0
"E00043798",0,0,0
"E00043799",0,0,0
"E00043800",1,1,0
"E00043801",1,0,1
"E00043802",0,0,0
"E00043803",1,1,0
"E00043804",0,0,0
"E00043805",0,0,0
"E00043806",1,0,1
"E00043807",5,4,1
"E00043808",0,0,0
"E00043809",1,0,1
"E00043810",4,3,1
"E00043811",0,0,0
"E00043812",0,0,0
"E00043813",1,1,0
"E00043814",0,0,0
"E00043815",1,0,1
"E00043816",3,1,2
"E00043817",3,2,1
"E00043818",0,0,0
"E00043819",2,0,2
"E00043820",1,0,1
"E00043821",3,2,1
"E00043822",0,0,0
"E00043823",5,3,2
"E00043824",1,0,1
"E00043825",1,0,1
"E00043826",1,0,1
"E00043827",0,0,0
"E00043828",1,1,0
"E00043829",4,1,3
"E00043830",1,0,1
"E00043831",0,0,0
"E00043832",0,0,0
"E00043833",0,0,0
"E00043834",1,0,1
"E00043835",1,0,1
"E00043836",1,1,0
"E00043837",0,0,0
"E00043838",2,2,0
"E00043839",0,0,0
"E00043840",0,0,0
"E00043841",1,1,0
"E00043842",0,0,0
"E00043843",1,1,0
"E00043844",0,0,0
"E00043845",1,1,0
"E00043846",1,0,1
"E00043847",2,1,1
"E00043848",1,0,1
"E00043849",2,1,1
"E00043850",1,1,0
"E00043851",1,0,1
"E00043852",3,3,0
"E00043853",1,0,1
"E00043854",5,2,3
"E00043855",0,0,0
"E00043856",1,1,0
"E00043857",1,1,0
"E00043858",0,0,0
"E00043859",1,1,0
"E00043860",0,0,0
"E00043861",3,3,0
"E00043862",0,0,0
"E00043863",0,0,0
"E00043864",6,3,3
"E00043865",1,0,1
"E00043866",0,0,0
"E00043867",1,0,1
"E00043868",0,0,0
"E00043869",2,0,2
"E00043871",2,1,1
"E00043872",5,4,1
"E00043873",1,1,0
"E00043874",0,0,0
"E00043875",1,1,0
"E00043876",0,0,0
"E00043877",1,1,0
"E00043878",0,0,0
"E00043879",1,1,0
"E00043880",1,1,0
"E00043881",0,0,0
"E00043882",3,1,2
"E00043883",3,0,3
"E00043884",1,0,1
"E00043885",0,0,0
"E00043886",2,1,1
"E00043887",0,0,0
"E00043888",3,1,2
"E00043889",2,1,1
"E00043890",3,1,2
"E00043891",1,0,1
"E00043892",2,1,1
"E00043893",0,0,0
"E00043894",1,0,1
"E00043895",1,0,1
"E00043896",0,0,0
"E00043897",0,0,0
"E00043898",0,0,0
"E00043899",0,0,0
"E00043900",2,1,1
"E00043901",5,4,1
"E00043902",3,0,3
"E00043903",0,0,0
"E00043904",3,1,2
"E00043905",0,0,0
"E00043906",4,2,2
"E00043907",0,0,0
"E00043908",1,0,1
"E00043909",6,1,5
"E00043910",0,0,0
"E00043911",0,0,0
"E00043912",2,1,1
"E00043913",3,1,2
"E00043914",1,1,0
"E00043915",0,0,0
"E00043916",2,0,2
"E00043917",1,0,1
"E00043918",0,0,0
"E00043919",0,0,0
"E00043920",1,1,0
"E00043921",1,0,1
"E00043922",1,1,0
"E00043923",4,1,3
"E00043924",0,0,0
"E00043925",3,1,2
"E00043926",1,0,1
"E00043927",0,0,0
"E00043928",1,1,0
"E00043929",1,1,0
"E00043930",1,0,1
"E00043931",0,0,0
"E00043932",3,2,1
"E00043933",5,3,2
"E00043934",1,0,1
"E00043935",0,0,0
"E00043936",2,2,0
"E00043937",0,0,0
"E00043938",0,0,0
"E00043939",0,0,0
"E00043940",0,0,0
"E00043941",1,1,0
"E00043942",2,2,0
"E00043943",3,1,2
"E00043944",0,0,0
"E00043945",5,4,1
"E00043946",2,2,0
"E00043947",2,0,2
"E00043948",1,1,0
"E00043949",1,1,0
"E00043950",3,2,1
"E00043951",2,1,1
"E00043952",1,0,1
"E00043953",0,0,0
"E00043954",0,0,0
"E00043955",3,2,1
"E00043956",2,0,2
"E00043957",5,1,4
"E00043958",4,1,3
"E00043959",1,0,1
"E00043960",0,0,0
"E00043961",2,1,1
"E00043962",2,1,1
"E00043963",0,0,0
"E00043964",0,0,0
"E00043965",2,1,1
"E00043966",0,0,0
"E00043967",0,0,0
"E00043968",3,1,2
"E00043969",2,1,1
"E00043970",2,2,0
"E00043971",2,1,1
"E00043972",2,1,1
"E00043973",1,0,1
"E00043974",1,0,1
"E00043975",0,0,0
"E00043976",2,1,1
"E00043977",3,2,1
"E00043978",0,0,0
"E00043979",2,2,0
"E00043980",2,1,1
"E00043981",1,1,0
"E00043982",3,0,3
"E00043983",3,1,2
"E00043984",1,1,0
"E00043985",4,2,2
"E00043986",2,1,1
"E00043987",0,0,0
"E00043988",0,0,0
"E00043989",0,0,0
"E00043990",2,1,1
"E00043991",0,0,0
"E00043992",1,0,1
"E00043993",1,1,0
"E00043994",0,0,0
"E00043995",1,1,0
"E00043996",7,5,2
"E00043997",1,0,1
"E00043998",0,0,0
"E00043999",1,0,1
"E00044000",1,0,1
"E00044001",0,0,0
"E00044002",2,0,2
"E00044003",1,1,0
"E00044004",0,0,0
"E00044005",0,0,0
"E00044007",1,0,1
"E00044008",0,0,0
"E00044009",0,0,0
"E00044010",1,1,0
"E00044011",1,0,1
"E00044013",0,0,0
"E00044014",1,1,0
"E00044015",0,0,0
"E00044016",0,0,0
"E00044017",0,0,0
"E00044018",0,0,0
"E00044019",2,1,1
"E00044020",0,0,0
"E00044021",0,0,0
"E00044022",0,0,0
"E00044023",3,0,3
"E00044024",1,0,1
"E00044025",2,2,0
"E00044026",0,0,0
"E00044027",1,0,1
"E00044028",3,1,2
"E00044029",0,0,0
"E00044030",1,0,1
"E00044031",1,0,1
"E00044032",1,0,1
"E00044033",0,0,0
"E00044034",1,1,0
"E00044035",0,0,0
"E00044036",0,0,0
"E00044037",4,2,2
"E00044038",3,0,3
"E00044039",11,6,5
"E00044040",1,1,0
"E00044041",5,3,2
"E00044042",10,8,2
"E00044043",4,1,3
"E00044044",4,1,3
"E00044045",3,0,3
"E00044046",0,0,0
"E00044047",0,0,0
"E00044048",5,3,2
"E00044049",2,0,2
"E00044050",3,3,0
"E00044051",4,2,2
"E00044052",1,0,1
"E00044053",7,5,2
"E00044054",2,0,2
"E00044055",2,0,2
"E00044056",1,1,0
"E00044057",2,1,1
"E00044058",0,0,0
"E00044059",2,0,2
"E00044060",2,1,1
"E00044061",0,0,0
"E00044062",2,2,0
"E00044063",0,0,0
"E00044064",0,0,0
"E00044065",2,1,1
"E00044066",8,3,5
"E00044067",1,0,1
"E00044068",3,1,2
"E00044069",0,0,0
"E00044070",2,1,1
"E00044071",0,0,0
"E00044072",1,0,1
"E00044073",6,3,3
"E00044074",4,3,1
"E00044075",0,0,0
"E00044076",1,0,1
"E00044077",0,0,0
"E00044078",1,1,0
"E00044079",0,0,0
"E00044080",5,2,3
"E00044081",1,0,1
"E00044082",2,2,0
"E00044083",1,0,1
"E00044084",0,0,0
"E00044085",1,1,0
"E00044086",2,1,1
"E00044087",4,3,1
"E00044088",0,0,0
"E00044089",2,2,0
"E00044090",1,1,0
"E00044091",1,0,1
"E00044092",0,0,0
"E00044093",0,0,0
"E00044094",0,0,0
"E00044095",1,0,1
"E00044096",6,3,3
"E00044097",0,0,0
"E00044098",0,0,0
"E00044099",2,1,1
"E00044100",2,2,0
"E00044101",3,1,2
"E00044102",0,0,0
"E00044103",2,1,1
"E00044104",8,4,4
"E00044105",0,0,0
"E00044106",4,3,1
"E00044107",1,1,0
"E00044108",1,0,1
"E00044109",1,1,0
"E00044110",2,2,0
"E00044111",1,1,0
"E00044112",3,2,1
"E00044113",1,1,0
"E00044114",3,2,1
"E00044115",1,0,1
"E00044116",1,1,0
"E00044117",1,1,0
"E00044118",3,1,2
"E00044119",0,0,0
"E00044120",2,2,0
"E00044121",3,3,0
"E00044122",2,2,0
"E00044123",3,1,2
"E00044124",1,1,0
"E00044125",3,3,0
"E00044126",0,0,0
"E00044127",3,1,2
"E00044128",1,0,1
"E00044129",0,0,0
"E00044130",0,0,0
"E00044131",2,1,1
"E00044132",0,0,0
"E00044133",0,0,0
"E00044134",0,0,0
"E00044135",0,0,0
"E00044136",3,1,2
"E00044137",1,1,0
"E00044138",3,1,2
"E00044139",1,0,1
"E00044140",3,2,1
"E00044141",3,1,2
"E00044142",2,2,0
"E00044143",0,0,0
"E00044144",0,0,0
"E00044145",1,1,0
"E00044146",1,1,0
"E00044147",1,0,1
"E00044148",0,0,0
"E00044149",0,0,0
"E00044150",0,0,0
"E00044151",4,4,0
"E00044152",2,1,1
"E00044153",0,0,0
"E00044154",3,1,2
"E00044155",1,1,0
"E00044156",3,1,2
"E00044157",0,0,0
"E00044158",0,0,0
"E00044159",0,0,0
"E00044160",2,0,2
"E00044161",2,1,1
"E00044162",0,0,0
"E00044163",5,3,2
"E00044164",1,0,1
"E00044165",1,1,0
"E00044166",1,0,1
"E00044167",2,0,2
"E00044168",1,0,1
"E00044169",0,0,0
"E00044170",2,1,1
"E00044171",0,0,0
"E00044172",0,0,0
"E00044173",1,0,1
"E00044174",0,0,0
"E00044175",5,0,5
"E00044176",0,0,0
"E00044177",1,0,1
"E00044178",0,0,0
"E00044179",0,0,0
"E00044180",1,1,0
"E00044181",1,1,0
"E00044182",1,0,1
"E00044183",0,0,0
"E00044184",12,8,4
"E00044185",2,0,2
"E00044187",2,1,1
"E00044188",0,0,0
"E00044189",0,0,0
"E00044190",2,1,1
"E00044191",15,5,10
"E00044193",0,0,0
"E00044194",0,0,0
"E00044195",0,0,0
"E00044196",0,0,0
"E00044197",1,0,1
"E00044198",6,4,2
"E00044199",0,0,0
"E00044200",5,1,4
"E00044201",2,2,0
"E00044202",6,5,1
"E00044203",1,1,0
"E00044204",5,2,3
"E00044205",12,7,5
"E00044206",2,2,0
"E00044207",1,1,0
"E00044208",2,1,1
"E00044209",0,0,0
"E00044210",1,0,1
"E00044211",2,2,0
"E00044212",0,0,0
"E00044213",2,2,0
"E00044214",3,0,3
"E00044216",0,0,0
"E00044217",0,0,0
"E00044218",0,0,0
"E00044219",1,0,1
"E00044220",0,0,0
"E00044221",0,0,0
"E00044222",1,1,0
"E00044224",1,1,0
"E00044226",3,1,2
"E00044227",3,1,2
"E00044228",2,2,0
"E00044230",0,0,0
"E00044231",0,0,0
"E00044232",3,2,1
"E00044233",1,1,0
"E00044234",2,1,1
"E00044235",0,0,0
"E00044236",7,3,4
"E00044237",0,0,0
"E00044238",2,0,2
"E00044239",0,0,0
"E00044240",3,2,1
"E00044241",2,1,1
"E00044242",2,0,2
"E00044243",0,0,0
"E00044244",2,0,2
"E00044245",5,2,3
"E00044246",1,0,1
"E00044247",2,2,0
"E00044248",3,0,3
"E00044249",6,2,4
"E00044250",1,0,1
"E00044251",1,1,0
"E00044252",0,0,0
"E00044253",3,1,2
"E00044254",1,1,0
"E00044256",3,1,2
"E00044257",2,1,1
"E00044259",3,1,2
"E00044260",2,1,1
"E00044261",0,0,0
"E00044262",1,1,0
"E00044263",1,1,0
"E00044264",2,0,2
"E00044265",0,0,0
"E00044266",0,0,0
"E00044267",0,0,0
"E00044268",2,0,2
"E00044269",2,2,0
"E00044270",0,0,0
"E00044271",2,2,0
"E00044272",4,1,3
"E00044273",2,1,1
"E00044275",3,2,1
"E00044276",0,0,0
"E00044278",1,1,0
"E00044279",1,1,0
"E00044281",2,1,1
"E00044283",1,1,0
"E00044284",0,0,0
"E00044285",4,3,1
"E00044286",2,2,0
"E00044287",2,1,1
"E00044288",3,2,1
"E00044289",1,0,1
"E00044290",1,0,1
"E00044291",0,0,0
"E00044292",0,0,0
"E00044293",1,0,1
"E00044294",4,2,2
"E00044295",0,0,0
"E00044296",2,0,2
"E00044297",2,1,1
"E00044298",4,2,2
"E00044299",3,1,2
"E00044300",6,2,4
"E00044301",4,0,4
"E00044302",2,1,1
"E00044303",5,2,3
"E00044304",1,1,0
"E00044305",1,0,1
"E00044306",3,2,1
"E00044307",0,0,0
"E00044308",0,0,0
"E00044309",2,0,2
"E00044310",1,1,0
"E00044311",4,1,3
"E00044312",0,0,0
"E00044313",1,1,0
"E00044314",0,0,0
"E00044315",1,0,1
"E00044316",0,0,0
"E00044317",0,0,0
"E00044318",3,1,2
"E00044319",0,0,0
"E00044320",2,2,0
"E00044321",0,0,0
"E00044322",1,1,0
"E00044323",1,0,1
"E00044324",0,0,0
"E00044325",3,2,1
"E00044327",6,2,4
"E00044328",0,0,0
"E00044329",0,0,0
"E00044330",1,1,0
"E00044331",2,0,2
"E00044332",0,0,0
"E00044333",0,0,0
"E00044336",3,2,1
"E00044337",2,1,1
"E00044338",0,0,0
"E00044339",0,0,0
"E00044340",0,0,0
"E00044341",0,0,0
"E00044342",0,0,0
"E00044343",1,0,1
"E00044344",0,0,0
"E00044345",0,0,0
"E00044346",0,0,0
"E00044347",0,0,0
"E00044348",0,0,0
"E00044349",5,3,2
"E00044350",0,0,0
"E00044351",0,0,0
"E00044352",0,0,0
"E00044353",0,0,0
"E00044354",0,0,0
"E00044355",7,3,4
"E00044356",4,3,1
"E00044357",0,0,0
"E00044358",8,3,5
"E00044359",2,2,0
"E00044360",1,1,0
"E00044361",0,0,0
"E00044362",1,1,0
"E00044363",3,2,1
"E00044364",0,0,0
"E00044365",1,1,0
"E00044366",6,4,2
"E00044367",0,0,0
"E00044368",1,0,1
"E00044369",1,1,0
"E00044370",3,1,2
"E00044371",3,0,3
"E00044372",5,2,3
"E00044373",0,0,0
"E00044374",1,1,0
"E00044375",3,3,0
"E00044376",0,0,0
"E00044377",1,1,0
"E00044378",2,1,1
"E00044379",1,1,0
"E00044381",0,0,0
"E00044382",1,1,0
"E00044383",5,4,1
"E00044384",0,0,0
"E00044385",0,0,0
"E00044386",1,0,1
"E00044387",1,0,1
"E00044388",1,0,1
"E00044389",1,0,1
"E00044390",0,0,0
"E00044391",1,1,0
"E00044392",3,2,1
"E00044393",2,1,1
"E00044394",3,1,2
"E00044395",2,1,1
"E00044396",5,3,2
"E00044397",2,1,1
"E00044398",1,1,0
"E00044399",0,0,0
"E00044400",2,0,2
"E00044401",3,2,1
"E00044402",1,0,1
"E00044403",0,0,0
"E00044404",0,0,0
"E00044405",0,0,0
"E00044406",0,0,0
"E00044407",0,0,0
"E00044408",3,2,1
"E00044409",0,0,0
"E00044410",1,1,0
"E00044411",1,1,0
"E00044412",0,0,0
"E00044413",1,0,1
"E00044414",1,0,1
"E00044415",1,1,0
"E00044416",6,2,4
"E00044417",0,0,0
"E00044418",1,1,0
"E00044419",4,1,3
"E00044420",0,0,0
"E00044421",1,0,1
"E00044422",1,0,1
"E00044423",3,2,1
"E00044424",0,0,0
"E00044425",1,1,0
"E00044426",0,0,0
"E00044427",1,0,1
"E00044428",0,0,0
"E00044429",1,1,0
"E00044430",2,2,0
"E00044431",1,0,1
"E00044432",1,0,1
"E00044433",1,0,1
"E00044434",1,0,1
"E00044435",1,1,0
"E00044437",0,0,0
"E00044438",1,1,0
"E00044439",1,1,0
"E00044440",2,2,0
"E00044441",0,0,0
"E00044442",3,1,2
"E00044443",2,0,2
"E00044444",0,0,0
"E00044445",1,1,0
"E00044446",0,0,0
"E00044447",4,4,0
"E00044448",2,1,1
"E00044449",5,3,2
"E00044451",0,0,0
"E00044452",0,0,0
"E00044454",1,1,0
"E00044455",2,1,1
"E00044457",3,1,2
"E00044458",1,0,1
"E00044460",1,1,0
"E00044461",0,0,0
"E00044462",0,0,0
"E00044463",5,1,4
"E00044464",1,0,1
"E00044465",0,0,0
"E00044466",0,0,0
"E00044467",5,2,3
"E00044468",1,0,1
"E00044469",0,0,0
"E00044470",1,1,0
"E00044471",0,0,0
"E00044472",3,3,0
"E00044473",3,2,1
"E00044474",2,0,2
"E00044475",1,1,0
"E00044476",5,2,3
"E00044477",2,2,0
"E00044478",0,0,0
"E00044479",2,1,1
"E00044480",1,1,0
"E00044481",5,2,3
"E00044482",1,1,0
"E00044483",1,1,0
"E00044484",0,0,0
"E00044485",0,0,0
"E00044486",1,0,1
"E00044487",5,2,3
"E00044488",2,1,1
"E00044489",8,1,7
"E00044490",0,0,0
"E00044491",2,2,0
"E00044492",0,0,0
"E00044493",0,0,0
"E00044494",4,2,2
"E00044495",0,0,0
"E00044496",1,0,1
"E00044497",6,3,3
"E00044498",5,2,3
"E00044499",1,0,1
"E00044500",1,0,1
"E00044501",2,1,1
"E00044502",3,2,1
"E00044505",1,0,1
"E00044508",3,2,1
"E00044509",1,0,1
"E00044510",1,1,0
"E00044511",1,1,0
"E00044512",1,0,1
"E00044513",1,0,1
"E00044514",6,5,1
"E00044515",0,0,0
"E00044516",3,2,1
"E00044517",0,0,0
"E00044518",1,0,1
"E00044519",1,1,0
"E00044520",1,0,1
"E00044521",0,0,0
"E00044522",0,0,0
"E00044523",1,0,1
"E00044524",0,0,0
"E00044525",0,0,0
"E00044526",1,1,0
"E00044527",0,0,0
"E00044528",0,0,0
"E00044529",0,0,0
"E00044530",1,1,0
"E00044531",1,1,0
"E00044532",2,2,0
"E00044533",1,1,0
"E00044534",0,0,0
"E00044535",0,0,0
"E00044536",0,0,0
"E00044537",1,1,0
"E00044538",0,0,0
"E00044539",1,0,1
"E00044540",3,2,1
"E00044541",1,0,1
"E00044542",0,0,0
"E00044543",2,2,0
"E00044544",2,0,2
"E00044545",0,0,0
"E00044546",2,0,2
"E00044547",6,4,2
"E00044548",1,0,1
"E00044549",2,0,2
"E00044550",1,1,0
"E00044551",1,0,1
"E00044552",4,2,2
"E00044553",0,0,0
"E00044554",0,0,0
"E00044555",0,0,0
"E00044556",2,0,2
"E00044557",0,0,0
"E00044558",2,2,0
"E00044559",0,0,0
"E00044560",2,0,2
"E00044561",2,1,1
"E00044562",1,0,1
"E00044563",0,0,0
"E00044564",2,2,0
"E00044565",10,8,2
"E00044566",0,0,0
"E00044567",1,1,0
"E00044568",2,2,0
"E00044569",0,0,0
"E00044570",0,0,0
"E00044571",4,2,2
"E00044572",0,0,0
"E00044573",1,0,1
"E00044574",1,1,0
"E00044575",0,0,0
"E00044576",1,0,1
"E00044577",4,2,2
"E00044578",1,0,1
"E00044579",0,0,0
"E00044580",0,0,0
"E00044581",1,1,0
"E00044582",3,1,2
"E00044583",2,1,1
"E00044584",2,1,1
"E00044585",0,0,0
"E00044586",4,1,3
"E00044587",2,0,2
"E00044588",1,1,0
"E00044589",0,0,0
"E00044590",1,1,0
"E00044591",0,0,0
"E00044592",1,0,1
"E00044593",2,1,1
"E00044594",0,0,0
"E00044595",0,0,0
"E00044596",5,3,2
"E00044597",4,0,4
"E00044598",2,1,1
"E00044599",4,2,2
"E00044600",7,1,6
"E00044601",2,2,0
"E00044602",1,1,0
"E00044603",1,1,0
"E00044604",1,1,0
"E00044605",2,1,1
"E00044606",7,5,2
"E00044607",0,0,0
"E00044608",1,0,1
"E00044609",6,3,3
"E00044610",6,3,3
"E00044611",2,0,2
"E00044612",3,1,2
"E00044613",1,0,1
"E00044614",3,2,1
"E00044615",0,0,0
"E00044616",2,1,1
"E00044617",0,0,0
"E00044618",2,1,1
"E00044619",1,1,0
"E00044620",2,2,0
"E00044621",0,0,0
"E00044622",1,1,0
"E00044623",1,0,1
"E00044624",0,0,0
"E00044625",0,0,0
"E00044626",0,0,0
"E00044627",2,0,2
"E00044628",2,2,0
"E00044629",0,0,0
"E00044630",2,0,2
"E00044631",3,1,2
"E00044632",4,0,4
"E00044633",1,0,1
"E00044634",6,2,4
"E00044635",1,1,0
"E00044636",0,0,0
"E00044637",0,0,0
"E00044638",0,0,0
"E00044639",0,0,0
"E00044640",0,0,0
"E00044641",2,1,1
"E00044642",1,1,0
"E00044644",3,1,2
"E00044645",3,1,2
"E00044646",1,1,0
"E00044647",7,5,2
"E00044648",0,0,0
"E00044649",0,0,0
"E00044650",3,2,1
"E00044651",5,1,4
"E00044652",0,0,0
"E00044653",1,0,1
"E00044655",1,0,1
"E00044656",2,0,2
"E00044657",3,2,1
"E00044658",0,0,0
"E00044659",0,0,0
"E00044660",0,0,0
"E00044661",1,1,0
"E00044662",0,0,0
"E00044663",4,2,2
"E00044664",2,0,2
"E00044665",0,0,0
"E00044666",1,1,0
"E00044668",3,1,2
"E00044669",0,0,0
"E00044670",1,0,1
"E00044671",0,0,0
"E00044672",3,0,3
"E00044673",3,3,0
"E00044674",0,0,0
"E00044675",0,0,0
"E00044676",0,0,0
"E00044677",2,1,1
"E00044679",3,1,2
"E00044680",2,1,1
"E00044682",2,0,2
"E00044683",5,2,3
"E00044684",8,4,4
"E00044685",0,0,0
"E00044686",2,1,1
"E00044687",1,0,1
"E00044688",2,0,2
"E00044689",1,0,1
"E00044690",0,0,0
"E00044691",1,0,1
"E00044692",1,0,1
"E00044693",4,1,3
"E00044695",1,0,1
"E00044696",4,2,2
"E00044697",0,0,0
"E00044698",1,0,1
"E00044699",1,0,1
"E00044700",1,0,1
"E00044701",2,0,2
"E00044702",0,0,0
"E00044703",1,0,1
"E00044704",0,0,0
"E00044705",1,1,0
"E00044706",2,0,2
"E00044707",1,0,1
"E00044708",2,0,2
"E00044709",1,0,1
"E00044710",0,0,0
"E00044711",0,0,0
"E00044712",2,0,2
"E00044713",0,0,0
"E00044714",0,0,0
"E00044715",0,0,0
"E00044716",1,1,0
"E00044717",0,0,0
"E00044718",2,0,2
"E00044720",3,2,1
"E00044721",4,2,2
"E00044724",2,0,2
"E00044725",4,2,2
"E00044726",6,2,4
"E00044728",1,1,0
"E00044730",4,2,2
"E00044731",1,0,1
"E00044732",3,1,2
"E00044733",1,0,1
"E00044734",0,0,0
"E00044735",1,1,0
"E00044737",0,0,0
"E00044738",0,0,0
"E00044739",0,0,0
"E00044740",0,0,0
"E00044741",0,0,0
"E00044743",0,0,0
"E00044744",0,0,0
"E00044745",2,2,0
"E00044746",1,0,1
"E00044748",1,1,0
"E00044749",0,0,0
"E00044750",1,0,1
"E00044751",0,0,0
"E00044752",0,0,0
"E00044753",4,1,3
"E00044754",1,0,1
"E00044755",1,1,0
"E00044756",3,1,2
"E00044757",2,1,1
"E00044759",2,1,1
"E00044760",0,0,0
"E00044761",2,2,0
"E00044762",1,1,0
"E00044763",0,0,0
"E00044764",1,1,0
"E00044765",1,0,1
"E00044766",1,1,0
"E00044767",1,0,1
"E00044768",0,0,0
"E00044769",2,1,1
"E00044770",2,0,2
"E00044771",3,2,1
"E00044772",0,0,0
"E00044773",0,0,0
"E00044774",2,0,2
"E00044775",0,0,0
"E00044776",1,1,0
"E00044777",1,1,0
"E00044778",0,0,0
"E00044779",1,1,0
"E00044780",0,0,0
"E00044781",3,0,3
"E00044782",0,0,0
"E00044783",0,0,0
"E00044784",2,2,0
"E00044785",0,0,0
"E00044786",1,1,0
"E00044787",1,0,1
"E00044788",1,0,1
"E00044789",0,0,0
"E00044790",1,1,0
"E00044791",0,0,0
"E00044792",0,0,0
"E00044793",0,0,0
"E00044794",1,0,1
"E00044795",0,0,0
"E00044796",0,0,0
"E00044797",0,0,0
"E00044798",0,0,0
"E00044799",0,0,0
"E00044800",1,1,0
"E00044801",0,0,0
"E00044802",1,0,1
"E00044803",2,2,0
"E00044804",0,0,0
"E00044805",0,0,0
"E00044806",1,1,0
"E00044807",0,0,0
"E00044808",0,0,0
"E00044809",0,0,0
"E00044810",1,1,0
"E00044811",0,0,0
"E00044812",2,1,1
"E00044813",3,1,2
"E00044814",1,1,0
"E00044815",1,1,0
"E00044816",2,1,1
"E00044817",1,0,1
"E00044818",0,0,0
"E00044819",1,0,1
"E00044820",1,1,0
"E00044821",2,2,0
"E00044822",0,0,0
"E00044823",0,0,0
"E00044824",1,0,1
"E00044825",1,0,1
"E00044826",1,0,1
"E00044827",1,1,0
"E00044828",0,0,0
"E00044829",2,1,1
"E00044830",1,1,0
"E00044831",0,0,0
"E00044832",3,1,2
"E00044833",8,5,3
"E00044835",0,0,0
"E00044836",0,0,0
"E00044837",0,0,0
"E00044838",5,2,3
"E00044839",3,2,1
"E00044841",4,3,1
"E00044842",4,3,1
"E00044843",3,3,0
"E00044844",11,7,4
"E00044845",0,0,0
"E00044846",0,0,0
"E00044847",1,1,0
"E00044848",0,0,0
"E00044849",6,2,4
"E00044850",2,0,2
"E00044851",1,1,0
"E00044852",1,1,0
"E00044853",3,0,3
"E00044854",3,2,1
"E00044855",1,0,1
"E00044856",13,10,3
"E00044857",2,2,0
"E00044858",8,3,5
"E00044859",1,1,0
"E00044860",4,0,4
"E00044861",4,2,2
"E00044862",7,2,5
"E00044863",3,1,2
"E00044864",4,2,2
"E00044865",2,1,1
"E00044866",0,0,0
"E00044867",0,0,0
"E00044868",0,0,0
"E00044869",1,1,0
"E00044870",0,0,0
"E00044871",2,2,0
"E00044872",3,0,3
"E00044873",0,0,0
"E00044874",1,1,0
"E00044875",2,1,1
"E00044876",0,0,0
"E00044877",3,0,3
"E00044878",1,0,1
"E00044879",0,0,0
"E00044880",1,0,1
"E00044881",0,0,0
"E00044882",2,1,1
"E00044883",0,0,0
"E00044884",1,1,0
"E00044885",0,0,0
"E00044886",1,1,0
"E00044887",1,0,1
"E00044888",0,0,0
"E00044889",0,0,0
"E00044890",2,1,1
"E00044891",0,0,0
"E00044892",2,1,1
"E00044893",1,1,0
"E00044894",0,0,0
"E00044895",0,0,0
"E00044896",0,0,0
"E00044897",1,0,1
"E00044898",3,1,2
"E00044899",1,0,1
"E00044900",1,1,0
"E00044901",2,1,1
"E00044902",0,0,0
"E00044903",2,0,2
"E00044904",3,0,3
"E00044905",7,2,5
"E00044906",5,2,3
"E00044907",2,1,1
"E00044908",1,0,1
"E00044909",0,0,0
"E00044910",1,1,0
"E00044911",3,1,2
"E00044912",1,1,0
"E00044913",1,1,0
"E00044914",2,1,1
"E00044915",0,0,0
"E00044916",1,1,0
"E00044917",0,0,0
"E00044918",3,1,2
"E00044919",5,2,3
"E00044920",0,0,0
"E00044921",1,0,1
"E00044922",1,0,1
"E00044923",0,0,0
"E00044925",2,1,1
"E00044926",0,0,0
"E00044927",2,1,1
"E00044928",0,0,0
"E00044929",2,2,0
"E00044930",3,1,2
"E00044931",1,1,0
"E00044932",0,0,0
"E00044933",4,0,4
"E00044934",0,0,0
"E00044935",2,1,1
"E00044936",0,0,0
"E00044937",1,0,1
"E00044938",0,0,0
"E00044939",1,0,1
"E00044940",1,1,0
"E00044941",3,0,3
"E00044942",3,1,2
"E00044943",1,0,1
"E00044944",0,0,0
"E00044945",0,0,0
"E00044946",2,1,1
"E00044947",2,1,1
"E00044948",0,0,0
"E00044949",3,1,2
"E00044950",5,3,2
"E00044951",5,2,3
"E00044952",0,0,0
"E00044953",6,4,2
"E00044954",2,0,2
"E00044955",2,1,1
"E00044956",0,0,0
"E00044957",2,1,1
"E00044958",0,0,0
"E00044959",0,0,0
"E00044960",0,0,0
"E00044961",0,0,0
"E00044962",0,0,0
"E00044963",1,0,1
"E00044964",0,0,0
"E00044965",3,1,2
"E00044966",0,0,0
"E00044967",4,2,2
"E00044968",0,0,0
"E00044969",0,0,0
"E00044970",1,1,0
"E00044971",0,0,0
"E00044972",1,1,0
"E00044973",1,0,1
"E00044974",2,1,1
"E00044975",2,2,0
"E00044976",0,0,0
"E00044977",1,0,1
"E00044978",2,0,2
"E00044979",0,0,0
"E00044980",1,0,1
"E00044981",1,0,1
"E00044982",2,2,0
"E00044983",3,1,2
"E00044984",0,0,0
"E00044985",1,0,1
"E00044986",0,0,0
"E00044987",0,0,0
"E00044988",0,0,0
"E00044989",1,0,1
"E00044990",4,0,4
"E00044991",2,1,1
"E00044992",2,0,2
"E00044993",0,0,0
"E00044994",6,1,5
"E00044995",2,2,0
"E00044996",1,1,0
"E00044997",1,0,1
"E00044998",0,0,0
"E00044999",0,0,0
"E00045000",1,0,1
"E00045001",0,0,0
"E00045002",4,2,2
"E00045003",1,0,1
"E00045004",2,1,1
"E00045005",0,0,0
"E00045006",3,1,2
"E00045007",6,1,5
"E00045008",1,1,0
"E00045009",4,2,2
"E00045010",5,5,0
"E00045011",5,3,2
"E00045012",0,0,0
"E00045013",2,0,2
"E00045014",2,0,2
"E00045015",1,0,1
"E00045016",9,4,5
"E00045017",3,2,1
"E00045018",4,3,1
"E00045019",1,1,0
"E00045020",3,1,2
"E00045021",7,4,3
"E00045022",1,1,0
"E00045023",1,1,0
"E00045024",4,2,2
"E00045025",3,0,3
"E00045026",2,2,0
"E00045027",0,0,0
"E00045028",1,1,0
"E00045029",2,0,2
"E00045030",1,1,0
"E00045031",0,0,0
"E00045032",14,5,9
"E00045033",2,2,0
"E00045034",0,0,0
"E00045035",4,2,2
"E00045036",5,3,2
"E00045037",5,2,3
"E00045038",14,6,8
"E00045039",5,2,3
"E00045040",4,3,1
"E00045041",7,3,4
"E00045042",0,0,0
"E00045043",0,0,0
"E00045044",1,1,0
"E00045045",3,1,2
"E00045046",1,1,0
"E00045047",1,1,0
"E00045048",2,0,2
"E00045049",3,2,1
"E00045050",3,2,1
"E00045051",1,0,1
"E00045052",0,0,0
"E00045053",1,0,1
"E00045054",2,1,1
"E00045055",0,0,0
"E00045056",1,0,1
"E00045057",1,1,0
"E00045058",1,0,1
"E00045059",1,0,1
"E00045060",0,0,0
"E00045061",1,1,0
"E00045062",1,1,0
"E00045063",3,1,2
"E00045064",0,0,0
"E00045065",2,2,0
"E00045066",2,2,0
"E00045067",3,1,2
"E00045068",3,2,1
"E00045070",0,0,0
"E00045071",2,1,1
"E00045072",0,0,0
"E00045073",5,1,4
"E00045074",3,3,0
"E00045075",1,0,1
"E00045076",1,1,0
"E00045077",0,0,0
"E00045078",4,2,2
"E00045079",0,0,0
"E00045080",4,1,3
"E00045081",2,1,1
"E00045082",1,0,1
"E00045083",3,1,2
"E00045084",2,2,0
"E00045085",0,0,0
"E00045086",4,4,0
"E00045087",0,0,0
"E00045088",1,1,0
"E00045090",4,2,2
"E00045091",4,1,3
"E00045092",6,2,4
"E00045093",6,3,3
"E00045094",1,1,0
"E00045095",4,4,0
"E00045096",1,0,1
"E00045097",5,4,1
"E00045098",0,0,0
"E00045099",4,2,2
"E00045100",0,0,0
"E00045101",1,1,0
"E00045102",4,1,3
"E00045103",3,2,1
"E00045104",0,0,0
"E00045105",0,0,0
"E00045106",1,1,0
"E00045107",0,0,0
"E00045108",0,0,0
"E00045109",2,1,1
"E00045110",2,1,1
"E00045111",0,0,0
"E00045112",3,3,0
"E00045113",1,0,1
"E00045114",0,0,0
"E00045115",1,1,0
"E00045116",3,1,2
"E00045117",0,0,0
"E00045118",4,3,1
"E00045119",0,0,0
"E00045120",1,0,1
"E00045121",0,0,0
"E00045122",1,1,0
"E00045123",2,1,1
"E00045124",1,1,0
"E00045125",0,0,0
"E00045126",2,2,0
"E00045127",2,1,1
"E00045128",4,2,2
"E00045129",1,1,0
"E00045130",7,5,2
"E00045131",2,2,0
"E00045132",1,0,1
"E00045133",0,0,0
"E00045134",0,0,0
"E00045135",1,1,0
"E00045136",1,1,0
"E00045137",4,2,2
"E00045138",6,1,5
"E00045139",1,1,0
"E00045140",1,1,0
"E00045141",1,1,0
"E00045142",3,3,0
"E00045143",3,2,1
"E00045144",1,1,0
"E00045145",3,2,1
"E00045146",4,3,1
"E00045147",0,0,0
"E00045148",4,4,0
"E00045149",1,0,1
"E00045150",3,3,0
"E00045151",0,0,0
"E00045152",4,3,1
"E00045153",1,1,0
"E00045154",2,1,1
"E00045155",6,1,5
"E00045156",0,0,0
"E00045157",0,0,0
"E00045158",1,0,1
"E00045159",0,0,0
"E00045160",4,3,1
"E00045161",4,1,3
"E00045162",3,1,2
"E00045163",6,2,4
"E00045164",1,0,1
"E00045165",1,0,1
"E00045166",0,0,0
"E00045167",2,1,1
"E00045168",0,0,0
"E00045169",3,0,3
"E00045170",4,3,1
"E00045171",3,1,2
"E00045172",0,0,0
"E00045173",4,1,3
"E00045174",4,1,3
"E00045175",8,3,5
"E00045176",2,2,0
"E00045177",4,3,1
"E00045178",5,3,2
"E00045179",2,0,2
"E00045180",0,0,0
"E00045181",3,2,1
"E00045182",0,0,0
"E00045183",5,3,2
"E00045184",1,0,1
"E00045186",2,1,1
"E00045187",1,0,1
"E00045188",5,2,3
"E00045189",1,1,0
"E00045190",13,8,5
"E00045191",9,7,2
"E00045192",0,0,0
"E00045193",6,3,3
"E00045194",2,2,0
"E00045195",2,1,1
"E00045196",0,0,0
"E00045197",8,4,4
"E00045198",0,0,0
"E00045199",9,5,4
"E00045200",4,2,2
"E00045201",1,1,0
"E00045202",1,1,0
"E00045203",1,0,1
"E00045204",0,0,0
"E00045205",1,1,0
"E00045206",3,1,2
"E00045207",1,0,1
"E00045208",5,4,1
"E00045210",2,2,0
"E00045212",2,2,0
"E00045213",3,1,2
"E00045214",1,1,0
"E00045215",2,1,1
"E00045216",4,2,2
"E00045217",0,0,0
"E00045218",1,0,1
"E00045219",3,1,2
"E00045220",1,1,0
"E00045221",0,0,0
"E00045222",1,1,0
"E00045223",1,1,0
"E00045224",0,0,0
"E00045225",0,0,0
"E00045226",0,0,0
"E00045227",1,0,1
"E00045228",0,0,0
"E00045231",3,2,1
"E00045232",0,0,0
"E00045233",0,0,0
"E00045234",4,3,1
"E00045235",6,4,2
"E00045236",2,2,0
"E00045237",4,1,3
"E00045238",2,2,0
"E00045239",0,0,0
"E00045240",2,0,2
"E00045241",1,0,1
"E00045242",1,1,0
"E00045243",0,0,0
"E00045244",4,3,1
"E00045245",0,0,0
"E00045246",7,4,3
"E00045247",2,0,2
"E00045249",0,0,0
"E00045250",1,0,1
"E00045251",1,0,1
"E00045252",1,1,0
"E00045253",5,1,4
"E00045254",1,1,0
"E00045255",2,2,0
"E00045256",0,0,0
"E00045257",2,2,0
"E00045258",1,0,1
"E00045259",1,1,0
"E00045260",3,0,3
"E00045261",0,0,0
"E00045262",2,1,1
"E00045263",0,0,0
"E00045264",1,0,1
"E00045265",1,0,1
"E00045266",0,0,0
"E00045267",1,0,1
"E00045269",3,2,1
"E00045271",1,0,1
"E00045272",0,0,0
"E00045273",1,1,0
"E00045274",1,0,1
"E00045275",3,2,1
"E00045276",0,0,0
"E00045277",0,0,0
"E00045278",9,4,5
"E00045279",2,1,1
"E00045280",0,0,0
"E00045281",0,0,0
"E00045282",5,3,2
"E00045283",0,0,0
"E00045284",1,1,0
"E00045285",1,1,0
"E00045286",0,0,0
"E00045287",0,0,0
"E00045288",3,2,1
"E00045289",0,0,0
"E00045290",3,1,2
"E00045292",2,2,0
"E00045293",1,0,1
"E00045294",1,1,0
"E00045295",1,1,0
"E00045296",4,2,2
"E00045297",7,5,2
"E00045298",3,1,2
"E00045299",4,1,3
"E00045300",1,0,1
"E00045301",1,0,1
"E00045302",1,0,1
"E00045303",0,0,0
"E00045304",1,1,0
"E00045305",1,0,1
"E00045306",2,2,0
"E00045307",1,1,0
"E00045308",0,0,0
"E00045309",3,2,1
"E00045310",3,1,2
"E00045311",2,1,1
"E00045312",7,3,4
"E00045313",2,1,1
"E00045315",0,0,0
"E00045317",13,4,9
"E00045318",1,0,1
"E00045320",1,1,0
"E00045321",1,1,0
"E00045322",1,0,1
"E00045323",0,0,0
"E00045324",0,0,0
"E00045325",1,1,0
"E00045326",6,3,3
"E00045327",7,4,3
"E00045328",7,3,4
"E00045329",0,0,0
"E00045330",3,1,2
"E00045331",0,0,0
"E00045332",0,0,0
"E00045333",0,0,0
"E00045334",2,1,1
"E00045335",0,0,0
"E00045336",1,0,1
"E00045337",4,1,3
"E00045338",0,0,0
"E00045339",0,0,0
"E00045340",0,0,0
"E00045341",0,0,0
"E00045342",2,1,1
"E00045343",1,0,1
"E00045344",1,0,1
"E00045345",1,1,0
"E00045346",1,0,1
"E00045347",0,0,0
"E00045348",1,0,1
"E00045349",1,0,1
"E00045350",0,0,0
"E00045351",1,1,0
"E00045352",0,0,0
"E00045353",2,1,1
"E00045354",1,1,0
"E00045355",5,1,4
"E00045356",3,2,1
"E00045357",0,0,0
"E00045358",1,0,1
"E00045359",3,2,1
"E00045360",1,1,0
"E00045361",1,1,0
"E00045362",1,1,0
"E00045363",3,1,2
"E00045364",1,0,1
"E00045365",0,0,0
"E00045366",0,0,0
"E00045367",0,0,0
"E00045368",2,0,2
"E00045369",4,2,2
"E00045370",3,2,1
"E00045371",1,1,0
"E00045372",0,0,0
"E00045373",5,1,4
"E00045374",2,0,2
"E00045375",4,3,1
"E00045376",2,1,1
"E00045377",2,1,1
"E00045378",0,0,0
"E00045379",2,2,0
"E00045380",4,1,3
"E00045381",1,0,1
"E00045382",5,1,4
"E00045383",0,0,0
"E00045384",7,2,5
"E00045385",2,1,1
"E00045386",9,4,5
"E00045387",9,4,5
"E00045388",2,2,0
"E00045389",0,0,0
"E00045390",4,1,3
"E00045391",8,5,3
"E00045392",2,0,2
"E00045393",1,0,1
"E00045394",1,0,1
"E00045395",2,1,1
"E00045396",1,1,0
"E00045397",2,2,0
"E00045398",3,2,1
"E00045399",2,1,1
"E00045400",3,1,2
"E00045401",0,0,0
"E00045402",0,0,0
"E00045403",0,0,0
"E00045404",1,1,0
"E00045405",1,0,1
"E00045406",1,0,1
"E00045407",2,1,1
"E00045408",1,1,0
"E00045409",2,0,2
"E00045410",3,1,2
"E00045411",2,1,1
"E00045412",1,0,1
"E00045413",1,0,1
"E00045414",0,0,0
"E00045415",1,0,1
"E00045416",1,0,1
"E00045417",3,1,2
"E00045418",6,2,4
"E00045419",0,0,0
"E00045420",5,2,3
"E00045421",5,2,3
"E00045422",9,5,4
"E00045423",5,1,4
"E00045424",7,4,3
"E00045425",7,3,4
"E00045426",0,0,0
"E00045427",2,1,1
"E00045428",4,0,4
"E00045429",3,2,1
"E00045430",1,0,1
"E00045431",4,0,4
"E00045432",4,2,2
"E00045433",9,5,4
"E00045434",1,0,1
"E00045435",1,1,0
"E00045436",3,1,2
"E00045437",2,0,2
"E00045438",2,1,1
"E00045439",3,3,0
"E00045440",2,1,1
"E00045441",3,1,2
"E00045442",9,5,4
"E00045443",1,1,0
"E00045444",7,2,5
"E00045445",5,4,1
"E00045446",3,3,0
"E00045447",1,1,0
"E00045448",2,0,2
"E00045449",4,2,2
"E00045450",3,1,2
"E00045451",11,6,5
"E00045452",0,0,0
"E00045453",4,2,2
"E00045454",4,3,1
"E00045455",0,0,0
"E00045456",0,0,0
"E00045457",1,0,1
"E00045458",6,4,2
"E00045459",5,3,2
"E00045460",1,1,0
"E00045461",0,0,0
"E00045462",5,3,2
"E00045463",0,0,0
"E00045464",2,1,1
"E00045465",8,3,5
"E00045466",2,2,0
"E00045467",1,1,0
"E00045468",0,0,0
"E00045469",1,0,1
"E00045470",3,1,2
"E00045471",5,2,3
"E00045472",4,1,3
"E00045473",2,1,1
"E00045474",3,2,1
"E00045475",3,1,2
"E00045476",1,0,1
"E00045477",2,1,1
"E00045478",0,0,0
"E00045479",2,1,1
"E00045480",2,0,2
"E00045481",6,5,1
"E00045482",5,3,2
"E00045483",3,2,1
"E00045484",3,1,2
"E00045485",0,0,0
"E00045486",2,1,1
"E00045487",0,0,0
"E00045488",3,2,1
"E00045489",0,0,0
"E00045490",5,3,2
"E00045491",0,0,0
"E00045492",1,0,1
"E00045493",8,3,5
"E00045494",3,2,1
"E00045495",3,3,0
"E00045496",2,0,2
"E00045497",8,4,4
"E00045498",8,4,4
"E00045499",2,1,1
"E00045500",0,0,0
"E00045501",3,2,1
"E00045502",1,1,0
"E00045503",1,0,1
"E00045504",0,0,0
"E00045505",2,0,2
"E00045506",9,4,5
"E00045507",3,1,2
"E00045508",0,0,0
"E00045509",3,2,1
"E00045510",1,1,0
"E00045511",0,0,0
"E00045512",0,0,0
"E00045513",1,0,1
"E00045514",2,0,2
"E00045515",1,0,1
"E00045516",2,0,2
"E00045517",0,0,0
"E00045518",1,1,0
"E00045519",0,0,0
"E00045520",9,5,4
"E00045521",5,2,3
"E00045522",5,3,2
"E00045523",6,3,3
"E00045524",5,3,2
"E00045525",1,0,1
"E00045526",2,0,2
"E00045527",3,1,2
"E00045528",6,4,2
"E00045529",10,6,4
"E00045530",7,4,3
"E00045531",6,5,1
"E00045532",7,3,4
"E00045533",0,0,0
"E00045534",3,1,2
"E00045535",6,2,4
"E00045536",4,2,2
"E00045537",9,5,4
"E00045538",1,0,1
"E00045539",2,1,1
"E00045540",0,0,0
"E00045541",3,2,1
"E00045542",0,0,0
"E00045543",2,1,1
"E00045544",3,1,2
"E00045545",5,3,2
"E00045546",1,0,1
"E00045547",2,2,0
"E00045548",4,1,3
"E00045549",5,3,2
"E00045550",0,0,0
"E00045551",4,1,3
"E00045552",8,2,6
"E00045553",2,1,1
"E00045554",1,1,0
"E00045555",11,4,7
"E00045556",2,1,1
"E00045557",0,0,0
"E00045558",0,0,0
"E00045559",2,2,0
"E00045560",0,0,0
"E00045561",11,2,9
"E00045562",1,1,0
"E00045563",1,1,0
"E00045564",2,1,1
"E00045566",1,0,1
"E00045568",1,1,0
"E00045569",2,2,0
"E00045570",7,5,2
"E00045571",2,1,1
"E00045572",4,3,1
"E00045573",2,2,0
"E00045574",1,0,1
"E00045575",1,1,0
"E00045576",1,0,1
"E00045577",1,1,0
"E00045578",1,1,0
"E00045579",1,0,1
"E00045580",3,0,3
"E00045581",0,0,0
"E00045582",1,1,0
"E00045583",1,0,1
"E00045584",3,3,0
"E00045585",13,7,6
"E00045586",0,0,0
"E00045587",21,8,13
"E00045588",4,3,1
"E00045589",7,1,6
"E00045590",5,4,1
"E00045592",6,4,2
"E00045593",1,0,1
"E00045594",2,0,2
"E00045595",3,0,3
"E00045596",1,0,1
"E00045597",7,4,3
"E00045598",0,0,0
"E00045599",2,2,0
"E00045600",6,2,4
"E00045601",5,2,3
"E00045602",4,2,2
"E00045603",1,1,0
"E00045604",3,0,3
"E00045605",0,0,0
"E00045606",0,0,0
"E00045607",4,2,2
"E00045608",1,0,1
"E00045609",16,9,7
"E00045610",0,0,0
"E00045611",2,0,2
"E00045612",5,3,2
"E00045613",3,3,0
"E00045614",8,4,4
"E00045615",7,2,5
"E00045616",7,1,6
"E00045618",1,1,0
"E00045620",12,4,8
"E00045621",4,1,3
"E00045622",7,5,2
"E00045623",0,0,0
"E00045624",3,1,2
"E00045625",0,0,0
"E00045627",22,13,9
"E00045628",3,1,2
"E00045629",5,2,3
"E00045630",6,4,2
"E00045631",5,2,3
"E00045632",4,2,2
"E00045633",1,1,0
"E00045635",3,3,0
"E00045636",12,6,6
"E00045637",16,9,7
"E00045638",1,0,1
"E00045639",3,1,2
"E00045640",0,0,0
"E00045641",6,2,4
"E00045643",4,1,3
"E00045644",1,1,0
"E00045645",8,3,5
"E00045646",7,4,3
"E00045647",2,0,2
"E00045648",11,6,5
"E00045649",9,4,5
"E00045651",6,3,3
"E00045652",4,0,4
"E00045653",0,0,0
"E00045654",0,0,0
"E00045655",2,1,1
"E00045656",2,1,1
"E00045658",0,0,0
"E00045659",2,2,0
"E00045660",1,0,1
"E00045661",5,1,4
"E00045662",0,0,0
"E00045663",5,2,3
"E00045664",1,1,0
"E00045665",3,0,3
"E00045666",1,1,0
"E00045667",1,0,1
"E00045668",4,1,3
"E00045669",0,0,0
"E00045670",2,1,1
"E00045671",3,3,0
"E00045672",4,0,4
"E00045673",1,1,0
"E00045674",4,2,2
"E00045675",3,1,2
"E00045676",7,2,5
"E00045677",7,5,2
"E00045678",1,1,0
"E00045679",1,0,1
"E00045680",0,0,0
"E00045681",4,1,3
"E00045682",2,2,0
"E00045683",0,0,0
"E00045684",0,0,0
"E00045685",4,4,0
"E00045686",1,1,0
"E00045687",1,1,0
"E00045688",3,2,1
"E00045689",1,0,1
"E00045690",3,0,3
"E00045691",4,2,2
"E00045692",4,4,0
"E00045693",1,0,1
"E00045694",4,3,1
"E00045695",2,0,2
"E00045696",1,1,0
"E00045697",0,0,0
"E00045698",6,3,3
"E00045699",2,2,0
"E00045700",1,1,0
"E00045701",7,4,3
"E00045702",1,1,0
"E00045703",2,1,1
"E00045704",2,1,1
"E00045705",4,4,0
"E00045706",4,4,0
"E00045707",4,3,1
"E00045708",2,2,0
"E00045709",0,0,0
"E00045710",6,4,2
"E00045711",3,1,2
"E00045712",2,0,2
"E00045713",7,4,3
"E00045714",0,0,0
"E00045715",2,1,1
"E00045716",0,0,0
"E00045717",1,0,1
"E00045718",2,2,0
"E00045719",2,1,1
"E00045720",3,1,2
"E00045721",1,1,0
"E00045722",5,2,3
"E00045724",6,4,2
"E00045726",0,0,0
"E00045727",0,0,0
"E00045728",0,0,0
"E00045729",2,2,0
"E00045730",0,0,0
"E00045731",3,2,1
"E00045732",4,1,3
"E00045734",0,0,0
"E00045735",0,0,0
"E00045736",1,0,1
"E00045737",2,0,2
"E00045739",0,0,0
"E00045740",8,4,4
"E00045741",0,0,0
"E00045742",4,2,2
"E00045743",4,3,1
"E00045744",0,0,0
"E00045745",0,0,0
"E00045746",4,2,2
"E00045747",5,4,1
"E00045748",1,0,1
"E00045749",3,2,1
"E00045750",5,1,4
"E00045751",0,0,0
"E00045752",1,0,1
"E00045753",0,0,0
"E00045754",1,0,1
"E00045755",1,0,1
"E00045756",0,0,0
"E00045757",1,0,1
"E00045758",6,3,3
"E00045759",13,6,7
"E00045760",2,0,2
"E00045761",1,0,1
"E00045762",4,3,1
"E00045763",1,1,0
"E00045764",1,1,0
"E00045765",1,0,1
"E00045766",0,0,0
"E00045767",0,0,0
"E00045768",2,1,1
"E00045769",2,1,1
"E00045770",2,0,2
"E00045771",1,1,0
"E00045772",1,1,0
"E00045773",2,0,2
"E00045774",1,1,0
"E00045775",2,0,2
"E00045776",2,2,0
"E00045777",0,0,0
"E00045778",0,0,0
"E00045779",2,1,1
"E00045780",2,0,2
"E00045781",2,1,1
"E00045782",6,3,3
"E00045783",0,0,0
"E00045784",2,2,0
"E00045785",3,2,1
"E00045786",1,0,1
"E00045787",7,4,3
"E00045788",2,1,1
"E00045789",1,1,0
"E00045790",7,1,6
"E00045791",2,1,1
"E00045792",3,2,1
"E00045793",0,0,0
"E00045794",0,0,0
"E00045795",1,0,1
"E00045796",0,0,0
"E00045797",1,0,1
"E00045798",2,2,0
"E00045799",3,2,1
"E00045800",4,3,1
"E00045801",2,0,2
"E00045802",4,3,1
"E00045803",5,1,4
"E00045804",3,3,0
"E00045805",3,2,1
"E00045806",1,0,1
"E00045807",5,3,2
"E00045808",0,0,0
"E00045809",2,1,1
"E00045810",4,2,2
"E00045811",0,0,0
"E00045812",1,1,0
"E00045813",0,0,0
"E00045814",0,0,0
"E00045815",3,2,1
"E00045816",1,0,1
"E00045817",1,0,1
"E00045818",9,1,8
"E00045819",6,4,2
"E00045820",8,3,5
"E00045821",6,3,3
"E00045822",6,1,5
"E00045823",2,1,1
"E00045825",4,2,2
"E00045826",3,2,1
"E00045827",6,4,2
"E00045828",6,4,2
"E00045829",2,1,1
"E00045830",1,1,0
"E00045831",7,2,5
"E00045832",6,2,4
"E00045833",1,0,1
"E00045834",0,0,0
"E00045835",5,2,3
"E00045836",6,2,4
"E00045837",4,1,3
"E00045838",1,1,0
"E00045839",1,1,0
"E00045840",6,4,2
"E00045841",3,1,2
"E00045842",2,1,1
"E00045843",5,4,1
"E00045844",11,3,8
"E00045845",5,4,1
"E00045846",5,1,4
"E00045847",0,0,0
"E00045848",2,1,1
"E00045849",4,2,2
"E00045850",4,1,3
"E00045851",3,2,1
"E00045852",15,10,5
"E00045853",0,0,0
"E00045854",1,1,0
"E00045855",10,6,4
"E00045856",3,1,2
"E00045857",3,1,2
"E00045858",1,0,1
"E00045859",12,6,6
"E00045860",6,3,3
"E00045861",7,3,4
"E00045862",8,3,5
"E00045863",4,3,1
"E00045864",6,3,3
"E00045865",6,1,5
"E00045866",2,1,1
"E00045867",0,0,0
"E00045868",13,10,3
"E00045869",10,8,2
"E00045870",1,1,0
"E00045871",5,1,4
"E00045872",11,5,6
"E00045873",1,1,0
"E00045874",2,0,2
"E00045875",3,2,1
"E00045876",2,0,2
"E00045877",1,1,0
"E00045878",7,4,3
"E00045879",1,1,0
"E00045880",2,1,1
"E00045881",8,6,2
"E00045882",7,2,5
"E00045883",2,2,0
"E00045884",1,0,1
"E00045885",6,3,3
"E00045886",0,0,0
"E00045887",9,2,7
"E00045888",4,2,2
"E00045889",4,3,1
"E00045890",10,5,5
"E00045891",7,3,4
"E00045892",4,1,3
"E00045893",5,5,0
"E00045894",2,2,0
"E00045895",2,2,0
"E00045896",2,0,2
"E00045897",6,3,3
"E00045898",5,3,2
"E00045899",6,2,4
"E00045900",10,5,5
"E00045901",11,4,7
"E00045902",8,2,6
"E00045904",0,0,0
"E00045905",1,1,0
"E00045906",3,2,1
"E00045907",13,6,7
"E00045909",3,1,2
"E00045910",6,3,3
"E00045911",7,2,5
"E00045912",3,1,2
"E00045913",6,4,2
"E00045914",4,3,1
"E00045915",0,0,0
"E00045916",0,0,0
"E00045917",9,3,6
"E00045918",11,5,6
"E00045919",7,5,2
"E00045920",2,1,1
"E00045921",1,1,0
"E00045922",6,3,3
"E00045923",2,2,0
"E00045924",4,2,2
"E00045925",5,3,2
"E00045926",3,1,2
"E00045927",2,1,1
"E00045928",4,2,2
"E00045929",3,0,3
"E00045930",1,1,0
"E00045931",2,1,1
"E00045932",0,0,0
"E00045933",0,0,0
"E00045934",6,3,3
"E00045935",1,0,1
"E00045936",2,2,0
"E00045937",0,0,0
"E00045939",0,0,0
"E00045940",6,3,3
"E00045941",1,1,0
"E00045943",1,1,0
"E00045944",2,2,0
"E00045945",0,0,0
"E00045946",2,1,1
"E00045947",1,0,1
"E00045948",3,2,1
"E00045949",3,2,1
"E00045950",8,4,4
"E00045951",1,0,1
"E00045952",6,2,4
"E00045953",1,1,0
"E00045954",9,2,7
"E00045955",5,2,3
"E00045956",3,2,1
"E00045957",6,2,4
"E00045959",3,2,1
"E00045960",2,0,2
"E00045961",7,4,3
"E00045962",3,1,2
"E00045963",5,0,5
"E00045964",0,0,0
"E00045965",7,4,3
"E00045966",6,2,4
"E00045967",1,0,1
"E00045968",1,0,1
"E00045969",0,0,0
"E00045970",1,1,0
"E00045971",4,2,2
"E00045972",3,2,1
"E00045973",0,0,0
"E00045974",5,4,1
"E00045975",11,4,7
"E00045976",11,4,7
"E00045977",1,0,1
"E00045978",1,1,0
"E00045979",4,2,2
"E00045980",11,7,4
"E00045981",1,0,1
"E00045982",8,7,1
"E00045983",1,0,1
"E00045984",7,5,2
"E00045985",2,1,1
"E00045986",6,5,1
"E00045987",7,4,3
"E00045988",7,2,5
"E00045989",5,4,1
"E00045990",2,0,2
"E00045991",3,2,1
"E00045992",0,0,0
"E00045993",5,3,2
"E00045994",4,2,2
"E00045995",8,4,4
"E00045996",4,2,2
"E00045997",1,1,0
"E00045998",1,0,1
"E00045999",10,4,6
"E00046000",4,2,2
"E00046001",7,3,4
"E00046002",1,1,0
"E00046003",3,2,1
"E00046004",2,0,2
"E00046005",5,4,1
"E00046006",2,0,2
"E00046007",3,2,1
"E00046008",3,0,3
"E00046009",0,0,0
"E00046010",0,0,0
"E00046011",3,1,2
"E00046012",2,1,1
"E00046013",0,0,0
"E00046014",1,1,0
"E00046015",5,0,5
"E00046016",3,2,1
"E00046017",6,1,5
"E00046018",1,1,0
"E00046019",4,3,1
"E00046020",4,1,3
"E00046021",0,0,0
"E00046022",4,3,1
"E00046023",0,0,0
"E00046024",5,3,2
"E00046025",4,1,3
"E00046026",1,0,1
"E00046027",1,0,1
"E00046028",1,1,0
"E00046029",2,1,1
"E00046030",3,1,2
"E00046031",1,0,1
"E00046032",3,1,2
"E00046033",2,1,1
"E00046034",1,1,0
"E00046035",4,2,2
"E00046036",1,1,0
"E00046037",3,1,2
"E00046038",0,0,0
"E00046039",4,4,0
"E00046040",20,10,10
"E00046041",11,3,8
"E00046042",6,2,4
"E00046043",12,7,5
"E00046044",21,11,10
"E00046045",4,1,3
"E00046046",4,3,1
"E00046047",7,5,2
"E00046048",0,0,0
"E00046049",0,0,0
"E00046050",0,0,0
"E00046051",0,0,0
"E00046052",4,3,1
"E00046053",1,0,1
"E00046056",0,0,0
"E00046057",4,1,3
"E00046058",1,0,1
"E00046059",0,0,0
"E00046060",1,0,1
"E00046061",1,1,0
"E00046062",5,3,2
"E00046063",2,0,2
"E00046064",0,0,0
"E00046065",1,0,1
"E00046066",3,2,1
"E00046067",1,1,0
"E00046068",2,2,0
"E00046069",2,2,0
"E00046070",1,1,0
"E00046071",0,0,0
"E00046073",7,4,3
"E00046074",3,2,1
"E00046075",6,2,4
"E00046076",0,0,0
"E00046080",0,0,0
"E00046081",1,1,0
"E00046082",0,0,0
"E00046083",0,0,0
"E00046085",4,2,2
"E00046086",2,1,1
"E00046087",6,1,5
"E00046088",2,1,1
"E00046089",5,4,1
"E00046090",8,3,5
"E00046091",0,0,0
"E00046093",0,0,0
"E00046094",0,0,0
"E00046095",3,2,1
"E00046096",1,1,0
"E00046097",2,1,1
"E00046098",0,0,0
"E00046099",1,1,0
"E00046100",0,0,0
"E00046101",5,1,4
"E00046102",2,1,1
"E00046103",3,0,3
"E00046104",2,0,2
"E00046105",4,1,3
"E00046106",0,0,0
"E00046107",1,1,0
"E00046108",4,3,1
"E00046109",0,0,0
"E00046110",2,1,1
"E00046111",4,2,2
"E00046112",1,0,1
"E00046113",4,1,3
"E00046114",2,1,1
"E00046115",0,0,0
"E00046116",0,0,0
"E00046117",7,4,3
"E00046118",2,1,1
"E00046119",9,4,5
"E00046120",6,4,2
"E00046121",1,1,0
"E00046122",0,0,0
"E00046123",4,2,2
"E00046124",0,0,0
"E00046125",2,1,1
"E00046126",0,0,0
"E00046127",0,0,0
"E00046128",1,0,1
"E00046129",0,0,0
"E00046130",2,2,0
"E00046131",1,1,0
"E00046132",2,1,1
"E00046133",0,0,0
"E00046134",0,0,0
"E00046135",3,0,3
"E00046136",0,0,0
"E00046137",1,0,1
"E00046138",1,0,1
"E00046140",2,2,0
"E00046141",0,0,0
"E00046142",1,1,0
"E00046143",1,1,0
"E00046144",1,1,0
"E00046145",1,0,1
"E00046146",0,0,0
"E00046147",0,0,0
"E00046148",2,0,2
"E00046149",1,1,0
"E00046150",1,0,1
"E00046151",1,1,0
"E00046152",0,0,0
"E00046153",2,1,1
"E00046154",2,1,1
"E00046155",1,0,1
"E00046156",1,1,0
"E00046157",0,0,0
"E00046158",1,1,0
"E00046159",0,0,0
"E00046160",0,0,0
"E00046161",1,0,1
"E00046162",1,0,1
"E00046163",2,0,2
"E00046164",2,0,2
"E00046166",4,3,1
"E00046167",0,0,0
"E00046168",1,0,1
"E00046169",0,0,0
"E00046170",4,1,3
"E00046171",0,0,0
"E00046172",2,1,1
"E00046173",1,1,0
"E00046174",0,0,0
"E00046175",3,2,1
"E00046176",3,0,3
"E00046177",9,4,5
"E00046178",0,0,0
"E00046179",1,1,0
"E00046180",0,0,0
"E00046181",1,0,1
"E00046182",3,2,1
"E00046183",1,1,0
"E00046184",6,2,4
"E00046185",0,0,0
"E00046186",3,2,1
"E00046187",4,2,2
"E00046188",2,1,1
"E00046189",1,1,0
"E00046190",2,0,2
"E00046191",2,0,2
"E00046192",1,0,1
"E00046193",3,1,2
"E00046194",1,0,1
"E00046195",2,1,1
"E00046196",3,3,0
"E00046197",5,1,4
"E00046198",3,1,2
"E00046199",2,0,2
"E00046200",7,4,3
"E00046201",0,0,0
"E00046202",5,3,2
"E00046203",0,0,0
"E00046204",3,1,2
"E00046205",3,2,1
"E00046206",1,1,0
"E00046207",0,0,0
"E00046208",0,0,0
"E00046209",0,0,0
"E00046210",0,0,0
"E00046211",0,0,0
"E00046212",1,0,1
"E00046213",2,2,0
"E00046214",0,0,0
"E00046215",1,0,1
"E00046216",0,0,0
"E00046217",2,1,1
"E00046218",0,0,0
"E00046219",0,0,0
"E00046220",3,2,1
"E00046221",0,0,0
"E00046222",3,2,1
"E00046223",2,2,0
"E00046224",2,2,0
"E00046225",2,2,0
"E00046226",2,1,1
"E00046227",1,1,0
"E00046228",6,1,5
"E00046229",8,4,4
"E00046230",1,1,0
"E00046231",0,0,0
"E00046232",1,1,0
"E00046233",10,3,7
"E00046234",0,0,0
"E00046235",2,1,1
"E00046236",1,1,0
"E00046237",2,2,0
"E00046238",1,0,1
"E00046239",8,3,5
"E00046240",0,0,0
"E00046242",2,2,0
"E00046244",3,2,1
"E00046245",0,0,0
"E00046246",1,0,1
"E00046247",1,0,1
"E00046248",1,1,0
"E00046249",2,2,0
"E00046250",1,1,0
"E00046251",1,0,1
"E00046252",1,0,1
"E00046253",0,0,0
"E00046254",6,1,5
"E00046255",0,0,0
"E00046256",0,0,0
"E00046257",6,3,3
"E00046258",3,2,1
"E00046259",1,0,1
"E00046260",0,0,0
"E00046261",6,3,3
"E00046262",2,0,2
"E00046263",4,2,2
"E00046264",1,0,1
"E00046265",1,1,0
"E00046266",2,0,2
"E00046267",0,0,0
"E00046268",8,4,4
"E00046269",2,1,1
"E00046270",4,2,2
"E00046271",1,1,0
"E00046272",0,0,0
"E00046273",1,0,1
"E00046274",2,0,2
"E00046275",5,1,4
"E00046276",2,1,1
"E00046277",1,0,1
"E00046278",1,1,0
"E00046279",0,0,0
"E00046280",2,2,0
"E00046281",0,0,0
"E00046283",4,2,2
"E00046284",5,3,2
"E00046285",1,1,0
"E00046286",4,2,2
"E00046287",3,2,1
"E00046288",5,4,1
"E00046289",0,0,0
"E00046290",1,0,1
"E00046291",2,1,1
"E00046292",1,1,0
"E00046293",0,0,0
"E00046294",2,2,0
"E00046295",0,0,0
"E00046296",1,0,1
"E00046297",0,0,0
"E00046298",3,3,0
"E00046299",1,1,0
"E00046300",1,0,1
"E00046301",1,1,0
"E00046302",2,0,2
"E00046303",1,1,0
"E00046304",0,0,0
"E00046305",0,0,0
"E00046306",3,3,0
"E00046307",0,0,0
"E00046308",1,0,1
"E00046309",7,5,2
"E00046310",0,0,0
"E00046311",0,0,0
"E00046312",2,2,0
"E00046313",0,0,0
"E00046314",0,0,0
"E00046315",3,2,1
"E00046316",0,0,0
"E00046317",0,0,0
"E00046318",2,2,0
"E00046319",3,1,2
"E00046320",0,0,0
"E00046321",2,1,1
"E00046322",3,2,1
"E00046323",1,0,1
"E00046324",1,1,0
"E00046325",0,0,0
"E00046326",2,1,1
"E00046327",4,3,1
"E00046328",0,0,0
"E00046329",1,0,1
"E00046330",1,1,0
"E00046331",1,1,0
"E00046332",0,0,0
"E00046333",2,1,1
"E00046334",1,1,0
"E00046335",0,0,0
"E00046336",1,0,1
"E00046337",3,1,2
"E00046338",1,0,1
"E00046339",2,1,1
"E00046340",0,0,0
"E00046341",3,2,1
"E00046342",1,0,1
"E00046343",1,1,0
"E00046344",2,0,2
"E00046347",7,3,4
"E00046348",5,4,1
"E00046349",0,0,0
"E00046352",1,0,1
"E00046353",5,2,3
"E00046354",0,0,0
"E00046357",2,1,1
"E00046358",0,0,0
"E00046359",5,1,4
"E00046360",7,2,5
"E00046361",4,2,2
"E00046362",4,2,2
"E00046363",5,3,2
"E00046364",7,2,5
"E00046365",2,1,1
"E00046366",4,1,3
"E00046367",8,4,4
"E00046368",2,2,0
"E00046369",3,2,1
"E00046370",2,1,1
"E00046371",2,0,2
"E00046372",0,0,0
"E00046373",6,3,3
"E00046374",2,1,1
"E00046376",3,1,2
"E00046378",3,0,3
"E00046379",1,1,0
"E00046380",7,4,3
"E00046381",0,0,0
"E00046382",4,2,2
"E00046383",1,0,1
"E00046384",3,2,1
"E00046386",1,1,0
"E00046387",2,2,0
"E00046388",2,1,1
"E00046390",2,1,1
"E00046391",3,1,2
"E00046392",3,1,2
"E00046393",0,0,0
"E00046394",7,5,2
"E00046395",1,1,0
"E00046396",5,3,2
"E00046397",3,1,2
"E00046398",2,0,2
"E00046400",2,1,1
"E00046402",1,1,0
"E00046403",2,1,1
"E00046406",4,1,3
"E00046408",1,0,1
"E00046409",3,3,0
"E00046411",3,1,2
"E00046412",0,0,0
"E00046413",2,0,2
"E00046414",0,0,0
"E00046416",4,2,2
"E00046417",7,4,3
"E00046418",1,0,1
"E00046419",2,1,1
"E00046420",0,0,0
"E00046421",4,3,1
"E00046422",1,0,1
"E00046423",2,1,1
"E00046424",0,0,0
"E00046425",0,0,0
"E00046426",0,0,0
"E00046427",7,3,4
"E00046429",3,3,0
"E00046430",1,0,1
"E00046431",1,0,1
"E00046432",0,0,0
"E00046433",5,4,1
"E00046434",4,1,3
"E00046435",0,0,0
"E00046436",2,0,2
"E00046437",1,1,0
"E00046438",3,2,1
"E00046439",5,2,3
"E00046440",4,2,2
"E00046442",1,0,1
"E00046443",2,2,0
"E00046444",1,1,0
"E00046445",1,0,1
"E00046446",0,0,0
"E00046447",0,0,0
"E00046448",0,0,0
"E00046449",1,1,0
"E00046450",2,2,0
"E00046451",3,3,0
"E00046452",5,2,3
"E00046453",0,0,0
"E00046454",0,0,0
"E00046455",1,0,1
"E00046456",6,4,2
"E00046457",2,2,0
"E00046458",2,0,2
"E00046459",3,1,2
"E00046460",3,1,2
"E00046461",0,0,0
"E00046462",0,0,0
"E00046463",3,1,2
"E00046464",1,0,1
"E00046465",0,0,0
"E00046466",5,4,1
"E00046467",0,0,0
"E00046468",5,3,2
"E00046469",0,0,0
"E00046470",1,1,0
"E00046471",2,1,1
"E00046472",0,0,0
"E00046473",4,3,1
"E00046474",1,1,0
"E00046475",4,4,0
"E00046476",1,1,0
"E00046477",0,0,0
"E00046478",0,0,0
"E00046479",1,1,0
"E00046480",2,1,1
"E00046481",1,1,0
"E00046482",1,1,0
"E00046483",2,1,1
"E00046484",0,0,0
"E00046485",0,0,0
"E00046486",6,3,3
"E00046487",0,0,0
"E00046488",1,1,0
"E00046489",2,0,2
"E00046490",1,1,0
"E00046491",1,1,0
"E00046492",1,1,0
"E00046493",0,0,0
"E00046494",8,3,5
"E00046495",5,2,3
"E00046496",3,2,1
"E00046497",0,0,0
"E00046500",1,1,0
"E00046501",1,0,1
"E00046502",1,1,0
"E00046503",0,0,0
"E00046504",2,1,1
"E00046505",4,0,4
"E00046506",2,1,1
"E00046507",0,0,0
"E00046508",0,0,0
"E00046509",1,1,0
"E00046510",0,0,0
"E00046511",2,2,0
"E00046512",1,0,1
"E00046513",0,0,0
"E00046514",1,0,1
"E00046515",1,1,0
"E00046516",0,0,0
"E00046517",0,0,0
"E00046518",1,0,1
"E00046519",1,0,1
"E00046520",2,1,1
"E00046521",1,1,0
"E00046522",0,0,0
"E00046523",0,0,0
"E00046524",0,0,0
"E00046525",1,1,0
"E00046526",1,0,1
"E00046527",0,0,0
"E00046528",2,2,0
"E00046529",2,1,1
"E00046530",1,0,1
"E00046531",0,0,0
"E00046532",1,1,0
"E00046533",2,2,0
"E00046534",1,1,0
"E00046535",6,4,2
"E00046536",2,2,0
"E00046537",3,0,3
"E00046538",6,3,3
"E00046539",8,2,6
"E00046540",3,1,2
"E00046541",3,1,2
"E00046542",5,4,1
"E00046543",1,0,1
"E00046544",2,0,2
"E00046545",1,0,1
"E00046546",10,4,6
"E00046547",6,5,1
"E00046548",5,2,3
"E00046549",3,2,1
"E00046550",4,3,1
"E00046551",9,4,5
"E00046552",5,4,1
"E00046553",7,3,4
"E00046554",7,3,4
"E00046555",2,0,2
"E00046556",1,0,1
"E00046557",5,4,1
"E00046558",3,1,2
"E00046559",4,2,2
"E00046560",0,0,0
"E00046561",5,3,2
"E00046562",10,8,2
"E00046563",3,0,3
"E00046564",8,2,6
"E00046565",13,7,6
"E00046566",5,1,4
"E00046567",1,0,1
"E00046568",1,0,1
"E00046569",4,4,0
"E00046570",1,1,0
"E00046571",11,9,2
"E00046572",9,3,6
"E00046573",1,1,0
"E00046574",4,4,0
"E00046575",19,12,7
"E00046576",0,0,0
"E00046577",2,1,1
"E00046578",3,3,0
"E00046579",6,3,3
"E00046580",1,1,0
"E00046581",12,5,7
"E00046582",8,5,3
"E00046583",12,5,7
"E00046584",0,0,0
"E00046585",10,6,4
"E00046586",7,1,6
"E00046587",3,2,1
"E00046588",4,1,3
"E00046589",9,6,3
"E00046590",5,1,4
"E00046591",2,1,1
"E00046592",8,4,4
"E00046593",6,2,4
"E00046594",9,4,5
"E00046595",4,3,1
"E00046596",2,1,1
"E00046597",5,1,4
"E00046598",11,3,8
"E00046599",3,1,2
"E00046600",0,0,0
"E00046601",3,2,1
"E00046602",4,1,3
"E00046603",6,5,1
"E00046604",6,3,3
"E00046605",6,2,4
"E00046606",1,1,0
"E00046607",0,0,0
"E00046608",10,5,5
"E00046609",1,1,0
"E00046610",3,2,1
"E00046611",0,0,0
"E00046612",3,2,1
"E00046613",3,3,0
"E00046614",6,4,2
"E00046615",2,2,0
"E00046616",0,0,0
"E00046617",1,0,1
"E00046618",0,0,0
"E00046619",0,0,0
"E00046620",3,3,0
"E00046621",5,3,2
"E00046622",2,2,0
"E00046624",2,0,2
"E00046625",1,1,0
"E00046626",16,6,10
"E00046627",1,1,0
"E00046628",0,0,0
"E00046630",1,1,0
"E00046631",3,2,1
"E00046633",0,0,0
"E00046634",4,2,2
"E00046635",1,0,1
"E00046636",4,1,3
"E00046637",1,1,0
"E00046638",0,0,0
"E00046639",1,0,1
"E00046640",2,0,2
"E00046641",0,0,0
"E00046642",6,5,1
"E00046643",2,2,0
"E00046644",3,1,2
"E00046645",1,1,0
"E00046646",3,1,2
"E00046647",0,0,0
"E00046648",4,4,0
"E00046649",1,1,0
"E00046650",2,1,1
"E00046651",0,0,0
"E00046652",1,0,1
"E00046653",6,4,2
"E00046654",1,0,1
"E00046655",2,2,0
"E00046656",4,2,2
"E00046657",2,2,0
"E00046659",0,0,0
"E00046660",2,1,1
"E00046661",0,0,0
"E00046662",7,2,5
"E00046663",0,0,0
"E00046664",0,0,0
"E00046665",1,1,0
"E00046666",0,0,0
"E00046667",6,4,2
"E00046668",0,0,0
"E00046669",2,0,2
"E00046670",3,3,0
"E00046671",2,1,1
"E00046672",6,2,4
"E00046673",1,1,0
"E00046674",0,0,0
"E00046675",2,1,1
"E00046676",2,1,1
"E00046677",1,1,0
"E00046678",4,2,2
"E00046679",8,2,6
"E00046680",3,2,1
"E00046681",3,3,0
"E00046682",1,0,1
"E00046683",0,0,0
"E00046684",0,0,0
"E00046685",3,1,2
"E00046686",1,1,0
"E00046687",3,3,0
"E00046688",3,3,0
"E00046689",2,2,0
"E00046690",2,1,1
"E00046691",0,0,0
"E00046692",0,0,0
"E00046693",2,0,2
"E00046694",1,1,0
"E00046695",2,2,0
"E00046696",0,0,0
"E00046697",0,0,0
"E00046698",1,1,0
"E00046699",0,0,0
"E00046700",0,0,0
"E00046701",1,0,1
"E00046702",0,0,0
"E00046703",4,1,3
"E00046704",2,1,1
"E00046705",0,0,0
"E00046706",4,3,1
"E00046707",0,0,0
"E00046708",2,1,1
"E00046709",2,1,1
"E00046710",1,0,1
"E00046711",1,0,1
"E00046712",3,2,1
"E00046713",0,0,0
"E00046714",2,1,1
"E00046715",0,0,0
"E00046716",2,0,2
"E00046717",0,0,0
"E00046718",2,0,2
"E00046719",0,0,0
"E00046720",0,0,0
"E00046721",6,1,5
"E00046722",3,1,2
"E00046723",2,1,1
"E00046724",3,1,2
"E00046725",7,3,4
"E00046726",1,0,1
"E00046727",8,1,7
"E00046728",3,1,2
"E00046729",6,5,1
"E00046730",10,4,6
"E00046731",7,2,5
"E00046732",1,0,1
"E00046733",1,1,0
"E00046734",4,3,1
"E00046735",9,7,2
"E00046736",1,0,1
"E00046737",0,0,0
"E00046738",11,5,6
"E00046739",0,0,0
"E00046740",0,0,0
"E00046741",2,0,2
"E00046742",0,0,0
"E00046743",3,2,1
"E00046744",7,2,5
"E00046745",0,0,0
"E00046746",1,0,1
"E00046747",2,2,0
"E00046748",1,1,0
"E00046749",2,1,1
"E00046750",2,1,1
"E00046751",3,1,2
"E00046752",4,2,2
"E00046753",2,1,1
"E00046754",3,2,1
"E00046755",4,0,4
"E00046756",4,2,2
"E00046757",1,0,1
"E00046758",4,1,3
"E00046759",0,0,0
"E00046760",1,0,1
"E00046761",3,3,0
"E00046762",1,0,1
"E00046763",1,1,0
"E00046764",1,0,1
"E00046765",1,1,0
"E00046766",0,0,0
"E00046767",2,1,1
"E00046768",1,1,0
"E00046769",0,0,0
"E00046770",7,5,2
"E00046771",1,0,1
"E00046772",5,4,1
"E00046773",1,1,0
"E00046774",1,1,0
"E00046775",0,0,0
"E00046776",3,1,2
"E00046777",0,0,0
"E00046778",3,2,1
"E00046779",2,1,1
"E00046780",0,0,0
"E00046781",0,0,0
"E00046782",1,1,0
"E00046783",2,2,0
"E00046784",0,0,0
"E00046785",3,1,2
"E00046786",3,0,3
"E00046787",0,0,0
"E00046788",2,1,1
"E00046789",2,1,1
"E00046790",1,1,0
"E00046791",0,0,0
"E00046792",2,1,1
"E00046793",0,0,0
"E00046794",1,0,1
"E00046795",5,2,3
"E00046796",0,0,0
"E00046797",0,0,0
"E00046798",3,1,2
"E00046799",0,0,0
"E00046800",0,0,0
"E00046801",4,2,2
"E00046802",0,0,0
"E00046803",1,0,1
"E00046804",3,1,2
"E00046805",6,2,4
"E00046806",0,0,0
"E00046807",1,0,1
"E00046808",5,1,4
"E00046809",2,2,0
"E00046810",2,1,1
"E00046811",5,2,3
"E00046812",0,0,0
"E00046813",3,2,1
"E00046814",2,1,1
"E00046815",0,0,0
"E00046816",0,0,0
"E00046817",0,0,0
"E00046818",0,0,0
"E00046819",1,1,0
"E00046820",0,0,0
"E00046821",2,1,1
"E00046822",1,1,0
"E00046823",1,1,0
"E00046824",2,2,0
"E00046825",0,0,0
"E00046826",1,0,1
"E00046827",1,0,1
"E00046828",2,1,1
"E00046829",2,1,1
"E00046830",1,0,1
"E00046831",5,4,1
"E00046832",0,0,0
"E00046833",2,0,2
"E00046834",3,2,1
"E00046835",1,1,0
"E00046836",2,0,2
"E00046837",4,1,3
"E00046838",3,2,1
"E00046839",1,1,0
"E00046840",1,0,1
"E00046841",2,1,1
"E00046842",6,4,2
"E00046843",1,1,0
"E00046844",1,1,0
"E00046845",2,1,1
"E00046846",0,0,0
"E00046847",1,1,0
"E00046848",4,1,3
"E00046849",2,1,1
"E00046850",0,0,0
"E00046851",4,2,2
"E00046852",1,1,0
"E00046853",5,3,2
"E00046854",0,0,0
"E00046855",2,1,1
"E00046856",0,0,0
"E00046857",2,0,2
"E00046858",2,1,1
"E00046859",3,2,1
"E00046860",2,2,0
"E00046861",2,2,0
"E00046862",2,0,2
"E00046863",0,0,0
"E00046864",2,1,1
"E00046865",3,3,0
"E00046866",3,1,2
"E00046867",6,4,2
"E00046868",2,1,1
"E00046869",4,0,4
"E00046870",1,0,1
"E00046871",0,0,0
"E00046873",2,0,2
"E00046874",3,1,2
"E00046875",2,2,0
"E00046876",0,0,0
"E00046877",1,0,1
"E00046878",1,0,1
"E00046879",1,0,1
"E00046880",5,2,3
"E00046881",0,0,0
"E00046882",3,2,1
"E00046883",1,0,1
"E00046884",0,0,0
"E00046885",4,2,2
"E00046886",2,1,1
"E00046887",1,1,0
"E00046888",4,1,3
"E00046889",0,0,0
"E00046890",6,3,3
"E00046891",0,0,0
"E00046892",4,2,2
"E00046893",2,0,2
"E00046894",2,1,1
"E00046895",4,1,3
"E00046896",2,1,1
"E00046897",5,1,4
"E00046898",0,0,0
"E00046899",3,1,2
"E00046900",0,0,0
"E00046901",4,3,1
"E00046902",4,2,2
"E00046903",6,4,2
"E00046904",2,1,1
"E00046905",2,1,1
"E00046906",0,0,0
"E00046907",1,1,0
"E00046908",0,0,0
"E00046909",2,1,1
"E00046910",4,2,2
"E00046911",17,11,6
"E00046912",11,4,7
"E00046913",3,2,1
"E00046914",7,4,3
"E00046915",6,2,4
"E00046916",7,3,4
"E00046917",5,2,3
"E00046918",10,6,4
"E00046919",0,0,0
"E00046920",4,3,1
"E00046921",0,0,0
"E00046922",3,0,3
"E00046923",0,0,0
"E00046924",3,1,2
"E00046925",4,3,1
"E00046926",6,4,2
"E00046927",3,1,2
"E00046928",3,2,1
"E00046929",9,4,5
"E00046930",4,3,1
"E00046931",1,1,0
"E00046932",0,0,0
"E00046933",0,0,0
"E00046934",7,3,4
"E00046935",2,2,0
"E00046936",0,0,0
"E00046937",3,0,3
"E00046938",4,1,3
"E00046939",4,4,0
"E00046940",1,0,1
"E00046941",6,3,3
"E00046942",0,0,0
"E00046943",7,5,2
"E00046944",1,0,1
"E00046945",1,1,0
"E00046946",1,0,1
"E00046947",1,0,1
"E00046948",4,1,3
"E00046949",1,1,0
"E00046950",2,1,1
"E00046951",2,2,0
"E00046952",2,1,1
"E00046953",1,1,0
"E00046954",1,0,1
"E00046955",2,2,0
"E00046956",0,0,0
"E00046957",0,0,0
"E00046958",3,1,2
"E00046959",0,0,0
"E00046960",0,0,0
"E00046961",5,4,1
"E00046962",0,0,0
"E00046963",4,3,1
"E00046964",1,0,1
"E00046965",1,0,1
"E00046966",0,0,0
"E00046967",13,10,3
"E00046968",6,3,3
"E00046969",1,0,1
"E00046970",2,2,0
"E00046971",11,8,3
"E00046973",2,1,1
"E00046974",5,4,1
"E00046975",6,4,2
"E00046976",1,1,0
"E00046977",3,1,2
"E00046978",2,1,1
"E00046979",3,2,1
"E00046980",4,4,0
"E00046981",2,1,1
"E00046982",6,4,2
"E00046983",3,3,0
"E00046984",3,1,2
"E00046985",1,1,0
"E00046986",3,1,2
"E00046987",2,0,2
"E00046988",1,1,0
"E00046989",4,3,1
"E00046990",6,2,4
"E00046991",11,6,5
"E00046993",4,2,2
"E00046994",9,3,6
"E00046995",7,4,3
"E00046996",7,3,4
"E00046997",1,0,1
"E00046998",8,2,6
"E00046999",7,4,3
"E00047000",8,4,4
"E00047001",9,4,5
"E00047002",3,1,2
"E00047003",8,4,4
"E00047004",5,2,3
"E00047005",0,0,0
"E00047006",5,1,4
"E00047007",10,2,8
"E00047009",8,4,4
"E00047010",4,2,2
"E00047011",1,1,0
"E00047012",2,1,1
"E00047013",1,1,0
"E00047014",1,1,0
"E00047015",7,4,3
"E00047016",8,3,5
"E00047017",0,0,0
"E00047019",10,5,5
"E00047020",5,2,3
"E00047021",6,3,3
"E00047022",5,4,1
"E00047024",0,0,0
"E00047025",2,2,0
"E00047026",4,2,2
"E00047027",5,5,0
"E00047028",3,1,2
"E00047030",0,0,0
"E00047031",2,1,1
"E00047032",2,1,1
"E00047033",2,1,1
"E00047034",2,0,2
"E00047035",3,2,1
"E00047036",1,1,0
"E00047037",1,0,1
"E00047038",2,2,0
"E00047039",5,4,1
"E00047040",0,0,0
"E00047041",6,2,4
"E00047042",4,2,2
"E00047043",3,1,2
"E00047044",0,0,0
"E00047045",5,3,2
"E00047047",0,0,0
"E00047048",5,2,3
"E00047049",1,1,0
"E00047050",1,1,0
"E00047051",7,5,2
"E00047052",6,3,3
"E00047053",2,2,0
"E00047054",1,0,1
"E00047055",6,3,3
"E00047056",3,1,2
"E00047057",6,3,3
"E00047058",4,2,2
"E00047059",3,2,1
"E00047060",6,2,4
"E00047061",1,0,1
"E00047062",3,3,0
"E00047063",8,5,3
"E00047064",2,0,2
"E00047065",1,0,1
"E00047066",6,3,3
"E00047067",3,2,1
"E00047068",2,2,0
"E00047069",0,0,0
"E00047070",2,1,1
"E00047071",0,0,0
"E00047072",8,1,7
"E00047073",0,0,0
"E00047074",9,2,7
"E00047075",4,1,3
"E00047076",9,3,6
"E00047077",4,2,2
"E00047078",3,2,1
"E00047079",8,6,2
"E00047080",1,1,0
"E00047081",5,4,1
"E00047082",3,2,1
"E00047083",5,2,3
"E00047084",1,1,0
"E00047085",3,2,1
"E00047086",4,3,1
"E00047087",2,0,2
"E00047088",5,0,5
"E00047089",0,0,0
"E00047090",4,1,3
"E00047091",5,4,1
"E00047092",5,0,5
"E00047093",4,2,2
"E00047094",0,0,0
"E00047095",2,1,1
"E00047096",7,5,2
"E00047097",6,3,3
"E00047098",7,2,5
"E00047099",6,2,4
"E00047100",5,3,2
"E00047101",2,1,1
"E00047102",1,0,1
"E00047103",3,3,0
"E00047104",7,3,4
"E00047105",10,4,6
"E00047107",7,3,4
"E00047109",3,1,2
"E00047110",5,2,3
"E00047111",7,3,4
"E00047112",1,0,1
"E00047113",10,7,3
"E00047114",4,2,2
"E00047116",0,0,0
"E00047117",7,1,6
"E00047118",0,0,0
"E00047119",4,1,3
"E00047120",9,5,4
"E00047121",4,2,2
"E00047122",0,0,0
"E00047123",3,1,2
"E00047124",4,3,1
"E00047125",3,2,1
"E00047126",0,0,0
"E00047127",5,4,1
"E00047128",0,0,0
"E00047129",3,0,3
"E00047130",7,3,4
"E00047131",7,3,4
"E00047134",3,2,1
"E00047135",1,0,1
"E00047136",1,1,0
"E00047137",0,0,0
"E00047138",0,0,0
"E00047139",1,0,1
"E00047140",0,0,0
"E00047141",1,0,1
"E00047142",0,0,0
"E00047143",1,0,1
"E00047144",0,0,0
"E00047145",1,0,1
"E00047146",1,0,1
"E00047147",0,0,0
"E00047148",2,1,1
"E00047149",1,1,0
"E00047150",0,0,0
"E00047151",5,3,2
"E00047152",0,0,0
"E00047153",2,1,1
"E00047154",3,2,1
"E00047155",1,1,0
"E00047156",2,1,1
"E00047157",2,0,2
"E00047158",0,0,0
"E00047159",0,0,0
"E00047160",2,1,1
"E00047161",0,0,0
"E00047162",0,0,0
"E00047163",2,2,0
"E00047164",2,1,1
"E00047165",0,0,0
"E00047166",0,0,0
"E00047167",1,1,0
"E00047168",1,0,1
"E00047169",0,0,0
"E00047170",2,1,1
"E00047171",1,0,1
"E00047172",1,0,1
"E00047173",2,1,1
"E00047174",0,0,0
"E00047175",3,2,1
"E00047176",0,0,0
"E00047177",1,1,0
"E00047178",0,0,0
"E00047179",2,0,2
"E00047180",1,1,0
"E00047181",2,0,2
"E00047182",2,1,1
"E00047183",0,0,0
"E00047184",0,0,0
"E00047185",1,0,1
"E00047186",0,0,0
"E00047187",3,2,1
"E00047188",0,0,0
"E00047189",2,1,1
"E00047190",1,0,1
"E00047191",2,1,1
"E00047192",2,1,1
"E00047193",2,2,0
"E00047194",1,0,1
"E00047195",6,3,3
"E00047196",1,1,0
"E00047198",2,0,2
"E00047199",1,1,0
"E00047200",1,0,1
"E00047201",0,0,0
"E00047202",1,1,0
"E00047203",0,0,0
"E00047204",0,0,0
"E00047205",1,1,0
"E00047206",0,0,0
"E00047208",1,0,1
"E00047209",0,0,0
"E00047210",3,1,2
"E00047211",2,0,2
"E00047212",0,0,0
"E00047213",4,3,1
"E00047214",1,1,0
"E00047215",0,0,0
"E00047216",1,1,0
"E00047217",1,0,1
"E00047218",2,1,1
"E00047219",1,1,0
"E00047220",2,2,0
"E00047221",0,0,0
"E00047222",1,1,0
"E00047223",3,3,0
"E00047224",6,4,2
"E00047225",4,2,2
"E00047226",3,2,1
"E00047227",0,0,0
"E00047228",6,2,4
"E00047229",0,0,0
"E00047230",1,0,1
"E00047231",1,0,1
"E00047232",3,2,1
"E00047233",3,2,1
"E00047234",0,0,0
"E00047235",1,1,0
"E00047236",2,0,2
"E00047237",1,1,0
"E00047238",1,0,1
"E00047239",1,0,1
"E00047240",1,0,1
"E00047241",5,2,3
"E00047242",4,2,2
"E00047243",2,2,0
"E00047244",3,1,2
"E00047245",0,0,0
"E00047246",2,1,1
"E00047247",1,0,1
"E00047248",1,1,0
"E00047249",1,0,1
"E00047250",0,0,0
"E00047251",3,2,1
"E00047252",0,0,0
"E00047253",0,0,0
"E00047254",0,0,0
"E00047255",1,0,1
"E00047256",0,0,0
"E00047257",2,1,1
"E00047258",0,0,0
"E00047259",4,2,2
"E00047260",5,3,2
"E00047261",0,0,0
"E00047262",2,0,2
"E00047263",0,0,0
"E00047264",0,0,0
"E00047265",3,1,2
"E00047266",1,1,0
"E00047267",0,0,0
"E00047268",1,1,0
"E00047269",1,1,0
"E00047270",4,1,3
"E00047271",2,2,0
"E00047272",1,1,0
"E00047273",1,1,0
"E00047274",5,3,2
"E00047275",2,1,1
"E00047276",1,0,1
"E00047277",1,0,1
"E00047278",1,0,1
"E00047279",2,2,0
"E00047280",2,2,0
"E00047281",1,0,1
"E00047282",1,1,0
"E00047283",0,0,0
"E00047284",0,0,0
"E00047285",4,2,2
"E00047286",4,3,1
"E00047287",0,0,0
"E00047288",2,1,1
"E00047289",3,1,2
"E00047290",0,0,0
"E00047291",3,1,2
"E00047292",7,5,2
"E00047293",1,1,0
"E00047294",2,2,0
"E00047295",4,2,2
"E00047296",2,2,0
"E00047297",0,0,0
"E00047298",1,1,0
"E00047299",6,4,2
"E00047300",2,1,1
"E00047301",6,4,2
"E00047302",5,2,3
"E00047303",8,5,3
"E00047304",8,2,6
"E00047305",3,2,1
"E00047306",3,0,3
"E00047307",2,1,1
"E00047308",0,0,0
"E00047309",1,0,1
"E00047310",5,4,1
"E00047311",4,3,1
"E00047312",2,1,1
"E00047313",2,1,1
"E00047314",1,1,0
"E00047315",2,2,0
"E00047316",1,0,1
"E00047317",2,2,0
"E00047318",4,2,2
"E00047319",2,0,2
"E00047320",4,3,1
"E00047321",5,3,2
"E00047322",3,2,1
"E00047323",2,0,2
"E00047324",2,2,0
"E00047325",1,0,1
"E00047326",1,0,1
"E00047327",1,1,0
"E00047328",6,4,2
"E00047329",0,0,0
"E00047330",0,0,0
"E00047331",3,1,2
"E00047332",1,0,1
"E00047333",3,1,2
"E00047334",1,1,0
"E00047335",3,2,1
"E00047336",0,0,0
"E00047337",3,2,1
"E00047338",2,0,2
"E00047339",2,1,1
"E00047340",3,0,3
"E00047341",3,2,1
"E00047342",5,3,2
"E00047343",4,3,1
"E00047344",1,0,1
"E00047345",1,1,0
"E00047346",4,2,2
"E00047347",4,1,3
"E00047348",0,0,0
"E00047349",2,1,1
"E00047350",1,1,0
"E00047351",3,2,1
"E00047353",3,2,1
"E00047354",0,0,0
"E00047355",3,2,1
"E00047356",1,1,0
"E00047357",2,2,0
"E00047358",0,0,0
"E00047359",2,2,0
"E00047360",0,0,0
"E00047361",1,0,1
"E00047362",2,1,1
"E00047363",5,3,2
"E00047364",0,0,0
"E00047365",1,0,1
"E00047366",1,1,0
"E00047367",0,0,0
"E00047368",3,1,2
"E00047369",4,2,2
"E00047370",3,3,0
"E00047371",2,2,0
"E00047372",1,1,0
"E00047373",1,1,0
"E00047374",1,1,0
"E00047375",0,0,0
"E00047376",1,1,0
"E00047377",6,3,3
"E00047378",3,2,1
"E00047379",5,3,2
"E00047380",1,0,1
"E00047381",1,1,0
"E00047382",6,2,4
"E00047383",0,0,0
"E00047384",1,0,1
"E00047385",2,0,2
"E00047387",5,1,4
"E00047388",2,1,1
"E00047389",1,0,1
"E00047390",1,0,1
"E00047391",10,4,6
"E00047392",2,1,1
"E00047393",0,0,0
"E00047394",4,2,2
"E00047396",8,4,4
"E00047397",4,0,4
"E00047398",4,1,3
"E00047399",4,1,3
"E00047400",1,1,0
"E00047401",2,2,0
"E00047402",1,0,1
"E00047403",3,1,2
"E00047404",4,2,2
"E00047405",9,1,8
"E00047406",0,0,0
"E00047407",7,5,2
"E00047408",2,2,0
"E00047409",0,0,0
"E00047410",2,2,0
"E00047411",3,3,0
"E00047412",3,2,1
"E00047413",2,1,1
"E00047414",0,0,0
"E00047415",6,5,1
"E00047416",3,2,1
"E00047417",2,1,1
"E00047418",2,1,1
"E00047419",2,2,0
"E00047420",1,1,0
"E00047421",1,0,1
"E00047422",1,1,0
"E00047423",1,0,1
"E00047424",4,2,2
"E00047425",3,1,2
"E00047426",5,4,1
"E00047427",7,6,1
"E00047428",2,2,0
"E00047429",7,0,7
"E00047430",1,0,1
"E00047431",9,3,6
"E00047432",0,0,0
"E00047433",2,2,0
"E00047434",0,0,0
"E00047435",1,1,0
"E00047437",5,2,3
"E00047438",3,1,2
"E00047439",1,0,1
"E00047440",0,0,0
"E00047441",2,2,0
"E00047442",1,1,0
"E00047443",2,0,2
"E00047444",1,0,1
"E00047445",0,0,0
"E00047446",1,0,1
"E00047447",3,1,2
"E00047448",2,0,2
"E00047449",1,1,0
"E00047450",0,0,0
"E00047451",0,0,0
"E00047452",0,0,0
"E00047453",9,6,3
"E00047454",2,0,2
"E00047456",0,0,0
"E00047457",6,5,1
"E00047458",2,0,2
"E00047460",0,0,0
"E00047461",0,0,0
"E00047462",0,0,0
"E00047463",0,0,0
"E00047464",0,0,0
"E00047465",3,3,0
"E00047466",2,0,2
"E00047467",2,0,2
"E00047468",3,3,0
"E00047470",5,3,2
"E00047471",3,3,0
"E00047472",2,1,1
"E00047473",1,1,0
"E00047474",2,1,1
"E00047475",2,1,1
"E00047476",9,4,5
"E00047477",0,0,0
"E00047478",4,2,2
"E00047479",0,0,0
"E00047480",2,2,0
"E00047481",3,3,0
"E00047482",4,3,1
"E00047483",5,2,3
"E00047484",0,0,0
"E00047485",11,6,5
"E00047486",0,0,0
"E00047487",0,0,0
"E00047488",3,2,1
"E00047489",0,0,0
"E00047490",1,0,1
"E00047491",3,2,1
"E00047492",2,1,1
"E00047493",1,1,0
"E00047494",3,0,3
"E00047495",0,0,0
"E00047496",2,1,1
"E00047497",3,2,1
"E00047498",0,0,0
"E00047499",7,4,3
"E00047500",0,0,0
"E00047501",2,2,0
"E00047502",0,0,0
"E00047503",1,1,0
"E00047504",2,1,1
"E00047505",5,2,3
"E00047506",2,1,1
"E00047507",3,1,2
"E00047508",1,0,1
"E00047509",2,1,1
"E00047510",6,2,4
"E00047511",3,2,1
"E00047512",4,1,3
"E00047513",3,2,1
"E00047514",2,2,0
"E00047515",3,3,0
"E00047516",2,0,2
"E00047517",5,4,1
"E00047518",8,5,3
"E00047519",0,0,0
"E00047520",1,1,0
"E00047521",1,0,1
"E00047522",6,3,3
"E00047523",0,0,0
"E00047524",1,0,1
"E00047525",0,0,0
"E00047526",2,1,1
"E00047527",0,0,0
"E00047528",3,2,1
"E00047529",0,0,0
"E00047530",0,0,0
"E00047531",0,0,0
"E00047532",1,0,1
"E00047533",1,0,1
"E00047534",9,4,5
"E00047535",3,2,1
"E00047536",3,0,3
"E00047537",7,2,5
"E00047538",1,1,0
"E00047539",4,2,2
"E00047540",0,0,0
"E00047541",3,3,0
"E00047542",5,1,4
"E00047543",0,0,0
"E00047544",16,11,5
"E00047546",5,3,2
"E00047547",3,2,1
"E00047548",0,0,0
"E00047549",0,0,0
"E00047550",5,3,2
"E00047551",3,1,2
"E00047552",6,2,4
"E00047553",1,1,0
"E00047554",2,1,1
"E00047555",7,6,1
"E00047556",1,0,1
"E00047557",3,1,2
"E00047558",4,3,1
"E00047559",0,0,0
"E00047560",7,2,5
"E00047561",0,0,0
"E00047562",0,0,0
"E00047563",3,1,2
"E00047564",6,5,1
"E00047565",1,1,0
"E00047566",4,2,2
"E00047567",5,2,3
"E00047568",0,0,0
"E00047569",6,4,2
"E00047570",1,1,0
"E00047571",4,0,4
"E00047572",6,4,2
"E00047573",4,1,3
"E00047574",4,2,2
"E00047575",0,0,0
"E00047576",2,1,1
"E00047577",4,2,2
"E00047578",2,1,1
"E00047579",2,2,0
"E00047580",5,2,3
"E00047581",4,2,2
"E00047582",6,5,1
"E00047583",2,1,1
"E00047584",1,0,1
"E00047585",9,4,5
"E00047586",5,3,2
"E00047587",2,2,0
"E00047588",0,0,0
"E00047589",2,0,2
"E00047590",4,2,2
"E00047591",4,1,3
"E00047592",4,3,1
"E00047593",0,0,0
"E00047594",7,4,3
"E00047595",2,1,1
"E00047596",3,1,2
"E00047597",1,0,1
"E00047598",0,0,0
"E00047599",1,0,1
"E00047600",0,0,0
"E00047601",1,0,1
"E00047602",1,1,0
"E00047603",1,0,1
"E00047604",4,2,2
"E00047605",0,0,0
"E00047606",7,4,3
"E00047607",5,2,3
"E00047608",1,1,0
"E00047609",3,1,2
"E00047610",1,1,0
"E00047611",1,1,0
"E00047612",2,1,1
"E00047614",0,0,0
"E00047615",6,4,2
"E00047616",0,0,0
"E00047617",1,1,0
"E00047618",0,0,0
"E00047619",6,2,4
"E00047620",1,0,1
"E00047621",6,3,3
"E00047622",0,0,0
"E00047623",1,1,0
"E00047624",3,2,1
"E00047625",6,4,2
"E00047626",3,1,2
"E00047627",0,0,0
"E00047628",0,0,0
"E00047629",3,1,2
"E00047630",2,1,1
"E00047631",2,2,0
"E00047632",3,2,1
"E00047633",3,1,2
"E00047634",6,2,4
"E00047635",1,0,1
"E00047636",0,0,0
"E00047637",2,2,0
"E00047638",3,2,1
"E00047639",0,0,0
"E00047640",3,2,1
"E00047641",1,0,1
"E00047642",2,2,0
"E00047643",0,0,0
"E00047644",2,2,0
"E00047645",7,3,4
"E00047646",1,0,1
"E00047647",0,0,0
"E00047648",0,0,0
"E00047649",0,0,0
"E00047650",3,2,1
"E00047651",3,1,2
"E00047652",3,2,1
"E00047653",2,1,1
"E00047654",4,4,0
"E00047655",2,2,0
"E00047656",1,0,1
"E00047657",1,1,0
"E00047658",2,2,0
"E00047659",1,1,0
"E00047660",2,2,0
"E00047661",0,0,0
"E00047662",3,0,3
"E00047663",1,1,0
"E00047664",1,1,0
"E00047665",1,1,0
"E00047666",2,2,0
"E00047667",1,0,1
"E00047668",1,1,0
"E00047669",4,2,2
"E00047670",2,0,2
"E00047671",4,2,2
"E00047672",2,1,1
"E00047673",4,3,1
"E00047674",5,1,4
"E00047675",5,3,2
"E00047676",1,0,1
"E00047677",2,0,2
"E00047678",8,3,5
"E00047679",5,2,3
"E00047680",8,6,2
"E00047681",1,0,1
"E00047682",22,11,11
"E00047683",10,6,4
"E00047684",8,1,7
"E00047685",8,6,2
"E00047686",5,2,3
"E00047687",8,4,4
"E00047688",5,3,2
"E00047689",5,3,2
"E00047690",3,0,3
"E00047691",7,3,4
"E00047692",4,2,2
"E00047693",0,0,0
"E00047694",3,2,1
"E00047695",5,1,4
"E00047696",3,1,2
"E00047697",4,3,1
"E00047698",10,5,5
"E00047700",9,3,6
"E00047701",0,0,0
"E00047702",13,7,6
"E00047703",13,7,6
"E00047704",5,2,3
"E00047705",5,4,1
"E00047706",12,5,7
"E00047707",4,3,1
"E00047708",0,0,0
"E00047709",14,8,6
"E00047710",0,0,0
"E00047711",4,1,3
"E00047712",6,5,1
"E00047713",4,2,2
"E00047714",2,1,1
"E00047715",9,7,2
"E00047716",0,0,0
"E00047717",5,4,1
"E00047718",13,7,6
"E00047719",5,3,2
"E00047720",7,6,1
"E00047721",7,5,2
"E00047722",3,2,1
"E00047723",6,3,3
"E00047724",0,0,0
"E00047725",6,4,2
"E00047726",7,3,4
"E00047727",10,2,8
"E00047728",11,5,6
"E00047729",6,4,2
"E00047730",8,3,5
"E00047731",13,7,6
"E00047732",4,4,0
"E00047733",10,7,3
"E00047734",5,0,5
"E00047735",16,8,8
"E00047736",0,0,0
"E00047737",6,4,2
"E00047738",4,1,3
"E00047739",13,7,6
"E00047740",11,8,3
"E00047741",1,1,0
"E00047742",6,1,5
"E00047743",10,6,4
"E00047744",14,5,9
"E00047745",6,5,1
"E00047746",5,2,3
"E00047747",8,4,4
"E00047748",22,12,10
"E00047749",3,1,2
"E00047750",4,3,1
"E00047751",7,3,4
"E00047752",9,2,7
"E00047753",5,4,1
"E00047754",11,4,7
"E00047755",6,2,4
"E00047756",17,12,5
"E00047757",3,1,2
"E00047758",0,0,0
"E00047759",7,4,3
"E00047760",1,0,1
"E00047761",2,1,1
"E00047762",8,7,1
"E00047763",6,2,4
"E00047764",8,4,4
"E00047765",5,3,2
"E00047766",4,2,2
"E00047767",7,3,4
"E00047768",6,3,3
"E00047769",1,1,0
"E00047770",14,5,9
"E00047771",3,2,1
"E00047772",6,3,3
"E00047773",1,0,1
"E00047774",4,1,3
"E00047775",7,3,4
"E00047776",4,3,1
"E00047777",6,2,4
"E00047778",8,4,4
"E00047779",9,6,3
"E00047780",6,2,4
"E00047781",2,1,1
"E00047782",8,4,4
"E00047783",11,4,7
"E00047784",11,8,3
"E00047785",5,2,3
"E00047786",7,2,5
"E00047787",1,1,0
"E00047788",6,6,0
"E00047789",9,4,5
"E00047790",20,11,9
"E00047791",7,5,2
"E00047792",7,4,3
"E00047793",2,1,1
"E00047794",1,1,0
"E00047795",13,7,6
"E00047796",10,7,3
"E00047797",5,3,2
"E00047798",3,1,2
"E00047799",2,2,0
"E00047800",5,3,2
"E00047801",2,1,1
"E00047802",3,2,1
"E00047803",11,7,4
"E00047804",0,0,0
"E00047805",0,0,0
"E00047806",3,1,2
"E00047807",4,1,3
"E00047808",5,1,4
"E00047809",6,5,1
"E00047810",5,1,4
"E00047811",9,4,5
"E00047812",10,6,4
"E00047813",6,3,3
"E00047814",0,0,0
"E00047815",9,6,3
"E00047816",9,3,6
"E00047817",7,2,5
"E00047818",5,2,3
"E00047819",12,5,7
"E00047820",3,0,3
"E00047821",6,3,3
"E00047823",7,6,1
"E00047824",13,9,4
"E00047825",3,1,2
"E00047826",15,8,7
"E00047827",14,5,9
"E00047828",2,0,2
"E00047829",10,4,6
"E00047830",8,3,5
"E00047831",2,0,2
"E00047832",0,0,0
"E00047833",7,5,2
"E00047834",2,2,0
"E00047835",4,1,3
"E00047836",6,3,3
"E00047837",6,3,3
"E00047838",7,3,4
"E00047839",2,0,2
"E00047840",6,3,3
"E00047841",5,2,3
"E00047842",3,3,0
"E00047843",2,1,1
"E00047844",4,3,1
"E00047845",4,1,3
"E00047846",7,4,3
"E00047847",3,1,2
"E00047848",1,0,1
"E00047849",8,3,5
"E00047850",2,1,1
"E00047851",1,1,0
"E00047852",11,7,4
"E00047853",7,1,6
"E00047854",0,0,0
"E00047855",3,1,2
"E00047856",1,0,1
"E00047857",2,1,1
"E00047858",6,3,3
"E00047859",3,2,1
"E00047860",1,0,1
"E00047861",1,1,0
"E00047863",5,2,3
"E00047864",1,1,0
"E00047865",6,1,5
"E00047866",6,2,4
"E00047867",4,3,1
"E00047868",7,2,5
"E00047869",1,1,0
"E00047870",2,2,0
"E00047871",1,1,0
"E00047872",0,0,0
"E00047873",3,1,2
"E00047874",2,2,0
"E00047875",2,2,0
"E00047876",2,2,0
"E00047877",0,0,0
"E00047878",0,0,0
"E00047879",7,3,4
"E00047880",5,3,2
"E00047881",12,6,6
"E00047882",3,0,3
"E00047883",5,2,3
"E00047884",3,1,2
"E00047885",2,0,2
"E00047886",5,1,4
"E00047887",6,4,2
"E00047888",7,2,5
"E00047890",11,7,4
"E00047891",5,3,2
"E00047892",4,2,2
"E00047893",0,0,0
"E00047894",11,5,6
"E00047895",6,3,3
"E00047896",6,4,2
"E00047897",8,3,5
"E00047898",5,2,3
"E00047899",8,1,7
"E00047900",5,2,3
"E00047901",19,2,17
"E00047902",6,4,2
"E00047903",8,2,6
"E00047904",8,4,4
"E00047905",0,0,0
"E00047906",1,0,1
"E00047907",6,0,6
"E00047908",8,7,1
"E00047909",5,2,3
"E00047910",7,2,5
"E00047911",10,5,5
"E00047912",5,1,4
"E00047913",10,6,4
"E00047914",6,2,4
"E00047915",8,3,5
"E00047916",6,3,3
"E00047917",8,2,6
"E00047918",4,0,4
"E00047919",9,4,5
"E00047920",1,1,0
"E00047921",5,3,2
"E00047922",0,0,0
"E00047923",3,1,2
"E00047924",7,4,3
"E00047925",0,0,0
"E00047926",5,2,3
"E00047927",12,4,8
"E00047928",16,13,3
"E00047929",16,8,8
"E00047930",8,2,6
"E00047931",4,2,2
"E00047932",1,0,1
"E00047933",11,5,6
"E00047934",8,3,5
"E00047935",5,4,1
"E00047936",16,3,13
"E00047937",6,2,4
"E00047938",7,3,4
"E00047939",10,5,5
"E00047940",10,2,8
"E00047941",3,2,1
"E00047942",4,2,2
"E00047943",14,9,5
"E00047944",6,2,4
"E00047945",14,8,6
"E00047946",5,2,3
"E00047947",1,1,0
"E00047948",9,7,2
"E00047949",4,1,3
"E00047950",0,0,0
"E00047951",5,4,1
"E00047952",4,3,1
"E00047953",8,5,3
"E00047954",2,1,1
"E00047955",7,4,3
"E00047956",4,2,2
"E00047957",4,1,3
"E00047958",6,3,3
"E00047959",1,1,0
"E00047960",1,1,0
"E00047961",10,5,5
"E00047962",5,2,3
"E00047963",0,0,0
"E00047964",4,4,0
"E00047965",2,1,1
"E00047966",8,5,3
"E00047967",2,1,1
"E00047968",3,2,1
"E00047969",1,0,1
"E00047970",10,7,3
"E00047971",6,1,5
"E00047972",6,3,3
"E00047973",6,3,3
"E00047974",2,0,2
"E00047975",3,1,2
"E00047976",2,2,0
"E00047977",4,1,3
"E00047978",11,7,4
"E00047979",2,1,1
"E00047980",7,4,3
"E00047981",0,0,0
"E00047982",8,6,2
"E00047983",0,0,0
"E00047984",2,1,1
"E00047985",0,0,0
"E00047986",0,0,0
"E00047987",1,1,0
"E00047988",1,0,1
"E00047989",5,2,3
"E00047990",4,3,1
"E00047991",4,3,1
"E00047992",1,1,0
"E00047993",4,3,1
"E00047994",3,3,0
"E00047995",6,3,3
"E00047996",0,0,0
"E00047997",1,1,0
"E00047998",2,1,1
"E00047999",4,3,1
"E00048001",0,0,0
"E00048002",0,0,0
"E00048003",2,1,1
"E00048004",1,1,0
"E00048005",1,0,1
"E00048006",2,1,1
"E00048007",2,1,1
"E00048008",2,0,2
"E00048009",1,1,0
"E00048010",2,1,1
"E00048011",5,2,3
"E00048012",4,2,2
"E00048013",3,1,2
"E00048014",2,1,1
"E00048015",3,3,0
"E00048016",4,3,1
"E00048017",1,1,0
"E00048018",6,2,4
"E00048019",0,0,0
"E00048020",4,1,3
"E00048021",5,1,4
"E00048022",3,3,0
"E00048023",12,7,5
"E00048024",2,2,0
"E00048025",0,0,0
"E00048026",3,2,1
"E00048028",2,0,2
"E00048029",2,1,1
"E00048030",2,2,0
"E00048031",2,0,2
"E00048032",3,0,3
"E00048033",1,0,1
"E00048034",2,1,1
"E00048035",2,2,0
"E00048036",2,1,1
"E00048037",3,1,2
"E00048038",8,5,3
"E00048039",0,0,0
"E00048040",1,0,1
"E00048041",3,3,0
"E00048042",9,7,2
"E00048043",1,1,0
"E00048044",1,0,1
"E00048045",1,1,0
"E00048046",3,2,1
"E00048047",1,1,0
"E00048048",0,0,0
"E00048049",1,1,0
"E00048050",4,1,3
"E00048051",1,0,1
"E00048052",4,2,2
"E00048053",0,0,0
"E00048054",2,1,1
"E00048055",1,1,0
"E00048056",0,0,0
"E00048057",1,1,0
"E00048058",3,1,2
"E00048059",2,1,1
"E00048060",3,3,0
"E00048061",1,0,1
"E00048062",0,0,0
"E00048063",2,1,1
"E00048064",0,0,0
"E00048065",6,2,4
"E00048066",0,0,0
"E00048067",1,1,0
"E00048068",4,0,4
"E00048069",3,2,1
"E00048070",3,1,2
"E00048071",1,1,0
"E00048072",5,2,3
"E00048073",4,2,2
"E00048074",1,1,0
"E00048075",2,2,0
"E00048076",2,2,0
"E00048077",2,0,2
"E00048078",8,7,1
"E00048079",0,0,0
"E00048080",1,1,0
"E00048081",0,0,0
"E00048082",1,0,1
"E00048083",2,0,2
"E00048084",1,1,0
"E00048085",0,0,0
"E00048086",2,1,1
"E00048087",0,0,0
"E00048088",5,2,3
"E00048089",0,0,0
"E00048090",1,1,0
"E00048091",3,1,2
"E00048092",5,3,2
"E00048093",1,0,1
"E00048094",1,1,0
"E00048095",3,0,3
"E00048096",5,2,3
"E00048097",1,1,0
"E00048098",1,1,0
"E00048099",1,0,1
"E00048100",4,3,1
"E00048101",0,0,0
"E00048102",0,0,0
"E00048103",1,1,0
"E00048104",1,1,0
"E00048105",1,0,1
"E00048106",12,5,7
"E00048107",0,0,0
"E00048108",3,1,2
"E00048109",0,0,0
"E00048110",6,5,1
"E00048111",6,3,3
"E00048112",6,3,3
"E00048113",1,1,0
"E00048114",0,0,0
"E00048115",0,0,0
"E00048116",6,4,2
"E00048117",2,1,1
"E00048118",8,4,4
"E00048119",0,0,0
"E00048120",0,0,0
"E00048121",6,2,4
"E00048122",2,2,0
"E00048123",1,0,1
"E00048124",1,1,0
"E00048125",2,2,0
"E00048126",0,0,0
"E00048127",2,0,2
"E00048128",2,0,2
"E00048129",1,0,1
"E00048130",3,1,2
"E00048131",4,2,2
"E00048132",3,2,1
"E00048133",1,1,0
"E00048134",0,0,0
"E00048135",0,0,0
"E00048136",0,0,0
"E00048137",1,0,1
"E00048138",3,1,2
"E00048139",4,2,2
"E00048140",3,1,2
"E00048141",1,1,0
"E00048142",0,0,0
"E00048143",1,1,0
"E00048144",0,0,0
"E00048146",1,0,1
"E00048147",1,1,0
"E00048148",0,0,0
"E00048149",0,0,0
"E00048150",1,0,1
"E00048152",4,0,4
"E00048153",0,0,0
"E00048154",7,3,4
"E00048155",2,2,0
"E00048156",4,1,3
"E00048157",0,0,0
"E00048158",1,0,1
"E00048159",0,0,0
"E00048161",6,2,4
"E00048162",4,2,2
"E00048163",2,1,1
"E00048164",0,0,0
"E00048165",1,0,1
"E00048166",1,0,1
"E00048167",0,0,0
"E00048168",2,1,1
"E00048169",9,1,8
"E00048170",0,0,0
"E00048171",1,0,1
"E00048172",7,3,4
"E00048173",1,0,1
"E00048174",2,1,1
"E00048175",2,1,1
"E00048176",0,0,0
"E00048177",6,3,3
"E00048178",3,1,2
"E00048179",6,6,0
"E00048180",6,3,3
"E00048181",4,2,2
"E00048182",6,5,1
"E00048183",1,0,1
"E00048184",5,5,0
"E00048185",0,0,0
"E00048186",1,1,0
"E00048187",0,0,0
"E00048188",2,0,2
"E00048189",0,0,0
"E00048190",2,1,1
"E00048191",2,1,1
"E00048192",5,4,1
"E00048193",1,0,1
"E00048194",4,1,3
"E00048195",2,2,0
"E00048196",3,0,3
"E00048197",3,3,0
"E00048198",2,0,2
"E00048199",0,0,0
"E00048200",5,5,0
"E00048201",2,1,1
"E00048202",6,3,3
"E00048203",1,0,1
"E00048204",1,0,1
"E00048205",3,2,1
"E00048206",3,3,0
"E00048207",7,2,5
"E00048208",6,3,3
"E00048209",3,1,2
"E00048210",4,2,2
"E00048211",1,1,0
"E00048212",1,1,0
"E00048213",1,1,0
"E00048214",8,2,6
"E00048215",3,2,1
"E00048216",4,0,4
"E00048217",1,0,1
"E00048218",5,2,3
"E00048219",1,1,0
"E00048220",4,2,2
"E00048221",1,1,0
"E00048222",1,0,1
"E00048223",5,2,3
"E00048224",0,0,0
"E00048225",3,2,1
"E00048226",3,3,0
"E00048227",3,2,1
"E00048228",8,5,3
"E00048229",6,1,5
"E00048230",5,3,2
"E00048231",3,2,1
"E00048232",1,0,1
"E00048233",3,3,0
"E00048234",7,3,4
"E00048235",4,1,3
"E00048236",0,0,0
"E00048237",0,0,0
"E00048238",4,2,2
"E00048239",9,1,8
"E00048240",2,0,2
"E00048241",2,1,1
"E00048242",1,1,0
"E00048243",4,3,1
"E00048244",2,0,2
"E00048245",9,3,6
"E00048246",1,1,0
"E00048247",6,4,2
"E00048248",4,1,3
"E00048249",2,1,1
"E00048250",1,1,0
"E00048251",10,7,3
"E00048252",5,2,3
"E00048253",9,6,3
"E00048254",1,0,1
"E00048255",3,2,1
"E00048256",5,4,1
"E00048257",2,1,1
"E00048258",2,2,0
"E00048259",0,0,0
"E00048260",2,2,0
"E00048261",0,0,0
"E00048262",1,1,0
"E00048263",0,0,0
"E00048264",13,5,8
"E00048265",0,0,0
"E00048266",0,0,0
"E00048267",7,3,4
"E00048268",0,0,0
"E00048269",0,0,0
"E00048270",1,1,0
"E00048271",3,1,2
"E00048272",1,0,1
"E00048273",3,0,3
"E00048274",1,1,0
"E00048275",9,4,5
"E00048276",3,2,1
"E00048277",5,1,4
"E00048278",3,0,3
"E00048279",0,0,0
"E00048280",1,1,0
"E00048281",2,1,1
"E00048283",1,0,1
"E00048284",4,3,1
"E00048285",3,2,1
"E00048286",2,0,2
"E00048287",1,0,1
"E00048288",7,0,7
"E00048289",0,0,0
"E00048290",1,1,0
"E00048291",2,2,0
"E00048292",1,0,1
"E00048293",0,0,0
"E00048294",1,1,0
"E00048296",1,1,0
"E00048297",2,2,0
"E00048298",0,0,0
"E00048299",4,2,2
"E00048300",0,0,0
"E00048301",5,3,2
"E00048302",3,1,2
"E00048303",2,1,1
"E00048304",1,1,0
"E00048306",1,0,1
"E00048307",1,0,1
"E00048308",0,0,0
"E00048309",0,0,0
"E00048311",0,0,0
"E00048312",1,1,0
"E00048313",1,1,0
"E00048314",3,1,2
"E00048315",4,1,3
"E00048316",0,0,0
"E00048318",3,3,0
"E00048319",1,1,0
"E00048320",0,0,0
"E00048321",12,7,5
"E00048322",5,3,2
"E00048323",7,3,4
"E00048324",7,4,3
"E00048325",0,0,0
"E00048326",2,1,1
"E00048327",0,0,0
"E00048328",0,0,0
"E00048329",7,2,5
"E00048330",1,0,1
"E00048331",8,1,7
"E00048332",2,1,1
"E00048334",7,7,0
"E00048335",3,0,3
"E00048336",1,0,1
"E00048337",9,4,5
"E00048338",4,0,4
"E00048339",4,3,1
"E00048340",4,2,2
"E00048341",3,0,3
"E00048342",0,0,0
"E00048343",6,2,4
"E00048344",1,1,0
"E00048345",0,0,0
"E00048346",4,3,1
"E00048347",0,0,0
"E00048348",0,0,0
"E00048349",1,1,0
"E00048350",7,3,4
"E00048352",3,3,0
"E00048353",4,4,0
"E00048354",5,3,2
"E00048355",1,0,1
"E00048356",3,2,1
"E00048357",6,5,1
"E00048358",1,0,1
"E00048359",2,1,1
"E00048360",4,1,3
"E00048361",1,0,1
"E00048362",5,3,2
"E00048363",1,1,0
"E00048364",0,0,0
"E00048365",0,0,0
"E00048366",7,5,2
"E00048367",5,3,2
"E00048368",10,6,4
"E00048369",4,4,0
"E00048370",1,1,0
"E00048371",6,4,2
"E00048372",10,5,5
"E00048373",10,5,5
"E00048374",13,7,6
"E00048375",0,0,0
"E00048376",13,7,6
"E00048377",9,5,4
"E00048378",8,5,3
"E00048379",2,2,0
"E00048380",7,4,3
"E00048381",5,2,3
"E00048382",7,4,3
"E00048383",8,4,4
"E00048384",1,0,1
"E00048385",3,2,1
"E00048386",7,5,2
"E00048387",2,1,1
"E00048388",12,7,5
"E00048389",10,7,3
"E00048390",9,3,6
"E00048391",0,0,0
"E00048392",4,3,1
"E00048393",4,2,2
"E00048394",5,3,2
"E00048395",8,5,3
"E00048396",2,2,0
"E00048398",1,1,0
"E00048399",11,4,7
"E00048400",5,3,2
"E00048401",3,1,2
"E00048402",5,2,3
"E00048403",9,5,4
"E00048404",12,6,6
"E00048405",3,3,0
"E00048406",5,2,3
"E00048407",12,7,5
"E00048408",0,0,0
"E00048409",7,5,2
"E00048410",10,8,2
"E00048411",16,10,6
"E00048412",6,4,2
"E00048413",1,0,1
"E00048414",5,2,3
"E00048415",16,6,10
"E00048416",11,5,6
"E00048417",4,2,2
"E00048418",14,7,7
"E00048419",13,10,3
"E00048420",8,7,1
"E00048421",0,0,0
"E00048422",4,3,1
"E00048423",8,6,2
"E00048425",0,0,0
"E00048426",3,3,0
"E00048427",1,1,0
"E00048428",3,1,2
"E00048429",3,1,2
"E00048430",2,1,1
"E00048431",3,1,2
"E00048432",1,1,0
"E00048433",5,2,3
"E00048434",2,1,1
"E00048435",0,0,0
"E00048436",0,0,0
"E00048437",4,2,2
"E00048438",3,1,2
"E00048439",0,0,0
"E00048440",5,3,2
"E00048441",5,4,1
"E00048442",7,3,4
"E00048443",7,5,2
"E00048444",0,0,0
"E00048445",1,0,1
"E00048446",2,0,2
"E00048447",1,1,0
"E00048448",5,3,2
"E00048449",1,1,0
"E00048450",1,0,1
"E00048451",3,0,3
"E00048452",0,0,0
"E00048453",5,2,3
"E00048454",4,3,1
"E00048455",0,0,0
"E00048456",1,0,1
"E00048457",1,0,1
"E00048458",1,1,0
"E00048459",10,7,3
"E00048460",3,3,0
"E00048461",7,3,4
"E00048462",1,0,1
"E00048463",4,2,2
"E00048464",6,4,2
"E00048465",0,0,0
"E00048466",3,1,2
"E00048467",8,4,4
"E00048468",8,6,2
"E00048469",4,3,1
"E00048470",1,0,1
"E00048471",3,1,2
"E00048472",4,1,3
"E00048473",3,1,2
"E00048474",6,4,2
"E00048475",10,4,6
"E00048476",7,3,4
"E00048477",0,0,0
"E00048478",0,0,0
"E00048479",0,0,0
"E00048480",3,1,2
"E00048481",0,0,0
"E00048482",1,0,1
"E00048483",0,0,0
"E00048484",2,1,1
"E00048485",0,0,0
"E00048486",0,0,0
"E00048487",8,5,3
"E00048488",4,2,2
"E00048489",1,0,1
"E00048491",1,1,0
"E00048492",0,0,0
"E00048494",3,2,1
"E00048495",0,0,0
"E00048496",5,4,1
"E00048497",0,0,0
"E00048498",1,0,1
"E00048499",0,0,0
"E00048500",0,0,0
"E00048501",2,2,0
"E00048502",7,2,5
"E00048503",10,4,6
"E00048504",7,2,5
"E00048505",1,1,0
"E00048506",1,1,0
"E00048507",1,0,1
"E00048508",2,0,2
"E00048509",4,1,3
"E00048510",3,0,3
"E00048511",1,0,1
"E00048514",2,1,1
"E00048516",2,1,1
"E00048517",0,0,0
"E00048518",7,4,3
"E00048519",5,2,3
"E00048520",6,3,3
"E00048521",1,1,0
"E00048522",3,1,2
"E00048523",2,1,1
"E00048524",3,2,1
"E00048525",3,2,1
"E00048526",5,2,3
"E00048527",0,0,0
"E00048528",1,1,0
"E00048529",1,0,1
"E00048532",7,3,4
"E00048533",5,3,2
"E00048534",0,0,0
"E00048535",1,0,1
"E00048536",2,1,1
"E00048537",12,5,7
"E00048538",0,0,0
"E00048539",1,0,1
"E00048540",1,0,1
"E00048541",0,0,0
"E00048542",6,4,2
"E00048543",0,0,0
"E00048544",2,1,1
"E00048545",2,0,2
"E00048546",0,0,0
"E00048547",2,0,2
"E00048548",2,0,2
"E00048549",4,1,3
"E00048550",2,2,0
"E00048551",5,4,1
"E00048552",0,0,0
"E00048553",6,4,2
"E00048554",4,1,3
"E00048555",6,5,1
"E00048556",4,2,2
"E00048557",7,5,2
"E00048558",0,0,0
"E00048559",7,4,3
"E00048560",2,1,1
"E00048561",5,2,3
"E00048562",3,0,3
"E00048563",2,2,0
"E00048564",4,3,1
"E00048565",5,3,2
"E00048566",0,0,0
"E00048567",0,0,0
"E00048568",4,1,3
"E00048569",1,0,1
"E00048570",4,3,1
"E00048571",4,3,1
"E00048572",4,2,2
"E00048573",0,0,0
"E00048574",0,0,0
"E00048575",6,4,2
"E00048576",0,0,0
"E00048577",0,0,0
"E00048578",2,1,1
"E00048579",1,0,1
"E00048580",2,0,2
"E00048581",8,4,4
"E00048582",2,2,0
"E00048583",2,2,0
"E00048584",2,1,1
"E00048585",4,0,4
"E00048586",7,4,3
"E00048587",3,2,1
"E00048588",0,0,0
"E00048589",3,1,2
"E00048590",4,1,3
"E00048591",0,0,0
"E00048592",5,2,3
"E00048593",1,0,1
"E00048594",3,1,2
"E00048595",1,1,0
"E00048596",3,1,2
"E00048597",4,1,3
"E00048598",1,0,1
"E00048599",1,0,1
"E00048600",1,1,0
"E00048601",3,2,1
"E00048602",1,0,1
"E00048603",8,4,4
"E00048604",1,1,0
"E00048605",1,1,0
"E00048606",3,1,2
"E00048607",3,1,2
"E00048608",3,1,2
"E00048609",2,0,2
"E00048610",5,5,0
"E00048611",4,1,3
"E00048612",0,0,0
"E00048613",4,2,2
"E00048614",5,1,4
"E00048615",2,1,1
"E00048616",1,0,1
"E00048617",1,0,1
"E00048618",0,0,0
"E00048619",0,0,0
"E00048620",0,0,0
"E00048621",3,1,2
"E00048622",0,0,0
"E00048623",2,0,2
"E00048624",3,2,1
"E00048625",3,2,1
"E00048626",1,1,0
"E00048627",0,0,0
"E00048628",2,2,0
"E00048629",1,0,1
"E00048630",1,0,1
"E00048631",3,0,3
"E00048632",1,1,0
"E00048633",1,0,1
"E00048634",0,0,0
"E00048635",4,2,2
"E00048636",2,1,1
"E00048637",5,3,2
"E00048638",1,1,0
"E00048639",1,0,1
"E00048640",1,0,1
"E00048641",0,0,0
"E00048642",2,0,2
"E00048643",2,0,2
"E00048644",2,0,2
"E00048645",1,1,0
"E00048646",5,3,2
"E00048647",9,6,3
"E00048648",4,0,4
"E00048649",4,3,1
"E00048650",0,0,0
"E00048651",3,1,2
"E00048652",1,1,0
"E00048653",1,0,1
"E00048654",8,6,2
"E00048656",4,2,2
"E00048657",2,0,2
"E00048658",1,1,0
"E00048659",4,2,2
"E00048660",7,2,5
"E00048661",7,4,3
"E00048662",8,5,3
"E00048663",11,9,2
"E00048664",2,0,2
"E00048665",4,4,0
"E00048666",3,0,3
"E00048667",0,0,0
"E00048668",2,1,1
"E00048669",0,0,0
"E00048670",2,2,0
"E00048671",3,1,2
"E00048672",6,3,3
"E00048673",2,1,1
"E00048674",5,4,1
"E00048675",5,2,3
"E00048676",0,0,0
"E00048677",0,0,0
"E00048678",7,7,0
"E00048679",0,0,0
"E00048680",3,3,0
"E00048681",4,1,3
"E00048682",0,0,0
"E00048683",0,0,0
"E00048684",2,0,2
"E00048685",3,0,3
"E00048686",1,0,1
"E00048687",6,3,3
"E00048688",0,0,0
"E00048689",2,2,0
"E00048690",1,0,1
"E00048691",4,3,1
"E00048693",0,0,0
"E00048694",2,1,1
"E00048696",4,1,3
"E00048697",0,0,0
"E00048698",5,0,5
"E00048699",2,0,2
"E00048700",6,5,1
"E00048701",1,0,1
"E00048702",3,2,1
"E00048703",8,5,3
"E00048704",1,0,1
"E00048705",0,0,0
"E00048706",0,0,0
"E00048707",4,2,2
"E00048708",4,0,4
"E00048709",0,0,0
"E00048710",1,0,1
"E00048711",0,0,0
"E00048712",3,1,2
"E00048713",4,1,3
"E00048714",0,0,0
"E00048715",1,0,1
"E00048716",6,4,2
"E00048717",1,1,0
"E00048718",2,0,2
"E00048719",1,1,0
"E00048720",0,0,0
"E00048721",1,0,1
"E00048722",3,3,0
"E00048723",0,0,0
"E00048724",1,1,0
"E00048725",1,0,1
"E00048726",1,1,0
"E00048727",1,1,0
"E00048728",1,0,1
"E00048729",2,2,0
"E00048730",6,2,4
"E00048731",1,0,1
"E00048732",0,0,0
"E00048734",1,0,1
"E00048735",4,2,2
"E00048736",7,2,5
"E00048738",0,0,0
"E00048739",3,1,2
"E00048740",4,4,0
"E00048741",0,0,0
"E00048742",0,0,0
"E00048743",0,0,0
"E00048744",6,3,3
"E00048745",3,2,1
"E00048746",1,0,1
"E00048747",0,0,0
"E00048748",6,2,4
"E00048749",5,3,2
"E00048750",1,0,1
"E00048751",1,0,1
"E00048752",11,4,7
"E00048753",3,1,2
"E00048754",4,3,1
"E00048755",1,0,1
"E00048756",2,1,1
"E00048757",5,2,3
"E00048758",1,0,1
"E00048759",4,0,4
"E00048760",0,0,0
"E00048761",3,3,0
"E00048762",6,0,6
"E00048763",1,0,1
"E00048764",3,1,2
"E00048765",5,3,2
"E00048766",0,0,0
"E00048767",5,5,0
"E00048768",1,0,1
"E00048769",4,4,0
"E00048770",0,0,0
"E00048772",0,0,0
"E00048773",4,0,4
"E00048774",6,3,3
"E00048775",2,2,0
"E00048776",5,2,3
"E00048778",4,3,1
"E00048781",2,2,0
"E00048783",6,2,4
"E00048784",2,1,1
"E00048788",0,0,0
"E00048789",7,4,3
"E00048790",6,6,0
"E00048791",1,1,0
"E00048793",7,4,3
"E00048794",0,0,0
"E00048796",6,5,1
"E00048797",6,4,2
"E00048798",5,5,0
"E00048799",2,1,1
"E00048800",0,0,0
"E00048801",1,0,1
"E00048802",1,1,0
"E00048803",7,3,4
"E00048804",1,0,1
"E00048805",0,0,0
"E00048806",9,2,7
"E00048807",3,0,3
"E00048808",5,3,2
"E00048809",0,0,0
"E00048810",6,3,3
"E00048811",1,1,0
"E00048812",0,0,0
"E00048813",5,2,3
"E00048814",7,2,5
"E00048815",3,1,2
"E00048816",5,0,5
"E00048817",9,7,2
"E00048818",2,0,2
"E00048819",7,1,6
"E00048820",4,4,0
"E00048821",3,1,2
"E00048822",4,2,2
"E00048823",6,2,4
"E00048824",3,3,0
"E00048825",0,0,0
"E00048826",1,0,1
"E00048827",3,2,1
"E00048828",2,1,1
"E00048829",3,3,0
"E00048830",2,2,0
"E00048831",5,3,2
"E00048832",2,1,1
"E00048833",4,3,1
"E00048834",0,0,0
"E00048835",3,1,2
"E00048836",0,0,0
"E00048837",0,0,0
"E00048838",0,0,0
"E00048839",6,3,3
"E00048840",5,0,5
"E00048841",5,1,4
"E00048842",1,0,1
"E00048843",4,2,2
"E00048844",5,3,2
"E00048845",5,3,2
"E00048846",0,0,0
"E00048847",2,1,1
"E00048848",7,3,4
"E00048849",0,0,0
"E00048850",1,1,0
"E00048851",2,2,0
"E00048852",4,2,2
"E00048853",3,2,1
"E00048854",4,1,3
"E00048855",6,4,2
"E00048856",5,2,3
"E00048857",4,2,2
"E00048858",4,3,1
"E00048859",6,4,2
"E00048860",0,0,0
"E00048861",0,0,0
"E00048862",4,1,3
"E00048863",2,0,2
"E00048864",0,0,0
"E00048865",4,1,3
"E00048866",2,0,2
"E00048867",0,0,0
"E00048868",0,0,0
"E00048869",1,0,1
"E00048870",1,1,0
"E00048871",2,2,0
"E00048872",0,0,0
"E00048873",5,1,4
"E00048874",0,0,0
"E00048875",3,2,1
"E00048876",0,0,0
"E00048877",1,1,0
"E00048878",5,3,2
"E00048879",3,2,1
"E00048880",4,3,1
"E00048881",9,4,5
"E00048882",0,0,0
"E00048883",0,0,0
"E00048884",2,1,1
"E00048885",2,2,0
"E00048886",2,0,2
"E00048887",10,3,7
"E00048888",0,0,0
"E00048889",9,3,6
"E00048890",1,1,0
"E00048891",5,4,1
"E00048892",4,3,1
"E00048893",4,2,2
"E00048894",0,0,0
"E00048895",3,3,0
"E00048896",0,0,0
"E00048897",0,0,0
"E00048898",1,1,0
"E00048899",1,0,1
"E00048900",1,0,1
"E00048901",0,0,0
"E00048902",4,2,2
"E00048903",0,0,0
"E00048904",4,2,2
"E00048905",3,0,3
"E00048906",0,0,0
"E00048907",4,3,1
"E00048908",10,4,6
"E00048909",1,1,0
"E00048910",0,0,0
"E00048911",5,2,3
"E00048912",1,1,0
"E00048913",1,0,1
"E00048914",4,2,2
"E00048915",4,1,3
"E00048916",4,4,0
"E00048917",2,2,0
"E00048918",6,1,5
"E00048919",13,5,8
"E00048920",3,2,1
"E00048921",6,1,5
"E00048923",2,1,1
"E00048924",4,3,1
"E00048925",6,3,3
"E00048926",4,2,2
"E00048927",5,3,2
"E00048928",6,4,2
"E00048929",5,2,3
"E00048930",10,5,5
"E00048931",1,1,0
"E00048932",5,2,3
"E00048933",5,4,1
"E00048934",9,5,4
"E00048935",12,4,8
"E00048936",11,7,4
"E00048937",10,6,4
"E00048938",11,5,6
"E00048939",13,6,7
"E00048941",5,2,3
"E00048942",13,9,4
"E00048943",12,9,3
"E00048944",12,3,9
"E00048945",8,4,4
"E00048946",9,4,5
"E00048947",6,3,3
"E00048948",9,3,6
"E00048949",7,3,4
"E00048950",7,3,4
"E00048951",5,5,0
"E00048952",3,1,2
"E00048953",0,0,0
"E00048954",12,6,6
"E00048955",4,3,1
"E00048956",4,3,1
"E00048958",3,3,0
"E00048959",1,0,1
"E00048960",0,0,0
"E00048961",3,1,2
"E00048962",1,0,1
"E00048963",1,0,1
"E00048964",3,1,2
"E00048965",4,2,2
"E00048966",2,0,2
"E00048967",0,0,0
"E00048968",4,1,3
"E00048969",3,3,0
"E00048970",3,2,1
"E00048971",1,0,1
"E00048972",3,2,1
"E00048973",0,0,0
"E00048974",2,2,0
"E00048975",12,9,3
"E00048976",0,0,0
"E00048977",1,1,0
"E00048978",0,0,0
"E00048979",2,0,2
"E00048980",1,1,0
"E00048981",1,0,1
"E00048982",0,0,0
"E00048983",3,3,0
"E00048984",0,0,0
"E00048985",1,0,1
"E00048987",1,0,1
"E00048988",4,3,1
"E00048989",2,0,2
"E00048990",0,0,0
"E00048991",2,0,2
"E00048992",0,0,0
"E00048993",2,1,1
"E00048994",0,0,0
"E00048995",0,0,0
"E00048996",2,1,1
"E00048997",4,3,1
"E00048999",5,3,2
"E00049001",1,0,1
"E00049002",12,7,5
"E00049003",3,2,1
"E00049004",0,0,0
"E00049005",1,0,1
"E00049006",3,2,1
"E00049007",2,1,1
"E00049008",3,1,2
"E00049009",5,3,2
"E00049010",5,3,2
"E00049011",7,3,4
"E00049012",2,0,2
"E00049013",2,1,1
"E00049014",7,2,5
"E00049015",6,5,1
"E00049016",0,0,0
"E00049017",4,3,1
"E00049018",0,0,0
"E00049019",4,3,1
"E00049020",0,0,0
"E00049021",3,1,2
"E00049022",0,0,0
"E00049023",0,0,0
"E00049024",5,2,3
"E00049025",1,0,1
"E00049026",0,0,0
"E00049027",0,0,0
"E00049028",3,2,1
"E00049029",1,0,1
"E00049030",1,1,0
"E00049031",2,2,0
"E00049032",6,4,2
"E00049033",4,3,1
"E00049034",3,2,1
"E00049035",0,0,0
"E00049036",7,4,3
"E00049037",3,1,2
"E00049038",0,0,0
"E00049039",5,2,3
"E00049040",2,0,2
"E00049041",0,0,0
"E00049042",0,0,0
"E00049043",10,3,7
"E00049044",8,6,2
"E00049045",0,0,0
"E00049046",0,0,0
"E00049047",5,1,4
"E00049048",5,3,2
"E00049049",4,3,1
"E00049050",3,0,3
"E00049051",6,3,3
"E00049052",8,5,3
"E00049053",0,0,0
"E00049054",3,1,2
"E00049055",3,2,1
"E00049056",2,0,2
"E00049057",5,2,3
"E00049058",6,3,3
"E00049059",0,0,0
"E00049060",8,4,4
"E00049061",5,0,5
"E00049062",1,1,0
"E00049063",7,4,3
"E00049064",3,1,2
"E00049065",1,1,0
"E00049066",1,1,0
"E00049067",1,0,1
"E00049068",0,0,0
"E00049069",4,2,2
"E00049070",4,3,1
"E00049071",4,2,2
"E00049072",8,4,4
"E00049073",0,0,0
"E00049074",1,1,0
"E00049075",3,1,2
"E00049076",0,0,0
"E00049077",0,0,0
"E00049078",5,1,4
"E00049079",0,0,0
"E00049080",12,7,5
"E00049081",4,1,3
"E00049082",1,1,0
"E00049083",7,4,3
"E00049085",2,0,2
"E00049086",0,0,0
"E00049087",0,0,0
"E00049088",4,2,2
"E00049089",5,1,4
"E00049090",5,1,4
"E00049091",6,4,2
"E00049092",5,3,2
"E00049093",1,0,1
"E00049094",7,5,2
"E00049095",4,2,2
"E00049096",4,1,3
"E00049097",1,1,0
"E00049098",4,2,2
"E00049099",5,3,2
"E00049100",5,4,1
"E00049101",0,0,0
"E00049102",2,2,0
"E00049103",1,0,1
"E00049104",2,2,0
"E00049105",0,0,0
"E00049106",7,4,3
"E00049107",5,5,0
"E00049108",0,0,0
"E00049109",2,2,0
"E00049110",3,1,2
"E00049111",2,1,1
"E00049112",1,1,0
"E00049113",1,0,1
"E00049114",3,0,3
"E00049115",5,1,4
"E00049116",4,1,3
"E00049117",3,0,3
"E00049118",0,0,0
"E00049119",0,0,0
"E00049120",2,2,0
"E00049121",0,0,0
"E00049122",0,0,0
"E00049123",0,0,0
"E00049124",2,2,0
"E00049125",3,1,2
"E00049126",4,3,1
"E00049127",3,2,1
"E00049128",2,1,1
"E00049129",4,3,1
"E00049130",5,2,3
"E00049131",6,3,3
"E00049132",6,0,6
"E00049133",2,2,0
"E00049134",3,1,2
"E00049135",0,0,0
"E00049136",3,2,1
"E00049137",8,2,6
"E00049138",0,0,0
"E00049139",2,0,2
"E00049140",6,2,4
"E00049141",3,0,3
"E00049142",10,6,4
"E00049143",0,0,0
"E00049144",5,2,3
"E00049145",12,3,9
"E00049146",2,0,2
"E00049147",0,0,0
"E00049148",1,1,0
"E00049149",5,4,1
"E00049150",6,4,2
"E00049151",2,0,2
"E00049152",2,1,1
"E00049153",2,1,1
"E00049154",0,0,0
"E00049157",4,3,1
"E00049158",8,3,5
"E00049159",3,1,2
"E00049160",0,0,0
"E00049161",2,1,1
"E00049162",8,4,4
"E00049163",2,0,2
"E00049164",2,1,1
"E00049165",1,1,0
"E00049166",4,2,2
"E00049167",0,0,0
"E00049168",1,1,0
"E00049169",6,3,3
"E00049170",4,2,2
"E00049171",6,4,2
"E00049172",1,0,1
"E00049173",0,0,0
"E00049174",1,1,0
"E00049175",3,1,2
"E00049176",5,5,0
"E00049177",0,0,0
"E00049178",2,1,1
"E00049179",5,4,1
"E00049180",3,3,0
"E00049181",1,0,1
"E00049182",3,1,2
"E00049183",7,5,2
"E00049184",7,5,2
"E00049185",2,2,0
"E00049186",2,2,0
"E00049187",0,0,0
"E00049188",4,1,3
"E00049190",2,1,1
"E00049191",6,5,1
"E00049192",1,0,1
"E00049193",0,0,0
"E00049194",1,1,0
"E00049195",1,0,1
"E00049196",11,4,7
"E00049197",5,5,0
"E00049198",1,0,1
"E00049199",8,1,7
"E00049200",4,1,3
"E00049201",4,1,3
"E00049202",7,3,4
"E00049203",1,0,1
"E00049204",0,0,0
"E00049205",1,0,1
"E00049206",5,2,3
"E00049207",4,3,1
"E00049208",3,0,3
"E00049209",6,5,1
"E00049210",4,1,3
"E00049211",0,0,0
"E00049212",0,0,0
"E00049213",4,2,2
"E00049214",2,1,1
"E00049215",3,1,2
"E00049216",3,0,3
"E00049217",2,2,0
"E00049218",3,2,1
"E00049219",8,3,5
"E00049220",6,2,4
"E00049221",1,0,1
"E00049222",1,1,0
"E00049223",7,4,3
"E00049224",4,2,2
"E00049225",0,0,0
"E00049226",3,1,2
"E00049227",10,7,3
"E00049228",1,0,1
"E00049229",1,1,0
"E00049230",0,0,0
"E00049231",1,1,0
"E00049232",4,2,2
"E00049233",2,0,2
"E00049234",4,0,4
"E00049235",1,0,1
"E00049236",1,0,1
"E00049237",6,1,5
"E00049238",2,2,0
"E00049239",2,2,0
"E00049240",0,0,0
"E00049241",4,3,1
"E00049242",3,1,2
"E00049243",1,0,1
"E00049244",1,1,0
"E00049245",2,1,1
"E00049246",5,2,3
"E00049247",4,3,1
"E00049248",1,1,0
"E00049249",1,0,1
"E00049250",3,3,0
"E00049251",1,0,1
"E00049252",3,2,1
"E00049253",0,0,0
"E00049254",5,0,5
"E00049255",1,1,0
"E00049256",4,4,0
"E00049257",1,0,1
"E00049258",1,1,0
"E00049259",3,0,3
"E00049260",4,1,3
"E00049261",2,1,1
"E00049262",2,1,1
"E00049263",1,0,1
"E00049264",5,3,2
"E00049265",1,1,0
"E00049266",0,0,0
"E00049267",5,2,3
"E00049268",4,1,3
"E00049269",4,1,3
"E00049270",5,3,2
"E00049271",1,1,0
"E00049272",3,1,2
"E00049273",4,3,1
"E00049274",6,2,4
"E00049275",4,1,3
"E00049276",2,0,2
"E00049277",6,4,2
"E00049278",1,0,1
"E00049279",6,4,2
"E00049280",5,2,3
"E00049281",1,1,0
"E00049282",2,0,2
"E00049283",1,0,1
"E00049284",1,0,1
"E00049285",0,0,0
"E00049286",7,3,4
"E00049287",1,0,1
"E00049288",0,0,0
"E00049289",3,0,3
"E00049290",0,0,0
"E00049291",1,1,0
"E00049292",1,1,0
"E00049293",2,1,1
"E00049294",3,0,3
"E00049295",0,0,0
"E00049296",2,0,2
"E00049297",1,1,0
"E00049298",0,0,0
"E00049299",1,1,0
"E00049300",0,0,0
"E00049301",2,2,0
"E00049302",6,3,3
"E00049303",0,0,0
"E00049304",0,0,0
"E00049305",1,1,0
"E00049306",4,3,1
"E00049307",2,1,1
"E00049308",0,0,0
"E00049309",7,3,4
"E00049311",0,0,0
"E00049312",1,0,1
"E00049313",1,1,0
"E00049314",2,0,2
"E00049315",1,0,1
"E00049316",1,1,0
"E00049317",1,0,1
"E00049318",0,0,0
"E00049319",2,2,0
"E00049320",2,0,2
"E00049321",1,1,0
"E00049322",0,0,0
"E00049323",1,1,0
"E00049324",1,0,1
"E00049325",1,1,0
"E00049326",6,4,2
"E00049327",1,0,1
"E00049328",4,2,2
"E00049329",0,0,0
"E00049330",2,0,2
"E00049331",1,0,1
"E00049332",2,1,1
"E00049333",2,1,1
"E00049334",0,0,0
"E00049335",1,1,0
"E00049336",1,0,1
"E00049337",1,1,0
"E00049338",3,2,1
"E00049339",0,0,0
"E00049340",2,1,1
"E00049341",1,0,1
"E00049342",2,1,1
"E00049343",0,0,0
"E00049344",0,0,0
"E00049345",2,2,0
"E00049346",0,0,0
"E00049347",2,1,1
"E00049348",1,0,1
"E00049349",0,0,0
"E00049350",1,0,1
"E00049351",5,2,3
"E00049352",0,0,0
"E00049353",2,1,1
"E00049354",0,0,0
"E00049355",0,0,0
"E00049356",2,2,0
"E00049357",0,0,0
"E00049358",8,1,7
"E00049359",0,0,0
"E00049360",4,2,2
"E00049361",2,1,1
"E00049362",2,1,1
"E00049363",0,0,0
"E00049365",4,4,0
"E00049366",0,0,0
"E00049368",2,0,2
"E00049369",0,0,0
"E00049370",4,1,3
"E00049371",0,0,0
"E00049373",2,2,0
"E00049374",0,0,0
"E00049375",1,0,1
"E00049376",1,0,1
"E00049377",1,0,1
"E00049378",3,2,1
"E00049379",0,0,0
"E00049380",2,0,2
"E00049381",0,0,0
"E00049382",1,0,1
"E00049383",4,2,2
"E00049384",2,1,1
"E00049385",0,0,0
"E00049386",1,1,0
"E00049387",1,1,0
"E00049388",2,2,0
"E00049389",1,1,0
"E00049390",0,0,0
"E00049391",0,0,0
"E00049392",0,0,0
"E00049393",2,0,2
"E00049394",2,1,1
"E00049395",2,1,1
"E00049396",1,1,0
"E00049397",2,0,2
"E00049398",0,0,0
"E00049399",0,0,0
"E00049400",0,0,0
"E00049401",2,0,2
"E00049402",0,0,0
"E00049403",0,0,0
"E00049404",0,0,0
"E00049405",1,1,0
"E00049406",0,0,0
"E00049407",2,1,1
"E00049408",2,2,0
"E00049409",0,0,0
"E00049410",2,0,2
"E00049411",0,0,0
"E00049412",1,0,1
"E00049413",1,0,1
"E00049414",4,1,3
"E00049415",3,2,1
"E00049416",1,1,0
"E00049417",1,0,1
"E00049418",3,3,0
"E00049419",2,1,1
"E00049420",3,1,2
"E00049421",2,0,2
"E00049422",0,0,0
"E00049423",2,2,0
"E00049424",2,2,0
"E00049425",3,3,0
"E00049426",1,1,0
"E00049427",0,0,0
"E00049428",2,2,0
"E00049429",0,0,0
"E00049430",0,0,0
"E00049431",1,0,1
"E00049432",1,1,0
"E00049433",4,1,3
"E00049434",5,5,0
"E00049435",0,0,0
"E00049436",1,1,0
"E00049437",2,0,2
"E00049438",0,0,0
"E00049439",3,1,2
"E00049440",0,0,0
"E00049441",3,0,3
"E00049442",5,4,1
"E00049443",3,1,2
"E00049444",1,1,0
"E00049445",2,1,1
"E00049446",1,0,1
"E00049447",5,2,3
"E00049448",1,0,1
"E00049449",1,1,0
"E00049450",2,2,0
"E00049451",1,0,1
"E00049452",3,2,1
"E00049453",0,0,0
"E00049454",0,0,0
"E00049455",1,0,1
"E00049456",1,0,1
"E00049457",1,0,1
"E00049458",4,3,1
"E00049459",1,0,1
"E00049460",3,0,3
"E00049461",2,2,0
"E00049462",2,1,1
"E00049463",0,0,0
"E00049464",0,0,0
"E00049465",8,1,7
"E00049466",7,2,5
"E00049467",0,0,0
"E00049468",1,0,1
"E00049469",2,0,2
"E00049470",3,1,2
"E00049471",4,0,4
"E00049472",0,0,0
"E00049473",1,0,1
"E00049474",2,1,1
"E00049475",0,0,0
"E00049476",2,1,1
"E00049477",7,3,4
"E00049478",7,3,4
"E00049479",1,1,0
"E00049480",4,0,4
"E00049481",2,2,0
"E00049482",3,1,2
"E00049483",7,4,3
"E00049484",10,5,5
"E00049485",6,4,2
"E00049486",3,1,2
"E00049487",1,1,0
"E00049488",3,2,1
"E00049489",1,0,1
"E00049490",1,0,1
"E00049491",4,1,3
"E00049492",1,0,1
"E00049493",0,0,0
"E00049494",3,1,2
"E00049495",2,0,2
"E00049496",1,1,0
"E00049497",4,4,0
"E00049498",1,0,1
"E00049499",4,2,2
"E00049500",1,0,1
"E00049501",1,0,1
"E00049502",2,2,0
"E00049503",3,1,2
"E00049504",0,0,0
"E00049505",3,1,2
"E00049506",5,4,1
"E00049507",1,1,0
"E00049508",2,0,2
"E00049509",1,1,0
"E00049510",1,1,0
"E00049511",8,4,4
"E00049512",9,3,6
"E00049513",1,1,0
"E00049514",2,1,1
"E00049515",0,0,0
"E00049516",2,0,2
"E00049517",0,0,0
"E00049518",1,1,0
"E00049519",0,0,0
"E00049520",1,1,0
"E00049521",0,0,0
"E00049522",3,2,1
"E00049523",5,3,2
"E00049524",2,1,1
"E00049525",1,1,0
"E00049526",1,0,1
"E00049527",1,1,0
"E00049528",0,0,0
"E00049529",1,0,1
"E00049530",0,0,0
"E00049531",0,0,0
"E00049532",1,0,1
"E00049533",1,0,1
"E00049534",3,2,1
"E00049535",2,0,2
"E00049536",1,0,1
"E00049537",5,2,3
"E00049538",9,4,5
"E00049539",3,3,0
"E00049540",0,0,0
"E00049541",5,1,4
"E00049542",1,1,0
"E00049543",6,4,2
"E00049544",2,1,1
"E00049545",2,2,0
"E00049546",1,1,0
"E00049547",1,1,0
"E00049548",3,2,1
"E00049549",6,4,2
"E00049550",1,0,1
"E00049551",0,0,0
"E00049552",2,1,1
"E00049553",6,3,3
"E00049554",7,6,1
"E00049555",5,2,3
"E00049556",4,2,2
"E00049557",1,1,0
"E00049558",1,1,0
"E00049559",0,0,0
"E00049560",1,0,1
"E00049561",1,0,1
"E00049562",0,0,0
"E00049563",3,2,1
"E00049564",5,2,3
"E00049565",1,0,1
"E00049566",2,0,2
"E00049567",0,0,0
"E00049568",3,1,2
"E00049569",0,0,0
"E00049570",0,0,0
"E00049571",5,0,5
"E00049572",4,2,2
"E00049573",5,1,4
"E00049574",1,0,1
"E00049575",2,1,1
"E00049576",3,2,1
"E00049577",8,4,4
"E00049578",3,0,3
"E00049579",4,1,3
"E00049580",3,0,3
"E00049581",4,2,2
"E00049582",2,1,1
"E00049583",1,0,1
"E00049584",9,7,2
"E00049585",0,0,0
"E00049586",8,5,3
"E00049587",8,3,5
"E00049588",6,4,2
"E00049589",5,4,1
"E00049590",4,3,1
"E00049591",5,3,2
"E00049592",3,2,1
"E00049593",0,0,0
"E00049594",6,4,2
"E00049595",2,2,0
"E00049596",5,3,2
"E00049597",3,1,2
"E00049598",3,0,3
"E00049599",3,2,1
"E00049600",1,0,1
"E00049601",11,5,6
"E00049602",0,0,0
"E00049603",7,3,4
"E00049604",6,1,5
"E00049605",8,2,6
"E00049606",3,1,2
"E00049607",3,1,2
"E00049608",0,0,0
"E00049609",1,1,0
"E00049610",3,2,1
"E00049611",6,3,3
"E00049612",7,3,4
"E00049613",1,1,0
"E00049614",6,2,4
"E00049615",6,5,1
"E00049616",3,2,1
"E00049617",5,1,4
"E00049618",6,5,1
"E00049619",4,4,0
"E00049620",1,0,1
"E00049621",3,0,3
"E00049622",1,1,0
"E00049623",1,1,0
"E00049624",5,2,3
"E00049625",1,1,0
"E00049626",2,1,1
"E00049627",8,4,4
"E00049628",4,4,0
"E00049629",8,5,3
"E00049630",2,1,1
"E00049631",4,2,2
"E00049632",2,1,1
"E00049633",9,4,5
"E00049634",2,1,1
"E00049635",6,2,4
"E00049636",2,1,1
"E00049637",6,1,5
"E00049638",9,3,6
"E00049639",3,1,2
"E00049640",1,1,0
"E00049641",5,3,2
"E00049642",3,1,2
"E00049643",9,7,2
"E00049644",3,0,3
"E00049645",5,4,1
"E00049646",7,3,4
"E00049647",5,4,1
"E00049648",2,0,2
"E00049649",0,0,0
"E00049650",3,1,2
"E00049651",0,0,0
"E00049652",1,0,1
"E00049653",1,0,1
"E00049654",2,2,0
"E00049655",1,1,0
"E00049656",4,1,3
"E00049657",0,0,0
"E00049658",3,2,1
"E00049659",6,3,3
"E00049660",1,0,1
"E00049661",2,1,1
"E00049662",1,0,1
"E00049663",4,2,2
"E00049664",5,1,4
"E00049665",5,3,2
"E00049666",6,3,3
"E00049667",0,0,0
"E00049668",4,3,1
"E00049669",2,1,1
"E00049670",11,7,4
"E00049671",16,7,9
"E00049672",0,0,0
"E00049673",2,1,1
"E00049674",4,3,1
"E00049675",3,0,3
"E00049676",1,1,0
"E00049677",1,1,0
"E00049678",6,3,3
"E00049679",2,0,2
"E00049680",1,0,1
"E00049681",2,0,2
"E00049682",5,2,3
"E00049683",3,2,1
"E00049684",5,3,2
"E00049685",3,0,3
"E00049686",7,3,4
"E00049687",4,2,2
"E00049688",8,3,5
"E00049689",3,2,1
"E00049690",4,4,0
"E00049691",2,2,0
"E00049692",1,0,1
"E00049693",7,2,5
"E00049694",8,4,4
"E00049695",9,4,5
"E00049696",7,2,5
"E00049697",3,0,3
"E00049698",5,2,3
"E00049699",1,0,1
"E00049700",9,6,3
"E00049701",0,0,0
"E00049702",8,7,1
"E00049703",1,1,0
"E00049704",7,3,4
"E00049705",1,1,0
"E00049706",4,3,1
"E00049707",1,0,1
"E00049708",0,0,0
"E00049709",2,0,2
"E00049710",0,0,0
"E00049711",6,2,4
"E00049712",2,0,2
"E00049713",3,2,1
"E00049714",7,4,3
"E00049715",2,0,2
"E00049716",5,3,2
"E00049717",0,0,0
"E00049718",1,1,0
"E00049719",10,6,4
"E00049720",5,2,3
"E00049721",6,3,3
"E00049722",5,5,0
"E00049723",1,0,1
"E00049724",1,0,1
"E00049725",2,1,1
"E00049726",2,1,1
"E00049727",0,0,0
"E00049728",3,0,3
"E00049729",0,0,0
"E00049730",2,1,1
"E00049731",4,3,1
"E00049732",8,4,4
"E00049733",3,1,2
"E00049734",0,0,0
"E00049735",0,0,0
"E00049736",0,0,0
"E00049737",2,2,0
"E00049738",1,0,1
"E00049739",2,1,1
"E00049740",2,1,1
"E00049741",1,0,1
"E00049742",0,0,0
"E00049743",4,3,1
"E00049744",3,2,1
"E00049745",13,6,7
"E00049746",3,0,3
"E00049747",1,0,1
"E00049748",2,0,2
"E00049749",1,0,1
"E00049750",2,1,1
"E00049751",1,1,0
"E00049752",2,1,1
"E00049753",0,0,0
"E00049754",3,1,2
"E00049755",0,0,0
"E00049756",1,0,1
"E00049757",0,0,0
"E00049758",3,2,1
"E00049759",3,1,2
"E00049760",0,0,0
"E00049761",1,0,1
"E00049762",0,0,0
"E00049763",0,0,0
"E00049764",2,1,1
"E00049765",4,3,1
"E00049766",2,2,0
"E00049767",1,1,0
"E00049768",0,0,0
"E00049769",1,0,1
"E00049770",1,0,1
"E00049771",7,1,6
"E00049772",1,0,1
"E00049773",2,1,1
"E00049774",0,0,0
"E00049775",3,2,1
"E00049776",0,0,0
"E00049777",0,0,0
"E00049778",1,1,0
"E00049779",0,0,0
"E00049780",2,1,1
"E00049781",1,0,1
"E00049782",3,1,2
"E00049783",2,0,2
"E00049784",1,0,1
"E00049785",1,0,1
"E00049786",1,0,1
"E00049787",3,2,1
"E00049788",0,0,0
"E00049789",5,2,3
"E00049790",1,0,1
"E00049791",1,1,0
"E00049792",1,1,0
"E00049793",1,0,1
"E00049794",0,0,0
"E00049795",3,1,2
"E00049796",0,0,0
"E00049797",5,3,2
"E00049798",7,3,4
"E00049799",0,0,0
"E00049800",1,0,1
"E00049801",3,1,2
"E00049802",3,2,1
"E00049803",1,1,0
"E00049804",5,3,2
"E00049805",7,5,2
"E00049806",7,5,2
"E00049807",3,1,2
"E00049808",1,0,1
"E00049809",0,0,0
"E00049810",6,0,6
"E00049811",0,0,0
"E00049812",4,2,2
"E00049813",3,2,1
"E00049814",7,3,4
"E00049815",5,4,1
"E00049816",12,9,3
"E00049817",1,0,1
"E00049818",3,2,1
"E00049819",7,4,3
"E00049820",1,0,1
"E00049821",8,4,4
"E00049822",0,0,0
"E00049823",9,3,6
"E00049824",6,2,4
"E00049825",5,1,4
"E00049826",3,1,2
"E00049827",3,3,0
"E00049828",1,1,0
"E00049829",8,4,4
"E00049830",8,2,6
"E00049831",4,3,1
"E00049832",3,3,0
"E00049833",1,1,0
"E00049834",11,7,4
"E00049835",5,4,1
"E00049836",11,4,7
"E00049837",9,8,1
"E00049838",14,7,7
"E00049839",7,2,5
"E00049840",5,4,1
"E00049841",0,0,0
"E00049842",3,1,2
"E00049843",6,4,2
"E00049844",0,0,0
"E00049845",7,3,4
"E00049846",3,2,1
"E00049847",1,0,1
"E00049848",8,3,5
"E00049849",4,4,0
"E00049850",5,3,2
"E00049851",4,1,3
"E00049852",3,2,1
"E00049853",0,0,0
"E00049854",1,1,0
"E00049855",1,0,1
"E00049856",8,6,2
"E00049857",9,1,8
"E00049858",8,7,1
"E00049859",4,1,3
"E00049860",10,5,5
"E00049861",2,1,1
"E00049862",2,0,2
"E00049863",10,4,6
"E00049864",9,8,1
"E00049865",0,0,0
"E00049866",3,1,2
"E00049867",7,3,4
"E00049868",5,3,2
"E00049869",16,8,8
"E00049870",10,5,5
"E00049871",2,2,0
"E00049872",10,2,8
"E00049873",0,0,0
"E00049874",6,3,3
"E00049875",0,0,0
"E00049876",4,3,1
"E00049877",0,0,0
"E00049878",2,1,1
"E00049879",3,1,2
"E00049880",3,2,1
"E00049881",4,2,2
"E00049882",39,39,0
"E00049883",1,1,0
"E00049884",4,2,2
"E00049885",2,2,0
"E00049886",1,0,1
"E00049887",3,1,2
"E00049888",2,0,2
"E00049889",4,2,2
"E00049890",5,4,1
"E00049891",1,0,1
"E00049892",7,3,4
"E00049893",0,0,0
"E00049894",1,0,1
"E00049895",0,0,0
"E00049896",4,2,2
"E00049897",2,1,1
"E00049898",4,1,3
"E00049899",3,0,3
"E00049900",2,1,1
"E00049901",5,2,3
"E00049902",1,1,0
"E00049903",1,1,0
"E00049904",3,0,3
"E00049905",2,0,2
"E00049906",3,3,0
"E00049907",1,0,1
"E00049908",0,0,0
"E00049909",0,0,0
"E00049910",1,0,1
"E00049911",1,0,1
"E00049912",0,0,0
"E00049913",3,2,1
"E00049914",0,0,0
"E00049915",3,1,2
"E00049916",0,0,0
"E00049917",4,2,2
"E00049918",5,5,0
"E00049919",3,3,0
"E00049920",0,0,0
"E00049921",0,0,0
"E00049922",3,2,1
"E00049923",0,0,0
"E00049924",2,1,1
"E00049925",2,1,1
"E00049926",2,1,1
"E00049927",2,1,1
"E00049928",1,1,0
"E00049929",1,0,1
"E00049930",0,0,0
"E00049931",3,1,2
"E00049932",1,1,0
"E00049933",1,1,0
"E00049934",1,0,1
"E00049935",2,2,0
"E00049936",1,0,1
"E00049937",1,1,0
"E00049938",0,0,0
"E00049939",0,0,0
"E00049940",3,2,1
"E00049941",4,3,1
"E00049942",0,0,0
"E00049943",0,0,0
"E00049944",1,1,0
"E00049945",1,0,1
"E00049946",0,0,0
"E00049947",1,1,0
"E00049948",3,2,1
"E00049949",2,1,1
"E00049950",1,0,1
"E00049951",0,0,0
"E00049952",1,0,1
"E00049953",0,0,0
"E00049954",3,1,2
"E00049955",1,0,1
"E00049956",1,0,1
"E00049957",0,0,0
"E00049958",1,1,0
"E00049959",1,1,0
"E00049960",0,0,0
"E00049961",1,1,0
"E00049962",1,0,1
"E00049963",2,1,1
"E00049964",0,0,0
"E00049966",0,0,0
"E00049967",1,0,1
"E00049968",1,1,0
"E00049969",3,1,2
"E00049970",0,0,0
"E00049971",4,2,2
"E00049973",0,0,0
"E00049974",4,3,1
"E00049975",0,0,0
"E00049976",0,0,0
"E00049977",5,1,4
"E00049979",2,1,1
"E00049980",3,1,2
"E00049981",0,0,0
"E00049982",1,0,1
"E00049983",0,0,0
"E00049985",2,2,0
"E00049986",4,2,2
"E00049987",2,0,2
"E00049988",0,0,0
"E00049989",0,0,0
"E00049990",4,2,2
"E00049991",1,0,1
"E00049992",0,0,0
"E00049993",4,3,1
"E00049994",1,1,0
"E00049995",1,0,1
"E00049996",7,6,1
"E00049997",0,0,0
"E00049998",1,1,0
"E00049999",2,2,0
"E00050000",4,3,1
"E00050001",0,0,0
"E00050002",4,2,2
"E00050003",0,0,0
"E00050004",0,0,0
"E00050005",4,1,3
"E00050006",1,1,0
"E00050007",0,0,0
"E00050008",6,2,4
"E00050009",4,1,3
"E00050010",4,2,2
"E00050011",2,1,1
"E00050012",7,3,4
"E00050013",1,1,0
"E00050014",0,0,0
"E00050015",1,1,0
"E00050016",5,1,4
"E00050017",6,3,3
"E00050018",0,0,0
"E00050019",5,3,2
"E00050020",2,1,1
"E00050021",3,2,1
"E00050022",0,0,0
"E00050023",5,2,3
"E00050024",0,0,0
"E00050025",1,0,1
"E00050026",2,0,2
"E00050027",2,0,2
"E00050028",2,0,2
"E00050029",2,1,1
"E00050030",0,0,0
"E00050031",3,1,2
"E00050032",0,0,0
"E00050033",3,2,1
"E00050034",0,0,0
"E00050035",1,0,1
"E00050036",0,0,0
"E00050037",1,1,0
"E00050038",0,0,0
"E00050039",4,2,2
"E00050040",1,1,0
"E00050041",2,1,1
"E00050042",3,2,1
"E00050043",2,0,2
"E00050044",2,2,0
"E00050045",1,0,1
"E00050046",4,1,3
"E00050047",2,1,1
"E00050048",1,0,1
"E00050049",3,1,2
"E00050050",1,1,0
"E00050051",4,4,0
"E00050052",1,1,0
"E00050053",0,0,0
"E00050054",3,1,2
"E00050055",4,0,4
"E00050056",3,2,1
"E00050057",9,6,3
"E00050058",0,0,0
"E00050059",1,0,1
"E00050060",0,0,0
"E00050061",1,0,1
"E00050062",4,4,0
"E00050063",1,0,1
"E00050064",0,0,0
"E00050065",2,1,1
"E00050066",7,2,5
"E00050067",1,0,1
"E00050068",3,2,1
"E00050069",2,2,0
"E00050070",0,0,0
"E00050071",2,0,2
"E00050072",4,2,2
"E00050073",1,1,0
"E00050074",1,1,0
"E00050075",3,1,2
"E00050076",0,0,0
"E00050077",4,3,1
"E00050078",7,6,1
"E00050079",3,2,1
"E00050080",3,2,1
"E00050081",1,1,0
"E00050082",0,0,0
"E00050083",6,3,3
"E00050084",5,3,2
"E00050085",3,1,2
"E00050086",0,0,0
"E00050087",0,0,0
"E00050088",1,0,1
"E00050089",2,1,1
"E00050090",3,2,1
"E00050091",1,0,1
"E00050092",3,1,2
"E00050093",1,1,0
"E00050094",2,1,1
"E00050095",3,2,1
"E00050096",7,5,2
"E00050097",1,1,0
"E00050098",0,0,0
"E00050099",5,3,2
"E00050100",2,1,1
"E00050101",2,1,1
"E00050102",1,1,0
"E00050103",0,0,0
"E00050104",2,1,1
"E00050105",8,3,5
"E00050106",8,1,7
"E00050107",7,4,3
"E00050108",10,5,5
"E00050109",1,0,1
"E00050110",5,2,3
"E00050111",7,6,1
"E00050112",9,6,3
"E00050113",3,2,1
"E00050114",0,0,0
"E00050115",3,0,3
"E00050116",0,0,0
"E00050117",2,1,1
"E00050118",0,0,0
"E00050119",2,1,1
"E00050120",2,2,0
"E00050121",5,4,1
"E00050122",2,1,1
"E00050123",0,0,0
"E00050124",4,2,2
"E00050125",0,0,0
"E00050126",0,0,0
"E00050127",3,1,2
"E00050128",5,3,2
"E00050129",6,3,3
"E00050130",2,0,2
"E00050131",2,1,1
"E00050132",6,4,2
"E00050133",0,0,0
"E00050134",1,1,0
"E00050135",2,1,1
"E00050136",7,6,1
"E00050137",0,0,0
"E00050138",0,0,0
"E00050139",1,1,0
"E00050140",2,0,2
"E00050141",7,4,3
"E00050142",2,0,2
"E00050143",1,0,1
"E00050144",1,0,1
"E00050145",3,3,0
"E00050146",0,0,0
"E00050147",4,2,2
"E00050148",1,0,1
"E00050149",1,1,0
"E00050150",0,0,0
"E00050151",1,0,1
"E00050152",0,0,0
"E00050153",0,0,0
"E00050154",3,1,2
"E00050155",8,4,4
"E00050156",0,0,0
"E00050157",2,2,0
"E00050158",5,3,2
"E00050159",1,1,0
"E00050160",6,2,4
"E00050161",0,0,0
"E00050163",1,0,1
"E00050164",0,0,0
"E00050165",0,0,0
"E00050166",2,1,1
"E00050167",1,0,1
"E00050168",3,1,2
"E00050169",0,0,0
"E00050170",2,1,1
"E00050171",5,3,2
"E00050172",1,1,0
"E00050173",4,3,1
"E00050174",2,0,2
"E00050175",4,1,3
"E00050176",2,0,2
"E00050177",6,3,3
"E00050178",1,0,1
"E00050179",4,2,2
"E00050180",7,0,7
"E00050181",3,1,2
"E00050182",1,0,1
"E00050183",0,0,0
"E00050184",1,0,1
"E00050185",1,0,1
"E00050186",0,0,0
"E00050187",0,0,0
"E00050188",2,1,1
"E00050189",2,1,1
"E00050190",5,2,3
"E00050191",0,0,0
"E00050192",2,1,1
"E00050193",4,2,2
"E00050194",0,0,0
"E00050195",0,0,0
"E00050196",2,0,2
"E00050197",4,1,3
"E00050198",2,1,1
"E00050199",1,0,1
"E00050200",11,6,5
"E00050201",0,0,0
"E00050202",4,0,4
"E00050203",5,2,3
"E00050204",0,0,0
"E00050205",1,1,0
"E00050206",2,1,1
"E00050207",10,3,7
"E00050208",6,2,4
"E00050209",0,0,0
"E00050210",1,0,1
"E00050211",5,3,2
"E00050212",4,1,3
"E00050213",1,1,0
"E00050214",1,0,1
"E00050215",4,2,2
"E00050216",1,1,0
"E00050217",2,2,0
"E00050218",4,3,1
"E00050219",10,5,5
"E00050220",10,5,5
"E00050221",0,0,0
"E00050222",0,0,0
"E00050223",0,0,0
"E00050224",1,1,0
"E00050225",1,0,1
"E00050226",0,0,0
"E00050227",2,0,2
"E00050228",3,1,2
"E00050229",3,2,1
"E00050230",0,0,0
"E00050231",1,0,1
"E00050232",0,0,0
"E00050233",1,1,0
"E00050234",3,2,1
"E00050235",1,1,0
"E00050236",0,0,0
"E00050237",1,0,1
"E00050238",0,0,0
"E00050239",0,0,0
"E00050240",1,1,0
"E00050241",1,0,1
"E00050242",0,0,0
"E00050243",0,0,0
"E00050244",1,0,1
"E00050245",1,0,1
"E00050246",0,0,0
"E00050248",3,2,1
"E00050249",0,0,0
"E00050250",0,0,0
"E00050251",10,6,4
"E00050252",0,0,0
"E00050253",5,2,3
"E00050254",1,1,0
"E00050255",2,1,1
"E00050256",6,2,4
"E00050257",0,0,0
"E00050258",1,0,1
"E00050259",0,0,0
"E00050260",0,0,0
"E00050261",1,1,0
"E00050262",0,0,0
"E00050263",0,0,0
"E00050264",0,0,0
"E00050265",1,1,0
"E00050266",1,0,1
"E00050267",3,2,1
"E00050268",2,1,1
"E00050269",0,0,0
"E00050270",0,0,0
"E00050271",2,2,0
"E00050272",2,2,0
"E00050273",2,2,0
"E00050274",1,0,1
"E00050275",4,3,1
"E00050276",0,0,0
"E00050277",0,0,0
"E00050278",2,2,0
"E00050279",3,3,0
"E00050280",2,0,2
"E00050281",1,0,1
"E00050282",0,0,0
"E00050283",1,0,1
"E00050284",1,0,1
"E00050285",1,0,1
"E00050286",3,2,1
"E00050287",0,0,0
"E00050288",0,0,0
"E00050289",2,1,1
"E00050290",2,2,0
"E00050291",2,1,1
"E00050292",2,0,2
"E00050293",0,0,0
"E00050294",1,0,1
"E00050295",0,0,0
"E00050296",2,1,1
"E00050297",1,0,1
"E00050298",6,2,4
"E00050299",2,1,1
"E00050300",0,0,0
"E00050301",0,0,0
"E00050302",1,1,0
"E00050303",5,3,2
"E00050304",10,7,3
"E00050305",0,0,0
"E00050306",1,1,0
"E00050307",3,1,2
"E00050308",1,0,1
"E00050309",8,2,6
"E00050310",6,3,3
"E00050311",5,0,5
"E00050312",1,1,0
"E00050313",4,3,1
"E00050314",1,1,0
"E00050315",2,1,1
"E00050316",5,2,3
"E00050317",0,0,0
"E00050318",5,3,2
"E00050319",0,0,0
"E00050320",0,0,0
"E00050321",0,0,0
"E00050322",2,0,2
"E00050323",4,4,0
"E00050324",3,2,1
"E00050325",1,1,0
"E00050326",6,5,1
"E00050327",0,0,0
"E00050328",0,0,0
"E00050329",2,0,2
"E00050330",7,5,2
"E00050331",0,0,0
"E00050332",3,1,2
"E00050333",0,0,0
"E00050334",4,3,1
"E00050335",3,2,1
"E00050336",3,2,1
"E00050337",5,3,2
"E00050338",1,1,0
"E00050339",1,0,1
"E00050341",0,0,0
"E00050342",0,0,0
"E00050343",2,0,2
"E00050344",3,3,0
"E00050345",2,2,0
"E00050347",5,4,1
"E00050348",5,2,3
"E00050349",2,1,1
"E00050350",2,1,1
"E00050351",1,1,0
"E00050352",8,4,4
"E00050353",2,0,2
"E00050354",2,1,1
"E00050355",0,0,0
"E00050356",8,3,5
"E00050357",2,2,0
"E00050358",2,0,2
"E00050359",0,0,0
"E00050360",1,0,1
"E00050361",1,0,1
"E00050362",1,1,0
"E00050363",1,0,1
"E00050364",0,0,0
"E00050365",2,0,2
"E00050366",2,2,0
"E00050367",2,0,2
"E00050368",1,1,0
"E00050369",0,0,0
"E00050370",2,1,1
"E00050371",0,0,0
"E00050372",0,0,0
"E00050373",3,1,2
"E00050374",0,0,0
"E00050375",1,0,1
"E00050376",2,1,1
"E00050377",0,0,0
"E00050378",2,1,1
"E00050379",0,0,0
"E00050380",3,2,1
"E00050381",0,0,0
"E00050382",2,2,0
"E00050383",1,0,1
"E00050384",0,0,0
"E00050385",0,0,0
"E00050386",0,0,0
"E00050387",2,1,1
"E00050388",1,1,0
"E00050389",0,0,0
"E00050390",3,0,3
"E00050391",1,0,1
"E00050392",0,0,0
"E00050393",0,0,0
"E00050394",2,0,2
"E00050395",5,2,3
"E00050396",0,0,0
"E00050397",4,2,2
"E00050398",1,1,0
"E00050399",1,0,1
"E00050400",1,1,0
"E00050401",3,2,1
"E00050402",3,1,2
"E00050403",3,3,0
"E00050404",1,0,1
"E00050405",2,2,0
"E00050406",1,0,1
"E00050407",0,0,0
"E00050408",3,2,1
"E00050409",1,0,1
"E00050410",1,1,0
"E00050411",0,0,0
"E00050412",0,0,0
"E00050413",1,1,0
"E00050414",0,0,0
"E00050415",2,0,2
"E00050416",0,0,0
"E00050417",1,1,0
"E00050418",1,0,1
"E00050419",1,0,1
"E00050420",3,2,1
"E00050422",1,0,1
"E00050423",0,0,0
"E00050424",4,2,2
"E00050425",5,1,4
"E00050426",0,0,0
"E00050427",9,5,4
"E00050428",3,3,0
"E00050429",6,4,2
"E00050430",4,1,3
"E00050431",3,2,1
"E00050432",3,3,0
"E00050433",6,3,3
"E00050434",4,4,0
"E00050435",7,5,2
"E00050436",3,1,2
"E00050437",3,2,1
"E00050438",1,0,1
"E00050439",9,4,5
"E00050440",9,5,4
"E00050441",3,1,2
"E00050442",1,1,0
"E00050443",1,1,0
"E00050444",0,0,0
"E00050445",4,1,3
"E00050446",9,3,6
"E00050447",3,3,0
"E00050448",8,4,4
"E00050449",2,2,0
"E00050450",14,4,10
"E00050451",6,5,1
"E00050452",7,4,3
"E00050453",0,0,0
"E00050454",1,1,0
"E00050455",2,1,1
"E00050456",2,2,0
"E00050457",2,0,2
"E00050458",4,1,3
"E00050459",2,0,2
"E00050460",3,1,2
"E00050461",2,2,0
"E00050462",1,0,1
"E00050463",3,1,2
"E00050464",0,0,0
"E00050465",1,0,1
"E00050466",4,0,4
"E00050468",0,0,0
"E00050469",0,0,0
"E00050470",1,0,1
"E00050471",1,1,0
"E00050472",5,1,4
"E00050473",1,0,1
"E00050474",1,1,0
"E00050475",0,0,0
"E00050476",2,0,2
"E00050477",0,0,0
"E00050478",3,3,0
"E00050479",2,2,0
"E00050480",3,0,3
"E00050481",4,4,0
"E00050482",0,0,0
"E00050483",0,0,0
"E00050484",0,0,0
"E00050485",0,0,0
"E00050486",0,0,0
"E00050487",1,1,0
"E00050488",0,0,0
"E00050489",0,0,0
"E00050490",0,0,0
"E00050491",0,0,0
"E00050492",0,0,0
"E00050493",0,0,0
"E00050494",0,0,0
"E00050495",3,1,2
"E00050496",1,1,0
"E00050497",0,0,0
"E00050499",2,1,1
"E00050501",1,0,1
"E00050502",3,0,3
"E00050503",3,3,0
"E00050504",0,0,0
"E00050505",3,2,1
"E00050506",0,0,0
"E00050509",0,0,0
"E00050510",0,0,0
"E00050511",1,0,1
"E00050512",1,0,1
"E00050513",0,0,0
"E00050514",4,3,1
"E00050515",1,0,1
"E00050516",3,2,1
"E00050517",0,0,0
"E00050518",2,0,2
"E00050519",2,1,1
"E00050520",0,0,0
"E00050521",2,1,1
"E00050523",3,1,2
"E00050524",0,0,0
"E00050525",2,1,1
"E00050526",0,0,0
"E00050528",1,0,1
"E00050529",3,0,3
"E00050530",2,2,0
"E00050531",4,2,2
"E00050532",0,0,0
"E00050533",2,1,1
"E00050534",2,1,1
"E00050535",1,0,1
"E00050536",2,2,0
"E00050537",0,0,0
"E00050538",4,2,2
"E00050539",1,1,0
"E00050540",4,2,2
"E00050541",6,1,5
"E00050542",2,0,2
"E00050543",3,2,1
"E00050544",1,0,1
"E00050545",4,3,1
"E00050546",4,0,4
"E00050547",2,2,0
"E00050548",1,0,1
"E00050549",0,0,0
"E00050550",10,6,4
"E00050551",5,4,1
"E00050552",1,1,0
"E00050553",0,0,0
"E00050554",0,0,0
"E00050555",2,2,0
"E00050556",3,0,3
"E00050557",1,0,1
"E00050558",0,0,0
"E00050559",3,2,1
"E00050560",0,0,0
"E00050561",1,1,0
"E00050562",3,1,2
"E00050563",2,1,1
"E00050564",9,3,6
"E00050565",1,1,0
"E00050566",2,1,1
"E00050567",2,1,1
"E00050568",1,0,1
"E00050569",1,0,1
"E00050570",0,0,0
"E00050571",0,0,0
"E00050572",4,3,1
"E00050573",4,3,1
"E00050574",0,0,0
"E00050575",1,1,0
"E00050576",5,2,3
"E00050577",0,0,0
"E00050578",2,0,2
"E00050579",0,0,0
"E00050580",4,3,1
"E00050581",1,1,0
"E00050582",1,1,0
"E00050583",1,0,1
"E00050584",4,3,1
"E00050585",1,1,0
"E00050586",0,0,0
"E00050587",3,2,1
"E00050588",1,1,0
"E00050589",2,2,0
"E00050590",1,1,0
"E00050591",0,0,0
"E00050592",0,0,0
"E00050593",1,1,0
"E00050594",2,0,2
"E00050595",1,0,1
"E00050596",0,0,0
"E00050597",4,2,2
"E00050598",3,1,2
"E00050599",1,0,1
"E00050600",1,0,1
"E00050601",4,1,3
"E00050602",5,4,1
"E00050603",1,0,1
"E00050604",1,1,0
"E00050605",2,0,2
"E00050606",5,4,1
"E00050607",1,0,1
"E00050608",2,1,1
"E00050609",0,0,0
"E00050610",2,1,1
"E00050611",0,0,0
"E00050612",0,0,0
"E00050613",0,0,0
"E00050614",3,2,1
"E00050615",1,1,0
"E00050616",0,0,0
"E00050617",2,1,1
"E00050618",0,0,0
"E00050619",1,1,0
"E00050620",0,0,0
"E00050621",1,1,0
"E00050622",2,1,1
"E00050623",1,0,1
"E00050624",7,4,3
"E00050625",3,1,2
"E00050626",2,1,1
"E00050627",5,3,2
"E00050628",4,2,2
"E00050629",0,0,0
"E00050630",9,5,4
"E00050631",1,1,0
"E00050632",0,0,0
"E00050633",5,3,2
"E00050634",4,2,2
"E00050635",6,1,5
"E00050636",0,0,0
"E00050637",4,3,1
"E00050638",2,1,1
"E00050639",4,1,3
"E00050640",1,0,1
"E00050641",1,0,1
"E00050642",3,2,1
"E00050643",4,2,2
"E00050644",0,0,0
"E00050645",4,3,1
"E00050646",3,0,3
"E00050647",1,0,1
"E00050648",4,4,0
"E00050649",1,1,0
"E00050650",6,4,2
"E00050651",1,1,0
"E00050652",5,2,3
"E00050653",0,0,0
"E00050654",1,0,1
"E00050655",2,2,0
"E00050656",4,2,2
"E00050657",8,3,5
"E00050658",5,4,1
"E00050659",2,2,0
"E00050660",1,1,0
"E00050662",2,1,1
"E00050663",3,0,3
"E00050664",0,0,0
"E00050665",0,0,0
"E00050666",1,1,0
"E00050667",0,0,0
"E00050668",1,1,0
"E00050669",0,0,0
"E00050670",3,2,1
"E00050671",1,1,0
"E00050672",3,1,2
"E00050673",0,0,0
"E00050674",1,1,0
"E00050675",2,1,1
"E00050676",2,2,0
"E00050677",3,2,1
"E00050678",6,4,2
"E00050679",1,0,1
"E00050680",0,0,0
"E00050681",0,0,0
"E00050682",2,2,0
"E00050683",3,1,2
"E00050684",1,0,1
"E00050685",3,1,2
"E00050686",5,1,4
"E00050687",0,0,0
"E00050688",4,2,2
"E00050689",0,0,0
"E00050690",5,4,1
"E00050691",3,3,0
"E00050692",2,2,0
"E00050693",1,1,0
"E00050694",4,1,3
"E00050695",2,1,1
"E00050696",2,0,2
"E00050697",7,2,5
"E00050698",2,1,1
"E00050699",3,1,2
"E00050700",0,0,0
"E00050701",2,1,1
"E00050702",0,0,0
"E00050703",0,0,0
"E00050704",2,1,1
"E00050705",4,2,2
"E00050706",0,0,0
"E00050707",3,2,1
"E00050708",0,0,0
"E00050709",3,0,3
"E00050710",1,0,1
"E00050711",3,0,3
"E00050712",0,0,0
"E00050713",4,0,4
"E00050714",2,2,0
"E00050715",2,0,2
"E00050716",6,4,2
"E00050717",4,3,1
"E00050718",3,1,2
"E00050719",0,0,0
"E00050720",5,2,3
"E00050721",0,0,0
"E00050722",0,0,0
"E00050723",6,3,3
"E00050724",2,0,2
"E00050725",3,1,2
"E00050726",3,1,2
"E00050727",3,1,2
"E00050728",6,3,3
"E00050729",2,1,1
"E00050730",2,2,0
"E00050731",2,1,1
"E00050732",1,0,1
"E00050733",2,2,0
"E00050734",0,0,0
"E00050735",2,2,0
"E00050736",0,0,0
"E00050737",1,0,1
"E00050738",0,0,0
"E00050739",1,1,0
"E00050740",1,1,0
"E00050741",0,0,0
"E00050742",1,0,1
"E00050743",0,0,0
"E00050744",2,2,0
"E00050745",1,0,1
"E00050746",1,1,0
"E00050747",0,0,0
"E00050748",0,0,0
"E00050750",1,1,0
"E00050751",1,0,1
"E00050752",0,0,0
"E00050753",0,0,0
"E00050754",2,1,1
"E00050755",0,0,0
"E00050757",1,1,0
"E00050758",1,1,0
"E00050759",0,0,0
"E00050760",0,0,0
"E00050761",0,0,0
"E00050762",1,1,0
"E00050763",0,0,0
"E00050764",0,0,0
"E00050765",0,0,0
"E00050766",0,0,0
"E00050767",1,1,0
"E00050768",1,1,0
"E00050769",0,0,0
"E00050770",0,0,0
"E00050771",6,4,2
"E00050772",0,0,0
"E00050773",1,0,1
"E00050774",0,0,0
"E00050775",1,1,0
"E00050776",4,3,1
"E00050777",0,0,0
"E00050778",1,0,1
"E00050779",2,1,1
"E00050780",1,1,0
"E00050781",0,0,0
"E00050782",2,2,0
"E00050783",1,1,0
"E00050784",4,2,2
"E00050785",5,1,4
"E00050786",0,0,0
"E00050787",1,1,0
"E00050788",1,1,0
"E00050789",0,0,0
"E00050790",2,2,0
"E00050791",0,0,0
"E00050792",0,0,0
"E00050793",1,1,0
"E00050794",0,0,0
"E00050795",2,2,0
"E00050796",0,0,0
"E00050797",1,1,0
"E00050798",0,0,0
"E00050799",1,0,1
"E00050800",1,0,1
"E00050801",4,2,2
"E00050802",1,0,1
"E00050803",3,1,2
"E00050804",0,0,0
"E00050805",0,0,0
"E00050806",2,0,2
"E00050807",2,1,1
"E00050808",0,0,0
"E00050809",0,0,0
"E00050810",2,0,2
"E00050811",0,0,0
"E00050812",1,0,1
"E00050813",0,0,0
"E00050814",2,2,0
"E00050816",7,4,3
"E00050817",1,0,1
"E00050818",0,0,0
"E00050819",2,1,1
"E00050820",0,0,0
"E00050821",1,0,1
"E00050822",0,0,0
"E00050823",1,0,1
"E00050824",3,1,2
"E00050825",11,8,3
"E00050826",1,0,1
"E00050827",0,0,0
"E00050828",7,4,3
"E00050829",0,0,0
"E00050830",4,0,4
"E00050831",0,0,0
"E00050832",1,1,0
"E00050833",2,1,1
"E00050834",0,0,0
"E00050835",4,1,3
"E00050836",5,3,2
"E00050837",2,1,1
"E00050838",12,6,6
"E00050839",0,0,0
"E00050840",3,2,1
"E00050841",3,2,1
"E00050842",2,2,0
"E00050843",3,2,1
"E00050844",6,5,1
"E00050845",3,0,3
"E00050846",6,3,3
"E00050847",10,5,5
"E00050848",2,1,1
"E00050849",1,1,0
"E00050850",3,1,2
"E00050851",1,1,0
"E00050852",3,2,1
"E00050853",7,4,3
"E00050854",5,2,3
"E00050855",1,0,1
"E00050856",2,2,0
"E00050858",1,1,0
"E00050859",1,0,1
"E00050860",2,2,0
"E00050861",2,0,2
"E00050862",2,1,1
"E00050863",1,1,0
"E00050864",1,1,0
"E00050865",1,1,0
"E00050866",1,1,0
"E00050867",2,2,0
"E00050869",1,0,1
"E00050870",4,1,3
"E00050871",0,0,0
"E00050872",2,1,1
"E00050873",1,1,0
"E00050874",5,4,1
"E00050875",2,0,2
"E00050876",10,5,5
"E00050877",2,1,1
"E00050878",1,1,0
"E00050879",0,0,0
"E00050880",0,0,0
"E00050881",10,6,4
"E00050882",2,2,0
"E00050883",2,1,1
"E00050884",0,0,0
"E00050885",4,3,1
"E00050886",3,2,1
"E00050887",4,1,3
"E00050889",2,0,2
"E00050890",3,1,2
"E00050892",11,6,5
"E00050893",3,0,3
"E00050894",6,3,3
"E00050895",0,0,0
"E00050896",1,1,0
"E00050897",1,0,1
"E00050898",4,2,2
"E00050899",5,1,4
"E00050900",0,0,0
"E00050901",2,2,0
"E00050902",0,0,0
"E00050903",0,0,0
"E00050904",1,0,1
"E00050905",1,1,0
"E00050906",1,0,1
"E00050907",1,0,1
"E00050909",2,1,1
"E00050910",4,2,2
"E00050911",2,1,1
"E00050912",0,0,0
"E00050913",3,1,2
"E00050914",0,0,0
"E00050915",1,1,0
"E00050916",2,1,1
"E00050917",1,1,0
"E00050918",6,3,3
"E00050919",1,0,1
"E00050920",0,0,0
"E00050921",0,0,0
"E00050922",2,2,0
"E00050923",4,4,0
"E00050924",1,1,0
"E00050925",2,1,1
"E00050926",2,1,1
"E00050927",4,2,2
"E00050928",1,1,0
"E00050929",2,2,0
"E00050930",2,2,0
"E00050932",0,0,0
"E00050933",3,2,1
"E00050934",0,0,0
"E00050935",2,2,0
"E00050936",0,0,0
"E00050937",1,0,1
"E00050938",1,1,0
"E00050939",2,2,0
"E00050940",3,1,2
"E00050941",1,0,1
"E00050942",0,0,0
"E00050943",0,0,0
"E00050944",2,0,2
"E00050945",0,0,0
"E00050946",0,0,0
"E00050947",2,2,0
"E00050948",2,1,1
"E00050949",1,0,1
"E00050950",1,1,0
"E00050951",3,2,1
"E00050952",0,0,0
"E00050953",0,0,0
"E00050954",1,0,1
"E00050955",1,1,0
"E00050956",6,4,2
"E00050957",0,0,0
"E00050959",1,0,1
"E00050960",0,0,0
"E00050961",6,2,4
"E00050962",1,0,1
"E00050963",3,1,2
"E00050964",2,1,1
"E00050965",0,0,0
"E00050966",4,1,3
"E00050967",2,2,0
"E00050968",1,1,0
"E00050969",5,2,3
"E00050970",2,0,2
"E00050971",2,1,1
"E00050972",0,0,0
"E00050973",9,3,6
"E00050974",1,0,1
"E00050975",2,1,1
"E00050976",0,0,0
"E00050977",0,0,0
"E00050978",5,4,1
"E00050979",0,0,0
"E00050980",0,0,0
"E00050981",0,0,0
"E00050982",0,0,0
"E00050983",2,0,2
"E00050984",0,0,0
"E00050985",2,0,2
"E00050986",0,0,0
"E00050987",0,0,0
"E00050988",0,0,0
"E00050989",0,0,0
"E00050990",2,2,0
"E00050991",5,1,4
"E00050992",3,0,3
"E00050993",3,1,2
"E00050994",4,1,3
"E00050995",1,0,1
"E00050996",3,2,1
"E00050997",3,2,1
"E00050998",1,1,0
"E00050999",1,1,0
"E00051000",2,0,2
"E00051001",2,1,1
"E00051002",2,0,2
"E00051003",2,0,2
"E00051004",1,0,1
"E00051005",1,1,0
"E00051006",5,3,2
"E00051007",4,3,1
"E00051008",2,1,1
"E00051009",2,0,2
"E00051010",0,0,0
"E00051011",0,0,0
"E00051012",3,1,2
"E00051013",6,2,4
"E00051014",0,0,0
"E00051015",5,2,3
"E00051016",3,3,0
"E00051017",0,0,0
"E00051018",0,0,0
"E00051019",0,0,0
"E00051020",3,0,3
"E00051021",1,1,0
"E00051022",8,5,3
"E00051023",2,1,1
"E00051024",2,1,1
"E00051025",0,0,0
"E00051026",0,0,0
"E00051027",1,1,0
"E00051028",2,0,2
"E00051029",2,2,0
"E00051030",0,0,0
"E00051031",2,2,0
"E00051032",2,1,1
"E00051033",3,0,3
"E00051034",2,0,2
"E00051035",5,2,3
"E00051036",1,0,1
"E00051037",3,1,2
"E00051038",0,0,0
"E00051039",0,0,0
"E00051040",5,2,3
"E00051041",0,0,0
"E00051042",0,0,0
"E00051043",0,0,0
"E00051044",2,1,1
"E00051045",2,1,1
"E00051046",2,0,2
"E00051047",0,0,0
"E00051048",6,3,3
"E00051049",0,0,0
"E00051050",1,0,1
"E00051051",3,3,0
"E00051052",0,0,0
"E00051053",13,8,5
"E00051054",5,1,4
"E00051055",2,1,1
"E00051056",2,0,2
"E00051057",0,0,0
"E00051058",0,0,0
"E00051059",0,0,0
"E00051060",8,4,4
"E00051061",5,4,1
"E00051062",1,1,0
"E00051063",5,2,3
"E00051064",1,0,1
"E00051065",0,0,0
"E00051066",0,0,0
"E00051067",1,1,0
"E00051069",0,0,0
"E00051070",1,1,0
"E00051071",1,1,0
"E00051072",1,1,0
"E00051073",0,0,0
"E00051074",0,0,0
"E00051075",2,0,2
"E00051076",2,0,2
"E00051077",2,0,2
"E00051078",0,0,0
"E00051079",0,0,0
"E00051080",4,2,2
"E00051081",2,1,1
"E00051082",0,0,0
"E00051083",4,3,1
"E00051084",0,0,0
"E00051085",5,2,3
"E00051086",1,1,0
"E00051087",3,0,3
"E00051088",0,0,0
"E00051089",5,2,3
"E00051090",5,2,3
"E00051091",0,0,0
"E00051092",1,1,0
"E00051093",2,1,1
"E00051094",2,2,0
"E00051095",1,0,1
"E00051096",2,0,2
"E00051097",4,1,3
"E00051098",1,1,0
"E00051099",5,2,3
"E00051100",4,2,2
"E00051101",2,1,1
"E00051102",1,1,0
"E00051103",5,3,2
"E00051104",4,3,1
"E00051105",3,3,0
"E00051106",1,0,1
"E00051107",2,1,1
"E00051108",2,0,2
"E00051109",3,1,2
"E00051110",6,3,3
"E00051111",4,2,2
"E00051112",7,4,3
"E00051113",7,1,6
"E00051114",6,4,2
"E00051115",3,1,2
"E00051116",8,2,6
"E00051117",12,5,7
"E00051118",3,1,2
"E00051119",2,1,1
"E00051120",7,3,4
"E00051121",6,1,5
"E00051122",0,0,0
"E00051123",5,2,3
"E00051124",6,1,5
"E00051125",3,1,2
"E00051126",1,0,1
"E00051127",0,0,0
"E00051128",0,0,0
"E00051129",3,3,0
"E00051130",1,1,0
"E00051131",1,1,0
"E00051132",2,0,2
"E00051133",2,1,1
"E00051134",7,4,3
"E00051135",1,1,0
"E00051136",2,1,1
"E00051137",1,0,1
"E00051138",0,0,0
"E00051139",3,3,0
"E00051140",5,3,2
"E00051141",3,0,3
"E00051142",0,0,0
"E00051143",0,0,0
"E00051144",1,0,1
"E00051145",1,0,1
"E00051146",9,4,5
"E00051147",15,6,9
"E00051148",6,5,1
"E00051149",5,4,1
"E00051150",11,5,6
"E00051151",1,1,0
"E00051152",7,2,5
"E00051153",1,1,0
"E00051154",6,2,4
"E00051155",6,2,4
"E00051156",5,4,1
"E00051157",3,0,3
"E00051158",1,0,1
"E00051159",6,3,3
"E00051160",4,0,4
"E00051161",2,1,1
"E00051162",0,0,0
"E00051163",0,0,0
"E00051164",1,0,1
"E00051165",4,1,3
"E00051166",2,0,2
"E00051167",7,2,5
"E00051168",1,0,1
"E00051169",3,2,1
"E00051170",5,1,4
"E00051171",0,0,0
"E00051172",0,0,0
"E00051173",3,1,2
"E00051174",2,1,1
"E00051175",0,0,0
"E00051176",3,2,1
"E00051177",2,2,0
"E00051178",3,1,2
"E00051179",1,0,1
"E00051180",3,0,3
"E00051181",0,0,0
"E00051182",0,0,0
"E00051183",4,3,1
"E00051184",9,3,6
"E00051185",0,0,0
"E00051186",9,4,5
"E00051187",0,0,0
"E00051188",3,2,1
"E00051189",0,0,0
"E00051190",8,5,3
"E00051191",0,0,0
"E00051193",1,0,1
"E00051194",3,1,2
"E00051195",1,1,0
"E00051196",0,0,0
"E00051197",4,1,3
"E00051198",1,1,0
"E00051199",3,2,1
"E00051200",1,1,0
"E00051201",3,1,2
"E00051202",2,1,1
"E00051203",0,0,0
"E00051204",0,0,0
"E00051205",0,0,0
"E00051206",1,0,1
"E00051207",2,0,2
"E00051208",1,0,1
"E00051209",0,0,0
"E00051210",1,1,0
"E00051211",1,1,0
"E00051212",0,0,0
"E00051213",1,0,1
"E00051214",1,0,1
"E00051215",1,1,0
"E00051216",1,0,1
"E00051217",1,1,0
"E00051218",0,0,0
"E00051219",0,0,0
"E00051220",0,0,0
"E00051221",2,1,1
"E00051222",0,0,0
"E00051223",0,0,0
"E00051224",0,0,0
"E00051225",0,0,0
"E00051226",0,0,0
"E00051227",6,4,2
"E00051228",2,1,1
"E00051229",3,2,1
"E00051230",0,0,0
"E00051231",2,1,1
"E00051232",2,1,1
"E00051233",3,2,1
"E00051234",1,0,1
"E00051235",3,2,1
"E00051236",1,0,1
"E00051237",0,0,0
"E00051238",1,0,1
"E00051239",4,1,3
"E00051240",2,2,0
"E00051241",2,1,1
"E00051242",1,1,0
"E00051243",0,0,0
"E00051244",2,0,2
"E00051245",0,0,0
"E00051246",0,0,0
"E00051247",4,3,1
"E00051248",6,4,2
"E00051249",2,1,1
"E00051250",6,5,1
"E00051251",2,0,2
"E00051252",0,0,0
"E00051253",6,4,2
"E00051254",5,0,5
"E00051255",0,0,0
"E00051256",0,0,0
"E00051257",6,2,4
"E00051258",8,1,7
"E00051259",3,1,2
"E00051260",2,1,1
"E00051261",1,0,1
"E00051262",0,0,0
"E00051263",0,0,0
"E00051264",8,5,3
"E00051265",0,0,0
"E00051266",0,0,0
"E00051267",2,1,1
"E00051268",1,1,0
"E00051269",0,0,0
"E00051270",0,0,0
"E00051271",0,0,0
"E00051272",1,1,0
"E00051273",0,0,0
"E00051274",0,0,0
"E00051275",0,0,0
"E00051276",1,1,0
"E00051277",0,0,0
"E00051278",1,0,1
"E00051279",0,0,0
"E00051280",5,1,4
"E00051281",3,2,1
"E00051282",5,2,3
"E00051283",0,0,0
"E00051284",2,2,0
"E00051285",0,0,0
"E00051286",1,0,1
"E00051287",1,0,1
"E00051288",0,0,0
"E00051289",2,0,2
"E00051290",1,0,1
"E00051291",2,1,1
"E00051292",5,4,1
"E00051293",6,4,2
"E00051294",1,1,0
"E00051295",0,0,0
"E00051296",2,1,1
"E00051297",0,0,0
"E00051298",1,1,0
"E00051299",0,0,0
"E00051300",7,2,5
"E00051301",5,1,4
"E00051302",2,0,2
"E00051303",1,1,0
"E00051304",1,0,1
"E00051305",0,0,0
"E00051306",4,1,3
"E00051307",1,1,0
"E00051308",4,2,2
"E00051309",1,0,1
"E00051310",2,1,1
"E00051311",3,0,3
"E00051312",0,0,0
"E00051313",1,1,0
"E00051314",0,0,0
"E00051315",2,1,1
"E00051316",2,2,0
"E00051317",10,2,8
"E00051318",8,4,4
"E00051319",15,4,11
"E00051320",4,1,3
"E00051321",8,5,3
"E00051322",18,6,12
"E00051323",10,9,1
"E00051324",2,1,1
"E00051325",5,3,2
"E00051326",16,9,7
"E00051327",14,8,6
"E00051328",12,7,5
"E00051329",13,6,7
"E00051330",15,8,7
"E00051331",13,8,5
"E00051332",7,4,3
"E00051333",9,4,5
"E00051334",6,4,2
"E00051335",20,10,10
"E00051336",10,5,5
"E00051337",9,5,4
"E00051338",6,2,4
"E00051339",14,7,7
"E00051340",8,5,3
"E00051341",13,6,7
"E00051342",8,1,7
"E00051343",2,1,1
"E00051344",13,9,4
"E00051345",12,6,6
"E00051346",2,1,1
"E00051347",0,0,0
"E00051348",4,3,1
"E00051349",6,2,4
"E00051350",8,5,3
"E00051351",1,0,1
"E00051352",1,1,0
"E00051353",2,0,2
"E00051354",2,2,0
"E00051355",7,2,5
"E00051356",1,0,1
"E00051357",0,0,0
"E00051358",1,1,0
"E00051359",10,8,2
"E00051360",2,2,0
"E00051361",5,3,2
"E00051362",6,3,3
"E00051363",0,0,0
"E00051364",2,0,2
"E00051365",1,1,0
"E00051366",4,4,0
"E00051367",7,4,3
"E00051368",1,1,0
"E00051369",6,3,3
"E00051370",2,1,1
"E00051371",2,2,0
"E00051372",2,1,1
"E00051373",0,0,0
"E00051374",4,2,2
"E00051375",2,2,0
"E00051376",1,0,1
"E00051377",0,0,0
"E00051378",2,1,1
"E00051379",2,1,1
"E00051380",5,3,2
"E00051381",1,1,0
"E00051382",7,4,3
"E00051383",2,0,2
"E00051384",3,3,0
"E00051385",12,6,6
"E00051386",12,7,5
"E00051387",11,6,5
"E00051388",17,6,11
"E00051389",3,1,2
"E00051390",10,6,4
"E00051391",6,4,2
"E00051392",11,9,2
"E00051393",8,4,4
"E00051394",11,6,5
"E00051395",3,1,2
"E00051396",10,4,6
"E00051397",4,2,2
"E00051398",7,4,3
"E00051399",11,5,6
"E00051400",16,9,7
"E00051401",7,4,3
"E00051402",4,2,2
"E00051403",19,9,10
"E00051404",8,3,5
"E00051405",9,5,4
"E00051406",11,8,3
"E00051407",11,7,4
"E00051408",9,5,4
"E00051409",3,2,1
"E00051410",15,8,7
"E00051411",2,2,0
"E00051412",8,5,3
"E00051413",1,0,1
"E00051414",1,1,0
"E00051415",5,2,3
"E00051416",1,1,0
"E00051417",2,1,1
"E00051418",5,3,2
"E00051419",2,1,1
"E00051420",6,3,3
"E00051421",0,0,0
"E00051422",0,0,0
"E00051423",2,1,1
"E00051424",6,5,1
"E00051425",11,4,7
"E00051426",10,5,5
"E00051427",5,1,4
"E00051428",3,2,1
"E00051429",7,4,3
"E00051430",6,3,3
"E00051431",9,4,5
"E00051432",8,6,2
"E00051433",5,3,2
"E00051434",5,1,4
"E00051435",6,1,5
"E00051436",16,7,9
"E00051437",0,0,0
"E00051438",13,8,5
"E00051439",11,5,6
"E00051440",14,9,5
"E00051441",5,3,2
"E00051442",4,1,3
"E00051443",6,2,4
"E00051444",13,3,10
"E00051445",8,5,3
"E00051446",6,5,1
"E00051447",1,1,0
"E00051448",1,0,1
"E00051449",0,0,0
"E00051450",4,1,3
"E00051451",6,2,4
"E00051453",2,1,1
"E00051454",16,9,7
"E00051455",5,0,5
"E00051456",3,1,2
"E00051457",2,0,2
"E00051458",2,1,1
"E00051459",9,5,4
"E00051460",0,0,0
"E00051461",0,0,0
"E00051462",2,1,1
"E00051463",7,6,1
"E00051464",12,6,6
"E00051465",0,0,0
"E00051466",16,8,8
"E00051467",6,3,3
"E00051468",12,5,7
"E00051469",16,8,8
"E00051470",10,5,5
"E00051471",23,14,9
"E00051472",3,1,2
"E00051473",5,2,3
"E00051474",11,6,5
"E00051475",3,2,1
"E00051476",24,10,14
"E00051477",11,4,7
"E00051478",14,7,7
"E00051479",25,12,13
"E00051480",13,7,6
"E00051481",11,3,8
"E00051482",10,8,2
"E00051483",6,4,2
"E00051484",11,6,5
"E00051485",9,7,2
"E00051486",19,11,8
"E00051487",2,1,1
"E00051490",12,5,7
"E00051491",1,0,1
"E00051492",4,2,2
"E00051494",11,7,4
"E00051495",5,3,2
"E00051496",8,6,2
"E00051497",8,3,5
"E00051498",3,2,1
"E00051499",7,4,3
"E00051500",10,6,4
"E00051501",5,3,2
"E00051502",5,1,4
"E00051503",20,11,9
"E00051504",10,4,6
"E00051506",6,3,3
"E00051507",9,5,4
"E00051508",14,6,8
"E00051509",12,6,6
"E00051510",13,5,8
"E00051511",19,8,11
"E00051512",7,3,4
"E00051513",6,5,1
"E00051514",20,6,14
"E00051515",8,6,2
"E00051516",1,0,1
"E00051517",11,6,5
"E00051518",8,4,4
"E00051519",9,4,5
"E00051520",17,1,16
"E00051521",11,4,7
"E00051522",13,9,4
"E00051523",6,4,2
"E00051524",6,4,2
"E00051525",12,8,4
"E00051526",12,5,7
"E00051527",11,5,6
"E00051528",12,6,6
"E00051529",26,15,11
"E00051530",17,10,7
"E00051531",11,3,8
"E00051532",0,0,0
"E00051533",14,6,8
"E00051534",13,5,8
"E00051535",1,1,0
"E00051536",16,6,10
"E00051537",7,2,5
"E00051538",23,8,15
"E00051539",10,6,4
"E00051540",8,4,4
"E00051541",9,2,7
"E00051542",13,8,5
"E00051543",9,6,3
"E00051544",5,3,2
"E00051545",17,10,7
"E00051546",10,4,6
"E00051547",9,5,4
"E00051548",30,15,15
"E00051549",8,5,3
"E00051550",9,6,3
"E00051551",7,4,3
"E00051552",7,5,2
"E00051553",6,6,0
"E00051554",4,2,2
"E00051555",7,4,3
"E00051556",7,5,2
"E00051557",7,3,4
"E00051558",3,2,1
"E00051559",0,0,0
"E00051560",10,4,6
"E00051561",2,1,1
"E00051562",2,0,2
"E00051563",5,1,4
"E00051564",8,6,2
"E00051565",11,5,6
"E00051566",4,2,2
"E00051567",4,3,1
"E00051568",2,2,0
"E00051569",0,0,0
"E00051570",4,0,4
"E00051571",4,3,1
"E00051572",2,1,1
"E00051573",3,2,1
"E00051574",7,4,3
"E00051575",5,3,2
"E00051576",2,0,2
"E00051577",0,0,0
"E00051578",11,4,7
"E00051579",6,3,3
"E00051580",6,3,3
"E00051581",2,0,2
"E00051582",1,0,1
"E00051583",7,3,4
"E00051584",4,2,2
"E00051585",15,7,8
"E00051586",1,1,0
"E00051587",10,6,4
"E00051588",3,1,2
"E00051589",10,5,5
"E00051590",9,5,4
"E00051591",14,11,3
"E00051592",0,0,0
"E00051593",11,8,3
"E00051594",3,0,3
"E00051595",11,6,5
"E00051596",13,8,5
"E00051597",10,6,4
"E00051598",6,5,1
"E00051599",2,0,2
"E00051600",8,4,4
"E00051601",7,4,3
"E00051602",2,1,1
"E00051603",0,0,0
"E00051604",1,1,0
"E00051605",5,1,4
"E00051606",1,1,0
"E00051607",10,5,5
"E00051608",4,4,0
"E00051609",4,4,0
"E00051610",1,1,0
"E00051611",8,6,2
"E00051612",7,3,4
"E00051613",3,3,0
"E00051614",2,0,2
"E00051615",9,4,5
"E00051616",3,2,1
"E00051617",2,1,1
"E00051618",0,0,0
"E00051619",6,2,4
"E00051620",3,0,3
"E00051621",9,4,5
"E00051622",1,0,1
"E00051623",1,1,0
"E00051624",5,1,4
"E00051625",6,3,3
"E00051626",17,8,9
"E00051627",0,0,0
"E00051628",10,5,5
"E00051629",3,1,2
"E00051630",12,7,5
"E00051631",8,2,6
"E00051632",1,1,0
"E00051633",8,4,4
"E00051634",2,0,2
"E00051635",1,1,0
"E00051636",2,1,1
"E00051637",7,5,2
"E00051638",4,3,1
"E00051639",12,4,8
"E00051640",10,4,6
"E00051641",8,4,4
"E00051642",0,0,0
"E00051643",9,6,3
"E00051644",7,2,5
"E00051645",5,2,3
"E00051646",1,1,0
"E00051647",4,2,2
"E00051648",1,1,0
"E00051649",1,0,1
"E00051650",1,0,1
"E00051651",3,1,2
"E00051652",0,0,0
"E00051653",2,1,1
"E00051654",8,5,3
"E00051655",3,3,0
"E00051656",4,2,2
"E00051657",5,2,3
"E00051658",1,1,0
"E00051660",0,0,0
"E00051661",4,1,3
"E00051662",4,2,2
"E00051663",2,1,1
"E00051664",0,0,0
"E00051665",1,0,1
"E00051666",3,0,3
"E00051667",8,7,1
"E00051668",3,1,2
"E00051669",3,2,1
"E00051670",3,2,1
"E00051671",4,1,3
"E00051672",0,0,0
"E00051673",5,3,2
"E00051674",4,3,1
"E00051675",1,1,0
"E00051676",0,0,0
"E00051677",2,1,1
"E00051678",3,2,1
"E00051679",1,1,0
"E00051680",3,1,2
"E00051681",3,3,0
"E00051682",7,2,5
"E00051683",5,3,2
"E00051684",10,7,3
"E00051685",1,0,1
"E00051686",8,4,4
"E00051687",12,6,6
"E00051688",2,0,2
"E00051689",2,1,1
"E00051691",4,4,0
"E00051692",12,8,4
"E00051693",4,2,2
"E00051694",5,4,1
"E00051695",1,0,1
"E00051696",11,5,6
"E00051698",6,6,0
"E00051699",14,7,7
"E00051700",5,3,2
"E00051701",4,3,1
"E00051702",2,1,1
"E00051703",1,0,1
"E00051704",4,3,1
"E00051705",11,6,5
"E00051706",4,3,1
"E00051707",5,3,2
"E00051708",7,4,3
"E00051709",4,4,0
"E00051710",1,1,0
"E00051711",2,2,0
"E00051712",10,5,5
"E00051713",2,1,1
"E00051714",0,0,0
"E00051715",0,0,0
"E00051716",4,2,2
"E00051717",1,1,0
"E00051718",1,0,1
"E00051719",0,0,0
"E00051720",0,0,0
"E00051721",3,1,2
"E00051722",8,2,6
"E00051723",2,1,1
"E00051724",0,0,0
"E00051725",1,1,0
"E00051726",3,1,2
"E00051727",0,0,0
"E00051728",6,6,0
"E00051729",0,0,0
"E00051730",1,0,1
"E00051731",0,0,0
"E00051732",0,0,0
"E00051733",2,1,1
"E00051734",0,0,0
"E00051735",4,1,3
"E00051736",0,0,0
"E00051737",3,3,0
"E00051738",0,0,0
"E00051739",0,0,0
"E00051740",0,0,0
"E00051741",1,0,1
"E00051742",3,1,2
"E00051743",2,1,1
"E00051744",0,0,0
"E00051745",1,0,1
"E00051746",1,1,0
"E00051747",0,0,0
"E00051748",1,1,0
"E00051749",1,1,0
"E00051750",2,1,1
"E00051751",3,1,2
"E00051752",0,0,0
"E00051753",2,1,1
"E00051754",1,1,0
"E00051755",0,0,0
"E00051756",2,1,1
"E00051757",0,0,0
"E00051758",0,0,0
"E00051759",2,1,1
"E00051760",5,4,1
"E00051761",4,2,2
"E00051762",7,3,4
"E00051763",6,3,3
"E00051764",2,1,1
"E00051765",0,0,0
"E00051766",1,1,0
"E00051767",4,3,1
"E00051768",4,2,2
"E00051769",1,1,0
"E00051770",1,0,1
"E00051771",11,5,6
"E00051772",4,1,3
"E00051773",4,2,2
"E00051774",3,2,1
"E00051775",6,3,3
"E00051776",3,1,2
"E00051777",6,3,3
"E00051778",7,3,4
"E00051779",7,2,5
"E00051780",8,5,3
"E00051781",4,1,3
"E00051782",1,1,0
"E00051783",1,0,1
"E00051784",1,1,0
"E00051785",6,2,4
"E00051786",2,1,1
"E00051787",3,3,0
"E00051788",2,0,2
"E00051789",7,2,5
"E00051791",5,3,2
"E00051793",0,0,0
"E00051794",0,0,0
"E00051795",2,1,1
"E00051796",0,0,0
"E00051797",2,1,1
"E00051798",5,2,3
"E00051799",3,1,2
"E00051800",3,2,1
"E00051801",2,0,2
"E00051802",6,4,2
"E00051803",8,4,4
"E00051804",4,3,1
"E00051805",7,6,1
"E00051806",2,1,1
"E00051807",6,3,3
"E00051808",1,0,1
"E00051809",1,0,1
"E00051810",0,0,0
"E00051811",1,0,1
"E00051812",1,0,1
"E00051813",1,0,1
"E00051814",3,1,2
"E00051815",1,0,1
"E00051816",8,4,4
"E00051817",1,0,1
"E00051818",3,2,1
"E00051819",2,1,1
"E00051820",1,0,1
"E00051821",5,3,2
"E00051822",2,1,1
"E00051823",0,0,0
"E00051824",1,0,1
"E00051825",3,1,2
"E00051826",10,5,5
"E00051827",1,0,1
"E00051828",2,2,0
"E00051829",0,0,0
"E00051830",1,0,1
"E00051831",1,0,1
"E00051832",0,0,0
"E00051833",3,2,1
"E00051834",1,1,0
"E00051835",0,0,0
"E00051836",10,4,6
"E00051837",6,4,2
"E00051838",1,0,1
"E00051839",4,1,3
"E00051840",3,2,1
"E00051841",0,0,0
"E00051842",0,0,0
"E00051843",1,1,0
"E00051844",5,0,5
"E00051845",3,2,1
"E00051846",1,0,1
"E00051847",0,0,0
"E00051848",3,2,1
"E00051849",0,0,0
"E00051850",0,0,0
"E00051851",4,3,1
"E00051852",1,0,1
"E00051853",2,2,0
"E00051854",5,4,1
"E00051855",0,0,0
"E00051856",0,0,0
"E00051857",0,0,0
"E00051858",0,0,0
"E00051859",1,1,0
"E00051860",1,0,1
"E00051861",4,1,3
"E00051862",0,0,0
"E00051863",3,3,0
"E00051864",0,0,0
"E00051865",2,1,1
"E00051866",1,0,1
"E00051867",1,1,0
"E00051868",1,0,1
"E00051869",0,0,0
"E00051870",0,0,0
"E00051871",0,0,0
"E00051872",1,1,0
"E00051873",1,1,0
"E00051874",1,1,0
"E00051875",2,1,1
"E00051876",1,0,1
"E00051877",0,0,0
"E00051878",3,1,2
"E00051879",2,1,1
"E00051880",2,1,1
"E00051881",2,0,2
"E00051882",2,1,1
"E00051883",1,1,0
"E00051884",4,3,1
"E00051885",0,0,0
"E00051886",2,2,0
"E00051887",5,3,2
"E00051888",1,0,1
"E00051889",0,0,0
"E00051890",3,0,3
"E00051891",1,1,0
"E00051892",0,0,0
"E00051893",3,0,3
"E00051894",1,1,0
"E00051895",0,0,0
"E00051896",0,0,0
"E00051897",1,0,1
"E00051898",0,0,0
"E00051899",0,0,0
"E00051900",1,0,1
"E00051901",1,1,0
"E00051902",1,0,1
"E00051903",0,0,0
"E00051904",0,0,0
"E00051905",3,0,3
"E00051906",0,0,0
"E00051907",1,0,1
"E00051908",3,2,1
"E00051909",0,0,0
"E00051910",0,0,0
"E00051911",1,0,1
"E00051912",0,0,0
"E00051913",0,0,0
"E00051914",2,1,1
"E00051915",2,0,2
"E00051916",1,0,1
"E00051917",1,0,1
"E00051918",3,2,1
"E00051919",3,2,1
"E00051920",2,1,1
"E00051921",3,2,1
"E00051922",1,1,0
"E00051923",4,4,0
"E00051924",4,3,1
"E00051925",1,1,0
"E00051926",0,0,0
"E00051927",3,2,1
"E00051928",1,1,0
"E00051929",1,0,1
"E00051930",1,0,1
"E00051931",0,0,0
"E00051932",2,1,1
"E00051933",0,0,0
"E00051934",1,1,0
"E00051935",4,2,2
"E00051936",0,0,0
"E00051937",2,1,1
"E00051938",1,0,1
"E00051939",0,0,0
"E00051940",2,1,1
"E00051941",2,2,0
"E00051942",1,0,1
"E00051943",0,0,0
"E00051944",1,1,0
"E00051947",0,0,0
"E00051948",0,0,0
"E00051949",1,0,1
"E00051950",0,0,0
"E00051951",1,1,0
"E00051952",0,0,0
"E00051954",2,0,2
"E00051955",2,1,1
"E00051956",3,2,1
"E00051957",0,0,0
"E00051958",2,1,1
"E00051959",2,0,2
"E00051960",1,1,0
"E00051961",1,1,0
"E00051962",0,0,0
"E00051963",1,0,1
"E00051964",3,3,0
"E00051965",1,1,0
"E00051966",5,2,3
"E00051967",1,1,0
"E00051968",1,0,1
"E00051969",2,1,1
"E00051970",2,1,1
"E00051971",0,0,0
"E00051972",1,0,1
"E00051973",1,0,1
"E00051974",1,1,0
"E00051975",0,0,0
"E00051976",1,0,1
"E00051977",4,2,2
"E00051978",1,0,1
"E00051979",3,0,3
"E00051980",0,0,0
"E00051981",0,0,0
"E00051982",2,2,0
"E00051983",2,1,1
"E00051984",0,0,0
"E00051985",0,0,0
"E00051986",3,2,1
"E00051987",1,0,1
"E00051988",3,3,0
"E00051989",5,2,3
"E00051990",3,2,1
"E00051991",4,2,2
"E00051992",0,0,0
"E00051993",2,0,2
"E00051994",0,0,0
"E00051995",2,1,1
"E00051996",0,0,0
"E00051997",5,4,1
"E00051998",2,1,1
"E00051999",1,1,0
"E00052000",1,1,0
"E00052001",0,0,0
"E00052002",2,1,1
"E00052003",5,1,4
"E00052004",5,2,3
"E00052005",2,0,2
"E00052006",5,3,2
"E00052007",0,0,0
"E00052008",1,1,0
"E00052009",1,0,1
"E00052010",0,0,0
"E00052011",1,1,0
"E00052012",5,3,2
"E00052013",0,0,0
"E00052016",1,1,0
"E00052017",1,1,0
"E00052018",4,1,3
"E00052019",2,0,2
"E00052020",1,0,1
"E00052021",7,3,4
"E00052022",6,3,3
"E00052023",2,0,2
"E00052024",0,0,0
"E00052025",2,0,2
"E00052026",4,2,2
"E00052027",0,0,0
"E00052028",1,0,1
"E00052029",2,0,2
"E00052030",4,3,1
"E00052031",1,1,0
"E00052032",3,3,0
"E00052033",0,0,0
"E00052034",1,0,1
"E00052035",0,0,0
"E00052036",0,0,0
"E00052037",2,2,0
"E00052038",1,1,0
"E00052039",0,0,0
"E00052040",0,0,0
"E00052041",2,2,0
"E00052042",0,0,0
"E00052043",1,0,1
"E00052044",0,0,0
"E00052045",1,0,1
"E00052046",3,2,1
"E00052047",1,0,1
"E00052048",1,1,0
"E00052049",3,1,2
"E00052050",2,1,1
"E00052051",1,0,1
"E00052052",1,0,1
"E00052053",1,1,0
"E00052054",1,1,0
"E00052056",6,2,4
"E00052057",0,0,0
"E00052058",5,1,4
"E00052059",4,4,0
"E00052062",1,0,1
"E00052063",6,2,4
"E00052064",0,0,0
"E00052065",1,0,1
"E00052066",1,1,0
"E00052067",4,2,2
"E00052068",2,1,1
"E00052069",0,0,0
"E00052070",0,0,0
"E00052071",2,2,0
"E00052072",0,0,0
"E00052073",0,0,0
"E00052074",1,1,0
"E00052075",0,0,0
"E00052076",1,0,1
"E00052077",1,1,0
"E00052078",0,0,0
"E00052079",1,1,0
"E00052080",0,0,0
"E00052081",0,0,0
"E00052082",0,0,0
"E00052083",0,0,0
"E00052084",2,2,0
"E00052085",1,1,0
"E00052086",1,0,1
"E00052087",0,0,0
"E00052088",3,2,1
"E00052089",0,0,0
"E00052090",2,1,1
"E00052091",0,0,0
"E00052092",1,0,1
"E00052093",1,1,0
"E00052094",0,0,0
"E00052095",2,0,2
"E00052096",2,1,1
"E00052097",3,0,3
"E00052098",0,0,0
"E00052099",2,1,1
"E00052100",0,0,0
"E00052101",1,1,0
"E00052102",4,2,2
"E00052103",2,1,1
"E00052104",1,1,0
"E00052106",0,0,0
"E00052107",1,0,1
"E00052108",0,0,0
"E00052110",2,1,1
"E00052111",0,0,0
"E00052112",1,0,1
"E00052113",1,0,1
"E00052114",2,1,1
"E00052115",1,0,1
"E00052116",0,0,0
"E00052117",2,2,0
"E00052118",1,0,1
"E00052121",0,0,0
"E00052122",0,0,0
"E00052123",1,0,1
"E00052124",0,0,0
"E00052125",1,1,0
"E00052127",0,0,0
"E00052128",3,2,1
"E00052129",4,3,1
"E00052130",1,1,0
"E00052131",0,0,0
"E00052132",0,0,0
"E00052133",8,1,7
"E00052134",2,2,0
"E00052135",1,0,1
"E00052136",2,0,2
"E00052137",7,1,6
"E00052138",0,0,0
"E00052139",10,5,5
"E00052140",0,0,0
"E00052141",4,2,2
"E00052142",4,1,3
"E00052143",7,2,5
"E00052144",0,0,0
"E00052145",12,4,8
"E00052146",3,2,1
"E00052147",0,0,0
"E00052148",4,3,1
"E00052149",0,0,0
"E00052150",1,0,1
"E00052151",18,10,8
"E00052152",4,3,1
"E00052153",2,0,2
"E00052154",2,1,1
"E00052155",1,1,0
"E00052156",9,1,8
"E00052157",5,3,2
"E00052159",11,9,2
"E00052161",0,0,0
"E00052162",0,0,0
"E00052163",3,0,3
"E00052164",1,0,1
"E00052165",5,3,2
"E00052166",5,2,3
"E00052167",2,2,0
"E00052168",5,3,2
"E00052169",4,2,2
"E00052170",2,0,2
"E00052171",5,4,1
"E00052172",0,0,0
"E00052173",0,0,0
"E00052174",1,1,0
"E00052175",1,1,0
"E00052176",3,3,0
"E00052177",0,0,0
"E00052178",1,0,1
"E00052179",0,0,0
"E00052180",5,2,3
"E00052181",0,0,0
"E00052182",6,2,4
"E00052183",6,2,4
"E00052184",7,2,5
"E00052185",1,1,0
"E00052186",8,5,3
"E00052187",1,1,0
"E00052188",4,2,2
"E00052189",0,0,0
"E00052190",6,1,5
"E00052191",6,3,3
"E00052192",10,4,6
"E00052193",4,2,2
"E00052194",9,6,3
"E00052195",5,2,3
"E00052196",5,3,2
"E00052197",4,3,1
"E00052198",6,3,3
"E00052199",6,4,2
"E00052200",3,2,1
"E00052201",8,4,4
"E00052202",4,2,2
"E00052203",8,5,3
"E00052204",12,5,7
"E00052205",6,3,3
"E00052206",4,0,4
"E00052207",6,2,4
"E00052208",7,4,3
"E00052209",5,3,2
"E00052210",1,0,1
"E00052211",7,3,4
"E00052212",4,2,2
"E00052213",12,7,5
"E00052214",13,7,6
"E00052215",0,0,0
"E00052216",5,2,3
"E00052217",1,0,1
"E00052218",4,4,0
"E00052219",4,3,1
"E00052220",4,4,0
"E00052221",2,1,1
"E00052222",1,1,0
"E00052223",1,0,1
"E00052224",3,0,3
"E00052225",3,2,1
"E00052226",1,0,1
"E00052227",1,1,0
"E00052228",1,1,0
"E00052229",3,0,3
"E00052230",1,0,1
"E00052231",5,3,2
"E00052232",2,1,1
"E00052233",0,0,0
"E00052234",1,1,0
"E00052235",6,5,1
"E00052236",0,0,0
"E00052237",0,0,0
"E00052238",1,1,0
"E00052239",0,0,0
"E00052240",0,0,0
"E00052241",0,0,0
"E00052242",7,4,3
"E00052243",0,0,0
"E00052244",3,2,1
"E00052245",0,0,0
"E00052246",0,0,0
"E00052247",2,2,0
"E00052248",1,1,0
"E00052249",10,6,4
"E00052250",2,1,1
"E00052251",0,0,0
"E00052252",2,2,0
"E00052253",3,2,1
"E00052254",4,4,0
"E00052255",1,1,0
"E00052256",1,0,1
"E00052257",4,0,4
"E00052258",4,1,3
"E00052259",1,1,0
"E00052260",3,2,1
"E00052261",9,6,3
"E00052262",4,3,1
"E00052263",7,2,5
"E00052264",2,1,1
"E00052265",5,2,3
"E00052266",5,2,3
"E00052267",6,3,3
"E00052268",3,2,1
"E00052269",7,6,1
"E00052270",1,0,1
"E00052271",2,2,0
"E00052272",0,0,0
"E00052273",1,0,1
"E00052274",2,1,1
"E00052275",2,2,0
"E00052276",3,1,2
"E00052277",5,3,2
"E00052278",2,0,2
"E00052279",3,0,3
"E00052280",6,5,1
"E00052281",1,0,1
"E00052282",7,5,2
"E00052283",0,0,0
"E00052284",0,0,0
"E00052285",0,0,0
"E00052286",1,1,0
"E00052287",3,2,1
"E00052288",2,0,2
"E00052289",2,2,0
"E00052290",2,2,0
"E00052291",1,1,0
"E00052292",8,4,4
"E00052293",5,2,3
"E00052294",2,1,1
"E00052295",2,1,1
"E00052296",0,0,0
"E00052297",3,2,1
"E00052298",4,1,3
"E00052299",4,3,1
"E00052300",4,0,4
"E00052301",0,0,0
"E00052302",5,3,2
"E00052303",1,1,0
"E00052304",3,1,2
"E00052305",6,3,3
"E00052306",0,0,0
"E00052307",10,8,2
"E00052308",0,0,0
"E00052309",2,1,1
"E00052310",0,0,0
"E00052311",5,3,2
"E00052312",7,2,5
"E00052313",1,0,1
"E00052314",5,2,3
"E00052315",2,1,1
"E00052316",2,1,1
"E00052317",6,3,3
"E00052318",1,0,1
"E00052319",0,0,0
"E00052320",0,0,0
"E00052321",4,2,2
"E00052322",5,2,3
"E00052323",2,1,1
"E00052324",0,0,0
"E00052325",1,0,1
"E00052326",3,0,3
"E00052327",4,2,2
"E00052328",1,0,1
"E00052329",4,1,3
"E00052330",4,2,2
"E00052332",5,2,3
"E00052333",3,0,3
"E00052334",5,1,4
"E00052335",4,0,4
"E00052336",1,1,0
"E00052337",4,2,2
"E00052338",2,0,2
"E00052339",2,2,0
"E00052340",2,1,1
"E00052341",0,0,0
"E00052342",7,4,3
"E00052343",5,1,4
"E00052344",1,1,0
"E00052345",0,0,0
"E00052346",0,0,0
"E00052347",1,0,1
"E00052348",1,1,0
"E00052349",5,4,1
"E00052350",1,1,0
"E00052351",6,3,3
"E00052352",0,0,0
"E00052353",2,0,2
"E00052354",1,0,1
"E00052355",0,0,0
"E00052356",4,3,1
"E00052357",5,4,1
"E00052358",0,0,0
"E00052359",1,0,1
"E00052360",4,2,2
"E00052361",0,0,0
"E00052362",2,1,1
"E00052363",2,1,1
"E00052364",2,0,2
"E00052365",1,1,0
"E00052366",6,2,4
"E00052367",1,1,0
"E00052368",0,0,0
"E00052369",2,2,0
"E00052370",3,2,1
"E00052371",2,0,2
"E00052372",1,0,1
"E00052373",3,2,1
"E00052374",0,0,0
"E00052375",2,2,0
"E00052376",18,10,8
"E00052377",2,2,0
"E00052378",0,0,0
"E00052379",0,0,0
"E00052381",0,0,0
"E00052382",1,1,0
"E00052384",6,6,0
"E00052385",2,1,1
"E00052386",1,1,0
"E00052387",1,0,1
"E00052388",5,4,1
"E00052389",2,1,1
"E00052391",0,0,0
"E00052392",4,2,2
"E00052393",0,0,0
"E00052395",3,3,0
"E00052396",3,0,3
"E00052397",3,1,2
"E00052399",2,2,0
"E00052400",1,0,1
"E00052401",5,1,4
"E00052402",13,6,7
"E00052403",1,1,0
"E00052404",1,0,1
"E00052406",4,3,1
"E00052407",8,3,5
"E00052408",1,0,1
"E00052409",4,1,3
"E00052410",5,1,4
"E00052411",12,7,5
"E00052412",0,0,0
"E00052413",2,1,1
"E00052414",0,0,0
"E00052415",2,0,2
"E00052416",8,5,3
"E00052417",5,3,2
"E00052418",2,2,0
"E00052419",0,0,0
"E00052420",5,2,3
"E00052421",1,0,1
"E00052422",0,0,0
"E00052423",0,0,0
"E00052424",0,0,0
"E00052425",6,2,4
"E00052426",0,0,0
"E00052427",1,0,1
"E00052428",0,0,0
"E00052429",2,2,0
"E00052430",3,1,2
"E00052431",0,0,0
"E00052432",0,0,0
"E00052433",5,3,2
"E00052434",2,1,1
"E00052435",1,0,1
"E00052436",4,1,3
"E00052437",4,1,3
"E00052438",1,0,1
"E00052439",0,0,0
"E00052440",0,0,0
"E00052441",0,0,0
"E00052442",0,0,0
"E00052443",0,0,0
"E00052444",2,1,1
"E00052445",2,0,2
"E00052446",4,2,2
"E00052447",2,1,1
"E00052448",0,0,0
"E00052449",4,3,1
"E00052450",7,3,4
"E00052451",7,4,3
"E00052452",4,1,3
"E00052453",3,1,2
"E00052454",3,1,2
"E00052455",3,0,3
"E00052456",2,0,2
"E00052457",4,1,3
"E00052458",1,0,1
"E00052459",4,3,1
"E00052460",1,0,1
"E00052461",2,2,0
"E00052462",6,2,4
"E00052463",0,0,0
"E00052464",6,4,2
"E00052465",4,1,3
"E00052466",6,1,5
"E00052467",13,7,6
"E00052468",7,2,5
"E00052469",6,3,3
"E00052470",2,2,0
"E00052471",4,3,1
"E00052472",4,2,2
"E00052473",5,2,3
"E00052474",0,0,0
"E00052475",3,2,1
"E00052476",0,0,0
"E00052478",4,3,1
"E00052479",2,0,2
"E00052481",6,2,4
"E00052482",10,5,5
"E00052483",6,3,3
"E00052484",1,0,1
"E00052485",12,7,5
"E00052487",1,1,0
"E00052488",3,2,1
"E00052489",7,3,4
"E00052490",3,1,2
"E00052491",3,3,0
"E00052492",10,5,5
"E00052493",8,4,4
"E00052494",1,0,1
"E00052495",5,3,2
"E00052496",4,3,1
"E00052497",7,4,3
"E00052498",0,0,0
"E00052499",3,1,2
"E00052500",1,0,1
"E00052501",4,1,3
"E00052502",0,0,0
"E00052503",1,0,1
"E00052504",4,2,2
"E00052505",1,0,1
"E00052506",4,2,2
"E00052507",2,0,2
"E00052508",1,1,0
"E00052509",1,0,1
"E00052510",2,0,2
"E00052511",1,0,1
"E00052512",3,2,1
"E00052513",0,0,0
"E00052514",2,2,0
"E00052515",2,0,2
"E00052516",3,1,2
"E00052517",4,0,4
"E00052518",10,7,3
"E00052519",1,1,0
"E00052520",0,0,0
"E00052521",0,0,0
"E00052522",2,0,2
"E00052523",3,1,2
"E00052524",2,1,1
"E00052525",0,0,0
"E00052526",1,1,0
"E00052527",0,0,0
"E00052528",1,0,1
"E00052529",2,0,2
"E00052530",0,0,0
"E00052531",5,1,4
"E00052532",4,2,2
"E00052533",0,0,0
"E00052534",9,5,4
"E00052535",0,0,0
"E00052536",0,0,0
"E00052537",0,0,0
"E00052538",0,0,0
"E00052539",2,0,2
"E00052540",0,0,0
"E00052541",0,0,0
"E00052542",2,1,1
"E00052543",4,2,2
"E00052544",1,0,1
"E00052545",2,1,1
"E00052546",0,0,0
"E00052547",3,0,3
"E00052548",0,0,0
"E00052549",0,0,0
"E00052550",1,0,1
"E00052551",2,1,1
"E00052552",5,2,3
"E00052553",2,1,1
"E00052554",0,0,0
"E00052555",1,1,0
"E00052557",3,1,2
"E00052558",1,0,1
"E00052559",0,0,0
"E00052560",1,1,0
"E00052561",0,0,0
"E00052562",3,0,3
"E00052563",3,1,2
"E00052564",1,1,0
"E00052565",0,0,0
"E00052566",0,0,0
"E00052567",1,1,0
"E00052568",4,0,4
"E00052569",0,0,0
"E00052570",3,1,2
"E00052571",1,1,0
"E00052572",6,3,3
"E00052573",2,1,1
"E00052574",2,2,0
"E00052575",4,3,1
"E00052576",1,0,1
"E00052577",3,0,3
"E00052578",1,1,0
"E00052579",0,0,0
"E00052580",2,1,1
"E00052581",0,0,0
"E00052582",1,1,0
"E00052583",0,0,0
"E00052584",3,3,0
"E00052585",0,0,0
"E00052587",4,2,2
"E00052588",0,0,0
"E00052589",0,0,0
"E00052590",0,0,0
"E00052591",0,0,0
"E00052592",3,3,0
"E00052593",1,0,1
"E00052594",2,1,1
"E00052595",0,0,0
"E00052596",1,0,1
"E00052597",4,1,3
"E00052598",7,1,6
"E00052599",0,0,0
"E00052600",1,0,1
"E00052601",0,0,0
"E00052602",2,1,1
"E00052603",1,0,1
"E00052604",3,2,1
"E00052605",2,2,0
"E00052606",1,1,0
"E00052607",7,5,2
"E00052608",1,0,1
"E00052609",0,0,0
"E00052611",1,1,0
"E00052612",0,0,0
"E00052613",1,1,0
"E00052614",4,2,2
"E00052615",0,0,0
"E00052616",1,1,0
"E00052617",2,1,1
"E00052618",0,0,0
"E00052619",1,1,0
"E00052620",1,1,0
"E00052621",3,1,2
"E00052622",4,2,2
"E00052623",0,0,0
"E00052624",0,0,0
"E00052625",4,2,2
"E00052626",1,0,1
"E00052627",1,0,1
"E00052628",0,0,0
"E00052629",5,3,2
"E00052630",0,0,0
"E00052631",4,1,3
"E00052632",0,0,0
"E00052633",3,1,2
"E00052634",2,1,1
"E00052635",0,0,0
"E00052636",2,1,1
"E00052637",0,0,0
"E00052638",3,1,2
"E00052639",1,1,0
"E00052640",3,1,2
"E00052641",2,1,1
"E00052642",0,0,0
"E00052643",0,0,0
"E00052644",0,0,0
"E00052645",1,0,1
"E00052646",3,0,3
"E00052647",1,0,1
"E00052648",0,0,0
"E00052649",0,0,0
"E00052650",2,1,1
"E00052651",0,0,0
"E00052652",4,2,2
"E00052653",1,0,1
"E00052654",4,4,0
"E00052655",6,3,3
"E00052656",1,1,0
"E00052657",3,2,1
"E00052658",0,0,0
"E00052659",0,0,0
"E00052660",0,0,0
"E00052661",10,6,4
"E00052662",1,1,0
"E00052663",7,4,3
"E00052664",0,0,0
"E00052665",1,1,0
"E00052668",4,3,1
"E00052669",4,0,4
"E00052670",1,1,0
"E00052671",0,0,0
"E00052673",8,4,4
"E00052674",4,1,3
"E00052675",1,1,0
"E00052676",1,1,0
"E00052677",5,3,2
"E00052678",2,1,1
"E00052679",2,1,1
"E00052680",2,1,1
"E00052681",8,1,7
"E00052682",4,4,0
"E00052683",2,1,1
"E00052684",9,1,8
"E00052685",3,1,2
"E00052686",6,2,4
"E00052687",2,0,2
"E00052688",5,2,3
"E00052689",16,10,6
"E00052690",1,1,0
"E00052691",6,2,4
"E00052692",2,2,0
"E00052693",4,1,3
"E00052694",2,0,2
"E00052695",3,2,1
"E00052696",1,1,0
"E00052697",0,0,0
"E00052698",0,0,0
"E00052699",1,0,1
"E00052700",3,1,2
"E00052701",1,0,1
"E00052702",1,1,0
"E00052703",3,1,2
"E00052704",4,1,3
"E00052705",0,0,0
"E00052706",1,1,0
"E00052707",2,1,1
"E00052708",3,3,0
"E00052709",2,2,0
"E00052710",2,2,0
"E00052711",2,1,1
"E00052712",2,2,0
"E00052713",3,1,2
"E00052714",3,3,0
"E00052715",0,0,0
"E00052716",2,0,2
"E00052717",5,2,3
"E00052718",0,0,0
"E00052719",1,1,0
"E00052720",5,3,2
"E00052721",3,2,1
"E00052722",3,1,2
"E00052723",0,0,0
"E00052724",1,0,1
"E00052725",1,1,0
"E00052726",3,2,1
"E00052727",1,1,0
"E00052728",0,0,0
"E00052729",0,0,0
"E00052730",1,1,0
"E00052731",4,2,2
"E00052732",1,1,0
"E00052733",0,0,0
"E00052734",2,1,1
"E00052735",3,1,2
"E00052736",0,0,0
"E00052737",2,1,1
"E00052738",0,0,0
"E00052739",1,1,0
"E00052740",0,0,0
"E00052741",3,2,1
"E00052742",1,0,1
"E00052743",1,1,0
"E00052744",4,2,2
"E00052745",3,1,2
"E00052746",7,3,4
"E00052747",2,2,0
"E00052748",0,0,0
"E00052749",0,0,0
"E00052750",2,1,1
"E00052751",1,1,0
"E00052752",1,1,0
"E00052753",5,1,4
"E00052754",0,0,0
"E00052755",1,0,1
"E00052756",1,1,0
"E00052757",0,0,0
"E00052758",1,0,1
"E00052759",1,0,1
"E00052760",0,0,0
"E00052761",4,3,1
"E00052762",9,3,6
"E00052763",0,0,0
"E00052764",2,1,1
"E00052765",4,3,1
"E00052766",0,0,0
"E00052767",3,2,1
"E00052768",2,0,2
"E00052769",4,3,1
"E00052770",3,2,1
"E00052771",1,1,0
"E00052772",0,0,0
"E00052773",4,2,2
"E00052774",1,1,0
"E00052775",5,2,3
"E00052776",0,0,0
"E00052777",1,1,0
"E00052778",2,2,0
"E00052779",1,0,1
"E00052780",0,0,0
"E00052781",2,1,1
"E00052782",3,0,3
"E00052784",0,0,0
"E00052785",3,2,1
"E00052786",3,2,1
"E00052787",0,0,0
"E00052788",3,1,2
"E00052789",1,0,1
"E00052790",3,1,2
"E00052791",2,1,1
"E00052792",5,1,4
"E00052793",1,1,0
"E00052794",3,2,1
"E00052795",3,2,1
"E00052796",3,3,0
"E00052797",1,0,1
"E00052798",0,0,0
"E00052799",0,0,0
"E00052800",1,0,1
"E00052801",2,1,1
"E00052802",1,1,0
"E00052803",1,0,1
"E00052804",0,0,0
"E00052805",1,1,0
"E00052806",1,1,0
"E00052807",2,1,1
"E00052808",2,1,1
"E00052809",1,0,1
"E00052810",0,0,0
"E00052811",1,0,1
"E00052812",3,1,2
"E00052813",0,0,0
"E00052814",5,2,3
"E00052815",2,1,1
"E00052816",3,1,2
"E00052817",2,1,1
"E00052818",2,1,1
"E00052819",0,0,0
"E00052820",2,1,1
"E00052821",3,2,1
"E00052822",8,3,5
"E00052823",10,4,6
"E00052824",3,2,1
"E00052825",5,2,3
"E00052826",2,1,1
"E00052827",1,0,1
"E00052828",0,0,0
"E00052829",2,1,1
"E00052830",2,1,1
"E00052831",0,0,0
"E00052832",4,1,3
"E00052833",3,2,1
"E00052834",3,1,2
"E00052835",1,1,0
"E00052836",1,0,1
"E00052837",1,1,0
"E00052838",1,1,0
"E00052839",4,2,2
"E00052840",1,1,0
"E00052841",2,0,2
"E00052842",4,4,0
"E00052843",4,1,3
"E00052844",2,1,1
"E00052845",1,0,1
"E00052846",7,2,5
"E00052847",3,3,0
"E00052848",2,0,2
"E00052849",1,0,1
"E00052850",0,0,0
"E00052851",1,0,1
"E00052852",1,1,0
"E00052853",4,1,3
"E00052854",2,1,1
"E00052855",13,6,7
"E00052856",4,2,2
"E00052857",0,0,0
"E00052858",6,4,2
"E00052859",6,3,3
"E00052860",1,0,1
"E00052861",3,2,1
"E00052862",3,0,3
"E00052863",0,0,0
"E00052864",0,0,0
"E00052865",4,1,3
"E00052866",0,0,0
"E00052867",1,1,0
"E00052868",2,1,1
"E00052869",0,0,0
"E00052870",1,1,0
"E00052871",0,0,0
"E00052872",5,1,4
"E00052873",5,3,2
"E00052874",1,1,0
"E00052875",2,2,0
"E00052876",0,0,0
"E00052877",2,1,1
"E00052878",3,0,3
"E00052879",2,2,0
"E00052880",4,1,3
"E00052881",8,4,4
"E00052882",0,0,0
"E00052883",3,1,2
"E00052884",0,0,0
"E00052885",1,1,0
"E00052886",1,0,1
"E00052887",1,0,1
"E00052888",0,0,0
"E00052889",2,2,0
"E00052890",0,0,0
"E00052891",3,0,3
"E00052892",3,0,3
"E00052893",0,0,0
"E00052894",1,1,0
"E00052895",3,2,1
"E00052896",1,0,1
"E00052897",0,0,0
"E00052898",5,3,2
"E00052899",1,1,0
"E00052900",0,0,0
"E00052901",0,0,0
"E00052902",2,1,1
"E00052903",2,1,1
"E00052904",4,2,2
"E00052905",5,3,2
"E00052906",0,0,0
"E00052907",10,6,4
"E00052908",2,0,2
"E00052909",2,2,0
"E00052910",2,1,1
"E00052911",2,2,0
"E00052912",3,2,1
"E00052913",2,1,1
"E00052914",0,0,0
"E00052915",2,2,0
"E00052916",3,1,2
"E00052917",4,2,2
"E00052918",1,1,0
"E00052919",1,0,1
"E00052920",1,0,1
"E00052921",4,3,1
"E00052922",2,2,0
"E00052923",0,0,0
"E00052924",1,1,0
"E00052925",5,2,3
"E00052926",0,0,0
"E00052927",1,1,0
"E00052928",1,0,1
"E00052929",3,2,1
"E00052930",1,1,0
"E00052931",0,0,0
"E00052932",3,2,1
"E00052933",0,0,0
"E00052934",0,0,0
"E00052935",1,1,0
"E00052936",2,0,2
"E00052937",1,0,1
"E00052938",2,2,0
"E00052939",4,2,2
"E00052940",1,0,1
"E00052941",1,0,1
"E00052943",2,1,1
"E00052944",1,1,0
"E00052945",0,0,0
"E00052946",3,2,1
"E00052947",2,2,0
"E00052948",11,4,7
"E00052949",6,2,4
"E00052950",3,1,2
"E00052951",0,0,0
"E00052952",2,1,1
"E00052953",1,0,1
"E00052954",0,0,0
"E00052955",2,1,1
"E00052956",5,4,1
"E00052957",4,0,4
"E00052958",6,4,2
"E00052959",6,3,3
"E00052960",2,1,1
"E00052961",4,3,1
"E00052962",4,0,4
"E00052963",4,2,2
"E00052964",5,2,3
"E00052965",3,2,1
"E00052966",7,3,4
"E00052967",0,0,0
"E00052968",2,2,0
"E00052969",1,0,1
"E00052970",8,7,1
"E00052971",9,5,4
"E00052972",3,3,0
"E00052973",4,1,3
"E00052974",2,0,2
"E00052975",7,2,5
"E00052976",4,2,2
"E00052977",0,0,0
"E00052978",1,1,0
"E00052979",0,0,0
"E00052980",5,4,1
"E00052981",0,0,0
"E00052982",0,0,0
"E00052983",1,0,1
"E00052984",1,1,0
"E00052985",0,0,0
"E00052986",2,2,0
"E00052987",3,2,1
"E00052988",1,0,1
"E00052989",8,6,2
"E00052990",0,0,0
"E00052991",4,1,3
"E00052992",2,1,1
"E00052993",6,2,4
"E00052994",2,0,2
"E00052995",5,4,1
"E00052996",7,4,3
"E00052997",2,1,1
"E00052998",0,0,0
"E00052999",8,3,5
"E00053000",1,0,1
"E00053001",5,3,2
"E00053002",1,1,0
"E00053003",5,1,4
"E00053004",0,0,0
"E00053005",1,1,0
"E00053006",0,0,0
"E00053007",3,2,1
"E00053008",6,2,4
"E00053009",3,2,1
"E00053010",1,1,0
"E00053011",8,4,4
"E00053012",1,0,1
"E00053013",5,1,4
"E00053014",3,1,2
"E00053015",1,1,0
"E00053016",0,0,0
"E00053017",1,1,0
"E00053018",6,2,4
"E00053019",0,0,0
"E00053020",0,0,0
"E00053021",0,0,0
"E00053022",0,0,0
"E00053023",2,2,0
"E00053024",4,1,3
"E00053025",1,0,1
"E00053026",0,0,0
"E00053027",2,1,1
"E00053028",2,0,2
"E00053029",2,0,2
"E00053030",6,2,4
"E00053031",10,4,6
"E00053032",3,3,0
"E00053033",3,1,2
"E00053034",3,2,1
"E00053035",13,8,5
"E00053036",4,2,2
"E00053037",4,2,2
"E00053038",8,4,4
"E00053039",9,4,5
"E00053040",13,6,7
"E00053041",4,4,0
"E00053042",2,1,1
"E00053043",7,3,4
"E00053044",7,2,5
"E00053045",3,0,3
"E00053046",0,0,0
"E00053047",0,0,0
"E00053048",4,2,2
"E00053049",0,0,0
"E00053050",5,4,1
"E00053051",4,0,4
"E00053052",0,0,0
"E00053053",7,2,5
"E00053054",6,3,3
"E00053055",4,2,2
"E00053056",2,0,2
"E00053057",0,0,0
"E00053058",6,5,1
"E00053059",5,3,2
"E00053060",2,0,2
"E00053061",7,3,4
"E00053062",8,3,5
"E00053063",3,0,3
"E00053064",1,1,0
"E00053065",0,0,0
"E00053066",0,0,0
"E00053067",6,3,3
"E00053068",1,1,0
"E00053069",0,0,0
"E00053070",3,2,1
"E00053071",5,4,1
"E00053072",1,1,0
"E00053073",0,0,0
"E00053074",6,4,2
"E00053075",1,0,1
"E00053076",1,1,0
"E00053077",5,3,2
"E00053078",6,4,2
"E00053079",3,1,2
"E00053080",4,2,2
"E00053081",5,4,1
"E00053082",11,5,6
"E00053083",3,2,1
"E00053084",6,2,4
"E00053085",6,3,3
"E00053086",4,2,2
"E00053087",7,4,3
"E00053088",10,6,4
"E00053089",1,0,1
"E00053090",4,2,2
"E00053091",4,3,1
"E00053092",5,1,4
"E00053093",1,0,1
"E00053094",3,2,1
"E00053095",3,3,0
"E00053096",9,3,6
"E00053097",1,1,0
"E00053098",2,1,1
"E00053099",1,1,0
"E00053100",0,0,0
"E00053101",3,3,0
"E00053102",4,2,2
"E00053103",2,0,2
"E00053104",4,2,2
"E00053105",5,1,4
"E00053106",4,3,1
"E00053107",7,4,3
"E00053108",7,3,4
"E00053109",3,1,2
"E00053110",7,6,1
"E00053111",12,5,7
"E00053112",15,7,8
"E00053113",0,0,0
"E00053114",2,0,2
"E00053115",4,2,2
"E00053116",0,0,0
"E00053117",3,2,1
"E00053118",2,2,0
"E00053119",2,1,1
"E00053120",1,0,1
"E00053121",1,0,1
"E00053122",4,2,2
"E00053123",3,2,1
"E00053124",1,0,1
"E00053125",1,1,0
"E00053126",0,0,0
"E00053127",3,2,1
"E00053128",3,1,2
"E00053129",1,0,1
"E00053130",1,0,1
"E00053131",7,3,4
"E00053132",5,2,3
"E00053133",0,0,0
"E00053134",37,11,26
"E00053135",1,1,0
"E00053136",1,1,0
"E00053137",1,1,0
"E00053138",0,0,0
"E00053139",3,3,0
"E00053140",7,3,4
"E00053141",0,0,0
"E00053142",2,0,2
"E00053144",0,0,0
"E00053145",0,0,0
"E00053146",5,1,4
"E00053147",1,1,0
"E00053148",5,4,1
"E00053149",1,1,0
"E00053151",0,0,0
"E00053152",6,1,5
"E00053153",8,4,4
"E00053154",7,4,3
"E00053155",5,3,2
"E00053156",4,1,3
"E00053157",7,3,4
"E00053158",2,1,1
"E00053159",9,6,3
"E00053160",2,2,0
"E00053161",1,0,1
"E00053162",1,0,1
"E00053163",0,0,0
"E00053164",2,1,1
"E00053165",6,2,4
"E00053166",1,1,0
"E00053167",0,0,0
"E00053168",5,2,3
"E00053169",3,3,0
"E00053170",5,3,2
"E00053171",5,2,3
"E00053172",3,2,1
"E00053173",0,0,0
"E00053174",1,1,0
"E00053175",2,1,1
"E00053176",12,5,7
"E00053177",5,3,2
"E00053178",6,2,4
"E00053179",0,0,0
"E00053180",0,0,0
"E00053181",1,0,1
"E00053182",0,0,0
"E00053183",7,4,3
"E00053184",3,1,2
"E00053185",2,0,2
"E00053186",2,0,2
"E00053187",1,1,0
"E00053188",0,0,0
"E00053189",3,2,1
"E00053190",3,2,1
"E00053191",0,0,0
"E00053192",0,0,0
"E00053193",0,0,0
"E00053194",0,0,0
"E00053195",2,0,2
"E00053196",1,0,1
"E00053197",0,0,0
"E00053198",1,1,0
"E00053199",2,1,1
"E00053200",18,10,8
"E00053201",6,5,1
"E00053202",12,5,7
"E00053203",1,1,0
"E00053204",2,0,2
"E00053205",2,1,1
"E00053206",1,0,1
"E00053207",5,2,3
"E00053208",3,2,1
"E00053209",10,5,5
"E00053210",1,1,0
"E00053211",6,3,3
"E00053212",7,1,6
"E00053213",1,1,0
"E00053214",4,2,2
"E00053215",3,3,0
"E00053216",10,2,8
"E00053217",1,1,0
"E00053218",9,2,7
"E00053219",4,1,3
"E00053220",3,1,2
"E00053221",7,5,2
"E00053222",10,4,6
"E00053223",2,0,2
"E00053224",1,1,0
"E00053225",0,0,0
"E00053226",5,2,3
"E00053227",0,0,0
"E00053228",6,3,3
"E00053229",1,0,1
"E00053230",5,4,1
"E00053231",1,0,1
"E00053232",0,0,0
"E00053233",1,1,0
"E00053234",0,0,0
"E00053235",0,0,0
"E00053236",1,0,1
"E00053237",0,0,0
"E00053238",2,0,2
"E00053239",13,8,5
"E00053240",4,2,2
"E00053241",5,3,2
"E00053242",4,3,1
"E00053243",8,5,3
"E00053244",4,3,1
"E00053245",8,5,3
"E00053246",2,2,0
"E00053247",1,1,0
"E00053248",2,1,1
"E00053249",0,0,0
"E00053250",5,1,4
"E00053251",0,0,0
"E00053252",6,4,2
"E00053253",6,4,2
"E00053254",2,1,1
"E00053255",9,3,6
"E00053256",1,0,1
"E00053257",3,0,3
"E00053258",3,0,3
"E00053259",2,0,2
"E00053260",2,0,2
"E00053261",3,3,0
"E00053262",1,1,0
"E00053263",5,2,3
"E00053264",10,7,3
"E00053265",7,5,2
"E00053266",3,2,1
"E00053267",2,1,1
"E00053268",4,1,3
"E00053269",5,2,3
"E00053270",1,0,1
"E00053271",4,1,3
"E00053272",5,4,1
"E00053273",3,1,2
"E00053274",1,1,0
"E00053275",3,2,1
"E00053276",1,0,1
"E00053277",6,4,2
"E00053278",1,0,1
"E00053279",2,0,2
"E00053280",4,1,3
"E00053281",2,0,2
"E00053282",0,0,0
"E00053283",4,1,3
"E00053284",0,0,0
"E00053285",2,1,1
"E00053286",3,1,2
"E00053287",1,1,0
"E00053288",1,1,0
"E00053289",3,1,2
"E00053290",0,0,0
"E00053291",4,1,3
"E00053292",1,0,1
"E00053293",2,0,2
"E00053294",2,1,1
"E00053295",0,0,0
"E00053296",5,2,3
"E00053297",0,0,0
"E00053298",1,1,0
"E00053299",0,0,0
"E00053300",0,0,0
"E00053301",0,0,0
"E00053302",1,1,0
"E00053303",2,1,1
"E00053304",1,1,0
"E00053305",1,0,1
"E00053306",1,1,0
"E00053307",1,1,0
"E00053308",0,0,0
"E00053309",0,0,0
"E00053310",1,1,0
"E00053311",1,1,0
"E00053312",2,1,1
"E00053313",0,0,0
"E00053314",0,0,0
"E00053315",1,1,0
"E00053316",0,0,0
"E00053317",3,3,0
"E00053318",1,1,0
"E00053319",0,0,0
"E00053320",1,0,1
"E00053321",1,1,0
"E00053322",2,1,1
"E00053323",3,1,2
"E00053324",3,1,2
"E00053326",1,1,0
"E00053327",4,3,1
"E00053328",1,1,0
"E00053329",0,0,0
"E00053330",0,0,0
"E00053331",6,2,4
"E00053332",0,0,0
"E00053333",3,1,2
"E00053334",7,4,3
"E00053335",2,2,0
"E00053336",2,2,0
"E00053337",0,0,0
"E00053338",2,1,1
"E00053339",0,0,0
"E00053340",0,0,0
"E00053341",0,0,0
"E00053342",2,0,2
"E00053343",2,1,1
"E00053344",2,1,1
"E00053345",1,0,1
"E00053346",1,1,0
"E00053347",6,4,2
"E00053348",3,1,2
"E00053349",0,0,0
"E00053350",1,0,1
"E00053351",1,0,1
"E00053352",0,0,0
"E00053353",1,0,1
"E00053354",2,2,0
"E00053355",5,2,3
"E00053356",3,1,2
"E00053357",12,6,6
"E00053358",7,3,4
"E00053359",2,1,1
"E00053360",0,0,0
"E00053361",6,1,5
"E00053362",5,4,1
"E00053363",0,0,0
"E00053364",3,1,2
"E00053365",6,4,2
"E00053366",8,4,4
"E00053367",3,1,2
"E00053368",1,0,1
"E00053369",3,1,2
"E00053370",12,6,6
"E00053371",1,0,1
"E00053372",5,2,3
"E00053373",12,6,6
"E00053374",1,0,1
"E00053375",1,1,0
"E00053376",8,5,3
"E00053377",0,0,0
"E00053378",6,4,2
"E00053379",0,0,0
"E00053380",2,1,1
"E00053381",1,0,1
"E00053382",0,0,0
"E00053383",1,0,1
"E00053384",0,0,0
"E00053385",0,0,0
"E00053386",0,0,0
"E00053387",3,0,3
"E00053388",2,1,1
"E00053389",3,1,2
"E00053390",4,2,2
"E00053391",1,1,0
"E00053392",3,0,3
"E00053393",7,3,4
"E00053394",10,7,3
"E00053395",10,6,4
"E00053396",4,1,3
"E00053397",0,0,0
"E00053398",3,2,1
"E00053399",4,3,1
"E00053400",0,0,0
"E00053401",5,1,4
"E00053402",9,5,4
"E00053403",6,3,3
"E00053404",4,2,2
"E00053405",7,3,4
"E00053406",0,0,0
"E00053407",11,3,8
"E00053408",10,5,5
"E00053409",11,6,5
"E00053410",2,1,1
"E00053411",2,1,1
"E00053412",1,0,1
"E00053414",8,5,3
"E00053415",7,6,1
"E00053416",9,2,7
"E00053417",4,0,4
"E00053418",5,3,2
"E00053419",0,0,0
"E00053420",4,3,1
"E00053421",1,1,0
"E00053422",0,0,0
"E00053424",0,0,0
"E00053425",4,2,2
"E00053426",2,1,1
"E00053427",7,1,6
"E00053428",1,1,0
"E00053429",1,1,0
"E00053430",0,0,0
"E00053431",4,2,2
"E00053432",1,1,0
"E00053433",5,4,1
"E00053434",4,0,4
"E00053435",3,2,1
"E00053436",3,2,1
"E00053437",0,0,0
"E00053438",3,0,3
"E00053439",6,5,1
"E00053440",5,1,4
"E00053441",7,4,3
"E00053442",13,7,6
"E00053443",19,11,8
"E00053444",12,4,8
"E00053445",8,4,4
"E00053447",8,5,3
"E00053448",8,3,5
"E00053449",12,9,3
"E00053450",8,6,2
"E00053451",5,5,0
"E00053452",4,0,4
"E00053453",4,2,2
"E00053454",4,1,3
"E00053455",6,1,5
"E00053456",11,3,8
"E00053457",5,2,3
"E00053458",9,4,5
"E00053459",10,0,10
"E00053460",5,2,3
"E00053461",5,3,2
"E00053462",4,3,1
"E00053463",5,4,1
"E00053464",4,2,2
"E00053465",5,1,4
"E00053466",7,2,5
"E00053467",2,1,1
"E00053468",4,3,1
"E00053469",10,8,2
"E00053470",4,2,2
"E00053471",4,2,2
"E00053472",4,4,0
"E00053473",5,2,3
"E00053474",2,1,1
"E00053475",7,2,5
"E00053476",0,0,0
"E00053477",2,1,1
"E00053478",5,3,2
"E00053479",0,0,0
"E00053480",3,2,1
"E00053481",4,3,1
"E00053482",5,2,3
"E00053483",6,4,2
"E00053484",2,2,0
"E00053485",0,0,0
"E00053486",13,4,9
"E00053487",11,6,5
"E00053488",2,0,2
"E00053489",6,2,4
"E00053490",0,0,0
"E00053491",6,3,3
"E00053492",5,1,4
"E00053493",13,7,6
"E00053494",4,2,2
"E00053495",5,4,1
"E00053496",0,0,0
"E00053497",3,1,2
"E00053498",3,1,2
"E00053499",1,1,0
"E00053500",3,1,2
"E00053501",7,5,2
"E00053502",4,0,4
"E00053503",2,2,0
"E00053504",3,1,2
"E00053505",3,2,1
"E00053506",1,0,1
"E00053507",1,0,1
"E00053508",4,1,3
"E00053509",4,2,2
"E00053510",0,0,0
"E00053511",0,0,0
"E00053512",1,0,1
"E00053513",0,0,0
"E00053514",1,1,0
"E00053515",1,0,1
"E00053516",4,3,1
"E00053517",0,0,0
"E00053518",6,2,4
"E00053519",10,6,4
"E00053520",6,2,4
"E00053521",5,2,3
"E00053522",5,3,2
"E00053523",3,0,3
"E00053524",5,1,4
"E00053525",6,5,1
"E00053526",2,1,1
"E00053527",1,1,0
"E00053528",7,5,2
"E00053529",2,0,2
"E00053530",5,2,3
"E00053531",0,0,0
"E00053532",0,0,0
"E00053533",3,1,2
"E00053534",4,2,2
"E00053535",0,0,0
"E00053536",5,3,2
"E00053537",2,2,0
"E00053538",0,0,0
"E00053539",5,1,4
"E00053540",0,0,0
"E00053541",3,2,1
"E00053542",0,0,0
"E00053543",1,0,1
"E00053544",2,0,2
"E00053545",0,0,0
"E00053546",3,2,1
"E00053547",1,0,1
"E00053548",1,1,0
"E00053550",1,1,0
"E00053551",1,0,1
"E00053552",2,1,1
"E00053553",2,2,0
"E00053555",2,0,2
"E00053556",2,0,2
"E00053557",1,0,1
"E00053558",0,0,0
"E00053559",0,0,0
"E00053560",0,0,0
"E00053561",0,0,0
"E00053562",0,0,0
"E00053563",0,0,0
"E00053564",0,0,0
"E00053565",0,0,0
"E00053566",2,1,1
"E00053567",0,0,0
"E00053568",4,2,2
"E00053569",1,0,1
"E00053570",2,0,2
"E00053571",2,0,2
"E00053572",2,1,1
"E00053573",0,0,0
"E00053574",0,0,0
"E00053575",4,3,1
"E00053576",2,2,0
"E00053577",1,1,0
"E00053578",1,0,1
"E00053579",1,0,1
"E00053580",1,0,1
"E00053581",0,0,0
"E00053582",0,0,0
"E00053583",1,0,1
"E00053584",5,1,4
"E00053585",5,1,4
"E00053586",3,1,2
"E00053587",3,1,2
"E00053588",0,0,0
"E00053589",0,0,0
"E00053590",0,0,0
"E00053591",3,2,1
"E00053592",2,2,0
"E00053593",2,2,0
"E00053594",0,0,0
"E00053595",1,1,0
"E00053596",3,1,2
"E00053597",0,0,0
"E00053598",1,1,0
"E00053599",0,0,0
"E00053600",4,1,3
"E00053602",2,2,0
"E00053603",1,1,0
"E00053604",1,1,0
"E00053605",1,1,0
"E00053606",2,2,0
"E00053607",4,2,2
"E00053608",1,0,1
"E00053609",6,3,3
"E00053610",3,3,0
"E00053611",0,0,0
"E00053612",2,2,0
"E00053613",1,0,1
"E00053614",4,3,1
"E00053615",3,1,2
"E00053616",0,0,0
"E00053617",2,2,0
"E00053618",2,2,0
"E00053621",5,2,3
"E00053622",4,2,2
"E00053623",5,1,4
"E00053624",2,2,0
"E00053625",5,4,1
"E00053626",0,0,0
"E00053627",2,0,2
"E00053629",1,0,1
"E00053630",1,1,0
"E00053631",3,1,2
"E00053632",1,0,1
"E00053633",3,1,2
"E00053634",0,0,0
"E00053635",1,0,1
"E00053636",1,1,0
"E00053637",1,1,0
"E00053638",1,0,1
"E00053639",0,0,0
"E00053640",3,2,1
"E00053641",0,0,0
"E00053642",4,2,2
"E00053643",8,4,4
"E00053644",12,7,5
"E00053645",4,3,1
"E00053646",13,7,6
"E00053647",1,0,1
"E00053648",2,1,1
"E00053649",2,2,0
"E00053650",3,1,2
"E00053651",0,0,0
"E00053652",0,0,0
"E00053653",5,3,2
"E00053654",5,3,2
"E00053655",5,1,4
"E00053656",1,1,0
"E00053657",6,5,1
"E00053658",4,3,1
"E00053659",2,1,1
"E00053660",2,1,1
"E00053661",2,1,1
"E00053663",2,0,2
"E00053664",3,1,2
"E00053665",3,1,2
"E00053666",2,0,2
"E00053667",2,0,2
"E00053668",3,2,1
"E00053670",3,2,1
"E00053671",0,0,0
"E00053672",1,0,1
"E00053673",2,0,2
"E00053674",1,0,1
"E00053675",3,1,2
"E00053676",3,1,2
"E00053677",4,1,3
"E00053678",2,2,0
"E00053679",1,0,1
"E00053680",1,0,1
"E00053681",3,3,0
"E00053682",3,2,1
"E00053683",5,4,1
"E00053684",2,2,0
"E00053685",0,0,0
"E00053686",1,0,1
"E00053687",6,3,3
"E00053688",4,2,2
"E00053689",6,3,3
"E00053690",6,2,4
"E00053691",1,1,0
"E00053692",9,3,6
"E00053693",6,2,4
"E00053694",15,8,7
"E00053695",12,6,6
"E00053696",7,0,7
"E00053697",5,2,3
"E00053698",4,3,1
"E00053699",5,5,0
"E00053700",4,2,2
"E00053701",4,2,2
"E00053702",4,3,1
"E00053703",3,1,2
"E00053704",1,0,1
"E00053705",0,0,0
"E00053706",1,1,0
"E00053707",4,2,2
"E00053708",2,1,1
"E00053709",9,4,5
"E00053710",1,0,1
"E00053711",3,2,1
"E00053712",6,5,1
"E00053713",1,0,1
"E00053714",0,0,0
"E00053715",3,2,1
"E00053716",0,0,0
"E00053717",5,1,4
"E00053718",6,1,5
"E00053719",6,3,3
"E00053720",2,2,0
"E00053721",1,0,1
"E00053722",1,1,0
"E00053723",3,0,3
"E00053724",0,0,0
"E00053725",4,3,1
"E00053726",4,1,3
"E00053727",6,1,5
"E00053728",8,3,5
"E00053729",2,1,1
"E00053730",3,3,0
"E00053731",5,3,2
"E00053732",6,3,3
"E00053733",7,2,5
"E00053734",4,0,4
"E00053735",2,1,1
"E00053736",7,4,3
"E00053737",0,0,0
"E00053738",5,1,4
"E00053739",3,1,2
"E00053740",1,1,0
"E00053741",4,4,0
"E00053742",0,0,0
"E00053743",0,0,0
"E00053744",5,4,1
"E00053745",0,0,0
"E00053746",3,1,2
"E00053747",0,0,0
"E00053748",1,0,1
"E00053749",1,0,1
"E00053750",1,0,1
"E00053751",2,0,2
"E00053752",0,0,0
"E00053753",3,2,1
"E00053754",0,0,0
"E00053756",6,4,2
"E00053757",0,0,0
"E00053758",3,1,2
"E00053759",0,0,0
"E00053760",5,1,4
"E00053761",0,0,0
"E00053762",1,1,0
"E00053763",0,0,0
"E00053764",3,2,1
"E00053765",5,3,2
"E00053766",1,0,1
"E00053767",0,0,0
"E00053768",2,1,1
"E00053769",0,0,0
"E00053770",6,2,4
"E00053771",4,2,2
"E00053772",0,0,0
"E00053773",1,1,0
"E00053774",3,1,2
"E00053775",1,0,1
"E00053776",6,1,5
"E00053777",0,0,0
"E00053778",0,0,0
"E00053779",1,0,1
"E00053780",0,0,0
"E00053781",0,0,0
"E00053782",2,2,0
"E00053783",2,1,1
"E00053785",1,0,1
"E00053786",5,3,2
"E00053787",1,0,1
"E00053788",3,2,1
"E00053789",2,0,2
"E00053790",0,0,0
"E00053791",4,1,3
"E00053792",2,1,1
"E00053793",2,1,1
"E00053794",3,1,2
"E00053795",4,2,2
"E00053796",5,0,5
"E00053797",4,3,1
"E00053798",10,8,2
"E00053799",4,0,4
"E00053800",3,2,1
"E00053801",0,0,0
"E00053802",8,4,4
"E00053803",3,1,2
"E00053804",6,2,4
"E00053805",1,1,0
"E00053806",1,0,1
"E00053807",0,0,0
"E00053808",0,0,0
"E00053809",5,2,3
"E00053810",0,0,0
"E00053811",1,0,1
"E00053812",0,0,0
"E00053813",1,1,0
"E00053814",4,1,3
"E00053815",0,0,0
"E00053816",5,3,2
"E00053817",5,4,1
"E00053818",5,3,2
"E00053819",2,1,1
"E00053820",5,2,3
"E00053821",0,0,0
"E00053822",6,3,3
"E00053823",1,0,1
"E00053824",3,0,3
"E00053825",11,4,7
"E00053826",3,2,1
"E00053827",0,0,0
"E00053828",0,0,0
"E00053829",4,2,2
"E00053830",0,0,0
"E00053831",0,0,0
"E00053832",2,1,1
"E00053833",2,0,2
"E00053834",3,2,1
"E00053836",3,1,2
"E00053837",0,0,0
"E00053838",5,3,2
"E00053839",4,2,2
"E00053840",8,5,3
"E00053841",5,3,2
"E00053842",2,1,1
"E00053843",4,2,2
"E00053844",5,5,0
"E00053845",2,1,1
"E00053846",1,0,1
"E00053847",10,6,4
"E00053848",0,0,0
"E00053849",2,1,1
"E00053850",2,2,0
"E00053851",6,2,4
"E00053852",2,2,0
"E00053853",3,0,3
"E00053854",1,1,0
"E00053855",3,3,0
"E00053856",4,4,0
"E00053857",2,1,1
"E00053858",2,2,0
"E00053859",2,1,1
"E00053860",0,0,0
"E00053861",1,0,1
"E00053862",1,1,0
"E00053863",4,4,0
"E00053864",0,0,0
"E00053866",7,5,2
"E00053867",1,1,0
"E00053868",10,4,6
"E00053869",1,1,0
"E00053870",9,5,4
"E00053871",1,1,0
"E00053872",10,7,3
"E00053873",1,0,1
"E00053874",1,0,1
"E00053875",4,2,2
"E00053876",0,0,0
"E00053877",6,3,3
"E00053878",9,4,5
"E00053879",5,1,4
"E00053880",1,1,0
"E00053881",0,0,0
"E00053882",4,2,2
"E00053883",2,0,2
"E00053884",4,1,3
"E00053885",2,1,1
"E00053886",7,4,3
"E00053887",2,1,1
"E00053888",12,4,8
"E00053889",5,3,2
"E00053890",0,0,0
"E00053891",5,2,3
"E00053892",4,2,2
"E00053893",1,1,0
"E00053894",5,2,3
"E00053895",5,4,1
"E00053896",0,0,0
"E00053897",3,0,3
"E00053898",0,0,0
"E00053899",1,1,0
"E00053900",0,0,0
"E00053902",3,1,2
"E00053903",1,1,0
"E00053904",3,1,2
"E00053905",3,2,1
"E00053906",5,1,4
"E00053907",0,0,0
"E00053908",2,2,0
"E00053909",6,4,2
"E00053910",7,4,3
"E00053911",8,6,2
"E00053912",4,2,2
"E00053913",4,4,0
"E00053914",4,1,3
"E00053915",6,4,2
"E00053916",1,0,1
"E00053917",10,4,6
"E00053918",8,3,5
"E00053919",3,3,0
"E00053920",6,6,0
"E00053921",3,2,1
"E00053922",4,3,1
"E00053923",3,1,2
"E00053924",3,3,0
"E00053925",9,7,2
"E00053926",0,0,0
"E00053927",8,3,5
"E00053928",4,2,2
"E00053929",3,2,1
"E00053930",3,0,3
"E00053931",2,0,2
"E00053932",1,1,0
"E00053933",1,0,1
"E00053934",1,1,0
"E00053935",7,2,5
"E00053936",5,1,4
"E00053937",12,6,6
"E00053938",9,6,3
"E00053939",13,7,6
"E00053940",4,3,1
"E00053941",0,0,0
"E00053942",2,1,1
"E00053943",13,10,3
"E00053944",13,8,5
"E00053945",10,5,5
"E00053946",19,11,8
"E00053947",8,3,5
"E00053948",21,9,12
"E00053949",22,10,12
"E00053950",6,3,3
"E00053951",8,3,5
"E00053952",16,10,6
"E00053953",13,6,7
"E00053954",6,4,2
"E00053955",8,3,5
"E00053956",13,6,7
"E00053957",7,4,3
"E00053958",6,4,2
"E00053959",18,8,10
"E00053960",6,3,3
"E00053961",9,5,4
"E00053962",11,7,4
"E00053963",4,2,2
"E00053964",6,3,3
"E00053965",4,0,4
"E00053966",8,2,6
"E00053967",1,0,1
"E00053968",3,1,2
"E00053969",16,7,9
"E00053970",4,4,0
"E00053971",3,2,1
"E00053972",5,3,2
"E00053973",6,2,4
"E00053974",6,1,5
"E00053975",4,1,3
"E00053976",12,4,8
"E00053977",8,4,4
"E00053978",11,7,4
"E00053979",12,6,6
"E00053980",7,3,4
"E00053981",6,2,4
"E00053982",9,5,4
"E00053983",2,0,2
"E00053984",0,0,0
"E00053985",6,0,6
"E00053986",0,0,0
"E00053987",10,5,5
"E00053988",7,3,4
"E00053989",1,0,1
"E00053990",0,0,0
"E00053991",1,0,1
"E00053992",4,1,3
"E00053993",1,1,0
"E00053994",1,0,1
"E00053995",4,0,4
"E00053996",5,3,2
"E00053997",1,0,1
"E00053998",6,2,4
"E00053999",1,0,1
"E00054000",5,3,2
"E00054001",2,1,1
"E00054002",6,3,3
"E00054003",1,0,1
"E00054004",0,0,0
"E00054005",2,2,0
"E00054006",4,2,2
"E00054007",4,4,0
"E00054008",2,0,2
"E00054009",4,1,3
"E00054011",9,4,5
"E00054012",0,0,0
"E00054013",2,2,0
"E00054014",1,0,1
"E00054015",3,2,1
"E00054016",1,1,0
"E00054017",1,1,0
"E00054019",7,2,5
"E00054020",5,2,3
"E00054021",2,2,0
"E00054022",1,1,0
"E00054023",0,0,0
"E00054024",0,0,0
"E00054025",10,6,4
"E00054026",0,0,0
"E00054027",4,3,1
"E00054028",0,0,0
"E00054029",7,3,4
"E00054030",0,0,0
"E00054031",1,0,1
"E00054032",0,0,0
"E00054033",2,0,2
"E00054034",2,2,0
"E00054035",1,0,1
"E00054036",1,1,0
"E00054037",3,2,1
"E00054038",0,0,0
"E00054039",1,0,1
"E00054040",3,1,2
"E00054041",1,1,0
"E00054042",0,0,0
"E00054043",1,0,1
"E00054044",1,1,0
"E00054045",1,0,1
"E00054046",1,1,0
"E00054047",3,1,2
"E00054048",2,1,1
"E00054049",0,0,0
"E00054050",0,0,0
"E00054051",1,1,0
"E00054052",2,1,1
"E00054053",0,0,0
"E00054054",0,0,0
"E00054055",1,0,1
"E00054056",1,1,0
"E00054057",1,0,1
"E00054058",1,1,0
"E00054059",1,1,0
"E00054060",0,0,0
"E00054061",1,0,1
"E00054062",0,0,0
"E00054063",1,0,1
"E00054064",1,1,0
"E00054065",0,0,0
"E00054066",1,1,0
"E00054067",3,2,1
"E00054068",0,0,0
"E00054069",0,0,0
"E00054070",1,1,0
"E00054071",1,0,1
"E00054072",3,2,1
"E00054073",1,1,0
"E00054074",1,0,1
"E00054075",3,2,1
"E00054076",2,2,0
"E00054077",4,2,2
"E00054078",5,2,3
"E00054079",0,0,0
"E00054080",5,1,4
"E00054081",5,4,1
"E00054082",0,0,0
"E00054083",1,1,0
"E00054084",5,3,2
"E00054085",0,0,0
"E00054086",2,2,0
"E00054087",1,1,0
"E00054088",2,0,2
"E00054089",4,2,2
"E00054090",3,2,1
"E00054091",2,1,1
"E00054092",0,0,0
"E00054093",2,2,0
"E00054094",10,7,3
"E00054095",0,0,0
"E00054096",5,4,1
"E00054097",1,1,0
"E00054098",2,1,1
"E00054099",0,0,0
"E00054100",3,3,0
"E00054101",0,0,0
"E00054102",1,1,0
"E00054103",5,2,3
"E00054104",3,2,1
"E00054105",1,1,0
"E00054106",2,0,2
"E00054107",1,0,1
"E00054108",5,2,3
"E00054109",2,1,1
"E00054110",3,1,2
"E00054111",7,3,4
"E00054112",1,0,1
"E00054113",3,2,1
"E00054114",5,3,2
"E00054115",7,2,5
"E00054116",6,2,4
"E00054117",10,6,4
"E00054118",0,0,0
"E00054119",7,3,4
"E00054120",6,1,5
"E00054121",5,4,1
"E00054122",0,0,0
"E00054123",5,2,3
"E00054124",6,1,5
"E00054125",0,0,0
"E00054126",1,1,0
"E00054127",0,0,0
"E00054128",1,1,0
"E00054129",4,4,0
"E00054130",5,3,2
"E00054132",1,1,0
"E00054133",9,4,5
"E00054134",4,3,1
"E00054135",3,3,0
"E00054136",1,0,1
"E00054137",8,5,3
"E00054138",0,0,0
"E00054139",8,3,5
"E00054140",2,2,0
"E00054141",2,2,0
"E00054142",1,0,1
"E00054143",4,2,2
"E00054144",0,0,0
"E00054145",0,0,0
"E00054146",1,1,0
"E00054147",4,3,1
"E00054148",2,1,1
"E00054149",1,0,1
"E00054150",0,0,0
"E00054151",8,5,3
"E00054152",2,2,0
"E00054153",1,1,0
"E00054154",5,3,2
"E00054155",5,1,4
"E00054156",0,0,0
"E00054158",0,0,0
"E00054160",1,0,1
"E00054161",1,1,0
"E00054162",2,1,1
"E00054163",2,2,0
"E00054164",0,0,0
"E00054165",1,1,0
"E00054166",4,3,1
"E00054167",1,0,1
"E00054168",3,3,0
"E00054169",0,0,0
"E00054170",2,2,0
"E00054171",0,0,0
"E00054172",2,2,0
"E00054173",0,0,0
"E00054174",3,0,3
"E00054175",2,1,1
"E00054176",2,2,0
"E00054177",2,1,1
"E00054178",2,1,1
"E00054179",0,0,0
"E00054180",1,0,1
"E00054181",1,0,1
"E00054182",0,0,0
"E00054183",1,0,1
"E00054184",0,0,0
"E00054185",2,1,1
"E00054186",2,0,2
"E00054187",0,0,0
"E00054188",0,0,0
"E00054189",1,0,1
"E00054190",1,1,0
"E00054191",2,0,2
"E00054192",1,1,0
"E00054193",1,0,1
"E00054194",4,0,4
"E00054195",2,2,0
"E00054196",0,0,0
"E00054197",3,3,0
"E00054198",3,0,3
"E00054199",1,0,1
"E00054200",2,1,1
"E00054201",5,2,3
"E00054202",4,0,4
"E00054203",0,0,0
"E00054204",0,0,0
"E00054205",1,1,0
"E00054206",0,0,0
"E00054207",0,0,0
"E00054209",0,0,0
"E00054210",8,3,5
"E00054211",0,0,0
"E00054212",2,1,1
"E00054213",3,1,2
"E00054214",0,0,0
"E00054215",3,0,3
"E00054216",0,0,0
"E00054217",3,0,3
"E00054218",1,0,1
"E00054219",1,1,0
"E00054220",1,1,0
"E00054221",2,1,1
"E00054222",5,4,1
"E00054223",4,2,2
"E00054224",0,0,0
"E00054225",1,0,1
"E00054226",0,0,0
"E00054227",4,3,1
"E00054228",5,4,1
"E00054229",3,2,1
"E00054231",1,0,1
"E00054232",4,3,1
"E00054233",3,2,1
"E00054234",2,0,2
"E00054235",5,3,2
"E00054236",1,0,1
"E00054237",5,1,4
"E00054238",6,5,1
"E00054239",0,0,0
"E00054240",1,1,0
"E00054241",1,0,1
"E00054242",1,1,0
"E00054243",1,1,0
"E00054244",9,4,5
"E00054245",2,1,1
"E00054246",2,2,0
"E00054247",8,6,2
"E00054248",1,0,1
"E00054249",1,1,0
"E00054250",5,0,5
"E00054251",0,0,0
"E00054252",2,1,1
"E00054253",6,3,3
"E00054254",0,0,0
"E00054255",4,2,2
"E00054256",3,2,1
"E00054257",2,2,0
"E00054258",4,1,3
"E00054259",1,1,0
"E00054260",2,0,2
"E00054261",0,0,0
"E00054262",2,1,1
"E00054263",2,2,0
"E00054264",5,0,5
"E00054265",0,0,0
"E00054266",1,0,1
"E00054267",3,2,1
"E00054268",3,1,2
"E00054269",3,3,0
"E00054270",0,0,0
"E00054271",0,0,0
"E00054272",3,1,2
"E00054273",0,0,0
"E00054274",6,1,5
"E00054275",0,0,0
"E00054276",0,0,0
"E00054277",3,0,3
"E00054278",0,0,0
"E00054279",0,0,0
"E00054280",3,2,1
"E00054281",3,1,2
"E00054282",5,2,3
"E00054283",2,1,1
"E00054284",5,1,4
"E00054285",4,1,3
"E00054286",0,0,0
"E00054287",1,0,1
"E00054288",6,3,3
"E00054289",5,4,1
"E00054290",5,1,4
"E00054291",2,1,1
"E00054292",2,1,1
"E00054293",5,1,4
"E00054294",18,7,11
"E00054295",8,1,7
"E00054296",14,6,8
"E00054297",11,7,4
"E00054298",1,0,1
"E00054299",7,6,1
"E00054300",6,3,3
"E00054301",13,5,8
"E00054302",6,2,4
"E00054303",9,5,4
"E00054304",7,4,3
"E00054305",8,4,4
"E00054306",4,2,2
"E00054307",8,3,5
"E00054308",12,6,6
"E00054309",7,5,2
"E00054310",4,2,2
"E00054311",13,6,7
"E00054312",8,2,6
"E00054313",11,7,4
"E00054315",15,7,8
"E00054316",12,6,6
"E00054317",9,4,5
"E00054318",1,1,0
"E00054319",19,11,8
"E00054320",6,2,4
"E00054321",2,0,2
"E00054322",7,3,4
"E00054323",2,2,0
"E00054324",7,3,4
"E00054325",11,9,2
"E00054326",5,0,5
"E00054327",2,1,1
"E00054328",5,2,3
"E00054329",7,3,4
"E00054330",15,9,6
"E00054331",4,3,1
"E00054332",8,4,4
"E00054333",8,6,2
"E00054334",5,3,2
"E00054335",4,2,2
"E00054336",3,3,0
"E00054337",3,2,1
"E00054338",15,8,7
"E00054339",9,6,3
"E00054340",11,6,5
"E00054341",3,1,2
"E00054342",3,2,1
"E00054343",4,3,1
"E00054344",2,1,1
"E00054345",1,1,0
"E00054346",0,0,0
"E00054347",0,0,0
"E00054348",6,3,3
"E00054349",0,0,0
"E00054350",2,1,1
"E00054351",3,2,1
"E00054353",7,3,4
"E00054354",1,1,0
"E00054355",2,1,1
"E00054356",1,0,1
"E00054357",2,0,2
"E00054358",4,1,3
"E00054359",2,1,1
"E00054360",5,2,3
"E00054361",5,1,4
"E00054362",2,1,1
"E00054363",0,0,0
"E00054364",2,0,2
"E00054365",0,0,0
"E00054366",0,0,0
"E00054367",4,1,3
"E00054368",1,0,1
"E00054370",0,0,0
"E00054371",1,1,0
"E00054372",2,2,0
"E00054373",1,1,0
"E00054374",2,2,0
"E00054375",2,0,2
"E00054376",2,1,1
"E00054377",2,1,1
"E00054378",2,1,1
"E00054379",1,0,1
"E00054380",6,4,2
"E00054381",3,2,1
"E00054382",2,0,2
"E00054383",3,0,3
"E00054384",2,2,0
"E00054385",1,1,0
"E00054386",3,0,3
"E00054387",0,0,0
"E00054388",2,2,0
"E00054389",1,1,0
"E00054390",3,1,2
"E00054391",7,3,4
"E00054392",2,1,1
"E00054393",2,0,2
"E00054394",0,0,0
"E00054395",5,2,3
"E00054396",6,3,3
"E00054397",4,3,1
"E00054398",7,4,3
"E00054399",4,2,2
"E00054400",2,0,2
"E00054401",2,2,0
"E00054402",3,3,0
"E00054403",8,3,5
"E00054404",1,1,0
"E00054405",6,1,5
"E00054406",0,0,0
"E00054407",6,3,3
"E00054408",4,3,1
"E00054409",6,3,3
"E00054410",8,5,3
"E00054411",2,2,0
"E00054412",1,1,0
"E00054413",0,0,0
"E00054414",5,3,2
"E00054415",0,0,0
"E00054416",4,3,1
"E00054417",1,1,0
"E00054418",2,0,2
"E00054419",11,4,7
"E00054420",3,1,2
"E00054421",1,1,0
"E00054422",3,2,1
"E00054423",1,0,1
"E00054424",10,5,5
"E00054425",3,1,2
"E00054426",4,4,0
"E00054427",8,4,4
"E00054428",3,1,2
"E00054429",7,4,3
"E00054430",3,3,0
"E00054431",5,4,1
"E00054432",4,3,1
"E00054433",7,5,2
"E00054434",4,2,2
"E00054435",9,5,4
"E00054436",5,1,4
"E00054437",3,2,1
"E00054438",1,0,1
"E00054439",5,5,0
"E00054440",4,4,0
"E00054441",5,4,1
"E00054442",2,1,1
"E00054443",0,0,0
"E00054444",12,5,7
"E00054445",6,2,4
"E00054446",1,1,0
"E00054447",1,0,1
"E00054448",1,1,0
"E00054449",1,0,1
"E00054450",5,3,2
"E00054451",1,0,1
"E00054452",1,1,0
"E00054453",2,2,0
"E00054454",0,0,0
"E00054455",0,0,0
"E00054456",1,0,1
"E00054457",2,1,1
"E00054458",0,0,0
"E00054459",4,1,3
"E00054460",1,0,1
"E00054461",0,0,0
"E00054462",0,0,0
"E00054463",2,1,1
"E00054464",0,0,0
"E00054465",1,1,0
"E00054466",4,3,1
"E00054467",3,0,3
"E00054468",1,1,0
"E00054469",6,4,2
"E00054470",2,1,1
"E00054471",2,2,0
"E00054472",0,0,0
"E00054473",5,3,2
"E00054474",1,0,1
"E00054475",7,4,3
"E00054476",0,0,0
"E00054477",3,0,3
"E00054478",0,0,0
"E00054479",4,0,4
"E00054480",2,0,2
"E00054482",1,1,0
"E00054483",10,6,4
"E00054484",0,0,0
"E00054485",0,0,0
"E00054486",1,0,1
"E00054488",2,1,1
"E00054489",1,0,1
"E00054490",7,3,4
"E00054491",2,1,1
"E00054492",3,3,0
"E00054493",6,4,2
"E00054494",3,2,1
"E00054495",0,0,0
"E00054496",4,2,2
"E00054497",6,3,3
"E00054498",3,2,1
"E00054499",6,2,4
"E00054501",0,0,0
"E00054503",1,0,1
"E00054504",2,1,1
"E00054505",1,0,1
"E00054506",5,4,1
"E00054507",3,1,2
"E00054508",3,1,2
"E00054509",5,3,2
"E00054510",4,2,2
"E00054511",8,4,4
"E00054512",1,1,0
"E00054513",12,11,1
"E00054514",1,0,1
"E00054516",6,5,1
"E00054517",1,1,0
"E00054518",2,2,0
"E00054519",2,1,1
"E00054520",1,1,0
"E00054521",0,0,0
"E00054522",6,3,3
"E00054523",8,6,2
"E00054524",1,0,1
"E00054525",5,3,2
"E00054526",4,3,1
"E00054527",4,1,3
"E00054528",3,2,1
"E00054529",0,0,0
"E00054530",2,1,1
"E00054531",2,1,1
"E00054532",4,3,1
"E00054533",6,4,2
"E00054534",1,0,1
"E00054535",4,1,3
"E00054536",0,0,0
"E00054537",0,0,0
"E00054538",1,1,0
"E00054539",0,0,0
"E00054541",0,0,0
"E00054542",0,0,0
"E00054543",0,0,0
"E00054544",1,0,1
"E00054545",0,0,0
"E00054546",2,0,2
"E00054547",1,0,1
"E00054548",2,1,1
"E00054549",0,0,0
"E00054550",2,0,2
"E00054551",1,1,0
"E00054552",2,1,1
"E00054553",1,1,0
"E00054554",2,1,1
"E00054555",3,2,1
"E00054556",0,0,0
"E00054557",0,0,0
"E00054558",2,1,1
"E00054559",3,1,2
"E00054560",3,3,0
"E00054562",0,0,0
"E00054563",4,2,2
"E00054564",1,1,0
"E00054565",0,0,0
"E00054566",1,1,0
"E00054567",3,2,1
"E00054569",6,3,3
"E00054570",0,0,0
"E00054573",1,1,0
"E00054574",1,0,1
"E00054575",0,0,0
"E00054576",6,4,2
"E00054577",7,3,4
"E00054578",5,2,3
"E00054579",2,2,0
"E00054580",2,2,0
"E00054581",2,1,1
"E00054582",0,0,0
"E00054583",2,2,0
"E00054584",1,1,0
"E00054585",0,0,0
"E00054587",2,1,1
"E00054588",1,1,0
"E00054589",6,3,3
"E00054590",1,1,0
"E00054591",0,0,0
"E00054592",0,0,0
"E00054594",1,1,0
"E00054595",11,7,4
"E00054596",0,0,0
"E00054597",0,0,0
"E00054598",7,6,1
"E00054599",3,2,1
"E00054600",5,1,4
"E00054601",0,0,0
"E00054602",2,0,2
"E00054603",0,0,0
"E00054604",0,0,0
"E00054605",0,0,0
"E00054606",2,0,2
"E00054607",0,0,0
"E00054608",1,0,1
"E00054609",0,0,0
"E00054610",3,2,1
"E00054611",4,2,2
"E00054612",2,2,0
"E00054613",2,2,0
"E00054616",0,0,0
"E00054617",3,1,2
"E00054618",6,3,3
"E00054620",1,1,0
"E00054621",0,0,0
"E00054622",12,7,5
"E00054624",7,5,2
"E00054626",4,4,0
"E00054628",12,9,3
"E00054629",6,6,0
"E00054630",3,3,0
"E00054631",17,16,1
"E00054632",0,0,0
"E00054633",4,2,2
"E00054636",4,0,4
"E00054637",5,1,4
"E00054638",10,9,1
"E00054639",0,0,0
"E00054640",3,2,1
"E00054641",1,1,0
"E00054642",9,9,0
"E00054643",0,0,0
"E00054644",0,0,0
"E00054645",1,1,0
"E00054646",0,0,0
"E00054647",3,3,0
"E00054648",0,0,0
"E00054649",7,2,5
"E00054650",0,0,0
"E00054652",2,1,1
"E00054653",1,1,0
"E00054654",1,0,1
"E00054658",1,0,1
"E00054659",0,0,0
"E00054660",2,0,2
"E00054661",2,2,0
"E00054662",1,0,1
"E00054663",4,1,3
"E00054664",0,0,0
"E00054665",3,2,1
"E00054666",1,1,0
"E00054667",2,2,0
"E00054668",5,3,2
"E00054669",4,3,1
"E00054670",3,1,2
"E00054671",4,2,2
"E00054672",2,2,0
"E00054673",2,1,1
"E00054674",2,1,1
"E00054675",2,1,1
"E00054676",1,0,1
"E00054677",2,1,1
"E00054678",3,2,1
"E00054679",4,4,0
"E00054680",4,3,1
"E00054681",6,3,3
"E00054682",1,1,0
"E00054684",0,0,0
"E00054685",2,2,0
"E00054686",0,0,0
"E00054687",2,1,1
"E00054688",1,1,0
"E00054689",0,0,0
"E00054690",2,2,0
"E00054691",0,0,0
"E00054692",3,1,2
"E00054693",6,3,3
"E00054694",0,0,0
"E00054695",3,2,1
"E00054696",1,0,1
"E00054697",0,0,0
"E00054698",1,1,0
"E00054699",1,1,0
"E00054700",2,1,1
"E00054701",1,1,0
"E00054702",5,2,3
"E00054703",5,2,3
"E00054704",6,2,4
"E00054705",4,2,2
"E00054706",7,3,4
"E00054707",6,3,3
"E00054708",6,3,3
"E00054709",7,3,4
"E00054710",5,3,2
"E00054711",1,1,0
"E00054712",2,0,2
"E00054713",3,2,1
"E00054714",7,5,2
"E00054715",4,3,1
"E00054716",1,0,1
"E00054717",3,1,2
"E00054718",2,1,1
"E00054719",0,0,0
"E00054720",0,0,0
"E00054721",1,0,1
"E00054722",5,1,4
"E00054723",0,0,0
"E00054724",1,0,1
"E00054725",2,1,1
"E00054726",8,0,8
"E00054727",4,2,2
"E00054728",8,6,2
"E00054729",11,4,7
"E00054730",0,0,0
"E00054731",0,0,0
"E00054732",3,1,2
"E00054733",4,1,3
"E00054734",6,4,2
"E00054735",7,5,2
"E00054736",1,0,1
"E00054737",7,1,6
"E00054738",1,1,0
"E00054739",1,1,0
"E00054740",14,10,4
"E00054741",6,5,1
"E00054742",4,3,1
"E00054743",7,3,4
"E00054744",5,4,1
"E00054745",4,0,4
"E00054746",0,0,0
"E00054747",3,1,2
"E00054748",4,2,2
"E00054749",2,0,2
"E00054750",2,2,0
"E00054751",5,1,4
"E00054752",2,1,1
"E00054753",4,1,3
"E00054754",5,2,3
"E00054755",6,3,3
"E00054756",6,2,4
"E00054757",3,2,1
"E00054758",1,1,0
"E00054759",0,0,0
"E00054760",0,0,0
"E00054761",2,2,0
"E00054762",1,0,1
"E00054763",1,1,0
"E00054764",0,0,0
"E00054765",0,0,0
"E00054766",1,1,0
"E00054767",3,3,0
"E00054768",3,3,0
"E00054769",7,2,5
"E00054770",5,3,2
"E00054771",1,1,0
"E00054772",0,0,0
"E00054773",1,1,0
"E00054774",1,1,0
"E00054775",1,0,1
"E00054776",5,4,1
"E00054777",1,1,0
"E00054778",2,0,2
"E00054779",2,2,0
"E00054780",0,0,0
"E00054781",1,0,1
"E00054782",5,3,2
"E00054783",2,0,2
"E00054784",0,0,0
"E00054785",3,1,2
"E00054786",3,1,2
"E00054787",3,2,1
"E00054788",1,1,0
"E00054789",3,1,2
"E00054790",1,1,0
"E00054791",5,2,3
"E00054792",4,2,2
"E00054793",2,1,1
"E00054794",6,2,4
"E00054795",0,0,0
"E00054796",5,3,2
"E00054797",4,2,2
"E00054798",2,2,0
"E00054799",2,2,0
"E00054800",2,1,1
"E00054801",0,0,0
"E00054802",5,3,2
"E00054803",2,1,1
"E00054804",2,1,1
"E00054805",1,1,0
"E00054806",1,0,1
"E00054807",2,2,0
"E00054808",0,0,0
"E00054809",0,0,0
"E00054810",4,2,2
"E00054811",1,1,0
"E00054812",2,0,2
"E00054813",2,0,2
"E00054814",7,6,1
"E00054815",5,1,4
"E00054816",0,0,0
"E00054817",3,2,1
"E00054818",2,0,2
"E00054819",5,5,0
"E00054820",2,1,1
"E00054821",2,1,1
"E00054822",9,7,2
"E00054823",10,4,6
"E00054824",3,3,0
"E00054825",4,4,0
"E00054826",11,7,4
"E00054827",6,4,2
"E00054828",1,1,0
"E00054829",3,2,1
"E00054830",1,1,0
"E00054831",3,2,1
"E00054832",6,5,1
"E00054833",3,2,1
"E00054834",6,2,4
"E00054835",3,1,2
"E00054836",5,2,3
"E00054837",4,1,3
"E00054838",1,1,0
"E00054839",8,5,3
"E00054840",4,3,1
"E00054841",0,0,0
"E00054842",8,2,6
"E00054843",1,0,1
"E00054844",1,0,1
"E00054845",6,1,5
"E00054846",5,3,2
"E00054847",3,2,1
"E00054848",4,3,1
"E00054849",0,0,0
"E00054850",3,2,1
"E00054851",6,5,1
"E00054852",3,1,2
"E00054853",8,2,6
"E00054854",6,1,5
"E00054855",9,7,2
"E00054856",4,3,1
"E00054857",1,0,1
"E00054858",5,3,2
"E00054859",1,1,0
"E00054860",13,11,2
"E00054861",0,0,0
"E00054862",4,4,0
"E00054863",10,4,6
"E00054864",3,1,2
"E00054865",1,1,0
"E00054866",9,7,2
"E00054867",2,0,2
"E00054868",11,4,7
"E00054869",3,0,3
"E00054870",4,2,2
"E00054871",6,2,4
"E00054872",5,4,1
"E00054873",4,1,3
"E00054874",2,0,2
"E00054875",0,0,0
"E00054876",5,2,3
"E00054877",7,1,6
"E00054878",7,3,4
"E00054879",1,0,1
"E00054880",2,1,1
"E00054881",11,6,5
"E00054882",9,2,7
"E00054883",4,3,1
"E00054884",5,2,3
"E00054885",3,3,0
"E00054886",0,0,0
"E00054887",2,1,1
"E00054888",1,0,1
"E00054889",6,4,2
"E00054890",1,0,1
"E00054891",5,3,2
"E00054892",2,0,2
"E00054893",2,1,1
"E00054894",1,1,0
"E00054895",4,0,4
"E00054896",1,1,0
"E00054897",0,0,0
"E00054898",0,0,0
"E00054899",0,0,0
"E00054900",9,6,3
"E00054901",1,1,0
"E00054902",2,0,2
"E00054903",6,4,2
"E00054904",9,9,0
"E00054905",2,1,1
"E00054906",2,2,0
"E00054907",2,1,1
"E00054908",2,1,1
"E00054909",4,0,4
"E00054910",1,1,0
"E00054911",3,2,1
"E00054912",1,1,0
"E00054914",2,1,1
"E00054916",1,1,0
"E00054917",1,1,0
"E00054918",2,2,0
"E00054919",0,0,0
"E00054920",0,0,0
"E00054921",4,1,3
"E00054922",7,5,2
"E00054923",1,1,0
"E00054925",4,3,1
"E00054926",4,3,1
"E00054927",3,1,2
"E00054928",7,3,4
"E00054929",7,5,2
"E00054930",0,0,0
"E00054931",3,1,2
"E00054932",4,2,2
"E00054933",0,0,0
"E00054934",0,0,0
"E00054935",5,1,4
"E00054936",5,3,2
"E00054937",2,1,1
"E00054938",5,1,4
"E00054939",5,2,3
"E00054940",1,0,1
"E00054941",2,0,2
"E00054942",9,5,4
"E00054943",2,1,1
"E00054944",0,0,0
"E00054945",3,1,2
"E00054946",4,1,3
"E00054947",1,1,0
"E00054948",9,3,6
"E00054949",0,0,0
"E00054950",6,4,2
"E00054951",2,2,0
"E00054952",2,0,2
"E00054953",6,2,4
"E00054954",6,4,2
"E00054955",1,0,1
"E00054956",8,5,3
"E00054957",2,1,1
"E00054958",7,3,4
"E00054959",9,5,4
"E00054960",9,6,3
"E00054961",5,4,1
"E00054962",1,0,1
"E00054963",5,1,4
"E00054964",6,3,3
"E00054965",17,11,6
"E00054966",2,1,1
"E00054967",9,4,5
"E00054968",4,3,1
"E00054969",4,1,3
"E00054970",6,4,2
"E00054971",6,5,1
"E00054972",6,3,3
"E00054973",10,1,9
"E00054974",2,1,1
"E00054976",6,2,4
"E00054977",9,3,6
"E00054978",5,4,1
"E00054979",4,0,4
"E00054980",3,3,0
"E00054981",4,1,3
"E00054982",8,3,5
"E00054983",0,0,0
"E00054984",4,2,2
"E00054985",8,5,3
"E00054986",2,2,0
"E00054987",1,0,1
"E00054988",4,2,2
"E00054989",1,0,1
"E00054990",2,2,0
"E00054991",0,0,0
"E00054992",0,0,0
"E00054993",0,0,0
"E00054995",3,1,2
"E00054996",2,2,0
"E00054997",7,5,2
"E00054998",2,0,2
"E00054999",1,0,1
"E00055000",1,1,0
"E00055002",5,3,2
"E00055003",1,0,1
"E00055004",3,2,1
"E00055005",2,1,1
"E00055006",2,0,2
"E00055007",1,1,0
"E00055008",2,1,1
"E00055009",0,0,0
"E00055010",6,1,5
"E00055011",7,5,2
"E00055012",0,0,0
"E00055013",4,2,2
"E00055014",0,0,0
"E00055015",2,0,2
"E00055016",5,2,3
"E00055017",2,0,2
"E00055018",1,1,0
"E00055019",0,0,0
"E00055020",0,0,0
"E00055021",1,1,0
"E00055022",2,1,1
"E00055023",0,0,0
"E00055024",0,0,0
"E00055025",1,1,0
"E00055026",1,0,1
"E00055027",1,0,1
"E00055028",1,0,1
"E00055029",0,0,0
"E00055030",2,2,0
"E00055031",8,6,2
"E00055032",7,3,4
"E00055033",6,2,4
"E00055034",4,1,3
"E00055035",2,1,1
"E00055036",5,2,3
"E00055037",0,0,0
"E00055038",3,1,2
"E00055039",6,3,3
"E00055040",1,0,1
"E00055041",8,5,3
"E00055042",9,4,5
"E00055043",3,1,2
"E00055044",5,2,3
"E00055045",3,2,1
"E00055046",2,2,0
"E00055047",3,0,3
"E00055048",6,2,4
"E00055049",2,1,1
"E00055050",3,1,2
"E00055051",4,4,0
"E00055052",2,1,1
"E00055053",6,4,2
"E00055054",10,2,8
"E00055055",2,1,1
"E00055056",5,3,2
"E00055057",6,4,2
"E00055058",0,0,0
"E00055059",2,0,2
"E00055060",0,0,0
"E00055061",4,4,0
"E00055062",1,1,0
"E00055063",4,1,3
"E00055064",2,2,0
"E00055065",4,2,2
"E00055066",0,0,0
"E00055067",1,0,1
"E00055068",1,1,0
"E00055069",4,0,4
"E00055070",3,2,1
"E00055071",4,2,2
"E00055072",4,0,4
"E00055073",1,0,1
"E00055074",2,1,1
"E00055075",0,0,0
"E00055079",3,1,2
"E00055080",1,0,1
"E00055081",2,1,1
"E00055082",6,5,1
"E00055083",2,1,1
"E00055084",0,0,0
"E00055085",1,1,0
"E00055086",3,2,1
"E00055087",0,0,0
"E00055088",1,1,0
"E00055089",0,0,0
"E00055090",0,0,0
"E00055091",1,1,0
"E00055092",5,1,4
"E00055093",0,0,0
"E00055094",1,0,1
"E00055095",0,0,0
"E00055096",5,4,1
"E00055097",1,1,0
"E00055098",0,0,0
"E00055099",2,1,1
"E00055100",1,1,0
"E00055101",1,0,1
"E00055102",1,1,0
"E00055103",5,2,3
"E00055105",6,4,2
"E00055106",2,0,2
"E00055107",3,2,1
"E00055108",2,0,2
"E00055109",10,5,5
"E00055110",9,2,7
"E00055111",4,2,2
"E00055112",3,2,1
"E00055113",1,1,0
"E00055114",7,2,5
"E00055115",4,3,1
"E00055116",3,2,1
"E00055117",4,1,3
"E00055118",1,0,1
"E00055119",4,2,2
"E00055120",1,0,1
"E00055121",1,1,0
"E00055122",1,1,0
"E00055123",8,3,5
"E00055124",2,1,1
"E00055125",3,2,1
"E00055126",2,1,1
"E00055127",7,5,2
"E00055128",2,1,1
"E00055129",8,5,3
"E00055130",6,2,4
"E00055131",1,1,0
"E00055132",9,4,5
"E00055133",5,2,3
"E00055134",3,1,2
"E00055135",0,0,0
"E00055136",0,0,0
"E00055137",5,3,2
"E00055138",9,6,3
"E00055139",0,0,0
"E00055140",0,0,0
"E00055141",0,0,0
"E00055142",2,2,0
"E00055143",1,1,0
"E00055144",1,1,0
"E00055145",3,3,0
"E00055146",2,0,2
"E00055147",1,0,1
"E00055148",1,0,1
"E00055149",0,0,0
"E00055150",0,0,0
"E00055151",8,5,3
"E00055152",0,0,0
"E00055153",4,2,2
"E00055154",1,1,0
"E00055155",3,1,2
"E00055156",1,1,0
"E00055157",5,4,1
"E00055158",1,1,0
"E00055159",2,2,0
"E00055160",1,0,1
"E00055161",4,3,1
"E00055162",3,1,2
"E00055163",2,1,1
"E00055164",1,0,1
"E00055165",0,0,0
"E00055166",3,1,2
"E00055167",2,1,1
"E00055168",2,1,1
"E00055169",2,1,1
"E00055170",1,1,0
"E00055171",0,0,0
"E00055172",0,0,0
"E00055173",0,0,0
"E00055174",5,2,3
"E00055175",8,2,6
"E00055176",3,2,1
"E00055177",3,0,3
"E00055178",1,0,1
"E00055179",1,0,1
"E00055180",1,1,0
"E00055181",6,2,4
"E00055182",1,0,1
"E00055183",0,0,0
"E00055184",4,0,4
"E00055185",5,3,2
"E00055186",2,1,1
"E00055187",6,2,4
"E00055188",1,0,1
"E00055189",5,3,2
"E00055190",5,5,0
"E00055191",1,0,1
"E00055192",1,0,1
"E00055193",5,3,2
"E00055194",5,4,1
"E00055195",0,0,0
"E00055196",3,1,2
"E00055197",5,3,2
"E00055198",5,2,3
"E00055199",2,2,0
"E00055200",1,0,1
"E00055201",7,2,5
"E00055202",2,1,1
"E00055203",3,2,1
"E00055204",3,3,0
"E00055205",3,1,2
"E00055206",3,0,3
"E00055207",4,2,2
"E00055208",0,0,0
"E00055209",8,3,5
"E00055210",7,4,3
"E00055211",5,1,4
"E00055212",2,1,1
"E00055213",3,1,2
"E00055214",0,0,0
"E00055215",4,2,2
"E00055216",5,1,4
"E00055217",5,3,2
"E00055218",1,1,0
"E00055219",2,0,2
"E00055220",5,3,2
"E00055221",3,0,3
"E00055222",2,1,1
"E00055223",7,2,5
"E00055224",9,3,6
"E00055225",3,1,2
"E00055226",2,1,1
"E00055228",5,2,3
"E00055229",9,6,3
"E00055230",6,4,2
"E00055231",2,2,0
"E00055232",2,0,2
"E00055233",9,4,5
"E00055234",7,4,3
"E00055236",16,11,5
"E00055237",8,4,4
"E00055238",5,4,1
"E00055239",3,1,2
"E00055240",13,5,8
"E00055241",8,3,5
"E00055242",1,0,1
"E00055243",2,0,2
"E00055244",6,2,4
"E00055245",12,5,7
"E00055246",1,1,0
"E00055247",3,2,1
"E00055248",3,3,0
"E00055249",3,1,2
"E00055250",3,1,2
"E00055251",7,3,4
"E00055252",7,6,1
"E00055253",2,1,1
"E00055254",0,0,0
"E00055255",3,1,2
"E00055256",1,1,0
"E00055257",1,1,0
"E00055258",0,0,0
"E00055260",1,0,1
"E00055261",1,0,1
"E00055262",2,0,2
"E00055264",1,0,1
"E00055266",1,1,0
"E00055267",1,0,1
"E00055268",0,0,0
"E00055269",3,1,2
"E00055270",2,1,1
"E00055271",0,0,0
"E00055272",3,3,0
"E00055273",1,0,1
"E00055274",2,1,1
"E00055275",3,1,2
"E00055276",1,1,0
"E00055277",1,1,0
"E00055278",5,2,3
"E00055279",0,0,0
"E00055280",0,0,0
"E00055281",2,1,1
"E00055282",1,1,0
"E00055283",5,1,4
"E00055284",0,0,0
"E00055285",2,1,1
"E00055286",1,0,1
"E00055287",4,2,2
"E00055288",1,1,0
"E00055289",4,0,4
"E00055290",3,1,2
"E00055291",14,6,8
"E00055292",7,3,4
"E00055294",6,3,3
"E00055295",5,3,2
"E00055296",2,1,1
"E00055297",9,4,5
"E00055298",5,3,2
"E00055299",6,3,3
"E00055300",5,4,1
"E00055301",1,1,0
"E00055302",7,5,2
"E00055303",12,5,7
"E00055304",3,2,1
"E00055305",4,3,1
"E00055306",5,3,2
"E00055307",1,1,0
"E00055308",1,1,0
"E00055309",7,3,4
"E00055310",1,1,0
"E00055311",7,4,3
"E00055312",0,0,0
"E00055313",4,3,1
"E00055314",5,2,3
"E00055315",9,4,5
"E00055316",7,5,2
"E00055318",7,2,5
"E00055319",1,0,1
"E00055320",4,2,2
"E00055321",0,0,0
"E00055322",0,0,0
"E00055323",0,0,0
"E00055324",2,2,0
"E00055325",1,1,0
"E00055326",2,0,2
"E00055327",4,1,3
"E00055328",0,0,0
"E00055329",1,0,1
"E00055330",0,0,0
"E00055331",2,0,2
"E00055332",2,2,0
"E00055333",4,3,1
"E00055334",4,2,2
"E00055335",3,0,3
"E00055336",0,0,0
"E00055337",12,5,7
"E00055338",1,0,1
"E00055339",6,4,2
"E00055340",3,3,0
"E00055341",7,6,1
"E00055342",1,1,0
"E00055343",1,1,0
"E00055344",1,0,1
"E00055345",5,1,4
"E00055346",4,0,4
"E00055347",2,0,2
"E00055348",1,0,1
"E00055349",0,0,0
"E00055350",2,1,1
"E00055351",1,1,0
"E00055352",2,0,2
"E00055353",4,1,3
"E00055354",7,4,3
"E00055355",4,1,3
"E00055356",4,3,1
"E00055357",3,2,1
"E00055358",0,0,0
"E00055359",3,1,2
"E00055360",4,3,1
"E00055361",4,2,2
"E00055362",2,2,0
"E00055363",1,1,0
"E00055364",3,1,2
"E00055365",0,0,0
"E00055366",8,5,3
"E00055367",3,1,2
"E00055368",1,0,1
"E00055369",3,1,2
"E00055370",6,4,2
"E00055371",4,3,1
"E00055372",1,0,1
"E00055373",9,4,5
"E00055374",5,4,1
"E00055375",10,3,7
"E00055376",7,2,5
"E00055377",4,1,3
"E00055378",2,2,0
"E00055379",1,0,1
"E00055380",5,3,2
"E00055381",8,2,6
"E00055382",2,2,0
"E00055383",1,0,1
"E00055384",3,2,1
"E00055385",1,0,1
"E00055386",3,1,2
"E00055387",3,0,3
"E00055388",1,0,1
"E00055389",8,5,3
"E00055390",0,0,0
"E00055391",4,3,1
"E00055392",0,0,0
"E00055393",0,0,0
"E00055394",2,0,2
"E00055395",4,0,4
"E00055396",2,1,1
"E00055397",2,1,1
"E00055398",2,1,1
"E00055399",1,1,0
"E00055400",6,4,2
"E00055401",4,1,3
"E00055402",1,0,1
"E00055403",0,0,0
"E00055404",0,0,0
"E00055405",2,0,2
"E00055406",2,0,2
"E00055407",1,0,1
"E00055408",1,0,1
"E00055409",0,0,0
"E00055410",4,1,3
"E00055411",0,0,0
"E00055412",6,3,3
"E00055413",1,1,0
"E00055414",0,0,0
"E00055415",2,2,0
"E00055416",4,3,1
"E00055417",1,1,0
"E00055418",2,1,1
"E00055419",0,0,0
"E00055420",6,1,5
"E00055421",7,3,4
"E00055422",3,1,2
"E00055423",0,0,0
"E00055424",2,1,1
"E00055425",0,0,0
"E00055426",2,2,0
"E00055427",3,1,2
"E00055428",2,1,1
"E00055430",4,1,3
"E00055431",2,0,2
"E00055432",0,0,0
"E00055433",0,0,0
"E00055434",2,2,0
"E00055435",1,0,1
"E00055436",3,1,2
"E00055437",2,2,0
"E00055438",1,1,0
"E00055439",1,1,0
"E00055440",1,0,1
"E00055441",1,0,1
"E00055442",4,1,3
"E00055443",2,2,0
"E00055444",2,1,1
"E00055445",1,0,1
"E00055446",3,2,1
"E00055447",3,0,3
"E00055448",0,0,0
"E00055449",1,1,0
"E00055450",3,2,1
"E00055451",3,2,1
"E00055452",6,3,3
"E00055453",5,2,3
"E00055454",2,2,0
"E00055455",2,2,0
"E00055456",2,1,1
"E00055457",3,2,1
"E00055458",0,0,0
"E00055459",1,1,0
"E00055460",0,0,0
"E00055461",0,0,0
"E00055462",3,0,3
"E00055463",1,0,1
"E00055464",1,0,1
"E00055465",5,3,2
"E00055466",6,3,3
"E00055467",0,0,0
"E00055468",2,2,0
"E00055469",0,0,0
"E00055470",6,1,5
"E00055471",2,1,1
"E00055472",2,1,1
"E00055473",0,0,0
"E00055474",0,0,0
"E00055475",1,0,1
"E00055476",0,0,0
"E00055477",4,3,1
"E00055478",1,1,0
"E00055479",11,4,7
"E00055480",4,3,1
"E00055481",0,0,0
"E00055482",5,2,3
"E00055483",1,0,1
"E00055484",1,0,1
"E00055485",5,3,2
"E00055486",6,2,4
"E00055487",2,2,0
"E00055488",3,2,1
"E00055489",0,0,0
"E00055490",4,1,3
"E00055491",1,0,1
"E00055492",5,1,4
"E00055493",4,4,0
"E00055494",1,0,1
"E00055495",0,0,0
"E00055496",9,5,4
"E00055497",4,2,2
"E00055498",0,0,0
"E00055499",4,3,1
"E00055500",2,1,1
"E00055501",3,2,1
"E00055502",3,0,3
"E00055503",7,3,4
"E00055504",3,1,2
"E00055505",0,0,0
"E00055506",4,1,3
"E00055507",1,0,1
"E00055508",1,1,0
"E00055509",0,0,0
"E00055510",0,0,0
"E00055511",0,0,0
"E00055512",5,3,2
"E00055513",0,0,0
"E00055514",0,0,0
"E00055515",1,0,1
"E00055516",5,2,3
"E00055517",2,0,2
"E00055518",2,0,2
"E00055519",0,0,0
"E00055520",7,5,2
"E00055521",6,5,1
"E00055522",3,2,1
"E00055523",3,2,1
"E00055524",4,1,3
"E00055525",1,1,0
"E00055526",4,2,2
"E00055527",1,1,0
"E00055528",1,0,1
"E00055529",1,0,1
"E00055530",4,3,1
"E00055531",0,0,0
"E00055532",3,1,2
"E00055533",1,1,0
"E00055534",0,0,0
"E00055535",0,0,0
"E00055536",0,0,0
"E00055537",1,1,0
"E00055538",1,0,1
"E00055539",2,0,2
"E00055540",0,0,0
"E00055541",2,0,2
"E00055542",3,1,2
"E00055543",0,0,0
"E00055544",0,0,0
"E00055545",0,0,0
"E00055546",3,1,2
"E00055547",1,1,0
"E00055548",0,0,0
"E00055549",3,1,2
"E00055550",6,4,2
"E00055551",5,3,2
"E00055552",1,0,1
"E00055553",0,0,0
"E00055554",2,0,2
"E00055555",0,0,0
"E00055556",3,2,1
"E00055557",7,4,3
"E00055558",1,0,1
"E00055559",1,0,1
"E00055560",4,1,3
"E00055561",3,3,0
"E00055562",0,0,0
"E00055563",2,2,0
"E00055564",0,0,0
"E00055565",2,2,0
"E00055566",0,0,0
"E00055567",0,0,0
"E00055568",1,1,0
"E00055569",3,0,3
"E00055570",0,0,0
"E00055571",2,0,2
"E00055572",1,1,0
"E00055573",0,0,0
"E00055574",2,1,1
"E00055575",1,0,1
"E00055576",1,1,0
"E00055577",1,1,0
"E00055578",1,1,0
"E00055579",0,0,0
"E00055580",5,3,2
"E00055581",5,3,2
"E00055582",1,1,0
"E00055583",1,1,0
"E00055584",5,4,1
"E00055585",3,3,0
"E00055586",3,2,1
"E00055587",0,0,0
"E00055588",1,1,0
"E00055589",3,2,1
"E00055590",2,0,2
"E00055591",3,2,1
"E00055592",2,0,2
"E00055593",2,1,1
"E00055594",1,0,1
"E00055595",0,0,0
"E00055596",0,0,0
"E00055597",0,0,0
"E00055598",0,0,0
"E00055599",3,3,0
"E00055600",4,3,1
"E00055601",3,2,1
"E00055602",1,1,0
"E00055603",0,0,0
"E00055604",5,4,1
"E00055605",5,5,0
"E00055606",2,0,2
"E00055607",3,2,1
"E00055608",5,2,3
"E00055609",1,1,0
"E00055610",3,0,3
"E00055611",1,1,0
"E00055612",3,2,1
"E00055613",1,0,1
"E00055614",0,0,0
"E00055615",0,0,0
"E00055616",2,2,0
"E00055617",8,3,5
"E00055618",1,1,0
"E00055619",4,0,4
"E00055620",1,0,1
"E00055621",2,1,1
"E00055622",9,6,3
"E00055623",6,2,4
"E00055624",2,0,2
"E00055625",6,5,1
"E00055626",1,1,0
"E00055627",4,3,1
"E00055628",2,1,1
"E00055629",0,0,0
"E00055630",2,2,0
"E00055632",0,0,0
"E00055633",2,2,0
"E00055634",5,3,2
"E00055635",4,2,2
"E00055636",8,6,2
"E00055637",14,9,5
"E00055638",3,1,2
"E00055639",5,1,4
"E00055640",12,8,4
"E00055641",1,0,1
"E00055642",1,1,0
"E00055643",4,1,3
"E00055644",2,1,1
"E00055645",2,0,2
"E00055646",1,0,1
"E00055647",0,0,0
"E00055648",5,1,4
"E00055649",5,2,3
"E00055650",2,2,0
"E00055651",8,3,5
"E00055652",0,0,0
"E00055653",4,2,2
"E00055654",4,1,3
"E00055655",2,1,1
"E00055656",7,2,5
"E00055657",5,3,2
"E00055658",6,3,3
"E00055659",0,0,0
"E00055660",1,1,0
"E00055661",1,0,1
"E00055662",1,1,0
"E00055663",4,1,3
"E00055664",1,0,1
"E00055665",0,0,0
"E00055666",10,5,5
"E00055667",5,2,3
"E00055668",3,2,1
"E00055669",8,4,4
"E00055670",3,2,1
"E00055671",1,0,1
"E00055672",3,0,3
"E00055673",4,1,3
"E00055674",2,1,1
"E00055675",3,1,2
"E00055676",2,1,1
"E00055677",2,2,0
"E00055678",1,0,1
"E00055679",6,1,5
"E00055680",1,1,0
"E00055681",2,0,2
"E00055682",4,2,2
"E00055683",1,0,1
"E00055684",2,0,2
"E00055685",6,5,1
"E00055686",1,0,1
"E00055687",5,3,2
"E00055688",4,1,3
"E00055689",3,2,1
"E00055690",6,3,3
"E00055691",3,1,2
"E00055692",2,1,1
"E00055693",1,0,1
"E00055694",3,0,3
"E00055695",7,4,3
"E00055696",0,0,0
"E00055697",7,3,4
"E00055698",1,1,0
"E00055699",4,2,2
"E00055700",1,0,1
"E00055701",5,1,4
"E00055702",4,3,1
"E00055703",2,1,1
"E00055704",1,0,1
"E00055705",0,0,0
"E00055706",0,0,0
"E00055707",0,0,0
"E00055708",3,0,3
"E00055709",5,1,4
"E00055710",1,0,1
"E00055711",0,0,0
"E00055712",5,1,4
"E00055713",1,0,1
"E00055714",8,3,5
"E00055715",3,2,1
"E00055716",3,2,1
"E00055717",4,2,2
"E00055718",0,0,0
"E00055719",3,3,0
"E00055720",1,1,0
"E00055721",3,0,3
"E00055722",1,0,1
"E00055723",4,3,1
"E00055724",1,1,0
"E00055725",1,0,1
"E00055726",0,0,0
"E00055727",2,1,1
"E00055728",0,0,0
"E00055729",0,0,0
"E00055730",2,0,2
"E00055731",5,2,3
"E00055732",4,2,2
"E00055733",1,0,1
"E00055734",1,1,0
"E00055735",1,1,0
"E00055736",4,1,3
"E00055737",0,0,0
"E00055738",6,3,3
"E00055739",0,0,0
"E00055740",1,1,0
"E00055741",0,0,0
"E00055742",5,3,2
"E00055743",1,1,0
"E00055744",1,1,0
"E00055745",3,2,1
"E00055746",7,4,3
"E00055747",2,1,1
"E00055748",0,0,0
"E00055749",1,0,1
"E00055750",1,1,0
"E00055751",1,1,0
"E00055752",0,0,0
"E00055753",1,0,1
"E00055754",1,0,1
"E00055755",1,1,0
"E00055756",3,2,1
"E00055757",3,0,3
"E00055758",0,0,0
"E00055759",5,2,3
"E00055760",1,0,1
"E00055761",2,2,0
"E00055762",6,2,4
"E00055763",2,2,0
"E00055764",0,0,0
"E00055765",2,0,2
"E00055766",0,0,0
"E00055767",5,2,3
"E00055768",3,1,2
"E00055769",2,2,0
"E00055771",0,0,0
"E00055772",3,2,1
"E00055773",2,1,1
"E00055774",3,1,2
"E00055775",3,2,1
"E00055776",2,0,2
"E00055777",2,1,1
"E00055778",2,1,1
"E00055779",1,1,0
"E00055780",5,2,3
"E00055781",3,1,2
"E00055782",2,0,2
"E00055783",5,2,3
"E00055784",1,0,1
"E00055785",6,3,3
"E00055786",5,3,2
"E00055787",3,2,1
"E00055788",6,2,4
"E00055789",1,0,1
"E00055790",3,1,2
"E00055791",5,2,3
"E00055792",4,4,0
"E00055793",1,1,0
"E00055794",2,0,2
"E00055795",5,3,2
"E00055796",4,2,2
"E00055797",0,0,0
"E00055798",6,3,3
"E00055799",0,0,0
"E00055800",2,0,2
"E00055801",3,1,2
"E00055802",2,1,1
"E00055803",4,0,4
"E00055804",1,1,0
"E00055805",1,1,0
"E00055806",0,0,0
"E00055807",2,2,0
"E00055808",5,3,2
"E00055809",3,1,2
"E00055810",1,0,1
"E00055811",1,0,1
"E00055812",3,1,2
"E00055813",3,0,3
"E00055814",5,2,3
"E00055815",1,1,0
"E00055816",2,1,1
"E00055817",4,2,2
"E00055818",8,4,4
"E00055819",0,0,0
"E00055820",6,2,4
"E00055821",0,0,0
"E00055822",5,2,3
"E00055823",1,1,0
"E00055824",6,2,4
"E00055825",1,0,1
"E00055826",8,2,6
"E00055827",0,0,0
"E00055828",3,0,3
"E00055829",4,1,3
"E00055830",2,0,2
"E00055831",4,1,3
"E00055832",3,1,2
"E00055833",5,0,5
"E00055834",11,3,8
"E00055835",0,0,0
"E00055836",0,0,0
"E00055837",4,1,3
"E00055838",0,0,0
"E00055839",3,2,1
"E00055840",1,1,0
"E00055841",1,0,1
"E00055842",1,0,1
"E00055843",1,0,1
"E00055844",2,1,1
"E00055845",0,0,0
"E00055846",0,0,0
"E00055847",7,4,3
"E00055848",0,0,0
"E00055849",0,0,0
"E00055850",6,5,1
"E00055851",4,1,3
"E00055852",3,2,1
"E00055853",1,0,1
"E00055854",5,3,2
"E00055855",2,1,1
"E00055856",0,0,0
"E00055857",3,3,0
"E00055858",3,2,1
"E00055859",0,0,0
"E00055860",1,0,1
"E00055861",5,3,2
"E00055862",2,2,0
"E00055863",3,3,0
"E00055864",4,4,0
"E00055865",4,4,0
"E00055866",1,1,0
"E00055867",3,2,1
"E00055868",11,4,7
"E00055869",6,3,3
"E00055870",8,4,4
"E00055871",7,2,5
"E00055872",3,1,2
"E00055873",8,6,2
"E00055874",1,0,1
"E00055875",3,2,1
"E00055876",2,2,0
"E00055877",1,1,0
"E00055878",4,3,1
"E00055879",1,0,1
"E00055880",2,2,0
"E00055881",2,0,2
"E00055882",3,0,3
"E00055883",5,4,1
"E00055884",2,1,1
"E00055885",1,1,0
"E00055886",1,0,1
"E00055887",0,0,0
"E00055888",1,0,1
"E00055889",2,1,1
"E00055890",1,0,1
"E00055891",0,0,0
"E00055892",4,2,2
"E00055893",2,2,0
"E00055894",2,1,1
"E00055895",4,3,1
"E00055896",3,1,2
"E00055897",3,1,2
"E00055898",0,0,0
"E00055899",0,0,0
"E00055900",4,2,2
"E00055901",1,1,0
"E00055902",4,1,3
"E00055903",0,0,0
"E00055904",0,0,0
"E00055905",3,2,1
"E00055906",2,1,1
"E00055907",5,3,2
"E00055908",1,0,1
"E00055909",2,2,0
"E00055910",10,7,3
"E00055911",2,1,1
"E00055912",1,1,0
"E00055913",1,1,0
"E00055914",2,1,1
"E00055915",1,0,1
"E00055916",2,1,1
"E00055917",2,1,1
"E00055918",0,0,0
"E00055919",0,0,0
"E00055920",0,0,0
"E00055921",3,1,2
"E00055922",1,1,0
"E00055923",1,0,1
"E00055924",0,0,0
"E00055925",3,2,1
"E00055926",5,3,2
"E00055927",2,2,0
"E00055928",1,1,0
"E00055929",3,1,2
"E00055930",3,2,1
"E00055931",5,3,2
"E00055932",0,0,0
"E00055933",0,0,0
"E00055934",1,1,0
"E00055935",2,1,1
"E00055936",4,1,3
"E00055937",3,2,1
"E00055938",3,1,2
"E00055939",7,3,4
"E00055940",3,1,2
"E00055941",3,2,1
"E00055942",2,1,1
"E00055943",1,1,0
"E00055944",4,1,3
"E00055945",6,2,4
"E00055946",2,0,2
"E00055947",1,1,0
"E00055948",9,4,5
"E00055949",2,2,0
"E00055950",0,0,0
"E00055951",5,2,3
"E00055952",1,1,0
"E00055953",1,1,0
"E00055954",0,0,0
"E00055955",2,0,2
"E00055956",2,2,0
"E00055957",1,0,1
"E00055958",3,1,2
"E00055959",1,0,1
"E00055960",0,0,0
"E00055961",2,0,2
"E00055962",0,0,0
"E00055963",0,0,0
"E00055964",2,1,1
"E00055965",4,1,3
"E00055966",1,0,1
"E00055967",2,2,0
"E00055968",0,0,0
"E00055969",1,0,1
"E00055970",2,2,0
"E00055971",4,0,4
"E00055972",2,0,2
"E00055973",1,1,0
"E00055974",1,1,0
"E00055975",2,0,2
"E00055976",2,1,1
"E00055977",0,0,0
"E00055978",3,3,0
"E00055979",4,2,2
"E00055980",0,0,0
"E00055981",2,0,2
"E00055982",6,1,5
"E00055983",4,3,1
"E00055984",3,1,2
"E00055985",3,0,3
"E00055986",6,0,6
"E00055987",6,4,2
"E00055988",6,6,0
"E00055989",2,2,0
"E00055990",1,1,0
"E00055991",4,2,2
"E00055992",1,1,0
"E00055993",2,0,2
"E00055994",5,4,1
"E00055995",10,5,5
"E00055996",7,4,3
"E00055997",6,2,4
"E00055998",4,3,1
"E00055999",4,2,2
"E00056000",5,1,4
"E00056001",6,4,2
"E00056002",6,2,4
"E00056003",13,5,8
"E00056004",3,1,2
"E00056005",4,2,2
"E00056006",7,4,3
"E00056007",6,5,1
"E00056008",4,0,4
"E00056009",6,2,4
"E00056010",1,0,1
"E00056011",6,4,2
"E00056012",9,6,3
"E00056013",8,4,4
"E00056014",4,3,1
"E00056015",2,2,0
"E00056016",5,2,3
"E00056017",0,0,0
"E00056018",6,2,4
"E00056019",3,0,3
"E00056020",5,1,4
"E00056021",1,1,0
"E00056022",8,6,2
"E00056023",7,4,3
"E00056024",5,1,4
"E00056025",4,2,2
"E00056026",7,4,3
"E00056027",3,1,2
"E00056028",8,4,4
"E00056029",2,2,0
"E00056030",8,3,5
"E00056031",7,4,3
"E00056032",11,7,4
"E00056033",6,4,2
"E00056034",15,10,5
"E00056035",5,3,2
"E00056036",11,6,5
"E00056037",6,3,3
"E00056038",2,0,2
"E00056039",3,0,3
"E00056040",1,0,1
"E00056041",7,5,2
"E00056042",7,3,4
"E00056043",1,1,0
"E00056044",4,1,3
"E00056045",1,1,0
"E00056046",1,0,1
"E00056047",2,2,0
"E00056048",5,3,2
"E00056049",0,0,0
"E00056050",0,0,0
"E00056051",0,0,0
"E00056052",2,1,1
"E00056053",1,0,1
"E00056055",1,1,0
"E00056056",0,0,0
"E00056057",1,1,0
"E00056058",5,3,2
"E00056059",7,3,4
"E00056060",6,2,4
"E00056061",0,0,0
"E00056062",3,2,1
"E00056063",2,0,2
"E00056064",4,3,1
"E00056065",1,0,1
"E00056066",10,4,6
"E00056067",0,0,0
"E00056068",3,1,2
"E00056069",2,1,1
"E00056070",0,0,0
"E00056071",1,0,1
"E00056073",2,0,2
"E00056074",2,1,1
"E00056075",2,1,1
"E00056076",3,3,0
"E00056077",0,0,0
"E00056078",0,0,0
"E00056079",2,0,2
"E00056080",0,0,0
"E00056081",1,0,1
"E00056082",4,3,1
"E00056083",0,0,0
"E00056084",0,0,0
"E00056085",4,1,3
"E00056086",5,1,4
"E00056087",2,2,0
"E00056088",1,1,0
"E00056089",0,0,0
"E00056090",0,0,0
"E00056091",1,1,0
"E00056092",0,0,0
"E00056093",1,0,1
"E00056094",0,0,0
"E00056095",0,0,0
"E00056096",1,1,0
"E00056097",3,1,2
"E00056098",0,0,0
"E00056099",1,1,0
"E00056100",0,0,0
"E00056101",0,0,0
"E00056102",3,0,3
"E00056103",4,1,3
"E00056104",0,0,0
"E00056105",1,1,0
"E00056106",1,0,1
"E00056107",8,3,5
"E00056108",0,0,0
"E00056109",1,0,1
"E00056110",3,0,3
"E00056111",0,0,0
"E00056112",2,1,1
"E00056113",3,2,1
"E00056114",4,3,1
"E00056115",1,0,1
"E00056116",2,2,0
"E00056117",4,2,2
"E00056118",2,1,1
"E00056119",0,0,0
"E00056120",10,4,6
"E00056121",1,1,0
"E00056122",2,1,1
"E00056123",2,1,1
"E00056124",2,2,0
"E00056125",1,1,0
"E00056126",3,2,1
"E00056127",0,0,0
"E00056128",1,0,1
"E00056129",0,0,0
"E00056130",0,0,0
"E00056131",1,1,0
"E00056132",3,1,2
"E00056133",1,1,0
"E00056135",4,4,0
"E00056136",0,0,0
"E00056137",1,1,0
"E00056138",1,1,0
"E00056139",3,2,1
"E00056140",4,1,3
"E00056141",4,2,2
"E00056142",5,3,2
"E00056143",2,1,1
"E00056144",8,4,4
"E00056145",9,3,6
"E00056146",6,4,2
"E00056147",5,2,3
"E00056148",13,7,6
"E00056149",17,8,9
"E00056150",4,2,2
"E00056151",4,2,2
"E00056152",8,5,3
"E00056153",6,4,2
"E00056154",6,4,2
"E00056155",1,0,1
"E00056156",3,1,2
"E00056157",1,0,1
"E00056158",3,1,2
"E00056159",4,2,2
"E00056160",3,2,1
"E00056161",2,2,0
"E00056162",0,0,0
"E00056163",0,0,0
"E00056164",2,0,2
"E00056165",7,2,5
"E00056166",1,1,0
"E00056167",1,1,0
"E00056168",2,0,2
"E00056169",2,1,1
"E00056170",4,2,2
"E00056171",4,1,3
"E00056172",1,1,0
"E00056173",0,0,0
"E00056174",0,0,0
"E00056175",5,3,2
"E00056176",3,1,2
"E00056177",3,3,0
"E00056178",0,0,0
"E00056179",4,4,0
"E00056180",3,0,3
"E00056181",8,5,3
"E00056182",0,0,0
"E00056183",14,8,6
"E00056184",1,1,0
"E00056185",3,0,3
"E00056186",3,1,2
"E00056187",1,1,0
"E00056188",3,1,2
"E00056189",1,1,0
"E00056190",0,0,0
"E00056191",2,1,1
"E00056192",2,2,0
"E00056193",2,0,2
"E00056194",3,1,2
"E00056195",5,2,3
"E00056196",2,1,1
"E00056197",6,3,3
"E00056198",0,0,0
"E00056199",1,0,1
"E00056200",1,0,1
"E00056201",5,3,2
"E00056202",3,0,3
"E00056203",1,1,0
"E00056204",4,2,2
"E00056205",2,0,2
"E00056206",4,2,2
"E00056207",2,0,2
"E00056208",2,1,1
"E00056209",3,3,0
"E00056210",2,0,2
"E00056211",0,0,0
"E00056212",3,2,1
"E00056213",0,0,0
"E00056214",7,2,5
"E00056215",0,0,0
"E00056216",5,1,4
"E00056217",5,3,2
"E00056218",6,5,1
"E00056219",3,1,2
"E00056220",1,1,0
"E00056221",1,0,1
"E00056222",4,2,2
"E00056223",3,3,0
"E00056224",2,1,1
"E00056225",2,1,1
"E00056226",4,1,3
"E00056227",0,0,0
"E00056228",0,0,0
"E00056229",1,1,0
"E00056230",1,1,0
"E00056231",1,0,1
"E00056232",3,0,3
"E00056233",2,2,0
"E00056234",2,0,2
"E00056235",3,3,0
"E00056236",0,0,0
"E00056237",2,1,1
"E00056238",1,0,1
"E00056239",1,1,0
"E00056240",0,0,0
"E00056241",2,1,1
"E00056242",3,1,2
"E00056243",2,1,1
"E00056244",0,0,0
"E00056245",1,1,0
"E00056246",0,0,0
"E00056247",1,1,0
"E00056248",9,4,5
"E00056249",2,1,1
"E00056250",1,0,1
"E00056251",0,0,0
"E00056252",2,1,1
"E00056253",0,0,0
"E00056254",4,1,3
"E00056255",5,3,2
"E00056256",2,1,1
"E00056257",0,0,0
"E00056258",4,2,2
"E00056259",3,2,1
"E00056260",0,0,0
"E00056261",4,3,1
"E00056262",5,1,4
"E00056263",4,1,3
"E00056264",9,5,4
"E00056265",7,6,1
"E00056266",0,0,0
"E00056267",1,0,1
"E00056268",3,2,1
"E00056269",9,7,2
"E00056270",3,3,0
"E00056271",11,6,5
"E00056272",0,0,0
"E00056273",9,6,3
"E00056274",0,0,0
"E00056275",2,2,0
"E00056276",10,6,4
"E00056277",4,0,4
"E00056278",3,1,2
"E00056279",5,2,3
"E00056280",2,0,2
"E00056281",3,0,3
"E00056282",3,2,1
"E00056283",5,4,1
"E00056284",4,3,1
"E00056285",5,3,2
"E00056286",4,2,2
"E00056287",8,3,5
"E00056288",5,3,2
"E00056289",10,6,4
"E00056290",2,1,1
"E00056291",2,2,0
"E00056292",1,1,0
"E00056293",6,2,4
"E00056294",9,2,7
"E00056295",6,0,6
"E00056296",1,1,0
"E00056297",0,0,0
"E00056298",3,3,0
"E00056299",6,4,2
"E00056300",2,0,2
"E00056301",2,1,1
"E00056302",2,1,1
"E00056303",7,3,4
"E00056304",3,1,2
"E00056305",1,1,0
"E00056306",5,1,4
"E00056307",1,1,0
"E00056308",4,2,2
"E00056309",3,1,2
"E00056310",1,0,1
"E00056311",2,0,2
"E00056312",10,6,4
"E00056313",0,0,0
"E00056314",4,1,3
"E00056315",7,4,3
"E00056316",0,0,0
"E00056317",10,6,4
"E00056318",2,1,1
"E00056319",2,1,1
"E00056320",0,0,0
"E00056321",1,1,0
"E00056322",9,4,5
"E00056323",11,7,4
"E00056324",6,3,3
"E00056325",8,2,6
"E00056326",7,4,3
"E00056327",7,4,3
"E00056328",2,2,0
"E00056329",6,3,3
"E00056330",6,3,3
"E00056331",13,7,6
"E00056332",3,2,1
"E00056333",3,1,2
"E00056334",6,4,2
"E00056335",6,3,3
"E00056336",5,3,2
"E00056337",4,2,2
"E00056338",4,1,3
"E00056339",4,2,2
"E00056340",6,6,0
"E00056341",14,4,10
"E00056342",13,6,7
"E00056343",11,6,5
"E00056344",7,3,4
"E00056345",4,3,1
"E00056346",1,1,0
"E00056347",8,3,5
"E00056348",8,4,4
"E00056349",2,0,2
"E00056350",0,0,0
"E00056351",4,2,2
"E00056352",1,0,1
"E00056353",3,3,0
"E00056354",4,0,4
"E00056355",14,9,5
"E00056356",7,3,4
"E00056357",10,7,3
"E00056358",5,4,1
"E00056359",9,4,5
"E00056360",6,4,2
"E00056361",19,11,8
"E00056362",9,4,5
"E00056363",7,3,4
"E00056364",8,5,3
"E00056365",6,5,1
"E00056366",4,3,1
"E00056367",8,4,4
"E00056368",8,3,5
"E00056369",0,0,0
"E00056370",5,2,3
"E00056371",8,3,5
"E00056372",4,1,3
"E00056373",9,3,6
"E00056374",8,5,3
"E00056375",8,1,7
"E00056376",6,1,5
"E00056377",3,2,1
"E00056378",4,2,2
"E00056379",8,4,4
"E00056380",41,22,19
"E00056381",4,3,1
"E00056382",9,4,5
"E00056383",7,5,2
"E00056384",7,4,3
"E00056385",0,0,0
"E00056386",4,3,1
"E00056387",6,2,4
"E00056389",3,1,2
"E00056390",2,0,2
"E00056391",4,1,3
"E00056392",5,2,3
"E00056393",6,3,3
"E00056394",11,4,7
"E00056395",5,1,4
"E00056396",4,3,1
"E00056397",6,6,0
"E00056398",0,0,0
"E00056399",3,0,3
"E00056400",9,7,2
"E00056401",5,2,3
"E00056402",2,2,0
"E00056403",3,1,2
"E00056404",1,0,1
"E00056405",1,1,0
"E00056406",3,2,1
"E00056407",4,3,1
"E00056408",2,0,2
"E00056409",3,1,2
"E00056410",5,1,4
"E00056411",9,7,2
"E00056412",6,3,3
"E00056413",6,5,1
"E00056414",6,4,2
"E00056415",1,0,1
"E00056416",4,4,0
"E00056417",5,2,3
"E00056418",6,3,3
"E00056419",8,7,1
"E00056420",1,0,1
"E00056421",12,5,7
"E00056422",6,4,2
"E00056423",7,3,4
"E00056424",0,0,0
"E00056425",7,4,3
"E00056426",5,4,1
"E00056427",7,3,4
"E00056428",0,0,0
"E00056429",12,6,6
"E00056430",11,4,7
"E00056431",8,5,3
"E00056432",3,2,1
"E00056433",4,1,3
"E00056434",0,0,0
"E00056435",13,8,5
"E00056436",4,0,4
"E00056437",1,1,0
"E00056438",1,0,1
"E00056439",8,6,2
"E00056440",4,2,2
"E00056441",1,0,1
"E00056442",0,0,0
"E00056443",6,1,5
"E00056445",1,0,1
"E00056446",1,0,1
"E00056447",8,5,3
"E00056448",10,4,6
"E00056449",3,3,0
"E00056450",2,2,0
"E00056451",1,0,1
"E00056452",1,0,1
"E00056453",1,0,1
"E00056454",1,1,0
"E00056455",0,0,0
"E00056456",1,0,1
"E00056457",2,1,1
"E00056458",7,2,5
"E00056459",3,2,1
"E00056460",4,2,2
"E00056461",5,1,4
"E00056462",9,6,3
"E00056463",6,5,1
"E00056464",7,3,4
"E00056465",4,2,2
"E00056466",10,4,6
"E00056467",7,2,5
"E00056469",1,1,0
"E00056470",15,8,7
"E00056471",3,1,2
"E00056472",4,1,3
"E00056473",0,0,0
"E00056474",11,5,6
"E00056475",9,4,5
"E00056476",7,2,5
"E00056477",10,6,4
"E00056478",4,0,4
"E00056479",4,2,2
"E00056480",10,5,5
"E00056481",3,3,0
"E00056482",0,0,0
"E00056483",3,2,1
"E00056484",10,6,4
"E00056485",3,2,1
"E00056486",3,2,1
"E00056487",4,0,4
"E00056488",6,3,3
"E00056489",1,0,1
"E00056490",6,4,2
"E00056491",0,0,0
"E00056492",1,1,0
"E00056493",2,1,1
"E00056494",0,0,0
"E00056495",1,0,1
"E00056496",5,3,2
"E00056497",0,0,0
"E00056498",2,1,1
"E00056499",1,0,1
"E00056500",0,0,0
"E00056501",0,0,0
"E00056502",2,0,2
"E00056503",1,1,0
"E00056504",5,3,2
"E00056505",6,4,2
"E00056506",6,2,4
"E00056507",4,3,1
"E00056508",5,3,2
"E00056509",0,0,0
"E00056510",4,0,4
"E00056511",2,1,1
"E00056512",2,2,0
"E00056513",5,2,3
"E00056514",1,0,1
"E00056515",2,1,1
"E00056516",3,1,2
"E00056517",2,2,0
"E00056518",4,1,3
"E00056519",2,1,1
"E00056520",5,3,2
"E00056521",6,4,2
"E00056522",5,3,2
"E00056523",2,1,1
"E00056524",3,2,1
"E00056525",5,3,2
"E00056526",0,0,0
"E00056527",0,0,0
"E00056528",7,3,4
"E00056529",1,0,1
"E00056530",1,0,1
"E00056532",1,0,1
"E00056533",3,3,0
"E00056534",1,0,1
"E00056535",5,2,3
"E00056536",5,2,3
"E00056537",3,2,1
"E00056538",7,2,5
"E00056539",6,3,3
"E00056540",1,1,0
"E00056541",3,2,1
"E00056542",5,2,3
"E00056543",2,1,1
"E00056544",1,1,0
"E00056545",2,2,0
"E00056546",2,2,0
"E00056548",3,1,2
"E00056549",4,0,4
"E00056550",4,4,0
"E00056552",14,6,8
"E00056554",2,0,2
"E00056555",4,1,3
"E00056556",1,1,0
"E00056557",1,0,1
"E00056558",0,0,0
"E00056559",1,1,0
"E00056560",1,1,0
"E00056561",3,2,1
"E00056562",2,2,0
"E00056563",1,1,0
"E00056564",2,1,1
"E00056565",1,1,0
"E00056566",0,0,0
"E00056567",1,1,0
"E00056568",1,1,0
"E00056569",0,0,0
"E00056570",7,4,3
"E00056571",3,1,2
"E00056572",2,1,1
"E00056573",0,0,0
"E00056574",0,0,0
"E00056575",2,0,2
"E00056576",2,0,2
"E00056577",1,0,1
"E00056578",1,1,0
"E00056579",4,2,2
"E00056580",4,3,1
"E00056581",3,1,2
"E00056582",0,0,0
"E00056583",8,3,5
"E00056584",2,0,2
"E00056585",0,0,0
"E00056586",0,0,0
"E00056587",2,1,1
"E00056588",1,1,0
"E00056589",0,0,0
"E00056590",4,1,3
"E00056591",1,0,1
"E00056592",1,0,1
"E00056593",10,5,5
"E00056594",1,1,0
"E00056595",3,3,0
"E00056596",5,1,4
"E00056597",0,0,0
"E00056598",2,0,2
"E00056599",4,3,1
"E00056600",2,0,2
"E00056601",3,2,1
"E00056602",3,1,2
"E00056603",2,1,1
"E00056604",3,3,0
"E00056605",4,1,3
"E00056606",2,0,2
"E00056607",3,2,1
"E00056608",2,1,1
"E00056609",2,1,1
"E00056610",0,0,0
"E00056611",1,0,1
"E00056612",3,2,1
"E00056613",2,1,1
"E00056614",1,0,1
"E00056615",1,0,1
"E00056616",3,2,1
"E00056617",0,0,0
"E00056618",3,2,1
"E00056619",0,0,0
"E00056620",2,1,1
"E00056621",0,0,0
"E00056622",2,2,0
"E00056623",2,2,0
"E00056624",2,0,2
"E00056625",3,1,2
"E00056626",1,1,0
"E00056627",1,0,1
"E00056628",2,1,1
"E00056629",0,0,0
"E00056630",2,0,2
"E00056631",6,2,4
"E00056632",3,2,1
"E00056633",9,3,6
"E00056634",0,0,0
"E00056635",4,3,1
"E00056636",0,0,0
"E00056637",1,0,1
"E00056638",2,0,2
"E00056639",1,1,0
"E00056640",0,0,0
"E00056641",0,0,0
"E00056642",1,1,0
"E00056643",3,1,2
"E00056644",2,0,2
"E00056645",4,2,2
"E00056646",5,2,3
"E00056647",3,1,2
"E00056648",2,0,2
"E00056649",3,2,1
"E00056650",3,1,2
"E00056651",4,2,2
"E00056652",3,2,1
"E00056653",2,1,1
"E00056654",3,2,1
"E00056655",3,2,1
"E00056656",1,0,1
"E00056657",1,0,1
"E00056658",1,1,0
"E00056659",3,2,1
"E00056660",2,2,0
"E00056661",1,1,0
"E00056662",4,3,1
"E00056663",0,0,0
"E00056664",6,3,3
"E00056665",4,3,1
"E00056666",4,1,3
"E00056667",1,0,1
"E00056668",1,1,0
"E00056669",1,0,1
"E00056670",4,2,2
"E00056671",1,1,0
"E00056672",4,2,2
"E00056673",4,2,2
"E00056674",3,3,0
"E00056675",2,1,1
"E00056677",6,3,3
"E00056678",2,0,2
"E00056679",2,2,0
"E00056681",0,0,0
"E00056682",0,0,0
"E00056683",2,2,0
"E00056684",7,3,4
"E00056685",2,0,2
"E00056686",0,0,0
"E00056687",7,4,3
"E00056688",4,2,2
"E00056689",1,1,0
"E00056690",1,1,0
"E00056691",2,0,2
"E00056692",3,2,1
"E00056693",5,3,2
"E00056694",1,0,1
"E00056695",1,0,1
"E00056696",0,0,0
"E00056697",2,1,1
"E00056698",1,0,1
"E00056699",2,2,0
"E00056700",4,2,2
"E00056701",6,3,3
"E00056702",2,1,1
"E00056703",1,1,0
"E00056704",14,5,9
"E00056705",6,1,5
"E00056706",1,0,1
"E00056707",3,3,0
"E00056708",0,0,0
"E00056709",1,1,0
"E00056710",8,3,5
"E00056711",1,1,0
"E00056712",0,0,0
"E00056713",0,0,0
"E00056714",3,1,2
"E00056715",7,5,2
"E00056716",0,0,0
"E00056717",4,1,3
"E00056718",1,1,0
"E00056719",3,3,0
"E00056720",3,2,1
"E00056721",2,1,1
"E00056722",3,1,2
"E00056723",0,0,0
"E00056724",9,9,0
"E00056725",0,0,0
"E00056726",4,2,2
"E00056727",5,3,2
"E00056728",8,4,4
"E00056729",1,0,1
"E00056730",0,0,0
"E00056731",0,0,0
"E00056732",3,0,3
"E00056733",7,4,3
"E00056734",2,0,2
"E00056735",0,0,0
"E00056736",3,2,1
"E00056737",1,1,0
"E00056738",1,0,1
"E00056739",0,0,0
"E00056740",1,1,0
"E00056741",3,1,2
"E00056742",1,1,0
"E00056743",1,0,1
"E00056744",3,1,2
"E00056745",1,0,1
"E00056746",6,2,4
"E00056747",2,0,2
"E00056748",5,3,2
"E00056749",1,1,0
"E00056750",4,3,1
"E00056751",0,0,0
"E00056752",4,2,2
"E00056753",1,1,0
"E00056754",3,1,2
"E00056755",6,2,4
"E00056756",4,2,2
"E00056757",4,1,3
"E00056758",5,3,2
"E00056759",2,2,0
"E00056760",6,2,4
"E00056761",4,1,3
"E00056762",5,4,1
"E00056763",9,6,3
"E00056764",8,5,3
"E00056765",13,4,9
"E00056766",2,0,2
"E00056767",5,1,4
"E00056768",4,3,1
"E00056769",1,0,1
"E00056770",6,4,2
"E00056771",1,0,1
"E00056772",1,1,0
"E00056773",5,2,3
"E00056774",1,1,0
"E00056775",1,1,0
"E00056776",2,0,2
"E00056777",4,3,1
"E00056778",0,0,0
"E00056779",10,3,7
"E00056780",4,4,0
"E00056781",2,2,0
"E00056782",4,1,3
"E00056783",6,5,1
"E00056784",1,0,1
"E00056786",0,0,0
"E00056787",3,2,1
"E00056788",1,1,0
"E00056789",2,1,1
"E00056790",4,3,1
"E00056792",3,1,2
"E00056793",14,7,7
"E00056794",10,8,2
"E00056795",2,1,1
"E00056796",0,0,0
"E00056797",5,2,3
"E00056798",3,2,1
"E00056799",2,2,0
"E00056800",3,1,2
"E00056801",4,3,1
"E00056802",12,6,6
"E00056803",1,0,1
"E00056804",8,6,2
"E00056805",5,3,2
"E00056806",2,2,0
"E00056807",5,2,3
"E00056808",2,2,0
"E00056809",1,1,0
"E00056810",11,5,6
"E00056811",12,5,7
"E00056812",2,1,1
"E00056813",8,5,3
"E00056814",3,1,2
"E00056815",3,2,1
"E00056816",0,0,0
"E00056817",4,1,3
"E00056818",1,1,0
"E00056819",3,1,2
"E00056820",3,2,1
"E00056821",3,0,3
"E00056822",9,5,4
"E00056823",9,4,5
"E00056825",3,2,1
"E00056827",1,1,0
"E00056828",0,0,0
"E00056829",4,4,0
"E00056830",3,0,3
"E00056831",3,2,1
"E00056832",2,2,0
"E00056833",6,3,3
"E00056834",3,2,1
"E00056835",7,4,3
"E00056836",2,0,2
"E00056837",0,0,0
"E00056838",4,2,2
"E00056839",3,2,1
"E00056840",1,1,0
"E00056841",0,0,0
"E00056842",5,0,5
"E00056843",2,1,1
"E00056845",1,0,1
"E00056846",2,1,1
"E00056847",5,1,4
"E00056848",1,0,1
"E00056849",0,0,0
"E00056850",0,0,0
"E00056851",0,0,0
"E00056852",0,0,0
"E00056853",1,0,1
"E00056854",0,0,0
"E00056855",2,1,1
"E00056856",0,0,0
"E00056858",2,1,1
"E00056859",1,1,0
"E00056861",1,0,1
"E00056862",3,1,2
"E00056863",4,1,3
"E00056864",3,2,1
"E00056865",3,2,1
"E00056866",1,0,1
"E00056867",4,3,1
"E00056868",1,1,0
"E00056869",1,1,0
"E00056871",1,0,1
"E00056873",0,0,0
"E00056874",1,1,0
"E00056875",1,1,0
"E00056876",1,1,0
"E00056877",0,0,0
"E00056878",6,2,4
"E00056879",1,1,0
"E00056880",5,4,1
"E00056881",3,2,1
"E00056882",1,0,1
"E00056883",0,0,0
"E00056884",2,1,1
"E00056885",0,0,0
"E00056886",0,0,0
"E00056887",6,2,4
"E00056888",1,0,1
"E00056889",1,0,1
"E00056890",0,0,0
"E00056891",0,0,0
"E00056892",0,0,0
"E00056893",0,0,0
"E00056894",1,0,1
"E00056895",0,0,0
"E00056897",1,1,0
"E00056898",0,0,0
"E00056899",0,0,0
"E00056900",0,0,0
"E00056901",0,0,0
"E00056902",1,0,1
"E00056903",3,2,1
"E00056904",1,0,1
"E00056905",2,1,1
"E00056906",1,1,0
"E00056907",0,0,0
"E00056908",0,0,0
"E00056909",2,1,1
"E00056910",1,1,0
"E00056911",0,0,0
"E00056912",0,0,0
"E00056913",6,3,3
"E00056914",0,0,0
"E00056915",5,3,2
"E00056916",1,1,0
"E00056917",5,2,3
"E00056918",5,4,1
"E00056919",2,0,2
"E00056920",3,0,3
"E00056921",3,0,3
"E00056922",7,3,4
"E00056923",0,0,0
"E00056924",1,0,1
"E00056925",5,2,3
"E00056926",1,1,0
"E00056927",3,2,1
"E00056928",2,1,1
"E00056929",6,0,6
"E00056930",0,0,0
"E00056931",4,2,2
"E00056932",2,1,1
"E00056933",4,1,3
"E00056934",1,0,1
"E00056935",1,1,0
"E00056936",1,1,0
"E00056937",0,0,0
"E00056938",5,2,3
"E00056939",2,0,2
"E00056940",1,0,1
"E00056941",4,4,0
"E00056942",4,1,3
"E00056943",5,3,2
"E00056944",4,3,1
"E00056945",3,2,1
"E00056946",6,3,3
"E00056947",5,2,3
"E00056948",6,2,4
"E00056949",2,1,1
"E00056950",5,2,3
"E00056951",6,2,4
"E00056952",15,6,9
"E00056953",2,0,2
"E00056954",3,2,1
"E00056955",9,4,5
"E00056956",1,1,0
"E00056957",7,3,4
"E00056958",0,0,0
"E00056959",3,2,1
"E00056960",8,5,3
"E00056961",4,1,3
"E00056962",1,1,0
"E00056963",2,0,2
"E00056964",2,1,1
"E00056965",2,2,0
"E00056966",0,0,0
"E00056967",1,1,0
"E00056968",17,5,12
"E00056969",6,2,4
"E00056970",7,3,4
"E00056971",4,2,2
"E00056972",0,0,0
"E00056973",5,2,3
"E00056974",10,3,7
"E00056975",0,0,0
"E00056976",6,3,3
"E00056977",6,2,4
"E00056978",14,9,5
"E00056979",3,2,1
"E00056981",2,2,0
"E00056982",2,2,0
"E00056983",0,0,0
"E00056984",1,0,1
"E00056985",1,0,1
"E00056986",1,1,0
"E00056987",0,0,0
"E00056988",0,0,0
"E00056989",0,0,0
"E00056990",0,0,0
"E00056991",1,0,1
"E00056992",0,0,0
"E00056993",0,0,0
"E00056994",1,0,1
"E00056995",2,1,1
"E00056997",0,0,0
"E00056998",3,2,1
"E00056999",5,1,4
"E00057000",3,1,2
"E00057001",2,2,0
"E00057002",4,3,1
"E00057003",1,0,1
"E00057004",2,1,1
"E00057005",2,1,1
"E00057006",1,1,0
"E00057007",2,1,1
"E00057008",2,2,0
"E00057009",1,1,0
"E00057010",2,0,2
"E00057011",6,3,3
"E00057012",1,1,0
"E00057013",1,1,0
"E00057014",1,0,1
"E00057015",1,1,0
"E00057016",0,0,0
"E00057017",2,1,1
"E00057018",1,1,0
"E00057019",3,1,2
"E00057020",0,0,0
"E00057021",1,0,1
"E00057022",1,0,1
"E00057023",4,2,2
"E00057024",1,0,1
"E00057025",1,1,0
"E00057026",1,0,1
"E00057027",0,0,0
"E00057028",1,0,1
"E00057029",1,1,0
"E00057030",3,1,2
"E00057031",1,0,1
"E00057032",0,0,0
"E00057033",0,0,0
"E00057034",5,0,5
"E00057035",1,0,1
"E00057036",0,0,0
"E00057037",6,3,3
"E00057038",0,0,0
"E00057039",2,1,1
"E00057040",2,1,1
"E00057041",4,2,2
"E00057042",0,0,0
"E00057043",2,1,1
"E00057044",5,1,4
"E00057045",3,1,2
"E00057046",1,1,0
"E00057047",1,0,1
"E00057048",1,0,1
"E00057049",1,0,1
"E00057050",0,0,0
"E00057051",5,1,4
"E00057052",0,0,0
"E00057053",0,0,0
"E00057054",0,0,0
"E00057055",0,0,0
"E00057056",1,0,1
"E00057057",0,0,0
"E00057058",0,0,0
"E00057059",2,0,2
"E00057060",3,2,1
"E00057062",3,0,3
"E00057063",6,5,1
"E00057064",0,0,0
"E00057065",1,0,1
"E00057066",0,0,0
"E00057067",5,3,2
"E00057068",4,3,1
"E00057069",1,0,1
"E00057070",0,0,0
"E00057071",4,1,3
"E00057072",1,0,1
"E00057073",3,1,2
"E00057074",1,0,1
"E00057075",4,0,4
"E00057076",5,3,2
"E00057077",0,0,0
"E00057078",0,0,0
"E00057079",0,0,0
"E00057080",1,0,1
"E00057081",3,1,2
"E00057082",2,0,2
"E00057083",2,1,1
"E00057084",5,3,2
"E00057085",1,0,1
"E00057086",1,0,1
"E00057087",2,0,2
"E00057088",1,0,1
"E00057089",0,0,0
"E00057090",2,2,0
"E00057091",0,0,0
"E00057092",2,2,0
"E00057093",0,0,0
"E00057094",0,0,0
"E00057095",2,2,0
"E00057096",0,0,0
"E00057097",1,0,1
"E00057098",1,1,0
"E00057099",0,0,0
"E00057100",0,0,0
"E00057101",0,0,0
"E00057102",2,1,1
"E00057103",2,1,1
"E00057104",4,3,1
"E00057105",3,2,1
"E00057106",0,0,0
"E00057107",1,1,0
"E00057108",1,0,1
"E00057109",1,1,0
"E00057110",2,0,2
"E00057111",5,4,1
"E00057112",1,0,1
"E00057113",2,1,1
"E00057114",2,0,2
"E00057115",2,1,1
"E00057116",3,2,1
"E00057117",1,0,1
"E00057118",1,0,1
"E00057119",2,1,1
"E00057120",0,0,0
"E00057121",0,0,0
"E00057122",4,3,1
"E00057123",0,0,0
"E00057124",3,1,2
"E00057125",0,0,0
"E00057126",6,3,3
"E00057127",2,2,0
"E00057128",1,0,1
"E00057129",1,1,0
"E00057130",0,0,0
"E00057131",0,0,0
"E00057132",3,3,0
"E00057133",4,2,2
"E00057134",1,1,0
"E00057135",3,2,1
"E00057136",2,1,1
"E00057137",2,2,0
"E00057138",1,1,0
"E00057139",1,0,1
"E00057140",3,1,2
"E00057141",7,2,5
"E00057142",0,0,0
"E00057144",1,0,1
"E00057145",3,2,1
"E00057146",0,0,0
"E00057147",5,1,4
"E00057148",4,3,1
"E00057149",1,0,1
"E00057150",4,1,3
"E00057151",2,2,0
"E00057152",1,0,1
"E00057153",1,0,1
"E00057154",0,0,0
"E00057155",0,0,0
"E00057156",0,0,0
"E00057157",0,0,0
"E00057158",1,1,0
"E00057159",2,1,1
"E00057160",1,0,1
"E00057161",2,1,1
"E00057162",4,1,3
"E00057163",2,0,2
"E00057164",0,0,0
"E00057165",0,0,0
"E00057166",2,1,1
"E00057167",1,0,1
"E00057169",0,0,0
"E00057170",4,0,4
"E00057171",1,0,1
"E00057172",2,1,1
"E00057173",1,1,0
"E00057175",0,0,0
"E00057176",0,0,0
"E00057177",1,1,0
"E00057178",2,1,1
"E00057179",3,2,1
"E00057180",0,0,0
"E00057181",0,0,0
"E00057182",0,0,0
"E00057183",1,1,0
"E00057184",1,0,1
"E00057185",2,1,1
"E00057186",2,1,1
"E00057187",2,1,1
"E00057188",4,0,4
"E00057189",2,1,1
"E00057190",1,0,1
"E00057191",0,0,0
"E00057192",1,0,1
"E00057193",14,6,8
"E00057194",0,0,0
"E00057195",0,0,0
"E00057196",1,0,1
"E00057197",10,6,4
"E00057198",5,1,4
"E00057199",2,0,2
"E00057200",0,0,0
"E00057202",4,2,2
"E00057204",2,1,1
"E00057205",9,5,4
"E00057206",0,0,0
"E00057207",0,0,0
"E00057208",4,1,3
"E00057209",6,3,3
"E00057210",3,3,0
"E00057211",3,1,2
"E00057212",4,3,1
"E00057213",6,4,2
"E00057214",5,3,2
"E00057215",6,3,3
"E00057216",8,4,4
"E00057217",1,1,0
"E00057218",0,0,0
"E00057220",2,0,2
"E00057221",2,1,1
"E00057222",7,4,3
"E00057223",4,1,3
"E00057225",5,3,2
"E00057226",5,2,3
"E00057227",3,0,3
"E00057228",2,2,0
"E00057229",1,0,1
"E00057230",4,1,3
"E00057231",1,1,0
"E00057232",6,4,2
"E00057233",4,0,4
"E00057234",1,0,1
"E00057235",4,1,3
"E00057236",4,3,1
"E00057238",0,0,0
"E00057239",8,7,1
"E00057240",0,0,0
"E00057241",2,1,1
"E00057242",2,0,2
"E00057244",6,2,4
"E00057245",1,0,1
"E00057246",0,0,0
"E00057247",0,0,0
"E00057248",4,3,1
"E00057249",3,2,1
"E00057250",1,1,0
"E00057251",3,0,3
"E00057252",1,1,0
"E00057253",5,3,2
"E00057254",2,0,2
"E00057255",3,3,0
"E00057256",2,1,1
"E00057257",1,0,1
"E00057258",0,0,0
"E00057259",0,0,0
"E00057261",1,0,1
"E00057262",2,1,1
"E00057264",6,1,5
"E00057265",4,2,2
"E00057266",0,0,0
"E00057267",1,1,0
"E00057268",0,0,0
"E00057269",2,0,2
"E00057270",0,0,0
"E00057271",1,1,0
"E00057272",2,1,1
"E00057273",1,0,1
"E00057274",3,3,0
"E00057275",3,2,1
"E00057276",1,1,0
"E00057277",1,0,1
"E00057278",1,1,0
"E00057280",1,0,1
"E00057281",0,0,0
"E00057282",1,1,0
"E00057283",1,1,0
"E00057284",0,0,0
"E00057285",0,0,0
"E00057286",0,0,0
"E00057287",3,2,1
"E00057288",0,0,0
"E00057289",1,1,0
"E00057290",1,1,0
"E00057291",2,1,1
"E00057292",1,1,0
"E00057293",0,0,0
"E00057294",0,0,0
"E00057295",1,0,1
"E00057296",3,0,3
"E00057297",0,0,0
"E00057298",3,2,1
"E00057300",0,0,0
"E00057303",3,3,0
"E00057304",0,0,0
"E00057305",1,0,1
"E00057307",2,0,2
"E00057309",2,1,1
"E00057310",0,0,0
"E00057311",1,1,0
"E00057312",0,0,0
"E00057313",0,0,0
"E00057315",0,0,0
"E00057316",0,0,0
"E00057321",0,0,0
"E00057322",0,0,0
"E00057323",0,0,0
"E00057325",0,0,0
"E00057326",0,0,0
"E00057327",1,0,1
"E00057328",0,0,0
"E00057329",1,1,0
"E00057330",1,1,0
"E00057331",2,0,2
"E00057332",0,0,0
"E00057333",0,0,0
"E00057334",5,2,3
"E00057335",9,1,8
"E00057336",12,5,7
"E00057337",6,1,5
"E00057338",5,0,5
"E00057339",0,0,0
"E00057340",5,4,1
"E00057341",5,4,1
"E00057342",12,6,6
"E00057343",0,0,0
"E00057344",2,2,0
"E00057345",1,0,1
"E00057346",3,2,1
"E00057347",1,0,1
"E00057348",3,1,2
"E00057349",7,2,5
"E00057350",6,4,2
"E00057351",0,0,0
"E00057352",7,3,4
"E00057353",8,5,3
"E00057354",10,6,4
"E00057355",0,0,0
"E00057356",0,0,0
"E00057357",3,1,2
"E00057358",6,3,3
"E00057359",5,3,2
"E00057360",7,3,4
"E00057361",10,6,4
"E00057362",5,0,5
"E00057363",6,2,4
"E00057364",0,0,0
"E00057365",4,2,2
"E00057366",2,0,2
"E00057367",4,0,4
"E00057368",2,0,2
"E00057369",3,2,1
"E00057370",3,1,2
"E00057371",7,5,2
"E00057372",13,8,5
"E00057374",3,2,1
"E00057375",3,1,2
"E00057376",6,1,5
"E00057377",0,0,0
"E00057378",6,2,4
"E00057379",5,2,3
"E00057380",9,4,5
"E00057382",9,5,4
"E00057383",1,0,1
"E00057384",3,2,1
"E00057385",3,2,1
"E00057386",1,1,0
"E00057387",0,0,0
"E00057388",0,0,0
"E00057389",5,3,2
"E00057390",6,3,3
"E00057391",3,2,1
"E00057392",3,2,1
"E00057393",2,2,0
"E00057394",0,0,0
"E00057395",5,2,3
"E00057396",5,3,2
"E00057397",1,0,1
"E00057398",3,1,2
"E00057399",10,3,7
"E00057400",9,4,5
"E00057401",7,4,3
"E00057402",3,1,2
"E00057403",5,4,1
"E00057404",5,1,4
"E00057405",2,1,1
"E00057406",20,7,13
"E00057407",3,2,1
"E00057408",2,0,2
"E00057409",4,1,3
"E00057410",7,3,4
"E00057411",12,8,4
"E00057412",1,1,0
"E00057413",2,2,0
"E00057414",5,2,3
"E00057415",2,0,2
"E00057416",2,1,1
"E00057417",5,1,4
"E00057418",10,6,4
"E00057419",2,2,0
"E00057420",9,3,6
"E00057421",5,1,4
"E00057422",2,1,1
"E00057423",4,2,2
"E00057424",0,0,0
"E00057425",5,1,4
"E00057426",3,1,2
"E00057427",0,0,0
"E00057428",3,1,2
"E00057429",7,4,3
"E00057430",0,0,0
"E00057431",11,5,6
"E00057432",5,3,2
"E00057433",1,0,1
"E00057434",7,5,2
"E00057435",1,1,0
"E00057436",0,0,0
"E00057437",4,3,1
"E00057438",10,4,6
"E00057439",5,4,1
"E00057440",1,0,1
"E00057441",3,2,1
"E00057442",0,0,0
"E00057443",1,1,0
"E00057444",2,0,2
"E00057445",0,0,0
"E00057446",1,0,1
"E00057447",4,2,2
"E00057448",0,0,0
"E00057449",2,1,1
"E00057450",0,0,0
"E00057451",2,1,1
"E00057452",3,2,1
"E00057453",9,3,6
"E00057454",0,0,0
"E00057455",4,1,3
"E00057456",1,0,1
"E00057457",2,2,0
"E00057458",6,3,3
"E00057459",1,0,1
"E00057460",4,2,2
"E00057461",0,0,0
"E00057462",1,0,1
"E00057463",4,0,4
"E00057464",1,1,0
"E00057465",5,2,3
"E00057466",0,0,0
"E00057467",0,0,0
"E00057468",0,0,0
"E00057469",1,0,1
"E00057470",4,1,3
"E00057471",1,1,0
"E00057472",3,1,2
"E00057473",5,4,1
"E00057474",0,0,0
"E00057475",2,1,1
"E00057476",1,0,1
"E00057477",1,1,0
"E00057478",0,0,0
"E00057479",1,0,1
"E00057480",0,0,0
"E00057481",1,0,1
"E00057482",2,1,1
"E00057483",5,1,4
"E00057484",1,1,0
"E00057485",1,0,1
"E00057486",1,0,1
"E00057487",4,3,1
"E00057488",2,0,2
"E00057489",5,1,4
"E00057490",5,2,3
"E00057491",2,2,0
"E00057492",7,3,4
"E00057493",1,0,1
"E00057494",4,0,4
"E00057495",2,1,1
"E00057496",3,2,1
"E00057497",0,0,0
"E00057498",7,1,6
"E00057499",8,5,3
"E00057500",0,0,0
"E00057501",7,3,4
"E00057502",6,4,2
"E00057503",1,0,1
"E00057504",0,0,0
"E00057505",2,1,1
"E00057506",2,1,1
"E00057507",2,0,2
"E00057508",5,3,2
"E00057509",3,0,3
"E00057510",0,0,0
"E00057511",0,0,0
"E00057512",3,1,2
"E00057513",3,2,1
"E00057514",3,2,1
"E00057515",0,0,0
"E00057516",7,3,4
"E00057517",0,0,0
"E00057518",6,3,3
"E00057519",0,0,0
"E00057520",4,3,1
"E00057521",3,2,1
"E00057522",5,2,3
"E00057523",0,0,0
"E00057524",5,3,2
"E00057525",0,0,0
"E00057526",7,2,5
"E00057527",2,0,2
"E00057528",5,3,2
"E00057529",1,1,0
"E00057530",11,4,7
"E00057531",2,1,1
"E00057532",2,0,2
"E00057533",4,3,1
"E00057534",1,1,0
"E00057535",5,2,3
"E00057536",2,1,1
"E00057537",5,2,3
"E00057538",1,1,0
"E00057539",1,1,0
"E00057540",4,2,2
"E00057541",6,4,2
"E00057542",0,0,0
"E00057543",4,3,1
"E00057544",3,1,2
"E00057545",0,0,0
"E00057546",2,1,1
"E00057547",0,0,0
"E00057548",4,3,1
"E00057549",0,0,0
"E00057550",1,0,1
"E00057551",1,1,0
"E00057552",8,6,2
"E00057553",2,1,1
"E00057554",12,7,5
"E00057555",1,0,1
"E00057556",4,2,2
"E00057557",4,3,1
"E00057558",1,1,0
"E00057559",0,0,0
"E00057560",9,3,6
"E00057561",1,0,1
"E00057562",1,0,1
"E00057563",4,1,3
"E00057564",5,4,1
"E00057565",4,1,3
"E00057566",2,0,2
"E00057567",4,1,3
"E00057568",1,1,0
"E00057570",7,5,2
"E00057571",1,1,0
"E00057573",9,5,4
"E00057574",0,0,0
"E00057575",2,2,0
"E00057576",0,0,0
"E00057577",1,1,0
"E00057578",3,1,2
"E00057579",0,0,0
"E00057580",6,3,3
"E00057581",3,2,1
"E00057582",1,0,1
"E00057583",1,1,0
"E00057584",6,2,4
"E00057585",1,0,1
"E00057586",1,0,1
"E00057587",0,0,0
"E00057589",0,0,0
"E00057590",1,1,0
"E00057591",2,0,2
"E00057592",10,3,7
"E00057593",7,5,2
"E00057594",2,1,1
"E00057595",0,0,0
"E00057596",2,0,2
"E00057597",2,2,0
"E00057598",0,0,0
"E00057599",1,0,1
"E00057600",6,5,1
"E00057601",2,1,1
"E00057602",4,1,3
"E00057603",0,0,0
"E00057604",3,0,3
"E00057605",0,0,0
"E00057606",3,2,1
"E00057607",2,0,2
"E00057608",1,0,1
"E00057609",1,1,0
"E00057610",2,0,2
"E00057611",2,2,0
"E00057612",0,0,0
"E00057613",1,1,0
"E00057614",0,0,0
"E00057615",4,2,2
"E00057616",0,0,0
"E00057617",0,0,0
"E00057618",0,0,0
"E00057619",2,0,2
"E00057620",6,4,2
"E00057621",2,0,2
"E00057622",0,0,0
"E00057623",1,0,1
"E00057624",4,3,1
"E00057625",3,2,1
"E00057626",1,0,1
"E00057627",5,3,2
"E00057628",1,1,0
"E00057629",1,1,0
"E00057630",4,1,3
"E00057631",3,3,0
"E00057632",7,4,3
"E00057633",2,2,0
"E00057634",0,0,0
"E00057635",1,0,1
"E00057637",4,2,2
"E00057638",0,0,0
"E00057639",7,5,2
"E00057641",0,0,0
"E00057642",3,1,2
"E00057643",3,2,1
"E00057645",2,1,1
"E00057646",7,2,5
"E00057647",4,2,2
"E00057648",5,3,2
"E00057649",4,2,2
"E00057650",7,3,4
"E00057651",4,2,2
"E00057652",6,0,6
"E00057653",3,1,2
"E00057654",3,1,2
"E00057655",3,2,1
"E00057656",0,0,0
"E00057657",4,1,3
"E00057658",1,0,1
"E00057659",1,1,0
"E00057660",5,5,0
"E00057661",7,4,3
"E00057662",3,2,1
"E00057663",11,5,6
"E00057664",3,1,2
"E00057665",5,2,3
"E00057666",1,1,0
"E00057667",2,2,0
"E00057668",3,1,2
"E00057669",2,1,1
"E00057670",1,0,1
"E00057671",1,1,0
"E00057672",1,0,1
"E00057673",3,2,1
"E00057674",6,1,5
"E00057675",0,0,0
"E00057676",9,6,3
"E00057679",2,2,0
"E00057680",3,0,3
"E00057681",6,1,5
"E00057682",0,0,0
"E00057683",2,0,2
"E00057684",3,1,2
"E00057685",0,0,0
"E00057686",6,2,4
"E00057687",1,0,1
"E00057689",6,3,3
"E00057690",5,1,4
"E00057691",4,1,3
"E00057692",5,1,4
"E00057693",5,1,4
"E00057695",5,2,3
"E00057696",2,0,2
"E00057697",1,1,0
"E00057698",0,0,0
"E00057699",0,0,0
"E00057700",6,1,5
"E00057701",0,0,0
"E00057702",2,1,1
"E00057703",2,0,2
"E00057704",2,0,2
"E00057705",8,2,6
"E00057706",19,17,2
"E00057707",0,0,0
"E00057708",9,3,6
"E00057709",8,2,6
"E00057710",8,4,4
"E00057711",2,0,2
"E00057712",0,0,0
"E00057713",4,2,2
"E00057714",2,0,2
"E00057715",5,1,4
"E00057716",1,1,0
"E00057717",7,4,3
"E00057718",3,2,1
"E00057719",6,2,4
"E00057720",1,0,1
"E00057721",10,2,8
"E00057722",9,6,3
"E00057723",8,2,6
"E00057724",3,1,2
"E00057725",5,3,2
"E00057727",8,2,6
"E00057728",2,1,1
"E00057729",3,1,2
"E00057730",3,1,2
"E00057731",6,2,4
"E00057732",6,5,1
"E00057733",10,2,8
"E00057734",4,1,3
"E00057735",7,4,3
"E00057736",2,1,1
"E00057737",4,2,2
"E00057738",14,6,8
"E00057739",5,3,2
"E00057740",3,1,2
"E00057741",13,9,4
"E00057742",8,6,2
"E00057743",3,0,3
"E00057744",1,1,0
"E00057745",6,5,1
"E00057746",2,0,2
"E00057747",1,0,1
"E00057748",2,2,0
"E00057749",5,4,1
"E00057750",9,7,2
"E00057751",4,1,3
"E00057752",2,1,1
"E00057753",4,3,1
"E00057754",3,1,2
"E00057755",0,0,0
"E00057756",1,1,0
"E00057757",0,0,0
"E00057758",3,1,2
"E00057759",0,0,0
"E00057760",2,0,2
"E00057761",0,0,0
"E00057762",0,0,0
"E00057763",0,0,0
"E00057764",7,4,3
"E00057765",7,3,4
"E00057766",1,1,0
"E00057767",1,1,0
"E00057768",2,0,2
"E00057769",6,3,3
"E00057770",0,0,0
"E00057771",0,0,0
"E00057772",1,1,0
"E00057773",1,0,1
"E00057774",1,0,1
"E00057775",5,2,3
"E00057776",0,0,0
"E00057777",1,0,1
"E00057778",0,0,0
"E00057779",1,1,0
"E00057780",1,1,0
"E00057781",0,0,0
"E00057782",0,0,0
"E00057783",0,0,0
"E00057784",2,2,0
"E00057785",1,1,0
"E00057786",1,1,0
"E00057787",0,0,0
"E00057788",2,2,0
"E00057789",0,0,0
"E00057790",0,0,0
"E00057791",1,1,0
"E00057792",2,1,1
"E00057793",0,0,0
"E00057794",0,0,0
"E00057795",3,2,1
"E00057796",1,0,1
"E00057797",5,2,3
"E00057798",4,3,1
"E00057799",0,0,0
"E00057800",1,1,0
"E00057801",2,1,1
"E00057802",1,0,1
"E00057803",7,4,3
"E00057804",1,0,1
"E00057805",0,0,0
"E00057806",2,1,1
"E00057807",0,0,0
"E00057808",2,1,1
"E00057809",0,0,0
"E00057810",0,0,0
"E00057811",1,0,1
"E00057812",0,0,0
"E00057813",2,1,1
"E00057814",0,0,0
"E00057815",0,0,0
"E00057816",0,0,0
"E00057817",1,1,0
"E00057818",0,0,0
"E00057819",3,2,1
"E00057820",0,0,0
"E00057821",0,0,0
"E00057822",3,3,0
"E00057823",0,0,0
"E00057824",1,0,1
"E00057825",0,0,0
"E00057826",0,0,0
"E00057827",1,1,0
"E00057828",1,0,1
"E00057829",1,1,0
"E00057830",0,0,0
"E00057831",0,0,0
"E00057832",3,3,0
"E00057833",1,0,1
"E00057834",5,2,3
"E00057835",2,0,2
"E00057838",3,1,2
"E00057839",4,2,2
"E00057840",5,2,3
"E00057841",1,1,0
"E00057842",1,1,0
"E00057843",0,0,0
"E00057844",0,0,0
"E00057845",0,0,0
"E00057846",2,1,1
"E00057847",0,0,0
"E00057848",2,1,1
"E00057849",1,1,0
"E00057850",1,1,0
"E00057851",0,0,0
"E00057852",0,0,0
"E00057853",1,0,1
"E00057854",0,0,0
"E00057855",0,0,0
"E00057856",4,1,3
"E00057857",2,2,0
"E00057858",0,0,0
"E00057859",0,0,0
"E00057860",2,0,2
"E00057861",0,0,0
"E00057862",4,3,1
"E00057863",0,0,0
"E00057864",0,0,0
"E00057865",3,1,2
"E00057866",4,2,2
"E00057867",8,1,7
"E00057868",1,1,0
"E00057869",2,0,2
"E00057871",2,1,1
"E00057872",5,3,2
"E00057873",4,2,2
"E00057874",0,0,0
"E00057875",6,3,3
"E00057876",2,1,1
"E00057877",2,2,0
"E00057878",2,1,1
"E00057879",1,1,0
"E00057880",1,1,0
"E00057881",4,3,1
"E00057882",0,0,0
"E00057883",4,1,3
"E00057884",9,4,5
"E00057885",3,1,2
"E00057887",7,4,3
"E00057888",0,0,0
"E00057889",0,0,0
"E00057891",3,2,1
"E00057892",0,0,0
"E00057893",2,0,2
"E00057894",2,0,2
"E00057895",1,0,1
"E00057896",3,1,2
"E00057897",0,0,0
"E00057898",0,0,0
"E00057899",0,0,0
"E00057900",1,1,0
"E00057901",2,2,0
"E00057902",2,1,1
"E00057903",0,0,0
"E00057904",1,0,1
"E00057905",2,0,2
"E00057906",0,0,0
"E00057907",0,0,0
"E00057908",4,4,0
"E00057909",1,1,0
"E00057911",0,0,0
"E00057913",4,2,2
"E00057914",0,0,0
"E00057916",1,1,0
"E00057917",0,0,0
"E00057918",1,1,0
"E00057919",1,0,1
"E00057920",3,1,2
"E00057921",1,0,1
"E00057922",0,0,0
"E00057923",1,1,0
"E00057924",0,0,0
"E00057925",0,0,0
"E00057926",2,0,2
"E00057927",0,0,0
"E00057928",1,0,1
"E00057929",0,0,0
"E00057932",3,1,2
"E00057933",0,0,0
"E00057934",0,0,0
"E00057935",1,0,1
"E00057936",0,0,0
"E00057937",4,3,1
"E00057938",0,0,0
"E00057939",3,1,2
"E00057940",10,2,8
"E00057941",7,5,2
"E00057942",2,1,1
"E00057943",0,0,0
"E00057944",1,1,0
"E00057945",1,1,0
"E00057946",1,1,0
"E00057947",0,0,0
"E00057949",1,0,1
"E00057950",1,1,0
"E00057951",2,1,1
"E00057952",0,0,0
"E00057955",6,1,5
"E00057956",3,1,2
"E00057957",0,0,0
"E00057959",0,0,0
"E00057960",3,2,1
"E00057961",2,0,2
"E00057962",3,1,2
"E00057963",1,1,0
"E00057965",4,2,2
"E00057966",1,0,1
"E00057967",1,0,1
"E00057968",0,0,0
"E00057969",2,1,1
"E00057970",4,3,1
"E00057971",8,3,5
"E00057972",7,3,4
"E00057973",7,2,5
"E00057974",4,1,3
"E00057975",6,4,2
"E00057976",0,0,0
"E00057977",10,5,5
"E00057978",6,5,1
"E00057979",4,2,2
"E00057980",8,6,2
"E00057981",5,1,4
"E00057982",6,1,5
"E00057983",4,2,2
"E00057984",12,7,5
"E00057985",6,4,2
"E00057986",0,0,0
"E00057987",0,0,0
"E00057988",8,3,5
"E00057989",1,0,1
"E00057990",6,2,4
"E00057991",3,1,2
"E00057992",2,2,0
"E00057993",3,2,1
"E00057994",5,4,1
"E00057995",3,1,2
"E00057996",15,4,11
"E00057997",1,1,0
"E00057998",0,0,0
"E00057999",11,3,8
"E00058000",1,1,0
"E00058001",8,3,5
"E00058002",2,1,1
"E00058003",0,0,0
"E00058004",6,2,4
"E00058005",0,0,0
"E00058006",2,0,2
"E00058007",10,4,6
"E00058008",1,0,1
"E00058009",10,6,4
"E00058010",7,3,4
"E00058011",4,2,2
"E00058012",6,5,1
"E00058013",10,5,5
"E00058014",3,2,1
"E00058015",3,2,1
"E00058016",8,5,3
"E00058017",6,3,3
"E00058018",1,0,1
"E00058019",7,2,5
"E00058020",10,9,1
"E00058021",4,0,4
"E00058022",0,0,0
"E00058023",7,4,3
"E00058024",4,3,1
"E00058025",2,1,1
"E00058026",4,3,1
"E00058027",4,2,2
"E00058028",7,4,3
"E00058029",3,0,3
"E00058030",9,4,5
"E00058031",3,3,0
"E00058032",5,4,1
"E00058033",8,4,4
"E00058034",4,2,2
"E00058036",6,4,2
"E00058037",6,2,4
"E00058038",5,3,2
"E00058039",3,2,1
"E00058040",3,1,2
"E00058041",8,3,5
"E00058042",1,0,1
"E00058043",4,2,2
"E00058044",2,0,2
"E00058045",1,0,1
"E00058047",2,1,1
"E00058048",2,2,0
"E00058049",0,0,0
"E00058050",0,0,0
"E00058051",0,0,0
"E00058052",0,0,0
"E00058053",0,0,0
"E00058054",4,1,3
"E00058055",1,1,0
"E00058056",4,1,3
"E00058057",6,1,5
"E00058058",3,0,3
"E00058059",2,0,2
"E00058060",2,1,1
"E00058061",3,1,2
"E00058062",5,3,2
"E00058063",5,2,3
"E00058064",3,2,1
"E00058065",0,0,0
"E00058066",1,1,0
"E00058067",3,1,2
"E00058068",3,3,0
"E00058069",5,4,1
"E00058070",3,2,1
"E00058071",2,0,2
"E00058072",5,1,4
"E00058073",0,0,0
"E00058074",1,1,0
"E00058075",1,0,1
"E00058076",1,1,0
"E00058077",2,1,1
"E00058078",2,2,0
"E00058079",7,4,3
"E00058080",4,2,2
"E00058081",1,1,0
"E00058082",3,3,0
"E00058083",2,1,1
"E00058084",3,2,1
"E00058086",0,0,0
"E00058087",2,1,1
"E00058088",5,3,2
"E00058089",3,2,1
"E00058090",2,1,1
"E00058091",1,1,0
"E00058092",4,3,1
"E00058093",4,2,2
"E00058094",1,0,1
"E00058095",5,3,2
"E00058096",0,0,0
"E00058097",0,0,0
"E00058098",1,0,1
"E00058099",9,4,5
"E00058100",0,0,0
"E00058101",5,4,1
"E00058102",4,1,3
"E00058103",3,2,1
"E00058104",0,0,0
"E00058105",0,0,0
"E00058106",0,0,0
"E00058107",3,3,0
"E00058108",3,0,3
"E00058109",1,1,0
"E00058110",6,3,3
"E00058111",1,1,0
"E00058112",2,1,1
"E00058113",1,1,0
"E00058114",2,1,1
"E00058115",2,2,0
"E00058116",3,1,2
"E00058117",4,4,0
"E00058118",0,0,0
"E00058119",0,0,0
"E00058120",2,0,2
"E00058121",2,0,2
"E00058122",1,0,1
"E00058123",0,0,0
"E00058124",0,0,0
"E00058125",0,0,0
"E00058126",0,0,0
"E00058127",0,0,0
"E00058128",6,3,3
"E00058129",1,1,0
"E00058130",4,0,4
"E00058131",7,3,4
"E00058132",3,0,3
"E00058133",11,9,2
"E00058134",2,1,1
"E00058135",1,0,1
"E00058136",7,3,4
"E00058137",0,0,0
"E00058138",1,0,1
"E00058139",2,0,2
"E00058140",2,0,2
"E00058141",0,0,0
"E00058142",2,1,1
"E00058143",12,6,6
"E00058144",0,0,0
"E00058145",4,1,3
"E00058146",9,3,6
"E00058147",0,0,0
"E00058148",1,1,0
"E00058149",2,2,0
"E00058150",1,1,0
"E00058151",1,1,0
"E00058152",2,0,2
"E00058153",1,0,1
"E00058154",1,0,1
"E00058155",0,0,0
"E00058156",4,3,1
"E00058157",4,2,2
"E00058158",1,1,0
"E00058159",1,0,1
"E00058160",6,3,3
"E00058161",6,3,3
"E00058162",5,3,2
"E00058163",6,3,3
"E00058164",1,0,1
"E00058165",3,1,2
"E00058166",1,0,1
"E00058167",1,0,1
"E00058168",4,2,2
"E00058169",0,0,0
"E00058170",1,0,1
"E00058171",3,1,2
"E00058172",18,9,9
"E00058173",2,1,1
"E00058174",4,2,2
"E00058175",2,2,0
"E00058177",1,1,0
"E00058178",0,0,0
"E00058179",5,4,1
"E00058180",1,0,1
"E00058181",4,2,2
"E00058182",2,1,1
"E00058183",6,5,1
"E00058184",0,0,0
"E00058185",0,0,0
"E00058186",3,0,3
"E00058187",0,0,0
"E00058188",1,0,1
"E00058189",1,0,1
"E00058190",0,0,0
"E00058191",3,0,3
"E00058192",0,0,0
"E00058193",1,0,1
"E00058194",4,1,3
"E00058195",0,0,0
"E00058196",0,0,0
"E00058197",3,2,1
"E00058199",0,0,0
"E00058200",2,0,2
"E00058201",0,0,0
"E00058202",0,0,0
"E00058204",0,0,0
"E00058205",0,0,0
"E00058206",0,0,0
"E00058207",3,1,2
"E00058208",2,2,0
"E00058209",1,0,1
"E00058210",7,7,0
"E00058211",1,1,0
"E00058212",1,0,1
"E00058213",2,2,0
"E00058214",5,0,5
"E00058215",5,2,3
"E00058216",0,0,0
"E00058217",3,1,2
"E00058218",2,0,2
"E00058219",3,1,2
"E00058220",2,1,1
"E00058221",1,0,1
"E00058222",5,0,5
"E00058223",4,3,1
"E00058224",2,2,0
"E00058225",10,5,5
"E00058226",0,0,0
"E00058227",1,1,0
"E00058228",7,4,3
"E00058229",4,2,2
"E00058230",3,0,3
"E00058231",4,4,0
"E00058232",2,1,1
"E00058233",7,2,5
"E00058234",15,4,11
"E00058235",8,3,5
"E00058236",9,7,2
"E00058237",9,5,4
"E00058238",15,9,6
"E00058239",7,5,2
"E00058240",18,8,10
"E00058241",7,2,5
"E00058242",5,2,3
"E00058243",2,1,1
"E00058244",9,6,3
"E00058245",0,0,0
"E00058246",11,8,3
"E00058247",10,4,6
"E00058248",2,1,1
"E00058249",7,3,4
"E00058250",3,2,1
"E00058251",5,4,1
"E00058252",4,2,2
"E00058253",2,1,1
"E00058254",0,0,0
"E00058255",5,4,1
"E00058256",4,1,3
"E00058257",2,0,2
"E00058258",2,1,1
"E00058259",0,0,0
"E00058260",0,0,0
"E00058261",1,0,1
"E00058262",1,0,1
"E00058263",1,1,0
"E00058264",6,5,1
"E00058265",0,0,0
"E00058266",3,1,2
"E00058267",10,3,7
"E00058268",6,4,2
"E00058269",5,3,2
"E00058270",11,6,5
"E00058271",4,2,2
"E00058272",1,1,0
"E00058273",0,0,0
"E00058274",9,2,7
"E00058275",19,9,10
"E00058276",0,0,0
"E00058277",3,2,1
"E00058278",6,3,3
"E00058279",1,0,1
"E00058280",1,0,1
"E00058281",2,2,0
"E00058282",9,7,2
"E00058283",7,5,2
"E00058284",9,6,3
"E00058285",0,0,0
"E00058286",0,0,0
"E00058287",16,5,11
"E00058288",6,3,3
"E00058289",6,2,4
"E00058290",5,4,1
"E00058291",1,1,0
"E00058292",8,5,3
"E00058293",0,0,0
"E00058294",3,3,0
"E00058295",9,3,6
"E00058296",12,8,4
"E00058297",14,3,11
"E00058298",9,7,2
"E00058299",8,6,2
"E00058300",3,3,0
"E00058301",2,0,2
"E00058302",6,5,1
"E00058303",15,10,5
"E00058304",3,1,2
"E00058305",0,0,0
"E00058306",4,3,1
"E00058307",4,1,3
"E00058308",11,7,4
"E00058309",1,0,1
"E00058310",4,2,2
"E00058311",8,2,6
"E00058312",9,3,6
"E00058313",5,1,4
"E00058314",7,4,3
"E00058315",8,5,3
"E00058317",2,1,1
"E00058318",0,0,0
"E00058319",7,3,4
"E00058320",11,7,4
"E00058321",11,7,4
"E00058322",3,1,2
"E00058323",4,2,2
"E00058325",4,2,2
"E00058326",13,6,7
"E00058327",10,5,5
"E00058328",6,2,4
"E00058329",0,0,0
"E00058330",8,3,5
"E00058331",14,9,5
"E00058332",1,1,0
"E00058333",7,4,3
"E00058334",3,3,0
"E00058335",4,2,2
"E00058336",6,2,4
"E00058337",0,0,0
"E00058338",1,0,1
"E00058339",1,0,1
"E00058340",11,7,4
"E00058341",5,2,3
"E00058342",0,0,0
"E00058343",3,2,1
"E00058344",14,5,9
"E00058345",2,0,2
"E00058346",1,1,0
"E00058347",5,2,3
"E00058348",7,4,3
"E00058349",6,5,1
"E00058350",5,2,3
"E00058351",5,2,3
"E00058352",1,0,1
"E00058353",0,0,0
"E00058354",3,3,0
"E00058355",7,5,2
"E00058356",6,3,3
"E00058357",0,0,0
"E00058358",4,1,3
"E00058359",4,2,2
"E00058360",4,4,0
"E00058361",6,2,4
"E00058362",9,2,7
"E00058363",10,4,6
"E00058364",9,5,4
"E00058365",2,2,0
"E00058366",5,2,3
"E00058367",7,4,3
"E00058368",10,6,4
"E00058369",5,1,4
"E00058370",0,0,0
"E00058371",4,2,2
"E00058372",4,3,1
"E00058373",3,2,1
"E00058374",3,1,2
"E00058375",2,1,1
"E00058376",7,5,2
"E00058377",0,0,0
"E00058378",3,1,2
"E00058379",0,0,0
"E00058380",1,0,1
"E00058381",7,3,4
"E00058382",1,0,1
"E00058383",16,7,9
"E00058384",6,4,2
"E00058385",2,1,1
"E00058386",12,9,3
"E00058387",1,1,0
"E00058388",4,1,3
"E00058389",2,1,1
"E00058390",3,1,2
"E00058391",9,5,4
"E00058392",0,0,0
"E00058393",1,1,0
"E00058394",0,0,0
"E00058395",5,1,4
"E00058396",9,1,8
"E00058397",3,1,2
"E00058398",4,1,3
"E00058399",1,0,1
"E00058400",5,1,4
"E00058401",1,0,1
"E00058402",4,3,1
"E00058403",6,2,4
"E00058404",1,0,1
"E00058405",1,0,1
"E00058406",2,1,1
"E00058407",8,4,4
"E00058408",2,0,2
"E00058409",9,5,4
"E00058410",2,0,2
"E00058411",1,0,1
"E00058412",3,1,2
"E00058413",0,0,0
"E00058414",2,0,2
"E00058415",4,2,2
"E00058416",6,5,1
"E00058417",3,2,1
"E00058418",4,3,1
"E00058419",1,0,1
"E00058420",1,0,1
"E00058421",3,2,1
"E00058422",0,0,0
"E00058423",0,0,0
"E00058424",1,0,1
"E00058425",2,2,0
"E00058426",1,1,0
"E00058427",5,4,1
"E00058428",3,1,2
"E00058429",2,1,1
"E00058430",2,1,1
"E00058431",0,0,0
"E00058432",0,0,0
"E00058433",1,1,0
"E00058434",2,2,0
"E00058435",3,1,2
"E00058436",0,0,0
"E00058437",1,0,1
"E00058438",4,0,4
"E00058439",1,1,0
"E00058440",2,2,0
"E00058441",3,3,0
"E00058442",2,1,1
"E00058443",0,0,0
"E00058444",4,4,0
"E00058445",1,0,1
"E00058446",2,2,0
"E00058447",7,6,1
"E00058448",4,0,4
"E00058449",6,4,2
"E00058450",4,2,2
"E00058451",1,1,0
"E00058452",1,1,0
"E00058453",0,0,0
"E00058454",5,2,3
"E00058455",3,1,2
"E00058456",3,3,0
"E00058457",4,2,2
"E00058458",11,5,6
"E00058459",1,1,0
"E00058460",0,0,0
"E00058461",4,2,2
"E00058462",1,1,0
"E00058463",0,0,0
"E00058464",6,4,2
"E00058465",5,2,3
"E00058466",0,0,0
"E00058467",0,0,0
"E00058468",0,0,0
"E00058469",4,0,4
"E00058470",4,1,3
"E00058471",0,0,0
"E00058472",7,5,2
"E00058473",0,0,0
"E00058474",0,0,0
"E00058475",1,0,1
"E00058476",2,1,1
"E00058477",0,0,0
"E00058478",5,0,5
"E00058479",1,1,0
"E00058480",0,0,0
"E00058481",3,2,1
"E00058482",4,3,1
"E00058484",2,1,1
"E00058485",2,1,1
"E00058486",2,1,1
"E00058487",1,1,0
"E00058488",7,2,5
"E00058489",3,1,2
"E00058490",1,0,1
"E00058491",2,1,1
"E00058492",0,0,0
"E00058493",0,0,0
"E00058494",1,1,0
"E00058495",4,2,2
"E00058496",1,1,0
"E00058497",1,0,1
"E00058498",8,4,4
"E00058499",7,3,4
"E00058500",0,0,0
"E00058501",0,0,0
"E00058502",3,1,2
"E00058503",7,3,4
"E00058504",6,3,3
"E00058505",5,1,4
"E00058506",0,0,0
"E00058507",5,2,3
"E00058508",8,5,3
"E00058509",1,1,0
"E00058510",0,0,0
"E00058511",1,0,1
"E00058512",3,0,3
"E00058513",0,0,0
"E00058514",2,0,2
"E00058515",0,0,0
"E00058516",1,1,0
"E00058517",3,2,1
"E00058518",0,0,0
"E00058519",0,0,0
"E00058520",0,0,0
"E00058521",0,0,0
"E00058522",0,0,0
"E00058523",6,5,1
"E00058524",1,0,1
"E00058525",0,0,0
"E00058526",3,2,1
"E00058527",7,5,2
"E00058528",1,1,0
"E00058529",5,3,2
"E00058530",1,1,0
"E00058531",1,0,1
"E00058532",1,0,1
"E00058533",4,2,2
"E00058534",0,0,0
"E00058535",1,1,0
"E00058536",2,1,1
"E00058537",4,1,3
"E00058538",2,1,1
"E00058539",3,3,0
"E00058540",1,0,1
"E00058541",1,0,1
"E00058543",1,0,1
"E00058544",3,1,2
"E00058545",0,0,0
"E00058546",0,0,0
"E00058547",2,2,0
"E00058548",4,2,2
"E00058549",0,0,0
"E00058550",0,0,0
"E00058551",0,0,0
"E00058552",4,3,1
"E00058554",0,0,0
"E00058555",2,1,1
"E00058556",0,0,0
"E00058557",3,1,2
"E00058558",1,1,0
"E00058559",0,0,0
"E00058561",0,0,0
"E00058562",3,2,1
"E00058563",0,0,0
"E00058564",1,1,0
"E00058565",1,0,1
"E00058566",1,1,0
"E00058567",1,1,0
"E00058568",0,0,0
"E00058571",5,1,4
"E00058572",8,1,7
"E00058573",0,0,0
"E00058574",1,0,1
"E00058575",1,1,0
"E00058576",1,0,1
"E00058577",0,0,0
"E00058578",0,0,0
"E00058579",1,0,1
"E00058580",2,2,0
"E00058581",1,1,0
"E00058583",0,0,0
"E00058585",3,2,1
"E00058586",1,0,1
"E00058587",1,0,1
"E00058588",0,0,0
"E00058589",1,0,1
"E00058590",1,1,0
"E00058591",0,0,0
"E00058592",2,1,1
"E00058593",5,4,1
"E00058594",2,2,0
"E00058595",0,0,0
"E00058596",0,0,0
"E00058597",1,0,1
"E00058598",1,1,0
"E00058599",3,1,2
"E00058600",1,0,1
"E00058601",3,1,2
"E00058602",1,1,0
"E00058603",3,1,2
"E00058604",0,0,0
"E00058605",4,3,1
"E00058606",4,2,2
"E00058607",4,2,2
"E00058608",1,1,0
"E00058609",8,3,5
"E00058610",4,1,3
"E00058611",1,1,0
"E00058612",0,0,0
"E00058613",6,2,4
"E00058614",1,0,1
"E00058616",5,3,2
"E00058618",3,0,3
"E00058619",0,0,0
"E00058620",1,0,1
"E00058621",0,0,0
"E00058622",3,2,1
"E00058623",1,1,0
"E00058624",8,3,5
"E00058625",3,0,3
"E00058626",9,4,5
"E00058627",0,0,0
"E00058628",8,2,6
"E00058629",0,0,0
"E00058630",5,3,2
"E00058631",1,1,0
"E00058632",0,0,0
"E00058633",2,0,2
"E00058634",1,1,0
"E00058635",2,1,1
"E00058636",2,0,2
"E00058637",1,1,0
"E00058638",3,2,1
"E00058639",6,3,3
"E00058640",2,2,0
"E00058641",5,4,1
"E00058642",5,2,3
"E00058643",3,3,0
"E00058644",1,1,0
"E00058646",2,0,2
"E00058647",4,2,2
"E00058648",2,1,1
"E00058649",0,0,0
"E00058650",1,1,0
"E00058651",4,3,1
"E00058652",3,1,2
"E00058653",2,1,1
"E00058654",1,0,1
"E00058655",2,2,0
"E00058656",2,2,0
"E00058657",2,0,2
"E00058658",3,3,0
"E00058659",1,0,1
"E00058660",0,0,0
"E00058661",4,1,3
"E00058662",1,1,0
"E00058663",1,0,1
"E00058664",2,1,1
"E00058665",2,1,1
"E00058666",4,2,2
"E00058667",0,0,0
"E00058668",5,1,4
"E00058669",0,0,0
"E00058670",5,3,2
"E00058671",5,3,2
"E00058672",15,9,6
"E00058673",9,4,5
"E00058674",3,2,1
"E00058675",2,2,0
"E00058676",5,1,4
"E00058677",5,3,2
"E00058678",3,1,2
"E00058679",5,2,3
"E00058680",6,1,5
"E00058681",5,2,3
"E00058682",10,6,4
"E00058683",0,0,0
"E00058684",1,1,0
"E00058685",2,1,1
"E00058686",12,9,3
"E00058687",5,5,0
"E00058688",7,2,5
"E00058689",13,6,7
"E00058690",9,4,5
"E00058691",11,6,5
"E00058692",12,6,6
"E00058693",16,6,10
"E00058694",4,2,2
"E00058695",9,4,5
"E00058696",1,1,0
"E00058697",6,5,1
"E00058698",14,7,7
"E00058699",8,2,6
"E00058700",7,3,4
"E00058701",4,2,2
"E00058702",3,0,3
"E00058703",5,4,1
"E00058704",2,1,1
"E00058705",0,0,0
"E00058706",4,2,2
"E00058707",0,0,0
"E00058708",10,5,5
"E00058709",11,4,7
"E00058710",7,4,3
"E00058711",3,1,2
"E00058712",7,4,3
"E00058713",6,1,5
"E00058714",9,4,5
"E00058715",1,1,0
"E00058716",3,0,3
"E00058717",0,0,0
"E00058718",7,3,4
"E00058719",11,5,6
"E00058720",0,0,0
"E00058721",10,8,2
"E00058722",5,1,4
"E00058723",2,1,1
"E00058724",8,5,3
"E00058725",10,6,4
"E00058726",2,1,1
"E00058727",11,5,6
"E00058728",0,0,0
"E00058729",11,4,7
"E00058730",7,4,3
"E00058731",13,5,8
"E00058732",13,7,6
"E00058733",10,2,8
"E00058734",16,7,9
"E00058735",6,4,2
"E00058736",12,7,5
"E00058737",3,1,2
"E00058738",6,2,4
"E00058739",3,2,1
"E00058740",6,3,3
"E00058741",0,0,0
"E00058742",5,4,1
"E00058743",2,2,0
"E00058744",1,1,0
"E00058745",1,1,0
"E00058746",2,1,1
"E00058747",0,0,0
"E00058748",3,2,1
"E00058749",1,0,1
"E00058750",3,1,2
"E00058751",0,0,0
"E00058752",1,1,0
"E00058753",3,1,2
"E00058754",0,0,0
"E00058755",4,1,3
"E00058756",4,1,3
"E00058757",3,2,1
"E00058759",0,0,0
"E00058760",1,1,0
"E00058761",0,0,0
"E00058762",2,1,1
"E00058764",0,0,0
"E00058765",2,1,1
"E00058766",0,0,0
"E00058767",4,3,1
"E00058768",1,0,1
"E00058769",5,2,3
"E00058770",2,2,0
"E00058771",4,1,3
"E00058772",2,0,2
"E00058773",6,3,3
"E00058774",0,0,0
"E00058775",3,1,2
"E00058776",4,1,3
"E00058777",2,2,0
"E00058778",3,1,2
"E00058779",1,0,1
"E00058780",5,4,1
"E00058781",1,1,0
"E00058782",2,0,2
"E00058783",5,2,3
"E00058784",0,0,0
"E00058785",0,0,0
"E00058786",0,0,0
"E00058787",0,0,0
"E00058788",0,0,0
"E00058789",1,1,0
"E00058790",0,0,0
"E00058791",1,0,1
"E00058792",2,0,2
"E00058793",1,0,1
"E00058794",0,0,0
"E00058795",7,3,4
"E00058796",0,0,0
"E00058797",1,1,0
"E00058798",1,0,1
"E00058799",0,0,0
"E00058800",1,1,0
"E00058801",2,1,1
"E00058802",2,1,1
"E00058803",1,1,0
"E00058805",1,1,0
"E00058806",0,0,0
"E00058807",2,2,0
"E00058808",3,2,1
"E00058809",2,0,2
"E00058810",4,2,2
"E00058811",1,1,0
"E00058812",2,2,0
"E00058813",2,0,2
"E00058814",1,1,0
"E00058815",3,0,3
"E00058816",3,0,3
"E00058817",1,0,1
"E00058818",5,1,4
"E00058821",5,4,1
"E00058823",1,0,1
"E00058826",3,3,0
"E00058827",3,1,2
"E00058828",0,0,0
"E00058829",0,0,0
"E00058830",0,0,0
"E00058831",1,0,1
"E00058832",10,7,3
"E00058833",3,1,2
"E00058834",4,2,2
"E00058836",0,0,0
"E00058837",0,0,0
"E00058838",1,1,0
"E00058839",0,0,0
"E00058840",2,1,1
"E00058842",6,3,3
"E00058843",4,1,3
"E00058844",7,3,4
"E00058847",2,1,1
"E00058849",1,0,1
"E00058850",0,0,0
"E00058851",0,0,0
"E00058852",0,0,0
"E00058853",0,0,0
"E00058854",2,1,1
"E00058855",5,1,4
"E00058856",6,2,4
"E00058858",2,2,0
"E00058859",2,0,2
"E00058861",1,0,1
"E00058862",1,1,0
"E00058864",2,2,0
"E00058865",0,0,0
"E00058866",27,18,9
"E00058867",1,1,0
"E00058869",0,0,0
"E00058870",0,0,0
"E00058871",0,0,0
"E00058872",3,2,1
"E00058873",0,0,0
"E00058874",1,1,0
"E00058875",1,1,0
"E00058876",0,0,0
"E00058877",2,1,1
"E00058878",0,0,0
"E00058879",2,1,1
"E00058880",1,1,0
"E00058881",8,4,4
"E00058884",3,1,2
"E00058885",1,1,0
"E00058887",0,0,0
"E00058889",6,4,2
"E00058890",6,3,3
"E00058891",6,2,4
"E00058892",4,2,2
"E00058893",2,2,0
"E00058894",3,0,3
"E00058895",8,4,4
"E00058896",1,0,1
"E00058897",8,3,5
"E00058898",9,4,5
"E00058899",34,17,17
"E00058900",0,0,0
"E00058902",17,8,9
"E00058903",1,0,1
"E00058904",3,2,1
"E00058905",4,1,3
"E00058906",3,2,1
"E00058907",2,2,0
"E00058909",0,0,0
"E00058910",9,4,5
"E00058911",9,3,6
"E00058912",3,1,2
"E00058913",4,1,3
"E00058914",4,3,1
"E00058915",13,8,5
"E00058917",4,1,3
"E00058918",0,0,0
"E00058919",10,1,9
"E00058920",0,0,0
"E00058921",3,0,3
"E00058922",0,0,0
"E00058923",1,0,1
"E00058924",8,6,2
"E00058925",1,1,0
"E00058926",3,3,0
"E00058927",2,1,1
"E00058928",3,0,3
"E00058929",7,3,4
"E00058930",1,0,1
"E00058931",1,0,1
"E00058932",1,0,1
"E00058933",5,3,2
"E00058934",4,2,2
"E00058935",0,0,0
"E00058936",6,1,5
"E00058937",0,0,0
"E00058938",3,2,1
"E00058939",0,0,0
"E00058940",3,3,0
"E00058941",0,0,0
"E00058942",1,1,0
"E00058943",3,2,1
"E00058944",11,6,5
"E00058945",8,6,2
"E00058947",0,0,0
"E00058948",3,2,1
"E00058949",0,0,0
"E00058950",1,0,1
"E00058951",4,3,1
"E00058952",0,0,0
"E00058953",3,1,2
"E00058954",2,1,1
"E00058955",4,2,2
"E00058956",2,1,1
"E00058957",11,8,3
"E00058958",0,0,0
"E00058959",3,2,1
"E00058960",1,1,0
"E00058961",10,6,4
"E00058962",8,4,4
"E00058963",5,2,3
"E00058964",16,7,9
"E00058965",4,1,3
"E00058966",5,2,3
"E00058967",7,2,5
"E00058968",7,4,3
"E00058969",4,2,2
"E00058970",1,0,1
"E00058971",8,4,4
"E00058972",5,5,0
"E00058973",13,6,7
"E00058974",4,2,2
"E00058975",1,0,1
"E00058976",3,1,2
"E00058977",2,2,0
"E00058978",4,2,2
"E00058979",2,1,1
"E00058980",6,4,2
"E00058981",14,6,8
"E00058982",8,4,4
"E00058983",5,5,0
"E00058984",8,4,4
"E00058985",8,4,4
"E00058986",17,12,5
"E00058987",1,1,0
"E00058988",2,1,1
"E00058989",12,5,7
"E00058990",5,4,1
"E00058991",4,0,4
"E00058992",7,6,1
"E00058993",2,1,1
"E00058994",10,7,3
"E00058995",9,3,6
"E00058996",3,2,1
"E00058997",5,1,4
"E00058998",12,6,6
"E00058999",8,1,7
"E00059000",7,4,3
"E00059001",6,2,4
"E00059002",9,4,5
"E00059003",4,2,2
"E00059004",7,3,4
"E00059005",17,9,8
"E00059006",18,9,9
"E00059007",8,2,6
"E00059008",10,4,6
"E00059010",3,3,0
"E00059011",3,1,2
"E00059012",8,5,3
"E00059013",1,1,0
"E00059014",9,3,6
"E00059015",12,8,4
"E00059016",9,6,3
"E00059017",0,0,0
"E00059018",2,1,1
"E00059019",1,0,1
"E00059020",6,2,4
"E00059021",6,3,3
"E00059022",5,1,4
"E00059023",3,1,2
"E00059024",5,1,4
"E00059025",7,2,5
"E00059026",6,4,2
"E00059027",0,0,0
"E00059028",5,3,2
"E00059029",7,4,3
"E00059030",12,3,9
"E00059031",12,7,5
"E00059032",6,6,0
"E00059033",3,2,1
"E00059034",9,4,5
"E00059035",0,0,0
"E00059036",4,0,4
"E00059037",2,1,1
"E00059038",12,5,7
"E00059039",10,3,7
"E00059040",2,1,1
"E00059041",4,3,1
"E00059042",5,2,3
"E00059043",5,4,1
"E00059044",3,0,3
"E00059045",15,9,6
"E00059047",0,0,0
"E00059048",0,0,0
"E00059049",0,0,0
"E00059050",0,0,0
"E00059051",1,1,0
"E00059052",4,4,0
"E00059053",2,2,0
"E00059054",10,8,2
"E00059055",1,1,0
"E00059056",0,0,0
"E00059057",10,4,6
"E00059058",0,0,0
"E00059059",7,3,4
"E00059060",3,0,3
"E00059061",0,0,0
"E00059062",1,1,0
"E00059063",2,2,0
"E00059064",2,2,0
"E00059065",5,3,2
"E00059066",1,1,0
"E00059067",0,0,0
"E00059068",0,0,0
"E00059069",0,0,0
"E00059070",6,4,2
"E00059071",1,1,0
"E00059072",1,1,0
"E00059073",1,0,1
"E00059074",1,0,1
"E00059075",1,0,1
"E00059076",1,1,0
"E00059077",1,0,1
"E00059078",0,0,0
"E00059079",0,0,0
"E00059080",3,3,0
"E00059081",2,0,2
"E00059082",5,3,2
"E00059083",0,0,0
"E00059084",0,0,0
"E00059085",0,0,0
"E00059086",1,0,1
"E00059087",1,1,0
"E00059088",1,1,0
"E00059089",1,0,1
"E00059090",1,1,0
"E00059091",2,1,1
"E00059092",1,1,0
"E00059093",0,0,0
"E00059094",1,0,1
"E00059095",1,0,1
"E00059096",3,3,0
"E00059097",5,1,4
"E00059098",5,3,2
"E00059099",2,0,2
"E00059100",3,1,2
"E00059101",1,0,1
"E00059102",6,1,5
"E00059103",4,1,3
"E00059104",3,0,3
"E00059105",4,2,2
"E00059106",3,1,2
"E00059107",2,1,1
"E00059108",3,1,2
"E00059109",1,0,1
"E00059110",1,0,1
"E00059111",3,1,2
"E00059112",0,0,0
"E00059113",3,2,1
"E00059114",3,1,2
"E00059115",4,1,3
"E00059116",3,2,1
"E00059117",0,0,0
"E00059118",3,1,2
"E00059119",0,0,0
"E00059120",1,0,1
"E00059121",3,2,1
"E00059122",4,2,2
"E00059123",1,1,0
"E00059124",0,0,0
"E00059125",0,0,0
"E00059126",2,1,1
"E00059127",0,0,0
"E00059128",0,0,0
"E00059129",1,0,1
"E00059130",1,0,1
"E00059131",1,0,1
"E00059132",2,0,2
"E00059133",4,1,3
"E00059134",2,1,1
"E00059135",0,0,0
"E00059136",0,0,0
"E00059137",4,1,3
"E00059138",2,1,1
"E00059139",3,2,1
"E00059140",1,0,1
"E00059141",3,1,2
"E00059142",0,0,0
"E00059143",0,0,0
"E00059144",1,1,0
"E00059146",2,1,1
"E00059147",0,0,0
"E00059148",3,2,1
"E00059149",0,0,0
"E00059150",0,0,0
"E00059151",1,0,1
"E00059152",5,2,3
"E00059153",1,1,0
"E00059154",3,2,1
"E00059155",0,0,0
"E00059156",2,1,1
"E00059157",0,0,0
"E00059158",0,0,0
"E00059159",0,0,0
"E00059160",0,0,0
"E00059161",2,2,0
"E00059163",2,1,1
"E00059164",2,1,1
"E00059165",3,2,1
"E00059166",3,2,1
"E00059167",0,0,0
"E00059168",2,1,1
"E00059169",3,2,1
"E00059170",0,0,0
"E00059171",0,0,0
"E00059172",0,0,0
"E00059173",0,0,0
"E00059174",3,1,2
"E00059175",0,0,0
"E00059176",0,0,0
"E00059177",3,0,3
"E00059178",2,1,1
"E00059179",1,0,1
"E00059180",3,1,2
"E00059181",1,1,0
"E00059182",1,0,1
"E00059183",0,0,0
"E00059184",0,0,0
"E00059185",0,0,0
"E00059186",3,2,1
"E00059187",1,0,1
"E00059188",4,1,3
"E00059189",2,1,1
"E00059190",2,1,1
"E00059191",1,0,1
"E00059192",1,0,1
"E00059193",4,2,2
"E00059194",0,0,0
"E00059195",0,0,0
"E00059196",1,0,1
"E00059197",3,1,2
"E00059198",0,0,0
"E00059199",4,1,3
"E00059200",0,0,0
"E00059201",2,2,0
"E00059202",1,1,0
"E00059203",0,0,0
"E00059204",5,1,4
"E00059205",1,0,1
"E00059206",0,0,0
"E00059207",2,2,0
"E00059208",0,0,0
"E00059209",2,1,1
"E00059210",0,0,0
"E00059211",1,1,0
"E00059212",1,1,0
"E00059213",1,0,1
"E00059214",2,2,0
"E00059215",3,0,3
"E00059216",3,0,3
"E00059217",3,2,1
"E00059218",1,0,1
"E00059219",0,0,0
"E00059220",0,0,0
"E00059221",1,1,0
"E00059222",2,2,0
"E00059223",1,1,0
"E00059224",4,2,2
"E00059225",2,2,0
"E00059226",7,4,3
"E00059227",2,1,1
"E00059228",6,1,5
"E00059229",1,1,0
"E00059230",5,3,2
"E00059231",5,2,3
"E00059232",4,0,4
"E00059233",3,2,1
"E00059234",1,1,0
"E00059235",1,0,1
"E00059236",1,0,1
"E00059237",10,4,6
"E00059238",2,2,0
"E00059239",1,0,1
"E00059240",1,0,1
"E00059241",1,1,0
"E00059242",0,0,0
"E00059243",3,2,1
"E00059244",0,0,0
"E00059245",1,0,1
"E00059246",11,4,7
"E00059247",2,1,1
"E00059248",4,2,2
"E00059249",0,0,0
"E00059250",0,0,0
"E00059251",4,1,3
"E00059252",7,3,4
"E00059253",0,0,0
"E00059254",6,4,2
"E00059255",5,1,4
"E00059256",6,4,2
"E00059257",1,1,0
"E00059258",0,0,0
"E00059259",2,2,0
"E00059260",0,0,0
"E00059261",2,0,2
"E00059262",3,1,2
"E00059263",6,2,4
"E00059264",0,0,0
"E00059265",5,4,1
"E00059267",0,0,0
"E00059268",2,2,0
"E00059269",2,1,1
"E00059270",0,0,0
"E00059271",1,1,0
"E00059272",1,1,0
"E00059273",1,0,1
"E00059274",1,1,0
"E00059275",3,1,2
"E00059276",2,1,1
"E00059277",6,1,5
"E00059278",4,0,4
"E00059279",0,0,0
"E00059280",0,0,0
"E00059281",5,3,2
"E00059282",0,0,0
"E00059283",0,0,0
"E00059284",2,1,1
"E00059285",2,1,1
"E00059286",1,1,0
"E00059287",4,2,2
"E00059288",4,0,4
"E00059289",3,1,2
"E00059290",0,0,0
"E00059291",0,0,0
"E00059292",9,4,5
"E00059293",3,1,2
"E00059294",2,0,2
"E00059295",0,0,0
"E00059296",0,0,0
"E00059297",0,0,0
"E00059298",2,0,2
"E00059299",0,0,0
"E00059300",0,0,0
"E00059301",0,0,0
"E00059302",2,0,2
"E00059303",1,0,1
"E00059304",7,4,3
"E00059305",1,0,1
"E00059306",1,1,0
"E00059307",1,0,1
"E00059308",1,1,0
"E00059309",2,2,0
"E00059310",1,1,0
"E00059311",5,2,3
"E00059312",2,0,2
"E00059313",2,1,1
"E00059314",0,0,0
"E00059315",0,0,0
"E00059316",2,1,1
"E00059317",1,1,0
"E00059318",3,1,2
"E00059319",0,0,0
"E00059320",4,1,3
"E00059321",1,1,0
"E00059322",3,2,1
"E00059323",13,5,8
"E00059324",11,5,6
"E00059325",7,1,6
"E00059326",1,0,1
"E00059327",4,4,0
"E00059328",1,0,1
"E00059329",0,0,0
"E00059330",3,1,2
"E00059331",5,2,3
"E00059332",1,0,1
"E00059333",4,2,2
"E00059334",6,3,3
"E00059335",3,2,1
"E00059336",6,0,6
"E00059337",0,0,0
"E00059338",4,2,2
"E00059339",1,1,0
"E00059340",3,1,2
"E00059341",1,0,1
"E00059342",12,5,7
"E00059343",3,2,1
"E00059344",6,3,3
"E00059345",1,1,0
"E00059346",2,1,1
"E00059347",6,2,4
"E00059348",2,1,1
"E00059349",6,3,3
"E00059350",1,1,0
"E00059351",3,1,2
"E00059352",2,1,1
"E00059353",0,0,0
"E00059354",1,1,0
"E00059355",4,2,2
"E00059356",3,2,1
"E00059357",2,2,0
"E00059358",5,3,2
"E00059359",1,0,1
"E00059360",3,2,1
"E00059361",1,1,0
"E00059362",3,2,1
"E00059363",0,0,0
"E00059364",6,1,5
"E00059365",4,3,1
"E00059366",1,1,0
"E00059367",2,0,2
"E00059368",1,0,1
"E00059369",2,0,2
"E00059370",1,0,1
"E00059371",2,2,0
"E00059372",0,0,0
"E00059373",5,3,2
"E00059374",1,0,1
"E00059375",3,0,3
"E00059376",1,1,0
"E00059377",1,0,1
"E00059378",1,0,1
"E00059379",4,1,3
"E00059380",0,0,0
"E00059381",0,0,0
"E00059382",0,0,0
"E00059383",1,0,1
"E00059384",2,2,0
"E00059385",1,0,1
"E00059386",1,1,0
"E00059387",2,1,1
"E00059388",5,3,2
"E00059389",1,1,0
"E00059390",0,0,0
"E00059391",2,1,1
"E00059392",0,0,0
"E00059393",3,1,2
"E00059394",0,0,0
"E00059395",1,0,1
"E00059396",0,0,0
"E00059398",2,1,1
"E00059399",2,0,2
"E00059400",0,0,0
"E00059401",0,0,0
"E00059402",2,2,0
"E00059403",0,0,0
"E00059404",0,0,0
"E00059405",1,1,0
"E00059406",2,1,1
"E00059407",4,1,3
"E00059409",0,0,0
"E00059410",0,0,0
"E00059412",4,3,1
"E00059413",4,2,2
"E00059414",0,0,0
"E00059415",4,2,2
"E00059416",2,2,0
"E00059417",6,4,2
"E00059418",1,1,0
"E00059419",1,0,1
"E00059420",3,0,3
"E00059421",2,1,1
"E00059422",4,2,2
"E00059423",1,0,1
"E00059424",1,1,0
"E00059425",6,3,3
"E00059426",3,3,0
"E00059427",1,0,1
"E00059428",1,0,1
"E00059429",0,0,0
"E00059430",1,0,1
"E00059431",0,0,0
"E00059432",1,1,0
"E00059433",3,0,3
"E00059434",7,4,3
"E00059435",1,1,0
"E00059436",0,0,0
"E00059437",1,0,1
"E00059438",6,5,1
"E00059439",2,1,1
"E00059440",2,0,2
"E00059441",0,0,0
"E00059442",0,0,0
"E00059445",0,0,0
"E00059446",1,1,0
"E00059447",8,2,6
"E00059448",1,1,0
"E00059449",3,1,2
"E00059450",2,0,2
"E00059451",1,1,0
"E00059452",2,1,1
"E00059453",3,1,2
"E00059454",0,0,0
"E00059455",0,0,0
"E00059456",1,0,1
"E00059457",1,0,1
"E00059458",1,1,0
"E00059459",0,0,0
"E00059460",0,0,0
"E00059461",1,0,1
"E00059462",1,0,1
"E00059463",0,0,0
"E00059464",3,0,3
"E00059465",6,2,4
"E00059466",0,0,0
"E00059467",9,5,4
"E00059468",5,2,3
"E00059469",3,2,1
"E00059470",1,1,0
"E00059471",3,1,2
"E00059472",1,1,0
"E00059473",0,0,0
"E00059474",0,0,0
"E00059475",4,0,4
"E00059476",3,2,1
"E00059477",5,2,3
"E00059478",2,0,2
"E00059479",1,1,0
"E00059480",0,0,0
"E00059481",1,0,1
"E00059482",5,1,4
"E00059483",2,1,1
"E00059484",11,5,6
"E00059485",1,0,1
"E00059486",2,1,1
"E00059487",1,0,1
"E00059488",4,4,0
"E00059489",1,1,0
"E00059490",2,0,2
"E00059491",2,1,1
"E00059492",2,1,1
"E00059493",2,0,2
"E00059494",3,1,2
"E00059495",0,0,0
"E00059496",4,4,0
"E00059497",0,0,0
"E00059498",5,2,3
"E00059499",2,2,0
"E00059500",2,2,0
"E00059501",1,1,0
"E00059502",6,1,5
"E00059503",0,0,0
"E00059504",1,0,1
"E00059505",1,0,1
"E00059506",5,2,3
"E00059507",2,1,1
"E00059508",3,0,3
"E00059509",0,0,0
"E00059510",3,1,2
"E00059511",1,1,0
"E00059512",2,1,1
"E00059513",1,0,1
"E00059514",1,0,1
"E00059515",2,1,1
"E00059516",1,1,0
"E00059517",7,4,3
"E00059518",5,2,3
"E00059519",0,0,0
"E00059520",0,0,0
"E00059521",0,0,0
"E00059522",1,0,1
"E00059523",0,0,0
"E00059524",2,2,0
"E00059525",3,1,2
"E00059526",2,0,2
"E00059527",6,4,2
"E00059528",1,0,1
"E00059529",3,2,1
"E00059530",2,1,1
"E00059531",7,2,5
"E00059532",2,2,0
"E00059533",3,0,3
"E00059534",0,0,0
"E00059535",1,0,1
"E00059536",1,0,1
"E00059537",3,1,2
"E00059538",3,1,2
"E00059539",0,0,0
"E00059540",0,0,0
"E00059541",0,0,0
"E00059542",0,0,0
"E00059543",0,0,0
"E00059544",1,1,0
"E00059545",0,0,0
"E00059546",1,0,1
"E00059547",2,0,2
"E00059548",0,0,0
"E00059549",0,0,0
"E00059550",3,1,2
"E00059551",0,0,0
"E00059552",2,1,1
"E00059553",0,0,0
"E00059554",0,0,0
"E00059555",1,1,0
"E00059556",3,1,2
"E00059557",1,0,1
"E00059558",1,1,0
"E00059559",0,0,0
"E00059560",0,0,0
"E00059561",0,0,0
"E00059562",3,2,1
"E00059563",1,1,0
"E00059564",1,0,1
"E00059565",0,0,0
"E00059566",0,0,0
"E00059567",3,2,1
"E00059568",2,2,0
"E00059569",0,0,0
"E00059570",1,1,0
"E00059571",2,0,2
"E00059572",2,0,2
"E00059573",1,1,0
"E00059574",1,0,1
"E00059575",0,0,0
"E00059576",0,0,0
"E00059577",2,1,1
"E00059578",3,1,2
"E00059579",1,1,0
"E00059580",0,0,0
"E00059581",0,0,0
"E00059582",2,0,2
"E00059583",2,0,2
"E00059584",3,2,1
"E00059585",1,1,0
"E00059586",1,0,1
"E00059587",6,4,2
"E00059588",4,3,1
"E00059589",1,0,1
"E00059590",1,1,0
"E00059591",2,1,1
"E00059592",6,2,4
"E00059593",1,0,1
"E00059594",3,1,2
"E00059595",2,1,1
"E00059596",2,1,1
"E00059597",1,1,0
"E00059598",0,0,0
"E00059599",2,1,1
"E00059600",0,0,0
"E00059601",2,1,1
"E00059602",2,1,1
"E00059603",1,1,0
"E00059604",2,1,1
"E00059605",1,1,0
"E00059606",6,6,0
"E00059607",1,1,0
"E00059609",1,0,1
"E00059610",1,1,0
"E00059611",0,0,0
"E00059612",0,0,0
"E00059613",1,1,0
"E00059614",1,1,0
"E00059615",4,0,4
"E00059616",3,1,2
"E00059617",7,3,4
"E00059618",2,1,1
"E00059619",4,1,3
"E00059620",1,1,0
"E00059621",1,0,1
"E00059622",1,1,0
"E00059623",0,0,0
"E00059624",3,1,2
"E00059625",4,1,3
"E00059626",3,2,1
"E00059627",7,5,2
"E00059628",5,2,3
"E00059629",1,0,1
"E00059630",5,3,2
"E00059631",2,1,1
"E00059632",1,1,0
"E00059633",4,3,1
"E00059634",2,0,2
"E00059635",1,1,0
"E00059636",1,1,0
"E00059637",0,0,0
"E00059638",9,3,6
"E00059639",1,1,0
"E00059640",1,1,0
"E00059641",2,2,0
"E00059642",6,3,3
"E00059643",4,1,3
"E00059644",3,1,2
"E00059645",1,0,1
"E00059646",2,0,2
"E00059647",4,3,1
"E00059648",2,1,1
"E00059649",5,1,4
"E00059650",2,1,1
"E00059651",4,0,4
"E00059652",6,4,2
"E00059653",0,0,0
"E00059654",9,4,5
"E00059655",2,0,2
"E00059656",0,0,0
"E00059657",2,1,1
"E00059658",2,0,2
"E00059659",2,2,0
"E00059660",4,0,4
"E00059661",2,0,2
"E00059662",3,1,2
"E00059663",5,3,2
"E00059664",0,0,0
"E00059665",5,1,4
"E00059666",0,0,0
"E00059667",7,6,1
"E00059668",0,0,0
"E00059669",5,3,2
"E00059670",2,1,1
"E00059671",1,0,1
"E00059672",1,0,1
"E00059673",3,1,2
"E00059674",6,4,2
"E00059675",6,2,4
"E00059676",0,0,0
"E00059677",3,1,2
"E00059678",0,0,0
"E00059679",1,0,1
"E00059680",3,3,0
"E00059681",6,4,2
"E00059682",1,1,0
"E00059683",2,1,1
"E00059684",1,1,0
"E00059685",4,0,4
"E00059686",2,2,0
"E00059687",1,0,1
"E00059688",0,0,0
"E00059689",7,3,4
"E00059690",2,0,2
"E00059691",0,0,0
"E00059692",5,2,3
"E00059693",2,1,1
"E00059694",4,1,3
"E00059695",2,1,1
"E00059696",2,2,0
"E00059697",5,2,3
"E00059698",1,1,0
"E00059699",5,3,2
"E00059700",0,0,0
"E00059701",3,2,1
"E00059702",5,4,1
"E00059703",5,3,2
"E00059704",2,1,1
"E00059705",2,1,1
"E00059706",1,1,0
"E00059707",8,4,4
"E00059708",1,1,0
"E00059709",3,1,2
"E00059710",0,0,0
"E00059711",2,1,1
"E00059712",10,4,6
"E00059713",4,3,1
"E00059714",3,1,2
"E00059715",0,0,0
"E00059716",3,2,1
"E00059717",1,0,1
"E00059718",1,0,1
"E00059719",4,3,1
"E00059720",3,2,1
"E00059721",3,1,2
"E00059722",0,0,0
"E00059723",5,2,3
"E00059724",4,2,2
"E00059725",3,2,1
"E00059726",8,1,7
"E00059727",3,2,1
"E00059728",4,2,2
"E00059729",1,1,0
"E00059730",3,1,2
"E00059731",1,0,1
"E00059732",0,0,0
"E00059733",3,2,1
"E00059734",2,1,1
"E00059735",3,1,2
"E00059736",4,2,2
"E00059737",3,1,2
"E00059738",5,1,4
"E00059739",1,0,1
"E00059740",0,0,0
"E00059741",11,4,7
"E00059742",1,0,1
"E00059743",0,0,0
"E00059744",2,2,0
"E00059745",3,2,1
"E00059746",6,4,2
"E00059747",4,1,3
"E00059748",4,4,0
"E00059749",3,2,1
"E00059750",4,1,3
"E00059751",6,2,4
"E00059752",3,2,1
"E00059753",3,1,2
"E00059754",5,2,3
"E00059755",7,6,1
"E00059756",5,3,2
"E00059757",7,5,2
"E00059758",5,2,3
"E00059759",7,3,4
"E00059760",7,3,4
"E00059761",5,3,2
"E00059762",7,2,5
"E00059763",1,1,0
"E00059764",0,0,0
"E00059765",1,0,1
"E00059766",2,0,2
"E00059767",3,0,3
"E00059768",0,0,0
"E00059769",3,2,1
"E00059770",5,2,3
"E00059771",2,1,1
"E00059772",5,3,2
"E00059773",7,6,1
"E00059774",5,2,3
"E00059775",6,2,4
"E00059776",4,2,2
"E00059777",4,4,0
"E00059778",4,2,2
"E00059779",9,3,6
"E00059780",6,3,3
"E00059781",3,2,1
"E00059782",2,1,1
"E00059783",3,1,2
"E00059784",1,0,1
"E00059785",1,0,1
"E00059786",2,2,0
"E00059787",3,2,1
"E00059788",0,0,0
"E00059789",0,0,0
"E00059790",3,1,2
"E00059791",0,0,0
"E00059792",4,2,2
"E00059793",4,2,2
"E00059794",1,0,1
"E00059795",0,0,0
"E00059796",2,2,0
"E00059797",2,2,0
"E00059798",2,1,1
"E00059799",4,1,3
"E00059800",5,0,5
"E00059801",2,1,1
"E00059802",2,2,0
"E00059803",2,1,1
"E00059804",0,0,0
"E00059805",2,0,2
"E00059806",0,0,0
"E00059807",1,0,1
"E00059808",0,0,0
"E00059809",3,0,3
"E00059810",2,0,2
"E00059811",3,0,3
"E00059812",6,2,4
"E00059815",0,0,0
"E00059816",6,2,4
"E00059817",2,1,1
"E00059818",4,2,2
"E00059819",1,0,1
"E00059820",2,0,2
"E00059821",9,3,6
"E00059822",0,0,0
"E00059823",3,2,1
"E00059824",3,2,1
"E00059825",6,4,2
"E00059826",5,3,2
"E00059827",3,0,3
"E00059828",8,4,4
"E00059829",4,3,1
"E00059830",0,0,0
"E00059831",1,0,1
"E00059832",0,0,0
"E00059833",1,0,1
"E00059834",1,0,1
"E00059835",1,1,0
"E00059836",2,1,1
"E00059837",1,0,1
"E00059838",2,1,1
"E00059839",2,0,2
"E00059840",2,2,0
"E00059841",3,1,2
"E00059842",5,1,4
"E00059843",4,2,2
"E00059844",1,1,0
"E00059845",3,1,2
"E00059846",2,0,2
"E00059847",2,1,1
"E00059848",2,0,2
"E00059849",0,0,0
"E00059850",2,0,2
"E00059851",1,1,0
"E00059852",5,1,4
"E00059854",1,1,0
"E00059855",1,1,0
"E00059856",1,1,0
"E00059857",1,0,1
"E00059858",1,0,1
"E00059859",3,1,2
"E00059860",0,0,0
"E00059861",0,0,0
"E00059862",2,1,1
"E00059863",3,2,1
"E00059864",1,1,0
"E00059865",3,3,0
"E00059866",0,0,0
"E00059867",3,1,2
"E00059868",0,0,0
"E00059869",0,0,0
"E00059870",1,1,0
"E00059871",2,1,1
"E00059872",3,1,2
"E00059873",3,0,3
"E00059874",0,0,0
"E00059875",0,0,0
"E00059876",3,2,1
"E00059877",2,2,0
"E00059878",1,1,0
"E00059879",3,3,0
"E00059880",2,0,2
"E00059881",5,3,2
"E00059882",1,0,1
"E00059883",4,3,1
"E00059884",2,1,1
"E00059885",6,5,1
"E00059886",0,0,0
"E00059887",4,0,4
"E00059888",0,0,0
"E00059889",8,3,5
"E00059890",1,0,1
"E00059891",6,3,3
"E00059892",2,0,2
"E00059893",4,1,3
"E00059894",4,1,3
"E00059895",2,1,1
"E00059896",1,0,1
"E00059897",6,1,5
"E00059898",5,3,2
"E00059899",1,0,1
"E00059900",1,0,1
"E00059901",1,1,0
"E00059902",4,2,2
"E00059903",3,2,1
"E00059904",0,0,0
"E00059905",9,5,4
"E00059906",2,2,0
"E00059907",4,4,0
"E00059908",0,0,0
"E00059909",4,3,1
"E00059910",14,1,13
"E00059911",9,6,3
"E00059913",4,3,1
"E00059914",1,1,0
"E00059915",9,4,5
"E00059916",3,2,1
"E00059917",4,3,1
"E00059918",8,5,3
"E00059919",0,0,0
"E00059920",3,2,1
"E00059921",2,2,0
"E00059922",0,0,0
"E00059923",2,1,1
"E00059924",2,1,1
"E00059925",2,2,0
"E00059926",1,0,1
"E00059927",3,0,3
"E00059928",3,0,3
"E00059929",6,3,3
"E00059930",2,2,0
"E00059931",7,5,2
"E00059932",2,2,0
"E00059933",1,1,0
"E00059934",11,4,7
"E00059935",4,1,3
"E00059936",4,3,1
"E00059937",3,1,2
"E00059938",10,5,5
"E00059939",6,5,1
"E00059940",2,1,1
"E00059941",5,3,2
"E00059942",4,1,3
"E00059943",11,3,8
"E00059944",3,2,1
"E00059945",3,3,0
"E00059946",1,0,1
"E00059947",4,1,3
"E00059948",7,4,3
"E00059949",3,0,3
"E00059950",4,0,4
"E00059951",5,2,3
"E00059952",0,0,0
"E00059953",5,3,2
"E00059954",2,2,0
"E00059955",6,2,4
"E00059956",3,1,2
"E00059957",0,0,0
"E00059958",0,0,0
"E00059959",0,0,0
"E00059960",7,1,6
"E00059961",1,1,0
"E00059962",1,1,0
"E00059963",0,0,0
"E00059964",1,0,1
"E00059965",3,0,3
"E00059966",8,6,2
"E00059967",1,0,1
"E00059968",4,1,3
"E00059969",9,2,7
"E00059970",3,1,2
"E00059971",7,2,5
"E00059972",7,4,3
"E00059973",7,4,3
"E00059974",3,3,0
"E00059975",1,0,1
"E00059976",6,4,2
"E00059977",1,0,1
"E00059978",4,3,1
"E00059979",6,2,4
"E00059980",3,2,1
"E00059981",3,1,2
"E00059982",5,2,3
"E00059983",2,1,1
"E00059984",3,1,2
"E00059985",0,0,0
"E00059986",1,1,0
"E00059987",0,0,0
"E00059988",3,1,2
"E00059989",12,7,5
"E00059990",4,2,2
"E00059991",1,1,0
"E00059992",16,8,8
"E00059993",2,1,1
"E00059994",2,1,1
"E00059995",5,1,4
"E00059996",1,0,1
"E00059997",2,1,1
"E00059998",2,0,2
"E00059999",1,0,1
"E00060000",2,1,1
"E00060001",8,5,3
"E00060002",1,0,1
"E00060003",5,3,2
"E00060004",0,0,0
"E00060005",3,1,2
"E00060006",0,0,0
"E00060007",0,0,0
"E00060008",0,0,0
"E00060009",4,3,1
"E00060010",1,1,0
"E00060011",4,2,2
"E00060012",0,0,0
"E00060013",0,0,0
"E00060014",0,0,0
"E00060015",1,0,1
"E00060016",1,0,1
"E00060017",1,0,1
"E00060018",2,1,1
"E00060019",6,3,3
"E00060020",1,1,0
"E00060021",0,0,0
"E00060022",0,0,0
"E00060023",3,1,2
"E00060024",1,1,0
"E00060025",1,0,1
"E00060026",0,0,0
"E00060027",0,0,0
"E00060028",3,1,2
"E00060029",4,2,2
"E00060030",2,1,1
"E00060031",1,0,1
"E00060032",1,1,0
"E00060033",0,0,0
"E00060034",0,0,0
"E00060035",3,2,1
"E00060036",0,0,0
"E00060037",3,1,2
"E00060038",3,1,2
"E00060039",3,0,3
"E00060040",1,0,1
"E00060042",5,3,2
"E00060043",0,0,0
"E00060044",0,0,0
"E00060045",2,1,1
"E00060046",3,1,2
"E00060047",0,0,0
"E00060048",2,1,1
"E00060049",4,3,1
"E00060050",0,0,0
"E00060051",0,0,0
"E00060052",2,2,0
"E00060053",2,2,0
"E00060054",1,1,0
"E00060055",2,2,0
"E00060056",3,1,2
"E00060057",0,0,0
"E00060058",4,3,1
"E00060059",5,1,4
"E00060060",3,2,1
"E00060061",1,0,1
"E00060062",1,0,1
"E00060063",1,1,0
"E00060064",0,0,0
"E00060065",2,0,2
"E00060066",2,1,1
"E00060067",0,0,0
"E00060068",5,1,4
"E00060069",1,0,1
"E00060070",1,1,0
"E00060071",2,1,1
"E00060072",1,0,1
"E00060073",0,0,0
"E00060074",1,1,0
"E00060075",1,0,1
"E00060076",2,0,2
"E00060077",7,3,4
"E00060078",1,1,0
"E00060079",1,1,0
"E00060080",0,0,0
"E00060081",2,0,2
"E00060082",4,2,2
"E00060083",0,0,0
"E00060084",2,2,0
"E00060085",2,0,2
"E00060087",0,0,0
"E00060088",5,2,3
"E00060089",0,0,0
"E00060090",0,0,0
"E00060091",1,1,0
"E00060092",0,0,0
"E00060093",0,0,0
"E00060094",1,0,1
"E00060095",3,1,2
"E00060096",1,0,1
"E00060097",2,0,2
"E00060098",4,2,2
"E00060099",4,1,3
"E00060100",1,1,0
"E00060101",1,1,0
"E00060102",0,0,0
"E00060103",0,0,0
"E00060104",0,0,0
"E00060105",3,3,0
"E00060106",4,1,3
"E00060107",9,6,3
"E00060109",1,0,1
"E00060110",1,0,1
"E00060111",3,2,1
"E00060112",6,3,3
"E00060113",0,0,0
"E00060114",3,2,1
"E00060115",4,3,1
"E00060116",3,2,1
"E00060117",0,0,0
"E00060118",2,1,1
"E00060119",0,0,0
"E00060120",2,1,1
"E00060121",1,1,0
"E00060122",4,2,2
"E00060123",5,2,3
"E00060124",0,0,0
"E00060125",1,1,0
"E00060126",1,0,1
"E00060127",0,0,0
"E00060128",3,2,1
"E00060129",8,3,5
"E00060130",3,2,1
"E00060131",6,3,3
"E00060132",1,0,1
"E00060133",2,2,0
"E00060134",2,1,1
"E00060135",2,0,2
"E00060136",10,5,5
"E00060137",7,2,5
"E00060138",8,5,3
"E00060139",4,2,2
"E00060140",1,0,1
"E00060141",2,2,0
"E00060142",3,1,2
"E00060143",0,0,0
"E00060144",2,0,2
"E00060145",1,0,1
"E00060146",4,2,2
"E00060147",0,0,0
"E00060148",0,0,0
"E00060149",3,1,2
"E00060150",1,0,1
"E00060151",0,0,0
"E00060152",2,2,0
"E00060153",3,1,2
"E00060154",5,2,3
"E00060155",1,0,1
"E00060156",1,0,1
"E00060157",9,4,5
"E00060158",6,0,6
"E00060159",4,4,0
"E00060160",5,3,2
"E00060161",2,0,2
"E00060162",4,1,3
"E00060163",4,1,3
"E00060164",3,1,2
"E00060165",4,1,3
"E00060166",7,3,4
"E00060167",7,4,3
"E00060168",2,0,2
"E00060169",3,3,0
"E00060170",0,0,0
"E00060171",3,2,1
"E00060172",1,0,1
"E00060173",1,0,1
"E00060174",0,0,0
"E00060175",4,2,2
"E00060176",4,3,1
"E00060177",3,2,1
"E00060178",5,2,3
"E00060179",0,0,0
"E00060180",6,4,2
"E00060181",0,0,0
"E00060182",0,0,0
"E00060183",3,1,2
"E00060184",2,1,1
"E00060185",2,1,1
"E00060186",0,0,0
"E00060187",0,0,0
"E00060188",6,0,6
"E00060189",2,1,1
"E00060191",4,3,1
"E00060192",1,0,1
"E00060193",0,0,0
"E00060194",7,4,3
"E00060195",3,1,2
"E00060196",9,4,5
"E00060197",4,1,3
"E00060198",6,2,4
"E00060199",5,3,2
"E00060200",2,1,1
"E00060201",5,3,2
"E00060202",10,2,8
"E00060204",8,4,4
"E00060205",10,5,5
"E00060206",8,6,2
"E00060207",0,0,0
"E00060208",0,0,0
"E00060209",4,2,2
"E00060210",6,3,3
"E00060211",3,2,1
"E00060212",1,0,1
"E00060213",15,7,8
"E00060214",6,3,3
"E00060215",2,0,2
"E00060216",6,2,4
"E00060217",3,1,2
"E00060218",5,5,0
"E00060219",13,6,7
"E00060220",3,1,2
"E00060221",0,0,0
"E00060222",3,1,2
"E00060223",0,0,0
"E00060224",2,1,1
"E00060225",4,1,3
"E00060226",0,0,0
"E00060227",7,3,4
"E00060228",3,1,2
"E00060229",9,3,6
"E00060230",10,3,7
"E00060231",7,5,2
"E00060232",6,4,2
"E00060233",13,8,5
"E00060234",1,1,0
"E00060235",2,1,1
"E00060236",5,0,5
"E00060237",10,5,5
"E00060238",6,3,3
"E00060239",5,2,3
"E00060240",10,7,3
"E00060241",8,6,2
"E00060242",8,5,3
"E00060243",1,0,1
"E00060244",16,12,4
"E00060245",5,1,4
"E00060246",5,2,3
"E00060247",10,4,6
"E00060248",1,1,0
"E00060249",8,4,4
"E00060250",1,0,1
"E00060251",4,3,1
"E00060252",0,0,0
"E00060253",5,4,1
"E00060254",5,2,3
"E00060255",0,0,0
"E00060256",1,0,1
"E00060257",1,0,1
"E00060258",0,0,0
"E00060259",2,1,1
"E00060260",2,2,0
"E00060261",0,0,0
"E00060262",0,0,0
"E00060263",1,0,1
"E00060264",6,6,0
"E00060265",1,0,1
"E00060266",4,2,2
"E00060267",0,0,0
"E00060268",0,0,0
"E00060269",0,0,0
"E00060270",2,0,2
"E00060271",2,2,0
"E00060272",0,0,0
"E00060273",3,1,2
"E00060274",2,1,1
"E00060275",0,0,0
"E00060276",0,0,0
"E00060277",1,1,0
"E00060278",2,1,1
"E00060279",2,0,2
"E00060280",2,1,1
"E00060281",2,2,0
"E00060282",4,1,3
"E00060283",0,0,0
"E00060284",2,2,0
"E00060285",1,0,1
"E00060286",1,0,1
"E00060287",1,0,1
"E00060288",6,3,3
"E00060289",0,0,0
"E00060290",3,1,2
"E00060291",0,0,0
"E00060292",0,0,0
"E00060293",0,0,0
"E00060294",4,2,2
"E00060295",3,3,0
"E00060296",0,0,0
"E00060297",1,0,1
"E00060298",0,0,0
"E00060299",0,0,0
"E00060302",0,0,0
"E00060303",4,4,0
"E00060304",1,0,1
"E00060305",1,1,0
"E00060306",1,0,1
"E00060307",0,0,0
"E00060308",0,0,0
"E00060309",0,0,0
"E00060310",1,1,0
"E00060311",11,7,4
"E00060312",1,0,1
"E00060313",1,0,1
"E00060314",8,4,4
"E00060315",3,3,0
"E00060316",11,7,4
"E00060317",1,0,1
"E00060318",0,0,0
"E00060319",0,0,0
"E00060320",1,0,1
"E00060321",7,5,2
"E00060322",0,0,0
"E00060323",6,1,5
"E00060324",6,3,3
"E00060325",2,0,2
"E00060326",10,6,4
"E00060327",3,2,1
"E00060328",0,0,0
"E00060329",2,1,1
"E00060330",3,2,1
"E00060331",1,0,1
"E00060332",2,2,0
"E00060333",0,0,0
"E00060334",2,1,1
"E00060335",5,2,3
"E00060336",0,0,0
"E00060337",0,0,0
"E00060338",11,6,5
"E00060339",8,5,3
"E00060340",1,0,1
"E00060341",7,4,3
"E00060342",6,3,3
"E00060343",3,2,1
"E00060344",4,1,3
"E00060345",1,1,0
"E00060346",1,0,1
"E00060347",9,2,7
"E00060348",2,2,0
"E00060349",5,0,5
"E00060350",2,2,0
"E00060351",13,7,6
"E00060352",8,5,3
"E00060353",7,3,4
"E00060354",2,1,1
"E00060355",5,2,3
"E00060356",6,1,5
"E00060357",6,3,3
"E00060358",5,1,4
"E00060359",3,1,2
"E00060360",8,5,3
"E00060361",1,1,0
"E00060362",2,1,1
"E00060363",2,0,2
"E00060364",3,1,2
"E00060365",4,1,3
"E00060366",3,3,0
"E00060367",5,2,3
"E00060368",3,2,1
"E00060369",6,4,2
"E00060370",4,2,2
"E00060371",0,0,0
"E00060372",6,3,3
"E00060373",0,0,0
"E00060374",6,3,3
"E00060375",0,0,0
"E00060376",3,3,0
"E00060377",0,0,0
"E00060379",0,0,0
"E00060381",0,0,0
"E00060382",0,0,0
"E00060383",1,1,0
"E00060384",1,0,1
"E00060385",4,3,1
"E00060386",0,0,0
"E00060387",6,4,2
"E00060388",0,0,0
"E00060390",2,2,0
"E00060391",0,0,0
"E00060392",1,0,1
"E00060393",3,2,1
"E00060394",1,1,0
"E00060395",1,1,0
"E00060396",2,2,0
"E00060397",1,0,1
"E00060398",2,1,1
"E00060399",1,1,0
"E00060400",8,5,3
"E00060401",0,0,0
"E00060402",2,0,2
"E00060403",0,0,0
"E00060404",0,0,0
"E00060405",2,0,2
"E00060406",1,0,1
"E00060407",1,1,0
"E00060408",1,1,0
"E00060409",5,2,3
"E00060410",2,0,2
"E00060411",1,0,1
"E00060412",0,0,0
"E00060413",1,0,1
"E00060414",0,0,0
"E00060415",1,0,1
"E00060416",1,1,0
"E00060417",6,5,1
"E00060418",13,6,7
"E00060419",2,1,1
"E00060420",1,0,1
"E00060421",3,0,3
"E00060422",0,0,0
"E00060423",1,1,0
"E00060424",0,0,0
"E00060426",6,1,5
"E00060427",9,6,3
"E00060428",7,4,3
"E00060429",4,0,4
"E00060430",9,3,6
"E00060431",3,2,1
"E00060432",1,1,0
"E00060433",2,2,0
"E00060434",2,1,1
"E00060435",3,3,0
"E00060436",1,0,1
"E00060437",3,2,1
"E00060438",3,0,3
"E00060439",4,1,3
"E00060440",1,0,1
"E00060441",4,2,2
"E00060442",3,2,1
"E00060443",2,0,2
"E00060444",3,1,2
"E00060445",1,0,1
"E00060446",0,0,0
"E00060447",0,0,0
"E00060448",1,1,0
"E00060449",6,2,4
"E00060450",0,0,0
"E00060451",7,4,3
"E00060452",1,1,0
"E00060453",1,0,1
"E00060454",0,0,0
"E00060455",1,0,1
"E00060456",3,1,2
"E00060457",0,0,0
"E00060458",0,0,0
"E00060459",2,1,1
"E00060460",5,2,3
"E00060461",1,1,0
"E00060462",2,1,1
"E00060463",1,0,1
"E00060464",2,1,1
"E00060465",0,0,0
"E00060466",2,2,0
"E00060467",5,3,2
"E00060468",4,2,2
"E00060469",1,0,1
"E00060470",3,2,1
"E00060471",1,0,1
"E00060472",2,1,1
"E00060473",0,0,0
"E00060474",0,0,0
"E00060475",0,0,0
"E00060476",1,1,0
"E00060477",5,3,2
"E00060478",0,0,0
"E00060479",1,0,1
"E00060480",0,0,0
"E00060481",1,0,1
"E00060482",1,1,0
"E00060483",0,0,0
"E00060484",6,1,5
"E00060485",3,1,2
"E00060486",0,0,0
"E00060487",1,1,0
"E00060488",1,1,0
"E00060489",2,1,1
"E00060490",1,0,1
"E00060491",7,1,6
"E00060492",2,1,1
"E00060493",1,0,1
"E00060494",7,3,4
"E00060495",4,1,3
"E00060496",5,1,4
"E00060497",2,0,2
"E00060498",3,3,0
"E00060499",1,0,1
"E00060500",2,2,0
"E00060501",5,4,1
"E00060502",2,0,2
"E00060503",9,5,4
"E00060504",4,3,1
"E00060505",1,1,0
"E00060506",7,1,6
"E00060507",2,1,1
"E00060509",2,2,0
"E00060512",1,1,0
"E00060513",3,2,1
"E00060514",1,0,1
"E00060515",1,0,1
"E00060516",1,0,1
"E00060517",4,2,2
"E00060518",0,0,0
"E00060519",0,0,0
"E00060521",5,2,3
"E00060523",2,0,2
"E00060524",0,0,0
"E00060525",0,0,0
"E00060526",0,0,0
"E00060527",1,0,1
"E00060528",1,1,0
"E00060529",3,2,1
"E00060530",0,0,0
"E00060531",4,2,2
"E00060532",1,1,0
"E00060533",1,0,1
"E00060534",3,1,2
"E00060535",7,4,3
"E00060536",4,1,3
"E00060537",7,6,1
"E00060540",0,0,0
"E00060541",3,1,2
"E00060542",5,4,1
"E00060543",5,3,2
"E00060544",2,0,2
"E00060545",3,1,2
"E00060546",5,2,3
"E00060547",2,1,1
"E00060548",3,1,2
"E00060549",5,4,1
"E00060550",0,0,0
"E00060552",1,1,0
"E00060553",12,3,9
"E00060554",0,0,0
"E00060555",0,0,0
"E00060556",7,3,4
"E00060557",3,2,1
"E00060558",4,3,1
"E00060559",8,4,4
"E00060560",5,3,2
"E00060561",1,0,1
"E00060562",3,2,1
"E00060563",9,4,5
"E00060564",10,7,3
"E00060565",2,0,2
"E00060566",5,2,3
"E00060567",5,4,1
"E00060568",5,2,3
"E00060569",1,0,1
"E00060570",1,1,0
"E00060571",2,2,0
"E00060572",0,0,0
"E00060573",6,6,0
"E00060574",4,3,1
"E00060575",1,1,0
"E00060576",1,1,0
"E00060577",4,4,0
"E00060578",2,2,0
"E00060579",0,0,0
"E00060580",2,2,0
"E00060581",1,1,0
"E00060582",0,0,0
"E00060583",4,1,3
"E00060584",0,0,0
"E00060585",2,0,2
"E00060586",0,0,0
"E00060587",2,0,2
"E00060588",0,0,0
"E00060589",1,1,0
"E00060590",0,0,0
"E00060591",1,1,0
"E00060592",1,0,1
"E00060593",0,0,0
"E00060594",0,0,0
"E00060595",3,1,2
"E00060596",2,0,2
"E00060597",1,1,0
"E00060598",1,1,0
"E00060599",0,0,0
"E00060600",2,1,1
"E00060601",0,0,0
"E00060602",0,0,0
"E00060603",0,0,0
"E00060604",0,0,0
"E00060605",2,1,1
"E00060606",1,0,1
"E00060607",3,1,2
"E00060608",1,0,1
"E00060609",0,0,0
"E00060610",0,0,0
"E00060611",0,0,0
"E00060612",0,0,0
"E00060613",1,0,1
"E00060614",1,0,1
"E00060615",1,0,1
"E00060616",0,0,0
"E00060617",3,1,2
"E00060618",3,1,2
"E00060619",2,2,0
"E00060620",1,1,0
"E00060621",1,1,0
"E00060622",1,0,1
"E00060623",0,0,0
"E00060624",1,1,0
"E00060625",0,0,0
"E00060627",0,0,0
"E00060628",0,0,0
"E00060629",0,0,0
"E00060630",3,1,2
"E00060631",1,1,0
"E00060632",4,2,2
"E00060633",1,0,1
"E00060634",1,1,0
"E00060635",3,2,1
"E00060636",1,0,1
"E00060637",2,0,2
"E00060638",1,1,0
"E00060639",4,1,3
"E00060640",4,3,1
"E00060641",7,1,6
"E00060642",2,2,0
"E00060643",1,1,0
"E00060644",1,0,1
"E00060645",1,1,0
"E00060646",2,1,1
"E00060647",3,0,3
"E00060648",2,1,1
"E00060649",0,0,0
"E00060650",0,0,0
"E00060651",2,1,1
"E00060652",3,0,3
"E00060656",0,0,0
"E00060659",3,2,1
"E00060660",0,0,0
"E00060661",1,1,0
"E00060662",2,2,0
"E00060663",0,0,0
"E00060664",1,1,0
"E00060665",3,1,2
"E00060666",2,1,1
"E00060667",0,0,0
"E00060668",1,1,0
"E00060669",0,0,0
"E00060670",3,1,2
"E00060671",0,0,0
"E00060672",1,0,1
"E00060673",5,1,4
"E00060674",6,4,2
"E00060675",0,0,0
"E00060676",3,1,2
"E00060677",0,0,0
"E00060678",3,1,2
"E00060679",7,4,3
"E00060680",3,0,3
"E00060681",5,3,2
"E00060682",2,0,2
"E00060683",3,2,1
"E00060684",0,0,0
"E00060685",7,3,4
"E00060686",9,2,7
"E00060687",3,1,2
"E00060688",3,3,0
"E00060689",0,0,0
"E00060690",3,1,2
"E00060691",3,2,1
"E00060692",2,1,1
"E00060693",1,0,1
"E00060694",0,0,0
"E00060695",1,1,0
"E00060696",3,1,2
"E00060697",1,1,0
"E00060698",1,1,0
"E00060699",0,0,0
"E00060701",5,1,4
"E00060702",0,0,0
"E00060703",0,0,0
"E00060704",3,2,1
"E00060705",0,0,0
"E00060706",0,0,0
"E00060707",5,3,2
"E00060708",1,1,0
"E00060709",1,1,0
"E00060710",4,3,1
"E00060711",4,3,1
"E00060712",1,1,0
"E00060713",0,0,0
"E00060714",1,0,1
"E00060715",2,1,1
"E00060716",1,0,1
"E00060717",5,3,2
"E00060718",1,1,0
"E00060719",6,2,4
"E00060720",1,0,1
"E00060721",6,4,2
"E00060722",0,0,0
"E00060723",0,0,0
"E00060725",1,0,1
"E00060726",2,1,1
"E00060727",0,0,0
"E00060728",1,1,0
"E00060729",0,0,0
"E00060730",1,1,0
"E00060731",3,2,1
"E00060732",0,0,0
"E00060733",2,2,0
"E00060734",0,0,0
"E00060735",0,0,0
"E00060736",0,0,0
"E00060737",1,0,1
"E00060738",0,0,0
"E00060739",5,3,2
"E00060740",2,1,1
"E00060741",2,2,0
"E00060742",0,0,0
"E00060743",4,2,2
"E00060744",3,3,0
"E00060745",1,1,0
"E00060746",0,0,0
"E00060747",0,0,0
"E00060748",3,2,1
"E00060749",1,1,0
"E00060750",4,2,2
"E00060751",2,0,2
"E00060752",6,3,3
"E00060753",4,3,1
"E00060754",3,3,0
"E00060755",3,2,1
"E00060756",1,0,1
"E00060757",4,1,3
"E00060758",1,0,1
"E00060759",4,2,2
"E00060760",0,0,0
"E00060761",0,0,0
"E00060762",0,0,0
"E00060763",2,1,1
"E00060764",3,1,2
"E00060765",4,1,3
"E00060766",0,0,0
"E00060767",5,3,2
"E00060768",0,0,0
"E00060769",1,1,0
"E00060770",5,3,2
"E00060771",1,1,0
"E00060772",2,1,1
"E00060773",3,2,1
"E00060774",0,0,0
"E00060775",4,1,3
"E00060776",2,0,2
"E00060777",7,1,6
"E00060778",1,1,0
"E00060779",4,1,3
"E00060780",2,1,1
"E00060781",0,0,0
"E00060782",0,0,0
"E00060783",3,2,1
"E00060784",5,2,3
"E00060785",6,3,3
"E00060786",9,8,1
"E00060787",8,5,3
"E00060788",2,0,2
"E00060789",4,1,3
"E00060790",0,0,0
"E00060791",11,7,4
"E00060792",4,2,2
"E00060793",4,4,0
"E00060794",11,5,6
"E00060795",3,3,0
"E00060796",7,3,4
"E00060797",0,0,0
"E00060798",0,0,0
"E00060799",4,3,1
"E00060800",0,0,0
"E00060802",3,1,2
"E00060803",0,0,0
"E00060804",5,3,2
"E00060805",3,0,3
"E00060806",9,4,5
"E00060807",6,3,3
"E00060808",3,1,2
"E00060809",9,3,6
"E00060810",0,0,0
"E00060811",1,1,0
"E00060812",4,1,3
"E00060813",2,0,2
"E00060814",0,0,0
"E00060815",3,3,0
"E00060817",1,0,1
"E00060818",0,0,0
"E00060819",0,0,0
"E00060820",1,1,0
"E00060821",1,1,0
"E00060822",1,1,0
"E00060824",0,0,0
"E00060825",0,0,0
"E00060826",2,1,1
"E00060827",3,0,3
"E00060828",0,0,0
"E00060829",0,0,0
"E00060830",4,2,2
"E00060831",0,0,0
"E00060832",0,0,0
"E00060833",3,2,1
"E00060834",2,0,2
"E00060835",3,1,2
"E00060836",3,1,2
"E00060837",2,0,2
"E00060838",7,3,4
"E00060839",2,0,2
"E00060840",16,6,10
"E00060841",10,7,3
"E00060842",2,2,0
"E00060843",0,0,0
"E00060844",4,2,2
"E00060845",4,2,2
"E00060846",4,2,2
"E00060847",5,1,4
"E00060848",3,2,1
"E00060849",6,3,3
"E00060850",3,1,2
"E00060851",10,7,3
"E00060852",5,2,3
"E00060853",1,1,0
"E00060854",3,2,1
"E00060855",1,0,1
"E00060856",2,2,0
"E00060857",4,0,4
"E00060858",0,0,0
"E00060859",3,1,2
"E00060860",2,1,1
"E00060861",5,3,2
"E00060862",3,2,1
"E00060863",5,3,2
"E00060864",6,2,4
"E00060865",3,2,1
"E00060866",3,1,2
"E00060867",0,0,0
"E00060868",0,0,0
"E00060869",1,0,1
"E00060871",0,0,0
"E00060873",0,0,0
"E00060874",0,0,0
"E00060875",2,1,1
"E00060877",1,1,0
"E00060878",14,13,1
"E00060880",5,1,4
"E00060881",5,3,2
"E00060882",10,7,3
"E00060883",2,1,1
"E00060884",13,5,8
"E00060885",9,4,5
"E00060886",4,3,1
"E00060887",7,2,5
"E00060888",10,3,7
"E00060889",3,1,2
"E00060890",1,0,1
"E00060891",1,0,1
"E00060893",7,2,5
"E00060894",10,4,6
"E00060895",7,3,4
"E00060896",2,2,0
"E00060897",0,0,0
"E00060898",0,0,0
"E00060899",1,1,0
"E00060900",1,1,0
"E00060901",1,1,0
"E00060902",0,0,0
"E00060903",0,0,0
"E00060904",0,0,0
"E00060905",0,0,0
"E00060906",0,0,0
"E00060907",1,0,1
"E00060908",1,0,1
"E00060909",4,3,1
"E00060910",2,1,1
"E00060911",2,2,0
"E00060912",1,1,0
"E00060913",0,0,0
"E00060914",0,0,0
"E00060915",0,0,0
"E00060916",8,3,5
"E00060917",1,0,1
"E00060918",4,2,2
"E00060919",7,4,3
"E00060920",1,1,0
"E00060921",1,0,1
"E00060922",3,3,0
"E00060923",6,4,2
"E00060924",2,1,1
"E00060925",4,3,1
"E00060926",3,0,3
"E00060927",0,0,0
"E00060928",1,1,0
"E00060929",5,1,4
"E00060930",1,1,0
"E00060931",1,1,0
"E00060932",2,0,2
"E00060933",1,1,0
"E00060934",1,0,1
"E00060935",0,0,0
"E00060936",0,0,0
"E00060937",0,0,0
"E00060938",1,0,1
"E00060939",1,1,0
"E00060940",1,0,1
"E00060941",3,3,0
"E00060942",2,0,2
"E00060943",3,2,1
"E00060944",0,0,0
"E00060945",0,0,0
"E00060946",2,0,2
"E00060947",1,1,0
"E00060948",0,0,0
"E00060949",0,0,0
"E00060950",3,0,3
"E00060951",1,0,1
"E00060952",0,0,0
"E00060953",0,0,0
"E00060954",1,0,1
"E00060955",3,0,3
"E00060956",2,1,1
"E00060957",2,1,1
"E00060958",4,2,2
"E00060959",3,2,1
"E00060960",1,1,0
"E00060961",5,4,1
"E00060962",3,1,2
"E00060963",0,0,0
"E00060964",1,0,1
"E00060965",1,1,0
"E00060966",0,0,0
"E00060967",1,1,0
"E00060968",0,0,0
"E00060969",1,0,1
"E00060970",2,2,0
"E00060971",1,0,1
"E00060972",0,0,0
"E00060973",0,0,0
"E00060974",0,0,0
"E00060975",1,1,0
"E00060976",1,0,1
"E00060977",0,0,0
"E00060978",0,0,0
"E00060979",0,0,0
"E00060980",2,2,0
"E00060981",1,0,1
"E00060982",0,0,0
"E00060983",0,0,0
"E00060984",1,0,1
"E00060985",0,0,0
"E00060986",10,4,6
"E00060987",0,0,0
"E00060988",4,1,3
"E00060989",8,2,6
"E00060990",5,4,1
"E00060991",2,1,1
"E00060992",3,1,2
"E00060993",0,0,0
"E00060995",0,0,0
"E00060996",4,3,1
"E00060997",1,0,1
"E00060998",1,1,0
"E00060999",1,0,1
"E00061000",0,0,0
"E00061001",0,0,0
"E00061002",0,0,0
"E00061003",1,0,1
"E00061004",2,0,2
"E00061005",6,1,5
"E00061006",6,1,5
"E00061007",1,0,1
"E00061008",0,0,0
"E00061009",1,0,1
"E00061010",1,0,1
"E00061011",3,2,1
"E00061012",0,0,0
"E00061013",1,0,1
"E00061014",0,0,0
"E00061015",0,0,0
"E00061016",1,0,1
"E00061017",3,1,2
"E00061018",3,1,2
"E00061019",3,0,3
"E00061020",3,3,0
"E00061021",0,0,0
"E00061022",1,0,1
"E00061023",2,1,1
"E00061024",2,2,0
"E00061025",0,0,0
"E00061026",2,1,1
"E00061027",2,1,1
"E00061028",3,2,1
"E00061029",1,0,1
"E00061030",0,0,0
"E00061031",4,4,0
"E00061032",0,0,0
"E00061033",0,0,0
"E00061034",1,0,1
"E00061035",2,1,1
"E00061036",0,0,0
"E00061037",1,1,0
"E00061038",2,2,0
"E00061039",1,0,1
"E00061040",4,0,4
"E00061041",6,3,3
"E00061042",3,2,1
"E00061043",1,1,0
"E00061044",2,0,2
"E00061045",0,0,0
"E00061046",3,2,1
"E00061047",2,0,2
"E00061048",1,1,0
"E00061049",2,1,1
"E00061050",0,0,0
"E00061052",1,0,1
"E00061053",3,0,3
"E00061054",1,1,0
"E00061055",3,1,2
"E00061056",1,1,0
"E00061057",4,1,3
"E00061058",1,0,1
"E00061059",2,1,1
"E00061061",2,0,2
"E00061062",4,2,2
"E00061063",1,0,1
"E00061064",0,0,0
"E00061065",0,0,0
"E00061066",1,0,1
"E00061067",1,1,0
"E00061068",2,1,1
"E00061069",1,1,0
"E00061070",1,0,1
"E00061073",1,1,0
"E00061074",1,1,0
"E00061075",4,2,2
"E00061076",2,2,0
"E00061077",3,1,2
"E00061078",0,0,0
"E00061079",0,0,0
"E00061080",1,0,1
"E00061081",0,0,0
"E00061082",3,1,2
"E00061083",1,1,0
"E00061084",0,0,0
"E00061085",0,0,0
"E00061086",8,5,3
"E00061087",2,1,1
"E00061088",2,0,2
"E00061089",1,1,0
"E00061090",0,0,0
"E00061091",4,1,3
"E00061092",0,0,0
"E00061095",1,1,0
"E00061096",1,0,1
"E00061097",2,1,1
"E00061098",0,0,0
"E00061099",0,0,0
"E00061100",2,1,1
"E00061101",0,0,0
"E00061102",0,0,0
"E00061103",1,0,1
"E00061104",1,1,0
"E00061105",0,0,0
"E00061106",0,0,0
"E00061107",2,0,2
"E00061108",0,0,0
"E00061109",5,4,1
"E00061110",3,2,1
"E00061111",2,1,1
"E00061112",1,0,1
"E00061113",2,0,2
"E00061114",3,2,1
"E00061115",2,1,1
"E00061116",6,3,3
"E00061117",9,5,4
"E00061118",1,1,0
"E00061119",2,0,2
"E00061120",9,3,6
"E00061121",0,0,0
"E00061122",0,0,0
"E00061124",0,0,0
"E00061125",1,0,1
"E00061126",2,1,1
"E00061127",1,1,0
"E00061128",2,1,1
"E00061129",0,0,0
"E00061130",1,0,1
"E00061131",3,2,1
"E00061132",1,0,1
"E00061133",3,2,1
"E00061134",2,2,0
"E00061136",3,1,2
"E00061138",4,2,2
"E00061139",8,5,3
"E00061140",5,2,3
"E00061141",8,4,4
"E00061142",3,2,1
"E00061143",5,1,4
"E00061144",2,1,1
"E00061145",6,2,4
"E00061146",7,5,2
"E00061147",6,2,4
"E00061148",2,0,2
"E00061149",5,1,4
"E00061150",7,3,4
"E00061151",4,4,0
"E00061152",3,0,3
"E00061153",2,1,1
"E00061154",2,1,1
"E00061155",11,6,5
"E00061157",12,6,6
"E00061158",2,1,1
"E00061159",7,3,4
"E00061160",0,0,0
"E00061161",0,0,0
"E00061162",5,1,4
"E00061163",3,2,1
"E00061164",1,1,0
"E00061165",0,0,0
"E00061166",0,0,0
"E00061167",0,0,0
"E00061168",0,0,0
"E00061169",0,0,0
"E00061170",5,2,3
"E00061171",3,3,0
"E00061172",3,0,3
"E00061173",1,0,1
"E00061174",0,0,0
"E00061175",1,1,0
"E00061176",3,1,2
"E00061177",2,1,1
"E00061178",2,1,1
"E00061179",0,0,0
"E00061180",1,0,1
"E00061181",0,0,0
"E00061182",1,0,1
"E00061183",5,3,2
"E00061184",2,2,0
"E00061185",2,1,1
"E00061186",2,0,2
"E00061187",0,0,0
"E00061188",0,0,0
"E00061189",0,0,0
"E00061190",3,0,3
"E00061191",4,2,2
"E00061192",1,0,1
"E00061193",3,2,1
"E00061194",1,1,0
"E00061195",1,0,1
"E00061196",0,0,0
"E00061198",1,1,0
"E00061199",0,0,0
"E00061200",0,0,0
"E00061201",1,0,1
"E00061202",3,3,0
"E00061203",4,2,2
"E00061204",0,0,0
"E00061205",0,0,0
"E00061206",0,0,0
"E00061207",4,1,3
"E00061208",1,0,1
"E00061209",2,1,1
"E00061210",0,0,0
"E00061211",0,0,0
"E00061213",0,0,0
"E00061214",1,0,1
"E00061216",0,0,0
"E00061217",3,2,1
"E00061218",6,1,5
"E00061219",1,0,1
"E00061220",2,1,1
"E00061221",7,6,1
"E00061222",1,0,1
"E00061223",4,3,1
"E00061224",1,1,0
"E00061225",0,0,0
"E00061227",8,4,4
"E00061228",3,0,3
"E00061229",4,2,2
"E00061230",1,1,0
"E00061231",0,0,0
"E00061232",0,0,0
"E00061233",5,2,3
"E00061234",3,0,3
"E00061235",2,0,2
"E00061236",0,0,0
"E00061237",2,2,0
"E00061238",3,1,2
"E00061239",2,0,2
"E00061240",0,0,0
"E00061241",3,2,1
"E00061242",5,1,4
"E00061243",2,0,2
"E00061244",3,1,2
"E00061245",0,0,0
"E00061246",1,0,1
"E00061247",0,0,0
"E00061248",4,1,3
"E00061249",2,0,2
"E00061250",3,3,0
"E00061251",3,0,3
"E00061252",0,0,0
"E00061253",7,3,4
"E00061254",0,0,0
"E00061255",5,4,1
"E00061256",2,1,1
"E00061257",2,1,1
"E00061258",2,2,0
"E00061259",4,1,3
"E00061260",1,1,0
"E00061261",0,0,0
"E00061262",2,2,0
"E00061263",0,0,0
"E00061264",1,0,1
"E00061265",3,0,3
"E00061266",1,0,1
"E00061267",4,1,3
"E00061268",3,3,0
"E00061269",3,0,3
"E00061270",1,1,0
"E00061271",3,1,2
"E00061272",2,1,1
"E00061273",1,1,0
"E00061274",2,1,1
"E00061275",2,2,0
"E00061278",2,2,0
"E00061279",6,0,6
"E00061280",1,1,0
"E00061281",0,0,0
"E00061282",2,0,2
"E00061283",0,0,0
"E00061284",2,1,1
"E00061285",0,0,0
"E00061286",2,0,2
"E00061287",3,2,1
"E00061288",5,1,4
"E00061289",0,0,0
"E00061290",3,0,3
"E00061291",1,0,1
"E00061292",3,1,2
"E00061293",3,1,2
"E00061294",3,1,2
"E00061295",3,1,2
"E00061296",4,2,2
"E00061297",3,2,1
"E00061298",3,0,3
"E00061299",5,4,1
"E00061300",1,1,0
"E00061301",1,1,0
"E00061302",0,0,0
"E00061303",5,2,3
"E00061304",3,0,3
"E00061305",3,2,1
"E00061306",3,1,2
"E00061307",1,0,1
"E00061308",4,1,3
"E00061309",2,1,1
"E00061310",3,2,1
"E00061311",3,2,1
"E00061312",0,0,0
"E00061313",2,2,0
"E00061314",3,1,2
"E00061315",8,2,6
"E00061316",3,2,1
"E00061317",0,0,0
"E00061318",2,2,0
"E00061319",0,0,0
"E00061320",0,0,0
"E00061321",1,1,0
"E00061322",2,2,0
"E00061323",3,2,1
"E00061324",1,1,0
"E00061325",3,2,1
"E00061326",5,2,3
"E00061327",4,2,2
"E00061328",3,1,2
"E00061329",4,2,2
"E00061330",6,3,3
"E00061331",3,2,1
"E00061332",3,1,2
"E00061333",6,4,2
"E00061334",6,2,4
"E00061335",1,1,0
"E00061336",4,0,4
"E00061337",1,0,1
"E00061338",5,3,2
"E00061339",2,1,1
"E00061340",0,0,0
"E00061341",4,2,2
"E00061342",1,0,1
"E00061343",7,3,4
"E00061344",1,0,1
"E00061345",3,0,3
"E00061346",4,1,3
"E00061347",12,6,6
"E00061348",7,2,5
"E00061349",0,0,0
"E00061350",0,0,0
"E00061351",3,1,2
"E00061352",10,4,6
"E00061353",2,0,2
"E00061354",1,1,0
"E00061355",5,1,4
"E00061356",2,1,1
"E00061357",5,5,0
"E00061358",0,0,0
"E00061359",0,0,0
"E00061360",0,0,0
"E00061361",0,0,0
"E00061362",3,2,1
"E00061363",0,0,0
"E00061364",0,0,0
"E00061365",1,1,0
"E00061366",0,0,0
"E00061369",1,0,1
"E00061370",0,0,0
"E00061372",0,0,0
"E00061374",2,1,1
"E00061376",3,0,3
"E00061377",0,0,0
"E00061378",5,2,3
"E00061379",5,5,0
"E00061380",1,0,1
"E00061381",2,2,0
"E00061382",0,0,0
"E00061385",3,2,1
"E00061386",1,0,1
"E00061387",0,0,0
"E00061388",1,1,0
"E00061389",0,0,0
"E00061391",1,0,1
"E00061392",2,0,2
"E00061393",0,0,0
"E00061394",0,0,0
"E00061395",5,3,2
"E00061396",2,1,1
"E00061397",0,0,0
"E00061398",3,0,3
"E00061399",0,0,0
"E00061400",0,0,0
"E00061401",6,4,2
"E00061402",3,1,2
"E00061403",0,0,0
"E00061404",0,0,0
"E00061405",1,1,0
"E00061406",10,6,4
"E00061407",7,2,5
"E00061408",12,6,6
"E00061409",1,0,1
"E00061410",9,5,4
"E00061411",7,4,3
"E00061412",4,2,2
"E00061413",4,0,4
"E00061414",4,2,2
"E00061415",1,0,1
"E00061416",0,0,0
"E00061417",4,3,1
"E00061418",1,1,0
"E00061419",3,0,3
"E00061420",5,3,2
"E00061421",10,4,6
"E00061422",4,2,2
"E00061423",5,3,2
"E00061425",5,4,1
"E00061426",7,2,5
"E00061427",4,2,2
"E00061428",4,3,1
"E00061429",3,1,2
"E00061430",1,0,1
"E00061431",5,3,2
"E00061432",8,3,5
"E00061433",3,2,1
"E00061434",4,1,3
"E00061435",1,0,1
"E00061436",2,2,0
"E00061437",2,1,1
"E00061438",4,1,3
"E00061439",7,2,5
"E00061440",0,0,0
"E00061441",3,2,1
"E00061442",2,1,1
"E00061443",2,1,1
"E00061444",1,0,1
"E00061445",0,0,0
"E00061446",4,1,3
"E00061447",0,0,0
"E00061448",0,0,0
"E00061449",2,1,1
"E00061450",4,1,3
"E00061451",3,2,1
"E00061452",2,1,1
"E00061453",4,3,1
"E00061454",8,7,1
"E00061455",3,1,2
"E00061456",0,0,0
"E00061457",0,0,0
"E00061458",4,1,3
"E00061459",2,2,0
"E00061460",2,0,2
"E00061461",3,1,2
"E00061462",1,1,0
"E00061463",7,2,5
"E00061464",3,2,1
"E00061465",5,3,2
"E00061466",2,1,1
"E00061467",3,1,2
"E00061468",2,0,2
"E00061469",6,2,4
"E00061470",1,0,1
"E00061471",2,1,1
"E00061472",2,0,2
"E00061473",3,2,1
"E00061474",6,2,4
"E00061475",1,0,1
"E00061476",1,0,1
"E00061477",8,7,1
"E00061478",2,1,1
"E00061479",1,1,0
"E00061480",4,1,3
"E00061481",0,0,0
"E00061482",0,0,0
"E00061483",1,0,1
"E00061484",5,4,1
"E00061485",3,2,1
"E00061486",6,5,1
"E00061487",1,0,1
"E00061488",3,1,2
"E00061489",2,1,1
"E00061490",2,0,2
"E00061491",1,1,0
"E00061492",0,0,0
"E00061493",0,0,0
"E00061494",4,2,2
"E00061495",0,0,0
"E00061496",2,0,2
"E00061497",1,1,0
"E00061498",1,0,1
"E00061499",5,1,4
"E00061500",2,1,1
"E00061501",2,2,0
"E00061502",0,0,0
"E00061503",1,0,1
"E00061504",4,1,3
"E00061505",2,0,2
"E00061506",1,0,1
"E00061507",2,1,1
"E00061508",2,1,1
"E00061509",4,2,2
"E00061510",2,2,0
"E00061511",1,0,1
"E00061512",3,1,2
"E00061513",0,0,0
"E00061514",2,0,2
"E00061515",4,2,2
"E00061516",0,0,0
"E00061517",1,1,0
"E00061518",2,2,0
"E00061519",4,0,4
"E00061520",2,1,1
"E00061521",2,1,1
"E00061522",4,2,2
"E00061523",4,3,1
"E00061525",8,5,3
"E00061526",4,2,2
"E00061527",5,2,3
"E00061528",5,4,1
"E00061529",7,5,2
"E00061530",7,3,4
"E00061531",1,1,0
"E00061532",10,7,3
"E00061533",4,3,1
"E00061534",3,2,1
"E00061535",1,0,1
"E00061536",7,4,3
"E00061537",12,6,6
"E00061538",4,1,3
"E00061539",4,4,0
"E00061540",9,5,4
"E00061541",10,5,5
"E00061542",11,4,7
"E00061543",2,2,0
"E00061544",6,5,1
"E00061545",4,2,2
"E00061546",1,1,0
"E00061547",3,2,1
"E00061548",0,0,0
"E00061549",3,2,1
"E00061550",1,1,0
"E00061551",1,1,0
"E00061552",1,1,0
"E00061553",1,0,1
"E00061554",5,3,2
"E00061555",2,2,0
"E00061556",1,1,0
"E00061557",1,0,1
"E00061558",0,0,0
"E00061559",4,3,1
"E00061560",3,1,2
"E00061561",4,2,2
"E00061562",7,4,3
"E00061563",4,3,1
"E00061564",2,2,0
"E00061565",2,1,1
"E00061566",6,5,1
"E00061568",6,3,3
"E00061569",2,1,1
"E00061570",7,4,3
"E00061571",6,2,4
"E00061572",12,3,9
"E00061573",1,0,1
"E00061574",4,2,2
"E00061575",5,3,2
"E00061576",10,2,8
"E00061577",4,2,2
"E00061578",6,3,3
"E00061579",1,1,0
"E00061580",10,8,2
"E00061581",2,1,1
"E00061582",12,7,5
"E00061583",0,0,0
"E00061584",4,1,3
"E00061585",7,1,6
"E00061586",4,3,1
"E00061587",4,2,2
"E00061588",0,0,0
"E00061589",10,7,3
"E00061590",5,3,2
"E00061591",2,0,2
"E00061592",2,1,1
"E00061593",1,1,0
"E00061594",0,0,0
"E00061595",1,0,1
"E00061596",5,0,5
"E00061597",5,3,2
"E00061598",1,0,1
"E00061599",5,2,3
"E00061600",1,1,0
"E00061601",4,4,0
"E00061602",2,0,2
"E00061603",2,1,1
"E00061604",0,0,0
"E00061605",5,4,1
"E00061606",7,4,3
"E00061607",6,2,4
"E00061608",1,0,1
"E00061609",1,1,0
"E00061610",2,2,0
"E00061611",1,1,0
"E00061612",0,0,0
"E00061613",3,2,1
"E00061614",8,4,4
"E00061615",8,5,3
"E00061616",0,0,0
"E00061617",0,0,0
"E00061618",1,0,1
"E00061619",4,1,3
"E00061620",0,0,0
"E00061621",1,0,1
"E00061622",7,4,3
"E00061623",4,1,3
"E00061624",4,2,2
"E00061625",1,0,1
"E00061626",5,4,1
"E00061627",10,6,4
"E00061628",4,3,1
"E00061629",0,0,0
"E00061630",0,0,0
"E00061631",3,1,2
"E00061632",2,0,2
"E00061633",0,0,0
"E00061634",0,0,0
"E00061637",4,2,2
"E00061638",2,1,1
"E00061639",2,1,1
"E00061640",1,1,0
"E00061641",0,0,0
"E00061642",2,1,1
"E00061643",1,0,1
"E00061644",2,1,1
"E00061645",10,5,5
"E00061646",0,0,0
"E00061647",5,3,2
"E00061648",8,5,3
"E00061649",2,1,1
"E00061650",6,0,6
"E00061651",4,2,2
"E00061652",6,5,1
"E00061653",2,1,1
"E00061654",3,2,1
"E00061655",3,1,2
"E00061656",0,0,0
"E00061657",1,0,1
"E00061658",4,1,3
"E00061659",3,1,2
"E00061660",4,0,4
"E00061661",0,0,0
"E00061662",5,3,2
"E00061663",2,2,0
"E00061664",3,0,3
"E00061665",6,3,3
"E00061666",8,5,3
"E00061668",4,1,3
"E00061669",7,4,3
"E00061670",10,4,6
"E00061671",3,1,2
"E00061673",3,0,3
"E00061674",1,0,1
"E00061675",0,0,0
"E00061676",9,5,4
"E00061677",5,3,2
"E00061678",9,5,4
"E00061679",10,5,5
"E00061681",1,1,0
"E00061682",0,0,0
"E00061683",13,8,5
"E00061684",3,3,0
"E00061685",1,0,1
"E00061686",9,3,6
"E00061687",5,1,4
"E00061688",7,2,5
"E00061689",9,3,6
"E00061690",8,5,3
"E00061691",2,1,1
"E00061692",6,3,3
"E00061693",7,3,4
"E00061694",2,1,1
"E00061695",3,3,0
"E00061696",7,3,4
"E00061697",5,4,1
"E00061698",3,3,0
"E00061699",16,10,6
"E00061700",8,4,4
"E00061701",0,0,0
"E00061703",12,8,4
"E00061704",4,2,2
"E00061705",9,2,7
"E00061706",1,1,0
"E00061707",12,4,8
"E00061708",8,4,4
"E00061710",0,0,0
"E00061711",4,0,4
"E00061713",4,1,3
"E00061714",2,1,1
"E00061715",0,0,0
"E00061716",1,1,0
"E00061717",3,0,3
"E00061718",5,4,1
"E00061719",0,0,0
"E00061720",2,1,1
"E00061721",8,4,4
"E00061722",2,0,2
"E00061723",1,1,0
"E00061724",0,0,0
"E00061725",0,0,0
"E00061726",1,0,1
"E00061727",0,0,0
"E00061728",1,1,0
"E00061729",1,1,0
"E00061731",2,0,2
"E00061732",7,4,3
"E00061733",4,4,0
"E00061734",7,7,0
"E00061735",8,4,4
"E00061736",3,1,2
"E00061737",4,2,2
"E00061738",3,2,1
"E00061739",7,2,5
"E00061740",4,0,4
"E00061741",0,0,0
"E00061742",2,0,2
"E00061743",4,2,2
"E00061744",2,1,1
"E00061745",2,1,1
"E00061746",3,1,2
"E00061747",3,2,1
"E00061748",3,1,2
"E00061749",5,2,3
"E00061750",0,0,0
"E00061751",0,0,0
"E00061752",0,0,0
"E00061753",5,3,2
"E00061754",5,1,4
"E00061755",1,1,0
"E00061756",1,1,0
"E00061757",3,1,2
"E00061758",0,0,0
"E00061759",2,2,0
"E00061760",1,1,0
"E00061761",0,0,0
"E00061762",6,4,2
"E00061763",1,0,1
"E00061764",1,0,1
"E00061765",0,0,0
"E00061766",1,0,1
"E00061767",2,1,1
"E00061768",0,0,0
"E00061769",1,1,0
"E00061770",0,0,0
"E00061771",1,0,1
"E00061772",1,0,1
"E00061773",0,0,0
"E00061774",1,1,0
"E00061775",2,1,1
"E00061776",1,0,1
"E00061777",2,2,0
"E00061778",0,0,0
"E00061779",0,0,0
"E00061780",1,1,0
"E00061781",1,1,0
"E00061782",4,3,1
"E00061783",4,0,4
"E00061784",3,2,1
"E00061785",2,1,1
"E00061786",4,0,4
"E00061787",2,1,1
"E00061788",1,1,0
"E00061789",2,1,1
"E00061790",1,1,0
"E00061791",1,1,0
"E00061792",1,1,0
"E00061793",0,0,0
"E00061794",2,0,2
"E00061795",1,1,0
"E00061796",2,1,1
"E00061797",1,0,1
"E00061798",3,1,2
"E00061799",9,5,4
"E00061800",1,0,1
"E00061801",2,0,2
"E00061802",2,1,1
"E00061803",0,0,0
"E00061804",3,1,2
"E00061805",5,3,2
"E00061806",3,1,2
"E00061807",5,4,1
"E00061808",1,1,0
"E00061809",1,0,1
"E00061811",1,1,0
"E00061812",4,4,0
"E00061813",2,1,1
"E00061814",4,2,2
"E00061815",0,0,0
"E00061816",3,1,2
"E00061817",0,0,0
"E00061818",2,2,0
"E00061819",1,0,1
"E00061820",1,0,1
"E00061821",5,3,2
"E00061822",8,5,3
"E00061823",0,0,0
"E00061824",1,0,1
"E00061825",8,3,5
"E00061826",1,0,1
"E00061827",4,3,1
"E00061828",0,0,0
"E00061829",4,4,0
"E00061830",2,1,1
"E00061831",0,0,0
"E00061832",2,1,1
"E00061833",1,1,0
"E00061834",4,4,0
"E00061838",1,0,1
"E00061841",0,0,0
"E00061842",6,3,3
"E00061843",2,1,1
"E00061844",4,3,1
"E00061845",4,0,4
"E00061846",2,1,1
"E00061847",2,2,0
"E00061848",5,2,3
"E00061849",8,4,4
"E00061850",2,1,1
"E00061851",1,1,0
"E00061852",3,1,2
"E00061853",3,2,1
"E00061854",1,1,0
"E00061855",2,2,0
"E00061856",0,0,0
"E00061857",2,2,0
"E00061858",0,0,0
"E00061859",1,1,0
"E00061860",0,0,0
"E00061861",3,1,2
"E00061862",4,4,0
"E00061863",1,1,0
"E00061864",1,0,1
"E00061865",2,2,0
"E00061866",1,0,1
"E00061867",4,2,2
"E00061868",0,0,0
"E00061869",1,1,0
"E00061870",0,0,0
"E00061871",1,1,0
"E00061872",4,0,4
"E00061873",3,3,0
"E00061874",4,2,2
"E00061875",6,5,1
"E00061876",9,4,5
"E00061877",6,2,4
"E00061878",5,3,2
"E00061879",11,5,6
"E00061880",6,5,1
"E00061881",1,1,0
"E00061882",4,2,2
"E00061883",2,1,1
"E00061884",0,0,0
"E00061885",0,0,0
"E00061886",1,1,0
"E00061887",1,0,1
"E00061888",1,1,0
"E00061889",4,2,2
"E00061890",1,1,0
"E00061891",0,0,0
"E00061892",2,1,1
"E00061893",1,0,1
"E00061894",0,0,0
"E00061895",1,1,0
"E00061896",0,0,0
"E00061897",1,1,0
"E00061898",3,1,2
"E00061899",1,0,1
"E00061900",1,0,1
"E00061901",1,0,1
"E00061902",1,0,1
"E00061903",1,0,1
"E00061904",1,0,1
"E00061905",5,2,3
"E00061906",0,0,0
"E00061907",1,1,0
"E00061908",0,0,0
"E00061909",1,0,1
"E00061910",2,0,2
"E00061911",1,1,0
"E00061912",2,2,0
"E00061913",3,3,0
"E00061914",2,1,1
"E00061915",1,1,0
"E00061916",3,2,1
"E00061917",3,3,0
"E00061918",0,0,0
"E00061919",4,0,4
"E00061920",1,1,0
"E00061921",3,0,3
"E00061922",0,0,0
"E00061923",4,2,2
"E00061924",0,0,0
"E00061925",2,0,2
"E00061926",1,1,0
"E00061927",4,1,3
"E00061928",3,3,0
"E00061929",2,1,1
"E00061930",6,2,4
"E00061931",6,1,5
"E00061932",2,2,0
"E00061933",1,0,1
"E00061934",1,1,0
"E00061936",2,1,1
"E00061937",1,1,0
"E00061938",1,1,0
"E00061939",1,1,0
"E00061941",0,0,0
"E00061942",1,1,0
"E00061943",0,0,0
"E00061944",7,1,6
"E00061945",1,0,1
"E00061946",0,0,0
"E00061947",1,0,1
"E00061948",1,0,1
"E00061949",1,1,0
"E00061950",1,1,0
"E00061951",3,3,0
"E00061952",0,0,0
"E00061953",2,0,2
"E00061954",0,0,0
"E00061955",1,0,1
"E00061956",5,1,4
"E00061957",1,1,0
"E00061958",2,1,1
"E00061959",6,4,2
"E00061960",2,0,2
"E00061961",0,0,0
"E00061962",3,2,1
"E00061963",6,4,2
"E00061964",3,1,2
"E00061965",14,3,11
"E00061966",3,0,3
"E00061967",1,0,1
"E00061968",10,8,2
"E00061969",3,1,2
"E00061970",12,8,4
"E00061971",0,0,0
"E00061972",1,1,0
"E00061975",7,5,2
"E00061977",3,0,3
"E00061978",4,3,1
"E00061979",3,1,2
"E00061980",0,0,0
"E00061981",4,1,3
"E00061982",1,0,1
"E00061983",4,2,2
"E00061985",1,1,0
"E00061987",5,3,2
"E00061988",0,0,0
"E00061989",6,3,3
"E00061990",13,4,9
"E00061991",5,3,2
"E00061992",7,1,6
"E00061993",3,2,1
"E00061995",4,3,1
"E00061997",10,4,6
"E00061998",8,5,3
"E00061999",6,3,3
"E00062000",1,1,0
"E00062001",4,2,2
"E00062002",1,0,1
"E00062003",2,1,1
"E00062004",7,4,3
"E00062006",3,3,0
"E00062007",3,1,2
"E00062008",1,0,1
"E00062009",4,2,2
"E00062010",1,1,0
"E00062011",4,0,4
"E00062012",6,3,3
"E00062013",9,4,5
"E00062014",1,1,0
"E00062015",2,0,2
"E00062016",9,8,1
"E00062017",6,2,4
"E00062018",10,5,5
"E00062019",15,10,5
"E00062020",17,10,7
"E00062021",0,0,0
"E00062022",2,1,1
"E00062023",3,2,1
"E00062024",0,0,0
"E00062025",13,6,7
"E00062026",3,0,3
"E00062027",8,3,5
"E00062028",13,8,5
"E00062029",9,4,5
"E00062030",1,0,1
"E00062031",0,0,0
"E00062032",4,2,2
"E00062033",7,5,2
"E00062034",1,1,0
"E00062035",1,0,1
"E00062036",5,3,2
"E00062037",4,1,3
"E00062038",0,0,0
"E00062039",2,2,0
"E00062040",2,1,1
"E00062041",5,2,3
"E00062042",10,4,6
"E00062043",4,4,0
"E00062044",2,2,0
"E00062045",2,0,2
"E00062046",0,0,0
"E00062047",0,0,0
"E00062048",0,0,0
"E00062049",2,2,0
"E00062050",4,2,2
"E00062051",1,0,1
"E00062052",9,6,3
"E00062053",1,1,0
"E00062054",0,0,0
"E00062055",1,0,1
"E00062056",0,0,0
"E00062057",1,1,0
"E00062058",1,1,0
"E00062059",2,2,0
"E00062060",4,2,2
"E00062061",4,1,3
"E00062062",2,1,1
"E00062063",3,1,2
"E00062064",1,0,1
"E00062065",2,2,0
"E00062066",1,1,0
"E00062067",4,1,3
"E00062068",0,0,0
"E00062069",2,0,2
"E00062070",9,4,5
"E00062071",3,3,0
"E00062072",5,1,4
"E00062073",7,7,0
"E00062074",4,3,1
"E00062075",4,1,3
"E00062076",10,4,6
"E00062077",1,1,0
"E00062078",3,2,1
"E00062079",3,2,1
"E00062080",1,1,0
"E00062081",2,2,0
"E00062082",1,0,1
"E00062083",4,3,1
"E00062084",3,2,1
"E00062085",3,1,2
"E00062086",2,0,2
"E00062087",8,3,5
"E00062088",4,3,1
"E00062089",1,1,0
"E00062090",0,0,0
"E00062091",4,3,1
"E00062092",3,1,2
"E00062093",2,0,2
"E00062094",1,0,1
"E00062095",3,1,2
"E00062096",3,1,2
"E00062097",2,0,2
"E00062098",0,0,0
"E00062099",5,1,4
"E00062100",3,1,2
"E00062101",1,1,0
"E00062102",1,1,0
"E00062103",5,2,3
"E00062104",9,5,4
"E00062105",7,5,2
"E00062106",5,2,3
"E00062107",5,4,1
"E00062108",26,12,14
"E00062109",7,4,3
"E00062110",9,5,4
"E00062111",19,9,10
"E00062112",8,2,6
"E00062113",8,5,3
"E00062114",4,1,3
"E00062115",1,0,1
"E00062116",1,1,0
"E00062117",0,0,0
"E00062119",1,0,1
"E00062120",3,2,1
"E00062121",1,0,1
"E00062122",1,0,1
"E00062123",0,0,0
"E00062124",2,1,1
"E00062125",0,0,0
"E00062126",0,0,0
"E00062127",1,0,1
"E00062128",0,0,0
"E00062129",2,1,1
"E00062131",3,1,2
"E00062132",4,0,4
"E00062133",5,2,3
"E00062134",7,4,3
"E00062136",1,0,1
"E00062138",1,1,0
"E00062139",7,4,3
"E00062140",4,1,3
"E00062141",3,2,1
"E00062142",2,1,1
"E00062143",3,2,1
"E00062144",0,0,0
"E00062145",5,2,3
"E00062146",1,0,1
"E00062147",3,0,3
"E00062148",1,1,0
"E00062149",3,0,3
"E00062150",3,1,2
"E00062151",5,2,3
"E00062152",0,0,0
"E00062153",0,0,0
"E00062154",5,2,3
"E00062155",4,0,4
"E00062156",1,0,1
"E00062157",1,1,0
"E00062158",4,1,3
"E00062159",2,0,2
"E00062160",1,0,1
"E00062161",2,1,1
"E00062162",1,1,0
"E00062163",0,0,0
"E00062164",1,0,1
"E00062165",0,0,0
"E00062166",2,0,2
"E00062167",2,0,2
"E00062168",0,0,0
"E00062169",1,1,0
"E00062170",2,2,0
"E00062171",0,0,0
"E00062172",1,1,0
"E00062173",7,4,3
"E00062174",6,2,4
"E00062175",1,1,0
"E00062176",2,1,1
"E00062177",1,0,1
"E00062178",7,3,4
"E00062179",1,1,0
"E00062180",14,11,3
"E00062181",9,5,4
"E00062182",3,2,1
"E00062183",11,6,5
"E00062184",1,1,0
"E00062185",3,1,2
"E00062186",4,2,2
"E00062187",2,0,2
"E00062188",1,1,0
"E00062189",1,0,1
"E00062190",0,0,0
"E00062191",1,0,1
"E00062192",4,3,1
"E00062193",4,2,2
"E00062194",3,1,2
"E00062195",4,4,0
"E00062196",3,2,1
"E00062197",12,5,7
"E00062198",0,0,0
"E00062199",3,1,2
"E00062200",1,1,0
"E00062202",9,3,6
"E00062203",1,1,0
"E00062204",5,0,5
"E00062205",3,2,1
"E00062206",3,1,2
"E00062207",7,3,4
"E00062208",5,1,4
"E00062209",8,4,4
"E00062210",2,2,0
"E00062211",3,2,1
"E00062212",2,0,2
"E00062213",3,2,1
"E00062214",14,6,8
"E00062215",5,3,2
"E00062216",19,10,9
"E00062217",10,5,5
"E00062218",5,4,1
"E00062219",11,6,5
"E00062220",3,1,2
"E00062221",7,2,5
"E00062222",3,2,1
"E00062223",10,7,3
"E00062224",7,3,4
"E00062225",13,5,8
"E00062226",6,3,3
"E00062227",4,2,2
"E00062228",10,8,2
"E00062229",12,5,7
"E00062230",2,0,2
"E00062231",4,2,2
"E00062232",1,1,0
"E00062233",12,4,8
"E00062234",2,2,0
"E00062235",1,1,0
"E00062236",3,1,2
"E00062237",1,0,1
"E00062238",0,0,0
"E00062239",1,1,0
"E00062240",2,1,1
"E00062241",0,0,0
"E00062242",2,1,1
"E00062243",4,0,4
"E00062244",0,0,0
"E00062245",1,0,1
"E00062246",0,0,0
"E00062247",0,0,0
"E00062249",3,1,2
"E00062250",3,2,1
"E00062251",1,1,0
"E00062252",0,0,0
"E00062253",0,0,0
"E00062254",6,2,4
"E00062255",1,1,0
"E00062256",2,1,1
"E00062257",2,1,1
"E00062258",2,1,1
"E00062259",1,1,0
"E00062260",3,2,1
"E00062261",3,1,2
"E00062262",4,2,2
"E00062263",2,1,1
"E00062264",5,2,3
"E00062265",6,3,3
"E00062266",1,0,1
"E00062267",3,2,1
"E00062268",15,7,8
"E00062269",2,1,1
"E00062270",3,1,2
"E00062272",2,2,0
"E00062273",3,2,1
"E00062274",4,2,2
"E00062275",1,0,1
"E00062276",2,2,0
"E00062277",12,5,7
"E00062278",3,2,1
"E00062279",4,2,2
"E00062280",11,6,5
"E00062281",1,1,0
"E00062282",2,0,2
"E00062283",8,4,4
"E00062284",3,2,1
"E00062285",10,5,5
"E00062286",4,3,1
"E00062287",2,1,1
"E00062288",0,0,0
"E00062289",0,0,0
"E00062290",0,0,0
"E00062291",2,1,1
"E00062292",6,3,3
"E00062293",2,0,2
"E00062294",1,0,1
"E00062295",0,0,0
"E00062296",2,1,1
"E00062297",0,0,0
"E00062298",2,0,2
"E00062299",3,3,0
"E00062300",1,0,1
"E00062301",1,0,1
"E00062302",1,0,1
"E00062303",0,0,0
"E00062304",1,1,0
"E00062305",1,0,1
"E00062306",1,1,0
"E00062307",1,0,1
"E00062308",7,1,6
"E00062309",4,3,1
"E00062310",5,3,2
"E00062311",1,0,1
"E00062312",4,0,4
"E00062313",3,1,2
"E00062314",4,2,2
"E00062315",2,2,0
"E00062316",1,0,1
"E00062317",0,0,0
"E00062318",2,1,1
"E00062319",1,1,0
"E00062320",1,1,0
"E00062321",4,3,1
"E00062322",10,5,5
"E00062323",1,1,0
"E00062324",0,0,0
"E00062325",4,2,2
"E00062326",4,2,2
"E00062327",9,5,4
"E00062328",1,1,0
"E00062329",6,1,5
"E00062330",1,0,1
"E00062331",1,0,1
"E00062332",3,3,0
"E00062333",1,0,1
"E00062334",0,0,0
"E00062335",1,1,0
"E00062336",2,1,1
"E00062337",1,1,0
"E00062338",1,0,1
"E00062339",8,4,4
"E00062340",1,0,1
"E00062341",5,3,2
"E00062342",0,0,0
"E00062343",2,2,0
"E00062344",4,2,2
"E00062345",1,0,1
"E00062346",10,6,4
"E00062347",6,6,0
"E00062348",10,4,6
"E00062349",5,2,3
"E00062350",14,10,4
"E00062351",7,3,4
"E00062352",6,4,2
"E00062353",8,2,6
"E00062354",1,0,1
"E00062355",11,3,8
"E00062356",4,3,1
"E00062357",3,0,3
"E00062358",1,1,0
"E00062359",2,1,1
"E00062360",2,2,0
"E00062361",5,5,0
"E00062362",4,0,4
"E00062363",0,0,0
"E00062364",1,0,1
"E00062365",1,0,1
"E00062366",2,1,1
"E00062367",1,0,1
"E00062368",2,2,0
"E00062369",0,0,0
"E00062370",3,1,2
"E00062371",0,0,0
"E00062372",2,0,2
"E00062373",8,5,3
"E00062374",2,1,1
"E00062375",2,2,0
"E00062376",2,2,0
"E00062377",2,2,0
"E00062378",6,5,1
"E00062379",7,3,4
"E00062380",3,3,0
"E00062381",1,0,1
"E00062382",2,2,0
"E00062383",7,3,4
"E00062384",0,0,0
"E00062385",8,4,4
"E00062386",2,2,0
"E00062387",0,0,0
"E00062388",1,1,0
"E00062389",2,0,2
"E00062390",2,1,1
"E00062391",2,1,1
"E00062392",0,0,0
"E00062393",0,0,0
"E00062394",4,1,3
"E00062395",1,0,1
"E00062396",4,2,2
"E00062397",0,0,0
"E00062398",4,4,0
"E00062399",2,1,1
"E00062400",3,2,1
"E00062401",0,0,0
"E00062402",1,0,1
"E00062403",0,0,0
"E00062404",1,0,1
"E00062405",4,3,1
"E00062406",3,1,2
"E00062407",2,1,1
"E00062408",4,2,2
"E00062409",0,0,0
"E00062410",2,2,0
"E00062411",1,0,1
"E00062412",3,2,1
"E00062413",6,1,5
"E00062414",2,1,1
"E00062415",3,2,1
"E00062416",3,1,2
"E00062417",5,4,1
"E00062418",2,2,0
"E00062419",1,0,1
"E00062420",4,2,2
"E00062421",5,1,4
"E00062422",11,5,6
"E00062423",5,1,4
"E00062424",0,0,0
"E00062426",6,2,4
"E00062428",9,4,5
"E00062429",4,0,4
"E00062431",8,4,4
"E00062434",4,2,2
"E00062435",3,0,3
"E00062436",0,0,0
"E00062437",1,0,1
"E00062438",2,2,0
"E00062439",2,1,1
"E00062440",2,1,1
"E00062441",2,1,1
"E00062442",1,1,0
"E00062443",0,0,0
"E00062444",1,1,0
"E00062445",1,1,0
"E00062446",3,1,2
"E00062447",4,2,2
"E00062448",0,0,0
"E00062449",0,0,0
"E00062450",0,0,0
"E00062451",0,0,0
"E00062452",3,0,3
"E00062453",3,3,0
"E00062454",2,2,0
"E00062455",0,0,0
"E00062456",2,1,1
"E00062459",3,3,0
"E00062460",0,0,0
"E00062461",0,0,0
"E00062462",2,1,1
"E00062463",0,0,0
"E00062464",2,2,0
"E00062465",1,0,1
"E00062466",2,0,2
"E00062467",3,2,1
"E00062468",4,1,3
"E00062469",2,2,0
"E00062470",4,2,2
"E00062471",0,0,0
"E00062472",0,0,0
"E00062473",2,1,1
"E00062474",0,0,0
"E00062475",5,3,2
"E00062477",1,1,0
"E00062478",5,0,5
"E00062479",1,1,0
"E00062480",8,5,3
"E00062481",10,5,5
"E00062482",3,2,1
"E00062483",7,5,2
"E00062484",5,2,3
"E00062485",14,5,9
"E00062486",4,1,3
"E00062487",10,6,4
"E00062488",0,0,0
"E00062489",1,1,0
"E00062490",2,1,1
"E00062491",7,4,3
"E00062492",3,1,2
"E00062493",2,0,2
"E00062494",2,2,0
"E00062495",0,0,0
"E00062497",6,5,1
"E00062498",2,1,1
"E00062499",3,3,0
"E00062500",2,0,2
"E00062501",0,0,0
"E00062502",4,3,1
"E00062503",2,2,0
"E00062504",2,0,2
"E00062505",0,0,0
"E00062506",1,1,0
"E00062507",1,1,0
"E00062508",1,1,0
"E00062509",3,0,3
"E00062510",1,1,0
"E00062511",3,2,1
"E00062513",2,1,1
"E00062514",2,2,0
"E00062515",0,0,0
"E00062516",6,4,2
"E00062517",2,0,2
"E00062518",4,2,2
"E00062519",4,2,2
"E00062520",1,0,1
"E00062521",3,1,2
"E00062522",2,0,2
"E00062523",5,3,2
"E00062524",4,2,2
"E00062525",0,0,0
"E00062526",4,1,3
"E00062527",1,0,1
"E00062529",8,4,4
"E00062530",3,1,2
"E00062531",0,0,0
"E00062532",2,0,2
"E00062533",0,0,0
"E00062534",0,0,0
"E00062535",1,1,0
"E00062536",3,1,2
"E00062537",2,0,2
"E00062538",0,0,0
"E00062539",5,3,2
"E00062540",0,0,0
"E00062541",1,0,1
"E00062542",1,1,0
"E00062543",0,0,0
"E00062544",1,1,0
"E00062545",2,1,1
"E00062546",2,1,1
"E00062547",2,2,0
"E00062548",2,1,1
"E00062549",1,1,0
"E00062550",0,0,0
"E00062551",1,1,0
"E00062552",2,2,0
"E00062553",0,0,0
"E00062554",0,0,0
"E00062555",8,7,1
"E00062556",2,1,1
"E00062557",6,3,3
"E00062558",1,0,1
"E00062559",1,1,0
"E00062560",3,2,1
"E00062561",4,1,3
"E00062562",2,1,1
"E00062563",2,1,1
"E00062564",3,2,1
"E00062565",0,0,0
"E00062566",2,1,1
"E00062567",4,0,4
"E00062568",7,4,3
"E00062569",5,3,2
"E00062570",2,1,1
"E00062571",0,0,0
"E00062572",5,4,1
"E00062573",0,0,0
"E00062574",3,0,3
"E00062575",1,0,1
"E00062576",1,0,1
"E00062577",2,0,2
"E00062578",1,1,0
"E00062579",0,0,0
"E00062580",4,3,1
"E00062581",2,0,2
"E00062582",2,1,1
"E00062583",5,3,2
"E00062584",1,0,1
"E00062585",0,0,0
"E00062586",2,1,1
"E00062587",0,0,0
"E00062588",4,2,2
"E00062589",5,3,2
"E00062590",0,0,0
"E00062591",2,2,0
"E00062592",2,1,1
"E00062593",6,2,4
"E00062594",3,1,2
"E00062595",2,2,0
"E00062596",0,0,0
"E00062597",2,0,2
"E00062598",6,4,2
"E00062599",1,0,1
"E00062600",0,0,0
"E00062601",6,3,3
"E00062602",4,3,1
"E00062603",2,2,0
"E00062604",0,0,0
"E00062605",0,0,0
"E00062606",3,0,3
"E00062607",2,2,0
"E00062608",5,3,2
"E00062609",0,0,0
"E00062610",1,0,1
"E00062611",3,0,3
"E00062612",6,2,4
"E00062613",1,1,0
"E00062614",1,0,1
"E00062615",7,5,2
"E00062616",3,1,2
"E00062617",1,1,0
"E00062618",3,2,1
"E00062619",2,2,0
"E00062620",0,0,0
"E00062621",0,0,0
"E00062622",1,1,0
"E00062623",4,1,3
"E00062624",7,2,5
"E00062625",6,3,3
"E00062626",0,0,0
"E00062627",4,3,1
"E00062628",5,3,2
"E00062629",0,0,0
"E00062630",2,2,0
"E00062631",0,0,0
"E00062632",1,0,1
"E00062633",7,1,6
"E00062634",4,2,2
"E00062635",5,0,5
"E00062636",4,0,4
"E00062637",1,0,1
"E00062638",0,0,0
"E00062639",0,0,0
"E00062640",3,1,2
"E00062641",0,0,0
"E00062642",6,1,5
"E00062643",3,1,2
"E00062644",3,1,2
"E00062645",0,0,0
"E00062646",2,1,1
"E00062647",0,0,0
"E00062648",5,2,3
"E00062649",4,2,2
"E00062650",1,0,1
"E00062651",2,0,2
"E00062652",1,1,0
"E00062653",7,4,3
"E00062654",3,2,1
"E00062655",2,1,1
"E00062656",1,1,0
"E00062657",0,0,0
"E00062658",1,0,1
"E00062659",3,1,2
"E00062660",3,2,1
"E00062661",9,5,4
"E00062662",3,0,3
"E00062663",0,0,0
"E00062664",3,3,0
"E00062665",1,0,1
"E00062666",1,0,1
"E00062667",4,3,1
"E00062668",3,1,2
"E00062669",2,0,2
"E00062670",1,1,0
"E00062671",0,0,0
"E00062672",0,0,0
"E00062673",8,3,5
"E00062674",4,1,3
"E00062675",3,0,3
"E00062676",2,1,1
"E00062677",2,2,0
"E00062678",3,2,1
"E00062680",1,1,0
"E00062681",0,0,0
"E00062682",2,1,1
"E00062683",1,1,0
"E00062684",6,1,5
"E00062685",1,0,1
"E00062686",2,2,0
"E00062687",2,2,0
"E00062688",5,2,3
"E00062689",4,2,2
"E00062690",2,0,2
"E00062691",2,1,1
"E00062692",0,0,0
"E00062693",6,3,3
"E00062694",2,0,2
"E00062695",1,1,0
"E00062696",2,0,2
"E00062697",0,0,0
"E00062698",5,2,3
"E00062699",2,2,0
"E00062701",0,0,0
"E00062702",1,1,0
"E00062703",3,2,1
"E00062705",1,0,1
"E00062707",7,3,4
"E00062708",6,2,4
"E00062709",7,2,5
"E00062710",6,2,4
"E00062711",4,2,2
"E00062712",7,4,3
"E00062713",1,0,1
"E00062714",5,2,3
"E00062715",0,0,0
"E00062716",1,1,0
"E00062717",0,0,0
"E00062718",1,1,0
"E00062719",1,0,1
"E00062720",2,0,2
"E00062721",0,0,0
"E00062722",3,2,1
"E00062723",1,1,0
"E00062724",0,0,0
"E00062725",7,2,5
"E00062726",0,0,0
"E00062727",4,1,3
"E00062728",3,2,1
"E00062729",1,1,0
"E00062730",2,0,2
"E00062731",1,0,1
"E00062732",3,3,0
"E00062733",5,4,1
"E00062734",2,0,2
"E00062735",0,0,0
"E00062736",2,1,1
"E00062737",3,0,3
"E00062738",0,0,0
"E00062739",4,2,2
"E00062740",3,1,2
"E00062741",0,0,0
"E00062742",0,0,0
"E00062743",2,2,0
"E00062744",0,0,0
"E00062745",0,0,0
"E00062746",2,1,1
"E00062747",1,0,1
"E00062748",0,0,0
"E00062749",5,1,4
"E00062751",0,0,0
"E00062752",6,2,4
"E00062753",0,0,0
"E00062754",1,0,1
"E00062755",0,0,0
"E00062756",1,1,0
"E00062757",1,0,1
"E00062758",0,0,0
"E00062759",1,0,1
"E00062760",4,2,2
"E00062761",2,0,2
"E00062762",4,0,4
"E00062763",2,1,1
"E00062764",4,1,3
"E00062765",2,1,1
"E00062766",0,0,0
"E00062767",3,2,1
"E00062768",2,1,1
"E00062769",0,0,0
"E00062770",0,0,0
"E00062771",13,10,3
"E00062772",8,1,7
"E00062773",13,5,8
"E00062774",3,3,0
"E00062775",15,8,7
"E00062776",28,13,15
"E00062777",10,5,5
"E00062778",14,4,10
"E00062779",5,1,4
"E00062780",18,13,5
"E00062781",6,4,2
"E00062782",12,5,7
"E00062783",11,3,8
"E00062784",21,8,13
"E00062785",8,4,4
"E00062786",9,4,5
"E00062787",3,1,2
"E00062788",7,3,4
"E00062789",6,3,3
"E00062791",8,3,5
"E00062792",0,0,0
"E00062794",4,1,3
"E00062796",4,1,3
"E00062797",11,7,4
"E00062798",7,5,2
"E00062799",8,5,3
"E00062800",16,8,8
"E00062801",15,10,5
"E00062802",1,0,1
"E00062804",1,0,1
"E00062805",4,1,3
"E00062807",3,0,3
"E00062808",2,1,1
"E00062809",4,2,2
"E00062810",1,0,1
"E00062811",1,1,0
"E00062812",0,0,0
"E00062813",2,0,2
"E00062814",0,0,0
"E00062815",4,2,2
"E00062816",3,1,2
"E00062817",2,2,0
"E00062818",0,0,0
"E00062819",1,1,0
"E00062820",0,0,0
"E00062821",0,0,0
"E00062822",1,1,0
"E00062823",0,0,0
"E00062824",1,1,0
"E00062825",0,0,0
"E00062826",1,1,0
"E00062827",0,0,0
"E00062828",0,0,0
"E00062829",0,0,0
"E00062830",2,1,1
"E00062831",2,0,2
"E00062832",3,1,2
"E00062833",0,0,0
"E00062834",1,0,1
"E00062835",1,0,1
"E00062837",4,3,1
"E00062838",4,1,3
"E00062839",0,0,0
"E00062840",6,5,1
"E00062841",0,0,0
"E00062842",5,3,2
"E00062843",8,2,6
"E00062844",2,1,1
"E00062845",1,0,1
"E00062846",2,2,0
"E00062847",4,1,3
"E00062848",3,2,1
"E00062849",10,6,4
"E00062850",2,1,1
"E00062852",2,0,2
"E00062853",6,3,3
"E00062855",3,3,0
"E00062856",8,3,5
"E00062857",0,0,0
"E00062858",0,0,0
"E00062859",5,2,3
"E00062860",0,0,0
"E00062861",5,4,1
"E00062862",2,1,1
"E00062864",4,2,2
"E00062865",5,1,4
"E00062867",2,0,2
"E00062868",0,0,0
"E00062869",6,2,4
"E00062870",0,0,0
"E00062873",0,0,0
"E00062874",5,0,5
"E00062875",5,4,1
"E00062876",4,2,2
"E00062877",4,2,2
"E00062878",0,0,0
"E00062879",0,0,0
"E00062880",1,0,1
"E00062881",9,6,3
"E00062882",1,0,1
"E00062883",2,1,1
"E00062884",0,0,0
"E00062885",1,0,1
"E00062886",1,0,1
"E00062887",4,1,3
"E00062888",1,0,1
"E00062889",0,0,0
"E00062890",2,0,2
"E00062891",6,4,2
"E00062893",0,0,0
"E00062894",7,5,2
"E00062895",9,5,4
"E00062896",4,3,1
"E00062897",9,5,4
"E00062898",6,2,4
"E00062899",8,5,3
"E00062901",1,1,0
"E00062902",7,2,5
"E00062903",3,3,0
"E00062904",19,4,15
"E00062905",4,1,3
"E00062907",5,3,2
"E00062908",7,3,4
"E00062909",9,6,3
"E00062910",5,3,2
"E00062911",19,10,9
"E00062912",1,0,1
"E00062913",4,3,1
"E00062915",0,0,0
"E00062916",12,7,5
"E00062917",4,2,2
"E00062918",6,3,3
"E00062919",7,3,4
"E00062920",4,3,1
"E00062921",9,5,4
"E00062922",5,4,1
"E00062923",3,2,1
"E00062924",10,3,7
"E00062925",4,3,1
"E00062926",5,1,4
"E00062927",7,4,3
"E00062928",5,1,4
"E00062929",5,4,1
"E00062930",2,2,0
"E00062932",0,0,0
"E00062933",1,1,0
"E00062934",2,1,1
"E00062935",2,1,1
"E00062936",0,0,0
"E00062937",2,1,1
"E00062938",0,0,0
"E00062939",0,0,0
"E00062940",3,2,1
"E00062941",1,0,1
"E00062942",1,1,0
"E00062943",0,0,0
"E00062944",0,0,0
"E00062945",2,1,1
"E00062946",1,0,1
"E00062947",0,0,0
"E00062948",0,0,0
"E00062949",0,0,0
"E00062950",0,0,0
"E00062951",2,0,2
"E00062952",3,1,2
"E00062953",4,2,2
"E00062954",0,0,0
"E00062955",7,4,3
"E00062956",3,2,1
"E00062957",0,0,0
"E00062958",2,0,2
"E00062960",1,1,0
"E00062961",3,2,1
"E00062962",1,0,1
"E00062963",2,0,2
"E00062964",3,2,1
"E00062965",0,0,0
"E00062967",2,1,1
"E00062968",0,0,0
"E00062969",0,0,0
"E00062970",9,5,4
"E00062971",6,4,2
"E00062972",4,1,3
"E00062973",4,1,3
"E00062974",10,4,6
"E00062975",8,6,2
"E00062976",7,2,5
"E00062977",7,6,1
"E00062978",10,7,3
"E00062979",13,8,5
"E00062980",3,2,1
"E00062981",14,4,10
"E00062982",10,4,6
"E00062983",1,0,1
"E00062984",9,5,4
"E00062985",5,3,2
"E00062986",9,5,4
"E00062987",11,7,4
"E00062988",8,6,2
"E00062989",6,3,3
"E00062990",1,0,1
"E00062991",3,3,0
"E00062992",9,2,7
"E00062993",3,1,2
"E00062994",4,3,1
"E00062995",8,5,3
"E00062996",15,12,3
"E00062997",7,3,4
"E00062998",5,1,4
"E00062999",5,2,3
"E00063000",2,0,2
"E00063001",5,3,2
"E00063002",2,1,1
"E00063003",1,1,0
"E00063004",2,2,0
"E00063005",2,1,1
"E00063006",2,0,2
"E00063007",4,2,2
"E00063008",6,3,3
"E00063009",1,1,0
"E00063010",7,3,4
"E00063011",10,3,7
"E00063012",7,5,2
"E00063013",4,1,3
"E00063014",2,1,1
"E00063015",10,6,4
"E00063016",4,3,1
"E00063017",4,2,2
"E00063018",1,0,1
"E00063019",5,2,3
"E00063020",5,3,2
"E00063021",0,0,0
"E00063022",6,2,4
"E00063023",4,1,3
"E00063024",3,1,2
"E00063025",5,1,4
"E00063026",3,1,2
"E00063027",3,1,2
"E00063028",9,4,5
"E00063029",4,1,3
"E00063030",1,0,1
"E00063031",4,0,4
"E00063032",3,0,3
"E00063033",3,2,1
"E00063034",0,0,0
"E00063035",12,4,8
"E00063036",4,4,0
"E00063037",4,2,2
"E00063038",5,3,2
"E00063039",6,4,2
"E00063041",3,1,2
"E00063042",2,0,2
"E00063043",1,1,0
"E00063044",2,1,1
"E00063045",10,4,6
"E00063046",2,2,0
"E00063047",3,0,3
"E00063048",2,1,1
"E00063049",2,2,0
"E00063050",3,0,3
"E00063051",7,4,3
"E00063052",10,6,4
"E00063053",12,8,4
"E00063054",18,9,9
"E00063055",17,9,8
"E00063056",4,2,2
"E00063057",5,3,2
"E00063058",8,3,5
"E00063059",7,4,3
"E00063060",3,3,0
"E00063061",1,0,1
"E00063062",3,1,2
"E00063063",0,0,0
"E00063064",1,1,0
"E00063068",1,0,1
"E00063069",0,0,0
"E00063070",0,0,0
"E00063071",2,1,1
"E00063072",1,1,0
"E00063073",0,0,0
"E00063074",0,0,0
"E00063075",0,0,0
"E00063076",1,0,1
"E00063077",3,1,2
"E00063078",1,0,1
"E00063079",4,1,3
"E00063080",4,2,2
"E00063081",5,3,2
"E00063082",2,1,1
"E00063083",0,0,0
"E00063084",2,0,2
"E00063085",3,1,2
"E00063086",3,2,1
"E00063087",0,0,0
"E00063088",1,0,1
"E00063089",4,2,2
"E00063091",1,1,0
"E00063092",0,0,0
"E00063093",2,2,0
"E00063094",1,0,1
"E00063095",0,0,0
"E00063096",2,1,1
"E00063097",1,0,1
"E00063098",0,0,0
"E00063099",3,1,2
"E00063100",5,2,3
"E00063101",0,0,0
"E00063102",2,2,0
"E00063103",4,3,1
"E00063104",0,0,0
"E00063105",0,0,0
"E00063106",2,0,2
"E00063107",5,3,2
"E00063108",0,0,0
"E00063109",0,0,0
"E00063110",0,0,0
"E00063111",13,5,8
"E00063113",7,3,4
"E00063114",5,1,4
"E00063115",5,1,4
"E00063116",4,1,3
"E00063117",3,1,2
"E00063118",14,5,9
"E00063119",9,6,3
"E00063120",5,3,2
"E00063121",2,0,2
"E00063122",11,3,8
"E00063123",10,3,7
"E00063124",6,3,3
"E00063125",8,3,5
"E00063126",1,1,0
"E00063127",4,2,2
"E00063128",7,4,3
"E00063129",7,2,5
"E00063130",1,0,1
"E00063131",17,8,9
"E00063132",5,2,3
"E00063133",7,2,5
"E00063134",14,7,7
"E00063135",18,7,11
"E00063136",14,9,5
"E00063137",8,4,4
"E00063138",3,2,1
"E00063139",14,3,11
"E00063140",3,1,2
"E00063141",7,2,5
"E00063142",16,3,13
"E00063143",8,5,3
"E00063144",7,1,6
"E00063145",5,1,4
"E00063146",1,1,0
"E00063147",2,1,1
"E00063148",0,0,0
"E00063149",0,0,0
"E00063150",2,1,1
"E00063151",1,0,1
"E00063152",4,2,2
"E00063153",1,1,0
"E00063154",2,0,2
"E00063155",2,1,1
"E00063156",2,1,1
"E00063157",6,2,4
"E00063158",1,1,0
"E00063159",3,2,1
"E00063160",0,0,0
"E00063161",1,0,1
"E00063162",1,0,1
"E00063163",2,1,1
"E00063164",5,1,4
"E00063165",0,0,0
"E00063166",0,0,0
"E00063167",1,1,0
"E00063168",3,2,1
"E00063169",1,1,0
"E00063170",5,3,2
"E00063171",3,2,1
"E00063172",2,1,1
"E00063173",1,0,1
"E00063174",3,1,2
"E00063175",0,0,0
"E00063176",0,0,0
"E00063177",0,0,0
"E00063178",0,0,0
"E00063179",3,2,1
"E00063180",1,0,1
"E00063181",3,2,1
"E00063182",4,3,1
"E00063183",0,0,0
"E00063184",5,0,5
"E00063185",5,1,4
"E00063186",4,3,1
"E00063187",5,1,4
"E00063188",7,3,4
"E00063189",6,3,3
"E00063190",4,3,1
"E00063191",1,1,0
"E00063192",1,0,1
"E00063193",0,0,0
"E00063194",2,2,0
"E00063195",4,4,0
"E00063196",2,2,0
"E00063197",2,1,1
"E00063198",10,6,4
"E00063199",3,1,2
"E00063200",3,3,0
"E00063201",1,1,0
"E00063202",4,0,4
"E00063203",4,0,4
"E00063204",3,3,0
"E00063205",2,1,1
"E00063206",6,1,5
"E00063207",6,2,4
"E00063208",0,0,0
"E00063209",4,2,2
"E00063210",1,1,0
"E00063211",0,0,0
"E00063212",0,0,0
"E00063213",0,0,0
"E00063214",0,0,0
"E00063215",3,1,2
"E00063216",4,3,1
"E00063217",0,0,0
"E00063218",1,1,0
"E00063219",1,0,1
"E00063220",0,0,0
"E00063221",2,0,2
"E00063222",9,6,3
"E00063223",0,0,0
"E00063224",1,0,1
"E00063225",2,1,1
"E00063226",4,0,4
"E00063227",0,0,0
"E00063228",2,2,0
"E00063229",2,0,2
"E00063230",1,1,0
"E00063231",0,0,0
"E00063232",0,0,0
"E00063233",1,1,0
"E00063234",4,1,3
"E00063235",3,2,1
"E00063236",1,1,0
"E00063237",0,0,0
"E00063238",3,0,3
"E00063239",6,2,4
"E00063240",0,0,0
"E00063241",4,2,2
"E00063242",5,3,2
"E00063243",3,3,0
"E00063244",1,0,1
"E00063245",2,2,0
"E00063246",11,8,3
"E00063247",4,3,1
"E00063248",5,3,2
"E00063249",2,1,1
"E00063250",3,1,2
"E00063251",1,0,1
"E00063252",3,1,2
"E00063253",1,0,1
"E00063254",5,2,3
"E00063255",8,5,3
"E00063256",3,1,2
"E00063258",7,2,5
"E00063259",4,2,2
"E00063260",1,0,1
"E00063261",3,3,0
"E00063262",0,0,0
"E00063263",1,0,1
"E00063264",1,0,1
"E00063265",3,1,2
"E00063266",2,1,1
"E00063267",1,0,1
"E00063268",2,1,1
"E00063269",2,0,2
"E00063270",1,1,0
"E00063271",1,1,0
"E00063272",0,0,0
"E00063273",3,1,2
"E00063274",0,0,0
"E00063275",2,1,1
"E00063276",0,0,0
"E00063277",1,1,0
"E00063278",2,1,1
"E00063279",2,1,1
"E00063281",7,4,3
"E00063282",1,0,1
"E00063283",1,0,1
"E00063284",1,1,0
"E00063285",7,5,2
"E00063286",0,0,0
"E00063287",3,2,1
"E00063288",1,0,1
"E00063289",1,1,0
"E00063290",1,0,1
"E00063291",5,5,0
"E00063292",1,1,0
"E00063293",3,2,1
"E00063294",5,3,2
"E00063295",2,1,1
"E00063296",5,2,3
"E00063297",2,1,1
"E00063298",0,0,0
"E00063299",6,3,3
"E00063300",9,4,5
"E00063301",1,1,0
"E00063302",2,1,1
"E00063303",5,4,1
"E00063304",1,1,0
"E00063305",2,0,2
"E00063306",1,1,0
"E00063307",4,2,2
"E00063308",10,6,4
"E00063309",7,2,5
"E00063310",3,2,1
"E00063311",4,3,1
"E00063312",4,2,2
"E00063313",0,0,0
"E00063314",2,2,0
"E00063315",1,0,1
"E00063316",6,2,4
"E00063317",4,3,1
"E00063318",0,0,0
"E00063319",4,2,2
"E00063320",1,0,1
"E00063321",3,2,1
"E00063322",5,4,1
"E00063323",12,7,5
"E00063324",4,3,1
"E00063325",4,1,3
"E00063326",5,3,2
"E00063327",0,0,0
"E00063328",1,0,1
"E00063329",5,3,2
"E00063330",0,0,0
"E00063331",5,2,3
"E00063332",2,1,1
"E00063333",1,1,0
"E00063334",2,1,1
"E00063335",6,3,3
"E00063336",7,2,5
"E00063337",4,2,2
"E00063338",1,1,0
"E00063339",6,4,2
"E00063340",6,2,4
"E00063341",5,3,2
"E00063342",5,4,1
"E00063343",4,3,1
"E00063344",6,4,2
"E00063345",5,2,3
"E00063346",9,7,2
"E00063347",3,1,2
"E00063348",2,2,0
"E00063349",6,2,4
"E00063350",7,5,2
"E00063351",1,0,1
"E00063352",5,3,2
"E00063353",4,1,3
"E00063354",11,5,6
"E00063355",9,6,3
"E00063356",7,2,5
"E00063357",8,2,6
"E00063358",5,1,4
"E00063359",7,2,5
"E00063360",11,5,6
"E00063361",7,4,3
"E00063362",17,9,8
"E00063363",7,3,4
"E00063364",10,2,8
"E00063365",16,6,10
"E00063366",1,1,0
"E00063367",4,1,3
"E00063368",0,0,0
"E00063369",5,1,4
"E00063370",3,2,1
"E00063371",8,3,5
"E00063372",11,4,7
"E00063374",7,4,3
"E00063375",7,4,3
"E00063378",4,1,3
"E00063379",2,1,1
"E00063380",2,0,2
"E00063381",19,12,7
"E00063382",8,4,4
"E00063384",3,0,3
"E00063389",1,0,1
"E00063390",4,3,1
"E00063391",6,3,3
"E00063392",0,0,0
"E00063393",10,6,4
"E00063394",6,4,2
"E00063395",0,0,0
"E00063397",8,6,2
"E00063398",1,0,1
"E00063399",3,2,1
"E00063400",7,4,3
"E00063401",8,4,4
"E00063402",3,2,1
"E00063403",7,3,4
"E00063404",2,2,0
"E00063405",5,4,1
"E00063406",7,5,2
"E00063407",2,1,1
"E00063408",3,0,3
"E00063409",1,1,0
"E00063410",1,0,1
"E00063411",3,2,1
"E00063412",2,1,1
"E00063413",2,2,0
"E00063414",1,1,0
"E00063415",0,0,0
"E00063416",1,0,1
"E00063417",5,3,2
"E00063418",4,1,3
"E00063419",8,2,6
"E00063420",6,3,3
"E00063421",1,1,0
"E00063422",9,4,5
"E00063423",5,2,3
"E00063425",3,3,0
"E00063426",9,4,5
"E00063427",6,4,2
"E00063428",3,1,2
"E00063429",7,5,2
"E00063430",2,2,0
"E00063431",2,1,1
"E00063432",6,2,4
"E00063433",3,2,1
"E00063434",6,3,3
"E00063435",21,11,10
"E00063436",11,3,8
"E00063437",6,4,2
"E00063438",4,2,2
"E00063439",6,3,3
"E00063440",0,0,0
"E00063441",11,8,3
"E00063443",1,0,1
"E00063444",14,6,8
"E00063445",6,2,4
"E00063446",3,1,2
"E00063447",8,4,4
"E00063448",5,2,3
"E00063449",5,2,3
"E00063450",6,2,4
"E00063451",4,2,2
"E00063452",7,1,6
"E00063453",9,5,4
"E00063454",7,5,2
"E00063455",1,0,1
"E00063456",7,6,1
"E00063457",3,0,3
"E00063458",10,1,9
"E00063459",14,7,7
"E00063460",9,4,5
"E00063461",2,2,0
"E00063462",4,4,0
"E00063463",6,3,3
"E00063464",7,3,4
"E00063465",16,10,6
"E00063466",5,3,2
"E00063467",1,0,1
"E00063468",8,2,6
"E00063469",1,1,0
"E00063470",0,0,0
"E00063471",1,0,1
"E00063472",0,0,0
"E00063473",0,0,0
"E00063474",1,1,0
"E00063475",2,1,1
"E00063476",2,2,0
"E00063477",2,2,0
"E00063478",1,1,0
"E00063479",0,0,0
"E00063480",1,1,0
"E00063481",1,1,0
"E00063482",5,1,4
"E00063483",0,0,0
"E00063484",7,4,3
"E00063485",3,3,0
"E00063486",3,2,1
"E00063487",4,3,1
"E00063488",3,1,2
"E00063489",11,5,6
"E00063490",0,0,0
"E00063491",3,0,3
"E00063492",1,0,1
"E00063493",1,1,0
"E00063494",1,1,0
"E00063495",4,1,3
"E00063496",3,1,2
"E00063497",0,0,0
"E00063498",0,0,0
"E00063499",1,1,0
"E00063500",1,0,1
"E00063501",2,2,0
"E00063502",1,0,1
"E00063503",1,0,1
"E00063504",0,0,0
"E00063505",0,0,0
"E00063506",2,0,2
"E00063507",3,1,2
"E00063508",7,5,2
"E00063509",0,0,0
"E00063510",1,0,1
"E00063511",1,0,1
"E00063512",0,0,0
"E00063513",5,2,3
"E00063514",3,1,2
"E00063515",1,1,0
"E00063517",1,0,1
"E00063518",0,0,0
"E00063520",2,1,1
"E00063521",2,2,0
"E00063522",2,1,1
"E00063523",5,4,1
"E00063525",0,0,0
"E00063526",8,6,2
"E00063527",1,0,1
"E00063528",0,0,0
"E00063529",1,1,0
"E00063530",1,0,1
"E00063531",2,2,0
"E00063532",1,1,0
"E00063533",2,2,0
"E00063534",0,0,0
"E00063535",2,1,1
"E00063536",2,1,1
"E00063537",0,0,0
"E00063538",4,2,2
"E00063539",3,3,0
"E00063540",2,0,2
"E00063541",6,4,2
"E00063542",4,3,1
"E00063543",1,1,0
"E00063544",0,0,0
"E00063545",0,0,0
"E00063546",7,3,4
"E00063547",1,0,1
"E00063549",0,0,0
"E00063550",5,4,1
"E00063551",2,1,1
"E00063552",1,1,0
"E00063553",2,2,0
"E00063554",2,0,2
"E00063555",0,0,0
"E00063556",2,1,1
"E00063557",1,0,1
"E00063558",1,1,0
"E00063559",2,2,0
"E00063560",1,1,0
"E00063561",2,1,1
"E00063562",8,5,3
"E00063563",1,1,0
"E00063564",5,5,0
"E00063565",7,1,6
"E00063566",5,3,2
"E00063567",4,2,2
"E00063568",5,3,2
"E00063569",2,0,2
"E00063570",7,4,3
"E00063571",5,3,2
"E00063572",3,3,0
"E00063573",10,7,3
"E00063574",4,2,2
"E00063575",5,3,2
"E00063576",1,1,0
"E00063577",7,4,3
"E00063578",10,7,3
"E00063579",7,3,4
"E00063580",11,6,5
"E00063581",4,3,1
"E00063582",2,2,0
"E00063583",3,3,0
"E00063584",4,2,2
"E00063585",8,3,5
"E00063586",5,4,1
"E00063587",6,2,4
"E00063588",2,1,1
"E00063589",6,2,4
"E00063590",1,0,1
"E00063591",1,1,0
"E00063592",2,1,1
"E00063593",5,2,3
"E00063594",0,0,0
"E00063595",1,1,0
"E00063596",1,1,0
"E00063597",0,0,0
"E00063598",2,0,2
"E00063599",1,0,1
"E00063600",4,2,2
"E00063601",4,2,2
"E00063602",4,3,1
"E00063603",6,5,1
"E00063604",0,0,0
"E00063605",0,0,0
"E00063606",0,0,0
"E00063607",6,1,5
"E00063608",6,3,3
"E00063609",4,3,1
"E00063610",3,1,2
"E00063611",1,0,1
"E00063612",1,1,0
"E00063613",2,2,0
"E00063614",6,3,3
"E00063615",4,4,0
"E00063616",5,3,2
"E00063617",3,2,1
"E00063618",2,1,1
"E00063619",1,1,0
"E00063620",4,4,0
"E00063621",2,0,2
"E00063622",3,1,2
"E00063623",0,0,0
"E00063624",2,0,2
"E00063625",4,2,2
"E00063626",0,0,0
"E00063627",5,2,3
"E00063628",0,0,0
"E00063629",1,0,1
"E00063630",0,0,0
"E00063631",3,2,1
"E00063632",0,0,0
"E00063633",2,0,2
"E00063634",1,0,1
"E00063635",4,4,0
"E00063636",2,1,1
"E00063637",2,0,2
"E00063638",2,0,2
"E00063639",7,2,5
"E00063640",0,0,0
"E00063641",1,1,0
"E00063642",2,0,2
"E00063643",3,0,3
"E00063644",0,0,0
"E00063645",0,0,0
"E00063646",1,0,1
"E00063647",0,0,0
"E00063648",2,0,2
"E00063649",6,4,2
"E00063650",9,5,4
"E00063651",11,3,8
"E00063652",9,5,4
"E00063653",12,5,7
"E00063654",5,4,1
"E00063655",3,2,1
"E00063656",9,3,6
"E00063657",7,3,4
"E00063658",6,1,5
"E00063659",7,6,1
"E00063660",7,4,3
"E00063661",9,6,3
"E00063662",5,2,3
"E00063663",0,0,0
"E00063664",0,0,0
"E00063665",13,6,7
"E00063666",3,3,0
"E00063667",0,0,0
"E00063668",11,3,8
"E00063669",1,0,1
"E00063671",1,0,1
"E00063672",5,2,3
"E00063673",1,1,0
"E00063674",5,2,3
"E00063675",5,3,2
"E00063676",8,0,8
"E00063677",2,2,0
"E00063679",2,2,0
"E00063680",1,1,0
"E00063681",1,1,0
"E00063682",6,4,2
"E00063683",7,3,4
"E00063684",4,4,0
"E00063685",0,0,0
"E00063686",1,1,0
"E00063687",0,0,0
"E00063688",10,6,4
"E00063689",3,2,1
"E00063690",7,5,2
"E00063691",1,0,1
"E00063692",4,2,2
"E00063693",6,4,2
"E00063694",0,0,0
"E00063695",4,3,1
"E00063696",1,0,1
"E00063697",1,1,0
"E00063698",3,1,2
"E00063699",3,2,1
"E00063700",4,1,3
"E00063701",0,0,0
"E00063702",1,0,1
"E00063703",1,0,1
"E00063704",2,2,0
"E00063705",10,4,6
"E00063706",2,2,0
"E00063707",4,4,0
"E00063708",0,0,0
"E00063709",2,2,0
"E00063710",1,1,0
"E00063711",7,3,4
"E00063712",0,0,0
"E00063713",3,2,1
"E00063714",3,2,1
"E00063715",5,2,3
"E00063716",1,1,0
"E00063717",1,0,1
"E00063718",0,0,0
"E00063719",3,1,2
"E00063720",4,3,1
"E00063721",0,0,0
"E00063722",2,1,1
"E00063723",0,0,0
"E00063724",1,1,0
"E00063725",0,0,0
"E00063726",4,3,1
"E00063727",6,3,3
"E00063728",5,2,3
"E00063729",7,5,2
"E00063730",1,0,1
"E00063731",3,1,2
"E00063732",2,1,1
"E00063733",2,1,1
"E00063734",2,2,0
"E00063735",5,2,3
"E00063736",6,4,2
"E00063737",12,6,6
"E00063738",6,3,3
"E00063739",6,3,3
"E00063740",6,3,3
"E00063741",3,2,1
"E00063742",4,3,1
"E00063743",1,0,1
"E00063744",2,1,1
"E00063745",1,1,0
"E00063746",2,2,0
"E00063747",1,0,1
"E00063748",1,0,1
"E00063749",0,0,0
"E00063750",4,3,1
"E00063751",4,3,1
"E00063752",4,1,3
"E00063753",4,3,1
"E00063754",3,1,2
"E00063755",2,1,1
"E00063756",5,3,2
"E00063757",1,0,1
"E00063758",0,0,0
"E00063759",1,1,0
"E00063760",2,1,1
"E00063761",0,0,0
"E00063762",1,0,1
"E00063763",1,1,0
"E00063764",0,0,0
"E00063765",0,0,0
"E00063766",2,1,1
"E00063767",6,2,4
"E00063768",0,0,0
"E00063769",10,7,3
"E00063770",1,1,0
"E00063771",4,3,1
"E00063772",5,3,2
"E00063773",1,1,0
"E00063774",3,1,2
"E00063775",1,0,1
"E00063776",0,0,0
"E00063777",2,2,0
"E00063780",8,4,4
"E00063781",1,0,1
"E00063782",4,3,1
"E00063785",0,0,0
"E00063786",3,2,1
"E00063787",9,5,4
"E00063788",0,0,0
"E00063789",3,2,1
"E00063790",1,1,0
"E00063791",0,0,0
"E00063792",2,0,2
"E00063793",3,0,3
"E00063794",0,0,0
"E00063795",6,3,3
"E00063796",3,1,2
"E00063797",0,0,0
"E00063798",6,2,4
"E00063799",12,6,6
"E00063800",3,2,1
"E00063801",4,3,1
"E00063802",0,0,0
"E00063803",1,1,0
"E00063804",0,0,0
"E00063805",2,1,1
"E00063806",0,0,0
"E00063807",4,1,3
"E00063808",1,0,1
"E00063809",0,0,0
"E00063810",1,0,1
"E00063811",6,4,2
"E00063812",5,2,3
"E00063813",11,5,6
"E00063814",1,1,0
"E00063815",2,1,1
"E00063816",1,0,1
"E00063817",3,2,1
"E00063818",4,1,3
"E00063819",7,2,5
"E00063820",3,1,2
"E00063821",2,0,2
"E00063822",4,3,1
"E00063823",2,2,0
"E00063824",5,1,4
"E00063825",1,0,1
"E00063826",0,0,0
"E00063827",8,2,6
"E00063828",1,0,1
"E00063829",5,5,0
"E00063830",1,1,0
"E00063831",1,0,1
"E00063832",1,0,1
"E00063833",5,1,4
"E00063834",5,2,3
"E00063835",1,0,1
"E00063836",1,0,1
"E00063837",3,1,2
"E00063838",1,0,1
"E00063839",2,1,1
"E00063840",6,2,4
"E00063841",1,0,1
"E00063842",0,0,0
"E00063843",0,0,0
"E00063844",0,0,0
"E00063845",0,0,0
"E00063846",4,1,3
"E00063847",1,0,1
"E00063848",1,1,0
"E00063849",4,2,2
"E00063850",2,1,1
"E00063851",1,1,0
"E00063852",4,2,2
"E00063853",1,0,1
"E00063854",3,2,1
"E00063855",3,2,1
"E00063856",4,2,2
"E00063857",3,3,0
"E00063858",1,0,1
"E00063860",5,2,3
"E00063861",2,2,0
"E00063862",2,1,1
"E00063863",7,4,3
"E00063864",6,2,4
"E00063865",0,0,0
"E00063866",3,2,1
"E00063867",2,2,0
"E00063868",4,3,1
"E00063869",1,0,1
"E00063870",2,2,0
"E00063871",1,1,0
"E00063872",3,1,2
"E00063873",1,0,1
"E00063874",2,1,1
"E00063875",2,2,0
"E00063876",0,0,0
"E00063877",0,0,0
"E00063878",0,0,0
"E00063879",0,0,0
"E00063880",0,0,0
"E00063881",1,0,1
"E00063882",1,0,1
"E00063883",1,1,0
"E00063884",0,0,0
"E00063885",1,1,0
"E00063886",2,0,2
"E00063887",3,2,1
"E00063888",2,2,0
"E00063889",0,0,0
"E00063890",0,0,0
"E00063891",2,2,0
"E00063892",1,1,0
"E00063893",2,1,1
"E00063894",2,1,1
"E00063895",1,1,0
"E00063896",1,1,0
"E00063897",5,2,3
"E00063898",0,0,0
"E00063899",2,2,0
"E00063900",4,3,1
"E00063901",1,1,0
"E00063902",2,2,0
"E00063903",2,0,2
"E00063904",2,0,2
"E00063905",3,1,2
"E00063906",1,1,0
"E00063907",8,7,1
"E00063908",0,0,0
"E00063909",2,2,0
"E00063910",0,0,0
"E00063911",0,0,0
"E00063912",0,0,0
"E00063913",0,0,0
"E00063914",1,1,0
"E00063915",0,0,0
"E00063916",0,0,0
"E00063917",1,1,0
"E00063918",0,0,0
"E00063919",1,0,1
"E00063920",1,1,0
"E00063921",4,1,3
"E00063922",0,0,0
"E00063923",1,1,0
"E00063924",0,0,0
"E00063925",0,0,0
"E00063926",3,0,3
"E00063927",2,1,1
"E00063928",0,0,0
"E00063929",0,0,0
"E00063930",2,2,0
"E00063931",0,0,0
"E00063932",1,0,1
"E00063933",0,0,0
"E00063934",0,0,0
"E00063935",0,0,0
"E00063936",0,0,0
"E00063937",0,0,0
"E00063938",0,0,0
"E00063939",2,0,2
"E00063940",2,2,0
"E00063941",3,1,2
"E00063942",0,0,0
"E00063943",1,0,1
"E00063944",1,1,0
"E00063945",2,2,0
"E00063946",0,0,0
"E00063947",2,0,2
"E00063948",1,0,1
"E00063949",0,0,0
"E00063950",1,1,0
"E00063951",2,0,2
"E00063952",1,0,1
"E00063953",6,3,3
"E00063954",0,0,0
"E00063955",0,0,0
"E00063956",0,0,0
"E00063957",0,0,0
"E00063958",3,1,2
"E00063959",3,2,1
"E00063960",2,1,1
"E00063961",0,0,0
"E00063962",2,1,1
"E00063963",0,0,0
"E00063964",2,1,1
"E00063965",2,1,1
"E00063966",1,0,1
"E00063967",1,0,1
"E00063968",3,1,2
"E00063969",0,0,0
"E00063970",2,1,1
"E00063971",1,0,1
"E00063972",1,0,1
"E00063973",0,0,0
"E00063974",1,1,0
"E00063975",4,3,1
"E00063976",8,7,1
"E00063977",0,0,0
"E00063978",6,2,4
"E00063979",0,0,0
"E00063980",1,0,1
"E00063981",0,0,0
"E00063982",5,4,1
"E00063983",3,1,2
"E00063984",1,0,1
"E00063985",2,1,1
"E00063986",4,2,2
"E00063987",4,1,3
"E00063988",2,1,1
"E00063989",0,0,0
"E00063990",0,0,0
"E00063991",4,3,1
"E00063992",1,1,0
"E00063993",4,2,2
"E00063994",4,0,4
"E00063995",2,1,1
"E00063996",2,1,1
"E00063997",4,1,3
"E00063998",3,1,2
"E00063999",3,0,3
"E00064000",0,0,0
"E00064001",2,2,0
"E00064002",1,0,1
"E00064003",5,1,4
"E00064004",0,0,0
"E00064005",3,2,1
"E00064006",4,1,3
"E00064007",4,3,1
"E00064008",4,2,2
"E00064009",6,1,5
"E00064010",2,2,0
"E00064011",1,0,1
"E00064012",1,1,0
"E00064013",3,1,2
"E00064014",7,3,4
"E00064015",4,1,3
"E00064016",3,2,1
"E00064017",0,0,0
"E00064018",2,0,2
"E00064019",1,0,1
"E00064020",1,0,1
"E00064021",5,2,3
"E00064022",2,1,1
"E00064023",4,2,2
"E00064024",3,1,2
"E00064025",3,2,1
"E00064026",0,0,0
"E00064027",1,0,1
"E00064028",1,1,0
"E00064029",1,0,1
"E00064030",3,1,2
"E00064031",3,2,1
"E00064032",5,2,3
"E00064033",3,1,2
"E00064034",0,0,0
"E00064035",0,0,0
"E00064036",0,0,0
"E00064037",3,0,3
"E00064038",6,2,4
"E00064039",1,1,0
"E00064040",1,1,0
"E00064041",1,1,0
"E00064042",0,0,0
"E00064043",4,2,2
"E00064044",5,4,1
"E00064045",0,0,0
"E00064046",3,1,2
"E00064047",4,3,1
"E00064048",3,1,2
"E00064049",2,2,0
"E00064050",2,1,1
"E00064051",1,1,0
"E00064052",3,2,1
"E00064053",2,0,2
"E00064054",1,0,1
"E00064055",6,2,4
"E00064056",0,0,0
"E00064057",4,3,1
"E00064058",4,0,4
"E00064059",0,0,0
"E00064060",0,0,0
"E00064061",3,0,3
"E00064062",3,1,2
"E00064063",1,0,1
"E00064064",3,1,2
"E00064065",0,0,0
"E00064066",0,0,0
"E00064067",2,1,1
"E00064068",2,2,0
"E00064069",0,0,0
"E00064070",1,1,0
"E00064071",4,3,1
"E00064072",5,3,2
"E00064073",2,1,1
"E00064074",1,1,0
"E00064075",1,0,1
"E00064076",1,0,1
"E00064077",2,2,0
"E00064078",6,4,2
"E00064079",4,2,2
"E00064080",0,0,0
"E00064081",5,3,2
"E00064082",0,0,0
"E00064083",0,0,0
"E00064084",1,0,1
"E00064085",1,0,1
"E00064086",3,2,1
"E00064087",0,0,0
"E00064088",0,0,0
"E00064089",6,2,4
"E00064090",2,1,1
"E00064091",11,6,5
"E00064092",3,1,2
"E00064093",1,1,0
"E00064094",3,3,0
"E00064095",2,1,1
"E00064096",3,2,1
"E00064097",1,0,1
"E00064098",3,2,1
"E00064099",0,0,0
"E00064100",4,3,1
"E00064101",0,0,0
"E00064102",3,0,3
"E00064103",3,3,0
"E00064104",2,0,2
"E00064105",1,0,1
"E00064106",4,0,4
"E00064107",7,3,4
"E00064108",1,0,1
"E00064109",3,3,0
"E00064110",1,1,0
"E00064111",5,3,2
"E00064112",3,1,2
"E00064113",5,0,5
"E00064114",8,6,2
"E00064115",3,2,1
"E00064116",3,0,3
"E00064117",4,2,2
"E00064118",3,2,1
"E00064119",6,2,4
"E00064120",10,6,4
"E00064121",1,1,0
"E00064122",2,1,1
"E00064123",3,0,3
"E00064124",7,5,2
"E00064125",3,3,0
"E00064126",2,1,1
"E00064127",1,1,0
"E00064128",5,3,2
"E00064129",1,0,1
"E00064130",0,0,0
"E00064131",0,0,0
"E00064132",6,3,3
"E00064133",8,6,2
"E00064134",5,3,2
"E00064135",2,2,0
"E00064136",2,1,1
"E00064137",5,3,2
"E00064138",2,1,1
"E00064139",5,1,4
"E00064140",1,1,0
"E00064141",4,1,3
"E00064142",5,4,1
"E00064143",0,0,0
"E00064144",1,0,1
"E00064145",3,1,2
"E00064146",7,3,4
"E00064147",3,1,2
"E00064148",4,0,4
"E00064149",4,3,1
"E00064150",1,0,1
"E00064151",5,3,2
"E00064152",0,0,0
"E00064153",4,2,2
"E00064154",0,0,0
"E00064155",2,1,1
"E00064156",3,2,1
"E00064157",1,1,0
"E00064158",0,0,0
"E00064159",0,0,0
"E00064160",3,1,2
"E00064161",0,0,0
"E00064162",2,0,2
"E00064163",3,2,1
"E00064164",1,1,0
"E00064165",0,0,0
"E00064166",5,3,2
"E00064167",0,0,0
"E00064168",5,2,3
"E00064169",3,1,2
"E00064170",0,0,0
"E00064171",1,0,1
"E00064172",7,5,2
"E00064173",1,1,0
"E00064174",1,1,0
"E00064175",3,1,2
"E00064176",4,2,2
"E00064177",0,0,0
"E00064178",5,5,0
"E00064179",3,0,3
"E00064180",1,1,0
"E00064181",1,0,1
"E00064182",4,2,2
"E00064183",2,1,1
"E00064184",5,3,2
"E00064185",4,2,2
"E00064186",4,2,2
"E00064187",6,5,1
"E00064188",6,3,3
"E00064189",4,0,4
"E00064190",1,1,0
"E00064191",8,4,4
"E00064192",0,0,0
"E00064193",1,1,0
"E00064194",0,0,0
"E00064195",1,1,0
"E00064196",0,0,0
"E00064197",6,4,2
"E00064198",5,1,4
"E00064199",1,1,0
"E00064200",0,0,0
"E00064201",0,0,0
"E00064202",1,1,0
"E00064203",1,0,1
"E00064204",0,0,0
"E00064205",4,4,0
"E00064206",3,0,3
"E00064207",3,2,1
"E00064208",0,0,0
"E00064209",0,0,0
"E00064210",2,0,2
"E00064211",4,3,1
"E00064212",0,0,0
"E00064213",1,1,0
"E00064214",0,0,0
"E00064215",1,0,1
"E00064217",1,0,1
"E00064218",0,0,0
"E00064219",0,0,0
"E00064220",0,0,0
"E00064221",7,4,3
"E00064222",2,0,2
"E00064223",0,0,0
"E00064224",3,1,2
"E00064225",0,0,0
"E00064226",0,0,0
"E00064227",0,0,0
"E00064228",1,1,0
"E00064229",5,3,2
"E00064230",0,0,0
"E00064231",2,1,1
"E00064232",1,0,1
"E00064233",0,0,0
"E00064234",0,0,0
"E00064235",0,0,0
"E00064236",2,2,0
"E00064237",2,1,1
"E00064238",1,0,1
"E00064239",1,0,1
"E00064240",1,0,1
"E00064241",2,0,2
"E00064242",1,1,0
"E00064243",3,2,1
"E00064244",2,2,0
"E00064245",11,6,5
"E00064246",3,2,1
"E00064247",0,0,0
"E00064248",3,2,1
"E00064249",0,0,0
"E00064250",5,3,2
"E00064251",3,2,1
"E00064252",1,0,1
"E00064253",2,2,0
"E00064254",2,0,2
"E00064255",5,4,1
"E00064256",0,0,0
"E00064257",2,2,0
"E00064258",1,1,0
"E00064259",1,1,0
"E00064260",1,0,1
"E00064261",4,3,1
"E00064262",0,0,0
"E00064263",0,0,0
"E00064264",0,0,0
"E00064265",1,0,1
"E00064266",1,1,0
"E00064267",5,3,2
"E00064268",1,0,1
"E00064269",1,1,0
"E00064270",2,1,1
"E00064271",1,0,1
"E00064272",1,1,0
"E00064273",2,0,2
"E00064274",1,1,0
"E00064275",2,2,0
"E00064276",0,0,0
"E00064277",1,0,1
"E00064278",0,0,0
"E00064279",3,3,0
"E00064280",4,3,1
"E00064281",4,2,2
"E00064282",0,0,0
"E00064283",1,0,1
"E00064284",1,1,0
"E00064285",1,0,1
"E00064286",2,1,1
"E00064287",0,0,0
"E00064288",2,1,1
"E00064289",3,2,1
"E00064290",0,0,0
"E00064291",2,1,1
"E00064292",0,0,0
"E00064293",5,3,2
"E00064294",2,2,0
"E00064295",8,4,4
"E00064296",4,2,2
"E00064297",1,1,0
"E00064298",1,1,0
"E00064299",2,1,1
"E00064300",1,1,0
"E00064301",6,3,3
"E00064302",3,1,2
"E00064303",1,0,1
"E00064304",4,2,2
"E00064305",0,0,0
"E00064306",2,0,2
"E00064307",0,0,0
"E00064308",1,0,1
"E00064309",2,2,0
"E00064310",5,2,3
"E00064311",2,0,2
"E00064312",1,0,1
"E00064313",3,2,1
"E00064314",2,1,1
"E00064315",3,2,1
"E00064316",3,3,0
"E00064317",0,0,0
"E00064318",2,2,0
"E00064319",0,0,0
"E00064320",2,2,0
"E00064321",1,1,0
"E00064322",1,1,0
"E00064323",4,2,2
"E00064324",1,1,0
"E00064325",0,0,0
"E00064326",1,0,1
"E00064327",8,3,5
"E00064328",1,1,0
"E00064329",6,3,3
"E00064330",1,1,0
"E00064331",2,2,0
"E00064332",1,1,0
"E00064333",0,0,0
"E00064334",4,3,1
"E00064335",1,0,1
"E00064336",0,0,0
"E00064337",3,2,1
"E00064338",1,1,0
"E00064339",5,1,4
"E00064340",2,1,1
"E00064341",0,0,0
"E00064342",6,1,5
"E00064343",4,3,1
"E00064344",0,0,0
"E00064345",1,1,0
"E00064346",3,0,3
"E00064347",0,0,0
"E00064348",0,0,0
"E00064349",8,3,5
"E00064350",0,0,0
"E00064351",6,1,5
"E00064352",0,0,0
"E00064353",0,0,0
"E00064354",4,2,2
"E00064355",4,2,2
"E00064356",6,5,1
"E00064357",6,4,2
"E00064358",5,3,2
"E00064359",9,4,5
"E00064360",3,3,0
"E00064361",1,0,1
"E00064362",9,5,4
"E00064363",3,1,2
"E00064364",0,0,0
"E00064365",3,0,3
"E00064366",2,0,2
"E00064367",5,4,1
"E00064368",6,2,4
"E00064369",1,0,1
"E00064370",0,0,0
"E00064371",5,3,2
"E00064372",3,1,2
"E00064373",4,1,3
"E00064374",3,2,1
"E00064375",6,2,4
"E00064376",3,2,1
"E00064377",0,0,0
"E00064378",2,0,2
"E00064379",3,0,3
"E00064380",1,0,1
"E00064381",0,0,0
"E00064382",1,0,1
"E00064383",4,1,3
"E00064384",1,0,1
"E00064385",0,0,0
"E00064386",3,2,1
"E00064387",0,0,0
"E00064388",6,2,4
"E00064389",1,0,1
"E00064390",0,0,0
"E00064391",5,4,1
"E00064392",2,2,0
"E00064393",3,2,1
"E00064394",5,1,4
"E00064395",7,3,4
"E00064396",0,0,0
"E00064397",3,1,2
"E00064398",2,2,0
"E00064399",7,4,3
"E00064400",4,4,0
"E00064401",0,0,0
"E00064402",1,1,0
"E00064403",0,0,0
"E00064404",4,2,2
"E00064405",1,0,1
"E00064406",3,1,2
"E00064407",1,1,0
"E00064408",0,0,0
"E00064409",0,0,0
"E00064410",2,2,0
"E00064411",2,2,0
"E00064412",2,2,0
"E00064413",0,0,0
"E00064414",3,2,1
"E00064415",1,0,1
"E00064416",0,0,0
"E00064417",5,3,2
"E00064418",1,1,0
"E00064419",2,1,1
"E00064420",0,0,0
"E00064421",5,3,2
"E00064422",1,1,0
"E00064423",2,2,0
"E00064424",3,1,2
"E00064425",6,3,3
"E00064426",2,1,1
"E00064427",0,0,0
"E00064428",2,1,1
"E00064429",5,4,1
"E00064430",2,1,1
"E00064431",1,1,0
"E00064432",6,2,4
"E00064433",6,5,1
"E00064434",7,4,3
"E00064435",3,2,1
"E00064436",0,0,0
"E00064437",4,1,3
"E00064438",1,1,0
"E00064439",0,0,0
"E00064440",0,0,0
"E00064441",1,1,0
"E00064442",0,0,0
"E00064443",0,0,0
"E00064444",1,0,1
"E00064445",0,0,0
"E00064446",3,2,1
"E00064447",0,0,0
"E00064448",2,1,1
"E00064449",4,3,1
"E00064450",1,1,0
"E00064451",0,0,0
"E00064452",1,0,1
"E00064453",3,1,2
"E00064454",1,0,1
"E00064455",0,0,0
"E00064456",1,0,1
"E00064457",3,3,0
"E00064458",0,0,0
"E00064459",4,2,2
"E00064460",0,0,0
"E00064462",4,2,2
"E00064463",0,0,0
"E00064464",0,0,0
"E00064465",0,0,0
"E00064466",1,0,1
"E00064467",1,0,1
"E00064468",0,0,0
"E00064469",1,0,1
"E00064470",1,1,0
"E00064471",0,0,0
"E00064472",0,0,0
"E00064473",1,0,1
"E00064474",1,1,0
"E00064475",2,0,2
"E00064476",0,0,0
"E00064477",1,1,0
"E00064478",4,2,2
"E00064479",0,0,0
"E00064480",1,0,1
"E00064481",0,0,0
"E00064482",0,0,0
"E00064483",0,0,0
"E00064484",1,0,1
"E00064485",2,1,1
"E00064486",0,0,0
"E00064487",0,0,0
"E00064488",2,2,0
"E00064489",1,0,1
"E00064490",1,0,1
"E00064491",0,0,0
"E00064492",0,0,0
"E00064493",0,0,0
"E00064496",0,0,0
"E00064497",0,0,0
"E00064498",0,0,0
"E00064499",0,0,0
"E00064500",0,0,0
"E00064501",0,0,0
"E00064502",0,0,0
"E00064503",0,0,0
"E00064504",0,0,0
"E00064505",1,0,1
"E00064506",2,1,1
"E00064507",0,0,0
"E00064508",0,0,0
"E00064509",6,4,2
"E00064510",3,2,1
"E00064511",4,2,2
"E00064512",3,1,2
"E00064513",0,0,0
"E00064514",0,0,0
"E00064515",5,1,4
"E00064516",6,1,5
"E00064517",0,0,0
"E00064518",7,5,2
"E00064519",4,2,2
"E00064520",3,2,1
"E00064521",4,2,2
"E00064522",6,2,4
"E00064523",5,0,5
"E00064524",0,0,0
"E00064525",1,0,1
"E00064526",2,1,1
"E00064527",4,3,1
"E00064528",5,2,3
"E00064529",17,10,7
"E00064530",4,1,3
"E00064531",3,2,1
"E00064532",7,4,3
"E00064533",1,0,1
"E00064534",2,0,2
"E00064535",4,3,1
"E00064536",4,1,3
"E00064537",0,0,0
"E00064538",2,0,2
"E00064539",2,1,1
"E00064540",0,0,0
"E00064541",0,0,0
"E00064542",0,0,0
"E00064543",2,2,0
"E00064544",0,0,0
"E00064545",2,2,0
"E00064546",4,2,2
"E00064547",0,0,0
"E00064548",2,1,1
"E00064549",0,0,0
"E00064550",5,2,3
"E00064551",1,1,0
"E00064552",2,1,1
"E00064553",0,0,0
"E00064554",0,0,0
"E00064555",1,1,0
"E00064556",1,0,1
"E00064557",1,1,0
"E00064558",0,0,0
"E00064559",0,0,0
"E00064560",0,0,0
"E00064561",1,0,1
"E00064562",0,0,0
"E00064563",3,2,1
"E00064564",2,2,0
"E00064565",3,2,1
"E00064566",0,0,0
"E00064567",5,3,2
"E00064568",3,2,1
"E00064569",0,0,0
"E00064570",1,1,0
"E00064571",0,0,0
"E00064572",1,1,0
"E00064573",0,0,0
"E00064574",0,0,0
"E00064575",1,1,0
"E00064576",1,1,0
"E00064577",0,0,0
"E00064578",1,1,0
"E00064579",4,2,2
"E00064580",1,0,1
"E00064581",0,0,0
"E00064582",1,0,1
"E00064583",1,0,1
"E00064584",1,1,0
"E00064585",0,0,0
"E00064586",3,3,0
"E00064587",6,3,3
"E00064588",1,0,1
"E00064589",0,0,0
"E00064590",0,0,0
"E00064591",2,1,1
"E00064592",0,0,0
"E00064593",0,0,0
"E00064594",0,0,0
"E00064595",0,0,0
"E00064596",2,0,2
"E00064597",0,0,0
"E00064598",0,0,0
"E00064599",0,0,0
"E00064600",2,1,1
"E00064601",2,0,2
"E00064602",1,0,1
"E00064603",0,0,0
"E00064604",0,0,0
"E00064605",1,0,1
"E00064606",1,1,0
"E00064607",0,0,0
"E00064608",1,1,0
"E00064609",0,0,0
"E00064610",2,2,0
"E00064611",0,0,0
"E00064612",0,0,0
"E00064613",1,0,1
"E00064614",0,0,0
"E00064615",0,0,0
"E00064616",1,0,1
"E00064617",0,0,0
"E00064618",2,2,0
"E00064619",0,0,0
"E00064620",0,0,0
"E00064621",4,2,2
"E00064622",2,2,0
"E00064623",1,1,0
"E00064624",1,0,1
"E00064625",2,2,0
"E00064626",2,1,1
"E00064627",2,1,1
"E00064628",2,0,2
"E00064629",2,0,2
"E00064630",4,2,2
"E00064631",0,0,0
"E00064632",3,1,2
"E00064633",1,1,0
"E00064634",2,1,1
"E00064635",0,0,0
"E00064636",1,1,0
"E00064637",3,3,0
"E00064638",3,1,2
"E00064639",7,4,3
"E00064640",0,0,0
"E00064641",4,2,2
"E00064642",0,0,0
"E00064643",1,1,0
"E00064644",5,2,3
"E00064645",0,0,0
"E00064646",8,3,5
"E00064647",2,2,0
"E00064648",6,3,3
"E00064649",3,2,1
"E00064650",1,0,1
"E00064651",0,0,0
"E00064652",1,0,1
"E00064653",0,0,0
"E00064654",5,1,4
"E00064655",4,3,1
"E00064656",2,1,1
"E00064657",0,0,0
"E00064658",0,0,0
"E00064659",6,5,1
"E00064660",0,0,0
"E00064661",4,3,1
"E00064662",1,0,1
"E00064663",1,1,0
"E00064664",0,0,0
"E00064665",2,2,0
"E00064666",1,0,1
"E00064669",0,0,0
"E00064670",3,2,1
"E00064671",6,3,3
"E00064672",0,0,0
"E00064673",1,1,0
"E00064674",1,1,0
"E00064675",1,0,1
"E00064676",0,0,0
"E00064677",1,1,0
"E00064678",5,1,4
"E00064679",1,0,1
"E00064680",0,0,0
"E00064681",3,3,0
"E00064682",0,0,0
"E00064683",2,1,1
"E00064684",0,0,0
"E00064685",0,0,0
"E00064686",5,4,1
"E00064687",3,1,2
"E00064688",0,0,0
"E00064690",2,0,2
"E00064691",0,0,0
"E00064692",1,0,1
"E00064693",1,0,1
"E00064694",2,1,1
"E00064695",0,0,0
"E00064696",0,0,0
"E00064697",3,2,1
"E00064698",2,1,1
"E00064699",2,1,1
"E00064700",0,0,0
"E00064701",0,0,0
"E00064702",1,0,1
"E00064703",4,1,3
"E00064704",0,0,0
"E00064705",3,0,3
"E00064706",1,0,1
"E00064707",0,0,0
"E00064708",1,0,1
"E00064709",2,1,1
"E00064710",3,3,0
"E00064712",1,1,0
"E00064713",4,2,2
"E00064715",5,2,3
"E00064716",0,0,0
"E00064717",3,1,2
"E00064718",0,0,0
"E00064719",1,0,1
"E00064720",0,0,0
"E00064721",1,1,0
"E00064722",0,0,0
"E00064723",1,0,1
"E00064724",0,0,0
"E00064725",5,2,3
"E00064726",1,0,1
"E00064727",0,0,0
"E00064728",2,1,1
"E00064729",2,1,1
"E00064730",0,0,0
"E00064731",0,0,0
"E00064732",0,0,0
"E00064733",1,0,1
"E00064734",1,1,0
"E00064735",1,1,0
"E00064736",0,0,0
"E00064737",3,3,0
"E00064738",1,0,1
"E00064739",1,1,0
"E00064740",1,1,0
"E00064741",1,0,1
"E00064742",2,1,1
"E00064743",2,2,0
"E00064744",0,0,0
"E00064745",3,3,0
"E00064746",3,3,0
"E00064747",1,0,1
"E00064748",0,0,0
"E00064749",2,0,2
"E00064750",4,2,2
"E00064751",3,2,1
"E00064752",0,0,0
"E00064753",0,0,0
"E00064754",1,1,0
"E00064755",0,0,0
"E00064756",0,0,0
"E00064757",1,0,1
"E00064758",1,1,0
"E00064759",4,1,3
"E00064760",0,0,0
"E00064761",2,1,1
"E00064762",1,1,0
"E00064763",3,2,1
"E00064764",2,1,1
"E00064765",0,0,0
"E00064766",0,0,0
"E00064767",4,2,2
"E00064768",0,0,0
"E00064769",0,0,0
"E00064770",1,0,1
"E00064771",0,0,0
"E00064772",0,0,0
"E00064773",0,0,0
"E00064774",0,0,0
"E00064775",2,2,0
"E00064776",4,2,2
"E00064777",0,0,0
"E00064778",0,0,0
"E00064779",1,0,1
"E00064780",1,0,1
"E00064781",1,0,1
"E00064783",2,1,1
"E00064784",2,2,0
"E00064785",0,0,0
"E00064786",1,1,0
"E00064787",2,1,1
"E00064788",2,0,2
"E00064789",3,1,2
"E00064790",0,0,0
"E00064791",0,0,0
"E00064792",0,0,0
"E00064793",1,0,1
"E00064794",0,0,0
"E00064795",1,1,0
"E00064796",0,0,0
"E00064797",1,0,1
"E00064798",0,0,0
"E00064799",0,0,0
"E00064800",0,0,0
"E00064801",1,0,1
"E00064802",0,0,0
"E00064803",1,0,1
"E00064804",0,0,0
"E00064805",0,0,0
"E00064806",1,1,0
"E00064807",0,0,0
"E00064808",0,0,0
"E00064809",3,2,1
"E00064810",1,0,1
"E00064811",1,1,0
"E00064812",2,1,1
"E00064813",2,0,2
"E00064814",2,1,1
"E00064815",0,0,0
"E00064816",0,0,0
"E00064817",3,2,1
"E00064818",0,0,0
"E00064819",4,0,4
"E00064820",1,0,1
"E00064821",0,0,0
"E00064822",4,3,1
"E00064823",1,0,1
"E00064824",2,2,0
"E00064825",4,1,3
"E00064826",7,5,2
"E00064827",2,1,1
"E00064828",0,0,0
"E00064829",1,1,0
"E00064830",1,0,1
"E00064831",0,0,0
"E00064832",0,0,0
"E00064833",0,0,0
"E00064834",1,0,1
"E00064835",0,0,0
"E00064836",3,0,3
"E00064837",0,0,0
"E00064838",0,0,0
"E00064839",0,0,0
"E00064840",2,1,1
"E00064841",1,0,1
"E00064842",4,2,2
"E00064844",4,2,2
"E00064845",1,1,0
"E00064846",0,0,0
"E00064847",0,0,0
"E00064848",0,0,0
"E00064849",1,1,0
"E00064850",0,0,0
"E00064851",0,0,0
"E00064852",0,0,0
"E00064853",0,0,0
"E00064854",0,0,0
"E00064855",0,0,0
"E00064856",0,0,0
"E00064858",0,0,0
"E00064859",0,0,0
"E00064860",2,1,1
"E00064861",1,1,0
"E00064862",1,1,0
"E00064864",0,0,0
"E00064865",3,0,3
"E00064866",3,2,1
"E00064867",4,2,2
"E00064868",0,0,0
"E00064869",4,1,3
"E00064870",2,2,0
"E00064871",3,2,1
"E00064872",1,1,0
"E00064873",0,0,0
"E00064874",2,0,2
"E00064875",0,0,0
"E00064876",2,1,1
"E00064877",1,1,0
"E00064878",5,4,1
"E00064879",0,0,0
"E00064880",3,1,2
"E00064881",0,0,0
"E00064882",1,1,0
"E00064883",4,3,1
"E00064884",5,1,4
"E00064885",1,0,1
"E00064886",4,1,3
"E00064887",2,1,1
"E00064888",1,1,0
"E00064889",1,1,0
"E00064890",2,1,1
"E00064891",1,1,0
"E00064892",0,0,0
"E00064893",0,0,0
"E00064894",5,3,2
"E00064895",1,1,0
"E00064899",0,0,0
"E00064900",4,3,1
"E00064901",3,2,1
"E00064902",4,1,3
"E00064903",0,0,0
"E00064904",2,1,1
"E00064906",1,0,1
"E00064907",7,2,5
"E00064908",2,0,2
"E00064909",1,1,0
"E00064910",3,2,1
"E00064911",2,0,2
"E00064912",3,2,1
"E00064913",11,8,3
"E00064914",5,4,1
"E00064915",11,6,5
"E00064916",4,2,2
"E00064917",4,1,3
"E00064918",0,0,0
"E00064919",3,2,1
"E00064920",0,0,0
"E00064921",2,1,1
"E00064922",8,4,4
"E00064923",0,0,0
"E00064924",6,3,3
"E00064925",5,4,1
"E00064926",3,1,2
"E00064927",2,0,2
"E00064928",2,1,1
"E00064929",4,1,3
"E00064930",4,1,3
"E00064931",1,1,0
"E00064932",4,3,1
"E00064933",2,0,2
"E00064935",0,0,0
"E00064936",0,0,0
"E00064937",1,0,1
"E00064938",3,2,1
"E00064939",1,1,0
"E00064940",1,0,1
"E00064941",2,1,1
"E00064942",0,0,0
"E00064943",0,0,0
"E00064944",1,1,0
"E00064945",1,1,0
"E00064946",0,0,0
"E00064947",2,1,1
"E00064948",0,0,0
"E00064949",6,3,3
"E00064950",1,1,0
"E00064951",0,0,0
"E00064952",0,0,0
"E00064953",4,3,1
"E00064954",1,1,0
"E00064955",0,0,0
"E00064956",0,0,0
"E00064957",1,1,0
"E00064958",0,0,0
"E00064959",1,0,1
"E00064960",0,0,0
"E00064961",2,2,0
"E00064962",2,1,1
"E00064964",1,1,0
"E00064965",5,2,3
"E00064967",0,0,0
"E00064968",0,0,0
"E00064969",0,0,0
"E00064971",0,0,0
"E00064972",0,0,0
"E00064973",3,2,1
"E00064974",0,0,0
"E00064975",1,0,1
"E00064976",1,1,0
"E00064977",1,1,0
"E00064978",2,2,0
"E00064979",1,1,0
"E00064980",4,2,2
"E00064981",4,2,2
"E00064982",2,2,0
"E00064983",1,1,0
"E00064984",0,0,0
"E00064985",0,0,0
"E00064986",0,0,0
"E00064987",3,0,3
"E00064988",1,1,0
"E00064989",1,0,1
"E00064990",0,0,0
"E00064991",0,0,0
"E00064992",1,0,1
"E00064993",0,0,0
"E00064994",2,1,1
"E00064995",0,0,0
"E00064996",2,0,2
"E00064997",0,0,0
"E00064998",0,0,0
"E00064999",1,0,1
"E00065000",1,0,1
"E00065002",3,2,1
"E00065003",0,0,0
"E00065004",0,0,0
"E00065005",1,1,0
"E00065006",1,0,1
"E00065007",1,0,1
"E00065008",1,0,1
"E00065009",1,0,1
"E00065010",2,2,0
"E00065011",1,0,1
"E00065012",0,0,0
"E00065013",0,0,0
"E00065014",1,0,1
"E00065015",1,1,0
"E00065016",0,0,0
"E00065017",0,0,0
"E00065018",0,0,0
"E00065019",2,2,0
"E00065020",6,3,3
"E00065021",0,0,0
"E00065022",0,0,0
"E00065023",1,1,0
"E00065024",0,0,0
"E00065025",2,1,1
"E00065026",2,2,0
"E00065027",0,0,0
"E00065028",1,1,0
"E00065029",0,0,0
"E00065030",0,0,0
"E00065031",1,0,1
"E00065032",2,1,1
"E00065033",0,0,0
"E00065034",2,1,1
"E00065035",0,0,0
"E00065036",0,0,0
"E00065037",0,0,0
"E00065038",1,0,1
"E00065039",3,2,1
"E00065040",0,0,0
"E00065041",1,1,0
"E00065042",1,1,0
"E00065043",4,1,3
"E00065044",0,0,0
"E00065045",1,0,1
"E00065046",1,0,1
"E00065047",0,0,0
"E00065048",0,0,0
"E00065049",0,0,0
"E00065050",0,0,0
"E00065051",0,0,0
"E00065052",0,0,0
"E00065053",1,1,0
"E00065054",2,0,2
"E00065055",0,0,0
"E00065056",0,0,0
"E00065057",5,2,3
"E00065058",1,1,0
"E00065059",2,1,1
"E00065060",1,1,0
"E00065061",1,0,1
"E00065062",0,0,0
"E00065063",0,0,0
"E00065064",0,0,0
"E00065065",1,0,1
"E00065066",1,0,1
"E00065068",0,0,0
"E00065069",4,0,4
"E00065070",1,0,1
"E00065071",4,1,3
"E00065072",0,0,0
"E00065073",1,1,0
"E00065074",2,1,1
"E00065075",1,1,0
"E00065076",1,1,0
"E00065077",1,1,0
"E00065078",3,2,1
"E00065079",1,0,1
"E00065080",4,1,3
"E00065081",1,1,0
"E00065082",5,3,2
"E00065083",0,0,0
"E00065084",3,1,2
"E00065085",7,6,1
"E00065086",0,0,0
"E00065087",3,2,1
"E00065088",1,1,0
"E00065089",2,2,0
"E00065090",2,0,2
"E00065091",1,0,1
"E00065092",1,1,0
"E00065093",0,0,0
"E00065094",1,0,1
"E00065095",2,2,0
"E00065096",1,0,1
"E00065097",3,2,1
"E00065098",1,0,1
"E00065099",0,0,0
"E00065100",1,0,1
"E00065101",0,0,0
"E00065102",1,0,1
"E00065103",4,2,2
"E00065104",3,2,1
"E00065105",3,2,1
"E00065106",3,2,1
"E00065107",4,1,3
"E00065108",2,2,0
"E00065109",0,0,0
"E00065110",3,1,2
"E00065111",2,1,1
"E00065112",0,0,0
"E00065113",1,0,1
"E00065114",0,0,0
"E00065115",3,3,0
"E00065116",0,0,0
"E00065117",1,0,1
"E00065118",3,1,2
"E00065119",3,1,2
"E00065120",2,0,2
"E00065121",0,0,0
"E00065122",2,1,1
"E00065123",1,0,1
"E00065124",1,1,0
"E00065125",1,1,0
"E00065126",2,2,0
"E00065127",8,6,2
"E00065128",1,1,0
"E00065129",1,1,0
"E00065130",1,1,0
"E00065131",5,2,3
"E00065132",2,1,1
"E00065133",4,2,2
"E00065134",3,1,2
"E00065135",0,0,0
"E00065136",3,2,1
"E00065137",0,0,0
"E00065138",0,0,0
"E00065139",2,0,2
"E00065140",0,0,0
"E00065141",0,0,0
"E00065142",0,0,0
"E00065143",3,1,2
"E00065144",1,0,1
"E00065145",0,0,0
"E00065146",0,0,0
"E00065147",1,0,1
"E00065148",2,0,2
"E00065149",0,0,0
"E00065150",1,0,1
"E00065151",3,1,2
"E00065152",3,1,2
"E00065153",4,1,3
"E00065154",2,1,1
"E00065155",1,0,1
"E00065157",1,1,0
"E00065158",3,2,1
"E00065159",1,0,1
"E00065160",6,3,3
"E00065161",1,0,1
"E00065162",17,8,9
"E00065163",26,8,18
"E00065164",2,0,2
"E00065165",2,1,1
"E00065166",3,2,1
"E00065167",14,8,6
"E00065168",18,5,13
"E00065169",1,0,1
"E00065170",11,7,4
"E00065171",10,2,8
"E00065172",17,11,6
"E00065173",10,4,6
"E00065174",7,2,5
"E00065175",10,7,3
"E00065176",3,2,1
"E00065177",9,4,5
"E00065178",9,4,5
"E00065179",5,2,3
"E00065180",6,3,3
"E00065181",3,1,2
"E00065182",0,0,0
"E00065183",3,2,1
"E00065184",4,2,2
"E00065185",5,3,2
"E00065186",4,1,3
"E00065187",7,4,3
"E00065188",4,1,3
"E00065189",2,1,1
"E00065190",8,4,4
"E00065191",1,0,1
"E00065192",10,3,7
"E00065193",5,3,2
"E00065194",4,2,2
"E00065195",6,5,1
"E00065196",8,3,5
"E00065197",4,3,1
"E00065198",4,3,1
"E00065200",5,1,4
"E00065201",2,1,1
"E00065202",3,0,3
"E00065203",3,2,1
"E00065204",8,1,7
"E00065205",5,2,3
"E00065206",12,5,7
"E00065207",4,1,3
"E00065208",13,6,7
"E00065209",3,1,2
"E00065210",7,5,2
"E00065211",11,4,7
"E00065212",7,3,4
"E00065213",6,2,4
"E00065214",0,0,0
"E00065215",4,2,2
"E00065216",6,3,3
"E00065217",5,3,2
"E00065218",0,0,0
"E00065219",3,0,3
"E00065220",4,2,2
"E00065221",0,0,0
"E00065222",0,0,0
"E00065224",1,0,1
"E00065225",1,1,0
"E00065226",0,0,0
"E00065227",6,3,3
"E00065228",3,2,1
"E00065229",2,2,0
"E00065230",0,0,0
"E00065231",4,2,2
"E00065232",1,0,1
"E00065233",3,0,3
"E00065234",1,0,1
"E00065235",7,2,5
"E00065236",1,0,1
"E00065237",1,0,1
"E00065238",0,0,0
"E00065239",0,0,0
"E00065240",0,0,0
"E00065241",1,0,1
"E00065242",4,1,3
"E00065243",2,2,0
"E00065244",8,5,3
"E00065245",1,1,0
"E00065246",0,0,0
"E00065247",1,0,1
"E00065248",0,0,0
"E00065249",5,2,3
"E00065250",2,1,1
"E00065251",2,1,1
"E00065252",1,1,0
"E00065253",1,0,1
"E00065254",4,0,4
"E00065255",4,1,3
"E00065256",0,0,0
"E00065257",3,1,2
"E00065259",3,1,2
"E00065260",2,2,0
"E00065262",5,3,2
"E00065263",6,4,2
"E00065264",2,1,1
"E00065265",3,0,3
"E00065266",4,1,3
"E00065267",2,2,0
"E00065268",0,0,0
"E00065269",3,2,1
"E00065270",2,1,1
"E00065271",2,0,2
"E00065272",4,2,2
"E00065273",0,0,0
"E00065274",1,0,1
"E00065275",5,4,1
"E00065276",2,1,1
"E00065277",2,2,0
"E00065278",2,2,0
"E00065279",1,0,1
"E00065280",3,1,2
"E00065281",2,0,2
"E00065282",2,2,0
"E00065283",1,1,0
"E00065284",6,3,3
"E00065285",1,0,1
"E00065286",2,1,1
"E00065287",2,2,0
"E00065288",2,1,1
"E00065289",0,0,0
"E00065290",2,2,0
"E00065291",0,0,0
"E00065292",1,1,0
"E00065293",4,4,0
"E00065294",4,2,2
"E00065295",0,0,0
"E00065296",1,0,1
"E00065297",1,1,0
"E00065298",1,0,1
"E00065299",0,0,0
"E00065300",1,0,1
"E00065301",0,0,0
"E00065302",4,2,2
"E00065303",2,0,2
"E00065304",1,0,1
"E00065305",0,0,0
"E00065306",2,1,1
"E00065307",4,2,2
"E00065308",1,1,0
"E00065309",9,5,4
"E00065310",1,1,0
"E00065311",5,2,3
"E00065312",5,1,4
"E00065313",2,1,1
"E00065314",4,2,2
"E00065315",3,2,1
"E00065316",6,3,3
"E00065317",7,3,4
"E00065318",2,1,1
"E00065319",0,0,0
"E00065320",3,2,1
"E00065321",0,0,0
"E00065322",1,1,0
"E00065323",4,2,2
"E00065324",1,1,0
"E00065325",2,0,2
"E00065326",1,0,1
"E00065327",1,1,0
"E00065328",4,0,4
"E00065329",1,0,1
"E00065330",1,1,0
"E00065331",1,1,0
"E00065332",2,0,2
"E00065333",2,2,0
"E00065334",1,0,1
"E00065335",1,0,1
"E00065336",3,1,2
"E00065337",3,1,2
"E00065338",3,2,1
"E00065339",2,1,1
"E00065340",5,4,1
"E00065341",6,5,1
"E00065342",3,0,3
"E00065343",1,1,0
"E00065344",2,1,1
"E00065345",0,0,0
"E00065346",1,1,0
"E00065347",3,2,1
"E00065348",0,0,0
"E00065349",3,0,3
"E00065350",7,4,3
"E00065351",8,5,3
"E00065352",6,2,4
"E00065353",2,1,1
"E00065354",6,2,4
"E00065355",11,5,6
"E00065356",5,2,3
"E00065357",3,1,2
"E00065358",1,1,0
"E00065359",1,1,0
"E00065360",6,2,4
"E00065361",6,3,3
"E00065362",3,2,1
"E00065363",6,4,2
"E00065364",4,3,1
"E00065365",3,2,1
"E00065366",8,5,3
"E00065367",1,1,0
"E00065368",3,2,1
"E00065369",5,3,2
"E00065371",3,1,2
"E00065372",2,2,0
"E00065373",1,1,0
"E00065374",2,0,2
"E00065375",4,3,1
"E00065376",2,1,1
"E00065377",1,0,1
"E00065378",0,0,0
"E00065379",12,8,4
"E00065380",0,0,0
"E00065381",3,0,3
"E00065382",0,0,0
"E00065383",2,1,1
"E00065384",5,1,4
"E00065385",6,5,1
"E00065386",9,4,5
"E00065387",7,4,3
"E00065388",2,0,2
"E00065389",4,2,2
"E00065390",7,5,2
"E00065391",10,7,3
"E00065392",3,1,2
"E00065393",6,2,4
"E00065394",1,0,1
"E00065395",1,1,0
"E00065396",3,2,1
"E00065397",6,1,5
"E00065398",4,2,2
"E00065399",2,1,1
"E00065400",4,2,2
"E00065401",0,0,0
"E00065402",2,0,2
"E00065403",0,0,0
"E00065404",3,2,1
"E00065405",5,3,2
"E00065406",9,4,5
"E00065407",21,5,16
"E00065408",4,2,2
"E00065409",10,5,5
"E00065410",14,8,6
"E00065411",1,0,1
"E00065412",12,4,8
"E00065413",5,3,2
"E00065414",5,4,1
"E00065415",4,3,1
"E00065416",2,1,1
"E00065417",2,0,2
"E00065418",1,0,1
"E00065419",10,4,6
"E00065421",1,1,0
"E00065422",6,5,1
"E00065424",7,4,3
"E00065425",5,1,4
"E00065426",4,1,3
"E00065427",2,0,2
"E00065428",3,1,2
"E00065429",3,1,2
"E00065430",0,0,0
"E00065431",6,0,6
"E00065432",4,2,2
"E00065433",17,11,6
"E00065434",7,3,4
"E00065435",7,3,4
"E00065436",8,5,3
"E00065437",10,5,5
"E00065438",4,3,1
"E00065439",14,6,8
"E00065440",6,5,1
"E00065441",6,3,3
"E00065442",7,3,4
"E00065443",0,0,0
"E00065445",2,1,1
"E00065446",9,4,5
"E00065447",14,6,8
"E00065448",6,3,3
"E00065449",18,7,11
"E00065450",12,3,9
"E00065451",3,0,3
"E00065452",4,4,0
"E00065453",1,1,0
"E00065454",1,0,1
"E00065455",4,4,0
"E00065456",8,2,6
"E00065457",8,1,7
"E00065458",1,0,1
"E00065459",9,6,3
"E00065460",1,0,1
"E00065461",3,1,2
"E00065462",5,4,1
"E00065463",3,3,0
"E00065464",2,2,0
"E00065465",0,0,0
"E00065466",1,0,1
"E00065467",7,4,3
"E00065469",0,0,0
"E00065470",0,0,0
"E00065471",3,1,2
"E00065472",1,1,0
"E00065473",0,0,0
"E00065474",6,4,2
"E00065475",4,2,2
"E00065476",2,2,0
"E00065477",2,0,2
"E00065478",2,0,2
"E00065479",9,4,5
"E00065480",1,0,1
"E00065481",9,4,5
"E00065482",2,1,1
"E00065483",9,6,3
"E00065484",3,2,1
"E00065485",2,0,2
"E00065487",3,1,2
"E00065488",1,0,1
"E00065489",0,0,0
"E00065490",8,5,3
"E00065491",3,2,1
"E00065492",3,2,1
"E00065493",5,3,2
"E00065494",9,1,8
"E00065495",4,0,4
"E00065497",5,3,2
"E00065498",9,5,4
"E00065499",5,1,4
"E00065500",1,1,0
"E00065501",7,2,5
"E00065502",4,4,0
"E00065503",1,0,1
"E00065504",0,0,0
"E00065505",10,6,4
"E00065506",8,2,6
"E00065507",6,3,3
"E00065508",3,2,1
"E00065509",5,1,4
"E00065510",1,0,1
"E00065511",6,3,3
"E00065512",6,3,3
"E00065513",11,5,6
"E00065514",5,3,2
"E00065515",9,5,4
"E00065516",7,3,4
"E00065517",6,2,4
"E00065518",3,2,1
"E00065519",8,5,3
"E00065520",7,3,4
"E00065521",6,3,3
"E00065522",4,3,1
"E00065523",1,1,0
"E00065524",9,5,4
"E00065525",2,1,1
"E00065526",5,2,3
"E00065527",5,1,4
"E00065528",2,1,1
"E00065529",3,2,1
"E00065530",3,1,2
"E00065531",3,2,1
"E00065532",1,1,0
"E00065533",8,5,3
"E00065534",0,0,0
"E00065535",10,8,2
"E00065536",8,6,2
"E00065537",7,2,5
"E00065538",2,1,1
"E00065539",6,4,2
"E00065540",1,0,1
"E00065541",1,0,1
"E00065542",8,4,4
"E00065543",1,1,0
"E00065544",3,1,2
"E00065545",6,3,3
"E00065546",2,0,2
"E00065547",7,4,3
"E00065548",5,3,2
"E00065549",1,0,1
"E00065550",3,2,1
"E00065551",4,1,3
"E00065552",1,1,0
"E00065553",3,2,1
"E00065554",0,0,0
"E00065555",3,1,2
"E00065556",1,0,1
"E00065557",1,1,0
"E00065558",1,1,0
"E00065559",0,0,0
"E00065560",3,1,2
"E00065561",0,0,0
"E00065562",4,2,2
"E00065563",7,5,2
"E00065564",3,1,2
"E00065565",1,1,0
"E00065566",0,0,0
"E00065567",2,2,0
"E00065568",4,2,2
"E00065569",5,3,2
"E00065570",0,0,0
"E00065571",0,0,0
"E00065572",4,0,4
"E00065573",1,1,0
"E00065574",0,0,0
"E00065575",0,0,0
"E00065576",1,0,1
"E00065577",2,1,1
"E00065578",4,2,2
"E00065579",0,0,0
"E00065580",1,0,1
"E00065581",1,0,1
"E00065582",1,0,1
"E00065583",0,0,0
"E00065584",5,3,2
"E00065585",2,2,0
"E00065586",3,1,2
"E00065587",0,0,0
"E00065588",3,3,0
"E00065589",4,3,1
"E00065590",4,2,2
"E00065591",1,0,1
"E00065592",1,1,0
"E00065593",1,0,1
"E00065594",4,3,1
"E00065595",0,0,0
"E00065596",1,0,1
"E00065597",2,2,0
"E00065598",2,0,2
"E00065599",1,0,1
"E00065600",5,4,1
"E00065601",3,0,3
"E00065602",4,1,3
"E00065603",2,0,2
"E00065604",1,0,1
"E00065605",1,0,1
"E00065606",4,2,2
"E00065607",2,0,2
"E00065608",0,0,0
"E00065609",4,2,2
"E00065610",0,0,0
"E00065611",5,2,3
"E00065612",6,4,2
"E00065613",4,3,1
"E00065614",1,1,0
"E00065615",8,2,6
"E00065616",4,3,1
"E00065617",3,2,1
"E00065618",4,1,3
"E00065619",8,4,4
"E00065620",11,6,5
"E00065621",0,0,0
"E00065622",4,3,1
"E00065623",3,1,2
"E00065624",7,5,2
"E00065625",7,5,2
"E00065626",2,1,1
"E00065627",0,0,0
"E00065628",8,3,5
"E00065629",8,5,3
"E00065630",5,1,4
"E00065631",4,2,2
"E00065632",1,0,1
"E00065633",6,3,3
"E00065634",1,1,0
"E00065635",3,1,2
"E00065636",10,4,6
"E00065637",5,4,1
"E00065638",1,1,0
"E00065639",2,1,1
"E00065640",6,5,1
"E00065641",5,1,4
"E00065642",2,0,2
"E00065643",0,0,0
"E00065644",3,0,3
"E00065645",5,1,4
"E00065646",1,1,0
"E00065647",0,0,0
"E00065648",3,3,0
"E00065649",3,1,2
"E00065650",3,2,1
"E00065651",0,0,0
"E00065652",14,8,6
"E00065653",5,3,2
"E00065654",1,1,0
"E00065655",4,1,3
"E00065656",8,2,6
"E00065657",1,0,1
"E00065658",5,4,1
"E00065659",4,1,3
"E00065660",5,3,2
"E00065661",3,1,2
"E00065662",2,0,2
"E00065663",2,1,1
"E00065664",1,1,0
"E00065665",2,1,1
"E00065666",2,2,0
"E00065667",5,3,2
"E00065668",7,5,2
"E00065669",7,2,5
"E00065670",1,1,0
"E00065671",2,1,1
"E00065672",3,1,2
"E00065673",2,2,0
"E00065674",4,2,2
"E00065675",2,1,1
"E00065676",3,1,2
"E00065677",2,1,1
"E00065678",7,4,3
"E00065679",8,4,4
"E00065680",3,1,2
"E00065681",1,1,0
"E00065682",3,3,0
"E00065683",3,1,2
"E00065684",5,2,3
"E00065685",8,2,6
"E00065686",7,2,5
"E00065687",1,0,1
"E00065688",2,2,0
"E00065689",5,2,3
"E00065690",4,2,2
"E00065691",1,1,0
"E00065692",3,1,2
"E00065693",1,0,1
"E00065694",0,0,0
"E00065695",3,3,0
"E00065696",4,1,3
"E00065697",0,0,0
"E00065698",2,0,2
"E00065699",3,1,2
"E00065700",5,2,3
"E00065701",2,2,0
"E00065702",7,4,3
"E00065703",6,4,2
"E00065704",6,5,1
"E00065705",7,4,3
"E00065706",4,3,1
"E00065707",5,2,3
"E00065708",2,1,1
"E00065709",3,1,2
"E00065710",4,1,3
"E00065711",3,1,2
"E00065712",2,1,1
"E00065713",11,5,6
"E00065714",4,1,3
"E00065715",6,2,4
"E00065716",9,5,4
"E00065717",3,0,3
"E00065718",3,1,2
"E00065719",5,3,2
"E00065720",2,0,2
"E00065721",3,1,2
"E00065722",4,2,2
"E00065723",1,0,1
"E00065724",6,1,5
"E00065725",0,0,0
"E00065726",3,2,1
"E00065727",0,0,0
"E00065728",4,2,2
"E00065729",3,3,0
"E00065730",2,2,0
"E00065731",0,0,0
"E00065732",1,0,1
"E00065733",5,2,3
"E00065734",1,0,1
"E00065735",3,0,3
"E00065736",5,3,2
"E00065737",7,4,3
"E00065738",4,2,2
"E00065739",1,0,1
"E00065740",1,1,0
"E00065741",1,0,1
"E00065742",2,0,2
"E00065743",5,1,4
"E00065744",4,3,1
"E00065745",4,4,0
"E00065746",8,5,3
"E00065747",6,3,3
"E00065748",4,2,2
"E00065749",4,2,2
"E00065750",3,1,2
"E00065751",3,2,1
"E00065752",7,3,4
"E00065753",4,2,2
"E00065754",2,1,1
"E00065755",1,0,1
"E00065756",3,2,1
"E00065757",6,4,2
"E00065758",1,1,0
"E00065759",7,5,2
"E00065760",8,5,3
"E00065761",3,1,2
"E00065762",0,0,0
"E00065763",0,0,0
"E00065764",1,0,1
"E00065765",0,0,0
"E00065766",3,1,2
"E00065767",2,2,0
"E00065768",0,0,0
"E00065769",4,3,1
"E00065770",3,1,2
"E00065771",3,2,1
"E00065772",5,3,2
"E00065773",12,4,8
"E00065774",12,9,3
"E00065775",1,0,1
"E00065776",5,4,1
"E00065777",10,3,7
"E00065778",0,0,0
"E00065779",4,2,2
"E00065780",1,1,0
"E00065781",14,6,8
"E00065782",1,0,1
"E00065783",10,6,4
"E00065784",2,1,1
"E00065785",7,3,4
"E00065786",2,0,2
"E00065787",1,0,1
"E00065788",2,1,1
"E00065789",4,3,1
"E00065790",2,1,1
"E00065791",0,0,0
"E00065792",4,2,2
"E00065793",0,0,0
"E00065794",0,0,0
"E00065795",1,0,1
"E00065796",4,3,1
"E00065797",4,1,3
"E00065798",3,1,2
"E00065799",8,5,3
"E00065800",2,1,1
"E00065801",1,1,0
"E00065802",3,1,2
"E00065803",6,4,2
"E00065804",3,2,1
"E00065805",6,1,5
"E00065806",2,0,2
"E00065807",3,3,0
"E00065808",1,1,0
"E00065809",5,3,2
"E00065810",2,2,0
"E00065811",1,1,0
"E00065813",4,2,2
"E00065814",6,0,6
"E00065815",4,3,1
"E00065816",10,5,5
"E00065817",0,0,0
"E00065818",5,2,3
"E00065819",0,0,0
"E00065820",2,2,0
"E00065821",1,1,0
"E00065822",0,0,0
"E00065823",2,2,0
"E00065824",4,3,1
"E00065825",0,0,0
"E00065826",1,1,0
"E00065827",10,7,3
"E00065828",2,0,2
"E00065829",5,3,2
"E00065830",6,3,3
"E00065831",3,2,1
"E00065832",5,2,3
"E00065833",2,1,1
"E00065834",4,2,2
"E00065835",0,0,0
"E00065836",5,2,3
"E00065837",3,0,3
"E00065838",4,3,1
"E00065839",3,2,1
"E00065840",3,2,1
"E00065841",2,0,2
"E00065843",3,3,0
"E00065844",1,0,1
"E00065845",1,1,0
"E00065846",4,3,1
"E00065847",7,2,5
"E00065848",4,2,2
"E00065849",3,0,3
"E00065850",3,0,3
"E00065851",6,5,1
"E00065852",2,1,1
"E00065853",9,7,2
"E00065854",2,1,1
"E00065855",12,4,8
"E00065856",3,2,1
"E00065857",12,2,10
"E00065858",1,1,0
"E00065859",4,0,4
"E00065860",6,2,4
"E00065861",6,3,3
"E00065862",8,4,4
"E00065863",5,1,4
"E00065864",9,4,5
"E00065865",10,4,6
"E00065866",5,3,2
"E00065867",8,4,4
"E00065868",6,3,3
"E00065869",1,1,0
"E00065870",10,7,3
"E00065871",6,3,3
"E00065872",6,2,4
"E00065873",3,1,2
"E00065874",4,2,2
"E00065875",2,2,0
"E00065876",3,0,3
"E00065877",4,2,2
"E00065878",4,1,3
"E00065879",0,0,0
"E00065880",0,0,0
"E00065881",4,2,2
"E00065882",7,3,4
"E00065883",8,3,5
"E00065884",5,2,3
"E00065885",5,3,2
"E00065886",1,1,0
"E00065887",14,4,10
"E00065888",4,3,1
"E00065889",10,5,5
"E00065890",5,2,3
"E00065891",11,3,8
"E00065892",2,1,1
"E00065893",4,3,1
"E00065894",9,3,6
"E00065895",2,0,2
"E00065896",5,2,3
"E00065897",4,2,2
"E00065898",2,1,1
"E00065899",4,3,1
"E00065900",15,5,10
"E00065901",0,0,0
"E00065902",1,0,1
"E00065903",8,3,5
"E00065904",5,3,2
"E00065905",5,3,2
"E00065906",4,2,2
"E00065907",4,2,2
"E00065908",3,2,1
"E00065909",22,8,14
"E00065910",7,2,5
"E00065911",13,7,6
"E00065912",8,5,3
"E00065913",20,10,10
"E00065914",6,4,2
"E00065915",4,2,2
"E00065916",7,3,4
"E00065917",8,4,4
"E00065918",10,5,5
"E00065919",6,1,5
"E00065920",5,0,5
"E00065921",5,2,3
"E00065922",16,10,6
"E00065923",2,1,1
"E00065924",15,9,6
"E00065925",9,7,2
"E00065926",7,6,1
"E00065927",2,0,2
"E00065928",9,7,2
"E00065929",8,0,8
"E00065930",3,0,3
"E00065931",7,3,4
"E00065932",6,4,2
"E00065933",1,1,0
"E00065934",11,5,6
"E00065935",1,1,0
"E00065936",9,4,5
"E00065937",0,0,0
"E00065938",7,4,3
"E00065939",2,1,1
"E00065940",8,4,4
"E00065941",5,0,5
"E00065942",5,3,2
"E00065943",7,6,1
"E00065944",1,1,0
"E00065945",1,1,0
"E00065946",3,1,2
"E00065947",3,2,1
"E00065948",2,0,2
"E00065949",1,0,1
"E00065950",0,0,0
"E00065951",3,1,2
"E00065952",3,3,0
"E00065953",1,0,1
"E00065954",2,1,1
"E00065955",2,1,1
"E00065956",9,5,4
"E00065957",0,0,0
"E00065958",20,9,11
"E00065959",0,0,0
"E00065960",1,0,1
"E00065961",7,3,4
"E00065962",0,0,0
"E00065963",4,2,2
"E00065964",9,7,2
"E00065965",2,2,0
"E00065966",1,1,0
"E00065967",2,1,1
"E00065968",3,3,0
"E00065969",3,1,2
"E00065970",2,0,2
"E00065971",3,1,2
"E00065972",7,4,3
"E00065973",0,0,0
"E00065974",8,3,5
"E00065975",0,0,0
"E00065976",4,1,3
"E00065977",3,2,1
"E00065978",9,7,2
"E00065980",5,1,4
"E00065981",5,1,4
"E00065982",8,5,3
"E00065983",2,2,0
"E00065984",5,3,2
"E00065985",1,1,0
"E00065986",4,3,1
"E00065987",2,2,0
"E00065988",5,5,0
"E00065989",5,3,2
"E00065990",0,0,0
"E00065991",3,0,3
"E00065992",3,1,2
"E00065993",1,1,0
"E00065994",0,0,0
"E00065995",4,2,2
"E00065996",1,0,1
"E00065997",1,1,0
"E00065998",3,2,1
"E00065999",5,5,0
"E00066000",6,5,1
"E00066001",1,1,0
"E00066002",4,0,4
"E00066003",5,4,1
"E00066004",4,3,1
"E00066005",1,0,1
"E00066006",6,4,2
"E00066007",3,1,2
"E00066008",5,1,4
"E00066009",2,1,1
"E00066010",0,0,0
"E00066011",1,0,1
"E00066012",0,0,0
"E00066013",3,1,2
"E00066014",3,3,0
"E00066015",2,1,1
"E00066016",3,1,2
"E00066017",0,0,0
"E00066018",1,0,1
"E00066019",1,0,1
"E00066020",6,4,2
"E00066021",3,1,2
"E00066022",0,0,0
"E00066023",0,0,0
"E00066024",0,0,0
"E00066025",1,0,1
"E00066026",2,0,2
"E00066027",1,1,0
"E00066028",4,4,0
"E00066029",1,0,1
"E00066030",0,0,0
"E00066031",1,0,1
"E00066032",3,2,1
"E00066033",3,1,2
"E00066034",2,1,1
"E00066035",2,2,0
"E00066036",1,1,0
"E00066037",2,0,2
"E00066038",2,1,1
"E00066039",0,0,0
"E00066040",4,1,3
"E00066041",6,3,3
"E00066042",0,0,0
"E00066043",5,4,1
"E00066044",6,4,2
"E00066045",9,2,7
"E00066046",7,5,2
"E00066047",10,6,4
"E00066048",1,0,1
"E00066049",17,11,6
"E00066050",5,2,3
"E00066051",12,8,4
"E00066052",3,1,2
"E00066053",11,4,7
"E00066054",12,6,6
"E00066055",13,9,4
"E00066056",4,2,2
"E00066057",7,3,4
"E00066058",12,6,6
"E00066059",11,4,7
"E00066060",2,2,0
"E00066061",2,1,1
"E00066062",15,9,6
"E00066063",6,3,3
"E00066064",3,2,1
"E00066065",3,2,1
"E00066066",4,2,2
"E00066067",3,2,1
"E00066068",4,0,4
"E00066069",8,2,6
"E00066071",1,1,0
"E00066072",6,3,3
"E00066073",0,0,0
"E00066074",1,1,0
"E00066075",3,2,1
"E00066076",1,0,1
"E00066077",5,1,4
"E00066078",3,2,1
"E00066080",5,3,2
"E00066081",3,2,1
"E00066082",5,2,3
"E00066083",7,3,4
"E00066084",7,3,4
"E00066085",1,1,0
"E00066086",4,2,2
"E00066087",3,0,3
"E00066088",8,3,5
"E00066089",0,0,0
"E00066090",7,3,4
"E00066091",2,0,2
"E00066092",1,1,0
"E00066093",2,0,2
"E00066094",2,0,2
"E00066095",2,2,0
"E00066096",3,2,1
"E00066097",9,3,6
"E00066098",7,5,2
"E00066099",3,2,1
"E00066100",0,0,0
"E00066101",4,2,2
"E00066102",2,1,1
"E00066103",4,1,3
"E00066104",0,0,0
"E00066105",1,0,1
"E00066106",2,0,2
"E00066107",1,1,0
"E00066108",8,3,5
"E00066109",0,0,0
"E00066110",4,3,1
"E00066111",3,2,1
"E00066112",6,4,2
"E00066113",1,0,1
"E00066114",6,2,4
"E00066115",4,2,2
"E00066116",1,0,1
"E00066117",5,3,2
"E00066118",1,0,1
"E00066119",4,2,2
"E00066121",1,1,0
"E00066122",2,1,1
"E00066123",3,1,2
"E00066124",0,0,0
"E00066125",0,0,0
"E00066126",1,0,1
"E00066127",2,1,1
"E00066128",0,0,0
"E00066129",1,1,0
"E00066130",2,1,1
"E00066131",2,2,0
"E00066132",1,1,0
"E00066133",5,2,3
"E00066134",5,2,3
"E00066135",2,2,0
"E00066136",8,5,3
"E00066137",7,2,5
"E00066138",2,1,1
"E00066139",0,0,0
"E00066140",6,3,3
"E00066141",0,0,0
"E00066142",3,2,1
"E00066143",3,2,1
"E00066144",1,0,1
"E00066145",2,2,0
"E00066146",1,1,0
"E00066147",10,8,2
"E00066148",6,6,0
"E00066149",4,3,1
"E00066150",0,0,0
"E00066151",4,2,2
"E00066152",10,8,2
"E00066153",5,2,3
"E00066154",7,5,2
"E00066155",5,4,1
"E00066156",10,8,2
"E00066157",6,3,3
"E00066158",1,0,1
"E00066159",1,0,1
"E00066160",2,2,0
"E00066161",5,5,0
"E00066162",7,2,5
"E00066163",5,2,3
"E00066164",4,2,2
"E00066165",9,5,4
"E00066166",4,2,2
"E00066167",6,3,3
"E00066168",1,0,1
"E00066169",8,4,4
"E00066170",3,2,1
"E00066171",4,2,2
"E00066172",3,2,1
"E00066173",5,5,0
"E00066174",4,1,3
"E00066175",10,3,7
"E00066176",3,1,2
"E00066177",7,3,4
"E00066178",2,1,1
"E00066179",2,1,1
"E00066180",2,1,1
"E00066181",6,2,4
"E00066182",4,2,2
"E00066183",7,3,4
"E00066184",0,0,0
"E00066185",1,0,1
"E00066186",4,3,1
"E00066187",5,3,2
"E00066188",2,0,2
"E00066189",7,5,2
"E00066190",3,1,2
"E00066191",5,3,2
"E00066192",3,1,2
"E00066193",4,2,2
"E00066194",0,0,0
"E00066195",4,1,3
"E00066196",12,6,6
"E00066197",8,3,5
"E00066198",10,7,3
"E00066199",7,3,4
"E00066200",4,4,0
"E00066201",5,4,1
"E00066202",13,8,5
"E00066203",4,4,0
"E00066204",12,6,6
"E00066205",4,3,1
"E00066207",2,1,1
"E00066208",3,1,2
"E00066209",6,4,2
"E00066210",9,6,3
"E00066211",3,3,0
"E00066212",4,2,2
"E00066213",7,2,5
"E00066214",2,1,1
"E00066215",4,3,1
"E00066216",9,2,7
"E00066217",5,3,2
"E00066218",1,1,0
"E00066219",4,1,3
"E00066220",6,3,3
"E00066221",5,2,3
"E00066222",6,1,5
"E00066223",3,3,0
"E00066224",2,0,2
"E00066225",3,1,2
"E00066226",4,1,3
"E00066227",7,3,4
"E00066228",3,1,2
"E00066229",1,1,0
"E00066230",3,2,1
"E00066231",20,10,10
"E00066232",2,2,0
"E00066233",5,2,3
"E00066234",6,3,3
"E00066235",4,0,4
"E00066236",2,1,1
"E00066237",3,2,1
"E00066238",7,7,0
"E00066239",5,2,3
"E00066240",7,4,3
"E00066241",6,2,4
"E00066242",4,1,3
"E00066243",3,3,0
"E00066245",2,1,1
"E00066246",3,1,2
"E00066247",0,0,0
"E00066248",1,0,1
"E00066249",0,0,0
"E00066250",2,2,0
"E00066251",1,1,0
"E00066252",4,2,2
"E00066253",0,0,0
"E00066254",1,0,1
"E00066255",0,0,0
"E00066256",2,1,1
"E00066257",1,1,0
"E00066258",3,2,1
"E00066259",0,0,0
"E00066260",4,2,2
"E00066261",0,0,0
"E00066262",3,3,0
"E00066263",4,4,0
"E00066264",1,1,0
"E00066265",0,0,0
"E00066266",1,0,1
"E00066267",1,1,0
"E00066268",1,1,0
"E00066269",1,1,0
"E00066270",1,1,0
"E00066271",0,0,0
"E00066272",2,2,0
"E00066273",1,1,0
"E00066274",1,0,1
"E00066275",3,1,2
"E00066276",2,2,0
"E00066277",0,0,0
"E00066278",1,1,0
"E00066279",0,0,0
"E00066280",1,1,0
"E00066281",2,0,2
"E00066282",1,1,0
"E00066283",4,2,2
"E00066284",4,3,1
"E00066285",1,0,1
"E00066286",3,2,1
"E00066287",1,1,0
"E00066288",0,0,0
"E00066289",0,0,0
"E00066290",1,1,0
"E00066291",0,0,0
"E00066292",0,0,0
"E00066293",1,0,1
"E00066294",2,1,1
"E00066295",1,0,1
"E00066296",0,0,0
"E00066297",1,0,1
"E00066298",0,0,0
"E00066299",2,1,1
"E00066300",2,0,2
"E00066301",0,0,0
"E00066302",0,0,0
"E00066303",0,0,0
"E00066305",1,0,1
"E00066306",0,0,0
"E00066307",1,0,1
"E00066309",0,0,0
"E00066310",1,0,1
"E00066311",3,2,1
"E00066312",2,2,0
"E00066313",6,1,5
"E00066314",0,0,0
"E00066315",0,0,0
"E00066316",4,4,0
"E00066317",2,1,1
"E00066318",0,0,0
"E00066319",0,0,0
"E00066320",0,0,0
"E00066321",2,1,1
"E00066322",4,0,4
"E00066323",1,0,1
"E00066324",0,0,0
"E00066325",0,0,0
"E00066326",0,0,0
"E00066327",0,0,0
"E00066328",0,0,0
"E00066329",2,2,0
"E00066330",0,0,0
"E00066331",0,0,0
"E00066332",0,0,0
"E00066333",0,0,0
"E00066334",5,1,4
"E00066335",2,0,2
"E00066336",1,0,1
"E00066337",0,0,0
"E00066338",0,0,0
"E00066339",2,2,0
"E00066340",1,0,1
"E00066341",0,0,0
"E00066342",0,0,0
"E00066343",6,5,1
"E00066344",0,0,0
"E00066345",1,0,1
"E00066346",7,2,5
"E00066347",1,1,0
"E00066348",2,1,1
"E00066349",3,2,1
"E00066350",3,0,3
"E00066351",5,4,1
"E00066352",3,0,3
"E00066353",3,0,3
"E00066354",0,0,0
"E00066355",0,0,0
"E00066356",8,2,6
"E00066357",2,1,1
"E00066358",2,1,1
"E00066359",1,0,1
"E00066360",1,0,1
"E00066361",0,0,0
"E00066362",2,1,1
"E00066363",7,0,7
"E00066364",8,5,3
"E00066365",3,2,1
"E00066366",5,1,4
"E00066367",2,2,0
"E00066368",0,0,0
"E00066369",5,5,0
"E00066370",3,1,2
"E00066371",5,3,2
"E00066372",3,1,2
"E00066373",2,2,0
"E00066374",4,2,2
"E00066375",9,4,5
"E00066376",1,0,1
"E00066377",1,0,1
"E00066378",0,0,0
"E00066379",1,0,1
"E00066380",2,1,1
"E00066381",1,0,1
"E00066382",0,0,0
"E00066383",8,5,3
"E00066384",0,0,0
"E00066385",6,1,5
"E00066386",1,1,0
"E00066387",1,0,1
"E00066388",9,4,5
"E00066389",4,2,2
"E00066390",6,3,3
"E00066391",4,2,2
"E00066392",3,3,0
"E00066393",2,1,1
"E00066394",1,0,1
"E00066395",7,5,2
"E00066396",0,0,0
"E00066397",3,1,2
"E00066398",2,0,2
"E00066399",9,6,3
"E00066400",4,4,0
"E00066401",1,0,1
"E00066402",3,1,2
"E00066403",0,0,0
"E00066404",1,0,1
"E00066405",2,1,1
"E00066406",0,0,0
"E00066407",1,0,1
"E00066408",1,0,1
"E00066409",3,1,2
"E00066410",2,1,1
"E00066411",0,0,0
"E00066412",0,0,0
"E00066414",1,1,0
"E00066415",2,1,1
"E00066416",0,0,0
"E00066417",6,3,3
"E00066418",2,1,1
"E00066419",4,0,4
"E00066420",1,0,1
"E00066421",5,2,3
"E00066422",3,2,1
"E00066423",0,0,0
"E00066424",3,1,2
"E00066425",0,0,0
"E00066426",2,0,2
"E00066427",0,0,0
"E00066428",4,2,2
"E00066429",1,0,1
"E00066430",2,0,2
"E00066431",1,0,1
"E00066432",4,1,3
"E00066433",0,0,0
"E00066434",2,1,1
"E00066435",2,2,0
"E00066436",0,0,0
"E00066437",4,2,2
"E00066438",7,3,4
"E00066439",6,3,3
"E00066440",2,1,1
"E00066441",0,0,0
"E00066442",1,1,0
"E00066443",14,8,6
"E00066444",3,1,2
"E00066445",7,3,4
"E00066446",1,1,0
"E00066447",7,1,6
"E00066448",2,1,1
"E00066449",2,2,0
"E00066450",7,2,5
"E00066451",6,3,3
"E00066452",1,1,0
"E00066453",1,1,0
"E00066454",3,1,2
"E00066455",5,3,2
"E00066456",2,2,0
"E00066457",6,4,2
"E00066458",6,3,3
"E00066459",2,0,2
"E00066460",2,1,1
"E00066461",4,2,2
"E00066462",6,4,2
"E00066463",1,1,0
"E00066464",1,0,1
"E00066465",6,3,3
"E00066466",2,0,2
"E00066467",5,2,3
"E00066468",11,4,7
"E00066470",6,3,3
"E00066471",6,3,3
"E00066472",3,2,1
"E00066473",0,0,0
"E00066474",1,1,0
"E00066475",0,0,0
"E00066476",1,0,1
"E00066477",0,0,0
"E00066478",2,0,2
"E00066479",2,1,1
"E00066480",0,0,0
"E00066481",1,0,1
"E00066482",2,1,1
"E00066483",3,2,1
"E00066484",1,1,0
"E00066485",1,0,1
"E00066486",4,3,1
"E00066487",5,4,1
"E00066488",2,0,2
"E00066489",1,0,1
"E00066490",2,2,0
"E00066491",5,2,3
"E00066492",0,0,0
"E00066493",2,1,1
"E00066494",2,1,1
"E00066495",0,0,0
"E00066496",3,1,2
"E00066497",7,3,4
"E00066498",0,0,0
"E00066499",2,0,2
"E00066500",3,1,2
"E00066501",3,1,2
"E00066502",1,1,0
"E00066503",3,2,1
"E00066504",1,1,0
"E00066505",4,3,1
"E00066506",4,1,3
"E00066507",6,6,0
"E00066508",5,2,3
"E00066509",3,3,0
"E00066510",4,2,2
"E00066511",4,1,3
"E00066512",3,2,1
"E00066513",1,1,0
"E00066514",3,0,3
"E00066515",5,2,3
"E00066516",4,4,0
"E00066517",0,0,0
"E00066518",2,1,1
"E00066519",2,1,1
"E00066520",3,2,1
"E00066521",4,2,2
"E00066522",3,0,3
"E00066523",3,3,0
"E00066524",3,1,2
"E00066525",10,3,7
"E00066526",4,3,1
"E00066527",9,6,3
"E00066528",3,0,3
"E00066529",6,2,4
"E00066530",1,0,1
"E00066531",10,5,5
"E00066532",5,2,3
"E00066533",8,6,2
"E00066534",5,3,2
"E00066535",4,2,2
"E00066536",7,3,4
"E00066537",1,1,0
"E00066538",0,0,0
"E00066539",2,1,1
"E00066540",4,2,2
"E00066541",6,1,5
"E00066542",10,5,5
"E00066543",7,5,2
"E00066544",1,1,0
"E00066545",2,2,0
"E00066546",3,2,1
"E00066547",5,3,2
"E00066548",7,3,4
"E00066550",3,1,2
"E00066551",5,4,1
"E00066552",3,1,2
"E00066553",6,3,3
"E00066554",3,1,2
"E00066555",3,2,1
"E00066556",5,3,2
"E00066557",0,0,0
"E00066558",2,2,0
"E00066559",5,5,0
"E00066560",0,0,0
"E00066561",4,2,2
"E00066562",2,2,0
"E00066563",2,0,2
"E00066564",0,0,0
"E00066565",4,4,0
"E00066566",5,1,4
"E00066568",5,1,4
"E00066569",5,3,2
"E00066570",0,0,0
"E00066571",5,3,2
"E00066572",1,1,0
"E00066573",4,2,2
"E00066574",1,0,1
"E00066575",1,0,1
"E00066576",0,0,0
"E00066577",3,2,1
"E00066578",6,3,3
"E00066579",0,0,0
"E00066580",2,1,1
"E00066581",2,0,2
"E00066582",1,0,1
"E00066583",0,0,0
"E00066584",0,0,0
"E00066585",0,0,0
"E00066586",3,2,1
"E00066587",0,0,0
"E00066588",1,1,0
"E00066589",1,1,0
"E00066590",3,1,2
"E00066591",0,0,0
"E00066592",0,0,0
"E00066593",1,0,1
"E00066594",0,0,0
"E00066595",3,3,0
"E00066596",2,0,2
"E00066597",1,0,1
"E00066598",1,0,1
"E00066599",4,3,1
"E00066600",3,0,3
"E00066601",4,2,2
"E00066602",3,2,1
"E00066603",0,0,0
"E00066604",0,0,0
"E00066605",5,2,3
"E00066606",1,0,1
"E00066607",0,0,0
"E00066608",0,0,0
"E00066609",2,1,1
"E00066610",2,1,1
"E00066611",2,1,1
"E00066612",2,2,0
"E00066613",4,3,1
"E00066614",3,2,1
"E00066615",2,0,2
"E00066616",2,1,1
"E00066617",3,1,2
"E00066618",2,1,1
"E00066619",0,0,0
"E00066620",4,2,2
"E00066621",2,1,1
"E00066622",1,1,0
"E00066623",5,3,2
"E00066624",2,2,0
"E00066625",1,1,0
"E00066626",1,0,1
"E00066627",1,0,1
"E00066628",1,0,1
"E00066629",0,0,0
"E00066630",0,0,0
"E00066631",6,3,3
"E00066632",1,0,1
"E00066633",4,1,3
"E00066634",2,1,1
"E00066635",0,0,0
"E00066636",0,0,0
"E00066637",2,1,1
"E00066638",0,0,0
"E00066639",1,0,1
"E00066640",1,1,0
"E00066641",0,0,0
"E00066642",2,1,1
"E00066643",2,1,1
"E00066644",2,2,0
"E00066645",4,1,3
"E00066646",0,0,0
"E00066647",1,0,1
"E00066648",6,4,2
"E00066649",4,1,3
"E00066650",2,1,1
"E00066651",1,0,1
"E00066652",4,2,2
"E00066653",0,0,0
"E00066654",0,0,0
"E00066655",4,3,1
"E00066656",2,1,1
"E00066657",4,1,3
"E00066658",3,1,2
"E00066659",2,0,2
"E00066660",0,0,0
"E00066661",1,0,1
"E00066662",0,0,0
"E00066663",0,0,0
"E00066664",6,5,1
"E00066665",11,5,6
"E00066666",8,4,4
"E00066667",11,3,8
"E00066668",5,3,2
"E00066669",3,1,2
"E00066670",0,0,0
"E00066671",6,1,5
"E00066672",0,0,0
"E00066674",3,2,1
"E00066675",9,3,6
"E00066676",0,0,0
"E00066677",5,1,4
"E00066678",6,4,2
"E00066679",1,0,1
"E00066680",4,3,1
"E00066681",4,2,2
"E00066682",2,1,1
"E00066683",4,2,2
"E00066684",5,3,2
"E00066685",9,5,4
"E00066686",3,1,2
"E00066687",4,0,4
"E00066688",0,0,0
"E00066689",1,1,0
"E00066690",0,0,0
"E00066691",1,1,0
"E00066692",3,1,2
"E00066693",5,0,5
"E00066694",1,0,1
"E00066695",3,1,2
"E00066696",2,2,0
"E00066697",0,0,0
"E00066698",0,0,0
"E00066699",0,0,0
"E00066700",3,1,2
"E00066701",2,1,1
"E00066702",0,0,0
"E00066703",0,0,0
"E00066704",0,0,0
"E00066705",3,2,1
"E00066706",0,0,0
"E00066707",0,0,0
"E00066708",1,1,0
"E00066709",4,3,1
"E00066710",3,1,2
"E00066711",2,1,1
"E00066712",4,2,2
"E00066713",0,0,0
"E00066714",2,1,1
"E00066715",2,1,1
"E00066716",15,8,7
"E00066717",0,0,0
"E00066718",4,0,4
"E00066719",6,3,3
"E00066720",0,0,0
"E00066721",12,6,6
"E00066722",4,1,3
"E00066723",4,4,0
"E00066724",15,7,8
"E00066725",4,1,3
"E00066726",6,4,2
"E00066727",5,4,1
"E00066728",5,2,3
"E00066729",7,5,2
"E00066730",2,2,0
"E00066731",3,1,2
"E00066732",2,2,0
"E00066733",0,0,0
"E00066734",2,1,1
"E00066735",12,5,7
"E00066737",1,0,1
"E00066738",4,3,1
"E00066739",1,0,1
"E00066740",0,0,0
"E00066741",2,1,1
"E00066742",5,3,2
"E00066743",3,1,2
"E00066744",2,1,1
"E00066745",2,0,2
"E00066746",0,0,0
"E00066747",2,2,0
"E00066748",1,1,0
"E00066749",3,2,1
"E00066750",0,0,0
"E00066751",1,1,0
"E00066752",5,2,3
"E00066753",1,0,1
"E00066754",5,3,2
"E00066755",5,3,2
"E00066756",7,2,5
"E00066757",3,1,2
"E00066758",2,1,1
"E00066759",2,0,2
"E00066760",3,1,2
"E00066761",6,2,4
"E00066762",3,2,1
"E00066763",3,2,1
"E00066764",0,0,0
"E00066765",1,1,0
"E00066766",0,0,0
"E00066767",4,3,1
"E00066768",2,1,1
"E00066769",1,1,0
"E00066770",1,0,1
"E00066771",3,2,1
"E00066772",2,2,0
"E00066773",0,0,0
"E00066774",0,0,0
"E00066775",3,2,1
"E00066776",1,0,1
"E00066777",2,1,1
"E00066778",0,0,0
"E00066779",4,3,1
"E00066780",2,1,1
"E00066781",2,1,1
"E00066782",2,0,2
"E00066783",3,1,2
"E00066784",1,0,1
"E00066785",3,2,1
"E00066786",2,2,0
"E00066787",1,1,0
"E00066788",11,7,4
"E00066789",2,1,1
"E00066790",7,5,2
"E00066792",0,0,0
"E00066793",0,0,0
"E00066794",6,4,2
"E00066795",1,1,0
"E00066796",0,0,0
"E00066797",1,1,0
"E00066799",7,4,3
"E00066800",1,1,0
"E00066801",2,0,2
"E00066802",4,2,2
"E00066803",3,3,0
"E00066804",2,0,2
"E00066805",0,0,0
"E00066806",0,0,0
"E00066807",0,0,0
"E00066808",3,1,2
"E00066809",0,0,0
"E00066810",0,0,0
"E00066811",3,2,1
"E00066812",1,1,0
"E00066813",0,0,0
"E00066814",3,1,2
"E00066815",11,4,7
"E00066816",0,0,0
"E00066817",2,0,2
"E00066818",2,2,0
"E00066819",5,3,2
"E00066820",5,2,3
"E00066821",4,1,3
"E00066822",3,1,2
"E00066823",6,1,5
"E00066824",12,8,4
"E00066825",3,3,0
"E00066826",7,4,3
"E00066827",9,4,5
"E00066828",11,7,4
"E00066829",3,1,2
"E00066830",0,0,0
"E00066831",6,4,2
"E00066832",1,1,0
"E00066833",2,0,2
"E00066834",3,2,1
"E00066835",10,5,5
"E00066836",16,7,9
"E00066837",7,2,5
"E00066838",9,4,5
"E00066839",10,5,5
"E00066840",1,1,0
"E00066841",3,1,2
"E00066842",9,4,5
"E00066843",1,0,1
"E00066844",2,1,1
"E00066845",5,2,3
"E00066846",1,1,0
"E00066847",1,0,1
"E00066848",6,0,6
"E00066849",0,0,0
"E00066850",0,0,0
"E00066851",0,0,0
"E00066852",1,1,0
"E00066853",0,0,0
"E00066854",2,0,2
"E00066855",3,0,3
"E00066856",3,0,3
"E00066857",5,3,2
"E00066858",7,5,2
"E00066859",7,3,4
"E00066860",5,2,3
"E00066861",7,4,3
"E00066862",5,2,3
"E00066863",5,3,2
"E00066864",6,2,4
"E00066865",10,4,6
"E00066866",11,5,6
"E00066867",6,5,1
"E00066868",11,5,6
"E00066869",4,1,3
"E00066870",1,1,0
"E00066871",1,0,1
"E00066872",6,2,4
"E00066873",4,3,1
"E00066874",4,2,2
"E00066875",2,2,0
"E00066876",2,0,2
"E00066877",1,0,1
"E00066878",7,1,6
"E00066879",5,4,1
"E00066880",2,2,0
"E00066881",1,1,0
"E00066882",3,0,3
"E00066883",1,1,0
"E00066884",0,0,0
"E00066885",3,1,2
"E00066886",1,1,0
"E00066887",3,1,2
"E00066888",2,1,1
"E00066889",3,1,2
"E00066891",2,0,2
"E00066892",2,1,1
"E00066893",5,1,4
"E00066894",3,1,2
"E00066895",3,2,1
"E00066896",5,2,3
"E00066897",1,0,1
"E00066898",2,1,1
"E00066899",4,2,2
"E00066900",3,1,2
"E00066901",4,2,2
"E00066902",8,4,4
"E00066903",12,6,6
"E00066904",4,4,0
"E00066905",0,0,0
"E00066906",4,3,1
"E00066907",1,1,0
"E00066908",2,1,1
"E00066909",2,0,2
"E00066910",1,1,0
"E00066911",5,3,2
"E00066912",1,1,0
"E00066913",4,2,2
"E00066914",2,0,2
"E00066915",0,0,0
"E00066916",3,3,0
"E00066917",5,3,2
"E00066918",3,1,2
"E00066919",4,2,2
"E00066920",2,2,0
"E00066921",7,6,1
"E00066922",4,3,1
"E00066923",1,1,0
"E00066924",6,2,4
"E00066925",2,0,2
"E00066926",0,0,0
"E00066927",1,0,1
"E00066928",4,3,1
"E00066929",1,0,1
"E00066930",13,7,6
"E00066931",3,2,1
"E00066932",3,2,1
"E00066933",0,0,0
"E00066934",1,0,1
"E00066935",2,0,2
"E00066936",6,3,3
"E00066937",3,0,3
"E00066938",1,0,1
"E00066939",1,0,1
"E00066940",7,5,2
"E00066941",1,1,0
"E00066942",3,0,3
"E00066943",4,2,2
"E00066944",4,4,0
"E00066945",8,3,5
"E00066946",2,1,1
"E00066947",6,1,5
"E00066948",3,2,1
"E00066949",5,0,5
"E00066950",1,1,0
"E00066951",7,2,5
"E00066952",3,1,2
"E00066953",9,3,6
"E00066954",2,1,1
"E00066955",3,2,1
"E00066956",4,3,1
"E00066957",4,1,3
"E00066958",12,6,6
"E00066959",2,2,0
"E00066960",1,1,0
"E00066961",0,0,0
"E00066962",4,1,3
"E00066963",2,2,0
"E00066964",0,0,0
"E00066965",5,2,3
"E00066966",8,5,3
"E00066967",1,0,1
"E00066968",3,1,2
"E00066969",3,1,2
"E00066970",4,1,3
"E00066971",5,4,1
"E00066972",1,0,1
"E00066973",5,3,2
"E00066974",3,3,0
"E00066975",7,5,2
"E00066976",4,3,1
"E00066977",11,3,8
"E00066978",4,1,3
"E00066979",6,4,2
"E00066980",5,1,4
"E00066981",9,7,2
"E00066982",4,1,3
"E00066983",9,2,7
"E00066984",3,3,0
"E00066985",10,5,5
"E00066986",1,1,0
"E00066987",2,2,0
"E00066989",0,0,0
"E00066990",4,0,4
"E00066991",3,2,1
"E00066992",0,0,0
"E00066993",4,0,4
"E00066994",3,3,0
"E00066995",3,0,3
"E00066996",5,0,5
"E00066997",2,0,2
"E00066998",1,1,0
"E00066999",5,0,5
"E00067000",1,0,1
"E00067001",3,1,2
"E00067002",1,1,0
"E00067003",0,0,0
"E00067004",2,1,1
"E00067005",6,4,2
"E00067006",10,6,4
"E00067007",1,1,0
"E00067008",1,1,0
"E00067009",1,0,1
"E00067010",0,0,0
"E00067011",3,1,2
"E00067012",3,3,0
"E00067013",1,0,1
"E00067014",1,0,1
"E00067015",0,0,0
"E00067016",5,3,2
"E00067017",2,0,2
"E00067018",3,1,2
"E00067019",0,0,0
"E00067020",0,0,0
"E00067021",2,1,1
"E00067022",0,0,0
"E00067023",1,0,1
"E00067024",1,1,0
"E00067025",0,0,0
"E00067026",2,0,2
"E00067027",2,2,0
"E00067028",1,1,0
"E00067029",2,1,1
"E00067030",1,1,0
"E00067031",1,1,0
"E00067032",1,0,1
"E00067033",1,0,1
"E00067034",3,3,0
"E00067035",1,1,0
"E00067036",2,1,1
"E00067037",4,0,4
"E00067038",4,2,2
"E00067039",2,0,2
"E00067040",6,4,2
"E00067041",2,1,1
"E00067042",2,0,2
"E00067043",2,1,1
"E00067044",1,0,1
"E00067045",0,0,0
"E00067046",6,1,5
"E00067047",1,0,1
"E00067048",2,1,1
"E00067049",0,0,0
"E00067050",0,0,0
"E00067051",6,3,3
"E00067052",2,2,0
"E00067053",4,1,3
"E00067054",1,0,1
"E00067055",3,3,0
"E00067056",3,2,1
"E00067057",1,0,1
"E00067058",3,1,2
"E00067059",3,0,3
"E00067060",3,2,1
"E00067061",2,1,1
"E00067062",6,2,4
"E00067063",10,5,5
"E00067064",4,2,2
"E00067065",3,2,1
"E00067066",2,1,1
"E00067067",2,0,2
"E00067068",1,0,1
"E00067069",4,1,3
"E00067070",3,0,3
"E00067071",0,0,0
"E00067072",4,2,2
"E00067073",10,4,6
"E00067074",0,0,0
"E00067075",3,2,1
"E00067076",3,3,0
"E00067077",3,2,1
"E00067078",7,4,3
"E00067079",8,3,5
"E00067080",4,3,1
"E00067081",4,2,2
"E00067082",8,5,3
"E00067083",1,0,1
"E00067084",4,1,3
"E00067085",1,0,1
"E00067086",3,1,2
"E00067087",3,3,0
"E00067088",0,0,0
"E00067089",1,0,1
"E00067090",1,0,1
"E00067091",4,3,1
"E00067092",3,2,1
"E00067093",6,4,2
"E00067094",0,0,0
"E00067095",0,0,0
"E00067096",0,0,0
"E00067097",2,2,0
"E00067098",3,3,0
"E00067099",4,2,2
"E00067100",1,1,0
"E00067101",1,1,0
"E00067102",0,0,0
"E00067103",0,0,0
"E00067104",4,4,0
"E00067105",5,1,4
"E00067106",3,1,2
"E00067107",0,0,0
"E00067108",1,1,0
"E00067109",1,0,1
"E00067110",1,1,0
"E00067111",5,1,4
"E00067112",4,2,2
"E00067113",1,1,0
"E00067114",1,1,0
"E00067115",0,0,0
"E00067116",3,2,1
"E00067117",9,4,5
"E00067118",4,2,2
"E00067119",0,0,0
"E00067120",2,1,1
"E00067121",1,0,1
"E00067122",5,2,3
"E00067123",3,2,1
"E00067124",4,2,2
"E00067125",18,7,11
"E00067126",1,1,0
"E00067128",2,0,2
"E00067129",5,2,3
"E00067130",3,1,2
"E00067131",2,2,0
"E00067132",1,1,0
"E00067133",1,0,1
"E00067134",4,0,4
"E00067135",4,1,3
"E00067136",4,3,1
"E00067137",2,1,1
"E00067138",8,5,3
"E00067139",2,2,0
"E00067140",1,0,1
"E00067141",3,3,0
"E00067142",6,2,4
"E00067143",4,0,4
"E00067144",1,1,0
"E00067145",9,3,6
"E00067146",7,4,3
"E00067147",2,1,1
"E00067148",1,0,1
"E00067149",5,3,2
"E00067150",7,5,2
"E00067151",4,1,3
"E00067152",3,1,2
"E00067153",3,1,2
"E00067154",4,0,4
"E00067155",2,0,2
"E00067157",1,0,1
"E00067159",1,0,1
"E00067160",7,4,3
"E00067161",5,1,4
"E00067162",2,1,1
"E00067163",2,1,1
"E00067164",0,0,0
"E00067165",4,3,1
"E00067166",0,0,0
"E00067167",6,3,3
"E00067168",3,3,0
"E00067169",1,0,1
"E00067170",1,0,1
"E00067171",5,4,1
"E00067172",0,0,0
"E00067173",6,3,3
"E00067174",3,2,1
"E00067175",4,3,1
"E00067176",0,0,0
"E00067177",2,1,1
"E00067178",1,0,1
"E00067179",1,0,1
"E00067180",2,1,1
"E00067181",2,1,1
"E00067182",1,0,1
"E00067183",7,5,2
"E00067184",2,1,1
"E00067185",2,1,1
"E00067186",3,2,1
"E00067187",0,0,0
"E00067188",1,0,1
"E00067189",0,0,0
"E00067190",0,0,0
"E00067191",2,0,2
"E00067192",0,0,0
"E00067193",4,2,2
"E00067194",0,0,0
"E00067195",5,2,3
"E00067196",9,4,5
"E00067197",1,0,1
"E00067198",6,4,2
"E00067199",4,2,2
"E00067200",12,8,4
"E00067201",2,1,1
"E00067202",14,3,11
"E00067203",0,0,0
"E00067204",1,1,0
"E00067205",0,0,0
"E00067206",6,0,6
"E00067207",0,0,0
"E00067208",6,4,2
"E00067209",1,0,1
"E00067210",4,2,2
"E00067211",0,0,0
"E00067212",2,1,1
"E00067213",2,1,1
"E00067214",1,1,0
"E00067215",2,1,1
"E00067216",0,0,0
"E00067217",2,0,2
"E00067218",3,2,1
"E00067219",1,1,0
"E00067221",4,0,4
"E00067222",1,0,1
"E00067223",3,2,1
"E00067224",5,3,2
"E00067225",5,2,3
"E00067226",1,1,0
"E00067227",0,0,0
"E00067228",2,0,2
"E00067229",0,0,0
"E00067230",1,0,1
"E00067231",8,7,1
"E00067232",0,0,0
"E00067233",1,1,0
"E00067234",2,1,1
"E00067235",4,0,4
"E00067236",10,7,3
"E00067237",11,3,8
"E00067238",1,1,0
"E00067239",1,1,0
"E00067240",2,2,0
"E00067241",3,1,2
"E00067242",6,1,5
"E00067244",6,5,1
"E00067245",4,2,2
"E00067246",6,3,3
"E00067247",10,5,5
"E00067248",7,5,2
"E00067249",6,3,3
"E00067250",3,1,2
"E00067251",5,2,3
"E00067252",5,4,1
"E00067253",6,4,2
"E00067254",7,5,2
"E00067255",1,0,1
"E00067256",2,1,1
"E00067257",5,3,2
"E00067258",19,6,13
"E00067259",8,3,5
"E00067260",3,2,1
"E00067261",0,0,0
"E00067262",7,3,4
"E00067263",15,7,8
"E00067264",7,4,3
"E00067265",0,0,0
"E00067266",1,0,1
"E00067267",6,4,2
"E00067268",5,2,3
"E00067269",13,9,4
"E00067270",7,3,4
"E00067271",1,1,0
"E00067272",1,0,1
"E00067273",0,0,0
"E00067274",4,0,4
"E00067275",4,3,1
"E00067276",0,0,0
"E00067277",5,3,2
"E00067279",4,2,2
"E00067280",0,0,0
"E00067281",2,2,0
"E00067282",4,1,3
"E00067283",7,4,3
"E00067284",2,0,2
"E00067285",3,1,2
"E00067286",3,2,1
"E00067287",8,6,2
"E00067288",3,1,2
"E00067289",9,4,5
"E00067290",1,1,0
"E00067291",1,1,0
"E00067292",5,3,2
"E00067293",1,1,0
"E00067294",0,0,0
"E00067295",5,3,2
"E00067296",1,0,1
"E00067297",2,2,0
"E00067298",3,1,2
"E00067299",1,1,0
"E00067300",5,3,2
"E00067301",3,1,2
"E00067302",1,0,1
"E00067303",1,0,1
"E00067304",1,0,1
"E00067305",0,0,0
"E00067306",0,0,0
"E00067307",5,1,4
"E00067308",4,3,1
"E00067309",3,1,2
"E00067310",3,1,2
"E00067311",1,1,0
"E00067312",1,1,0
"E00067313",6,5,1
"E00067314",7,2,5
"E00067315",2,0,2
"E00067316",0,0,0
"E00067317",8,2,6
"E00067319",1,0,1
"E00067320",2,2,0
"E00067321",2,1,1
"E00067322",4,2,2
"E00067323",3,1,2
"E00067325",6,1,5
"E00067327",1,1,0
"E00067328",0,0,0
"E00067329",6,3,3
"E00067330",11,6,5
"E00067331",13,4,9
"E00067332",11,5,6
"E00067333",8,7,1
"E00067334",12,5,7
"E00067335",8,6,2
"E00067336",1,0,1
"E00067337",6,1,5
"E00067338",1,1,0
"E00067339",6,4,2
"E00067341",1,0,1
"E00067342",9,5,4
"E00067343",3,0,3
"E00067344",2,0,2
"E00067345",0,0,0
"E00067346",2,1,1
"E00067347",3,3,0
"E00067348",2,2,0
"E00067349",0,0,0
"E00067350",4,3,1
"E00067351",2,2,0
"E00067352",4,1,3
"E00067353",1,0,1
"E00067354",0,0,0
"E00067355",2,0,2
"E00067356",6,4,2
"E00067357",0,0,0
"E00067358",1,0,1
"E00067359",1,0,1
"E00067360",0,0,0
"E00067361",4,3,1
"E00067362",4,1,3
"E00067363",1,1,0
"E00067364",6,5,1
"E00067365",8,5,3
"E00067366",5,5,0
"E00067367",4,3,1
"E00067368",1,1,0
"E00067370",6,5,1
"E00067371",16,7,9
"E00067372",5,2,3
"E00067373",0,0,0
"E00067374",7,3,4
"E00067375",13,9,4
"E00067376",5,2,3
"E00067377",8,2,6
"E00067378",0,0,0
"E00067379",2,0,2
"E00067380",3,1,2
"E00067381",5,0,5
"E00067382",10,5,5
"E00067383",3,3,0
"E00067384",4,2,2
"E00067385",7,3,4
"E00067386",6,4,2
"E00067387",6,3,3
"E00067388",13,10,3
"E00067389",5,3,2
"E00067390",6,4,2
"E00067391",3,2,1
"E00067392",3,3,0
"E00067393",1,1,0
"E00067394",5,3,2
"E00067395",9,4,5
"E00067396",8,3,5
"E00067397",1,0,1
"E00067398",4,1,3
"E00067399",7,3,4
"E00067400",8,4,4
"E00067401",5,3,2
"E00067402",3,2,1
"E00067403",7,2,5
"E00067404",4,2,2
"E00067405",4,2,2
"E00067406",1,1,0
"E00067407",0,0,0
"E00067408",3,3,0
"E00067409",6,3,3
"E00067410",1,0,1
"E00067411",1,1,0
"E00067412",1,1,0
"E00067413",2,2,0
"E00067414",3,2,1
"E00067415",0,0,0
"E00067416",6,3,3
"E00067417",1,0,1
"E00067418",3,3,0
"E00067419",6,2,4
"E00067420",5,3,2
"E00067421",3,3,0
"E00067422",1,0,1
"E00067423",4,2,2
"E00067424",1,0,1
"E00067425",5,3,2
"E00067426",3,0,3
"E00067427",3,2,1
"E00067428",7,4,3
"E00067429",5,2,3
"E00067430",8,7,1
"E00067431",8,3,5
"E00067432",4,3,1
"E00067433",4,0,4
"E00067434",1,1,0
"E00067435",4,3,1
"E00067436",16,9,7
"E00067437",4,3,1
"E00067438",1,1,0
"E00067439",2,2,0
"E00067440",3,1,2
"E00067441",4,1,3
"E00067442",7,2,5
"E00067443",1,0,1
"E00067444",7,1,6
"E00067445",3,3,0
"E00067446",2,0,2
"E00067447",4,1,3
"E00067448",7,5,2
"E00067449",9,6,3
"E00067450",6,2,4
"E00067451",7,3,4
"E00067452",2,1,1
"E00067453",2,1,1
"E00067454",0,0,0
"E00067455",5,2,3
"E00067456",1,1,0
"E00067457",0,0,0
"E00067458",4,1,3
"E00067459",2,1,1
"E00067460",4,2,2
"E00067461",4,1,3
"E00067462",8,4,4
"E00067463",8,2,6
"E00067464",2,0,2
"E00067465",8,5,3
"E00067466",2,1,1
"E00067468",9,6,3
"E00067469",7,1,6
"E00067470",4,1,3
"E00067471",2,2,0
"E00067472",5,3,2
"E00067473",1,0,1
"E00067474",0,0,0
"E00067476",2,2,0
"E00067477",1,1,0
"E00067478",0,0,0
"E00067479",1,0,1
"E00067480",3,2,1
"E00067481",3,2,1
"E00067483",0,0,0
"E00067484",0,0,0
"E00067485",12,5,7
"E00067486",5,0,5
"E00067487",0,0,0
"E00067488",2,1,1
"E00067490",10,3,7
"E00067491",1,1,0
"E00067493",2,1,1
"E00067494",2,1,1
"E00067495",5,4,1
"E00067496",6,5,1
"E00067497",12,5,7
"E00067498",4,3,1
"E00067499",5,3,2
"E00067500",5,1,4
"E00067501",5,4,1
"E00067502",3,1,2
"E00067503",1,1,0
"E00067504",2,0,2
"E00067505",2,0,2
"E00067506",6,2,4
"E00067507",0,0,0
"E00067508",1,0,1
"E00067509",0,0,0
"E00067510",8,2,6
"E00067511",2,0,2
"E00067512",6,5,1
"E00067513",4,1,3
"E00067514",4,0,4
"E00067515",13,8,5
"E00067516",11,9,2
"E00067517",8,5,3
"E00067518",8,2,6
"E00067519",9,6,3
"E00067520",5,3,2
"E00067521",1,1,0
"E00067522",4,3,1
"E00067523",0,0,0
"E00067524",0,0,0
"E00067525",10,6,4
"E00067526",4,3,1
"E00067527",0,0,0
"E00067528",2,2,0
"E00067529",0,0,0
"E00067530",5,3,2
"E00067531",7,2,5
"E00067532",4,3,1
"E00067533",4,3,1
"E00067534",8,3,5
"E00067535",3,2,1
"E00067536",11,5,6
"E00067537",9,5,4
"E00067540",3,3,0
"E00067541",5,2,3
"E00067542",4,0,4
"E00067543",0,0,0
"E00067544",5,3,2
"E00067545",13,3,10
"E00067546",5,3,2
"E00067547",3,1,2
"E00067548",1,0,1
"E00067549",10,5,5
"E00067550",2,0,2
"E00067552",4,4,0
"E00067553",7,1,6
"E00067554",5,2,3
"E00067555",3,1,2
"E00067556",2,0,2
"E00067557",1,0,1
"E00067558",1,0,1
"E00067559",2,2,0
"E00067560",0,0,0
"E00067561",1,1,0
"E00067562",3,1,2
"E00067563",6,1,5
"E00067564",0,0,0
"E00067565",1,0,1
"E00067566",0,0,0
"E00067567",3,2,1
"E00067568",1,0,1
"E00067569",0,0,0
"E00067570",13,7,6
"E00067571",5,5,0
"E00067572",3,0,3
"E00067573",7,5,2
"E00067574",0,0,0
"E00067575",1,0,1
"E00067576",5,4,1
"E00067577",2,1,1
"E00067578",5,1,4
"E00067579",7,3,4
"E00067580",10,6,4
"E00067581",0,0,0
"E00067582",3,1,2
"E00067583",10,6,4
"E00067584",9,2,7
"E00067585",2,1,1
"E00067586",8,5,3
"E00067587",3,2,1
"E00067588",2,0,2
"E00067589",3,2,1
"E00067590",1,0,1
"E00067591",5,0,5
"E00067592",1,1,0
"E00067593",2,2,0
"E00067594",4,2,2
"E00067595",5,2,3
"E00067596",2,2,0
"E00067598",1,0,1
"E00067599",4,1,3
"E00067600",0,0,0
"E00067601",2,1,1
"E00067602",9,5,4
"E00067603",7,3,4
"E00067604",0,0,0
"E00067605",0,0,0
"E00067606",2,0,2
"E00067607",2,0,2
"E00067608",1,1,0
"E00067609",2,1,1
"E00067610",5,2,3
"E00067611",1,0,1
"E00067612",6,4,2
"E00067613",0,0,0
"E00067614",0,0,0
"E00067615",6,3,3
"E00067616",6,4,2
"E00067617",2,2,0
"E00067618",4,3,1
"E00067619",8,3,5
"E00067620",6,1,5
"E00067621",10,4,6
"E00067622",1,1,0
"E00067623",3,2,1
"E00067624",2,0,2
"E00067625",5,3,2
"E00067626",2,0,2
"E00067627",1,0,1
"E00067628",0,0,0
"E00067629",1,1,0
"E00067630",5,3,2
"E00067631",4,2,2
"E00067632",4,3,1
"E00067633",2,1,1
"E00067634",4,2,2
"E00067635",1,1,0
"E00067636",1,1,0
"E00067637",1,0,1
"E00067638",2,1,1
"E00067639",8,4,4
"E00067640",4,1,3
"E00067641",1,1,0
"E00067642",5,1,4
"E00067643",4,0,4
"E00067644",2,2,0
"E00067645",4,2,2
"E00067646",3,2,1
"E00067647",4,3,1
"E00067648",1,0,1
"E00067649",6,4,2
"E00067650",4,3,1
"E00067651",2,1,1
"E00067652",5,2,3
"E00067653",3,1,2
"E00067654",6,3,3
"E00067655",7,3,4
"E00067656",2,0,2
"E00067657",1,0,1
"E00067658",4,1,3
"E00067659",5,4,1
"E00067660",3,3,0
"E00067661",0,0,0
"E00067662",6,2,4
"E00067664",6,4,2
"E00067665",9,2,7
"E00067666",7,3,4
"E00067667",2,2,0
"E00067668",10,5,5
"E00067669",1,0,1
"E00067670",5,0,5
"E00067671",1,0,1
"E00067672",0,0,0
"E00067673",3,2,1
"E00067674",3,2,1
"E00067675",0,0,0
"E00067676",3,1,2
"E00067677",7,4,3
"E00067678",1,0,1
"E00067679",5,3,2
"E00067680",6,3,3
"E00067681",3,1,2
"E00067682",6,3,3
"E00067683",6,2,4
"E00067684",7,2,5
"E00067685",5,1,4
"E00067686",4,2,2
"E00067687",2,1,1
"E00067688",7,4,3
"E00067689",1,0,1
"E00067690",1,1,0
"E00067691",4,2,2
"E00067692",2,2,0
"E00067693",1,0,1
"E00067694",3,0,3
"E00067695",2,0,2
"E00067696",2,1,1
"E00067697",0,0,0
"E00067698",3,1,2
"E00067699",1,0,1
"E00067700",2,2,0
"E00067701",1,1,0
"E00067702",3,2,1
"E00067703",3,3,0
"E00067704",0,0,0
"E00067705",4,2,2
"E00067706",10,6,4
"E00067707",0,0,0
"E00067708",8,3,5
"E00067709",8,3,5
"E00067710",1,0,1
"E00067711",8,4,4
"E00067712",0,0,0
"E00067713",3,2,1
"E00067714",4,1,3
"E00067715",6,1,5
"E00067716",8,4,4
"E00067717",0,0,0
"E00067718",5,2,3
"E00067719",0,0,0
"E00067720",1,1,0
"E00067721",1,0,1
"E00067722",3,1,2
"E00067723",1,0,1
"E00067724",7,2,5
"E00067725",8,3,5
"E00067726",1,0,1
"E00067727",3,0,3
"E00067728",2,2,0
"E00067729",6,3,3
"E00067730",3,2,1
"E00067731",9,4,5
"E00067732",2,2,0
"E00067733",2,2,0
"E00067734",0,0,0
"E00067735",0,0,0
"E00067736",2,1,1
"E00067737",1,1,0
"E00067738",0,0,0
"E00067739",2,2,0
"E00067740",5,2,3
"E00067742",6,2,4
"E00067743",1,1,0
"E00067745",0,0,0
"E00067746",7,3,4
"E00067747",2,2,0
"E00067748",7,3,4
"E00067749",8,4,4
"E00067750",2,0,2
"E00067751",3,1,2
"E00067752",10,5,5
"E00067753",4,3,1
"E00067754",3,2,1
"E00067755",1,0,1
"E00067756",3,3,0
"E00067757",1,1,0
"E00067758",1,0,1
"E00067759",3,3,0
"E00067760",24,12,12
"E00067761",4,3,1
"E00067762",5,4,1
"E00067763",12,4,8
"E00067764",5,0,5
"E00067765",4,4,0
"E00067766",3,1,2
"E00067767",21,14,7
"E00067768",1,1,0
"E00067769",11,8,3
"E00067770",12,5,7
"E00067771",4,3,1
"E00067772",7,3,4
"E00067773",12,9,3
"E00067774",7,6,1
"E00067775",7,3,4
"E00067776",7,4,3
"E00067777",5,3,2
"E00067778",4,2,2
"E00067779",3,1,2
"E00067780",7,4,3
"E00067781",5,3,2
"E00067782",4,3,1
"E00067783",3,1,2
"E00067784",19,10,9
"E00067785",10,5,5
"E00067786",11,5,6
"E00067787",6,4,2
"E00067788",9,5,4
"E00067789",7,3,4
"E00067790",6,2,4
"E00067791",11,7,4
"E00067792",3,2,1
"E00067793",1,1,0
"E00067794",4,0,4
"E00067795",4,1,3
"E00067796",3,2,1
"E00067797",8,3,5
"E00067798",4,2,2
"E00067799",4,0,4
"E00067800",2,1,1
"E00067801",3,2,1
"E00067802",3,1,2
"E00067803",1,0,1
"E00067804",2,1,1
"E00067805",3,1,2
"E00067806",1,0,1
"E00067807",6,3,3
"E00067808",10,2,8
"E00067809",5,2,3
"E00067810",1,1,0
"E00067811",3,2,1
"E00067812",3,1,2
"E00067813",4,3,1
"E00067814",6,5,1
"E00067815",11,8,3
"E00067816",2,0,2
"E00067817",5,1,4
"E00067818",9,6,3
"E00067819",9,4,5
"E00067820",8,3,5
"E00067821",0,0,0
"E00067822",7,4,3
"E00067823",2,2,0
"E00067824",2,1,1
"E00067825",0,0,0
"E00067826",4,2,2
"E00067828",6,4,2
"E00067829",8,3,5
"E00067830",15,7,8
"E00067831",5,2,3
"E00067832",2,1,1
"E00067833",18,13,5
"E00067834",7,2,5
"E00067835",4,3,1
"E00067836",10,2,8
"E00067837",2,0,2
"E00067838",4,4,0
"E00067839",11,6,5
"E00067840",5,3,2
"E00067841",4,2,2
"E00067842",6,2,4
"E00067843",10,5,5
"E00067844",6,3,3
"E00067845",1,0,1
"E00067846",12,8,4
"E00067847",7,2,5
"E00067848",15,5,10
"E00067849",11,4,7
"E00067850",3,1,2
"E00067851",4,3,1
"E00067852",4,0,4
"E00067853",27,14,13
"E00067854",5,4,1
"E00067855",8,4,4
"E00067856",1,0,1
"E00067857",1,0,1
"E00067858",3,2,1
"E00067859",0,0,0
"E00067860",2,1,1
"E00067861",0,0,0
"E00067862",3,1,2
"E00067863",2,1,1
"E00067864",3,1,2
"E00067865",6,3,3
"E00067866",3,1,2
"E00067867",0,0,0
"E00067868",3,1,2
"E00067869",0,0,0
"E00067870",1,1,0
"E00067871",0,0,0
"E00067872",0,0,0
"E00067873",4,2,2
"E00067874",3,0,3
"E00067875",0,0,0
"E00067876",0,0,0
"E00067877",1,0,1
"E00067878",5,2,3
"E00067879",2,1,1
"E00067880",6,3,3
"E00067881",6,2,4
"E00067882",4,3,1
"E00067883",1,0,1
"E00067884",1,1,0
"E00067885",5,4,1
"E00067886",1,0,1
"E00067887",0,0,0
"E00067888",3,3,0
"E00067889",5,1,4
"E00067890",6,2,4
"E00067891",2,0,2
"E00067892",0,0,0
"E00067893",2,1,1
"E00067894",0,0,0
"E00067895",1,1,0
"E00067896",6,5,1
"E00067897",1,0,1
"E00067898",0,0,0
"E00067899",5,2,3
"E00067900",2,1,1
"E00067901",3,0,3
"E00067902",2,2,0
"E00067903",3,3,0
"E00067904",4,2,2
"E00067905",8,5,3
"E00067906",8,3,5
"E00067907",3,1,2
"E00067908",6,3,3
"E00067909",2,1,1
"E00067910",8,5,3
"E00067911",5,4,1
"E00067912",3,2,1
"E00067913",6,3,3
"E00067914",6,5,1
"E00067915",5,2,3
"E00067916",7,0,7
"E00067917",7,5,2
"E00067918",5,3,2
"E00067919",0,0,0
"E00067920",0,0,0
"E00067921",0,0,0
"E00067922",0,0,0
"E00067923",0,0,0
"E00067924",10,4,6
"E00067925",5,4,1
"E00067926",1,1,0
"E00067927",4,3,1
"E00067928",0,0,0
"E00067929",1,1,0
"E00067930",1,1,0
"E00067931",0,0,0
"E00067932",6,3,3
"E00067933",1,1,0
"E00067934",7,2,5
"E00067935",3,3,0
"E00067936",5,3,2
"E00067937",12,6,6
"E00067938",6,3,3
"E00067939",8,3,5
"E00067940",4,2,2
"E00067942",0,0,0
"E00067943",3,1,2
"E00067945",2,1,1
"E00067946",2,0,2
"E00067947",1,0,1
"E00067948",15,11,4
"E00067949",1,0,1
"E00067950",1,1,0
"E00067952",2,1,1
"E00067953",4,2,2
"E00067954",0,0,0
"E00067955",2,1,1
"E00067956",0,0,0
"E00067957",2,2,0
"E00067958",2,1,1
"E00067959",4,2,2
"E00067960",8,5,3
"E00067961",2,1,1
"E00067962",12,3,9
"E00067963",16,4,12
"E00067964",3,1,2
"E00067965",5,2,3
"E00067966",7,6,1
"E00067967",6,4,2
"E00067968",1,0,1
"E00067969",6,1,5
"E00067970",11,5,6
"E00067971",4,1,3
"E00067972",9,4,5
"E00067973",6,1,5
"E00067974",2,0,2
"E00067975",2,2,0
"E00067976",8,2,6
"E00067977",3,0,3
"E00067978",1,0,1
"E00067979",3,1,2
"E00067980",4,1,3
"E00067981",9,3,6
"E00067982",2,1,1
"E00067983",7,4,3
"E00067984",0,0,0
"E00067985",0,0,0
"E00067986",1,0,1
"E00067987",5,3,2
"E00067988",1,1,0
"E00067989",9,5,4
"E00067990",14,7,7
"E00067991",7,5,2
"E00067992",10,4,6
"E00067993",1,1,0
"E00067994",12,6,6
"E00067995",1,0,1
"E00067996",4,3,1
"E00067997",6,3,3
"E00067998",8,4,4
"E00067999",3,2,1
"E00068000",4,3,1
"E00068001",0,0,0
"E00068002",2,0,2
"E00068003",5,1,4
"E00068004",4,3,1
"E00068005",23,15,8
"E00068006",0,0,0
"E00068007",1,1,0
"E00068008",7,2,5
"E00068009",3,3,0
"E00068010",1,0,1
"E00068011",4,2,2
"E00068012",2,1,1
"E00068014",0,0,0
"E00068015",2,1,1
"E00068016",1,0,1
"E00068017",3,2,1
"E00068018",8,4,4
"E00068019",4,2,2
"E00068020",1,0,1
"E00068021",4,2,2
"E00068022",1,0,1
"E00068023",3,3,0
"E00068024",0,0,0
"E00068025",1,0,1
"E00068026",3,0,3
"E00068027",0,0,0
"E00068028",4,3,1
"E00068029",0,0,0
"E00068030",1,1,0
"E00068031",2,2,0
"E00068032",6,4,2
"E00068033",2,1,1
"E00068034",0,0,0
"E00068035",0,0,0
"E00068036",4,3,1
"E00068037",1,0,1
"E00068038",1,0,1
"E00068040",0,0,0
"E00068041",0,0,0
"E00068042",0,0,0
"E00068043",1,1,0
"E00068044",1,1,0
"E00068045",0,0,0
"E00068046",1,1,0
"E00068047",6,4,2
"E00068048",1,0,1
"E00068049",0,0,0
"E00068050",0,0,0
"E00068051",3,2,1
"E00068052",0,0,0
"E00068053",8,5,3
"E00068054",0,0,0
"E00068055",0,0,0
"E00068056",1,0,1
"E00068057",8,2,6
"E00068058",0,0,0
"E00068059",4,2,2
"E00068060",3,1,2
"E00068061",1,1,0
"E00068062",2,2,0
"E00068063",0,0,0
"E00068064",3,1,2
"E00068065",2,2,0
"E00068066",0,0,0
"E00068068",0,0,0
"E00068069",3,2,1
"E00068070",2,0,2
"E00068071",0,0,0
"E00068072",1,0,1
"E00068073",0,0,0
"E00068075",6,2,4
"E00068076",0,0,0
"E00068077",1,1,0
"E00068078",4,1,3
"E00068079",2,1,1
"E00068080",4,2,2
"E00068081",0,0,0
"E00068082",5,0,5
"E00068083",1,1,0
"E00068084",5,4,1
"E00068085",7,4,3
"E00068086",1,1,0
"E00068087",2,0,2
"E00068088",0,0,0
"E00068089",7,5,2
"E00068090",2,1,1
"E00068091",0,0,0
"E00068092",8,3,5
"E00068093",1,1,0
"E00068094",0,0,0
"E00068095",0,0,0
"E00068097",2,2,0
"E00068098",3,2,1
"E00068099",2,0,2
"E00068100",4,3,1
"E00068101",0,0,0
"E00068102",0,0,0
"E00068103",5,3,2
"E00068104",7,4,3
"E00068105",5,3,2
"E00068106",8,2,6
"E00068107",2,1,1
"E00068108",5,1,4
"E00068109",2,1,1
"E00068110",3,2,1
"E00068111",2,2,0
"E00068112",0,0,0
"E00068113",7,3,4
"E00068114",3,0,3
"E00068115",9,3,6
"E00068116",5,4,1
"E00068117",9,5,4
"E00068118",5,0,5
"E00068119",1,1,0
"E00068120",5,2,3
"E00068121",1,1,0
"E00068122",0,0,0
"E00068123",12,5,7
"E00068124",2,1,1
"E00068125",6,1,5
"E00068126",3,0,3
"E00068127",0,0,0
"E00068128",11,4,7
"E00068129",9,5,4
"E00068130",3,3,0
"E00068131",0,0,0
"E00068132",7,4,3
"E00068133",2,2,0
"E00068134",10,6,4
"E00068135",0,0,0
"E00068136",6,4,2
"E00068137",0,0,0
"E00068138",7,5,2
"E00068139",1,1,0
"E00068140",4,3,1
"E00068141",1,1,0
"E00068142",0,0,0
"E00068143",4,3,1
"E00068144",2,2,0
"E00068145",0,0,0
"E00068146",1,0,1
"E00068147",3,1,2
"E00068148",0,0,0
"E00068149",4,1,3
"E00068150",0,0,0
"E00068151",0,0,0
"E00068152",0,0,0
"E00068153",4,3,1
"E00068154",2,1,1
"E00068155",2,1,1
"E00068156",4,2,2
"E00068157",0,0,0
"E00068158",5,3,2
"E00068159",1,0,1
"E00068160",3,2,1
"E00068161",0,0,0
"E00068162",0,0,0
"E00068163",0,0,0
"E00068164",3,1,2
"E00068165",2,0,2
"E00068166",1,1,0
"E00068167",1,1,0
"E00068168",1,1,0
"E00068169",1,0,1
"E00068170",0,0,0
"E00068171",2,0,2
"E00068172",0,0,0
"E00068173",1,1,0
"E00068174",4,2,2
"E00068175",1,0,1
"E00068176",1,0,1
"E00068177",3,1,2
"E00068178",4,2,2
"E00068179",1,1,0
"E00068180",1,0,1
"E00068181",1,1,0
"E00068182",2,1,1
"E00068183",0,0,0
"E00068184",1,1,0
"E00068185",3,1,2
"E00068186",2,1,1
"E00068187",0,0,0
"E00068188",3,2,1
"E00068189",4,2,2
"E00068190",4,2,2
"E00068191",1,0,1
"E00068192",1,1,0
"E00068193",0,0,0
"E00068194",1,0,1
"E00068195",3,2,1
"E00068196",1,1,0
"E00068197",1,0,1
"E00068198",0,0,0
"E00068199",2,1,1
"E00068200",2,2,0
"E00068201",1,1,0
"E00068202",2,1,1
"E00068203",3,3,0
"E00068204",1,1,0
"E00068205",0,0,0
"E00068206",3,2,1
"E00068207",2,2,0
"E00068208",1,1,0
"E00068209",1,1,0
"E00068210",0,0,0
"E00068211",0,0,0
"E00068212",1,0,1
"E00068213",0,0,0
"E00068214",1,0,1
"E00068215",3,1,2
"E00068216",7,3,4
"E00068217",7,3,4
"E00068218",3,1,2
"E00068219",1,0,1
"E00068220",2,0,2
"E00068221",0,0,0
"E00068222",1,0,1
"E00068223",1,0,1
"E00068224",1,0,1
"E00068225",2,1,1
"E00068226",1,0,1
"E00068227",2,1,1
"E00068228",4,1,3
"E00068229",3,0,3
"E00068230",0,0,0
"E00068231",8,4,4
"E00068232",1,0,1
"E00068233",9,4,5
"E00068234",10,4,6
"E00068235",9,5,4
"E00068236",2,1,1
"E00068237",1,0,1
"E00068238",0,0,0
"E00068239",5,2,3
"E00068241",4,2,2
"E00068242",6,3,3
"E00068243",2,2,0
"E00068244",18,8,10
"E00068245",3,0,3
"E00068246",3,1,2
"E00068247",4,2,2
"E00068248",0,0,0
"E00068249",2,2,0
"E00068250",1,1,0
"E00068251",11,8,3
"E00068252",0,0,0
"E00068253",0,0,0
"E00068254",4,3,1
"E00068255",5,1,4
"E00068256",2,2,0
"E00068257",0,0,0
"E00068258",0,0,0
"E00068259",8,3,5
"E00068260",0,0,0
"E00068261",6,4,2
"E00068262",0,0,0
"E00068263",3,2,1
"E00068265",3,1,2
"E00068266",10,5,5
"E00068267",0,0,0
"E00068268",3,1,2
"E00068269",4,2,2
"E00068270",6,4,2
"E00068271",8,5,3
"E00068272",6,2,4
"E00068273",5,0,5
"E00068274",6,6,0
"E00068275",2,1,1
"E00068276",8,4,4
"E00068277",4,2,2
"E00068278",2,0,2
"E00068279",6,3,3
"E00068280",6,3,3
"E00068281",5,1,4
"E00068282",11,7,4
"E00068283",5,2,3
"E00068284",2,2,0
"E00068285",6,4,2
"E00068286",2,1,1
"E00068287",5,1,4
"E00068288",7,4,3
"E00068289",2,1,1
"E00068290",8,4,4
"E00068291",7,5,2
"E00068292",4,2,2
"E00068293",6,3,3
"E00068294",1,1,0
"E00068295",0,0,0
"E00068296",4,2,2
"E00068297",0,0,0
"E00068298",4,2,2
"E00068299",1,1,0
"E00068300",1,1,0
"E00068301",3,1,2
"E00068302",7,4,3
"E00068303",6,3,3
"E00068304",0,0,0
"E00068306",1,0,1
"E00068307",7,4,3
"E00068308",4,3,1
"E00068309",8,4,4
"E00068310",12,6,6
"E00068312",8,5,3
"E00068314",6,3,3
"E00068315",2,1,1
"E00068316",0,0,0
"E00068317",0,0,0
"E00068318",5,3,2
"E00068319",0,0,0
"E00068320",2,1,1
"E00068321",0,0,0
"E00068322",0,0,0
"E00068323",1,1,0
"E00068324",1,0,1
"E00068325",0,0,0
"E00068326",1,0,1
"E00068327",1,1,0
"E00068328",3,1,2
"E00068329",3,3,0
"E00068330",0,0,0
"E00068331",4,2,2
"E00068332",1,0,1
"E00068333",2,1,1
"E00068334",1,0,1
"E00068335",2,1,1
"E00068336",2,2,0
"E00068337",2,1,1
"E00068338",2,1,1
"E00068339",0,0,0
"E00068340",0,0,0
"E00068341",1,0,1
"E00068342",0,0,0
"E00068343",4,2,2
"E00068344",1,0,1
"E00068345",1,1,0
"E00068346",1,0,1
"E00068347",1,0,1
"E00068348",1,0,1
"E00068349",1,1,0
"E00068350",0,0,0
"E00068351",0,0,0
"E00068352",1,0,1
"E00068353",3,0,3
"E00068354",1,0,1
"E00068355",2,0,2
"E00068356",1,1,0
"E00068357",0,0,0
"E00068358",3,1,2
"E00068359",0,0,0
"E00068360",7,3,4
"E00068361",1,0,1
"E00068362",4,2,2
"E00068364",8,2,6
"E00068365",6,2,4
"E00068366",22,14,8
"E00068367",1,0,1
"E00068368",13,6,7
"E00068369",11,7,4
"E00068370",4,1,3
"E00068371",10,4,6
"E00068372",1,0,1
"E00068373",8,3,5
"E00068374",7,1,6
"E00068375",7,3,4
"E00068376",7,1,6
"E00068377",5,2,3
"E00068379",0,0,0
"E00068380",7,4,3
"E00068381",10,3,7
"E00068382",6,3,3
"E00068383",5,2,3
"E00068384",7,4,3
"E00068385",16,8,8
"E00068386",10,3,7
"E00068387",12,9,3
"E00068388",5,1,4
"E00068389",6,1,5
"E00068390",1,1,0
"E00068391",11,4,7
"E00068392",8,3,5
"E00068393",16,5,11
"E00068394",11,6,5
"E00068395",5,1,4
"E00068396",7,5,2
"E00068397",1,1,0
"E00068398",2,1,1
"E00068399",2,0,2
"E00068400",1,1,0
"E00068401",1,1,0
"E00068402",3,3,0
"E00068403",2,1,1
"E00068404",1,1,0
"E00068405",0,0,0
"E00068406",0,0,0
"E00068407",0,0,0
"E00068408",2,0,2
"E00068409",3,0,3
"E00068410",0,0,0
"E00068412",1,0,1
"E00068413",1,1,0
"E00068414",4,2,2
"E00068415",0,0,0
"E00068416",0,0,0
"E00068417",1,1,0
"E00068418",1,0,1
"E00068419",1,1,0
"E00068420",1,0,1
"E00068421",0,0,0
"E00068422",2,2,0
"E00068423",2,0,2
"E00068424",6,3,3
"E00068425",3,1,2
"E00068426",3,0,3
"E00068427",0,0,0
"E00068428",3,2,1
"E00068429",0,0,0
"E00068430",4,3,1
"E00068431",2,1,1
"E00068432",0,0,0
"E00068433",6,2,4
"E00068434",1,0,1
"E00068435",2,1,1
"E00068436",1,1,0
"E00068437",1,1,0
"E00068438",1,0,1
"E00068439",1,1,0
"E00068440",0,0,0
"E00068441",1,1,0
"E00068442",0,0,0
"E00068443",4,2,2
"E00068444",1,0,1
"E00068445",11,5,6
"E00068446",1,0,1
"E00068447",3,1,2
"E00068448",9,5,4
"E00068449",6,3,3
"E00068450",3,1,2
"E00068451",7,5,2
"E00068452",8,4,4
"E00068453",3,3,0
"E00068454",3,2,1
"E00068455",9,7,2
"E00068457",4,1,3
"E00068458",7,5,2
"E00068459",1,1,0
"E00068460",2,2,0
"E00068461",10,3,7
"E00068462",4,3,1
"E00068463",1,1,0
"E00068464",8,6,2
"E00068465",6,4,2
"E00068466",3,1,2
"E00068467",4,2,2
"E00068468",10,5,5
"E00068469",3,1,2
"E00068470",4,2,2
"E00068471",6,3,3
"E00068472",3,2,1
"E00068474",1,0,1
"E00068475",9,4,5
"E00068476",4,2,2
"E00068477",5,2,3
"E00068478",7,2,5
"E00068479",1,1,0
"E00068480",5,3,2
"E00068481",3,2,1
"E00068482",6,3,3
"E00068483",1,1,0
"E00068484",3,2,1
"E00068485",7,3,4
"E00068486",1,0,1
"E00068487",0,0,0
"E00068488",5,1,4
"E00068489",6,3,3
"E00068490",1,1,0
"E00068491",2,1,1
"E00068492",1,1,0
"E00068493",3,2,1
"E00068494",3,0,3
"E00068495",2,1,1
"E00068496",3,1,2
"E00068497",2,0,2
"E00068498",6,4,2
"E00068499",0,0,0
"E00068500",1,1,0
"E00068501",0,0,0
"E00068502",6,3,3
"E00068503",5,3,2
"E00068504",0,0,0
"E00068505",1,1,0
"E00068506",1,1,0
"E00068507",3,1,2
"E00068508",0,0,0
"E00068509",4,2,2
"E00068510",6,2,4
"E00068511",2,1,1
"E00068512",4,0,4
"E00068513",0,0,0
"E00068514",0,0,0
"E00068515",5,5,0
"E00068516",7,2,5
"E00068517",3,1,2
"E00068518",0,0,0
"E00068519",0,0,0
"E00068520",5,3,2
"E00068521",0,0,0
"E00068522",3,2,1
"E00068523",3,2,1
"E00068524",2,1,1
"E00068525",2,2,0
"E00068526",2,2,0
"E00068527",1,0,1
"E00068528",3,2,1
"E00068529",4,1,3
"E00068530",3,0,3
"E00068531",5,2,3
"E00068532",5,1,4
"E00068533",5,2,3
"E00068534",7,3,4
"E00068535",11,3,8
"E00068537",8,4,4
"E00068538",7,2,5
"E00068539",2,1,1
"E00068540",8,3,5
"E00068541",2,1,1
"E00068543",1,0,1
"E00068544",0,0,0
"E00068545",0,0,0
"E00068546",2,1,1
"E00068547",0,0,0
"E00068548",6,2,4
"E00068549",3,1,2
"E00068550",4,0,4
"E00068551",4,2,2
"E00068552",3,0,3
"E00068553",4,2,2
"E00068554",3,3,0
"E00068555",0,0,0
"E00068556",1,1,0
"E00068557",6,4,2
"E00068558",0,0,0
"E00068559",1,1,0
"E00068560",0,0,0
"E00068561",1,1,0
"E00068562",0,0,0
"E00068563",1,0,1
"E00068564",1,1,0
"E00068565",0,0,0
"E00068566",0,0,0
"E00068567",1,1,0
"E00068568",0,0,0
"E00068569",7,5,2
"E00068570",2,2,0
"E00068571",0,0,0
"E00068572",0,0,0
"E00068573",0,0,0
"E00068574",4,3,1
"E00068575",1,1,0
"E00068576",6,4,2
"E00068577",1,0,1
"E00068578",0,0,0
"E00068579",1,0,1
"E00068580",8,4,4
"E00068581",5,2,3
"E00068582",0,0,0
"E00068583",1,0,1
"E00068584",3,1,2
"E00068585",0,0,0
"E00068586",3,0,3
"E00068587",2,0,2
"E00068588",0,0,0
"E00068589",0,0,0
"E00068590",0,0,0
"E00068591",1,0,1
"E00068592",1,1,0
"E00068593",1,0,1
"E00068594",5,3,2
"E00068595",6,3,3
"E00068596",1,1,0
"E00068597",3,1,2
"E00068598",4,4,0
"E00068599",2,2,0
"E00068600",3,3,0
"E00068601",7,3,4
"E00068602",1,0,1
"E00068603",2,1,1
"E00068604",0,0,0
"E00068605",1,1,0
"E00068606",2,2,0
"E00068607",4,3,1
"E00068608",1,1,0
"E00068609",1,1,0
"E00068610",2,1,1
"E00068611",5,1,4
"E00068612",1,0,1
"E00068613",4,3,1
"E00068614",3,2,1
"E00068615",4,3,1
"E00068616",11,3,8
"E00068617",3,2,1
"E00068618",0,0,0
"E00068619",3,1,2
"E00068620",1,1,0
"E00068621",4,3,1
"E00068622",1,1,0
"E00068623",0,0,0
"E00068624",5,4,1
"E00068625",7,3,4
"E00068626",3,1,2
"E00068627",2,1,1
"E00068628",1,0,1
"E00068629",1,0,1
"E00068630",1,0,1
"E00068631",4,1,3
"E00068632",0,0,0
"E00068633",1,1,0
"E00068634",3,2,1
"E00068635",1,1,0
"E00068636",6,3,3
"E00068637",1,0,1
"E00068638",0,0,0
"E00068639",3,1,2
"E00068640",0,0,0
"E00068641",0,0,0
"E00068642",2,2,0
"E00068644",0,0,0
"E00068645",0,0,0
"E00068646",5,2,3
"E00068647",0,0,0
"E00068648",0,0,0
"E00068649",2,2,0
"E00068651",1,1,0
"E00068652",0,0,0
"E00068653",0,0,0
"E00068654",0,0,0
"E00068655",5,1,4
"E00068656",4,1,3
"E00068657",2,1,1
"E00068658",3,2,1
"E00068659",3,1,2
"E00068660",3,2,1
"E00068661",0,0,0
"E00068662",5,2,3
"E00068663",3,1,2
"E00068664",1,1,0
"E00068665",0,0,0
"E00068666",2,0,2
"E00068667",1,1,0
"E00068668",0,0,0
"E00068669",0,0,0
"E00068670",1,1,0
"E00068671",1,0,1
"E00068672",1,1,0
"E00068673",3,2,1
"E00068674",2,0,2
"E00068675",1,1,0
"E00068676",4,1,3
"E00068677",0,0,0
"E00068678",2,0,2
"E00068679",1,0,1
"E00068680",1,1,0
"E00068681",2,2,0
"E00068682",1,0,1
"E00068683",2,1,1
"E00068684",0,0,0
"E00068685",0,0,0
"E00068686",1,0,1
"E00068688",5,2,3
"E00068689",4,1,3
"E00068690",0,0,0
"E00068691",1,1,0
"E00068692",10,7,3
"E00068693",7,3,4
"E00068694",2,0,2
"E00068695",4,4,0
"E00068696",0,0,0
"E00068697",1,1,0
"E00068698",0,0,0
"E00068699",1,1,0
"E00068700",0,0,0
"E00068701",2,0,2
"E00068702",2,1,1
"E00068703",0,0,0
"E00068704",0,0,0
"E00068705",1,0,1
"E00068706",0,0,0
"E00068707",4,3,1
"E00068708",1,0,1
"E00068709",2,0,2
"E00068710",8,3,5
"E00068711",4,1,3
"E00068712",7,5,2
"E00068713",3,3,0
"E00068714",1,1,0
"E00068715",0,0,0
"E00068716",2,1,1
"E00068717",3,2,1
"E00068718",8,5,3
"E00068719",4,4,0
"E00068720",3,1,2
"E00068721",2,2,0
"E00068722",5,2,3
"E00068723",1,0,1
"E00068724",4,2,2
"E00068725",1,1,0
"E00068726",1,1,0
"E00068727",0,0,0
"E00068728",1,0,1
"E00068729",0,0,0
"E00068730",5,3,2
"E00068731",6,3,3
"E00068732",6,3,3
"E00068733",2,1,1
"E00068734",0,0,0
"E00068735",0,0,0
"E00068736",4,1,3
"E00068737",0,0,0
"E00068738",0,0,0
"E00068739",1,1,0
"E00068740",3,2,1
"E00068741",1,1,0
"E00068743",11,5,6
"E00068744",6,2,4
"E00068745",4,1,3
"E00068747",6,2,4
"E00068748",8,4,4
"E00068749",0,0,0
"E00068750",1,0,1
"E00068751",5,3,2
"E00068752",4,1,3
"E00068753",6,3,3
"E00068754",2,1,1
"E00068755",0,0,0
"E00068756",1,0,1
"E00068757",1,0,1
"E00068758",2,1,1
"E00068759",0,0,0
"E00068760",0,0,0
"E00068761",7,4,3
"E00068762",10,5,5
"E00068763",4,2,2
"E00068764",1,0,1
"E00068765",2,1,1
"E00068766",1,1,0
"E00068767",0,0,0
"E00068768",0,0,0
"E00068769",8,3,5
"E00068770",0,0,0
"E00068771",4,3,1
"E00068772",5,3,2
"E00068773",4,3,1
"E00068774",1,0,1
"E00068775",3,1,2
"E00068776",4,0,4
"E00068777",0,0,0
"E00068778",8,6,2
"E00068779",4,1,3
"E00068780",5,3,2
"E00068781",1,0,1
"E00068782",1,0,1
"E00068783",0,0,0
"E00068784",4,1,3
"E00068785",5,4,1
"E00068786",7,2,5
"E00068787",4,3,1
"E00068788",8,4,4
"E00068789",3,1,2
"E00068790",8,3,5
"E00068791",8,5,3
"E00068792",1,1,0
"E00068793",7,5,2
"E00068794",0,0,0
"E00068795",2,0,2
"E00068796",10,5,5
"E00068797",5,2,3
"E00068798",5,3,2
"E00068799",4,2,2
"E00068800",4,1,3
"E00068801",2,1,1
"E00068802",10,3,7
"E00068803",16,12,4
"E00068804",0,0,0
"E00068805",9,4,5
"E00068806",6,4,2
"E00068807",0,0,0
"E00068808",0,0,0
"E00068809",8,5,3
"E00068810",0,0,0
"E00068811",11,8,3
"E00068812",1,0,1
"E00068813",5,1,4
"E00068814",1,0,1
"E00068815",3,2,1
"E00068816",7,4,3
"E00068817",2,1,1
"E00068818",0,0,0
"E00068819",2,1,1
"E00068820",5,4,1
"E00068821",8,6,2
"E00068822",4,0,4
"E00068823",4,1,3
"E00068824",2,1,1
"E00068825",1,1,0
"E00068826",0,0,0
"E00068827",0,0,0
"E00068828",6,3,3
"E00068829",1,1,0
"E00068830",0,0,0
"E00068831",1,0,1
"E00068832",1,0,1
"E00068833",0,0,0
"E00068834",1,0,1
"E00068835",0,0,0
"E00068836",3,1,2
"E00068837",0,0,0
"E00068838",6,4,2
"E00068839",0,0,0
"E00068840",0,0,0
"E00068841",8,2,6
"E00068842",1,1,0
"E00068843",3,2,1
"E00068844",0,0,0
"E00068845",2,2,0
"E00068846",3,1,2
"E00068847",2,1,1
"E00068848",0,0,0
"E00068849",0,0,0
"E00068850",6,4,2
"E00068851",3,0,3
"E00068852",0,0,0
"E00068853",2,0,2
"E00068854",5,1,4
"E00068855",1,0,1
"E00068856",1,0,1
"E00068857",2,1,1
"E00068858",1,0,1
"E00068859",1,0,1
"E00068860",0,0,0
"E00068861",4,1,3
"E00068862",5,3,2
"E00068863",2,2,0
"E00068864",3,2,1
"E00068865",3,1,2
"E00068866",0,0,0
"E00068867",2,1,1
"E00068869",0,0,0
"E00068870",2,0,2
"E00068873",4,3,1
"E00068874",7,2,5
"E00068875",2,1,1
"E00068876",1,1,0
"E00068877",2,0,2
"E00068878",8,2,6
"E00068879",3,1,2
"E00068880",2,1,1
"E00068881",2,0,2
"E00068882",5,4,1
"E00068883",6,2,4
"E00068884",6,3,3
"E00068885",6,3,3
"E00068886",9,5,4
"E00068888",0,0,0
"E00068889",0,0,0
"E00068890",2,1,1
"E00068891",5,3,2
"E00068892",2,0,2
"E00068893",0,0,0
"E00068894",3,1,2
"E00068895",0,0,0
"E00068896",3,2,1
"E00068897",4,2,2
"E00068898",3,1,2
"E00068899",8,2,6
"E00068903",1,0,1
"E00068904",4,2,2
"E00068905",1,1,0
"E00068909",6,3,3
"E00068910",0,0,0
"E00068911",4,2,2
"E00068912",5,4,1
"E00068914",1,0,1
"E00068915",2,1,1
"E00068916",2,1,1
"E00068917",0,0,0
"E00068918",0,0,0
"E00068919",0,0,0
"E00068920",1,1,0
"E00068921",2,1,1
"E00068922",3,1,2
"E00068923",0,0,0
"E00068924",0,0,0
"E00068925",0,0,0
"E00068926",3,0,3
"E00068927",1,1,0
"E00068928",1,0,1
"E00068929",11,6,5
"E00068930",5,1,4
"E00068931",1,1,0
"E00068932",0,0,0
"E00068933",3,1,2
"E00068934",0,0,0
"E00068935",1,0,1
"E00068936",2,1,1
"E00068937",1,0,1
"E00068938",0,0,0
"E00068939",2,0,2
"E00068940",2,0,2
"E00068941",0,0,0
"E00068942",1,1,0
"E00068943",3,2,1
"E00068944",5,1,4
"E00068945",1,1,0
"E00068946",2,0,2
"E00068947",6,5,1
"E00068948",7,4,3
"E00068949",11,5,6
"E00068950",3,3,0
"E00068952",2,2,0
"E00068953",1,0,1
"E00068954",4,3,1
"E00068956",4,4,0
"E00068957",6,5,1
"E00068958",1,1,0
"E00068959",6,2,4
"E00068960",7,5,2
"E00068962",2,0,2
"E00068963",4,2,2
"E00068964",3,2,1
"E00068965",5,2,3
"E00068966",2,1,1
"E00068967",1,0,1
"E00068968",0,0,0
"E00068969",1,1,0
"E00068970",3,3,0
"E00068971",3,2,1
"E00068972",4,3,1
"E00068973",3,3,0
"E00068974",2,0,2
"E00068975",3,0,3
"E00068976",1,0,1
"E00068977",3,2,1
"E00068978",6,5,1
"E00068979",6,3,3
"E00068980",0,0,0
"E00068981",5,3,2
"E00068982",0,0,0
"E00068983",1,1,0
"E00068984",5,2,3
"E00068985",13,6,7
"E00068986",10,4,6
"E00068987",1,1,0
"E00068988",1,1,0
"E00068989",8,5,3
"E00068990",6,3,3
"E00068991",9,4,5
"E00068992",1,1,0
"E00068993",9,4,5
"E00068994",8,4,4
"E00068995",0,0,0
"E00068996",1,0,1
"E00068997",8,3,5
"E00068998",5,3,2
"E00068999",2,0,2
"E00069000",0,0,0
"E00069001",5,4,1
"E00069002",6,3,3
"E00069003",4,2,2
"E00069004",2,2,0
"E00069005",9,3,6
"E00069006",3,2,1
"E00069007",14,8,6
"E00069008",4,2,2
"E00069009",12,3,9
"E00069010",3,1,2
"E00069011",10,4,6
"E00069012",6,3,3
"E00069013",12,5,7
"E00069014",9,3,6
"E00069015",7,1,6
"E00069016",1,0,1
"E00069017",2,1,1
"E00069018",5,2,3
"E00069019",1,1,0
"E00069020",2,1,1
"E00069021",2,0,2
"E00069022",2,0,2
"E00069023",3,1,2
"E00069024",0,0,0
"E00069026",5,4,1
"E00069027",3,2,1
"E00069028",1,0,1
"E00069029",1,1,0
"E00069030",1,1,0
"E00069031",0,0,0
"E00069032",0,0,0
"E00069033",1,1,0
"E00069034",0,0,0
"E00069035",1,1,0
"E00069036",1,1,0
"E00069037",0,0,0
"E00069038",0,0,0
"E00069039",0,0,0
"E00069040",0,0,0
"E00069041",1,0,1
"E00069042",1,1,0
"E00069043",1,0,1
"E00069044",1,0,1
"E00069045",0,0,0
"E00069046",0,0,0
"E00069047",0,0,0
"E00069048",3,0,3
"E00069049",0,0,0
"E00069050",0,0,0
"E00069051",2,1,1
"E00069052",1,0,1
"E00069053",3,1,2
"E00069055",2,0,2
"E00069056",1,0,1
"E00069057",0,0,0
"E00069058",0,0,0
"E00069059",3,1,2
"E00069060",0,0,0
"E00069061",2,1,1
"E00069063",0,0,0
"E00069064",4,3,1
"E00069065",3,0,3
"E00069066",1,1,0
"E00069067",1,1,0
"E00069068",2,1,1
"E00069069",9,5,4
"E00069071",1,0,1
"E00069072",5,3,2
"E00069073",1,1,0
"E00069074",3,1,2
"E00069075",1,0,1
"E00069076",1,1,0
"E00069077",1,1,0
"E00069078",0,0,0
"E00069079",0,0,0
"E00069080",1,0,1
"E00069081",0,0,0
"E00069082",0,0,0
"E00069083",7,4,3
"E00069084",0,0,0
"E00069085",1,1,0
"E00069086",3,1,2
"E00069087",2,2,0
"E00069088",0,0,0
"E00069090",3,2,1
"E00069092",2,1,1
"E00069093",1,1,0
"E00069094",1,0,1
"E00069095",2,1,1
"E00069096",3,1,2
"E00069097",3,1,2
"E00069098",7,1,6
"E00069099",1,0,1
"E00069100",1,1,0
"E00069101",4,3,1
"E00069102",0,0,0
"E00069103",2,1,1
"E00069104",1,0,1
"E00069105",2,1,1
"E00069106",1,0,1
"E00069107",4,2,2
"E00069108",0,0,0
"E00069109",0,0,0
"E00069110",1,1,0
"E00069111",2,1,1
"E00069112",1,0,1
"E00069114",3,2,1
"E00069115",1,1,0
"E00069116",9,5,4
"E00069117",2,0,2
"E00069118",2,1,1
"E00069119",1,0,1
"E00069120",2,1,1
"E00069121",2,1,1
"E00069122",6,4,2
"E00069123",7,5,2
"E00069124",5,4,1
"E00069125",1,1,0
"E00069126",9,6,3
"E00069127",6,3,3
"E00069128",5,4,1
"E00069131",6,4,2
"E00069133",0,0,0
"E00069134",2,0,2
"E00069135",0,0,0
"E00069136",10,6,4
"E00069137",8,4,4
"E00069138",4,3,1
"E00069139",1,1,0
"E00069140",5,2,3
"E00069141",0,0,0
"E00069142",4,2,2
"E00069143",0,0,0
"E00069144",0,0,0
"E00069145",1,1,0
"E00069146",0,0,0
"E00069147",0,0,0
"E00069148",0,0,0
"E00069149",1,1,0
"E00069150",1,1,0
"E00069151",3,2,1
"E00069152",3,1,2
"E00069153",5,4,1
"E00069154",1,0,1
"E00069155",4,1,3
"E00069156",5,3,2
"E00069157",0,0,0
"E00069158",9,4,5
"E00069159",2,1,1
"E00069162",5,2,3
"E00069163",15,5,10
"E00069164",17,5,12
"E00069165",12,8,4
"E00069166",8,4,4
"E00069167",12,6,6
"E00069168",18,6,12
"E00069169",13,8,5
"E00069170",10,4,6
"E00069171",5,2,3
"E00069172",11,4,7
"E00069173",1,0,1
"E00069174",5,4,1
"E00069175",2,1,1
"E00069177",5,4,1
"E00069178",1,0,1
"E00069179",0,0,0
"E00069180",18,12,6
"E00069181",11,4,7
"E00069182",1,1,0
"E00069183",6,2,4
"E00069184",1,1,0
"E00069185",2,0,2
"E00069186",11,4,7
"E00069187",3,2,1
"E00069188",10,4,6
"E00069189",7,4,3
"E00069190",11,9,2
"E00069191",3,2,1
"E00069192",6,1,5
"E00069193",3,2,1
"E00069194",1,0,1
"E00069195",0,0,0
"E00069196",12,6,6
"E00069197",10,7,3
"E00069198",0,0,0
"E00069199",7,3,4
"E00069200",8,4,4
"E00069201",6,4,2
"E00069202",1,1,0
"E00069204",0,0,0
"E00069205",11,5,6
"E00069206",5,2,3
"E00069207",1,0,1
"E00069208",6,2,4
"E00069209",1,1,0
"E00069210",8,2,6
"E00069211",1,0,1
"E00069212",4,0,4
"E00069213",3,1,2
"E00069215",5,4,1
"E00069216",14,7,7
"E00069218",4,1,3
"E00069220",8,5,3
"E00069221",3,2,1
"E00069222",7,0,7
"E00069223",7,5,2
"E00069224",3,1,2
"E00069225",6,2,4
"E00069226",5,3,2
"E00069227",9,6,3
"E00069228",6,5,1
"E00069229",10,5,5
"E00069230",6,3,3
"E00069231",0,0,0
"E00069232",0,0,0
"E00069233",1,1,0
"E00069234",5,5,0
"E00069235",2,2,0
"E00069236",6,4,2
"E00069237",2,1,1
"E00069238",8,4,4
"E00069239",7,1,6
"E00069240",4,3,1
"E00069241",6,2,4
"E00069242",7,5,2
"E00069243",4,2,2
"E00069244",2,1,1
"E00069245",0,0,0
"E00069246",1,1,0
"E00069247",4,3,1
"E00069248",1,0,1
"E00069249",1,0,1
"E00069250",0,0,0
"E00069251",4,1,3
"E00069253",2,1,1
"E00069254",1,0,1
"E00069255",0,0,0
"E00069256",2,1,1
"E00069257",2,2,0
"E00069258",0,0,0
"E00069259",2,1,1
"E00069260",0,0,0
"E00069261",0,0,0
"E00069263",0,0,0
"E00069264",0,0,0
"E00069265",2,2,0
"E00069266",2,2,0
"E00069267",0,0,0
"E00069268",3,2,1
"E00069269",1,1,0
"E00069270",2,1,1
"E00069271",4,4,0
"E00069272",0,0,0
"E00069273",2,0,2
"E00069274",0,0,0
"E00069275",1,1,0
"E00069276",3,2,1
"E00069277",2,1,1
"E00069278",1,1,0
"E00069279",1,0,1
"E00069280",1,0,1
"E00069281",3,3,0
"E00069282",8,4,4
"E00069283",2,1,1
"E00069284",1,1,0
"E00069285",0,0,0
"E00069286",2,1,1
"E00069287",3,0,3
"E00069288",1,1,0
"E00069289",4,3,1
"E00069290",1,0,1
"E00069291",6,4,2
"E00069294",1,0,1
"E00069295",0,0,0
"E00069296",1,0,1
"E00069297",1,0,1
"E00069298",2,2,0
"E00069299",0,0,0
"E00069300",7,4,3
"E00069301",1,0,1
"E00069302",15,9,6
"E00069303",9,3,6
"E00069304",11,9,2
"E00069305",9,7,2
"E00069306",4,3,1
"E00069307",4,2,2
"E00069308",0,0,0
"E00069309",2,0,2
"E00069310",1,1,0
"E00069311",1,1,0
"E00069312",1,1,0
"E00069313",9,7,2
"E00069314",5,1,4
"E00069315",10,5,5
"E00069316",0,0,0
"E00069317",7,4,3
"E00069318",0,0,0
"E00069319",4,2,2
"E00069320",3,0,3
"E00069321",1,1,0
"E00069322",11,3,8
"E00069323",3,3,0
"E00069324",3,1,2
"E00069325",1,0,1
"E00069326",3,2,1
"E00069327",4,2,2
"E00069328",7,1,6
"E00069329",2,1,1
"E00069330",7,1,6
"E00069331",3,2,1
"E00069332",1,0,1
"E00069333",8,3,5
"E00069334",6,2,4
"E00069335",9,4,5
"E00069336",6,2,4
"E00069337",6,2,4
"E00069338",9,3,6
"E00069339",9,6,3
"E00069340",8,2,6
"E00069341",0,0,0
"E00069342",2,0,2
"E00069343",1,0,1
"E00069344",2,2,0
"E00069345",16,5,11
"E00069346",4,4,0
"E00069347",6,3,3
"E00069348",10,5,5
"E00069349",8,4,4
"E00069350",2,1,1
"E00069351",1,0,1
"E00069352",3,2,1
"E00069353",1,1,0
"E00069355",5,4,1
"E00069356",8,4,4
"E00069357",1,0,1
"E00069358",3,3,0
"E00069359",1,1,0
"E00069361",2,1,1
"E00069362",9,5,4
"E00069363",1,1,0
"E00069364",1,1,0
"E00069365",0,0,0
"E00069367",1,0,1
"E00069368",1,1,0
"E00069369",1,1,0
"E00069370",0,0,0
"E00069371",1,1,0
"E00069372",3,2,1
"E00069373",0,0,0
"E00069374",6,3,3
"E00069375",6,5,1
"E00069376",8,3,5
"E00069377",4,3,1
"E00069378",7,6,1
"E00069379",0,0,0
"E00069380",3,2,1
"E00069381",6,2,4
"E00069382",0,0,0
"E00069383",4,1,3
"E00069384",1,0,1
"E00069385",3,1,2
"E00069386",2,1,1
"E00069387",8,5,3
"E00069388",9,3,6
"E00069389",6,5,1
"E00069390",4,1,3
"E00069391",6,5,1
"E00069392",5,2,3
"E00069393",2,0,2
"E00069394",3,0,3
"E00069395",3,3,0
"E00069397",1,1,0
"E00069398",1,1,0
"E00069399",8,5,3
"E00069400",2,1,1
"E00069401",1,0,1
"E00069402",6,1,5
"E00069403",3,0,3
"E00069404",11,4,7
"E00069405",5,3,2
"E00069407",1,0,1
"E00069408",4,2,2
"E00069409",7,4,3
"E00069410",1,0,1
"E00069411",1,0,1
"E00069412",5,1,4
"E00069413",7,1,6
"E00069414",5,3,2
"E00069415",7,4,3
"E00069416",11,8,3
"E00069417",6,2,4
"E00069418",9,4,5
"E00069419",2,1,1
"E00069420",4,4,0
"E00069421",3,0,3
"E00069422",12,5,7
"E00069423",7,2,5
"E00069424",9,7,2
"E00069425",6,2,4
"E00069426",0,0,0
"E00069427",9,5,4
"E00069428",5,2,3
"E00069429",6,3,3
"E00069430",7,4,3
"E00069431",1,1,0
"E00069432",3,1,2
"E00069433",3,1,2
"E00069434",4,1,3
"E00069435",7,5,2
"E00069436",6,2,4
"E00069437",7,6,1
"E00069438",5,2,3
"E00069439",7,2,5
"E00069440",6,3,3
"E00069441",5,3,2
"E00069442",2,1,1
"E00069443",7,2,5
"E00069444",2,1,1
"E00069445",2,2,0
"E00069446",4,2,2
"E00069447",49,34,15
"E00069448",1,1,0
"E00069449",0,0,0
"E00069450",0,0,0
"E00069451",0,0,0
"E00069452",1,1,0
"E00069453",0,0,0
"E00069454",6,3,3
"E00069456",0,0,0
"E00069457",2,1,1
"E00069458",4,2,2
"E00069459",0,0,0
"E00069460",1,0,1
"E00069461",0,0,0
"E00069462",2,1,1
"E00069463",3,1,2
"E00069464",0,0,0
"E00069465",7,3,4
"E00069466",0,0,0
"E00069467",0,0,0
"E00069468",2,1,1
"E00069469",2,2,0
"E00069470",1,1,0
"E00069471",0,0,0
"E00069472",0,0,0
"E00069473",6,3,3
"E00069474",10,3,7
"E00069475",0,0,0
"E00069476",7,5,2
"E00069477",2,0,2
"E00069478",1,0,1
"E00069479",3,0,3
"E00069480",1,0,1
"E00069481",20,5,15
"E00069482",11,5,6
"E00069483",3,1,2
"E00069484",4,1,3
"E00069485",2,1,1
"E00069486",0,0,0
"E00069487",1,0,1
"E00069489",2,1,1
"E00069490",1,0,1
"E00069492",5,1,4
"E00069493",2,0,2
"E00069494",2,2,0
"E00069495",5,3,2
"E00069496",0,0,0
"E00069497",0,0,0
"E00069498",2,2,0
"E00069499",0,0,0
"E00069500",1,1,0
"E00069501",0,0,0
"E00069502",3,2,1
"E00069503",1,1,0
"E00069505",0,0,0
"E00069506",3,2,1
"E00069507",6,3,3
"E00069508",0,0,0
"E00069509",0,0,0
"E00069510",3,1,2
"E00069511",4,2,2
"E00069512",6,3,3
"E00069513",1,0,1
"E00069514",3,1,2
"E00069515",2,1,1
"E00069516",7,3,4
"E00069517",3,1,2
"E00069518",2,2,0
"E00069519",6,3,3
"E00069520",0,0,0
"E00069521",5,1,4
"E00069522",0,0,0
"E00069523",8,4,4
"E00069524",6,4,2
"E00069525",4,2,2
"E00069526",7,4,3
"E00069527",5,1,4
"E00069528",4,3,1
"E00069529",0,0,0
"E00069530",2,0,2
"E00069531",1,1,0
"E00069532",1,0,1
"E00069533",2,1,1
"E00069534",0,0,0
"E00069535",1,1,0
"E00069536",6,3,3
"E00069537",10,5,5
"E00069538",7,2,5
"E00069539",9,5,4
"E00069540",16,8,8
"E00069541",8,2,6
"E00069542",3,0,3
"E00069543",3,1,2
"E00069544",10,5,5
"E00069545",4,3,1
"E00069546",7,3,4
"E00069547",10,5,5
"E00069548",21,7,14
"E00069549",6,3,3
"E00069550",14,7,7
"E00069551",8,4,4
"E00069552",2,1,1
"E00069553",7,5,2
"E00069554",7,5,2
"E00069555",17,6,11
"E00069556",5,1,4
"E00069557",3,1,2
"E00069558",14,7,7
"E00069559",3,1,2
"E00069560",10,4,6
"E00069561",10,7,3
"E00069562",8,3,5
"E00069563",5,2,3
"E00069564",6,3,3
"E00069565",5,2,3
"E00069566",4,2,2
"E00069567",6,2,4
"E00069569",12,9,3
"E00069570",8,3,5
"E00069571",1,0,1
"E00069572",9,4,5
"E00069573",11,4,7
"E00069574",15,8,7
"E00069575",5,3,2
"E00069576",10,3,7
"E00069577",0,0,0
"E00069578",7,3,4
"E00069579",9,2,7
"E00069580",5,3,2
"E00069581",9,5,4
"E00069582",5,3,2
"E00069583",10,5,5
"E00069584",6,3,3
"E00069585",13,9,4
"E00069586",20,8,12
"E00069587",0,0,0
"E00069588",10,6,4
"E00069589",8,5,3
"E00069590",13,10,3
"E00069591",7,2,5
"E00069593",3,1,2
"E00069594",8,4,4
"E00069595",11,6,5
"E00069596",10,3,7
"E00069597",12,10,2
"E00069598",10,4,6
"E00069599",4,3,1
"E00069600",4,3,1
"E00069601",0,0,0
"E00069602",6,3,3
"E00069603",8,4,4
"E00069604",13,8,5
"E00069606",6,1,5
"E00069607",7,5,2
"E00069608",1,0,1
"E00069609",4,2,2
"E00069610",2,1,1
"E00069611",0,0,0
"E00069612",0,0,0
"E00069613",5,3,2
"E00069614",5,4,1
"E00069615",1,0,1
"E00069616",6,5,1
"E00069617",1,0,1
"E00069618",2,0,2
"E00069619",3,2,1
"E00069620",3,0,3
"E00069621",14,5,9
"E00069622",3,1,2
"E00069623",20,11,9
"E00069624",3,0,3
"E00069625",6,2,4
"E00069626",8,3,5
"E00069627",12,7,5
"E00069628",2,1,1
"E00069629",11,6,5
"E00069630",4,1,3
"E00069631",7,2,5
"E00069632",4,2,2
"E00069633",12,4,8
"E00069634",16,11,5
"E00069635",4,3,1
"E00069636",5,2,3
"E00069637",2,1,1
"E00069638",9,3,6
"E00069639",5,2,3
"E00069640",5,2,3
"E00069641",1,0,1
"E00069642",3,2,1
"E00069643",6,4,2
"E00069644",13,6,7
"E00069645",10,6,4
"E00069646",8,5,3
"E00069647",0,0,0
"E00069649",7,1,6
"E00069650",8,4,4
"E00069651",11,8,3
"E00069652",6,4,2
"E00069653",6,1,5
"E00069654",19,8,11
"E00069655",3,2,1
"E00069656",19,11,8
"E00069657",5,2,3
"E00069658",2,1,1
"E00069659",3,1,2
"E00069660",2,2,0
"E00069661",0,0,0
"E00069662",8,3,5
"E00069663",1,1,0
"E00069664",0,0,0
"E00069665",3,3,0
"E00069666",2,1,1
"E00069667",1,1,0
"E00069668",5,4,1
"E00069670",4,1,3
"E00069671",2,2,0
"E00069672",4,4,0
"E00069673",4,4,0
"E00069674",2,1,1
"E00069675",3,2,1
"E00069676",0,0,0
"E00069677",0,0,0
"E00069678",0,0,0
"E00069679",1,1,0
"E00069681",1,1,0
"E00069682",3,1,2
"E00069684",3,0,3
"E00069685",2,1,1
"E00069686",1,0,1
"E00069687",2,2,0
"E00069688",6,1,5
"E00069689",0,0,0
"E00069690",1,1,0
"E00069691",1,1,0
"E00069692",1,0,1
"E00069693",1,0,1
"E00069694",0,0,0
"E00069695",2,1,1
"E00069696",0,0,0
"E00069697",1,0,1
"E00069698",6,3,3
"E00069699",2,1,1
"E00069700",5,2,3
"E00069701",2,0,2
"E00069702",3,1,2
"E00069703",0,0,0
"E00069704",3,0,3
"E00069705",0,0,0
"E00069706",0,0,0
"E00069707",0,0,0
"E00069708",1,0,1
"E00069709",0,0,0
"E00069710",0,0,0
"E00069711",1,1,0
"E00069712",0,0,0
"E00069713",2,2,0
"E00069714",1,1,0
"E00069715",1,0,1
"E00069716",1,0,1
"E00069717",0,0,0
"E00069718",5,1,4
"E00069719",2,2,0
"E00069720",8,5,3
"E00069721",0,0,0
"E00069722",1,0,1
"E00069723",1,0,1
"E00069724",0,0,0
"E00069725",4,1,3
"E00069726",0,0,0
"E00069727",2,2,0
"E00069728",2,1,1
"E00069729",2,1,1
"E00069730",1,0,1
"E00069731",1,1,0
"E00069732",3,3,0
"E00069733",1,1,0
"E00069734",0,0,0
"E00069735",0,0,0
"E00069736",5,3,2
"E00069737",0,0,0
"E00069738",5,1,4
"E00069739",4,1,3
"E00069740",3,1,2
"E00069741",3,1,2
"E00069742",0,0,0
"E00069743",0,0,0
"E00069744",2,1,1
"E00069745",3,1,2
"E00069746",5,3,2
"E00069747",0,0,0
"E00069748",1,0,1
"E00069749",4,3,1
"E00069750",0,0,0
"E00069751",2,0,2
"E00069752",2,1,1
"E00069753",5,0,5
"E00069754",6,1,5
"E00069755",0,0,0
"E00069756",2,2,0
"E00069757",1,0,1
"E00069758",3,1,2
"E00069759",3,2,1
"E00069760",4,2,2
"E00069761",0,0,0
"E00069762",5,4,1
"E00069763",0,0,0
"E00069764",3,3,0
"E00069765",1,1,0
"E00069766",3,1,2
"E00069767",4,1,3
"E00069768",1,0,1
"E00069769",2,0,2
"E00069770",0,0,0
"E00069771",0,0,0
"E00069772",0,0,0
"E00069773",2,1,1
"E00069774",1,1,0
"E00069775",1,1,0
"E00069776",0,0,0
"E00069777",2,1,1
"E00069778",5,2,3
"E00069779",1,0,1
"E00069780",0,0,0
"E00069781",0,0,0
"E00069782",0,0,0
"E00069783",8,5,3
"E00069784",2,0,2
"E00069785",1,1,0
"E00069786",4,3,1
"E00069787",2,0,2
"E00069788",1,0,1
"E00069789",0,0,0
"E00069790",2,0,2
"E00069791",4,3,1
"E00069792",2,1,1
"E00069793",1,0,1
"E00069794",0,0,0
"E00069795",1,0,1
"E00069797",3,0,3
"E00069798",0,0,0
"E00069799",7,5,2
"E00069800",0,0,0
"E00069801",4,2,2
"E00069802",0,0,0
"E00069803",1,1,0
"E00069804",1,0,1
"E00069805",5,2,3
"E00069806",0,0,0
"E00069807",0,0,0
"E00069808",1,0,1
"E00069809",3,1,2
"E00069810",0,0,0
"E00069811",6,3,3
"E00069812",1,1,0
"E00069813",1,1,0
"E00069814",2,2,0
"E00069815",1,1,0
"E00069816",6,3,3
"E00069817",1,1,0
"E00069818",2,1,1
"E00069819",0,0,0
"E00069820",1,0,1
"E00069821",2,0,2
"E00069822",4,2,2
"E00069823",3,2,1
"E00069824",2,1,1
"E00069825",3,1,2
"E00069826",1,0,1
"E00069827",3,2,1
"E00069828",0,0,0
"E00069829",0,0,0
"E00069830",1,0,1
"E00069831",0,0,0
"E00069832",8,4,4
"E00069833",5,4,1
"E00069834",2,1,1
"E00069835",6,2,4
"E00069836",3,3,0
"E00069837",2,1,1
"E00069838",1,0,1
"E00069839",7,3,4
"E00069840",3,2,1
"E00069841",0,0,0
"E00069843",0,0,0
"E00069844",0,0,0
"E00069845",2,1,1
"E00069846",4,3,1
"E00069847",1,0,1
"E00069848",0,0,0
"E00069849",0,0,0
"E00069850",2,2,0
"E00069851",0,0,0
"E00069852",4,2,2
"E00069853",1,0,1
"E00069854",0,0,0
"E00069855",0,0,0
"E00069856",5,2,3
"E00069858",0,0,0
"E00069859",0,0,0
"E00069860",2,2,0
"E00069861",0,0,0
"E00069862",0,0,0
"E00069863",0,0,0
"E00069864",1,0,1
"E00069865",0,0,0
"E00069866",2,1,1
"E00069867",0,0,0
"E00069870",0,0,0
"E00069871",0,0,0
"E00069872",1,1,0
"E00069873",5,2,3
"E00069874",0,0,0
"E00069875",2,0,2
"E00069876",2,0,2
"E00069877",4,2,2
"E00069878",1,1,0
"E00069879",3,2,1
"E00069880",1,0,1
"E00069881",4,0,4
"E00069882",3,2,1
"E00069883",1,0,1
"E00069884",2,0,2
"E00069885",0,0,0
"E00069886",1,0,1
"E00069887",1,1,0
"E00069888",0,0,0
"E00069889",0,0,0
"E00069890",1,0,1
"E00069891",1,0,1
"E00069892",0,0,0
"E00069893",0,0,0
"E00069894",0,0,0
"E00069895",0,0,0
"E00069896",1,1,0
"E00069897",1,1,0
"E00069898",2,0,2
"E00069899",1,1,0
"E00069900",1,0,1
"E00069901",0,0,0
"E00069902",0,0,0
"E00069903",0,0,0
"E00069904",0,0,0
"E00069905",2,1,1
"E00069906",1,1,0
"E00069907",1,0,1
"E00069908",1,0,1
"E00069909",1,1,0
"E00069910",1,1,0
"E00069911",3,1,2
"E00069912",6,5,1
"E00069913",0,0,0
"E00069914",1,0,1
"E00069915",1,1,0
"E00069916",4,3,1
"E00069917",5,1,4
"E00069918",5,4,1
"E00069919",3,1,2
"E00069920",0,0,0
"E00069921",0,0,0
"E00069922",1,1,0
"E00069923",5,4,1
"E00069924",6,3,3
"E00069925",3,1,2
"E00069926",4,2,2
"E00069927",2,2,0
"E00069928",4,1,3
"E00069929",0,0,0
"E00069930",4,3,1
"E00069931",1,0,1
"E00069932",0,0,0
"E00069933",1,0,1
"E00069934",2,1,1
"E00069935",0,0,0
"E00069936",0,0,0
"E00069937",2,1,1
"E00069938",1,1,0
"E00069939",0,0,0
"E00069940",0,0,0
"E00069941",2,2,0
"E00069942",1,0,1
"E00069943",0,0,0
"E00069944",4,2,2
"E00069945",0,0,0
"E00069946",1,0,1
"E00069947",0,0,0
"E00069948",4,2,2
"E00069949",2,2,0
"E00069950",0,0,0
"E00069951",4,1,3
"E00069952",0,0,0
"E00069953",1,0,1
"E00069954",2,1,1
"E00069955",1,0,1
"E00069956",1,0,1
"E00069957",2,2,0
"E00069958",1,0,1
"E00069959",3,2,1
"E00069960",1,0,1
"E00069961",1,0,1
"E00069962",0,0,0
"E00069963",0,0,0
"E00069964",1,1,0
"E00069965",1,0,1
"E00069966",1,0,1
"E00069967",2,1,1
"E00069968",1,0,1
"E00069970",2,1,1
"E00069971",0,0,0
"E00069972",3,0,3
"E00069973",2,0,2
"E00069974",1,1,0
"E00069975",1,1,0
"E00069976",0,0,0
"E00069977",3,2,1
"E00069978",0,0,0
"E00069979",0,0,0
"E00069980",0,0,0
"E00069981",1,1,0
"E00069982",0,0,0
"E00069983",2,1,1
"E00069984",6,1,5
"E00069985",4,1,3
"E00069986",1,1,0
"E00069987",1,1,0
"E00069988",3,0,3
"E00069992",0,0,0
"E00069993",0,0,0
"E00069994",0,0,0
"E00069995",0,0,0
"E00069996",2,2,0
"E00069997",2,1,1
"E00069999",0,0,0
"E00070000",0,0,0
"E00070001",1,0,1
"E00070002",0,0,0
"E00070003",0,0,0
"E00070004",1,0,1
"E00070005",1,0,1
"E00070006",3,2,1
"E00070007",3,1,2
"E00070008",2,1,1
"E00070009",0,0,0
"E00070010",3,3,0
"E00070011",0,0,0
"E00070012",1,1,0
"E00070013",1,1,0
"E00070014",2,0,2
"E00070015",1,0,1
"E00070016",1,1,0
"E00070017",0,0,0
"E00070018",0,0,0
"E00070019",1,0,1
"E00070020",1,0,1
"E00070021",0,0,0
"E00070022",1,1,0
"E00070023",0,0,0
"E00070024",1,1,0
"E00070025",4,3,1
"E00070026",0,0,0
"E00070027",1,1,0
"E00070028",0,0,0
"E00070029",0,0,0
"E00070030",1,1,0
"E00070031",2,2,0
"E00070032",1,1,0
"E00070033",0,0,0
"E00070034",2,1,1
"E00070035",0,0,0
"E00070036",0,0,0
"E00070037",1,0,1
"E00070038",1,0,1
"E00070039",0,0,0
"E00070041",0,0,0
"E00070042",0,0,0
"E00070043",1,0,1
"E00070044",3,2,1
"E00070045",1,1,0
"E00070046",0,0,0
"E00070047",4,1,3
"E00070048",0,0,0
"E00070049",1,1,0
"E00070050",0,0,0
"E00070051",0,0,0
"E00070052",0,0,0
"E00070053",0,0,0
"E00070054",0,0,0
"E00070055",0,0,0
"E00070056",1,1,0
"E00070057",5,2,3
"E00070058",2,1,1
"E00070059",0,0,0
"E00070060",3,0,3
"E00070061",2,1,1
"E00070062",2,0,2
"E00070063",2,1,1
"E00070064",3,1,2
"E00070065",4,4,0
"E00070066",0,0,0
"E00070067",0,0,0
"E00070068",0,0,0
"E00070069",2,2,0
"E00070070",5,4,1
"E00070071",5,2,3
"E00070072",1,1,0
"E00070073",2,0,2
"E00070074",3,1,2
"E00070075",0,0,0
"E00070076",2,2,0
"E00070077",0,0,0
"E00070078",0,0,0
"E00070079",1,1,0
"E00070080",6,2,4
"E00070081",0,0,0
"E00070082",6,3,3
"E00070083",1,1,0
"E00070084",3,2,1
"E00070085",0,0,0
"E00070086",5,1,4
"E00070087",8,4,4
"E00070088",0,0,0
"E00070089",4,2,2
"E00070090",3,2,1
"E00070091",4,0,4
"E00070092",1,1,0
"E00070093",2,0,2
"E00070094",1,1,0
"E00070095",8,3,5
"E00070096",7,3,4
"E00070097",2,0,2
"E00070098",4,2,2
"E00070099",2,0,2
"E00070100",2,0,2
"E00070101",0,0,0
"E00070102",1,0,1
"E00070103",0,0,0
"E00070104",2,1,1
"E00070105",1,0,1
"E00070106",0,0,0
"E00070107",3,0,3
"E00070108",2,0,2
"E00070109",2,0,2
"E00070110",1,1,0
"E00070111",2,1,1
"E00070112",9,5,4
"E00070113",1,0,1
"E00070114",0,0,0
"E00070115",1,1,0
"E00070116",1,0,1
"E00070117",2,2,0
"E00070118",2,0,2
"E00070119",4,3,1
"E00070120",1,1,0
"E00070121",1,1,0
"E00070122",2,0,2
"E00070123",0,0,0
"E00070124",7,3,4
"E00070125",3,1,2
"E00070126",4,1,3
"E00070127",3,1,2
"E00070128",1,0,1
"E00070129",3,0,3
"E00070131",2,0,2
"E00070132",1,1,0
"E00070133",2,1,1
"E00070134",2,1,1
"E00070135",1,1,0
"E00070136",0,0,0
"E00070137",2,0,2
"E00070138",1,0,1
"E00070139",0,0,0
"E00070140",1,0,1
"E00070141",5,3,2
"E00070142",11,2,9
"E00070143",5,4,1
"E00070144",10,5,5
"E00070145",1,0,1
"E00070146",0,0,0
"E00070147",2,0,2
"E00070148",0,0,0
"E00070149",1,0,1
"E00070150",6,3,3
"E00070151",2,1,1
"E00070152",1,1,0
"E00070153",1,0,1
"E00070154",3,1,2
"E00070155",0,0,0
"E00070156",0,0,0
"E00070157",7,2,5
"E00070158",3,0,3
"E00070159",4,2,2
"E00070160",0,0,0
"E00070161",0,0,0
"E00070162",4,2,2
"E00070163",2,1,1
"E00070164",0,0,0
"E00070165",1,0,1
"E00070166",1,1,0
"E00070167",1,0,1
"E00070168",0,0,0
"E00070169",1,0,1
"E00070170",0,0,0
"E00070172",1,0,1
"E00070173",1,0,1
"E00070174",0,0,0
"E00070175",2,1,1
"E00070176",0,0,0
"E00070177",0,0,0
"E00070178",0,0,0
"E00070179",0,0,0
"E00070180",2,2,0
"E00070181",1,0,1
"E00070182",1,0,1
"E00070183",1,1,0
"E00070184",1,0,1
"E00070185",11,9,2
"E00070186",8,4,4
"E00070187",3,1,2
"E00070188",1,1,0
"E00070189",1,0,1
"E00070190",2,1,1
"E00070191",0,0,0
"E00070192",0,0,0
"E00070193",4,2,2
"E00070194",1,0,1
"E00070195",1,0,1
"E00070196",1,0,1
"E00070197",1,1,0
"E00070198",3,3,0
"E00070199",1,0,1
"E00070200",1,0,1
"E00070201",0,0,0
"E00070202",1,1,0
"E00070203",3,1,2
"E00070204",1,1,0
"E00070205",3,0,3
"E00070206",3,1,2
"E00070207",0,0,0
"E00070208",0,0,0
"E00070209",1,1,0
"E00070210",0,0,0
"E00070211",0,0,0
"E00070212",3,1,2
"E00070213",4,2,2
"E00070214",0,0,0
"E00070215",0,0,0
"E00070216",0,0,0
"E00070217",0,0,0
"E00070218",0,0,0
"E00070219",2,1,1
"E00070220",1,1,0
"E00070221",2,2,0
"E00070222",1,0,1
"E00070223",8,3,5
"E00070224",0,0,0
"E00070225",5,1,4
"E00070226",1,1,0
"E00070227",3,2,1
"E00070228",2,1,1
"E00070229",0,0,0
"E00070230",2,1,1
"E00070231",1,1,0
"E00070232",3,3,0
"E00070233",6,4,2
"E00070234",3,2,1
"E00070235",0,0,0
"E00070236",5,4,1
"E00070237",2,1,1
"E00070238",5,3,2
"E00070239",3,1,2
"E00070240",3,2,1
"E00070242",2,1,1
"E00070243",2,0,2
"E00070244",3,1,2
"E00070245",1,1,0
"E00070246",0,0,0
"E00070247",3,0,3
"E00070248",1,1,0
"E00070249",4,3,1
"E00070250",0,0,0
"E00070251",10,3,7
"E00070252",7,4,3
"E00070253",0,0,0
"E00070254",4,2,2
"E00070255",1,1,0
"E00070256",1,0,1
"E00070257",3,0,3
"E00070258",2,0,2
"E00070259",0,0,0
"E00070260",0,0,0
"E00070262",0,0,0
"E00070264",3,1,2
"E00070267",1,1,0
"E00070268",5,4,1
"E00070269",3,2,1
"E00070270",2,1,1
"E00070271",0,0,0
"E00070272",4,2,2
"E00070273",3,2,1
"E00070274",5,1,4
"E00070275",6,4,2
"E00070276",0,0,0
"E00070277",9,5,4
"E00070278",5,4,1
"E00070279",0,0,0
"E00070280",4,0,4
"E00070281",0,0,0
"E00070282",7,5,2
"E00070283",1,1,0
"E00070284",3,1,2
"E00070285",1,0,1
"E00070286",5,3,2
"E00070287",5,4,1
"E00070288",1,0,1
"E00070289",6,4,2
"E00070290",5,4,1
"E00070291",6,3,3
"E00070292",3,1,2
"E00070293",4,3,1
"E00070294",7,4,3
"E00070295",3,3,0
"E00070296",0,0,0
"E00070297",0,0,0
"E00070298",4,2,2
"E00070299",0,0,0
"E00070300",1,0,1
"E00070301",2,2,0
"E00070302",1,0,1
"E00070303",2,1,1
"E00070304",0,0,0
"E00070305",0,0,0
"E00070306",9,5,4
"E00070307",9,2,7
"E00070308",4,1,3
"E00070309",3,2,1
"E00070310",4,3,1
"E00070311",2,2,0
"E00070312",2,1,1
"E00070313",0,0,0
"E00070314",0,0,0
"E00070315",3,0,3
"E00070316",5,2,3
"E00070317",4,0,4
"E00070318",13,5,8
"E00070319",4,3,1
"E00070320",7,4,3
"E00070321",1,1,0
"E00070322",0,0,0
"E00070325",4,1,3
"E00070326",0,0,0
"E00070327",2,1,1
"E00070328",2,1,1
"E00070329",9,4,5
"E00070330",1,0,1
"E00070331",5,3,2
"E00070333",0,0,0
"E00070334",2,2,0
"E00070335",2,2,0
"E00070336",1,0,1
"E00070337",8,3,5
"E00070338",6,3,3
"E00070339",2,0,2
"E00070340",6,3,3
"E00070341",5,4,1
"E00070342",1,1,0
"E00070343",6,1,5
"E00070344",4,1,3
"E00070345",3,2,1
"E00070346",1,1,0
"E00070347",7,4,3
"E00070348",2,1,1
"E00070349",7,4,3
"E00070350",11,2,9
"E00070351",6,2,4
"E00070352",1,1,0
"E00070353",2,1,1
"E00070354",1,0,1
"E00070355",1,0,1
"E00070356",2,0,2
"E00070357",1,0,1
"E00070358",3,2,1
"E00070359",3,3,0
"E00070360",3,1,2
"E00070361",2,1,1
"E00070362",2,1,1
"E00070363",1,0,1
"E00070364",2,1,1
"E00070366",0,0,0
"E00070368",0,0,0
"E00070370",8,3,5
"E00070371",6,4,2
"E00070372",8,5,3
"E00070373",2,1,1
"E00070375",6,5,1
"E00070376",3,2,1
"E00070377",2,2,0
"E00070378",4,3,1
"E00070379",4,3,1
"E00070380",11,4,7
"E00070381",0,0,0
"E00070382",5,4,1
"E00070383",2,1,1
"E00070384",17,9,8
"E00070385",0,0,0
"E00070386",2,2,0
"E00070387",1,1,0
"E00070388",0,0,0
"E00070390",0,0,0
"E00070391",2,1,1
"E00070392",1,0,1
"E00070393",1,1,0
"E00070394",0,0,0
"E00070396",0,0,0
"E00070397",0,0,0
"E00070400",6,6,0
"E00070401",0,0,0
"E00070402",3,2,1
"E00070403",6,5,1
"E00070404",0,0,0
"E00070405",8,3,5
"E00070406",9,4,5
"E00070407",5,4,1
"E00070408",0,0,0
"E00070410",4,0,4
"E00070411",4,3,1
"E00070412",5,2,3
"E00070413",3,0,3
"E00070414",0,0,0
"E00070415",2,0,2
"E00070416",2,0,2
"E00070417",1,0,1
"E00070418",0,0,0
"E00070419",1,1,0
"E00070420",0,0,0
"E00070421",0,0,0
"E00070422",0,0,0
"E00070423",1,0,1
"E00070424",1,1,0
"E00070425",0,0,0
"E00070426",0,0,0
"E00070427",0,0,0
"E00070428",1,0,1
"E00070429",0,0,0
"E00070430",0,0,0
"E00070431",2,1,1
"E00070433",0,0,0
"E00070434",3,1,2
"E00070435",1,0,1
"E00070436",3,2,1
"E00070437",3,1,2
"E00070438",1,0,1
"E00070439",1,0,1
"E00070440",0,0,0
"E00070441",0,0,0
"E00070442",4,4,0
"E00070443",0,0,0
"E00070444",0,0,0
"E00070445",5,2,3
"E00070447",2,1,1
"E00070449",0,0,0
"E00070450",2,2,0
"E00070454",0,0,0
"E00070455",4,2,2
"E00070456",1,0,1
"E00070458",1,1,0
"E00070459",4,1,3
"E00070461",1,1,0
"E00070462",3,1,2
"E00070463",1,0,1
"E00070465",0,0,0
"E00070466",2,2,0
"E00070467",0,0,0
"E00070468",2,2,0
"E00070469",6,4,2
"E00070470",4,2,2
"E00070471",0,0,0
"E00070472",0,0,0
"E00070473",5,3,2
"E00070474",5,1,4
"E00070475",13,7,6
"E00070476",7,5,2
"E00070477",2,2,0
"E00070478",0,0,0
"E00070479",8,6,2
"E00070480",0,0,0
"E00070481",6,2,4
"E00070482",1,1,0
"E00070483",5,4,1
"E00070484",3,0,3
"E00070485",0,0,0
"E00070486",0,0,0
"E00070487",1,1,0
"E00070488",2,0,2
"E00070489",0,0,0
"E00070490",6,2,4
"E00070491",1,1,0
"E00070492",3,1,2
"E00070493",0,0,0
"E00070494",0,0,0
"E00070495",3,1,2
"E00070496",0,0,0
"E00070497",0,0,0
"E00070498",5,3,2
"E00070499",2,1,1
"E00070500",1,0,1
"E00070501",2,0,2
"E00070502",1,0,1
"E00070503",5,3,2
"E00070504",8,5,3
"E00070505",2,1,1
"E00070506",7,2,5
"E00070507",9,4,5
"E00070508",8,4,4
"E00070509",5,1,4
"E00070510",0,0,0
"E00070511",3,1,2
"E00070512",5,2,3
"E00070513",2,0,2
"E00070514",0,0,0
"E00070515",2,0,2
"E00070516",1,0,1
"E00070518",3,0,3
"E00070519",6,4,2
"E00070520",0,0,0
"E00070522",2,2,0
"E00070523",2,1,1
"E00070525",0,0,0
"E00070526",0,0,0
"E00070529",2,1,1
"E00070530",5,1,4
"E00070531",6,2,4
"E00070532",6,1,5
"E00070533",1,1,0
"E00070534",4,0,4
"E00070536",0,0,0
"E00070537",3,1,2
"E00070538",3,2,1
"E00070539",10,4,6
"E00070540",13,4,9
"E00070541",4,4,0
"E00070542",10,3,7
"E00070543",6,2,4
"E00070544",7,1,6
"E00070545",5,4,1
"E00070546",1,1,0
"E00070547",1,1,0
"E00070548",12,3,9
"E00070549",6,5,1
"E00070550",1,1,0
"E00070551",14,6,8
"E00070552",5,3,2
"E00070553",4,3,1
"E00070554",9,4,5
"E00070555",2,1,1
"E00070556",8,4,4
"E00070557",12,5,7
"E00070558",2,2,0
"E00070559",1,1,0
"E00070560",6,2,4
"E00070561",4,1,3
"E00070562",6,1,5
"E00070563",6,2,4
"E00070564",10,2,8
"E00070565",5,2,3
"E00070566",14,5,9
"E00070567",9,4,5
"E00070568",10,7,3
"E00070569",6,6,0
"E00070570",8,3,5
"E00070571",5,2,3
"E00070572",0,0,0
"E00070573",2,0,2
"E00070574",6,2,4
"E00070575",6,2,4
"E00070576",4,2,2
"E00070577",5,3,2
"E00070578",6,2,4
"E00070579",11,8,3
"E00070580",5,4,1
"E00070581",7,5,2
"E00070582",3,3,0
"E00070583",3,1,2
"E00070584",10,4,6
"E00070585",2,0,2
"E00070586",0,0,0
"E00070587",3,1,2
"E00070588",0,0,0
"E00070589",0,0,0
"E00070590",7,4,3
"E00070591",7,4,3
"E00070592",15,10,5
"E00070593",5,2,3
"E00070594",7,3,4
"E00070595",1,1,0
"E00070596",7,4,3
"E00070597",3,1,2
"E00070598",1,0,1
"E00070599",6,4,2
"E00070600",3,2,1
"E00070601",0,0,0
"E00070602",5,3,2
"E00070603",2,1,1
"E00070604",10,5,5
"E00070605",3,2,1
"E00070606",5,1,4
"E00070607",3,3,0
"E00070608",12,6,6
"E00070609",7,4,3
"E00070610",3,2,1
"E00070611",3,2,1
"E00070612",2,1,1
"E00070613",6,0,6
"E00070614",0,0,0
"E00070615",6,3,3
"E00070616",8,1,7
"E00070617",4,2,2
"E00070618",6,3,3
"E00070619",4,2,2
"E00070620",0,0,0
"E00070622",3,0,3
"E00070623",5,2,3
"E00070624",1,1,0
"E00070625",2,0,2
"E00070626",1,0,1
"E00070627",1,0,1
"E00070628",2,2,0
"E00070629",4,2,2
"E00070630",5,2,3
"E00070631",6,3,3
"E00070632",3,1,2
"E00070633",2,1,1
"E00070634",1,0,1
"E00070635",1,0,1
"E00070636",0,0,0
"E00070637",0,0,0
"E00070638",1,0,1
"E00070639",2,1,1
"E00070640",0,0,0
"E00070641",3,2,1
"E00070642",2,0,2
"E00070643",2,1,1
"E00070644",0,0,0
"E00070645",3,2,1
"E00070646",4,2,2
"E00070647",5,0,5
"E00070648",1,0,1
"E00070649",0,0,0
"E00070650",2,0,2
"E00070651",2,1,1
"E00070652",9,5,4
"E00070653",7,4,3
"E00070654",7,1,6
"E00070656",7,4,3
"E00070657",5,1,4
"E00070658",7,4,3
"E00070659",9,4,5
"E00070660",14,7,7
"E00070661",1,1,0
"E00070663",3,2,1
"E00070664",10,5,5
"E00070665",8,6,2
"E00070666",8,3,5
"E00070667",2,1,1
"E00070668",4,4,0
"E00070669",14,9,5
"E00070670",6,3,3
"E00070671",14,10,4
"E00070673",4,3,1
"E00070674",3,0,3
"E00070675",0,0,0
"E00070676",2,1,1
"E00070678",4,2,2
"E00070680",0,0,0
"E00070681",4,3,1
"E00070682",2,1,1
"E00070683",0,0,0
"E00070684",1,0,1
"E00070685",1,1,0
"E00070686",6,4,2
"E00070687",2,2,0
"E00070688",6,4,2
"E00070689",3,0,3
"E00070690",2,1,1
"E00070691",4,1,3
"E00070692",3,1,2
"E00070693",8,3,5
"E00070694",8,3,5
"E00070695",6,4,2
"E00070696",4,2,2
"E00070697",2,0,2
"E00070698",5,1,4
"E00070699",16,7,9
"E00070700",8,4,4
"E00070701",6,2,4
"E00070702",8,2,6
"E00070703",11,3,8
"E00070704",13,8,5
"E00070705",5,2,3
"E00070706",9,5,4
"E00070707",0,0,0
"E00070708",5,2,3
"E00070711",3,3,0
"E00070715",1,1,0
"E00070716",5,2,3
"E00070717",2,1,1
"E00070718",0,0,0
"E00070719",7,5,2
"E00070720",8,4,4
"E00070721",2,0,2
"E00070722",6,1,5
"E00070723",5,3,2
"E00070724",2,1,1
"E00070725",2,0,2
"E00070726",0,0,0
"E00070727",0,0,0
"E00070728",7,4,3
"E00070729",0,0,0
"E00070730",4,0,4
"E00070731",8,3,5
"E00070732",6,2,4
"E00070733",4,2,2
"E00070735",1,0,1
"E00070736",0,0,0
"E00070737",4,2,2
"E00070738",6,3,3
"E00070739",6,4,2
"E00070740",9,6,3
"E00070741",9,3,6
"E00070742",6,2,4
"E00070743",8,2,6
"E00070744",10,7,3
"E00070745",3,2,1
"E00070746",7,2,5
"E00070747",8,3,5
"E00070748",2,1,1
"E00070749",13,4,9
"E00070750",4,2,2
"E00070751",9,2,7
"E00070752",1,1,0
"E00070753",12,6,6
"E00070754",13,7,6
"E00070755",7,3,4
"E00070756",1,1,0
"E00070757",2,0,2
"E00070758",7,2,5
"E00070759",1,1,0
"E00070760",9,5,4
"E00070761",5,2,3
"E00070762",3,2,1
"E00070763",6,5,1
"E00070764",1,1,0
"E00070765",5,4,1
"E00070766",3,1,2
"E00070767",4,3,1
"E00070768",5,2,3
"E00070769",3,1,2
"E00070770",7,2,5
"E00070771",4,2,2
"E00070772",16,9,7
"E00070773",4,1,3
"E00070774",10,4,6
"E00070775",5,3,2
"E00070776",3,2,1
"E00070777",6,2,4
"E00070778",6,3,3
"E00070779",7,4,3
"E00070780",4,2,2
"E00070781",6,4,2
"E00070782",5,2,3
"E00070783",1,1,0
"E00070784",6,1,5
"E00070785",15,8,7
"E00070786",0,0,0
"E00070787",4,1,3
"E00070788",5,2,3
"E00070789",6,3,3
"E00070790",10,8,2
"E00070791",7,4,3
"E00070792",12,6,6
"E00070793",6,4,2
"E00070794",10,7,3
"E00070795",2,0,2
"E00070796",6,2,4
"E00070797",9,4,5
"E00070798",4,2,2
"E00070799",1,0,1
"E00070800",4,3,1
"E00070801",6,5,1
"E00070802",7,4,3
"E00070803",4,2,2
"E00070804",7,3,4
"E00070805",3,2,1
"E00070806",5,2,3
"E00070807",3,1,2
"E00070808",1,1,0
"E00070809",0,0,0
"E00070810",9,7,2
"E00070811",7,3,4
"E00070812",6,4,2
"E00070813",5,2,3
"E00070814",4,0,4
"E00070815",7,4,3
"E00070816",3,0,3
"E00070817",8,4,4
"E00070818",7,2,5
"E00070819",0,0,0
"E00070820",7,2,5
"E00070821",6,3,3
"E00070822",11,5,6
"E00070823",12,6,6
"E00070824",13,2,11
"E00070825",1,0,1
"E00070826",10,6,4
"E00070827",9,4,5
"E00070828",9,6,3
"E00070829",13,10,3
"E00070830",6,3,3
"E00070831",5,1,4
"E00070832",10,4,6
"E00070833",2,1,1
"E00070834",16,10,6
"E00070835",9,6,3
"E00070836",5,2,3
"E00070837",3,2,1
"E00070838",6,4,2
"E00070839",7,3,4
"E00070840",1,1,0
"E00070841",3,1,2
"E00070842",12,2,10
"E00070843",10,3,7
"E00070844",5,2,3
"E00070845",8,3,5
"E00070846",9,4,5
"E00070847",6,3,3
"E00070848",5,2,3
"E00070849",2,2,0
"E00070850",2,1,1
"E00070851",5,2,3
"E00070852",4,1,3
"E00070853",7,4,3
"E00070854",4,2,2
"E00070855",6,5,1
"E00070856",0,0,0
"E00070857",7,4,3
"E00070858",4,2,2
"E00070859",4,4,0
"E00070860",10,4,6
"E00070861",4,3,1
"E00070862",4,2,2
"E00070863",1,0,1
"E00070865",0,0,0
"E00070866",10,6,4
"E00070867",2,1,1
"E00070868",0,0,0
"E00070869",3,1,2
"E00070870",6,1,5
"E00070871",5,2,3
"E00070872",11,3,8
"E00070873",3,2,1
"E00070874",4,2,2
"E00070875",1,1,0
"E00070876",3,1,2
"E00070877",3,3,0
"E00070878",3,0,3
"E00070879",5,4,1
"E00070880",3,0,3
"E00070881",0,0,0
"E00070882",1,0,1
"E00070883",2,0,2
"E00070884",7,3,4
"E00070885",5,3,2
"E00070886",5,3,2
"E00070887",1,1,0
"E00070888",1,1,0
"E00070889",3,3,0
"E00070890",2,1,1
"E00070891",3,1,2
"E00070892",2,1,1
"E00070893",0,0,0
"E00070894",0,0,0
"E00070895",1,1,0
"E00070896",7,5,2
"E00070897",0,0,0
"E00070898",0,0,0
"E00070899",6,3,3
"E00070900",0,0,0
"E00070901",0,0,0
"E00070902",1,0,1
"E00070903",3,2,1
"E00070904",3,1,2
"E00070905",2,0,2
"E00070906",0,0,0
"E00070907",6,3,3
"E00070908",1,0,1
"E00070909",2,2,0
"E00070910",0,0,0
"E00070911",2,0,2
"E00070912",9,5,4
"E00070913",1,1,0
"E00070914",3,1,2
"E00070915",6,4,2
"E00070916",1,1,0
"E00070917",2,1,1
"E00070918",3,1,2
"E00070919",1,0,1
"E00070920",1,1,0
"E00070921",1,1,0
"E00070922",0,0,0
"E00070923",1,0,1
"E00070924",1,1,0
"E00070925",10,7,3
"E00070926",0,0,0
"E00070927",6,4,2
"E00070928",3,1,2
"E00070929",2,1,1
"E00070930",2,0,2
"E00070931",0,0,0
"E00070932",1,1,0
"E00070933",5,3,2
"E00070934",3,0,3
"E00070935",4,2,2
"E00070936",2,2,0
"E00070937",6,2,4
"E00070938",16,4,12
"E00070939",9,0,9
"E00070940",9,2,7
"E00070941",5,2,3
"E00070942",10,4,6
"E00070943",2,2,0
"E00070944",14,9,5
"E00070945",10,3,7
"E00070946",5,1,4
"E00070947",3,0,3
"E00070948",7,4,3
"E00070949",11,4,7
"E00070950",5,2,3
"E00070951",15,10,5
"E00070952",8,5,3
"E00070953",3,2,1
"E00070954",11,6,5
"E00070955",8,3,5
"E00070956",8,4,4
"E00070957",9,2,7
"E00070958",4,2,2
"E00070959",3,1,2
"E00070960",7,4,3
"E00070961",6,3,3
"E00070962",18,13,5
"E00070963",7,4,3
"E00070964",4,2,2
"E00070965",9,4,5
"E00070966",8,4,4
"E00070967",11,4,7
"E00070968",11,8,3
"E00070969",9,4,5
"E00070970",7,2,5
"E00070971",7,4,3
"E00070972",3,2,1
"E00070973",3,3,0
"E00070974",3,1,2
"E00070975",1,1,0
"E00070976",5,2,3
"E00070977",8,6,2
"E00070978",6,4,2
"E00070979",4,4,0
"E00070980",17,7,10
"E00070981",6,5,1
"E00070982",4,2,2
"E00070983",3,0,3
"E00070984",3,0,3
"E00070985",9,3,6
"E00070986",10,7,3
"E00070987",2,0,2
"E00070988",9,2,7
"E00070989",8,1,7
"E00070990",9,5,4
"E00070991",15,6,9
"E00070992",8,3,5
"E00070993",7,2,5
"E00070994",3,2,1
"E00070995",4,0,4
"E00070996",15,3,12
"E00070997",12,6,6
"E00070998",3,1,2
"E00070999",9,6,3
"E00071000",4,3,1
"E00071001",8,5,3
"E00071002",0,0,0
"E00071003",1,0,1
"E00071004",1,0,1
"E00071005",3,1,2
"E00071006",7,3,4
"E00071007",9,3,6
"E00071008",8,6,2
"E00071009",5,2,3
"E00071010",3,2,1
"E00071011",5,3,2
"E00071012",4,3,1
"E00071013",2,2,0
"E00071014",3,2,1
"E00071015",10,3,7
"E00071016",9,4,5
"E00071017",8,3,5
"E00071018",6,2,4
"E00071019",5,0,5
"E00071020",3,2,1
"E00071021",9,3,6
"E00071022",1,1,0
"E00071023",2,2,0
"E00071024",0,0,0
"E00071025",2,1,1
"E00071026",3,2,1
"E00071027",1,0,1
"E00071028",0,0,0
"E00071029",0,0,0
"E00071030",2,1,1
"E00071031",3,2,1
"E00071032",2,0,2
"E00071033",3,1,2
"E00071034",7,6,1
"E00071035",9,2,7
"E00071036",1,0,1
"E00071037",1,1,0
"E00071038",4,2,2
"E00071039",5,0,5
"E00071040",4,1,3
"E00071041",6,3,3
"E00071042",10,6,4
"E00071044",0,0,0
"E00071045",3,2,1
"E00071046",4,1,3
"E00071047",0,0,0
"E00071048",1,0,1
"E00071049",1,0,1
"E00071050",1,0,1
"E00071051",1,0,1
"E00071052",3,3,0
"E00071053",3,1,2
"E00071054",4,1,3
"E00071055",2,1,1
"E00071056",1,0,1
"E00071057",1,1,0
"E00071058",1,0,1
"E00071059",4,1,3
"E00071060",0,0,0
"E00071061",0,0,0
"E00071062",1,0,1
"E00071063",7,4,3
"E00071064",1,0,1
"E00071065",0,0,0
"E00071067",1,0,1
"E00071068",0,0,0
"E00071069",0,0,0
"E00071070",0,0,0
"E00071071",6,4,2
"E00071072",1,0,1
"E00071073",2,2,0
"E00071074",1,0,1
"E00071075",3,2,1
"E00071076",0,0,0
"E00071077",4,1,3
"E00071078",2,0,2
"E00071079",4,1,3
"E00071080",2,1,1
"E00071081",4,3,1
"E00071082",4,2,2
"E00071083",3,2,1
"E00071084",7,5,2
"E00071085",5,3,2
"E00071086",6,4,2
"E00071087",0,0,0
"E00071088",1,0,1
"E00071089",11,5,6
"E00071090",3,2,1
"E00071091",11,7,4
"E00071092",13,5,8
"E00071093",0,0,0
"E00071094",2,2,0
"E00071095",0,0,0
"E00071096",9,5,4
"E00071097",1,0,1
"E00071098",4,3,1
"E00071099",9,5,4
"E00071100",5,4,1
"E00071101",9,3,6
"E00071102",10,5,5
"E00071103",9,5,4
"E00071104",10,7,3
"E00071105",6,3,3
"E00071106",8,4,4
"E00071107",4,1,3
"E00071108",7,1,6
"E00071109",4,4,0
"E00071110",6,6,0
"E00071111",5,2,3
"E00071112",11,8,3
"E00071113",6,2,4
"E00071114",2,2,0
"E00071115",1,1,0
"E00071116",8,8,0
"E00071117",1,1,0
"E00071118",0,0,0
"E00071119",0,0,0
"E00071120",11,5,6
"E00071121",2,1,1
"E00071122",0,0,0
"E00071123",0,0,0
"E00071124",0,0,0
"E00071125",3,2,1
"E00071126",3,3,0
"E00071127",2,1,1
"E00071128",2,0,2
"E00071129",0,0,0
"E00071130",7,5,2
"E00071131",1,0,1
"E00071132",2,1,1
"E00071133",1,0,1
"E00071134",6,5,1
"E00071135",7,3,4
"E00071136",5,2,3
"E00071137",6,1,5
"E00071138",2,1,1
"E00071139",6,2,4
"E00071140",3,1,2
"E00071141",1,0,1
"E00071142",3,3,0
"E00071143",0,0,0
"E00071144",1,0,1
"E00071145",3,0,3
"E00071146",2,1,1
"E00071147",3,1,2
"E00071148",0,0,0
"E00071149",1,0,1
"E00071150",0,0,0
"E00071151",5,2,3
"E00071152",0,0,0
"E00071153",7,4,3
"E00071154",2,1,1
"E00071155",10,3,7
"E00071156",0,0,0
"E00071157",1,0,1
"E00071158",10,4,6
"E00071159",1,1,0
"E00071160",15,6,9
"E00071161",7,5,2
"E00071162",14,3,11
"E00071163",5,2,3
"E00071164",4,2,2
"E00071165",4,2,2
"E00071166",4,2,2
"E00071167",8,5,3
"E00071168",7,5,2
"E00071169",5,4,1
"E00071170",16,9,7
"E00071171",12,6,6
"E00071172",1,0,1
"E00071173",5,1,4
"E00071174",1,1,0
"E00071175",13,5,8
"E00071176",10,7,3
"E00071177",0,0,0
"E00071178",1,0,1
"E00071179",8,4,4
"E00071180",8,5,3
"E00071181",4,2,2
"E00071182",3,1,2
"E00071183",7,3,4
"E00071184",4,1,3
"E00071185",8,4,4
"E00071186",8,6,2
"E00071187",3,1,2
"E00071188",4,0,4
"E00071189",7,4,3
"E00071190",7,5,2
"E00071191",9,7,2
"E00071192",1,1,0
"E00071193",14,5,9
"E00071194",7,5,2
"E00071195",6,2,4
"E00071196",5,3,2
"E00071197",11,6,5
"E00071198",2,0,2
"E00071199",3,3,0
"E00071200",7,4,3
"E00071201",3,0,3
"E00071202",13,11,2
"E00071203",8,4,4
"E00071204",1,1,0
"E00071205",1,0,1
"E00071206",5,4,1
"E00071207",11,6,5
"E00071208",2,1,1
"E00071209",7,5,2
"E00071210",10,4,6
"E00071211",5,3,2
"E00071212",4,2,2
"E00071213",9,7,2
"E00071214",3,3,0
"E00071215",8,2,6
"E00071216",10,4,6
"E00071217",0,0,0
"E00071218",6,5,1
"E00071219",2,1,1
"E00071220",12,9,3
"E00071221",9,2,7
"E00071222",6,2,4
"E00071223",6,2,4
"E00071224",3,2,1
"E00071225",6,5,1
"E00071226",4,2,2
"E00071227",7,5,2
"E00071228",5,2,3
"E00071229",5,2,3
"E00071230",1,0,1
"E00071231",2,1,1
"E00071232",0,0,0
"E00071233",0,0,0
"E00071234",4,2,2
"E00071235",2,1,1
"E00071236",5,3,2
"E00071237",3,2,1
"E00071238",1,0,1
"E00071239",5,3,2
"E00071240",6,2,4
"E00071241",1,1,0
"E00071242",1,1,0
"E00071243",1,0,1
"E00071244",4,3,1
"E00071245",3,1,2
"E00071246",2,2,0
"E00071247",2,1,1
"E00071248",1,1,0
"E00071249",2,2,0
"E00071250",1,0,1
"E00071251",4,1,3
"E00071252",5,3,2
"E00071253",4,1,3
"E00071254",4,3,1
"E00071255",6,3,3
"E00071256",1,1,0
"E00071257",3,1,2
"E00071258",0,0,0
"E00071259",0,0,0
"E00071260",0,0,0
"E00071261",6,3,3
"E00071262",1,0,1
"E00071263",24,16,8
"E00071264",6,0,6
"E00071265",5,2,3
"E00071266",1,1,0
"E00071267",6,1,5
"E00071268",2,2,0
"E00071269",5,5,0
"E00071270",5,3,2
"E00071271",2,0,2
"E00071272",13,7,6
"E00071273",3,0,3
"E00071274",5,3,2
"E00071275",3,1,2
"E00071276",5,3,2
"E00071277",4,2,2
"E00071278",6,3,3
"E00071279",1,1,0
"E00071280",8,4,4
"E00071281",2,2,0
"E00071282",5,4,1
"E00071283",2,1,1
"E00071284",2,1,1
"E00071285",3,1,2
"E00071286",0,0,0
"E00071287",2,2,0
"E00071288",5,4,1
"E00071289",4,3,1
"E00071290",4,3,1
"E00071292",2,0,2
"E00071293",1,1,0
"E00071294",1,1,0
"E00071295",1,1,0
"E00071296",7,0,7
"E00071297",4,1,3
"E00071298",0,0,0
"E00071299",7,2,5
"E00071300",0,0,0
"E00071301",3,2,1
"E00071302",3,2,1
"E00071303",4,4,0
"E00071304",6,5,1
"E00071305",3,1,2
"E00071306",2,0,2
"E00071307",3,2,1
"E00071308",1,0,1
"E00071309",0,0,0
"E00071310",1,0,1
"E00071311",0,0,0
"E00071312",4,4,0
"E00071313",0,0,0
"E00071314",2,1,1
"E00071315",7,4,3
"E00071316",1,1,0
"E00071317",1,1,0
"E00071318",0,0,0
"E00071319",0,0,0
"E00071320",0,0,0
"E00071321",1,1,0
"E00071322",0,0,0
"E00071323",4,2,2
"E00071324",2,2,0
"E00071325",2,0,2
"E00071326",0,0,0
"E00071327",2,1,1
"E00071328",1,1,0
"E00071329",6,3,3
"E00071330",0,0,0
"E00071331",2,1,1
"E00071332",3,1,2
"E00071333",3,0,3
"E00071334",4,3,1
"E00071335",1,1,0
"E00071336",1,0,1
"E00071337",0,0,0
"E00071338",3,2,1
"E00071339",3,2,1
"E00071340",0,0,0
"E00071341",16,7,9
"E00071343",0,0,0
"E00071344",2,1,1
"E00071345",2,1,1
"E00071346",1,1,0
"E00071347",2,1,1
"E00071348",4,3,1
"E00071349",1,0,1
"E00071350",0,0,0
"E00071351",0,0,0
"E00071352",9,7,2
"E00071353",2,1,1
"E00071354",0,0,0
"E00071355",0,0,0
"E00071356",7,6,1
"E00071357",5,1,4
"E00071358",0,0,0
"E00071360",3,0,3
"E00071362",11,4,7
"E00071363",5,3,2
"E00071364",7,4,3
"E00071365",6,2,4
"E00071367",6,4,2
"E00071368",1,0,1
"E00071369",6,2,4
"E00071370",0,0,0
"E00071371",13,6,7
"E00071372",3,0,3
"E00071373",2,0,2
"E00071374",4,2,2
"E00071375",3,0,3
"E00071376",3,0,3
"E00071377",4,2,2
"E00071378",7,6,1
"E00071379",16,7,9
"E00071380",4,3,1
"E00071381",7,4,3
"E00071382",5,2,3
"E00071383",9,5,4
"E00071384",3,1,2
"E00071385",6,3,3
"E00071386",1,1,0
"E00071387",3,2,1
"E00071390",2,1,1
"E00071391",8,5,3
"E00071392",6,6,0
"E00071393",2,2,0
"E00071394",0,0,0
"E00071395",1,1,0
"E00071396",2,1,1
"E00071397",0,0,0
"E00071399",1,0,1
"E00071402",5,2,3
"E00071404",1,1,0
"E00071405",2,0,2
"E00071406",2,1,1
"E00071407",2,1,1
"E00071408",2,2,0
"E00071409",0,0,0
"E00071410",1,1,0
"E00071411",0,0,0
"E00071412",1,0,1
"E00071413",3,0,3
"E00071414",6,1,5
"E00071415",4,1,3
"E00071416",5,3,2
"E00071417",7,3,4
"E00071418",7,2,5
"E00071419",2,0,2
"E00071420",1,1,0
"E00071421",1,0,1
"E00071422",1,0,1
"E00071423",5,1,4
"E00071424",0,0,0
"E00071425",4,3,1
"E00071426",0,0,0
"E00071427",2,0,2
"E00071428",3,2,1
"E00071429",5,2,3
"E00071430",5,4,1
"E00071431",2,1,1
"E00071432",2,1,1
"E00071433",1,0,1
"E00071434",2,1,1
"E00071435",0,0,0
"E00071436",1,1,0
"E00071437",0,0,0
"E00071439",2,1,1
"E00071440",1,0,1
"E00071441",3,1,2
"E00071443",5,4,1
"E00071444",5,1,4
"E00071445",7,6,1
"E00071446",6,4,2
"E00071448",6,5,1
"E00071449",5,3,2
"E00071450",7,2,5
"E00071451",11,6,5
"E00071452",7,3,4
"E00071453",10,3,7
"E00071454",6,3,3
"E00071455",4,2,2
"E00071456",2,1,1
"E00071457",3,2,1
"E00071458",1,1,0
"E00071459",1,0,1
"E00071460",0,0,0
"E00071461",1,1,0
"E00071462",2,0,2
"E00071463",4,3,1
"E00071464",2,0,2
"E00071465",3,2,1
"E00071466",8,6,2
"E00071467",4,1,3
"E00071468",5,3,2
"E00071469",0,0,0
"E00071470",1,0,1
"E00071471",1,1,0
"E00071472",1,1,0
"E00071473",3,1,2
"E00071474",0,0,0
"E00071475",1,0,1
"E00071476",0,0,0
"E00071477",0,0,0
"E00071478",0,0,0
"E00071479",0,0,0
"E00071480",1,1,0
"E00071481",0,0,0
"E00071482",2,1,1
"E00071483",3,3,0
"E00071484",0,0,0
"E00071485",1,1,0
"E00071486",1,1,0
"E00071487",3,2,1
"E00071488",8,5,3
"E00071489",2,0,2
"E00071490",1,0,1
"E00071491",7,2,5
"E00071492",1,0,1
"E00071493",5,2,3
"E00071494",3,2,1
"E00071496",5,1,4
"E00071497",1,0,1
"E00071498",0,0,0
"E00071499",3,2,1
"E00071500",6,0,6
"E00071501",10,6,4
"E00071502",2,1,1
"E00071503",2,1,1
"E00071504",3,2,1
"E00071505",0,0,0
"E00071506",0,0,0
"E00071507",2,1,1
"E00071508",0,0,0
"E00071509",0,0,0
"E00071510",1,1,0
"E00071511",0,0,0
"E00071512",1,0,1
"E00071513",2,2,0
"E00071514",2,2,0
"E00071515",0,0,0
"E00071516",4,3,1
"E00071517",2,0,2
"E00071518",5,3,2
"E00071519",8,6,2
"E00071520",3,3,0
"E00071521",0,0,0
"E00071522",1,0,1
"E00071523",3,3,0
"E00071524",1,0,1
"E00071525",4,0,4
"E00071526",2,0,2
"E00071527",1,0,1
"E00071528",1,0,1
"E00071529",4,2,2
"E00071530",1,0,1
"E00071531",0,0,0
"E00071532",2,2,0
"E00071533",0,0,0
"E00071534",0,0,0
"E00071535",2,1,1
"E00071536",1,1,0
"E00071537",0,0,0
"E00071538",1,0,1
"E00071539",6,5,1
"E00071540",5,1,4
"E00071541",6,2,4
"E00071542",1,1,0
"E00071543",4,0,4
"E00071544",1,1,0
"E00071545",3,1,2
"E00071546",3,2,1
"E00071547",6,2,4
"E00071548",2,1,1
"E00071549",2,2,0
"E00071550",3,2,1
"E00071551",2,0,2
"E00071552",8,5,3
"E00071553",5,3,2
"E00071554",5,4,1
"E00071555",3,1,2
"E00071557",16,11,5
"E00071558",5,3,2
"E00071559",5,3,2
"E00071560",4,1,3
"E00071561",0,0,0
"E00071562",5,3,2
"E00071563",7,4,3
"E00071564",2,0,2
"E00071565",3,1,2
"E00071566",21,14,7
"E00071567",13,6,7
"E00071568",1,1,0
"E00071569",7,4,3
"E00071570",17,11,6
"E00071571",6,3,3
"E00071572",2,0,2
"E00071573",2,0,2
"E00071574",6,4,2
"E00071575",0,0,0
"E00071576",8,7,1
"E00071577",7,3,4
"E00071578",8,3,5
"E00071579",8,4,4
"E00071580",3,0,3
"E00071581",3,2,1
"E00071582",5,4,1
"E00071583",4,1,3
"E00071584",5,3,2
"E00071585",11,5,6
"E00071586",3,0,3
"E00071587",3,2,1
"E00071588",0,0,0
"E00071589",0,0,0
"E00071590",0,0,0
"E00071591",0,0,0
"E00071592",2,2,0
"E00071593",5,3,2
"E00071594",4,1,3
"E00071595",4,2,2
"E00071596",1,1,0
"E00071597",0,0,0
"E00071598",2,1,1
"E00071599",1,0,1
"E00071600",1,0,1
"E00071601",1,0,1
"E00071602",4,2,2
"E00071603",6,4,2
"E00071604",1,1,0
"E00071605",8,6,2
"E00071606",7,5,2
"E00071607",6,5,1
"E00071608",9,4,5
"E00071609",10,3,7
"E00071610",7,3,4
"E00071611",7,4,3
"E00071612",19,10,9
"E00071613",9,5,4
"E00071614",7,4,3
"E00071615",8,4,4
"E00071616",2,0,2
"E00071617",11,6,5
"E00071618",13,6,7
"E00071619",7,7,0
"E00071620",3,1,2
"E00071621",2,1,1
"E00071622",6,2,4
"E00071623",2,0,2
"E00071624",1,0,1
"E00071625",3,2,1
"E00071626",1,1,0
"E00071627",1,1,0
"E00071628",2,2,0
"E00071629",2,2,0
"E00071630",6,2,4
"E00071631",2,1,1
"E00071632",5,3,2
"E00071633",0,0,0
"E00071634",2,1,1
"E00071635",2,2,0
"E00071636",0,0,0
"E00071637",1,0,1
"E00071638",1,0,1
"E00071639",0,0,0
"E00071640",8,3,5
"E00071641",5,2,3
"E00071642",2,1,1
"E00071643",0,0,0
"E00071644",11,7,4
"E00071645",1,1,0
"E00071646",13,7,6
"E00071647",4,3,1
"E00071648",8,2,6
"E00071649",5,2,3
"E00071650",6,1,5
"E00071651",2,2,0
"E00071652",1,0,1
"E00071653",3,2,1
"E00071654",0,0,0
"E00071655",2,1,1
"E00071656",5,4,1
"E00071657",7,0,7
"E00071658",1,1,0
"E00071659",3,1,2
"E00071660",0,0,0
"E00071661",7,3,4
"E00071662",0,0,0
"E00071663",6,3,3
"E00071664",2,1,1
"E00071665",1,0,1
"E00071666",0,0,0
"E00071667",2,2,0
"E00071668",1,0,1
"E00071669",3,2,1
"E00071670",2,0,2
"E00071671",1,1,0
"E00071672",4,1,3
"E00071673",3,1,2
"E00071674",1,1,0
"E00071675",8,3,5
"E00071676",12,6,6
"E00071677",1,0,1
"E00071678",3,1,2
"E00071680",8,3,5
"E00071681",2,1,1
"E00071682",1,0,1
"E00071683",8,4,4
"E00071684",0,0,0
"E00071685",1,1,0
"E00071686",1,1,0
"E00071687",0,0,0
"E00071688",0,0,0
"E00071689",3,3,0
"E00071690",0,0,0
"E00071691",3,1,2
"E00071692",2,1,1
"E00071693",0,0,0
"E00071694",2,1,1
"E00071695",1,1,0
"E00071697",0,0,0
"E00071698",1,0,1
"E00071699",2,2,0
"E00071701",3,1,2
"E00071702",11,5,6
"E00071703",10,3,7
"E00071704",7,2,5
"E00071705",4,2,2
"E00071706",3,1,2
"E00071707",4,1,3
"E00071708",9,5,4
"E00071709",9,4,5
"E00071710",11,7,4
"E00071711",9,2,7
"E00071712",1,0,1
"E00071713",5,4,1
"E00071714",2,1,1
"E00071715",4,2,2
"E00071716",4,3,1
"E00071717",0,0,0
"E00071718",3,2,1
"E00071719",6,1,5
"E00071720",2,1,1
"E00071721",0,0,0
"E00071722",3,1,2
"E00071723",4,2,2
"E00071724",1,1,0
"E00071725",6,2,4
"E00071726",0,0,0
"E00071727",1,1,0
"E00071728",2,1,1
"E00071729",4,2,2
"E00071730",3,3,0
"E00071731",0,0,0
"E00071732",0,0,0
"E00071733",3,1,2
"E00071734",3,2,1
"E00071735",5,2,3
"E00071736",1,0,1
"E00071737",4,3,1
"E00071738",2,2,0
"E00071739",1,1,0
"E00071740",2,1,1
"E00071741",4,0,4
"E00071742",3,2,1
"E00071743",5,2,3
"E00071744",1,1,0
"E00071745",0,0,0
"E00071746",7,1,6
"E00071747",6,1,5
"E00071748",1,1,0
"E00071749",3,1,2
"E00071750",1,1,0
"E00071751",5,4,1
"E00071752",8,3,5
"E00071753",0,0,0
"E00071754",0,0,0
"E00071755",1,1,0
"E00071756",0,0,0
"E00071757",3,2,1
"E00071758",0,0,0
"E00071759",2,1,1
"E00071760",2,1,1
"E00071761",1,1,0
"E00071762",1,0,1
"E00071763",1,1,0
"E00071764",3,1,2
"E00071765",1,1,0
"E00071766",0,0,0
"E00071767",1,0,1
"E00071768",0,0,0
"E00071769",1,0,1
"E00071770",6,5,1
"E00071771",1,0,1
"E00071772",0,0,0
"E00071773",4,2,2
"E00071774",4,3,1
"E00071775",4,3,1
"E00071776",3,3,0
"E00071777",1,1,0
"E00071778",0,0,0
"E00071779",0,0,0
"E00071780",0,0,0
"E00071781",2,2,0
"E00071782",2,2,0
"E00071783",1,0,1
"E00071784",0,0,0
"E00071785",0,0,0
"E00071786",1,0,1
"E00071787",0,0,0
"E00071788",1,1,0
"E00071789",2,2,0
"E00071790",1,1,0
"E00071791",2,0,2
"E00071792",1,0,1
"E00071793",0,0,0
"E00071794",1,0,1
"E00071795",2,1,1
"E00071796",0,0,0
"E00071797",2,0,2
"E00071798",0,0,0
"E00071799",2,1,1
"E00071800",0,0,0
"E00071801",1,1,0
"E00071802",1,0,1
"E00071803",1,1,0
"E00071804",1,0,1
"E00071805",0,0,0
"E00071806",1,1,0
"E00071807",0,0,0
"E00071808",4,3,1
"E00071809",0,0,0
"E00071810",1,0,1
"E00071811",1,1,0
"E00071812",1,1,0
"E00071813",0,0,0
"E00071814",0,0,0
"E00071815",0,0,0
"E00071816",1,1,0
"E00071817",0,0,0
"E00071818",1,0,1
"E00071820",0,0,0
"E00071821",3,3,0
"E00071824",1,1,0
"E00071825",1,1,0
"E00071826",1,0,1
"E00071827",0,0,0
"E00071828",2,2,0
"E00071829",2,0,2
"E00071831",2,1,1
"E00071832",0,0,0
"E00071833",0,0,0
"E00071835",1,1,0
"E00071836",5,1,4
"E00071837",1,1,0
"E00071838",0,0,0
"E00071839",0,0,0
"E00071840",0,0,0
"E00071841",0,0,0
"E00071842",0,0,0
"E00071843",0,0,0
"E00071844",1,1,0
"E00071845",3,1,2
"E00071846",2,0,2
"E00071847",0,0,0
"E00071848",0,0,0
"E00071849",1,0,1
"E00071850",0,0,0
"E00071851",1,1,0
"E00071852",1,1,0
"E00071853",0,0,0
"E00071855",2,2,0
"E00071856",2,1,1
"E00071858",1,1,0
"E00071859",0,0,0
"E00071860",2,2,0
"E00071861",0,0,0
"E00071862",0,0,0
"E00071863",0,0,0
"E00071864",0,0,0
"E00071865",3,1,2
"E00071866",0,0,0
"E00071867",0,0,0
"E00071868",2,1,1
"E00071869",0,0,0
"E00071870",0,0,0
"E00071871",3,1,2
"E00071872",1,0,1
"E00071873",1,0,1
"E00071874",1,0,1
"E00071875",5,3,2
"E00071876",1,1,0
"E00071877",3,2,1
"E00071878",0,0,0
"E00071879",0,0,0
"E00071880",1,1,0
"E00071881",2,0,2
"E00071882",2,2,0
"E00071883",0,0,0
"E00071884",1,1,0
"E00071885",0,0,0
"E00071886",1,1,0
"E00071887",1,1,0
"E00071888",1,0,1
"E00071889",0,0,0
"E00071890",5,3,2
"E00071891",3,3,0
"E00071892",3,2,1
"E00071893",2,1,1
"E00071894",4,3,1
"E00071895",1,0,1
"E00071896",1,0,1
"E00071897",0,0,0
"E00071898",1,1,0
"E00071900",2,2,0
"E00071901",1,0,1
"E00071902",3,2,1
"E00071903",0,0,0
"E00071904",2,0,2
"E00071905",0,0,0
"E00071906",7,3,4
"E00071907",3,1,2
"E00071908",2,0,2
"E00071909",1,1,0
"E00071910",4,2,2
"E00071911",1,0,1
"E00071912",0,0,0
"E00071913",3,0,3
"E00071914",0,0,0
"E00071915",4,2,2
"E00071916",1,0,1
"E00071917",4,2,2
"E00071918",2,1,1
"E00071919",1,1,0
"E00071920",0,0,0
"E00071921",1,1,0
"E00071922",6,2,4
"E00071923",4,4,0
"E00071924",2,1,1
"E00071925",0,0,0
"E00071926",0,0,0
"E00071927",1,0,1
"E00071928",2,1,1
"E00071929",0,0,0
"E00071930",2,1,1
"E00071931",2,1,1
"E00071932",1,0,1
"E00071933",2,2,0
"E00071934",2,1,1
"E00071935",1,0,1
"E00071936",0,0,0
"E00071937",2,2,0
"E00071938",2,1,1
"E00071939",1,1,0
"E00071940",2,1,1
"E00071941",0,0,0
"E00071942",0,0,0
"E00071943",2,1,1
"E00071944",2,0,2
"E00071946",0,0,0
"E00071947",5,3,2
"E00071948",3,1,2
"E00071949",5,3,2
"E00071950",6,3,3
"E00071952",1,0,1
"E00071953",1,0,1
"E00071954",0,0,0
"E00071955",0,0,0
"E00071956",5,3,2
"E00071957",2,1,1
"E00071958",0,0,0
"E00071959",1,0,1
"E00071960",2,1,1
"E00071961",1,1,0
"E00071962",0,0,0
"E00071963",2,0,2
"E00071964",1,0,1
"E00071965",3,2,1
"E00071966",2,1,1
"E00071967",2,2,0
"E00071968",1,0,1
"E00071969",2,2,0
"E00071970",2,1,1
"E00071971",0,0,0
"E00071972",1,1,0
"E00071973",2,0,2
"E00071974",4,3,1
"E00071975",0,0,0
"E00071976",1,0,1
"E00071977",2,1,1
"E00071978",3,1,2
"E00071979",3,3,0
"E00071980",0,0,0
"E00071981",2,1,1
"E00071984",0,0,0
"E00071985",0,0,0
"E00071986",3,1,2
"E00071987",0,0,0
"E00071988",0,0,0
"E00071989",3,1,2
"E00071990",6,2,4
"E00071991",1,0,1
"E00071992",1,0,1
"E00071993",0,0,0
"E00071994",0,0,0
"E00071995",1,0,1
"E00071996",11,5,6
"E00071997",4,2,2
"E00071998",0,0,0
"E00071999",0,0,0
"E00072000",2,2,0
"E00072001",0,0,0
"E00072002",2,1,1
"E00072003",0,0,0
"E00072004",0,0,0
"E00072005",1,0,1
"E00072006",1,0,1
"E00072007",1,0,1
"E00072008",0,0,0
"E00072009",0,0,0
"E00072010",0,0,0
"E00072011",0,0,0
"E00072012",0,0,0
"E00072013",3,1,2
"E00072014",1,1,0
"E00072015",0,0,0
"E00072016",5,4,1
"E00072017",1,1,0
"E00072018",5,3,2
"E00072019",2,1,1
"E00072021",0,0,0
"E00072022",6,4,2
"E00072023",0,0,0
"E00072024",0,0,0
"E00072025",1,1,0
"E00072027",1,0,1
"E00072028",5,1,4
"E00072029",2,1,1
"E00072030",2,0,2
"E00072031",2,1,1
"E00072033",2,0,2
"E00072034",0,0,0
"E00072035",3,1,2
"E00072036",4,1,3
"E00072037",0,0,0
"E00072038",3,1,2
"E00072039",1,0,1
"E00072040",2,1,1
"E00072041",1,0,1
"E00072042",1,1,0
"E00072043",2,1,1
"E00072044",1,0,1
"E00072045",0,0,0
"E00072046",0,0,0
"E00072047",0,0,0
"E00072048",2,2,0
"E00072049",10,3,7
"E00072050",1,1,0
"E00072051",1,1,0
"E00072052",2,1,1
"E00072053",2,0,2
"E00072054",0,0,0
"E00072055",7,4,3
"E00072056",4,2,2
"E00072057",0,0,0
"E00072058",1,0,1
"E00072059",8,0,8
"E00072060",4,3,1
"E00072061",0,0,0
"E00072062",1,0,1
"E00072063",0,0,0
"E00072064",0,0,0
"E00072065",1,0,1
"E00072066",6,3,3
"E00072067",3,3,0
"E00072068",0,0,0
"E00072069",0,0,0
"E00072070",0,0,0
"E00072071",0,0,0
"E00072072",0,0,0
"E00072073",2,2,0
"E00072074",2,1,1
"E00072075",2,2,0
"E00072076",0,0,0
"E00072077",0,0,0
"E00072078",0,0,0
"E00072079",1,0,1
"E00072080",0,0,0
"E00072081",0,0,0
"E00072082",2,2,0
"E00072083",0,0,0
"E00072084",2,0,2
"E00072085",1,0,1
"E00072086",0,0,0
"E00072087",0,0,0
"E00072088",3,3,0
"E00072089",0,0,0
"E00072090",0,0,0
"E00072091",2,1,1
"E00072092",0,0,0
"E00072093",2,0,2
"E00072094",1,1,0
"E00072095",4,3,1
"E00072096",0,0,0
"E00072097",1,0,1
"E00072098",1,1,0
"E00072099",1,1,0
"E00072100",2,0,2
"E00072101",0,0,0
"E00072102",5,4,1
"E00072103",1,0,1
"E00072104",0,0,0
"E00072105",1,1,0
"E00072106",2,0,2
"E00072108",8,3,5
"E00072109",0,0,0
"E00072110",5,3,2
"E00072112",0,0,0
"E00072114",4,3,1
"E00072115",0,0,0
"E00072117",10,7,3
"E00072118",2,1,1
"E00072119",0,0,0
"E00072120",13,9,4
"E00072121",6,3,3
"E00072122",3,0,3
"E00072123",2,2,0
"E00072124",0,0,0
"E00072125",2,0,2
"E00072126",7,6,1
"E00072127",1,0,1
"E00072128",4,2,2
"E00072129",0,0,0
"E00072130",1,1,0
"E00072131",1,0,1
"E00072132",0,0,0
"E00072133",8,3,5
"E00072134",2,2,0
"E00072135",0,0,0
"E00072136",2,1,1
"E00072137",2,0,2
"E00072138",5,2,3
"E00072139",0,0,0
"E00072140",0,0,0
"E00072141",2,2,0
"E00072142",6,5,1
"E00072143",3,3,0
"E00072144",3,2,1
"E00072145",5,0,5
"E00072146",1,0,1
"E00072147",1,0,1
"E00072148",2,1,1
"E00072149",1,1,0
"E00072150",0,0,0
"E00072151",5,1,4
"E00072152",0,0,0
"E00072153",1,1,0
"E00072154",1,0,1
"E00072155",0,0,0
"E00072156",1,0,1
"E00072157",1,1,0
"E00072158",1,1,0
"E00072159",2,1,1
"E00072160",4,2,2
"E00072161",3,2,1
"E00072162",2,0,2
"E00072163",1,0,1
"E00072164",1,1,0
"E00072165",1,1,0
"E00072166",0,0,0
"E00072167",4,4,0
"E00072168",3,1,2
"E00072169",2,1,1
"E00072170",4,3,1
"E00072171",3,3,0
"E00072172",3,1,2
"E00072173",1,0,1
"E00072174",0,0,0
"E00072175",4,2,2
"E00072176",4,2,2
"E00072177",2,1,1
"E00072178",2,1,1
"E00072179",0,0,0
"E00072180",1,1,0
"E00072181",1,1,0
"E00072182",1,0,1
"E00072183",1,1,0
"E00072184",2,2,0
"E00072185",3,1,2
"E00072186",1,1,0
"E00072187",0,0,0
"E00072188",3,2,1
"E00072189",3,1,2
"E00072190",1,0,1
"E00072191",0,0,0
"E00072192",1,0,1
"E00072193",3,2,1
"E00072194",0,0,0
"E00072195",0,0,0
"E00072196",4,2,2
"E00072197",2,2,0
"E00072198",1,0,1
"E00072199",0,0,0
"E00072200",3,1,2
"E00072201",4,2,2
"E00072202",1,1,0
"E00072203",5,2,3
"E00072205",1,1,0
"E00072206",2,2,0
"E00072207",0,0,0
"E00072208",0,0,0
"E00072209",1,0,1
"E00072210",1,0,1
"E00072211",0,0,0
"E00072212",1,0,1
"E00072213",2,1,1
"E00072214",0,0,0
"E00072215",2,1,1
"E00072216",1,1,0
"E00072217",3,0,3
"E00072218",1,0,1
"E00072219",1,0,1
"E00072220",0,0,0
"E00072221",0,0,0
"E00072222",0,0,0
"E00072223",2,0,2
"E00072224",2,2,0
"E00072225",2,2,0
"E00072226",1,1,0
"E00072228",1,1,0
"E00072229",2,2,0
"E00072230",8,6,2
"E00072231",3,1,2
"E00072232",2,1,1
"E00072233",0,0,0
"E00072234",0,0,0
"E00072235",3,3,0
"E00072236",2,1,1
"E00072237",0,0,0
"E00072238",1,0,1
"E00072239",0,0,0
"E00072240",1,1,0
"E00072241",2,1,1
"E00072242",3,3,0
"E00072243",0,0,0
"E00072244",1,1,0
"E00072245",4,3,1
"E00072246",2,2,0
"E00072247",1,1,0
"E00072248",1,1,0
"E00072249",1,1,0
"E00072250",7,3,4
"E00072251",0,0,0
"E00072252",0,0,0
"E00072253",2,2,0
"E00072254",2,1,1
"E00072255",1,0,1
"E00072256",0,0,0
"E00072257",2,2,0
"E00072258",2,2,0
"E00072259",0,0,0
"E00072260",3,1,2
"E00072261",2,0,2
"E00072262",0,0,0
"E00072263",0,0,0
"E00072264",1,0,1
"E00072265",0,0,0
"E00072266",1,1,0
"E00072267",0,0,0
"E00072268",11,5,6
"E00072269",2,2,0
"E00072270",1,1,0
"E00072271",6,4,2
"E00072272",2,0,2
"E00072273",3,3,0
"E00072274",2,1,1
"E00072275",8,5,3
"E00072276",2,1,1
"E00072277",12,6,6
"E00072278",4,3,1
"E00072279",7,2,5
"E00072280",1,1,0
"E00072281",6,1,5
"E00072282",3,3,0
"E00072283",0,0,0
"E00072284",3,0,3
"E00072285",4,2,2
"E00072286",2,2,0
"E00072287",2,1,1
"E00072288",2,0,2
"E00072289",10,6,4
"E00072290",0,0,0
"E00072291",0,0,0
"E00072292",4,4,0
"E00072293",5,4,1
"E00072294",2,1,1
"E00072295",5,3,2
"E00072296",5,1,4
"E00072297",1,1,0
"E00072298",2,1,1
"E00072299",1,1,0
"E00072300",1,1,0
"E00072301",0,0,0
"E00072302",6,3,3
"E00072303",0,0,0
"E00072304",3,1,2
"E00072305",3,3,0
"E00072306",2,1,1
"E00072307",2,1,1
"E00072308",3,2,1
"E00072309",2,2,0
"E00072310",0,0,0
"E00072311",0,0,0
"E00072312",1,1,0
"E00072313",5,0,5
"E00072314",0,0,0
"E00072315",2,1,1
"E00072316",6,1,5
"E00072317",1,0,1
"E00072318",3,0,3
"E00072319",0,0,0
"E00072320",1,1,0
"E00072321",0,0,0
"E00072322",1,0,1
"E00072323",0,0,0
"E00072324",1,0,1
"E00072325",1,1,0
"E00072326",5,2,3
"E00072327",1,0,1
"E00072328",0,0,0
"E00072329",2,1,1
"E00072330",1,0,1
"E00072331",1,1,0
"E00072332",0,0,0
"E00072333",1,0,1
"E00072334",6,4,2
"E00072335",0,0,0
"E00072336",0,0,0
"E00072337",3,3,0
"E00072338",0,0,0
"E00072339",0,0,0
"E00072340",1,1,0
"E00072341",0,0,0
"E00072342",1,0,1
"E00072343",0,0,0
"E00072344",1,0,1
"E00072345",2,1,1
"E00072346",1,0,1
"E00072347",0,0,0
"E00072348",5,1,4
"E00072349",1,1,0
"E00072350",0,0,0
"E00072351",5,4,1
"E00072352",0,0,0
"E00072353",5,4,1
"E00072354",0,0,0
"E00072355",3,2,1
"E00072356",2,1,1
"E00072357",1,0,1
"E00072358",0,0,0
"E00072359",3,1,2
"E00072360",1,0,1
"E00072361",0,0,0
"E00072363",4,3,1
"E00072364",2,1,1
"E00072365",2,1,1
"E00072366",0,0,0
"E00072367",0,0,0
"E00072368",0,0,0
"E00072369",1,0,1
"E00072370",3,2,1
"E00072371",3,1,2
"E00072372",1,1,0
"E00072373",0,0,0
"E00072374",2,2,0
"E00072375",1,1,0
"E00072376",0,0,0
"E00072377",1,1,0
"E00072378",3,1,2
"E00072379",2,1,1
"E00072380",2,0,2
"E00072381",3,2,1
"E00072382",0,0,0
"E00072383",1,0,1
"E00072384",1,0,1
"E00072385",3,2,1
"E00072386",1,1,0
"E00072387",0,0,0
"E00072388",1,1,0
"E00072389",0,0,0
"E00072390",2,1,1
"E00072391",0,0,0
"E00072392",0,0,0
"E00072393",3,1,2
"E00072394",2,1,1
"E00072395",1,0,1
"E00072396",0,0,0
"E00072397",0,0,0
"E00072398",3,1,2
"E00072399",1,1,0
"E00072400",2,1,1
"E00072401",1,0,1
"E00072402",1,0,1
"E00072403",0,0,0
"E00072404",3,1,2
"E00072405",2,1,1
"E00072406",0,0,0
"E00072407",0,0,0
"E00072408",0,0,0
"E00072409",2,0,2
"E00072410",3,1,2
"E00072411",2,2,0
"E00072412",5,2,3
"E00072413",0,0,0
"E00072414",3,2,1
"E00072415",1,0,1
"E00072416",2,1,1
"E00072417",3,1,2
"E00072418",3,2,1
"E00072419",2,1,1
"E00072420",1,1,0
"E00072421",2,1,1
"E00072422",1,1,0
"E00072423",5,2,3
"E00072424",1,0,1
"E00072425",1,1,0
"E00072426",0,0,0
"E00072427",0,0,0
"E00072428",3,3,0
"E00072429",5,2,3
"E00072430",0,0,0
"E00072431",1,1,0
"E00072432",4,3,1
"E00072433",1,1,0
"E00072434",2,1,1
"E00072435",1,0,1
"E00072436",2,1,1
"E00072437",4,2,2
"E00072438",0,0,0
"E00072439",1,1,0
"E00072440",0,0,0
"E00072441",2,1,1
"E00072442",6,3,3
"E00072443",18,13,5
"E00072444",8,3,5
"E00072445",5,4,1
"E00072446",4,1,3
"E00072447",3,2,1
"E00072448",7,4,3
"E00072449",6,5,1
"E00072450",0,0,0
"E00072451",3,1,2
"E00072452",2,1,1
"E00072453",0,0,0
"E00072454",4,1,3
"E00072455",1,0,1
"E00072456",2,2,0
"E00072457",6,1,5
"E00072458",4,2,2
"E00072459",5,2,3
"E00072460",1,0,1
"E00072461",2,2,0
"E00072462",7,4,3
"E00072463",2,1,1
"E00072464",0,0,0
"E00072465",2,1,1
"E00072466",4,2,2
"E00072467",3,2,1
"E00072468",0,0,0
"E00072469",0,0,0
"E00072470",2,1,1
"E00072471",5,2,3
"E00072472",2,0,2
"E00072473",9,4,5
"E00072474",0,0,0
"E00072475",2,2,0
"E00072476",10,8,2
"E00072477",0,0,0
"E00072478",4,1,3
"E00072479",1,1,0
"E00072480",0,0,0
"E00072481",2,1,1
"E00072482",0,0,0
"E00072483",0,0,0
"E00072485",2,1,1
"E00072486",1,1,0
"E00072487",2,0,2
"E00072488",1,1,0
"E00072489",0,0,0
"E00072490",1,0,1
"E00072491",4,2,2
"E00072492",0,0,0
"E00072493",1,1,0
"E00072494",0,0,0
"E00072495",0,0,0
"E00072496",1,1,0
"E00072497",5,3,2
"E00072498",0,0,0
"E00072499",0,0,0
"E00072500",0,0,0
"E00072501",0,0,0
"E00072502",0,0,0
"E00072503",0,0,0
"E00072504",2,1,1
"E00072505",3,2,1
"E00072506",6,3,3
"E00072507",2,0,2
"E00072508",0,0,0
"E00072509",0,0,0
"E00072510",2,1,1
"E00072511",1,0,1
"E00072512",1,0,1
"E00072513",0,0,0
"E00072514",4,2,2
"E00072515",1,0,1
"E00072516",1,0,1
"E00072517",4,1,3
"E00072518",2,2,0
"E00072519",0,0,0
"E00072520",0,0,0
"E00072521",3,2,1
"E00072522",8,6,2
"E00072523",0,0,0
"E00072524",0,0,0
"E00072525",0,0,0
"E00072526",1,1,0
"E00072527",0,0,0
"E00072528",9,3,6
"E00072529",0,0,0
"E00072530",0,0,0
"E00072531",0,0,0
"E00072532",2,0,2
"E00072533",0,0,0
"E00072534",0,0,0
"E00072535",3,2,1
"E00072536",0,0,0
"E00072537",0,0,0
"E00072538",0,0,0
"E00072539",2,0,2
"E00072540",0,0,0
"E00072541",4,4,0
"E00072542",0,0,0
"E00072543",0,0,0
"E00072544",2,1,1
"E00072545",0,0,0
"E00072546",0,0,0
"E00072547",1,0,1
"E00072548",1,0,1
"E00072549",0,0,0
"E00072550",0,0,0
"E00072551",1,0,1
"E00072552",3,0,3
"E00072553",2,0,2
"E00072554",0,0,0
"E00072555",0,0,0
"E00072556",0,0,0
"E00072557",0,0,0
"E00072558",1,0,1
"E00072559",1,0,1
"E00072560",2,1,1
"E00072561",2,0,2
"E00072562",0,0,0
"E00072563",3,0,3
"E00072564",0,0,0
"E00072565",0,0,0
"E00072566",0,0,0
"E00072567",13,6,7
"E00072568",7,4,3
"E00072569",2,1,1
"E00072570",1,1,0
"E00072571",2,2,0
"E00072572",0,0,0
"E00072573",3,3,0
"E00072574",6,1,5
"E00072575",12,4,8
"E00072576",1,0,1
"E00072577",1,1,0
"E00072578",0,0,0
"E00072579",1,0,1
"E00072580",0,0,0
"E00072581",1,1,0
"E00072582",1,0,1
"E00072583",2,1,1
"E00072584",4,4,0
"E00072585",2,1,1
"E00072586",5,2,3
"E00072587",1,0,1
"E00072588",4,2,2
"E00072589",13,6,7
"E00072590",3,1,2
"E00072591",12,5,7
"E00072592",3,1,2
"E00072593",3,1,2
"E00072594",8,6,2
"E00072595",3,2,1
"E00072596",17,12,5
"E00072597",0,0,0
"E00072598",21,12,9
"E00072599",2,0,2
"E00072600",5,2,3
"E00072601",1,0,1
"E00072602",5,4,1
"E00072603",5,2,3
"E00072604",15,7,8
"E00072605",8,5,3
"E00072606",6,5,1
"E00072607",8,4,4
"E00072608",2,1,1
"E00072609",10,5,5
"E00072610",6,3,3
"E00072611",3,2,1
"E00072612",14,5,9
"E00072613",7,4,3
"E00072614",10,0,10
"E00072615",6,3,3
"E00072616",10,7,3
"E00072617",3,1,2
"E00072618",24,19,5
"E00072619",12,7,5
"E00072620",6,2,4
"E00072621",16,10,6
"E00072622",5,1,4
"E00072623",2,1,1
"E00072624",3,2,1
"E00072625",9,6,3
"E00072626",7,4,3
"E00072627",4,2,2
"E00072628",4,3,1
"E00072629",11,3,8
"E00072630",10,3,7
"E00072631",9,4,5
"E00072632",2,0,2
"E00072633",11,4,7
"E00072634",12,9,3
"E00072635",8,5,3
"E00072636",13,7,6
"E00072637",7,4,3
"E00072638",7,4,3
"E00072640",18,13,5
"E00072641",3,1,2
"E00072642",9,6,3
"E00072643",7,4,3
"E00072644",11,5,6
"E00072645",12,5,7
"E00072646",5,4,1
"E00072647",6,1,5
"E00072648",5,3,2
"E00072649",8,5,3
"E00072650",3,2,1
"E00072651",12,4,8
"E00072652",12,9,3
"E00072653",12,5,7
"E00072654",13,4,9
"E00072655",10,3,7
"E00072656",13,9,4
"E00072657",7,3,4
"E00072658",7,5,2
"E00072659",0,0,0
"E00072660",5,4,1
"E00072661",1,0,1
"E00072662",1,0,1
"E00072663",9,3,6
"E00072664",5,3,2
"E00072665",6,3,3
"E00072666",9,5,4
"E00072667",13,7,6
"E00072668",3,2,1
"E00072669",1,1,0
"E00072670",8,6,2
"E00072671",2,2,0
"E00072672",9,4,5
"E00072673",1,1,0
"E00072674",0,0,0
"E00072675",1,1,0
"E00072676",8,3,5
"E00072677",6,4,2
"E00072678",2,1,1
"E00072679",10,6,4
"E00072680",6,2,4
"E00072681",7,4,3
"E00072682",12,8,4
"E00072683",0,0,0
"E00072684",6,1,5
"E00072685",9,5,4
"E00072686",4,1,3
"E00072687",1,1,0
"E00072688",8,6,2
"E00072689",3,2,1
"E00072690",5,3,2
"E00072691",4,1,3
"E00072692",5,3,2
"E00072693",13,8,5
"E00072694",7,3,4
"E00072695",6,1,5
"E00072696",8,5,3
"E00072697",1,0,1
"E00072698",3,3,0
"E00072699",5,3,2
"E00072700",8,4,4
"E00072701",2,1,1
"E00072702",6,5,1
"E00072703",15,9,6
"E00072704",3,2,1
"E00072705",8,3,5
"E00072706",9,4,5
"E00072707",4,3,1
"E00072708",6,4,2
"E00072709",2,1,1
"E00072710",10,6,4
"E00072711",5,1,4
"E00072712",5,2,3
"E00072713",2,1,1
"E00072714",5,1,4
"E00072715",2,1,1
"E00072716",1,0,1
"E00072717",9,4,5
"E00072718",2,1,1
"E00072719",1,0,1
"E00072720",5,1,4
"E00072721",2,2,0
"E00072722",4,1,3
"E00072723",3,2,1
"E00072724",3,1,2
"E00072725",2,0,2
"E00072726",3,0,3
"E00072727",10,5,5
"E00072728",3,1,2
"E00072729",1,0,1
"E00072730",1,1,0
"E00072731",4,1,3
"E00072732",2,1,1
"E00072733",5,5,0
"E00072734",7,4,3
"E00072735",11,5,6
"E00072736",2,1,1
"E00072737",2,1,1
"E00072738",3,0,3
"E00072739",0,0,0
"E00072740",1,0,1
"E00072741",0,0,0
"E00072742",3,2,1
"E00072743",4,2,2
"E00072744",3,2,1
"E00072745",1,1,0
"E00072746",3,0,3
"E00072747",0,0,0
"E00072748",0,0,0
"E00072749",6,6,0
"E00072750",1,0,1
"E00072751",0,0,0
"E00072752",1,0,1
"E00072753",3,1,2
"E00072754",0,0,0
"E00072755",1,0,1
"E00072756",2,2,0
"E00072757",3,1,2
"E00072758",0,0,0
"E00072759",4,0,4
"E00072760",10,8,2
"E00072761",4,1,3
"E00072762",5,2,3
"E00072763",10,4,6
"E00072764",4,1,3
"E00072765",10,3,7
"E00072766",9,3,6
"E00072767",3,2,1
"E00072768",7,4,3
"E00072769",3,1,2
"E00072770",9,3,6
"E00072771",5,3,2
"E00072772",4,1,3
"E00072773",2,1,1
"E00072774",0,0,0
"E00072775",3,2,1
"E00072776",8,5,3
"E00072777",4,3,1
"E00072778",3,3,0
"E00072779",10,4,6
"E00072780",11,6,5
"E00072781",3,1,2
"E00072782",1,1,0
"E00072783",4,2,2
"E00072784",4,1,3
"E00072785",4,2,2
"E00072786",3,2,1
"E00072787",2,0,2
"E00072788",8,5,3
"E00072789",1,0,1
"E00072790",6,5,1
"E00072791",3,0,3
"E00072792",6,3,3
"E00072793",6,4,2
"E00072794",3,3,0
"E00072795",6,4,2
"E00072796",13,4,9
"E00072797",18,5,13
"E00072798",14,6,8
"E00072799",13,6,7
"E00072800",6,3,3
"E00072801",10,2,8
"E00072802",8,4,4
"E00072803",13,4,9
"E00072804",2,1,1
"E00072805",3,2,1
"E00072806",4,3,1
"E00072807",8,4,4
"E00072808",5,2,3
"E00072809",3,1,2
"E00072810",0,0,0
"E00072811",0,0,0
"E00072812",0,0,0
"E00072813",14,10,4
"E00072814",8,4,4
"E00072815",7,3,4
"E00072816",7,3,4
"E00072817",8,2,6
"E00072818",8,3,5
"E00072819",7,3,4
"E00072820",23,18,5
"E00072821",4,3,1
"E00072822",7,5,2
"E00072823",0,0,0
"E00072824",9,3,6
"E00072825",6,2,4
"E00072826",19,9,10
"E00072827",14,8,6
"E00072828",18,10,8
"E00072829",15,9,6
"E00072830",1,1,0
"E00072831",7,2,5
"E00072832",17,8,9
"E00072833",5,4,1
"E00072834",19,11,8
"E00072835",11,8,3
"E00072836",11,9,2
"E00072837",9,8,1
"E00072838",2,2,0
"E00072839",5,3,2
"E00072840",5,2,3
"E00072841",16,6,10
"E00072842",4,1,3
"E00072843",8,4,4
"E00072844",8,5,3
"E00072845",3,2,1
"E00072846",6,2,4
"E00072847",5,2,3
"E00072848",2,1,1
"E00072849",4,3,1
"E00072850",3,2,1
"E00072851",6,3,3
"E00072852",2,0,2
"E00072853",5,3,2
"E00072854",1,0,1
"E00072855",0,0,0
"E00072856",3,1,2
"E00072857",5,2,3
"E00072858",4,1,3
"E00072859",9,3,6
"E00072860",2,0,2
"E00072861",3,1,2
"E00072862",5,1,4
"E00072863",6,4,2
"E00072864",2,0,2
"E00072865",4,1,3
"E00072866",2,2,0
"E00072867",9,6,3
"E00072868",2,0,2
"E00072869",2,0,2
"E00072870",5,5,0
"E00072871",5,3,2
"E00072872",5,2,3
"E00072873",6,2,4
"E00072874",0,0,0
"E00072875",20,6,14
"E00072876",2,1,1
"E00072877",4,3,1
"E00072878",11,8,3
"E00072879",14,6,8
"E00072880",8,3,5
"E00072881",12,1,11
"E00072882",4,0,4
"E00072883",5,4,1
"E00072884",4,2,2
"E00072885",7,4,3
"E00072886",1,0,1
"E00072887",4,1,3
"E00072888",10,4,6
"E00072889",6,2,4
"E00072890",1,1,0
"E00072891",7,2,5
"E00072892",3,0,3
"E00072894",2,0,2
"E00072895",2,1,1
"E00072896",3,0,3
"E00072897",3,0,3
"E00072898",8,5,3
"E00072899",3,1,2
"E00072900",1,0,1
"E00072901",1,1,0
"E00072902",4,3,1
"E00072903",2,1,1
"E00072904",0,0,0
"E00072905",5,2,3
"E00072906",1,1,0
"E00072907",3,1,2
"E00072908",17,10,7
"E00072909",3,0,3
"E00072910",3,0,3
"E00072911",2,0,2
"E00072912",8,4,4
"E00072913",2,1,1
"E00072914",4,2,2
"E00072915",3,1,2
"E00072916",15,8,7
"E00072917",5,3,2
"E00072918",2,1,1
"E00072919",5,2,3
"E00072920",3,1,2
"E00072921",0,0,0
"E00072922",3,2,1
"E00072923",4,1,3
"E00072924",1,0,1
"E00072925",2,2,0
"E00072926",1,0,1
"E00072927",4,3,1
"E00072928",5,2,3
"E00072930",4,3,1
"E00072931",2,1,1
"E00072932",2,0,2
"E00072933",0,0,0
"E00072934",2,1,1
"E00072935",2,2,0
"E00072936",2,0,2
"E00072937",1,1,0
"E00072938",6,3,3
"E00072940",3,0,3
"E00072941",3,2,1
"E00072942",4,2,2
"E00072943",6,4,2
"E00072944",0,0,0
"E00072945",3,1,2
"E00072946",1,1,0
"E00072947",3,2,1
"E00072948",11,7,4
"E00072949",1,0,1
"E00072950",4,2,2
"E00072951",3,2,1
"E00072952",3,2,1
"E00072953",5,2,3
"E00072954",1,1,0
"E00072955",7,6,1
"E00072956",10,4,6
"E00072957",6,2,4
"E00072958",3,1,2
"E00072959",4,3,1
"E00072960",1,0,1
"E00072961",0,0,0
"E00072962",6,3,3
"E00072963",2,2,0
"E00072964",0,0,0
"E00072965",4,2,2
"E00072966",7,5,2
"E00072967",3,1,2
"E00072968",1,0,1
"E00072969",4,3,1
"E00072970",0,0,0
"E00072971",1,0,1
"E00072972",2,1,1
"E00072973",5,2,3
"E00072974",1,1,0
"E00072975",2,1,1
"E00072976",1,1,0
"E00072977",3,0,3
"E00072978",10,4,6
"E00072979",1,0,1
"E00072980",1,0,1
"E00072981",1,0,1
"E00072982",8,4,4
"E00072983",3,2,1
"E00072984",4,4,0
"E00072985",6,3,3
"E00072986",4,3,1
"E00072987",4,2,2
"E00072988",11,7,4
"E00072989",4,2,2
"E00072990",13,7,6
"E00072991",4,3,1
"E00072992",4,1,3
"E00072993",3,2,1
"E00072994",5,1,4
"E00072995",2,2,0
"E00072996",7,4,3
"E00072997",6,3,3
"E00072998",4,1,3
"E00072999",11,4,7
"E00073000",17,7,10
"E00073001",7,5,2
"E00073002",4,1,3
"E00073003",4,0,4
"E00073004",1,1,0
"E00073005",1,1,0
"E00073006",5,2,3
"E00073007",3,2,1
"E00073008",3,2,1
"E00073009",2,1,1
"E00073010",0,0,0
"E00073011",1,0,1
"E00073012",3,2,1
"E00073013",7,7,0
"E00073014",9,5,4
"E00073015",4,2,2
"E00073016",0,0,0
"E00073017",3,2,1
"E00073018",2,0,2
"E00073019",0,0,0
"E00073020",2,1,1
"E00073021",3,1,2
"E00073022",7,4,3
"E00073023",5,1,4
"E00073024",2,1,1
"E00073025",4,3,1
"E00073026",3,1,2
"E00073027",1,1,0
"E00073028",2,1,1
"E00073029",6,3,3
"E00073030",3,2,1
"E00073031",1,1,0
"E00073032",2,1,1
"E00073033",0,0,0
"E00073034",0,0,0
"E00073035",1,1,0
"E00073036",0,0,0
"E00073037",0,0,0
"E00073038",3,1,2
"E00073039",2,1,1
"E00073040",0,0,0
"E00073041",2,2,0
"E00073042",3,1,2
"E00073043",1,0,1
"E00073044",0,0,0
"E00073045",5,2,3
"E00073046",5,2,3
"E00073047",1,0,1
"E00073048",1,0,1
"E00073049",13,8,5
"E00073050",2,0,2
"E00073051",3,1,2
"E00073052",2,2,0
"E00073053",3,2,1
"E00073054",6,1,5
"E00073055",6,5,1
"E00073056",2,1,1
"E00073057",3,2,1
"E00073058",4,3,1
"E00073059",3,1,2
"E00073060",7,4,3
"E00073061",0,0,0
"E00073062",2,2,0
"E00073063",0,0,0
"E00073064",4,1,3
"E00073065",3,1,2
"E00073066",1,0,1
"E00073067",0,0,0
"E00073068",6,3,3
"E00073069",2,2,0
"E00073070",11,6,5
"E00073071",7,1,6
"E00073072",0,0,0
"E00073073",4,1,3
"E00073074",3,1,2
"E00073075",2,1,1
"E00073076",3,0,3
"E00073077",0,0,0
"E00073078",6,2,4
"E00073079",4,2,2
"E00073080",3,2,1
"E00073081",1,0,1
"E00073082",5,0,5
"E00073083",6,2,4
"E00073084",1,0,1
"E00073085",5,3,2
"E00073086",2,1,1
"E00073087",1,0,1
"E00073088",3,2,1
"E00073090",2,0,2
"E00073091",1,0,1
"E00073092",0,0,0
"E00073093",6,3,3
"E00073094",2,1,1
"E00073095",5,1,4
"E00073096",4,0,4
"E00073097",4,2,2
"E00073098",3,2,1
"E00073099",2,2,0
"E00073100",2,0,2
"E00073101",2,1,1
"E00073102",1,1,0
"E00073103",3,2,1
"E00073104",7,4,3
"E00073105",6,4,2
"E00073106",4,1,3
"E00073107",6,4,2
"E00073108",3,1,2
"E00073109",2,0,2
"E00073110",0,0,0
"E00073111",2,1,1
"E00073112",1,0,1
"E00073113",10,4,6
"E00073114",10,6,4
"E00073115",10,5,5
"E00073116",5,4,1
"E00073117",9,4,5
"E00073118",13,9,4
"E00073119",8,5,3
"E00073120",2,2,0
"E00073121",3,1,2
"E00073122",3,2,1
"E00073123",3,0,3
"E00073124",8,3,5
"E00073125",8,5,3
"E00073126",0,0,0
"E00073127",4,0,4
"E00073128",8,5,3
"E00073129",4,1,3
"E00073130",4,3,1
"E00073131",2,0,2
"E00073132",5,3,2
"E00073133",3,0,3
"E00073134",11,6,5
"E00073135",14,6,8
"E00073136",18,9,9
"E00073137",11,6,5
"E00073138",6,5,1
"E00073139",4,3,1
"E00073140",8,4,4
"E00073141",8,4,4
"E00073142",11,8,3
"E00073143",3,1,2
"E00073144",1,1,0
"E00073145",4,2,2
"E00073146",6,4,2
"E00073147",4,1,3
"E00073148",0,0,0
"E00073150",3,2,1
"E00073152",4,3,1
"E00073153",6,4,2
"E00073154",10,6,4
"E00073155",9,4,5
"E00073156",1,1,0
"E00073157",8,6,2
"E00073158",2,1,1
"E00073159",12,9,3
"E00073160",3,1,2
"E00073161",2,0,2
"E00073162",5,2,3
"E00073163",13,6,7
"E00073164",2,1,1
"E00073165",6,3,3
"E00073166",2,1,1
"E00073167",0,0,0
"E00073168",2,2,0
"E00073169",6,3,3
"E00073170",6,2,4
"E00073171",1,1,0
"E00073172",2,0,2
"E00073173",6,3,3
"E00073174",9,4,5
"E00073176",0,0,0
"E00073177",3,1,2
"E00073178",6,3,3
"E00073179",0,0,0
"E00073181",6,5,1
"E00073182",2,2,0
"E00073183",3,1,2
"E00073184",0,0,0
"E00073185",3,1,2
"E00073186",4,2,2
"E00073187",1,1,0
"E00073188",1,0,1
"E00073189",1,0,1
"E00073190",1,0,1
"E00073191",1,0,1
"E00073192",0,0,0
"E00073193",4,3,1
"E00073194",2,1,1
"E00073195",8,3,5
"E00073196",1,0,1
"E00073197",1,0,1
"E00073198",0,0,0
"E00073199",1,0,1
"E00073200",3,1,2
"E00073201",1,0,1
"E00073202",0,0,0
"E00073203",2,2,0
"E00073204",2,2,0
"E00073205",8,4,4
"E00073206",2,1,1
"E00073207",2,2,0
"E00073208",1,1,0
"E00073209",0,0,0
"E00073210",1,0,1
"E00073211",3,0,3
"E00073212",3,1,2
"E00073213",0,0,0
"E00073214",1,0,1
"E00073215",0,0,0
"E00073216",1,1,0
"E00073217",0,0,0
"E00073218",1,1,0
"E00073219",3,1,2
"E00073220",0,0,0
"E00073221",1,0,1
"E00073222",3,1,2
"E00073223",0,0,0
"E00073224",1,0,1
"E00073225",1,0,1
"E00073226",0,0,0
"E00073227",0,0,0
"E00073228",0,0,0
"E00073229",3,2,1
"E00073230",3,0,3
"E00073231",0,0,0
"E00073232",1,1,0
"E00073233",4,1,3
"E00073234",5,1,4
"E00073236",1,1,0
"E00073237",1,1,0
"E00073238",2,0,2
"E00073239",3,2,1
"E00073240",4,2,2
"E00073241",1,0,1
"E00073242",4,4,0
"E00073243",0,0,0
"E00073245",1,1,0
"E00073246",0,0,0
"E00073247",2,2,0
"E00073248",0,0,0
"E00073249",2,1,1
"E00073250",1,1,0
"E00073251",0,0,0
"E00073252",0,0,0
"E00073253",0,0,0
"E00073254",3,1,2
"E00073255",1,0,1
"E00073256",3,3,0
"E00073257",1,0,1
"E00073258",1,0,1
"E00073259",1,1,0
"E00073260",5,3,2
"E00073261",2,1,1
"E00073262",0,0,0
"E00073263",8,3,5
"E00073264",10,7,3
"E00073265",7,5,2
"E00073266",1,1,0
"E00073267",4,1,3
"E00073268",1,0,1
"E00073269",3,1,2
"E00073270",6,2,4
"E00073271",0,0,0
"E00073272",0,0,0
"E00073273",6,1,5
"E00073274",0,0,0
"E00073276",1,1,0
"E00073277",6,3,3
"E00073278",6,2,4
"E00073279",5,2,3
"E00073280",12,5,7
"E00073281",10,5,5
"E00073282",6,5,1
"E00073283",8,5,3
"E00073284",0,0,0
"E00073285",4,2,2
"E00073286",8,5,3
"E00073287",6,4,2
"E00073288",11,8,3
"E00073289",5,3,2
"E00073290",12,6,6
"E00073291",6,3,3
"E00073292",10,5,5
"E00073293",3,1,2
"E00073294",0,0,0
"E00073295",4,1,3
"E00073296",5,1,4
"E00073297",5,4,1
"E00073298",0,0,0
"E00073299",3,1,2
"E00073300",4,2,2
"E00073301",6,4,2
"E00073302",1,1,0
"E00073303",1,0,1
"E00073304",1,0,1
"E00073305",2,2,0
"E00073306",0,0,0
"E00073307",0,0,0
"E00073308",0,0,0
"E00073309",1,1,0
"E00073310",1,0,1
"E00073311",0,0,0
"E00073312",2,1,1
"E00073313",0,0,0
"E00073314",0,0,0
"E00073315",0,0,0
"E00073316",0,0,0
"E00073317",3,2,1
"E00073318",0,0,0
"E00073319",0,0,0
"E00073320",1,0,1
"E00073321",1,0,1
"E00073322",0,0,0
"E00073323",1,0,1
"E00073324",5,2,3
"E00073325",2,1,1
"E00073326",0,0,0
"E00073327",1,1,0
"E00073328",4,3,1
"E00073329",2,1,1
"E00073330",1,0,1
"E00073331",4,0,4
"E00073332",0,0,0
"E00073333",0,0,0
"E00073334",2,1,1
"E00073335",4,1,3
"E00073336",8,3,5
"E00073337",0,0,0
"E00073338",3,2,1
"E00073339",3,0,3
"E00073340",0,0,0
"E00073341",2,1,1
"E00073342",4,2,2
"E00073343",2,1,1
"E00073344",0,0,0
"E00073345",0,0,0
"E00073346",0,0,0
"E00073347",0,0,0
"E00073348",1,0,1
"E00073349",4,1,3
"E00073350",3,2,1
"E00073351",1,0,1
"E00073352",0,0,0
"E00073353",5,3,2
"E00073354",2,2,0
"E00073355",0,0,0
"E00073356",4,3,1
"E00073357",4,1,3
"E00073358",3,1,2
"E00073359",3,0,3
"E00073360",0,0,0
"E00073361",0,0,0
"E00073362",2,1,1
"E00073363",2,2,0
"E00073364",2,0,2
"E00073365",1,1,0
"E00073366",1,1,0
"E00073367",2,0,2
"E00073368",1,1,0
"E00073369",1,0,1
"E00073370",1,0,1
"E00073371",0,0,0
"E00073372",7,4,3
"E00073373",2,2,0
"E00073374",4,3,1
"E00073375",3,1,2
"E00073376",2,1,1
"E00073377",3,0,3
"E00073378",1,1,0
"E00073379",0,0,0
"E00073380",1,1,0
"E00073381",3,2,1
"E00073382",4,2,2
"E00073383",0,0,0
"E00073384",6,4,2
"E00073385",1,0,1
"E00073386",0,0,0
"E00073387",3,2,1
"E00073388",0,0,0
"E00073389",0,0,0
"E00073390",0,0,0
"E00073391",4,1,3
"E00073392",0,0,0
"E00073393",5,3,2
"E00073394",2,2,0
"E00073395",1,1,0
"E00073396",3,2,1
"E00073397",0,0,0
"E00073398",0,0,0
"E00073399",1,0,1
"E00073400",0,0,0
"E00073401",3,1,2
"E00073402",1,1,0
"E00073403",2,0,2
"E00073404",2,2,0
"E00073405",3,3,0
"E00073406",2,1,1
"E00073407",0,0,0
"E00073408",1,1,0
"E00073409",3,2,1
"E00073410",1,1,0
"E00073411",0,0,0
"E00073412",8,6,2
"E00073413",3,2,1
"E00073414",3,1,2
"E00073415",1,1,0
"E00073416",2,2,0
"E00073417",2,0,2
"E00073419",0,0,0
"E00073420",6,4,2
"E00073421",9,7,2
"E00073422",1,0,1
"E00073423",2,0,2
"E00073424",5,2,3
"E00073425",4,3,1
"E00073426",0,0,0
"E00073431",6,3,3
"E00073432",0,0,0
"E00073433",6,3,3
"E00073436",6,2,4
"E00073437",1,0,1
"E00073438",7,3,4
"E00073439",1,0,1
"E00073440",8,3,5
"E00073441",2,1,1
"E00073442",10,5,5
"E00073443",8,3,5
"E00073444",4,2,2
"E00073445",0,0,0
"E00073446",6,3,3
"E00073447",4,2,2
"E00073448",2,2,0
"E00073449",2,0,2
"E00073450",3,1,2
"E00073451",5,4,1
"E00073452",0,0,0
"E00073453",5,3,2
"E00073454",7,3,4
"E00073455",9,4,5
"E00073456",2,1,1
"E00073457",1,1,0
"E00073458",10,7,3
"E00073461",2,1,1
"E00073462",3,1,2
"E00073463",0,0,0
"E00073464",18,6,12
"E00073465",6,4,2
"E00073466",4,1,3
"E00073467",3,1,2
"E00073468",7,3,4
"E00073469",1,0,1
"E00073470",4,2,2
"E00073471",0,0,0
"E00073472",3,2,1
"E00073473",4,1,3
"E00073474",6,1,5
"E00073476",3,0,3
"E00073477",5,3,2
"E00073478",0,0,0
"E00073479",13,5,8
"E00073480",4,1,3
"E00073481",9,3,6
"E00073482",7,2,5
"E00073483",0,0,0
"E00073484",3,1,2
"E00073485",0,0,0
"E00073486",0,0,0
"E00073487",2,1,1
"E00073488",1,1,0
"E00073489",7,5,2
"E00073490",2,2,0
"E00073491",5,1,4
"E00073492",6,2,4
"E00073493",6,5,1
"E00073494",2,0,2
"E00073495",3,1,2
"E00073496",6,4,2
"E00073497",0,0,0
"E00073498",9,3,6
"E00073499",4,2,2
"E00073500",4,2,2
"E00073501",6,4,2
"E00073502",9,6,3
"E00073503",2,0,2
"E00073504",6,2,4
"E00073505",0,0,0
"E00073506",2,0,2
"E00073507",3,2,1
"E00073508",2,0,2
"E00073509",5,1,4
"E00073510",4,2,2
"E00073511",3,1,2
"E00073512",10,6,4
"E00073513",3,2,1
"E00073514",8,4,4
"E00073515",5,2,3
"E00073516",2,0,2
"E00073517",3,2,1
"E00073518",4,1,3
"E00073519",5,1,4
"E00073520",0,0,0
"E00073521",1,1,0
"E00073522",7,5,2
"E00073523",5,3,2
"E00073524",3,2,1
"E00073525",8,2,6
"E00073526",3,1,2
"E00073527",14,14,0
"E00073528",1,0,1
"E00073529",1,0,1
"E00073530",7,4,3
"E00073531",5,3,2
"E00073532",8,3,5
"E00073533",20,11,9
"E00073534",1,0,1
"E00073535",3,3,0
"E00073536",3,1,2
"E00073537",8,6,2
"E00073538",12,4,8
"E00073539",4,3,1
"E00073540",4,3,1
"E00073541",4,2,2
"E00073542",3,1,2
"E00073543",1,0,1
"E00073544",6,4,2
"E00073545",3,0,3
"E00073546",1,0,1
"E00073547",0,0,0
"E00073548",0,0,0
"E00073549",4,0,4
"E00073550",2,1,1
"E00073551",4,1,3
"E00073552",6,4,2
"E00073553",1,0,1
"E00073554",3,2,1
"E00073555",2,1,1
"E00073556",2,2,0
"E00073557",21,8,13
"E00073558",10,4,6
"E00073559",2,0,2
"E00073560",0,0,0
"E00073561",4,1,3
"E00073562",2,1,1
"E00073563",9,2,7
"E00073564",3,1,2
"E00073565",3,3,0
"E00073566",4,3,1
"E00073567",2,1,1
"E00073568",1,1,0
"E00073569",1,0,1
"E00073570",3,2,1
"E00073571",0,0,0
"E00073572",1,0,1
"E00073573",1,1,0
"E00073574",0,0,0
"E00073575",2,1,1
"E00073576",6,4,2
"E00073577",1,0,1
"E00073578",4,3,1
"E00073579",0,0,0
"E00073580",1,1,0
"E00073581",4,2,2
"E00073582",1,1,0
"E00073583",3,3,0
"E00073584",0,0,0
"E00073585",1,0,1
"E00073586",1,1,0
"E00073587",1,1,0
"E00073588",0,0,0
"E00073589",0,0,0
"E00073590",1,0,1
"E00073591",0,0,0
"E00073592",1,1,0
"E00073593",3,0,3
"E00073594",4,2,2
"E00073595",1,0,1
"E00073596",2,1,1
"E00073597",4,2,2
"E00073598",1,0,1
"E00073599",0,0,0
"E00073600",7,3,4
"E00073601",2,0,2
"E00073602",5,3,2
"E00073603",6,3,3
"E00073604",11,6,5
"E00073605",0,0,0
"E00073606",8,6,2
"E00073607",0,0,0
"E00073608",1,0,1
"E00073609",5,3,2
"E00073611",9,9,0
"E00073612",1,1,0
"E00073613",0,0,0
"E00073614",0,0,0
"E00073615",2,0,2
"E00073616",1,0,1
"E00073617",1,0,1
"E00073618",8,4,4
"E00073619",6,2,4
"E00073620",2,1,1
"E00073621",12,6,6
"E00073622",6,2,4
"E00073623",3,1,2
"E00073624",1,0,1
"E00073625",7,3,4
"E00073626",5,2,3
"E00073627",6,4,2
"E00073628",0,0,0
"E00073629",11,5,6
"E00073630",0,0,0
"E00073631",9,3,6
"E00073632",3,0,3
"E00073633",0,0,0
"E00073634",3,2,1
"E00073635",6,2,4
"E00073636",3,2,1
"E00073637",0,0,0
"E00073638",0,0,0
"E00073639",3,0,3
"E00073640",4,2,2
"E00073641",2,1,1
"E00073642",3,2,1
"E00073643",1,0,1
"E00073644",8,3,5
"E00073645",0,0,0
"E00073646",2,1,1
"E00073647",0,0,0
"E00073648",5,3,2
"E00073649",6,3,3
"E00073650",0,0,0
"E00073651",4,1,3
"E00073652",1,1,0
"E00073653",2,0,2
"E00073654",1,0,1
"E00073655",3,3,0
"E00073656",2,0,2
"E00073657",1,0,1
"E00073658",4,2,2
"E00073659",2,2,0
"E00073660",1,1,0
"E00073661",2,2,0
"E00073662",0,0,0
"E00073663",1,0,1
"E00073664",2,1,1
"E00073665",2,1,1
"E00073666",5,2,3
"E00073667",2,2,0
"E00073668",4,2,2
"E00073669",0,0,0
"E00073670",3,3,0
"E00073671",1,1,0
"E00073672",0,0,0
"E00073673",0,0,0
"E00073674",2,1,1
"E00073675",4,3,1
"E00073676",5,2,3
"E00073677",7,3,4
"E00073678",0,0,0
"E00073679",0,0,0
"E00073680",0,0,0
"E00073681",0,0,0
"E00073682",2,1,1
"E00073683",2,1,1
"E00073684",6,3,3
"E00073685",0,0,0
"E00073686",2,1,1
"E00073688",5,3,2
"E00073689",0,0,0
"E00073690",3,0,3
"E00073691",5,2,3
"E00073692",1,0,1
"E00073693",4,2,2
"E00073694",0,0,0
"E00073695",1,0,1
"E00073696",3,2,1
"E00073697",5,4,1
"E00073698",2,0,2
"E00073699",0,0,0
"E00073700",2,2,0
"E00073701",4,1,3
"E00073702",2,0,2
"E00073703",4,2,2
"E00073704",5,1,4
"E00073705",3,1,2
"E00073706",0,0,0
"E00073707",2,2,0
"E00073708",0,0,0
"E00073709",0,0,0
"E00073710",1,0,1
"E00073711",0,0,0
"E00073712",1,0,1
"E00073713",0,0,0
"E00073714",0,0,0
"E00073715",1,0,1
"E00073716",3,2,1
"E00073717",1,0,1
"E00073718",1,0,1
"E00073719",0,0,0
"E00073720",2,1,1
"E00073721",1,0,1
"E00073722",0,0,0
"E00073723",0,0,0
"E00073724",2,2,0
"E00073725",1,1,0
"E00073726",0,0,0
"E00073727",0,0,0
"E00073728",0,0,0
"E00073729",0,0,0
"E00073730",2,0,2
"E00073731",2,2,0
"E00073732",1,1,0
"E00073733",0,0,0
"E00073734",3,1,2
"E00073735",0,0,0
"E00073736",0,0,0
"E00073737",0,0,0
"E00073738",0,0,0
"E00073739",3,0,3
"E00073740",4,1,3
"E00073741",1,1,0
"E00073742",0,0,0
"E00073743",3,3,0
"E00073744",0,0,0
"E00073745",5,2,3
"E00073746",2,1,1
"E00073747",3,2,1
"E00073748",0,0,0
"E00073749",1,0,1
"E00073750",4,1,3
"E00073751",0,0,0
"E00073752",5,2,3
"E00073754",1,0,1
"E00073755",0,0,0
"E00073756",0,0,0
"E00073757",5,3,2
"E00073758",1,1,0
"E00073759",1,1,0
"E00073760",2,2,0
"E00073761",2,1,1
"E00073762",8,3,5
"E00073763",0,0,0
"E00073764",1,1,0
"E00073765",4,2,2
"E00073766",2,2,0
"E00073767",1,0,1
"E00073768",1,0,1
"E00073769",2,2,0
"E00073770",2,2,0
"E00073771",0,0,0
"E00073772",1,1,0
"E00073773",1,1,0
"E00073774",0,0,0
"E00073775",0,0,0
"E00073776",0,0,0
"E00073777",2,1,1
"E00073778",0,0,0
"E00073779",2,2,0
"E00073780",0,0,0
"E00073781",1,0,1
"E00073782",3,3,0
"E00073783",0,0,0
"E00073784",2,0,2
"E00073785",1,0,1
"E00073786",3,1,2
"E00073787",3,1,2
"E00073788",2,2,0
"E00073789",0,0,0
"E00073790",2,2,0
"E00073791",0,0,0
"E00073792",3,2,1
"E00073793",2,1,1
"E00073794",3,2,1
"E00073795",1,1,0
"E00073796",0,0,0
"E00073797",3,1,2
"E00073798",0,0,0
"E00073799",0,0,0
"E00073800",2,1,1
"E00073801",2,2,0
"E00073802",0,0,0
"E00073803",1,0,1
"E00073804",0,0,0
"E00073805",0,0,0
"E00073806",4,2,2
"E00073807",1,0,1
"E00073808",0,0,0
"E00073809",1,1,0
"E00073810",0,0,0
"E00073811",0,0,0
"E00073812",0,0,0
"E00073813",1,1,0
"E00073814",1,0,1
"E00073815",2,1,1
"E00073816",0,0,0
"E00073817",2,1,1
"E00073818",7,3,4
"E00073819",7,3,4
"E00073820",14,10,4
"E00073821",3,1,2
"E00073822",4,3,1
"E00073823",4,2,2
"E00073824",14,7,7
"E00073825",10,4,6
"E00073826",9,1,8
"E00073827",9,4,5
"E00073828",6,3,3
"E00073829",6,2,4
"E00073830",5,3,2
"E00073831",6,3,3
"E00073832",9,7,2
"E00073833",8,4,4
"E00073834",3,1,2
"E00073835",2,2,0
"E00073836",2,2,0
"E00073837",1,1,0
"E00073838",7,6,1
"E00073839",8,5,3
"E00073840",9,2,7
"E00073841",7,1,6
"E00073842",12,7,5
"E00073843",9,4,5
"E00073844",4,1,3
"E00073845",13,11,2
"E00073846",4,1,3
"E00073847",2,0,2
"E00073848",7,4,3
"E00073849",11,7,4
"E00073850",17,9,8
"E00073851",3,1,2
"E00073852",2,0,2
"E00073853",2,2,0
"E00073854",5,1,4
"E00073855",0,0,0
"E00073856",0,0,0
"E00073857",1,1,0
"E00073858",0,0,0
"E00073859",4,2,2
"E00073860",0,0,0
"E00073861",1,0,1
"E00073862",2,1,1
"E00073864",4,2,2
"E00073865",4,2,2
"E00073866",2,1,1
"E00073867",2,1,1
"E00073868",2,2,0
"E00073869",5,2,3
"E00073870",1,1,0
"E00073871",0,0,0
"E00073872",2,2,0
"E00073873",2,2,0
"E00073874",2,1,1
"E00073875",3,2,1
"E00073876",2,1,1
"E00073877",5,2,3
"E00073878",0,0,0
"E00073879",4,3,1
"E00073880",3,0,3
"E00073881",1,0,1
"E00073882",3,3,0
"E00073883",2,0,2
"E00073884",0,0,0
"E00073885",1,1,0
"E00073886",0,0,0
"E00073887",2,2,0
"E00073888",3,2,1
"E00073889",0,0,0
"E00073890",1,0,1
"E00073891",2,0,2
"E00073892",1,1,0
"E00073893",5,4,1
"E00073894",0,0,0
"E00073895",1,1,0
"E00073896",5,3,2
"E00073897",1,0,1
"E00073898",0,0,0
"E00073899",1,0,1
"E00073900",4,1,3
"E00073901",4,1,3
"E00073902",0,0,0
"E00073903",4,3,1
"E00073904",3,3,0
"E00073905",4,3,1
"E00073906",6,3,3
"E00073907",5,3,2
"E00073908",2,1,1
"E00073909",0,0,0
"E00073910",1,0,1
"E00073911",1,1,0
"E00073912",3,1,2
"E00073913",0,0,0
"E00073914",0,0,0
"E00073915",3,2,1
"E00073916",3,0,3
"E00073917",6,3,3
"E00073918",4,3,1
"E00073919",1,1,0
"E00073921",0,0,0
"E00073922",0,0,0
"E00073923",8,5,3
"E00073925",3,1,2
"E00073926",4,3,1
"E00073927",5,3,2
"E00073928",3,1,2
"E00073929",5,2,3
"E00073930",7,6,1
"E00073931",0,0,0
"E00073932",6,2,4
"E00073933",1,1,0
"E00073934",4,1,3
"E00073935",8,6,2
"E00073936",0,0,0
"E00073937",2,2,0
"E00073938",3,1,2
"E00073939",2,2,0
"E00073940",0,0,0
"E00073941",3,1,2
"E00073942",0,0,0
"E00073943",1,1,0
"E00073944",0,0,0
"E00073945",5,4,1
"E00073946",7,2,5
"E00073947",0,0,0
"E00073948",1,1,0
"E00073949",0,0,0
"E00073950",4,1,3
"E00073951",1,1,0
"E00073952",2,2,0
"E00073953",0,0,0
"E00073954",0,0,0
"E00073955",7,4,3
"E00073956",4,1,3
"E00073957",1,1,0
"E00073958",3,1,2
"E00073959",3,0,3
"E00073960",10,3,7
"E00073961",4,1,3
"E00073962",2,2,0
"E00073963",0,0,0
"E00073964",0,0,0
"E00073965",0,0,0
"E00073966",0,0,0
"E00073967",1,1,0
"E00073968",10,6,4
"E00073969",0,0,0
"E00073970",5,4,1
"E00073971",4,3,1
"E00073972",8,4,4
"E00073973",1,0,1
"E00073974",2,1,1
"E00073975",4,3,1
"E00073976",4,3,1
"E00073977",0,0,0
"E00073978",0,0,0
"E00073979",1,1,0
"E00073980",1,0,1
"E00073981",0,0,0
"E00073982",7,6,1
"E00073983",6,3,3
"E00073984",6,4,2
"E00073985",0,0,0
"E00073986",1,1,0
"E00073987",1,0,1
"E00073988",3,0,3
"E00073989",1,0,1
"E00073990",1,0,1
"E00073991",1,0,1
"E00073992",3,0,3
"E00073993",2,1,1
"E00073994",1,0,1
"E00073995",2,2,0
"E00073996",4,2,2
"E00073997",3,2,1
"E00073998",1,1,0
"E00073999",3,2,1
"E00074000",0,0,0
"E00074001",5,2,3
"E00074002",0,0,0
"E00074003",0,0,0
"E00074006",2,2,0
"E00074007",0,0,0
"E00074008",0,0,0
"E00074009",2,1,1
"E00074010",4,2,2
"E00074011",0,0,0
"E00074012",7,3,4
"E00074013",7,3,4
"E00074014",0,0,0
"E00074016",0,0,0
"E00074018",9,2,7
"E00074019",1,0,1
"E00074020",3,1,2
"E00074021",2,0,2
"E00074022",3,2,1
"E00074023",3,0,3
"E00074024",2,0,2
"E00074025",0,0,0
"E00074026",2,0,2
"E00074027",2,1,1
"E00074028",3,1,2
"E00074029",1,1,0
"E00074030",0,0,0
"E00074032",1,1,0
"E00074033",2,1,1
"E00074034",2,1,1
"E00074037",0,0,0
"E00074038",1,0,1
"E00074040",1,1,0
"E00074041",5,2,3
"E00074042",1,1,0
"E00074044",2,2,0
"E00074045",0,0,0
"E00074046",0,0,0
"E00074047",2,0,2
"E00074048",1,0,1
"E00074049",3,2,1
"E00074050",0,0,0
"E00074051",2,1,1
"E00074052",6,3,3
"E00074053",1,0,1
"E00074054",0,0,0
"E00074055",3,1,2
"E00074056",4,4,0
"E00074057",0,0,0
"E00074058",3,1,2
"E00074060",8,3,5
"E00074061",9,1,8
"E00074062",1,1,0
"E00074063",5,4,1
"E00074064",1,0,1
"E00074065",2,2,0
"E00074066",5,4,1
"E00074067",0,0,0
"E00074068",2,2,0
"E00074069",0,0,0
"E00074070",1,0,1
"E00074071",2,2,0
"E00074072",1,1,0
"E00074073",1,1,0
"E00074074",0,0,0
"E00074075",3,1,2
"E00074076",2,1,1
"E00074077",0,0,0
"E00074078",3,1,2
"E00074079",13,6,7
"E00074080",5,4,1
"E00074081",4,1,3
"E00074082",9,4,5
"E00074083",6,3,3
"E00074084",2,1,1
"E00074085",6,2,4
"E00074086",8,3,5
"E00074087",12,5,7
"E00074088",2,1,1
"E00074089",6,2,4
"E00074090",7,5,2
"E00074091",4,2,2
"E00074092",3,1,2
"E00074093",6,3,3
"E00074094",11,8,3
"E00074095",7,3,4
"E00074096",3,1,2
"E00074097",8,3,5
"E00074098",15,6,9
"E00074099",2,1,1
"E00074100",11,5,6
"E00074101",0,0,0
"E00074102",14,7,7
"E00074103",10,8,2
"E00074104",4,3,1
"E00074105",16,8,8
"E00074106",9,4,5
"E00074107",2,2,0
"E00074108",10,3,7
"E00074109",8,5,3
"E00074110",5,1,4
"E00074111",6,2,4
"E00074112",4,2,2
"E00074113",12,8,4
"E00074114",5,5,0
"E00074115",5,3,2
"E00074116",1,1,0
"E00074117",0,0,0
"E00074118",0,0,0
"E00074119",1,0,1
"E00074120",1,0,1
"E00074121",4,2,2
"E00074122",1,1,0
"E00074123",1,1,0
"E00074124",4,1,3
"E00074125",2,0,2
"E00074126",2,2,0
"E00074127",0,0,0
"E00074128",3,2,1
"E00074129",2,1,1
"E00074130",1,0,1
"E00074131",4,3,1
"E00074132",2,0,2
"E00074133",0,0,0
"E00074134",4,1,3
"E00074135",2,2,0
"E00074136",1,1,0
"E00074137",0,0,0
"E00074138",1,1,0
"E00074139",2,1,1
"E00074140",0,0,0
"E00074141",6,3,3
"E00074142",1,1,0
"E00074143",0,0,0
"E00074144",2,1,1
"E00074145",2,1,1
"E00074146",1,1,0
"E00074147",4,3,1
"E00074148",1,0,1
"E00074149",0,0,0
"E00074150",0,0,0
"E00074151",0,0,0
"E00074152",2,2,0
"E00074153",2,1,1
"E00074154",2,1,1
"E00074155",1,1,0
"E00074156",0,0,0
"E00074157",1,0,1
"E00074158",2,0,2
"E00074159",0,0,0
"E00074160",1,1,0
"E00074161",2,0,2
"E00074162",1,1,0
"E00074163",4,2,2
"E00074164",0,0,0
"E00074165",0,0,0
"E00074166",3,0,3
"E00074167",0,0,0
"E00074168",2,2,0
"E00074169",5,4,1
"E00074170",1,1,0
"E00074171",1,1,0
"E00074172",0,0,0
"E00074173",2,1,1
"E00074174",1,0,1
"E00074175",2,1,1
"E00074176",1,1,0
"E00074177",1,0,1
"E00074178",0,0,0
"E00074179",3,2,1
"E00074180",3,2,1
"E00074181",3,2,1
"E00074182",1,1,0
"E00074183",2,2,0
"E00074184",0,0,0
"E00074185",0,0,0
"E00074186",0,0,0
"E00074187",0,0,0
"E00074188",1,1,0
"E00074189",0,0,0
"E00074190",6,1,5
"E00074191",1,1,0
"E00074192",0,0,0
"E00074193",3,1,2
"E00074194",0,0,0
"E00074195",0,0,0
"E00074196",8,3,5
"E00074197",1,1,0
"E00074198",2,1,1
"E00074199",2,1,1
"E00074200",5,3,2
"E00074201",2,1,1
"E00074202",2,1,1
"E00074203",1,1,0
"E00074204",1,1,0
"E00074205",3,0,3
"E00074206",0,0,0
"E00074207",3,2,1
"E00074208",1,1,0
"E00074209",2,0,2
"E00074210",0,0,0
"E00074211",1,0,1
"E00074212",1,1,0
"E00074213",0,0,0
"E00074214",0,0,0
"E00074215",0,0,0
"E00074216",1,1,0
"E00074217",1,0,1
"E00074218",1,0,1
"E00074219",3,1,2
"E00074220",1,1,0
"E00074221",8,2,6
"E00074222",2,1,1
"E00074223",0,0,0
"E00074224",1,1,0
"E00074225",5,5,0
"E00074226",4,0,4
"E00074227",1,1,0
"E00074228",0,0,0
"E00074229",0,0,0
"E00074230",0,0,0
"E00074231",1,1,0
"E00074232",1,1,0
"E00074233",0,0,0
"E00074234",2,0,2
"E00074235",0,0,0
"E00074236",3,2,1
"E00074237",11,5,6
"E00074238",5,0,5
"E00074240",5,3,2
"E00074241",2,0,2
"E00074243",0,0,0
"E00074244",2,1,1
"E00074245",5,0,5
"E00074246",5,3,2
"E00074247",2,0,2
"E00074248",2,1,1
"E00074249",3,1,2
"E00074250",4,3,1
"E00074251",4,1,3
"E00074252",0,0,0
"E00074253",2,1,1
"E00074254",0,0,0
"E00074255",0,0,0
"E00074256",3,1,2
"E00074257",2,0,2
"E00074258",3,0,3
"E00074259",0,0,0
"E00074260",4,1,3
"E00074261",5,2,3
"E00074262",1,1,0
"E00074263",0,0,0
"E00074264",1,0,1
"E00074265",5,4,1
"E00074266",2,1,1
"E00074267",1,0,1
"E00074268",4,2,2
"E00074269",0,0,0
"E00074270",6,4,2
"E00074271",1,1,0
"E00074272",0,0,0
"E00074273",0,0,0
"E00074274",4,2,2
"E00074275",9,5,4
"E00074276",1,0,1
"E00074277",6,3,3
"E00074278",0,0,0
"E00074279",17,9,8
"E00074280",1,0,1
"E00074281",0,0,0
"E00074282",2,1,1
"E00074283",1,0,1
"E00074284",0,0,0
"E00074285",0,0,0
"E00074286",3,3,0
"E00074287",1,0,1
"E00074288",0,0,0
"E00074289",2,2,0
"E00074290",1,0,1
"E00074291",1,1,0
"E00074292",2,2,0
"E00074293",1,0,1
"E00074294",0,0,0
"E00074295",2,2,0
"E00074296",4,3,1
"E00074297",1,0,1
"E00074298",2,0,2
"E00074299",4,1,3
"E00074300",5,1,4
"E00074301",11,6,5
"E00074302",9,5,4
"E00074303",6,5,1
"E00074304",12,7,5
"E00074306",9,3,6
"E00074307",17,6,11
"E00074308",9,8,1
"E00074309",11,8,3
"E00074310",3,1,2
"E00074311",4,2,2
"E00074312",1,0,1
"E00074313",16,9,7
"E00074314",10,5,5
"E00074315",7,4,3
"E00074316",7,3,4
"E00074317",7,3,4
"E00074318",9,5,4
"E00074319",17,5,12
"E00074320",13,6,7
"E00074321",7,3,4
"E00074322",8,3,5
"E00074323",11,5,6
"E00074324",12,5,7
"E00074325",1,1,0
"E00074326",6,5,1
"E00074327",2,1,1
"E00074328",6,5,1
"E00074329",13,6,7
"E00074330",10,2,8
"E00074331",12,5,7
"E00074332",3,1,2
"E00074333",7,4,3
"E00074334",6,3,3
"E00074335",5,2,3
"E00074336",4,1,3
"E00074337",1,0,1
"E00074338",4,1,3
"E00074339",4,2,2
"E00074340",6,3,3
"E00074341",3,2,1
"E00074342",11,4,7
"E00074343",0,0,0
"E00074344",1,1,0
"E00074345",5,2,3
"E00074346",3,1,2
"E00074347",7,5,2
"E00074348",0,0,0
"E00074349",3,1,2
"E00074350",5,0,5
"E00074351",5,3,2
"E00074352",8,6,2
"E00074353",5,3,2
"E00074354",7,5,2
"E00074355",9,7,2
"E00074356",10,3,7
"E00074357",6,4,2
"E00074358",13,7,6
"E00074359",5,2,3
"E00074360",9,6,3
"E00074361",12,7,5
"E00074362",12,5,7
"E00074363",5,1,4
"E00074364",0,0,0
"E00074365",1,0,1
"E00074366",0,0,0
"E00074367",0,0,0
"E00074368",1,1,0
"E00074369",1,0,1
"E00074370",1,1,0
"E00074371",1,0,1
"E00074372",1,0,1
"E00074373",2,0,2
"E00074374",1,0,1
"E00074375",3,1,2
"E00074376",1,0,1
"E00074377",1,1,0
"E00074378",2,0,2
"E00074379",1,1,0
"E00074380",1,1,0
"E00074381",0,0,0
"E00074382",1,1,0
"E00074383",0,0,0
"E00074384",0,0,0
"E00074385",3,2,1
"E00074386",1,0,1
"E00074387",0,0,0
"E00074388",1,1,0
"E00074389",0,0,0
"E00074390",2,1,1
"E00074391",1,1,0
"E00074392",0,0,0
"E00074393",4,0,4
"E00074394",0,0,0
"E00074395",0,0,0
"E00074396",1,1,0
"E00074397",0,0,0
"E00074398",1,0,1
"E00074399",3,1,2
"E00074400",6,2,4
"E00074401",4,1,3
"E00074402",5,3,2
"E00074403",2,1,1
"E00074404",4,3,1
"E00074405",1,1,0
"E00074406",1,0,1
"E00074407",4,0,4
"E00074408",1,0,1
"E00074411",1,1,0
"E00074412",3,2,1
"E00074413",0,0,0
"E00074414",0,0,0
"E00074415",3,0,3
"E00074416",0,0,0
"E00074417",6,4,2
"E00074418",3,1,2
"E00074419",5,3,2
"E00074420",5,1,4
"E00074421",2,1,1
"E00074422",2,0,2
"E00074423",0,0,0
"E00074424",1,0,1
"E00074425",0,0,0
"E00074426",4,2,2
"E00074427",6,5,1
"E00074428",1,1,0
"E00074429",0,0,0
"E00074430",8,5,3
"E00074431",9,2,7
"E00074432",2,2,0
"E00074433",4,1,3
"E00074434",0,0,0
"E00074435",0,0,0
"E00074436",4,1,3
"E00074437",1,1,0
"E00074438",4,1,3
"E00074439",2,1,1
"E00074440",14,7,7
"E00074441",12,6,6
"E00074442",8,4,4
"E00074443",8,5,3
"E00074444",6,3,3
"E00074445",9,9,0
"E00074446",8,4,4
"E00074447",8,5,3
"E00074448",9,4,5
"E00074449",17,12,5
"E00074450",4,3,1
"E00074451",14,9,5
"E00074452",4,4,0
"E00074453",8,4,4
"E00074454",8,4,4
"E00074455",9,6,3
"E00074456",6,1,5
"E00074457",12,7,5
"E00074458",2,1,1
"E00074459",2,2,0
"E00074460",3,3,0
"E00074461",3,3,0
"E00074462",1,1,0
"E00074463",7,1,6
"E00074464",4,0,4
"E00074465",5,1,4
"E00074466",3,1,2
"E00074467",7,5,2
"E00074468",9,4,5
"E00074469",2,2,0
"E00074470",6,4,2
"E00074471",6,2,4
"E00074472",1,1,0
"E00074473",9,5,4
"E00074474",7,2,5
"E00074475",4,2,2
"E00074476",10,4,6
"E00074477",9,6,3
"E00074478",5,2,3
"E00074479",4,1,3
"E00074480",3,1,2
"E00074481",0,0,0
"E00074482",3,2,1
"E00074483",7,3,4
"E00074484",6,2,4
"E00074485",0,0,0
"E00074489",2,1,1
"E00074490",5,3,2
"E00074491",11,6,5
"E00074492",6,4,2
"E00074493",3,1,2
"E00074494",10,5,5
"E00074495",7,6,1
"E00074496",7,3,4
"E00074497",9,4,5
"E00074498",4,0,4
"E00074499",2,1,1
"E00074500",8,4,4
"E00074501",10,8,2
"E00074502",13,9,4
"E00074503",5,5,0
"E00074504",4,1,3
"E00074505",2,1,1
"E00074506",3,2,1
"E00074507",3,1,2
"E00074508",4,2,2
"E00074509",6,1,5
"E00074510",1,0,1
"E00074511",3,1,2
"E00074512",7,3,4
"E00074513",7,3,4
"E00074514",2,2,0
"E00074515",2,1,1
"E00074516",3,3,0
"E00074517",2,0,2
"E00074518",0,0,0
"E00074519",5,0,5
"E00074520",0,0,0
"E00074521",3,1,2
"E00074522",10,6,4
"E00074523",5,2,3
"E00074524",0,0,0
"E00074525",6,3,3
"E00074526",0,0,0
"E00074527",1,0,1
"E00074528",4,2,2
"E00074529",3,1,2
"E00074530",0,0,0
"E00074531",7,4,3
"E00074532",5,2,3
"E00074533",0,0,0
"E00074534",1,0,1
"E00074535",5,5,0
"E00074536",3,1,2
"E00074537",1,0,1
"E00074538",1,1,0
"E00074539",1,0,1
"E00074540",1,1,0
"E00074541",3,2,1
"E00074542",10,8,2
"E00074543",2,1,1
"E00074544",4,1,3
"E00074545",8,5,3
"E00074546",9,8,1
"E00074547",10,6,4
"E00074548",6,3,3
"E00074549",4,2,2
"E00074550",6,2,4
"E00074551",10,6,4
"E00074552",3,0,3
"E00074553",7,3,4
"E00074554",2,1,1
"E00074555",0,0,0
"E00074556",5,3,2
"E00074557",2,0,2
"E00074558",2,1,1
"E00074559",3,1,2
"E00074560",1,1,0
"E00074561",1,1,0
"E00074562",4,2,2
"E00074563",4,2,2
"E00074564",4,1,3
"E00074565",7,5,2
"E00074566",9,7,2
"E00074567",4,3,1
"E00074568",2,2,0
"E00074569",4,2,2
"E00074570",5,4,1
"E00074571",3,1,2
"E00074572",1,0,1
"E00074573",5,2,3
"E00074574",7,2,5
"E00074575",2,1,1
"E00074576",10,1,9
"E00074577",5,4,1
"E00074578",1,1,0
"E00074579",5,2,3
"E00074580",6,4,2
"E00074581",10,7,3
"E00074582",2,1,1
"E00074583",9,3,6
"E00074584",4,3,1
"E00074585",4,1,3
"E00074586",6,3,3
"E00074587",5,3,2
"E00074588",6,4,2
"E00074589",14,6,8
"E00074590",1,1,0
"E00074591",3,2,1
"E00074592",5,4,1
"E00074593",5,4,1
"E00074594",6,4,2
"E00074595",5,2,3
"E00074596",7,5,2
"E00074597",6,6,0
"E00074598",11,6,5
"E00074600",3,2,1
"E00074601",7,6,1
"E00074602",8,2,6
"E00074603",6,1,5
"E00074604",5,1,4
"E00074605",1,0,1
"E00074606",5,2,3
"E00074607",2,2,0
"E00074608",1,0,1
"E00074609",9,4,5
"E00074610",4,1,3
"E00074611",5,1,4
"E00074612",8,5,3
"E00074613",4,3,1
"E00074614",4,3,1
"E00074615",0,0,0
"E00074616",0,0,0
"E00074617",5,2,3
"E00074618",2,1,1
"E00074619",4,2,2
"E00074620",4,0,4
"E00074622",0,0,0
"E00074623",3,2,1
"E00074624",3,1,2
"E00074625",4,2,2
"E00074626",0,0,0
"E00074627",4,1,3
"E00074629",1,0,1
"E00074630",6,4,2
"E00074631",2,1,1
"E00074633",11,6,5
"E00074634",5,4,1
"E00074635",4,4,0
"E00074636",5,2,3
"E00074637",1,1,0
"E00074638",4,2,2
"E00074639",9,3,6
"E00074640",6,2,4
"E00074641",3,0,3
"E00074642",12,7,5
"E00074643",10,6,4
"E00074644",12,7,5
"E00074645",14,6,8
"E00074646",4,4,0
"E00074647",8,3,5
"E00074648",11,6,5
"E00074649",5,4,1
"E00074650",3,3,0
"E00074651",15,11,4
"E00074652",13,9,4
"E00074653",4,3,1
"E00074654",7,4,3
"E00074655",2,2,0
"E00074656",10,6,4
"E00074657",6,3,3
"E00074658",5,0,5
"E00074659",5,1,4
"E00074660",1,1,0
"E00074661",8,3,5
"E00074662",8,5,3
"E00074663",6,1,5
"E00074664",9,6,3
"E00074665",4,2,2
"E00074666",3,1,2
"E00074667",3,2,1
"E00074668",1,1,0
"E00074669",1,1,0
"E00074670",2,1,1
"E00074671",2,2,0
"E00074672",5,3,2
"E00074673",0,0,0
"E00074674",1,0,1
"E00074675",1,1,0
"E00074676",2,2,0
"E00074677",4,1,3
"E00074678",7,3,4
"E00074679",7,3,4
"E00074680",0,0,0
"E00074681",7,4,3
"E00074682",5,4,1
"E00074683",3,2,1
"E00074684",5,3,2
"E00074685",3,3,0
"E00074686",5,4,1
"E00074687",1,0,1
"E00074688",4,3,1
"E00074689",4,0,4
"E00074690",3,1,2
"E00074691",3,2,1
"E00074692",6,4,2
"E00074693",7,3,4
"E00074694",7,6,1
"E00074695",1,0,1
"E00074696",3,2,1
"E00074697",1,1,0
"E00074698",4,1,3
"E00074699",5,0,5
"E00074700",2,1,1
"E00074701",0,0,0
"E00074702",2,1,1
"E00074703",2,2,0
"E00074704",1,1,0
"E00074705",1,0,1
"E00074706",1,0,1
"E00074707",4,1,3
"E00074708",5,1,4
"E00074709",2,1,1
"E00074711",6,2,4
"E00074712",8,2,6
"E00074713",1,0,1
"E00074714",14,7,7
"E00074715",4,2,2
"E00074716",1,1,0
"E00074717",7,3,4
"E00074718",4,2,2
"E00074719",3,2,1
"E00074720",10,5,5
"E00074721",2,0,2
"E00074722",5,1,4
"E00074723",1,1,0
"E00074724",5,4,1
"E00074725",4,0,4
"E00074726",4,2,2
"E00074728",5,1,4
"E00074729",2,0,2
"E00074730",2,2,0
"E00074731",2,1,1
"E00074732",15,7,8
"E00074733",8,5,3
"E00074734",0,0,0
"E00074735",4,1,3
"E00074736",9,5,4
"E00074737",3,1,2
"E00074738",16,10,6
"E00074739",9,3,6
"E00074740",2,1,1
"E00074741",7,2,5
"E00074742",0,0,0
"E00074743",3,2,1
"E00074744",2,2,0
"E00074745",4,2,2
"E00074746",4,2,2
"E00074747",1,0,1
"E00074748",3,2,1
"E00074749",3,0,3
"E00074750",0,0,0
"E00074751",3,1,2
"E00074752",10,3,7
"E00074753",11,5,6
"E00074754",6,4,2
"E00074755",3,0,3
"E00074756",7,7,0
"E00074757",5,2,3
"E00074758",1,1,0
"E00074759",6,1,5
"E00074760",3,1,2
"E00074761",1,0,1
"E00074762",10,6,4
"E00074763",8,5,3
"E00074764",1,0,1
"E00074765",0,0,0
"E00074766",1,1,0
"E00074767",4,1,3
"E00074768",5,3,2
"E00074769",0,0,0
"E00074770",0,0,0
"E00074771",2,2,0
"E00074772",0,0,0
"E00074773",1,0,1
"E00074774",0,0,0
"E00074775",4,4,0
"E00074776",0,0,0
"E00074777",3,0,3
"E00074778",2,1,1
"E00074779",0,0,0
"E00074780",1,0,1
"E00074781",3,1,2
"E00074782",1,0,1
"E00074783",1,0,1
"E00074784",1,1,0
"E00074785",3,2,1
"E00074786",0,0,0
"E00074787",0,0,0
"E00074788",4,4,0
"E00074789",0,0,0
"E00074790",5,1,4
"E00074791",1,1,0
"E00074792",2,1,1
"E00074793",3,3,0
"E00074794",1,1,0
"E00074795",1,1,0
"E00074796",1,1,0
"E00074797",3,2,1
"E00074798",3,2,1
"E00074799",2,0,2
"E00074800",5,1,4
"E00074801",1,0,1
"E00074802",0,0,0
"E00074803",1,0,1
"E00074804",1,1,0
"E00074805",3,3,0
"E00074806",2,2,0
"E00074807",2,1,1
"E00074808",9,5,4
"E00074809",5,2,3
"E00074810",5,2,3
"E00074811",0,0,0
"E00074812",3,0,3
"E00074813",4,2,2
"E00074814",6,3,3
"E00074815",6,4,2
"E00074816",4,3,1
"E00074817",4,2,2
"E00074818",7,4,3
"E00074819",9,2,7
"E00074820",3,1,2
"E00074821",0,0,0
"E00074823",2,2,0
"E00074824",0,0,0
"E00074825",2,0,2
"E00074826",1,1,0
"E00074827",0,0,0
"E00074828",3,1,2
"E00074829",6,3,3
"E00074830",3,1,2
"E00074831",2,2,0
"E00074832",3,1,2
"E00074833",4,3,1
"E00074834",2,2,0
"E00074835",0,0,0
"E00074836",2,1,1
"E00074837",4,1,3
"E00074838",3,1,2
"E00074839",0,0,0
"E00074840",3,1,2
"E00074841",4,3,1
"E00074842",5,3,2
"E00074843",1,1,0
"E00074844",1,0,1
"E00074845",3,2,1
"E00074846",1,1,0
"E00074847",0,0,0
"E00074848",0,0,0
"E00074849",6,4,2
"E00074850",1,1,0
"E00074851",1,1,0
"E00074852",1,1,0
"E00074853",0,0,0
"E00074854",3,1,2
"E00074855",4,3,1
"E00074856",4,0,4
"E00074857",5,3,2
"E00074858",0,0,0
"E00074859",6,5,1
"E00074860",6,2,4
"E00074861",1,0,1
"E00074862",3,3,0
"E00074863",3,2,1
"E00074864",0,0,0
"E00074865",5,5,0
"E00074866",5,2,3
"E00074867",5,4,1
"E00074868",0,0,0
"E00074869",1,1,0
"E00074870",5,3,2
"E00074871",3,1,2
"E00074872",2,2,0
"E00074873",1,1,0
"E00074874",1,0,1
"E00074875",1,0,1
"E00074876",4,2,2
"E00074877",5,4,1
"E00074878",2,1,1
"E00074879",3,0,3
"E00074880",0,0,0
"E00074881",4,2,2
"E00074882",4,2,2
"E00074883",5,2,3
"E00074884",3,1,2
"E00074885",6,5,1
"E00074886",3,2,1
"E00074887",6,4,2
"E00074888",0,0,0
"E00074889",3,3,0
"E00074890",12,6,6
"E00074891",4,2,2
"E00074892",4,3,1
"E00074893",2,2,0
"E00074894",4,1,3
"E00074895",1,1,0
"E00074896",2,2,0
"E00074897",8,5,3
"E00074898",5,1,4
"E00074899",7,2,5
"E00074900",4,1,3
"E00074901",3,2,1
"E00074902",4,2,2
"E00074903",4,1,3
"E00074904",1,1,0
"E00074905",5,1,4
"E00074906",1,1,0
"E00074907",0,0,0
"E00074908",0,0,0
"E00074909",4,3,1
"E00074910",4,3,1
"E00074911",4,1,3
"E00074912",5,5,0
"E00074913",8,5,3
"E00074914",3,3,0
"E00074915",0,0,0
"E00074916",1,0,1
"E00074917",2,1,1
"E00074918",3,1,2
"E00074919",2,2,0
"E00074920",3,1,2
"E00074921",0,0,0
"E00074922",3,2,1
"E00074923",5,3,2
"E00074924",2,1,1
"E00074925",4,3,1
"E00074926",2,2,0
"E00074927",3,2,1
"E00074928",2,2,0
"E00074929",1,0,1
"E00074930",0,0,0
"E00074932",0,0,0
"E00074933",0,0,0
"E00074934",3,1,2
"E00074935",0,0,0
"E00074936",0,0,0
"E00074937",1,1,0
"E00074938",3,1,2
"E00074939",0,0,0
"E00074940",0,0,0
"E00074941",1,0,1
"E00074942",0,0,0
"E00074943",1,1,0
"E00074944",2,1,1
"E00074945",0,0,0
"E00074946",1,1,0
"E00074947",0,0,0
"E00074948",4,2,2
"E00074949",0,0,0
"E00074950",2,0,2
"E00074951",0,0,0
"E00074952",5,3,2
"E00074953",2,0,2
"E00074954",0,0,0
"E00074956",9,5,4
"E00074957",0,0,0
"E00074958",2,1,1
"E00074959",0,0,0
"E00074960",4,2,2
"E00074961",1,0,1
"E00074962",1,1,0
"E00074963",0,0,0
"E00074964",4,2,2
"E00074965",1,1,0
"E00074966",2,1,1
"E00074967",1,1,0
"E00074969",1,1,0
"E00074970",3,1,2
"E00074971",1,0,1
"E00074972",5,1,4
"E00074973",3,2,1
"E00074974",7,4,3
"E00074975",5,1,4
"E00074976",0,0,0
"E00074977",1,1,0
"E00074978",0,0,0
"E00074979",6,5,1
"E00074980",2,1,1
"E00074981",0,0,0
"E00074982",2,0,2
"E00074983",3,2,1
"E00074984",4,3,1
"E00074985",0,0,0
"E00074986",4,2,2
"E00074988",0,0,0
"E00074989",1,1,0
"E00074990",0,0,0
"E00074991",1,1,0
"E00074992",10,5,5
"E00074993",0,0,0
"E00074994",5,3,2
"E00074995",0,0,0
"E00074996",2,1,1
"E00074997",5,5,0
"E00074998",2,1,1
"E00074999",1,1,0
"E00075000",4,4,0
"E00075001",1,1,0
"E00075002",2,1,1
"E00075003",1,0,1
"E00075004",0,0,0
"E00075005",6,4,2
"E00075006",2,2,0
"E00075007",3,1,2
"E00075008",0,0,0
"E00075009",7,3,4
"E00075010",0,0,0
"E00075011",0,0,0
"E00075012",3,1,2
"E00075013",1,0,1
"E00075014",2,1,1
"E00075015",0,0,0
"E00075016",1,0,1
"E00075017",2,1,1
"E00075018",3,1,2
"E00075019",9,7,2
"E00075020",7,3,4
"E00075021",13,8,5
"E00075022",0,0,0
"E00075023",4,2,2
"E00075024",5,3,2
"E00075025",15,5,10
"E00075026",9,7,2
"E00075027",2,1,1
"E00075028",6,4,2
"E00075029",3,2,1
"E00075030",16,8,8
"E00075031",6,5,1
"E00075032",2,1,1
"E00075033",5,2,3
"E00075034",17,9,8
"E00075035",3,1,2
"E00075036",20,8,12
"E00075037",7,3,4
"E00075038",6,3,3
"E00075039",2,1,1
"E00075041",1,1,0
"E00075042",15,6,9
"E00075043",12,7,5
"E00075044",14,5,9
"E00075045",9,6,3
"E00075046",6,3,3
"E00075047",0,0,0
"E00075048",7,5,2
"E00075049",7,5,2
"E00075050",1,0,1
"E00075051",8,6,2
"E00075052",11,6,5
"E00075053",8,4,4
"E00075054",3,3,0
"E00075055",1,1,0
"E00075056",3,1,2
"E00075057",9,4,5
"E00075058",2,0,2
"E00075059",6,1,5
"E00075060",4,2,2
"E00075061",2,0,2
"E00075062",1,1,0
"E00075063",2,1,1
"E00075064",3,1,2
"E00075065",14,5,9
"E00075066",14,8,6
"E00075067",9,5,4
"E00075068",5,1,4
"E00075069",8,4,4
"E00075070",3,1,2
"E00075071",3,3,0
"E00075072",6,2,4
"E00075073",5,3,2
"E00075074",8,3,5
"E00075075",5,2,3
"E00075076",9,4,5
"E00075077",6,4,2
"E00075078",7,2,5
"E00075079",2,1,1
"E00075080",13,2,11
"E00075081",0,0,0
"E00075082",9,2,7
"E00075083",3,1,2
"E00075084",4,3,1
"E00075085",3,1,2
"E00075086",0,0,0
"E00075087",5,2,3
"E00075088",4,0,4
"E00075089",5,2,3
"E00075090",4,2,2
"E00075091",4,1,3
"E00075093",12,6,6
"E00075095",11,6,5
"E00075096",3,3,0
"E00075097",13,7,6
"E00075098",6,6,0
"E00075099",6,4,2
"E00075100",3,2,1
"E00075101",5,3,2
"E00075102",5,4,1
"E00075103",4,2,2
"E00075104",5,3,2
"E00075105",2,1,1
"E00075106",1,0,1
"E00075107",9,5,4
"E00075108",6,2,4
"E00075109",7,4,3
"E00075110",4,2,2
"E00075111",8,5,3
"E00075112",3,1,2
"E00075113",14,5,9
"E00075114",4,3,1
"E00075115",6,2,4
"E00075116",4,1,3
"E00075117",7,2,5
"E00075118",5,3,2
"E00075119",10,4,6
"E00075120",2,1,1
"E00075121",4,3,1
"E00075122",9,5,4
"E00075123",13,5,8
"E00075124",10,6,4
"E00075125",12,3,9
"E00075126",1,0,1
"E00075127",3,1,2
"E00075128",14,9,5
"E00075129",5,1,4
"E00075130",5,2,3
"E00075131",5,2,3
"E00075132",1,1,0
"E00075133",0,0,0
"E00075134",1,1,0
"E00075135",8,5,3
"E00075136",6,3,3
"E00075137",0,0,0
"E00075138",3,0,3
"E00075139",7,3,4
"E00075140",3,2,1
"E00075141",7,3,4
"E00075142",1,0,1
"E00075143",2,2,0
"E00075144",5,0,5
"E00075145",1,1,0
"E00075146",1,0,1
"E00075147",7,4,3
"E00075148",5,2,3
"E00075149",4,2,2
"E00075150",2,1,1
"E00075151",3,0,3
"E00075152",2,1,1
"E00075153",1,0,1
"E00075154",4,3,1
"E00075155",12,10,2
"E00075156",3,2,1
"E00075157",6,4,2
"E00075158",4,3,1
"E00075159",1,1,0
"E00075160",2,2,0
"E00075161",4,3,1
"E00075162",7,4,3
"E00075163",1,1,0
"E00075164",3,2,1
"E00075165",3,1,2
"E00075166",2,1,1
"E00075167",0,0,0
"E00075168",4,4,0
"E00075169",1,1,0
"E00075170",1,0,1
"E00075171",0,0,0
"E00075172",4,1,3
"E00075173",2,1,1
"E00075174",3,1,2
"E00075175",10,6,4
"E00075176",0,0,0
"E00075177",9,4,5
"E00075178",1,1,0
"E00075179",1,1,0
"E00075180",0,0,0
"E00075181",1,0,1
"E00075182",2,1,1
"E00075183",2,2,0
"E00075184",3,3,0
"E00075185",0,0,0
"E00075186",0,0,0
"E00075187",0,0,0
"E00075188",12,7,5
"E00075189",7,4,3
"E00075190",2,2,0
"E00075191",5,4,1
"E00075193",6,5,1
"E00075194",3,1,2
"E00075195",1,1,0
"E00075196",0,0,0
"E00075198",1,1,0
"E00075199",6,6,0
"E00075200",6,3,3
"E00075201",7,4,3
"E00075202",5,1,4
"E00075203",2,1,1
"E00075204",4,3,1
"E00075205",1,1,0
"E00075206",3,3,0
"E00075207",5,3,2
"E00075208",3,1,2
"E00075209",4,3,1
"E00075210",1,0,1
"E00075211",1,1,0
"E00075212",0,0,0
"E00075213",9,4,5
"E00075214",8,3,5
"E00075216",9,5,4
"E00075217",8,4,4
"E00075218",1,0,1
"E00075219",1,1,0
"E00075220",9,5,4
"E00075221",1,0,1
"E00075222",5,2,3
"E00075223",1,1,0
"E00075224",1,0,1
"E00075225",5,2,3
"E00075226",3,1,2
"E00075227",3,1,2
"E00075228",6,2,4
"E00075229",1,0,1
"E00075230",3,2,1
"E00075231",8,6,2
"E00075232",1,0,1
"E00075233",3,2,1
"E00075234",2,1,1
"E00075235",0,0,0
"E00075236",2,0,2
"E00075237",0,0,0
"E00075238",2,1,1
"E00075239",9,5,4
"E00075240",7,3,4
"E00075241",9,7,2
"E00075242",6,4,2
"E00075243",12,6,6
"E00075244",8,2,6
"E00075245",16,9,7
"E00075246",6,2,4
"E00075247",12,6,6
"E00075248",4,2,2
"E00075249",7,2,5
"E00075250",5,3,2
"E00075251",6,2,4
"E00075252",0,0,0
"E00075253",0,0,0
"E00075254",5,1,4
"E00075255",0,0,0
"E00075256",3,1,2
"E00075257",0,0,0
"E00075258",2,0,2
"E00075259",3,1,2
"E00075260",3,1,2
"E00075261",1,0,1
"E00075262",2,0,2
"E00075263",4,1,3
"E00075264",0,0,0
"E00075265",2,2,0
"E00075266",2,2,0
"E00075267",3,2,1
"E00075268",8,5,3
"E00075269",4,2,2
"E00075270",0,0,0
"E00075271",0,0,0
"E00075272",2,0,2
"E00075273",1,0,1
"E00075274",5,2,3
"E00075275",1,0,1
"E00075276",2,1,1
"E00075277",1,0,1
"E00075278",3,1,2
"E00075279",7,5,2
"E00075280",5,3,2
"E00075281",6,4,2
"E00075282",0,0,0
"E00075283",2,1,1
"E00075284",8,3,5
"E00075285",6,6,0
"E00075286",4,1,3
"E00075287",5,2,3
"E00075288",3,1,2
"E00075289",5,3,2
"E00075290",4,2,2
"E00075291",1,0,1
"E00075292",8,4,4
"E00075293",4,1,3
"E00075294",2,2,0
"E00075295",7,3,4
"E00075296",6,2,4
"E00075297",5,2,3
"E00075298",4,2,2
"E00075299",0,0,0
"E00075300",8,7,1
"E00075301",2,0,2
"E00075302",7,3,4
"E00075303",4,2,2
"E00075304",0,0,0
"E00075305",8,5,3
"E00075306",0,0,0
"E00075307",4,3,1
"E00075308",4,2,2
"E00075309",4,2,2
"E00075310",3,2,1
"E00075311",4,3,1
"E00075312",1,1,0
"E00075313",4,3,1
"E00075314",4,2,2
"E00075315",4,2,2
"E00075316",5,3,2
"E00075317",0,0,0
"E00075318",1,0,1
"E00075319",0,0,0
"E00075320",4,4,0
"E00075321",0,0,0
"E00075322",3,1,2
"E00075323",1,0,1
"E00075324",1,0,1
"E00075325",0,0,0
"E00075326",2,1,1
"E00075327",1,0,1
"E00075328",0,0,0
"E00075329",4,3,1
"E00075330",5,5,0
"E00075331",5,3,2
"E00075332",5,0,5
"E00075333",3,0,3
"E00075334",4,3,1
"E00075335",8,3,5
"E00075336",5,4,1
"E00075337",1,1,0
"E00075338",1,0,1
"E00075339",1,0,1
"E00075340",1,0,1
"E00075341",6,2,4
"E00075342",5,2,3
"E00075343",7,5,2
"E00075344",1,1,0
"E00075345",4,1,3
"E00075346",3,3,0
"E00075347",6,5,1
"E00075348",5,3,2
"E00075349",3,1,2
"E00075350",9,6,3
"E00075351",2,0,2
"E00075352",7,3,4
"E00075353",2,1,1
"E00075354",5,2,3
"E00075355",0,0,0
"E00075356",10,3,7
"E00075357",6,5,1
"E00075358",6,4,2
"E00075359",1,0,1
"E00075360",2,2,0
"E00075361",0,0,0
"E00075362",3,3,0
"E00075363",4,1,3
"E00075364",4,1,3
"E00075365",2,0,2
"E00075366",6,5,1
"E00075367",3,0,3
"E00075368",2,0,2
"E00075369",4,1,3
"E00075370",4,2,2
"E00075371",3,3,0
"E00075372",1,1,0
"E00075373",2,1,1
"E00075374",6,5,1
"E00075375",3,2,1
"E00075376",0,0,0
"E00075377",11,6,5
"E00075378",7,3,4
"E00075379",1,1,0
"E00075380",1,1,0
"E00075381",0,0,0
"E00075382",1,1,0
"E00075383",1,1,0
"E00075384",1,1,0
"E00075385",0,0,0
"E00075386",1,0,1
"E00075387",3,1,2
"E00075388",1,1,0
"E00075389",1,1,0
"E00075390",3,2,1
"E00075391",5,2,3
"E00075392",0,0,0
"E00075393",0,0,0
"E00075394",1,1,0
"E00075395",0,0,0
"E00075396",1,0,1
"E00075397",2,0,2
"E00075398",2,1,1
"E00075399",5,2,3
"E00075400",1,1,0
"E00075401",7,4,3
"E00075402",4,3,1
"E00075403",2,1,1
"E00075404",5,2,3
"E00075405",2,0,2
"E00075406",2,0,2
"E00075407",3,3,0
"E00075408",1,1,0
"E00075409",0,0,0
"E00075410",2,1,1
"E00075411",1,0,1
"E00075412",0,0,0
"E00075413",1,0,1
"E00075414",3,2,1
"E00075415",4,1,3
"E00075416",1,1,0
"E00075417",1,1,0
"E00075418",0,0,0
"E00075419",1,0,1
"E00075420",0,0,0
"E00075421",0,0,0
"E00075422",1,1,0
"E00075423",0,0,0
"E00075424",2,1,1
"E00075425",0,0,0
"E00075426",2,2,0
"E00075427",5,2,3
"E00075428",1,1,0
"E00075429",3,1,2
"E00075430",6,2,4
"E00075431",0,0,0
"E00075432",5,1,4
"E00075433",15,6,9
"E00075434",2,1,1
"E00075435",3,2,1
"E00075436",6,1,5
"E00075437",8,4,4
"E00075438",17,12,5
"E00075439",16,9,7
"E00075440",5,3,2
"E00075441",6,4,2
"E00075442",5,4,1
"E00075443",4,2,2
"E00075444",6,2,4
"E00075445",6,1,5
"E00075446",2,2,0
"E00075447",3,0,3
"E00075448",1,1,0
"E00075449",3,3,0
"E00075450",1,1,0
"E00075451",4,1,3
"E00075452",1,0,1
"E00075453",0,0,0
"E00075454",4,1,3
"E00075455",9,3,6
"E00075456",2,2,0
"E00075457",4,2,2
"E00075458",0,0,0
"E00075459",5,3,2
"E00075460",4,3,1
"E00075461",10,2,8
"E00075462",3,1,2
"E00075463",5,4,1
"E00075464",3,1,2
"E00075465",3,3,0
"E00075466",8,5,3
"E00075467",4,1,3
"E00075468",1,1,0
"E00075469",5,4,1
"E00075470",3,3,0
"E00075471",2,1,1
"E00075472",4,3,1
"E00075473",4,2,2
"E00075474",2,0,2
"E00075475",5,2,3
"E00075476",2,2,0
"E00075477",6,3,3
"E00075478",0,0,0
"E00075479",2,2,0
"E00075480",0,0,0
"E00075481",0,0,0
"E00075482",1,1,0
"E00075483",0,0,0
"E00075484",0,0,0
"E00075485",3,2,1
"E00075486",1,0,1
"E00075487",1,0,1
"E00075488",2,2,0
"E00075489",5,2,3
"E00075490",1,0,1
"E00075491",0,0,0
"E00075492",2,1,1
"E00075493",3,2,1
"E00075494",3,1,2
"E00075495",2,1,1
"E00075496",4,1,3
"E00075497",1,0,1
"E00075498",1,1,0
"E00075499",1,1,0
"E00075500",0,0,0
"E00075501",0,0,0
"E00075502",1,1,0
"E00075503",3,2,1
"E00075504",1,0,1
"E00075505",0,0,0
"E00075506",2,1,1
"E00075507",0,0,0
"E00075508",4,1,3
"E00075509",6,2,4
"E00075510",3,2,1
"E00075511",5,3,2
"E00075512",1,0,1
"E00075513",0,0,0
"E00075514",0,0,0
"E00075515",3,1,2
"E00075516",4,2,2
"E00075517",2,0,2
"E00075518",0,0,0
"E00075519",1,1,0
"E00075520",1,0,1
"E00075521",6,3,3
"E00075522",0,0,0
"E00075523",4,2,2
"E00075524",0,0,0
"E00075525",2,0,2
"E00075526",1,0,1
"E00075527",0,0,0
"E00075528",2,1,1
"E00075529",3,0,3
"E00075530",3,1,2
"E00075531",3,1,2
"E00075532",0,0,0
"E00075533",2,0,2
"E00075534",0,0,0
"E00075535",0,0,0
"E00075536",1,1,0
"E00075537",0,0,0
"E00075538",7,1,6
"E00075539",7,2,5
"E00075540",0,0,0
"E00075541",0,0,0
"E00075542",0,0,0
"E00075543",1,1,0
"E00075544",0,0,0
"E00075545",2,2,0
"E00075546",4,0,4
"E00075547",8,5,3
"E00075548",1,1,0
"E00075549",1,1,0
"E00075550",7,3,4
"E00075551",6,3,3
"E00075552",0,0,0
"E00075553",0,0,0
"E00075554",3,1,2
"E00075555",0,0,0
"E00075556",0,0,0
"E00075557",2,0,2
"E00075558",4,3,1
"E00075559",3,0,3
"E00075560",2,1,1
"E00075561",3,2,1
"E00075562",1,0,1
"E00075563",1,1,0
"E00075564",1,1,0
"E00075565",0,0,0
"E00075566",3,1,2
"E00075567",3,0,3
"E00075568",0,0,0
"E00075569",0,0,0
"E00075570",11,7,4
"E00075571",9,5,4
"E00075572",2,2,0
"E00075573",2,2,0
"E00075574",0,0,0
"E00075575",3,1,2
"E00075576",1,0,1
"E00075577",6,4,2
"E00075578",2,1,1
"E00075579",2,2,0
"E00075580",0,0,0
"E00075581",0,0,0
"E00075582",1,0,1
"E00075583",1,1,0
"E00075584",1,0,1
"E00075585",3,2,1
"E00075586",1,0,1
"E00075587",2,2,0
"E00075588",4,2,2
"E00075589",4,2,2
"E00075590",11,4,7
"E00075591",0,0,0
"E00075592",14,5,9
"E00075593",13,8,5
"E00075594",13,10,3
"E00075595",7,3,4
"E00075596",10,3,7
"E00075597",6,2,4
"E00075598",3,2,1
"E00075599",9,2,7
"E00075600",4,2,2
"E00075601",6,2,4
"E00075602",8,2,6
"E00075604",4,2,2
"E00075605",5,2,3
"E00075607",1,0,1
"E00075608",0,0,0
"E00075609",1,1,0
"E00075610",1,1,0
"E00075611",7,3,4
"E00075612",6,4,2
"E00075613",1,1,0
"E00075614",2,0,2
"E00075615",5,1,4
"E00075616",4,2,2
"E00075617",0,0,0
"E00075618",4,3,1
"E00075619",1,1,0
"E00075620",2,2,0
"E00075621",0,0,0
"E00075622",1,0,1
"E00075623",4,1,3
"E00075624",0,0,0
"E00075625",0,0,0
"E00075626",0,0,0
"E00075627",1,1,0
"E00075628",1,0,1
"E00075629",4,3,1
"E00075631",13,4,9
"E00075632",5,3,2
"E00075633",6,3,3
"E00075634",5,3,2
"E00075637",3,2,1
"E00075638",0,0,0
"E00075639",4,1,3
"E00075640",0,0,0
"E00075641",4,4,0
"E00075642",3,1,2
"E00075643",2,1,1
"E00075644",8,6,2
"E00075645",11,7,4
"E00075646",7,3,4
"E00075647",2,1,1
"E00075648",1,0,1
"E00075649",2,0,2
"E00075650",0,0,0
"E00075651",1,0,1
"E00075652",3,1,2
"E00075653",0,0,0
"E00075654",0,0,0
"E00075655",4,4,0
"E00075656",0,0,0
"E00075657",0,0,0
"E00075658",1,0,1
"E00075659",1,1,0
"E00075660",2,1,1
"E00075661",1,1,0
"E00075662",0,0,0
"E00075663",2,2,0
"E00075664",1,1,0
"E00075665",1,1,0
"E00075666",1,1,0
"E00075667",0,0,0
"E00075668",1,1,0
"E00075669",0,0,0
"E00075670",4,3,1
"E00075671",0,0,0
"E00075672",0,0,0
"E00075673",3,1,2
"E00075674",4,4,0
"E00075675",7,2,5
"E00075676",3,1,2
"E00075677",4,1,3
"E00075678",6,1,5
"E00075679",5,3,2
"E00075680",3,3,0
"E00075681",7,5,2
"E00075682",3,1,2
"E00075683",0,0,0
"E00075684",6,2,4
"E00075685",11,2,9
"E00075686",3,0,3
"E00075687",1,0,1
"E00075688",4,0,4
"E00075689",5,2,3
"E00075691",0,0,0
"E00075692",1,1,0
"E00075693",5,3,2
"E00075694",0,0,0
"E00075695",2,0,2
"E00075696",4,1,3
"E00075697",2,2,0
"E00075698",3,2,1
"E00075699",0,0,0
"E00075700",1,1,0
"E00075701",1,1,0
"E00075702",1,1,0
"E00075703",0,0,0
"E00075704",3,2,1
"E00075705",0,0,0
"E00075706",8,2,6
"E00075707",2,1,1
"E00075708",7,3,4
"E00075709",4,0,4
"E00075710",7,3,4
"E00075711",12,8,4
"E00075712",4,4,0
"E00075713",9,6,3
"E00075714",12,10,2
"E00075715",7,3,4
"E00075716",0,0,0
"E00075717",5,1,4
"E00075718",10,4,6
"E00075719",4,2,2
"E00075720",6,3,3
"E00075721",8,5,3
"E00075722",3,2,1
"E00075723",6,2,4
"E00075724",0,0,0
"E00075725",4,0,4
"E00075726",7,4,3
"E00075727",12,8,4
"E00075728",10,4,6
"E00075729",5,2,3
"E00075730",1,1,0
"E00075731",2,0,2
"E00075732",5,3,2
"E00075733",5,4,1
"E00075734",3,1,2
"E00075735",15,6,9
"E00075736",4,2,2
"E00075737",8,3,5
"E00075738",7,3,4
"E00075739",5,2,3
"E00075740",7,2,5
"E00075741",13,8,5
"E00075742",4,2,2
"E00075743",2,1,1
"E00075744",12,6,6
"E00075745",2,1,1
"E00075746",1,1,0
"E00075747",2,0,2
"E00075748",1,0,1
"E00075749",2,0,2
"E00075750",2,1,1
"E00075751",8,3,5
"E00075752",3,0,3
"E00075753",5,3,2
"E00075754",7,5,2
"E00075755",1,1,0
"E00075756",8,5,3
"E00075757",2,1,1
"E00075758",0,0,0
"E00075759",2,1,1
"E00075760",5,2,3
"E00075761",5,4,1
"E00075762",3,2,1
"E00075763",4,2,2
"E00075764",2,0,2
"E00075766",4,3,1
"E00075767",5,3,2
"E00075768",1,0,1
"E00075769",4,1,3
"E00075770",1,1,0
"E00075771",0,0,0
"E00075772",3,0,3
"E00075773",4,2,2
"E00075774",2,1,1
"E00075775",3,1,2
"E00075776",1,0,1
"E00075777",10,7,3
"E00075778",9,6,3
"E00075779",3,1,2
"E00075780",0,0,0
"E00075781",0,0,0
"E00075782",6,4,2
"E00075783",3,2,1
"E00075784",6,3,3
"E00075785",4,1,3
"E00075786",4,2,2
"E00075787",7,3,4
"E00075788",1,1,0
"E00075789",7,3,4
"E00075790",4,2,2
"E00075791",1,1,0
"E00075792",4,2,2
"E00075793",6,1,5
"E00075794",0,0,0
"E00075795",3,0,3
"E00075796",3,1,2
"E00075797",0,0,0
"E00075798",2,2,0
"E00075799",3,2,1
"E00075800",3,0,3
"E00075801",1,0,1
"E00075802",0,0,0
"E00075803",2,1,1
"E00075804",1,1,0
"E00075805",0,0,0
"E00075806",0,0,0
"E00075807",0,0,0
"E00075808",0,0,0
"E00075809",2,1,1
"E00075810",1,1,0
"E00075811",5,3,2
"E00075812",7,4,3
"E00075813",4,3,1
"E00075814",3,1,2
"E00075815",3,2,1
"E00075816",1,0,1
"E00075817",0,0,0
"E00075818",6,2,4
"E00075819",0,0,0
"E00075820",1,0,1
"E00075822",2,1,1
"E00075823",1,1,0
"E00075824",3,1,2
"E00075825",3,1,2
"E00075826",4,2,2
"E00075827",0,0,0
"E00075828",2,0,2
"E00075829",4,3,1
"E00075830",2,0,2
"E00075831",2,1,1
"E00075832",0,0,0
"E00075833",4,3,1
"E00075834",5,3,2
"E00075835",0,0,0
"E00075836",3,2,1
"E00075837",0,0,0
"E00075838",5,2,3
"E00075839",0,0,0
"E00075840",3,2,1
"E00075841",4,2,2
"E00075842",4,2,2
"E00075843",0,0,0
"E00075844",0,0,0
"E00075845",5,4,1
"E00075846",2,0,2
"E00075847",2,1,1
"E00075848",2,1,1
"E00075849",7,4,3
"E00075850",5,2,3
"E00075851",5,1,4
"E00075852",4,2,2
"E00075853",1,1,0
"E00075854",0,0,0
"E00075855",6,5,1
"E00075856",2,1,1
"E00075857",2,1,1
"E00075858",0,0,0
"E00075859",4,3,1
"E00075860",4,2,2
"E00075861",1,0,1
"E00075862",6,2,4
"E00075863",9,4,5
"E00075864",4,1,3
"E00075865",1,0,1
"E00075866",5,1,4
"E00075867",2,0,2
"E00075868",2,2,0
"E00075869",3,2,1
"E00075870",5,2,3
"E00075871",1,0,1
"E00075872",7,2,5
"E00075873",5,3,2
"E00075874",0,0,0
"E00075875",4,2,2
"E00075876",2,0,2
"E00075877",5,1,4
"E00075878",3,2,1
"E00075879",6,1,5
"E00075880",3,1,2
"E00075881",5,4,1
"E00075882",2,2,0
"E00075883",6,0,6
"E00075884",4,1,3
"E00075885",1,0,1
"E00075886",1,1,0
"E00075887",0,0,0
"E00075888",1,0,1
"E00075889",2,1,1
"E00075890",1,0,1
"E00075891",2,2,0
"E00075892",3,2,1
"E00075893",6,4,2
"E00075894",0,0,0
"E00075895",6,5,1
"E00075896",1,0,1
"E00075897",10,3,7
"E00075898",0,0,0
"E00075899",4,2,2
"E00075900",3,0,3
"E00075901",0,0,0
"E00075902",0,0,0
"E00075903",3,0,3
"E00075904",0,0,0
"E00075905",0,0,0
"E00075906",3,2,1
"E00075907",0,0,0
"E00075908",0,0,0
"E00075910",8,5,3
"E00075911",0,0,0
"E00075912",0,0,0
"E00075913",3,0,3
"E00075914",3,1,2
"E00075915",2,1,1
"E00075916",3,1,2
"E00075917",4,2,2
"E00075918",5,0,5
"E00075919",3,1,2
"E00075920",0,0,0
"E00075921",5,0,5
"E00075922",5,4,1
"E00075923",1,0,1
"E00075924",6,1,5
"E00075925",1,0,1
"E00075926",1,1,0
"E00075927",3,1,2
"E00075928",2,1,1
"E00075929",0,0,0
"E00075930",2,1,1
"E00075931",0,0,0
"E00075932",0,0,0
"E00075933",3,1,2
"E00075934",4,2,2
"E00075935",1,1,0
"E00075936",1,1,0
"E00075937",8,2,6
"E00075938",7,4,3
"E00075939",5,3,2
"E00075940",1,0,1
"E00075941",2,2,0
"E00075942",10,5,5
"E00075943",13,3,10
"E00075944",3,2,1
"E00075945",4,2,2
"E00075946",8,5,3
"E00075947",1,1,0
"E00075948",3,2,1
"E00075949",4,4,0
"E00075950",3,2,1
"E00075951",3,3,0
"E00075952",5,1,4
"E00075953",2,1,1
"E00075954",2,2,0
"E00075955",4,4,0
"E00075956",7,3,4
"E00075957",6,2,4
"E00075958",0,0,0
"E00075959",6,4,2
"E00075960",2,1,1
"E00075961",10,2,8
"E00075962",7,4,3
"E00075963",1,1,0
"E00075964",4,1,3
"E00075965",4,0,4
"E00075966",5,4,1
"E00075967",5,4,1
"E00075968",0,0,0
"E00075969",5,2,3
"E00075970",4,1,3
"E00075971",9,6,3
"E00075972",5,3,2
"E00075973",0,0,0
"E00075974",0,0,0
"E00075975",3,2,1
"E00075976",0,0,0
"E00075977",1,1,0
"E00075978",1,0,1
"E00075979",4,0,4
"E00075980",1,1,0
"E00075981",1,0,1
"E00075982",1,0,1
"E00075983",0,0,0
"E00075984",0,0,0
"E00075985",2,1,1
"E00075986",13,7,6
"E00075987",2,0,2
"E00075988",0,0,0
"E00075989",0,0,0
"E00075991",0,0,0
"E00075993",3,1,2
"E00075994",1,0,1
"E00075995",2,1,1
"E00075996",0,0,0
"E00075997",0,0,0
"E00075998",3,1,2
"E00075999",0,0,0
"E00076000",0,0,0
"E00076001",0,0,0
"E00076002",0,0,0
"E00076003",5,1,4
"E00076004",1,1,0
"E00076005",4,2,2
"E00076006",4,2,2
"E00076007",2,0,2
"E00076008",2,2,0
"E00076009",7,4,3
"E00076010",0,0,0
"E00076011",1,0,1
"E00076012",1,1,0
"E00076013",0,0,0
"E00076014",0,0,0
"E00076015",0,0,0
"E00076016",2,2,0
"E00076017",0,0,0
"E00076018",2,0,2
"E00076019",1,1,0
"E00076020",1,1,0
"E00076021",3,2,1
"E00076022",0,0,0
"E00076023",2,0,2
"E00076024",2,0,2
"E00076025",1,0,1
"E00076026",2,1,1
"E00076027",5,2,3
"E00076028",7,5,2
"E00076029",5,1,4
"E00076030",4,1,3
"E00076031",0,0,0
"E00076032",2,1,1
"E00076033",1,0,1
"E00076034",4,2,2
"E00076035",0,0,0
"E00076036",3,0,3
"E00076037",1,1,0
"E00076038",4,2,2
"E00076039",0,0,0
"E00076040",0,0,0
"E00076041",1,1,0
"E00076042",1,0,1
"E00076043",1,0,1
"E00076044",2,2,0
"E00076045",5,1,4
"E00076047",2,0,2
"E00076048",2,0,2
"E00076050",1,1,0
"E00076051",3,1,2
"E00076052",3,3,0
"E00076053",4,3,1
"E00076054",1,0,1
"E00076055",4,2,2
"E00076056",1,1,0
"E00076057",0,0,0
"E00076058",1,0,1
"E00076059",0,0,0
"E00076060",1,1,0
"E00076061",1,1,0
"E00076062",3,2,1
"E00076063",1,1,0
"E00076064",0,0,0
"E00076065",1,0,1
"E00076066",1,1,0
"E00076067",1,0,1
"E00076068",3,1,2
"E00076069",0,0,0
"E00076070",2,2,0
"E00076071",1,1,0
"E00076072",1,0,1
"E00076073",4,1,3
"E00076074",3,0,3
"E00076075",9,2,7
"E00076076",1,1,0
"E00076077",5,4,1
"E00076078",2,1,1
"E00076079",4,3,1
"E00076080",0,0,0
"E00076081",5,3,2
"E00076082",1,1,0
"E00076083",0,0,0
"E00076084",3,0,3
"E00076085",2,2,0
"E00076086",1,0,1
"E00076087",1,0,1
"E00076088",0,0,0
"E00076089",1,0,1
"E00076090",2,1,1
"E00076091",0,0,0
"E00076092",0,0,0
"E00076093",0,0,0
"E00076094",4,3,1
"E00076095",1,1,0
"E00076096",0,0,0
"E00076097",2,2,0
"E00076099",2,1,1
"E00076100",1,1,0
"E00076101",2,1,1
"E00076102",3,2,1
"E00076103",1,1,0
"E00076104",1,0,1
"E00076105",5,1,4
"E00076106",4,1,3
"E00076107",1,0,1
"E00076108",4,2,2
"E00076109",0,0,0
"E00076110",6,3,3
"E00076111",1,1,0
"E00076112",0,0,0
"E00076113",0,0,0
"E00076114",1,0,1
"E00076115",1,1,0
"E00076116",0,0,0
"E00076117",0,0,0
"E00076118",1,0,1
"E00076119",2,2,0
"E00076120",2,2,0
"E00076122",0,0,0
"E00076123",3,1,2
"E00076124",13,6,7
"E00076125",5,1,4
"E00076126",2,1,1
"E00076127",2,2,0
"E00076128",1,0,1
"E00076129",2,0,2
"E00076130",3,2,1
"E00076131",2,1,1
"E00076132",1,1,0
"E00076133",1,1,0
"E00076134",0,0,0
"E00076135",0,0,0
"E00076136",3,1,2
"E00076137",2,1,1
"E00076138",2,1,1
"E00076139",0,0,0
"E00076140",1,1,0
"E00076141",1,0,1
"E00076142",0,0,0
"E00076143",0,0,0
"E00076144",0,0,0
"E00076145",5,1,4
"E00076146",0,0,0
"E00076147",0,0,0
"E00076148",1,1,0
"E00076149",0,0,0
"E00076150",4,2,2
"E00076151",2,2,0
"E00076152",0,0,0
"E00076153",2,0,2
"E00076154",1,1,0
"E00076155",0,0,0
"E00076156",2,0,2
"E00076157",8,4,4
"E00076158",0,0,0
"E00076159",2,0,2
"E00076160",2,2,0
"E00076161",1,1,0
"E00076162",4,1,3
"E00076163",1,0,1
"E00076164",2,2,0
"E00076165",2,1,1
"E00076166",0,0,0
"E00076167",1,0,1
"E00076168",1,0,1
"E00076169",0,0,0
"E00076170",1,0,1
"E00076171",6,3,3
"E00076172",1,1,0
"E00076173",1,1,0
"E00076174",3,3,0
"E00076175",2,1,1
"E00076176",2,2,0
"E00076177",1,0,1
"E00076178",0,0,0
"E00076179",3,2,1
"E00076180",3,0,3
"E00076181",2,1,1
"E00076182",0,0,0
"E00076183",0,0,0
"E00076184",5,3,2
"E00076185",0,0,0
"E00076186",1,1,0
"E00076187",0,0,0
"E00076188",1,0,1
"E00076189",3,1,2
"E00076190",1,0,1
"E00076191",0,0,0
"E00076192",0,0,0
"E00076193",2,0,2
"E00076194",0,0,0
"E00076195",0,0,0
"E00076196",2,1,1
"E00076197",0,0,0
"E00076198",3,1,2
"E00076199",2,1,1
"E00076200",3,1,2
"E00076201",3,1,2
"E00076202",1,0,1
"E00076203",3,1,2
"E00076204",0,0,0
"E00076205",1,0,1
"E00076206",2,2,0
"E00076207",0,0,0
"E00076208",1,0,1
"E00076209",4,2,2
"E00076210",2,1,1
"E00076211",1,0,1
"E00076212",0,0,0
"E00076213",1,1,0
"E00076214",0,0,0
"E00076215",2,1,1
"E00076216",0,0,0
"E00076217",1,0,1
"E00076218",0,0,0
"E00076219",3,1,2
"E00076220",1,0,1
"E00076221",2,1,1
"E00076222",0,0,0
"E00076223",0,0,0
"E00076224",0,0,0
"E00076225",2,1,1
"E00076226",0,0,0
"E00076227",2,2,0
"E00076228",0,0,0
"E00076229",0,0,0
"E00076230",0,0,0
"E00076231",0,0,0
"E00076233",0,0,0
"E00076234",3,1,2
"E00076235",2,1,1
"E00076236",1,0,1
"E00076237",0,0,0
"E00076238",1,0,1
"E00076239",0,0,0
"E00076240",2,1,1
"E00076241",0,0,0
"E00076242",4,2,2
"E00076243",0,0,0
"E00076246",1,1,0
"E00076248",2,0,2
"E00076249",2,1,1
"E00076250",3,3,0
"E00076251",2,2,0
"E00076252",8,6,2
"E00076253",3,2,1
"E00076254",0,0,0
"E00076255",0,0,0
"E00076256",1,0,1
"E00076257",0,0,0
"E00076258",2,1,1
"E00076259",1,1,0
"E00076260",3,2,1
"E00076261",6,4,2
"E00076262",7,1,6
"E00076263",0,0,0
"E00076264",0,0,0
"E00076265",1,1,0
"E00076266",2,2,0
"E00076267",2,0,2
"E00076268",0,0,0
"E00076269",1,1,0
"E00076270",1,0,1
"E00076271",1,0,1
"E00076272",0,0,0
"E00076273",4,2,2
"E00076274",7,5,2
"E00076275",4,2,2
"E00076276",2,0,2
"E00076277",6,2,4
"E00076278",5,2,3
"E00076279",4,0,4
"E00076280",10,5,5
"E00076281",2,1,1
"E00076282",2,2,0
"E00076283",4,1,3
"E00076284",4,2,2
"E00076285",3,2,1
"E00076286",5,2,3
"E00076287",3,1,2
"E00076288",2,1,1
"E00076289",2,2,0
"E00076290",2,2,0
"E00076291",4,2,2
"E00076292",3,2,1
"E00076293",5,2,3
"E00076294",3,1,2
"E00076295",17,6,11
"E00076296",1,1,0
"E00076297",4,1,3
"E00076298",1,0,1
"E00076299",0,0,0
"E00076300",4,3,1
"E00076301",2,0,2
"E00076302",1,1,0
"E00076303",4,3,1
"E00076304",0,0,0
"E00076305",5,3,2
"E00076306",1,1,0
"E00076307",8,5,3
"E00076308",0,0,0
"E00076309",8,2,6
"E00076310",2,2,0
"E00076311",11,8,3
"E00076312",4,1,3
"E00076313",3,2,1
"E00076314",4,2,2
"E00076315",2,2,0
"E00076316",1,1,0
"E00076317",4,3,1
"E00076318",1,1,0
"E00076319",6,3,3
"E00076320",2,0,2
"E00076321",4,3,1
"E00076322",1,1,0
"E00076323",1,1,0
"E00076324",2,1,1
"E00076325",0,0,0
"E00076326",4,3,1
"E00076327",6,1,5
"E00076328",0,0,0
"E00076329",2,2,0
"E00076330",1,1,0
"E00076331",1,1,0
"E00076332",2,0,2
"E00076333",4,2,2
"E00076334",2,2,0
"E00076335",1,0,1
"E00076336",4,1,3
"E00076337",1,0,1
"E00076338",5,4,1
"E00076339",1,0,1
"E00076340",1,1,0
"E00076341",1,0,1
"E00076343",0,0,0
"E00076344",6,2,4
"E00076345",6,0,6
"E00076346",1,0,1
"E00076347",6,2,4
"E00076348",1,0,1
"E00076349",0,0,0
"E00076350",3,3,0
"E00076351",7,2,5
"E00076352",9,3,6
"E00076353",3,1,2
"E00076354",3,1,2
"E00076355",1,0,1
"E00076356",1,1,0
"E00076357",4,2,2
"E00076358",1,1,0
"E00076359",0,0,0
"E00076360",3,0,3
"E00076361",2,0,2
"E00076362",2,0,2
"E00076363",0,0,0
"E00076364",2,0,2
"E00076365",2,2,0
"E00076366",1,1,0
"E00076367",1,0,1
"E00076368",6,4,2
"E00076369",6,2,4
"E00076370",4,2,2
"E00076371",0,0,0
"E00076372",6,3,3
"E00076373",0,0,0
"E00076374",4,1,3
"E00076375",1,1,0
"E00076376",0,0,0
"E00076377",3,2,1
"E00076378",1,1,0
"E00076379",7,3,4
"E00076380",3,3,0
"E00076381",0,0,0
"E00076382",2,2,0
"E00076383",0,0,0
"E00076384",1,1,0
"E00076385",3,3,0
"E00076386",3,3,0
"E00076387",1,1,0
"E00076388",4,2,2
"E00076389",1,0,1
"E00076390",8,3,5
"E00076391",7,3,4
"E00076392",3,1,2
"E00076393",0,0,0
"E00076394",12,8,4
"E00076395",3,1,2
"E00076396",2,2,0
"E00076397",1,1,0
"E00076398",1,0,1
"E00076399",0,0,0
"E00076400",1,0,1
"E00076401",2,1,1
"E00076402",4,3,1
"E00076403",9,4,5
"E00076404",6,2,4
"E00076405",3,1,2
"E00076406",3,0,3
"E00076407",1,0,1
"E00076408",1,0,1
"E00076409",0,0,0
"E00076410",3,2,1
"E00076411",6,2,4
"E00076412",2,0,2
"E00076413",1,1,0
"E00076414",4,2,2
"E00076415",0,0,0
"E00076416",2,2,0
"E00076417",8,2,6
"E00076418",1,1,0
"E00076419",4,2,2
"E00076420",5,2,3
"E00076421",6,4,2
"E00076422",1,0,1
"E00076423",4,2,2
"E00076424",3,2,1
"E00076425",8,7,1
"E00076426",3,3,0
"E00076427",7,4,3
"E00076428",3,2,1
"E00076429",3,2,1
"E00076430",5,2,3
"E00076431",2,0,2
"E00076432",3,2,1
"E00076433",4,3,1
"E00076434",0,0,0
"E00076435",0,0,0
"E00076436",1,1,0
"E00076437",5,1,4
"E00076438",2,1,1
"E00076439",5,4,1
"E00076440",2,2,0
"E00076441",0,0,0
"E00076442",7,2,5
"E00076443",4,2,2
"E00076444",0,0,0
"E00076445",4,2,2
"E00076446",3,2,1
"E00076447",7,3,4
"E00076448",1,1,0
"E00076449",0,0,0
"E00076451",6,3,3
"E00076452",0,0,0
"E00076453",8,4,4
"E00076454",1,1,0
"E00076455",0,0,0
"E00076456",9,5,4
"E00076458",4,1,3
"E00076459",4,2,2
"E00076460",1,1,0
"E00076461",0,0,0
"E00076462",10,6,4
"E00076463",4,3,1
"E00076464",2,0,2
"E00076465",8,4,4
"E00076466",3,2,1
"E00076467",2,1,1
"E00076468",7,4,3
"E00076469",2,1,1
"E00076470",8,4,4
"E00076471",5,1,4
"E00076472",1,1,0
"E00076473",1,1,0
"E00076474",3,1,2
"E00076475",5,2,3
"E00076476",1,1,0
"E00076477",3,2,1
"E00076478",7,5,2
"E00076479",1,1,0
"E00076480",2,2,0
"E00076481",1,1,0
"E00076482",2,0,2
"E00076483",0,0,0
"E00076484",0,0,0
"E00076485",4,4,0
"E00076486",3,2,1
"E00076487",4,0,4
"E00076488",1,1,0
"E00076489",3,1,2
"E00076490",1,1,0
"E00076491",0,0,0
"E00076492",0,0,0
"E00076493",2,1,1
"E00076494",0,0,0
"E00076495",3,1,2
"E00076496",2,1,1
"E00076497",0,0,0
"E00076498",2,1,1
"E00076499",1,1,0
"E00076500",1,1,0
"E00076501",0,0,0
"E00076502",1,0,1
"E00076503",2,1,1
"E00076504",0,0,0
"E00076505",3,1,2
"E00076506",1,1,0
"E00076507",3,2,1
"E00076508",0,0,0
"E00076509",1,0,1
"E00076510",1,1,0
"E00076511",4,2,2
"E00076512",3,1,2
"E00076513",1,0,1
"E00076514",2,2,0
"E00076515",0,0,0
"E00076516",5,4,1
"E00076517",0,0,0
"E00076518",1,0,1
"E00076519",7,5,2
"E00076520",1,0,1
"E00076521",1,1,0
"E00076522",1,1,0
"E00076523",4,0,4
"E00076524",2,1,1
"E00076525",0,0,0
"E00076526",3,3,0
"E00076527",0,0,0
"E00076528",1,1,0
"E00076529",1,1,0
"E00076530",0,0,0
"E00076531",0,0,0
"E00076532",0,0,0
"E00076534",0,0,0
"E00076535",1,1,0
"E00076536",0,0,0
"E00076537",1,0,1
"E00076538",0,0,0
"E00076539",0,0,0
"E00076540",4,0,4
"E00076541",1,1,0
"E00076542",0,0,0
"E00076543",3,3,0
"E00076544",3,1,2
"E00076545",0,0,0
"E00076546",1,1,0
"E00076547",1,0,1
"E00076548",5,3,2
"E00076549",0,0,0
"E00076550",2,1,1
"E00076551",1,1,0
"E00076552",1,1,0
"E00076553",3,2,1
"E00076554",3,1,2
"E00076556",2,0,2
"E00076557",1,0,1
"E00076558",1,0,1
"E00076559",2,1,1
"E00076560",2,2,0
"E00076561",0,0,0
"E00076563",0,0,0
"E00076564",1,0,1
"E00076565",0,0,0
"E00076566",1,1,0
"E00076567",1,1,0
"E00076568",0,0,0
"E00076569",2,1,1
"E00076571",0,0,0
"E00076572",5,4,1
"E00076573",1,0,1
"E00076574",1,1,0
"E00076575",1,0,1
"E00076577",2,1,1
"E00076578",1,0,1
"E00076579",0,0,0
"E00076580",0,0,0
"E00076581",0,0,0
"E00076582",2,2,0
"E00076583",1,1,0
"E00076584",1,1,0
"E00076585",0,0,0
"E00076588",5,1,4
"E00076589",0,0,0
"E00076590",3,2,1
"E00076591",1,1,0
"E00076592",3,2,1
"E00076593",1,0,1
"E00076594",0,0,0
"E00076595",2,0,2
"E00076596",2,1,1
"E00076597",0,0,0
"E00076598",0,0,0
"E00076599",0,0,0
"E00076600",2,2,0
"E00076601",0,0,0
"E00076602",0,0,0
"E00076603",0,0,0
"E00076604",1,1,0
"E00076605",2,0,2
"E00076606",2,0,2
"E00076607",1,0,1
"E00076608",4,3,1
"E00076609",0,0,0
"E00076610",0,0,0
"E00076611",4,1,3
"E00076612",5,3,2
"E00076613",6,4,2
"E00076614",5,2,3
"E00076615",3,3,0
"E00076616",0,0,0
"E00076617",3,2,1
"E00076618",4,2,2
"E00076619",1,0,1
"E00076620",2,1,1
"E00076621",5,3,2
"E00076622",2,1,1
"E00076623",0,0,0
"E00076624",3,1,2
"E00076625",0,0,0
"E00076626",2,0,2
"E00076627",8,4,4
"E00076628",1,1,0
"E00076629",3,1,2
"E00076630",4,4,0
"E00076631",0,0,0
"E00076632",8,3,5
"E00076633",0,0,0
"E00076634",4,3,1
"E00076635",3,1,2
"E00076636",4,3,1
"E00076637",0,0,0
"E00076638",5,3,2
"E00076639",4,1,3
"E00076640",1,1,0
"E00076641",5,1,4
"E00076642",0,0,0
"E00076643",2,1,1
"E00076644",3,2,1
"E00076645",1,0,1
"E00076646",2,0,2
"E00076647",1,0,1
"E00076648",9,7,2
"E00076649",1,0,1
"E00076650",2,2,0
"E00076651",6,1,5
"E00076652",1,0,1
"E00076653",8,3,5
"E00076654",2,1,1
"E00076655",0,0,0
"E00076656",1,1,0
"E00076657",4,4,0
"E00076658",0,0,0
"E00076659",3,3,0
"E00076660",7,4,3
"E00076661",6,4,2
"E00076663",1,0,1
"E00076664",7,2,5
"E00076665",1,1,0
"E00076666",4,3,1
"E00076667",5,2,3
"E00076668",4,2,2
"E00076669",9,9,0
"E00076670",3,2,1
"E00076671",6,3,3
"E00076672",2,1,1
"E00076673",4,3,1
"E00076674",1,1,0
"E00076675",2,1,1
"E00076676",4,3,1
"E00076677",0,0,0
"E00076678",2,1,1
"E00076679",0,0,0
"E00076680",4,3,1
"E00076681",5,3,2
"E00076682",2,0,2
"E00076683",2,2,0
"E00076684",0,0,0
"E00076685",2,1,1
"E00076686",0,0,0
"E00076687",0,0,0
"E00076688",4,2,2
"E00076689",6,3,3
"E00076690",1,0,1
"E00076691",5,0,5
"E00076692",2,1,1
"E00076693",1,1,0
"E00076694",1,0,1
"E00076695",4,3,1
"E00076696",3,1,2
"E00076697",3,2,1
"E00076698",6,3,3
"E00076699",0,0,0
"E00076700",0,0,0
"E00076701",1,1,0
"E00076702",1,0,1
"E00076703",3,2,1
"E00076704",1,1,0
"E00076705",0,0,0
"E00076706",5,4,1
"E00076707",2,1,1
"E00076708",0,0,0
"E00076709",1,0,1
"E00076710",1,0,1
"E00076711",0,0,0
"E00076712",0,0,0
"E00076713",1,1,0
"E00076714",2,2,0
"E00076715",0,0,0
"E00076716",3,1,2
"E00076717",4,2,2
"E00076718",0,0,0
"E00076719",0,0,0
"E00076720",6,3,3
"E00076721",4,2,2
"E00076722",2,2,0
"E00076723",1,1,0
"E00076724",0,0,0
"E00076725",0,0,0
"E00076726",4,3,1
"E00076727",1,1,0
"E00076728",3,0,3
"E00076729",2,1,1
"E00076730",4,1,3
"E00076731",0,0,0
"E00076732",0,0,0
"E00076733",3,0,3
"E00076734",2,0,2
"E00076735",2,1,1
"E00076736",0,0,0
"E00076737",0,0,0
"E00076738",0,0,0
"E00076739",2,1,1
"E00076740",4,2,2
"E00076741",0,0,0
"E00076742",6,2,4
"E00076743",1,0,1
"E00076744",1,0,1
"E00076745",2,1,1
"E00076746",3,2,1
"E00076747",2,1,1
"E00076748",0,0,0
"E00076749",4,2,2
"E00076750",5,3,2
"E00076751",4,4,0
"E00076752",2,0,2
"E00076753",2,2,0
"E00076754",0,0,0
"E00076755",1,0,1
"E00076756",4,1,3
"E00076757",1,1,0
"E00076759",1,0,1
"E00076760",3,2,1
"E00076761",7,4,3
"E00076762",1,1,0
"E00076763",1,0,1
"E00076764",1,0,1
"E00076765",1,1,0
"E00076766",0,0,0
"E00076767",1,1,0
"E00076768",4,2,2
"E00076769",0,0,0
"E00076770",0,0,0
"E00076771",0,0,0
"E00076772",2,1,1
"E00076773",4,1,3
"E00076774",1,1,0
"E00076775",0,0,0
"E00076776",2,2,0
"E00076777",2,2,0
"E00076778",0,0,0
"E00076779",3,0,3
"E00076780",0,0,0
"E00076781",2,2,0
"E00076782",4,0,4
"E00076785",1,0,1
"E00076786",1,1,0
"E00076787",0,0,0
"E00076788",8,7,1
"E00076789",4,3,1
"E00076790",4,2,2
"E00076791",1,1,0
"E00076792",2,0,2
"E00076793",7,3,4
"E00076794",3,1,2
"E00076795",6,2,4
"E00076796",0,0,0
"E00076797",0,0,0
"E00076798",6,5,1
"E00076799",10,1,9
"E00076800",1,1,0
"E00076801",3,1,2
"E00076802",5,3,2
"E00076803",4,3,1
"E00076804",2,2,0
"E00076805",7,4,3
"E00076806",6,2,4
"E00076807",6,4,2
"E00076808",3,2,1
"E00076809",5,1,4
"E00076810",13,5,8
"E00076811",1,0,1
"E00076812",9,4,5
"E00076813",6,2,4
"E00076814",8,6,2
"E00076815",2,2,0
"E00076816",1,1,0
"E00076817",0,0,0
"E00076818",3,1,2
"E00076819",1,0,1
"E00076820",3,1,2
"E00076821",4,0,4
"E00076822",3,0,3
"E00076823",3,2,1
"E00076824",0,0,0
"E00076825",0,0,0
"E00076826",1,1,0
"E00076827",3,1,2
"E00076828",1,1,0
"E00076829",0,0,0
"E00076830",5,2,3
"E00076831",4,2,2
"E00076832",3,0,3
"E00076833",1,1,0
"E00076834",4,2,2
"E00076835",2,2,0
"E00076836",3,1,2
"E00076837",3,1,2
"E00076838",7,3,4
"E00076839",4,3,1
"E00076840",8,1,7
"E00076841",7,3,4
"E00076842",0,0,0
"E00076843",5,5,0
"E00076844",2,1,1
"E00076845",6,4,2
"E00076846",1,1,0
"E00076847",7,5,2
"E00076848",6,2,4
"E00076849",3,1,2
"E00076850",0,0,0
"E00076851",5,3,2
"E00076852",1,1,0
"E00076853",4,1,3
"E00076854",1,1,0
"E00076855",6,5,1
"E00076856",4,3,1
"E00076857",5,2,3
"E00076858",10,5,5
"E00076859",7,3,4
"E00076860",2,1,1
"E00076861",4,1,3
"E00076862",6,3,3
"E00076863",0,0,0
"E00076864",1,1,0
"E00076865",2,1,1
"E00076866",4,2,2
"E00076867",1,1,0
"E00076868",1,0,1
"E00076869",3,1,2
"E00076870",3,1,2
"E00076871",3,2,1
"E00076872",5,1,4
"E00076873",4,2,2
"E00076874",5,4,1
"E00076875",2,1,1
"E00076876",2,1,1
"E00076877",1,1,0
"E00076878",2,0,2
"E00076879",2,1,1
"E00076880",1,0,1
"E00076881",4,1,3
"E00076882",7,2,5
"E00076883",0,0,0
"E00076884",2,1,1
"E00076885",7,4,3
"E00076886",1,1,0
"E00076887",0,0,0
"E00076888",2,1,1
"E00076889",3,2,1
"E00076890",0,0,0
"E00076891",1,0,1
"E00076892",3,2,1
"E00076893",1,0,1
"E00076894",0,0,0
"E00076895",0,0,0
"E00076896",6,2,4
"E00076897",8,6,2
"E00076898",1,0,1
"E00076899",3,1,2
"E00076900",3,2,1
"E00076901",5,2,3
"E00076902",2,1,1
"E00076903",4,1,3
"E00076904",3,2,1
"E00076905",7,4,3
"E00076906",2,2,0
"E00076907",7,2,5
"E00076908",6,4,2
"E00076909",0,0,0
"E00076910",1,1,0
"E00076911",4,1,3
"E00076912",2,2,0
"E00076913",0,0,0
"E00076914",4,1,3
"E00076915",3,3,0
"E00076916",3,2,1
"E00076917",0,0,0
"E00076918",1,1,0
"E00076919",4,3,1
"E00076920",2,1,1
"E00076921",2,1,1
"E00076922",3,3,0
"E00076923",1,1,0
"E00076924",2,0,2
"E00076925",1,0,1
"E00076926",2,0,2
"E00076927",1,0,1
"E00076928",5,2,3
"E00076929",2,0,2
"E00076930",4,3,1
"E00076931",0,0,0
"E00076932",3,3,0
"E00076933",1,1,0
"E00076934",2,0,2
"E00076935",3,1,2
"E00076936",2,0,2
"E00076937",3,2,1
"E00076938",1,1,0
"E00076939",7,3,4
"E00076940",9,3,6
"E00076941",2,2,0
"E00076942",3,0,3
"E00076943",5,1,4
"E00076944",7,5,2
"E00076945",3,1,2
"E00076946",5,2,3
"E00076947",4,3,1
"E00076948",5,3,2
"E00076949",0,0,0
"E00076950",4,2,2
"E00076951",5,1,4
"E00076952",0,0,0
"E00076953",2,0,2
"E00076954",5,0,5
"E00076955",3,2,1
"E00076956",4,2,2
"E00076957",1,1,0
"E00076958",0,0,0
"E00076959",2,1,1
"E00076960",6,2,4
"E00076961",1,0,1
"E00076962",0,0,0
"E00076963",1,1,0
"E00076964",2,2,0
"E00076965",3,1,2
"E00076966",1,0,1
"E00076967",1,0,1
"E00076968",0,0,0
"E00076969",0,0,0
"E00076970",1,0,1
"E00076971",0,0,0
"E00076972",3,1,2
"E00076973",1,0,1
"E00076974",1,1,0
"E00076975",2,1,1
"E00076976",1,0,1
"E00076977",0,0,0
"E00076978",5,3,2
"E00076979",1,0,1
"E00076980",1,1,0
"E00076981",3,2,1
"E00076982",0,0,0
"E00076983",3,1,2
"E00076984",0,0,0
"E00076985",1,0,1
"E00076986",0,0,0
"E00076987",2,2,0
"E00076988",0,0,0
"E00076989",1,0,1
"E00076990",3,1,2
"E00076991",4,0,4
"E00076992",5,2,3
"E00076993",0,0,0
"E00076994",0,0,0
"E00076995",1,1,0
"E00076996",3,0,3
"E00076997",0,0,0
"E00076998",5,2,3
"E00076999",0,0,0
"E00077000",4,2,2
"E00077001",0,0,0
"E00077002",0,0,0
"E00077003",2,1,1
"E00077004",1,1,0
"E00077005",1,0,1
"E00077006",3,1,2
"E00077007",3,1,2
"E00077008",0,0,0
"E00077009",3,2,1
"E00077010",0,0,0
"E00077011",7,3,4
"E00077012",2,2,0
"E00077013",1,1,0
"E00077014",6,2,4
"E00077015",5,1,4
"E00077016",8,5,3
"E00077017",0,0,0
"E00077018",1,1,0
"E00077019",3,1,2
"E00077020",5,3,2
"E00077021",4,0,4
"E00077022",5,0,5
"E00077023",3,1,2
"E00077024",1,1,0
"E00077025",3,1,2
"E00077026",2,1,1
"E00077027",0,0,0
"E00077028",4,1,3
"E00077029",5,3,2
"E00077030",6,4,2
"E00077031",3,1,2
"E00077032",2,1,1
"E00077033",1,1,0
"E00077034",0,0,0
"E00077035",4,0,4
"E00077036",0,0,0
"E00077037",0,0,0
"E00077038",2,2,0
"E00077039",1,0,1
"E00077040",4,1,3
"E00077042",1,1,0
"E00077043",4,3,1
"E00077044",1,0,1
"E00077045",3,2,1
"E00077046",0,0,0
"E00077047",3,1,2
"E00077048",1,1,0
"E00077049",4,3,1
"E00077050",2,1,1
"E00077051",0,0,0
"E00077052",2,0,2
"E00077053",0,0,0
"E00077054",2,0,2
"E00077055",8,2,6
"E00077056",2,1,1
"E00077057",3,1,2
"E00077058",4,2,2
"E00077059",2,0,2
"E00077061",8,1,7
"E00077062",5,3,2
"E00077063",6,2,4
"E00077064",3,2,1
"E00077065",4,2,2
"E00077066",4,2,2
"E00077067",4,2,2
"E00077068",3,2,1
"E00077069",4,1,3
"E00077070",1,1,0
"E00077071",6,2,4
"E00077072",5,2,3
"E00077073",5,3,2
"E00077074",4,1,3
"E00077075",4,4,0
"E00077076",1,0,1
"E00077077",11,7,4
"E00077078",0,0,0
"E00077079",4,2,2
"E00077080",11,7,4
"E00077081",6,3,3
"E00077082",1,0,1
"E00077083",1,1,0
"E00077084",0,0,0
"E00077085",1,0,1
"E00077086",1,0,1
"E00077087",4,2,2
"E00077088",0,0,0
"E00077089",1,0,1
"E00077090",0,0,0
"E00077091",0,0,0
"E00077092",2,0,2
"E00077093",3,2,1
"E00077094",2,1,1
"E00077095",8,3,5
"E00077096",0,0,0
"E00077097",1,1,0
"E00077098",0,0,0
"E00077099",1,1,0
"E00077100",4,2,2
"E00077101",4,2,2
"E00077102",4,1,3
"E00077103",2,0,2
"E00077104",3,0,3
"E00077105",3,1,2
"E00077107",0,0,0
"E00077108",2,2,0
"E00077109",8,4,4
"E00077110",0,0,0
"E00077111",0,0,0
"E00077112",3,2,1
"E00077113",5,3,2
"E00077114",1,0,1
"E00077115",1,1,0
"E00077116",1,0,1
"E00077117",1,1,0
"E00077118",6,2,4
"E00077119",3,1,2
"E00077120",2,2,0
"E00077121",2,0,2
"E00077122",3,2,1
"E00077123",3,1,2
"E00077124",2,1,1
"E00077125",1,1,0
"E00077126",3,1,2
"E00077127",5,4,1
"E00077128",0,0,0
"E00077129",1,1,0
"E00077130",7,6,1
"E00077131",2,1,1
"E00077132",0,0,0
"E00077133",2,2,0
"E00077134",6,2,4
"E00077135",5,3,2
"E00077136",2,1,1
"E00077137",5,3,2
"E00077138",4,1,3
"E00077139",2,2,0
"E00077140",2,1,1
"E00077141",4,3,1
"E00077142",3,1,2
"E00077143",2,2,0
"E00077144",1,0,1
"E00077145",0,0,0
"E00077146",0,0,0
"E00077147",1,0,1
"E00077148",0,0,0
"E00077149",2,1,1
"E00077150",0,0,0
"E00077151",8,4,4
"E00077152",0,0,0
"E00077153",0,0,0
"E00077154",8,4,4
"E00077155",4,1,3
"E00077156",7,2,5
"E00077157",8,3,5
"E00077158",13,9,4
"E00077159",2,1,1
"E00077160",0,0,0
"E00077161",4,4,0
"E00077162",2,1,1
"E00077163",0,0,0
"E00077164",1,0,1
"E00077165",1,0,1
"E00077166",1,0,1
"E00077167",5,3,2
"E00077168",5,3,2
"E00077169",2,2,0
"E00077170",4,2,2
"E00077171",4,2,2
"E00077172",1,0,1
"E00077173",4,0,4
"E00077174",0,0,0
"E00077175",3,1,2
"E00077176",2,0,2
"E00077177",7,4,3
"E00077178",1,0,1
"E00077179",4,4,0
"E00077180",3,2,1
"E00077181",5,3,2
"E00077182",0,0,0
"E00077183",6,1,5
"E00077184",2,0,2
"E00077185",2,0,2
"E00077186",4,1,3
"E00077187",2,1,1
"E00077188",1,1,0
"E00077189",0,0,0
"E00077190",4,2,2
"E00077191",3,2,1
"E00077192",6,4,2
"E00077193",7,6,1
"E00077194",5,3,2
"E00077195",0,0,0
"E00077196",6,2,4
"E00077197",5,4,1
"E00077198",5,4,1
"E00077199",1,0,1
"E00077200",3,1,2
"E00077201",0,0,0
"E00077202",2,0,2
"E00077203",6,1,5
"E00077204",9,3,6
"E00077205",1,1,0
"E00077206",1,1,0
"E00077207",4,2,2
"E00077208",5,1,4
"E00077209",1,0,1
"E00077210",0,0,0
"E00077211",7,2,5
"E00077212",1,0,1
"E00077213",2,2,0
"E00077214",1,1,0
"E00077216",2,1,1
"E00077217",0,0,0
"E00077218",2,1,1
"E00077220",0,0,0
"E00077221",0,0,0
"E00077222",0,0,0
"E00077223",1,1,0
"E00077224",0,0,0
"E00077225",0,0,0
"E00077226",2,1,1
"E00077227",1,0,1
"E00077229",1,1,0
"E00077230",0,0,0
"E00077231",1,0,1
"E00077232",2,1,1
"E00077233",4,3,1
"E00077234",0,0,0
"E00077235",0,0,0
"E00077236",0,0,0
"E00077237",7,3,4
"E00077239",1,0,1
"E00077240",1,1,0
"E00077241",0,0,0
"E00077242",1,1,0
"E00077244",2,0,2
"E00077245",5,2,3
"E00077246",0,0,0
"E00077247",1,1,0
"E00077248",2,2,0
"E00077249",0,0,0
"E00077250",2,2,0
"E00077251",0,0,0
"E00077252",1,1,0
"E00077253",0,0,0
"E00077255",1,1,0
"E00077256",5,2,3
"E00077257",8,1,7
"E00077258",1,0,1
"E00077259",1,1,0
"E00077260",1,0,1
"E00077261",5,4,1
"E00077262",1,0,1
"E00077264",1,0,1
"E00077265",1,0,1
"E00077266",0,0,0
"E00077267",0,0,0
"E00077268",2,2,0
"E00077269",6,2,4
"E00077270",2,1,1
"E00077271",1,1,0
"E00077273",2,0,2
"E00077274",3,0,3
"E00077275",0,0,0
"E00077276",1,0,1
"E00077277",1,1,0
"E00077278",2,1,1
"E00077279",4,4,0
"E00077280",2,1,1
"E00077281",1,1,0
"E00077282",1,0,1
"E00077283",0,0,0
"E00077284",1,1,0
"E00077285",3,0,3
"E00077286",3,2,1
"E00077287",5,3,2
"E00077288",4,0,4
"E00077289",7,4,3
"E00077290",1,1,0
"E00077292",0,0,0
"E00077293",1,0,1
"E00077294",8,4,4
"E00077295",4,2,2
"E00077296",3,1,2
"E00077297",2,1,1
"E00077298",0,0,0
"E00077299",3,1,2
"E00077300",1,1,0
"E00077301",4,3,1
"E00077302",4,3,1
"E00077303",1,0,1
"E00077304",6,4,2
"E00077305",3,0,3
"E00077306",0,0,0
"E00077307",3,1,2
"E00077308",5,3,2
"E00077309",1,1,0
"E00077310",0,0,0
"E00077311",1,1,0
"E00077312",1,0,1
"E00077313",8,3,5
"E00077314",1,0,1
"E00077315",0,0,0
"E00077316",6,3,3
"E00077317",4,2,2
"E00077318",0,0,0
"E00077319",4,0,4
"E00077320",12,6,6
"E00077321",3,1,2
"E00077322",3,2,1
"E00077323",1,1,0
"E00077324",3,3,0
"E00077325",5,2,3
"E00077326",0,0,0
"E00077327",1,0,1
"E00077328",1,0,1
"E00077329",2,2,0
"E00077330",2,1,1
"E00077331",0,0,0
"E00077332",5,4,1
"E00077333",2,1,1
"E00077334",3,1,2
"E00077335",2,1,1
"E00077336",10,6,4
"E00077337",4,2,2
"E00077338",5,4,1
"E00077339",6,2,4
"E00077340",5,4,1
"E00077341",10,6,4
"E00077342",5,2,3
"E00077343",0,0,0
"E00077344",0,0,0
"E00077345",5,1,4
"E00077346",1,1,0
"E00077347",0,0,0
"E00077348",1,0,1
"E00077349",1,1,0
"E00077350",4,1,3
"E00077351",8,3,5
"E00077352",5,3,2
"E00077353",2,0,2
"E00077354",4,2,2
"E00077355",0,0,0
"E00077356",2,1,1
"E00077357",4,3,1
"E00077359",3,2,1
"E00077360",7,3,4
"E00077361",0,0,0
"E00077362",0,0,0
"E00077363",5,0,5
"E00077364",1,0,1
"E00077365",0,0,0
"E00077367",2,1,1
"E00077368",0,0,0
"E00077369",0,0,0
"E00077370",0,0,0
"E00077371",2,1,1
"E00077372",1,1,0
"E00077373",0,0,0
"E00077374",2,1,1
"E00077375",1,1,0
"E00077376",2,1,1
"E00077377",3,1,2
"E00077378",0,0,0
"E00077379",0,0,0
"E00077380",2,1,1
"E00077381",3,2,1
"E00077382",2,1,1
"E00077383",1,1,0
"E00077384",4,4,0
"E00077385",0,0,0
"E00077386",0,0,0
"E00077387",1,1,0
"E00077388",1,1,0
"E00077389",1,1,0
"E00077390",2,2,0
"E00077391",2,1,1
"E00077392",0,0,0
"E00077393",6,3,3
"E00077394",0,0,0
"E00077395",2,1,1
"E00077396",3,1,2
"E00077397",1,1,0
"E00077398",1,0,1
"E00077399",3,0,3
"E00077400",1,0,1
"E00077401",2,2,0
"E00077402",0,0,0
"E00077403",2,1,1
"E00077404",4,3,1
"E00077405",1,0,1
"E00077406",8,6,2
"E00077407",0,0,0
"E00077408",1,0,1
"E00077409",1,1,0
"E00077410",0,0,0
"E00077411",0,0,0
"E00077412",0,0,0
"E00077413",1,0,1
"E00077414",0,0,0
"E00077415",5,5,0
"E00077417",1,0,1
"E00077418",8,6,2
"E00077419",6,3,3
"E00077420",4,3,1
"E00077421",11,6,5
"E00077422",6,5,1
"E00077423",4,1,3
"E00077424",4,1,3
"E00077425",9,7,2
"E00077426",5,0,5
"E00077427",6,3,3
"E00077428",10,4,6
"E00077429",8,3,5
"E00077430",2,2,0
"E00077431",2,0,2
"E00077432",7,3,4
"E00077433",2,1,1
"E00077434",2,1,1
"E00077435",2,0,2
"E00077436",8,5,3
"E00077437",8,7,1
"E00077438",4,3,1
"E00077439",2,1,1
"E00077440",5,1,4
"E00077441",5,2,3
"E00077442",6,1,5
"E00077443",1,0,1
"E00077444",1,1,0
"E00077445",0,0,0
"E00077446",9,4,5
"E00077447",8,3,5
"E00077448",11,4,7
"E00077449",5,3,2
"E00077450",1,0,1
"E00077451",1,0,1
"E00077452",1,1,0
"E00077453",8,5,3
"E00077454",3,2,1
"E00077455",6,4,2
"E00077456",3,3,0
"E00077457",1,1,0
"E00077458",5,2,3
"E00077459",6,4,2
"E00077460",5,1,4
"E00077461",8,6,2
"E00077462",5,0,5
"E00077463",4,3,1
"E00077464",3,1,2
"E00077465",1,0,1
"E00077466",4,0,4
"E00077467",7,1,6
"E00077468",0,0,0
"E00077469",5,2,3
"E00077470",4,3,1
"E00077471",4,3,1
"E00077472",2,2,0
"E00077473",5,3,2
"E00077474",4,2,2
"E00077475",1,0,1
"E00077477",7,6,1
"E00077478",1,1,0
"E00077479",7,4,3
"E00077480",3,1,2
"E00077481",11,7,4
"E00077482",0,0,0
"E00077483",3,2,1
"E00077484",2,0,2
"E00077485",4,2,2
"E00077486",6,3,3
"E00077487",5,3,2
"E00077488",4,2,2
"E00077489",0,0,0
"E00077490",2,0,2
"E00077491",12,4,8
"E00077492",0,0,0
"E00077493",6,4,2
"E00077494",3,2,1
"E00077495",6,2,4
"E00077496",9,7,2
"E00077497",0,0,0
"E00077498",3,1,2
"E00077499",9,5,4
"E00077500",1,0,1
"E00077501",0,0,0
"E00077502",7,4,3
"E00077503",2,1,1
"E00077504",5,0,5
"E00077505",2,0,2
"E00077506",7,3,4
"E00077507",5,2,3
"E00077508",7,2,5
"E00077509",4,3,1
"E00077510",6,4,2
"E00077511",4,3,1
"E00077512",2,2,0
"E00077513",3,3,0
"E00077514",7,3,4
"E00077515",2,1,1
"E00077516",0,0,0
"E00077517",3,2,1
"E00077518",4,4,0
"E00077519",4,2,2
"E00077520",3,3,0
"E00077521",2,0,2
"E00077522",3,3,0
"E00077523",3,2,1
"E00077524",0,0,0
"E00077525",5,0,5
"E00077526",2,1,1
"E00077528",3,1,2
"E00077529",0,0,0
"E00077530",2,2,0
"E00077531",1,0,1
"E00077532",3,0,3
"E00077533",1,1,0
"E00077534",3,2,1
"E00077535",3,2,1
"E00077536",3,1,2
"E00077538",0,0,0
"E00077539",0,0,0
"E00077540",0,0,0
"E00077541",0,0,0
"E00077542",12,5,7
"E00077543",5,0,5
"E00077544",6,3,3
"E00077545",6,4,2
"E00077546",5,2,3
"E00077547",9,2,7
"E00077548",10,7,3
"E00077549",8,5,3
"E00077550",3,2,1
"E00077551",1,1,0
"E00077552",2,1,1
"E00077553",2,1,1
"E00077554",0,0,0
"E00077555",2,1,1
"E00077556",6,4,2
"E00077557",0,0,0
"E00077558",3,1,2
"E00077559",0,0,0
"E00077560",4,2,2
"E00077561",0,0,0
"E00077562",2,2,0
"E00077563",0,0,0
"E00077564",6,3,3
"E00077565",3,1,2
"E00077566",2,2,0
"E00077567",6,1,5
"E00077568",4,3,1
"E00077569",0,0,0
"E00077570",2,0,2
"E00077571",0,0,0
"E00077572",6,5,1
"E00077573",0,0,0
"E00077574",5,2,3
"E00077575",3,1,2
"E00077576",0,0,0
"E00077577",1,0,1
"E00077578",0,0,0
"E00077579",3,2,1
"E00077580",3,1,2
"E00077581",0,0,0
"E00077582",5,1,4
"E00077583",4,2,2
"E00077584",8,4,4
"E00077585",20,13,7
"E00077586",3,1,2
"E00077587",7,4,3
"E00077588",10,4,6
"E00077589",2,0,2
"E00077590",13,7,6
"E00077591",7,3,4
"E00077592",2,1,1
"E00077593",1,0,1
"E00077594",2,1,1
"E00077595",6,4,2
"E00077596",5,3,2
"E00077597",9,1,8
"E00077598",13,5,8
"E00077599",10,4,6
"E00077600",2,0,2
"E00077601",0,0,0
"E00077602",1,0,1
"E00077603",7,6,1
"E00077604",11,6,5
"E00077605",3,1,2
"E00077606",0,0,0
"E00077607",2,2,0
"E00077608",3,1,2
"E00077609",5,2,3
"E00077610",3,1,2
"E00077611",2,2,0
"E00077612",3,1,2
"E00077613",3,1,2
"E00077614",1,0,1
"E00077615",2,2,0
"E00077616",4,2,2
"E00077617",0,0,0
"E00077618",1,0,1
"E00077619",2,0,2
"E00077620",4,3,1
"E00077621",1,0,1
"E00077622",1,1,0
"E00077623",0,0,0
"E00077624",2,1,1
"E00077625",0,0,0
"E00077626",2,1,1
"E00077627",4,2,2
"E00077628",11,3,8
"E00077629",2,0,2
"E00077630",2,1,1
"E00077631",0,0,0
"E00077632",3,1,2
"E00077633",0,0,0
"E00077634",3,3,0
"E00077635",3,2,1
"E00077636",2,1,1
"E00077637",3,2,1
"E00077638",3,3,0
"E00077639",3,2,1
"E00077640",8,6,2
"E00077641",2,1,1
"E00077642",1,1,0
"E00077643",6,1,5
"E00077644",0,0,0
"E00077645",1,0,1
"E00077646",1,0,1
"E00077647",10,8,2
"E00077648",4,2,2
"E00077649",4,2,2
"E00077650",11,8,3
"E00077651",2,2,0
"E00077652",12,8,4
"E00077653",6,4,2
"E00077654",8,3,5
"E00077655",5,4,1
"E00077656",7,3,4
"E00077657",1,0,1
"E00077658",3,2,1
"E00077659",3,2,1
"E00077660",5,2,3
"E00077661",10,3,7
"E00077662",1,0,1
"E00077663",0,0,0
"E00077664",4,3,1
"E00077665",2,2,0
"E00077666",2,2,0
"E00077667",2,0,2
"E00077668",8,3,5
"E00077669",2,1,1
"E00077670",0,0,0
"E00077671",1,0,1
"E00077672",6,1,5
"E00077673",7,2,5
"E00077674",6,3,3
"E00077675",0,0,0
"E00077676",2,1,1
"E00077677",2,0,2
"E00077678",2,2,0
"E00077679",4,3,1
"E00077680",3,2,1
"E00077681",2,1,1
"E00077682",3,2,1
"E00077683",6,2,4
"E00077684",7,3,4
"E00077685",2,0,2
"E00077686",2,1,1
"E00077687",3,1,2
"E00077688",8,2,6
"E00077689",1,0,1
"E00077690",1,1,0
"E00077691",2,1,1
"E00077692",0,0,0
"E00077693",6,4,2
"E00077694",0,0,0
"E00077695",2,0,2
"E00077696",1,0,1
"E00077697",0,0,0
"E00077698",1,1,0
"E00077699",4,3,1
"E00077700",0,0,0
"E00077701",2,1,1
"E00077702",2,0,2
"E00077703",4,2,2
"E00077704",1,0,1
"E00077705",1,1,0
"E00077706",0,0,0
"E00077707",1,1,0
"E00077708",5,2,3
"E00077709",0,0,0
"E00077710",0,0,0
"E00077711",0,0,0
"E00077712",1,1,0
"E00077713",0,0,0
"E00077714",3,2,1
"E00077715",1,0,1
"E00077716",0,0,0
"E00077717",1,1,0
"E00077719",2,1,1
"E00077720",0,0,0
"E00077721",0,0,0
"E00077722",2,1,1
"E00077723",2,0,2
"E00077725",1,0,1
"E00077726",0,0,0
"E00077727",4,2,2
"E00077728",2,1,1
"E00077729",0,0,0
"E00077730",0,0,0
"E00077731",7,4,3
"E00077732",2,1,1
"E00077733",7,5,2
"E00077734",12,7,5
"E00077735",3,1,2
"E00077736",1,1,0
"E00077737",2,2,0
"E00077738",2,1,1
"E00077739",3,2,1
"E00077740",3,0,3
"E00077741",2,0,2
"E00077742",4,2,2
"E00077743",3,1,2
"E00077744",5,2,3
"E00077745",1,1,0
"E00077746",3,1,2
"E00077747",4,2,2
"E00077748",4,2,2
"E00077749",1,0,1
"E00077750",5,2,3
"E00077751",1,0,1
"E00077752",3,2,1
"E00077753",7,5,2
"E00077754",3,2,1
"E00077755",3,1,2
"E00077756",2,1,1
"E00077757",9,4,5
"E00077758",4,2,2
"E00077759",3,3,0
"E00077760",0,0,0
"E00077761",2,0,2
"E00077762",2,2,0
"E00077763",2,2,0
"E00077764",4,4,0
"E00077765",2,2,0
"E00077766",1,1,0
"E00077767",5,2,3
"E00077768",1,0,1
"E00077769",5,1,4
"E00077770",0,0,0
"E00077771",3,1,2
"E00077772",3,3,0
"E00077773",3,0,3
"E00077774",8,4,4
"E00077775",0,0,0
"E00077776",1,0,1
"E00077777",2,1,1
"E00077778",2,1,1
"E00077779",3,2,1
"E00077780",5,3,2
"E00077781",3,1,2
"E00077782",0,0,0
"E00077783",0,0,0
"E00077784",1,0,1
"E00077785",0,0,0
"E00077786",1,1,0
"E00077787",5,1,4
"E00077788",0,0,0
"E00077789",2,1,1
"E00077790",1,1,0
"E00077791",0,0,0
"E00077792",0,0,0
"E00077793",2,1,1
"E00077794",1,0,1
"E00077795",2,1,1
"E00077796",0,0,0
"E00077797",9,6,3
"E00077798",4,2,2
"E00077799",4,2,2
"E00077800",1,1,0
"E00077801",0,0,0
"E00077802",2,0,2
"E00077803",4,3,1
"E00077804",3,1,2
"E00077805",4,3,1
"E00077806",1,1,0
"E00077807",3,1,2
"E00077808",8,3,5
"E00077809",4,1,3
"E00077810",6,4,2
"E00077811",2,2,0
"E00077812",2,1,1
"E00077813",0,0,0
"E00077814",2,2,0
"E00077815",1,0,1
"E00077816",4,3,1
"E00077817",4,1,3
"E00077818",6,4,2
"E00077819",0,0,0
"E00077820",4,4,0
"E00077821",3,1,2
"E00077822",5,0,5
"E00077823",3,1,2
"E00077824",0,0,0
"E00077825",2,1,1
"E00077826",2,0,2
"E00077827",6,1,5
"E00077828",0,0,0
"E00077829",3,2,1
"E00077830",3,3,0
"E00077831",3,2,1
"E00077832",6,5,1
"E00077833",0,0,0
"E00077834",5,2,3
"E00077835",0,0,0
"E00077836",7,5,2
"E00077837",2,0,2
"E00077838",12,5,7
"E00077839",6,3,3
"E00077840",10,3,7
"E00077841",2,2,0
"E00077842",0,0,0
"E00077843",8,6,2
"E00077844",11,6,5
"E00077845",9,5,4
"E00077846",3,1,2
"E00077847",8,4,4
"E00077848",3,2,1
"E00077849",8,3,5
"E00077850",8,3,5
"E00077851",14,9,5
"E00077852",1,1,0
"E00077853",6,5,1
"E00077854",3,2,1
"E00077855",1,0,1
"E00077856",13,6,7
"E00077857",9,7,2
"E00077858",6,3,3
"E00077859",5,2,3
"E00077860",11,3,8
"E00077861",6,3,3
"E00077862",14,8,6
"E00077863",10,6,4
"E00077864",4,4,0
"E00077865",3,2,1
"E00077866",8,1,7
"E00077867",5,3,2
"E00077868",16,7,9
"E00077869",8,2,6
"E00077870",6,4,2
"E00077871",7,2,5
"E00077872",2,2,0
"E00077873",2,1,1
"E00077874",0,0,0
"E00077875",10,7,3
"E00077876",7,5,2
"E00077877",0,0,0
"E00077878",14,5,9
"E00077879",0,0,0
"E00077880",11,8,3
"E00077881",1,0,1
"E00077882",15,7,8
"E00077883",6,1,5
"E00077884",13,3,10
"E00077885",22,9,13
"E00077886",7,3,4
"E00077887",0,0,0
"E00077888",3,0,3
"E00077889",3,1,2
"E00077890",8,4,4
"E00077891",10,6,4
"E00077892",6,3,3
"E00077893",2,1,1
"E00077894",6,2,4
"E00077895",4,2,2
"E00077896",0,0,0
"E00077897",0,0,0
"E00077898",1,0,1
"E00077899",0,0,0
"E00077900",0,0,0
"E00077901",1,1,0
"E00077902",0,0,0
"E00077903",0,0,0
"E00077904",1,0,1
"E00077905",2,0,2
"E00077906",2,2,0
"E00077907",4,1,3
"E00077908",0,0,0
"E00077909",0,0,0
"E00077910",0,0,0
"E00077911",0,0,0
"E00077912",5,4,1
"E00077913",2,1,1
"E00077914",0,0,0
"E00077915",3,1,2
"E00077916",3,2,1
"E00077917",2,0,2
"E00077918",7,2,5
"E00077919",1,0,1
"E00077920",4,1,3
"E00077921",6,3,3
"E00077922",1,0,1
"E00077923",1,1,0
"E00077924",1,0,1
"E00077925",5,1,4
"E00077926",13,6,7
"E00077927",5,1,4
"E00077928",4,2,2
"E00077929",3,2,1
"E00077930",3,1,2
"E00077931",6,1,5
"E00077932",2,0,2
"E00077933",1,1,0
"E00077934",2,1,1
"E00077935",3,3,0
"E00077936",8,5,3
"E00077937",1,0,1
"E00077938",9,2,7
"E00077939",2,1,1
"E00077940",8,3,5
"E00077941",14,7,7
"E00077942",6,4,2
"E00077943",1,1,0
"E00077944",6,4,2
"E00077945",1,1,0
"E00077946",1,0,1
"E00077947",0,0,0
"E00077948",6,2,4
"E00077949",0,0,0
"E00077950",0,0,0
"E00077951",0,0,0
"E00077952",3,1,2
"E00077953",5,2,3
"E00077954",0,0,0
"E00077955",0,0,0
"E00077956",6,5,1
"E00077957",1,1,0
"E00077958",0,0,0
"E00077959",1,1,0
"E00077960",5,2,3
"E00077961",1,1,0
"E00077962",0,0,0
"E00077963",6,1,5
"E00077964",1,1,0
"E00077965",1,1,0
"E00077966",2,1,1
"E00077967",3,3,0
"E00077968",2,0,2
"E00077969",2,0,2
"E00077970",1,1,0
"E00077971",1,1,0
"E00077972",0,0,0
"E00077973",2,1,1
"E00077974",5,2,3
"E00077975",3,1,2
"E00077976",1,0,1
"E00077977",7,3,4
"E00077978",5,3,2
"E00077979",0,0,0
"E00077980",1,1,0
"E00077981",3,1,2
"E00077982",3,2,1
"E00077983",1,0,1
"E00077984",0,0,0
"E00077985",4,2,2
"E00077986",2,2,0
"E00077987",0,0,0
"E00077989",1,1,0
"E00077990",1,0,1
"E00077991",2,2,0
"E00077992",2,2,0
"E00077993",1,1,0
"E00077994",2,1,1
"E00077995",1,1,0
"E00077996",1,1,0
"E00077997",4,1,3
"E00077998",1,1,0
"E00077999",2,1,1
"E00078000",3,0,3
"E00078001",3,1,2
"E00078002",0,0,0
"E00078003",1,0,1
"E00078004",1,0,1
"E00078005",0,0,0
"E00078006",0,0,0
"E00078007",4,2,2
"E00078008",3,3,0
"E00078009",3,1,2
"E00078010",2,0,2
"E00078011",0,0,0
"E00078012",6,3,3
"E00078013",0,0,0
"E00078014",3,2,1
"E00078015",8,4,4
"E00078016",4,3,1
"E00078017",5,4,1
"E00078018",0,0,0
"E00078019",0,0,0
"E00078020",3,2,1
"E00078021",0,0,0
"E00078023",4,3,1
"E00078024",2,1,1
"E00078025",7,0,7
"E00078026",8,6,2
"E00078027",2,1,1
"E00078028",9,3,6
"E00078029",6,3,3
"E00078030",3,1,2
"E00078031",4,1,3
"E00078032",11,5,6
"E00078033",14,10,4
"E00078034",7,4,3
"E00078035",2,1,1
"E00078036",8,6,2
"E00078037",2,0,2
"E00078038",10,5,5
"E00078039",6,2,4
"E00078040",5,2,3
"E00078041",1,0,1
"E00078042",14,6,8
"E00078043",5,0,5
"E00078044",11,5,6
"E00078045",4,2,2
"E00078046",8,3,5
"E00078047",7,4,3
"E00078048",1,1,0
"E00078049",2,1,1
"E00078050",4,3,1
"E00078051",1,1,0
"E00078052",1,1,0
"E00078053",1,1,0
"E00078054",1,1,0
"E00078055",6,2,4
"E00078056",8,2,6
"E00078057",5,4,1
"E00078058",2,2,0
"E00078059",3,2,1
"E00078060",4,1,3
"E00078061",2,1,1
"E00078062",3,2,1
"E00078063",2,1,1
"E00078064",2,0,2
"E00078065",4,0,4
"E00078066",4,3,1
"E00078067",1,0,1
"E00078068",3,0,3
"E00078069",6,2,4
"E00078070",2,1,1
"E00078071",1,1,0
"E00078072",1,0,1
"E00078073",0,0,0
"E00078074",4,2,2
"E00078075",1,1,0
"E00078076",2,0,2
"E00078077",2,1,1
"E00078078",1,0,1
"E00078079",0,0,0
"E00078080",2,0,2
"E00078081",0,0,0
"E00078082",6,4,2
"E00078083",2,2,0
"E00078084",6,0,6
"E00078085",0,0,0
"E00078086",3,2,1
"E00078087",4,2,2
"E00078088",0,0,0
"E00078089",6,4,2
"E00078090",4,2,2
"E00078091",6,5,1
"E00078092",2,2,0
"E00078093",7,3,4
"E00078094",2,2,0
"E00078095",2,1,1
"E00078096",1,0,1
"E00078097",6,4,2
"E00078098",1,1,0
"E00078099",1,0,1
"E00078100",1,0,1
"E00078101",8,2,6
"E00078102",4,1,3
"E00078103",0,0,0
"E00078104",6,4,2
"E00078105",4,1,3
"E00078106",4,4,0
"E00078107",3,2,1
"E00078108",5,3,2
"E00078109",13,9,4
"E00078110",4,3,1
"E00078111",8,7,1
"E00078112",5,2,3
"E00078113",7,2,5
"E00078114",4,3,1
"E00078115",0,0,0
"E00078116",4,0,4
"E00078117",9,7,2
"E00078118",5,4,1
"E00078119",2,1,1
"E00078120",4,2,2
"E00078121",2,2,0
"E00078122",1,1,0
"E00078123",5,5,0
"E00078124",4,2,2
"E00078125",3,1,2
"E00078126",2,1,1
"E00078127",3,1,2
"E00078128",5,1,4
"E00078129",3,1,2
"E00078130",2,1,1
"E00078131",1,0,1
"E00078132",1,1,0
"E00078133",3,2,1
"E00078134",4,3,1
"E00078135",14,6,8
"E00078136",2,1,1
"E00078137",0,0,0
"E00078138",1,1,0
"E00078139",1,0,1
"E00078140",0,0,0
"E00078141",3,1,2
"E00078142",8,4,4
"E00078143",5,1,4
"E00078144",1,1,0
"E00078145",2,1,1
"E00078146",9,5,4
"E00078147",2,1,1
"E00078148",4,2,2
"E00078149",3,2,1
"E00078150",4,1,3
"E00078151",4,4,0
"E00078152",0,0,0
"E00078153",2,0,2
"E00078154",3,3,0
"E00078155",2,0,2
"E00078156",5,1,4
"E00078157",1,1,0
"E00078158",0,0,0
"E00078159",2,2,0
"E00078160",0,0,0
"E00078161",1,1,0
"E00078162",1,1,0
"E00078163",7,3,4
"E00078164",5,2,3
"E00078165",4,4,0
"E00078166",4,2,2
"E00078167",7,3,4
"E00078168",3,2,1
"E00078169",5,4,1
"E00078170",7,4,3
"E00078171",8,3,5
"E00078172",11,7,4
"E00078173",9,7,2
"E00078174",12,4,8
"E00078175",10,5,5
"E00078176",6,2,4
"E00078177",5,2,3
"E00078178",2,2,0
"E00078179",4,1,3
"E00078180",10,3,7
"E00078181",11,4,7
"E00078182",4,2,2
"E00078183",6,3,3
"E00078184",8,4,4
"E00078185",4,3,1
"E00078186",0,0,0
"E00078187",3,3,0
"E00078188",1,1,0
"E00078189",3,2,1
"E00078190",4,1,3
"E00078191",5,3,2
"E00078192",5,4,1
"E00078193",1,0,1
"E00078194",4,4,0
"E00078195",5,3,2
"E00078196",6,3,3
"E00078197",6,4,2
"E00078198",1,1,0
"E00078199",1,0,1
"E00078200",0,0,0
"E00078201",5,3,2
"E00078202",1,1,0
"E00078203",4,0,4
"E00078204",1,1,0
"E00078205",3,0,3
"E00078207",1,0,1
"E00078208",2,2,0
"E00078210",3,2,1
"E00078211",3,0,3
"E00078212",4,1,3
"E00078213",1,0,1
"E00078214",3,2,1
"E00078215",1,0,1
"E00078216",1,0,1
"E00078217",4,1,3
"E00078218",2,2,0
"E00078219",0,0,0
"E00078220",5,5,0
"E00078221",5,0,5
"E00078222",0,0,0
"E00078223",0,0,0
"E00078224",6,4,2
"E00078225",0,0,0
"E00078226",3,0,3
"E00078227",5,3,2
"E00078228",1,0,1
"E00078229",0,0,0
"E00078231",4,2,2
"E00078232",3,1,2
"E00078235",4,0,4
"E00078236",3,0,3
"E00078237",4,2,2
"E00078238",0,0,0
"E00078239",8,6,2
"E00078243",3,3,0
"E00078244",3,3,0
"E00078245",2,1,1
"E00078246",7,3,4
"E00078247",9,5,4
"E00078248",0,0,0
"E00078249",4,1,3
"E00078250",11,6,5
"E00078251",16,7,9
"E00078252",6,4,2
"E00078253",4,2,2
"E00078254",5,4,1
"E00078255",7,3,4
"E00078256",0,0,0
"E00078257",6,3,3
"E00078258",4,2,2
"E00078259",2,1,1
"E00078260",6,4,2
"E00078261",0,0,0
"E00078262",1,1,0
"E00078263",6,2,4
"E00078264",0,0,0
"E00078265",3,0,3
"E00078266",4,3,1
"E00078268",1,0,1
"E00078269",3,0,3
"E00078271",4,2,2
"E00078272",5,2,3
"E00078273",3,1,2
"E00078274",2,1,1
"E00078275",8,2,6
"E00078276",0,0,0
"E00078277",1,0,1
"E00078278",0,0,0
"E00078279",0,0,0
"E00078280",3,2,1
"E00078281",1,1,0
"E00078282",1,0,1
"E00078283",0,0,0
"E00078284",1,0,1
"E00078285",1,0,1
"E00078286",2,0,2
"E00078287",0,0,0
"E00078288",6,1,5
"E00078289",1,1,0
"E00078290",2,0,2
"E00078291",7,4,3
"E00078292",4,3,1
"E00078293",3,0,3
"E00078294",4,3,1
"E00078295",2,2,0
"E00078296",4,2,2
"E00078297",1,1,0
"E00078298",1,1,0
"E00078299",5,3,2
"E00078300",2,1,1
"E00078301",2,1,1
"E00078302",0,0,0
"E00078303",1,1,0
"E00078304",3,1,2
"E00078305",1,0,1
"E00078306",4,2,2
"E00078307",0,0,0
"E00078308",1,0,1
"E00078310",0,0,0
"E00078311",3,3,0
"E00078312",6,3,3
"E00078313",3,1,2
"E00078314",5,3,2
"E00078315",3,2,1
"E00078316",0,0,0
"E00078317",4,1,3
"E00078318",0,0,0
"E00078319",3,2,1
"E00078320",3,1,2
"E00078321",0,0,0
"E00078323",0,0,0
"E00078324",1,1,0
"E00078325",3,3,0
"E00078326",1,0,1
"E00078327",5,2,3
"E00078328",3,2,1
"E00078329",4,2,2
"E00078330",0,0,0
"E00078331",2,0,2
"E00078332",8,6,2
"E00078333",2,2,0
"E00078334",3,1,2
"E00078335",4,2,2
"E00078336",5,3,2
"E00078337",8,4,4
"E00078338",0,0,0
"E00078339",7,5,2
"E00078340",2,2,0
"E00078341",2,1,1
"E00078342",0,0,0
"E00078343",0,0,0
"E00078344",5,4,1
"E00078345",4,1,3
"E00078346",6,2,4
"E00078347",3,2,1
"E00078348",2,1,1
"E00078349",1,0,1
"E00078350",0,0,0
"E00078351",5,1,4
"E00078352",2,0,2
"E00078353",2,2,0
"E00078354",4,2,2
"E00078355",0,0,0
"E00078356",2,2,0
"E00078357",3,2,1
"E00078358",4,1,3
"E00078359",1,0,1
"E00078360",1,0,1
"E00078361",1,1,0
"E00078362",1,0,1
"E00078363",4,3,1
"E00078364",0,0,0
"E00078365",3,0,3
"E00078366",0,0,0
"E00078367",2,0,2
"E00078368",6,4,2
"E00078369",0,0,0
"E00078370",4,2,2
"E00078371",1,1,0
"E00078372",2,1,1
"E00078373",2,1,1
"E00078374",3,1,2
"E00078375",11,6,5
"E00078376",5,3,2
"E00078377",4,1,3
"E00078378",1,0,1
"E00078379",1,0,1
"E00078380",3,1,2
"E00078381",3,0,3
"E00078382",11,8,3
"E00078383",8,4,4
"E00078384",9,7,2
"E00078385",10,4,6
"E00078386",5,2,3
"E00078387",3,1,2
"E00078388",9,3,6
"E00078389",11,0,11
"E00078390",4,2,2
"E00078391",5,1,4
"E00078392",5,3,2
"E00078393",0,0,0
"E00078394",1,1,0
"E00078395",5,1,4
"E00078396",4,1,3
"E00078397",1,1,0
"E00078398",1,1,0
"E00078399",7,4,3
"E00078400",2,2,0
"E00078401",3,1,2
"E00078402",5,4,1
"E00078403",4,1,3
"E00078404",0,0,0
"E00078405",2,1,1
"E00078406",4,1,3
"E00078407",1,1,0
"E00078408",3,2,1
"E00078409",11,4,7
"E00078410",5,3,2
"E00078411",3,2,1
"E00078412",14,8,6
"E00078413",0,0,0
"E00078414",5,1,4
"E00078415",0,0,0
"E00078416",1,1,0
"E00078417",11,5,6
"E00078418",0,0,0
"E00078419",0,0,0
"E00078420",1,1,0
"E00078421",2,2,0
"E00078422",3,1,2
"E00078423",4,1,3
"E00078424",0,0,0
"E00078425",2,2,0
"E00078426",0,0,0
"E00078427",5,1,4
"E00078428",2,2,0
"E00078429",1,1,0
"E00078430",4,2,2
"E00078431",1,1,0
"E00078432",4,2,2
"E00078433",0,0,0
"E00078434",6,3,3
"E00078435",1,1,0
"E00078436",2,1,1
"E00078437",0,0,0
"E00078438",0,0,0
"E00078439",1,1,0
"E00078440",1,0,1
"E00078441",0,0,0
"E00078442",1,1,0
"E00078443",4,4,0
"E00078444",0,0,0
"E00078445",0,0,0
"E00078446",3,1,2
"E00078447",3,2,1
"E00078448",0,0,0
"E00078449",3,1,2
"E00078450",3,1,2
"E00078451",4,2,2
"E00078452",1,1,0
"E00078453",4,2,2
"E00078454",5,1,4
"E00078455",3,2,1
"E00078456",4,4,0
"E00078457",4,2,2
"E00078458",0,0,0
"E00078459",0,0,0
"E00078460",5,2,3
"E00078461",1,1,0
"E00078462",3,2,1
"E00078463",2,1,1
"E00078464",4,2,2
"E00078465",10,3,7
"E00078466",4,3,1
"E00078467",0,0,0
"E00078468",1,1,0
"E00078469",6,1,5
"E00078470",2,1,1
"E00078471",6,2,4
"E00078472",4,1,3
"E00078473",3,3,0
"E00078474",1,1,0
"E00078475",6,2,4
"E00078476",1,1,0
"E00078477",3,2,1
"E00078478",4,3,1
"E00078479",4,1,3
"E00078480",2,2,0
"E00078481",5,2,3
"E00078482",3,3,0
"E00078483",4,1,3
"E00078484",6,4,2
"E00078485",3,2,1
"E00078486",3,0,3
"E00078487",0,0,0
"E00078488",0,0,0
"E00078489",9,2,7
"E00078490",16,8,8
"E00078491",7,1,6
"E00078492",0,0,0
"E00078493",0,0,0
"E00078494",2,0,2
"E00078495",6,6,0
"E00078496",0,0,0
"E00078497",4,2,2
"E00078498",1,0,1
"E00078499",3,3,0
"E00078500",3,1,2
"E00078501",6,2,4
"E00078502",1,1,0
"E00078503",3,1,2
"E00078504",5,2,3
"E00078505",5,2,3
"E00078506",4,0,4
"E00078507",1,1,0
"E00078508",4,3,1
"E00078509",0,0,0
"E00078510",5,1,4
"E00078511",3,2,1
"E00078512",1,0,1
"E00078513",5,3,2
"E00078514",2,2,0
"E00078515",2,2,0
"E00078516",4,3,1
"E00078517",2,1,1
"E00078518",1,0,1
"E00078519",0,0,0
"E00078520",1,0,1
"E00078521",0,0,0
"E00078522",0,0,0
"E00078523",3,0,3
"E00078524",1,1,0
"E00078525",1,1,0
"E00078526",0,0,0
"E00078527",2,1,1
"E00078528",1,1,0
"E00078529",0,0,0
"E00078530",1,0,1
"E00078531",1,0,1
"E00078532",3,2,1
"E00078533",3,1,2
"E00078534",2,1,1
"E00078535",6,3,3
"E00078536",4,2,2
"E00078537",5,1,4
"E00078538",1,1,0
"E00078539",9,5,4
"E00078540",10,5,5
"E00078541",6,4,2
"E00078542",15,5,10
"E00078543",2,0,2
"E00078545",5,3,2
"E00078546",6,2,4
"E00078547",11,2,9
"E00078548",3,0,3
"E00078550",3,2,1
"E00078551",4,2,2
"E00078552",4,2,2
"E00078553",5,1,4
"E00078554",8,4,4
"E00078555",7,5,2
"E00078557",6,2,4
"E00078558",5,2,3
"E00078559",12,4,8
"E00078560",8,3,5
"E00078561",9,4,5
"E00078562",3,3,0
"E00078563",3,1,2
"E00078564",2,2,0
"E00078565",2,2,0
"E00078567",5,3,2
"E00078568",0,0,0
"E00078569",4,1,3
"E00078570",2,0,2
"E00078571",0,0,0
"E00078572",2,1,1
"E00078573",0,0,0
"E00078574",1,1,0
"E00078575",3,1,2
"E00078576",2,0,2
"E00078577",0,0,0
"E00078578",4,2,2
"E00078579",1,1,0
"E00078580",2,1,1
"E00078581",2,1,1
"E00078582",0,0,0
"E00078583",2,1,1
"E00078584",3,2,1
"E00078585",3,2,1
"E00078586",1,0,1
"E00078587",2,2,0
"E00078588",3,3,0
"E00078589",3,2,1
"E00078590",2,1,1
"E00078591",1,1,0
"E00078592",2,1,1
"E00078593",1,0,1
"E00078594",5,3,2
"E00078595",3,1,2
"E00078596",2,1,1
"E00078597",2,2,0
"E00078598",1,0,1
"E00078599",0,0,0
"E00078600",2,0,2
"E00078601",0,0,0
"E00078602",1,0,1
"E00078603",1,0,1
"E00078604",1,0,1
"E00078605",2,1,1
"E00078606",1,0,1
"E00078607",2,1,1
"E00078608",1,1,0
"E00078609",2,0,2
"E00078610",1,0,1
"E00078611",0,0,0
"E00078612",0,0,0
"E00078613",2,0,2
"E00078614",0,0,0
"E00078615",0,0,0
"E00078616",0,0,0
"E00078617",0,0,0
"E00078618",0,0,0
"E00078619",0,0,0
"E00078620",1,1,0
"E00078621",1,0,1
"E00078622",8,2,6
"E00078623",14,8,6
"E00078624",5,3,2
"E00078625",10,4,6
"E00078626",4,1,3
"E00078627",8,4,4
"E00078628",6,4,2
"E00078629",9,5,4
"E00078630",3,3,0
"E00078631",18,7,11
"E00078632",4,2,2
"E00078633",0,0,0
"E00078634",6,3,3
"E00078635",6,3,3
"E00078636",1,0,1
"E00078637",5,3,2
"E00078638",3,2,1
"E00078639",5,3,2
"E00078640",6,2,4
"E00078641",5,3,2
"E00078642",1,1,0
"E00078643",2,1,1
"E00078644",2,0,2
"E00078645",3,2,1
"E00078646",3,2,1
"E00078647",5,4,1
"E00078648",7,1,6
"E00078649",1,1,0
"E00078650",4,2,2
"E00078651",3,0,3
"E00078652",2,1,1
"E00078653",3,2,1
"E00078654",3,3,0
"E00078655",3,1,2
"E00078656",4,1,3
"E00078658",3,2,1
"E00078660",0,0,0
"E00078661",2,1,1
"E00078662",3,2,1
"E00078663",4,0,4
"E00078664",5,4,1
"E00078665",3,1,2
"E00078666",6,3,3
"E00078667",0,0,0
"E00078668",1,1,0
"E00078669",0,0,0
"E00078670",3,3,0
"E00078671",3,0,3
"E00078672",5,1,4
"E00078673",2,2,0
"E00078674",0,0,0
"E00078675",2,1,1
"E00078676",0,0,0
"E00078677",1,0,1
"E00078678",5,4,1
"E00078679",3,1,2
"E00078680",2,0,2
"E00078681",8,2,6
"E00078682",0,0,0
"E00078683",5,5,0
"E00078684",4,1,3
"E00078685",5,2,3
"E00078686",1,0,1
"E00078687",7,3,4
"E00078688",3,2,1
"E00078689",1,0,1
"E00078690",1,1,0
"E00078691",1,0,1
"E00078692",1,1,0
"E00078693",9,6,3
"E00078694",6,5,1
"E00078695",9,5,4
"E00078696",5,2,3
"E00078697",16,9,7
"E00078698",7,4,3
"E00078699",2,2,0
"E00078700",1,0,1
"E00078701",8,5,3
"E00078702",10,6,4
"E00078703",16,9,7
"E00078704",3,3,0
"E00078705",13,6,7
"E00078706",4,4,0
"E00078707",3,2,1
"E00078708",1,0,1
"E00078709",3,2,1
"E00078710",0,0,0
"E00078711",2,2,0
"E00078712",4,2,2
"E00078713",7,5,2
"E00078714",2,1,1
"E00078715",5,3,2
"E00078716",8,4,4
"E00078717",3,2,1
"E00078718",3,1,2
"E00078719",10,7,3
"E00078720",2,2,0
"E00078721",8,3,5
"E00078722",3,2,1
"E00078723",3,2,1
"E00078724",1,0,1
"E00078725",1,1,0
"E00078726",1,0,1
"E00078727",2,0,2
"E00078728",0,0,0
"E00078729",0,0,0
"E00078730",1,0,1
"E00078731",3,3,0
"E00078732",0,0,0
"E00078733",1,1,0
"E00078734",1,1,0
"E00078735",2,2,0
"E00078736",6,3,3
"E00078737",0,0,0
"E00078738",7,3,4
"E00078739",2,0,2
"E00078740",5,2,3
"E00078741",6,4,2
"E00078742",0,0,0
"E00078743",4,4,0
"E00078744",6,3,3
"E00078745",6,3,3
"E00078746",0,0,0
"E00078747",1,0,1
"E00078748",1,0,1
"E00078749",0,0,0
"E00078750",2,1,1
"E00078751",1,0,1
"E00078752",1,0,1
"E00078753",0,0,0
"E00078754",1,1,0
"E00078755",1,0,1
"E00078756",0,0,0
"E00078757",2,0,2
"E00078758",5,2,3
"E00078760",3,1,2
"E00078761",8,4,4
"E00078762",0,0,0
"E00078763",1,0,1
"E00078764",2,2,0
"E00078765",6,1,5
"E00078766",1,1,0
"E00078767",4,3,1
"E00078768",0,0,0
"E00078769",1,0,1
"E00078770",1,0,1
"E00078771",1,1,0
"E00078773",1,0,1
"E00078774",0,0,0
"E00078775",0,0,0
"E00078776",1,1,0
"E00078777",0,0,0
"E00078778",5,3,2
"E00078779",1,0,1
"E00078780",0,0,0
"E00078782",0,0,0
"E00078783",5,4,1
"E00078784",3,0,3
"E00078785",0,0,0
"E00078786",4,0,4
"E00078787",1,0,1
"E00078788",0,0,0
"E00078789",1,0,1
"E00078790",3,2,1
"E00078791",2,1,1
"E00078792",4,2,2
"E00078793",6,3,3
"E00078794",1,1,0
"E00078795",1,1,0
"E00078796",1,1,0
"E00078797",4,1,3
"E00078798",5,1,4
"E00078799",2,1,1
"E00078800",1,0,1
"E00078801",1,1,0
"E00078802",0,0,0
"E00078803",7,4,3
"E00078804",1,1,0
"E00078805",6,3,3
"E00078806",12,8,4
"E00078807",2,2,0
"E00078808",10,3,7
"E00078809",5,2,3
"E00078810",0,0,0
"E00078811",0,0,0
"E00078812",6,3,3
"E00078813",2,0,2
"E00078814",4,3,1
"E00078815",9,4,5
"E00078816",3,3,0
"E00078817",3,2,1
"E00078818",4,3,1
"E00078819",1,0,1
"E00078820",1,1,0
"E00078821",4,3,1
"E00078822",9,2,7
"E00078823",0,0,0
"E00078824",9,6,3
"E00078825",2,1,1
"E00078826",1,1,0
"E00078828",10,5,5
"E00078829",5,3,2
"E00078830",2,0,2
"E00078831",4,1,3
"E00078832",2,2,0
"E00078833",2,1,1
"E00078834",0,0,0
"E00078835",7,1,6
"E00078836",6,6,0
"E00078837",14,5,9
"E00078838",10,6,4
"E00078839",3,2,1
"E00078840",12,8,4
"E00078841",10,6,4
"E00078842",8,3,5
"E00078843",4,3,1
"E00078844",7,2,5
"E00078845",3,1,2
"E00078846",6,5,1
"E00078847",12,7,5
"E00078848",1,1,0
"E00078849",0,0,0
"E00078850",4,1,3
"E00078851",4,2,2
"E00078852",2,2,0
"E00078853",0,0,0
"E00078854",0,0,0
"E00078855",0,0,0
"E00078856",1,1,0
"E00078857",6,0,6
"E00078858",10,8,2
"E00078859",0,0,0
"E00078860",3,1,2
"E00078861",3,2,1
"E00078862",3,3,0
"E00078863",1,0,1
"E00078864",0,0,0
"E00078865",2,2,0
"E00078866",2,1,1
"E00078867",0,0,0
"E00078868",13,3,10
"E00078869",4,0,4
"E00078870",1,1,0
"E00078871",3,1,2
"E00078872",2,1,1
"E00078873",4,0,4
"E00078874",2,0,2
"E00078875",15,8,7
"E00078876",1,0,1
"E00078877",8,2,6
"E00078878",5,1,4
"E00078879",1,1,0
"E00078880",16,13,3
"E00078881",2,1,1
"E00078882",0,0,0
"E00078883",2,1,1
"E00078884",7,1,6
"E00078885",1,1,0
"E00078886",6,2,4
"E00078887",2,1,1
"E00078888",5,2,3
"E00078889",3,2,1
"E00078892",1,0,1
"E00078893",0,0,0
"E00078894",0,0,0
"E00078896",4,2,2
"E00078897",2,2,0
"E00078898",1,1,0
"E00078899",2,2,0
"E00078900",6,2,4
"E00078901",5,1,4
"E00078902",5,2,3
"E00078903",3,2,1
"E00078904",6,3,3
"E00078905",5,0,5
"E00078906",7,3,4
"E00078907",3,1,2
"E00078908",7,3,4
"E00078909",9,0,9
"E00078910",4,1,3
"E00078911",11,5,6
"E00078912",1,0,1
"E00078913",4,3,1
"E00078914",2,1,1
"E00078915",0,0,0
"E00078916",4,3,1
"E00078917",2,2,0
"E00078918",3,2,1
"E00078919",0,0,0
"E00078920",5,2,3
"E00078921",1,0,1
"E00078922",0,0,0
"E00078923",3,2,1
"E00078924",4,3,1
"E00078925",0,0,0
"E00078926",5,2,3
"E00078927",1,0,1
"E00078928",1,0,1
"E00078929",0,0,0
"E00078930",0,0,0
"E00078931",0,0,0
"E00078932",1,0,1
"E00078933",1,0,1
"E00078934",3,1,2
"E00078935",1,1,0
"E00078936",3,0,3
"E00078937",1,1,0
"E00078938",6,2,4
"E00078939",3,3,0
"E00078940",2,2,0
"E00078941",3,1,2
"E00078942",3,0,3
"E00078943",5,2,3
"E00078944",1,0,1
"E00078945",3,2,1
"E00078946",4,2,2
"E00078947",3,3,0
"E00078948",4,1,3
"E00078949",7,4,3
"E00078950",3,2,1
"E00078951",2,1,1
"E00078952",6,2,4
"E00078953",1,1,0
"E00078954",1,1,0
"E00078955",1,1,0
"E00078956",0,0,0
"E00078957",5,4,1
"E00078958",2,0,2
"E00078959",1,1,0
"E00078960",2,1,1
"E00078961",2,0,2
"E00078962",0,0,0
"E00078963",2,1,1
"E00078964",0,0,0
"E00078965",1,0,1
"E00078967",4,2,2
"E00078968",4,2,2
"E00078969",0,0,0
"E00078970",2,2,0
"E00078971",4,3,1
"E00078972",4,2,2
"E00078973",11,6,5
"E00078974",0,0,0
"E00078975",0,0,0
"E00078976",2,0,2
"E00078977",3,2,1
"E00078978",2,0,2
"E00078979",5,1,4
"E00078980",0,0,0
"E00078981",1,0,1
"E00078982",1,0,1
"E00078983",5,1,4
"E00078984",3,1,2
"E00078985",0,0,0
"E00078986",5,2,3
"E00078987",2,1,1
"E00078988",5,2,3
"E00078989",2,1,1
"E00078990",3,1,2
"E00078991",4,3,1
"E00078992",1,1,0
"E00078993",2,1,1
"E00078994",3,2,1
"E00078995",3,2,1
"E00078996",1,1,0
"E00078997",1,0,1
"E00078998",5,1,4
"E00078999",3,2,1
"E00079000",1,0,1
"E00079001",2,0,2
"E00079003",2,0,2
"E00079004",0,0,0
"E00079005",0,0,0
"E00079006",0,0,0
"E00079007",4,1,3
"E00079008",0,0,0
"E00079009",5,1,4
"E00079010",3,2,1
"E00079011",3,1,2
"E00079012",0,0,0
"E00079013",1,0,1
"E00079014",1,0,1
"E00079015",0,0,0
"E00079016",0,0,0
"E00079017",2,0,2
"E00079018",4,2,2
"E00079019",6,6,0
"E00079020",4,3,1
"E00079021",3,1,2
"E00079022",0,0,0
"E00079024",6,4,2
"E00079025",4,4,0
"E00079026",15,6,9
"E00079027",6,6,0
"E00079028",16,6,10
"E00079029",7,5,2
"E00079030",12,4,8
"E00079031",1,0,1
"E00079032",12,6,6
"E00079033",3,2,1
"E00079034",3,1,2
"E00079035",8,5,3
"E00079036",8,3,5
"E00079037",8,5,3
"E00079038",1,0,1
"E00079040",4,2,2
"E00079042",0,0,0
"E00079043",9,6,3
"E00079044",6,4,2
"E00079045",3,1,2
"E00079046",5,2,3
"E00079047",8,7,1
"E00079048",9,4,5
"E00079049",2,0,2
"E00079050",3,3,0
"E00079051",2,1,1
"E00079052",3,2,1
"E00079053",8,2,6
"E00079054",2,1,1
"E00079055",1,0,1
"E00079056",2,1,1
"E00079057",3,1,2
"E00079058",0,0,0
"E00079059",0,0,0
"E00079060",4,3,1
"E00079061",2,1,1
"E00079062",0,0,0
"E00079063",0,0,0
"E00079064",2,1,1
"E00079065",1,1,0
"E00079066",1,0,1
"E00079067",0,0,0
"E00079068",5,2,3
"E00079069",0,0,0
"E00079070",3,1,2
"E00079071",3,2,1
"E00079072",0,0,0
"E00079073",10,4,6
"E00079074",4,3,1
"E00079075",14,10,4
"E00079076",5,4,1
"E00079077",8,6,2
"E00079078",0,0,0
"E00079079",1,1,0
"E00079080",8,3,5
"E00079081",12,4,8
"E00079082",0,0,0
"E00079083",3,2,1
"E00079084",7,3,4
"E00079085",6,2,4
"E00079086",2,1,1
"E00079087",1,0,1
"E00079088",0,0,0
"E00079089",0,0,0
"E00079090",0,0,0
"E00079091",1,1,0
"E00079092",3,3,0
"E00079093",0,0,0
"E00079094",3,0,3
"E00079095",0,0,0
"E00079096",2,1,1
"E00079097",0,0,0
"E00079098",2,0,2
"E00079099",1,1,0
"E00079100",5,3,2
"E00079101",8,3,5
"E00079102",3,2,1
"E00079103",7,1,6
"E00079104",2,0,2
"E00079105",1,0,1
"E00079106",0,0,0
"E00079107",3,2,1
"E00079108",2,2,0
"E00079109",2,0,2
"E00079110",3,1,2
"E00079111",0,0,0
"E00079112",3,1,2
"E00079113",0,0,0
"E00079114",2,2,0
"E00079115",8,2,6
"E00079116",5,4,1
"E00079117",0,0,0
"E00079118",3,3,0
"E00079119",8,3,5
"E00079120",5,2,3
"E00079121",6,3,3
"E00079122",6,3,3
"E00079123",2,1,1
"E00079125",2,2,0
"E00079126",2,1,1
"E00079127",1,1,0
"E00079128",0,0,0
"E00079129",0,0,0
"E00079130",3,1,2
"E00079131",1,1,0
"E00079132",2,1,1
"E00079133",12,6,6
"E00079134",6,2,4
"E00079135",9,3,6
"E00079136",8,6,2
"E00079137",9,4,5
"E00079138",3,2,1
"E00079139",0,0,0
"E00079140",13,7,6
"E00079141",5,3,2
"E00079142",13,6,7
"E00079145",3,0,3
"E00079146",7,2,5
"E00079147",0,0,0
"E00079148",4,2,2
"E00079149",7,4,3
"E00079151",4,2,2
"E00079152",3,0,3
"E00079153",10,3,7
"E00079154",16,6,10
"E00079155",0,0,0
"E00079156",2,1,1
"E00079157",4,2,2
"E00079158",4,2,2
"E00079159",3,3,0
"E00079160",10,4,6
"E00079161",5,2,3
"E00079162",3,3,0
"E00079163",6,3,3
"E00079164",6,2,4
"E00079165",3,1,2
"E00079166",13,8,5
"E00079167",8,1,7
"E00079168",7,3,4
"E00079169",4,2,2
"E00079170",11,7,4
"E00079171",5,4,1
"E00079172",2,1,1
"E00079173",9,4,5
"E00079174",2,1,1
"E00079175",2,1,1
"E00079176",6,3,3
"E00079177",10,7,3
"E00079178",0,0,0
"E00079179",5,2,3
"E00079180",0,0,0
"E00079181",0,0,0
"E00079182",4,3,1
"E00079183",0,0,0
"E00079184",2,1,1
"E00079185",2,1,1
"E00079186",3,1,2
"E00079187",8,4,4
"E00079188",1,0,1
"E00079189",2,1,1
"E00079190",3,1,2
"E00079191",5,4,1
"E00079192",0,0,0
"E00079193",2,1,1
"E00079194",2,1,1
"E00079195",4,1,3
"E00079196",0,0,0
"E00079197",4,2,2
"E00079198",0,0,0
"E00079199",2,0,2
"E00079200",3,2,1
"E00079201",0,0,0
"E00079202",2,2,0
"E00079203",0,0,0
"E00079204",3,0,3
"E00079205",0,0,0
"E00079206",3,0,3
"E00079207",4,2,2
"E00079208",0,0,0
"E00079209",8,4,4
"E00079210",2,2,0
"E00079211",2,2,0
"E00079212",0,0,0
"E00079213",4,3,1
"E00079214",3,1,2
"E00079215",1,0,1
"E00079216",3,2,1
"E00079217",1,0,1
"E00079218",0,0,0
"E00079219",2,1,1
"E00079220",1,1,0
"E00079221",9,3,6
"E00079222",5,3,2
"E00079223",9,3,6
"E00079224",5,2,3
"E00079225",1,0,1
"E00079226",0,0,0
"E00079227",2,1,1
"E00079228",6,4,2
"E00079229",2,0,2
"E00079230",5,1,4
"E00079231",5,3,2
"E00079232",0,0,0
"E00079233",1,0,1
"E00079234",4,1,3
"E00079235",0,0,0
"E00079236",5,2,3
"E00079237",1,1,0
"E00079238",1,0,1
"E00079239",4,1,3
"E00079240",5,4,1
"E00079241",4,1,3
"E00079242",6,6,0
"E00079243",1,0,1
"E00079244",2,1,1
"E00079245",0,0,0
"E00079246",2,2,0
"E00079247",1,0,1
"E00079248",0,0,0
"E00079249",2,2,0
"E00079250",2,1,1
"E00079251",0,0,0
"E00079252",1,0,1
"E00079253",3,1,2
"E00079254",5,3,2
"E00079255",4,1,3
"E00079256",5,4,1
"E00079257",1,1,0
"E00079258",0,0,0
"E00079259",3,0,3
"E00079260",3,1,2
"E00079261",3,1,2
"E00079262",6,3,3
"E00079263",4,3,1
"E00079264",2,1,1
"E00079265",4,3,1
"E00079266",1,1,0
"E00079267",0,0,0
"E00079268",4,2,2
"E00079269",0,0,0
"E00079270",1,0,1
"E00079271",3,1,2
"E00079272",4,3,1
"E00079273",5,0,5
"E00079274",0,0,0
"E00079275",0,0,0
"E00079276",9,7,2
"E00079277",3,3,0
"E00079278",1,0,1
"E00079279",1,1,0
"E00079280",0,0,0
"E00079281",3,1,2
"E00079282",1,1,0
"E00079283",4,1,3
"E00079284",2,0,2
"E00079285",0,0,0
"E00079286",1,1,0
"E00079287",1,0,1
"E00079288",3,2,1
"E00079289",4,3,1
"E00079290",4,3,1
"E00079291",3,2,1
"E00079292",2,0,2
"E00079293",5,2,3
"E00079294",8,4,4
"E00079295",1,1,0
"E00079296",2,2,0
"E00079297",3,1,2
"E00079298",11,4,7
"E00079299",6,3,3
"E00079300",1,0,1
"E00079301",2,0,2
"E00079302",1,0,1
"E00079303",1,1,0
"E00079304",6,3,3
"E00079305",8,6,2
"E00079306",12,5,7
"E00079307",1,1,0
"E00079308",4,2,2
"E00079309",13,6,7
"E00079310",4,2,2
"E00079311",12,6,6
"E00079312",5,2,3
"E00079313",1,1,0
"E00079314",12,5,7
"E00079315",1,1,0
"E00079316",2,1,1
"E00079317",8,2,6
"E00079318",4,2,2
"E00079319",2,1,1
"E00079320",1,1,0
"E00079321",2,2,0
"E00079322",1,0,1
"E00079323",1,1,0
"E00079324",4,3,1
"E00079325",6,4,2
"E00079326",6,4,2
"E00079327",15,7,8
"E00079328",1,1,0
"E00079329",1,1,0
"E00079330",0,0,0
"E00079331",6,3,3
"E00079332",5,4,1
"E00079333",2,2,0
"E00079334",3,3,0
"E00079335",1,0,1
"E00079336",4,2,2
"E00079337",4,3,1
"E00079338",11,6,5
"E00079339",1,0,1
"E00079340",13,8,5
"E00079341",3,1,2
"E00079342",13,9,4
"E00079343",13,7,6
"E00079344",2,0,2
"E00079345",2,0,2
"E00079346",4,3,1
"E00079347",3,3,0
"E00079348",8,8,0
"E00079349",6,5,1
"E00079350",5,3,2
"E00079351",12,4,8
"E00079352",4,3,1
"E00079353",2,2,0
"E00079354",12,6,6
"E00079355",7,2,5
"E00079356",2,0,2
"E00079357",7,5,2
"E00079358",8,3,5
"E00079359",6,4,2
"E00079360",11,9,2
"E00079361",14,7,7
"E00079362",6,5,1
"E00079363",6,2,4
"E00079364",5,2,3
"E00079365",2,2,0
"E00079366",1,0,1
"E00079367",9,4,5
"E00079368",7,4,3
"E00079369",13,4,9
"E00079370",10,8,2
"E00079371",5,2,3
"E00079372",5,4,1
"E00079373",7,5,2
"E00079374",8,5,3
"E00079375",14,9,5
"E00079376",1,0,1
"E00079377",11,8,3
"E00079378",4,2,2
"E00079379",10,5,5
"E00079380",5,2,3
"E00079381",12,6,6
"E00079382",12,6,6
"E00079383",5,3,2
"E00079384",8,3,5
"E00079385",12,8,4
"E00079386",4,3,1
"E00079387",4,3,1
"E00079388",3,2,1
"E00079389",5,5,0
"E00079390",6,4,2
"E00079392",2,1,1
"E00079393",0,0,0
"E00079394",4,2,2
"E00079395",5,5,0
"E00079397",2,1,1
"E00079398",2,1,1
"E00079400",7,3,4
"E00079401",4,4,0
"E00079402",4,3,1
"E00079403",2,2,0
"E00079404",0,0,0
"E00079405",0,0,0
"E00079406",0,0,0
"E00079407",0,0,0
"E00079408",3,2,1
"E00079409",2,2,0
"E00079410",5,3,2
"E00079411",1,1,0
"E00079412",4,3,1
"E00079413",7,5,2
"E00079414",8,6,2
"E00079415",0,0,0
"E00079416",3,1,2
"E00079417",9,7,2
"E00079418",3,2,1
"E00079419",7,7,0
"E00079420",0,0,0
"E00079421",1,0,1
"E00079422",2,1,1
"E00079423",0,0,0
"E00079424",3,2,1
"E00079425",5,3,2
"E00079426",11,7,4
"E00079427",4,1,3
"E00079428",6,4,2
"E00079429",6,5,1
"E00079430",2,1,1
"E00079431",0,0,0
"E00079432",6,5,1
"E00079433",3,1,2
"E00079434",5,2,3
"E00079435",7,1,6
"E00079436",8,7,1
"E00079437",12,6,6
"E00079438",8,6,2
"E00079439",12,6,6
"E00079440",3,1,2
"E00079441",7,6,1
"E00079442",7,2,5
"E00079443",7,1,6
"E00079444",4,2,2
"E00079445",2,0,2
"E00079446",5,3,2
"E00079447",1,1,0
"E00079448",1,1,0
"E00079449",0,0,0
"E00079450",6,3,3
"E00079451",1,0,1
"E00079452",5,3,2
"E00079453",3,0,3
"E00079454",6,3,3
"E00079455",1,0,1
"E00079456",0,0,0
"E00079457",5,2,3
"E00079458",5,4,1
"E00079459",3,2,1
"E00079460",9,2,7
"E00079461",1,1,0
"E00079462",3,0,3
"E00079463",4,3,1
"E00079464",0,0,0
"E00079465",1,0,1
"E00079466",7,4,3
"E00079467",1,0,1
"E00079468",2,2,0
"E00079469",0,0,0
"E00079470",1,1,0
"E00079471",4,2,2
"E00079472",5,2,3
"E00079473",3,3,0
"E00079474",3,3,0
"E00079475",5,3,2
"E00079476",5,4,1
"E00079477",1,0,1
"E00079478",22,10,12
"E00079479",3,0,3
"E00079480",3,2,1
"E00079481",0,0,0
"E00079482",5,4,1
"E00079483",1,1,0
"E00079484",4,2,2
"E00079485",1,1,0
"E00079486",2,0,2
"E00079487",3,2,1
"E00079488",4,2,2
"E00079489",2,2,0
"E00079490",3,1,2
"E00079491",4,4,0
"E00079492",0,0,0
"E00079493",1,0,1
"E00079494",3,2,1
"E00079495",0,0,0
"E00079496",3,2,1
"E00079497",2,1,1
"E00079498",4,3,1
"E00079499",5,2,3
"E00079500",3,1,2
"E00079501",4,2,2
"E00079502",2,2,0
"E00079503",6,5,1
"E00079505",12,7,5
"E00079506",0,0,0
"E00079507",5,1,4
"E00079508",12,6,6
"E00079509",3,2,1
"E00079510",0,0,0
"E00079511",1,1,0
"E00079512",2,2,0
"E00079513",4,2,2
"E00079514",3,3,0
"E00079515",0,0,0
"E00079516",2,1,1
"E00079517",10,5,5
"E00079518",7,3,4
"E00079519",10,5,5
"E00079520",0,0,0
"E00079521",10,8,2
"E00079522",3,1,2
"E00079524",4,2,2
"E00079526",1,1,0
"E00079527",2,0,2
"E00079528",7,4,3
"E00079529",3,3,0
"E00079530",4,1,3
"E00079531",4,1,3
"E00079532",1,1,0
"E00079533",2,0,2
"E00079534",3,3,0
"E00079535",1,1,0
"E00079536",5,5,0
"E00079537",1,0,1
"E00079538",0,0,0
"E00079539",1,1,0
"E00079540",5,2,3
"E00079541",1,0,1
"E00079542",6,6,0
"E00079543",1,0,1
"E00079544",8,4,4
"E00079545",1,0,1
"E00079546",2,1,1
"E00079547",5,3,2
"E00079548",2,1,1
"E00079549",7,3,4
"E00079550",8,4,4
"E00079551",7,3,4
"E00079552",1,0,1
"E00079553",6,2,4
"E00079554",4,1,3
"E00079555",1,0,1
"E00079556",1,0,1
"E00079557",0,0,0
"E00079558",1,1,0
"E00079559",8,4,4
"E00079560",2,2,0
"E00079561",0,0,0
"E00079562",7,2,5
"E00079563",3,1,2
"E00079564",0,0,0
"E00079565",7,6,1
"E00079566",2,2,0
"E00079567",4,3,1
"E00079568",0,0,0
"E00079569",1,1,0
"E00079570",3,0,3
"E00079571",5,4,1
"E00079572",5,0,5
"E00079573",6,1,5
"E00079574",0,0,0
"E00079575",6,3,3
"E00079576",2,0,2
"E00079577",2,1,1
"E00079578",0,0,0
"E00079579",2,1,1
"E00079580",3,0,3
"E00079581",0,0,0
"E00079582",7,2,5
"E00079583",0,0,0
"E00079584",1,1,0
"E00079585",5,3,2
"E00079586",6,2,4
"E00079587",4,3,1
"E00079588",1,0,1
"E00079589",0,0,0
"E00079590",1,0,1
"E00079591",0,0,0
"E00079592",1,0,1
"E00079593",1,1,0
"E00079594",6,2,4
"E00079595",4,4,0
"E00079596",1,1,0
"E00079597",0,0,0
"E00079599",6,2,4
"E00079600",3,1,2
"E00079601",3,2,1
"E00079602",1,0,1
"E00079603",1,1,0
"E00079604",8,3,5
"E00079605",7,5,2
"E00079606",0,0,0
"E00079607",13,8,5
"E00079608",13,5,8
"E00079609",14,6,8
"E00079610",3,0,3
"E00079611",4,1,3
"E00079612",10,6,4
"E00079613",3,1,2
"E00079614",0,0,0
"E00079615",9,6,3
"E00079616",9,5,4
"E00079617",7,3,4
"E00079618",7,2,5
"E00079619",5,4,1
"E00079620",7,3,4
"E00079621",5,5,0
"E00079622",4,2,2
"E00079623",1,0,1
"E00079624",2,2,0
"E00079625",0,0,0
"E00079626",11,7,4
"E00079627",8,5,3
"E00079628",1,1,0
"E00079629",4,2,2
"E00079630",8,2,6
"E00079631",1,1,0
"E00079632",8,5,3
"E00079634",6,4,2
"E00079635",4,1,3
"E00079636",2,0,2
"E00079637",5,2,3
"E00079638",3,2,1
"E00079639",2,1,1
"E00079640",2,1,1
"E00079641",6,3,3
"E00079642",0,0,0
"E00079643",0,0,0
"E00079644",10,7,3
"E00079645",2,1,1
"E00079646",0,0,0
"E00079647",4,1,3
"E00079648",2,1,1
"E00079649",0,0,0
"E00079650",3,3,0
"E00079651",6,3,3
"E00079652",5,4,1
"E00079653",3,2,1
"E00079654",2,2,0
"E00079655",7,3,4
"E00079656",9,5,4
"E00079657",3,1,2
"E00079658",1,1,0
"E00079659",5,1,4
"E00079660",4,1,3
"E00079661",3,1,2
"E00079662",2,1,1
"E00079663",4,2,2
"E00079664",0,0,0
"E00079665",1,0,1
"E00079666",3,2,1
"E00079667",6,3,3
"E00079668",2,1,1
"E00079669",3,1,2
"E00079670",6,3,3
"E00079671",2,1,1
"E00079672",1,0,1
"E00079673",1,0,1
"E00079674",0,0,0
"E00079675",2,1,1
"E00079676",0,0,0
"E00079677",5,3,2
"E00079678",3,2,1
"E00079679",1,1,0
"E00079680",2,0,2
"E00079681",0,0,0
"E00079682",1,1,0
"E00079683",3,1,2
"E00079684",1,0,1
"E00079685",3,3,0
"E00079686",7,3,4
"E00079687",3,2,1
"E00079688",1,0,1
"E00079689",0,0,0
"E00079690",4,3,1
"E00079691",5,4,1
"E00079692",7,3,4
"E00079693",1,0,1
"E00079694",0,0,0
"E00079695",5,1,4
"E00079696",1,1,0
"E00079697",3,1,2
"E00079698",1,1,0
"E00079699",20,5,15
"E00079700",3,2,1
"E00079701",3,2,1
"E00079702",7,4,3
"E00079703",1,1,0
"E00079704",3,2,1
"E00079705",4,3,1
"E00079706",5,3,2
"E00079707",4,1,3
"E00079708",7,1,6
"E00079709",3,1,2
"E00079710",1,0,1
"E00079711",9,7,2
"E00079712",7,4,3
"E00079713",0,0,0
"E00079714",2,1,1
"E00079715",11,5,6
"E00079716",6,1,5
"E00079717",1,0,1
"E00079718",7,3,4
"E00079719",4,3,1
"E00079720",2,2,0
"E00079721",0,0,0
"E00079722",2,0,2
"E00079723",4,2,2
"E00079724",0,0,0
"E00079725",2,1,1
"E00079726",4,2,2
"E00079727",4,1,3
"E00079728",5,2,3
"E00079729",1,0,1
"E00079730",3,2,1
"E00079731",6,1,5
"E00079732",2,1,1
"E00079733",1,0,1
"E00079734",7,4,3
"E00079735",7,3,4
"E00079736",0,0,0
"E00079737",0,0,0
"E00079738",0,0,0
"E00079739",6,3,3
"E00079740",5,3,2
"E00079741",3,3,0
"E00079742",2,1,1
"E00079743",5,3,2
"E00079744",2,0,2
"E00079745",9,4,5
"E00079746",5,1,4
"E00079747",3,2,1
"E00079748",6,3,3
"E00079749",3,1,2
"E00079750",6,2,4
"E00079751",11,6,5
"E00079752",0,0,0
"E00079753",5,5,0
"E00079754",1,0,1
"E00079755",8,3,5
"E00079756",3,1,2
"E00079757",1,1,0
"E00079758",1,0,1
"E00079759",4,3,1
"E00079760",3,2,1
"E00079761",1,1,0
"E00079762",2,0,2
"E00079763",6,2,4
"E00079764",2,1,1
"E00079765",3,1,2
"E00079766",1,0,1
"E00079767",3,1,2
"E00079768",1,1,0
"E00079769",2,1,1
"E00079770",5,5,0
"E00079771",12,5,7
"E00079772",6,3,3
"E00079773",4,1,3
"E00079774",5,3,2
"E00079775",0,0,0
"E00079776",1,0,1
"E00079777",5,2,3
"E00079778",2,1,1
"E00079779",3,3,0
"E00079780",4,0,4
"E00079782",4,4,0
"E00079783",6,4,2
"E00079784",6,3,3
"E00079785",2,1,1
"E00079786",8,6,2
"E00079787",3,1,2
"E00079788",7,5,2
"E00079789",8,4,4
"E00079790",4,1,3
"E00079791",10,7,3
"E00079792",3,1,2
"E00079793",6,3,3
"E00079794",1,1,0
"E00079795",11,8,3
"E00079796",1,1,0
"E00079797",4,2,2
"E00079799",0,0,0
"E00079802",1,0,1
"E00079803",3,1,2
"E00079804",3,1,2
"E00079805",3,3,0
"E00079806",0,0,0
"E00079807",3,1,2
"E00079808",4,1,3
"E00079809",3,2,1
"E00079810",3,1,2
"E00079811",6,5,1
"E00079812",1,1,0
"E00079813",3,1,2
"E00079814",6,4,2
"E00079815",3,1,2
"E00079816",4,3,1
"E00079817",7,2,5
"E00079818",4,2,2
"E00079819",1,0,1
"E00079820",5,1,4
"E00079821",4,3,1
"E00079822",0,0,0
"E00079823",0,0,0
"E00079824",2,1,1
"E00079825",5,4,1
"E00079826",12,8,4
"E00079827",4,2,2
"E00079828",7,1,6
"E00079829",0,0,0
"E00079830",3,3,0
"E00079831",11,7,4
"E00079832",1,1,0
"E00079833",17,5,12
"E00079834",1,0,1
"E00079835",3,0,3
"E00079836",20,13,7
"E00079837",0,0,0
"E00079839",1,1,0
"E00079840",3,2,1
"E00079841",1,1,0
"E00079842",1,0,1
"E00079843",4,2,2
"E00079845",2,1,1
"E00079846",2,2,0
"E00079848",1,1,0
"E00079849",0,0,0
"E00079850",3,2,1
"E00079851",0,0,0
"E00079852",2,0,2
"E00079853",5,2,3
"E00079854",2,1,1
"E00079855",4,2,2
"E00079856",8,5,3
"E00079857",1,0,1
"E00079858",9,5,4
"E00079859",2,2,0
"E00079860",2,1,1
"E00079861",6,4,2
"E00079862",6,3,3
"E00079863",3,2,1
"E00079864",4,1,3
"E00079865",0,0,0
"E00079866",0,0,0
"E00079867",3,2,1
"E00079868",1,1,0
"E00079869",9,3,6
"E00079870",3,1,2
"E00079871",5,2,3
"E00079872",3,2,1
"E00079873",5,5,0
"E00079874",4,2,2
"E00079875",2,1,1
"E00079876",5,1,4
"E00079877",1,1,0
"E00079878",3,1,2
"E00079879",1,0,1
"E00079881",0,0,0
"E00079882",4,2,2
"E00079883",0,0,0
"E00079884",4,1,3
"E00079885",5,2,3
"E00079886",5,3,2
"E00079887",4,2,2
"E00079888",3,0,3
"E00079889",4,3,1
"E00079890",4,2,2
"E00079891",7,7,0
"E00079892",1,1,0
"E00079893",1,0,1
"E00079894",7,3,4
"E00079895",3,2,1
"E00079896",0,0,0
"E00079897",2,2,0
"E00079898",11,6,5
"E00079899",6,2,4
"E00079900",7,3,4
"E00079901",0,0,0
"E00079902",5,2,3
"E00079903",12,8,4
"E00079904",4,3,1
"E00079905",0,0,0
"E00079906",0,0,0
"E00079907",3,2,1
"E00079908",6,3,3
"E00079909",7,3,4
"E00079910",0,0,0
"E00079911",6,2,4
"E00079912",6,2,4
"E00079913",6,2,4
"E00079914",5,0,5
"E00079915",7,3,4
"E00079916",6,3,3
"E00079917",4,2,2
"E00079918",4,3,1
"E00079919",6,1,5
"E00079920",3,1,2
"E00079921",4,4,0
"E00079922",4,2,2
"E00079923",0,0,0
"E00079924",4,0,4
"E00079925",2,1,1
"E00079926",5,0,5
"E00079927",0,0,0
"E00079928",2,2,0
"E00079929",6,5,1
"E00079930",7,5,2
"E00079931",2,2,0
"E00079932",6,5,1
"E00079933",3,3,0
"E00079934",1,0,1
"E00079935",0,0,0
"E00079936",0,0,0
"E00079937",1,1,0
"E00079938",4,2,2
"E00079939",1,1,0
"E00079940",5,3,2
"E00079941",0,0,0
"E00079942",4,1,3
"E00079943",3,0,3
"E00079944",4,2,2
"E00079945",6,5,1
"E00079946",0,0,0
"E00079947",7,4,3
"E00079948",3,0,3
"E00079949",9,5,4
"E00079950",10,7,3
"E00079951",6,3,3
"E00079952",2,1,1
"E00079953",2,2,0
"E00079954",1,1,0
"E00079955",0,0,0
"E00079956",0,0,0
"E00079957",0,0,0
"E00079958",0,0,0
"E00079959",2,2,0
"E00079960",7,4,3
"E00079961",4,2,2
"E00079962",2,1,1
"E00079963",2,2,0
"E00079964",1,1,0
"E00079965",5,3,2
"E00079966",0,0,0
"E00079967",7,3,4
"E00079968",1,1,0
"E00079969",1,0,1
"E00079970",1,1,0
"E00079971",4,2,2
"E00079972",7,3,4
"E00079973",4,1,3
"E00079974",1,1,0
"E00079975",7,6,1
"E00079976",6,4,2
"E00079977",5,1,4
"E00079978",3,2,1
"E00079979",6,3,3
"E00079980",1,0,1
"E00079981",2,2,0
"E00079982",1,1,0
"E00079983",4,2,2
"E00079984",4,2,2
"E00079985",2,1,1
"E00079986",2,2,0
"E00079987",6,3,3
"E00079988",1,1,0
"E00079989",1,0,1
"E00079990",3,2,1
"E00079991",5,3,2
"E00079992",3,2,1
"E00079993",4,3,1
"E00079994",5,2,3
"E00079995",3,2,1
"E00079996",5,2,3
"E00079997",2,2,0
"E00079998",1,0,1
"E00079999",4,2,2
"E00080000",9,6,3
"E00080001",7,3,4
"E00080002",2,1,1
"E00080003",0,0,0
"E00080004",3,1,2
"E00080005",1,1,0
"E00080006",0,0,0
"E00080007",8,4,4
"E00080008",0,0,0
"E00080009",5,1,4
"E00080010",0,0,0
"E00080011",3,3,0
"E00080012",8,6,2
"E00080013",2,1,1
"E00080014",4,2,2
"E00080015",0,0,0
"E00080016",3,1,2
"E00080017",1,1,0
"E00080018",1,1,0
"E00080019",1,1,0
"E00080020",3,3,0
"E00080021",6,2,4
"E00080022",5,2,3
"E00080023",6,1,5
"E00080024",8,3,5
"E00080025",5,4,1
"E00080026",7,3,4
"E00080027",0,0,0
"E00080028",1,1,0
"E00080029",9,3,6
"E00080030",11,6,5
"E00080031",13,7,6
"E00080032",1,1,0
"E00080033",0,0,0
"E00080034",2,0,2
"E00080035",10,5,5
"E00080036",4,3,1
"E00080037",0,0,0
"E00080038",4,2,2
"E00080039",1,0,1
"E00080040",0,0,0
"E00080041",3,2,1
"E00080042",1,0,1
"E00080043",1,0,1
"E00080044",8,3,5
"E00080045",2,1,1
"E00080046",2,2,0
"E00080047",7,3,4
"E00080048",2,1,1
"E00080049",3,2,1
"E00080050",3,2,1
"E00080051",4,1,3
"E00080052",0,0,0
"E00080053",6,2,4
"E00080054",2,0,2
"E00080055",0,0,0
"E00080056",3,2,1
"E00080057",1,1,0
"E00080058",0,0,0
"E00080059",2,2,0
"E00080060",0,0,0
"E00080061",2,2,0
"E00080062",5,2,3
"E00080063",4,1,3
"E00080064",1,1,0
"E00080065",8,4,4
"E00080066",4,3,1
"E00080067",0,0,0
"E00080068",6,4,2
"E00080069",0,0,0
"E00080070",2,1,1
"E00080071",1,0,1
"E00080072",0,0,0
"E00080073",2,0,2
"E00080074",0,0,0
"E00080075",5,3,2
"E00080076",5,2,3
"E00080077",3,2,1
"E00080078",0,0,0
"E00080079",1,0,1
"E00080080",3,1,2
"E00080081",1,0,1
"E00080082",2,1,1
"E00080084",2,0,2
"E00080085",1,0,1
"E00080086",0,0,0
"E00080087",4,0,4
"E00080088",1,0,1
"E00080089",10,5,5
"E00080090",6,3,3
"E00080091",1,0,1
"E00080092",2,1,1
"E00080093",4,2,2
"E00080094",2,2,0
"E00080095",2,1,1
"E00080096",0,0,0
"E00080097",1,1,0
"E00080099",6,3,3
"E00080100",1,1,0
"E00080101",4,0,4
"E00080102",9,4,5
"E00080103",0,0,0
"E00080104",3,2,1
"E00080105",2,1,1
"E00080106",3,1,2
"E00080107",5,2,3
"E00080108",3,1,2
"E00080109",4,2,2
"E00080110",3,1,2
"E00080111",0,0,0
"E00080112",0,0,0
"E00080113",4,3,1
"E00080114",4,2,2
"E00080115",4,3,1
"E00080116",4,0,4
"E00080117",3,3,0
"E00080118",2,0,2
"E00080119",1,0,1
"E00080120",3,2,1
"E00080121",1,0,1
"E00080122",2,2,0
"E00080123",4,4,0
"E00080124",7,4,3
"E00080125",0,0,0
"E00080126",2,2,0
"E00080127",6,2,4
"E00080128",2,1,1
"E00080129",0,0,0
"E00080130",5,4,1
"E00080131",2,1,1
"E00080132",1,1,0
"E00080133",1,1,0
"E00080134",2,0,2
"E00080135",0,0,0
"E00080136",2,1,1
"E00080137",4,2,2
"E00080138",8,3,5
"E00080139",2,1,1
"E00080140",1,1,0
"E00080141",2,2,0
"E00080142",0,0,0
"E00080143",0,0,0
"E00080144",1,0,1
"E00080145",3,2,1
"E00080146",5,2,3
"E00080147",6,3,3
"E00080148",0,0,0
"E00080149",3,1,2
"E00080150",0,0,0
"E00080151",3,3,0
"E00080152",1,1,0
"E00080153",3,2,1
"E00080154",2,2,0
"E00080155",5,2,3
"E00080156",1,0,1
"E00080157",2,2,0
"E00080158",0,0,0
"E00080159",3,1,2
"E00080160",2,0,2
"E00080161",13,3,10
"E00080162",2,1,1
"E00080163",1,0,1
"E00080164",4,1,3
"E00080165",3,1,2
"E00080166",3,1,2
"E00080167",1,0,1
"E00080168",4,1,3
"E00080169",1,0,1
"E00080170",0,0,0
"E00080171",3,0,3
"E00080172",2,1,1
"E00080173",0,0,0
"E00080174",6,3,3
"E00080175",2,0,2
"E00080176",2,0,2
"E00080177",1,1,0
"E00080178",1,1,0
"E00080179",3,2,1
"E00080180",2,0,2
"E00080181",1,0,1
"E00080182",1,0,1
"E00080183",13,7,6
"E00080184",1,0,1
"E00080185",6,3,3
"E00080186",2,2,0
"E00080187",0,0,0
"E00080188",5,3,2
"E00080189",6,5,1
"E00080190",4,0,4
"E00080191",5,2,3
"E00080192",5,3,2
"E00080193",0,0,0
"E00080194",5,2,3
"E00080195",8,6,2
"E00080196",3,1,2
"E00080197",3,1,2
"E00080198",2,1,1
"E00080199",0,0,0
"E00080200",2,2,0
"E00080201",2,1,1
"E00080202",3,2,1
"E00080203",3,0,3
"E00080204",3,1,2
"E00080205",3,3,0
"E00080206",0,0,0
"E00080207",4,2,2
"E00080208",4,2,2
"E00080209",3,1,2
"E00080210",5,3,2
"E00080211",0,0,0
"E00080212",2,2,0
"E00080213",6,2,4
"E00080214",0,0,0
"E00080215",2,0,2
"E00080216",2,1,1
"E00080217",1,1,0
"E00080218",7,3,4
"E00080219",4,3,1
"E00080220",4,4,0
"E00080221",0,0,0
"E00080222",14,4,10
"E00080223",6,1,5
"E00080224",4,1,3
"E00080225",4,1,3
"E00080226",0,0,0
"E00080227",0,0,0
"E00080228",8,4,4
"E00080229",1,0,1
"E00080230",0,0,0
"E00080231",1,1,0
"E00080232",3,2,1
"E00080233",3,1,2
"E00080234",0,0,0
"E00080235",6,3,3
"E00080236",3,1,2
"E00080237",2,1,1
"E00080238",0,0,0
"E00080239",0,0,0
"E00080240",1,0,1
"E00080241",4,4,0
"E00080242",0,0,0
"E00080243",2,1,1
"E00080244",1,1,0
"E00080245",3,2,1
"E00080246",5,3,2
"E00080247",2,1,1
"E00080248",3,2,1
"E00080249",2,0,2
"E00080250",0,0,0
"E00080251",3,1,2
"E00080252",3,1,2
"E00080253",2,1,1
"E00080254",1,1,0
"E00080255",0,0,0
"E00080256",3,2,1
"E00080257",2,0,2
"E00080258",2,0,2
"E00080259",3,0,3
"E00080260",3,1,2
"E00080261",2,2,0
"E00080262",0,0,0
"E00080263",2,1,1
"E00080264",4,1,3
"E00080265",4,2,2
"E00080266",5,2,3
"E00080267",4,2,2
"E00080268",3,0,3
"E00080269",1,1,0
"E00080270",5,3,2
"E00080271",0,0,0
"E00080272",1,1,0
"E00080273",1,1,0
"E00080274",4,4,0
"E00080275",4,1,3
"E00080276",3,1,2
"E00080277",5,2,3
"E00080278",1,0,1
"E00080279",1,1,0
"E00080281",4,3,1
"E00080282",3,3,0
"E00080283",1,1,0
"E00080284",3,2,1
"E00080285",4,2,2
"E00080286",0,0,0
"E00080287",1,1,0
"E00080288",5,3,2
"E00080289",3,2,1
"E00080290",2,0,2
"E00080291",2,1,1
"E00080292",0,0,0
"E00080293",0,0,0
"E00080294",1,0,1
"E00080295",4,3,1
"E00080296",3,1,2
"E00080297",3,2,1
"E00080298",0,0,0
"E00080299",0,0,0
"E00080300",1,1,0
"E00080301",3,1,2
"E00080302",2,1,1
"E00080303",1,1,0
"E00080304",2,0,2
"E00080305",5,3,2
"E00080306",0,0,0
"E00080307",5,3,2
"E00080308",9,3,6
"E00080310",4,0,4
"E00080311",5,2,3
"E00080312",3,3,0
"E00080313",3,2,1
"E00080314",4,3,1
"E00080315",5,1,4
"E00080316",3,1,2
"E00080317",1,1,0
"E00080318",0,0,0
"E00080319",0,0,0
"E00080320",3,2,1
"E00080321",3,2,1
"E00080322",4,2,2
"E00080323",7,1,6
"E00080324",1,1,0
"E00080325",3,2,1
"E00080326",3,1,2
"E00080327",2,1,1
"E00080328",4,2,2
"E00080329",7,6,1
"E00080330",0,0,0
"E00080331",0,0,0
"E00080332",14,10,4
"E00080333",2,0,2
"E00080334",0,0,0
"E00080335",7,3,4
"E00080336",11,1,10
"E00080337",13,4,9
"E00080338",0,0,0
"E00080339",2,2,0
"E00080340",3,0,3
"E00080341",2,2,0
"E00080342",4,3,1
"E00080343",1,1,0
"E00080344",4,1,3
"E00080345",11,6,5
"E00080346",5,4,1
"E00080347",1,1,0
"E00080348",14,5,9
"E00080349",8,3,5
"E00080350",4,2,2
"E00080351",9,4,5
"E00080352",3,2,1
"E00080353",5,2,3
"E00080354",9,6,3
"E00080355",3,2,1
"E00080356",7,6,1
"E00080357",2,0,2
"E00080358",2,2,0
"E00080359",14,7,7
"E00080360",1,0,1
"E00080361",7,4,3
"E00080362",7,4,3
"E00080363",6,4,2
"E00080364",6,1,5
"E00080365",9,3,6
"E00080366",7,2,5
"E00080367",1,0,1
"E00080368",0,0,0
"E00080369",1,1,0
"E00080370",11,7,4
"E00080371",7,6,1
"E00080372",1,0,1
"E00080373",3,2,1
"E00080374",3,2,1
"E00080375",3,2,1
"E00080376",0,0,0
"E00080377",1,1,0
"E00080378",0,0,0
"E00080379",0,0,0
"E00080380",0,0,0
"E00080381",1,0,1
"E00080382",1,0,1
"E00080383",1,1,0
"E00080384",0,0,0
"E00080385",2,1,1
"E00080386",1,1,0
"E00080387",0,0,0
"E00080388",3,1,2
"E00080389",1,0,1
"E00080390",5,2,3
"E00080391",3,1,2
"E00080392",2,2,0
"E00080393",2,1,1
"E00080394",0,0,0
"E00080395",1,1,0
"E00080396",1,1,0
"E00080397",3,2,1
"E00080398",0,0,0
"E00080399",1,0,1
"E00080400",1,0,1
"E00080401",5,2,3
"E00080402",1,0,1
"E00080403",5,0,5
"E00080404",0,0,0
"E00080405",2,1,1
"E00080406",1,0,1
"E00080407",3,1,2
"E00080408",8,6,2
"E00080409",2,1,1
"E00080410",3,2,1
"E00080411",1,0,1
"E00080412",4,3,1
"E00080413",3,2,1
"E00080414",6,5,1
"E00080415",3,3,0
"E00080416",0,0,0
"E00080417",3,3,0
"E00080418",2,0,2
"E00080419",6,4,2
"E00080420",2,2,0
"E00080421",0,0,0
"E00080422",4,0,4
"E00080423",8,3,5
"E00080424",4,1,3
"E00080425",0,0,0
"E00080426",0,0,0
"E00080427",7,3,4
"E00080428",3,1,2
"E00080429",2,1,1
"E00080430",4,2,2
"E00080431",2,0,2
"E00080432",6,3,3
"E00080433",0,0,0
"E00080434",5,3,2
"E00080435",4,1,3
"E00080436",2,1,1
"E00080437",0,0,0
"E00080438",0,0,0
"E00080439",2,1,1
"E00080440",3,1,2
"E00080441",0,0,0
"E00080442",5,2,3
"E00080443",3,2,1
"E00080444",2,2,0
"E00080445",15,5,10
"E00080446",16,9,7
"E00080447",1,0,1
"E00080448",15,7,8
"E00080449",12,6,6
"E00080450",14,8,6
"E00080451",4,1,3
"E00080452",1,0,1
"E00080453",6,1,5
"E00080454",3,2,1
"E00080455",3,1,2
"E00080456",4,3,1
"E00080457",7,4,3
"E00080458",12,5,7
"E00080459",5,3,2
"E00080460",4,2,2
"E00080461",2,1,1
"E00080462",1,0,1
"E00080463",1,1,0
"E00080464",5,2,3
"E00080465",10,3,7
"E00080466",6,3,3
"E00080467",11,7,4
"E00080468",7,2,5
"E00080469",0,0,0
"E00080470",7,2,5
"E00080471",3,2,1
"E00080472",2,1,1
"E00080473",1,1,0
"E00080474",1,0,1
"E00080475",4,2,2
"E00080476",0,0,0
"E00080477",13,3,10
"E00080478",8,2,6
"E00080479",5,3,2
"E00080480",6,2,4
"E00080481",2,2,0
"E00080482",5,1,4
"E00080483",4,1,3
"E00080484",14,8,6
"E00080485",7,2,5
"E00080486",5,4,1
"E00080487",2,0,2
"E00080488",7,4,3
"E00080489",3,3,0
"E00080490",0,0,0
"E00080491",5,1,4
"E00080492",2,2,0
"E00080493",7,4,3
"E00080494",0,0,0
"E00080495",4,2,2
"E00080496",4,3,1
"E00080497",7,4,3
"E00080498",6,5,1
"E00080499",4,1,3
"E00080500",6,4,2
"E00080501",2,2,0
"E00080502",1,0,1
"E00080503",6,2,4
"E00080504",2,1,1
"E00080505",1,1,0
"E00080506",1,0,1
"E00080507",2,1,1
"E00080508",4,1,3
"E00080509",2,2,0
"E00080510",1,0,1
"E00080511",2,2,0
"E00080512",1,0,1
"E00080513",0,0,0
"E00080514",2,1,1
"E00080515",3,1,2
"E00080516",0,0,0
"E00080517",0,0,0
"E00080518",7,1,6
"E00080519",1,1,0
"E00080520",0,0,0
"E00080521",2,0,2
"E00080522",2,1,1
"E00080523",1,0,1
"E00080524",0,0,0
"E00080525",4,2,2
"E00080526",2,2,0
"E00080527",3,2,1
"E00080528",0,0,0
"E00080529",1,0,1
"E00080530",3,0,3
"E00080531",1,1,0
"E00080532",5,2,3
"E00080534",3,2,1
"E00080535",5,1,4
"E00080536",1,0,1
"E00080537",1,0,1
"E00080538",2,1,1
"E00080539",6,5,1
"E00080540",1,1,0
"E00080541",1,1,0
"E00080542",2,2,0
"E00080543",3,0,3
"E00080544",0,0,0
"E00080545",7,4,3
"E00080546",1,1,0
"E00080547",6,2,4
"E00080548",4,2,2
"E00080549",0,0,0
"E00080550",0,0,0
"E00080551",3,2,1
"E00080552",4,1,3
"E00080553",2,2,0
"E00080554",1,0,1
"E00080555",2,2,0
"E00080556",1,0,1
"E00080557",0,0,0
"E00080558",3,3,0
"E00080559",2,0,2
"E00080560",2,1,1
"E00080561",0,0,0
"E00080562",2,1,1
"E00080563",3,1,2
"E00080564",3,1,2
"E00080565",6,3,3
"E00080566",3,1,2
"E00080567",0,0,0
"E00080568",1,0,1
"E00080569",4,2,2
"E00080570",1,1,0
"E00080571",1,1,0
"E00080572",0,0,0
"E00080573",2,1,1
"E00080574",1,0,1
"E00080575",2,0,2
"E00080576",0,0,0
"E00080577",1,1,0
"E00080578",1,1,0
"E00080579",1,1,0
"E00080580",0,0,0
"E00080581",4,0,4
"E00080582",5,3,2
"E00080583",1,0,1
"E00080584",1,1,0
"E00080585",1,0,1
"E00080586",0,0,0
"E00080587",1,1,0
"E00080588",2,1,1
"E00080589",1,0,1
"E00080590",0,0,0
"E00080591",0,0,0
"E00080592",1,1,0
"E00080594",0,0,0
"E00080596",0,0,0
"E00080598",1,0,1
"E00080600",5,2,3
"E00080601",2,0,2
"E00080602",1,0,1
"E00080603",0,0,0
"E00080604",2,0,2
"E00080605",6,3,3
"E00080607",2,2,0
"E00080608",9,4,5
"E00080609",0,0,0
"E00080610",5,2,3
"E00080611",4,3,1
"E00080612",5,2,3
"E00080613",3,2,1
"E00080614",4,1,3
"E00080615",4,2,2
"E00080616",6,2,4
"E00080617",2,1,1
"E00080618",1,1,0
"E00080619",5,2,3
"E00080620",3,1,2
"E00080621",4,2,2
"E00080622",2,2,0
"E00080623",2,0,2
"E00080624",6,3,3
"E00080625",1,1,0
"E00080626",2,1,1
"E00080627",5,1,4
"E00080628",1,1,0
"E00080629",1,1,0
"E00080630",2,1,1
"E00080631",3,3,0
"E00080632",5,3,2
"E00080633",1,0,1
"E00080634",4,3,1
"E00080635",2,1,1
"E00080636",4,2,2
"E00080637",5,2,3
"E00080638",7,5,2
"E00080639",5,4,1
"E00080640",2,0,2
"E00080641",1,0,1
"E00080642",0,0,0
"E00080643",5,3,2
"E00080644",8,4,4
"E00080645",1,1,0
"E00080646",0,0,0
"E00080647",2,2,0
"E00080648",2,1,1
"E00080649",0,0,0
"E00080650",0,0,0
"E00080651",0,0,0
"E00080653",6,6,0
"E00080654",0,0,0
"E00080655",0,0,0
"E00080656",4,1,3
"E00080657",3,1,2
"E00080658",2,1,1
"E00080659",7,6,1
"E00080660",0,0,0
"E00080661",2,0,2
"E00080662",0,0,0
"E00080663",0,0,0
"E00080665",3,1,2
"E00080666",1,1,0
"E00080667",3,1,2
"E00080668",2,1,1
"E00080669",0,0,0
"E00080670",0,0,0
"E00080671",0,0,0
"E00080672",3,2,1
"E00080673",0,0,0
"E00080674",2,1,1
"E00080675",0,0,0
"E00080676",2,1,1
"E00080677",7,4,3
"E00080678",1,1,0
"E00080679",3,1,2
"E00080680",8,2,6
"E00080681",3,0,3
"E00080682",0,0,0
"E00080683",5,2,3
"E00080684",1,0,1
"E00080685",1,1,0
"E00080686",2,1,1
"E00080687",1,1,0
"E00080688",2,0,2
"E00080689",0,0,0
"E00080690",4,4,0
"E00080691",2,0,2
"E00080692",7,5,2
"E00080693",0,0,0
"E00080694",0,0,0
"E00080695",6,3,3
"E00080696",4,2,2
"E00080697",5,4,1
"E00080698",2,0,2
"E00080699",6,3,3
"E00080700",8,4,4
"E00080701",8,5,3
"E00080702",5,2,3
"E00080703",2,1,1
"E00080704",3,2,1
"E00080705",5,3,2
"E00080706",1,1,0
"E00080707",4,2,2
"E00080708",1,0,1
"E00080709",4,3,1
"E00080710",1,1,0
"E00080711",0,0,0
"E00080712",0,0,0
"E00080713",0,0,0
"E00080714",4,1,3
"E00080715",2,0,2
"E00080716",6,2,4
"E00080717",7,3,4
"E00080718",1,1,0
"E00080719",3,2,1
"E00080720",5,3,2
"E00080721",5,3,2
"E00080722",3,1,2
"E00080723",1,1,0
"E00080724",1,0,1
"E00080725",0,0,0
"E00080726",0,0,0
"E00080727",3,2,1
"E00080728",6,3,3
"E00080729",4,2,2
"E00080730",0,0,0
"E00080731",5,4,1
"E00080732",2,0,2
"E00080733",8,4,4
"E00080734",7,4,3
"E00080735",1,0,1
"E00080736",0,0,0
"E00080737",1,0,1
"E00080738",0,0,0
"E00080739",1,1,0
"E00080740",5,2,3
"E00080741",5,1,4
"E00080742",4,2,2
"E00080743",4,3,1
"E00080744",2,1,1
"E00080745",2,0,2
"E00080746",4,1,3
"E00080747",4,3,1
"E00080748",3,2,1
"E00080749",5,3,2
"E00080750",0,0,0
"E00080751",2,1,1
"E00080752",3,3,0
"E00080753",0,0,0
"E00080754",0,0,0
"E00080755",3,2,1
"E00080756",1,0,1
"E00080757",0,0,0
"E00080758",1,1,0
"E00080759",1,1,0
"E00080760",0,0,0
"E00080761",2,1,1
"E00080762",1,0,1
"E00080763",0,0,0
"E00080764",0,0,0
"E00080765",6,5,1
"E00080766",2,2,0
"E00080767",2,2,0
"E00080768",0,0,0
"E00080769",0,0,0
"E00080770",5,3,2
"E00080771",0,0,0
"E00080772",0,0,0
"E00080773",0,0,0
"E00080774",1,1,0
"E00080775",0,0,0
"E00080776",4,2,2
"E00080777",5,3,2
"E00080778",6,3,3
"E00080779",1,0,1
"E00080780",0,0,0
"E00080781",1,0,1
"E00080782",2,0,2
"E00080783",5,3,2
"E00080784",1,0,1
"E00080785",4,3,1
"E00080786",4,2,2
"E00080787",2,0,2
"E00080788",1,0,1
"E00080789",11,4,7
"E00080791",10,6,4
"E00080792",8,2,6
"E00080793",9,5,4
"E00080794",10,5,5
"E00080795",2,2,0
"E00080796",5,3,2
"E00080797",7,3,4
"E00080798",7,5,2
"E00080799",0,0,0
"E00080800",2,0,2
"E00080801",3,1,2
"E00080802",4,3,1
"E00080803",12,8,4
"E00080805",4,3,1
"E00080807",5,3,2
"E00080809",3,0,3
"E00080810",0,0,0
"E00080812",3,1,2
"E00080813",0,0,0
"E00080814",1,0,1
"E00080815",4,3,1
"E00080816",4,2,2
"E00080817",1,0,1
"E00080818",4,4,0
"E00080819",2,1,1
"E00080820",1,1,0
"E00080821",0,0,0
"E00080822",0,0,0
"E00080823",0,0,0
"E00080824",3,1,2
"E00080825",1,0,1
"E00080826",1,1,0
"E00080827",3,2,1
"E00080828",1,0,1
"E00080829",4,2,2
"E00080830",4,3,1
"E00080831",1,0,1
"E00080832",3,1,2
"E00080833",0,0,0
"E00080834",1,1,0
"E00080835",2,2,0
"E00080836",0,0,0
"E00080837",3,1,2
"E00080838",2,0,2
"E00080839",6,2,4
"E00080840",1,1,0
"E00080841",2,1,1
"E00080842",1,1,0
"E00080843",5,2,3
"E00080844",3,2,1
"E00080845",2,2,0
"E00080846",3,2,1
"E00080847",6,5,1
"E00080848",4,1,3
"E00080849",1,0,1
"E00080850",2,1,1
"E00080851",3,2,1
"E00080852",5,4,1
"E00080853",0,0,0
"E00080854",6,3,3
"E00080855",1,0,1
"E00080856",7,6,1
"E00080857",7,3,4
"E00080858",2,2,0
"E00080859",0,0,0
"E00080860",1,0,1
"E00080861",5,3,2
"E00080862",5,3,2
"E00080863",1,1,0
"E00080864",4,2,2
"E00080865",4,1,3
"E00080866",4,3,1
"E00080867",2,1,1
"E00080868",0,0,0
"E00080869",8,5,3
"E00080870",6,3,3
"E00080871",1,0,1
"E00080872",5,3,2
"E00080873",2,1,1
"E00080874",4,2,2
"E00080875",0,0,0
"E00080876",8,3,5
"E00080877",5,3,2
"E00080878",10,6,4
"E00080879",10,6,4
"E00080880",0,0,0
"E00080881",5,5,0
"E00080882",1,0,1
"E00080883",2,0,2
"E00080884",4,1,3
"E00080885",3,3,0
"E00080886",3,1,2
"E00080887",6,2,4
"E00080888",3,1,2
"E00080889",3,2,1
"E00080890",1,0,1
"E00080891",1,0,1
"E00080892",1,1,0
"E00080893",5,4,1
"E00080894",4,4,0
"E00080895",3,2,1
"E00080896",4,1,3
"E00080897",3,2,1
"E00080898",0,0,0
"E00080899",3,1,2
"E00080900",4,1,3
"E00080901",3,0,3
"E00080902",12,9,3
"E00080903",0,0,0
"E00080904",2,0,2
"E00080905",5,2,3
"E00080906",6,4,2
"E00080907",2,1,1
"E00080908",0,0,0
"E00080909",1,1,0
"E00080910",4,3,1
"E00080911",5,1,4
"E00080912",0,0,0
"E00080913",4,2,2
"E00080914",3,0,3
"E00080915",1,1,0
"E00080916",4,4,0
"E00080917",0,0,0
"E00080918",1,1,0
"E00080919",5,2,3
"E00080920",1,1,0
"E00080921",2,2,0
"E00080922",3,1,2
"E00080923",4,1,3
"E00080924",0,0,0
"E00080925",1,1,0
"E00080926",2,1,1
"E00080927",0,0,0
"E00080928",7,2,5
"E00080929",6,5,1
"E00080930",5,2,3
"E00080931",1,1,0
"E00080932",3,1,2
"E00080933",0,0,0
"E00080934",1,0,1
"E00080935",1,1,0
"E00080936",4,3,1
"E00080937",2,2,0
"E00080938",4,3,1
"E00080939",4,2,2
"E00080940",0,0,0
"E00080941",2,0,2
"E00080942",0,0,0
"E00080943",2,0,2
"E00080944",2,1,1
"E00080945",1,0,1
"E00080946",0,0,0
"E00080947",4,1,3
"E00080948",5,0,5
"E00080949",2,1,1
"E00080951",0,0,0
"E00080952",0,0,0
"E00080953",1,1,0
"E00080954",0,0,0
"E00080955",0,0,0
"E00080957",4,3,1
"E00080958",0,0,0
"E00080959",10,4,6
"E00080960",0,0,0
"E00080961",3,1,2
"E00080963",0,0,0
"E00080964",5,0,5
"E00080965",1,1,0
"E00080966",2,0,2
"E00080967",2,1,1
"E00080968",3,3,0
"E00080969",0,0,0
"E00080970",3,0,3
"E00080971",2,1,1
"E00080972",3,0,3
"E00080973",3,3,0
"E00080974",9,5,4
"E00080975",12,5,7
"E00080976",1,0,1
"E00080977",4,4,0
"E00080978",1,1,0
"E00080979",3,1,2
"E00080981",2,0,2
"E00080982",3,2,1
"E00080983",6,3,3
"E00080984",2,2,0
"E00080985",2,1,1
"E00080986",4,2,2
"E00080987",2,0,2
"E00080988",4,2,2
"E00080989",7,3,4
"E00080990",3,1,2
"E00080991",4,1,3
"E00080992",5,2,3
"E00080993",4,2,2
"E00080994",0,0,0
"E00080995",3,2,1
"E00080996",0,0,0
"E00080997",0,0,0
"E00080998",1,0,1
"E00080999",1,1,0
"E00081000",0,0,0
"E00081001",1,0,1
"E00081002",2,1,1
"E00081003",2,1,1
"E00081004",3,0,3
"E00081005",7,2,5
"E00081006",0,0,0
"E00081007",3,2,1
"E00081008",0,0,0
"E00081009",5,5,0
"E00081010",2,1,1
"E00081011",2,1,1
"E00081012",4,0,4
"E00081013",1,1,0
"E00081014",2,1,1
"E00081015",3,1,2
"E00081016",2,1,1
"E00081017",1,1,0
"E00081018",0,0,0
"E00081019",2,1,1
"E00081020",0,0,0
"E00081021",11,5,6
"E00081022",0,0,0
"E00081023",5,3,2
"E00081024",5,3,2
"E00081025",5,4,1
"E00081026",1,1,0
"E00081027",1,0,1
"E00081028",4,4,0
"E00081029",5,1,4
"E00081030",6,3,3
"E00081031",1,0,1
"E00081032",1,0,1
"E00081033",4,1,3
"E00081034",2,1,1
"E00081035",4,0,4
"E00081036",1,0,1
"E00081037",3,0,3
"E00081038",5,4,1
"E00081039",2,1,1
"E00081040",2,1,1
"E00081041",0,0,0
"E00081042",3,2,1
"E00081043",4,1,3
"E00081044",1,1,0
"E00081046",3,2,1
"E00081047",3,1,2
"E00081048",2,0,2
"E00081049",4,1,3
"E00081050",5,3,2
"E00081051",6,4,2
"E00081052",2,0,2
"E00081053",1,0,1
"E00081054",0,0,0
"E00081055",1,1,0
"E00081056",0,0,0
"E00081057",2,2,0
"E00081058",0,0,0
"E00081059",0,0,0
"E00081060",1,1,0
"E00081061",4,3,1
"E00081062",1,1,0
"E00081063",3,3,0
"E00081065",1,0,1
"E00081066",4,3,1
"E00081067",5,2,3
"E00081068",1,0,1
"E00081069",0,0,0
"E00081071",6,2,4
"E00081072",0,0,0
"E00081073",1,1,0
"E00081074",3,2,1
"E00081075",0,0,0
"E00081076",2,0,2
"E00081077",1,0,1
"E00081078",3,1,2
"E00081079",3,2,1
"E00081080",3,3,0
"E00081081",3,1,2
"E00081082",5,3,2
"E00081083",6,5,1
"E00081084",1,0,1
"E00081085",1,1,0
"E00081086",3,1,2
"E00081087",1,0,1
"E00081088",7,4,3
"E00081089",3,1,2
"E00081090",1,0,1
"E00081091",3,2,1
"E00081092",7,2,5
"E00081093",1,1,0
"E00081094",1,1,0
"E00081095",1,1,0
"E00081096",2,2,0
"E00081097",2,0,2
"E00081098",5,3,2
"E00081099",5,3,2
"E00081100",6,5,1
"E00081101",5,3,2
"E00081102",5,1,4
"E00081103",0,0,0
"E00081104",7,4,3
"E00081105",0,0,0
"E00081106",1,1,0
"E00081107",2,1,1
"E00081108",3,2,1
"E00081109",3,1,2
"E00081110",1,0,1
"E00081111",2,0,2
"E00081112",4,2,2
"E00081113",1,1,0
"E00081114",3,1,2
"E00081115",1,0,1
"E00081116",0,0,0
"E00081117",4,1,3
"E00081118",0,0,0
"E00081119",2,1,1
"E00081120",3,3,0
"E00081121",2,1,1
"E00081122",7,5,2
"E00081123",1,1,0
"E00081124",1,0,1
"E00081125",5,2,3
"E00081126",0,0,0
"E00081127",1,1,0
"E00081128",7,4,3
"E00081129",4,4,0
"E00081130",1,0,1
"E00081131",3,1,2
"E00081132",0,0,0
"E00081133",3,1,2
"E00081134",2,1,1
"E00081135",16,5,11
"E00081136",4,2,2
"E00081137",4,0,4
"E00081138",5,3,2
"E00081139",2,0,2
"E00081140",2,1,1
"E00081141",8,3,5
"E00081142",1,1,0
"E00081143",6,3,3
"E00081144",7,5,2
"E00081145",7,2,5
"E00081146",0,0,0
"E00081147",4,3,1
"E00081148",11,5,6
"E00081149",6,3,3
"E00081150",6,3,3
"E00081151",2,2,0
"E00081152",7,4,3
"E00081153",5,2,3
"E00081154",5,4,1
"E00081155",6,2,4
"E00081156",13,5,8
"E00081157",8,4,4
"E00081158",0,0,0
"E00081159",5,3,2
"E00081160",1,0,1
"E00081161",0,0,0
"E00081162",6,1,5
"E00081163",1,1,0
"E00081164",2,1,1
"E00081165",2,1,1
"E00081166",1,0,1
"E00081167",2,0,2
"E00081168",7,5,2
"E00081169",3,1,2
"E00081170",3,0,3
"E00081171",0,0,0
"E00081172",1,0,1
"E00081173",1,1,0
"E00081174",1,0,1
"E00081175",0,0,0
"E00081176",0,0,0
"E00081177",0,0,0
"E00081178",3,1,2
"E00081179",12,3,9
"E00081180",2,0,2
"E00081181",5,3,2
"E00081182",2,0,2
"E00081183",5,4,1
"E00081184",1,1,0
"E00081185",6,3,3
"E00081186",2,2,0
"E00081187",6,5,1
"E00081188",1,0,1
"E00081189",2,0,2
"E00081190",0,0,0
"E00081191",5,2,3
"E00081192",3,1,2
"E00081193",0,0,0
"E00081194",2,1,1
"E00081195",2,2,0
"E00081196",1,1,0
"E00081197",0,0,0
"E00081198",5,1,4
"E00081199",5,2,3
"E00081200",3,0,3
"E00081201",3,2,1
"E00081202",0,0,0
"E00081203",0,0,0
"E00081204",3,2,1
"E00081205",2,2,0
"E00081206",0,0,0
"E00081207",0,0,0
"E00081208",2,1,1
"E00081209",1,0,1
"E00081210",0,0,0
"E00081211",4,3,1
"E00081212",2,1,1
"E00081213",3,2,1
"E00081214",1,0,1
"E00081215",1,1,0
"E00081216",3,2,1
"E00081217",2,1,1
"E00081218",4,3,1
"E00081219",3,2,1
"E00081220",1,1,0
"E00081221",3,0,3
"E00081222",1,0,1
"E00081223",6,4,2
"E00081224",2,0,2
"E00081225",1,1,0
"E00081226",3,1,2
"E00081227",2,0,2
"E00081228",1,1,0
"E00081229",0,0,0
"E00081230",4,2,2
"E00081231",0,0,0
"E00081232",4,2,2
"E00081233",1,0,1
"E00081234",1,0,1
"E00081235",0,0,0
"E00081236",5,3,2
"E00081237",4,4,0
"E00081238",5,1,4
"E00081239",0,0,0
"E00081240",1,1,0
"E00081241",2,0,2
"E00081242",7,2,5
"E00081243",1,0,1
"E00081244",9,4,5
"E00081245",7,5,2
"E00081246",5,2,3
"E00081247",1,1,0
"E00081248",3,0,3
"E00081250",1,0,1
"E00081252",7,5,2
"E00081253",1,1,0
"E00081254",5,1,4
"E00081255",6,5,1
"E00081256",2,1,1
"E00081257",0,0,0
"E00081258",2,2,0
"E00081259",0,0,0
"E00081260",2,2,0
"E00081261",1,0,1
"E00081262",0,0,0
"E00081263",3,3,0
"E00081264",2,2,0
"E00081265",1,0,1
"E00081266",2,0,2
"E00081267",5,4,1
"E00081268",3,2,1
"E00081269",2,1,1
"E00081270",1,0,1
"E00081271",1,1,0
"E00081272",2,1,1
"E00081273",3,2,1
"E00081274",6,0,6
"E00081275",4,2,2
"E00081276",3,2,1
"E00081277",4,1,3
"E00081278",2,0,2
"E00081279",0,0,0
"E00081280",2,0,2
"E00081281",8,4,4
"E00081282",2,1,1
"E00081283",5,2,3
"E00081284",4,3,1
"E00081285",0,0,0
"E00081286",0,0,0
"E00081287",1,0,1
"E00081288",1,0,1
"E00081289",3,2,1
"E00081290",3,0,3
"E00081291",0,0,0
"E00081292",4,2,2
"E00081293",0,0,0
"E00081294",0,0,0
"E00081295",2,0,2
"E00081296",0,0,0
"E00081297",4,3,1
"E00081298",4,1,3
"E00081299",7,5,2
"E00081300",6,2,4
"E00081301",3,2,1
"E00081302",7,5,2
"E00081303",6,4,2
"E00081304",2,0,2
"E00081305",3,2,1
"E00081306",9,3,6
"E00081307",4,3,1
"E00081308",1,0,1
"E00081309",9,4,5
"E00081310",6,1,5
"E00081311",2,1,1
"E00081312",5,2,3
"E00081313",3,1,2
"E00081314",6,3,3
"E00081315",0,0,0
"E00081316",4,3,1
"E00081317",8,4,4
"E00081318",6,3,3
"E00081319",5,2,3
"E00081320",1,0,1
"E00081321",13,7,6
"E00081322",7,5,2
"E00081323",8,4,4
"E00081324",0,0,0
"E00081325",4,2,2
"E00081326",2,1,1
"E00081327",1,0,1
"E00081328",2,1,1
"E00081329",4,0,4
"E00081330",0,0,0
"E00081331",3,3,0
"E00081332",2,1,1
"E00081333",1,0,1
"E00081334",7,4,3
"E00081335",3,3,0
"E00081336",2,1,1
"E00081337",7,1,6
"E00081338",0,0,0
"E00081339",4,2,2
"E00081340",4,3,1
"E00081341",0,0,0
"E00081342",8,2,6
"E00081343",6,2,4
"E00081344",3,2,1
"E00081345",6,3,3
"E00081346",3,1,2
"E00081347",0,0,0
"E00081348",5,4,1
"E00081349",1,1,0
"E00081350",4,0,4
"E00081351",4,2,2
"E00081352",3,1,2
"E00081353",1,0,1
"E00081354",0,0,0
"E00081355",0,0,0
"E00081356",3,1,2
"E00081357",3,2,1
"E00081358",0,0,0
"E00081359",0,0,0
"E00081360",3,0,3
"E00081361",4,2,2
"E00081362",4,3,1
"E00081363",2,1,1
"E00081364",2,2,0
"E00081365",6,3,3
"E00081366",6,4,2
"E00081367",0,0,0
"E00081368",0,0,0
"E00081369",5,2,3
"E00081370",4,1,3
"E00081371",1,0,1
"E00081372",1,1,0
"E00081373",0,0,0
"E00081374",0,0,0
"E00081375",3,2,1
"E00081376",1,1,0
"E00081377",0,0,0
"E00081378",0,0,0
"E00081379",0,0,0
"E00081380",3,2,1
"E00081381",3,2,1
"E00081382",0,0,0
"E00081383",3,1,2
"E00081384",0,0,0
"E00081385",3,2,1
"E00081386",8,3,5
"E00081387",1,1,0
"E00081388",4,3,1
"E00081389",2,2,0
"E00081390",3,1,2
"E00081391",1,0,1
"E00081392",3,1,2
"E00081393",3,2,1
"E00081394",3,3,0
"E00081395",11,5,6
"E00081396",4,3,1
"E00081397",3,2,1
"E00081398",4,1,3
"E00081399",5,2,3
"E00081400",5,2,3
"E00081401",0,0,0
"E00081402",2,0,2
"E00081403",0,0,0
"E00081404",3,0,3
"E00081405",6,2,4
"E00081406",3,1,2
"E00081407",0,0,0
"E00081408",10,4,6
"E00081409",4,1,3
"E00081410",2,1,1
"E00081411",4,0,4
"E00081412",1,1,0
"E00081413",7,3,4
"E00081414",2,2,0
"E00081415",0,0,0
"E00081416",5,1,4
"E00081417",0,0,0
"E00081418",3,1,2
"E00081419",0,0,0
"E00081420",1,0,1
"E00081423",0,0,0
"E00081424",13,7,6
"E00081425",1,0,1
"E00081426",1,0,1
"E00081427",1,0,1
"E00081428",2,0,2
"E00081429",0,0,0
"E00081430",0,0,0
"E00081431",7,1,6
"E00081432",5,4,1
"E00081433",9,5,4
"E00081434",8,5,3
"E00081436",5,5,0
"E00081437",7,3,4
"E00081438",1,1,0
"E00081439",0,0,0
"E00081440",5,2,3
"E00081441",4,2,2
"E00081442",5,0,5
"E00081443",8,2,6
"E00081444",4,1,3
"E00081445",1,1,0
"E00081446",2,1,1
"E00081447",3,2,1
"E00081448",0,0,0
"E00081449",8,1,7
"E00081450",1,0,1
"E00081451",1,0,1
"E00081452",5,0,5
"E00081453",5,2,3
"E00081454",2,0,2
"E00081455",10,8,2
"E00081456",4,2,2
"E00081457",3,3,0
"E00081458",0,0,0
"E00081459",3,2,1
"E00081461",3,1,2
"E00081462",3,1,2
"E00081463",1,1,0
"E00081464",2,1,1
"E00081465",1,1,0
"E00081466",2,1,1
"E00081467",6,3,3
"E00081468",0,0,0
"E00081469",3,2,1
"E00081470",2,1,1
"E00081471",0,0,0
"E00081472",6,4,2
"E00081473",2,1,1
"E00081474",2,0,2
"E00081475",2,1,1
"E00081476",0,0,0
"E00081477",2,1,1
"E00081478",6,3,3
"E00081479",13,5,8
"E00081480",4,3,1
"E00081481",1,0,1
"E00081482",0,0,0
"E00081483",7,4,3
"E00081484",8,4,4
"E00081485",4,2,2
"E00081486",1,1,0
"E00081487",1,0,1
"E00081488",0,0,0
"E00081489",9,5,4
"E00081490",2,2,0
"E00081491",4,0,4
"E00081492",4,1,3
"E00081493",3,1,2
"E00081494",3,2,1
"E00081495",4,0,4
"E00081496",2,0,2
"E00081497",3,2,1
"E00081498",2,1,1
"E00081499",0,0,0
"E00081500",3,2,1
"E00081501",1,0,1
"E00081502",4,3,1
"E00081503",0,0,0
"E00081504",3,2,1
"E00081505",5,3,2
"E00081506",0,0,0
"E00081507",2,1,1
"E00081508",3,1,2
"E00081509",3,2,1
"E00081510",7,2,5
"E00081511",5,2,3
"E00081512",3,1,2
"E00081513",8,4,4
"E00081514",4,3,1
"E00081515",4,2,2
"E00081516",6,3,3
"E00081517",4,2,2
"E00081518",4,3,1
"E00081519",2,0,2
"E00081520",3,0,3
"E00081521",7,3,4
"E00081522",11,7,4
"E00081523",0,0,0
"E00081524",11,7,4
"E00081525",0,0,0
"E00081526",1,0,1
"E00081527",3,3,0
"E00081528",5,2,3
"E00081529",1,0,1
"E00081530",1,0,1
"E00081531",3,1,2
"E00081532",5,2,3
"E00081534",3,2,1
"E00081535",9,6,3
"E00081536",5,3,2
"E00081537",9,7,2
"E00081538",4,1,3
"E00081539",1,1,0
"E00081540",1,1,0
"E00081541",0,0,0
"E00081542",7,4,3
"E00081543",6,5,1
"E00081544",9,4,5
"E00081545",4,1,3
"E00081546",0,0,0
"E00081547",6,2,4
"E00081548",8,2,6
"E00081549",1,1,0
"E00081550",4,2,2
"E00081551",6,3,3
"E00081552",1,1,0
"E00081553",3,3,0
"E00081554",1,1,0
"E00081555",4,1,3
"E00081556",1,0,1
"E00081557",1,0,1
"E00081558",4,2,2
"E00081559",8,5,3
"E00081560",2,1,1
"E00081561",5,1,4
"E00081562",5,2,3
"E00081563",3,2,1
"E00081564",4,2,2
"E00081565",3,2,1
"E00081566",8,5,3
"E00081567",5,2,3
"E00081568",3,2,1
"E00081569",3,1,2
"E00081570",0,0,0
"E00081571",6,2,4
"E00081572",5,3,2
"E00081573",0,0,0
"E00081574",0,0,0
"E00081575",2,1,1
"E00081576",1,0,1
"E00081577",6,4,2
"E00081578",4,2,2
"E00081579",0,0,0
"E00081580",6,2,4
"E00081581",4,3,1
"E00081582",0,0,0
"E00081583",1,0,1
"E00081584",0,0,0
"E00081585",4,2,2
"E00081586",3,2,1
"E00081587",5,1,4
"E00081588",6,2,4
"E00081589",1,1,0
"E00081590",2,0,2
"E00081591",2,0,2
"E00081592",10,6,4
"E00081593",3,2,1
"E00081594",7,4,3
"E00081595",7,4,3
"E00081596",4,3,1
"E00081597",3,1,2
"E00081598",4,1,3
"E00081599",2,0,2
"E00081600",2,2,0
"E00081601",3,0,3
"E00081602",5,3,2
"E00081603",3,1,2
"E00081604",0,0,0
"E00081605",2,1,1
"E00081606",0,0,0
"E00081607",5,5,0
"E00081608",12,7,5
"E00081609",5,2,3
"E00081610",1,0,1
"E00081611",5,3,2
"E00081612",0,0,0
"E00081613",9,5,4
"E00081614",8,4,4
"E00081615",4,4,0
"E00081616",1,1,0
"E00081617",1,0,1
"E00081618",3,0,3
"E00081619",1,0,1
"E00081620",2,1,1
"E00081622",3,2,1
"E00081623",5,2,3
"E00081624",2,1,1
"E00081625",6,2,4
"E00081626",3,2,1
"E00081627",10,5,5
"E00081628",0,0,0
"E00081630",0,0,0
"E00081631",6,2,4
"E00081632",0,0,0
"E00081633",0,0,0
"E00081634",2,1,1
"E00081635",3,3,0
"E00081636",0,0,0
"E00081637",1,0,1
"E00081638",3,2,1
"E00081639",1,1,0
"E00081640",0,0,0
"E00081641",1,0,1
"E00081642",1,0,1
"E00081643",1,1,0
"E00081644",3,1,2
"E00081645",1,0,1
"E00081646",0,0,0
"E00081647",0,0,0
"E00081648",1,1,0
"E00081649",0,0,0
"E00081650",0,0,0
"E00081651",0,0,0
"E00081652",1,0,1
"E00081653",2,1,1
"E00081654",0,0,0
"E00081655",0,0,0
"E00081656",2,0,2
"E00081657",3,0,3
"E00081658",3,1,2
"E00081660",0,0,0
"E00081662",1,1,0
"E00081663",6,4,2
"E00081664",3,2,1
"E00081665",2,0,2
"E00081666",7,2,5
"E00081667",1,0,1
"E00081668",0,0,0
"E00081669",8,5,3
"E00081670",1,1,0
"E00081671",7,3,4
"E00081672",2,1,1
"E00081673",1,1,0
"E00081674",3,0,3
"E00081675",2,2,0
"E00081676",1,1,0
"E00081677",1,1,0
"E00081678",2,0,2
"E00081679",0,0,0
"E00081680",1,1,0
"E00081681",0,0,0
"E00081682",2,1,1
"E00081683",3,2,1
"E00081684",1,0,1
"E00081685",0,0,0
"E00081686",1,0,1
"E00081687",6,4,2
"E00081688",0,0,0
"E00081689",8,5,3
"E00081690",3,1,2
"E00081691",1,0,1
"E00081692",2,0,2
"E00081693",1,0,1
"E00081694",0,0,0
"E00081695",2,1,1
"E00081696",1,1,0
"E00081697",7,4,3
"E00081698",4,0,4
"E00081699",1,0,1
"E00081700",3,2,1
"E00081701",7,6,1
"E00081702",1,1,0
"E00081703",2,1,1
"E00081704",0,0,0
"E00081705",1,0,1
"E00081706",2,2,0
"E00081707",3,1,2
"E00081708",1,0,1
"E00081709",5,4,1
"E00081710",3,2,1
"E00081711",3,1,2
"E00081712",1,0,1
"E00081713",3,3,0
"E00081714",3,1,2
"E00081715",5,2,3
"E00081716",5,0,5
"E00081717",4,2,2
"E00081718",3,2,1
"E00081719",2,2,0
"E00081720",5,3,2
"E00081721",5,1,4
"E00081722",10,6,4
"E00081723",4,1,3
"E00081724",2,2,0
"E00081725",1,0,1
"E00081726",1,1,0
"E00081727",1,0,1
"E00081728",6,1,5
"E00081729",2,0,2
"E00081730",1,0,1
"E00081731",0,0,0
"E00081732",1,0,1
"E00081733",0,0,0
"E00081734",2,1,1
"E00081735",2,1,1
"E00081736",3,2,1
"E00081737",0,0,0
"E00081738",7,2,5
"E00081739",0,0,0
"E00081740",5,1,4
"E00081741",7,2,5
"E00081742",1,1,0
"E00081743",0,0,0
"E00081744",1,0,1
"E00081745",10,2,8
"E00081746",0,0,0
"E00081747",5,3,2
"E00081748",5,2,3
"E00081749",4,1,3
"E00081750",3,1,2
"E00081751",2,0,2
"E00081752",0,0,0
"E00081753",0,0,0
"E00081754",5,3,2
"E00081755",13,5,8
"E00081756",5,3,2
"E00081757",7,6,1
"E00081758",5,2,3
"E00081759",8,3,5
"E00081760",9,2,7
"E00081761",8,3,5
"E00081762",1,1,0
"E00081763",3,1,2
"E00081764",6,2,4
"E00081765",4,2,2
"E00081766",2,1,1
"E00081767",2,1,1
"E00081768",2,1,1
"E00081769",11,7,4
"E00081770",6,3,3
"E00081771",2,2,0
"E00081772",1,0,1
"E00081773",0,0,0
"E00081774",22,9,13
"E00081775",8,4,4
"E00081776",10,3,7
"E00081777",7,4,3
"E00081778",8,5,3
"E00081779",13,5,8
"E00081780",9,4,5
"E00081781",7,3,4
"E00081782",4,0,4
"E00081783",0,0,0
"E00081784",3,1,2
"E00081785",7,1,6
"E00081786",5,4,1
"E00081787",0,0,0
"E00081788",19,11,8
"E00081789",5,4,1
"E00081790",14,9,5
"E00081791",12,6,6
"E00081792",4,1,3
"E00081793",8,6,2
"E00081794",2,0,2
"E00081795",11,7,4
"E00081796",4,3,1
"E00081797",14,8,6
"E00081798",6,4,2
"E00081799",12,5,7
"E00081800",2,0,2
"E00081801",7,5,2
"E00081802",3,2,1
"E00081803",4,2,2
"E00081804",7,3,4
"E00081806",6,2,4
"E00081807",11,6,5
"E00081808",1,1,0
"E00081809",4,2,2
"E00081810",20,10,10
"E00081811",10,6,4
"E00081812",4,3,1
"E00081813",5,2,3
"E00081814",11,7,4
"E00081815",11,3,8
"E00081816",15,9,6
"E00081817",7,4,3
"E00081818",8,6,2
"E00081819",1,0,1
"E00081820",2,1,1
"E00081821",1,0,1
"E00081822",0,0,0
"E00081823",0,0,0
"E00081824",0,0,0
"E00081825",3,0,3
"E00081826",6,2,4
"E00081828",6,5,1
"E00081829",4,2,2
"E00081830",2,2,0
"E00081831",5,1,4
"E00081832",5,0,5
"E00081833",7,5,2
"E00081834",0,0,0
"E00081835",0,0,0
"E00081836",4,2,2
"E00081837",4,2,2
"E00081838",4,3,1
"E00081839",8,6,2
"E00081840",9,3,6
"E00081841",1,1,0
"E00081842",9,5,4
"E00081843",3,0,3
"E00081844",0,0,0
"E00081845",1,1,0
"E00081846",8,3,5
"E00081847",3,2,1
"E00081848",3,2,1
"E00081849",4,3,1
"E00081850",8,4,4
"E00081851",3,0,3
"E00081852",5,1,4
"E00081853",4,1,3
"E00081854",3,0,3
"E00081855",11,5,6
"E00081856",5,3,2
"E00081857",4,2,2
"E00081858",12,8,4
"E00081859",4,1,3
"E00081860",7,3,4
"E00081862",0,0,0
"E00081863",11,7,4
"E00081864",13,8,5
"E00081865",9,4,5
"E00081866",3,2,1
"E00081867",3,2,1
"E00081868",1,1,0
"E00081869",0,0,0
"E00081870",3,2,1
"E00081871",0,0,0
"E00081872",4,2,2
"E00081873",2,1,1
"E00081874",1,0,1
"E00081875",6,4,2
"E00081876",3,2,1
"E00081877",0,0,0
"E00081878",6,3,3
"E00081879",3,2,1
"E00081880",4,1,3
"E00081881",3,3,0
"E00081882",3,1,2
"E00081883",2,2,0
"E00081884",7,5,2
"E00081885",5,1,4
"E00081886",0,0,0
"E00081887",6,2,4
"E00081888",2,0,2
"E00081889",1,0,1
"E00081890",0,0,0
"E00081891",0,0,0
"E00081892",0,0,0
"E00081893",4,3,1
"E00081894",3,1,2
"E00081895",5,3,2
"E00081896",11,8,3
"E00081897",1,1,0
"E00081898",10,8,2
"E00081899",3,1,2
"E00081900",5,1,4
"E00081901",9,8,1
"E00081902",4,2,2
"E00081903",6,4,2
"E00081904",5,4,1
"E00081905",7,4,3
"E00081906",6,4,2
"E00081907",19,8,11
"E00081908",7,4,3
"E00081909",2,0,2
"E00081910",3,2,1
"E00081911",3,2,1
"E00081912",2,2,0
"E00081914",7,5,2
"E00081915",0,0,0
"E00081916",6,1,5
"E00081917",5,3,2
"E00081918",1,0,1
"E00081919",1,1,0
"E00081920",3,3,0
"E00081921",6,3,3
"E00081922",0,0,0
"E00081923",13,8,5
"E00081924",11,7,4
"E00081925",1,1,0
"E00081926",2,1,1
"E00081927",7,3,4
"E00081928",3,1,2
"E00081929",2,2,0
"E00081930",5,4,1
"E00081931",5,1,4
"E00081932",4,3,1
"E00081933",1,1,0
"E00081934",1,1,0
"E00081935",11,3,8
"E00081936",5,2,3
"E00081937",10,6,4
"E00081938",6,4,2
"E00081939",2,2,0
"E00081940",2,1,1
"E00081941",4,4,0
"E00081942",1,1,0
"E00081943",3,1,2
"E00081944",1,0,1
"E00081945",10,5,5
"E00081946",1,1,0
"E00081947",3,1,2
"E00081948",4,1,3
"E00081949",5,3,2
"E00081950",1,1,0
"E00081951",1,1,0
"E00081952",3,1,2
"E00081953",1,1,0
"E00081954",3,2,1
"E00081955",5,4,1
"E00081956",5,3,2
"E00081957",4,1,3
"E00081958",5,4,1
"E00081959",5,0,5
"E00081960",2,1,1
"E00081961",1,1,0
"E00081962",5,4,1
"E00081963",0,0,0
"E00081964",2,0,2
"E00081965",0,0,0
"E00081966",5,3,2
"E00081967",1,0,1
"E00081968",5,1,4
"E00081969",3,2,1
"E00081970",0,0,0
"E00081971",6,4,2
"E00081972",3,3,0
"E00081973",0,0,0
"E00081974",3,2,1
"E00081975",1,1,0
"E00081976",2,2,0
"E00081977",1,0,1
"E00081978",10,3,7
"E00081979",1,0,1
"E00081981",5,3,2
"E00081982",1,0,1
"E00081983",6,5,1
"E00081984",0,0,0
"E00081985",0,0,0
"E00081986",19,9,10
"E00081987",4,0,4
"E00081988",8,4,4
"E00081989",0,0,0
"E00081990",16,9,7
"E00081991",5,2,3
"E00081993",5,4,1
"E00081994",5,2,3
"E00081995",6,3,3
"E00081996",15,6,9
"E00081997",9,2,7
"E00081998",7,4,3
"E00081999",4,4,0
"E00082000",6,3,3
"E00082001",7,4,3
"E00082002",7,3,4
"E00082003",3,2,1
"E00082004",10,4,6
"E00082005",7,5,2
"E00082006",5,2,3
"E00082007",6,2,4
"E00082008",2,0,2
"E00082010",0,0,0
"E00082011",11,6,5
"E00082012",2,0,2
"E00082013",2,0,2
"E00082014",4,3,1
"E00082015",8,5,3
"E00082016",0,0,0
"E00082017",3,0,3
"E00082018",1,0,1
"E00082019",4,3,1
"E00082020",7,4,3
"E00082021",1,1,0
"E00082022",1,0,1
"E00082024",2,1,1
"E00082025",0,0,0
"E00082026",5,1,4
"E00082027",5,2,3
"E00082028",2,2,0
"E00082029",3,0,3
"E00082030",0,0,0
"E00082031",8,2,6
"E00082032",2,1,1
"E00082033",7,3,4
"E00082034",9,6,3
"E00082035",6,2,4
"E00082036",10,6,4
"E00082037",2,0,2
"E00082038",5,3,2
"E00082039",5,3,2
"E00082040",4,3,1
"E00082041",3,0,3
"E00082042",1,1,0
"E00082043",3,1,2
"E00082044",9,5,4
"E00082045",9,7,2
"E00082046",3,2,1
"E00082047",5,1,4
"E00082048",1,1,0
"E00082049",2,2,0
"E00082050",0,0,0
"E00082051",2,2,0
"E00082052",0,0,0
"E00082053",6,3,3
"E00082054",0,0,0
"E00082055",4,2,2
"E00082056",7,3,4
"E00082057",2,1,1
"E00082058",3,1,2
"E00082059",5,4,1
"E00082060",5,3,2
"E00082061",5,2,3
"E00082062",6,2,4
"E00082063",1,1,0
"E00082064",0,0,0
"E00082065",2,1,1
"E00082066",15,6,9
"E00082067",1,1,0
"E00082068",3,2,1
"E00082069",1,1,0
"E00082070",12,8,4
"E00082071",2,2,0
"E00082072",8,4,4
"E00082073",6,2,4
"E00082074",10,5,5
"E00082075",7,4,3
"E00082076",3,1,2
"E00082077",5,4,1
"E00082078",11,5,6
"E00082079",5,3,2
"E00082080",9,4,5
"E00082081",2,0,2
"E00082082",6,5,1
"E00082083",0,0,0
"E00082084",7,5,2
"E00082086",1,1,0
"E00082087",6,2,4
"E00082089",3,1,2
"E00082090",11,5,6
"E00082093",6,2,4
"E00082094",1,1,0
"E00082096",0,0,0
"E00082097",1,0,1
"E00082098",1,1,0
"E00082099",2,0,2
"E00082100",0,0,0
"E00082101",0,0,0
"E00082102",3,3,0
"E00082103",6,2,4
"E00082104",2,1,1
"E00082105",0,0,0
"E00082106",1,0,1
"E00082107",5,2,3
"E00082108",3,1,2
"E00082111",9,5,4
"E00082112",10,4,6
"E00082113",4,2,2
"E00082114",12,7,5
"E00082115",0,0,0
"E00082116",18,11,7
"E00082117",8,6,2
"E00082118",20,7,13
"E00082119",23,12,11
"E00082120",5,2,3
"E00082121",3,1,2
"E00082122",4,3,1
"E00082123",0,0,0
"E00082124",9,3,6
"E00082125",9,7,2
"E00082126",13,10,3
"E00082127",5,4,1
"E00082128",11,9,2
"E00082129",14,6,8
"E00082130",3,1,2
"E00082131",12,6,6
"E00082132",18,10,8
"E00082133",17,10,7
"E00082134",2,1,1
"E00082135",13,8,5
"E00082136",13,7,6
"E00082137",8,4,4
"E00082138",21,11,10
"E00082139",12,9,3
"E00082140",11,9,2
"E00082141",6,3,3
"E00082142",1,1,0
"E00082143",5,1,4
"E00082145",7,3,4
"E00082146",11,4,7
"E00082147",1,1,0
"E00082148",6,3,3
"E00082149",5,3,2
"E00082150",5,2,3
"E00082151",18,10,8
"E00082152",12,6,6
"E00082153",2,2,0
"E00082154",9,2,7
"E00082155",9,3,6
"E00082156",6,2,4
"E00082157",4,0,4
"E00082158",3,3,0
"E00082159",5,2,3
"E00082160",0,0,0
"E00082161",1,1,0
"E00082162",12,4,8
"E00082163",6,2,4
"E00082164",6,3,3
"E00082166",10,5,5
"E00082167",12,9,3
"E00082168",20,13,7
"E00082169",14,10,4
"E00082170",14,7,7
"E00082171",11,7,4
"E00082172",10,5,5
"E00082173",21,9,12
"E00082174",20,10,10
"E00082175",14,7,7
"E00082176",12,5,7
"E00082177",7,3,4
"E00082178",5,1,4
"E00082179",7,4,3
"E00082180",4,3,1
"E00082182",10,4,6
"E00082183",9,6,3
"E00082184",10,1,9
"E00082185",6,4,2
"E00082186",5,3,2
"E00082187",10,4,6
"E00082188",7,5,2
"E00082189",3,1,2
"E00082190",15,6,9
"E00082191",7,3,4
"E00082192",9,5,4
"E00082193",7,4,3
"E00082194",6,2,4
"E00082195",4,3,1
"E00082196",5,3,2
"E00082197",7,1,6
"E00082198",0,0,0
"E00082199",9,6,3
"E00082200",0,0,0
"E00082201",4,1,3
"E00082202",1,0,1
"E00082203",1,0,1
"E00082204",21,12,9
"E00082205",2,1,1
"E00082206",7,3,4
"E00082207",11,5,6
"E00082208",4,3,1
"E00082209",11,8,3
"E00082210",10,4,6
"E00082211",8,3,5
"E00082212",6,2,4
"E00082213",7,6,1
"E00082214",4,1,3
"E00082215",2,1,1
"E00082216",6,4,2
"E00082217",0,0,0
"E00082218",4,0,4
"E00082219",6,2,4
"E00082220",1,0,1
"E00082221",0,0,0
"E00082222",8,3,5
"E00082223",1,1,0
"E00082224",5,4,1
"E00082225",2,0,2
"E00082226",4,1,3
"E00082227",0,0,0
"E00082228",5,2,3
"E00082229",9,3,6
"E00082230",9,4,5
"E00082231",20,12,8
"E00082232",9,4,5
"E00082233",16,9,7
"E00082234",1,1,0
"E00082235",18,9,9
"E00082236",10,3,7
"E00082237",6,3,3
"E00082238",1,0,1
"E00082239",1,0,1
"E00082240",1,1,0
"E00082241",3,2,1
"E00082242",2,0,2
"E00082243",5,3,2
"E00082244",5,2,3
"E00082245",1,1,0
"E00082246",2,2,0
"E00082247",3,1,2
"E00082248",4,2,2
"E00082249",3,1,2
"E00082250",1,0,1
"E00082251",6,1,5
"E00082252",1,0,1
"E00082253",3,1,2
"E00082254",10,6,4
"E00082255",9,3,6
"E00082256",12,6,6
"E00082257",13,7,6
"E00082258",10,6,4
"E00082259",4,2,2
"E00082261",13,9,4
"E00082262",11,6,5
"E00082263",0,0,0
"E00082264",6,4,2
"E00082265",17,9,8
"E00082266",11,5,6
"E00082267",10,4,6
"E00082268",4,3,1
"E00082269",1,1,0
"E00082270",8,3,5
"E00082271",12,6,6
"E00082272",15,5,10
"E00082273",12,4,8
"E00082274",9,6,3
"E00082275",0,0,0
"E00082276",9,5,4
"E00082277",8,4,4
"E00082278",10,5,5
"E00082279",17,7,10
"E00082280",17,7,10
"E00082281",8,3,5
"E00082282",10,5,5
"E00082283",8,1,7
"E00082284",4,2,2
"E00082285",10,5,5
"E00082286",2,0,2
"E00082287",15,9,6
"E00082288",5,2,3
"E00082289",7,5,2
"E00082290",12,6,6
"E00082291",1,1,0
"E00082292",9,6,3
"E00082293",13,8,5
"E00082294",8,6,2
"E00082295",6,2,4
"E00082296",19,14,5
"E00082297",7,3,4
"E00082298",9,5,4
"E00082299",5,1,4
"E00082301",7,2,5
"E00082302",7,4,3
"E00082303",5,1,4
"E00082305",6,4,2
"E00082306",2,2,0
"E00082307",7,2,5
"E00082308",2,1,1
"E00082309",7,2,5
"E00082310",4,3,1
"E00082311",2,0,2
"E00082312",0,0,0
"E00082313",5,3,2
"E00082314",6,3,3
"E00082315",2,2,0
"E00082316",2,1,1
"E00082317",2,0,2
"E00082318",7,6,1
"E00082319",1,0,1
"E00082320",3,3,0
"E00082321",2,1,1
"E00082322",2,1,1
"E00082323",4,2,2
"E00082324",1,0,1
"E00082325",2,0,2
"E00082326",5,4,1
"E00082327",18,14,4
"E00082328",4,2,2
"E00082329",2,0,2
"E00082330",9,6,3
"E00082331",2,1,1
"E00082332",5,2,3
"E00082333",3,2,1
"E00082334",4,3,1
"E00082336",8,4,4
"E00082337",9,5,4
"E00082338",17,10,7
"E00082339",13,5,8
"E00082340",10,5,5
"E00082341",22,12,10
"E00082342",8,5,3
"E00082343",6,4,2
"E00082344",5,2,3
"E00082345",1,0,1
"E00082346",5,3,2
"E00082347",11,5,6
"E00082348",3,1,2
"E00082349",12,7,5
"E00082350",17,8,9
"E00082351",9,3,6
"E00082352",4,2,2
"E00082353",12,7,5
"E00082354",3,2,1
"E00082355",8,5,3
"E00082356",3,1,2
"E00082357",1,0,1
"E00082358",7,2,5
"E00082359",24,11,13
"E00082360",12,7,5
"E00082361",4,2,2
"E00082362",7,3,4
"E00082363",5,2,3
"E00082364",5,3,2
"E00082365",4,3,1
"E00082366",5,4,1
"E00082367",5,2,3
"E00082368",3,1,2
"E00082369",5,1,4
"E00082371",3,2,1
"E00082372",4,3,1
"E00082373",3,1,2
"E00082374",3,1,2
"E00082375",17,9,8
"E00082376",8,3,5
"E00082377",3,2,1
"E00082378",2,2,0
"E00082379",10,7,3
"E00082380",5,3,2
"E00082381",2,0,2
"E00082382",4,3,1
"E00082383",7,4,3
"E00082384",4,2,2
"E00082386",6,4,2
"E00082388",7,4,3
"E00082389",3,1,2
"E00082390",1,1,0
"E00082391",1,1,0
"E00082392",5,2,3
"E00082394",1,1,0
"E00082395",16,11,5
"E00082396",16,9,7
"E00082397",0,0,0
"E00082398",3,3,0
"E00082399",5,2,3
"E00082400",8,4,4
"E00082401",0,0,0
"E00082402",3,1,2
"E00082403",2,0,2
"E00082404",4,0,4
"E00082405",13,5,8
"E00082406",2,1,1
"E00082407",15,12,3
"E00082408",15,7,8
"E00082409",5,0,5
"E00082410",16,7,9
"E00082411",7,3,4
"E00082412",9,2,7
"E00082413",3,3,0
"E00082414",6,4,2
"E00082415",8,2,6
"E00082416",4,2,2
"E00082417",3,1,2
"E00082419",11,7,4
"E00082420",10,8,2
"E00082421",8,5,3
"E00082422",3,0,3
"E00082423",6,4,2
"E00082424",12,3,9
"E00082425",14,8,6
"E00082426",8,4,4
"E00082427",10,4,6
"E00082428",8,6,2
"E00082429",20,17,3
"E00082430",2,1,1
"E00082431",0,0,0
"E00082432",8,4,4
"E00082433",1,0,1
"E00082434",5,1,4
"E00082435",7,4,3
"E00082436",6,2,4
"E00082437",1,1,0
"E00082438",6,2,4
"E00082439",8,4,4
"E00082440",10,4,6
"E00082441",1,0,1
"E00082442",8,3,5
"E00082443",7,4,3
"E00082444",8,4,4
"E00082445",7,4,3
"E00082446",12,6,6
"E00082447",6,3,3
"E00082448",4,2,2
"E00082449",11,7,4
"E00082450",1,1,0
"E00082451",7,2,5
"E00082452",8,3,5
"E00082453",16,8,8
"E00082454",4,4,0
"E00082455",1,0,1
"E00082456",7,6,1
"E00082457",5,3,2
"E00082458",4,2,2
"E00082459",6,4,2
"E00082460",4,3,1
"E00082461",8,4,4
"E00082462",16,8,8
"E00082463",7,4,3
"E00082464",5,3,2
"E00082465",6,3,3
"E00082466",2,0,2
"E00082467",1,0,1
"E00082468",3,2,1
"E00082469",2,0,2
"E00082470",9,5,4
"E00082471",8,6,2
"E00082472",2,1,1
"E00082473",15,4,11
"E00082474",13,7,6
"E00082475",0,0,0
"E00082476",3,1,2
"E00082477",4,1,3
"E00082478",7,4,3
"E00082479",2,0,2
"E00082480",6,5,1
"E00082481",2,1,1
"E00082482",6,2,4
"E00082483",6,5,1
"E00082484",2,0,2
"E00082485",4,1,3
"E00082486",4,2,2
"E00082487",1,0,1
"E00082488",8,5,3
"E00082489",2,0,2
"E00082490",0,0,0
"E00082491",1,1,0
"E00082492",3,2,1
"E00082493",3,1,2
"E00082494",1,0,1
"E00082495",6,4,2
"E00082496",4,2,2
"E00082497",0,0,0
"E00082498",5,3,2
"E00082499",2,2,0
"E00082500",4,3,1
"E00082501",0,0,0
"E00082502",5,4,1
"E00082503",3,1,2
"E00082505",3,2,1
"E00082506",2,0,2
"E00082507",4,4,0
"E00082508",3,1,2
"E00082509",6,2,4
"E00082510",4,2,2
"E00082511",6,6,0
"E00082512",15,6,9
"E00082513",3,2,1
"E00082514",13,5,8
"E00082515",3,1,2
"E00082516",9,3,6
"E00082517",5,2,3
"E00082518",3,1,2
"E00082519",11,2,9
"E00082520",2,0,2
"E00082521",3,1,2
"E00082522",8,4,4
"E00082523",12,4,8
"E00082524",7,3,4
"E00082525",2,2,0
"E00082526",14,6,8
"E00082527",8,2,6
"E00082529",6,2,4
"E00082530",5,0,5
"E00082533",4,2,2
"E00082534",12,7,5
"E00082535",9,4,5
"E00082536",5,4,1
"E00082537",4,2,2
"E00082538",1,1,0
"E00082539",7,4,3
"E00082540",4,2,2
"E00082541",3,1,2
"E00082542",1,1,0
"E00082543",8,2,6
"E00082544",3,2,1
"E00082545",4,1,3
"E00082546",7,5,2
"E00082547",5,2,3
"E00082548",1,0,1
"E00082549",6,4,2
"E00082550",2,0,2
"E00082551",2,1,1
"E00082552",4,4,0
"E00082553",2,1,1
"E00082554",4,4,0
"E00082555",5,1,4
"E00082556",1,0,1
"E00082557",7,5,2
"E00082558",0,0,0
"E00082559",0,0,0
"E00082560",2,1,1
"E00082561",2,1,1
"E00082562",2,1,1
"E00082563",5,1,4
"E00082564",6,4,2
"E00082565",1,1,0
"E00082566",6,3,3
"E00082567",2,0,2
"E00082568",0,0,0
"E00082569",3,2,1
"E00082570",0,0,0
"E00082571",1,0,1
"E00082572",2,1,1
"E00082573",0,0,0
"E00082574",3,2,1
"E00082575",0,0,0
"E00082576",4,3,1
"E00082577",6,3,3
"E00082578",5,2,3
"E00082579",1,0,1
"E00082580",2,0,2
"E00082581",1,1,0
"E00082582",5,2,3
"E00082583",1,0,1
"E00082584",3,3,0
"E00082585",6,1,5
"E00082586",5,2,3
"E00082587",5,0,5
"E00082588",1,1,0
"E00082589",7,3,4
"E00082590",0,0,0
"E00082592",0,0,0
"E00082593",0,0,0
"E00082594",0,0,0
"E00082595",0,0,0
"E00082596",7,6,1
"E00082597",2,1,1
"E00082598",0,0,0
"E00082599",1,0,1
"E00082600",1,0,1
"E00082601",0,0,0
"E00082602",3,1,2
"E00082603",4,3,1
"E00082604",1,0,1
"E00082605",1,1,0
"E00082606",5,2,3
"E00082608",1,0,1
"E00082610",0,0,0
"E00082612",2,1,1
"E00082613",0,0,0
"E00082614",3,2,1
"E00082615",0,0,0
"E00082616",6,4,2
"E00082617",0,0,0
"E00082619",1,0,1
"E00082620",2,2,0
"E00082621",0,0,0
"E00082623",6,5,1
"E00082624",3,3,0
"E00082625",0,0,0
"E00082626",6,4,2
"E00082627",0,0,0
"E00082628",4,3,1
"E00082629",0,0,0
"E00082630",0,0,0
"E00082631",0,0,0
"E00082632",2,0,2
"E00082634",2,1,1
"E00082635",3,1,2
"E00082636",2,1,1
"E00082637",3,2,1
"E00082638",3,1,2
"E00082639",2,1,1
"E00082640",0,0,0
"E00082641",0,0,0
"E00082642",0,0,0
"E00082643",4,1,3
"E00082644",1,0,1
"E00082645",5,2,3
"E00082646",3,2,1
"E00082647",4,2,2
"E00082648",4,2,2
"E00082649",1,0,1
"E00082650",4,2,2
"E00082651",2,1,1
"E00082652",1,0,1
"E00082654",0,0,0
"E00082655",4,2,2
"E00082656",6,4,2
"E00082657",8,3,5
"E00082658",1,1,0
"E00082659",6,2,4
"E00082661",4,2,2
"E00082662",1,0,1
"E00082663",5,3,2
"E00082664",9,6,3
"E00082665",1,0,1
"E00082666",3,1,2
"E00082667",4,3,1
"E00082668",6,4,2
"E00082669",11,5,6
"E00082670",5,3,2
"E00082671",3,2,1
"E00082672",5,1,4
"E00082673",3,1,2
"E00082674",2,1,1
"E00082675",0,0,0
"E00082676",5,3,2
"E00082677",2,2,0
"E00082678",5,3,2
"E00082679",1,0,1
"E00082680",2,2,0
"E00082681",0,0,0
"E00082682",1,0,1
"E00082683",1,1,0
"E00082684",0,0,0
"E00082685",0,0,0
"E00082686",2,1,1
"E00082687",1,1,0
"E00082689",7,2,5
"E00082690",6,3,3
"E00082691",1,1,0
"E00082692",2,1,1
"E00082693",1,1,0
"E00082694",3,1,2
"E00082695",1,0,1
"E00082696",6,2,4
"E00082697",1,1,0
"E00082698",0,0,0
"E00082699",3,2,1
"E00082700",0,0,0
"E00082702",11,5,6
"E00082703",13,7,6
"E00082704",7,2,5
"E00082705",7,5,2
"E00082706",3,1,2
"E00082707",0,0,0
"E00082708",3,2,1
"E00082709",5,3,2
"E00082710",0,0,0
"E00082711",1,1,0
"E00082712",7,6,1
"E00082713",3,1,2
"E00082714",2,0,2
"E00082715",3,2,1
"E00082716",0,0,0
"E00082717",0,0,0
"E00082718",2,1,1
"E00082719",2,1,1
"E00082720",7,5,2
"E00082721",3,2,1
"E00082722",2,0,2
"E00082724",1,0,1
"E00082725",6,1,5
"E00082726",1,0,1
"E00082727",0,0,0
"E00082728",5,5,0
"E00082729",0,0,0
"E00082730",2,1,1
"E00082731",4,2,2
"E00082732",1,0,1
"E00082733",2,1,1
"E00082734",1,0,1
"E00082735",1,1,0
"E00082736",2,1,1
"E00082737",4,1,3
"E00082738",1,0,1
"E00082739",3,2,1
"E00082740",0,0,0
"E00082741",3,2,1
"E00082742",1,1,0
"E00082743",3,1,2
"E00082744",4,2,2
"E00082745",12,8,4
"E00082746",4,0,4
"E00082747",15,6,9
"E00082748",12,6,6
"E00082749",4,2,2
"E00082750",6,2,4
"E00082751",1,0,1
"E00082752",1,1,0
"E00082753",0,0,0
"E00082754",0,0,0
"E00082755",1,1,0
"E00082756",6,3,3
"E00082757",12,5,7
"E00082758",4,1,3
"E00082759",7,4,3
"E00082760",2,1,1
"E00082761",4,3,1
"E00082762",0,0,0
"E00082763",5,1,4
"E00082764",4,2,2
"E00082765",3,1,2
"E00082766",4,2,2
"E00082767",5,1,4
"E00082768",7,4,3
"E00082769",6,4,2
"E00082770",3,2,1
"E00082771",22,14,8
"E00082772",5,2,3
"E00082773",4,2,2
"E00082774",6,4,2
"E00082775",2,2,0
"E00082776",16,6,10
"E00082777",18,12,6
"E00082778",10,6,4
"E00082779",14,8,6
"E00082780",8,4,4
"E00082781",7,6,1
"E00082782",8,5,3
"E00082783",5,2,3
"E00082784",4,2,2
"E00082785",6,3,3
"E00082786",6,2,4
"E00082787",3,2,1
"E00082788",1,0,1
"E00082789",4,3,1
"E00082790",1,0,1
"E00082791",1,1,0
"E00082792",2,1,1
"E00082793",3,1,2
"E00082794",2,0,2
"E00082795",4,2,2
"E00082796",0,0,0
"E00082797",9,6,3
"E00082798",2,2,0
"E00082799",3,2,1
"E00082800",3,2,1
"E00082801",0,0,0
"E00082802",4,2,2
"E00082803",1,0,1
"E00082804",8,2,6
"E00082805",0,0,0
"E00082806",5,3,2
"E00082807",0,0,0
"E00082808",5,3,2
"E00082809",2,1,1
"E00082810",0,0,0
"E00082811",1,1,0
"E00082812",0,0,0
"E00082813",5,2,3
"E00082814",2,2,0
"E00082815",0,0,0
"E00082816",1,1,0
"E00082817",1,1,0
"E00082818",0,0,0
"E00082819",1,0,1
"E00082820",4,0,4
"E00082821",5,3,2
"E00082823",0,0,0
"E00082824",3,1,2
"E00082825",3,1,2
"E00082826",0,0,0
"E00082827",6,4,2
"E00082828",1,1,0
"E00082830",0,0,0
"E00082831",1,1,0
"E00082832",0,0,0
"E00082833",8,2,6
"E00082834",2,1,1
"E00082835",4,1,3
"E00082836",2,1,1
"E00082837",1,0,1
"E00082838",6,2,4
"E00082839",4,1,3
"E00082840",2,1,1
"E00082841",3,1,2
"E00082842",9,4,5
"E00082843",0,0,0
"E00082844",8,4,4
"E00082845",1,0,1
"E00082846",1,0,1
"E00082847",4,3,1
"E00082848",1,0,1
"E00082849",12,3,9
"E00082850",2,1,1
"E00082851",6,4,2
"E00082853",10,5,5
"E00082854",7,6,1
"E00082855",15,5,10
"E00082856",13,6,7
"E00082857",1,1,0
"E00082858",13,6,7
"E00082859",11,6,5
"E00082860",4,3,1
"E00082861",16,7,9
"E00082862",2,1,1
"E00082863",1,0,1
"E00082864",7,2,5
"E00082865",1,0,1
"E00082866",2,2,0
"E00082867",12,7,5
"E00082868",2,1,1
"E00082869",1,1,0
"E00082870",5,3,2
"E00082871",4,3,1
"E00082872",0,0,0
"E00082873",5,1,4
"E00082874",8,5,3
"E00082875",1,0,1
"E00082876",1,1,0
"E00082877",4,2,2
"E00082878",0,0,0
"E00082879",5,2,3
"E00082880",7,1,6
"E00082881",7,2,5
"E00082882",5,3,2
"E00082883",4,2,2
"E00082884",1,1,0
"E00082885",7,2,5
"E00082886",2,1,1
"E00082887",7,5,2
"E00082888",4,2,2
"E00082889",13,6,7
"E00082890",8,3,5
"E00082891",11,7,4
"E00082892",10,7,3
"E00082893",9,3,6
"E00082894",9,5,4
"E00082895",4,2,2
"E00082896",6,5,1
"E00082897",0,0,0
"E00082898",9,6,3
"E00082899",0,0,0
"E00082900",3,2,1
"E00082901",3,0,3
"E00082902",6,3,3
"E00082903",0,0,0
"E00082904",6,6,0
"E00082905",4,1,3
"E00082906",1,1,0
"E00082907",5,2,3
"E00082908",3,1,2
"E00082909",4,3,1
"E00082910",0,0,0
"E00082911",1,1,0
"E00082912",2,2,0
"E00082913",2,1,1
"E00082914",5,4,1
"E00082915",2,1,1
"E00082916",0,0,0
"E00082917",1,1,0
"E00082918",6,0,6
"E00082919",2,1,1
"E00082920",15,10,5
"E00082921",9,8,1
"E00082922",5,1,4
"E00082923",4,4,0
"E00082924",5,2,3
"E00082925",5,3,2
"E00082926",2,2,0
"E00082927",5,1,4
"E00082928",6,3,3
"E00082929",2,0,2
"E00082930",5,3,2
"E00082932",1,0,1
"E00082933",13,10,3
"E00082934",6,2,4
"E00082935",3,1,2
"E00082936",2,1,1
"E00082937",1,0,1
"E00082938",7,4,3
"E00082939",12,3,9
"E00082940",3,2,1
"E00082941",1,1,0
"E00082942",5,2,3
"E00082943",0,0,0
"E00082944",0,0,0
"E00082945",4,3,1
"E00082946",5,2,3
"E00082947",0,0,0
"E00082948",1,0,1
"E00082949",8,4,4
"E00082950",5,4,1
"E00082951",7,4,3
"E00082952",8,4,4
"E00082953",0,0,0
"E00082954",4,2,2
"E00082955",0,0,0
"E00082956",1,1,0
"E00082957",4,3,1
"E00082958",9,5,4
"E00082959",5,3,2
"E00082960",3,3,0
"E00082961",1,0,1
"E00082962",2,2,0
"E00082963",3,0,3
"E00082964",6,4,2
"E00082965",15,6,9
"E00082966",6,1,5
"E00082967",4,3,1
"E00082968",6,2,4
"E00082969",14,7,7
"E00082970",7,5,2
"E00082971",2,2,0
"E00082972",15,10,5
"E00082973",1,1,0
"E00082974",12,8,4
"E00082975",6,2,4
"E00082976",17,7,10
"E00082977",4,0,4
"E00082978",11,5,6
"E00082979",7,1,6
"E00082980",11,4,7
"E00082981",9,2,7
"E00082982",2,2,0
"E00082983",1,1,0
"E00082984",6,4,2
"E00082985",20,10,10
"E00082986",7,2,5
"E00082987",7,5,2
"E00082988",9,3,6
"E00082989",21,10,11
"E00082990",19,11,8
"E00082991",6,3,3
"E00082992",5,3,2
"E00082993",1,1,0
"E00082994",1,1,0
"E00082995",1,1,0
"E00082996",3,2,1
"E00082997",4,3,1
"E00082998",7,3,4
"E00082999",7,1,6
"E00083000",3,2,1
"E00083001",2,2,0
"E00083002",5,2,3
"E00083003",5,2,3
"E00083004",4,2,2
"E00083005",1,0,1
"E00083006",2,1,1
"E00083007",0,0,0
"E00083008",8,6,2
"E00083009",4,2,2
"E00083010",3,1,2
"E00083011",2,1,1
"E00083012",3,3,0
"E00083013",3,2,1
"E00083014",9,5,4
"E00083015",6,3,3
"E00083016",7,3,4
"E00083017",11,6,5
"E00083018",6,2,4
"E00083019",8,4,4
"E00083020",7,6,1
"E00083021",8,4,4
"E00083022",4,0,4
"E00083023",3,1,2
"E00083025",1,1,0
"E00083026",4,3,1
"E00083027",5,3,2
"E00083028",5,1,4
"E00083029",1,0,1
"E00083030",2,1,1
"E00083031",1,0,1
"E00083032",1,1,0
"E00083033",4,2,2
"E00083034",4,2,2
"E00083035",0,0,0
"E00083036",0,0,0
"E00083037",1,1,0
"E00083038",4,2,2
"E00083039",1,1,0
"E00083040",0,0,0
"E00083041",3,2,1
"E00083042",4,0,4
"E00083043",5,1,4
"E00083044",1,0,1
"E00083045",0,0,0
"E00083046",1,1,0
"E00083047",1,0,1
"E00083048",4,3,1
"E00083049",4,3,1
"E00083050",0,0,0
"E00083051",1,0,1
"E00083052",1,1,0
"E00083053",0,0,0
"E00083054",1,1,0
"E00083056",6,3,3
"E00083057",11,5,6
"E00083058",8,3,5
"E00083059",2,2,0
"E00083060",3,1,2
"E00083061",6,3,3
"E00083062",0,0,0
"E00083063",2,2,0
"E00083065",1,1,0
"E00083066",5,1,4
"E00083067",8,6,2
"E00083068",1,1,0
"E00083069",0,0,0
"E00083070",8,2,6
"E00083071",1,1,0
"E00083072",12,6,6
"E00083073",1,1,0
"E00083074",3,2,1
"E00083075",1,0,1
"E00083076",6,3,3
"E00083077",1,0,1
"E00083078",3,1,2
"E00083079",3,2,1
"E00083080",0,0,0
"E00083081",4,4,0
"E00083082",5,3,2
"E00083083",1,1,0
"E00083084",3,2,1
"E00083085",4,2,2
"E00083086",8,3,5
"E00083087",1,0,1
"E00083088",7,4,3
"E00083089",0,0,0
"E00083090",2,0,2
"E00083091",7,3,4
"E00083092",1,1,0
"E00083093",1,1,0
"E00083094",2,2,0
"E00083095",4,1,3
"E00083096",0,0,0
"E00083097",0,0,0
"E00083098",1,0,1
"E00083099",1,1,0
"E00083100",0,0,0
"E00083101",6,4,2
"E00083102",4,0,4
"E00083103",4,1,3
"E00083104",2,1,1
"E00083105",3,2,1
"E00083106",3,1,2
"E00083107",8,4,4
"E00083108",3,3,0
"E00083109",7,3,4
"E00083110",6,2,4
"E00083111",7,4,3
"E00083112",3,1,2
"E00083113",2,1,1
"E00083114",1,1,0
"E00083115",6,4,2
"E00083116",4,3,1
"E00083117",5,2,3
"E00083120",3,1,2
"E00083121",2,0,2
"E00083122",3,2,1
"E00083123",5,5,0
"E00083124",6,3,3
"E00083125",1,0,1
"E00083126",7,4,3
"E00083127",2,2,0
"E00083128",12,11,1
"E00083129",10,6,4
"E00083130",1,1,0
"E00083131",6,3,3
"E00083132",10,5,5
"E00083133",2,2,0
"E00083134",5,4,1
"E00083135",3,1,2
"E00083136",2,1,1
"E00083139",4,2,2
"E00083141",6,5,1
"E00083142",14,10,4
"E00083143",0,0,0
"E00083144",0,0,0
"E00083145",2,1,1
"E00083146",2,1,1
"E00083147",7,6,1
"E00083148",3,2,1
"E00083150",2,0,2
"E00083151",4,2,2
"E00083153",11,7,4
"E00083154",3,3,0
"E00083155",4,2,2
"E00083156",0,0,0
"E00083157",0,0,0
"E00083158",0,0,0
"E00083159",3,1,2
"E00083160",1,1,0
"E00083162",3,2,1
"E00083163",6,3,3
"E00083164",2,1,1
"E00083165",5,1,4
"E00083166",4,1,3
"E00083167",1,1,0
"E00083168",6,3,3
"E00083169",2,0,2
"E00083170",5,3,2
"E00083171",4,4,0
"E00083172",0,0,0
"E00083173",3,3,0
"E00083174",1,0,1
"E00083175",1,0,1
"E00083176",0,0,0
"E00083177",9,6,3
"E00083178",4,2,2
"E00083179",5,3,2
"E00083180",4,1,3
"E00083181",1,0,1
"E00083182",2,0,2
"E00083183",5,4,1
"E00083184",2,1,1
"E00083185",4,2,2
"E00083186",2,0,2
"E00083187",1,1,0
"E00083188",2,2,0
"E00083189",2,2,0
"E00083191",8,5,3
"E00083192",0,0,0
"E00083193",3,1,2
"E00083194",0,0,0
"E00083195",9,3,6
"E00083196",2,2,0
"E00083197",1,0,1
"E00083198",0,0,0
"E00083199",12,6,6
"E00083200",5,0,5
"E00083201",3,3,0
"E00083202",1,1,0
"E00083203",2,1,1
"E00083204",2,1,1
"E00083205",0,0,0
"E00083207",0,0,0
"E00083208",1,0,1
"E00083209",6,4,2
"E00083210",3,2,1
"E00083211",13,9,4
"E00083212",3,1,2
"E00083213",8,4,4
"E00083214",4,4,0
"E00083215",0,0,0
"E00083216",3,2,1
"E00083217",7,5,2
"E00083218",1,0,1
"E00083219",4,2,2
"E00083220",2,1,1
"E00083221",2,1,1
"E00083222",4,3,1
"E00083223",4,0,4
"E00083224",0,0,0
"E00083225",6,3,3
"E00083226",3,3,0
"E00083227",7,2,5
"E00083228",0,0,0
"E00083229",0,0,0
"E00083230",6,4,2
"E00083231",3,2,1
"E00083232",2,2,0
"E00083233",9,2,7
"E00083234",2,2,0
"E00083235",1,0,1
"E00083236",6,2,4
"E00083237",1,0,1
"E00083238",2,2,0
"E00083239",1,0,1
"E00083240",4,3,1
"E00083241",2,1,1
"E00083242",0,0,0
"E00083243",3,2,1
"E00083244",8,6,2
"E00083245",2,1,1
"E00083246",9,5,4
"E00083247",6,2,4
"E00083248",6,1,5
"E00083249",4,1,3
"E00083250",1,0,1
"E00083251",4,1,3
"E00083252",3,0,3
"E00083253",1,0,1
"E00083254",7,5,2
"E00083255",4,3,1
"E00083256",4,2,2
"E00083257",6,3,3
"E00083258",5,2,3
"E00083259",0,0,0
"E00083260",4,3,1
"E00083261",0,0,0
"E00083262",6,1,5
"E00083263",5,1,4
"E00083264",1,0,1
"E00083265",1,0,1
"E00083266",1,1,0
"E00083267",9,5,4
"E00083268",1,1,0
"E00083269",1,0,1
"E00083270",0,0,0
"E00083271",6,2,4
"E00083272",4,3,1
"E00083273",4,2,2
"E00083274",0,0,0
"E00083275",4,4,0
"E00083276",3,2,1
"E00083278",0,0,0
"E00083279",7,3,4
"E00083280",6,3,3
"E00083281",4,1,3
"E00083282",0,0,0
"E00083283",4,1,3
"E00083284",4,1,3
"E00083285",3,2,1
"E00083286",0,0,0
"E00083287",4,3,1
"E00083288",0,0,0
"E00083289",9,4,5
"E00083290",2,1,1
"E00083291",1,1,0
"E00083292",3,2,1
"E00083293",0,0,0
"E00083294",8,2,6
"E00083295",0,0,0
"E00083296",4,3,1
"E00083297",3,2,1
"E00083298",0,0,0
"E00083299",6,4,2
"E00083300",7,4,3
"E00083301",0,0,0
"E00083302",12,5,7
"E00083303",4,1,3
"E00083304",0,0,0
"E00083305",3,2,1
"E00083306",2,2,0
"E00083307",2,0,2
"E00083308",3,1,2
"E00083309",1,1,0
"E00083310",3,1,2
"E00083311",3,2,1
"E00083312",5,4,1
"E00083313",18,10,8
"E00083314",3,2,1
"E00083315",5,3,2
"E00083316",1,0,1
"E00083317",4,2,2
"E00083318",9,7,2
"E00083319",3,2,1
"E00083320",2,0,2
"E00083321",8,3,5
"E00083322",5,2,3
"E00083323",0,0,0
"E00083324",2,0,2
"E00083325",0,0,0
"E00083326",6,3,3
"E00083327",0,0,0
"E00083328",4,3,1
"E00083329",13,8,5
"E00083330",11,8,3
"E00083331",8,5,3
"E00083332",2,2,0
"E00083333",16,7,9
"E00083334",0,0,0
"E00083335",2,1,1
"E00083337",1,1,0
"E00083338",8,3,5
"E00083339",0,0,0
"E00083340",0,0,0
"E00083341",7,4,3
"E00083342",7,3,4
"E00083343",10,4,6
"E00083344",4,1,3
"E00083345",1,0,1
"E00083346",4,3,1
"E00083347",1,1,0
"E00083348",9,4,5
"E00083349",8,6,2
"E00083350",4,4,0
"E00083351",10,4,6
"E00083352",0,0,0
"E00083353",5,1,4
"E00083354",2,1,1
"E00083355",9,2,7
"E00083356",13,7,6
"E00083357",14,7,7
"E00083358",4,2,2
"E00083359",8,2,6
"E00083360",8,4,4
"E00083361",7,3,4
"E00083362",1,1,0
"E00083363",1,1,0
"E00083364",4,3,1
"E00083365",0,0,0
"E00083366",14,6,8
"E00083367",1,0,1
"E00083368",6,4,2
"E00083369",6,2,4
"E00083370",0,0,0
"E00083371",2,0,2
"E00083372",3,2,1
"E00083373",17,10,7
"E00083374",1,0,1
"E00083375",7,3,4
"E00083376",0,0,0
"E00083378",1,0,1
"E00083379",12,6,6
"E00083380",6,4,2
"E00083381",1,1,0
"E00083382",10,5,5
"E00083383",14,7,7
"E00083384",7,4,3
"E00083385",10,8,2
"E00083386",17,9,8
"E00083387",3,2,1
"E00083388",1,0,1
"E00083389",4,3,1
"E00083390",7,1,6
"E00083391",6,6,0
"E00083392",4,2,2
"E00083393",1,0,1
"E00083394",1,0,1
"E00083395",1,0,1
"E00083396",10,5,5
"E00083397",3,1,2
"E00083398",9,5,4
"E00083399",4,2,2
"E00083400",2,1,1
"E00083401",3,2,1
"E00083402",6,3,3
"E00083403",0,0,0
"E00083404",1,0,1
"E00083406",0,0,0
"E00083407",2,0,2
"E00083408",4,1,3
"E00083409",0,0,0
"E00083410",5,2,3
"E00083411",2,0,2
"E00083412",2,1,1
"E00083413",1,1,0
"E00083414",6,2,4
"E00083415",28,14,14
"E00083416",8,5,3
"E00083417",23,11,12
"E00083418",9,5,4
"E00083419",31,13,18
"E00083420",10,4,6
"E00083421",3,2,1
"E00083422",18,8,10
"E00083423",2,0,2
"E00083424",10,6,4
"E00083425",5,1,4
"E00083426",19,8,11
"E00083427",0,0,0
"E00083429",3,1,2
"E00083430",9,6,3
"E00083431",3,2,1
"E00083432",1,1,0
"E00083433",6,3,3
"E00083434",8,3,5
"E00083435",14,8,6
"E00083436",11,6,5
"E00083437",9,7,2
"E00083438",5,4,1
"E00083439",3,2,1
"E00083440",1,1,0
"E00083441",1,0,1
"E00083442",1,0,1
"E00083443",1,1,0
"E00083444",1,1,0
"E00083445",5,3,2
"E00083446",15,9,6
"E00083447",4,2,2
"E00083448",14,10,4
"E00083449",7,4,3
"E00083450",15,8,7
"E00083451",7,2,5
"E00083452",0,0,0
"E00083453",2,1,1
"E00083454",2,0,2
"E00083455",10,6,4
"E00083456",11,6,5
"E00083457",8,3,5
"E00083458",5,4,1
"E00083459",3,1,2
"E00083460",1,1,0
"E00083461",0,0,0
"E00083462",1,0,1
"E00083463",5,4,1
"E00083464",10,8,2
"E00083465",17,9,8
"E00083466",5,4,1
"E00083467",20,10,10
"E00083468",0,0,0
"E00083469",3,1,2
"E00083470",7,5,2
"E00083471",10,5,5
"E00083472",22,11,11
"E00083473",17,14,3
"E00083474",13,7,6
"E00083475",4,3,1
"E00083476",2,2,0
"E00083477",5,5,0
"E00083478",18,10,8
"E00083480",7,2,5
"E00083481",4,1,3
"E00083482",5,3,2
"E00083483",7,1,6
"E00083484",30,20,10
"E00083485",10,4,6
"E00083486",3,1,2
"E00083487",3,1,2
"E00083488",0,0,0
"E00083489",4,3,1
"E00083490",5,3,2
"E00083491",1,0,1
"E00083492",6,2,4
"E00083493",7,2,5
"E00083494",5,1,4
"E00083495",10,3,7
"E00083496",6,4,2
"E00083497",4,2,2
"E00083498",5,3,2
"E00083499",6,2,4
"E00083500",12,6,6
"E00083501",1,0,1
"E00083502",3,3,0
"E00083503",6,3,3
"E00083504",9,4,5
"E00083505",7,5,2
"E00083506",23,12,11
"E00083507",9,5,4
"E00083508",4,4,0
"E00083509",4,2,2
"E00083510",10,8,2
"E00083511",2,1,1
"E00083512",15,7,8
"E00083513",5,1,4
"E00083514",3,2,1
"E00083515",9,4,5
"E00083516",7,6,1
"E00083517",5,4,1
"E00083518",4,2,2
"E00083519",5,3,2
"E00083520",6,5,1
"E00083521",8,6,2
"E00083522",5,5,0
"E00083523",0,0,0
"E00083524",3,0,3
"E00083525",4,1,3
"E00083526",2,2,0
"E00083527",3,2,1
"E00083528",7,4,3
"E00083529",15,8,7
"E00083530",4,3,1
"E00083531",3,2,1
"E00083532",3,1,2
"E00083533",6,5,1
"E00083534",1,1,0
"E00083535",6,4,2
"E00083536",7,5,2
"E00083537",11,4,7
"E00083538",3,1,2
"E00083539",8,3,5
"E00083540",2,2,0
"E00083541",6,2,4
"E00083542",0,0,0
"E00083543",5,4,1
"E00083544",1,1,0
"E00083545",0,0,0
"E00083546",1,1,0
"E00083547",2,2,0
"E00083548",7,5,2
"E00083549",11,5,6
"E00083550",8,2,6
"E00083551",1,0,1
"E00083552",4,3,1
"E00083553",9,5,4
"E00083554",2,1,1
"E00083555",3,2,1
"E00083556",3,2,1
"E00083557",6,5,1
"E00083558",7,3,4
"E00083559",0,0,0
"E00083560",4,3,1
"E00083561",5,2,3
"E00083562",9,6,3
"E00083563",4,4,0
"E00083564",4,4,0
"E00083565",7,6,1
"E00083566",1,1,0
"E00083567",7,1,6
"E00083568",2,1,1
"E00083569",2,2,0
"E00083570",7,1,6
"E00083571",3,1,2
"E00083572",6,3,3
"E00083573",4,2,2
"E00083574",6,2,4
"E00083575",6,5,1
"E00083576",10,5,5
"E00083577",3,0,3
"E00083578",0,0,0
"E00083579",3,2,1
"E00083580",4,2,2
"E00083581",3,1,2
"E00083582",2,1,1
"E00083583",12,8,4
"E00083584",9,4,5
"E00083585",3,0,3
"E00083586",2,1,1
"E00083587",0,0,0
"E00083588",1,1,0
"E00083589",4,2,2
"E00083590",2,0,2
"E00083591",0,0,0
"E00083592",2,1,1
"E00083593",2,0,2
"E00083594",3,2,1
"E00083595",6,4,2
"E00083596",3,1,2
"E00083597",4,2,2
"E00083598",6,2,4
"E00083599",8,4,4
"E00083600",0,0,0
"E00083601",4,3,1
"E00083602",6,5,1
"E00083603",5,3,2
"E00083604",3,2,1
"E00083605",3,1,2
"E00083606",10,6,4
"E00083607",3,0,3
"E00083608",9,3,6
"E00083609",10,6,4
"E00083610",5,2,3
"E00083611",0,0,0
"E00083612",8,2,6
"E00083613",12,5,7
"E00083614",6,3,3
"E00083615",4,2,2
"E00083616",5,1,4
"E00083617",6,4,2
"E00083618",14,9,5
"E00083619",2,1,1
"E00083620",9,4,5
"E00083621",6,3,3
"E00083622",1,0,1
"E00083623",4,3,1
"E00083624",1,1,0
"E00083625",12,4,8
"E00083626",9,9,0
"E00083627",7,4,3
"E00083628",0,0,0
"E00083629",4,0,4
"E00083630",4,1,3
"E00083631",9,7,2
"E00083632",3,0,3
"E00083633",11,6,5
"E00083634",4,2,2
"E00083635",1,0,1
"E00083636",3,1,2
"E00083637",8,4,4
"E00083638",17,12,5
"E00083639",4,2,2
"E00083640",3,2,1
"E00083641",11,4,7
"E00083642",8,4,4
"E00083643",0,0,0
"E00083644",3,1,2
"E00083645",1,0,1
"E00083646",1,1,0
"E00083647",0,0,0
"E00083648",6,4,2
"E00083650",1,1,0
"E00083651",2,2,0
"E00083652",6,3,3
"E00083653",0,0,0
"E00083654",7,1,6
"E00083655",3,2,1
"E00083656",4,2,2
"E00083657",3,2,1
"E00083658",9,3,6
"E00083659",0,0,0
"E00083660",14,7,7
"E00083661",8,2,6
"E00083662",15,9,6
"E00083663",5,3,2
"E00083664",9,5,4
"E00083665",0,0,0
"E00083666",3,1,2
"E00083667",7,6,1
"E00083668",7,3,4
"E00083669",13,6,7
"E00083670",3,3,0
"E00083671",12,7,5
"E00083672",2,0,2
"E00083673",10,5,5
"E00083674",8,5,3
"E00083675",11,4,7
"E00083676",4,2,2
"E00083677",2,1,1
"E00083678",5,2,3
"E00083679",4,2,2
"E00083680",4,2,2
"E00083681",5,4,1
"E00083682",7,4,3
"E00083683",8,3,5
"E00083684",1,0,1
"E00083685",10,7,3
"E00083686",5,4,1
"E00083687",10,6,4
"E00083688",10,3,7
"E00083689",4,1,3
"E00083690",0,0,0
"E00083691",6,4,2
"E00083692",4,2,2
"E00083693",9,6,3
"E00083694",0,0,0
"E00083695",6,4,2
"E00083696",4,3,1
"E00083697",4,1,3
"E00083698",10,5,5
"E00083699",10,6,4
"E00083700",12,6,6
"E00083701",13,5,8
"E00083702",5,2,3
"E00083703",10,4,6
"E00083704",11,5,6
"E00083705",13,9,4
"E00083706",3,2,1
"E00083707",23,12,11
"E00083708",9,5,4
"E00083709",7,4,3
"E00083710",3,3,0
"E00083711",1,1,0
"E00083712",0,0,0
"E00083713",4,1,3
"E00083714",1,1,0
"E00083715",12,9,3
"E00083716",9,5,4
"E00083717",5,1,4
"E00083718",4,2,2
"E00083719",2,2,0
"E00083720",4,3,1
"E00083721",18,11,7
"E00083722",16,8,8
"E00083723",9,4,5
"E00083724",12,7,5
"E00083725",12,6,6
"E00083726",9,6,3
"E00083727",7,3,4
"E00083728",11,4,7
"E00083729",6,3,3
"E00083730",6,5,1
"E00083731",2,0,2
"E00083732",4,2,2
"E00083733",3,3,0
"E00083734",6,4,2
"E00083735",4,3,1
"E00083736",0,0,0
"E00083737",6,1,5
"E00083738",1,1,0
"E00083739",3,1,2
"E00083740",1,0,1
"E00083741",7,5,2
"E00083742",5,2,3
"E00083743",4,3,1
"E00083744",11,3,8
"E00083745",8,2,6
"E00083746",12,8,4
"E00083747",6,4,2
"E00083748",16,8,8
"E00083749",15,8,7
"E00083750",6,3,3
"E00083751",4,3,1
"E00083752",5,3,2
"E00083753",2,0,2
"E00083754",0,0,0
"E00083755",6,3,3
"E00083756",10,5,5
"E00083757",4,2,2
"E00083758",12,8,4
"E00083759",10,6,4
"E00083760",1,0,1
"E00083761",6,4,2
"E00083762",16,7,9
"E00083763",1,1,0
"E00083764",12,5,7
"E00083765",2,0,2
"E00083766",6,3,3
"E00083767",4,2,2
"E00083768",2,2,0
"E00083769",11,7,4
"E00083772",7,2,5
"E00083773",7,3,4
"E00083774",14,7,7
"E00083775",2,1,1
"E00083776",3,2,1
"E00083777",0,0,0
"E00083778",1,0,1
"E00083779",2,1,1
"E00083780",4,4,0
"E00083781",10,5,5
"E00083782",6,5,1
"E00083783",27,17,10
"E00083784",5,3,2
"E00083785",8,5,3
"E00083786",6,5,1
"E00083787",12,8,4
"E00083788",3,2,1
"E00083789",13,5,8
"E00083790",20,11,9
"E00083791",4,2,2
"E00083792",5,4,1
"E00083793",2,0,2
"E00083794",5,4,1
"E00083795",11,7,4
"E00083796",8,2,6
"E00083797",2,1,1
"E00083798",10,2,8
"E00083799",6,3,3
"E00083800",19,9,10
"E00083801",5,2,3
"E00083802",6,2,4
"E00083803",8,7,1
"E00083804",7,5,2
"E00083805",8,4,4
"E00083806",10,6,4
"E00083807",13,5,8
"E00083808",11,6,5
"E00083809",9,7,2
"E00083810",10,5,5
"E00083811",11,5,6
"E00083812",5,3,2
"E00083813",2,2,0
"E00083814",1,1,0
"E00083815",1,1,0
"E00083816",6,3,3
"E00083817",16,10,6
"E00083818",6,1,5
"E00083819",9,6,3
"E00083820",10,4,6
"E00083821",8,4,4
"E00083822",9,6,3
"E00083823",16,6,10
"E00083824",5,4,1
"E00083827",6,4,2
"E00083828",8,3,5
"E00083829",1,0,1
"E00083830",6,3,3
"E00083831",6,3,3
"E00083832",10,6,4
"E00083833",6,3,3
"E00083834",9,6,3
"E00083835",10,6,4
"E00083836",23,12,11
"E00083837",17,12,5
"E00083838",7,2,5
"E00083839",9,5,4
"E00083840",3,2,1
"E00083841",4,3,1
"E00083842",4,3,1
"E00083843",8,2,6
"E00083844",5,3,2
"E00083845",5,2,3
"E00083846",7,3,4
"E00083847",12,8,4
"E00083848",6,2,4
"E00083850",22,11,11
"E00083851",20,13,7
"E00083852",8,4,4
"E00083853",9,6,3
"E00083854",0,0,0
"E00083855",4,2,2
"E00083856",18,9,9
"E00083857",3,1,2
"E00083858",6,4,2
"E00083859",9,6,3
"E00083860",5,3,2
"E00083861",12,4,8
"E00083863",10,5,5
"E00083864",3,2,1
"E00083865",9,4,5
"E00083866",24,16,8
"E00083867",9,4,5
"E00083868",2,1,1
"E00083869",3,3,0
"E00083870",11,4,7
"E00083871",2,2,0
"E00083872",2,1,1
"E00083873",21,9,12
"E00083874",18,9,9
"E00083875",8,5,3
"E00083876",20,13,7
"E00083877",15,9,6
"E00083878",6,3,3
"E00083879",13,8,5
"E00083880",9,5,4
"E00083881",5,3,2
"E00083882",7,5,2
"E00083883",4,1,3
"E00083884",6,4,2
"E00083885",8,4,4
"E00083886",8,5,3
"E00083887",7,4,3
"E00083888",8,5,3
"E00083889",8,2,6
"E00083890",3,1,2
"E00083891",7,4,3
"E00083892",2,1,1
"E00083893",0,0,0
"E00083894",5,4,1
"E00083895",1,1,0
"E00083896",5,2,3
"E00083897",3,0,3
"E00083898",3,2,1
"E00083899",2,1,1
"E00083900",0,0,0
"E00083901",7,4,3
"E00083902",4,1,3
"E00083903",20,12,8
"E00083904",7,4,3
"E00083905",3,1,2
"E00083906",11,4,7
"E00083907",15,4,11
"E00083908",2,2,0
"E00083909",8,2,6
"E00083910",5,0,5
"E00083911",9,6,3
"E00083912",5,3,2
"E00083913",7,3,4
"E00083914",6,2,4
"E00083915",7,3,4
"E00083916",5,3,2
"E00083917",6,4,2
"E00083918",5,4,1
"E00083919",3,2,1
"E00083920",8,6,2
"E00083921",2,2,0
"E00083922",8,6,2
"E00083923",2,2,0
"E00083924",2,1,1
"E00083925",16,11,5
"E00083926",10,8,2
"E00083927",9,2,7
"E00083928",6,0,6
"E00083929",8,4,4
"E00083930",9,6,3
"E00083931",10,7,3
"E00083932",8,4,4
"E00083933",6,5,1
"E00083934",10,4,6
"E00083935",6,3,3
"E00083936",3,3,0
"E00083937",12,4,8
"E00083938",8,3,5
"E00083939",14,4,10
"E00083940",7,3,4
"E00083941",7,2,5
"E00083942",9,4,5
"E00083943",10,6,4
"E00083944",16,9,7
"E00083945",9,3,6
"E00083946",5,2,3
"E00083947",4,2,2
"E00083948",1,0,1
"E00083949",3,1,2
"E00083950",3,1,2
"E00083951",8,4,4
"E00083952",11,4,7
"E00083953",3,2,1
"E00083954",3,1,2
"E00083955",8,5,3
"E00083956",10,3,7
"E00083957",14,6,8
"E00083958",5,2,3
"E00083959",13,6,7
"E00083960",12,5,7
"E00083961",8,2,6
"E00083962",7,5,2
"E00083963",8,2,6
"E00083964",9,3,6
"E00083965",6,2,4
"E00083966",7,5,2
"E00083967",11,6,5
"E00083968",12,6,6
"E00083969",11,6,5
"E00083970",15,8,7
"E00083971",15,8,7
"E00083972",9,7,2
"E00083973",7,4,3
"E00083974",12,6,6
"E00083975",2,1,1
"E00083976",14,5,9
"E00083977",16,9,7
"E00083978",11,6,5
"E00083979",4,0,4
"E00083980",5,3,2
"E00083981",10,5,5
"E00083982",24,15,9
"E00083983",8,6,2
"E00083984",6,3,3
"E00083985",11,6,5
"E00083986",10,6,4
"E00083987",9,3,6
"E00083988",7,2,5
"E00083989",16,9,7
"E00083990",10,6,4
"E00083991",11,5,6
"E00083992",23,9,14
"E00083993",10,6,4
"E00083994",7,3,4
"E00083995",11,6,5
"E00083996",12,8,4
"E00083997",9,3,6
"E00083998",1,1,0
"E00083999",3,1,2
"E00084000",3,0,3
"E00084001",5,2,3
"E00084002",8,3,5
"E00084003",10,6,4
"E00084004",11,6,5
"E00084005",5,2,3
"E00084006",22,10,12
"E00084007",11,6,5
"E00084008",8,3,5
"E00084009",27,15,12
"E00084010",10,4,6
"E00084011",12,7,5
"E00084012",14,9,5
"E00084013",0,0,0
"E00084014",11,5,6
"E00084015",14,6,8
"E00084016",8,3,5
"E00084017",9,6,3
"E00084018",3,1,2
"E00084019",6,2,4
"E00084020",4,3,1
"E00084021",4,2,2
"E00084022",3,2,1
"E00084023",8,6,2
"E00084024",2,1,1
"E00084025",11,8,3
"E00084026",8,5,3
"E00084027",3,3,0
"E00084028",3,1,2
"E00084029",6,1,5
"E00084031",1,0,1
"E00084032",3,1,2
"E00084033",2,2,0
"E00084034",7,1,6
"E00084035",3,1,2
"E00084036",7,5,2
"E00084037",10,6,4
"E00084038",7,4,3
"E00084039",3,1,2
"E00084040",3,2,1
"E00084041",10,7,3
"E00084042",2,2,0
"E00084043",5,3,2
"E00084044",7,2,5
"E00084045",8,2,6
"E00084046",11,4,7
"E00084047",11,5,6
"E00084048",7,4,3
"E00084049",16,7,9
"E00084050",6,2,4
"E00084051",7,4,3
"E00084052",14,6,8
"E00084053",2,2,0
"E00084054",6,4,2
"E00084055",12,6,6
"E00084056",11,6,5
"E00084057",8,2,6
"E00084058",6,4,2
"E00084059",13,7,6
"E00084060",15,6,9
"E00084061",6,2,4
"E00084062",9,5,4
"E00084063",5,2,3
"E00084064",1,0,1
"E00084065",13,8,5
"E00084066",12,7,5
"E00084067",13,6,7
"E00084068",0,0,0
"E00084069",10,7,3
"E00084070",6,3,3
"E00084071",12,6,6
"E00084072",8,6,2
"E00084073",9,4,5
"E00084074",7,4,3
"E00084075",4,2,2
"E00084076",7,1,6
"E00084077",0,0,0
"E00084078",5,2,3
"E00084079",2,1,1
"E00084080",1,0,1
"E00084081",5,2,3
"E00084082",15,11,4
"E00084083",9,4,5
"E00084084",10,4,6
"E00084085",11,4,7
"E00084086",3,3,0
"E00084087",4,3,1
"E00084088",2,0,2
"E00084089",4,1,3
"E00084090",9,2,7
"E00084091",3,2,1
"E00084092",2,0,2
"E00084093",4,2,2
"E00084094",5,1,4
"E00084095",4,2,2
"E00084096",8,1,7
"E00084097",3,1,2
"E00084098",3,2,1
"E00084099",6,3,3
"E00084100",1,1,0
"E00084101",0,0,0
"E00084102",0,0,0
"E00084103",1,0,1
"E00084104",0,0,0
"E00084105",1,1,0
"E00084106",5,2,3
"E00084107",8,5,3
"E00084108",5,3,2
"E00084109",8,5,3
"E00084110",4,3,1
"E00084111",6,2,4
"E00084112",4,4,0
"E00084113",7,3,4
"E00084114",7,2,5
"E00084115",1,0,1
"E00084116",9,7,2
"E00084117",17,5,12
"E00084118",14,6,8
"E00084119",4,3,1
"E00084120",3,2,1
"E00084121",18,7,11
"E00084122",4,4,0
"E00084123",4,3,1
"E00084124",3,1,2
"E00084125",9,6,3
"E00084126",6,3,3
"E00084127",6,4,2
"E00084128",6,5,1
"E00084129",8,3,5
"E00084130",13,8,5
"E00084131",9,5,4
"E00084132",1,1,0
"E00084133",8,2,6
"E00084134",2,2,0
"E00084135",5,2,3
"E00084136",2,2,0
"E00084137",11,5,6
"E00084138",1,1,0
"E00084139",6,3,3
"E00084140",4,1,3
"E00084141",9,3,6
"E00084142",2,1,1
"E00084143",4,2,2
"E00084144",2,0,2
"E00084145",0,0,0
"E00084146",5,2,3
"E00084147",4,3,1
"E00084148",13,8,5
"E00084149",10,2,8
"E00084150",7,3,4
"E00084151",6,4,2
"E00084152",4,1,3
"E00084153",5,3,2
"E00084154",2,1,1
"E00084155",3,1,2
"E00084156",11,6,5
"E00084157",2,1,1
"E00084158",0,0,0
"E00084159",12,7,5
"E00084160",10,3,7
"E00084161",9,3,6
"E00084162",0,0,0
"E00084163",1,1,0
"E00084164",13,9,4
"E00084165",7,5,2
"E00084166",10,3,7
"E00084167",7,4,3
"E00084168",9,4,5
"E00084169",9,5,4
"E00084170",25,10,15
"E00084171",19,12,7
"E00084172",8,5,3
"E00084173",0,0,0
"E00084174",11,7,4
"E00084175",7,2,5
"E00084176",7,4,3
"E00084177",7,6,1
"E00084178",7,4,3
"E00084179",20,14,6
"E00084180",1,0,1
"E00084181",3,2,1
"E00084183",7,5,2
"E00084184",5,4,1
"E00084185",1,1,0
"E00084186",7,3,4
"E00084187",0,0,0
"E00084188",6,3,3
"E00084189",5,2,3
"E00084191",2,0,2
"E00084192",2,2,0
"E00084193",9,3,6
"E00084195",6,2,4
"E00084196",7,6,1
"E00084197",4,2,2
"E00084198",2,1,1
"E00084199",4,2,2
"E00084200",1,1,0
"E00084201",4,1,3
"E00084202",2,1,1
"E00084203",3,1,2
"E00084204",12,7,5
"E00084205",3,1,2
"E00084206",5,5,0
"E00084207",10,3,7
"E00084208",14,7,7
"E00084209",12,6,6
"E00084210",9,3,6
"E00084211",9,2,7
"E00084212",8,3,5
"E00084213",2,0,2
"E00084214",2,2,0
"E00084215",0,0,0
"E00084216",4,2,2
"E00084217",5,3,2
"E00084218",4,1,3
"E00084219",7,2,5
"E00084220",19,9,10
"E00084221",4,1,3
"E00084222",11,7,4
"E00084223",0,0,0
"E00084224",3,2,1
"E00084225",5,3,2
"E00084226",3,2,1
"E00084227",5,3,2
"E00084228",3,2,1
"E00084229",5,4,1
"E00084230",5,3,2
"E00084232",4,2,2
"E00084233",8,5,3
"E00084234",7,2,5
"E00084235",13,7,6
"E00084236",1,0,1
"E00084237",8,7,1
"E00084238",15,7,8
"E00084239",2,1,1
"E00084240",2,2,0
"E00084241",10,7,3
"E00084242",3,1,2
"E00084243",4,3,1
"E00084244",7,2,5
"E00084245",4,3,1
"E00084246",2,2,0
"E00084247",4,2,2
"E00084248",7,3,4
"E00084249",6,3,3
"E00084250",8,3,5
"E00084251",3,1,2
"E00084252",4,1,3
"E00084253",11,4,7
"E00084254",1,0,1
"E00084255",3,2,1
"E00084256",1,0,1
"E00084257",1,0,1
"E00084258",3,0,3
"E00084259",15,6,9
"E00084260",0,0,0
"E00084261",6,2,4
"E00084262",3,0,3
"E00084263",14,7,7
"E00084264",2,2,0
"E00084265",11,5,6
"E00084266",13,9,4
"E00084267",1,1,0
"E00084268",1,0,1
"E00084269",0,0,0
"E00084270",3,2,1
"E00084271",3,2,1
"E00084272",1,1,0
"E00084273",10,5,5
"E00084274",13,6,7
"E00084275",9,5,4
"E00084276",14,8,6
"E00084277",20,8,12
"E00084278",9,6,3
"E00084279",11,8,3
"E00084280",2,1,1
"E00084281",6,3,3
"E00084282",10,7,3
"E00084283",5,3,2
"E00084284",2,2,0
"E00084285",5,1,4
"E00084286",5,2,3
"E00084288",10,6,4
"E00084289",8,5,3
"E00084290",0,0,0
"E00084291",7,4,3
"E00084292",7,3,4
"E00084293",2,1,1
"E00084294",11,4,7
"E00084295",8,4,4
"E00084296",2,0,2
"E00084297",13,7,6
"E00084298",4,1,3
"E00084299",12,8,4
"E00084300",11,6,5
"E00084301",11,5,6
"E00084302",21,11,10
"E00084303",19,13,6
"E00084304",6,4,2
"E00084305",12,7,5
"E00084306",15,10,5
"E00084307",6,3,3
"E00084308",13,5,8
"E00084309",9,3,6
"E00084310",6,3,3
"E00084311",8,4,4
"E00084312",9,5,4
"E00084313",8,3,5
"E00084314",23,20,3
"E00084315",12,7,5
"E00084316",5,1,4
"E00084317",6,4,2
"E00084318",4,2,2
"E00084319",3,2,1
"E00084320",8,6,2
"E00084321",2,0,2
"E00084322",9,3,6
"E00084323",11,5,6
"E00084324",6,6,0
"E00084325",4,2,2
"E00084326",3,0,3
"E00084328",2,1,1
"E00084329",2,1,1
"E00084330",1,0,1
"E00084331",0,0,0
"E00084332",8,4,4
"E00084333",2,2,0
"E00084334",10,4,6
"E00084335",4,1,3
"E00084336",1,0,1
"E00084337",1,0,1
"E00084338",3,1,2
"E00084339",1,1,0
"E00084340",3,2,1
"E00084341",0,0,0
"E00084342",1,1,0
"E00084343",1,0,1
"E00084344",2,1,1
"E00084345",3,1,2
"E00084347",5,1,4
"E00084348",2,1,1
"E00084349",0,0,0
"E00084350",3,1,2
"E00084351",4,3,1
"E00084352",2,1,1
"E00084353",7,6,1
"E00084355",2,2,0
"E00084356",4,1,3
"E00084357",6,2,4
"E00084358",4,2,2
"E00084359",5,3,2
"E00084360",4,1,3
"E00084361",4,0,4
"E00084362",2,1,1
"E00084363",18,8,10
"E00084364",5,2,3
"E00084365",0,0,0
"E00084366",4,0,4
"E00084367",9,5,4
"E00084368",6,3,3
"E00084369",8,6,2
"E00084370",4,1,3
"E00084371",5,3,2
"E00084372",1,1,0
"E00084373",6,4,2
"E00084374",1,1,0
"E00084375",6,3,3
"E00084376",2,2,0
"E00084377",4,2,2
"E00084378",5,2,3
"E00084379",5,1,4
"E00084380",4,3,1
"E00084381",10,6,4
"E00084382",4,2,2
"E00084383",0,0,0
"E00084384",3,2,1
"E00084385",0,0,0
"E00084386",4,2,2
"E00084387",5,4,1
"E00084388",2,1,1
"E00084389",3,1,2
"E00084390",3,3,0
"E00084391",8,2,6
"E00084392",15,7,8
"E00084393",9,4,5
"E00084394",0,0,0
"E00084395",0,0,0
"E00084396",2,0,2
"E00084397",3,3,0
"E00084398",5,3,2
"E00084399",7,3,4
"E00084400",2,1,1
"E00084401",7,3,4
"E00084402",7,5,2
"E00084403",8,3,5
"E00084404",7,4,3
"E00084405",5,3,2
"E00084406",6,3,3
"E00084407",2,0,2
"E00084408",2,0,2
"E00084409",1,1,0
"E00084410",2,2,0
"E00084411",1,1,0
"E00084412",3,1,2
"E00084413",4,3,1
"E00084414",6,4,2
"E00084415",2,2,0
"E00084416",6,2,4
"E00084417",0,0,0
"E00084418",5,3,2
"E00084419",4,4,0
"E00084420",3,2,1
"E00084421",5,3,2
"E00084422",2,1,1
"E00084423",4,2,2
"E00084424",3,2,1
"E00084425",5,5,0
"E00084426",3,1,2
"E00084427",5,3,2
"E00084428",5,2,3
"E00084429",11,5,6
"E00084430",7,4,3
"E00084431",3,1,2
"E00084432",4,3,1
"E00084433",4,1,3
"E00084434",9,4,5
"E00084435",3,3,0
"E00084436",3,2,1
"E00084437",5,2,3
"E00084438",2,2,0
"E00084439",0,0,0
"E00084442",2,1,1
"E00084443",3,2,1
"E00084444",2,2,0
"E00084445",7,5,2
"E00084446",0,0,0
"E00084447",8,5,3
"E00084448",6,4,2
"E00084449",4,1,3
"E00084450",3,1,2
"E00084451",3,2,1
"E00084453",6,3,3
"E00084454",15,7,8
"E00084455",2,1,1
"E00084456",3,2,1
"E00084457",2,1,1
"E00084458",0,0,0
"E00084459",1,0,1
"E00084460",1,0,1
"E00084461",4,2,2
"E00084462",3,0,3
"E00084463",3,2,1
"E00084464",4,1,3
"E00084465",3,3,0
"E00084466",1,0,1
"E00084467",6,3,3
"E00084468",4,3,1
"E00084469",0,0,0
"E00084470",2,1,1
"E00084471",3,1,2
"E00084472",1,1,0
"E00084473",7,5,2
"E00084474",3,0,3
"E00084475",1,1,0
"E00084476",0,0,0
"E00084477",1,1,0
"E00084478",3,1,2
"E00084479",1,1,0
"E00084480",3,2,1
"E00084481",11,7,4
"E00084482",4,1,3
"E00084483",8,5,3
"E00084484",0,0,0
"E00084485",1,0,1
"E00084486",6,4,2
"E00084487",2,2,0
"E00084488",1,1,0
"E00084489",2,2,0
"E00084490",5,3,2
"E00084491",4,1,3
"E00084492",0,0,0
"E00084493",4,2,2
"E00084495",2,1,1
"E00084496",4,0,4
"E00084497",0,0,0
"E00084498",2,2,0
"E00084499",3,1,2
"E00084500",7,4,3
"E00084501",4,2,2
"E00084502",0,0,0
"E00084503",0,0,0
"E00084504",2,0,2
"E00084505",2,2,0
"E00084506",5,3,2
"E00084508",8,5,3
"E00084509",4,2,2
"E00084510",7,4,3
"E00084511",4,0,4
"E00084512",19,11,8
"E00084513",3,1,2
"E00084515",7,3,4
"E00084517",1,0,1
"E00084518",3,1,2
"E00084519",5,3,2
"E00084520",16,10,6
"E00084522",5,3,2
"E00084523",4,2,2
"E00084524",5,3,2
"E00084525",5,2,3
"E00084526",1,0,1
"E00084527",12,6,6
"E00084528",5,3,2
"E00084529",3,1,2
"E00084530",9,5,4
"E00084531",7,3,4
"E00084532",6,5,1
"E00084533",8,2,6
"E00084534",4,1,3
"E00084535",12,7,5
"E00084536",7,2,5
"E00084537",6,3,3
"E00084538",4,1,3
"E00084539",11,7,4
"E00084540",1,0,1
"E00084541",11,4,7
"E00084542",8,4,4
"E00084543",7,2,5
"E00084544",1,0,1
"E00084546",4,1,3
"E00084547",4,0,4
"E00084548",7,6,1
"E00084549",7,3,4
"E00084550",0,0,0
"E00084551",2,1,1
"E00084552",6,5,1
"E00084553",6,2,4
"E00084554",6,3,3
"E00084555",6,3,3
"E00084556",0,0,0
"E00084557",6,4,2
"E00084558",1,1,0
"E00084559",0,0,0
"E00084560",8,4,4
"E00084561",0,0,0
"E00084562",1,0,1
"E00084563",0,0,0
"E00084564",11,5,6
"E00084565",0,0,0
"E00084566",8,4,4
"E00084567",2,0,2
"E00084568",4,3,1
"E00084569",1,1,0
"E00084570",9,2,7
"E00084571",5,4,1
"E00084572",9,5,4
"E00084573",3,1,2
"E00084574",6,3,3
"E00084575",0,0,0
"E00084576",5,2,3
"E00084577",3,1,2
"E00084578",10,7,3
"E00084579",2,1,1
"E00084580",4,2,2
"E00084582",7,5,2
"E00084583",8,5,3
"E00084584",1,1,0
"E00084585",7,3,4
"E00084586",4,2,2
"E00084587",4,3,1
"E00084588",8,4,4
"E00084589",14,5,9
"E00084590",3,3,0
"E00084591",9,4,5
"E00084592",10,2,8
"E00084593",5,3,2
"E00084594",6,3,3
"E00084595",6,2,4
"E00084596",8,4,4
"E00084597",6,2,4
"E00084598",4,2,2
"E00084599",4,3,1
"E00084600",5,2,3
"E00084601",7,5,2
"E00084602",4,3,1
"E00084603",3,2,1
"E00084604",10,4,6
"E00084605",5,3,2
"E00084606",2,1,1
"E00084607",4,3,1
"E00084608",4,3,1
"E00084609",4,4,0
"E00084610",4,2,2
"E00084611",5,3,2
"E00084612",8,1,7
"E00084613",8,7,1
"E00084615",2,0,2
"E00084616",14,9,5
"E00084617",2,0,2
"E00084618",0,0,0
"E00084619",15,7,8
"E00084620",7,3,4
"E00084621",4,4,0
"E00084622",4,2,2
"E00084623",0,0,0
"E00084624",1,1,0
"E00084625",3,0,3
"E00084626",1,0,1
"E00084627",5,2,3
"E00084628",10,1,9
"E00084629",6,4,2
"E00084630",8,3,5
"E00084631",7,2,5
"E00084632",15,6,9
"E00084633",7,4,3
"E00084635",0,0,0
"E00084636",16,12,4
"E00084637",18,9,9
"E00084638",8,2,6
"E00084639",7,2,5
"E00084640",8,4,4
"E00084641",16,10,6
"E00084642",0,0,0
"E00084643",9,7,2
"E00084644",8,4,4
"E00084645",4,3,1
"E00084646",13,4,9
"E00084647",1,1,0
"E00084648",15,3,12
"E00084649",6,3,3
"E00084650",4,4,0
"E00084651",9,3,6
"E00084652",4,3,1
"E00084653",8,4,4
"E00084654",19,10,9
"E00084655",19,5,14
"E00084656",14,5,9
"E00084657",6,2,4
"E00084658",2,2,0
"E00084659",2,0,2
"E00084660",3,2,1
"E00084661",0,0,0
"E00084662",2,0,2
"E00084663",3,2,1
"E00084664",0,0,0
"E00084665",14,7,7
"E00084666",9,1,8
"E00084667",9,4,5
"E00084668",1,1,0
"E00084669",0,0,0
"E00084670",17,8,9
"E00084671",10,6,4
"E00084673",8,5,3
"E00084674",3,0,3
"E00084675",10,4,6
"E00084678",12,4,8
"E00084679",2,0,2
"E00084680",3,0,3
"E00084681",4,2,2
"E00084682",1,1,0
"E00084683",4,1,3
"E00084684",3,1,2
"E00084686",2,1,1
"E00084687",1,1,0
"E00084688",2,1,1
"E00084690",12,5,7
"E00084691",1,1,0
"E00084692",3,0,3
"E00084693",10,5,5
"E00084694",7,3,4
"E00084695",6,3,3
"E00084696",4,4,0
"E00084697",1,1,0
"E00084698",0,0,0
"E00084699",8,5,3
"E00084700",4,4,0
"E00084701",4,2,2
"E00084702",6,3,3
"E00084703",1,0,1
"E00084704",7,3,4
"E00084705",3,2,1
"E00084706",2,2,0
"E00084707",2,1,1
"E00084708",4,2,2
"E00084709",2,1,1
"E00084710",9,4,5
"E00084711",6,4,2
"E00084712",4,1,3
"E00084713",10,7,3
"E00084715",4,2,2
"E00084716",5,2,3
"E00084717",5,3,2
"E00084718",3,2,1
"E00084719",3,1,2
"E00084720",4,1,3
"E00084721",2,0,2
"E00084722",11,4,7
"E00084723",11,8,3
"E00084724",4,3,1
"E00084725",8,3,5
"E00084726",5,3,2
"E00084727",8,3,5
"E00084728",4,2,2
"E00084729",2,1,1
"E00084730",7,1,6
"E00084731",9,6,3
"E00084732",2,2,0
"E00084733",1,1,0
"E00084734",4,1,3
"E00084735",3,2,1
"E00084736",3,2,1
"E00084737",2,2,0
"E00084738",1,1,0
"E00084739",4,1,3
"E00084740",5,1,4
"E00084742",4,1,3
"E00084744",11,5,6
"E00084745",14,9,5
"E00084746",6,3,3
"E00084747",7,2,5
"E00084748",2,1,1
"E00084749",6,3,3
"E00084750",5,0,5
"E00084751",11,4,7
"E00084752",3,1,2
"E00084753",6,5,1
"E00084754",5,1,4
"E00084755",9,8,1
"E00084756",11,5,6
"E00084757",12,8,4
"E00084758",15,7,8
"E00084759",5,1,4
"E00084760",6,6,0
"E00084761",4,0,4
"E00084762",4,1,3
"E00084763",10,5,5
"E00084764",3,2,1
"E00084765",3,2,1
"E00084766",8,3,5
"E00084767",8,6,2
"E00084769",8,3,5
"E00084771",6,1,5
"E00084772",4,3,1
"E00084773",13,8,5
"E00084774",3,2,1
"E00084775",3,1,2
"E00084776",3,3,0
"E00084777",8,3,5
"E00084778",15,8,7
"E00084779",7,4,3
"E00084780",12,4,8
"E00084781",3,1,2
"E00084782",2,0,2
"E00084783",6,3,3
"E00084784",5,4,1
"E00084785",7,4,3
"E00084786",5,3,2
"E00084787",5,0,5
"E00084788",3,3,0
"E00084789",2,1,1
"E00084790",4,4,0
"E00084791",0,0,0
"E00084792",5,2,3
"E00084793",3,2,1
"E00084794",1,0,1
"E00084795",1,1,0
"E00084796",0,0,0
"E00084797",1,1,0
"E00084798",2,0,2
"E00084799",1,1,0
"E00084800",3,2,1
"E00084801",5,2,3
"E00084802",1,0,1
"E00084803",1,0,1
"E00084804",1,1,0
"E00084805",0,0,0
"E00084806",1,0,1
"E00084807",1,0,1
"E00084808",2,0,2
"E00084809",2,1,1
"E00084810",8,5,3
"E00084811",5,4,1
"E00084812",2,1,1
"E00084813",0,0,0
"E00084814",1,1,0
"E00084815",0,0,0
"E00084816",2,1,1
"E00084817",2,1,1
"E00084818",10,7,3
"E00084819",13,8,5
"E00084820",4,2,2
"E00084821",2,0,2
"E00084822",0,0,0
"E00084823",3,0,3
"E00084824",6,6,0
"E00084825",4,3,1
"E00084826",3,0,3
"E00084827",8,1,7
"E00084828",13,7,6
"E00084829",6,0,6
"E00084830",4,1,3
"E00084831",3,1,2
"E00084832",3,1,2
"E00084833",0,0,0
"E00084834",2,1,1
"E00084835",4,2,2
"E00084836",2,2,0
"E00084837",1,0,1
"E00084838",7,3,4
"E00084839",2,2,0
"E00084840",0,0,0
"E00084841",7,2,5
"E00084842",8,5,3
"E00084843",3,2,1
"E00084844",6,2,4
"E00084845",0,0,0
"E00084846",8,3,5
"E00084847",8,3,5
"E00084848",8,3,5
"E00084849",3,0,3
"E00084850",2,0,2
"E00084851",0,0,0
"E00084852",5,0,5
"E00084853",3,0,3
"E00084854",4,2,2
"E00084855",2,1,1
"E00084856",5,1,4
"E00084857",0,0,0
"E00084858",7,3,4
"E00084859",5,2,3
"E00084860",2,1,1
"E00084861",13,7,6
"E00084862",13,8,5
"E00084863",6,3,3
"E00084864",8,5,3
"E00084865",4,1,3
"E00084866",4,3,1
"E00084867",19,12,7
"E00084868",3,1,2
"E00084869",8,3,5
"E00084870",5,5,0
"E00084871",10,3,7
"E00084872",4,2,2
"E00084873",2,2,0
"E00084874",1,1,0
"E00084875",4,0,4
"E00084876",1,1,0
"E00084877",8,5,3
"E00084878",5,2,3
"E00084879",0,0,0
"E00084880",5,2,3
"E00084881",1,1,0
"E00084882",7,5,2
"E00084883",2,2,0
"E00084884",13,5,8
"E00084885",3,1,2
"E00084886",1,0,1
"E00084887",0,0,0
"E00084888",3,2,1
"E00084889",4,2,2
"E00084890",10,6,4
"E00084891",7,2,5
"E00084892",0,0,0
"E00084893",3,2,1
"E00084894",2,1,1
"E00084895",4,4,0
"E00084896",4,0,4
"E00084897",4,0,4
"E00084898",0,0,0
"E00084899",0,0,0
"E00084900",6,4,2
"E00084901",10,4,6
"E00084902",8,3,5
"E00084903",8,5,3
"E00084904",8,3,5
"E00084905",3,2,1
"E00084906",3,0,3
"E00084907",0,0,0
"E00084908",0,0,0
"E00084909",5,2,3
"E00084910",2,1,1
"E00084911",6,3,3
"E00084912",2,1,1
"E00084913",3,2,1
"E00084914",1,0,1
"E00084915",9,1,8
"E00084916",2,2,0
"E00084917",7,4,3
"E00084918",4,1,3
"E00084919",0,0,0
"E00084920",4,2,2
"E00084921",13,6,7
"E00084922",8,4,4
"E00084923",4,2,2
"E00084924",8,5,3
"E00084925",1,0,1
"E00084926",4,2,2
"E00084927",5,3,2
"E00084928",2,1,1
"E00084929",3,2,1
"E00084930",6,3,3
"E00084931",5,4,1
"E00084932",4,2,2
"E00084933",5,3,2
"E00084934",0,0,0
"E00084935",0,0,0
"E00084936",5,5,0
"E00084937",0,0,0
"E00084938",4,2,2
"E00084939",0,0,0
"E00084940",0,0,0
"E00084941",2,0,2
"E00084942",1,1,0
"E00084944",0,0,0
"E00084945",5,4,1
"E00084946",0,0,0
"E00084947",0,0,0
"E00084948",5,4,1
"E00084949",1,0,1
"E00084950",2,2,0
"E00084951",0,0,0
"E00084952",11,5,6
"E00084954",3,1,2
"E00084955",6,2,4
"E00084957",12,7,5
"E00084958",8,3,5
"E00084959",0,0,0
"E00084960",2,1,1
"E00084961",3,1,2
"E00084962",1,0,1
"E00084963",0,0,0
"E00084964",3,3,0
"E00084965",4,1,3
"E00084966",0,0,0
"E00084967",0,0,0
"E00084968",6,3,3
"E00084969",3,3,0
"E00084970",1,1,0
"E00084971",0,0,0
"E00084972",4,3,1
"E00084973",0,0,0
"E00084974",9,5,4
"E00084975",0,0,0
"E00084976",5,2,3
"E00084978",0,0,0
"E00084979",2,2,0
"E00084980",5,4,1
"E00084981",3,3,0
"E00084982",0,0,0
"E00084983",0,0,0
"E00084984",5,2,3
"E00084985",9,7,2
"E00084986",1,1,0
"E00084987",0,0,0
"E00084988",0,0,0
"E00084990",0,0,0
"E00084991",0,0,0
"E00084992",1,1,0
"E00084993",2,1,1
"E00084994",4,1,3
"E00084995",5,2,3
"E00084996",0,0,0
"E00084997",2,1,1
"E00084998",1,1,0
"E00084999",1,0,1
"E00085000",1,0,1
"E00085001",0,0,0
"E00085002",0,0,0
"E00085003",2,2,0
"E00085004",1,1,0
"E00085005",2,1,1
"E00085006",1,1,0
"E00085007",4,4,0
"E00085008",0,0,0
"E00085009",0,0,0
"E00085010",0,0,0
"E00085011",2,2,0
"E00085012",0,0,0
"E00085013",4,3,1
"E00085014",0,0,0
"E00085015",0,0,0
"E00085016",2,2,0
"E00085017",1,0,1
"E00085018",2,0,2
"E00085019",0,0,0
"E00085020",2,0,2
"E00085021",2,2,0
"E00085022",2,1,1
"E00085023",0,0,0
"E00085024",1,1,0
"E00085025",1,1,0
"E00085026",0,0,0
"E00085027",2,0,2
"E00085028",2,2,0
"E00085029",0,0,0
"E00085030",0,0,0
"E00085031",0,0,0
"E00085032",2,2,0
"E00085033",0,0,0
"E00085034",1,1,0
"E00085035",0,0,0
"E00085036",0,0,0
"E00085037",2,0,2
"E00085038",0,0,0
"E00085039",0,0,0
"E00085040",5,3,2
"E00085041",1,0,1
"E00085042",1,0,1
"E00085043",0,0,0
"E00085044",1,0,1
"E00085046",0,0,0
"E00085047",1,1,0
"E00085048",1,0,1
"E00085049",1,1,0
"E00085050",1,0,1
"E00085051",0,0,0
"E00085052",1,1,0
"E00085053",1,1,0
"E00085054",2,2,0
"E00085055",1,1,0
"E00085056",0,0,0
"E00085057",0,0,0
"E00085058",2,0,2
"E00085059",0,0,0
"E00085060",2,1,1
"E00085061",0,0,0
"E00085062",0,0,0
"E00085063",2,1,1
"E00085064",0,0,0
"E00085065",1,0,1
"E00085066",0,0,0
"E00085067",1,1,0
"E00085068",0,0,0
"E00085069",2,2,0
"E00085070",2,2,0
"E00085071",1,1,0
"E00085072",3,2,1
"E00085073",2,0,2
"E00085074",0,0,0
"E00085075",2,1,1
"E00085076",3,3,0
"E00085077",1,0,1
"E00085078",0,0,0
"E00085079",0,0,0
"E00085080",3,2,1
"E00085081",1,0,1
"E00085082",0,0,0
"E00085083",0,0,0
"E00085084",0,0,0
"E00085085",1,1,0
"E00085086",0,0,0
"E00085087",0,0,0
"E00085088",1,0,1
"E00085089",5,2,3
"E00085090",2,0,2
"E00085091",2,2,0
"E00085092",3,0,3
"E00085093",2,2,0
"E00085094",0,0,0
"E00085095",0,0,0
"E00085096",1,1,0
"E00085097",2,0,2
"E00085098",5,1,4
"E00085099",1,0,1
"E00085100",1,1,0
"E00085101",1,1,0
"E00085102",1,0,1
"E00085103",0,0,0
"E00085104",2,0,2
"E00085105",0,0,0
"E00085106",0,0,0
"E00085107",1,0,1
"E00085108",0,0,0
"E00085109",1,1,0
"E00085110",3,2,1
"E00085111",1,1,0
"E00085112",1,1,0
"E00085113",1,0,1
"E00085114",1,1,0
"E00085115",0,0,0
"E00085116",1,1,0
"E00085117",3,1,2
"E00085118",1,0,1
"E00085119",1,0,1
"E00085120",0,0,0
"E00085121",2,0,2
"E00085122",2,2,0
"E00085123",2,2,0
"E00085124",1,0,1
"E00085125",0,0,0
"E00085126",0,0,0
"E00085127",0,0,0
"E00085128",0,0,0
"E00085129",5,2,3
"E00085130",1,0,1
"E00085131",6,4,2
"E00085132",1,1,0
"E00085133",0,0,0
"E00085134",2,0,2
"E00085135",2,1,1
"E00085136",4,2,2
"E00085137",4,3,1
"E00085138",0,0,0
"E00085139",4,1,3
"E00085140",0,0,0
"E00085141",7,3,4
"E00085142",0,0,0
"E00085143",2,0,2
"E00085144",0,0,0
"E00085145",1,1,0
"E00085146",0,0,0
"E00085147",2,2,0
"E00085148",3,2,1
"E00085149",3,1,2
"E00085150",9,5,4
"E00085151",4,2,2
"E00085152",1,0,1
"E00085153",16,9,7
"E00085154",1,0,1
"E00085155",0,0,0
"E00085156",1,0,1
"E00085157",3,1,2
"E00085158",2,0,2
"E00085159",1,0,1
"E00085160",0,0,0
"E00085161",8,1,7
"E00085162",5,2,3
"E00085163",4,3,1
"E00085164",0,0,0
"E00085165",0,0,0
"E00085166",6,2,4
"E00085167",2,1,1
"E00085168",0,0,0
"E00085169",0,0,0
"E00085170",0,0,0
"E00085171",0,0,0
"E00085172",0,0,0
"E00085173",4,3,1
"E00085174",4,3,1
"E00085175",2,2,0
"E00085176",5,0,5
"E00085177",0,0,0
"E00085178",3,0,3
"E00085179",0,0,0
"E00085180",0,0,0
"E00085181",13,5,8
"E00085182",0,0,0
"E00085183",3,3,0
"E00085184",4,4,0
"E00085185",0,0,0
"E00085186",1,0,1
"E00085187",1,0,1
"E00085188",0,0,0
"E00085189",0,0,0
"E00085190",4,1,3
"E00085191",3,1,2
"E00085192",4,3,1
"E00085193",2,2,0
"E00085194",10,6,4
"E00085195",0,0,0
"E00085196",3,3,0
"E00085197",5,2,3
"E00085198",3,3,0
"E00085199",6,4,2
"E00085200",2,2,0
"E00085201",2,0,2
"E00085202",3,1,2
"E00085203",2,1,1
"E00085204",0,0,0
"E00085205",3,1,2
"E00085206",6,1,5
"E00085207",4,2,2
"E00085208",2,0,2
"E00085209",6,2,4
"E00085210",10,6,4
"E00085211",2,0,2
"E00085212",8,5,3
"E00085213",4,2,2
"E00085214",6,2,4
"E00085215",3,2,1
"E00085216",4,2,2
"E00085217",0,0,0
"E00085218",9,6,3
"E00085219",3,2,1
"E00085220",4,4,0
"E00085221",2,1,1
"E00085222",2,2,0
"E00085223",1,0,1
"E00085224",6,2,4
"E00085225",3,1,2
"E00085226",8,5,3
"E00085227",3,2,1
"E00085228",7,1,6
"E00085229",4,2,2
"E00085230",3,0,3
"E00085231",1,1,0
"E00085232",4,3,1
"E00085233",4,1,3
"E00085234",7,3,4
"E00085235",3,2,1
"E00085236",4,4,0
"E00085237",2,1,1
"E00085238",8,5,3
"E00085239",5,2,3
"E00085240",0,0,0
"E00085241",8,6,2
"E00085242",6,3,3
"E00085243",7,5,2
"E00085244",4,3,1
"E00085245",5,3,2
"E00085246",2,2,0
"E00085247",4,1,3
"E00085248",5,3,2
"E00085249",0,0,0
"E00085250",6,3,3
"E00085251",2,2,0
"E00085252",3,2,1
"E00085253",7,4,3
"E00085254",1,0,1
"E00085255",5,2,3
"E00085256",5,2,3
"E00085257",3,1,2
"E00085258",7,3,4
"E00085259",4,0,4
"E00085260",0,0,0
"E00085261",0,0,0
"E00085262",1,0,1
"E00085263",5,2,3
"E00085264",3,1,2
"E00085265",5,2,3
"E00085266",1,1,0
"E00085267",1,1,0
"E00085268",0,0,0
"E00085269",2,1,1
"E00085270",1,1,0
"E00085271",0,0,0
"E00085272",1,1,0
"E00085273",0,0,0
"E00085274",8,4,4
"E00085275",7,5,2
"E00085276",1,0,1
"E00085277",1,0,1
"E00085278",2,1,1
"E00085279",1,0,1
"E00085280",6,1,5
"E00085281",4,2,2
"E00085282",5,4,1
"E00085283",1,1,0
"E00085284",1,1,0
"E00085285",2,2,0
"E00085286",2,0,2
"E00085287",5,2,3
"E00085288",8,4,4
"E00085289",4,1,3
"E00085290",2,1,1
"E00085291",3,3,0
"E00085292",3,1,2
"E00085293",5,1,4
"E00085294",2,2,0
"E00085295",1,1,0
"E00085296",2,2,0
"E00085298",1,0,1
"E00085299",8,2,6
"E00085300",3,2,1
"E00085301",3,2,1
"E00085302",7,4,3
"E00085303",1,0,1
"E00085304",8,3,5
"E00085305",8,8,0
"E00085306",6,2,4
"E00085307",3,2,1
"E00085308",1,0,1
"E00085309",4,1,3
"E00085310",5,2,3
"E00085311",4,2,2
"E00085312",0,0,0
"E00085313",5,1,4
"E00085314",0,0,0
"E00085315",2,2,0
"E00085316",0,0,0
"E00085317",3,2,1
"E00085318",0,0,0
"E00085319",0,0,0
"E00085320",1,0,1
"E00085323",1,1,0
"E00085324",2,1,1
"E00085325",2,2,0
"E00085326",0,0,0
"E00085327",3,1,2
"E00085328",0,0,0
"E00085329",1,0,1
"E00085330",0,0,0
"E00085331",1,0,1
"E00085332",2,2,0
"E00085333",2,2,0
"E00085334",3,1,2
"E00085335",3,0,3
"E00085336",3,1,2
"E00085337",1,0,1
"E00085338",3,2,1
"E00085339",7,2,5
"E00085340",1,0,1
"E00085341",0,0,0
"E00085342",1,1,0
"E00085343",1,0,1
"E00085344",4,1,3
"E00085345",5,3,2
"E00085346",0,0,0
"E00085347",0,0,0
"E00085348",3,3,0
"E00085349",1,0,1
"E00085350",0,0,0
"E00085351",1,0,1
"E00085352",1,1,0
"E00085353",0,0,0
"E00085354",2,2,0
"E00085355",4,1,3
"E00085356",0,0,0
"E00085357",0,0,0
"E00085358",3,2,1
"E00085359",7,4,3
"E00085360",0,0,0
"E00085361",3,2,1
"E00085362",4,3,1
"E00085363",4,2,2
"E00085364",0,0,0
"E00085365",0,0,0
"E00085366",0,0,0
"E00085367",2,1,1
"E00085368",9,4,5
"E00085369",5,1,4
"E00085370",5,4,1
"E00085371",3,2,1
"E00085372",2,1,1
"E00085373",2,1,1
"E00085374",2,1,1
"E00085376",0,0,0
"E00085377",5,4,1
"E00085378",1,0,1
"E00085379",2,0,2
"E00085380",4,0,4
"E00085381",1,0,1
"E00085383",0,0,0
"E00085384",2,0,2
"E00085385",8,6,2
"E00085386",4,1,3
"E00085387",3,1,2
"E00085388",3,2,1
"E00085389",1,1,0
"E00085390",1,1,0
"E00085391",1,0,1
"E00085392",3,2,1
"E00085393",0,0,0
"E00085394",0,0,0
"E00085395",7,4,3
"E00085396",2,1,1
"E00085397",3,2,1
"E00085398",3,1,2
"E00085399",4,1,3
"E00085400",0,0,0
"E00085401",2,1,1
"E00085402",4,2,2
"E00085403",2,2,0
"E00085404",0,0,0
"E00085405",0,0,0
"E00085406",2,1,1
"E00085407",0,0,0
"E00085408",2,2,0
"E00085409",4,1,3
"E00085410",11,4,7
"E00085411",6,4,2
"E00085412",11,4,7
"E00085413",4,3,1
"E00085414",3,0,3
"E00085415",9,4,5
"E00085416",2,1,1
"E00085417",3,0,3
"E00085418",3,1,2
"E00085419",5,2,3
"E00085420",1,0,1
"E00085421",4,2,2
"E00085422",0,0,0
"E00085423",0,0,0
"E00085424",2,1,1
"E00085425",2,1,1
"E00085426",5,1,4
"E00085427",2,2,0
"E00085428",2,1,1
"E00085429",5,4,1
"E00085430",5,2,3
"E00085431",2,1,1
"E00085432",2,1,1
"E00085433",1,1,0
"E00085434",3,3,0
"E00085435",6,0,6
"E00085436",10,6,4
"E00085437",0,0,0
"E00085438",0,0,0
"E00085439",2,0,2
"E00085440",4,1,3
"E00085441",4,2,2
"E00085442",1,0,1
"E00085443",1,1,0
"E00085444",7,3,4
"E00085445",1,1,0
"E00085446",2,1,1
"E00085447",12,6,6
"E00085448",1,1,0
"E00085449",2,2,0
"E00085450",1,1,0
"E00085451",2,2,0
"E00085452",0,0,0
"E00085453",0,0,0
"E00085454",7,4,3
"E00085455",3,2,1
"E00085456",4,3,1
"E00085457",6,3,3
"E00085458",5,2,3
"E00085459",1,1,0
"E00085460",6,1,5
"E00085461",1,0,1
"E00085462",3,2,1
"E00085463",9,9,0
"E00085464",5,3,2
"E00085465",12,5,7
"E00085466",16,8,8
"E00085467",8,4,4
"E00085468",9,7,2
"E00085469",8,4,4
"E00085470",12,8,4
"E00085471",7,3,4
"E00085472",1,0,1
"E00085473",6,2,4
"E00085474",4,2,2
"E00085475",6,0,6
"E00085476",4,1,3
"E00085477",7,1,6
"E00085478",10,7,3
"E00085479",3,2,1
"E00085480",2,1,1
"E00085481",1,1,0
"E00085482",8,6,2
"E00085483",8,2,6
"E00085484",0,0,0
"E00085485",4,1,3
"E00085486",0,0,0
"E00085487",4,2,2
"E00085488",0,0,0
"E00085489",8,4,4
"E00085490",2,1,1
"E00085491",1,1,0
"E00085492",1,1,0
"E00085493",2,2,0
"E00085494",3,1,2
"E00085495",0,0,0
"E00085496",1,0,1
"E00085497",4,3,1
"E00085498",1,1,0
"E00085499",3,1,2
"E00085500",3,3,0
"E00085501",5,2,3
"E00085502",2,0,2
"E00085503",2,2,0
"E00085504",0,0,0
"E00085505",0,0,0
"E00085506",12,6,6
"E00085507",5,4,1
"E00085508",0,0,0
"E00085509",1,0,1
"E00085510",1,1,0
"E00085511",2,1,1
"E00085512",1,1,0
"E00085513",3,3,0
"E00085514",6,1,5
"E00085515",1,0,1
"E00085516",1,1,0
"E00085517",5,1,4
"E00085518",1,0,1
"E00085519",2,1,1
"E00085520",3,1,2
"E00085521",3,2,1
"E00085522",1,1,0
"E00085523",2,1,1
"E00085524",1,1,0
"E00085525",0,0,0
"E00085526",1,0,1
"E00085527",2,1,1
"E00085528",6,5,1
"E00085529",3,2,1
"E00085530",2,0,2
"E00085531",0,0,0
"E00085532",2,0,2
"E00085533",0,0,0
"E00085534",0,0,0
"E00085535",2,2,0
"E00085536",0,0,0
"E00085537",2,1,1
"E00085538",1,1,0
"E00085539",0,0,0
"E00085540",0,0,0
"E00085541",1,0,1
"E00085542",2,0,2
"E00085543",1,1,0
"E00085544",0,0,0
"E00085545",1,1,0
"E00085546",0,0,0
"E00085547",0,0,0
"E00085548",2,0,2
"E00085549",1,0,1
"E00085550",2,2,0
"E00085551",3,1,2
"E00085552",1,0,1
"E00085553",5,3,2
"E00085554",2,1,1
"E00085555",4,2,2
"E00085556",0,0,0
"E00085557",0,0,0
"E00085558",5,3,2
"E00085559",0,0,0
"E00085560",1,0,1
"E00085561",4,2,2
"E00085562",1,0,1
"E00085563",2,0,2
"E00085564",0,0,0
"E00085565",0,0,0
"E00085566",5,3,2
"E00085568",0,0,0
"E00085569",7,5,2
"E00085570",1,0,1
"E00085571",0,0,0
"E00085572",3,1,2
"E00085573",2,1,1
"E00085574",0,0,0
"E00085575",1,1,0
"E00085576",0,0,0
"E00085577",1,0,1
"E00085578",0,0,0
"E00085579",0,0,0
"E00085580",1,1,0
"E00085581",0,0,0
"E00085582",0,0,0
"E00085583",1,0,1
"E00085584",0,0,0
"E00085585",0,0,0
"E00085586",0,0,0
"E00085587",0,0,0
"E00085588",3,2,1
"E00085589",1,0,1
"E00085590",0,0,0
"E00085592",0,0,0
"E00085593",0,0,0
"E00085594",0,0,0
"E00085595",0,0,0
"E00085596",1,1,0
"E00085597",1,1,0
"E00085598",2,0,2
"E00085599",1,0,1
"E00085600",8,5,3
"E00085601",3,1,2
"E00085602",5,3,2
"E00085603",5,3,2
"E00085604",9,3,6
"E00085605",8,6,2
"E00085606",2,0,2
"E00085607",1,0,1
"E00085608",2,0,2
"E00085609",9,5,4
"E00085610",2,1,1
"E00085611",2,1,1
"E00085612",12,3,9
"E00085613",3,0,3
"E00085614",5,2,3
"E00085615",4,0,4
"E00085616",2,2,0
"E00085617",2,1,1
"E00085619",0,0,0
"E00085620",5,2,3
"E00085621",3,3,0
"E00085622",6,1,5
"E00085623",5,2,3
"E00085624",0,0,0
"E00085625",0,0,0
"E00085626",3,1,2
"E00085627",2,2,0
"E00085628",1,1,0
"E00085630",0,0,0
"E00085631",3,1,2
"E00085632",2,1,1
"E00085633",1,0,1
"E00085634",0,0,0
"E00085635",3,0,3
"E00085636",7,4,3
"E00085637",2,1,1
"E00085639",4,2,2
"E00085640",6,3,3
"E00085641",0,0,0
"E00085642",8,6,2
"E00085643",4,3,1
"E00085644",6,5,1
"E00085645",4,2,2
"E00085646",4,3,1
"E00085647",7,3,4
"E00085648",0,0,0
"E00085649",6,4,2
"E00085650",0,0,0
"E00085651",5,0,5
"E00085652",3,3,0
"E00085653",0,0,0
"E00085654",3,1,2
"E00085655",7,6,1
"E00085656",0,0,0
"E00085657",2,2,0
"E00085658",0,0,0
"E00085659",1,0,1
"E00085660",2,0,2
"E00085661",0,0,0
"E00085662",3,1,2
"E00085664",0,0,0
"E00085665",4,0,4
"E00085666",3,2,1
"E00085667",8,3,5
"E00085668",0,0,0
"E00085669",3,2,1
"E00085670",2,1,1
"E00085671",1,1,0
"E00085672",3,2,1
"E00085673",0,0,0
"E00085674",2,2,0
"E00085675",0,0,0
"E00085676",9,3,6
"E00085677",3,0,3
"E00085678",4,2,2
"E00085679",1,0,1
"E00085680",0,0,0
"E00085681",5,0,5
"E00085682",0,0,0
"E00085683",2,1,1
"E00085684",0,0,0
"E00085685",0,0,0
"E00085686",0,0,0
"E00085687",0,0,0
"E00085688",0,0,0
"E00085689",4,1,3
"E00085690",2,2,0
"E00085691",0,0,0
"E00085692",0,0,0
"E00085693",1,1,0
"E00085694",1,1,0
"E00085695",2,2,0
"E00085696",3,1,2
"E00085697",1,0,1
"E00085698",2,1,1
"E00085699",3,2,1
"E00085700",1,0,1
"E00085701",4,3,1
"E00085702",1,0,1
"E00085703",0,0,0
"E00085704",1,0,1
"E00085705",2,0,2
"E00085706",3,1,2
"E00085707",3,2,1
"E00085708",5,1,4
"E00085709",0,0,0
"E00085710",3,1,2
"E00085711",0,0,0
"E00085712",1,0,1
"E00085713",5,1,4
"E00085714",0,0,0
"E00085715",1,0,1
"E00085716",0,0,0
"E00085717",2,1,1
"E00085718",2,2,0
"E00085719",6,4,2
"E00085720",2,1,1
"E00085721",7,3,4
"E00085722",1,0,1
"E00085723",1,0,1
"E00085724",4,2,2
"E00085725",5,2,3
"E00085726",2,0,2
"E00085727",5,2,3
"E00085728",6,1,5
"E00085729",1,1,0
"E00085730",5,3,2
"E00085731",5,3,2
"E00085732",4,2,2
"E00085733",2,0,2
"E00085734",4,1,3
"E00085735",4,1,3
"E00085736",2,1,1
"E00085737",2,1,1
"E00085738",0,0,0
"E00085739",4,2,2
"E00085740",2,1,1
"E00085741",6,4,2
"E00085742",10,5,5
"E00085743",12,8,4
"E00085744",9,6,3
"E00085745",11,5,6
"E00085746",3,1,2
"E00085747",1,0,1
"E00085748",12,5,7
"E00085749",11,5,6
"E00085750",5,5,0
"E00085751",3,2,1
"E00085752",8,5,3
"E00085753",2,0,2
"E00085754",4,1,3
"E00085755",10,5,5
"E00085756",5,3,2
"E00085757",4,2,2
"E00085758",5,4,1
"E00085759",5,2,3
"E00085760",13,5,8
"E00085761",3,2,1
"E00085762",12,6,6
"E00085763",7,5,2
"E00085764",5,2,3
"E00085765",12,5,7
"E00085766",7,2,5
"E00085767",2,2,0
"E00085768",7,5,2
"E00085769",5,3,2
"E00085770",10,8,2
"E00085771",4,2,2
"E00085772",14,9,5
"E00085773",3,1,2
"E00085774",1,0,1
"E00085775",2,0,2
"E00085776",0,0,0
"E00085777",0,0,0
"E00085778",0,0,0
"E00085779",4,3,1
"E00085780",3,3,0
"E00085781",2,1,1
"E00085782",2,2,0
"E00085783",5,1,4
"E00085784",2,1,1
"E00085785",1,0,1
"E00085786",3,0,3
"E00085787",0,0,0
"E00085788",3,2,1
"E00085789",2,0,2
"E00085790",0,0,0
"E00085791",0,0,0
"E00085792",8,4,4
"E00085793",6,2,4
"E00085794",5,2,3
"E00085795",2,2,0
"E00085796",2,0,2
"E00085797",3,0,3
"E00085798",5,1,4
"E00085799",8,6,2
"E00085800",1,1,0
"E00085801",8,4,4
"E00085802",1,1,0
"E00085803",6,1,5
"E00085804",7,3,4
"E00085805",0,0,0
"E00085806",6,4,2
"E00085807",2,1,1
"E00085808",3,2,1
"E00085809",2,2,0
"E00085810",3,1,2
"E00085811",3,1,2
"E00085812",0,0,0
"E00085813",2,2,0
"E00085814",4,1,3
"E00085815",5,3,2
"E00085816",0,0,0
"E00085817",0,0,0
"E00085818",1,0,1
"E00085819",10,5,5
"E00085820",3,2,1
"E00085821",0,0,0
"E00085822",9,6,3
"E00085823",4,3,1
"E00085824",10,6,4
"E00085825",1,0,1
"E00085826",1,1,0
"E00085827",4,4,0
"E00085828",5,3,2
"E00085829",4,1,3
"E00085830",0,0,0
"E00085831",11,6,5
"E00085832",9,9,0
"E00085833",6,3,3
"E00085834",11,4,7
"E00085835",6,1,5
"E00085836",5,1,4
"E00085837",0,0,0
"E00085838",9,4,5
"E00085839",4,2,2
"E00085840",2,2,0
"E00085841",3,2,1
"E00085842",3,1,2
"E00085843",3,2,1
"E00085844",4,1,3
"E00085845",5,2,3
"E00085846",7,4,3
"E00085847",5,1,4
"E00085848",6,3,3
"E00085849",12,4,8
"E00085850",8,5,3
"E00085851",5,2,3
"E00085852",4,2,2
"E00085853",17,7,10
"E00085854",6,5,1
"E00085855",5,3,2
"E00085856",8,5,3
"E00085857",6,2,4
"E00085858",0,0,0
"E00085859",7,1,6
"E00085860",1,0,1
"E00085861",6,2,4
"E00085862",5,4,1
"E00085863",3,2,1
"E00085864",5,2,3
"E00085865",1,0,1
"E00085866",0,0,0
"E00085867",4,2,2
"E00085868",6,3,3
"E00085869",4,3,1
"E00085870",2,0,2
"E00085871",2,0,2
"E00085872",0,0,0
"E00085873",4,3,1
"E00085874",4,4,0
"E00085875",18,11,7
"E00085876",10,6,4
"E00085877",10,6,4
"E00085878",0,0,0
"E00085879",3,2,1
"E00085880",0,0,0
"E00085881",13,8,5
"E00085882",0,0,0
"E00085883",4,2,2
"E00085884",3,2,1
"E00085885",1,0,1
"E00085886",7,5,2
"E00085887",2,2,0
"E00085888",2,1,1
"E00085889",3,2,1
"E00085890",5,2,3
"E00085891",0,0,0
"E00085892",2,1,1
"E00085893",0,0,0
"E00085894",3,1,2
"E00085895",6,3,3
"E00085896",4,2,2
"E00085897",2,1,1
"E00085898",3,3,0
"E00085899",3,2,1
"E00085900",0,0,0
"E00085901",0,0,0
"E00085902",7,5,2
"E00085903",2,1,1
"E00085904",2,1,1
"E00085905",0,0,0
"E00085906",7,3,4
"E00085907",0,0,0
"E00085908",3,2,1
"E00085909",3,1,2
"E00085910",2,2,0
"E00085911",1,1,0
"E00085912",0,0,0
"E00085913",0,0,0
"E00085914",4,3,1
"E00085915",3,2,1
"E00085916",0,0,0
"E00085917",0,0,0
"E00085918",2,2,0
"E00085919",2,0,2
"E00085920",3,3,0
"E00085921",0,0,0
"E00085922",3,1,2
"E00085923",6,4,2
"E00085924",2,1,1
"E00085925",2,2,0
"E00085926",0,0,0
"E00085927",1,0,1
"E00085928",2,2,0
"E00085929",2,2,0
"E00085930",3,1,2
"E00085931",2,1,1
"E00085932",1,1,0
"E00085933",4,2,2
"E00085934",3,2,1
"E00085935",0,0,0
"E00085936",3,1,2
"E00085937",1,1,0
"E00085938",2,0,2
"E00085939",1,1,0
"E00085940",1,0,1
"E00085941",3,2,1
"E00085942",6,4,2
"E00085943",5,2,3
"E00085944",1,1,0
"E00085945",2,2,0
"E00085946",2,1,1
"E00085947",0,0,0
"E00085948",6,1,5
"E00085949",0,0,0
"E00085950",0,0,0
"E00085951",5,2,3
"E00085952",6,4,2
"E00085953",3,1,2
"E00085954",2,0,2
"E00085955",5,3,2
"E00085956",1,0,1
"E00085957",3,0,3
"E00085958",5,2,3
"E00085959",0,0,0
"E00085960",4,3,1
"E00085961",1,0,1
"E00085962",3,1,2
"E00085963",4,2,2
"E00085964",6,3,3
"E00085965",5,4,1
"E00085966",4,2,2
"E00085967",0,0,0
"E00085968",3,2,1
"E00085969",0,0,0
"E00085970",6,4,2
"E00085971",5,2,3
"E00085972",4,3,1
"E00085973",4,2,2
"E00085974",1,0,1
"E00085975",3,1,2
"E00085976",0,0,0
"E00085977",8,5,3
"E00085978",1,1,0
"E00085979",5,3,2
"E00085980",4,3,1
"E00085981",1,1,0
"E00085982",0,0,0
"E00085983",1,0,1
"E00085984",4,1,3
"E00085985",2,2,0
"E00085986",4,3,1
"E00085987",5,2,3
"E00085988",3,1,2
"E00085989",3,2,1
"E00085990",2,1,1
"E00085991",9,4,5
"E00085992",2,1,1
"E00085993",2,1,1
"E00085994",1,1,0
"E00085995",2,1,1
"E00085996",0,0,0
"E00085997",2,1,1
"E00085998",6,5,1
"E00085999",1,1,0
"E00086000",4,3,1
"E00086001",9,4,5
"E00086002",0,0,0
"E00086003",3,3,0
"E00086004",7,3,4
"E00086005",7,5,2
"E00086006",0,0,0
"E00086007",0,0,0
"E00086008",1,0,1
"E00086009",0,0,0
"E00086010",3,2,1
"E00086011",2,1,1
"E00086012",1,0,1
"E00086013",3,0,3
"E00086014",3,2,1
"E00086015",0,0,0
"E00086016",5,2,3
"E00086017",1,1,0
"E00086018",0,0,0
"E00086020",0,0,0
"E00086021",0,0,0
"E00086022",2,0,2
"E00086023",2,0,2
"E00086024",0,0,0
"E00086025",0,0,0
"E00086026",0,0,0
"E00086027",2,2,0
"E00086028",0,0,0
"E00086029",4,1,3
"E00086030",0,0,0
"E00086031",0,0,0
"E00086032",0,0,0
"E00086033",2,1,1
"E00086034",0,0,0
"E00086035",1,0,1
"E00086036",0,0,0
"E00086037",0,0,0
"E00086038",0,0,0
"E00086039",1,0,1
"E00086041",1,1,0
"E00086042",3,1,2
"E00086043",0,0,0
"E00086044",0,0,0
"E00086045",1,1,0
"E00086046",0,0,0
"E00086047",5,4,1
"E00086048",2,1,1
"E00086049",1,1,0
"E00086051",1,0,1
"E00086052",2,1,1
"E00086054",2,1,1
"E00086055",1,1,0
"E00086056",0,0,0
"E00086057",4,3,1
"E00086058",3,1,2
"E00086060",4,1,3
"E00086061",0,0,0
"E00086062",2,1,1
"E00086063",3,2,1
"E00086064",3,2,1
"E00086065",5,1,4
"E00086066",2,1,1
"E00086067",3,2,1
"E00086068",3,2,1
"E00086069",1,0,1
"E00086070",7,4,3
"E00086071",5,3,2
"E00086072",0,0,0
"E00086073",2,0,2
"E00086074",1,1,0
"E00086075",1,0,1
"E00086076",5,2,3
"E00086077",2,2,0
"E00086078",3,0,3
"E00086079",2,2,0
"E00086080",3,1,2
"E00086081",4,1,3
"E00086082",2,0,2
"E00086083",0,0,0
"E00086084",0,0,0
"E00086085",3,3,0
"E00086086",2,0,2
"E00086087",0,0,0
"E00086088",0,0,0
"E00086089",1,0,1
"E00086090",0,0,0
"E00086091",3,2,1
"E00086092",0,0,0
"E00086093",1,0,1
"E00086094",3,1,2
"E00086095",4,2,2
"E00086096",0,0,0
"E00086097",3,3,0
"E00086098",0,0,0
"E00086099",3,2,1
"E00086100",2,1,1
"E00086101",9,3,6
"E00086102",3,2,1
"E00086103",1,0,1
"E00086104",1,0,1
"E00086105",3,2,1
"E00086106",0,0,0
"E00086107",3,1,2
"E00086108",3,3,0
"E00086109",4,2,2
"E00086110",1,0,1
"E00086111",0,0,0
"E00086112",0,0,0
"E00086113",4,1,3
"E00086114",8,4,4
"E00086115",11,8,3
"E00086116",0,0,0
"E00086117",2,1,1
"E00086118",0,0,0
"E00086119",0,0,0
"E00086120",1,1,0
"E00086121",0,0,0
"E00086122",0,0,0
"E00086123",1,0,1
"E00086124",1,0,1
"E00086125",2,1,1
"E00086127",4,2,2
"E00086128",2,1,1
"E00086129",9,5,4
"E00086130",6,2,4
"E00086131",1,0,1
"E00086132",3,1,2
"E00086133",5,4,1
"E00086134",1,1,0
"E00086135",4,3,1
"E00086136",1,0,1
"E00086137",4,3,1
"E00086138",1,0,1
"E00086139",3,3,0
"E00086140",3,2,1
"E00086141",5,1,4
"E00086142",0,0,0
"E00086143",0,0,0
"E00086144",0,0,0
"E00086145",1,1,0
"E00086146",7,0,7
"E00086147",1,0,1
"E00086148",4,1,3
"E00086149",3,2,1
"E00086150",0,0,0
"E00086151",2,1,1
"E00086152",4,1,3
"E00086153",1,0,1
"E00086154",2,2,0
"E00086155",0,0,0
"E00086156",1,0,1
"E00086157",0,0,0
"E00086158",4,2,2
"E00086159",17,7,10
"E00086160",12,4,8
"E00086161",0,0,0
"E00086162",10,7,3
"E00086163",8,5,3
"E00086164",10,3,7
"E00086165",11,4,7
"E00086166",4,3,1
"E00086167",7,5,2
"E00086168",4,2,2
"E00086170",0,0,0
"E00086171",3,1,2
"E00086172",10,6,4
"E00086173",6,3,3
"E00086174",4,2,2
"E00086175",3,1,2
"E00086176",2,1,1
"E00086177",2,0,2
"E00086178",6,3,3
"E00086179",3,0,3
"E00086180",5,2,3
"E00086181",1,1,0
"E00086182",0,0,0
"E00086183",4,1,3
"E00086184",1,1,0
"E00086185",8,7,1
"E00086186",1,0,1
"E00086187",1,0,1
"E00086188",0,0,0
"E00086189",4,2,2
"E00086190",1,1,0
"E00086191",2,0,2
"E00086192",0,0,0
"E00086193",0,0,0
"E00086194",0,0,0
"E00086195",6,3,3
"E00086196",6,4,2
"E00086197",3,2,1
"E00086198",2,0,2
"E00086199",4,3,1
"E00086200",6,5,1
"E00086201",6,3,3
"E00086202",11,5,6
"E00086203",9,4,5
"E00086204",3,1,2
"E00086205",2,0,2
"E00086206",0,0,0
"E00086207",1,1,0
"E00086208",1,1,0
"E00086209",4,3,1
"E00086210",3,3,0
"E00086211",1,0,1
"E00086212",0,0,0
"E00086213",3,3,0
"E00086214",5,3,2
"E00086215",8,4,4
"E00086216",11,5,6
"E00086217",7,2,5
"E00086218",2,0,2
"E00086219",9,5,4
"E00086220",1,1,0
"E00086221",1,1,0
"E00086222",4,2,2
"E00086223",5,3,2
"E00086224",11,6,5
"E00086225",5,3,2
"E00086226",6,4,2
"E00086227",0,0,0
"E00086228",5,0,5
"E00086229",0,0,0
"E00086230",2,1,1
"E00086231",2,0,2
"E00086232",0,0,0
"E00086233",0,0,0
"E00086234",1,0,1
"E00086235",4,3,1
"E00086236",3,2,1
"E00086237",1,1,0
"E00086238",1,1,0
"E00086239",3,2,1
"E00086240",0,0,0
"E00086241",1,0,1
"E00086242",2,1,1
"E00086243",0,0,0
"E00086244",0,0,0
"E00086245",0,0,0
"E00086246",0,0,0
"E00086247",0,0,0
"E00086248",0,0,0
"E00086249",0,0,0
"E00086250",0,0,0
"E00086251",0,0,0
"E00086252",4,3,1
"E00086253",4,2,2
"E00086254",5,3,2
"E00086255",5,1,4
"E00086256",5,3,2
"E00086257",2,1,1
"E00086258",7,1,6
"E00086259",0,0,0
"E00086260",0,0,0
"E00086261",0,0,0
"E00086262",1,0,1
"E00086263",2,1,1
"E00086264",1,0,1
"E00086265",7,2,5
"E00086266",1,0,1
"E00086267",5,3,2
"E00086268",1,1,0
"E00086269",0,0,0
"E00086270",3,1,2
"E00086271",1,0,1
"E00086272",3,2,1
"E00086273",1,0,1
"E00086274",0,0,0
"E00086275",4,3,1
"E00086276",1,0,1
"E00086277",2,0,2
"E00086278",1,0,1
"E00086279",0,0,0
"E00086280",1,0,1
"E00086281",0,0,0
"E00086282",1,1,0
"E00086283",2,0,2
"E00086284",0,0,0
"E00086285",2,0,2
"E00086286",0,0,0
"E00086287",1,1,0
"E00086288",4,1,3
"E00086289",1,0,1
"E00086290",2,0,2
"E00086291",1,1,0
"E00086292",0,0,0
"E00086293",5,5,0
"E00086294",3,0,3
"E00086295",2,1,1
"E00086296",0,0,0
"E00086297",1,0,1
"E00086298",1,0,1
"E00086299",0,0,0
"E00086300",0,0,0
"E00086301",0,0,0
"E00086302",1,1,0
"E00086303",2,2,0
"E00086304",0,0,0
"E00086305",3,3,0
"E00086306",0,0,0
"E00086307",1,0,1
"E00086308",2,1,1
"E00086309",3,2,1
"E00086310",0,0,0
"E00086311",5,2,3
"E00086312",3,1,2
"E00086313",4,3,1
"E00086314",0,0,0
"E00086315",1,0,1
"E00086316",4,2,2
"E00086317",0,0,0
"E00086318",1,0,1
"E00086319",1,0,1
"E00086320",4,2,2
"E00086321",4,3,1
"E00086322",1,0,1
"E00086323",2,2,0
"E00086324",6,1,5
"E00086325",5,2,3
"E00086326",1,0,1
"E00086327",1,0,1
"E00086328",1,0,1
"E00086329",1,1,0
"E00086332",2,0,2
"E00086333",3,1,2
"E00086334",2,2,0
"E00086335",0,0,0
"E00086336",4,2,2
"E00086337",0,0,0
"E00086338",3,0,3
"E00086339",2,1,1
"E00086340",1,0,1
"E00086341",2,0,2
"E00086342",5,0,5
"E00086343",0,0,0
"E00086344",0,0,0
"E00086345",0,0,0
"E00086346",2,1,1
"E00086347",1,0,1
"E00086348",7,3,4
"E00086349",6,3,3
"E00086350",0,0,0
"E00086351",5,1,4
"E00086352",2,2,0
"E00086353",5,3,2
"E00086354",0,0,0
"E00086355",5,1,4
"E00086356",0,0,0
"E00086357",2,2,0
"E00086358",0,0,0
"E00086359",0,0,0
"E00086360",10,5,5
"E00086361",2,1,1
"E00086362",1,1,0
"E00086363",0,0,0
"E00086364",0,0,0
"E00086365",1,1,0
"E00086366",2,0,2
"E00086367",2,2,0
"E00086368",0,0,0
"E00086369",1,0,1
"E00086370",1,1,0
"E00086371",0,0,0
"E00086372",1,0,1
"E00086373",2,1,1
"E00086374",0,0,0
"E00086375",1,0,1
"E00086376",2,1,1
"E00086377",1,1,0
"E00086378",0,0,0
"E00086379",1,0,1
"E00086380",0,0,0
"E00086381",0,0,0
"E00086382",1,0,1
"E00086383",5,1,4
"E00086384",0,0,0
"E00086385",4,1,3
"E00086386",0,0,0
"E00086387",1,1,0
"E00086388",3,1,2
"E00086389",1,0,1
"E00086390",0,0,0
"E00086391",2,1,1
"E00086392",0,0,0
"E00086393",3,2,1
"E00086394",0,0,0
"E00086395",0,0,0
"E00086396",0,0,0
"E00086397",0,0,0
"E00086398",2,2,0
"E00086399",1,1,0
"E00086400",1,0,1
"E00086401",1,1,0
"E00086402",0,0,0
"E00086403",0,0,0
"E00086404",0,0,0
"E00086405",0,0,0
"E00086406",0,0,0
"E00086407",0,0,0
"E00086408",3,1,2
"E00086409",1,0,1
"E00086410",0,0,0
"E00086411",0,0,0
"E00086412",2,1,1
"E00086413",4,3,1
"E00086414",1,1,0
"E00086415",1,0,1
"E00086416",2,1,1
"E00086417",1,1,0
"E00086418",2,1,1
"E00086419",2,0,2
"E00086420",1,1,0
"E00086421",1,1,0
"E00086422",0,0,0
"E00086423",2,0,2
"E00086424",10,6,4
"E00086425",1,1,0
"E00086426",0,0,0
"E00086427",1,1,0
"E00086428",3,1,2
"E00086429",1,0,1
"E00086430",0,0,0
"E00086431",4,2,2
"E00086432",0,0,0
"E00086433",2,2,0
"E00086434",1,0,1
"E00086435",0,0,0
"E00086436",1,0,1
"E00086437",0,0,0
"E00086438",2,0,2
"E00086439",1,1,0
"E00086440",0,0,0
"E00086441",0,0,0
"E00086442",0,0,0
"E00086443",1,0,1
"E00086444",0,0,0
"E00086445",0,0,0
"E00086446",2,1,1
"E00086447",1,1,0
"E00086448",1,1,0
"E00086449",0,0,0
"E00086450",3,3,0
"E00086451",0,0,0
"E00086452",0,0,0
"E00086453",4,2,2
"E00086454",1,1,0
"E00086455",0,0,0
"E00086456",8,4,4
"E00086457",7,5,2
"E00086458",1,1,0
"E00086459",4,4,0
"E00086460",7,5,2
"E00086461",2,2,0
"E00086462",9,7,2
"E00086463",3,1,2
"E00086464",4,3,1
"E00086465",0,0,0
"E00086466",2,2,0
"E00086467",5,1,4
"E00086468",3,2,1
"E00086469",0,0,0
"E00086470",3,2,1
"E00086471",2,1,1
"E00086472",0,0,0
"E00086473",7,2,5
"E00086474",3,1,2
"E00086475",2,0,2
"E00086476",6,3,3
"E00086477",0,0,0
"E00086478",8,5,3
"E00086479",0,0,0
"E00086480",2,2,0
"E00086481",3,1,2
"E00086482",1,0,1
"E00086483",6,4,2
"E00086484",5,3,2
"E00086485",0,0,0
"E00086486",4,2,2
"E00086487",0,0,0
"E00086488",1,1,0
"E00086489",0,0,0
"E00086490",3,3,0
"E00086491",5,3,2
"E00086492",1,0,1
"E00086493",6,4,2
"E00086494",1,1,0
"E00086495",4,2,2
"E00086496",1,1,0
"E00086497",0,0,0
"E00086498",2,1,1
"E00086499",2,1,1
"E00086500",0,0,0
"E00086501",2,1,1
"E00086502",7,2,5
"E00086503",5,3,2
"E00086504",0,0,0
"E00086505",1,0,1
"E00086506",1,1,0
"E00086507",7,4,3
"E00086508",4,3,1
"E00086509",2,0,2
"E00086510",1,0,1
"E00086511",3,2,1
"E00086512",0,0,0
"E00086513",3,2,1
"E00086514",0,0,0
"E00086517",1,1,0
"E00086518",4,2,2
"E00086519",4,3,1
"E00086520",0,0,0
"E00086521",1,0,1
"E00086522",3,3,0
"E00086523",3,1,2
"E00086524",5,4,1
"E00086525",1,0,1
"E00086526",4,1,3
"E00086527",3,1,2
"E00086528",0,0,0
"E00086529",1,1,0
"E00086530",3,2,1
"E00086531",2,0,2
"E00086532",13,9,4
"E00086533",1,0,1
"E00086534",7,2,5
"E00086535",3,3,0
"E00086536",0,0,0
"E00086537",2,1,1
"E00086538",1,0,1
"E00086539",0,0,0
"E00086540",7,4,3
"E00086541",27,18,9
"E00086542",4,3,1
"E00086543",2,1,1
"E00086544",0,0,0
"E00086545",7,4,3
"E00086546",11,8,3
"E00086547",0,0,0
"E00086548",4,2,2
"E00086549",3,1,2
"E00086550",8,1,7
"E00086551",3,3,0
"E00086552",3,1,2
"E00086553",0,0,0
"E00086557",2,2,0
"E00086558",2,2,0
"E00086559",3,2,1
"E00086560",1,0,1
"E00086561",3,2,1
"E00086563",4,2,2
"E00086564",1,1,0
"E00086565",1,1,0
"E00086568",0,0,0
"E00086570",4,1,3
"E00086571",15,5,10
"E00086572",3,3,0
"E00086575",0,0,0
"E00086576",7,3,4
"E00086577",9,5,4
"E00086578",0,0,0
"E00086579",7,6,1
"E00086580",5,4,1
"E00086581",0,0,0
"E00086582",1,0,1
"E00086583",1,1,0
"E00086584",1,1,0
"E00086586",2,1,1
"E00086587",10,7,3
"E00086588",5,2,3
"E00086589",7,3,4
"E00086590",4,1,3
"E00086591",4,3,1
"E00086592",6,4,2
"E00086593",12,5,7
"E00086594",1,1,0
"E00086596",11,4,7
"E00086597",5,3,2
"E00086598",7,5,2
"E00086599",5,2,3
"E00086601",4,2,2
"E00086602",9,3,6
"E00086603",0,0,0
"E00086604",3,1,2
"E00086605",3,3,0
"E00086606",5,1,4
"E00086607",3,2,1
"E00086608",4,3,1
"E00086609",5,2,3
"E00086610",2,2,0
"E00086611",8,5,3
"E00086612",6,3,3
"E00086613",6,2,4
"E00086614",0,0,0
"E00086615",4,3,1
"E00086616",15,9,6
"E00086617",4,3,1
"E00086618",0,0,0
"E00086619",6,1,5
"E00086620",0,0,0
"E00086621",6,2,4
"E00086622",3,3,0
"E00086623",3,1,2
"E00086624",2,1,1
"E00086625",0,0,0
"E00086626",1,0,1
"E00086627",5,4,1
"E00086628",0,0,0
"E00086629",2,0,2
"E00086630",3,3,0
"E00086631",0,0,0
"E00086632",4,1,3
"E00086633",1,1,0
"E00086634",1,0,1
"E00086635",3,0,3
"E00086636",2,1,1
"E00086637",0,0,0
"E00086638",1,1,0
"E00086639",0,0,0
"E00086640",3,1,2
"E00086641",2,1,1
"E00086642",4,3,1
"E00086643",3,0,3
"E00086646",0,0,0
"E00086647",2,1,1
"E00086648",0,0,0
"E00086649",1,1,0
"E00086650",1,0,1
"E00086651",2,1,1
"E00086652",4,3,1
"E00086653",6,2,4
"E00086654",1,0,1
"E00086655",5,4,1
"E00086656",1,0,1
"E00086657",5,3,2
"E00086658",2,1,1
"E00086659",2,2,0
"E00086660",2,2,0
"E00086661",2,1,1
"E00086662",0,0,0
"E00086663",1,1,0
"E00086664",0,0,0
"E00086665",2,1,1
"E00086666",11,10,1
"E00086667",3,1,2
"E00086668",0,0,0
"E00086669",5,2,3
"E00086670",0,0,0
"E00086671",0,0,0
"E00086672",1,1,0
"E00086673",3,3,0
"E00086674",2,1,1
"E00086675",0,0,0
"E00086676",1,0,1
"E00086677",0,0,0
"E00086678",10,6,4
"E00086679",2,0,2
"E00086680",0,0,0
"E00086681",0,0,0
"E00086682",2,2,0
"E00086683",1,1,0
"E00086684",2,1,1
"E00086685",0,0,0
"E00086686",0,0,0
"E00086687",2,1,1
"E00086688",6,2,4
"E00086689",3,0,3
"E00086690",1,0,1
"E00086691",0,0,0
"E00086692",3,2,1
"E00086693",0,0,0
"E00086694",2,2,0
"E00086695",1,0,1
"E00086696",1,1,0
"E00086697",6,3,3
"E00086698",2,1,1
"E00086699",0,0,0
"E00086700",1,1,0
"E00086701",1,0,1
"E00086702",0,0,0
"E00086703",0,0,0
"E00086704",0,0,0
"E00086705",1,0,1
"E00086706",0,0,0
"E00086707",3,0,3
"E00086708",0,0,0
"E00086709",1,1,0
"E00086710",1,1,0
"E00086711",0,0,0
"E00086712",1,1,0
"E00086713",0,0,0
"E00086714",0,0,0
"E00086715",1,0,1
"E00086716",2,1,1
"E00086717",2,2,0
"E00086718",4,1,3
"E00086719",6,2,4
"E00086720",2,1,1
"E00086721",3,2,1
"E00086722",4,3,1
"E00086723",0,0,0
"E00086724",3,1,2
"E00086725",1,0,1
"E00086726",0,0,0
"E00086727",2,2,0
"E00086728",2,1,1
"E00086730",7,4,3
"E00086731",7,5,2
"E00086732",4,3,1
"E00086733",0,0,0
"E00086734",4,2,2
"E00086735",0,0,0
"E00086736",4,3,1
"E00086737",1,0,1
"E00086738",4,2,2
"E00086739",4,2,2
"E00086740",6,4,2
"E00086741",2,1,1
"E00086742",5,3,2
"E00086743",3,3,0
"E00086744",4,0,4
"E00086745",0,0,0
"E00086746",2,1,1
"E00086747",5,4,1
"E00086748",5,3,2
"E00086749",4,2,2
"E00086750",1,1,0
"E00086751",7,4,3
"E00086752",2,0,2
"E00086753",1,0,1
"E00086754",2,0,2
"E00086755",0,0,0
"E00086756",2,1,1
"E00086757",0,0,0
"E00086758",5,3,2
"E00086759",1,0,1
"E00086760",2,1,1
"E00086761",8,3,5
"E00086762",0,0,0
"E00086763",1,0,1
"E00086764",1,0,1
"E00086765",2,1,1
"E00086766",5,2,3
"E00086767",2,2,0
"E00086768",1,0,1
"E00086769",1,1,0
"E00086770",5,3,2
"E00086771",3,1,2
"E00086772",5,4,1
"E00086773",1,1,0
"E00086774",0,0,0
"E00086775",1,0,1
"E00086776",0,0,0
"E00086777",1,0,1
"E00086778",0,0,0
"E00086779",6,3,3
"E00086780",4,3,1
"E00086781",1,1,0
"E00086782",0,0,0
"E00086783",1,1,0
"E00086784",0,0,0
"E00086785",2,0,2
"E00086786",0,0,0
"E00086787",0,0,0
"E00086788",0,0,0
"E00086789",1,1,0
"E00086790",5,2,3
"E00086791",1,0,1
"E00086792",5,2,3
"E00086793",0,0,0
"E00086794",5,1,4
"E00086795",0,0,0
"E00086796",0,0,0
"E00086797",2,0,2
"E00086798",0,0,0
"E00086799",2,2,0
"E00086800",1,1,0
"E00086801",0,0,0
"E00086802",0,0,0
"E00086803",1,1,0
"E00086804",1,0,1
"E00086805",1,1,0
"E00086806",0,0,0
"E00086807",1,1,0
"E00086808",2,1,1
"E00086809",0,0,0
"E00086810",3,3,0
"E00086811",0,0,0
"E00086812",2,2,0
"E00086813",1,0,1
"E00086814",2,1,1
"E00086815",0,0,0
"E00086816",2,2,0
"E00086817",0,0,0
"E00086818",0,0,0
"E00086819",0,0,0
"E00086820",1,0,1
"E00086821",1,1,0
"E00086822",3,2,1
"E00086823",3,2,1
"E00086824",0,0,0
"E00086825",1,1,0
"E00086826",1,1,0
"E00086827",0,0,0
"E00086828",2,2,0
"E00086829",0,0,0
"E00086830",3,3,0
"E00086831",0,0,0
"E00086832",2,1,1
"E00086833",1,1,0
"E00086834",1,1,0
"E00086835",0,0,0
"E00086836",0,0,0
"E00086837",0,0,0
"E00086838",0,0,0
"E00086839",0,0,0
"E00086840",8,5,3
"E00086841",13,10,3
"E00086842",1,0,1
"E00086843",7,3,4
"E00086844",5,0,5
"E00086845",3,1,2
"E00086846",4,2,2
"E00086847",2,1,1
"E00086848",0,0,0
"E00086849",3,1,2
"E00086850",2,1,1
"E00086851",0,0,0
"E00086852",3,1,2
"E00086853",3,2,1
"E00086854",4,3,1
"E00086855",0,0,0
"E00086856",0,0,0
"E00086857",1,1,0
"E00086858",5,2,3
"E00086859",1,1,0
"E00086860",4,3,1
"E00086861",1,0,1
"E00086862",1,0,1
"E00086863",3,2,1
"E00086864",4,4,0
"E00086865",4,2,2
"E00086866",1,0,1
"E00086867",1,1,0
"E00086868",3,1,2
"E00086869",3,2,1
"E00086870",0,0,0
"E00086871",5,2,3
"E00086872",2,1,1
"E00086873",3,0,3
"E00086874",4,2,2
"E00086875",1,1,0
"E00086876",1,1,0
"E00086877",3,1,2
"E00086878",4,4,0
"E00086879",1,0,1
"E00086880",2,1,1
"E00086881",0,0,0
"E00086882",0,0,0
"E00086883",2,2,0
"E00086884",1,0,1
"E00086885",1,0,1
"E00086886",2,1,1
"E00086887",5,1,4
"E00086888",1,0,1
"E00086889",0,0,0
"E00086890",1,0,1
"E00086891",0,0,0
"E00086892",1,0,1
"E00086893",3,2,1
"E00086894",1,1,0
"E00086895",3,1,2
"E00086896",1,1,0
"E00086897",0,0,0
"E00086898",4,1,3
"E00086899",0,0,0
"E00086900",4,3,1
"E00086901",2,2,0
"E00086902",0,0,0
"E00086903",1,0,1
"E00086904",3,1,2
"E00086905",7,3,4
"E00086906",3,2,1
"E00086907",0,0,0
"E00086908",4,1,3
"E00086909",4,3,1
"E00086910",0,0,0
"E00086911",0,0,0
"E00086912",0,0,0
"E00086913",2,1,1
"E00086914",2,2,0
"E00086915",3,1,2
"E00086916",1,1,0
"E00086917",5,2,3
"E00086918",2,0,2
"E00086919",3,3,0
"E00086920",1,0,1
"E00086921",0,0,0
"E00086922",2,1,1
"E00086923",0,0,0
"E00086925",3,2,1
"E00086926",0,0,0
"E00086929",2,0,2
"E00086930",3,1,2
"E00086931",0,0,0
"E00086932",2,1,1
"E00086933",3,1,2
"E00086934",0,0,0
"E00086935",0,0,0
"E00086936",6,1,5
"E00086937",0,0,0
"E00086938",5,1,4
"E00086939",1,1,0
"E00086940",3,2,1
"E00086941",1,1,0
"E00086942",0,0,0
"E00086943",2,0,2
"E00086944",2,2,0
"E00086945",2,1,1
"E00086946",1,1,0
"E00086947",1,0,1
"E00086948",0,0,0
"E00086949",1,1,0
"E00086950",3,1,2
"E00086951",6,4,2
"E00086952",3,3,0
"E00086953",5,3,2
"E00086954",0,0,0
"E00086955",1,0,1
"E00086956",0,0,0
"E00086957",2,1,1
"E00086958",0,0,0
"E00086959",0,0,0
"E00086960",2,1,1
"E00086961",3,2,1
"E00086962",1,0,1
"E00086963",2,1,1
"E00086964",0,0,0
"E00086965",1,0,1
"E00086966",6,3,3
"E00086967",4,1,3
"E00086968",2,0,2
"E00086969",1,0,1
"E00086970",1,1,0
"E00086971",2,1,1
"E00086972",0,0,0
"E00086973",1,1,0
"E00086974",0,0,0
"E00086975",1,0,1
"E00086976",0,0,0
"E00086977",0,0,0
"E00086978",2,0,2
"E00086979",0,0,0
"E00086980",4,4,0
"E00086981",1,0,1
"E00086982",7,3,4
"E00086983",1,0,1
"E00086984",10,2,8
"E00086985",3,1,2
"E00086986",4,1,3
"E00086987",4,2,2
"E00086988",2,2,0
"E00086989",4,1,3
"E00086990",1,1,0
"E00086991",0,0,0
"E00086992",1,1,0
"E00086993",4,2,2
"E00086994",2,1,1
"E00086995",0,0,0
"E00086996",0,0,0
"E00086997",2,1,1
"E00086998",0,0,0
"E00086999",0,0,0
"E00087000",3,1,2
"E00087001",2,1,1
"E00087002",0,0,0
"E00087003",1,1,0
"E00087004",2,2,0
"E00087005",1,1,0
"E00087006",3,3,0
"E00087007",12,6,6
"E00087008",16,5,11
"E00087009",2,2,0
"E00087010",1,0,1
"E00087011",0,0,0
"E00087012",7,6,1
"E00087013",0,0,0
"E00087014",2,0,2
"E00087015",1,1,0
"E00087016",0,0,0
"E00087017",3,1,2
"E00087018",2,1,1
"E00087019",0,0,0
"E00087020",0,0,0
"E00087021",2,0,2
"E00087022",4,4,0
"E00087023",0,0,0
"E00087024",10,6,4
"E00087025",8,5,3
"E00087026",4,3,1
"E00087027",3,1,2
"E00087028",7,3,4
"E00087029",2,2,0
"E00087030",9,5,4
"E00087031",4,3,1
"E00087032",5,4,1
"E00087033",7,3,4
"E00087034",9,1,8
"E00087035",7,2,5
"E00087036",2,1,1
"E00087037",0,0,0
"E00087038",1,1,0
"E00087039",2,1,1
"E00087040",1,0,1
"E00087041",9,0,9
"E00087042",0,0,0
"E00087043",6,2,4
"E00087044",5,2,3
"E00087045",2,0,2
"E00087046",1,1,0
"E00087047",1,1,0
"E00087048",1,1,0
"E00087049",2,1,1
"E00087050",2,2,0
"E00087051",2,0,2
"E00087052",3,2,1
"E00087053",0,0,0
"E00087054",0,0,0
"E00087055",3,0,3
"E00087056",0,0,0
"E00087057",1,1,0
"E00087058",1,1,0
"E00087059",0,0,0
"E00087060",0,0,0
"E00087061",1,1,0
"E00087062",1,1,0
"E00087063",1,0,1
"E00087064",0,0,0
"E00087065",2,2,0
"E00087066",6,3,3
"E00087067",1,1,0
"E00087068",4,2,2
"E00087069",0,0,0
"E00087070",1,0,1
"E00087071",1,1,0
"E00087072",2,1,1
"E00087073",0,0,0
"E00087074",0,0,0
"E00087075",0,0,0
"E00087076",1,1,0
"E00087077",2,1,1
"E00087078",1,0,1
"E00087079",1,1,0
"E00087080",0,0,0
"E00087081",2,0,2
"E00087082",3,1,2
"E00087083",3,1,2
"E00087084",0,0,0
"E00087085",0,0,0
"E00087086",3,1,2
"E00087087",0,0,0
"E00087088",1,0,1
"E00087089",2,1,1
"E00087090",1,0,1
"E00087091",0,0,0
"E00087092",1,0,1
"E00087093",0,0,0
"E00087094",2,1,1
"E00087095",0,0,0
"E00087096",4,1,3
"E00087097",0,0,0
"E00087098",5,2,3
"E00087099",5,4,1
"E00087100",6,4,2
"E00087101",0,0,0
"E00087102",7,3,4
"E00087103",7,3,4
"E00087104",0,0,0
"E00087105",2,1,1
"E00087106",10,5,5
"E00087107",0,0,0
"E00087108",5,1,4
"E00087109",1,1,0
"E00087110",14,4,10
"E00087111",0,0,0
"E00087112",3,0,3
"E00087113",9,5,4
"E00087114",0,0,0
"E00087115",0,0,0
"E00087116",0,0,0
"E00087117",8,4,4
"E00087118",2,1,1
"E00087119",3,1,2
"E00087120",1,1,0
"E00087121",3,2,1
"E00087122",4,3,1
"E00087123",3,0,3
"E00087124",1,1,0
"E00087125",3,3,0
"E00087126",7,5,2
"E00087127",4,2,2
"E00087128",7,6,1
"E00087129",4,2,2
"E00087130",6,3,3
"E00087131",4,4,0
"E00087132",1,1,0
"E00087133",0,0,0
"E00087134",13,8,5
"E00087135",0,0,0
"E00087136",4,3,1
"E00087137",4,1,3
"E00087138",9,4,5
"E00087139",3,0,3
"E00087140",4,1,3
"E00087141",11,7,4
"E00087142",19,11,8
"E00087143",3,2,1
"E00087144",2,1,1
"E00087145",0,0,0
"E00087146",8,6,2
"E00087147",5,2,3
"E00087148",2,1,1
"E00087149",2,0,2
"E00087150",0,0,0
"E00087151",1,0,1
"E00087152",2,0,2
"E00087153",0,0,0
"E00087154",3,2,1
"E00087155",1,1,0
"E00087156",1,1,0
"E00087157",3,0,3
"E00087158",4,0,4
"E00087159",0,0,0
"E00087160",1,0,1
"E00087161",5,3,2
"E00087162",4,1,3
"E00087163",0,0,0
"E00087164",4,2,2
"E00087165",4,3,1
"E00087166",0,0,0
"E00087167",2,1,1
"E00087168",3,0,3
"E00087169",2,1,1
"E00087170",3,1,2
"E00087171",0,0,0
"E00087172",1,1,0
"E00087173",0,0,0
"E00087174",1,1,0
"E00087175",1,0,1
"E00087176",1,0,1
"E00087177",2,2,0
"E00087178",2,2,0
"E00087179",2,1,1
"E00087180",0,0,0
"E00087181",0,0,0
"E00087182",5,2,3
"E00087183",7,3,4
"E00087184",1,1,0
"E00087185",1,0,1
"E00087186",0,0,0
"E00087187",3,3,0
"E00087188",3,2,1
"E00087189",4,4,0
"E00087190",0,0,0
"E00087191",2,1,1
"E00087193",0,0,0
"E00087194",0,0,0
"E00087195",1,1,0
"E00087196",2,0,2
"E00087197",3,2,1
"E00087198",4,1,3
"E00087199",3,1,2
"E00087200",4,2,2
"E00087201",0,0,0
"E00087202",0,0,0
"E00087203",1,1,0
"E00087204",1,0,1
"E00087205",2,2,0
"E00087206",3,1,2
"E00087207",4,2,2
"E00087208",0,0,0
"E00087209",26,10,16
"E00087210",0,0,0
"E00087211",0,0,0
"E00087212",6,1,5
"E00087213",2,1,1
"E00087214",2,2,0
"E00087215",0,0,0
"E00087216",5,3,2
"E00087217",6,3,3
"E00087218",1,1,0
"E00087219",4,4,0
"E00087220",6,3,3
"E00087221",5,3,2
"E00087222",3,3,0
"E00087223",1,1,0
"E00087224",5,3,2
"E00087225",1,1,0
"E00087226",0,0,0
"E00087227",4,0,4
"E00087228",5,4,1
"E00087229",0,0,0
"E00087230",1,0,1
"E00087231",4,3,1
"E00087232",3,3,0
"E00087233",3,0,3
"E00087234",2,2,0
"E00087235",2,0,2
"E00087236",7,2,5
"E00087237",0,0,0
"E00087238",3,1,2
"E00087239",0,0,0
"E00087240",0,0,0
"E00087241",1,0,1
"E00087242",0,0,0
"E00087243",0,0,0
"E00087244",1,1,0
"E00087245",4,2,2
"E00087246",1,1,0
"E00087247",0,0,0
"E00087248",0,0,0
"E00087249",0,0,0
"E00087250",0,0,0
"E00087251",1,0,1
"E00087252",1,1,0
"E00087253",2,0,2
"E00087254",3,1,2
"E00087255",4,2,2
"E00087256",1,1,0
"E00087257",0,0,0
"E00087258",0,0,0
"E00087259",3,1,2
"E00087260",1,0,1
"E00087261",0,0,0
"E00087262",1,1,0
"E00087263",0,0,0
"E00087264",0,0,0
"E00087265",0,0,0
"E00087266",2,2,0
"E00087267",0,0,0
"E00087268",1,0,1
"E00087269",0,0,0
"E00087270",0,0,0
"E00087271",2,1,1
"E00087272",1,1,0
"E00087273",0,0,0
"E00087274",2,0,2
"E00087275",1,0,1
"E00087276",3,2,1
"E00087277",0,0,0
"E00087278",0,0,0
"E00087279",3,2,1
"E00087280",6,3,3
"E00087281",6,3,3
"E00087282",1,1,0
"E00087283",4,2,2
"E00087284",6,4,2
"E00087285",2,1,1
"E00087286",4,2,2
"E00087287",3,2,1
"E00087288",5,3,2
"E00087289",5,4,1
"E00087290",5,2,3
"E00087291",2,1,1
"E00087292",4,1,3
"E00087293",9,3,6
"E00087294",1,1,0
"E00087295",3,0,3
"E00087296",4,3,1
"E00087297",1,1,0
"E00087298",4,2,2
"E00087299",7,7,0
"E00087300",6,3,3
"E00087301",1,0,1
"E00087302",0,0,0
"E00087303",7,2,5
"E00087304",4,1,3
"E00087305",1,0,1
"E00087306",9,3,6
"E00087307",7,3,4
"E00087308",6,4,2
"E00087309",6,2,4
"E00087310",1,1,0
"E00087311",4,1,3
"E00087312",2,1,1
"E00087313",0,0,0
"E00087314",0,0,0
"E00087315",6,4,2
"E00087316",2,1,1
"E00087317",1,0,1
"E00087318",7,3,4
"E00087319",2,1,1
"E00087320",1,1,0
"E00087321",7,3,4
"E00087322",4,2,2
"E00087323",6,2,4
"E00087324",0,0,0
"E00087325",2,1,1
"E00087326",0,0,0
"E00087327",0,0,0
"E00087328",8,3,5
"E00087329",0,0,0
"E00087330",6,6,0
"E00087331",5,4,1
"E00087332",5,2,3
"E00087333",4,3,1
"E00087334",3,3,0
"E00087335",8,3,5
"E00087336",5,2,3
"E00087337",7,4,3
"E00087338",4,4,0
"E00087339",10,7,3
"E00087340",5,4,1
"E00087342",9,4,5
"E00087343",3,3,0
"E00087344",4,1,3
"E00087345",3,2,1
"E00087346",2,2,0
"E00087347",0,0,0
"E00087348",2,0,2
"E00087349",9,4,5
"E00087350",9,5,4
"E00087351",6,5,1
"E00087352",14,6,8
"E00087353",5,3,2
"E00087354",10,3,7
"E00087355",7,4,3
"E00087356",4,0,4
"E00087357",4,0,4
"E00087358",5,2,3
"E00087359",4,2,2
"E00087360",7,3,4
"E00087361",7,2,5
"E00087362",3,0,3
"E00087363",2,1,1
"E00087364",8,4,4
"E00087365",5,2,3
"E00087366",3,2,1
"E00087367",9,5,4
"E00087368",5,1,4
"E00087369",3,1,2
"E00087370",1,1,0
"E00087371",5,4,1
"E00087372",4,1,3
"E00087373",2,0,2
"E00087374",1,1,0
"E00087375",2,1,1
"E00087376",5,3,2
"E00087377",1,1,0
"E00087378",0,0,0
"E00087379",0,0,0
"E00087380",6,4,2
"E00087381",0,0,0
"E00087382",5,4,1
"E00087383",1,0,1
"E00087384",3,0,3
"E00087385",8,5,3
"E00087387",1,0,1
"E00087388",8,5,3
"E00087389",2,0,2
"E00087390",4,2,2
"E00087391",2,0,2
"E00087392",7,6,1
"E00087393",1,0,1
"E00087394",5,3,2
"E00087395",5,3,2
"E00087396",3,2,1
"E00087397",2,2,0
"E00087398",1,0,1
"E00087399",4,0,4
"E00087400",3,3,0
"E00087401",3,1,2
"E00087402",6,4,2
"E00087403",3,3,0
"E00087404",1,0,1
"E00087405",3,3,0
"E00087406",1,1,0
"E00087407",3,1,2
"E00087408",1,1,0
"E00087409",4,3,1
"E00087410",0,0,0
"E00087411",7,1,6
"E00087412",9,4,5
"E00087413",3,3,0
"E00087414",0,0,0
"E00087415",3,2,1
"E00087416",1,0,1
"E00087417",2,1,1
"E00087418",3,2,1
"E00087419",3,2,1
"E00087420",2,1,1
"E00087421",2,1,1
"E00087422",5,3,2
"E00087423",4,1,3
"E00087424",0,0,0
"E00087425",1,0,1
"E00087426",3,2,1
"E00087427",5,0,5
"E00087428",1,1,0
"E00087429",6,4,2
"E00087430",2,2,0
"E00087431",1,0,1
"E00087432",6,2,4
"E00087433",3,3,0
"E00087434",8,1,7
"E00087435",2,2,0
"E00087436",2,2,0
"E00087437",4,1,3
"E00087438",5,3,2
"E00087439",3,3,0
"E00087440",4,2,2
"E00087441",2,2,0
"E00087442",0,0,0
"E00087443",2,1,1
"E00087444",1,0,1
"E00087445",4,1,3
"E00087446",4,2,2
"E00087447",1,0,1
"E00087448",3,2,1
"E00087449",4,1,3
"E00087450",3,1,2
"E00087451",2,1,1
"E00087452",3,1,2
"E00087453",6,4,2
"E00087454",8,3,5
"E00087455",3,0,3
"E00087456",1,0,1
"E00087457",0,0,0
"E00087458",3,2,1
"E00087459",4,1,3
"E00087460",1,1,0
"E00087461",3,1,2
"E00087462",4,2,2
"E00087463",6,4,2
"E00087464",6,3,3
"E00087465",4,1,3
"E00087466",0,0,0
"E00087467",0,0,0
"E00087468",2,0,2
"E00087469",0,0,0
"E00087470",1,0,1
"E00087471",2,0,2
"E00087472",2,2,0
"E00087473",4,3,1
"E00087474",5,2,3
"E00087475",2,1,1
"E00087476",4,0,4
"E00087477",3,2,1
"E00087478",3,1,2
"E00087479",2,1,1
"E00087480",1,1,0
"E00087481",3,2,1
"E00087482",5,2,3
"E00087483",3,2,1
"E00087484",3,1,2
"E00087485",1,1,0
"E00087486",3,2,1
"E00087487",2,2,0
"E00087488",6,4,2
"E00087489",6,3,3
"E00087490",5,1,4
"E00087491",2,2,0
"E00087492",0,0,0
"E00087493",4,3,1
"E00087494",3,1,2
"E00087495",1,1,0
"E00087496",0,0,0
"E00087497",0,0,0
"E00087498",5,1,4
"E00087499",0,0,0
"E00087500",0,0,0
"E00087501",1,1,0
"E00087502",2,1,1
"E00087503",2,1,1
"E00087504",3,1,2
"E00087505",6,1,5
"E00087506",0,0,0
"E00087507",1,0,1
"E00087508",2,1,1
"E00087509",3,2,1
"E00087510",2,1,1
"E00087511",3,1,2
"E00087512",1,0,1
"E00087513",3,1,2
"E00087514",4,1,3
"E00087515",3,1,2
"E00087516",3,0,3
"E00087517",7,3,4
"E00087518",18,8,10
"E00087519",3,1,2
"E00087520",3,1,2
"E00087521",0,0,0
"E00087522",0,0,0
"E00087523",1,0,1
"E00087524",3,1,2
"E00087526",1,1,0
"E00087527",2,1,1
"E00087528",3,2,1
"E00087529",0,0,0
"E00087530",1,0,1
"E00087531",5,4,1
"E00087532",1,0,1
"E00087533",0,0,0
"E00087534",1,1,0
"E00087535",6,5,1
"E00087537",1,1,0
"E00087538",2,1,1
"E00087539",5,5,0
"E00087541",8,3,5
"E00087543",5,1,4
"E00087544",3,1,2
"E00087545",5,3,2
"E00087546",1,1,0
"E00087547",2,1,1
"E00087548",2,1,1
"E00087549",1,1,0
"E00087550",5,2,3
"E00087551",1,1,0
"E00087552",2,0,2
"E00087553",0,0,0
"E00087554",0,0,0
"E00087555",1,1,0
"E00087556",0,0,0
"E00087557",4,2,2
"E00087558",4,2,2
"E00087559",1,1,0
"E00087560",4,1,3
"E00087561",6,4,2
"E00087562",3,2,1
"E00087563",0,0,0
"E00087564",9,5,4
"E00087565",5,5,0
"E00087566",9,4,5
"E00087567",8,2,6
"E00087568",2,2,0
"E00087569",0,0,0
"E00087570",1,1,0
"E00087571",2,2,0
"E00087572",2,0,2
"E00087573",3,1,2
"E00087574",7,4,3
"E00087575",4,3,1
"E00087576",5,4,1
"E00087577",0,0,0
"E00087578",11,6,5
"E00087579",3,0,3
"E00087580",1,1,0
"E00087581",5,3,2
"E00087582",1,0,1
"E00087583",6,3,3
"E00087584",3,1,2
"E00087585",7,2,5
"E00087586",0,0,0
"E00087587",2,2,0
"E00087588",4,0,4
"E00087589",2,2,0
"E00087590",1,1,0
"E00087591",8,5,3
"E00087592",0,0,0
"E00087593",3,2,1
"E00087594",2,2,0
"E00087595",0,0,0
"E00087596",2,2,0
"E00087597",5,3,2
"E00087599",0,0,0
"E00087600",1,0,1
"E00087601",1,1,0
"E00087602",1,1,0
"E00087603",2,2,0
"E00087604",2,1,1
"E00087605",0,0,0
"E00087606",7,3,4
"E00087607",1,1,0
"E00087608",1,0,1
"E00087609",0,0,0
"E00087610",2,1,1
"E00087611",1,0,1
"E00087612",0,0,0
"E00087613",5,2,3
"E00087614",3,1,2
"E00087615",6,4,2
"E00087616",4,2,2
"E00087617",5,4,1
"E00087618",0,0,0
"E00087619",5,2,3
"E00087620",3,0,3
"E00087621",5,2,3
"E00087622",1,0,1
"E00087623",7,3,4
"E00087624",6,3,3
"E00087625",3,1,2
"E00087626",0,0,0
"E00087627",1,1,0
"E00087628",10,5,5
"E00087629",4,2,2
"E00087630",4,3,1
"E00087631",1,0,1
"E00087632",1,1,0
"E00087633",3,2,1
"E00087634",3,1,2
"E00087635",3,1,2
"E00087636",3,0,3
"E00087637",3,3,0
"E00087638",6,5,1
"E00087639",5,3,2
"E00087640",7,2,5
"E00087641",3,1,2
"E00087642",9,5,4
"E00087643",1,0,1
"E00087644",4,1,3
"E00087645",3,2,1
"E00087646",4,1,3
"E00087647",1,1,0
"E00087648",10,3,7
"E00087649",2,2,0
"E00087650",7,6,1
"E00087651",3,2,1
"E00087652",4,3,1
"E00087653",5,3,2
"E00087654",6,3,3
"E00087655",7,5,2
"E00087656",4,3,1
"E00087657",1,1,0
"E00087658",3,2,1
"E00087659",10,5,5
"E00087660",4,2,2
"E00087661",4,2,2
"E00087662",8,4,4
"E00087663",2,0,2
"E00087664",1,0,1
"E00087665",1,1,0
"E00087666",3,2,1
"E00087667",1,0,1
"E00087668",2,2,0
"E00087669",5,3,2
"E00087670",4,2,2
"E00087671",1,1,0
"E00087672",0,0,0
"E00087673",2,2,0
"E00087674",5,3,2
"E00087675",4,3,1
"E00087676",2,0,2
"E00087677",6,2,4
"E00087678",6,5,1
"E00087679",2,0,2
"E00087680",2,1,1
"E00087681",0,0,0
"E00087682",0,0,0
"E00087683",1,0,1
"E00087684",4,2,2
"E00087685",3,2,1
"E00087686",6,3,3
"E00087687",1,1,0
"E00087688",1,1,0
"E00087689",4,3,1
"E00087690",3,1,2
"E00087691",1,1,0
"E00087692",4,1,3
"E00087693",0,0,0
"E00087694",2,1,1
"E00087695",1,1,0
"E00087696",3,2,1
"E00087697",1,1,0
"E00087698",6,4,2
"E00087699",6,1,5
"E00087700",1,0,1
"E00087701",2,2,0
"E00087702",2,0,2
"E00087703",1,0,1
"E00087704",6,3,3
"E00087705",0,0,0
"E00087706",2,0,2
"E00087707",2,1,1
"E00087708",4,3,1
"E00087709",1,0,1
"E00087710",1,0,1
"E00087711",1,0,1
"E00087712",9,2,7
"E00087713",7,4,3
"E00087714",3,2,1
"E00087715",1,0,1
"E00087716",0,0,0
"E00087717",5,2,3
"E00087718",7,1,6
"E00087719",4,3,1
"E00087720",1,1,0
"E00087721",0,0,0
"E00087722",4,4,0
"E00087723",3,1,2
"E00087724",3,1,2
"E00087725",5,2,3
"E00087726",0,0,0
"E00087727",1,0,1
"E00087728",0,0,0
"E00087729",2,1,1
"E00087730",3,1,2
"E00087731",5,2,3
"E00087732",5,1,4
"E00087733",2,2,0
"E00087734",1,1,0
"E00087735",7,4,3
"E00087736",11,6,5
"E00087737",12,6,6
"E00087738",5,3,2
"E00087739",7,2,5
"E00087740",1,1,0
"E00087741",5,1,4
"E00087742",5,3,2
"E00087743",3,1,2
"E00087744",10,4,6
"E00087745",1,0,1
"E00087746",10,6,4
"E00087747",7,1,6
"E00087748",10,4,6
"E00087749",2,0,2
"E00087750",15,6,9
"E00087751",3,1,2
"E00087752",8,4,4
"E00087753",12,6,6
"E00087754",10,6,4
"E00087755",1,0,1
"E00087756",0,0,0
"E00087757",2,1,1
"E00087758",7,3,4
"E00087759",4,1,3
"E00087760",1,1,0
"E00087761",5,0,5
"E00087762",1,0,1
"E00087763",3,1,2
"E00087764",3,2,1
"E00087765",5,5,0
"E00087767",2,0,2
"E00087768",6,2,4
"E00087769",1,1,0
"E00087770",0,0,0
"E00087771",0,0,0
"E00087772",3,3,0
"E00087773",5,3,2
"E00087774",7,3,4
"E00087775",8,4,4
"E00087776",8,3,5
"E00087777",10,1,9
"E00087778",4,2,2
"E00087779",5,4,1
"E00087780",7,3,4
"E00087781",4,1,3
"E00087782",0,0,0
"E00087783",5,3,2
"E00087784",6,2,4
"E00087785",4,2,2
"E00087786",3,1,2
"E00087787",2,2,0
"E00087788",4,0,4
"E00087789",4,3,1
"E00087790",0,0,0
"E00087791",1,0,1
"E00087792",5,3,2
"E00087793",2,1,1
"E00087794",3,2,1
"E00087795",1,0,1
"E00087796",2,0,2
"E00087797",2,1,1
"E00087798",4,3,1
"E00087799",0,0,0
"E00087800",2,2,0
"E00087801",2,1,1
"E00087802",1,1,0
"E00087803",1,0,1
"E00087804",0,0,0
"E00087805",1,0,1
"E00087806",1,0,1
"E00087807",0,0,0
"E00087808",4,0,4
"E00087809",5,2,3
"E00087810",2,2,0
"E00087811",6,2,4
"E00087812",2,1,1
"E00087813",4,1,3
"E00087814",7,3,4
"E00087815",1,0,1
"E00087816",2,1,1
"E00087817",0,0,0
"E00087818",3,2,1
"E00087819",3,2,1
"E00087820",0,0,0
"E00087821",0,0,0
"E00087822",11,8,3
"E00087823",10,4,6
"E00087824",2,1,1
"E00087825",2,0,2
"E00087826",2,2,0
"E00087827",7,3,4
"E00087828",10,7,3
"E00087829",0,0,0
"E00087830",5,4,1
"E00087831",4,1,3
"E00087832",13,7,6
"E00087833",0,0,0
"E00087834",5,1,4
"E00087835",3,3,0
"E00087836",11,8,3
"E00087837",10,7,3
"E00087838",3,0,3
"E00087839",1,1,0
"E00087840",11,5,6
"E00087841",8,5,3
"E00087842",5,1,4
"E00087843",7,3,4
"E00087844",8,2,6
"E00087845",11,3,8
"E00087846",7,4,3
"E00087847",5,3,2
"E00087848",7,1,6
"E00087849",0,0,0
"E00087850",2,0,2
"E00087851",8,3,5
"E00087852",8,5,3
"E00087853",5,3,2
"E00087854",2,1,1
"E00087855",2,2,0
"E00087856",4,2,2
"E00087857",14,9,5
"E00087859",13,9,4
"E00087860",0,0,0
"E00087862",5,5,0
"E00087863",4,2,2
"E00087864",3,1,2
"E00087865",5,1,4
"E00087866",12,5,7
"E00087867",9,5,4
"E00087868",7,5,2
"E00087869",6,4,2
"E00087870",9,5,4
"E00087871",4,3,1
"E00087872",2,2,0
"E00087873",7,4,3
"E00087874",4,2,2
"E00087875",3,2,1
"E00087876",8,2,6
"E00087877",3,1,2
"E00087878",1,1,0
"E00087879",0,0,0
"E00087880",6,4,2
"E00087881",7,3,4
"E00087882",3,1,2
"E00087883",4,1,3
"E00087884",10,7,3
"E00087885",2,1,1
"E00087886",9,5,4
"E00087887",0,0,0
"E00087888",21,13,8
"E00087889",5,1,4
"E00087890",16,10,6
"E00087891",3,1,2
"E00087892",6,4,2
"E00087893",4,1,3
"E00087894",6,4,2
"E00087895",10,5,5
"E00087896",6,3,3
"E00087897",6,3,3
"E00087898",9,5,4
"E00087899",10,4,6
"E00087900",1,0,1
"E00087901",2,1,1
"E00087902",16,6,10
"E00087903",4,2,2
"E00087904",4,3,1
"E00087905",11,7,4
"E00087906",4,1,3
"E00087907",1,1,0
"E00087908",9,2,7
"E00087909",4,3,1
"E00087910",2,2,0
"E00087911",1,0,1
"E00087912",5,1,4
"E00087913",13,7,6
"E00087914",10,6,4
"E00087915",4,2,2
"E00087916",6,5,1
"E00087917",11,6,5
"E00087918",6,4,2
"E00087919",5,2,3
"E00087920",11,4,7
"E00087921",10,7,3
"E00087922",7,2,5
"E00087923",6,5,1
"E00087924",5,3,2
"E00087925",5,4,1
"E00087926",2,0,2
"E00087927",6,1,5
"E00087928",5,2,3
"E00087929",6,2,4
"E00087930",7,4,3
"E00087931",1,1,0
"E00087932",3,1,2
"E00087933",8,3,5
"E00087934",14,5,9
"E00087935",0,0,0
"E00087936",6,3,3
"E00087937",1,1,0
"E00087938",1,0,1
"E00087939",7,3,4
"E00087940",5,2,3
"E00087941",9,2,7
"E00087942",3,2,1
"E00087943",3,1,2
"E00087944",7,5,2
"E00087945",0,0,0
"E00087946",5,1,4
"E00087947",3,2,1
"E00087948",3,1,2
"E00087949",3,2,1
"E00087950",7,3,4
"E00087951",0,0,0
"E00087952",2,0,2
"E00087953",4,0,4
"E00087954",3,0,3
"E00087955",9,5,4
"E00087956",7,5,2
"E00087957",1,0,1
"E00087958",2,2,0
"E00087959",3,0,3
"E00087960",0,0,0
"E00087962",2,1,1
"E00087963",1,1,0
"E00087964",0,0,0
"E00087965",5,3,2
"E00087966",2,1,1
"E00087967",10,3,7
"E00087968",5,4,1
"E00087969",6,4,2
"E00087970",6,4,2
"E00087971",9,3,6
"E00087972",6,2,4
"E00087973",5,3,2
"E00087974",8,3,5
"E00087975",0,0,0
"E00087976",11,4,7
"E00087977",9,1,8
"E00087978",14,5,9
"E00087979",7,3,4
"E00087980",5,3,2
"E00087981",5,2,3
"E00087982",15,8,7
"E00087983",3,2,1
"E00087984",6,3,3
"E00087985",1,0,1
"E00087986",1,0,1
"E00087987",0,0,0
"E00087988",7,2,5
"E00087989",5,1,4
"E00087990",6,5,1
"E00087991",5,2,3
"E00087992",5,3,2
"E00087993",3,1,2
"E00087994",2,1,1
"E00087995",6,5,1
"E00087996",12,5,7
"E00087997",7,3,4
"E00087998",4,0,4
"E00087999",2,1,1
"E00088000",7,4,3
"E00088001",7,1,6
"E00088002",3,1,2
"E00088003",3,3,0
"E00088004",2,1,1
"E00088005",7,5,2
"E00088006",3,2,1
"E00088007",6,3,3
"E00088008",6,1,5
"E00088009",3,3,0
"E00088010",6,2,4
"E00088011",1,0,1
"E00088012",2,1,1
"E00088013",6,3,3
"E00088014",4,3,1
"E00088015",8,4,4
"E00088016",3,1,2
"E00088017",5,3,2
"E00088018",4,1,3
"E00088019",3,1,2
"E00088020",1,0,1
"E00088021",4,1,3
"E00088022",9,5,4
"E00088023",7,4,3
"E00088024",5,2,3
"E00088025",2,0,2
"E00088026",4,0,4
"E00088027",3,1,2
"E00088028",0,0,0
"E00088029",1,1,0
"E00088030",1,1,0
"E00088031",5,2,3
"E00088032",6,1,5
"E00088033",1,1,0
"E00088034",4,4,0
"E00088035",0,0,0
"E00088036",0,0,0
"E00088037",5,2,3
"E00088038",4,0,4
"E00088039",3,3,0
"E00088040",2,1,1
"E00088041",6,3,3
"E00088042",7,5,2
"E00088043",4,2,2
"E00088044",3,2,1
"E00088045",5,0,5
"E00088046",2,2,0
"E00088047",2,1,1
"E00088048",2,0,2
"E00088049",3,1,2
"E00088050",4,4,0
"E00088051",3,2,1
"E00088052",1,0,1
"E00088054",15,9,6
"E00088055",9,2,7
"E00088056",6,4,2
"E00088057",6,3,3
"E00088058",4,2,2
"E00088059",7,3,4
"E00088060",3,2,1
"E00088061",7,5,2
"E00088062",7,3,4
"E00088063",8,3,5
"E00088064",4,2,2
"E00088065",1,1,0
"E00088066",4,2,2
"E00088067",7,2,5
"E00088068",4,3,1
"E00088069",3,3,0
"E00088070",3,1,2
"E00088071",1,1,0
"E00088072",3,1,2
"E00088073",8,4,4
"E00088074",4,3,1
"E00088076",1,1,0
"E00088077",4,2,2
"E00088078",7,4,3
"E00088079",1,0,1
"E00088080",7,5,2
"E00088081",5,3,2
"E00088082",5,1,4
"E00088083",1,0,1
"E00088084",6,2,4
"E00088086",1,0,1
"E00088087",1,0,1
"E00088088",2,0,2
"E00088089",0,0,0
"E00088090",9,3,6
"E00088091",15,9,6
"E00088092",8,3,5
"E00088093",8,3,5
"E00088094",10,4,6
"E00088095",2,1,1
"E00088096",2,2,0
"E00088097",0,0,0
"E00088098",5,5,0
"E00088099",4,1,3
"E00088100",1,0,1
"E00088101",0,0,0
"E00088102",5,2,3
"E00088103",6,1,5
"E00088104",1,1,0
"E00088105",3,1,2
"E00088107",6,5,1
"E00088108",0,0,0
"E00088109",3,2,1
"E00088110",2,2,0
"E00088111",7,3,4
"E00088112",2,1,1
"E00088114",6,4,2
"E00088115",4,2,2
"E00088116",5,1,4
"E00088117",4,0,4
"E00088118",7,3,4
"E00088119",5,3,2
"E00088120",5,4,1
"E00088121",8,3,5
"E00088122",1,1,0
"E00088123",13,8,5
"E00088124",1,1,0
"E00088125",15,7,8
"E00088126",6,5,1
"E00088127",7,4,3
"E00088128",17,8,9
"E00088129",3,2,1
"E00088130",7,3,4
"E00088131",5,3,2
"E00088132",1,0,1
"E00088133",0,0,0
"E00088134",6,2,4
"E00088135",4,1,3
"E00088136",0,0,0
"E00088137",14,7,7
"E00088138",9,5,4
"E00088139",8,7,1
"E00088140",4,2,2
"E00088141",0,0,0
"E00088142",13,8,5
"E00088143",13,8,5
"E00088144",6,3,3
"E00088145",13,4,9
"E00088146",2,2,0
"E00088147",3,1,2
"E00088148",11,5,6
"E00088149",5,2,3
"E00088150",9,2,7
"E00088151",0,0,0
"E00088152",6,4,2
"E00088153",14,9,5
"E00088154",4,2,2
"E00088155",3,1,2
"E00088156",1,1,0
"E00088157",0,0,0
"E00088158",5,2,3
"E00088159",3,0,3
"E00088161",9,8,1
"E00088162",23,10,13
"E00088163",22,16,6
"E00088164",9,5,4
"E00088165",22,9,13
"E00088166",13,5,8
"E00088167",17,9,8
"E00088168",5,1,4
"E00088169",4,3,1
"E00088171",15,3,12
"E00088172",5,2,3
"E00088173",20,9,11
"E00088174",5,2,3
"E00088175",11,6,5
"E00088176",4,3,1
"E00088177",6,4,2
"E00088178",10,5,5
"E00088179",0,0,0
"E00088181",4,4,0
"E00088182",7,1,6
"E00088183",12,7,5
"E00088184",4,3,1
"E00088185",12,5,7
"E00088186",7,3,4
"E00088187",8,4,4
"E00088188",11,7,4
"E00088189",1,0,1
"E00088190",7,3,4
"E00088191",16,11,5
"E00088192",6,3,3
"E00088193",3,1,2
"E00088194",0,0,0
"E00088195",7,4,3
"E00088196",5,3,2
"E00088197",3,1,2
"E00088198",5,4,1
"E00088199",1,0,1
"E00088201",3,2,1
"E00088202",10,6,4
"E00088203",0,0,0
"E00088204",5,2,3
"E00088205",3,2,1
"E00088206",1,1,0
"E00088207",3,1,2
"E00088208",4,1,3
"E00088209",2,2,0
"E00088210",0,0,0
"E00088211",2,1,1
"E00088212",1,0,1
"E00088213",2,2,0
"E00088214",8,4,4
"E00088215",11,6,5
"E00088216",8,6,2
"E00088217",4,2,2
"E00088218",1,1,0
"E00088219",2,1,1
"E00088220",3,1,2
"E00088221",17,2,15
"E00088222",6,5,1
"E00088223",2,0,2
"E00088225",0,0,0
"E00088226",4,2,2
"E00088227",6,5,1
"E00088228",3,3,0
"E00088229",0,0,0
"E00088230",2,1,1
"E00088231",4,1,3
"E00088232",4,2,2
"E00088233",2,1,1
"E00088234",1,0,1
"E00088235",0,0,0
"E00088236",0,0,0
"E00088237",4,2,2
"E00088238",0,0,0
"E00088239",1,1,0
"E00088240",3,0,3
"E00088242",1,0,1
"E00088243",3,0,3
"E00088244",5,0,5
"E00088245",2,0,2
"E00088246",0,0,0
"E00088247",0,0,0
"E00088248",1,0,1
"E00088249",6,2,4
"E00088250",10,4,6
"E00088252",1,0,1
"E00088253",11,5,6
"E00088254",4,3,1
"E00088255",2,0,2
"E00088256",4,3,1
"E00088257",2,0,2
"E00088258",1,1,0
"E00088259",0,0,0
"E00088260",0,0,0
"E00088261",5,2,3
"E00088262",6,2,4
"E00088263",3,1,2
"E00088264",18,7,11
"E00088265",7,5,2
"E00088266",10,5,5
"E00088267",3,1,2
"E00088268",11,6,5
"E00088269",1,1,0
"E00088270",10,5,5
"E00088271",7,3,4
"E00088272",2,1,1
"E00088273",11,6,5
"E00088274",7,2,5
"E00088275",0,0,0
"E00088276",5,2,3
"E00088277",5,2,3
"E00088278",6,4,2
"E00088279",2,0,2
"E00088280",2,1,1
"E00088281",11,6,5
"E00088282",6,4,2
"E00088283",15,12,3
"E00088285",15,8,7
"E00088286",6,3,3
"E00088287",3,1,2
"E00088288",1,1,0
"E00088289",1,1,0
"E00088290",0,0,0
"E00088291",8,3,5
"E00088292",2,1,1
"E00088293",3,1,2
"E00088294",1,1,0
"E00088295",1,1,0
"E00088296",2,1,1
"E00088297",1,0,1
"E00088298",10,4,6
"E00088299",0,0,0
"E00088300",0,0,0
"E00088301",0,0,0
"E00088302",2,2,0
"E00088303",3,1,2
"E00088304",2,1,1
"E00088305",4,3,1
"E00088306",2,0,2
"E00088307",0,0,0
"E00088308",0,0,0
"E00088309",8,4,4
"E00088310",5,1,4
"E00088311",4,3,1
"E00088312",2,1,1
"E00088313",4,1,3
"E00088314",5,2,3
"E00088315",9,3,6
"E00088316",2,0,2
"E00088317",4,4,0
"E00088318",2,0,2
"E00088319",0,0,0
"E00088320",5,4,1
"E00088321",2,2,0
"E00088322",4,2,2
"E00088324",6,2,4
"E00088325",3,0,3
"E00088326",6,2,4
"E00088327",9,6,3
"E00088328",1,0,1
"E00088329",7,5,2
"E00088330",3,0,3
"E00088331",1,1,0
"E00088332",4,1,3
"E00088333",4,0,4
"E00088334",6,3,3
"E00088336",7,2,5
"E00088337",8,6,2
"E00088338",3,1,2
"E00088340",7,4,3
"E00088341",11,7,4
"E00088342",0,0,0
"E00088343",3,1,2
"E00088344",4,0,4
"E00088345",0,0,0
"E00088346",1,0,1
"E00088347",2,1,1
"E00088348",1,1,0
"E00088349",0,0,0
"E00088350",0,0,0
"E00088351",1,1,0
"E00088352",1,1,0
"E00088353",7,5,2
"E00088354",6,4,2
"E00088355",0,0,0
"E00088356",7,4,3
"E00088357",0,0,0
"E00088358",3,2,1
"E00088359",5,3,2
"E00088360",2,1,1
"E00088361",8,3,5
"E00088362",5,4,1
"E00088363",9,6,3
"E00088364",1,1,0
"E00088365",0,0,0
"E00088366",3,2,1
"E00088367",3,1,2
"E00088368",5,2,3
"E00088369",1,1,0
"E00088370",0,0,0
"E00088371",6,4,2
"E00088372",0,0,0
"E00088373",4,1,3
"E00088374",6,4,2
"E00088375",4,3,1
"E00088376",7,3,4
"E00088377",15,8,7
"E00088378",6,4,2
"E00088379",5,2,3
"E00088380",3,1,2
"E00088381",5,2,3
"E00088382",2,2,0
"E00088383",4,3,1
"E00088384",4,2,2
"E00088385",8,1,7
"E00088386",3,0,3
"E00088387",0,0,0
"E00088388",6,4,2
"E00088389",5,1,4
"E00088390",4,1,3
"E00088391",3,3,0
"E00088392",1,0,1
"E00088393",0,0,0
"E00088394",4,1,3
"E00088395",4,3,1
"E00088396",3,0,3
"E00088397",0,0,0
"E00088398",2,0,2
"E00088399",3,2,1
"E00088400",7,2,5
"E00088401",6,3,3
"E00088402",4,0,4
"E00088403",5,3,2
"E00088404",5,4,1
"E00088405",3,3,0
"E00088406",6,4,2
"E00088407",9,5,4
"E00088408",2,1,1
"E00088409",1,1,0
"E00088410",4,2,2
"E00088411",7,5,2
"E00088412",2,1,1
"E00088413",0,0,0
"E00088414",3,2,1
"E00088415",1,0,1
"E00088416",5,1,4
"E00088417",2,1,1
"E00088418",10,2,8
"E00088419",5,3,2
"E00088420",4,2,2
"E00088421",2,2,0
"E00088422",0,0,0
"E00088423",2,1,1
"E00088424",1,1,0
"E00088425",3,3,0
"E00088426",0,0,0
"E00088427",6,2,4
"E00088428",4,3,1
"E00088429",6,4,2
"E00088430",3,2,1
"E00088431",9,4,5
"E00088432",3,2,1
"E00088433",4,3,1
"E00088434",6,4,2
"E00088435",5,2,3
"E00088436",3,1,2
"E00088437",1,0,1
"E00088438",2,1,1
"E00088439",0,0,0
"E00088440",0,0,0
"E00088441",4,1,3
"E00088442",0,0,0
"E00088443",0,0,0
"E00088444",0,0,0
"E00088445",1,0,1
"E00088446",1,0,1
"E00088447",1,0,1
"E00088448",1,0,1
"E00088449",3,1,2
"E00088450",1,1,0
"E00088451",2,2,0
"E00088452",3,0,3
"E00088453",2,1,1
"E00088454",4,1,3
"E00088455",0,0,0
"E00088456",2,2,0
"E00088457",4,1,3
"E00088458",4,3,1
"E00088459",2,2,0
"E00088460",1,1,0
"E00088461",2,2,0
"E00088462",0,0,0
"E00088463",4,0,4
"E00088464",4,2,2
"E00088465",2,0,2
"E00088466",3,1,2
"E00088467",1,1,0
"E00088468",1,1,0
"E00088469",3,3,0
"E00088470",2,1,1
"E00088471",1,1,0
"E00088472",2,1,1
"E00088473",6,0,6
"E00088474",4,3,1
"E00088475",3,1,2
"E00088476",0,0,0
"E00088477",4,1,3
"E00088478",1,1,0
"E00088479",2,0,2
"E00088480",3,1,2
"E00088481",6,3,3
"E00088482",1,1,0
"E00088483",7,4,3
"E00088484",5,5,0
"E00088485",7,6,1
"E00088486",9,6,3
"E00088487",7,2,5
"E00088488",7,3,4
"E00088489",5,3,2
"E00088490",4,1,3
"E00088491",10,4,6
"E00088492",11,6,5
"E00088493",4,3,1
"E00088494",7,3,4
"E00088495",8,4,4
"E00088496",8,1,7
"E00088497",12,7,5
"E00088498",7,5,2
"E00088499",5,4,1
"E00088500",8,3,5
"E00088501",1,0,1
"E00088502",2,1,1
"E00088503",2,1,1
"E00088504",5,2,3
"E00088505",9,3,6
"E00088506",3,3,0
"E00088507",2,0,2
"E00088508",5,3,2
"E00088509",4,2,2
"E00088510",1,1,0
"E00088511",4,4,0
"E00088512",14,6,8
"E00088513",1,0,1
"E00088514",9,6,3
"E00088515",3,3,0
"E00088516",0,0,0
"E00088517",4,1,3
"E00088518",5,1,4
"E00088519",0,0,0
"E00088520",9,7,2
"E00088521",4,2,2
"E00088522",5,0,5
"E00088523",8,4,4
"E00088524",6,2,4
"E00088526",0,0,0
"E00088527",5,5,0
"E00088528",2,1,1
"E00088529",9,4,5
"E00088531",3,0,3
"E00088532",7,5,2
"E00088533",5,2,3
"E00088534",5,3,2
"E00088535",6,3,3
"E00088536",1,1,0
"E00088537",2,0,2
"E00088538",7,1,6
"E00088539",16,9,7
"E00088540",12,7,5
"E00088541",1,0,1
"E00088542",5,3,2
"E00088543",9,6,3
"E00088544",15,9,6
"E00088545",6,3,3
"E00088546",10,6,4
"E00088547",7,3,4
"E00088548",11,7,4
"E00088549",9,4,5
"E00088550",5,1,4
"E00088551",10,4,6
"E00088552",10,7,3
"E00088553",2,1,1
"E00088554",17,9,8
"E00088555",2,1,1
"E00088556",6,5,1
"E00088557",8,4,4
"E00088558",8,5,3
"E00088559",8,3,5
"E00088560",10,2,8
"E00088561",5,4,1
"E00088562",16,6,10
"E00088563",8,5,3
"E00088564",7,4,3
"E00088565",20,14,6
"E00088567",9,7,2
"E00088568",0,0,0
"E00088569",11,5,6
"E00088570",7,3,4
"E00088571",5,4,1
"E00088572",4,2,2
"E00088573",12,6,6
"E00088574",9,5,4
"E00088575",11,6,5
"E00088576",14,7,7
"E00088577",3,0,3
"E00088578",8,4,4
"E00088579",1,1,0
"E00088580",9,5,4
"E00088581",2,1,1
"E00088582",2,1,1
"E00088584",9,6,3
"E00088585",2,1,1
"E00088587",5,3,2
"E00088588",5,1,4
"E00088589",0,0,0
"E00088590",1,0,1
"E00088591",0,0,0
"E00088594",1,1,0
"E00088595",3,0,3
"E00088596",0,0,0
"E00088597",3,0,3
"E00088598",6,3,3
"E00088599",9,2,7
"E00088600",8,5,3
"E00088601",6,2,4
"E00088602",7,3,4
"E00088603",11,7,4
"E00088604",3,1,2
"E00088605",3,3,0
"E00088606",3,2,1
"E00088607",3,1,2
"E00088608",2,0,2
"E00088609",4,1,3
"E00088610",1,0,1
"E00088611",3,2,1
"E00088612",2,1,1
"E00088613",5,2,3
"E00088614",0,0,0
"E00088615",0,0,0
"E00088616",12,10,2
"E00088617",0,0,0
"E00088618",7,3,4
"E00088619",1,1,0
"E00088620",1,0,1
"E00088621",2,1,1
"E00088622",2,0,2
"E00088623",6,3,3
"E00088624",3,2,1
"E00088625",1,1,0
"E00088626",5,4,1
"E00088627",8,3,5
"E00088628",5,1,4
"E00088629",6,2,4
"E00088630",8,4,4
"E00088631",4,0,4
"E00088632",10,8,2
"E00088633",6,2,4
"E00088634",4,2,2
"E00088635",15,8,7
"E00088636",7,5,2
"E00088637",11,6,5
"E00088638",13,8,5
"E00088639",2,1,1
"E00088640",4,3,1
"E00088641",6,2,4
"E00088642",7,3,4
"E00088643",8,4,4
"E00088644",1,0,1
"E00088645",5,3,2
"E00088646",5,2,3
"E00088647",1,0,1
"E00088648",0,0,0
"E00088649",4,3,1
"E00088650",7,6,1
"E00088651",5,1,4
"E00088652",5,3,2
"E00088653",5,4,1
"E00088654",2,2,0
"E00088655",7,5,2
"E00088656",1,1,0
"E00088657",2,1,1
"E00088658",7,5,2
"E00088659",4,1,3
"E00088660",6,3,3
"E00088661",2,1,1
"E00088662",8,5,3
"E00088663",5,2,3
"E00088664",5,0,5
"E00088665",6,2,4
"E00088666",8,5,3
"E00088667",5,3,2
"E00088668",4,2,2
"E00088669",7,5,2
"E00088670",8,5,3
"E00088671",10,4,6
"E00088672",7,4,3
"E00088673",4,1,3
"E00088674",2,2,0
"E00088675",5,1,4
"E00088676",4,3,1
"E00088677",5,4,1
"E00088678",7,1,6
"E00088679",6,1,5
"E00088680",3,1,2
"E00088681",0,0,0
"E00088682",3,1,2
"E00088683",0,0,0
"E00088684",1,0,1
"E00088686",1,0,1
"E00088687",4,1,3
"E00088688",4,4,0
"E00088689",1,0,1
"E00088690",2,0,2
"E00088691",0,0,0
"E00088692",1,0,1
"E00088693",3,1,2
"E00088694",6,2,4
"E00088695",3,2,1
"E00088696",11,3,8
"E00088697",2,0,2
"E00088698",2,0,2
"E00088699",3,1,2
"E00088700",4,2,2
"E00088701",1,0,1
"E00088702",9,8,1
"E00088704",6,2,4
"E00088705",3,3,0
"E00088706",5,2,3
"E00088707",3,2,1
"E00088708",7,4,3
"E00088709",7,6,1
"E00088710",2,1,1
"E00088711",7,1,6
"E00088712",5,2,3
"E00088713",2,0,2
"E00088714",1,1,0
"E00088715",4,1,3
"E00088717",4,2,2
"E00088718",9,4,5
"E00088719",1,1,0
"E00088720",3,1,2
"E00088721",6,3,3
"E00088722",2,1,1
"E00088723",9,3,6
"E00088724",3,1,2
"E00088725",6,2,4
"E00088726",4,1,3
"E00088727",2,1,1
"E00088728",1,0,1
"E00088729",6,3,3
"E00088730",6,3,3
"E00088731",2,1,1
"E00088732",0,0,0
"E00088733",0,0,0
"E00088734",1,0,1
"E00088735",4,2,2
"E00088736",7,5,2
"E00088737",0,0,0
"E00088738",4,2,2
"E00088739",4,3,1
"E00088740",3,2,1
"E00088741",2,1,1
"E00088742",2,2,0
"E00088743",1,1,0
"E00088744",5,2,3
"E00088745",2,0,2
"E00088746",2,2,0
"E00088747",1,1,0
"E00088748",2,0,2
"E00088749",0,0,0
"E00088750",1,0,1
"E00088751",4,2,2
"E00088752",0,0,0
"E00088753",3,1,2
"E00088754",13,6,7
"E00088755",8,4,4
"E00088756",6,5,1
"E00088757",11,7,4
"E00088758",4,1,3
"E00088759",5,2,3
"E00088760",4,3,1
"E00088761",10,5,5
"E00088762",4,3,1
"E00088763",12,7,5
"E00088764",3,2,1
"E00088765",2,1,1
"E00088766",3,1,2
"E00088767",3,2,1
"E00088768",6,6,0
"E00088769",4,3,1
"E00088770",7,4,3
"E00088771",4,2,2
"E00088772",2,1,1
"E00088773",1,0,1
"E00088774",9,3,6
"E00088775",12,7,5
"E00088776",16,11,5
"E00088777",3,1,2
"E00088778",3,1,2
"E00088779",4,3,1
"E00088780",1,1,0
"E00088781",7,6,1
"E00088782",0,0,0
"E00088783",0,0,0
"E00088784",12,6,6
"E00088785",9,5,4
"E00088786",9,7,2
"E00088787",11,5,6
"E00088788",1,1,0
"E00088789",1,0,1
"E00088790",6,4,2
"E00088791",0,0,0
"E00088792",2,2,0
"E00088793",10,7,3
"E00088794",4,2,2
"E00088795",3,1,2
"E00088796",4,2,2
"E00088797",3,2,1
"E00088798",2,1,1
"E00088799",7,3,4
"E00088800",2,0,2
"E00088801",2,0,2
"E00088802",6,1,5
"E00088803",5,2,3
"E00088804",1,0,1
"E00088805",0,0,0
"E00088806",7,1,6
"E00088807",8,6,2
"E00088808",1,1,0
"E00088809",1,1,0
"E00088810",1,0,1
"E00088811",1,0,1
"E00088812",3,2,1
"E00088813",2,0,2
"E00088814",0,0,0
"E00088815",0,0,0
"E00088816",2,0,2
"E00088817",3,2,1
"E00088818",1,1,0
"E00088819",1,1,0
"E00088820",3,1,2
"E00088821",1,0,1
"E00088822",0,0,0
"E00088823",2,1,1
"E00088824",5,4,1
"E00088825",1,0,1
"E00088827",8,4,4
"E00088828",8,1,7
"E00088829",1,0,1
"E00088830",0,0,0
"E00088831",1,0,1
"E00088832",1,1,0
"E00088833",0,0,0
"E00088834",2,2,0
"E00088835",1,1,0
"E00088836",4,3,1
"E00088837",0,0,0
"E00088838",0,0,0
"E00088839",1,1,0
"E00088840",1,0,1
"E00088841",1,0,1
"E00088842",2,1,1
"E00088843",0,0,0
"E00088844",1,0,1
"E00088845",4,2,2
"E00088846",3,2,1
"E00088847",0,0,0
"E00088848",3,0,3
"E00088849",0,0,0
"E00088850",4,4,0
"E00088851",4,2,2
"E00088852",2,1,1
"E00088853",3,1,2
"E00088854",6,4,2
"E00088855",8,3,5
"E00088856",5,3,2
"E00088857",3,3,0
"E00088858",3,2,1
"E00088859",1,0,1
"E00088860",4,4,0
"E00088861",4,3,1
"E00088862",4,1,3
"E00088863",5,2,3
"E00088864",2,0,2
"E00088865",3,1,2
"E00088866",2,2,0
"E00088867",7,2,5
"E00088868",0,0,0
"E00088869",2,2,0
"E00088870",0,0,0
"E00088871",12,8,4
"E00088872",12,3,9
"E00088873",6,0,6
"E00088874",6,2,4
"E00088875",2,0,2
"E00088876",2,1,1
"E00088877",2,1,1
"E00088878",2,2,0
"E00088879",2,1,1
"E00088880",10,5,5
"E00088881",3,3,0
"E00088882",2,0,2
"E00088883",2,1,1
"E00088884",7,2,5
"E00088885",6,2,4
"E00088886",8,2,6
"E00088887",8,2,6
"E00088888",8,3,5
"E00088889",7,7,0
"E00088890",2,0,2
"E00088891",8,4,4
"E00088892",9,5,4
"E00088893",9,4,5
"E00088894",4,2,2
"E00088895",15,11,4
"E00088896",5,2,3
"E00088897",2,0,2
"E00088898",4,4,0
"E00088899",15,10,5
"E00088900",7,3,4
"E00088901",8,5,3
"E00088902",5,3,2
"E00088903",10,7,3
"E00088904",8,3,5
"E00088905",1,1,0
"E00088906",4,2,2
"E00088907",6,3,3
"E00088908",16,6,10
"E00088909",5,2,3
"E00088910",4,1,3
"E00088911",7,6,1
"E00088912",8,7,1
"E00088913",4,1,3
"E00088914",0,0,0
"E00088915",6,2,4
"E00088916",8,3,5
"E00088917",8,3,5
"E00088918",5,2,3
"E00088919",5,3,2
"E00088920",3,1,2
"E00088921",6,5,1
"E00088922",2,1,1
"E00088923",0,0,0
"E00088924",1,1,0
"E00088925",3,1,2
"E00088926",2,2,0
"E00088927",4,1,3
"E00088928",3,1,2
"E00088929",4,2,2
"E00088930",4,2,2
"E00088931",3,1,2
"E00088932",0,0,0
"E00088933",0,0,0
"E00088934",5,2,3
"E00088935",6,2,4
"E00088936",3,1,2
"E00088937",5,1,4
"E00088938",2,1,1
"E00088939",5,3,2
"E00088940",6,0,6
"E00088941",7,3,4
"E00088942",1,0,1
"E00088943",2,0,2
"E00088944",13,2,11
"E00088945",11,6,5
"E00088946",5,1,4
"E00088947",9,4,5
"E00088948",8,4,4
"E00088949",3,2,1
"E00088950",3,2,1
"E00088951",9,5,4
"E00088952",3,0,3
"E00088953",3,1,2
"E00088954",2,0,2
"E00088955",10,5,5
"E00088956",9,3,6
"E00088957",3,0,3
"E00088958",13,7,6
"E00088960",9,5,4
"E00088961",6,4,2
"E00088962",1,0,1
"E00088963",8,5,3
"E00088964",1,0,1
"E00088965",6,5,1
"E00088966",11,6,5
"E00088967",1,1,0
"E00088968",1,1,0
"E00088969",4,2,2
"E00088970",6,2,4
"E00088971",3,2,1
"E00088972",0,0,0
"E00088973",1,0,1
"E00088974",14,10,4
"E00088975",3,2,1
"E00088976",7,4,3
"E00088977",4,0,4
"E00088978",7,2,5
"E00088979",8,4,4
"E00088980",14,9,5
"E00088981",6,1,5
"E00088982",0,0,0
"E00088983",8,2,6
"E00088984",15,6,9
"E00088985",6,4,2
"E00088986",4,2,2
"E00088987",17,7,10
"E00088988",6,3,3
"E00088989",15,10,5
"E00088990",10,7,3
"E00088991",7,4,3
"E00088992",8,5,3
"E00088993",2,1,1
"E00088994",5,2,3
"E00088995",13,7,6
"E00088996",8,6,2
"E00088997",8,1,7
"E00088998",5,3,2
"E00088999",10,5,5
"E00089000",4,3,1
"E00089001",14,6,8
"E00089002",2,1,1
"E00089004",1,1,0
"E00089005",3,2,1
"E00089006",7,2,5
"E00089007",2,2,0
"E00089008",2,2,0
"E00089009",6,4,2
"E00089011",1,1,0
"E00089013",6,6,0
"E00089014",13,10,3
"E00089015",4,2,2
"E00089016",7,2,5
"E00089017",4,4,0
"E00089018",2,1,1
"E00089019",5,5,0
"E00089020",0,0,0
"E00089021",4,1,3
"E00089022",6,2,4
"E00089023",4,1,3
"E00089024",11,2,9
"E00089025",8,2,6
"E00089026",9,6,3
"E00089027",8,5,3
"E00089028",12,5,7
"E00089029",1,0,1
"E00089030",8,5,3
"E00089031",2,1,1
"E00089032",14,10,4
"E00089033",12,7,5
"E00089034",3,2,1
"E00089035",8,6,2
"E00089036",11,4,7
"E00089037",9,2,7
"E00089038",4,2,2
"E00089039",6,2,4
"E00089040",1,0,1
"E00089041",1,0,1
"E00089042",8,5,3
"E00089043",5,1,4
"E00089044",8,4,4
"E00089045",3,2,1
"E00089046",3,2,1
"E00089047",5,3,2
"E00089048",4,3,1
"E00089049",4,2,2
"E00089050",6,2,4
"E00089051",8,3,5
"E00089052",11,5,6
"E00089053",8,4,4
"E00089054",11,6,5
"E00089055",8,6,2
"E00089056",1,1,0
"E00089057",5,3,2
"E00089058",9,4,5
"E00089059",10,6,4
"E00089060",8,3,5
"E00089061",4,1,3
"E00089062",10,5,5
"E00089063",6,1,5
"E00089064",13,6,7
"E00089065",7,5,2
"E00089066",5,2,3
"E00089067",10,6,4
"E00089068",3,2,1
"E00089069",3,1,2
"E00089070",8,1,7
"E00089071",3,1,2
"E00089072",2,1,1
"E00089073",2,0,2
"E00089074",6,5,1
"E00089075",2,1,1
"E00089076",9,4,5
"E00089077",8,4,4
"E00089078",5,1,4
"E00089079",3,3,0
"E00089080",7,3,4
"E00089081",12,7,5
"E00089082",0,0,0
"E00089084",8,6,2
"E00089085",4,3,1
"E00089086",9,5,4
"E00089087",10,4,6
"E00089088",13,6,7
"E00089089",6,3,3
"E00089090",7,3,4
"E00089091",9,5,4
"E00089092",7,5,2
"E00089093",12,7,5
"E00089094",4,2,2
"E00089095",5,1,4
"E00089096",1,0,1
"E00089097",2,0,2
"E00089098",7,4,3
"E00089099",6,3,3
"E00089100",9,4,5
"E00089101",11,5,6
"E00089102",12,3,9
"E00089103",4,3,1
"E00089104",3,2,1
"E00089105",0,0,0
"E00089106",4,2,2
"E00089107",1,0,1
"E00089108",2,2,0
"E00089109",2,2,0
"E00089110",4,0,4
"E00089111",0,0,0
"E00089112",5,4,1
"E00089113",4,1,3
"E00089114",0,0,0
"E00089115",4,3,1
"E00089116",1,0,1
"E00089117",5,3,2
"E00089118",2,0,2
"E00089119",0,0,0
"E00089120",0,0,0
"E00089121",4,3,1
"E00089122",0,0,0
"E00089124",5,2,3
"E00089125",2,1,1
"E00089126",10,7,3
"E00089127",11,9,2
"E00089128",7,3,4
"E00089129",12,8,4
"E00089130",7,3,4
"E00089131",6,4,2
"E00089132",4,3,1
"E00089133",9,3,6
"E00089134",5,3,2
"E00089135",12,5,7
"E00089136",2,1,1
"E00089137",3,1,2
"E00089138",2,1,1
"E00089139",3,2,1
"E00089140",1,0,1
"E00089141",1,0,1
"E00089142",0,0,0
"E00089143",0,0,0
"E00089144",4,1,3
"E00089145",6,2,4
"E00089146",6,3,3
"E00089147",3,3,0
"E00089148",0,0,0
"E00089149",2,1,1
"E00089150",4,2,2
"E00089151",4,4,0
"E00089152",0,0,0
"E00089153",5,4,1
"E00089154",1,1,0
"E00089155",3,0,3
"E00089156",5,4,1
"E00089157",2,1,1
"E00089158",10,3,7
"E00089159",4,2,2
"E00089160",0,0,0
"E00089161",1,1,0
"E00089162",4,1,3
"E00089163",3,0,3
"E00089164",1,1,0
"E00089165",6,2,4
"E00089166",0,0,0
"E00089167",4,1,3
"E00089168",5,2,3
"E00089169",4,0,4
"E00089170",2,2,0
"E00089171",2,0,2
"E00089172",5,3,2
"E00089173",1,0,1
"E00089174",3,2,1
"E00089175",1,0,1
"E00089176",0,0,0
"E00089177",4,2,2
"E00089178",3,2,1
"E00089179",1,0,1
"E00089180",2,2,0
"E00089181",3,1,2
"E00089182",0,0,0
"E00089183",3,1,2
"E00089184",1,0,1
"E00089185",15,7,8
"E00089186",7,3,4
"E00089187",7,4,3
"E00089188",9,5,4
"E00089189",1,0,1
"E00089190",16,12,4
"E00089191",4,1,3
"E00089192",6,2,4
"E00089193",12,9,3
"E00089194",2,1,1
"E00089195",21,10,11
"E00089196",6,3,3
"E00089197",4,2,2
"E00089198",17,7,10
"E00089199",13,4,9
"E00089200",23,15,8
"E00089201",7,2,5
"E00089202",14,5,9
"E00089203",13,5,8
"E00089204",8,3,5
"E00089205",5,1,4
"E00089207",11,5,6
"E00089208",4,0,4
"E00089209",17,6,11
"E00089210",7,1,6
"E00089211",11,5,6
"E00089212",8,5,3
"E00089213",5,4,1
"E00089214",10,5,5
"E00089215",10,4,6
"E00089216",1,0,1
"E00089217",7,3,4
"E00089218",10,4,6
"E00089219",7,4,3
"E00089220",1,1,0
"E00089221",1,0,1
"E00089222",11,4,7
"E00089223",5,4,1
"E00089224",6,3,3
"E00089225",0,0,0
"E00089226",8,6,2
"E00089227",6,3,3
"E00089228",7,5,2
"E00089229",10,6,4
"E00089230",7,3,4
"E00089231",1,0,1
"E00089232",8,4,4
"E00089233",15,7,8
"E00089234",11,7,4
"E00089235",8,4,4
"E00089236",7,5,2
"E00089237",2,1,1
"E00089238",7,5,2
"E00089239",16,10,6
"E00089240",7,3,4
"E00089241",6,2,4
"E00089242",5,4,1
"E00089243",9,5,4
"E00089244",9,4,5
"E00089245",8,3,5
"E00089246",6,1,5
"E00089247",10,8,2
"E00089248",9,6,3
"E00089249",8,3,5
"E00089250",10,7,3
"E00089251",2,0,2
"E00089252",8,2,6
"E00089253",3,0,3
"E00089254",2,1,1
"E00089255",15,8,7
"E00089256",7,3,4
"E00089257",5,2,3
"E00089258",6,3,3
"E00089259",6,2,4
"E00089260",3,2,1
"E00089261",11,5,6
"E00089262",3,1,2
"E00089263",9,5,4
"E00089264",1,1,0
"E00089265",8,3,5
"E00089266",12,6,6
"E00089269",5,3,2
"E00089270",5,1,4
"E00089271",9,4,5
"E00089272",13,8,5
"E00089273",1,1,0
"E00089274",7,5,2
"E00089275",4,1,3
"E00089276",5,2,3
"E00089277",1,0,1
"E00089278",0,0,0
"E00089279",2,0,2
"E00089280",4,2,2
"E00089281",0,0,0
"E00089282",10,5,5
"E00089283",6,4,2
"E00089284",2,2,0
"E00089285",6,3,3
"E00089286",3,2,1
"E00089287",6,2,4
"E00089288",4,2,2
"E00089289",1,0,1
"E00089291",2,2,0
"E00089293",4,2,2
"E00089294",3,1,2
"E00089296",2,1,1
"E00089297",5,1,4
"E00089298",14,6,8
"E00089299",7,3,4
"E00089300",3,1,2
"E00089301",11,7,4
"E00089302",3,2,1
"E00089303",7,1,6
"E00089304",8,6,2
"E00089305",4,2,2
"E00089306",4,2,2
"E00089307",9,3,6
"E00089308",10,5,5
"E00089309",12,3,9
"E00089310",2,1,1
"E00089311",0,0,0
"E00089312",0,0,0
"E00089313",3,1,2
"E00089314",4,3,1
"E00089315",5,2,3
"E00089316",2,0,2
"E00089317",10,5,5
"E00089318",0,0,0
"E00089319",11,6,5
"E00089320",2,2,0
"E00089321",3,0,3
"E00089322",4,3,1
"E00089323",0,0,0
"E00089324",1,0,1
"E00089325",0,0,0
"E00089326",4,3,1
"E00089328",5,3,2
"E00089329",7,4,3
"E00089330",6,2,4
"E00089331",4,2,2
"E00089333",5,5,0
"E00089334",8,3,5
"E00089335",4,3,1
"E00089336",4,4,0
"E00089337",7,6,1
"E00089339",18,11,7
"E00089340",15,7,8
"E00089341",22,8,14
"E00089342",6,4,2
"E00089343",11,4,7
"E00089344",11,8,3
"E00089345",6,3,3
"E00089346",3,3,0
"E00089347",2,2,0
"E00089348",2,2,0
"E00089349",1,1,0
"E00089350",2,1,1
"E00089351",3,1,2
"E00089352",0,0,0
"E00089353",1,0,1
"E00089354",3,3,0
"E00089355",5,3,2
"E00089356",7,3,4
"E00089357",9,3,6
"E00089358",10,7,3
"E00089359",2,0,2
"E00089360",1,0,1
"E00089361",5,2,3
"E00089362",2,2,0
"E00089363",7,3,4
"E00089364",8,6,2
"E00089365",5,4,1
"E00089367",1,1,0
"E00089368",1,1,0
"E00089369",1,1,0
"E00089370",7,6,1
"E00089371",4,1,3
"E00089372",6,4,2
"E00089373",7,4,3
"E00089374",2,2,0
"E00089375",5,1,4
"E00089376",8,3,5
"E00089377",2,1,1
"E00089378",4,4,0
"E00089379",0,0,0
"E00089380",17,8,9
"E00089381",8,4,4
"E00089382",5,2,3
"E00089383",5,3,2
"E00089384",20,13,7
"E00089385",2,1,1
"E00089386",1,0,1
"E00089387",4,1,3
"E00089388",0,0,0
"E00089389",9,4,5
"E00089390",15,7,8
"E00089391",1,0,1
"E00089392",6,3,3
"E00089393",5,2,3
"E00089394",11,4,7
"E00089395",16,9,7
"E00089396",4,2,2
"E00089397",20,10,10
"E00089398",16,10,6
"E00089399",8,3,5
"E00089400",5,3,2
"E00089401",13,7,6
"E00089402",6,4,2
"E00089403",11,7,4
"E00089404",5,2,3
"E00089405",5,1,4
"E00089406",13,6,7
"E00089407",7,4,3
"E00089408",6,4,2
"E00089409",11,4,7
"E00089410",13,9,4
"E00089411",15,10,5
"E00089412",6,5,1
"E00089415",14,9,5
"E00089416",8,3,5
"E00089417",4,0,4
"E00089418",3,2,1
"E00089419",9,3,6
"E00089420",7,7,0
"E00089421",0,0,0
"E00089422",2,1,1
"E00089423",0,0,0
"E00089424",1,0,1
"E00089425",2,1,1
"E00089426",4,2,2
"E00089427",0,0,0
"E00089428",5,1,4
"E00089429",1,0,1
"E00089430",3,1,2
"E00089431",5,2,3
"E00089432",1,0,1
"E00089433",3,2,1
"E00089434",5,2,3
"E00089435",0,0,0
"E00089436",6,4,2
"E00089437",2,2,0
"E00089438",6,1,5
"E00089439",4,3,1
"E00089440",7,3,4
"E00089442",6,2,4
"E00089443",10,5,5
"E00089444",7,4,3
"E00089445",25,15,10
"E00089446",19,8,11
"E00089447",9,3,6
"E00089448",6,3,3
"E00089449",12,5,7
"E00089450",2,1,1
"E00089451",6,4,2
"E00089453",3,1,2
"E00089454",9,5,4
"E00089455",7,3,4
"E00089456",1,1,0
"E00089457",8,6,2
"E00089458",3,1,2
"E00089459",0,0,0
"E00089460",5,1,4
"E00089461",0,0,0
"E00089462",1,1,0
"E00089463",4,1,3
"E00089464",8,6,2
"E00089465",1,0,1
"E00089466",12,6,6
"E00089467",4,3,1
"E00089468",5,1,4
"E00089469",9,5,4
"E00089470",10,6,4
"E00089471",4,1,3
"E00089472",2,1,1
"E00089473",0,0,0
"E00089474",11,5,6
"E00089475",1,0,1
"E00089476",5,3,2
"E00089477",3,0,3
"E00089478",11,6,5
"E00089479",10,6,4
"E00089480",7,3,4
"E00089481",12,3,9
"E00089482",9,5,4
"E00089483",1,0,1
"E00089484",6,4,2
"E00089485",8,4,4
"E00089486",6,0,6
"E00089487",7,4,3
"E00089488",13,6,7
"E00089489",14,5,9
"E00089490",1,1,0
"E00089491",4,2,2
"E00089492",9,3,6
"E00089493",2,2,0
"E00089494",10,6,4
"E00089495",7,1,6
"E00089496",18,11,7
"E00089497",2,1,1
"E00089498",1,0,1
"E00089499",8,4,4
"E00089500",6,5,1
"E00089501",4,1,3
"E00089502",3,1,2
"E00089503",5,3,2
"E00089504",8,4,4
"E00089505",7,5,2
"E00089506",4,0,4
"E00089507",8,1,7
"E00089508",8,8,0
"E00089509",12,5,7
"E00089510",4,2,2
"E00089511",3,2,1
"E00089512",12,8,4
"E00089513",7,3,4
"E00089514",5,3,2
"E00089515",7,4,3
"E00089516",22,11,11
"E00089517",5,1,4
"E00089518",2,2,0
"E00089519",0,0,0
"E00089520",4,0,4
"E00089521",6,3,3
"E00089522",1,1,0
"E00089523",13,6,7
"E00089524",5,1,4
"E00089525",3,2,1
"E00089526",6,3,3
"E00089527",7,5,2
"E00089528",2,1,1
"E00089529",8,4,4
"E00089530",6,2,4
"E00089531",5,2,3
"E00089532",9,4,5
"E00089533",1,1,0
"E00089534",6,2,4
"E00089535",5,4,1
"E00089536",8,5,3
"E00089537",11,5,6
"E00089538",9,4,5
"E00089539",5,5,0
"E00089540",14,8,6
"E00089541",7,3,4
"E00089542",6,1,5
"E00089543",6,3,3
"E00089544",1,1,0
"E00089545",1,1,0
"E00089546",11,1,10
"E00089547",12,3,9
"E00089548",14,2,12
"E00089549",4,2,2
"E00089550",6,1,5
"E00089551",3,0,3
"E00089552",5,1,4
"E00089553",5,2,3
"E00089554",8,1,7
"E00089555",2,1,1
"E00089556",0,0,0
"E00089557",5,1,4
"E00089558",4,4,0
"E00089559",6,5,1
"E00089560",12,7,5
"E00089561",19,9,10
"E00089562",5,2,3
"E00089563",5,1,4
"E00089564",14,8,6
"E00089565",16,9,7
"E00089566",7,1,6
"E00089567",5,3,2
"E00089568",16,5,11
"E00089569",14,6,8
"E00089570",23,13,10
"E00089571",11,5,6
"E00089572",18,11,7
"E00089573",18,8,10
"E00089574",8,5,3
"E00089575",15,6,9
"E00089576",15,6,9
"E00089577",0,0,0
"E00089578",7,3,4
"E00089579",15,7,8
"E00089580",16,9,7
"E00089581",9,6,3
"E00089582",3,1,2
"E00089583",2,2,0
"E00089584",11,4,7
"E00089585",10,3,7
"E00089586",7,4,3
"E00089587",6,4,2
"E00089588",0,0,0
"E00089589",7,3,4
"E00089590",8,5,3
"E00089591",8,3,5
"E00089592",9,4,5
"E00089593",10,2,8
"E00089594",14,6,8
"E00089595",17,6,11
"E00089596",16,8,8
"E00089597",19,8,11
"E00089598",23,15,8
"E00089599",4,2,2
"E00089600",12,6,6
"E00089601",14,9,5
"E00089602",3,0,3
"E00089603",13,5,8
"E00089604",10,4,6
"E00089605",8,6,2
"E00089606",11,5,6
"E00089607",13,4,9
"E00089608",13,6,7
"E00089609",10,4,6
"E00089610",9,3,6
"E00089611",4,2,2
"E00089612",9,4,5
"E00089613",9,3,6
"E00089614",8,4,4
"E00089615",1,0,1
"E00089616",8,4,4
"E00089617",5,1,4
"E00089618",12,7,5
"E00089619",19,10,9
"E00089620",17,8,9
"E00089621",20,10,10
"E00089622",11,7,4
"E00089623",17,9,8
"E00089624",6,4,2
"E00089625",21,13,8
"E00089626",14,10,4
"E00089627",4,1,3
"E00089628",17,7,10
"E00089629",19,9,10
"E00089630",11,8,3
"E00089631",11,8,3
"E00089632",17,9,8
"E00089633",0,0,0
"E00089634",21,13,8
"E00089635",9,5,4
"E00089636",14,6,8
"E00089637",18,11,7
"E00089638",18,12,6
"E00089639",20,16,4
"E00089640",23,14,9
"E00089641",12,3,9
"E00089642",9,2,7
"E00089643",13,8,5
"E00089644",9,6,3
"E00089645",7,2,5
"E00089646",19,9,10
"E00089647",16,11,5
"E00089648",12,6,6
"E00089649",11,5,6
"E00089650",6,2,4
"E00089651",9,4,5
"E00089652",5,1,4
"E00089653",4,4,0
"E00089654",6,2,4
"E00089655",6,1,5
"E00089656",8,6,2
"E00089657",8,5,3
"E00089658",9,6,3
"E00089659",17,6,11
"E00089660",22,9,13
"E00089661",1,0,1
"E00089662",3,3,0
"E00089663",5,1,4
"E00089664",7,4,3
"E00089665",6,2,4
"E00089666",5,3,2
"E00089667",10,4,6
"E00089668",7,4,3
"E00089669",10,4,6
"E00089670",0,0,0
"E00089671",0,0,0
"E00089672",8,4,4
"E00089673",4,1,3
"E00089674",2,1,1
"E00089675",12,4,8
"E00089676",10,4,6
"E00089677",4,4,0
"E00089678",4,2,2
"E00089679",0,0,0
"E00089680",5,0,5
"E00089681",1,1,0
"E00089682",5,3,2
"E00089683",2,1,1
"E00089684",12,5,7
"E00089685",10,4,6
"E00089686",7,5,2
"E00089687",6,4,2
"E00089688",5,2,3
"E00089689",0,0,0
"E00089691",6,2,4
"E00089693",5,4,1
"E00089694",17,9,8
"E00089695",6,4,2
"E00089696",9,5,4
"E00089697",4,1,3
"E00089698",3,1,2
"E00089699",5,3,2
"E00089700",23,12,11
"E00089701",2,2,0
"E00089702",18,8,10
"E00089703",10,7,3
"E00089704",3,2,1
"E00089705",3,0,3
"E00089706",3,3,0
"E00089707",16,6,10
"E00089708",23,11,12
"E00089709",13,5,8
"E00089710",14,5,9
"E00089711",9,3,6
"E00089712",1,0,1
"E00089713",14,8,6
"E00089714",18,12,6
"E00089715",15,7,8
"E00089716",10,6,4
"E00089717",9,4,5
"E00089718",4,2,2
"E00089719",4,2,2
"E00089720",0,0,0
"E00089721",1,0,1
"E00089722",2,1,1
"E00089723",4,3,1
"E00089724",11,6,5
"E00089725",11,7,4
"E00089726",14,6,8
"E00089727",18,7,11
"E00089728",10,3,7
"E00089729",23,10,13
"E00089730",23,8,15
"E00089731",19,12,7
"E00089732",13,3,10
"E00089733",12,3,9
"E00089734",4,3,1
"E00089735",3,1,2
"E00089736",10,7,3
"E00089737",10,9,1
"E00089738",11,7,4
"E00089739",11,6,5
"E00089740",3,2,1
"E00089741",2,0,2
"E00089742",8,4,4
"E00089743",16,6,10
"E00089744",5,3,2
"E00089745",10,6,4
"E00089746",17,8,9
"E00089747",2,1,1
"E00089748",6,2,4
"E00089749",2,0,2
"E00089750",9,4,5
"E00089751",8,1,7
"E00089752",11,5,6
"E00089753",13,10,3
"E00089754",20,11,9
"E00089755",6,4,2
"E00089756",8,2,6
"E00089757",6,1,5
"E00089758",1,0,1
"E00089759",2,0,2
"E00089760",4,3,1
"E00089761",2,1,1
"E00089762",3,1,2
"E00089763",6,2,4
"E00089764",2,1,1
"E00089765",7,2,5
"E00089766",1,0,1
"E00089767",6,3,3
"E00089768",1,1,0
"E00089769",0,0,0
"E00089770",6,4,2
"E00089771",3,2,1
"E00089772",3,1,2
"E00089773",3,1,2
"E00089774",0,0,0
"E00089775",0,0,0
"E00089776",4,1,3
"E00089777",1,0,1
"E00089778",2,0,2
"E00089779",4,4,0
"E00089780",3,1,2
"E00089781",11,4,7
"E00089782",7,6,1
"E00089783",11,3,8
"E00089784",29,17,12
"E00089785",11,2,9
"E00089786",14,8,6
"E00089787",17,11,6
"E00089788",4,1,3
"E00089789",3,2,1
"E00089790",9,2,7
"E00089791",2,1,1
"E00089792",13,8,5
"E00089793",5,2,3
"E00089794",0,0,0
"E00089795",17,7,10
"E00089796",29,15,14
"E00089797",7,2,5
"E00089798",11,5,6
"E00089799",5,4,1
"E00089800",21,8,13
"E00089801",1,0,1
"E00089802",20,8,12
"E00089803",1,0,1
"E00089804",19,6,13
"E00089805",36,19,17
"E00089806",7,4,3
"E00089807",17,9,8
"E00089808",14,4,10
"E00089809",5,2,3
"E00089810",11,7,4
"E00089811",8,6,2
"E00089812",14,7,7
"E00089813",7,4,3
"E00089814",6,1,5
"E00089815",6,3,3
"E00089816",7,2,5
"E00089817",14,4,10
"E00089818",2,1,1
"E00089819",7,5,2
"E00089820",3,1,2
"E00089821",5,1,4
"E00089822",3,2,1
"E00089823",13,9,4
"E00089824",10,5,5
"E00089825",17,10,7
"E00089826",7,5,2
"E00089827",21,14,7
"E00089828",9,5,4
"E00089829",11,5,6
"E00089830",9,6,3
"E00089831",6,5,1
"E00089832",6,3,3
"E00089833",7,4,3
"E00089834",3,2,1
"E00089835",9,4,5
"E00089836",8,5,3
"E00089837",0,0,0
"E00089838",7,3,4
"E00089839",2,1,1
"E00089840",4,4,0
"E00089841",8,5,3
"E00089842",11,4,7
"E00089843",5,2,3
"E00089844",7,4,3
"E00089845",12,5,7
"E00089846",1,1,0
"E00089847",3,1,2
"E00089848",1,1,0
"E00089849",1,0,1
"E00089850",6,3,3
"E00089851",3,2,1
"E00089852",4,1,3
"E00089853",5,3,2
"E00089854",4,3,1
"E00089855",4,2,2
"E00089856",5,3,2
"E00089857",4,2,2
"E00089858",3,2,1
"E00089859",3,1,2
"E00089860",2,1,1
"E00089861",6,3,3
"E00089862",7,3,4
"E00089863",0,0,0
"E00089864",1,0,1
"E00089865",2,0,2
"E00089866",3,1,2
"E00089867",6,3,3
"E00089868",7,6,1
"E00089869",4,1,3
"E00089870",6,5,1
"E00089871",8,3,5
"E00089872",3,2,1
"E00089873",6,4,2
"E00089874",5,1,4
"E00089875",3,1,2
"E00089876",4,4,0
"E00089877",6,3,3
"E00089878",5,2,3
"E00089879",1,1,0
"E00089880",5,2,3
"E00089881",7,4,3
"E00089882",11,5,6
"E00089883",7,5,2
"E00089884",4,3,1
"E00089885",2,1,1
"E00089886",16,5,11
"E00089887",13,8,5
"E00089888",8,4,4
"E00089889",2,1,1
"E00089890",6,4,2
"E00089891",15,9,6
"E00089892",14,5,9
"E00089893",8,8,0
"E00089894",16,11,5
"E00089895",14,7,7
"E00089896",12,8,4
"E00089897",8,2,6
"E00089898",21,12,9
"E00089899",3,1,2
"E00089900",10,6,4
"E00089901",24,16,8
"E00089902",15,11,4
"E00089903",8,5,3
"E00089904",4,1,3
"E00089905",12,5,7
"E00089906",11,6,5
"E00089907",17,8,9
"E00089908",9,5,4
"E00089909",0,0,0
"E00089910",31,17,14
"E00089911",18,10,8
"E00089912",8,5,3
"E00089913",20,8,12
"E00089914",8,4,4
"E00089915",7,2,5
"E00089916",14,5,9
"E00089917",22,11,11
"E00089918",21,10,11
"E00089919",26,14,12
"E00089920",5,3,2
"E00089921",18,8,10
"E00089922",28,14,14
"E00089923",16,11,5
"E00089924",16,8,8
"E00089925",9,6,3
"E00089926",11,7,4
"E00089927",26,15,11
"E00089928",8,4,4
"E00089929",3,2,1
"E00089930",14,8,6
"E00089931",7,3,4
"E00089932",3,0,3
"E00089933",2,1,1
"E00089934",1,0,1
"E00089935",7,2,5
"E00089936",5,2,3
"E00089937",11,7,4
"E00089938",3,2,1
"E00089939",1,0,1
"E00089940",8,4,4
"E00089941",6,4,2
"E00089942",1,1,0
"E00089943",10,3,7
"E00089944",3,2,1
"E00089945",2,1,1
"E00089946",6,1,5
"E00089947",1,0,1
"E00089948",3,1,2
"E00089949",3,2,1
"E00089950",0,0,0
"E00089951",1,0,1
"E00089952",8,4,4
"E00089953",9,6,3
"E00089954",4,3,1
"E00089955",3,2,1
"E00089956",20,14,6
"E00089957",5,2,3
"E00089958",1,1,0
"E00089959",15,6,9
"E00089960",7,2,5
"E00089961",10,7,3
"E00089962",4,2,2
"E00089963",10,8,2
"E00089964",6,2,4
"E00089965",4,1,3
"E00089966",12,5,7
"E00089967",9,4,5
"E00089968",4,1,3
"E00089969",1,1,0
"E00089970",12,6,6
"E00089971",4,1,3
"E00089972",11,4,7
"E00089973",1,0,1
"E00089974",5,3,2
"E00089975",4,1,3
"E00089976",9,4,5
"E00089977",5,0,5
"E00089978",15,5,10
"E00089979",9,6,3
"E00089980",7,4,3
"E00089981",10,4,6
"E00089982",3,0,3
"E00089983",5,4,1
"E00089984",2,1,1
"E00089985",9,6,3
"E00089987",8,6,2
"E00089988",12,5,7
"E00089989",2,2,0
"E00089990",0,0,0
"E00089991",0,0,0
"E00089992",5,3,2
"E00089993",6,3,3
"E00089994",7,2,5
"E00089995",22,12,10
"E00089996",17,4,13
"E00089997",10,5,5
"E00089998",4,3,1
"E00089999",1,1,0
"E00090000",9,7,2
"E00090001",3,0,3
"E00090002",5,3,2
"E00090003",4,2,2
"E00090004",7,3,4
"E00090005",4,1,3
"E00090006",30,14,16
"E00090007",6,3,3
"E00090008",10,7,3
"E00090009",14,8,6
"E00090010",6,3,3
"E00090013",6,2,4
"E00090014",1,0,1
"E00090015",4,1,3
"E00090016",4,2,2
"E00090017",5,3,2
"E00090018",11,5,6
"E00090019",8,3,5
"E00090020",20,13,7
"E00090021",7,3,4
"E00090023",12,6,6
"E00090024",11,3,8
"E00090025",15,9,6
"E00090027",30,21,9
"E00090028",0,0,0
"E00090029",2,1,1
"E00090030",2,0,2
"E00090031",2,2,0
"E00090032",3,3,0
"E00090033",4,0,4
"E00090034",4,3,1
"E00090035",5,2,3
"E00090036",2,2,0
"E00090037",10,3,7
"E00090038",8,5,3
"E00090039",2,0,2
"E00090040",3,1,2
"E00090041",10,3,7
"E00090042",3,3,0
"E00090043",13,6,7
"E00090044",1,1,0
"E00090045",5,3,2
"E00090046",0,0,0
"E00090047",7,7,0
"E00090048",12,6,6
"E00090049",7,4,3
"E00090050",7,2,5
"E00090051",10,5,5
"E00090052",9,5,4
"E00090053",10,4,6
"E00090054",6,2,4
"E00090055",6,3,3
"E00090056",0,0,0
"E00090057",2,1,1
"E00090058",2,2,0
"E00090059",7,4,3
"E00090060",4,2,2
"E00090061",8,1,7
"E00090062",4,3,1
"E00090063",3,3,0
"E00090064",10,6,4
"E00090065",9,6,3
"E00090066",0,0,0
"E00090067",2,0,2
"E00090068",8,2,6
"E00090069",6,4,2
"E00090070",14,9,5
"E00090071",1,1,0
"E00090072",0,0,0
"E00090073",1,1,0
"E00090074",6,3,3
"E00090075",3,1,2
"E00090076",3,1,2
"E00090077",7,3,4
"E00090078",5,3,2
"E00090079",3,1,2
"E00090080",7,4,3
"E00090081",6,5,1
"E00090082",2,0,2
"E00090083",7,5,2
"E00090084",3,3,0
"E00090085",12,6,6
"E00090086",14,9,5
"E00090087",0,0,0
"E00090088",4,2,2
"E00090089",10,4,6
"E00090090",4,3,1
"E00090091",14,4,10
"E00090092",1,0,1
"E00090093",9,5,4
"E00090094",3,1,2
"E00090095",0,0,0
"E00090096",0,0,0
"E00090097",0,0,0
"E00090098",4,2,2
"E00090099",4,1,3
"E00090100",6,1,5
"E00090101",18,11,7
"E00090102",1,1,0
"E00090103",2,0,2
"E00090104",7,1,6
"E00090105",1,0,1
"E00090106",1,0,1
"E00090107",2,1,1
"E00090108",0,0,0
"E00090109",10,5,5
"E00090110",4,1,3
"E00090111",6,3,3
"E00090112",8,3,5
"E00090113",10,3,7
"E00090114",4,3,1
"E00090115",10,6,4
"E00090116",5,3,2
"E00090117",4,2,2
"E00090118",7,4,3
"E00090119",6,3,3
"E00090120",5,4,1
"E00090121",1,0,1
"E00090122",5,3,2
"E00090123",2,0,2
"E00090124",17,9,8
"E00090125",5,1,4
"E00090126",11,2,9
"E00090127",8,3,5
"E00090128",8,4,4
"E00090129",9,6,3
"E00090130",4,2,2
"E00090131",10,4,6
"E00090132",7,1,6
"E00090133",7,5,2
"E00090134",7,4,3
"E00090135",10,7,3
"E00090136",2,1,1
"E00090137",8,4,4
"E00090138",11,6,5
"E00090139",11,7,4
"E00090140",5,1,4
"E00090141",7,3,4
"E00090142",15,6,9
"E00090143",3,2,1
"E00090144",1,0,1
"E00090145",7,5,2
"E00090146",11,7,4
"E00090147",17,9,8
"E00090148",0,0,0
"E00090149",8,6,2
"E00090150",13,7,6
"E00090151",1,1,0
"E00090152",7,6,1
"E00090153",10,3,7
"E00090154",9,4,5
"E00090155",20,11,9
"E00090156",14,8,6
"E00090157",17,8,9
"E00090158",15,6,9
"E00090159",5,1,4
"E00090160",19,7,12
"E00090161",8,8,0
"E00090162",9,3,6
"E00090163",11,6,5
"E00090164",12,4,8
"E00090165",0,0,0
"E00090166",5,2,3
"E00090167",5,4,1
"E00090168",3,1,2
"E00090169",7,2,5
"E00090170",5,3,2
"E00090171",11,8,3
"E00090172",7,2,5
"E00090173",23,13,10
"E00090174",14,7,7
"E00090175",4,2,2
"E00090176",11,6,5
"E00090177",7,4,3
"E00090178",10,5,5
"E00090179",16,8,8
"E00090180",9,5,4
"E00090181",5,3,2
"E00090182",12,5,7
"E00090183",5,3,2
"E00090184",4,1,3
"E00090185",6,2,4
"E00090186",11,7,4
"E00090187",9,6,3
"E00090188",6,2,4
"E00090189",13,6,7
"E00090190",8,4,4
"E00090191",0,0,0
"E00090193",9,4,5
"E00090194",15,8,7
"E00090195",3,3,0
"E00090196",14,8,6
"E00090197",6,1,5
"E00090198",15,8,7
"E00090199",12,11,1
"E00090200",15,10,5
"E00090201",20,8,12
"E00090202",10,5,5
"E00090203",11,4,7
"E00090204",7,2,5
"E00090205",7,5,2
"E00090206",18,10,8
"E00090208",8,5,3
"E00090209",9,6,3
"E00090210",7,4,3
"E00090211",7,2,5
"E00090213",5,2,3
"E00090214",6,2,4
"E00090215",6,3,3
"E00090216",12,6,6
"E00090218",9,6,3
"E00090219",2,2,0
"E00090220",4,1,3
"E00090221",3,3,0
"E00090222",1,1,0
"E00090223",10,5,5
"E00090224",5,2,3
"E00090225",5,2,3
"E00090226",1,0,1
"E00090227",9,5,4
"E00090228",4,2,2
"E00090229",0,0,0
"E00090230",6,5,1
"E00090231",13,3,10
"E00090232",4,3,1
"E00090233",3,2,1
"E00090234",5,2,3
"E00090235",7,5,2
"E00090236",1,1,0
"E00090237",4,2,2
"E00090238",11,4,7
"E00090239",5,3,2
"E00090240",4,3,1
"E00090241",15,7,8
"E00090242",13,8,5
"E00090243",7,4,3
"E00090244",7,5,2
"E00090245",12,4,8
"E00090246",38,20,18
"E00090247",9,2,7
"E00090248",8,7,1
"E00090249",0,0,0
"E00090250",9,5,4
"E00090251",5,3,2
"E00090252",7,3,4
"E00090253",5,3,2
"E00090254",3,1,2
"E00090255",0,0,0
"E00090256",2,2,0
"E00090257",0,0,0
"E00090258",12,6,6
"E00090259",4,2,2
"E00090260",3,3,0
"E00090261",7,6,1
"E00090262",15,7,8
"E00090263",10,3,7
"E00090264",5,1,4
"E00090265",9,4,5
"E00090266",12,5,7
"E00090267",7,4,3
"E00090268",9,2,7
"E00090269",3,0,3
"E00090270",12,8,4
"E00090271",5,1,4
"E00090272",13,7,6
"E00090273",10,5,5
"E00090274",6,4,2
"E00090275",3,2,1
"E00090276",9,5,4
"E00090277",8,6,2
"E00090278",3,1,2
"E00090279",3,1,2
"E00090280",1,1,0
"E00090281",7,3,4
"E00090282",0,0,0
"E00090283",4,2,2
"E00090284",10,4,6
"E00090285",8,7,1
"E00090286",4,2,2
"E00090287",9,5,4
"E00090288",4,2,2
"E00090289",7,3,4
"E00090290",2,1,1
"E00090291",7,5,2
"E00090292",1,0,1
"E00090293",6,4,2
"E00090294",6,2,4
"E00090295",5,4,1
"E00090296",9,6,3
"E00090297",6,3,3
"E00090298",3,1,2
"E00090299",3,0,3
"E00090300",0,0,0
"E00090301",3,2,1
"E00090302",3,2,1
"E00090303",0,0,0
"E00090304",3,1,2
"E00090305",4,3,1
"E00090306",2,1,1
"E00090307",3,1,2
"E00090308",0,0,0
"E00090309",4,1,3
"E00090310",8,6,2
"E00090311",6,4,2
"E00090312",6,4,2
"E00090313",5,2,3
"E00090314",0,0,0
"E00090315",2,1,1
"E00090316",2,1,1
"E00090317",4,2,2
"E00090318",7,4,3
"E00090319",5,3,2
"E00090320",2,2,0
"E00090321",2,1,1
"E00090322",5,3,2
"E00090323",10,4,6
"E00090324",0,0,0
"E00090325",7,4,3
"E00090326",10,8,2
"E00090327",0,0,0
"E00090328",4,2,2
"E00090329",6,3,3
"E00090330",7,1,6
"E00090331",5,1,4
"E00090332",10,4,6
"E00090333",8,6,2
"E00090334",1,0,1
"E00090335",1,0,1
"E00090336",7,4,3
"E00090337",4,1,3
"E00090338",0,0,0
"E00090339",6,3,3
"E00090340",1,0,1
"E00090341",0,0,0
"E00090342",1,1,0
"E00090343",3,1,2
"E00090344",11,5,6
"E00090346",3,2,1
"E00090347",3,1,2
"E00090348",4,1,3
"E00090349",1,1,0
"E00090351",10,5,5
"E00090353",0,0,0
"E00090354",1,0,1
"E00090355",0,0,0
"E00090356",3,1,2
"E00090357",0,0,0
"E00090358",7,4,3
"E00090359",3,2,1
"E00090360",1,0,1
"E00090361",7,2,5
"E00090362",10,5,5
"E00090363",8,3,5
"E00090364",4,2,2
"E00090365",1,1,0
"E00090366",5,3,2
"E00090367",7,5,2
"E00090368",1,0,1
"E00090369",1,1,0
"E00090370",0,0,0
"E00090371",7,2,5
"E00090372",0,0,0
"E00090373",0,0,0
"E00090374",2,0,2
"E00090375",9,6,3
"E00090376",1,1,0
"E00090377",1,1,0
"E00090378",16,11,5
"E00090379",6,2,4
"E00090380",11,7,4
"E00090381",4,3,1
"E00090382",2,0,2
"E00090383",13,7,6
"E00090384",7,3,4
"E00090385",5,1,4
"E00090386",2,0,2
"E00090387",4,4,0
"E00090388",5,4,1
"E00090389",0,0,0
"E00090390",6,2,4
"E00090391",1,0,1
"E00090392",9,6,3
"E00090393",23,11,12
"E00090394",6,4,2
"E00090395",14,10,4
"E00090396",10,7,3
"E00090397",6,2,4
"E00090398",7,3,4
"E00090399",1,1,0
"E00090400",4,2,2
"E00090401",3,2,1
"E00090402",1,0,1
"E00090403",2,2,0
"E00090404",4,2,2
"E00090405",15,8,7
"E00090406",7,6,1
"E00090407",0,0,0
"E00090408",6,4,2
"E00090409",5,2,3
"E00090410",0,0,0
"E00090411",16,10,6
"E00090412",5,2,3
"E00090413",0,0,0
"E00090414",7,4,3
"E00090415",1,1,0
"E00090416",2,0,2
"E00090417",2,1,1
"E00090418",2,0,2
"E00090419",10,4,6
"E00090420",8,3,5
"E00090421",2,1,1
"E00090422",1,1,0
"E00090423",7,4,3
"E00090424",2,2,0
"E00090425",4,2,2
"E00090426",3,1,2
"E00090427",1,1,0
"E00090428",0,0,0
"E00090429",2,2,0
"E00090430",1,1,0
"E00090431",0,0,0
"E00090432",6,3,3
"E00090433",2,1,1
"E00090434",4,1,3
"E00090436",4,3,1
"E00090437",5,3,2
"E00090438",9,5,4
"E00090439",2,2,0
"E00090440",15,6,9
"E00090441",6,3,3
"E00090442",4,2,2
"E00090443",13,8,5
"E00090444",3,3,0
"E00090445",1,1,0
"E00090446",4,2,2
"E00090447",8,4,4
"E00090448",15,7,8
"E00090449",11,7,4
"E00090450",6,5,1
"E00090451",5,4,1
"E00090452",2,1,1
"E00090453",10,4,6
"E00090454",14,8,6
"E00090455",6,4,2
"E00090456",8,4,4
"E00090457",1,1,0
"E00090458",1,0,1
"E00090459",0,0,0
"E00090460",6,3,3
"E00090461",0,0,0
"E00090462",5,2,3
"E00090463",8,5,3
"E00090464",1,1,0
"E00090465",3,1,2
"E00090466",1,1,0
"E00090467",0,0,0
"E00090468",1,0,1
"E00090469",8,7,1
"E00090470",2,1,1
"E00090471",3,1,2
"E00090472",1,1,0
"E00090473",7,3,4
"E00090474",10,4,6
"E00090475",12,10,2
"E00090476",4,0,4
"E00090477",1,0,1
"E00090478",5,3,2
"E00090479",2,2,0
"E00090480",5,2,3
"E00090481",4,4,0
"E00090482",3,1,2
"E00090483",3,1,2
"E00090484",3,1,2
"E00090485",2,0,2
"E00090486",1,1,0
"E00090487",12,9,3
"E00090488",7,6,1
"E00090489",6,4,2
"E00090490",4,2,2
"E00090491",12,10,2
"E00090492",8,4,4
"E00090493",10,7,3
"E00090494",6,4,2
"E00090495",13,6,7
"E00090496",6,4,2
"E00090497",15,7,8
"E00090498",23,13,10
"E00090499",16,8,8
"E00090500",21,11,10
"E00090501",1,0,1
"E00090502",3,1,2
"E00090503",6,4,2
"E00090504",5,3,2
"E00090505",6,2,4
"E00090506",3,2,1
"E00090507",2,2,0
"E00090508",2,0,2
"E00090509",0,0,0
"E00090510",5,2,3
"E00090511",4,1,3
"E00090512",0,0,0
"E00090513",5,2,3
"E00090514",14,8,6
"E00090515",3,2,1
"E00090516",4,3,1
"E00090517",8,2,6
"E00090518",3,2,1
"E00090519",1,1,0
"E00090520",1,1,0
"E00090521",1,1,0
"E00090522",6,3,3
"E00090523",0,0,0
"E00090524",2,2,0
"E00090525",0,0,0
"E00090526",0,0,0
"E00090527",2,0,2
"E00090528",3,2,1
"E00090529",0,0,0
"E00090530",0,0,0
"E00090531",2,0,2
"E00090532",1,0,1
"E00090533",7,3,4
"E00090534",2,0,2
"E00090535",0,0,0
"E00090536",8,4,4
"E00090537",11,5,6
"E00090538",1,1,0
"E00090539",1,1,0
"E00090540",7,6,1
"E00090541",5,2,3
"E00090542",11,7,4
"E00090543",11,6,5
"E00090544",5,2,3
"E00090545",0,0,0
"E00090546",7,2,5
"E00090547",0,0,0
"E00090548",4,3,1
"E00090549",5,1,4
"E00090550",2,2,0
"E00090551",4,4,0
"E00090552",1,0,1
"E00090553",0,0,0
"E00090554",4,1,3
"E00090555",4,2,2
"E00090556",4,2,2
"E00090557",0,0,0
"E00090558",1,1,0
"E00090559",2,0,2
"E00090560",0,0,0
"E00090561",0,0,0
"E00090562",4,0,4
"E00090563",4,3,1
"E00090564",9,6,3
"E00090565",4,1,3
"E00090566",3,1,2
"E00090567",7,5,2
"E00090568",4,2,2
"E00090569",8,7,1
"E00090570",2,1,1
"E00090571",0,0,0
"E00090574",2,1,1
"E00090575",6,1,5
"E00090576",7,3,4
"E00090577",12,10,2
"E00090578",13,7,6
"E00090580",0,0,0
"E00090581",4,2,2
"E00090582",5,4,1
"E00090583",14,10,4
"E00090584",2,2,0
"E00090585",15,8,7
"E00090586",7,2,5
"E00090587",9,5,4
"E00090588",3,3,0
"E00090589",0,0,0
"E00090590",0,0,0
"E00090591",5,3,2
"E00090592",1,1,0
"E00090593",6,3,3
"E00090594",7,3,4
"E00090595",9,4,5
"E00090596",5,1,4
"E00090597",1,0,1
"E00090598",6,6,0
"E00090599",6,4,2
"E00090600",7,2,5
"E00090601",11,8,3
"E00090602",4,2,2
"E00090603",8,3,5
"E00090604",1,1,0
"E00090605",4,1,3
"E00090606",5,3,2
"E00090607",2,2,0
"E00090608",2,1,1
"E00090609",5,2,3
"E00090610",1,1,0
"E00090611",10,5,5
"E00090612",6,4,2
"E00090613",6,2,4
"E00090614",3,0,3
"E00090615",0,0,0
"E00090616",6,2,4
"E00090617",1,0,1
"E00090618",8,1,7
"E00090619",10,5,5
"E00090620",3,2,1
"E00090621",3,2,1
"E00090622",0,0,0
"E00090623",1,0,1
"E00090624",6,2,4
"E00090626",3,1,2
"E00090627",7,5,2
"E00090628",1,0,1
"E00090629",10,1,9
"E00090630",0,0,0
"E00090631",5,4,1
"E00090632",8,3,5
"E00090633",3,2,1
"E00090634",5,3,2
"E00090635",0,0,0
"E00090636",3,0,3
"E00090637",0,0,0
"E00090638",3,3,0
"E00090639",6,1,5
"E00090640",8,3,5
"E00090642",8,3,5
"E00090643",1,0,1
"E00090644",6,2,4
"E00090645",1,0,1
"E00090646",4,2,2
"E00090647",9,5,4
"E00090648",5,2,3
"E00090649",3,2,1
"E00090650",4,0,4
"E00090651",0,0,0
"E00090653",4,4,0
"E00090654",2,1,1
"E00090655",3,3,0
"E00090656",1,1,0
"E00090657",4,3,1
"E00090658",6,4,2
"E00090659",2,2,0
"E00090660",3,2,1
"E00090661",1,1,0
"E00090662",3,0,3
"E00090663",2,0,2
"E00090664",8,5,3
"E00090665",3,2,1
"E00090666",6,2,4
"E00090667",1,0,1
"E00090668",1,1,0
"E00090669",2,1,1
"E00090670",8,4,4
"E00090671",3,2,1
"E00090672",3,1,2
"E00090673",5,3,2
"E00090674",4,2,2
"E00090675",0,0,0
"E00090676",3,2,1
"E00090677",2,2,0
"E00090678",2,1,1
"E00090679",3,2,1
"E00090680",3,2,1
"E00090681",0,0,0
"E00090682",2,0,2
"E00090683",0,0,0
"E00090684",1,1,0
"E00090685",3,2,1
"E00090686",3,2,1
"E00090687",4,3,1
"E00090688",1,1,0
"E00090689",5,3,2
"E00090690",1,1,0
"E00090691",3,0,3
"E00090692",7,2,5
"E00090693",9,5,4
"E00090694",2,1,1
"E00090695",0,0,0
"E00090696",4,2,2
"E00090697",3,1,2
"E00090698",5,1,4
"E00090700",4,3,1
"E00090701",2,1,1
"E00090702",2,2,0
"E00090703",1,0,1
"E00090704",2,1,1
"E00090705",7,1,6
"E00090707",5,1,4
"E00090708",1,1,0
"E00090710",50,24,26
"E00090711",5,3,2
"E00090712",25,16,9
"E00090713",10,5,5
"E00090714",6,1,5
"E00090715",18,10,8
"E00090716",12,4,8
"E00090717",7,3,4
"E00090718",7,3,4
"E00090719",8,2,6
"E00090720",10,4,6
"E00090721",18,5,13
"E00090723",33,19,14
"E00090724",5,4,1
"E00090726",11,4,7
"E00090727",4,2,2
"E00090728",0,0,0
"E00090729",3,2,1
"E00090730",2,2,0
"E00090731",4,1,3
"E00090733",16,7,9
"E00090734",9,3,6
"E00090735",9,3,6
"E00090736",3,3,0
"E00090737",24,11,13
"E00090738",5,4,1
"E00090739",2,2,0
"E00090740",0,0,0
"E00090741",7,2,5
"E00090742",4,1,3
"E00090743",0,0,0
"E00090744",13,6,7
"E00090745",2,2,0
"E00090746",3,1,2
"E00090747",5,1,4
"E00090748",3,1,2
"E00090749",14,6,8
"E00090750",9,4,5
"E00090751",5,3,2
"E00090752",2,2,0
"E00090753",12,8,4
"E00090754",7,4,3
"E00090755",13,9,4
"E00090756",15,11,4
"E00090757",5,4,1
"E00090758",13,8,5
"E00090759",15,9,6
"E00090760",17,9,8
"E00090761",6,5,1
"E00090762",6,2,4
"E00090763",14,8,6
"E00090765",7,4,3
"E00090766",6,4,2
"E00090767",6,3,3
"E00090768",13,5,8
"E00090769",14,4,10
"E00090771",10,5,5
"E00090772",11,9,2
"E00090773",6,2,4
"E00090774",8,6,2
"E00090775",1,1,0
"E00090777",1,0,1
"E00090778",0,0,0
"E00090779",2,2,0
"E00090780",5,1,4
"E00090781",5,2,3
"E00090782",1,1,0
"E00090783",2,1,1
"E00090785",6,1,5
"E00090786",0,0,0
"E00090787",2,0,2
"E00090788",3,1,2
"E00090789",1,1,0
"E00090790",2,0,2
"E00090791",4,0,4
"E00090792",0,0,0
"E00090793",3,1,2
"E00090794",0,0,0
"E00090795",4,3,1
"E00090796",10,8,2
"E00090797",5,3,2
"E00090798",1,1,0
"E00090799",1,1,0
"E00090800",0,0,0
"E00090801",3,3,0
"E00090802",11,2,9
"E00090803",7,5,2
"E00090804",17,9,8
"E00090805",11,4,7
"E00090806",1,0,1
"E00090808",5,2,3
"E00090809",13,5,8
"E00090811",11,0,11
"E00090813",10,4,6
"E00090814",11,5,6
"E00090815",7,4,3
"E00090816",0,0,0
"E00090817",0,0,0
"E00090818",3,3,0
"E00090819",7,3,4
"E00090820",3,3,0
"E00090821",2,2,0
"E00090822",5,2,3
"E00090823",12,7,5
"E00090824",17,7,10
"E00090825",0,0,0
"E00090826",7,3,4
"E00090827",12,5,7
"E00090828",5,2,3
"E00090829",6,3,3
"E00090830",3,1,2
"E00090831",3,0,3
"E00090832",4,2,2
"E00090833",16,10,6
"E00090834",3,2,1
"E00090835",1,1,0
"E00090836",2,1,1
"E00090837",11,5,6
"E00090838",9,3,6
"E00090839",6,2,4
"E00090840",16,12,4
"E00090841",13,7,6
"E00090842",0,0,0
"E00090843",1,1,0
"E00090844",13,6,7
"E00090845",2,2,0
"E00090846",0,0,0
"E00090847",0,0,0
"E00090848",0,0,0
"E00090849",2,1,1
"E00090850",6,4,2
"E00090851",9,8,1
"E00090852",13,8,5
"E00090853",8,5,3
"E00090854",4,0,4
"E00090855",4,3,1
"E00090856",10,3,7
"E00090857",10,6,4
"E00090858",4,3,1
"E00090859",7,3,4
"E00090860",8,5,3
"E00090861",1,1,0
"E00090862",5,4,1
"E00090863",7,4,3
"E00090864",7,5,2
"E00090865",6,1,5
"E00090866",12,8,4
"E00090867",3,1,2
"E00090868",9,6,3
"E00090869",7,3,4
"E00090870",3,1,2
"E00090871",15,6,9
"E00090872",7,3,4
"E00090873",9,3,6
"E00090874",2,2,0
"E00090875",6,3,3
"E00090876",7,5,2
"E00090877",1,0,1
"E00090878",1,0,1
"E00090879",2,1,1
"E00090880",6,3,3
"E00090881",6,2,4
"E00090882",0,0,0
"E00090883",4,3,1
"E00090884",0,0,0
"E00090885",4,4,0
"E00090887",3,1,2
"E00090889",4,3,1
"E00090890",4,3,1
"E00090891",7,0,7
"E00090895",15,8,7
"E00090896",4,2,2
"E00090897",1,0,1
"E00090898",1,0,1
"E00090899",9,6,3
"E00090900",8,8,0
"E00090901",4,2,2
"E00090902",2,1,1
"E00090903",5,4,1
"E00090904",5,4,1
"E00090905",8,5,3
"E00090906",8,3,5
"E00090907",1,0,1
"E00090908",0,0,0
"E00090909",0,0,0
"E00090910",12,5,7
"E00090911",13,7,6
"E00090912",7,5,2
"E00090913",8,4,4
"E00090914",8,2,6
"E00090915",2,0,2
"E00090916",0,0,0
"E00090917",9,3,6
"E00090918",5,3,2
"E00090919",10,6,4
"E00090920",4,1,3
"E00090921",9,3,6
"E00090922",5,3,2
"E00090923",8,8,0
"E00090924",3,2,1
"E00090925",1,1,0
"E00090926",4,1,3
"E00090927",4,2,2
"E00090928",6,2,4
"E00090929",9,4,5
"E00090930",0,0,0
"E00090931",1,1,0
"E00090932",3,2,1
"E00090933",3,0,3
"E00090934",5,3,2
"E00090935",3,0,3
"E00090936",5,2,3
"E00090937",2,1,1
"E00090938",1,0,1
"E00090939",7,2,5
"E00090941",1,1,0
"E00090942",1,0,1
"E00090943",1,1,0
"E00090945",0,0,0
"E00090946",4,1,3
"E00090947",4,2,2
"E00090948",4,2,2
"E00090949",3,2,1
"E00090950",3,2,1
"E00090951",0,0,0
"E00090953",0,0,0
"E00090954",4,3,1
"E00090956",4,0,4
"E00090957",6,2,4
"E00090958",13,9,4
"E00090960",0,0,0
"E00090961",3,3,0
"E00090962",0,0,0
"E00090963",5,2,3
"E00090964",2,2,0
"E00090965",8,4,4
"E00090966",0,0,0
"E00090967",2,2,0
"E00090968",5,1,4
"E00090969",0,0,0
"E00090970",9,5,4
"E00090971",4,0,4
"E00090972",6,4,2
"E00090973",5,3,2
"E00090974",6,1,5
"E00090975",2,1,1
"E00090976",6,5,1
"E00090977",3,1,2
"E00090978",3,3,0
"E00090979",10,3,7
"E00090980",1,0,1
"E00090981",1,0,1
"E00090982",14,10,4
"E00090983",1,1,0
"E00090984",1,0,1
"E00090985",1,1,0
"E00090986",2,2,0
"E00090987",5,1,4
"E00090988",0,0,0
"E00090989",7,5,2
"E00090990",3,1,2
"E00090991",1,1,0
"E00090992",5,3,2
"E00090993",0,0,0
"E00090994",7,4,3
"E00090995",3,3,0
"E00090996",4,3,1
"E00090997",5,2,3
"E00090998",4,3,1
"E00090999",7,5,2
"E00091000",11,7,4
"E00091001",11,8,3
"E00091002",8,3,5
"E00091003",3,1,2
"E00091004",9,2,7
"E00091005",4,1,3
"E00091006",8,4,4
"E00091007",2,1,1
"E00091008",7,1,6
"E00091009",10,6,4
"E00091010",3,1,2
"E00091011",1,1,0
"E00091012",4,4,0
"E00091013",4,2,2
"E00091014",3,1,2
"E00091015",0,0,0
"E00091016",3,2,1
"E00091017",0,0,0
"E00091018",2,1,1
"E00091019",4,1,3
"E00091020",1,1,0
"E00091021",1,1,0
"E00091022",2,1,1
"E00091023",0,0,0
"E00091024",0,0,0
"E00091025",2,2,0
"E00091026",2,0,2
"E00091027",1,1,0
"E00091028",1,1,0
"E00091030",2,0,2
"E00091031",7,3,4
"E00091032",1,1,0
"E00091033",4,3,1
"E00091034",2,1,1
"E00091036",1,0,1
"E00091038",0,0,0
"E00091039",5,2,3
"E00091040",0,0,0
"E00091041",1,1,0
"E00091042",4,2,2
"E00091044",5,1,4
"E00091045",3,1,2
"E00091046",0,0,0
"E00091047",3,3,0
"E00091048",5,2,3
"E00091049",6,2,4
"E00091050",2,2,0
"E00091051",5,5,0
"E00091052",2,1,1
"E00091053",10,6,4
"E00091054",4,1,3
"E00091055",7,1,6
"E00091056",2,1,1
"E00091057",3,3,0
"E00091058",1,0,1
"E00091059",6,4,2
"E00091060",0,0,0
"E00091061",6,4,2
"E00091062",0,0,0
"E00091063",4,3,1
"E00091064",5,3,2
"E00091065",2,0,2
"E00091066",3,2,1
"E00091067",3,0,3
"E00091068",9,6,3
"E00091069",3,1,2
"E00091070",15,8,7
"E00091071",7,6,1
"E00091072",3,0,3
"E00091073",3,1,2
"E00091074",4,1,3
"E00091075",5,1,4
"E00091076",7,3,4
"E00091077",4,0,4
"E00091078",1,1,0
"E00091079",0,0,0
"E00091080",7,3,4
"E00091081",0,0,0
"E00091082",7,4,3
"E00091083",7,3,4
"E00091084",1,1,0
"E00091085",7,4,3
"E00091086",6,5,1
"E00091087",0,0,0
"E00091088",1,1,0
"E00091089",3,2,1
"E00091090",4,1,3
"E00091091",2,0,2
"E00091092",12,3,9
"E00091093",2,2,0
"E00091094",3,2,1
"E00091095",9,5,4
"E00091096",6,5,1
"E00091097",3,2,1
"E00091098",5,3,2
"E00091099",0,0,0
"E00091100",2,1,1
"E00091101",7,3,4
"E00091102",12,7,5
"E00091103",4,2,2
"E00091104",5,4,1
"E00091105",2,1,1
"E00091106",1,0,1
"E00091107",1,1,0
"E00091108",6,3,3
"E00091109",5,3,2
"E00091110",5,4,1
"E00091111",3,1,2
"E00091112",8,2,6
"E00091113",5,3,2
"E00091114",6,3,3
"E00091115",0,0,0
"E00091116",4,2,2
"E00091117",3,1,2
"E00091118",3,0,3
"E00091119",2,2,0
"E00091120",2,2,0
"E00091121",2,2,0
"E00091122",2,2,0
"E00091123",3,0,3
"E00091124",3,3,0
"E00091125",1,1,0
"E00091126",3,2,1
"E00091127",3,2,1
"E00091128",5,2,3
"E00091129",5,2,3
"E00091130",5,3,2
"E00091131",4,2,2
"E00091132",2,1,1
"E00091133",1,1,0
"E00091134",11,6,5
"E00091135",4,2,2
"E00091136",1,1,0
"E00091137",2,0,2
"E00091138",0,0,0
"E00091139",7,4,3
"E00091140",2,1,1
"E00091141",0,0,0
"E00091142",1,1,0
"E00091143",3,0,3
"E00091144",0,0,0
"E00091145",4,3,1
"E00091146",3,1,2
"E00091147",3,1,2
"E00091148",3,1,2
"E00091149",3,2,1
"E00091150",1,0,1
"E00091151",4,2,2
"E00091152",1,1,0
"E00091153",3,1,2
"E00091154",1,1,0
"E00091155",8,3,5
"E00091156",4,3,1
"E00091157",2,0,2
"E00091158",5,3,2
"E00091159",2,2,0
"E00091160",1,1,0
"E00091161",1,0,1
"E00091162",0,0,0
"E00091163",2,2,0
"E00091164",4,0,4
"E00091165",5,4,1
"E00091166",0,0,0
"E00091167",1,1,0
"E00091168",1,1,0
"E00091169",6,2,4
"E00091170",0,0,0
"E00091171",3,1,2
"E00091172",2,1,1
"E00091173",0,0,0
"E00091174",4,2,2
"E00091175",2,2,0
"E00091176",1,1,0
"E00091177",0,0,0
"E00091178",2,1,1
"E00091179",3,1,2
"E00091180",4,1,3
"E00091181",4,2,2
"E00091182",2,1,1
"E00091183",0,0,0
"E00091184",1,1,0
"E00091185",3,0,3
"E00091186",4,3,1
"E00091187",0,0,0
"E00091188",9,5,4
"E00091189",3,3,0
"E00091190",3,2,1
"E00091191",1,0,1
"E00091192",4,3,1
"E00091193",6,0,6
"E00091194",3,3,0
"E00091195",1,0,1
"E00091196",6,3,3
"E00091197",4,1,3
"E00091199",0,0,0
"E00091200",1,1,0
"E00091201",0,0,0
"E00091202",0,0,0
"E00091203",0,0,0
"E00091204",0,0,0
"E00091205",0,0,0
"E00091206",0,0,0
"E00091207",2,1,1
"E00091208",5,4,1
"E00091209",2,2,0
"E00091210",0,0,0
"E00091211",2,1,1
"E00091212",0,0,0
"E00091213",2,1,1
"E00091214",0,0,0
"E00091215",5,2,3
"E00091216",2,1,1
"E00091217",5,1,4
"E00091218",0,0,0
"E00091219",2,2,0
"E00091220",2,1,1
"E00091221",1,1,0
"E00091222",6,4,2
"E00091223",2,1,1
"E00091224",1,0,1
"E00091225",0,0,0
"E00091226",1,0,1
"E00091228",6,2,4
"E00091229",3,1,2
"E00091230",1,1,0
"E00091231",4,2,2
"E00091232",4,3,1
"E00091233",5,2,3
"E00091234",1,0,1
"E00091235",2,0,2
"E00091236",6,3,3
"E00091237",1,0,1
"E00091238",5,4,1
"E00091239",1,0,1
"E00091240",5,0,5
"E00091241",3,2,1
"E00091242",3,2,1
"E00091243",5,4,1
"E00091244",3,2,1
"E00091245",4,3,1
"E00091246",0,0,0
"E00091247",3,0,3
"E00091248",9,5,4
"E00091249",6,2,4
"E00091250",4,3,1
"E00091251",4,1,3
"E00091252",1,1,0
"E00091253",5,2,3
"E00091254",9,4,5
"E00091255",2,1,1
"E00091256",0,0,0
"E00091257",1,1,0
"E00091258",1,0,1
"E00091259",7,4,3
"E00091260",1,0,1
"E00091261",3,2,1
"E00091262",4,3,1
"E00091263",0,0,0
"E00091265",2,2,0
"E00091266",6,3,3
"E00091267",1,1,0
"E00091269",0,0,0
"E00091270",0,0,0
"E00091271",1,0,1
"E00091272",0,0,0
"E00091273",0,0,0
"E00091274",10,5,5
"E00091275",6,3,3
"E00091276",8,4,4
"E00091277",5,5,0
"E00091278",4,2,2
"E00091279",2,2,0
"E00091280",3,1,2
"E00091281",6,5,1
"E00091282",3,2,1
"E00091283",8,3,5
"E00091284",3,1,2
"E00091285",3,2,1
"E00091286",3,2,1
"E00091287",1,0,1
"E00091288",0,0,0
"E00091289",3,1,2
"E00091290",4,3,1
"E00091291",0,0,0
"E00091292",1,1,0
"E00091293",13,6,7
"E00091294",8,5,3
"E00091295",2,1,1
"E00091296",1,0,1
"E00091297",3,1,2
"E00091298",5,1,4
"E00091299",3,2,1
"E00091300",0,0,0
"E00091301",1,0,1
"E00091302",0,0,0
"E00091303",5,4,1
"E00091304",1,0,1
"E00091305",0,0,0
"E00091306",5,3,2
"E00091307",2,1,1
"E00091308",2,2,0
"E00091309",5,2,3
"E00091310",3,1,2
"E00091311",8,6,2
"E00091312",3,2,1
"E00091313",1,0,1
"E00091314",1,0,1
"E00091315",1,1,0
"E00091316",8,4,4
"E00091317",6,4,2
"E00091318",2,1,1
"E00091319",5,1,4
"E00091320",2,1,1
"E00091321",3,0,3
"E00091322",5,2,3
"E00091323",3,2,1
"E00091324",0,0,0
"E00091325",1,0,1
"E00091326",2,2,0
"E00091327",7,2,5
"E00091328",2,1,1
"E00091329",3,1,2
"E00091330",5,3,2
"E00091331",3,1,2
"E00091332",3,1,2
"E00091333",2,0,2
"E00091334",3,2,1
"E00091335",6,2,4
"E00091336",7,5,2
"E00091337",2,2,0
"E00091338",3,2,1
"E00091339",1,1,0
"E00091340",6,3,3
"E00091341",2,2,0
"E00091342",1,1,0
"E00091343",0,0,0
"E00091344",0,0,0
"E00091345",2,1,1
"E00091346",0,0,0
"E00091347",5,3,2
"E00091348",3,1,2
"E00091349",1,1,0
"E00091350",2,1,1
"E00091351",3,1,2
"E00091352",0,0,0
"E00091353",4,0,4
"E00091354",0,0,0
"E00091355",6,1,5
"E00091356",3,1,2
"E00091357",0,0,0
"E00091358",0,0,0
"E00091359",4,3,1
"E00091360",2,1,1
"E00091361",2,1,1
"E00091362",3,2,1
"E00091363",0,0,0
"E00091364",1,0,1
"E00091365",1,1,0
"E00091366",0,0,0
"E00091367",3,2,1
"E00091368",1,0,1
"E00091369",3,1,2
"E00091370",4,3,1
"E00091371",4,0,4
"E00091372",5,4,1
"E00091373",1,1,0
"E00091374",6,5,1
"E00091375",3,1,2
"E00091376",0,0,0
"E00091377",8,2,6
"E00091378",9,5,4
"E00091379",6,3,3
"E00091380",0,0,0
"E00091381",5,4,1
"E00091382",2,1,1
"E00091383",8,2,6
"E00091384",4,2,2
"E00091385",4,4,0
"E00091386",4,2,2
"E00091387",4,2,2
"E00091388",8,5,3
"E00091389",1,1,0
"E00091390",9,5,4
"E00091391",4,4,0
"E00091392",4,3,1
"E00091395",7,4,3
"E00091396",4,3,1
"E00091397",10,6,4
"E00091398",3,1,2
"E00091399",6,3,3
"E00091400",13,5,8
"E00091401",9,3,6
"E00091402",12,7,5
"E00091403",1,0,1
"E00091404",8,4,4
"E00091405",7,4,3
"E00091406",19,11,8
"E00091407",8,3,5
"E00091408",12,9,3
"E00091409",6,1,5
"E00091410",4,2,2
"E00091411",5,4,1
"E00091412",16,6,10
"E00091413",10,6,4
"E00091414",3,1,2
"E00091416",1,0,1
"E00091417",9,4,5
"E00091418",9,4,5
"E00091419",2,0,2
"E00091420",3,1,2
"E00091421",3,2,1
"E00091422",8,3,5
"E00091423",3,2,1
"E00091424",6,0,6
"E00091425",7,3,4
"E00091426",9,6,3
"E00091427",4,1,3
"E00091428",5,2,3
"E00091429",7,4,3
"E00091430",9,6,3
"E00091431",14,7,7
"E00091432",4,1,3
"E00091433",7,4,3
"E00091434",0,0,0
"E00091435",10,6,4
"E00091436",11,7,4
"E00091437",7,4,3
"E00091438",7,3,4
"E00091439",8,5,3
"E00091440",3,1,2
"E00091441",11,7,4
"E00091442",7,3,4
"E00091443",3,1,2
"E00091444",7,4,3
"E00091445",4,4,0
"E00091446",4,2,2
"E00091447",11,6,5
"E00091448",2,0,2
"E00091449",9,3,6
"E00091450",13,4,9
"E00091451",4,2,2
"E00091452",8,6,2
"E00091453",7,3,4
"E00091454",11,6,5
"E00091455",5,2,3
"E00091456",7,3,4
"E00091457",8,3,5
"E00091458",6,4,2
"E00091459",6,1,5
"E00091460",11,4,7
"E00091461",4,2,2
"E00091462",6,3,3
"E00091463",8,1,7
"E00091464",11,7,4
"E00091465",4,1,3
"E00091466",9,2,7
"E00091467",0,0,0
"E00091468",4,1,3
"E00091469",5,2,3
"E00091470",5,3,2
"E00091471",1,0,1
"E00091473",1,0,1
"E00091474",3,2,1
"E00091475",6,4,2
"E00091476",4,1,3
"E00091477",26,17,9
"E00091478",12,9,3
"E00091479",5,1,4
"E00091480",5,5,0
"E00091481",3,1,2
"E00091482",4,2,2
"E00091483",3,2,1
"E00091484",2,1,1
"E00091485",2,1,1
"E00091486",3,2,1
"E00091487",4,3,1
"E00091488",5,2,3
"E00091489",5,3,2
"E00091490",9,6,3
"E00091491",1,0,1
"E00091492",6,1,5
"E00091493",4,4,0
"E00091494",9,4,5
"E00091495",6,2,4
"E00091496",0,0,0
"E00091497",8,5,3
"E00091498",21,8,13
"E00091499",7,1,6
"E00091500",2,1,1
"E00091501",2,0,2
"E00091502",5,3,2
"E00091503",9,5,4
"E00091504",6,2,4
"E00091505",13,5,8
"E00091506",5,1,4
"E00091507",9,6,3
"E00091509",0,0,0
"E00091510",7,3,4
"E00091511",0,0,0
"E00091512",6,4,2
"E00091513",8,2,6
"E00091514",1,1,0
"E00091515",4,1,3
"E00091516",3,2,1
"E00091517",0,0,0
"E00091518",2,0,2
"E00091519",3,1,2
"E00091520",2,2,0
"E00091521",6,4,2
"E00091522",3,2,1
"E00091523",1,0,1
"E00091524",0,0,0
"E00091525",1,0,1
"E00091526",2,0,2
"E00091527",0,0,0
"E00091528",0,0,0
"E00091529",2,2,0
"E00091530",2,2,0
"E00091531",4,2,2
"E00091532",1,0,1
"E00091533",4,2,2
"E00091534",6,2,4
"E00091535",1,0,1
"E00091536",1,0,1
"E00091537",2,0,2
"E00091538",1,0,1
"E00091539",1,1,0
"E00091540",3,0,3
"E00091541",0,0,0
"E00091542",2,1,1
"E00091543",2,0,2
"E00091544",0,0,0
"E00091545",5,3,2
"E00091546",3,2,1
"E00091547",1,0,1
"E00091548",0,0,0
"E00091549",0,0,0
"E00091550",5,4,1
"E00091551",0,0,0
"E00091552",2,1,1
"E00091553",4,2,2
"E00091554",3,3,0
"E00091556",3,2,1
"E00091557",6,6,0
"E00091558",7,5,2
"E00091559",13,4,9
"E00091560",1,0,1
"E00091561",8,7,1
"E00091562",0,0,0
"E00091563",6,4,2
"E00091564",4,2,2
"E00091565",1,1,0
"E00091567",1,0,1
"E00091568",18,9,9
"E00091571",2,2,0
"E00091572",3,3,0
"E00091573",7,6,1
"E00091574",8,4,4
"E00091575",1,0,1
"E00091576",5,1,4
"E00091578",3,1,2
"E00091579",4,2,2
"E00091580",6,5,1
"E00091581",5,2,3
"E00091582",7,5,2
"E00091583",3,3,0
"E00091584",9,7,2
"E00091585",12,8,4
"E00091586",1,0,1
"E00091587",13,10,3
"E00091588",9,4,5
"E00091589",0,0,0
"E00091590",6,5,1
"E00091591",6,2,4
"E00091592",5,3,2
"E00091593",5,3,2
"E00091594",6,5,1
"E00091595",8,5,3
"E00091596",1,1,0
"E00091597",7,5,2
"E00091598",0,0,0
"E00091599",8,5,3
"E00091600",8,3,5
"E00091601",2,1,1
"E00091602",0,0,0
"E00091603",13,5,8
"E00091604",18,11,7
"E00091605",4,2,2
"E00091606",6,4,2
"E00091607",8,5,3
"E00091608",3,1,2
"E00091609",8,5,3
"E00091610",3,2,1
"E00091611",1,0,1
"E00091612",7,3,4
"E00091613",3,3,0
"E00091614",2,0,2
"E00091615",4,3,1
"E00091616",2,0,2
"E00091617",4,2,2
"E00091618",1,0,1
"E00091619",2,1,1
"E00091620",0,0,0
"E00091621",3,2,1
"E00091622",0,0,0
"E00091623",0,0,0
"E00091624",2,1,1
"E00091626",8,5,3
"E00091627",9,4,5
"E00091628",8,7,1
"E00091629",9,2,7
"E00091630",3,3,0
"E00091631",0,0,0
"E00091632",1,0,1
"E00091633",1,0,1
"E00091634",3,2,1
"E00091635",9,6,3
"E00091636",4,3,1
"E00091637",0,0,0
"E00091638",3,3,0
"E00091639",6,4,2
"E00091640",2,0,2
"E00091641",2,1,1
"E00091642",18,2,16
"E00091643",2,0,2
"E00091644",3,1,2
"E00091645",3,1,2
"E00091646",6,4,2
"E00091647",1,0,1
"E00091648",5,3,2
"E00091649",3,0,3
"E00091650",9,4,5
"E00091651",2,0,2
"E00091652",0,0,0
"E00091653",4,2,2
"E00091654",7,3,4
"E00091655",6,2,4
"E00091656",0,0,0
"E00091657",2,2,0
"E00091658",1,0,1
"E00091659",1,0,1
"E00091660",0,0,0
"E00091661",0,0,0
"E00091662",10,6,4
"E00091663",5,0,5
"E00091664",12,5,7
"E00091665",5,2,3
"E00091666",5,2,3
"E00091667",1,1,0
"E00091668",4,3,1
"E00091669",8,4,4
"E00091670",4,2,2
"E00091671",4,3,1
"E00091672",4,1,3
"E00091673",17,9,8
"E00091674",0,0,0
"E00091675",3,2,1
"E00091676",5,0,5
"E00091677",3,0,3
"E00091678",5,2,3
"E00091679",3,1,2
"E00091680",2,1,1
"E00091681",9,2,7
"E00091682",14,5,9
"E00091683",8,3,5
"E00091684",8,4,4
"E00091685",4,0,4
"E00091686",0,0,0
"E00091687",8,3,5
"E00091688",5,1,4
"E00091689",11,6,5
"E00091690",5,1,4
"E00091691",2,2,0
"E00091692",7,3,4
"E00091693",0,0,0
"E00091694",4,3,1
"E00091695",1,0,1
"E00091696",11,9,2
"E00091697",5,1,4
"E00091698",2,0,2
"E00091699",1,0,1
"E00091700",12,6,6
"E00091701",3,2,1
"E00091702",7,1,6
"E00091703",3,1,2
"E00091704",1,0,1
"E00091705",6,3,3
"E00091706",0,0,0
"E00091707",0,0,0
"E00091708",0,0,0
"E00091709",3,1,2
"E00091710",5,3,2
"E00091711",4,2,2
"E00091712",1,1,0
"E00091713",2,0,2
"E00091714",2,1,1
"E00091715",1,1,0
"E00091716",2,1,1
"E00091717",0,0,0
"E00091718",1,1,0
"E00091720",0,0,0
"E00091721",5,3,2
"E00091722",4,2,2
"E00091723",0,0,0
"E00091724",1,1,0
"E00091725",3,1,2
"E00091726",2,2,0
"E00091727",5,3,2
"E00091728",0,0,0
"E00091729",2,2,0
"E00091730",4,1,3
"E00091731",2,2,0
"E00091732",4,1,3
"E00091733",3,0,3
"E00091734",1,1,0
"E00091735",1,0,1
"E00091736",2,0,2
"E00091737",7,0,7
"E00091738",2,0,2
"E00091739",10,7,3
"E00091740",2,2,0
"E00091741",1,1,0
"E00091742",0,0,0
"E00091743",2,2,0
"E00091744",1,1,0
"E00091745",1,1,0
"E00091746",0,0,0
"E00091747",1,0,1
"E00091748",1,0,1
"E00091749",0,0,0
"E00091750",6,4,2
"E00091751",14,9,5
"E00091752",1,1,0
"E00091753",5,2,3
"E00091754",3,3,0
"E00091755",5,2,3
"E00091756",2,0,2
"E00091757",1,0,1
"E00091758",3,2,1
"E00091759",0,0,0
"E00091760",0,0,0
"E00091761",6,2,4
"E00091762",6,3,3
"E00091763",0,0,0
"E00091764",5,0,5
"E00091765",2,1,1
"E00091766",5,2,3
"E00091767",1,0,1
"E00091768",2,0,2
"E00091769",6,1,5
"E00091770",2,1,1
"E00091771",7,5,2
"E00091772",3,0,3
"E00091773",7,4,3
"E00091774",4,2,2
"E00091775",0,0,0
"E00091776",4,3,1
"E00091777",5,5,0
"E00091778",3,3,0
"E00091779",6,3,3
"E00091780",4,1,3
"E00091781",11,5,6
"E00091782",2,0,2
"E00091783",0,0,0
"E00091784",0,0,0
"E00091785",0,0,0
"E00091786",1,1,0
"E00091787",8,3,5
"E00091788",6,5,1
"E00091789",1,0,1
"E00091790",5,2,3
"E00091791",11,6,5
"E00091792",7,4,3
"E00091793",0,0,0
"E00091794",7,4,3
"E00091795",6,2,4
"E00091796",5,3,2
"E00091797",5,3,2
"E00091798",1,0,1
"E00091799",5,4,1
"E00091800",7,2,5
"E00091801",6,3,3
"E00091802",5,1,4
"E00091803",4,2,2
"E00091804",2,1,1
"E00091805",4,1,3
"E00091806",1,0,1
"E00091807",4,3,1
"E00091808",7,4,3
"E00091809",9,5,4
"E00091810",5,4,1
"E00091811",0,0,0
"E00091812",2,1,1
"E00091813",4,2,2
"E00091814",5,3,2
"E00091815",7,2,5
"E00091816",5,2,3
"E00091817",4,2,2
"E00091818",3,2,1
"E00091819",5,3,2
"E00091820",12,7,5
"E00091821",6,2,4
"E00091822",8,4,4
"E00091823",3,1,2
"E00091824",1,1,0
"E00091825",12,5,7
"E00091826",5,1,4
"E00091827",5,2,3
"E00091828",5,2,3
"E00091829",7,5,2
"E00091830",15,2,13
"E00091831",10,5,5
"E00091832",9,3,6
"E00091833",8,2,6
"E00091834",2,2,0
"E00091835",11,5,6
"E00091836",6,3,3
"E00091837",8,5,3
"E00091838",9,3,6
"E00091839",10,3,7
"E00091841",4,3,1
"E00091842",2,1,1
"E00091843",4,2,2
"E00091844",9,6,3
"E00091845",4,2,2
"E00091846",0,0,0
"E00091847",4,3,1
"E00091848",14,8,6
"E00091849",6,1,5
"E00091850",4,2,2
"E00091851",3,1,2
"E00091852",5,0,5
"E00091853",2,2,0
"E00091854",5,3,2
"E00091855",0,0,0
"E00091856",5,2,3
"E00091857",10,6,4
"E00091858",2,1,1
"E00091859",6,2,4
"E00091860",2,1,1
"E00091861",5,2,3
"E00091862",10,3,7
"E00091863",11,4,7
"E00091864",8,4,4
"E00091865",13,7,6
"E00091866",4,2,2
"E00091867",7,3,4
"E00091868",5,3,2
"E00091869",3,1,2
"E00091870",3,1,2
"E00091871",2,1,1
"E00091872",1,1,0
"E00091873",5,3,2
"E00091874",3,0,3
"E00091875",5,2,3
"E00091876",1,0,1
"E00091877",7,4,3
"E00091878",10,2,8
"E00091879",1,1,0
"E00091881",1,0,1
"E00091882",0,0,0
"E00091884",0,0,0
"E00091885",1,0,1
"E00091887",3,0,3
"E00091888",1,0,1
"E00091889",1,1,0
"E00091890",5,2,3
"E00091891",7,2,5
"E00091892",4,2,2
"E00091893",3,2,1
"E00091894",3,2,1
"E00091895",5,1,4
"E00091896",11,7,4
"E00091897",10,5,5
"E00091898",8,6,2
"E00091899",2,1,1
"E00091900",8,4,4
"E00091901",5,2,3
"E00091902",15,11,4
"E00091903",4,2,2
"E00091904",10,3,7
"E00091905",15,10,5
"E00091906",26,12,14
"E00091907",11,5,6
"E00091908",18,11,7
"E00091909",3,2,1
"E00091910",2,0,2
"E00091911",4,3,1
"E00091912",13,4,9
"E00091913",4,1,3
"E00091914",5,2,3
"E00091915",4,2,2
"E00091916",11,4,7
"E00091917",6,2,4
"E00091918",0,0,0
"E00091919",3,0,3
"E00091920",0,0,0
"E00091921",3,3,0
"E00091922",5,4,1
"E00091923",14,7,7
"E00091924",8,6,2
"E00091925",6,4,2
"E00091926",6,5,1
"E00091927",7,2,5
"E00091928",6,5,1
"E00091929",9,6,3
"E00091930",21,12,9
"E00091931",5,3,2
"E00091932",6,2,4
"E00091933",1,1,0
"E00091934",13,4,9
"E00091935",6,2,4
"E00091936",7,4,3
"E00091937",0,0,0
"E00091938",10,5,5
"E00091939",4,2,2
"E00091940",8,6,2
"E00091941",5,3,2
"E00091942",1,1,0
"E00091943",6,4,2
"E00091944",9,6,3
"E00091945",1,1,0
"E00091946",9,5,4
"E00091947",8,3,5
"E00091948",2,2,0
"E00091949",10,3,7
"E00091950",10,6,4
"E00091951",2,0,2
"E00091952",9,5,4
"E00091953",0,0,0
"E00091954",5,1,4
"E00091957",7,3,4
"E00091958",9,3,6
"E00091960",9,2,7
"E00091962",7,3,4
"E00091963",10,3,7
"E00091965",16,7,9
"E00091966",8,2,6
"E00091967",8,4,4
"E00091968",10,2,8
"E00091969",8,6,2
"E00091970",3,1,2
"E00091971",10,5,5
"E00091972",8,4,4
"E00091973",5,1,4
"E00091974",9,5,4
"E00091975",12,9,3
"E00091976",16,12,4
"E00091977",1,1,0
"E00091978",6,1,5
"E00091979",3,2,1
"E00091980",10,6,4
"E00091981",3,1,2
"E00091982",9,6,3
"E00091983",7,1,6
"E00091984",8,6,2
"E00091985",3,2,1
"E00091986",6,1,5
"E00091987",6,5,1
"E00091988",6,5,1
"E00091989",6,2,4
"E00091990",6,5,1
"E00091991",13,5,8
"E00091992",7,5,2
"E00091993",2,1,1
"E00091994",9,7,2
"E00091995",6,3,3
"E00091996",11,6,5
"E00091997",6,2,4
"E00091998",8,5,3
"E00091999",7,5,2
"E00092000",5,5,0
"E00092001",14,8,6
"E00092002",9,4,5
"E00092003",4,1,3
"E00092004",7,7,0
"E00092005",9,2,7
"E00092006",11,3,8
"E00092007",13,7,6
"E00092008",4,2,2
"E00092009",9,5,4
"E00092010",5,2,3
"E00092011",8,4,4
"E00092012",7,5,2
"E00092013",3,1,2
"E00092014",16,7,9
"E00092015",7,7,0
"E00092016",7,3,4
"E00092017",7,2,5
"E00092018",13,9,4
"E00092019",7,4,3
"E00092020",10,3,7
"E00092021",8,5,3
"E00092022",3,1,2
"E00092023",7,4,3
"E00092024",10,8,2
"E00092025",0,0,0
"E00092026",2,1,1
"E00092027",1,0,1
"E00092028",1,0,1
"E00092029",5,4,1
"E00092030",4,2,2
"E00092031",1,1,0
"E00092032",1,0,1
"E00092033",8,6,2
"E00092034",0,0,0
"E00092035",7,1,6
"E00092036",2,1,1
"E00092037",4,3,1
"E00092038",6,3,3
"E00092039",0,0,0
"E00092040",7,3,4
"E00092041",7,4,3
"E00092042",7,3,4
"E00092043",2,1,1
"E00092044",3,0,3
"E00092045",6,5,1
"E00092046",11,6,5
"E00092047",3,2,1
"E00092048",6,1,5
"E00092049",15,6,9
"E00092050",11,3,8
"E00092051",6,2,4
"E00092052",0,0,0
"E00092055",12,5,7
"E00092056",9,5,4
"E00092057",9,4,5
"E00092058",5,3,2
"E00092059",2,1,1
"E00092060",7,2,5
"E00092061",4,3,1
"E00092062",3,2,1
"E00092063",8,5,3
"E00092064",16,10,6
"E00092065",7,1,6
"E00092066",4,2,2
"E00092067",10,3,7
"E00092068",3,2,1
"E00092069",4,2,2
"E00092070",8,5,3
"E00092071",12,9,3
"E00092072",6,2,4
"E00092073",10,1,9
"E00092074",6,3,3
"E00092075",7,5,2
"E00092076",8,4,4
"E00092077",8,4,4
"E00092078",6,3,3
"E00092079",13,7,6
"E00092080",11,4,7
"E00092081",10,4,6
"E00092082",4,2,2
"E00092083",5,4,1
"E00092084",6,2,4
"E00092085",6,2,4
"E00092086",0,0,0
"E00092087",9,4,5
"E00092088",5,1,4
"E00092089",10,4,6
"E00092090",2,1,1
"E00092091",4,3,1
"E00092092",1,0,1
"E00092093",7,2,5
"E00092094",6,3,3
"E00092095",13,6,7
"E00092096",9,6,3
"E00092097",9,4,5
"E00092098",2,2,0
"E00092099",7,5,2
"E00092100",8,6,2
"E00092101",17,12,5
"E00092102",9,3,6
"E00092103",9,3,6
"E00092105",1,0,1
"E00092106",5,3,2
"E00092107",11,9,2
"E00092108",4,2,2
"E00092109",5,4,1
"E00092110",8,4,4
"E00092111",4,2,2
"E00092112",15,8,7
"E00092113",9,3,6
"E00092114",6,3,3
"E00092115",4,2,2
"E00092116",4,1,3
"E00092117",8,3,5
"E00092118",3,2,1
"E00092119",4,2,2
"E00092120",3,2,1
"E00092121",3,3,0
"E00092122",6,6,0
"E00092123",8,5,3
"E00092124",2,2,0
"E00092125",7,3,4
"E00092126",2,1,1
"E00092128",1,0,1
"E00092129",2,0,2
"E00092130",1,0,1
"E00092131",11,8,3
"E00092132",8,5,3
"E00092133",7,4,3
"E00092134",3,1,2
"E00092135",14,10,4
"E00092136",6,3,3
"E00092137",0,0,0
"E00092138",5,0,5
"E00092139",6,5,1
"E00092140",2,1,1
"E00092141",5,2,3
"E00092142",4,1,3
"E00092143",21,9,12
"E00092144",8,4,4
"E00092145",2,1,1
"E00092146",10,5,5
"E00092147",3,1,2
"E00092148",1,0,1
"E00092149",1,1,0
"E00092150",10,4,6
"E00092151",6,2,4
"E00092152",10,7,3
"E00092153",5,2,3
"E00092154",8,3,5
"E00092155",7,2,5
"E00092156",3,3,0
"E00092157",4,2,2
"E00092158",18,11,7
"E00092159",14,9,5
"E00092160",2,1,1
"E00092161",3,2,1
"E00092162",2,0,2
"E00092163",5,4,1
"E00092164",5,2,3
"E00092165",0,0,0
"E00092166",9,6,3
"E00092167",12,8,4
"E00092168",11,7,4
"E00092169",2,1,1
"E00092170",1,1,0
"E00092171",4,3,1
"E00092172",7,2,5
"E00092173",10,3,7
"E00092174",1,0,1
"E00092175",10,4,6
"E00092176",11,6,5
"E00092177",8,5,3
"E00092178",4,4,0
"E00092179",15,6,9
"E00092180",9,7,2
"E00092181",5,2,3
"E00092182",12,4,8
"E00092183",0,0,0
"E00092184",7,4,3
"E00092185",4,0,4
"E00092186",5,1,4
"E00092187",2,0,2
"E00092188",6,4,2
"E00092189",5,0,5
"E00092190",12,10,2
"E00092193",3,1,2
"E00092194",6,1,5
"E00092195",7,3,4
"E00092196",0,0,0
"E00092197",2,1,1
"E00092198",4,3,1
"E00092199",0,0,0
"E00092200",2,0,2
"E00092201",4,4,0
"E00092202",4,1,3
"E00092203",9,5,4
"E00092204",7,2,5
"E00092205",7,3,4
"E00092206",6,5,1
"E00092207",4,0,4
"E00092208",3,1,2
"E00092209",5,0,5
"E00092210",10,6,4
"E00092211",4,4,0
"E00092212",1,0,1
"E00092213",1,0,1
"E00092214",2,1,1
"E00092215",2,0,2
"E00092216",9,4,5
"E00092217",12,5,7
"E00092218",7,2,5
"E00092219",8,2,6
"E00092220",6,4,2
"E00092221",6,4,2
"E00092222",3,2,1
"E00092223",8,2,6
"E00092224",1,0,1
"E00092225",8,6,2
"E00092226",6,4,2
"E00092227",2,1,1
"E00092228",3,1,2
"E00092229",0,0,0
"E00092230",2,1,1
"E00092231",5,4,1
"E00092232",2,1,1
"E00092233",5,2,3
"E00092234",7,1,6
"E00092235",2,2,0
"E00092236",0,0,0
"E00092237",8,5,3
"E00092238",6,3,3
"E00092239",16,11,5
"E00092240",2,0,2
"E00092241",9,5,4
"E00092242",8,5,3
"E00092243",4,2,2
"E00092244",4,4,0
"E00092245",2,1,1
"E00092246",5,5,0
"E00092247",0,0,0
"E00092248",11,6,5
"E00092249",12,5,7
"E00092250",6,3,3
"E00092251",6,1,5
"E00092252",1,1,0
"E00092253",8,2,6
"E00092254",4,3,1
"E00092255",0,0,0
"E00092256",0,0,0
"E00092257",6,3,3
"E00092258",11,6,5
"E00092259",0,0,0
"E00092260",2,2,0
"E00092261",10,6,4
"E00092262",9,3,6
"E00092263",0,0,0
"E00092264",5,2,3
"E00092265",5,1,4
"E00092266",8,4,4
"E00092267",5,2,3
"E00092268",10,6,4
"E00092269",9,6,3
"E00092270",6,2,4
"E00092271",8,3,5
"E00092272",7,4,3
"E00092273",7,6,1
"E00092274",12,6,6
"E00092275",3,1,2
"E00092276",10,6,4
"E00092277",8,4,4
"E00092278",16,5,11
"E00092279",6,5,1
"E00092280",9,5,4
"E00092281",1,1,0
"E00092282",8,3,5
"E00092283",3,1,2
"E00092284",10,1,9
"E00092285",6,2,4
"E00092286",9,4,5
"E00092287",8,4,4
"E00092288",1,0,1
"E00092289",1,1,0
"E00092290",10,3,7
"E00092291",1,1,0
"E00092292",7,5,2
"E00092293",9,4,5
"E00092294",3,1,2
"E00092295",9,5,4
"E00092296",0,0,0
"E00092297",1,0,1
"E00092298",5,2,3
"E00092299",5,3,2
"E00092300",6,1,5
"E00092301",2,1,1
"E00092302",7,3,4
"E00092303",0,0,0
"E00092304",9,6,3
"E00092305",18,12,6
"E00092306",0,0,0
"E00092308",4,1,3
"E00092309",10,5,5
"E00092310",19,8,11
"E00092311",11,4,7
"E00092312",9,7,2
"E00092313",4,1,3
"E00092314",10,5,5
"E00092315",8,3,5
"E00092316",13,6,7
"E00092317",4,4,0
"E00092318",7,2,5
"E00092319",8,6,2
"E00092320",6,1,5
"E00092321",1,0,1
"E00092322",12,5,7
"E00092323",4,1,3
"E00092324",3,0,3
"E00092326",9,5,4
"E00092327",3,2,1
"E00092328",5,3,2
"E00092329",4,1,3
"E00092330",9,6,3
"E00092331",5,4,1
"E00092332",7,4,3
"E00092333",9,5,4
"E00092334",2,2,0
"E00092335",4,1,3
"E00092336",5,1,4
"E00092337",3,3,0
"E00092338",5,3,2
"E00092339",0,0,0
"E00092340",0,0,0
"E00092341",0,0,0
"E00092342",0,0,0
"E00092343",5,2,3
"E00092344",0,0,0
"E00092345",2,1,1
"E00092346",9,5,4
"E00092347",4,0,4
"E00092348",2,1,1
"E00092349",1,0,1
"E00092350",2,1,1
"E00092351",4,2,2
"E00092352",0,0,0
"E00092353",2,2,0
"E00092354",9,4,5
"E00092355",4,2,2
"E00092356",1,0,1
"E00092357",0,0,0
"E00092358",1,1,0
"E00092359",1,0,1
"E00092360",3,0,3
"E00092361",2,2,0
"E00092362",1,1,0
"E00092363",0,0,0
"E00092364",1,0,1
"E00092365",7,5,2
"E00092366",1,0,1
"E00092367",6,2,4
"E00092368",0,0,0
"E00092369",1,1,0
"E00092370",2,0,2
"E00092371",1,1,0
"E00092372",1,0,1
"E00092373",6,3,3
"E00092374",2,0,2
"E00092375",3,0,3
"E00092376",0,0,0
"E00092377",1,0,1
"E00092378",2,0,2
"E00092379",3,2,1
"E00092380",2,1,1
"E00092381",0,0,0
"E00092382",0,0,0
"E00092383",1,1,0
"E00092384",2,0,2
"E00092385",2,0,2
"E00092387",4,3,1
"E00092388",1,1,0
"E00092389",1,1,0
"E00092392",2,1,1
"E00092393",6,4,2
"E00092394",3,2,1
"E00092395",0,0,0
"E00092396",0,0,0
"E00092397",9,5,4
"E00092398",3,1,2
"E00092399",6,4,2
"E00092400",6,3,3
"E00092401",6,2,4
"E00092402",4,3,1
"E00092403",4,3,1
"E00092404",7,5,2
"E00092405",4,2,2
"E00092406",10,8,2
"E00092407",11,7,4
"E00092408",13,5,8
"E00092409",7,4,3
"E00092410",8,3,5
"E00092411",2,1,1
"E00092412",2,2,0
"E00092413",4,2,2
"E00092414",4,3,1
"E00092415",7,6,1
"E00092416",7,4,3
"E00092417",3,0,3
"E00092418",9,5,4
"E00092419",12,6,6
"E00092420",5,2,3
"E00092421",12,4,8
"E00092422",8,1,7
"E00092423",8,5,3
"E00092424",10,6,4
"E00092425",3,1,2
"E00092426",7,2,5
"E00092427",5,3,2
"E00092428",3,2,1
"E00092429",3,2,1
"E00092430",2,1,1
"E00092431",3,1,2
"E00092432",4,3,1
"E00092433",4,2,2
"E00092434",3,2,1
"E00092435",0,0,0
"E00092436",3,2,1
"E00092437",8,3,5
"E00092438",0,0,0
"E00092439",0,0,0
"E00092440",0,0,0
"E00092441",7,3,4
"E00092442",1,0,1
"E00092443",8,5,3
"E00092444",2,2,0
"E00092446",0,0,0
"E00092447",4,1,3
"E00092448",3,1,2
"E00092449",4,2,2
"E00092450",3,1,2
"E00092451",18,10,8
"E00092453",3,0,3
"E00092454",1,0,1
"E00092455",3,1,2
"E00092456",17,12,5
"E00092457",6,2,4
"E00092458",3,1,2
"E00092459",6,4,2
"E00092460",9,5,4
"E00092461",7,4,3
"E00092462",11,2,9
"E00092463",9,3,6
"E00092464",8,6,2
"E00092465",11,6,5
"E00092466",6,2,4
"E00092467",7,3,4
"E00092468",9,5,4
"E00092469",11,5,6
"E00092470",11,7,4
"E00092471",9,4,5
"E00092472",1,0,1
"E00092473",7,5,2
"E00092474",2,2,0
"E00092475",5,4,1
"E00092476",5,5,0
"E00092477",7,4,3
"E00092478",3,2,1
"E00092479",3,2,1
"E00092480",7,4,3
"E00092481",3,2,1
"E00092482",2,1,1
"E00092483",9,2,7
"E00092484",6,3,3
"E00092485",1,1,0
"E00092486",0,0,0
"E00092487",5,2,3
"E00092488",6,4,2
"E00092489",1,0,1
"E00092490",4,3,1
"E00092491",5,3,2
"E00092492",4,2,2
"E00092493",2,2,0
"E00092494",2,0,2
"E00092495",4,3,1
"E00092496",4,1,3
"E00092497",3,2,1
"E00092498",4,2,2
"E00092499",4,2,2
"E00092500",3,0,3
"E00092501",5,1,4
"E00092502",6,2,4
"E00092503",3,1,2
"E00092504",2,1,1
"E00092505",10,2,8
"E00092506",7,4,3
"E00092507",3,1,2
"E00092508",4,4,0
"E00092509",0,0,0
"E00092510",1,1,0
"E00092511",0,0,0
"E00092512",2,1,1
"E00092513",4,1,3
"E00092514",0,0,0
"E00092515",0,0,0
"E00092516",8,4,4
"E00092517",0,0,0
"E00092518",8,4,4
"E00092519",5,3,2
"E00092520",0,0,0
"E00092521",0,0,0
"E00092522",1,0,1
"E00092523",0,0,0
"E00092524",2,0,2
"E00092525",2,0,2
"E00092526",7,4,3
"E00092527",0,0,0
"E00092528",6,1,5
"E00092529",5,4,1
"E00092530",2,1,1
"E00092531",6,4,2
"E00092532",5,0,5
"E00092533",8,2,6
"E00092534",7,2,5
"E00092535",6,4,2
"E00092536",7,2,5
"E00092537",7,3,4
"E00092538",6,3,3
"E00092539",10,3,7
"E00092540",0,0,0
"E00092541",3,2,1
"E00092542",8,5,3
"E00092543",3,1,2
"E00092544",0,0,0
"E00092545",5,2,3
"E00092546",4,3,1
"E00092547",8,6,2
"E00092548",11,8,3
"E00092549",3,2,1
"E00092550",5,5,0
"E00092551",1,0,1
"E00092552",2,1,1
"E00092553",2,2,0
"E00092554",5,4,1
"E00092555",5,4,1
"E00092556",3,2,1
"E00092557",8,1,7
"E00092558",13,8,5
"E00092559",1,0,1
"E00092560",5,1,4
"E00092561",7,2,5
"E00092562",9,7,2
"E00092563",6,3,3
"E00092564",2,0,2
"E00092565",9,1,8
"E00092566",1,1,0
"E00092567",3,2,1
"E00092568",2,2,0
"E00092569",4,2,2
"E00092570",4,1,3
"E00092571",4,1,3
"E00092572",1,1,0
"E00092573",2,0,2
"E00092574",4,0,4
"E00092575",1,1,0
"E00092576",3,1,2
"E00092577",1,0,1
"E00092578",0,0,0
"E00092579",3,2,1
"E00092580",3,2,1
"E00092581",0,0,0
"E00092582",7,4,3
"E00092583",2,0,2
"E00092584",1,1,0
"E00092585",4,3,1
"E00092586",2,1,1
"E00092587",8,6,2
"E00092588",6,3,3
"E00092589",6,4,2
"E00092590",11,6,5
"E00092591",3,1,2
"E00092592",4,1,3
"E00092593",3,2,1
"E00092594",1,1,0
"E00092595",10,3,7
"E00092596",4,4,0
"E00092597",0,0,0
"E00092598",12,5,7
"E00092599",11,4,7
"E00092600",4,1,3
"E00092601",3,2,1
"E00092602",3,1,2
"E00092603",14,8,6
"E00092604",15,6,9
"E00092605",9,4,5
"E00092606",11,4,7
"E00092607",3,2,1
"E00092608",5,4,1
"E00092609",2,2,0
"E00092610",1,0,1
"E00092611",1,1,0
"E00092612",0,0,0
"E00092613",6,3,3
"E00092614",9,4,5
"E00092615",5,1,4
"E00092616",16,7,9
"E00092617",1,1,0
"E00092618",11,4,7
"E00092619",9,6,3
"E00092620",1,1,0
"E00092621",3,2,1
"E00092622",3,1,2
"E00092623",6,2,4
"E00092624",4,1,3
"E00092625",7,4,3
"E00092626",8,3,5
"E00092627",9,6,3
"E00092628",0,0,0
"E00092629",5,2,3
"E00092630",7,5,2
"E00092631",9,4,5
"E00092632",2,0,2
"E00092633",1,1,0
"E00092634",0,0,0
"E00092635",5,2,3
"E00092636",4,1,3
"E00092637",9,6,3
"E00092638",9,4,5
"E00092639",4,4,0
"E00092640",3,0,3
"E00092641",1,0,1
"E00092642",0,0,0
"E00092643",3,2,1
"E00092644",10,6,4
"E00092645",5,1,4
"E00092646",3,3,0
"E00092647",9,4,5
"E00092648",3,1,2
"E00092649",4,2,2
"E00092650",9,4,5
"E00092651",4,1,3
"E00092652",6,5,1
"E00092653",3,1,2
"E00092654",1,0,1
"E00092655",1,1,0
"E00092656",4,3,1
"E00092657",11,7,4
"E00092659",2,1,1
"E00092660",5,1,4
"E00092661",10,6,4
"E00092662",1,1,0
"E00092663",3,1,2
"E00092664",0,0,0
"E00092665",5,1,4
"E00092666",9,2,7
"E00092667",7,1,6
"E00092668",4,1,3
"E00092669",9,5,4
"E00092670",19,9,10
"E00092672",4,0,4
"E00092673",2,1,1
"E00092674",7,3,4
"E00092675",10,6,4
"E00092676",2,2,0
"E00092677",5,2,3
"E00092678",6,4,2
"E00092679",4,3,1
"E00092680",4,2,2
"E00092681",13,9,4
"E00092682",7,2,5
"E00092683",0,0,0
"E00092684",5,1,4
"E00092685",5,4,1
"E00092686",3,2,1
"E00092687",12,5,7
"E00092688",2,0,2
"E00092689",3,1,2
"E00092690",8,5,3
"E00092691",4,3,1
"E00092692",4,2,2
"E00092693",8,4,4
"E00092694",9,0,9
"E00092695",11,3,8
"E00092696",0,0,0
"E00092697",7,4,3
"E00092698",13,8,5
"E00092699",4,1,3
"E00092700",9,1,8
"E00092701",3,1,2
"E00092702",10,7,3
"E00092703",2,1,1
"E00092704",0,0,0
"E00092705",9,5,4
"E00092706",9,6,3
"E00092707",5,3,2
"E00092708",8,3,5
"E00092709",6,1,5
"E00092710",6,3,3
"E00092711",3,2,1
"E00092712",5,3,2
"E00092713",7,3,4
"E00092714",1,0,1
"E00092715",4,2,2
"E00092716",3,2,1
"E00092717",4,1,3
"E00092718",5,4,1
"E00092719",5,5,0
"E00092720",5,2,3
"E00092721",1,1,0
"E00092722",2,1,1
"E00092723",3,2,1
"E00092724",0,0,0
"E00092725",3,2,1
"E00092726",0,0,0
"E00092727",10,3,7
"E00092728",6,2,4
"E00092729",7,3,4
"E00092730",0,0,0
"E00092731",7,4,3
"E00092732",4,2,2
"E00092733",0,0,0
"E00092734",7,1,6
"E00092735",10,4,6
"E00092736",2,0,2
"E00092737",6,5,1
"E00092738",5,1,4
"E00092739",2,0,2
"E00092740",5,2,3
"E00092741",0,0,0
"E00092742",6,4,2
"E00092743",1,0,1
"E00092744",6,3,3
"E00092745",3,0,3
"E00092746",1,1,0
"E00092747",9,4,5
"E00092748",5,2,3
"E00092749",3,1,2
"E00092750",6,3,3
"E00092751",22,12,10
"E00092752",5,3,2
"E00092753",4,3,1
"E00092754",6,5,1
"E00092755",5,4,1
"E00092756",5,1,4
"E00092757",5,4,1
"E00092758",8,7,1
"E00092759",6,3,3
"E00092760",8,1,7
"E00092761",12,10,2
"E00092762",12,7,5
"E00092763",7,3,4
"E00092764",5,3,2
"E00092765",10,6,4
"E00092766",3,1,2
"E00092767",5,2,3
"E00092768",10,4,6
"E00092769",3,1,2
"E00092770",1,0,1
"E00092771",7,1,6
"E00092772",1,0,1
"E00092773",2,2,0
"E00092774",1,1,0
"E00092775",5,3,2
"E00092776",4,2,2
"E00092777",4,2,2
"E00092778",4,1,3
"E00092779",6,5,1
"E00092780",3,1,2
"E00092781",1,1,0
"E00092782",1,0,1
"E00092783",1,0,1
"E00092784",7,5,2
"E00092785",9,5,4
"E00092786",8,5,3
"E00092787",9,7,2
"E00092788",9,4,5
"E00092789",11,2,9
"E00092790",8,3,5
"E00092791",2,1,1
"E00092792",3,0,3
"E00092793",5,2,3
"E00092794",0,0,0
"E00092795",0,0,0
"E00092796",5,1,4
"E00092797",4,1,3
"E00092798",2,0,2
"E00092799",7,4,3
"E00092800",6,5,1
"E00092801",9,5,4
"E00092802",12,7,5
"E00092803",0,0,0
"E00092804",6,2,4
"E00092805",5,3,2
"E00092806",6,2,4
"E00092807",4,3,1
"E00092808",6,4,2
"E00092809",5,2,3
"E00092810",10,4,6
"E00092811",5,1,4
"E00092812",8,3,5
"E00092813",1,1,0
"E00092815",0,0,0
"E00092816",15,9,6
"E00092817",3,3,0
"E00092818",0,0,0
"E00092820",4,3,1
"E00092821",3,1,2
"E00092822",1,1,0
"E00092823",3,0,3
"E00092825",1,0,1
"E00092826",0,0,0
"E00092827",5,3,2
"E00092828",4,0,4
"E00092829",1,0,1
"E00092830",5,4,1
"E00092831",2,0,2
"E00092832",0,0,0
"E00092833",7,5,2
"E00092834",12,6,6
"E00092835",0,0,0
"E00092836",0,0,0
"E00092837",9,3,6
"E00092838",1,1,0
"E00092839",2,2,0
"E00092840",4,2,2
"E00092841",3,3,0
"E00092842",2,1,1
"E00092843",3,2,1
"E00092844",0,0,0
"E00092845",2,1,1
"E00092846",11,6,5
"E00092847",0,0,0
"E00092848",1,1,0
"E00092849",2,0,2
"E00092850",4,2,2
"E00092851",0,0,0
"E00092852",4,3,1
"E00092853",5,2,3
"E00092854",0,0,0
"E00092855",2,1,1
"E00092856",3,2,1
"E00092857",4,4,0
"E00092858",4,1,3
"E00092859",0,0,0
"E00092860",9,6,3
"E00092861",5,2,3
"E00092862",2,1,1
"E00092863",1,1,0
"E00092864",2,1,1
"E00092865",8,5,3
"E00092866",11,6,5
"E00092867",8,5,3
"E00092868",2,1,1
"E00092869",0,0,0
"E00092870",13,6,7
"E00092871",8,2,6
"E00092872",3,0,3
"E00092873",4,3,1
"E00092874",2,0,2
"E00092875",9,5,4
"E00092876",1,1,0
"E00092877",5,4,1
"E00092878",6,5,1
"E00092879",6,2,4
"E00092880",2,1,1
"E00092881",1,0,1
"E00092882",9,4,5
"E00092883",0,0,0
"E00092884",6,2,4
"E00092885",6,3,3
"E00092886",8,4,4
"E00092887",5,3,2
"E00092888",4,2,2
"E00092889",2,0,2
"E00092890",0,0,0
"E00092891",8,3,5
"E00092892",1,1,0
"E00092894",4,2,2
"E00092895",8,2,6
"E00092896",4,3,1
"E00092897",4,1,3
"E00092898",5,2,3
"E00092899",0,0,0
"E00092900",8,5,3
"E00092901",6,2,4
"E00092902",4,3,1
"E00092903",3,1,2
"E00092904",15,9,6
"E00092905",3,2,1
"E00092906",5,3,2
"E00092907",2,1,1
"E00092908",11,5,6
"E00092909",10,7,3
"E00092910",4,4,0
"E00092911",11,4,7
"E00092912",10,4,6
"E00092913",10,4,6
"E00092914",2,1,1
"E00092915",20,15,5
"E00092916",8,5,3
"E00092917",10,6,4
"E00092918",8,5,3
"E00092919",7,4,3
"E00092920",6,1,5
"E00092921",6,1,5
"E00092922",2,0,2
"E00092923",7,5,2
"E00092924",12,5,7
"E00092925",2,0,2
"E00092926",10,7,3
"E00092927",7,3,4
"E00092928",12,4,8
"E00092929",3,2,1
"E00092930",5,2,3
"E00092931",9,8,1
"E00092932",11,7,4
"E00092933",5,3,2
"E00092934",11,8,3
"E00092935",2,1,1
"E00092936",6,3,3
"E00092937",4,1,3
"E00092938",5,1,4
"E00092939",2,0,2
"E00092940",3,1,2
"E00092941",4,3,1
"E00092942",2,1,1
"E00092943",6,0,6
"E00092944",10,3,7
"E00092945",4,2,2
"E00092946",3,2,1
"E00092947",1,1,0
"E00092948",8,3,5
"E00092950",4,0,4
"E00092951",2,1,1
"E00092952",0,0,0
"E00092953",1,0,1
"E00092954",10,5,5
"E00092955",0,0,0
"E00092956",0,0,0
"E00092957",1,1,0
"E00092958",4,1,3
"E00092960",8,6,2
"E00092961",3,1,2
"E00092962",1,1,0
"E00092963",2,2,0
"E00092964",5,1,4
"E00092965",0,0,0
"E00092966",5,2,3
"E00092967",2,0,2
"E00092968",8,4,4
"E00092969",2,2,0
"E00092970",4,2,2
"E00092971",9,2,7
"E00092972",1,0,1
"E00092973",5,4,1
"E00092974",1,0,1
"E00092975",3,0,3
"E00092976",2,0,2
"E00092977",3,1,2
"E00092978",3,2,1
"E00092979",5,1,4
"E00092980",3,3,0
"E00092981",2,1,1
"E00092982",5,2,3
"E00092983",4,1,3
"E00092984",5,2,3
"E00092985",3,1,2
"E00092986",11,4,7
"E00092987",0,0,0
"E00092988",0,0,0
"E00092989",4,3,1
"E00092990",4,2,2
"E00092991",2,1,1
"E00092992",0,0,0
"E00092993",6,3,3
"E00092994",7,4,3
"E00092995",4,2,2
"E00092996",3,3,0
"E00092997",7,3,4
"E00092998",1,1,0
"E00092999",2,0,2
"E00093000",1,1,0
"E00093001",4,3,1
"E00093002",1,1,0
"E00093003",6,3,3
"E00093004",1,0,1
"E00093005",0,0,0
"E00093006",3,2,1
"E00093007",11,3,8
"E00093008",3,2,1
"E00093009",2,1,1
"E00093010",8,6,2
"E00093011",1,0,1
"E00093012",1,0,1
"E00093013",4,2,2
"E00093014",3,1,2
"E00093015",3,2,1
"E00093016",3,2,1
"E00093017",7,1,6
"E00093018",7,4,3
"E00093019",9,5,4
"E00093020",5,2,3
"E00093021",12,6,6
"E00093022",2,1,1
"E00093023",2,0,2
"E00093024",1,0,1
"E00093025",2,1,1
"E00093026",11,7,4
"E00093027",8,6,2
"E00093028",7,3,4
"E00093029",2,1,1
"E00093030",3,2,1
"E00093031",3,2,1
"E00093032",5,3,2
"E00093033",6,4,2
"E00093034",2,1,1
"E00093035",4,1,3
"E00093036",0,0,0
"E00093037",6,2,4
"E00093038",5,3,2
"E00093039",6,2,4
"E00093040",16,6,10
"E00093041",3,2,1
"E00093042",17,7,10
"E00093043",13,6,7
"E00093044",7,4,3
"E00093045",12,2,10
"E00093046",2,1,1
"E00093047",3,1,2
"E00093048",8,4,4
"E00093049",9,3,6
"E00093050",11,4,7
"E00093051",7,4,3
"E00093052",0,0,0
"E00093053",3,2,1
"E00093054",7,2,5
"E00093055",8,5,3
"E00093056",3,1,2
"E00093057",3,2,1
"E00093058",6,5,1
"E00093059",2,1,1
"E00093060",10,5,5
"E00093061",4,2,2
"E00093062",3,1,2
"E00093063",7,4,3
"E00093064",1,0,1
"E00093065",5,2,3
"E00093066",9,3,6
"E00093067",8,5,3
"E00093068",11,3,8
"E00093069",3,0,3
"E00093070",4,1,3
"E00093071",2,1,1
"E00093072",4,4,0
"E00093073",9,4,5
"E00093074",2,2,0
"E00093075",5,3,2
"E00093076",0,0,0
"E00093077",0,0,0
"E00093078",1,1,0
"E00093080",1,0,1
"E00093081",3,1,2
"E00093082",0,0,0
"E00093083",1,1,0
"E00093084",0,0,0
"E00093085",7,5,2
"E00093086",2,1,1
"E00093087",2,0,2
"E00093088",10,5,5
"E00093089",5,2,3
"E00093090",1,1,0
"E00093091",6,3,3
"E00093092",2,0,2
"E00093093",4,2,2
"E00093094",5,4,1
"E00093095",3,1,2
"E00093096",0,0,0
"E00093097",8,3,5
"E00093098",8,6,2
"E00093099",5,3,2
"E00093100",10,2,8
"E00093101",8,5,3
"E00093102",2,2,0
"E00093103",2,2,0
"E00093104",1,1,0
"E00093105",1,1,0
"E00093106",2,1,1
"E00093107",0,0,0
"E00093108",7,2,5
"E00093109",0,0,0
"E00093110",0,0,0
"E00093111",3,1,2
"E00093113",0,0,0
"E00093115",0,0,0
"E00093116",4,2,2
"E00093117",4,1,3
"E00093118",2,2,0
"E00093119",2,1,1
"E00093120",1,1,0
"E00093121",1,0,1
"E00093122",2,1,1
"E00093123",4,1,3
"E00093124",3,2,1
"E00093125",1,1,0
"E00093126",0,0,0
"E00093127",0,0,0
"E00093128",4,3,1
"E00093129",6,2,4
"E00093130",1,0,1
"E00093131",7,5,2
"E00093132",2,2,0
"E00093133",4,1,3
"E00093134",2,1,1
"E00093135",7,4,3
"E00093136",9,3,6
"E00093137",5,2,3
"E00093138",27,9,18
"E00093140",5,3,2
"E00093141",1,1,0
"E00093142",5,2,3
"E00093144",1,1,0
"E00093145",3,2,1
"E00093146",0,0,0
"E00093147",0,0,0
"E00093148",0,0,0
"E00093149",2,2,0
"E00093150",2,0,2
"E00093151",1,1,0
"E00093152",7,4,3
"E00093153",1,0,1
"E00093154",0,0,0
"E00093155",3,0,3
"E00093156",1,0,1
"E00093157",2,1,1
"E00093158",0,0,0
"E00093159",0,0,0
"E00093160",0,0,0
"E00093161",2,1,1
"E00093162",0,0,0
"E00093163",1,0,1
"E00093164",1,0,1
"E00093165",0,0,0
"E00093166",2,1,1
"E00093167",5,4,1
"E00093168",0,0,0
"E00093169",0,0,0
"E00093170",1,1,0
"E00093171",3,2,1
"E00093172",2,0,2
"E00093173",4,3,1
"E00093174",0,0,0
"E00093175",3,2,1
"E00093176",2,0,2
"E00093177",1,1,0
"E00093178",3,2,1
"E00093179",2,2,0
"E00093181",0,0,0
"E00093182",2,0,2
"E00093183",4,2,2
"E00093184",4,0,4
"E00093185",0,0,0
"E00093186",2,0,2
"E00093187",3,3,0
"E00093189",4,3,1
"E00093190",2,1,1
"E00093191",0,0,0
"E00093192",0,0,0
"E00093193",2,1,1
"E00093194",0,0,0
"E00093195",0,0,0
"E00093196",8,4,4
"E00093197",12,7,5
"E00093198",4,2,2
"E00093199",13,4,9
"E00093200",7,2,5
"E00093201",3,2,1
"E00093202",1,0,1
"E00093203",19,16,3
"E00093204",6,2,4
"E00093205",5,4,1
"E00093206",10,6,4
"E00093207",4,3,1
"E00093208",10,4,6
"E00093209",15,9,6
"E00093210",2,1,1
"E00093211",6,2,4
"E00093212",7,3,4
"E00093213",2,1,1
"E00093214",3,2,1
"E00093215",4,2,2
"E00093216",4,1,3
"E00093217",1,0,1
"E00093218",6,2,4
"E00093219",0,0,0
"E00093220",2,0,2
"E00093221",5,3,2
"E00093222",0,0,0
"E00093223",7,5,2
"E00093224",5,1,4
"E00093225",6,5,1
"E00093226",4,1,3
"E00093227",5,1,4
"E00093228",5,2,3
"E00093229",1,0,1
"E00093230",2,0,2
"E00093231",5,3,2
"E00093232",1,0,1
"E00093233",5,4,1
"E00093234",9,7,2
"E00093235",4,1,3
"E00093236",6,3,3
"E00093237",3,1,2
"E00093238",1,0,1
"E00093239",0,0,0
"E00093240",0,0,0
"E00093241",0,0,0
"E00093242",4,2,2
"E00093243",2,2,0
"E00093244",1,0,1
"E00093245",5,2,3
"E00093246",0,0,0
"E00093247",0,0,0
"E00093248",2,1,1
"E00093249",1,0,1
"E00093250",1,1,0
"E00093251",2,1,1
"E00093252",1,0,1
"E00093253",0,0,0
"E00093254",4,2,2
"E00093255",4,3,1
"E00093258",5,3,2
"E00093259",0,0,0
"E00093260",4,3,1
"E00093261",31,16,15
"E00093262",9,3,6
"E00093263",5,3,2
"E00093264",5,4,1
"E00093265",7,4,3
"E00093266",3,1,2
"E00093267",9,6,3
"E00093268",11,5,6
"E00093269",16,8,8
"E00093270",16,6,10
"E00093271",1,1,0
"E00093272",2,2,0
"E00093274",2,2,0
"E00093275",4,3,1
"E00093276",3,2,1
"E00093277",5,1,4
"E00093278",0,0,0
"E00093279",0,0,0
"E00093280",3,0,3
"E00093281",2,0,2
"E00093282",1,0,1
"E00093283",1,0,1
"E00093284",1,1,0
"E00093285",1,1,0
"E00093286",0,0,0
"E00093287",0,0,0
"E00093288",0,0,0
"E00093289",1,0,1
"E00093290",3,1,2
"E00093291",3,1,2
"E00093292",3,2,1
"E00093293",4,2,2
"E00093294",0,0,0
"E00093295",3,3,0
"E00093296",4,1,3
"E00093297",1,1,0
"E00093298",6,2,4
"E00093299",4,2,2
"E00093300",5,2,3
"E00093301",1,0,1
"E00093302",5,4,1
"E00093303",1,1,0
"E00093304",0,0,0
"E00093305",0,0,0
"E00093306",0,0,0
"E00093307",3,2,1
"E00093308",3,2,1
"E00093309",2,2,0
"E00093310",7,4,3
"E00093311",6,5,1
"E00093312",2,2,0
"E00093313",6,4,2
"E00093314",3,2,1
"E00093315",0,0,0
"E00093316",1,0,1
"E00093317",2,1,1
"E00093318",3,3,0
"E00093319",2,2,0
"E00093320",6,0,6
"E00093321",4,2,2
"E00093322",3,2,1
"E00093323",0,0,0
"E00093324",1,1,0
"E00093325",2,0,2
"E00093326",2,0,2
"E00093327",3,0,3
"E00093328",2,0,2
"E00093329",2,2,0
"E00093330",2,2,0
"E00093331",6,4,2
"E00093332",3,0,3
"E00093333",3,1,2
"E00093334",2,1,1
"E00093335",2,1,1
"E00093336",0,0,0
"E00093337",1,1,0
"E00093338",1,1,0
"E00093339",0,0,0
"E00093340",1,1,0
"E00093341",2,1,1
"E00093342",2,0,2
"E00093343",1,0,1
"E00093344",5,2,3
"E00093345",1,0,1
"E00093346",3,0,3
"E00093348",5,2,3
"E00093349",0,0,0
"E00093350",5,4,1
"E00093351",1,1,0
"E00093352",6,2,4
"E00093353",1,0,1
"E00093354",5,2,3
"E00093355",0,0,0
"E00093356",3,3,0
"E00093357",3,1,2
"E00093358",1,0,1
"E00093359",0,0,0
"E00093360",1,0,1
"E00093361",0,0,0
"E00093362",1,0,1
"E00093363",6,3,3
"E00093364",1,0,1
"E00093365",6,1,5
"E00093367",0,0,0
"E00093368",0,0,0
"E00093369",9,5,4
"E00093370",6,5,1
"E00093371",3,1,2
"E00093372",0,0,0
"E00093373",0,0,0
"E00093374",5,1,4
"E00093375",1,0,1
"E00093376",7,3,4
"E00093377",7,4,3
"E00093378",6,2,4
"E00093379",8,5,3
"E00093380",7,2,5
"E00093381",5,2,3
"E00093382",15,10,5
"E00093383",8,6,2
"E00093384",3,2,1
"E00093385",5,3,2
"E00093386",10,2,8
"E00093387",12,6,6
"E00093388",7,3,4
"E00093389",10,7,3
"E00093390",3,2,1
"E00093391",10,8,2
"E00093392",10,7,3
"E00093393",3,1,2
"E00093394",2,2,0
"E00093395",7,4,3
"E00093396",1,1,0
"E00093397",2,2,0
"E00093398",2,1,1
"E00093399",3,1,2
"E00093400",3,2,1
"E00093401",3,2,1
"E00093402",3,2,1
"E00093403",6,3,3
"E00093404",0,0,0
"E00093405",5,1,4
"E00093406",4,2,2
"E00093407",1,0,1
"E00093408",0,0,0
"E00093409",3,2,1
"E00093410",2,1,1
"E00093411",5,2,3
"E00093412",1,1,0
"E00093413",4,2,2
"E00093414",1,0,1
"E00093415",0,0,0
"E00093416",0,0,0
"E00093417",4,2,2
"E00093418",5,0,5
"E00093419",0,0,0
"E00093420",12,9,3
"E00093421",6,4,2
"E00093422",3,2,1
"E00093423",6,4,2
"E00093424",4,3,1
"E00093425",9,5,4
"E00093426",6,3,3
"E00093427",4,2,2
"E00093429",9,1,8
"E00093430",5,2,3
"E00093431",2,1,1
"E00093432",2,1,1
"E00093433",4,3,1
"E00093436",4,2,2
"E00093437",4,0,4
"E00093438",2,1,1
"E00093439",5,2,3
"E00093440",2,2,0
"E00093441",4,3,1
"E00093442",6,3,3
"E00093443",7,2,5
"E00093444",2,0,2
"E00093445",6,3,3
"E00093446",4,3,1
"E00093447",8,5,3
"E00093448",8,4,4
"E00093449",9,5,4
"E00093450",2,1,1
"E00093451",1,0,1
"E00093452",1,0,1
"E00093453",0,0,0
"E00093454",0,0,0
"E00093455",2,1,1
"E00093456",0,0,0
"E00093457",1,1,0
"E00093458",2,2,0
"E00093459",2,2,0
"E00093460",0,0,0
"E00093461",1,0,1
"E00093462",0,0,0
"E00093463",2,0,2
"E00093464",1,1,0
"E00093465",0,0,0
"E00093466",0,0,0
"E00093467",2,0,2
"E00093468",2,1,1
"E00093469",3,2,1
"E00093470",5,2,3
"E00093471",2,1,1
"E00093472",1,1,0
"E00093473",1,1,0
"E00093474",1,0,1
"E00093475",3,2,1
"E00093476",1,0,1
"E00093477",1,0,1
"E00093478",5,3,2
"E00093479",0,0,0
"E00093480",1,1,0
"E00093481",2,1,1
"E00093482",3,2,1
"E00093483",6,2,4
"E00093484",4,1,3
"E00093485",6,5,1
"E00093486",3,0,3
"E00093487",2,1,1
"E00093488",3,0,3
"E00093489",0,0,0
"E00093490",8,4,4
"E00093491",7,3,4
"E00093492",10,4,6
"E00093493",8,5,3
"E00093494",1,1,0
"E00093495",4,1,3
"E00093496",3,2,1
"E00093497",2,1,1
"E00093498",5,3,2
"E00093499",1,0,1
"E00093500",4,3,1
"E00093501",2,0,2
"E00093502",6,4,2
"E00093503",11,4,7
"E00093504",12,7,5
"E00093505",2,2,0
"E00093506",6,3,3
"E00093507",1,1,0
"E00093508",3,2,1
"E00093509",5,4,1
"E00093510",4,2,2
"E00093511",4,3,1
"E00093512",8,4,4
"E00093513",0,0,0
"E00093514",0,0,0
"E00093515",0,0,0
"E00093516",3,3,0
"E00093517",1,1,0
"E00093518",3,2,1
"E00093519",2,1,1
"E00093520",4,1,3
"E00093521",4,1,3
"E00093522",4,3,1
"E00093523",3,3,0
"E00093524",2,0,2
"E00093525",0,0,0
"E00093526",3,3,0
"E00093527",1,1,0
"E00093528",3,1,2
"E00093529",4,2,2
"E00093530",3,3,0
"E00093531",5,2,3
"E00093532",1,0,1
"E00093533",5,3,2
"E00093534",4,2,2
"E00093535",2,0,2
"E00093536",5,3,2
"E00093537",4,1,3
"E00093538",8,4,4
"E00093539",4,3,1
"E00093540",6,6,0
"E00093541",1,1,0
"E00093542",9,4,5
"E00093543",10,5,5
"E00093544",10,6,4
"E00093545",5,3,2
"E00093546",5,4,1
"E00093547",4,3,1
"E00093548",2,1,1
"E00093549",2,0,2
"E00093550",0,0,0
"E00093551",0,0,0
"E00093552",2,1,1
"E00093553",1,0,1
"E00093554",2,1,1
"E00093555",2,0,2
"E00093556",1,1,0
"E00093557",4,4,0
"E00093558",2,0,2
"E00093559",1,1,0
"E00093560",3,2,1
"E00093561",1,0,1
"E00093562",1,0,1
"E00093563",1,1,0
"E00093564",0,0,0
"E00093565",1,0,1
"E00093566",0,0,0
"E00093567",1,0,1
"E00093568",1,1,0
"E00093569",4,1,3
"E00093570",1,1,0
"E00093571",0,0,0
"E00093572",1,0,1
"E00093573",2,0,2
"E00093574",9,5,4
"E00093575",3,2,1
"E00093576",7,1,6
"E00093577",4,2,2
"E00093578",10,3,7
"E00093579",10,5,5
"E00093580",6,4,2
"E00093581",5,1,4
"E00093582",2,0,2
"E00093583",5,4,1
"E00093584",5,4,1
"E00093585",13,7,6
"E00093586",1,1,0
"E00093587",0,0,0
"E00093588",0,0,0
"E00093589",3,2,1
"E00093590",2,1,1
"E00093591",2,2,0
"E00093592",5,3,2
"E00093593",0,0,0
"E00093594",1,1,0
"E00093595",4,2,2
"E00093596",3,2,1
"E00093597",5,4,1
"E00093598",5,3,2
"E00093599",2,1,1
"E00093600",2,0,2
"E00093601",0,0,0
"E00093602",9,6,3
"E00093603",1,0,1
"E00093604",1,0,1
"E00093605",1,0,1
"E00093606",0,0,0
"E00093607",1,0,1
"E00093608",2,0,2
"E00093609",1,0,1
"E00093610",0,0,0
"E00093611",2,2,0
"E00093612",1,0,1
"E00093613",0,0,0
"E00093614",2,0,2
"E00093615",4,1,3
"E00093616",0,0,0
"E00093617",0,0,0
"E00093618",1,1,0
"E00093619",3,3,0
"E00093620",1,0,1
"E00093621",2,2,0
"E00093622",0,0,0
"E00093623",1,1,0
"E00093624",1,1,0
"E00093625",0,0,0
"E00093626",0,0,0
"E00093627",3,0,3
"E00093628",4,2,2
"E00093629",5,2,3
"E00093630",3,1,2
"E00093631",2,2,0
"E00093632",1,1,0
"E00093633",5,2,3
"E00093634",4,2,2
"E00093635",6,5,1
"E00093636",2,0,2
"E00093637",0,0,0
"E00093638",4,1,3
"E00093639",0,0,0
"E00093640",5,3,2
"E00093641",7,2,5
"E00093642",1,0,1
"E00093643",6,3,3
"E00093644",1,1,0
"E00093645",2,1,1
"E00093646",1,0,1
"E00093647",3,2,1
"E00093648",0,0,0
"E00093649",4,2,2
"E00093650",0,0,0
"E00093651",7,5,2
"E00093652",0,0,0
"E00093653",2,2,0
"E00093654",3,0,3
"E00093655",2,1,1
"E00093656",4,3,1
"E00093657",8,3,5
"E00093658",4,2,2
"E00093659",9,2,7
"E00093660",6,5,1
"E00093661",3,1,2
"E00093662",6,3,3
"E00093663",7,3,4
"E00093664",2,1,1
"E00093665",9,1,8
"E00093666",3,1,2
"E00093667",0,0,0
"E00093668",2,1,1
"E00093669",1,1,0
"E00093670",4,3,1
"E00093671",3,2,1
"E00093672",2,1,1
"E00093673",1,0,1
"E00093674",1,1,0
"E00093675",5,2,3
"E00093676",0,0,0
"E00093678",4,1,3
"E00093679",0,0,0
"E00093680",3,1,2
"E00093681",3,2,1
"E00093682",0,0,0
"E00093683",0,0,0
"E00093684",2,1,1
"E00093685",4,4,0
"E00093686",4,2,2
"E00093687",4,3,1
"E00093688",1,0,1
"E00093689",1,1,0
"E00093690",5,3,2
"E00093691",6,2,4
"E00093692",4,3,1
"E00093693",0,0,0
"E00093694",9,2,7
"E00093695",3,1,2
"E00093696",4,1,3
"E00093697",5,3,2
"E00093698",4,3,1
"E00093699",10,6,4
"E00093700",3,2,1
"E00093701",4,2,2
"E00093702",11,5,6
"E00093703",7,7,0
"E00093704",13,6,7
"E00093705",6,5,1
"E00093706",13,7,6
"E00093707",5,4,1
"E00093708",6,1,5
"E00093709",16,7,9
"E00093710",6,5,1
"E00093711",8,3,5
"E00093712",15,11,4
"E00093713",2,1,1
"E00093714",6,3,3
"E00093715",13,6,7
"E00093716",5,2,3
"E00093717",12,6,6
"E00093718",4,2,2
"E00093719",5,3,2
"E00093720",4,3,1
"E00093721",11,5,6
"E00093722",15,8,7
"E00093723",7,6,1
"E00093724",13,7,6
"E00093725",11,4,7
"E00093726",2,2,0
"E00093727",8,4,4
"E00093728",11,7,4
"E00093729",2,0,2
"E00093730",6,4,2
"E00093731",3,1,2
"E00093732",3,2,1
"E00093733",6,4,2
"E00093734",1,1,0
"E00093735",6,2,4
"E00093736",0,0,0
"E00093737",11,5,6
"E00093738",6,3,3
"E00093739",5,4,1
"E00093740",6,4,2
"E00093741",3,0,3
"E00093742",7,4,3
"E00093743",5,1,4
"E00093744",5,4,1
"E00093745",0,0,0
"E00093746",1,0,1
"E00093747",10,3,7
"E00093748",0,0,0
"E00093749",2,1,1
"E00093750",0,0,0
"E00093751",2,0,2
"E00093752",1,1,0
"E00093753",5,3,2
"E00093754",8,2,6
"E00093755",4,4,0
"E00093756",4,2,2
"E00093757",4,1,3
"E00093758",7,3,4
"E00093759",6,3,3
"E00093760",8,6,2
"E00093761",8,6,2
"E00093762",13,6,7
"E00093763",9,3,6
"E00093764",7,2,5
"E00093765",6,3,3
"E00093766",10,5,5
"E00093767",7,6,1
"E00093768",20,12,8
"E00093769",7,3,4
"E00093770",10,4,6
"E00093771",7,4,3
"E00093772",3,2,1
"E00093773",0,0,0
"E00093774",1,0,1
"E00093775",2,1,1
"E00093776",0,0,0
"E00093777",16,9,7
"E00093778",1,0,1
"E00093779",17,9,8
"E00093780",14,5,9
"E00093781",11,4,7
"E00093782",6,2,4
"E00093783",16,11,5
"E00093784",1,0,1
"E00093785",7,4,3
"E00093786",15,7,8
"E00093787",5,2,3
"E00093788",6,5,1
"E00093789",2,2,0
"E00093790",6,2,4
"E00093791",0,0,0
"E00093792",1,0,1
"E00093793",1,1,0
"E00093794",5,1,4
"E00093795",2,1,1
"E00093796",5,2,3
"E00093797",6,2,4
"E00093798",4,2,2
"E00093799",15,7,8
"E00093800",4,1,3
"E00093801",11,7,4
"E00093802",12,5,7
"E00093803",3,1,2
"E00093804",8,3,5
"E00093805",6,2,4
"E00093806",3,2,1
"E00093807",10,6,4
"E00093808",8,4,4
"E00093809",20,11,9
"E00093810",9,4,5
"E00093811",3,2,1
"E00093812",4,1,3
"E00093813",8,3,5
"E00093814",3,3,0
"E00093815",6,2,4
"E00093816",1,1,0
"E00093817",6,1,5
"E00093818",6,3,3
"E00093819",5,1,4
"E00093820",8,4,4
"E00093821",3,1,2
"E00093822",7,3,4
"E00093823",7,4,3
"E00093824",6,5,1
"E00093825",6,5,1
"E00093826",6,3,3
"E00093827",4,3,1
"E00093828",8,6,2
"E00093829",6,3,3
"E00093830",11,6,5
"E00093831",2,0,2
"E00093832",2,1,1
"E00093834",6,2,4
"E00093835",3,3,0
"E00093836",0,0,0
"E00093837",0,0,0
"E00093838",1,0,1
"E00093839",3,2,1
"E00093840",6,3,3
"E00093841",2,0,2
"E00093842",5,3,2
"E00093843",4,2,2
"E00093844",0,0,0
"E00093845",5,3,2
"E00093846",4,3,1
"E00093847",3,2,1
"E00093848",3,1,2
"E00093849",1,1,0
"E00093850",5,2,3
"E00093851",4,1,3
"E00093852",5,1,4
"E00093853",1,1,0
"E00093854",5,4,1
"E00093855",6,4,2
"E00093856",3,2,1
"E00093857",14,7,7
"E00093858",5,2,3
"E00093859",3,3,0
"E00093860",14,5,9
"E00093861",7,2,5
"E00093862",10,5,5
"E00093863",17,10,7
"E00093864",3,1,2
"E00093865",6,2,4
"E00093866",5,3,2
"E00093867",19,10,9
"E00093868",6,4,2
"E00093869",5,3,2
"E00093870",13,5,8
"E00093871",9,5,4
"E00093872",5,2,3
"E00093873",12,5,7
"E00093874",12,9,3
"E00093875",1,1,0
"E00093876",1,1,0
"E00093877",8,5,3
"E00093878",5,1,4
"E00093879",1,0,1
"E00093880",6,6,0
"E00093881",5,2,3
"E00093882",11,8,3
"E00093883",9,5,4
"E00093884",5,3,2
"E00093885",19,9,10
"E00093886",19,10,9
"E00093887",9,3,6
"E00093888",7,3,4
"E00093889",14,9,5
"E00093890",13,9,4
"E00093891",8,7,1
"E00093892",10,7,3
"E00093893",0,0,0
"E00093894",3,1,2
"E00093895",7,4,3
"E00093896",4,4,0
"E00093897",5,3,2
"E00093898",0,0,0
"E00093899",3,3,0
"E00093900",3,0,3
"E00093901",0,0,0
"E00093902",5,5,0
"E00093903",3,2,1
"E00093904",4,1,3
"E00093905",13,7,6
"E00093906",7,2,5
"E00093907",7,3,4
"E00093908",19,9,10
"E00093909",21,10,11
"E00093910",4,3,1
"E00093911",14,7,7
"E00093912",8,1,7
"E00093913",12,3,9
"E00093914",11,6,5
"E00093915",0,0,0
"E00093916",3,3,0
"E00093917",3,2,1
"E00093918",0,0,0
"E00093919",1,0,1
"E00093920",2,1,1
"E00093921",0,0,0
"E00093922",4,0,4
"E00093923",0,0,0
"E00093924",2,2,0
"E00093925",2,2,0
"E00093926",3,2,1
"E00093927",2,2,0
"E00093928",6,1,5
"E00093929",3,2,1
"E00093930",9,6,3
"E00093931",5,3,2
"E00093932",3,2,1
"E00093933",8,4,4
"E00093934",7,3,4
"E00093935",0,0,0
"E00093936",3,2,1
"E00093937",1,1,0
"E00093938",2,0,2
"E00093939",2,1,1
"E00093940",2,0,2
"E00093941",0,0,0
"E00093942",2,2,0
"E00093943",8,4,4
"E00093944",2,1,1
"E00093945",5,2,3
"E00093946",17,8,9
"E00093947",12,5,7
"E00093949",5,3,2
"E00093950",6,1,5
"E00093951",3,1,2
"E00093952",3,1,2
"E00093953",12,4,8
"E00093954",5,3,2
"E00093955",9,6,3
"E00093956",8,4,4
"E00093957",1,1,0
"E00093958",3,1,2
"E00093959",1,0,1
"E00093960",4,3,1
"E00093961",3,2,1
"E00093962",3,2,1
"E00093963",6,3,3
"E00093964",2,0,2
"E00093965",3,1,2
"E00093966",17,5,12
"E00093967",5,3,2
"E00093968",16,6,10
"E00093969",0,0,0
"E00093970",10,5,5
"E00093971",3,0,3
"E00093972",7,5,2
"E00093973",17,7,10
"E00093974",2,1,1
"E00093975",0,0,0
"E00093976",5,3,2
"E00093977",12,4,8
"E00093978",12,5,7
"E00093979",1,1,0
"E00093980",2,2,0
"E00093981",2,0,2
"E00093982",3,1,2
"E00093983",1,0,1
"E00093985",5,2,3
"E00093986",2,1,1
"E00093987",4,2,2
"E00093988",0,0,0
"E00093989",5,3,2
"E00093990",5,3,2
"E00093991",3,3,0
"E00093992",7,5,2
"E00093993",4,2,2
"E00093994",2,1,1
"E00093995",1,1,0
"E00093996",6,2,4
"E00093997",4,4,0
"E00093998",4,0,4
"E00093999",2,1,1
"E00094000",1,0,1
"E00094001",7,1,6
"E00094002",4,1,3
"E00094003",5,3,2
"E00094004",10,4,6
"E00094005",2,2,0
"E00094006",1,0,1
"E00094007",5,1,4
"E00094008",5,1,4
"E00094009",2,0,2
"E00094010",1,0,1
"E00094011",2,1,1
"E00094012",9,5,4
"E00094013",3,1,2
"E00094014",3,1,2
"E00094015",4,1,3
"E00094016",0,0,0
"E00094017",2,1,1
"E00094018",0,0,0
"E00094019",2,2,0
"E00094020",1,0,1
"E00094021",1,0,1
"E00094022",0,0,0
"E00094023",3,2,1
"E00094024",4,3,1
"E00094026",0,0,0
"E00094027",1,0,1
"E00094028",5,1,4
"E00094029",1,1,0
"E00094030",3,0,3
"E00094031",2,0,2
"E00094032",4,1,3
"E00094033",6,3,3
"E00094034",5,3,2
"E00094035",1,1,0
"E00094036",10,6,4
"E00094037",5,3,2
"E00094038",11,7,4
"E00094039",4,3,1
"E00094040",4,3,1
"E00094041",6,3,3
"E00094042",7,3,4
"E00094043",5,2,3
"E00094044",9,5,4
"E00094045",4,2,2
"E00094046",6,3,3
"E00094047",2,2,0
"E00094048",7,2,5
"E00094049",4,1,3
"E00094050",10,7,3
"E00094051",3,3,0
"E00094052",8,5,3
"E00094053",10,6,4
"E00094054",1,1,0
"E00094055",0,0,0
"E00094056",4,1,3
"E00094057",8,2,6
"E00094058",1,0,1
"E00094059",2,0,2
"E00094060",0,0,0
"E00094062",4,4,0
"E00094063",0,0,0
"E00094064",0,0,0
"E00094065",1,0,1
"E00094066",2,0,2
"E00094067",2,1,1
"E00094068",0,0,0
"E00094069",0,0,0
"E00094070",1,1,0
"E00094071",3,2,1
"E00094072",0,0,0
"E00094073",0,0,0
"E00094074",2,2,0
"E00094075",6,2,4
"E00094076",7,4,3
"E00094077",6,3,3
"E00094078",1,1,0
"E00094079",5,2,3
"E00094080",9,5,4
"E00094081",7,4,3
"E00094082",13,6,7
"E00094083",5,3,2
"E00094084",11,6,5
"E00094085",10,4,6
"E00094086",13,6,7
"E00094087",11,8,3
"E00094088",9,6,3
"E00094089",6,3,3
"E00094090",14,5,9
"E00094091",3,0,3
"E00094092",3,2,1
"E00094093",6,4,2
"E00094094",5,4,1
"E00094095",4,3,1
"E00094096",16,8,8
"E00094097",38,15,23
"E00094098",12,6,6
"E00094099",5,1,4
"E00094100",3,0,3
"E00094101",2,0,2
"E00094102",0,0,0
"E00094103",0,0,0
"E00094104",4,1,3
"E00094105",0,0,0
"E00094106",4,3,1
"E00094107",3,0,3
"E00094108",1,1,0
"E00094109",2,0,2
"E00094110",4,0,4
"E00094111",5,2,3
"E00094112",4,3,1
"E00094113",1,0,1
"E00094114",0,0,0
"E00094115",6,3,3
"E00094116",4,2,2
"E00094117",7,3,4
"E00094118",5,2,3
"E00094119",4,2,2
"E00094120",15,8,7
"E00094121",4,2,2
"E00094122",1,0,1
"E00094123",1,1,0
"E00094124",10,6,4
"E00094125",5,2,3
"E00094126",4,4,0
"E00094127",0,0,0
"E00094128",11,3,8
"E00094129",1,0,1
"E00094130",4,3,1
"E00094131",8,3,5
"E00094132",15,7,8
"E00094133",0,0,0
"E00094134",5,4,1
"E00094135",2,1,1
"E00094136",15,9,6
"E00094137",2,0,2
"E00094138",7,2,5
"E00094139",4,2,2
"E00094141",3,2,1
"E00094142",24,11,13
"E00094143",19,9,10
"E00094144",16,5,11
"E00094145",3,2,1
"E00094146",14,7,7
"E00094147",6,3,3
"E00094148",4,4,0
"E00094149",5,3,2
"E00094150",11,7,4
"E00094151",12,7,5
"E00094152",8,5,3
"E00094153",6,2,4
"E00094154",5,2,3
"E00094155",8,2,6
"E00094156",8,4,4
"E00094157",9,4,5
"E00094158",9,3,6
"E00094159",9,5,4
"E00094160",9,5,4
"E00094161",9,1,8
"E00094162",5,2,3
"E00094163",7,2,5
"E00094164",4,0,4
"E00094165",3,2,1
"E00094166",8,6,2
"E00094167",7,6,1
"E00094168",6,1,5
"E00094169",4,2,2
"E00094170",5,2,3
"E00094171",6,3,3
"E00094172",8,3,5
"E00094173",2,1,1
"E00094174",6,2,4
"E00094175",8,4,4
"E00094176",9,6,3
"E00094177",0,0,0
"E00094178",12,6,6
"E00094179",6,4,2
"E00094180",6,1,5
"E00094181",7,5,2
"E00094182",6,0,6
"E00094183",4,1,3
"E00094184",5,2,3
"E00094185",6,4,2
"E00094186",8,1,7
"E00094187",4,3,1
"E00094188",4,3,1
"E00094189",6,4,2
"E00094190",7,1,6
"E00094191",10,6,4
"E00094192",3,1,2
"E00094193",5,2,3
"E00094194",6,0,6
"E00094195",7,2,5
"E00094196",5,4,1
"E00094197",3,2,1
"E00094198",4,2,2
"E00094199",11,6,5
"E00094200",20,12,8
"E00094201",6,3,3
"E00094202",4,2,2
"E00094203",5,2,3
"E00094204",6,2,4
"E00094205",11,7,4
"E00094206",22,7,15
"E00094207",8,5,3
"E00094208",14,4,10
"E00094210",6,4,2
"E00094211",14,9,5
"E00094212",11,6,5
"E00094213",20,9,11
"E00094214",6,3,3
"E00094215",0,0,0
"E00094216",11,7,4
"E00094218",5,1,4
"E00094219",9,3,6
"E00094220",22,10,12
"E00094221",6,3,3
"E00094222",8,3,5
"E00094223",2,2,0
"E00094224",8,2,6
"E00094225",8,4,4
"E00094226",7,4,3
"E00094227",10,6,4
"E00094228",16,11,5
"E00094229",10,5,5
"E00094230",9,6,3
"E00094231",5,0,5
"E00094232",4,3,1
"E00094233",11,7,4
"E00094234",6,3,3
"E00094235",5,2,3
"E00094236",10,7,3
"E00094237",3,2,1
"E00094238",3,2,1
"E00094239",5,2,3
"E00094240",3,0,3
"E00094241",2,1,1
"E00094242",1,1,0
"E00094243",5,2,3
"E00094244",2,2,0
"E00094245",0,0,0
"E00094246",1,1,0
"E00094247",4,2,2
"E00094248",1,1,0
"E00094249",8,5,3
"E00094250",4,2,2
"E00094251",4,2,2
"E00094252",1,1,0
"E00094253",2,2,0
"E00094254",8,3,5
"E00094255",1,1,0
"E00094256",3,1,2
"E00094257",1,1,0
"E00094258",4,2,2
"E00094259",2,2,0
"E00094260",5,5,0
"E00094261",10,7,3
"E00094262",8,5,3
"E00094263",4,1,3
"E00094264",6,4,2
"E00094265",3,2,1
"E00094266",10,6,4
"E00094267",5,3,2
"E00094268",4,2,2
"E00094269",1,1,0
"E00094270",4,2,2
"E00094271",12,5,7
"E00094272",6,5,1
"E00094273",3,0,3
"E00094274",10,7,3
"E00094275",2,1,1
"E00094276",3,1,2
"E00094277",6,4,2
"E00094278",7,4,3
"E00094279",8,5,3
"E00094280",5,2,3
"E00094281",6,3,3
"E00094282",8,4,4
"E00094283",11,7,4
"E00094284",6,2,4
"E00094285",9,3,6
"E00094286",4,2,2
"E00094287",10,4,6
"E00094288",12,7,5
"E00094289",3,1,2
"E00094290",6,1,5
"E00094291",12,5,7
"E00094292",0,0,0
"E00094293",4,3,1
"E00094294",6,3,3
"E00094295",13,5,8
"E00094296",4,1,3
"E00094297",3,1,2
"E00094298",3,3,0
"E00094299",3,3,0
"E00094300",8,2,6
"E00094301",2,2,0
"E00094302",6,4,2
"E00094303",1,1,0
"E00094304",4,3,1
"E00094305",4,3,1
"E00094306",12,8,4
"E00094307",10,2,8
"E00094308",13,7,6
"E00094309",2,1,1
"E00094310",8,3,5
"E00094311",17,8,9
"E00094312",1,0,1
"E00094313",3,1,2
"E00094314",8,5,3
"E00094315",3,0,3
"E00094316",7,3,4
"E00094317",2,1,1
"E00094318",5,3,2
"E00094319",6,3,3
"E00094320",2,0,2
"E00094321",7,2,5
"E00094322",4,1,3
"E00094323",2,2,0
"E00094324",5,4,1
"E00094325",6,5,1
"E00094326",11,5,6
"E00094327",2,1,1
"E00094328",14,9,5
"E00094329",4,4,0
"E00094330",3,3,0
"E00094331",1,1,0
"E00094332",2,1,1
"E00094333",1,1,0
"E00094334",0,0,0
"E00094335",3,0,3
"E00094336",7,5,2
"E00094337",8,5,3
"E00094338",8,7,1
"E00094339",5,3,2
"E00094340",6,4,2
"E00094341",12,7,5
"E00094342",13,6,7
"E00094343",11,8,3
"E00094344",9,3,6
"E00094345",9,3,6
"E00094346",16,10,6
"E00094347",2,1,1
"E00094348",4,3,1
"E00094349",9,6,3
"E00094350",3,1,2
"E00094351",6,3,3
"E00094352",12,7,5
"E00094353",2,2,0
"E00094354",9,4,5
"E00094355",7,5,2
"E00094356",12,6,6
"E00094357",10,6,4
"E00094358",18,8,10
"E00094359",13,8,5
"E00094360",18,9,9
"E00094361",6,2,4
"E00094362",9,7,2
"E00094363",5,3,2
"E00094364",2,0,2
"E00094365",6,4,2
"E00094366",9,5,4
"E00094367",5,2,3
"E00094368",7,5,2
"E00094369",4,3,1
"E00094370",8,3,5
"E00094371",5,4,1
"E00094372",3,2,1
"E00094373",1,0,1
"E00094374",10,4,6
"E00094375",1,1,0
"E00094376",10,4,6
"E00094377",1,1,0
"E00094378",9,4,5
"E00094379",12,6,6
"E00094380",7,3,4
"E00094381",9,6,3
"E00094382",12,6,6
"E00094383",9,5,4
"E00094384",8,6,2
"E00094385",4,1,3
"E00094386",15,8,7
"E00094387",8,8,0
"E00094389",5,4,1
"E00094390",13,5,8
"E00094391",11,4,7
"E00094392",5,3,2
"E00094393",5,4,1
"E00094395",9,4,5
"E00094396",9,8,1
"E00094397",9,4,5
"E00094398",1,0,1
"E00094399",0,0,0
"E00094400",0,0,0
"E00094402",2,0,2
"E00094403",2,1,1
"E00094404",0,0,0
"E00094405",0,0,0
"E00094406",1,0,1
"E00094407",1,0,1
"E00094408",1,1,0
"E00094409",1,1,0
"E00094410",0,0,0
"E00094411",1,1,0
"E00094412",1,0,1
"E00094413",0,0,0
"E00094414",0,0,0
"E00094415",7,6,1
"E00094416",4,3,1
"E00094417",7,3,4
"E00094418",6,4,2
"E00094419",6,2,4
"E00094420",11,8,3
"E00094421",9,6,3
"E00094422",2,0,2
"E00094423",12,5,7
"E00094424",4,1,3
"E00094425",4,4,0
"E00094426",8,5,3
"E00094427",4,3,1
"E00094428",10,4,6
"E00094429",5,3,2
"E00094430",16,10,6
"E00094431",8,5,3
"E00094432",4,2,2
"E00094433",1,1,0
"E00094434",2,1,1
"E00094435",3,0,3
"E00094436",6,4,2
"E00094437",5,2,3
"E00094438",4,1,3
"E00094439",0,0,0
"E00094440",5,2,3
"E00094441",3,2,1
"E00094442",3,2,1
"E00094443",2,1,1
"E00094444",6,2,4
"E00094445",6,5,1
"E00094446",2,1,1
"E00094447",4,1,3
"E00094448",3,1,2
"E00094449",9,5,4
"E00094450",2,1,1
"E00094451",0,0,0
"E00094452",0,0,0
"E00094453",0,0,0
"E00094454",3,1,2
"E00094455",1,1,0
"E00094456",6,1,5
"E00094457",6,3,3
"E00094458",5,3,2
"E00094459",7,3,4
"E00094460",1,0,1
"E00094461",0,0,0
"E00094462",5,4,1
"E00094463",5,2,3
"E00094464",0,0,0
"E00094465",1,1,0
"E00094466",1,0,1
"E00094467",0,0,0
"E00094468",1,0,1
"E00094469",1,1,0
"E00094470",2,1,1
"E00094471",0,0,0
"E00094472",2,2,0
"E00094473",3,1,2
"E00094474",3,1,2
"E00094475",2,1,1
"E00094476",0,0,0
"E00094477",1,1,0
"E00094478",4,1,3
"E00094479",1,1,0
"E00094480",2,1,1
"E00094481",3,3,0
"E00094482",0,0,0
"E00094483",2,1,1
"E00094484",0,0,0
"E00094485",0,0,0
"E00094486",2,2,0
"E00094487",2,2,0
"E00094488",0,0,0
"E00094489",3,1,2
"E00094490",5,2,3
"E00094491",2,1,1
"E00094492",0,0,0
"E00094493",3,2,1
"E00094494",3,1,2
"E00094495",0,0,0
"E00094496",7,2,5
"E00094497",6,3,3
"E00094498",2,2,0
"E00094499",1,1,0
"E00094500",19,10,9
"E00094501",15,6,9
"E00094502",9,5,4
"E00094503",3,0,3
"E00094504",4,3,1
"E00094505",9,4,5
"E00094506",17,12,5
"E00094507",10,8,2
"E00094508",0,0,0
"E00094509",0,0,0
"E00094510",5,3,2
"E00094511",5,2,3
"E00094512",7,5,2
"E00094513",8,3,5
"E00094514",4,0,4
"E00094515",4,1,3
"E00094516",10,6,4
"E00094517",5,3,2
"E00094518",14,8,6
"E00094519",9,4,5
"E00094520",18,10,8
"E00094521",11,4,7
"E00094522",7,4,3
"E00094523",3,2,1
"E00094524",4,2,2
"E00094525",0,0,0
"E00094526",8,7,1
"E00094527",11,8,3
"E00094528",5,0,5
"E00094529",3,1,2
"E00094530",8,6,2
"E00094531",1,0,1
"E00094532",2,1,1
"E00094533",3,1,2
"E00094534",3,2,1
"E00094535",4,1,3
"E00094536",6,2,4
"E00094537",1,1,0
"E00094538",2,2,0
"E00094539",2,1,1
"E00094540",1,0,1
"E00094541",7,4,3
"E00094542",2,1,1
"E00094543",0,0,0
"E00094544",2,1,1
"E00094545",6,2,4
"E00094546",0,0,0
"E00094547",7,4,3
"E00094548",2,1,1
"E00094549",7,2,5
"E00094550",0,0,0
"E00094551",2,1,1
"E00094552",4,2,2
"E00094553",0,0,0
"E00094554",5,2,3
"E00094555",1,1,0
"E00094556",1,1,0
"E00094557",4,2,2
"E00094558",7,6,1
"E00094559",10,2,8
"E00094560",1,1,0
"E00094561",3,3,0
"E00094562",6,1,5
"E00094563",2,1,1
"E00094564",1,0,1
"E00094565",5,2,3
"E00094566",0,0,0
"E00094567",0,0,0
"E00094568",0,0,0
"E00094569",2,2,0
"E00094570",1,1,0
"E00094571",0,0,0
"E00094572",7,3,4
"E00094573",6,2,4
"E00094574",0,0,0
"E00094575",2,1,1
"E00094576",0,0,0
"E00094577",4,1,3
"E00094578",4,1,3
"E00094579",5,3,2
"E00094580",8,3,5
"E00094581",0,0,0
"E00094582",3,3,0
"E00094583",1,0,1
"E00094584",3,2,1
"E00094585",1,1,0
"E00094586",4,4,0
"E00094587",2,1,1
"E00094588",1,1,0
"E00094589",1,1,0
"E00094590",3,2,1
"E00094591",6,4,2
"E00094592",8,3,5
"E00094593",5,1,4
"E00094594",3,3,0
"E00094595",3,2,1
"E00094596",3,0,3
"E00094597",4,3,1
"E00094598",7,3,4
"E00094599",1,1,0
"E00094600",8,3,5
"E00094601",1,1,0
"E00094602",7,1,6
"E00094603",4,1,3
"E00094604",1,1,0
"E00094605",2,2,0
"E00094606",3,3,0
"E00094607",4,4,0
"E00094608",2,2,0
"E00094609",3,3,0
"E00094610",3,2,1
"E00094611",2,1,1
"E00094612",1,1,0
"E00094613",3,3,0
"E00094614",2,1,1
"E00094615",5,3,2
"E00094616",7,4,3
"E00094617",3,2,1
"E00094618",10,7,3
"E00094619",2,2,0
"E00094620",1,0,1
"E00094621",9,5,4
"E00094622",2,2,0
"E00094623",1,0,1
"E00094624",10,3,7
"E00094625",0,0,0
"E00094626",0,0,0
"E00094627",2,0,2
"E00094628",4,3,1
"E00094629",3,0,3
"E00094630",8,2,6
"E00094632",1,0,1
"E00094633",0,0,0
"E00094634",0,0,0
"E00094635",0,0,0
"E00094636",5,1,4
"E00094637",3,2,1
"E00094638",0,0,0
"E00094639",7,4,3
"E00094640",0,0,0
"E00094641",5,1,4
"E00094642",0,0,0
"E00094643",7,5,2
"E00094644",2,2,0
"E00094645",2,2,0
"E00094646",1,0,1
"E00094647",0,0,0
"E00094648",4,3,1
"E00094650",1,1,0
"E00094651",5,3,2
"E00094652",3,2,1
"E00094653",7,3,4
"E00094655",5,2,3
"E00094656",2,0,2
"E00094657",1,0,1
"E00094658",0,0,0
"E00094659",7,4,3
"E00094660",6,1,5
"E00094661",7,3,4
"E00094662",12,6,6
"E00094663",5,2,3
"E00094664",9,3,6
"E00094665",1,1,0
"E00094666",1,1,0
"E00094667",5,4,1
"E00094668",4,2,2
"E00094669",8,5,3
"E00094670",14,6,8
"E00094671",1,0,1
"E00094672",5,3,2
"E00094673",5,2,3
"E00094674",11,6,5
"E00094675",3,2,1
"E00094676",4,3,1
"E00094677",6,2,4
"E00094678",2,2,0
"E00094679",2,1,1
"E00094680",2,1,1
"E00094681",2,0,2
"E00094682",5,5,0
"E00094683",5,0,5
"E00094684",4,3,1
"E00094685",3,1,2
"E00094686",1,0,1
"E00094687",2,0,2
"E00094688",7,3,4
"E00094689",1,1,0
"E00094690",11,5,6
"E00094691",3,3,0
"E00094692",1,1,0
"E00094693",6,3,3
"E00094694",1,1,0
"E00094695",1,0,1
"E00094696",2,2,0
"E00094697",6,2,4
"E00094698",2,1,1
"E00094699",5,2,3
"E00094700",2,1,1
"E00094701",1,0,1
"E00094702",5,3,2
"E00094703",4,0,4
"E00094704",1,0,1
"E00094705",4,3,1
"E00094706",3,3,0
"E00094707",5,3,2
"E00094708",0,0,0
"E00094709",4,1,3
"E00094710",5,2,3
"E00094711",2,1,1
"E00094712",0,0,0
"E00094713",9,6,3
"E00094714",9,5,4
"E00094715",3,2,1
"E00094716",1,0,1
"E00094717",4,1,3
"E00094718",5,5,0
"E00094719",5,0,5
"E00094720",3,2,1
"E00094721",5,3,2
"E00094722",4,3,1
"E00094723",0,0,0
"E00094724",4,2,2
"E00094725",2,1,1
"E00094726",8,3,5
"E00094727",3,0,3
"E00094728",7,5,2
"E00094729",8,4,4
"E00094730",2,0,2
"E00094731",0,0,0
"E00094732",2,1,1
"E00094733",2,1,1
"E00094734",0,0,0
"E00094735",2,0,2
"E00094736",5,0,5
"E00094737",5,3,2
"E00094738",3,2,1
"E00094739",2,2,0
"E00094740",2,1,1
"E00094741",6,4,2
"E00094742",1,1,0
"E00094743",5,3,2
"E00094744",1,0,1
"E00094745",0,0,0
"E00094746",6,5,1
"E00094747",4,1,3
"E00094748",2,0,2
"E00094749",3,1,2
"E00094750",4,3,1
"E00094751",6,2,4
"E00094752",8,6,2
"E00094753",6,2,4
"E00094754",10,5,5
"E00094755",3,1,2
"E00094756",4,3,1
"E00094757",0,0,0
"E00094758",1,1,0
"E00094759",7,1,6
"E00094760",2,2,0
"E00094761",4,0,4
"E00094762",0,0,0
"E00094763",2,0,2
"E00094764",1,0,1
"E00094765",2,0,2
"E00094766",1,1,0
"E00094767",2,1,1
"E00094768",2,1,1
"E00094769",3,1,2
"E00094770",1,1,0
"E00094771",6,1,5
"E00094772",1,1,0
"E00094773",0,0,0
"E00094774",2,0,2
"E00094775",4,2,2
"E00094776",4,2,2
"E00094777",3,2,1
"E00094778",4,2,2
"E00094779",1,1,0
"E00094780",3,1,2
"E00094781",1,0,1
"E00094782",6,2,4
"E00094783",1,0,1
"E00094784",5,3,2
"E00094785",3,2,1
"E00094786",9,1,8
"E00094787",4,2,2
"E00094788",5,1,4
"E00094789",6,6,0
"E00094790",5,1,4
"E00094791",10,7,3
"E00094792",6,2,4
"E00094793",7,4,3
"E00094794",5,3,2
"E00094795",3,0,3
"E00094796",12,6,6
"E00094797",1,1,0
"E00094798",1,0,1
"E00094799",3,1,2
"E00094800",4,2,2
"E00094801",2,1,1
"E00094802",2,1,1
"E00094803",1,1,0
"E00094804",1,0,1
"E00094805",3,1,2
"E00094806",1,1,0
"E00094807",11,4,7
"E00094808",1,0,1
"E00094809",3,2,1
"E00094810",3,1,2
"E00094811",4,4,0
"E00094812",1,1,0
"E00094813",4,1,3
"E00094814",3,2,1
"E00094815",4,1,3
"E00094816",5,5,0
"E00094817",4,2,2
"E00094818",5,0,5
"E00094819",1,1,0
"E00094820",7,4,3
"E00094821",8,5,3
"E00094822",4,3,1
"E00094823",4,2,2
"E00094824",5,3,2
"E00094825",5,0,5
"E00094826",1,0,1
"E00094827",1,0,1
"E00094828",4,2,2
"E00094829",3,1,2
"E00094830",1,0,1
"E00094831",5,3,2
"E00094832",3,1,2
"E00094833",11,6,5
"E00094834",6,1,5
"E00094835",1,0,1
"E00094836",8,3,5
"E00094837",4,1,3
"E00094838",5,4,1
"E00094839",2,0,2
"E00094840",5,4,1
"E00094841",9,8,1
"E00094843",13,5,8
"E00094844",4,3,1
"E00094845",3,0,3
"E00094846",1,1,0
"E00094847",1,0,1
"E00094848",6,2,4
"E00094849",1,1,0
"E00094850",2,1,1
"E00094851",2,1,1
"E00094852",1,0,1
"E00094853",4,1,3
"E00094854",7,4,3
"E00094855",1,1,0
"E00094856",1,1,0
"E00094857",2,1,1
"E00094858",3,2,1
"E00094859",1,0,1
"E00094860",14,5,9
"E00094861",7,3,4
"E00094862",5,2,3
"E00094863",2,1,1
"E00094864",0,0,0
"E00094865",1,0,1
"E00094867",1,1,0
"E00094868",4,2,2
"E00094869",1,1,0
"E00094870",3,2,1
"E00094871",5,2,3
"E00094872",7,3,4
"E00094873",2,1,1
"E00094874",4,0,4
"E00094875",0,0,0
"E00094876",1,0,1
"E00094877",4,2,2
"E00094878",6,5,1
"E00094879",2,1,1
"E00094880",4,3,1
"E00094881",4,3,1
"E00094882",1,0,1
"E00094883",2,0,2
"E00094884",2,0,2
"E00094885",1,1,0
"E00094886",6,2,4
"E00094887",9,5,4
"E00094888",3,3,0
"E00094889",1,0,1
"E00094890",2,1,1
"E00094891",5,3,2
"E00094892",2,1,1
"E00094893",3,1,2
"E00094894",1,1,0
"E00094895",0,0,0
"E00094896",3,1,2
"E00094897",4,2,2
"E00094898",3,1,2
"E00094899",2,0,2
"E00094900",3,2,1
"E00094901",4,1,3
"E00094902",2,1,1
"E00094903",3,0,3
"E00094904",4,3,1
"E00094905",2,1,1
"E00094906",2,0,2
"E00094907",6,2,4
"E00094908",3,2,1
"E00094909",1,1,0
"E00094910",4,1,3
"E00094911",5,3,2
"E00094912",3,2,1
"E00094913",2,0,2
"E00094914",4,2,2
"E00094915",1,1,0
"E00094916",0,0,0
"E00094917",8,3,5
"E00094918",7,3,4
"E00094919",0,0,0
"E00094920",3,2,1
"E00094921",3,1,2
"E00094922",7,2,5
"E00094923",0,0,0
"E00094924",0,0,0
"E00094925",1,0,1
"E00094926",4,2,2
"E00094927",9,4,5
"E00094928",1,0,1
"E00094929",11,2,9
"E00094930",3,3,0
"E00094932",4,2,2
"E00094933",5,2,3
"E00094934",12,3,9
"E00094935",4,3,1
"E00094936",6,4,2
"E00094937",2,2,0
"E00094938",2,2,0
"E00094939",10,4,6
"E00094940",3,1,2
"E00094941",5,1,4
"E00094942",1,0,1
"E00094943",6,1,5
"E00094944",9,1,8
"E00094945",1,0,1
"E00094946",3,2,1
"E00094947",9,5,4
"E00094948",1,1,0
"E00094949",11,6,5
"E00094950",7,3,4
"E00094951",7,1,6
"E00094952",5,4,1
"E00094953",1,0,1
"E00094954",0,0,0
"E00094955",4,3,1
"E00094956",2,2,0
"E00094958",2,1,1
"E00094959",8,4,4
"E00094960",3,0,3
"E00094961",4,4,0
"E00094962",3,1,2
"E00094963",10,7,3
"E00094964",2,0,2
"E00094965",3,2,1
"E00094966",1,0,1
"E00094967",4,2,2
"E00094968",4,1,3
"E00094969",2,1,1
"E00094970",6,5,1
"E00094971",1,1,0
"E00094972",5,2,3
"E00094973",0,0,0
"E00094974",3,2,1
"E00094975",1,1,0
"E00094976",6,3,3
"E00094977",0,0,0
"E00094978",12,5,7
"E00094979",4,3,1
"E00094980",3,2,1
"E00094981",2,1,1
"E00094982",5,3,2
"E00094983",8,1,7
"E00094984",3,3,0
"E00094985",5,3,2
"E00094986",2,2,0
"E00094987",3,1,2
"E00094988",8,7,1
"E00094989",8,4,4
"E00094990",3,0,3
"E00094991",14,7,7
"E00094992",1,0,1
"E00094993",9,6,3
"E00094994",8,4,4
"E00094995",9,3,6
"E00094996",9,3,6
"E00094997",7,6,1
"E00094998",5,2,3
"E00094999",3,1,2
"E00095000",4,2,2
"E00095001",4,2,2
"E00095002",6,3,3
"E00095003",0,0,0
"E00095004",0,0,0
"E00095005",5,3,2
"E00095006",4,2,2
"E00095007",1,1,0
"E00095008",0,0,0
"E00095009",13,7,6
"E00095010",4,2,2
"E00095011",5,2,3
"E00095012",3,1,2
"E00095013",2,1,1
"E00095014",9,4,5
"E00095015",6,4,2
"E00095016",1,0,1
"E00095017",4,3,1
"E00095018",4,1,3
"E00095019",1,1,0
"E00095020",6,5,1
"E00095021",2,2,0
"E00095022",8,5,3
"E00095024",4,2,2
"E00095025",2,1,1
"E00095026",8,6,2
"E00095027",4,2,2
"E00095028",5,1,4
"E00095029",16,10,6
"E00095030",5,4,1
"E00095031",1,0,1
"E00095032",1,0,1
"E00095033",3,1,2
"E00095034",3,0,3
"E00095035",4,3,1
"E00095036",4,3,1
"E00095037",6,2,4
"E00095038",0,0,0
"E00095039",1,0,1
"E00095040",1,0,1
"E00095041",6,4,2
"E00095042",4,0,4
"E00095043",2,1,1
"E00095044",4,3,1
"E00095045",4,3,1
"E00095046",0,0,0
"E00095047",6,3,3
"E00095048",7,4,3
"E00095049",11,4,7
"E00095050",4,0,4
"E00095051",1,1,0
"E00095052",0,0,0
"E00095053",6,5,1
"E00095054",0,0,0
"E00095055",6,2,4
"E00095056",17,8,9
"E00095057",1,0,1
"E00095058",2,0,2
"E00095059",3,2,1
"E00095060",2,2,0
"E00095061",2,2,0
"E00095062",0,0,0
"E00095063",3,3,0
"E00095064",4,0,4
"E00095065",6,4,2
"E00095066",8,3,5
"E00095067",6,5,1
"E00095068",5,2,3
"E00095069",1,0,1
"E00095070",9,5,4
"E00095071",8,5,3
"E00095072",5,2,3
"E00095073",7,2,5
"E00095074",8,5,3
"E00095075",5,5,0
"E00095076",3,3,0
"E00095077",2,0,2
"E00095078",8,3,5
"E00095079",3,3,0
"E00095080",0,0,0
"E00095081",1,0,1
"E00095082",6,4,2
"E00095083",5,3,2
"E00095084",4,2,2
"E00095085",1,0,1
"E00095086",2,1,1
"E00095087",2,1,1
"E00095088",4,2,2
"E00095089",2,0,2
"E00095090",1,1,0
"E00095091",2,1,1
"E00095092",4,0,4
"E00095093",4,2,2
"E00095094",3,0,3
"E00095095",0,0,0
"E00095096",1,1,0
"E00095097",7,2,5
"E00095098",4,2,2
"E00095099",2,1,1
"E00095100",0,0,0
"E00095101",4,2,2
"E00095102",3,1,2
"E00095103",5,3,2
"E00095104",3,1,2
"E00095105",0,0,0
"E00095106",1,1,0
"E00095107",0,0,0
"E00095108",0,0,0
"E00095109",3,0,3
"E00095110",4,1,3
"E00095111",6,4,2
"E00095112",6,3,3
"E00095113",7,1,6
"E00095114",4,3,1
"E00095115",1,1,0
"E00095116",1,0,1
"E00095117",1,1,0
"E00095118",0,0,0
"E00095119",1,0,1
"E00095120",2,1,1
"E00095121",2,1,1
"E00095122",5,4,1
"E00095123",0,0,0
"E00095124",0,0,0
"E00095125",2,1,1
"E00095126",4,4,0
"E00095127",0,0,0
"E00095128",7,5,2
"E00095129",5,3,2
"E00095130",4,0,4
"E00095131",3,2,1
"E00095132",6,3,3
"E00095133",3,3,0
"E00095134",2,0,2
"E00095135",3,3,0
"E00095136",7,4,3
"E00095137",3,0,3
"E00095138",12,5,7
"E00095139",4,1,3
"E00095140",8,5,3
"E00095141",5,0,5
"E00095142",6,2,4
"E00095143",4,2,2
"E00095144",0,0,0
"E00095145",9,6,3
"E00095146",2,1,1
"E00095147",5,3,2
"E00095148",4,2,2
"E00095149",7,4,3
"E00095150",4,1,3
"E00095151",9,2,7
"E00095152",2,0,2
"E00095154",6,2,4
"E00095155",1,1,0
"E00095157",2,0,2
"E00095158",3,0,3
"E00095159",3,2,1
"E00095160",0,0,0
"E00095161",5,3,2
"E00095162",5,2,3
"E00095163",8,2,6
"E00095164",2,1,1
"E00095165",1,1,0
"E00095166",3,2,1
"E00095167",1,0,1
"E00095168",1,1,0
"E00095169",10,6,4
"E00095170",7,4,3
"E00095171",10,3,7
"E00095172",3,0,3
"E00095173",7,3,4
"E00095174",8,4,4
"E00095175",6,2,4
"E00095176",14,3,11
"E00095177",10,6,4
"E00095178",2,0,2
"E00095179",5,3,2
"E00095180",3,0,3
"E00095181",3,0,3
"E00095182",0,0,0
"E00095183",6,3,3
"E00095184",0,0,0
"E00095185",0,0,0
"E00095186",1,1,0
"E00095187",0,0,0
"E00095188",14,6,8
"E00095189",9,5,4
"E00095190",9,5,4
"E00095192",3,1,2
"E00095193",1,0,1
"E00095194",5,2,3
"E00095195",4,1,3
"E00095196",0,0,0
"E00095197",3,2,1
"E00095198",4,1,3
"E00095200",4,1,3
"E00095201",2,1,1
"E00095202",5,2,3
"E00095203",2,2,0
"E00095204",14,10,4
"E00095205",2,1,1
"E00095206",0,0,0
"E00095207",5,2,3
"E00095208",1,0,1
"E00095209",3,1,2
"E00095210",0,0,0
"E00095211",2,2,0
"E00095212",1,1,0
"E00095213",2,1,1
"E00095214",3,0,3
"E00095215",1,0,1
"E00095216",3,1,2
"E00095217",2,1,1
"E00095218",9,4,5
"E00095219",2,1,1
"E00095220",0,0,0
"E00095221",6,5,1
"E00095222",3,2,1
"E00095223",4,2,2
"E00095224",4,1,3
"E00095225",0,0,0
"E00095226",0,0,0
"E00095227",2,0,2
"E00095228",0,0,0
"E00095229",1,1,0
"E00095230",0,0,0
"E00095231",3,2,1
"E00095232",8,1,7
"E00095233",3,3,0
"E00095234",5,2,3
"E00095235",6,2,4
"E00095236",0,0,0
"E00095237",0,0,0
"E00095238",5,0,5
"E00095239",4,3,1
"E00095240",1,1,0
"E00095241",2,1,1
"E00095242",5,3,2
"E00095243",4,4,0
"E00095244",0,0,0
"E00095245",5,5,0
"E00095246",5,4,1
"E00095247",2,1,1
"E00095248",3,2,1
"E00095249",0,0,0
"E00095250",3,1,2
"E00095251",5,1,4
"E00095252",7,4,3
"E00095253",2,2,0
"E00095254",2,2,0
"E00095255",3,2,1
"E00095256",0,0,0
"E00095257",2,2,0
"E00095258",3,2,1
"E00095259",0,0,0
"E00095260",1,1,0
"E00095261",0,0,0
"E00095262",3,1,2
"E00095263",0,0,0
"E00095264",7,2,5
"E00095265",0,0,0
"E00095266",0,0,0
"E00095267",6,2,4
"E00095268",0,0,0
"E00095269",1,0,1
"E00095270",0,0,0
"E00095271",4,1,3
"E00095272",5,3,2
"E00095273",0,0,0
"E00095274",0,0,0
"E00095275",0,0,0
"E00095276",3,1,2
"E00095277",4,3,1
"E00095278",1,1,0
"E00095279",0,0,0
"E00095280",6,4,2
"E00095281",2,2,0
"E00095282",1,1,0
"E00095283",5,5,0
"E00095284",2,0,2
"E00095285",2,1,1
"E00095286",0,0,0
"E00095287",1,1,0
"E00095288",5,4,1
"E00095289",2,2,0
"E00095290",2,2,0
"E00095291",1,0,1
"E00095292",3,2,1
"E00095293",5,3,2
"E00095294",1,0,1
"E00095295",4,0,4
"E00095296",0,0,0
"E00095297",0,0,0
"E00095298",4,2,2
"E00095299",1,0,1
"E00095300",3,2,1
"E00095301",1,0,1
"E00095302",4,0,4
"E00095303",6,4,2
"E00095304",4,1,3
"E00095305",3,3,0
"E00095306",1,0,1
"E00095307",0,0,0
"E00095308",3,2,1
"E00095309",8,5,3
"E00095310",1,1,0
"E00095311",1,1,0
"E00095312",0,0,0
"E00095313",1,0,1
"E00095314",2,1,1
"E00095315",3,1,2
"E00095316",0,0,0
"E00095317",0,0,0
"E00095318",1,0,1
"E00095319",3,2,1
"E00095320",1,1,0
"E00095321",0,0,0
"E00095322",2,0,2
"E00095323",5,3,2
"E00095324",2,2,0
"E00095325",6,1,5
"E00095326",7,2,5
"E00095327",2,1,1
"E00095328",3,2,1
"E00095329",5,4,1
"E00095330",1,1,0
"E00095331",2,0,2
"E00095332",6,2,4
"E00095333",1,1,0
"E00095334",7,1,6
"E00095335",4,3,1
"E00095336",2,0,2
"E00095337",3,1,2
"E00095338",3,3,0
"E00095339",8,6,2
"E00095340",5,3,2
"E00095341",5,1,4
"E00095342",1,1,0
"E00095343",2,0,2
"E00095344",4,2,2
"E00095345",5,1,4
"E00095346",2,1,1
"E00095347",3,1,2
"E00095348",6,4,2
"E00095349",11,5,6
"E00095350",2,1,1
"E00095351",3,3,0
"E00095352",4,2,2
"E00095353",4,0,4
"E00095354",4,2,2
"E00095355",5,3,2
"E00095356",3,2,1
"E00095357",4,1,3
"E00095358",5,1,4
"E00095359",2,1,1
"E00095360",11,5,6
"E00095361",8,4,4
"E00095362",1,0,1
"E00095363",3,2,1
"E00095364",8,3,5
"E00095365",3,2,1
"E00095366",1,0,1
"E00095368",4,1,3
"E00095370",0,0,0
"E00095371",2,0,2
"E00095372",3,2,1
"E00095373",5,3,2
"E00095374",7,4,3
"E00095375",1,1,0
"E00095378",7,5,2
"E00095379",3,2,1
"E00095380",5,5,0
"E00095381",4,2,2
"E00095382",0,0,0
"E00095383",1,0,1
"E00095384",1,0,1
"E00095385",1,1,0
"E00095386",0,0,0
"E00095387",3,2,1
"E00095388",2,0,2
"E00095389",5,2,3
"E00095390",1,0,1
"E00095391",1,0,1
"E00095392",4,2,2
"E00095393",2,2,0
"E00095394",2,2,0
"E00095395",5,2,3
"E00095396",0,0,0
"E00095397",3,0,3
"E00095398",3,1,2
"E00095399",8,4,4
"E00095400",5,2,3
"E00095401",3,3,0
"E00095402",4,0,4
"E00095403",0,0,0
"E00095404",4,1,3
"E00095405",0,0,0
"E00095406",5,2,3
"E00095407",4,3,1
"E00095408",5,3,2
"E00095409",4,3,1
"E00095410",2,0,2
"E00095411",4,3,1
"E00095412",2,2,0
"E00095413",1,0,1
"E00095414",0,0,0
"E00095415",0,0,0
"E00095416",5,4,1
"E00095417",4,2,2
"E00095418",2,1,1
"E00095419",2,0,2
"E00095420",0,0,0
"E00095421",2,2,0
"E00095422",0,0,0
"E00095423",5,1,4
"E00095424",0,0,0
"E00095425",4,3,1
"E00095426",3,1,2
"E00095427",5,2,3
"E00095428",1,0,1
"E00095429",5,1,4
"E00095430",0,0,0
"E00095431",4,2,2
"E00095432",2,2,0
"E00095433",5,2,3
"E00095435",0,0,0
"E00095436",0,0,0
"E00095437",3,2,1
"E00095438",0,0,0
"E00095439",4,1,3
"E00095440",7,4,3
"E00095441",3,2,1
"E00095442",2,1,1
"E00095443",5,3,2
"E00095444",0,0,0
"E00095445",13,9,4
"E00095447",5,2,3
"E00095448",7,3,4
"E00095449",6,2,4
"E00095450",1,0,1
"E00095451",4,3,1
"E00095452",4,1,3
"E00095453",5,2,3
"E00095454",2,0,2
"E00095455",7,4,3
"E00095456",1,1,0
"E00095457",2,0,2
"E00095458",0,0,0
"E00095459",0,0,0
"E00095460",8,5,3
"E00095461",4,2,2
"E00095462",1,1,0
"E00095463",3,2,1
"E00095464",2,0,2
"E00095465",2,0,2
"E00095466",1,0,1
"E00095467",0,0,0
"E00095468",0,0,0
"E00095469",4,2,2
"E00095470",5,4,1
"E00095471",1,1,0
"E00095472",2,1,1
"E00095473",1,1,0
"E00095474",1,0,1
"E00095475",1,1,0
"E00095476",0,0,0
"E00095477",0,0,0
"E00095478",2,2,0
"E00095479",0,0,0
"E00095480",4,0,4
"E00095481",2,2,0
"E00095482",2,1,1
"E00095483",4,0,4
"E00095484",0,0,0
"E00095485",1,1,0
"E00095486",0,0,0
"E00095487",1,1,0
"E00095488",2,1,1
"E00095489",4,1,3
"E00095490",0,0,0
"E00095491",2,1,1
"E00095492",3,0,3
"E00095493",3,2,1
"E00095494",2,1,1
"E00095495",7,4,3
"E00095496",0,0,0
"E00095497",1,1,0
"E00095498",2,1,1
"E00095499",1,0,1
"E00095500",3,0,3
"E00095501",0,0,0
"E00095502",5,3,2
"E00095503",1,1,0
"E00095504",1,0,1
"E00095505",0,0,0
"E00095506",0,0,0
"E00095507",6,3,3
"E00095508",2,2,0
"E00095509",4,0,4
"E00095510",1,1,0
"E00095511",3,2,1
"E00095512",0,0,0
"E00095513",0,0,0
"E00095514",2,0,2
"E00095515",0,0,0
"E00095516",2,0,2
"E00095517",0,0,0
"E00095518",0,0,0
"E00095519",1,1,0
"E00095520",3,3,0
"E00095521",3,1,2
"E00095522",6,2,4
"E00095523",2,0,2
"E00095524",1,0,1
"E00095525",2,2,0
"E00095526",2,2,0
"E00095527",3,2,1
"E00095528",0,0,0
"E00095529",4,3,1
"E00095530",1,1,0
"E00095533",1,1,0
"E00095534",4,3,1
"E00095535",0,0,0
"E00095536",5,4,1
"E00095537",8,4,4
"E00095538",1,0,1
"E00095539",2,0,2
"E00095540",7,5,2
"E00095541",7,4,3
"E00095542",3,3,0
"E00095543",2,1,1
"E00095544",11,3,8
"E00095545",4,3,1
"E00095546",5,1,4
"E00095547",1,0,1
"E00095548",4,4,0
"E00095549",6,3,3
"E00095550",3,1,2
"E00095551",6,3,3
"E00095552",7,4,3
"E00095553",7,1,6
"E00095554",3,2,1
"E00095555",10,2,8
"E00095556",6,1,5
"E00095557",9,4,5
"E00095558",5,2,3
"E00095559",11,5,6
"E00095560",4,2,2
"E00095561",6,2,4
"E00095562",3,2,1
"E00095563",3,1,2
"E00095564",2,2,0
"E00095565",6,3,3
"E00095566",14,7,7
"E00095567",4,3,1
"E00095568",2,1,1
"E00095569",6,3,3
"E00095570",5,3,2
"E00095571",3,0,3
"E00095572",8,3,5
"E00095573",4,0,4
"E00095574",1,0,1
"E00095575",3,2,1
"E00095576",2,2,0
"E00095577",3,2,1
"E00095578",4,2,2
"E00095579",0,0,0
"E00095580",3,2,1
"E00095581",3,2,1
"E00095582",3,2,1
"E00095583",1,1,0
"E00095584",4,3,1
"E00095585",1,1,0
"E00095586",3,0,3
"E00095587",0,0,0
"E00095588",2,1,1
"E00095589",3,0,3
"E00095590",4,2,2
"E00095591",3,1,2
"E00095592",1,1,0
"E00095593",24,12,12
"E00095594",2,1,1
"E00095595",0,0,0
"E00095596",3,0,3
"E00095597",2,1,1
"E00095598",1,0,1
"E00095599",0,0,0
"E00095600",2,2,0
"E00095601",6,3,3
"E00095602",1,1,0
"E00095604",2,1,1
"E00095605",4,3,1
"E00095606",5,4,1
"E00095607",4,3,1
"E00095608",5,4,1
"E00095609",2,2,0
"E00095610",8,5,3
"E00095611",1,1,0
"E00095612",6,4,2
"E00095613",1,1,0
"E00095614",8,3,5
"E00095615",10,5,5
"E00095616",0,0,0
"E00095617",8,5,3
"E00095618",3,1,2
"E00095619",0,0,0
"E00095620",5,1,4
"E00095622",4,3,1
"E00095623",2,2,0
"E00095624",1,0,1
"E00095625",6,1,5
"E00095626",5,2,3
"E00095627",2,1,1
"E00095628",2,1,1
"E00095629",1,1,0
"E00095630",2,2,0
"E00095631",2,2,0
"E00095632",3,2,1
"E00095633",1,1,0
"E00095634",5,2,3
"E00095635",4,3,1
"E00095636",8,5,3
"E00095637",3,1,2
"E00095638",6,2,4
"E00095640",1,0,1
"E00095641",3,1,2
"E00095642",7,5,2
"E00095643",2,1,1
"E00095644",4,1,3
"E00095645",5,1,4
"E00095646",0,0,0
"E00095647",5,3,2
"E00095648",4,2,2
"E00095649",5,1,4
"E00095650",0,0,0
"E00095651",6,3,3
"E00095652",1,0,1
"E00095653",0,0,0
"E00095654",1,1,0
"E00095655",1,1,0
"E00095656",3,2,1
"E00095657",3,2,1
"E00095658",3,1,2
"E00095659",0,0,0
"E00095660",0,0,0
"E00095661",12,7,5
"E00095662",4,3,1
"E00095663",1,0,1
"E00095664",0,0,0
"E00095665",4,1,3
"E00095666",9,2,7
"E00095667",1,0,1
"E00095668",1,0,1
"E00095669",1,1,0
"E00095670",2,0,2
"E00095671",1,0,1
"E00095672",7,1,6
"E00095673",1,1,0
"E00095674",1,0,1
"E00095675",7,2,5
"E00095676",1,1,0
"E00095677",1,1,0
"E00095678",6,4,2
"E00095679",5,5,0
"E00095680",4,2,2
"E00095681",4,2,2
"E00095682",4,1,3
"E00095683",6,3,3
"E00095684",5,2,3
"E00095685",0,0,0
"E00095686",3,3,0
"E00095687",0,0,0
"E00095688",5,2,3
"E00095689",4,2,2
"E00095690",9,6,3
"E00095692",7,2,5
"E00095693",2,1,1
"E00095694",3,3,0
"E00095695",1,0,1
"E00095696",3,1,2
"E00095697",6,2,4
"E00095698",1,0,1
"E00095699",1,0,1
"E00095700",8,3,5
"E00095701",6,3,3
"E00095702",9,3,6
"E00095703",6,4,2
"E00095704",3,1,2
"E00095705",3,2,1
"E00095706",7,2,5
"E00095707",4,2,2
"E00095708",7,3,4
"E00095709",6,2,4
"E00095710",2,2,0
"E00095711",2,0,2
"E00095712",14,10,4
"E00095713",2,1,1
"E00095714",5,2,3
"E00095715",3,2,1
"E00095716",2,0,2
"E00095717",2,0,2
"E00095718",2,2,0
"E00095719",3,1,2
"E00095720",0,0,0
"E00095721",2,1,1
"E00095722",2,1,1
"E00095723",1,0,1
"E00095724",9,7,2
"E00095725",0,0,0
"E00095726",0,0,0
"E00095727",2,0,2
"E00095728",4,0,4
"E00095729",6,4,2
"E00095730",0,0,0
"E00095731",0,0,0
"E00095732",2,1,1
"E00095733",4,0,4
"E00095734",7,6,1
"E00095735",0,0,0
"E00095736",4,2,2
"E00095737",4,1,3
"E00095738",0,0,0
"E00095739",3,2,1
"E00095740",3,1,2
"E00095741",5,0,5
"E00095742",8,5,3
"E00095743",8,6,2
"E00095744",5,4,1
"E00095745",4,2,2
"E00095746",3,1,2
"E00095747",3,2,1
"E00095748",6,4,2
"E00095749",7,4,3
"E00095750",2,2,0
"E00095751",1,1,0
"E00095752",4,1,3
"E00095753",8,6,2
"E00095754",4,2,2
"E00095755",5,2,3
"E00095756",4,0,4
"E00095757",5,4,1
"E00095758",1,1,0
"E00095759",1,1,0
"E00095760",0,0,0
"E00095761",8,3,5
"E00095762",3,1,2
"E00095763",11,7,4
"E00095764",6,3,3
"E00095767",2,0,2
"E00095768",6,3,3
"E00095769",2,1,1
"E00095770",4,1,3
"E00095773",5,1,4
"E00095774",4,3,1
"E00095775",1,1,0
"E00095776",3,1,2
"E00095777",1,1,0
"E00095778",2,1,1
"E00095779",7,4,3
"E00095780",5,1,4
"E00095781",7,1,6
"E00095782",7,4,3
"E00095783",3,1,2
"E00095784",3,1,2
"E00095785",6,2,4
"E00095786",5,4,1
"E00095787",4,2,2
"E00095788",5,2,3
"E00095789",8,3,5
"E00095790",4,1,3
"E00095791",6,2,4
"E00095792",1,0,1
"E00095793",4,2,2
"E00095794",2,2,0
"E00095795",3,1,2
"E00095796",1,1,0
"E00095797",1,0,1
"E00095798",4,3,1
"E00095799",5,2,3
"E00095800",2,1,1
"E00095801",1,0,1
"E00095802",0,0,0
"E00095803",5,3,2
"E00095804",3,0,3
"E00095805",10,5,5
"E00095806",3,1,2
"E00095807",2,2,0
"E00095808",4,2,2
"E00095809",4,2,2
"E00095810",5,3,2
"E00095811",10,5,5
"E00095812",4,2,2
"E00095813",6,4,2
"E00095814",5,4,1
"E00095815",4,3,1
"E00095816",6,4,2
"E00095817",9,5,4
"E00095818",2,1,1
"E00095819",3,0,3
"E00095820",4,2,2
"E00095821",4,1,3
"E00095822",0,0,0
"E00095823",0,0,0
"E00095824",5,2,3
"E00095825",1,1,0
"E00095826",2,1,1
"E00095827",4,2,2
"E00095828",4,2,2
"E00095829",5,2,3
"E00095830",1,1,0
"E00095831",2,1,1
"E00095832",6,1,5
"E00095833",10,7,3
"E00095834",4,2,2
"E00095835",0,0,0
"E00095836",3,1,2
"E00095837",3,1,2
"E00095838",3,3,0
"E00095839",6,3,3
"E00095840",4,1,3
"E00095841",2,1,1
"E00095842",1,0,1
"E00095843",2,1,1
"E00095844",11,8,3
"E00095845",0,0,0
"E00095846",6,3,3
"E00095847",3,3,0
"E00095848",5,1,4
"E00095849",5,3,2
"E00095850",2,0,2
"E00095851",1,0,1
"E00095852",1,0,1
"E00095853",4,2,2
"E00095854",3,2,1
"E00095855",5,3,2
"E00095856",1,1,0
"E00095857",4,1,3
"E00095858",1,1,0
"E00095859",2,2,0
"E00095860",8,5,3
"E00095861",3,1,2
"E00095862",0,0,0
"E00095863",1,0,1
"E00095864",3,1,2
"E00095865",4,1,3
"E00095866",0,0,0
"E00095867",2,1,1
"E00095868",1,1,0
"E00095869",4,2,2
"E00095870",2,2,0
"E00095871",6,6,0
"E00095872",0,0,0
"E00095873",2,0,2
"E00095874",0,0,0
"E00095875",3,2,1
"E00095876",3,2,1
"E00095877",4,1,3
"E00095878",0,0,0
"E00095879",10,3,7
"E00095880",0,0,0
"E00095881",4,1,3
"E00095882",3,1,2
"E00095883",3,2,1
"E00095884",1,0,1
"E00095885",1,1,0
"E00095886",2,1,1
"E00095887",1,0,1
"E00095888",0,0,0
"E00095889",0,0,0
"E00095890",6,4,2
"E00095891",6,3,3
"E00095892",1,0,1
"E00095893",2,0,2
"E00095894",5,2,3
"E00095895",4,3,1
"E00095896",1,0,1
"E00095897",1,0,1
"E00095898",3,3,0
"E00095899",1,1,0
"E00095900",4,1,3
"E00095901",3,2,1
"E00095902",6,4,2
"E00095903",5,4,1
"E00095904",1,0,1
"E00095905",3,0,3
"E00095906",5,2,3
"E00095907",8,4,4
"E00095908",6,4,2
"E00095909",4,2,2
"E00095910",5,0,5
"E00095911",5,3,2
"E00095912",3,0,3
"E00095913",5,2,3
"E00095914",1,1,0
"E00095915",5,4,1
"E00095916",10,7,3
"E00095917",3,2,1
"E00095918",5,2,3
"E00095919",8,3,5
"E00095920",5,3,2
"E00095921",5,2,3
"E00095922",10,7,3
"E00095923",1,0,1
"E00095924",1,1,0
"E00095925",11,3,8
"E00095926",1,1,0
"E00095927",7,3,4
"E00095928",9,5,4
"E00095929",2,2,0
"E00095930",6,3,3
"E00095931",3,2,1
"E00095932",5,2,3
"E00095933",1,1,0
"E00095934",0,0,0
"E00095935",3,1,2
"E00095936",0,0,0
"E00095937",0,0,0
"E00095938",4,3,1
"E00095939",3,1,2
"E00095940",4,1,3
"E00095941",1,1,0
"E00095942",3,1,2
"E00095943",5,2,3
"E00095944",8,5,3
"E00095945",2,1,1
"E00095946",1,0,1
"E00095947",1,0,1
"E00095948",7,2,5
"E00095949",1,0,1
"E00095950",5,1,4
"E00095951",6,1,5
"E00095952",7,5,2
"E00095953",2,1,1
"E00095954",6,3,3
"E00095955",2,0,2
"E00095956",6,4,2
"E00095957",2,0,2
"E00095958",5,4,1
"E00095959",4,2,2
"E00095960",2,0,2
"E00095961",2,1,1
"E00095962",1,1,0
"E00095963",4,2,2
"E00095964",0,0,0
"E00095965",2,1,1
"E00095966",3,2,1
"E00095967",1,1,0
"E00095968",1,0,1
"E00095969",4,3,1
"E00095970",6,4,2
"E00095971",3,2,1
"E00095972",0,0,0
"E00095973",12,5,7
"E00095974",1,1,0
"E00095975",1,0,1
"E00095976",4,0,4
"E00095977",2,1,1
"E00095978",2,2,0
"E00095979",2,2,0
"E00095980",2,2,0
"E00095981",1,0,1
"E00095982",0,0,0
"E00095983",1,0,1
"E00095984",3,1,2
"E00095985",6,1,5
"E00095986",2,2,0
"E00095987",0,0,0
"E00095988",1,0,1
"E00095989",3,1,2
"E00095990",3,2,1
"E00095991",1,1,0
"E00095992",2,1,1
"E00095993",5,3,2
"E00095994",3,1,2
"E00095995",0,0,0
"E00095996",1,1,0
"E00095997",4,3,1
"E00095998",2,2,0
"E00095999",2,0,2
"E00096000",3,3,0
"E00096001",5,2,3
"E00096002",1,0,1
"E00096003",1,0,1
"E00096004",3,1,2
"E00096005",2,2,0
"E00096006",6,3,3
"E00096007",7,4,3
"E00096008",6,4,2
"E00096009",6,3,3
"E00096010",7,4,3
"E00096011",1,0,1
"E00096012",1,0,1
"E00096013",2,0,2
"E00096014",6,4,2
"E00096015",5,2,3
"E00096016",0,0,0
"E00096017",1,1,0
"E00096018",1,0,1
"E00096019",1,1,0
"E00096020",3,1,2
"E00096021",1,1,0
"E00096022",1,0,1
"E00096023",1,1,0
"E00096024",8,4,4
"E00096025",2,2,0
"E00096026",6,4,2
"E00096027",1,0,1
"E00096028",1,1,0
"E00096029",3,1,2
"E00096030",3,1,2
"E00096031",10,6,4
"E00096032",3,1,2
"E00096033",2,1,1
"E00096034",1,1,0
"E00096035",2,1,1
"E00096036",3,2,1
"E00096037",8,3,5
"E00096038",1,1,0
"E00096039",5,3,2
"E00096040",6,3,3
"E00096041",4,2,2
"E00096042",4,2,2
"E00096043",4,3,1
"E00096044",2,1,1
"E00096045",3,1,2
"E00096046",4,3,1
"E00096047",3,3,0
"E00096048",2,1,1
"E00096049",3,2,1
"E00096050",2,0,2
"E00096051",0,0,0
"E00096052",3,0,3
"E00096053",7,2,5
"E00096054",1,1,0
"E00096055",2,0,2
"E00096056",4,1,3
"E00096057",0,0,0
"E00096058",2,1,1
"E00096059",1,1,0
"E00096060",5,4,1
"E00096061",8,4,4
"E00096062",4,2,2
"E00096063",3,1,2
"E00096064",0,0,0
"E00096065",2,1,1
"E00096066",2,2,0
"E00096067",7,2,5
"E00096068",1,0,1
"E00096069",0,0,0
"E00096070",10,7,3
"E00096071",1,1,0
"E00096072",6,3,3
"E00096073",6,2,4
"E00096075",5,2,3
"E00096076",0,0,0
"E00096077",3,0,3
"E00096078",0,0,0
"E00096079",1,0,1
"E00096080",4,2,2
"E00096081",4,2,2
"E00096082",7,3,4
"E00096083",3,1,2
"E00096084",5,2,3
"E00096085",2,2,0
"E00096087",1,0,1
"E00096088",8,5,3
"E00096089",4,4,0
"E00096090",3,0,3
"E00096091",4,3,1
"E00096092",6,5,1
"E00096093",2,0,2
"E00096094",7,3,4
"E00096095",3,3,0
"E00096096",5,2,3
"E00096097",5,3,2
"E00096098",2,2,0
"E00096099",4,2,2
"E00096100",3,2,1
"E00096101",3,2,1
"E00096102",1,0,1
"E00096103",1,0,1
"E00096104",4,2,2
"E00096105",2,1,1
"E00096106",4,3,1
"E00096107",3,1,2
"E00096108",3,0,3
"E00096109",7,3,4
"E00096110",5,3,2
"E00096111",4,1,3
"E00096112",1,1,0
"E00096113",4,0,4
"E00096114",1,0,1
"E00096115",2,0,2
"E00096116",0,0,0
"E00096117",3,2,1
"E00096118",1,1,0
"E00096119",1,0,1
"E00096120",6,2,4
"E00096121",2,1,1
"E00096122",3,1,2
"E00096123",2,1,1
"E00096124",3,1,2
"E00096125",0,0,0
"E00096126",10,4,6
"E00096127",6,5,1
"E00096128",2,2,0
"E00096129",2,1,1
"E00096130",6,3,3
"E00096131",4,2,2
"E00096132",5,3,2
"E00096133",2,1,1
"E00096134",7,3,4
"E00096135",12,5,7
"E00096136",0,0,0
"E00096137",0,0,0
"E00096138",3,2,1
"E00096139",2,1,1
"E00096140",6,4,2
"E00096141",1,0,1
"E00096142",1,1,0
"E00096143",10,3,7
"E00096144",3,1,2
"E00096145",0,0,0
"E00096146",5,2,3
"E00096147",5,0,5
"E00096148",2,0,2
"E00096149",7,4,3
"E00096150",7,6,1
"E00096151",0,0,0
"E00096152",8,4,4
"E00096153",0,0,0
"E00096154",1,0,1
"E00096155",7,3,4
"E00096156",3,2,1
"E00096157",7,3,4
"E00096158",5,2,3
"E00096159",2,1,1
"E00096160",5,4,1
"E00096161",1,0,1
"E00096162",4,1,3
"E00096163",1,1,0
"E00096164",0,0,0
"E00096165",1,0,1
"E00096166",12,9,3
"E00096167",1,0,1
"E00096168",3,2,1
"E00096169",0,0,0
"E00096170",2,2,0
"E00096171",3,0,3
"E00096172",4,2,2
"E00096173",3,3,0
"E00096174",1,0,1
"E00096175",3,1,2
"E00096176",3,3,0
"E00096177",0,0,0
"E00096178",1,1,0
"E00096179",2,1,1
"E00096180",7,4,3
"E00096181",3,2,1
"E00096182",4,3,1
"E00096183",1,0,1
"E00096184",0,0,0
"E00096185",3,1,2
"E00096186",2,1,1
"E00096187",1,0,1
"E00096188",4,1,3
"E00096189",6,4,2
"E00096190",2,1,1
"E00096191",1,0,1
"E00096192",0,0,0
"E00096193",0,0,0
"E00096194",2,2,0
"E00096195",4,2,2
"E00096196",2,1,1
"E00096197",3,2,1
"E00096198",1,0,1
"E00096199",4,1,3
"E00096200",3,2,1
"E00096201",3,1,2
"E00096202",5,4,1
"E00096203",0,0,0
"E00096204",0,0,0
"E00096205",1,0,1
"E00096206",0,0,0
"E00096207",3,2,1
"E00096208",1,1,0
"E00096209",3,1,2
"E00096210",2,1,1
"E00096211",6,4,2
"E00096212",3,0,3
"E00096213",9,6,3
"E00096214",4,2,2
"E00096215",5,1,4
"E00096216",2,2,0
"E00096217",1,0,1
"E00096218",1,0,1
"E00096219",1,1,0
"E00096220",4,0,4
"E00096221",4,1,3
"E00096222",3,1,2
"E00096223",9,5,4
"E00096224",2,0,2
"E00096225",0,0,0
"E00096226",2,1,1
"E00096227",2,1,1
"E00096228",3,3,0
"E00096229",0,0,0
"E00096230",1,1,0
"E00096231",3,2,1
"E00096232",0,0,0
"E00096233",0,0,0
"E00096234",1,0,1
"E00096235",2,2,0
"E00096236",3,1,2
"E00096237",0,0,0
"E00096238",1,1,0
"E00096239",2,1,1
"E00096240",0,0,0
"E00096241",2,2,0
"E00096242",6,4,2
"E00096243",1,0,1
"E00096244",2,1,1
"E00096245",8,4,4
"E00096246",2,1,1
"E00096247",4,1,3
"E00096248",2,1,1
"E00096250",5,2,3
"E00096251",0,0,0
"E00096252",0,0,0
"E00096253",4,2,2
"E00096254",3,3,0
"E00096255",1,1,0
"E00096256",2,1,1
"E00096257",0,0,0
"E00096258",2,0,2
"E00096259",2,1,1
"E00096260",2,1,1
"E00096261",4,0,4
"E00096262",4,4,0
"E00096263",1,1,0
"E00096264",5,3,2
"E00096265",8,5,3
"E00096266",2,0,2
"E00096267",2,1,1
"E00096268",8,7,1
"E00096269",1,1,0
"E00096270",4,3,1
"E00096271",1,1,0
"E00096272",8,4,4
"E00096273",3,2,1
"E00096274",2,0,2
"E00096275",1,1,0
"E00096276",0,0,0
"E00096277",4,1,3
"E00096278",0,0,0
"E00096279",5,5,0
"E00096280",0,0,0
"E00096281",3,3,0
"E00096282",4,2,2
"E00096283",4,1,3
"E00096284",0,0,0
"E00096285",1,1,0
"E00096286",1,0,1
"E00096287",4,2,2
"E00096288",2,1,1
"E00096289",2,1,1
"E00096290",2,0,2
"E00096291",0,0,0
"E00096292",3,0,3
"E00096293",1,0,1
"E00096294",5,3,2
"E00096295",1,1,0
"E00096296",4,0,4
"E00096297",1,1,0
"E00096300",1,1,0
"E00096301",2,2,0
"E00096303",3,3,0
"E00096304",4,2,2
"E00096305",1,0,1
"E00096306",2,0,2
"E00096307",3,2,1
"E00096308",2,1,1
"E00096309",3,3,0
"E00096310",0,0,0
"E00096311",2,1,1
"E00096312",0,0,0
"E00096313",2,1,1
"E00096314",1,1,0
"E00096315",0,0,0
"E00096316",3,2,1
"E00096317",0,0,0
"E00096318",1,1,0
"E00096319",10,5,5
"E00096320",6,2,4
"E00096321",4,1,3
"E00096322",4,3,1
"E00096323",5,2,3
"E00096324",6,5,1
"E00096325",5,4,1
"E00096326",0,0,0
"E00096327",4,3,1
"E00096328",3,1,2
"E00096329",4,0,4
"E00096330",3,1,2
"E00096331",2,1,1
"E00096332",7,4,3
"E00096333",0,0,0
"E00096334",1,0,1
"E00096335",11,5,6
"E00096336",1,1,0
"E00096337",7,4,3
"E00096338",0,0,0
"E00096339",0,0,0
"E00096340",2,0,2
"E00096341",4,4,0
"E00096342",1,1,0
"E00096343",7,4,3
"E00096344",3,1,2
"E00096345",6,4,2
"E00096346",5,2,3
"E00096347",4,3,1
"E00096348",0,0,0
"E00096349",6,5,1
"E00096350",5,5,0
"E00096351",4,3,1
"E00096352",5,1,4
"E00096353",6,2,4
"E00096354",0,0,0
"E00096355",2,0,2
"E00096356",4,1,3
"E00096357",7,5,2
"E00096358",0,0,0
"E00096359",1,0,1
"E00096360",3,2,1
"E00096361",2,0,2
"E00096362",6,4,2
"E00096363",4,2,2
"E00096364",9,5,4
"E00096365",2,2,0
"E00096366",1,1,0
"E00096367",1,0,1
"E00096368",6,3,3
"E00096370",1,1,0
"E00096371",2,0,2
"E00096372",1,1,0
"E00096373",3,2,1
"E00096374",7,0,7
"E00096375",1,0,1
"E00096376",4,2,2
"E00096377",2,1,1
"E00096378",0,0,0
"E00096379",6,3,3
"E00096380",16,9,7
"E00096381",1,1,0
"E00096382",1,1,0
"E00096383",1,0,1
"E00096384",0,0,0
"E00096385",4,1,3
"E00096386",1,0,1
"E00096387",7,4,3
"E00096388",0,0,0
"E00096389",9,4,5
"E00096390",5,3,2
"E00096391",1,0,1
"E00096392",2,2,0
"E00096393",0,0,0
"E00096394",0,0,0
"E00096395",1,1,0
"E00096396",1,1,0
"E00096397",0,0,0
"E00096398",1,0,1
"E00096399",3,3,0
"E00096400",13,6,7
"E00096401",4,4,0
"E00096402",10,6,4
"E00096403",2,2,0
"E00096404",17,6,11
"E00096405",6,4,2
"E00096406",10,5,5
"E00096407",7,5,2
"E00096408",10,1,9
"E00096409",3,1,2
"E00096410",9,3,6
"E00096411",5,3,2
"E00096412",4,3,1
"E00096413",9,4,5
"E00096414",6,2,4
"E00096415",9,4,5
"E00096416",1,1,0
"E00096417",8,4,4
"E00096418",12,2,10
"E00096419",4,3,1
"E00096420",5,3,2
"E00096421",1,1,0
"E00096422",2,1,1
"E00096423",4,1,3
"E00096424",6,1,5
"E00096425",2,1,1
"E00096426",2,0,2
"E00096427",2,1,1
"E00096428",1,0,1
"E00096429",1,0,1
"E00096430",4,3,1
"E00096431",1,0,1
"E00096432",0,0,0
"E00096433",1,1,0
"E00096434",0,0,0
"E00096435",4,2,2
"E00096436",4,2,2
"E00096437",2,0,2
"E00096438",2,2,0
"E00096439",4,3,1
"E00096440",3,1,2
"E00096441",5,1,4
"E00096442",7,3,4
"E00096443",9,6,3
"E00096444",4,1,3
"E00096445",16,8,8
"E00096446",10,4,6
"E00096447",4,3,1
"E00096448",5,3,2
"E00096449",5,4,1
"E00096450",6,2,4
"E00096451",3,2,1
"E00096452",6,4,2
"E00096453",6,3,3
"E00096454",6,2,4
"E00096455",2,0,2
"E00096456",10,5,5
"E00096457",8,6,2
"E00096458",4,2,2
"E00096459",8,4,4
"E00096460",10,3,7
"E00096461",0,0,0
"E00096462",4,2,2
"E00096463",1,1,0
"E00096464",5,2,3
"E00096465",2,0,2
"E00096466",4,2,2
"E00096467",0,0,0
"E00096468",3,2,1
"E00096469",0,0,0
"E00096470",9,6,3
"E00096471",4,3,1
"E00096472",8,4,4
"E00096473",7,5,2
"E00096474",7,1,6
"E00096475",6,5,1
"E00096476",4,2,2
"E00096477",11,6,5
"E00096478",22,12,10
"E00096479",11,2,9
"E00096480",13,7,6
"E00096481",3,2,1
"E00096482",10,7,3
"E00096483",1,1,0
"E00096484",3,0,3
"E00096485",2,1,1
"E00096486",2,0,2
"E00096487",3,1,2
"E00096488",3,2,1
"E00096489",12,3,9
"E00096490",2,2,0
"E00096491",0,0,0
"E00096492",1,1,0
"E00096493",0,0,0
"E00096494",1,1,0
"E00096495",1,0,1
"E00096496",3,1,2
"E00096497",4,3,1
"E00096498",4,2,2
"E00096499",6,2,4
"E00096500",6,4,2
"E00096501",3,2,1
"E00096502",6,3,3
"E00096503",6,1,5
"E00096504",1,1,0
"E00096505",4,1,3
"E00096506",10,2,8
"E00096507",1,1,0
"E00096508",5,1,4
"E00096509",1,0,1
"E00096510",3,3,0
"E00096511",2,1,1
"E00096512",0,0,0
"E00096513",4,2,2
"E00096514",1,0,1
"E00096515",2,0,2
"E00096516",3,0,3
"E00096517",2,1,1
"E00096518",3,2,1
"E00096519",0,0,0
"E00096520",1,0,1
"E00096521",1,0,1
"E00096522",3,1,2
"E00096523",1,0,1
"E00096524",1,0,1
"E00096525",3,1,2
"E00096526",3,3,0
"E00096527",1,0,1
"E00096528",1,0,1
"E00096529",3,1,2
"E00096530",1,1,0
"E00096531",4,3,1
"E00096532",3,1,2
"E00096533",6,1,5
"E00096534",3,1,2
"E00096535",9,5,4
"E00096536",2,2,0
"E00096537",1,1,0
"E00096538",10,7,3
"E00096539",6,3,3
"E00096540",1,1,0
"E00096541",6,4,2
"E00096542",4,1,3
"E00096543",6,4,2
"E00096544",1,0,1
"E00096545",7,4,3
"E00096546",11,9,2
"E00096547",2,1,1
"E00096548",8,5,3
"E00096549",6,4,2
"E00096550",4,3,1
"E00096551",1,0,1
"E00096552",5,3,2
"E00096553",3,1,2
"E00096554",8,3,5
"E00096555",5,3,2
"E00096556",4,2,2
"E00096557",1,0,1
"E00096558",0,0,0
"E00096559",5,0,5
"E00096560",6,3,3
"E00096561",2,1,1
"E00096562",3,1,2
"E00096563",2,2,0
"E00096564",7,2,5
"E00096565",5,5,0
"E00096566",7,5,2
"E00096567",3,2,1
"E00096568",1,1,0
"E00096569",7,1,6
"E00096570",1,0,1
"E00096571",2,2,0
"E00096572",0,0,0
"E00096573",1,0,1
"E00096574",4,1,3
"E00096575",1,0,1
"E00096576",1,1,0
"E00096577",2,1,1
"E00096578",1,1,0
"E00096579",1,0,1
"E00096580",2,1,1
"E00096581",1,0,1
"E00096582",0,0,0
"E00096583",3,2,1
"E00096584",0,0,0
"E00096585",4,2,2
"E00096586",1,0,1
"E00096587",1,1,0
"E00096588",0,0,0
"E00096589",1,0,1
"E00096590",2,1,1
"E00096591",0,0,0
"E00096592",0,0,0
"E00096593",2,1,1
"E00096594",2,0,2
"E00096595",2,1,1
"E00096596",1,1,0
"E00096597",2,1,1
"E00096598",2,0,2
"E00096599",1,0,1
"E00096600",1,1,0
"E00096601",3,3,0
"E00096602",0,0,0
"E00096603",3,1,2
"E00096604",0,0,0
"E00096605",8,2,6
"E00096606",3,2,1
"E00096607",0,0,0
"E00096608",3,2,1
"E00096609",1,0,1
"E00096610",7,4,3
"E00096611",3,0,3
"E00096612",1,1,0
"E00096613",7,4,3
"E00096614",0,0,0
"E00096615",6,1,5
"E00096616",4,3,1
"E00096617",0,0,0
"E00096618",2,0,2
"E00096619",0,0,0
"E00096620",1,0,1
"E00096621",0,0,0
"E00096622",1,1,0
"E00096623",4,2,2
"E00096624",6,3,3
"E00096625",1,1,0
"E00096626",2,2,0
"E00096627",2,0,2
"E00096628",2,1,1
"E00096629",5,1,4
"E00096630",5,4,1
"E00096631",7,0,7
"E00096632",2,0,2
"E00096633",2,2,0
"E00096634",2,2,0
"E00096635",5,2,3
"E00096636",3,1,2
"E00096637",4,1,3
"E00096638",4,2,2
"E00096639",0,0,0
"E00096640",2,1,1
"E00096641",1,1,0
"E00096642",2,2,0
"E00096643",0,0,0
"E00096644",5,1,4
"E00096645",0,0,0
"E00096646",0,0,0
"E00096647",7,3,4
"E00096648",0,0,0
"E00096649",7,0,7
"E00096650",1,1,0
"E00096651",2,1,1
"E00096652",0,0,0
"E00096653",6,2,4
"E00096654",9,3,6
"E00096655",3,3,0
"E00096656",0,0,0
"E00096657",4,3,1
"E00096658",3,1,2
"E00096659",0,0,0
"E00096660",1,1,0
"E00096661",0,0,0
"E00096662",5,2,3
"E00096663",1,1,0
"E00096664",7,2,5
"E00096665",6,2,4
"E00096666",1,1,0
"E00096667",1,1,0
"E00096668",5,2,3
"E00096669",5,1,4
"E00096670",1,0,1
"E00096671",0,0,0
"E00096672",2,0,2
"E00096673",1,0,1
"E00096674",2,1,1
"E00096675",3,0,3
"E00096676",5,4,1
"E00096677",5,1,4
"E00096678",2,1,1
"E00096679",0,0,0
"E00096680",8,5,3
"E00096681",1,0,1
"E00096682",4,2,2
"E00096683",1,0,1
"E00096684",2,1,1
"E00096685",3,1,2
"E00096686",8,3,5
"E00096687",2,2,0
"E00096688",6,2,4
"E00096689",10,6,4
"E00096690",4,2,2
"E00096691",11,5,6
"E00096692",2,2,0
"E00096693",2,1,1
"E00096694",0,0,0
"E00096695",3,0,3
"E00096696",10,2,8
"E00096697",5,1,4
"E00096698",7,4,3
"E00096699",14,6,8
"E00096700",2,2,0
"E00096701",4,2,2
"E00096702",3,2,1
"E00096703",4,1,3
"E00096704",12,5,7
"E00096705",6,0,6
"E00096706",12,6,6
"E00096707",5,2,3
"E00096708",7,4,3
"E00096709",8,5,3
"E00096710",4,3,1
"E00096711",4,4,0
"E00096712",2,1,1
"E00096713",0,0,0
"E00096714",4,2,2
"E00096715",1,0,1
"E00096716",2,1,1
"E00096717",2,1,1
"E00096718",2,2,0
"E00096719",3,0,3
"E00096720",3,0,3
"E00096721",7,6,1
"E00096722",1,1,0
"E00096723",5,3,2
"E00096724",7,7,0
"E00096725",5,1,4
"E00096726",4,4,0
"E00096727",5,3,2
"E00096728",5,2,3
"E00096729",1,0,1
"E00096730",1,0,1
"E00096731",0,0,0
"E00096732",2,1,1
"E00096733",1,0,1
"E00096734",2,1,1
"E00096735",0,0,0
"E00096736",3,3,0
"E00096737",0,0,0
"E00096738",2,1,1
"E00096739",2,0,2
"E00096740",0,0,0
"E00096741",0,0,0
"E00096742",2,1,1
"E00096743",3,2,1
"E00096744",0,0,0
"E00096745",0,0,0
"E00096746",1,0,1
"E00096747",4,3,1
"E00096748",1,0,1
"E00096749",3,3,0
"E00096750",2,1,1
"E00096751",2,2,0
"E00096752",2,1,1
"E00096755",2,1,1
"E00096756",3,0,3
"E00096757",1,0,1
"E00096758",0,0,0
"E00096759",3,2,1
"E00096760",7,1,6
"E00096761",6,5,1
"E00096762",3,1,2
"E00096763",2,1,1
"E00096764",2,0,2
"E00096765",6,1,5
"E00096766",1,1,0
"E00096767",2,1,1
"E00096768",1,0,1
"E00096769",10,5,5
"E00096770",5,3,2
"E00096771",7,1,6
"E00096772",7,4,3
"E00096773",0,0,0
"E00096774",1,1,0
"E00096775",2,1,1
"E00096776",1,1,0
"E00096777",6,1,5
"E00096778",9,6,3
"E00096779",3,1,2
"E00096780",3,1,2
"E00096781",2,0,2
"E00096782",4,2,2
"E00096783",2,1,1
"E00096784",2,0,2
"E00096785",2,1,1
"E00096786",3,2,1
"E00096787",1,0,1
"E00096788",4,4,0
"E00096789",7,3,4
"E00096790",5,2,3
"E00096791",4,2,2
"E00096792",1,1,0
"E00096793",10,5,5
"E00096794",3,2,1
"E00096795",3,2,1
"E00096796",7,4,3
"E00096797",1,0,1
"E00096798",2,1,1
"E00096799",0,0,0
"E00096800",3,0,3
"E00096801",0,0,0
"E00096802",0,0,0
"E00096803",3,1,2
"E00096804",4,1,3
"E00096805",1,0,1
"E00096806",11,5,6
"E00096807",12,5,7
"E00096808",4,2,2
"E00096809",7,2,5
"E00096810",7,4,3
"E00096811",5,1,4
"E00096814",6,2,4
"E00096815",5,1,4
"E00096816",1,0,1
"E00096817",2,2,0
"E00096818",1,1,0
"E00096819",1,0,1
"E00096820",2,0,2
"E00096821",1,1,0
"E00096822",1,0,1
"E00096823",0,0,0
"E00096824",0,0,0
"E00096825",1,1,0
"E00096826",3,1,2
"E00096827",1,0,1
"E00096828",4,1,3
"E00096829",1,0,1
"E00096830",3,0,3
"E00096831",1,1,0
"E00096832",0,0,0
"E00096833",1,0,1
"E00096834",1,0,1
"E00096835",2,2,0
"E00096836",1,0,1
"E00096837",0,0,0
"E00096838",1,1,0
"E00096839",2,1,1
"E00096840",3,2,1
"E00096841",3,1,2
"E00096842",3,1,2
"E00096843",1,1,0
"E00096844",1,1,0
"E00096845",1,1,0
"E00096846",2,0,2
"E00096847",1,1,0
"E00096848",6,3,3
"E00096849",4,2,2
"E00096850",13,8,5
"E00096851",10,8,2
"E00096852",5,4,1
"E00096853",3,1,2
"E00096854",10,8,2
"E00096855",7,3,4
"E00096856",3,3,0
"E00096857",3,1,2
"E00096858",7,4,3
"E00096859",6,3,3
"E00096860",3,2,1
"E00096861",1,0,1
"E00096862",2,1,1
"E00096863",0,0,0
"E00096864",0,0,0
"E00096865",0,0,0
"E00096866",0,0,0
"E00096867",2,1,1
"E00096868",5,3,2
"E00096869",1,1,0
"E00096870",3,0,3
"E00096871",0,0,0
"E00096872",2,1,1
"E00096873",1,0,1
"E00096874",2,0,2
"E00096875",1,0,1
"E00096876",4,3,1
"E00096877",3,3,0
"E00096878",8,4,4
"E00096879",4,3,1
"E00096880",2,1,1
"E00096881",0,0,0
"E00096882",11,7,4
"E00096883",5,3,2
"E00096884",9,5,4
"E00096885",8,2,6
"E00096886",2,1,1
"E00096887",7,3,4
"E00096888",3,2,1
"E00096889",2,1,1
"E00096890",1,1,0
"E00096891",5,1,4
"E00096892",1,0,1
"E00096893",6,2,4
"E00096894",4,3,1
"E00096895",0,0,0
"E00096896",4,2,2
"E00096897",4,2,2
"E00096898",5,1,4
"E00096899",5,2,3
"E00096900",0,0,0
"E00096901",6,3,3
"E00096902",2,2,0
"E00096903",3,2,1
"E00096904",0,0,0
"E00096905",2,1,1
"E00096906",2,2,0
"E00096907",0,0,0
"E00096908",1,0,1
"E00096909",2,1,1
"E00096910",0,0,0
"E00096911",1,1,0
"E00096912",3,1,2
"E00096913",2,1,1
"E00096914",5,4,1
"E00096915",3,0,3
"E00096916",9,4,5
"E00096917",2,1,1
"E00096918",11,4,7
"E00096919",10,4,6
"E00096920",5,4,1
"E00096921",9,7,2
"E00096922",4,0,4
"E00096923",1,1,0
"E00096924",6,5,1
"E00096925",0,0,0
"E00096926",10,3,7
"E00096927",6,2,4
"E00096928",8,5,3
"E00096929",6,3,3
"E00096930",4,1,3
"E00096931",2,1,1
"E00096932",5,1,4
"E00096933",3,2,1
"E00096934",3,2,1
"E00096935",4,2,2
"E00096936",4,1,3
"E00096937",3,0,3
"E00096938",4,1,3
"E00096939",1,1,0
"E00096940",2,2,0
"E00096941",1,0,1
"E00096942",1,0,1
"E00096943",1,1,0
"E00096946",3,1,2
"E00096947",1,1,0
"E00096950",0,0,0
"E00096951",3,1,2
"E00096952",9,6,3
"E00096953",1,1,0
"E00096954",0,0,0
"E00096955",3,3,0
"E00096956",3,0,3
"E00096957",2,1,1
"E00096958",0,0,0
"E00096959",3,2,1
"E00096960",2,1,1
"E00096961",2,1,1
"E00096962",4,3,1
"E00096963",1,0,1
"E00096964",1,0,1
"E00096965",5,4,1
"E00096966",1,1,0
"E00096967",7,4,3
"E00096968",1,1,0
"E00096969",1,0,1
"E00096970",3,2,1
"E00096971",1,0,1
"E00096972",2,1,1
"E00096973",1,1,0
"E00096974",2,1,1
"E00096975",2,1,1
"E00096976",3,1,2
"E00096977",2,1,1
"E00096978",9,4,5
"E00096979",7,5,2
"E00096980",6,3,3
"E00096981",2,1,1
"E00096982",5,0,5
"E00096983",1,1,0
"E00096984",0,0,0
"E00096985",2,0,2
"E00096986",3,0,3
"E00096987",0,0,0
"E00096988",2,1,1
"E00096989",5,2,3
"E00096990",2,0,2
"E00096991",2,2,0
"E00096992",4,2,2
"E00096993",7,2,5
"E00096994",5,2,3
"E00096995",1,0,1
"E00096996",0,0,0
"E00096997",5,2,3
"E00096998",4,1,3
"E00097000",0,0,0
"E00097001",1,1,0
"E00097002",7,5,2
"E00097003",1,0,1
"E00097004",4,3,1
"E00097005",1,1,0
"E00097006",1,0,1
"E00097007",0,0,0
"E00097008",1,0,1
"E00097009",2,2,0
"E00097010",0,0,0
"E00097011",2,0,2
"E00097012",2,2,0
"E00097013",6,2,4
"E00097014",2,1,1
"E00097015",0,0,0
"E00097016",1,1,0
"E00097017",1,0,1
"E00097018",0,0,0
"E00097019",0,0,0
"E00097020",1,1,0
"E00097021",0,0,0
"E00097022",5,2,3
"E00097023",2,2,0
"E00097024",6,3,3
"E00097025",1,1,0
"E00097026",6,1,5
"E00097027",0,0,0
"E00097028",0,0,0
"E00097029",4,3,1
"E00097030",8,3,5
"E00097031",1,0,1
"E00097032",2,1,1
"E00097033",1,0,1
"E00097034",0,0,0
"E00097035",6,3,3
"E00097036",1,0,1
"E00097037",4,2,2
"E00097038",4,0,4
"E00097039",2,1,1
"E00097040",1,1,0
"E00097041",1,1,0
"E00097042",4,2,2
"E00097043",3,2,1
"E00097044",1,0,1
"E00097045",2,2,0
"E00097046",1,0,1
"E00097047",4,1,3
"E00097048",4,1,3
"E00097049",0,0,0
"E00097050",6,4,2
"E00097051",23,12,11
"E00097052",8,4,4
"E00097053",6,2,4
"E00097054",5,2,3
"E00097055",2,2,0
"E00097056",5,4,1
"E00097057",3,3,0
"E00097058",0,0,0
"E00097059",6,1,5
"E00097060",2,1,1
"E00097061",8,6,2
"E00097062",3,2,1
"E00097063",13,1,12
"E00097064",3,3,0
"E00097065",1,1,0
"E00097066",2,1,1
"E00097067",0,0,0
"E00097068",0,0,0
"E00097069",3,1,2
"E00097070",0,0,0
"E00097071",5,2,3
"E00097072",6,2,4
"E00097073",0,0,0
"E00097074",7,5,2
"E00097075",0,0,0
"E00097076",1,1,0
"E00097077",4,3,1
"E00097078",5,4,1
"E00097079",4,2,2
"E00097080",6,5,1
"E00097081",1,0,1
"E00097082",0,0,0
"E00097083",1,1,0
"E00097084",0,0,0
"E00097085",5,2,3
"E00097086",0,0,0
"E00097087",0,0,0
"E00097088",2,1,1
"E00097089",4,4,0
"E00097090",0,0,0
"E00097091",0,0,0
"E00097092",1,0,1
"E00097093",3,3,0
"E00097094",1,1,0
"E00097095",1,0,1
"E00097096",1,0,1
"E00097097",5,4,1
"E00097098",2,2,0
"E00097099",9,3,6
"E00097100",3,2,1
"E00097101",7,4,3
"E00097102",4,1,3
"E00097103",0,0,0
"E00097104",6,4,2
"E00097105",3,2,1
"E00097106",8,4,4
"E00097107",9,1,8
"E00097109",3,2,1
"E00097110",7,3,4
"E00097111",4,2,2
"E00097112",6,3,3
"E00097113",4,1,3
"E00097114",3,2,1
"E00097115",3,1,2
"E00097116",2,1,1
"E00097117",6,3,3
"E00097118",1,1,0
"E00097119",0,0,0
"E00097120",1,1,0
"E00097121",4,2,2
"E00097122",2,0,2
"E00097123",1,0,1
"E00097124",0,0,0
"E00097125",3,1,2
"E00097126",3,2,1
"E00097127",5,5,0
"E00097128",2,1,1
"E00097129",4,2,2
"E00097130",0,0,0
"E00097131",2,2,0
"E00097132",5,4,1
"E00097133",0,0,0
"E00097134",2,1,1
"E00097135",4,1,3
"E00097136",0,0,0
"E00097137",4,3,1
"E00097138",3,1,2
"E00097139",7,6,1
"E00097140",4,2,2
"E00097141",7,4,3
"E00097142",6,4,2
"E00097143",11,6,5
"E00097144",5,3,2
"E00097145",4,3,1
"E00097146",0,0,0
"E00097147",0,0,0
"E00097148",1,0,1
"E00097150",0,0,0
"E00097151",7,3,4
"E00097152",0,0,0
"E00097153",1,1,0
"E00097154",2,1,1
"E00097155",0,0,0
"E00097156",2,2,0
"E00097157",9,4,5
"E00097158",0,0,0
"E00097159",4,2,2
"E00097160",2,1,1
"E00097161",1,0,1
"E00097162",1,0,1
"E00097163",5,1,4
"E00097164",0,0,0
"E00097165",13,7,6
"E00097166",8,7,1
"E00097167",7,3,4
"E00097168",14,4,10
"E00097169",5,1,4
"E00097170",11,5,6
"E00097171",1,0,1
"E00097172",2,0,2
"E00097173",7,3,4
"E00097174",2,2,0
"E00097175",6,3,3
"E00097176",7,6,1
"E00097177",9,3,6
"E00097178",9,4,5
"E00097179",4,2,2
"E00097180",7,3,4
"E00097181",2,1,1
"E00097182",3,1,2
"E00097183",2,2,0
"E00097184",1,0,1
"E00097185",3,0,3
"E00097186",0,0,0
"E00097187",2,1,1
"E00097188",2,2,0
"E00097189",5,4,1
"E00097190",8,4,4
"E00097191",6,3,3
"E00097192",1,1,0
"E00097193",8,2,6
"E00097194",7,4,3
"E00097195",4,3,1
"E00097196",3,3,0
"E00097197",3,1,2
"E00097198",0,0,0
"E00097199",0,0,0
"E00097200",0,0,0
"E00097201",0,0,0
"E00097202",0,0,0
"E00097203",2,0,2
"E00097204",1,0,1
"E00097205",2,2,0
"E00097206",0,0,0
"E00097207",2,0,2
"E00097208",1,0,1
"E00097209",4,2,2
"E00097210",0,0,0
"E00097211",5,3,2
"E00097212",0,0,0
"E00097213",6,4,2
"E00097214",1,0,1
"E00097215",0,0,0
"E00097216",0,0,0
"E00097217",1,0,1
"E00097218",2,2,0
"E00097219",0,0,0
"E00097220",0,0,0
"E00097221",0,0,0
"E00097222",6,3,3
"E00097223",0,0,0
"E00097224",7,3,4
"E00097225",0,0,0
"E00097226",0,0,0
"E00097227",4,1,3
"E00097228",0,0,0
"E00097229",1,1,0
"E00097230",1,1,0
"E00097231",1,1,0
"E00097232",6,1,5
"E00097233",4,0,4
"E00097234",2,1,1
"E00097235",9,2,7
"E00097236",0,0,0
"E00097237",1,1,0
"E00097238",2,1,1
"E00097239",1,0,1
"E00097240",4,0,4
"E00097241",1,0,1
"E00097242",0,0,0
"E00097243",5,3,2
"E00097244",4,2,2
"E00097245",8,5,3
"E00097247",16,6,10
"E00097248",5,2,3
"E00097249",9,4,5
"E00097250",3,2,1
"E00097251",4,2,2
"E00097252",9,3,6
"E00097253",5,4,1
"E00097254",7,4,3
"E00097255",3,3,0
"E00097256",7,3,4
"E00097257",4,2,2
"E00097258",0,0,0
"E00097259",4,1,3
"E00097260",4,2,2
"E00097261",6,4,2
"E00097262",7,5,2
"E00097263",4,3,1
"E00097264",12,4,8
"E00097265",3,1,2
"E00097266",1,1,0
"E00097267",6,6,0
"E00097268",11,5,6
"E00097269",4,2,2
"E00097270",4,2,2
"E00097271",5,2,3
"E00097272",2,2,0
"E00097273",7,1,6
"E00097274",3,2,1
"E00097275",7,5,2
"E00097276",4,2,2
"E00097277",3,2,1
"E00097278",0,0,0
"E00097279",1,1,0
"E00097280",0,0,0
"E00097281",3,3,0
"E00097282",4,2,2
"E00097283",1,1,0
"E00097284",1,1,0
"E00097285",1,0,1
"E00097286",0,0,0
"E00097287",0,0,0
"E00097288",0,0,0
"E00097289",0,0,0
"E00097290",5,1,4
"E00097291",0,0,0
"E00097292",1,1,0
"E00097293",2,1,1
"E00097294",0,0,0
"E00097295",7,4,3
"E00097296",11,3,8
"E00097297",15,6,9
"E00097298",10,6,4
"E00097299",4,2,2
"E00097300",10,5,5
"E00097301",5,3,2
"E00097302",8,5,3
"E00097303",9,5,4
"E00097304",8,5,3
"E00097305",5,1,4
"E00097306",10,3,7
"E00097307",5,3,2
"E00097308",1,0,1
"E00097309",0,0,0
"E00097310",3,2,1
"E00097311",1,0,1
"E00097312",1,1,0
"E00097313",1,1,0
"E00097314",2,0,2
"E00097315",0,0,0
"E00097316",5,2,3
"E00097317",2,1,1
"E00097318",1,1,0
"E00097319",1,1,0
"E00097320",0,0,0
"E00097321",2,1,1
"E00097322",1,0,1
"E00097324",4,1,3
"E00097325",3,2,1
"E00097326",3,3,0
"E00097327",7,3,4
"E00097328",1,1,0
"E00097329",4,2,2
"E00097330",4,0,4
"E00097331",0,0,0
"E00097332",10,4,6
"E00097333",7,4,3
"E00097335",8,5,3
"E00097336",0,0,0
"E00097337",7,3,4
"E00097338",13,7,6
"E00097339",7,4,3
"E00097340",1,1,0
"E00097341",1,1,0
"E00097342",0,0,0
"E00097343",1,1,0
"E00097344",2,0,2
"E00097345",4,1,3
"E00097346",8,3,5
"E00097347",3,3,0
"E00097348",4,1,3
"E00097349",7,3,4
"E00097350",8,4,4
"E00097351",2,2,0
"E00097352",9,5,4
"E00097353",9,5,4
"E00097354",10,3,7
"E00097355",4,3,1
"E00097356",4,1,3
"E00097357",4,1,3
"E00097358",3,1,2
"E00097359",2,2,0
"E00097360",4,1,3
"E00097361",1,1,0
"E00097362",1,0,1
"E00097363",6,5,1
"E00097364",3,2,1
"E00097365",5,3,2
"E00097366",0,0,0
"E00097367",2,0,2
"E00097368",2,1,1
"E00097369",2,2,0
"E00097370",1,0,1
"E00097371",0,0,0
"E00097372",1,0,1
"E00097373",0,0,0
"E00097374",1,0,1
"E00097375",5,2,3
"E00097376",1,0,1
"E00097377",5,4,1
"E00097378",2,1,1
"E00097379",1,0,1
"E00097380",3,1,2
"E00097381",5,1,4
"E00097382",1,0,1
"E00097383",6,4,2
"E00097384",1,1,0
"E00097385",4,0,4
"E00097386",6,2,4
"E00097387",4,1,3
"E00097388",0,0,0
"E00097389",0,0,0
"E00097390",1,0,1
"E00097391",4,1,3
"E00097392",1,1,0
"E00097393",2,2,0
"E00097394",0,0,0
"E00097395",9,4,5
"E00097396",4,4,0
"E00097397",6,0,6
"E00097398",2,1,1
"E00097399",3,1,2
"E00097400",4,1,3
"E00097401",1,0,1
"E00097402",1,1,0
"E00097403",3,2,1
"E00097404",0,0,0
"E00097405",0,0,0
"E00097406",3,1,2
"E00097407",0,0,0
"E00097408",2,1,1
"E00097409",2,1,1
"E00097410",13,7,6
"E00097411",4,1,3
"E00097412",3,1,2
"E00097413",1,1,0
"E00097414",4,1,3
"E00097415",0,0,0
"E00097416",1,0,1
"E00097417",8,2,6
"E00097418",3,2,1
"E00097419",2,2,0
"E00097420",3,1,2
"E00097421",0,0,0
"E00097422",3,2,1
"E00097423",0,0,0
"E00097424",3,2,1
"E00097425",1,1,0
"E00097426",4,2,2
"E00097427",7,2,5
"E00097428",2,1,1
"E00097429",4,1,3
"E00097430",4,3,1
"E00097431",8,5,3
"E00097432",6,1,5
"E00097433",0,0,0
"E00097434",3,3,0
"E00097435",1,0,1
"E00097436",2,1,1
"E00097437",2,0,2
"E00097438",0,0,0
"E00097439",1,1,0
"E00097440",0,0,0
"E00097441",12,4,8
"E00097442",4,1,3
"E00097443",3,2,1
"E00097444",0,0,0
"E00097445",4,0,4
"E00097446",7,3,4
"E00097447",0,0,0
"E00097448",1,1,0
"E00097449",0,0,0
"E00097450",0,0,0
"E00097451",4,1,3
"E00097452",3,3,0
"E00097453",6,2,4
"E00097454",4,2,2
"E00097455",3,1,2
"E00097456",4,1,3
"E00097457",6,3,3
"E00097458",1,1,0
"E00097459",0,0,0
"E00097460",1,0,1
"E00097461",0,0,0
"E00097462",2,1,1
"E00097463",3,1,2
"E00097464",0,0,0
"E00097465",1,1,0
"E00097466",4,2,2
"E00097467",7,1,6
"E00097468",4,2,2
"E00097469",6,3,3
"E00097470",2,1,1
"E00097471",5,0,5
"E00097472",2,0,2
"E00097473",1,0,1
"E00097474",0,0,0
"E00097475",6,2,4
"E00097476",3,1,2
"E00097477",0,0,0
"E00097478",5,2,3
"E00097479",2,1,1
"E00097480",4,0,4
"E00097481",0,0,0
"E00097482",5,2,3
"E00097483",5,2,3
"E00097484",3,1,2
"E00097485",6,3,3
"E00097486",2,0,2
"E00097487",8,6,2
"E00097488",4,4,0
"E00097489",1,1,0
"E00097490",1,0,1
"E00097491",2,1,1
"E00097492",0,0,0
"E00097493",3,2,1
"E00097494",8,6,2
"E00097495",2,2,0
"E00097496",0,0,0
"E00097497",3,1,2
"E00097498",2,2,0
"E00097499",1,1,0
"E00097500",4,1,3
"E00097501",0,0,0
"E00097502",5,1,4
"E00097503",4,3,1
"E00097504",7,4,3
"E00097505",3,2,1
"E00097506",1,0,1
"E00097507",1,1,0
"E00097508",9,3,6
"E00097509",7,4,3
"E00097510",3,1,2
"E00097511",1,1,0
"E00097512",7,2,5
"E00097513",2,0,2
"E00097514",1,0,1
"E00097515",1,0,1
"E00097516",3,1,2
"E00097517",1,0,1
"E00097518",2,0,2
"E00097519",0,0,0
"E00097520",2,2,0
"E00097521",0,0,0
"E00097522",3,1,2
"E00097523",2,1,1
"E00097524",1,1,0
"E00097525",2,2,0
"E00097526",1,1,0
"E00097527",2,1,1
"E00097528",5,1,4
"E00097529",4,2,2
"E00097530",10,5,5
"E00097531",5,3,2
"E00097532",3,2,1
"E00097533",1,1,0
"E00097534",5,3,2
"E00097535",3,2,1
"E00097536",0,0,0
"E00097537",1,1,0
"E00097538",4,2,2
"E00097539",4,3,1
"E00097540",0,0,0
"E00097541",1,0,1
"E00097542",1,1,0
"E00097543",5,3,2
"E00097544",3,2,1
"E00097545",10,5,5
"E00097546",17,3,14
"E00097547",12,4,8
"E00097548",11,6,5
"E00097549",9,8,1
"E00097550",1,1,0
"E00097551",2,1,1
"E00097552",4,3,1
"E00097553",1,0,1
"E00097554",0,0,0
"E00097555",2,0,2
"E00097556",1,1,0
"E00097557",0,0,0
"E00097558",3,2,1
"E00097559",0,0,0
"E00097560",9,4,5
"E00097561",1,0,1
"E00097562",6,0,6
"E00097563",4,2,2
"E00097564",2,1,1
"E00097565",5,3,2
"E00097566",1,0,1
"E00097567",3,3,0
"E00097568",7,4,3
"E00097569",1,0,1
"E00097570",6,3,3
"E00097571",15,8,7
"E00097572",9,1,8
"E00097573",10,3,7
"E00097574",2,1,1
"E00097575",0,0,0
"E00097576",5,4,1
"E00097577",4,1,3
"E00097578",2,0,2
"E00097579",4,1,3
"E00097580",3,1,2
"E00097581",4,3,1
"E00097582",12,6,6
"E00097583",7,3,4
"E00097584",3,1,2
"E00097585",4,0,4
"E00097586",7,2,5
"E00097587",4,2,2
"E00097588",6,3,3
"E00097589",8,3,5
"E00097590",9,3,6
"E00097591",1,1,0
"E00097592",1,0,1
"E00097593",1,1,0
"E00097594",7,3,4
"E00097595",8,2,6
"E00097596",4,2,2
"E00097597",7,2,5
"E00097598",5,1,4
"E00097599",5,4,1
"E00097600",2,2,0
"E00097601",12,5,7
"E00097602",4,3,1
"E00097603",7,4,3
"E00097604",4,3,1
"E00097605",7,3,4
"E00097606",6,4,2
"E00097607",1,0,1
"E00097608",11,8,3
"E00097609",2,1,1
"E00097610",2,0,2
"E00097611",7,4,3
"E00097612",2,2,0
"E00097613",4,1,3
"E00097614",4,2,2
"E00097615",7,4,3
"E00097616",15,8,7
"E00097617",12,7,5
"E00097618",15,9,6
"E00097619",9,2,7
"E00097620",7,4,3
"E00097621",5,0,5
"E00097622",3,0,3
"E00097623",5,2,3
"E00097624",7,3,4
"E00097625",9,4,5
"E00097626",5,3,2
"E00097627",1,1,0
"E00097628",4,1,3
"E00097629",4,1,3
"E00097630",6,3,3
"E00097631",4,1,3
"E00097632",2,1,1
"E00097633",2,0,2
"E00097634",4,2,2
"E00097635",0,0,0
"E00097636",4,2,2
"E00097637",5,1,4
"E00097638",3,3,0
"E00097639",4,1,3
"E00097640",9,4,5
"E00097641",7,2,5
"E00097642",7,4,3
"E00097643",3,1,2
"E00097644",7,2,5
"E00097645",4,1,3
"E00097646",7,3,4
"E00097647",10,4,6
"E00097648",11,5,6
"E00097649",5,1,4
"E00097650",5,2,3
"E00097651",14,9,5
"E00097652",8,4,4
"E00097653",11,4,7
"E00097654",4,1,3
"E00097655",11,6,5
"E00097656",5,3,2
"E00097657",7,2,5
"E00097658",9,4,5
"E00097659",2,0,2
"E00097660",4,2,2
"E00097661",2,1,1
"E00097662",3,1,2
"E00097663",13,7,6
"E00097664",11,5,6
"E00097665",6,3,3
"E00097666",2,1,1
"E00097667",8,4,4
"E00097668",3,3,0
"E00097669",4,2,2
"E00097670",0,0,0
"E00097671",3,0,3
"E00097672",9,4,5
"E00097673",10,8,2
"E00097674",9,4,5
"E00097675",1,0,1
"E00097676",1,0,1
"E00097677",9,5,4
"E00097678",1,0,1
"E00097679",1,1,0
"E00097680",2,1,1
"E00097681",1,0,1
"E00097682",0,0,0
"E00097683",6,3,3
"E00097684",10,5,5
"E00097685",6,4,2
"E00097686",1,0,1
"E00097687",3,2,1
"E00097688",3,2,1
"E00097689",6,3,3
"E00097690",7,1,6
"E00097691",3,2,1
"E00097692",14,9,5
"E00097693",5,1,4
"E00097694",11,5,6
"E00097695",5,4,1
"E00097696",4,2,2
"E00097697",0,0,0
"E00097698",5,2,3
"E00097699",0,0,0
"E00097700",2,1,1
"E00097701",1,0,1
"E00097702",0,0,0
"E00097703",1,1,0
"E00097704",1,1,0
"E00097705",1,1,0
"E00097706",1,1,0
"E00097707",2,1,1
"E00097708",0,0,0
"E00097709",2,0,2
"E00097710",2,1,1
"E00097711",2,1,1
"E00097712",1,1,0
"E00097713",3,2,1
"E00097714",6,2,4
"E00097715",1,1,0
"E00097716",5,4,1
"E00097717",4,3,1
"E00097718",4,3,1
"E00097719",0,0,0
"E00097720",2,0,2
"E00097721",2,0,2
"E00097722",11,7,4
"E00097723",8,5,3
"E00097724",9,6,3
"E00097725",6,1,5
"E00097726",2,1,1
"E00097727",5,4,1
"E00097728",3,0,3
"E00097729",3,1,2
"E00097730",7,4,3
"E00097731",4,1,3
"E00097732",4,3,1
"E00097733",5,2,3
"E00097734",7,4,3
"E00097735",11,7,4
"E00097736",10,5,5
"E00097737",7,3,4
"E00097738",4,2,2
"E00097739",3,1,2
"E00097740",0,0,0
"E00097741",3,1,2
"E00097742",3,0,3
"E00097743",8,3,5
"E00097744",5,3,2
"E00097745",7,2,5
"E00097746",7,0,7
"E00097747",2,1,1
"E00097748",3,1,2
"E00097749",1,1,0
"E00097750",5,4,1
"E00097751",5,2,3
"E00097752",3,1,2
"E00097753",5,3,2
"E00097754",3,3,0
"E00097755",2,1,1
"E00097756",5,2,3
"E00097757",5,3,2
"E00097758",3,3,0
"E00097759",5,2,3
"E00097760",6,2,4
"E00097761",1,1,0
"E00097762",9,4,5
"E00097763",6,5,1
"E00097764",19,9,10
"E00097765",2,0,2
"E00097766",0,0,0
"E00097767",3,1,2
"E00097768",4,1,3
"E00097769",3,2,1
"E00097770",7,2,5
"E00097771",4,4,0
"E00097772",6,0,6
"E00097773",5,4,1
"E00097774",5,2,3
"E00097775",4,2,2
"E00097776",1,0,1
"E00097777",9,5,4
"E00097778",15,10,5
"E00097779",1,1,0
"E00097780",3,2,1
"E00097781",7,3,4
"E00097782",7,3,4
"E00097783",3,2,1
"E00097784",4,3,1
"E00097785",3,0,3
"E00097786",6,3,3
"E00097787",0,0,0
"E00097788",2,2,0
"E00097789",7,4,3
"E00097790",2,2,0
"E00097791",7,3,4
"E00097792",10,5,5
"E00097793",5,2,3
"E00097794",10,4,6
"E00097796",7,5,2
"E00097797",5,2,3
"E00097798",6,5,1
"E00097799",6,2,4
"E00097800",3,2,1
"E00097801",4,2,2
"E00097803",6,1,5
"E00097804",8,4,4
"E00097805",3,1,2
"E00097806",5,2,3
"E00097807",4,2,2
"E00097808",5,3,2
"E00097809",11,6,5
"E00097810",12,7,5
"E00097811",3,0,3
"E00097812",7,4,3
"E00097813",6,5,1
"E00097814",10,4,6
"E00097815",3,3,0
"E00097816",6,4,2
"E00097817",7,2,5
"E00097818",3,2,1
"E00097819",4,3,1
"E00097820",3,0,3
"E00097821",0,0,0
"E00097822",2,1,1
"E00097823",0,0,0
"E00097824",5,3,2
"E00097825",4,3,1
"E00097826",5,1,4
"E00097827",1,0,1
"E00097828",2,2,0
"E00097829",5,2,3
"E00097830",4,1,3
"E00097831",6,2,4
"E00097832",8,4,4
"E00097833",8,1,7
"E00097834",2,1,1
"E00097835",7,3,4
"E00097836",1,0,1
"E00097837",4,3,1
"E00097838",3,1,2
"E00097839",6,4,2
"E00097840",2,1,1
"E00097841",5,4,1
"E00097842",2,0,2
"E00097843",5,3,2
"E00097844",6,4,2
"E00097845",2,1,1
"E00097846",2,1,1
"E00097847",4,1,3
"E00097848",5,2,3
"E00097849",5,2,3
"E00097850",4,2,2
"E00097851",6,5,1
"E00097852",5,4,1
"E00097853",3,2,1
"E00097854",4,1,3
"E00097855",5,2,3
"E00097856",4,1,3
"E00097857",2,0,2
"E00097858",7,4,3
"E00097859",7,3,4
"E00097860",5,2,3
"E00097861",9,3,6
"E00097862",5,1,4
"E00097863",4,2,2
"E00097865",7,4,3
"E00097866",2,0,2
"E00097867",8,2,6
"E00097868",6,3,3
"E00097869",3,0,3
"E00097870",7,2,5
"E00097871",10,6,4
"E00097872",1,1,0
"E00097873",4,3,1
"E00097874",4,3,1
"E00097875",3,1,2
"E00097876",6,2,4
"E00097877",7,4,3
"E00097878",13,3,10
"E00097879",10,6,4
"E00097880",6,5,1
"E00097881",0,0,0
"E00097882",0,0,0
"E00097883",0,0,0
"E00097884",1,1,0
"E00097885",0,0,0
"E00097886",3,2,1
"E00097887",9,5,4
"E00097888",3,3,0
"E00097889",1,1,0
"E00097890",1,0,1
"E00097891",3,1,2
"E00097892",11,8,3
"E00097893",5,2,3
"E00097894",6,2,4
"E00097895",5,3,2
"E00097896",4,3,1
"E00097897",3,2,1
"E00097898",2,2,0
"E00097899",4,2,2
"E00097900",9,5,4
"E00097901",6,3,3
"E00097902",6,4,2
"E00097903",2,2,0
"E00097904",0,0,0
"E00097906",3,1,2
"E00097907",4,2,2
"E00097908",6,2,4
"E00097909",1,0,1
"E00097910",4,1,3
"E00097911",6,4,2
"E00097912",9,5,4
"E00097913",5,5,0
"E00097914",4,3,1
"E00097915",2,2,0
"E00097916",4,3,1
"E00097917",3,1,2
"E00097918",1,1,0
"E00097919",2,2,0
"E00097920",5,2,3
"E00097921",8,5,3
"E00097922",3,1,2
"E00097923",12,6,6
"E00097924",2,1,1
"E00097925",8,5,3
"E00097926",0,0,0
"E00097927",5,3,2
"E00097928",3,1,2
"E00097930",0,0,0
"E00097931",2,2,0
"E00097932",5,3,2
"E00097933",4,2,2
"E00097934",10,5,5
"E00097935",2,2,0
"E00097936",5,4,1
"E00097937",5,2,3
"E00097938",2,1,1
"E00097939",3,1,2
"E00097940",1,1,0
"E00097941",17,7,10
"E00097942",10,5,5
"E00097943",2,1,1
"E00097944",14,8,6
"E00097945",9,6,3
"E00097946",7,6,1
"E00097947",4,3,1
"E00097948",6,4,2
"E00097949",10,8,2
"E00097950",0,0,0
"E00097951",7,4,3
"E00097952",0,0,0
"E00097953",1,1,0
"E00097954",3,1,2
"E00097955",4,3,1
"E00097956",1,0,1
"E00097957",7,4,3
"E00097958",4,1,3
"E00097959",5,2,3
"E00097960",10,8,2
"E00097961",6,5,1
"E00097962",4,0,4
"E00097963",2,1,1
"E00097964",6,2,4
"E00097965",9,8,1
"E00097966",9,6,3
"E00097967",6,2,4
"E00097968",5,3,2
"E00097969",6,3,3
"E00097970",0,0,0
"E00097971",6,4,2
"E00097972",8,3,5
"E00097973",6,4,2
"E00097974",2,1,1
"E00097975",1,1,0
"E00097976",6,4,2
"E00097977",11,5,6
"E00097978",5,3,2
"E00097979",5,1,4
"E00097980",7,4,3
"E00097981",6,2,4
"E00097982",9,3,6
"E00097983",7,6,1
"E00097984",8,3,5
"E00097985",10,4,6
"E00097986",2,1,1
"E00097987",3,2,1
"E00097988",7,3,4
"E00097989",2,0,2
"E00097990",1,0,1
"E00097991",6,3,3
"E00097992",5,3,2
"E00097993",1,0,1
"E00097994",5,1,4
"E00097995",5,2,3
"E00097996",16,6,10
"E00097997",2,1,1
"E00097998",3,1,2
"E00097999",3,3,0
"E00098000",3,1,2
"E00098001",6,3,3
"E00098002",4,3,1
"E00098003",6,1,5
"E00098004",12,4,8
"E00098005",6,3,3
"E00098006",5,2,3
"E00098007",9,1,8
"E00098008",1,1,0
"E00098009",7,5,2
"E00098010",2,2,0
"E00098011",5,1,4
"E00098012",8,4,4
"E00098013",10,5,5
"E00098014",2,2,0
"E00098015",6,5,1
"E00098017",13,9,4
"E00098018",7,6,1
"E00098019",10,6,4
"E00098020",4,1,3
"E00098021",6,0,6
"E00098022",5,2,3
"E00098023",2,2,0
"E00098024",1,0,1
"E00098025",0,0,0
"E00098026",4,0,4
"E00098027",14,12,2
"E00098028",5,3,2
"E00098029",4,0,4
"E00098030",2,1,1
"E00098031",3,1,2
"E00098032",2,1,1
"E00098033",3,1,2
"E00098034",0,0,0
"E00098035",1,1,0
"E00098036",8,2,6
"E00098037",4,3,1
"E00098038",4,2,2
"E00098039",4,2,2
"E00098040",3,2,1
"E00098041",2,0,2
"E00098042",2,1,1
"E00098043",5,3,2
"E00098044",2,1,1
"E00098045",2,1,1
"E00098046",2,0,2
"E00098047",1,0,1
"E00098048",6,2,4
"E00098049",6,1,5
"E00098050",7,4,3
"E00098051",8,7,1
"E00098052",3,0,3
"E00098053",1,0,1
"E00098054",7,2,5
"E00098055",4,1,3
"E00098056",4,1,3
"E00098057",8,4,4
"E00098058",6,2,4
"E00098059",0,0,0
"E00098060",1,0,1
"E00098061",8,6,2
"E00098062",3,2,1
"E00098063",4,3,1
"E00098064",0,0,0
"E00098065",2,1,1
"E00098066",5,3,2
"E00098067",12,6,6
"E00098068",6,4,2
"E00098069",6,3,3
"E00098070",0,0,0
"E00098071",1,0,1
"E00098072",10,3,7
"E00098073",3,3,0
"E00098074",6,3,3
"E00098075",8,3,5
"E00098077",2,0,2
"E00098078",8,3,5
"E00098080",7,3,4
"E00098081",3,1,2
"E00098082",7,2,5
"E00098083",8,4,4
"E00098084",3,2,1
"E00098085",2,0,2
"E00098086",0,0,0
"E00098087",7,4,3
"E00098088",6,4,2
"E00098089",7,4,3
"E00098090",6,2,4
"E00098091",12,4,8
"E00098092",11,5,6
"E00098093",8,3,5
"E00098094",7,5,2
"E00098095",7,3,4
"E00098096",1,1,0
"E00098097",7,4,3
"E00098098",5,1,4
"E00098099",1,0,1
"E00098100",1,0,1
"E00098101",10,6,4
"E00098102",2,1,1
"E00098103",5,3,2
"E00098104",5,1,4
"E00098105",5,1,4
"E00098106",1,1,0
"E00098107",3,2,1
"E00098108",7,3,4
"E00098109",1,1,0
"E00098110",9,2,7
"E00098111",5,1,4
"E00098112",0,0,0
"E00098113",2,0,2
"E00098114",0,0,0
"E00098115",1,1,0
"E00098116",6,0,6
"E00098117",3,1,2
"E00098118",0,0,0
"E00098119",4,1,3
"E00098120",3,0,3
"E00098121",1,0,1
"E00098122",3,1,2
"E00098123",0,0,0
"E00098124",6,2,4
"E00098125",1,1,0
"E00098126",0,0,0
"E00098127",1,0,1
"E00098128",0,0,0
"E00098129",3,1,2
"E00098130",1,1,0
"E00098131",1,0,1
"E00098132",1,1,0
"E00098133",2,0,2
"E00098134",2,1,1
"E00098135",2,1,1
"E00098136",6,3,3
"E00098137",1,0,1
"E00098138",4,2,2
"E00098139",13,6,7
"E00098140",1,1,0
"E00098141",6,2,4
"E00098142",10,3,7
"E00098143",9,2,7
"E00098144",5,4,1
"E00098145",15,5,10
"E00098146",5,2,3
"E00098147",5,2,3
"E00098148",4,1,3
"E00098149",1,1,0
"E00098150",3,2,1
"E00098151",5,2,3
"E00098152",3,1,2
"E00098153",0,0,0
"E00098154",1,1,0
"E00098155",3,1,2
"E00098156",11,6,5
"E00098157",1,1,0
"E00098158",0,0,0
"E00098159",0,0,0
"E00098160",3,3,0
"E00098161",2,2,0
"E00098162",8,1,7
"E00098163",2,0,2
"E00098164",1,1,0
"E00098165",5,3,2
"E00098166",1,0,1
"E00098167",2,2,0
"E00098168",6,1,5
"E00098169",1,1,0
"E00098170",3,2,1
"E00098171",4,2,2
"E00098172",1,0,1
"E00098173",9,4,5
"E00098174",5,3,2
"E00098175",1,0,1
"E00098176",6,2,4
"E00098177",9,5,4
"E00098178",5,3,2
"E00098179",1,1,0
"E00098180",15,7,8
"E00098181",1,1,0
"E00098182",9,6,3
"E00098183",6,3,3
"E00098184",5,5,0
"E00098185",2,1,1
"E00098186",0,0,0
"E00098187",2,2,0
"E00098188",5,1,4
"E00098189",6,2,4
"E00098190",1,0,1
"E00098191",4,1,3
"E00098192",7,4,3
"E00098193",3,1,2
"E00098194",2,0,2
"E00098195",2,1,1
"E00098196",4,2,2
"E00098197",9,4,5
"E00098198",6,4,2
"E00098199",2,2,0
"E00098200",7,4,3
"E00098201",3,3,0
"E00098202",4,2,2
"E00098203",5,3,2
"E00098204",1,1,0
"E00098206",5,2,3
"E00098207",1,1,0
"E00098208",0,0,0
"E00098209",5,2,3
"E00098210",1,0,1
"E00098211",1,0,1
"E00098212",0,0,0
"E00098213",0,0,0
"E00098214",6,5,1
"E00098215",6,3,3
"E00098216",3,2,1
"E00098217",4,2,2
"E00098218",2,2,0
"E00098219",0,0,0
"E00098220",0,0,0
"E00098221",2,1,1
"E00098222",0,0,0
"E00098223",0,0,0
"E00098224",2,2,0
"E00098225",1,0,1
"E00098226",1,1,0
"E00098227",5,2,3
"E00098228",1,1,0
"E00098229",1,0,1
"E00098230",2,1,1
"E00098231",5,3,2
"E00098232",3,2,1
"E00098233",7,3,4
"E00098234",1,0,1
"E00098235",0,0,0
"E00098236",3,1,2
"E00098237",2,0,2
"E00098238",5,3,2
"E00098239",6,1,5
"E00098240",1,1,0
"E00098241",7,5,2
"E00098242",5,1,4
"E00098243",3,1,2
"E00098244",18,7,11
"E00098245",21,9,12
"E00098246",12,8,4
"E00098247",13,7,6
"E00098248",7,4,3
"E00098249",9,6,3
"E00098250",12,4,8
"E00098251",4,3,1
"E00098252",9,4,5
"E00098253",14,8,6
"E00098254",7,3,4
"E00098255",5,4,1
"E00098256",9,4,5
"E00098257",11,4,7
"E00098258",14,6,8
"E00098259",4,3,1
"E00098260",1,1,0
"E00098261",1,0,1
"E00098262",1,1,0
"E00098263",3,3,0
"E00098264",3,0,3
"E00098265",4,3,1
"E00098266",2,1,1
"E00098267",0,0,0
"E00098268",6,1,5
"E00098269",4,2,2
"E00098270",2,1,1
"E00098271",7,4,3
"E00098272",8,4,4
"E00098273",4,2,2
"E00098274",4,1,3
"E00098275",1,1,0
"E00098276",1,1,0
"E00098277",1,0,1
"E00098278",0,0,0
"E00098279",1,0,1
"E00098280",0,0,0
"E00098281",2,1,1
"E00098282",2,2,0
"E00098283",2,1,1
"E00098284",3,2,1
"E00098285",2,1,1
"E00098286",0,0,0
"E00098287",2,0,2
"E00098288",0,0,0
"E00098289",1,1,0
"E00098290",0,0,0
"E00098291",1,0,1
"E00098292",3,2,1
"E00098293",3,1,2
"E00098294",4,1,3
"E00098295",0,0,0
"E00098296",5,1,4
"E00098297",3,0,3
"E00098298",6,3,3
"E00098299",6,4,2
"E00098300",2,2,0
"E00098301",7,4,3
"E00098302",3,2,1
"E00098303",3,3,0
"E00098304",1,0,1
"E00098305",0,0,0
"E00098306",0,0,0
"E00098307",2,1,1
"E00098308",5,1,4
"E00098309",1,1,0
"E00098310",3,2,1
"E00098311",1,0,1
"E00098312",4,3,1
"E00098313",6,3,3
"E00098314",4,2,2
"E00098315",1,1,0
"E00098316",6,3,3
"E00098317",2,0,2
"E00098318",1,1,0
"E00098319",0,0,0
"E00098320",0,0,0
"E00098321",0,0,0
"E00098322",1,0,1
"E00098323",4,2,2
"E00098324",4,2,2
"E00098325",0,0,0
"E00098326",4,2,2
"E00098327",0,0,0
"E00098328",1,0,1
"E00098329",1,0,1
"E00098330",0,0,0
"E00098331",2,1,1
"E00098332",1,0,1
"E00098333",1,1,0
"E00098334",5,4,1
"E00098335",2,1,1
"E00098336",2,1,1
"E00098337",0,0,0
"E00098338",1,0,1
"E00098339",0,0,0
"E00098340",0,0,0
"E00098341",2,1,1
"E00098342",2,2,0
"E00098343",1,0,1
"E00098344",6,3,3
"E00098345",0,0,0
"E00098346",2,0,2
"E00098347",3,3,0
"E00098348",6,2,4
"E00098349",5,3,2
"E00098350",5,4,1
"E00098351",5,3,2
"E00098352",0,0,0
"E00098353",0,0,0
"E00098354",2,1,1
"E00098355",1,1,0
"E00098356",9,6,3
"E00098357",2,2,0
"E00098358",6,3,3
"E00098359",5,2,3
"E00098360",1,1,0
"E00098361",1,1,0
"E00098362",3,0,3
"E00098363",3,2,1
"E00098364",3,2,1
"E00098365",4,2,2
"E00098366",2,0,2
"E00098367",4,0,4
"E00098368",1,0,1
"E00098369",5,4,1
"E00098370",6,2,4
"E00098371",10,2,8
"E00098372",3,0,3
"E00098373",0,0,0
"E00098374",3,1,2
"E00098375",2,1,1
"E00098376",0,0,0
"E00098377",0,0,0
"E00098378",1,0,1
"E00098379",0,0,0
"E00098380",0,0,0
"E00098381",3,1,2
"E00098382",2,1,1
"E00098383",1,0,1
"E00098384",0,0,0
"E00098385",3,1,2
"E00098386",2,0,2
"E00098387",1,1,0
"E00098388",2,1,1
"E00098389",6,2,4
"E00098390",2,1,1
"E00098391",0,0,0
"E00098392",3,2,1
"E00098393",1,1,0
"E00098394",0,0,0
"E00098395",3,2,1
"E00098396",4,2,2
"E00098397",3,1,2
"E00098398",1,1,0
"E00098399",2,1,1
"E00098400",0,0,0
"E00098401",5,2,3
"E00098402",8,4,4
"E00098404",6,4,2
"E00098405",3,2,1
"E00098406",3,1,2
"E00098407",5,2,3
"E00098408",7,3,4
"E00098409",0,0,0
"E00098410",2,2,0
"E00098411",0,0,0
"E00098412",1,1,0
"E00098413",3,2,1
"E00098414",5,2,3
"E00098415",3,2,1
"E00098416",0,0,0
"E00098417",1,1,0
"E00098418",5,2,3
"E00098419",3,1,2
"E00098420",7,2,5
"E00098421",0,0,0
"E00098422",1,0,1
"E00098423",3,2,1
"E00098424",1,0,1
"E00098425",0,0,0
"E00098426",5,1,4
"E00098427",0,0,0
"E00098428",0,0,0
"E00098429",2,0,2
"E00098430",3,1,2
"E00098431",3,1,2
"E00098432",1,1,0
"E00098433",4,2,2
"E00098434",5,4,1
"E00098435",0,0,0
"E00098436",11,2,9
"E00098437",3,1,2
"E00098438",8,2,6
"E00098439",0,0,0
"E00098440",2,2,0
"E00098441",4,3,1
"E00098442",6,5,1
"E00098443",1,0,1
"E00098444",0,0,0
"E00098447",5,4,1
"E00098448",7,5,2
"E00098449",1,0,1
"E00098450",5,3,2
"E00098451",5,1,4
"E00098452",7,3,4
"E00098453",1,0,1
"E00098454",1,0,1
"E00098455",2,0,2
"E00098456",0,0,0
"E00098457",1,0,1
"E00098458",2,2,0
"E00098459",3,3,0
"E00098460",2,1,1
"E00098461",1,0,1
"E00098462",1,1,0
"E00098463",2,2,0
"E00098464",1,1,0
"E00098465",0,0,0
"E00098466",1,1,0
"E00098467",0,0,0
"E00098468",0,0,0
"E00098469",3,2,1
"E00098470",1,1,0
"E00098471",0,0,0
"E00098472",1,1,0
"E00098473",1,0,1
"E00098474",9,4,5
"E00098475",7,3,4
"E00098476",9,4,5
"E00098477",14,7,7
"E00098478",9,3,6
"E00098479",10,7,3
"E00098480",5,3,2
"E00098481",13,8,5
"E00098482",3,0,3
"E00098483",3,0,3
"E00098484",9,3,6
"E00098485",7,3,4
"E00098486",1,1,0
"E00098487",6,3,3
"E00098488",4,0,4
"E00098489",9,4,5
"E00098490",5,1,4
"E00098491",7,3,4
"E00098492",2,0,2
"E00098493",2,1,1
"E00098494",0,0,0
"E00098495",6,3,3
"E00098496",6,6,0
"E00098497",4,1,3
"E00098498",7,0,7
"E00098499",2,1,1
"E00098500",6,2,4
"E00098501",6,1,5
"E00098502",1,0,1
"E00098503",3,2,1
"E00098504",4,3,1
"E00098505",4,4,0
"E00098506",0,0,0
"E00098507",2,0,2
"E00098508",3,3,0
"E00098509",15,9,6
"E00098510",5,1,4
"E00098511",6,3,3
"E00098512",7,2,5
"E00098513",3,2,1
"E00098514",0,0,0
"E00098515",0,0,0
"E00098516",0,0,0
"E00098517",1,1,0
"E00098518",3,1,2
"E00098519",1,0,1
"E00098520",2,1,1
"E00098521",4,3,1
"E00098522",0,0,0
"E00098523",1,0,1
"E00098524",5,3,2
"E00098525",2,2,0
"E00098526",2,0,2
"E00098527",0,0,0
"E00098528",0,0,0
"E00098529",0,0,0
"E00098530",1,0,1
"E00098531",1,0,1
"E00098532",2,0,2
"E00098533",2,2,0
"E00098534",1,0,1
"E00098535",3,1,2
"E00098536",2,1,1
"E00098537",5,2,3
"E00098538",4,1,3
"E00098539",0,0,0
"E00098540",5,3,2
"E00098541",0,0,0
"E00098542",0,0,0
"E00098543",3,1,2
"E00098544",1,0,1
"E00098545",7,2,5
"E00098546",0,0,0
"E00098547",1,1,0
"E00098548",3,0,3
"E00098549",3,1,2
"E00098550",0,0,0
"E00098551",2,1,1
"E00098552",1,0,1
"E00098553",0,0,0
"E00098554",3,2,1
"E00098555",2,1,1
"E00098556",0,0,0
"E00098557",0,0,0
"E00098558",4,2,2
"E00098559",1,1,0
"E00098560",3,1,2
"E00098561",0,0,0
"E00098562",0,0,0
"E00098563",0,0,0
"E00098564",1,0,1
"E00098565",1,0,1
"E00098566",1,0,1
"E00098567",4,1,3
"E00098568",2,1,1
"E00098569",3,2,1
"E00098570",3,0,3
"E00098571",0,0,0
"E00098572",0,0,0
"E00098573",3,1,2
"E00098574",2,2,0
"E00098575",1,0,1
"E00098576",1,0,1
"E00098577",0,0,0
"E00098578",0,0,0
"E00098579",0,0,0
"E00098580",2,2,0
"E00098581",3,1,2
"E00098582",4,2,2
"E00098583",0,0,0
"E00098584",9,8,1
"E00098585",6,3,3
"E00098586",3,2,1
"E00098587",4,3,1
"E00098588",2,1,1
"E00098589",7,3,4
"E00098590",0,0,0
"E00098591",1,0,1
"E00098592",5,2,3
"E00098593",0,0,0
"E00098594",6,3,3
"E00098595",1,1,0
"E00098596",2,1,1
"E00098597",0,0,0
"E00098598",3,0,3
"E00098599",1,0,1
"E00098600",0,0,0
"E00098601",0,0,0
"E00098602",1,0,1
"E00098603",0,0,0
"E00098604",0,0,0
"E00098605",0,0,0
"E00098606",2,1,1
"E00098607",0,0,0
"E00098608",0,0,0
"E00098609",4,1,3
"E00098610",1,0,1
"E00098612",2,1,1
"E00098613",1,1,0
"E00098614",2,0,2
"E00098615",0,0,0
"E00098616",1,0,1
"E00098617",5,1,4
"E00098618",0,0,0
"E00098619",1,0,1
"E00098620",3,1,2
"E00098621",0,0,0
"E00098622",0,0,0
"E00098623",4,0,4
"E00098624",1,1,0
"E00098625",2,1,1
"E00098626",1,0,1
"E00098627",1,0,1
"E00098628",1,1,0
"E00098629",1,0,1
"E00098630",3,1,2
"E00098631",2,2,0
"E00098632",1,1,0
"E00098633",7,2,5
"E00098634",7,2,5
"E00098635",3,2,1
"E00098636",2,2,0
"E00098637",2,0,2
"E00098638",1,0,1
"E00098639",0,0,0
"E00098640",1,0,1
"E00098641",2,1,1
"E00098642",0,0,0
"E00098643",2,1,1
"E00098644",3,1,2
"E00098645",9,6,3
"E00098646",0,0,0
"E00098647",0,0,0
"E00098648",4,1,3
"E00098649",1,1,0
"E00098650",4,2,2
"E00098651",6,3,3
"E00098652",2,1,1
"E00098653",0,0,0
"E00098654",0,0,0
"E00098655",0,0,0
"E00098656",1,0,1
"E00098657",2,1,1
"E00098658",1,0,1
"E00098659",0,0,0
"E00098660",0,0,0
"E00098661",3,2,1
"E00098662",1,1,0
"E00098663",2,1,1
"E00098664",1,1,0
"E00098665",0,0,0
"E00098666",1,0,1
"E00098667",1,0,1
"E00098668",0,0,0
"E00098669",0,0,0
"E00098670",1,0,1
"E00098671",0,0,0
"E00098672",0,0,0
"E00098673",3,2,1
"E00098674",0,0,0
"E00098675",1,1,0
"E00098676",3,2,1
"E00098677",1,0,1
"E00098678",1,0,1
"E00098679",0,0,0
"E00098680",0,0,0
"E00098681",1,1,0
"E00098683",2,0,2
"E00098684",3,1,2
"E00098685",5,3,2
"E00098686",4,3,1
"E00098687",0,0,0
"E00098688",4,3,1
"E00098689",3,0,3
"E00098690",2,1,1
"E00098691",4,2,2
"E00098692",1,1,0
"E00098693",1,0,1
"E00098694",0,0,0
"E00098695",3,2,1
"E00098696",5,2,3
"E00098697",4,0,4
"E00098698",1,1,0
"E00098699",0,0,0
"E00098700",1,0,1
"E00098701",0,0,0
"E00098702",0,0,0
"E00098703",7,3,4
"E00098704",5,1,4
"E00098705",1,1,0
"E00098706",2,1,1
"E00098707",1,1,0
"E00098708",3,0,3
"E00098709",1,0,1
"E00098710",1,0,1
"E00098711",0,0,0
"E00098712",2,1,1
"E00098713",3,3,0
"E00098714",0,0,0
"E00098715",0,0,0
"E00098716",5,2,3
"E00098718",3,2,1
"E00098719",1,1,0
"E00098720",2,1,1
"E00098721",2,0,2
"E00098722",3,2,1
"E00098723",1,1,0
"E00098724",4,1,3
"E00098725",1,1,0
"E00098726",8,3,5
"E00098727",6,5,1
"E00098728",4,1,3
"E00098729",4,2,2
"E00098730",1,1,0
"E00098731",2,1,1
"E00098732",3,1,2
"E00098733",2,0,2
"E00098734",4,1,3
"E00098735",0,0,0
"E00098736",0,0,0
"E00098737",5,3,2
"E00098738",2,1,1
"E00098739",3,3,0
"E00098740",1,1,0
"E00098741",5,3,2
"E00098742",2,1,1
"E00098743",0,0,0
"E00098744",3,1,2
"E00098745",2,0,2
"E00098746",1,0,1
"E00098747",4,2,2
"E00098748",4,3,1
"E00098749",6,2,4
"E00098750",0,0,0
"E00098751",5,4,1
"E00098752",4,2,2
"E00098753",1,0,1
"E00098754",0,0,0
"E00098755",0,0,0
"E00098756",0,0,0
"E00098757",4,2,2
"E00098758",3,0,3
"E00098759",2,2,0
"E00098760",0,0,0
"E00098761",4,2,2
"E00098762",2,1,1
"E00098763",1,0,1
"E00098764",0,0,0
"E00098765",2,0,2
"E00098766",2,2,0
"E00098767",1,0,1
"E00098768",0,0,0
"E00098769",2,2,0
"E00098770",1,1,0
"E00098771",0,0,0
"E00098772",3,1,2
"E00098773",1,1,0
"E00098774",1,1,0
"E00098775",1,1,0
"E00098776",3,1,2
"E00098777",2,0,2
"E00098778",0,0,0
"E00098779",3,1,2
"E00098780",2,1,1
"E00098781",2,1,1
"E00098782",5,2,3
"E00098783",1,0,1
"E00098784",3,0,3
"E00098785",1,0,1
"E00098786",4,3,1
"E00098787",8,5,3
"E00098788",6,2,4
"E00098789",5,3,2
"E00098790",6,4,2
"E00098791",6,4,2
"E00098792",5,3,2
"E00098793",0,0,0
"E00098794",3,1,2
"E00098795",1,1,0
"E00098796",5,0,5
"E00098797",2,1,1
"E00098798",1,0,1
"E00098799",3,0,3
"E00098800",0,0,0
"E00098801",0,0,0
"E00098802",3,0,3
"E00098803",4,3,1
"E00098804",2,1,1
"E00098805",5,2,3
"E00098806",2,1,1
"E00098807",2,1,1
"E00098808",3,2,1
"E00098809",8,2,6
"E00098810",4,2,2
"E00098811",11,6,5
"E00098812",6,2,4
"E00098813",1,1,0
"E00098814",3,2,1
"E00098815",11,4,7
"E00098816",2,1,1
"E00098817",6,5,1
"E00098818",3,0,3
"E00098819",2,0,2
"E00098820",6,3,3
"E00098821",3,1,2
"E00098822",5,2,3
"E00098823",4,0,4
"E00098824",1,1,0
"E00098825",4,2,2
"E00098826",6,3,3
"E00098827",6,2,4
"E00098828",3,3,0
"E00098829",5,2,3
"E00098830",2,1,1
"E00098831",0,0,0
"E00098832",0,0,0
"E00098833",4,2,2
"E00098834",1,0,1
"E00098835",0,0,0
"E00098836",0,0,0
"E00098837",1,1,0
"E00098838",1,0,1
"E00098839",2,1,1
"E00098840",3,3,0
"E00098841",2,1,1
"E00098842",0,0,0
"E00098843",3,0,3
"E00098844",1,0,1
"E00098845",3,2,1
"E00098846",5,3,2
"E00098847",0,0,0
"E00098848",3,2,1
"E00098849",2,2,0
"E00098850",2,1,1
"E00098851",2,1,1
"E00098852",5,3,2
"E00098854",3,1,2
"E00098855",5,4,1
"E00098856",3,3,0
"E00098857",3,2,1
"E00098858",2,0,2
"E00098859",7,5,2
"E00098860",4,2,2
"E00098861",4,3,1
"E00098862",3,2,1
"E00098863",3,1,2
"E00098864",7,3,4
"E00098865",2,1,1
"E00098866",10,3,7
"E00098867",4,2,2
"E00098868",4,3,1
"E00098869",1,1,0
"E00098870",0,0,0
"E00098871",0,0,0
"E00098872",1,0,1
"E00098873",2,1,1
"E00098874",3,1,2
"E00098875",6,2,4
"E00098876",2,1,1
"E00098877",0,0,0
"E00098878",2,0,2
"E00098879",1,0,1
"E00098880",3,2,1
"E00098881",4,2,2
"E00098882",3,3,0
"E00098883",0,0,0
"E00098884",2,1,1
"E00098885",0,0,0
"E00098886",2,2,0
"E00098887",3,2,1
"E00098888",2,1,1
"E00098889",3,2,1
"E00098890",4,1,3
"E00098891",1,1,0
"E00098892",1,0,1
"E00098893",0,0,0
"E00098894",1,0,1
"E00098895",0,0,0
"E00098896",0,0,0
"E00098897",0,0,0
"E00098898",1,1,0
"E00098899",3,3,0
"E00098900",3,0,3
"E00098901",5,2,3
"E00098902",3,1,2
"E00098903",0,0,0
"E00098904",4,1,3
"E00098905",6,2,4
"E00098906",1,1,0
"E00098907",3,1,2
"E00098908",0,0,0
"E00098909",0,0,0
"E00098910",19,10,9
"E00098911",2,0,2
"E00098912",9,4,5
"E00098913",5,2,3
"E00098914",8,4,4
"E00098915",5,2,3
"E00098916",9,4,5
"E00098917",3,0,3
"E00098918",12,4,8
"E00098919",20,7,13
"E00098920",3,3,0
"E00098921",3,1,2
"E00098922",4,2,2
"E00098923",2,0,2
"E00098924",4,1,3
"E00098925",1,0,1
"E00098926",0,0,0
"E00098927",2,1,1
"E00098928",3,0,3
"E00098929",1,1,0
"E00098930",1,0,1
"E00098931",0,0,0
"E00098932",0,0,0
"E00098933",3,3,0
"E00098934",3,2,1
"E00098935",1,0,1
"E00098936",4,2,2
"E00098937",8,4,4
"E00098938",7,2,5
"E00098939",1,1,0
"E00098940",0,0,0
"E00098941",1,0,1
"E00098942",3,3,0
"E00098943",2,1,1
"E00098944",1,0,1
"E00098945",1,1,0
"E00098946",2,2,0
"E00098947",5,4,1
"E00098948",1,0,1
"E00098949",4,1,3
"E00098950",1,0,1
"E00098951",0,0,0
"E00098952",3,1,2
"E00098953",3,2,1
"E00098954",4,2,2
"E00098955",2,0,2
"E00098956",1,0,1
"E00098957",3,0,3
"E00098958",3,2,1
"E00098959",6,3,3
"E00098960",7,3,4
"E00098961",2,0,2
"E00098962",1,0,1
"E00098963",1,1,0
"E00098964",6,4,2
"E00098965",4,0,4
"E00098966",3,1,2
"E00098967",0,0,0
"E00098968",2,0,2
"E00098969",2,1,1
"E00098970",1,0,1
"E00098971",2,1,1
"E00098972",2,0,2
"E00098973",5,2,3
"E00098974",4,2,2
"E00098975",2,1,1
"E00098976",0,0,0
"E00098977",5,3,2
"E00098978",1,0,1
"E00098979",0,0,0
"E00098980",3,3,0
"E00098981",1,1,0
"E00098982",4,3,1
"E00098983",3,2,1
"E00098984",1,0,1
"E00098985",4,3,1
"E00098986",1,0,1
"E00098987",0,0,0
"E00098988",2,0,2
"E00098989",0,0,0
"E00098990",1,0,1
"E00098991",0,0,0
"E00098992",4,1,3
"E00098993",2,2,0
"E00098994",1,0,1
"E00098995",2,2,0
"E00098996",3,2,1
"E00098997",1,0,1
"E00098998",2,1,1
"E00098999",1,0,1
"E00099000",0,0,0
"E00099001",2,2,0
"E00099002",0,0,0
"E00099003",1,0,1
"E00099004",0,0,0
"E00099005",2,1,1
"E00099006",2,1,1
"E00099007",5,2,3
"E00099008",0,0,0
"E00099009",2,2,0
"E00099010",5,2,3
"E00099011",4,3,1
"E00099012",1,1,0
"E00099013",1,0,1
"E00099014",0,0,0
"E00099015",2,1,1
"E00099016",1,1,0
"E00099017",8,6,2
"E00099018",0,0,0
"E00099019",2,0,2
"E00099020",1,0,1
"E00099021",1,1,0
"E00099022",3,2,1
"E00099023",5,3,2
"E00099024",0,0,0
"E00099025",1,1,0
"E00099026",1,1,0
"E00099027",0,0,0
"E00099028",3,1,2
"E00099029",0,0,0
"E00099030",0,0,0
"E00099031",0,0,0
"E00099032",1,0,1
"E00099033",0,0,0
"E00099034",6,1,5
"E00099035",0,0,0
"E00099036",3,1,2
"E00099037",5,2,3
"E00099039",2,1,1
"E00099040",12,5,7
"E00099042",5,3,2
"E00099043",4,2,2
"E00099044",7,2,5
"E00099045",2,1,1
"E00099046",3,1,2
"E00099047",1,0,1
"E00099048",6,2,4
"E00099049",1,1,0
"E00099050",1,1,0
"E00099051",1,0,1
"E00099052",8,6,2
"E00099054",1,0,1
"E00099055",0,0,0
"E00099056",0,0,0
"E00099057",0,0,0
"E00099058",1,1,0
"E00099059",11,6,5
"E00099060",2,1,1
"E00099061",1,1,0
"E00099062",0,0,0
"E00099063",10,4,6
"E00099064",10,4,6
"E00099065",2,2,0
"E00099066",1,0,1
"E00099067",13,8,5
"E00099068",9,5,4
"E00099069",6,2,4
"E00099070",12,5,7
"E00099071",1,1,0
"E00099072",16,10,6
"E00099073",2,2,0
"E00099074",0,0,0
"E00099075",5,3,2
"E00099076",5,3,2
"E00099077",3,2,1
"E00099078",4,3,1
"E00099079",3,2,1
"E00099080",9,6,3
"E00099081",5,2,3
"E00099082",4,3,1
"E00099083",4,4,0
"E00099084",1,1,0
"E00099085",4,2,2
"E00099086",1,1,0
"E00099087",2,2,0
"E00099088",6,2,4
"E00099089",2,2,0
"E00099090",6,1,5
"E00099091",5,1,4
"E00099092",17,5,12
"E00099093",8,5,3
"E00099094",0,0,0
"E00099095",7,2,5
"E00099096",2,1,1
"E00099097",16,6,10
"E00099098",15,7,8
"E00099099",4,1,3
"E00099100",6,2,4
"E00099101",12,5,7
"E00099102",2,1,1
"E00099103",9,5,4
"E00099104",4,4,0
"E00099105",5,4,1
"E00099106",4,3,1
"E00099107",0,0,0
"E00099108",3,0,3
"E00099109",2,1,1
"E00099110",13,6,7
"E00099111",14,7,7
"E00099112",1,1,0
"E00099113",8,5,3
"E00099114",17,6,11
"E00099115",4,2,2
"E00099116",15,7,8
"E00099117",6,4,2
"E00099118",9,5,4
"E00099119",1,0,1
"E00099120",5,3,2
"E00099121",1,1,0
"E00099122",0,0,0
"E00099123",8,4,4
"E00099124",6,1,5
"E00099125",6,4,2
"E00099126",9,4,5
"E00099127",7,4,3
"E00099128",9,4,5
"E00099129",10,5,5
"E00099130",0,0,0
"E00099131",0,0,0
"E00099132",5,2,3
"E00099133",3,1,2
"E00099134",7,2,5
"E00099135",1,1,0
"E00099136",8,2,6
"E00099137",12,8,4
"E00099138",4,2,2
"E00099139",6,4,2
"E00099140",8,3,5
"E00099141",6,3,3
"E00099142",3,1,2
"E00099143",8,3,5
"E00099144",4,0,4
"E00099145",2,1,1
"E00099146",3,2,1
"E00099150",1,0,1
"E00099151",7,2,5
"E00099152",4,2,2
"E00099153",6,3,3
"E00099154",8,5,3
"E00099155",3,0,3
"E00099156",4,2,2
"E00099157",3,1,2
"E00099158",14,5,9
"E00099159",11,5,6
"E00099160",3,1,2
"E00099161",4,4,0
"E00099162",0,0,0
"E00099163",2,1,1
"E00099164",6,2,4
"E00099165",0,0,0
"E00099166",12,5,7
"E00099167",5,1,4
"E00099168",11,9,2
"E00099169",8,6,2
"E00099170",15,7,8
"E00099171",7,3,4
"E00099172",7,4,3
"E00099173",4,3,1
"E00099174",1,0,1
"E00099175",2,1,1
"E00099176",15,7,8
"E00099177",7,2,5
"E00099178",4,3,1
"E00099179",4,2,2
"E00099180",3,1,2
"E00099181",12,9,3
"E00099182",6,3,3
"E00099183",5,3,2
"E00099184",5,4,1
"E00099185",7,7,0
"E00099186",7,4,3
"E00099187",3,2,1
"E00099188",3,3,0
"E00099189",1,1,0
"E00099190",3,3,0
"E00099191",2,1,1
"E00099192",3,2,1
"E00099193",6,2,4
"E00099194",3,0,3
"E00099195",0,0,0
"E00099196",3,1,2
"E00099197",4,3,1
"E00099198",2,1,1
"E00099199",2,0,2
"E00099200",9,4,5
"E00099201",4,3,1
"E00099202",1,1,0
"E00099203",3,1,2
"E00099204",1,1,0
"E00099205",2,0,2
"E00099206",2,1,1
"E00099207",9,4,5
"E00099208",7,1,6
"E00099209",8,7,1
"E00099210",1,1,0
"E00099211",6,4,2
"E00099212",5,1,4
"E00099213",6,2,4
"E00099214",5,2,3
"E00099215",3,3,0
"E00099216",2,0,2
"E00099217",4,1,3
"E00099219",3,3,0
"E00099220",7,2,5
"E00099221",4,2,2
"E00099222",0,0,0
"E00099223",2,2,0
"E00099224",10,7,3
"E00099225",6,3,3
"E00099226",8,3,5
"E00099227",10,6,4
"E00099228",4,1,3
"E00099229",12,4,8
"E00099230",15,6,9
"E00099231",4,2,2
"E00099232",7,5,2
"E00099233",0,0,0
"E00099234",4,3,1
"E00099235",12,9,3
"E00099236",10,4,6
"E00099237",11,4,7
"E00099238",9,4,5
"E00099239",6,3,3
"E00099240",5,3,2
"E00099241",3,2,1
"E00099242",1,1,0
"E00099243",0,0,0
"E00099244",4,2,2
"E00099245",3,3,0
"E00099246",7,4,3
"E00099247",4,3,1
"E00099248",5,1,4
"E00099249",1,1,0
"E00099250",6,4,2
"E00099251",5,3,2
"E00099252",0,0,0
"E00099253",1,0,1
"E00099255",3,3,0
"E00099256",9,4,5
"E00099260",10,2,8
"E00099261",7,4,3
"E00099262",4,1,3
"E00099263",7,1,6
"E00099264",4,2,2
"E00099265",2,2,0
"E00099266",5,2,3
"E00099267",10,6,4
"E00099268",2,1,1
"E00099269",3,1,2
"E00099270",1,0,1
"E00099272",8,3,5
"E00099274",13,4,9
"E00099275",7,2,5
"E00099276",9,4,5
"E00099277",5,4,1
"E00099278",11,4,7
"E00099279",3,2,1
"E00099280",3,3,0
"E00099281",0,0,0
"E00099282",6,2,4
"E00099283",6,4,2
"E00099284",6,4,2
"E00099285",19,5,14
"E00099286",8,4,4
"E00099287",3,3,0
"E00099288",5,4,1
"E00099289",0,0,0
"E00099290",3,3,0
"E00099291",3,2,1
"E00099292",3,2,1
"E00099293",6,3,3
"E00099294",5,1,4
"E00099295",4,4,0
"E00099296",7,4,3
"E00099297",2,2,0
"E00099298",2,1,1
"E00099299",3,1,2
"E00099300",1,0,1
"E00099301",5,3,2
"E00099302",3,0,3
"E00099303",3,3,0
"E00099304",6,4,2
"E00099305",2,0,2
"E00099306",9,5,4
"E00099307",6,3,3
"E00099308",9,5,4
"E00099309",9,4,5
"E00099310",7,4,3
"E00099311",9,7,2
"E00099312",6,2,4
"E00099313",3,2,1
"E00099314",9,6,3
"E00099315",7,4,3
"E00099316",5,1,4
"E00099317",3,2,1
"E00099318",2,1,1
"E00099319",11,8,3
"E00099320",9,4,5
"E00099321",0,0,0
"E00099322",6,3,3
"E00099323",8,3,5
"E00099324",5,2,3
"E00099325",3,1,2
"E00099326",4,2,2
"E00099327",2,2,0
"E00099328",7,1,6
"E00099329",10,6,4
"E00099330",10,6,4
"E00099331",6,4,2
"E00099332",0,0,0
"E00099333",4,4,0
"E00099334",4,3,1
"E00099335",19,15,4
"E00099336",8,4,4
"E00099337",2,1,1
"E00099338",4,1,3
"E00099339",6,1,5
"E00099340",4,3,1
"E00099341",4,3,1
"E00099342",5,2,3
"E00099343",4,1,3
"E00099344",3,2,1
"E00099345",3,1,2
"E00099346",0,0,0
"E00099347",3,0,3
"E00099348",3,1,2
"E00099349",5,2,3
"E00099350",3,1,2
"E00099351",1,0,1
"E00099352",1,0,1
"E00099353",2,1,1
"E00099354",7,4,3
"E00099356",5,1,4
"E00099357",4,2,2
"E00099358",0,0,0
"E00099359",1,0,1
"E00099360",5,4,1
"E00099361",0,0,0
"E00099362",2,1,1
"E00099363",5,4,1
"E00099364",3,1,2
"E00099365",1,0,1
"E00099366",7,5,2
"E00099367",6,2,4
"E00099368",1,1,0
"E00099369",8,5,3
"E00099370",8,4,4
"E00099371",2,2,0
"E00099372",6,3,3
"E00099373",0,0,0
"E00099374",0,0,0
"E00099375",3,3,0
"E00099376",5,4,1
"E00099377",7,4,3
"E00099378",5,3,2
"E00099379",2,1,1
"E00099380",7,4,3
"E00099381",4,1,3
"E00099382",6,2,4
"E00099383",8,4,4
"E00099384",1,1,0
"E00099385",0,0,0
"E00099386",3,2,1
"E00099387",1,0,1
"E00099388",1,0,1
"E00099389",1,1,0
"E00099390",0,0,0
"E00099391",1,1,0
"E00099392",2,1,1
"E00099393",1,0,1
"E00099394",1,1,0
"E00099395",0,0,0
"E00099396",0,0,0
"E00099397",1,1,0
"E00099398",0,0,0
"E00099399",3,1,2
"E00099400",2,1,1
"E00099401",0,0,0
"E00099402",2,0,2
"E00099403",2,1,1
"E00099404",0,0,0
"E00099405",0,0,0
"E00099406",0,0,0
"E00099407",0,0,0
"E00099408",2,2,0
"E00099409",4,1,3
"E00099410",0,0,0
"E00099411",0,0,0
"E00099412",1,1,0
"E00099413",0,0,0
"E00099414",0,0,0
"E00099415",0,0,0
"E00099416",0,0,0
"E00099417",0,0,0
"E00099418",2,2,0
"E00099419",0,0,0
"E00099420",7,3,4
"E00099421",4,1,3
"E00099422",1,1,0
"E00099423",7,3,4
"E00099424",1,0,1
"E00099425",5,4,1
"E00099426",2,0,2
"E00099427",1,1,0
"E00099428",0,0,0
"E00099429",4,3,1
"E00099430",3,3,0
"E00099431",3,2,1
"E00099432",8,4,4
"E00099433",2,2,0
"E00099434",9,6,3
"E00099435",8,4,4
"E00099436",6,4,2
"E00099437",5,3,2
"E00099439",4,0,4
"E00099440",2,1,1
"E00099441",8,3,5
"E00099442",4,1,3
"E00099443",0,0,0
"E00099444",1,1,0
"E00099445",3,1,2
"E00099446",8,5,3
"E00099447",5,2,3
"E00099448",7,1,6
"E00099449",3,2,1
"E00099450",2,1,1
"E00099451",1,0,1
"E00099452",2,1,1
"E00099453",1,0,1
"E00099454",6,5,1
"E00099455",3,1,2
"E00099456",4,0,4
"E00099457",2,0,2
"E00099458",2,2,0
"E00099459",2,1,1
"E00099461",0,0,0
"E00099462",1,1,0
"E00099463",7,3,4
"E00099464",0,0,0
"E00099465",2,2,0
"E00099466",0,0,0
"E00099467",2,0,2
"E00099468",0,0,0
"E00099469",0,0,0
"E00099470",1,0,1
"E00099471",1,0,1
"E00099472",1,1,0
"E00099473",0,0,0
"E00099474",0,0,0
"E00099475",0,0,0
"E00099476",2,1,1
"E00099477",1,0,1
"E00099478",1,0,1
"E00099479",1,0,1
"E00099481",0,0,0
"E00099482",0,0,0
"E00099483",2,1,1
"E00099484",2,1,1
"E00099485",2,1,1
"E00099486",0,0,0
"E00099487",2,1,1
"E00099488",2,0,2
"E00099489",1,0,1
"E00099490",1,1,0
"E00099491",0,0,0
"E00099492",0,0,0
"E00099493",1,0,1
"E00099494",3,3,0
"E00099495",1,1,0
"E00099496",1,1,0
"E00099497",0,0,0
"E00099498",1,1,0
"E00099499",0,0,0
"E00099500",1,0,1
"E00099501",1,0,1
"E00099502",0,0,0
"E00099503",1,0,1
"E00099504",0,0,0
"E00099505",0,0,0
"E00099506",5,2,3
"E00099507",2,1,1
"E00099508",0,0,0
"E00099509",0,0,0
"E00099510",2,1,1
"E00099511",0,0,0
"E00099512",2,2,0
"E00099513",1,1,0
"E00099514",2,1,1
"E00099515",4,2,2
"E00099516",0,0,0
"E00099517",2,1,1
"E00099518",1,1,0
"E00099519",1,0,1
"E00099520",6,2,4
"E00099521",2,1,1
"E00099522",7,3,4
"E00099523",5,1,4
"E00099524",9,6,3
"E00099525",13,7,6
"E00099526",11,3,8
"E00099527",6,3,3
"E00099528",5,3,2
"E00099529",7,4,3
"E00099530",10,5,5
"E00099531",2,1,1
"E00099532",1,0,1
"E00099533",0,0,0
"E00099534",5,3,2
"E00099535",1,1,0
"E00099536",0,0,0
"E00099537",4,2,2
"E00099538",1,1,0
"E00099539",0,0,0
"E00099540",0,0,0
"E00099541",7,2,5
"E00099542",2,1,1
"E00099543",1,0,1
"E00099544",0,0,0
"E00099545",5,1,4
"E00099546",1,1,0
"E00099547",0,0,0
"E00099548",0,0,0
"E00099549",0,0,0
"E00099550",1,0,1
"E00099551",4,1,3
"E00099552",2,1,1
"E00099553",4,2,2
"E00099554",1,1,0
"E00099555",2,1,1
"E00099556",2,2,0
"E00099557",0,0,0
"E00099558",2,2,0
"E00099559",0,0,0
"E00099560",1,1,0
"E00099561",2,1,1
"E00099562",0,0,0
"E00099563",3,3,0
"E00099564",0,0,0
"E00099565",1,1,0
"E00099566",5,3,2
"E00099567",1,0,1
"E00099568",2,2,0
"E00099569",8,1,7
"E00099570",1,1,0
"E00099571",7,4,3
"E00099572",0,0,0
"E00099573",1,1,0
"E00099574",2,0,2
"E00099575",1,1,0
"E00099576",0,0,0
"E00099577",4,0,4
"E00099578",4,0,4
"E00099579",0,0,0
"E00099580",1,1,0
"E00099581",3,1,2
"E00099582",0,0,0
"E00099583",0,0,0
"E00099584",1,1,0
"E00099585",2,0,2
"E00099586",2,0,2
"E00099587",5,3,2
"E00099588",5,3,2
"E00099589",13,5,8
"E00099590",11,4,7
"E00099591",2,2,0
"E00099592",8,4,4
"E00099593",4,2,2
"E00099594",3,2,1
"E00099595",5,1,4
"E00099596",1,1,0
"E00099597",2,1,1
"E00099598",1,0,1
"E00099599",2,1,1
"E00099600",7,2,5
"E00099601",2,1,1
"E00099602",4,0,4
"E00099603",1,1,0
"E00099604",6,4,2
"E00099605",1,0,1
"E00099606",2,2,0
"E00099607",1,1,0
"E00099608",2,1,1
"E00099609",1,0,1
"E00099610",3,3,0
"E00099611",3,1,2
"E00099612",2,0,2
"E00099613",0,0,0
"E00099614",0,0,0
"E00099615",2,1,1
"E00099616",0,0,0
"E00099617",2,2,0
"E00099618",1,0,1
"E00099619",1,1,0
"E00099620",5,3,2
"E00099621",1,1,0
"E00099622",1,1,0
"E00099623",4,3,1
"E00099624",1,0,1
"E00099625",0,0,0
"E00099626",2,1,1
"E00099627",2,2,0
"E00099628",1,1,0
"E00099629",3,2,1
"E00099630",3,2,1
"E00099632",4,4,0
"E00099633",0,0,0
"E00099634",1,1,0
"E00099635",6,5,1
"E00099636",1,1,0
"E00099637",6,3,3
"E00099638",2,1,1
"E00099639",0,0,0
"E00099640",4,3,1
"E00099641",1,1,0
"E00099642",12,5,7
"E00099643",4,1,3
"E00099644",0,0,0
"E00099645",5,3,2
"E00099646",0,0,0
"E00099647",2,2,0
"E00099648",2,0,2
"E00099649",1,0,1
"E00099650",7,5,2
"E00099651",5,3,2
"E00099652",1,1,0
"E00099653",2,1,1
"E00099654",4,2,2
"E00099655",1,1,0
"E00099656",0,0,0
"E00099657",0,0,0
"E00099658",7,5,2
"E00099659",7,3,4
"E00099660",1,0,1
"E00099661",1,0,1
"E00099662",1,1,0
"E00099663",1,1,0
"E00099664",2,1,1
"E00099665",1,0,1
"E00099666",4,3,1
"E00099667",7,4,3
"E00099668",1,1,0
"E00099669",6,3,3
"E00099670",0,0,0
"E00099671",1,0,1
"E00099672",5,2,3
"E00099673",8,3,5
"E00099674",0,0,0
"E00099675",1,1,0
"E00099676",5,3,2
"E00099677",9,3,6
"E00099678",0,0,0
"E00099679",3,2,1
"E00099680",5,2,3
"E00099681",1,1,0
"E00099682",2,0,2
"E00099683",1,1,0
"E00099684",8,5,3
"E00099685",3,2,1
"E00099686",5,2,3
"E00099687",2,1,1
"E00099688",6,4,2
"E00099689",4,2,2
"E00099690",3,2,1
"E00099691",10,5,5
"E00099692",5,2,3
"E00099693",3,1,2
"E00099694",7,3,4
"E00099695",3,3,0
"E00099696",3,2,1
"E00099697",6,3,3
"E00099698",3,0,3
"E00099699",1,1,0
"E00099700",1,0,1
"E00099701",0,0,0
"E00099702",1,1,0
"E00099703",9,8,1
"E00099704",3,1,2
"E00099706",8,4,4
"E00099707",9,4,5
"E00099708",7,4,3
"E00099709",4,2,2
"E00099710",1,1,0
"E00099711",3,3,0
"E00099712",3,2,1
"E00099713",2,1,1
"E00099714",7,4,3
"E00099715",2,2,0
"E00099716",1,1,0
"E00099717",0,0,0
"E00099718",2,2,0
"E00099719",5,2,3
"E00099720",3,3,0
"E00099721",3,2,1
"E00099722",0,0,0
"E00099723",0,0,0
"E00099724",3,0,3
"E00099725",1,0,1
"E00099726",5,2,3
"E00099727",5,3,2
"E00099728",6,5,1
"E00099729",13,7,6
"E00099730",0,0,0
"E00099731",3,2,1
"E00099732",3,0,3
"E00099733",0,0,0
"E00099734",8,2,6
"E00099735",4,2,2
"E00099736",16,7,9
"E00099737",4,1,3
"E00099738",0,0,0
"E00099739",7,4,3
"E00099740",5,0,5
"E00099741",5,3,2
"E00099742",4,1,3
"E00099743",3,3,0
"E00099744",10,7,3
"E00099745",12,7,5
"E00099746",4,3,1
"E00099747",12,3,9
"E00099748",4,3,1
"E00099749",4,2,2
"E00099750",7,4,3
"E00099751",3,1,2
"E00099752",1,0,1
"E00099753",13,7,6
"E00099754",10,6,4
"E00099755",2,1,1
"E00099756",0,0,0
"E00099757",7,3,4
"E00099758",4,1,3
"E00099759",4,1,3
"E00099760",7,4,3
"E00099761",3,1,2
"E00099762",3,0,3
"E00099763",0,0,0
"E00099764",2,0,2
"E00099765",3,1,2
"E00099766",3,1,2
"E00099767",8,3,5
"E00099768",7,2,5
"E00099769",6,3,3
"E00099770",6,3,3
"E00099771",0,0,0
"E00099772",2,1,1
"E00099773",9,4,5
"E00099774",2,1,1
"E00099775",7,3,4
"E00099776",1,0,1
"E00099777",5,4,1
"E00099778",1,1,0
"E00099779",4,1,3
"E00099780",3,1,2
"E00099781",4,3,1
"E00099782",2,1,1
"E00099783",6,5,1
"E00099784",10,8,2
"E00099785",4,1,3
"E00099786",6,3,3
"E00099787",3,1,2
"E00099788",5,0,5
"E00099789",5,2,3
"E00099790",10,4,6
"E00099791",3,1,2
"E00099792",15,7,8
"E00099793",13,6,7
"E00099794",9,5,4
"E00099795",8,1,7
"E00099796",12,3,9
"E00099797",5,2,3
"E00099798",3,2,1
"E00099799",5,3,2
"E00099800",1,0,1
"E00099801",3,2,1
"E00099802",4,1,3
"E00099803",5,3,2
"E00099804",2,0,2
"E00099805",6,2,4
"E00099806",0,0,0
"E00099807",3,2,1
"E00099808",2,0,2
"E00099809",1,1,0
"E00099810",7,2,5
"E00099813",6,6,0
"E00099814",11,6,5
"E00099815",6,3,3
"E00099816",7,4,3
"E00099817",0,0,0
"E00099818",1,0,1
"E00099819",4,2,2
"E00099820",0,0,0
"E00099821",0,0,0
"E00099822",5,3,2
"E00099823",6,5,1
"E00099824",0,0,0
"E00099825",2,1,1
"E00099826",7,3,4
"E00099827",4,2,2
"E00099828",0,0,0
"E00099829",4,1,3
"E00099830",5,2,3
"E00099831",0,0,0
"E00099832",2,2,0
"E00099833",5,3,2
"E00099834",2,1,1
"E00099835",1,0,1
"E00099836",1,1,0
"E00099837",9,5,4
"E00099838",5,3,2
"E00099839",5,2,3
"E00099840",0,0,0
"E00099841",1,1,0
"E00099842",4,0,4
"E00099843",2,2,0
"E00099844",5,3,2
"E00099845",5,3,2
"E00099846",4,3,1
"E00099847",6,3,3
"E00099848",9,4,5
"E00099849",4,3,1
"E00099850",2,1,1
"E00099851",0,0,0
"E00099852",5,3,2
"E00099853",3,3,0
"E00099854",5,3,2
"E00099855",2,1,1
"E00099856",8,3,5
"E00099857",2,1,1
"E00099858",12,6,6
"E00099859",6,4,2
"E00099860",5,5,0
"E00099861",8,5,3
"E00099862",10,4,6
"E00099863",1,0,1
"E00099864",13,6,7
"E00099865",1,0,1
"E00099866",6,2,4
"E00099867",2,0,2
"E00099868",0,0,0
"E00099869",8,4,4
"E00099870",4,1,3
"E00099871",3,3,0
"E00099872",4,3,1
"E00099873",0,0,0
"E00099874",2,0,2
"E00099875",1,0,1
"E00099876",3,1,2
"E00099877",3,3,0
"E00099878",5,2,3
"E00099879",4,4,0
"E00099880",1,1,0
"E00099881",4,1,3
"E00099882",1,0,1
"E00099883",3,2,1
"E00099884",0,0,0
"E00099885",1,1,0
"E00099886",4,4,0
"E00099887",1,0,1
"E00099888",1,0,1
"E00099889",1,1,0
"E00099890",1,0,1
"E00099891",2,1,1
"E00099892",2,1,1
"E00099893",3,1,2
"E00099894",2,0,2
"E00099895",1,1,0
"E00099896",8,2,6
"E00099897",5,2,3
"E00099898",2,1,1
"E00099899",2,1,1
"E00099900",1,0,1
"E00099901",3,1,2
"E00099902",1,1,0
"E00099903",1,0,1
"E00099904",0,0,0
"E00099905",2,1,1
"E00099906",4,1,3
"E00099907",4,3,1
"E00099908",4,2,2
"E00099909",8,5,3
"E00099910",5,0,5
"E00099911",3,2,1
"E00099912",9,7,2
"E00099913",0,0,0
"E00099914",0,0,0
"E00099915",5,3,2
"E00099916",4,2,2
"E00099917",9,6,3
"E00099918",4,1,3
"E00099919",9,3,6
"E00099920",21,9,12
"E00099921",2,1,1
"E00099922",4,1,3
"E00099923",4,1,3
"E00099925",2,0,2
"E00099926",4,2,2
"E00099927",2,0,2
"E00099928",3,1,2
"E00099929",7,4,3
"E00099930",9,5,4
"E00099931",7,2,5
"E00099932",4,3,1
"E00099933",7,5,2
"E00099934",1,1,0
"E00099935",2,1,1
"E00099936",4,2,2
"E00099937",6,4,2
"E00099938",1,0,1
"E00099939",1,0,1
"E00099940",3,3,0
"E00099941",3,2,1
"E00099942",1,1,0
"E00099943",2,2,0
"E00099944",1,0,1
"E00099945",4,0,4
"E00099946",2,2,0
"E00099947",11,5,6
"E00099948",10,6,4
"E00099949",4,2,2
"E00099950",4,2,2
"E00099951",7,1,6
"E00099952",8,4,4
"E00099953",5,2,3
"E00099954",2,2,0
"E00099955",8,5,3
"E00099956",6,4,2
"E00099957",4,2,2
"E00099958",2,1,1
"E00099959",5,4,1
"E00099960",4,1,3
"E00099961",11,5,6
"E00099962",7,3,4
"E00099963",5,2,3
"E00099964",2,1,1
"E00099965",9,6,3
"E00099966",7,4,3
"E00099967",9,7,2
"E00099968",2,0,2
"E00099969",10,3,7
"E00099970",8,5,3
"E00099971",3,1,2
"E00099972",2,1,1
"E00099973",1,1,0
"E00099974",0,0,0
"E00099975",0,0,0
"E00099976",3,0,3
"E00099977",0,0,0
"E00099978",0,0,0
"E00099979",3,1,2
"E00099980",4,3,1
"E00099981",5,3,2
"E00099982",1,0,1
"E00099983",7,6,1
"E00099984",3,0,3
"E00099985",10,4,6
"E00099986",10,5,5
"E00099987",7,4,3
"E00099988",12,7,5
"E00099989",0,0,0
"E00099990",6,1,5
"E00099991",1,0,1
"E00099992",8,0,8
"E00099993",6,3,3
"E00099994",5,3,2
"E00099995",3,2,1
"E00099996",2,1,1
"E00099997",4,2,2
"E00099998",2,0,2
"E00099999",10,5,5
"E00100000",8,3,5
"E00100001",6,5,1
"E00100002",1,1,0
"E00100003",8,3,5
"E00100004",8,2,6
"E00100005",9,8,1
"E00100006",4,1,3
"E00100007",7,4,3
"E00100008",0,0,0
"E00100009",1,0,1
"E00100010",7,3,4
"E00100011",0,0,0
"E00100012",0,0,0
"E00100013",8,5,3
"E00100014",9,4,5
"E00100015",7,3,4
"E00100016",1,1,0
"E00100017",1,0,1
"E00100018",1,0,1
"E00100019",0,0,0
"E00100020",0,0,0
"E00100021",1,1,0
"E00100022",1,0,1
"E00100023",0,0,0
"E00100024",1,1,0
"E00100025",6,3,3
"E00100026",5,1,4
"E00100027",6,6,0
"E00100028",5,3,2
"E00100029",10,5,5
"E00100030",6,3,3
"E00100031",12,7,5
"E00100032",1,1,0
"E00100033",2,2,0
"E00100034",7,6,1
"E00100035",4,4,0
"E00100036",1,1,0
"E00100037",4,2,2
"E00100038",7,5,2
"E00100039",7,2,5
"E00100040",9,5,4
"E00100041",5,3,2
"E00100042",6,3,3
"E00100043",4,3,1
"E00100044",1,1,0
"E00100045",8,4,4
"E00100046",2,1,1
"E00100047",0,0,0
"E00100048",7,2,5
"E00100049",12,4,8
"E00100050",20,10,10
"E00100051",3,1,2
"E00100052",0,0,0
"E00100054",0,0,0
"E00100055",4,3,1
"E00100056",2,0,2
"E00100057",3,2,1
"E00100058",3,2,1
"E00100059",6,3,3
"E00100060",2,2,0
"E00100061",4,2,2
"E00100062",3,2,1
"E00100063",3,2,1
"E00100064",0,0,0
"E00100065",3,2,1
"E00100066",0,0,0
"E00100067",3,0,3
"E00100068",0,0,0
"E00100069",0,0,0
"E00100070",0,0,0
"E00100071",0,0,0
"E00100072",5,3,2
"E00100073",1,0,1
"E00100074",0,0,0
"E00100075",2,0,2
"E00100076",4,1,3
"E00100077",1,1,0
"E00100078",2,1,1
"E00100079",1,1,0
"E00100080",3,2,1
"E00100081",3,2,1
"E00100082",1,0,1
"E00100083",1,1,0
"E00100084",5,2,3
"E00100085",0,0,0
"E00100086",4,1,3
"E00100087",4,2,2
"E00100088",1,1,0
"E00100089",1,0,1
"E00100090",0,0,0
"E00100091",9,6,3
"E00100092",3,1,2
"E00100093",1,1,0
"E00100094",0,0,0
"E00100095",11,2,9
"E00100096",4,1,3
"E00100097",6,6,0
"E00100098",3,2,1
"E00100099",4,2,2
"E00100100",1,0,1
"E00100101",5,3,2
"E00100102",0,0,0
"E00100103",4,1,3
"E00100104",3,1,2
"E00100105",3,2,1
"E00100106",2,1,1
"E00100107",0,0,0
"E00100108",1,0,1
"E00100109",4,2,2
"E00100110",5,4,1
"E00100111",1,0,1
"E00100112",7,3,4
"E00100113",2,1,1
"E00100114",5,2,3
"E00100115",5,2,3
"E00100116",2,0,2
"E00100117",6,3,3
"E00100118",0,0,0
"E00100119",4,3,1
"E00100120",3,1,2
"E00100121",7,2,5
"E00100122",7,5,2
"E00100123",0,0,0
"E00100124",2,1,1
"E00100125",2,0,2
"E00100126",4,1,3
"E00100127",6,1,5
"E00100128",0,0,0
"E00100129",1,0,1
"E00100130",2,1,1
"E00100131",10,6,4
"E00100132",4,1,3
"E00100133",2,0,2
"E00100134",3,2,1
"E00100135",1,0,1
"E00100136",8,4,4
"E00100137",1,0,1
"E00100138",3,3,0
"E00100139",6,4,2
"E00100140",2,1,1
"E00100141",6,4,2
"E00100142",3,2,1
"E00100143",0,0,0
"E00100144",4,2,2
"E00100145",0,0,0
"E00100146",0,0,0
"E00100147",2,0,2
"E00100148",0,0,0
"E00100149",1,0,1
"E00100150",0,0,0
"E00100152",2,0,2
"E00100153",4,2,2
"E00100154",2,1,1
"E00100155",4,3,1
"E00100156",2,1,1
"E00100157",2,0,2
"E00100158",3,1,2
"E00100159",4,1,3
"E00100160",0,0,0
"E00100161",3,3,0
"E00100162",2,2,0
"E00100163",1,0,1
"E00100164",0,0,0
"E00100165",0,0,0
"E00100166",0,0,0
"E00100167",1,1,0
"E00100168",3,2,1
"E00100169",9,7,2
"E00100170",2,1,1
"E00100171",5,2,3
"E00100172",5,4,1
"E00100173",4,1,3
"E00100174",1,1,0
"E00100175",10,5,5
"E00100176",5,2,3
"E00100177",4,2,2
"E00100178",1,0,1
"E00100179",16,9,7
"E00100180",1,1,0
"E00100181",3,2,1
"E00100182",2,1,1
"E00100183",7,3,4
"E00100184",0,0,0
"E00100185",3,1,2
"E00100186",4,1,3
"E00100187",1,0,1
"E00100188",1,0,1
"E00100189",5,5,0
"E00100190",0,0,0
"E00100191",5,3,2
"E00100192",5,2,3
"E00100193",1,0,1
"E00100194",1,1,0
"E00100195",1,1,0
"E00100196",2,1,1
"E00100197",1,1,0
"E00100198",4,3,1
"E00100199",0,0,0
"E00100200",4,1,3
"E00100201",1,0,1
"E00100202",3,0,3
"E00100203",1,1,0
"E00100204",1,0,1
"E00100205",2,0,2
"E00100206",1,0,1
"E00100207",2,1,1
"E00100208",2,1,1
"E00100209",0,0,0
"E00100210",4,1,3
"E00100211",3,1,2
"E00100212",0,0,0
"E00100213",1,0,1
"E00100214",6,1,5
"E00100215",0,0,0
"E00100216",3,1,2
"E00100217",2,0,2
"E00100218",3,1,2
"E00100219",3,1,2
"E00100220",1,0,1
"E00100221",1,1,0
"E00100222",8,5,3
"E00100223",3,1,2
"E00100224",3,1,2
"E00100225",4,1,3
"E00100226",0,0,0
"E00100227",2,1,1
"E00100228",1,0,1
"E00100229",4,1,3
"E00100230",5,3,2
"E00100231",0,0,0
"E00100232",2,2,0
"E00100233",0,0,0
"E00100234",1,1,0
"E00100235",6,3,3
"E00100236",6,1,5
"E00100237",1,0,1
"E00100238",0,0,0
"E00100239",2,1,1
"E00100240",4,2,2
"E00100241",0,0,0
"E00100242",2,1,1
"E00100243",3,0,3
"E00100244",0,0,0
"E00100245",5,1,4
"E00100246",6,2,4
"E00100247",2,0,2
"E00100248",4,3,1
"E00100249",1,0,1
"E00100250",1,1,0
"E00100251",0,0,0
"E00100252",3,0,3
"E00100253",0,0,0
"E00100254",1,1,0
"E00100255",3,0,3
"E00100256",0,0,0
"E00100257",1,1,0
"E00100258",0,0,0
"E00100259",4,3,1
"E00100260",2,1,1
"E00100261",4,2,2
"E00100262",1,0,1
"E00100263",2,2,0
"E00100264",3,2,1
"E00100265",2,2,0
"E00100266",2,1,1
"E00100267",4,3,1
"E00100268",2,1,1
"E00100269",1,0,1
"E00100270",3,0,3
"E00100271",6,2,4
"E00100272",1,0,1
"E00100273",1,1,0
"E00100274",5,2,3
"E00100275",3,1,2
"E00100277",2,2,0
"E00100278",0,0,0
"E00100279",2,0,2
"E00100280",0,0,0
"E00100281",1,0,1
"E00100282",4,2,2
"E00100283",1,0,1
"E00100284",6,2,4
"E00100285",6,4,2
"E00100286",1,0,1
"E00100287",2,1,1
"E00100288",4,4,0
"E00100289",3,1,2
"E00100290",0,0,0
"E00100291",4,3,1
"E00100292",1,0,1
"E00100293",2,0,2
"E00100294",1,0,1
"E00100295",1,0,1
"E00100296",7,3,4
"E00100297",1,0,1
"E00100298",4,1,3
"E00100299",2,2,0
"E00100300",1,0,1
"E00100301",5,3,2
"E00100302",0,0,0
"E00100303",1,0,1
"E00100304",2,0,2
"E00100305",3,1,2
"E00100306",1,1,0
"E00100307",1,0,1
"E00100308",3,2,1
"E00100309",0,0,0
"E00100310",1,0,1
"E00100311",0,0,0
"E00100312",7,3,4
"E00100313",6,3,3
"E00100314",2,1,1
"E00100315",5,1,4
"E00100316",0,0,0
"E00100317",1,0,1
"E00100318",5,3,2
"E00100319",2,2,0
"E00100320",1,1,0
"E00100321",3,1,2
"E00100322",0,0,0
"E00100323",6,0,6
"E00100324",2,0,2
"E00100325",10,6,4
"E00100326",1,0,1
"E00100327",0,0,0
"E00100328",2,0,2
"E00100329",3,2,1
"E00100330",1,0,1
"E00100331",2,0,2
"E00100332",5,4,1
"E00100333",1,0,1
"E00100334",4,3,1
"E00100335",0,0,0
"E00100336",4,2,2
"E00100337",1,0,1
"E00100338",8,2,6
"E00100339",4,1,3
"E00100340",1,1,0
"E00100341",7,2,5
"E00100342",7,4,3
"E00100343",11,6,5
"E00100344",6,5,1
"E00100345",8,4,4
"E00100346",6,6,0
"E00100347",7,3,4
"E00100348",0,0,0
"E00100349",1,0,1
"E00100350",7,4,3
"E00100351",5,4,1
"E00100352",8,4,4
"E00100353",9,4,5
"E00100354",4,3,1
"E00100355",0,0,0
"E00100356",4,3,1
"E00100357",4,1,3
"E00100358",4,2,2
"E00100359",4,1,3
"E00100360",7,1,6
"E00100361",6,2,4
"E00100362",0,0,0
"E00100363",6,2,4
"E00100364",8,5,3
"E00100365",7,2,5
"E00100366",4,3,1
"E00100367",5,1,4
"E00100368",0,0,0
"E00100369",4,3,1
"E00100370",4,1,3
"E00100371",6,3,3
"E00100372",3,3,0
"E00100373",2,0,2
"E00100374",4,1,3
"E00100375",4,0,4
"E00100376",8,5,3
"E00100377",19,15,4
"E00100378",9,5,4
"E00100379",3,2,1
"E00100380",1,0,1
"E00100381",1,0,1
"E00100382",1,1,0
"E00100383",4,1,3
"E00100385",0,0,0
"E00100386",1,0,1
"E00100387",0,0,0
"E00100388",2,1,1
"E00100389",4,4,0
"E00100390",3,2,1
"E00100391",0,0,0
"E00100392",1,0,1
"E00100393",5,2,3
"E00100394",1,0,1
"E00100396",15,5,10
"E00100397",7,5,2
"E00100398",11,6,5
"E00100399",9,5,4
"E00100400",4,1,3
"E00100401",7,3,4
"E00100402",13,5,8
"E00100403",6,3,3
"E00100404",5,0,5
"E00100405",6,3,3
"E00100406",0,0,0
"E00100408",2,2,0
"E00100410",7,5,2
"E00100411",1,0,1
"E00100412",2,1,1
"E00100413",1,1,0
"E00100414",7,4,3
"E00100415",1,0,1
"E00100416",0,0,0
"E00100417",4,3,1
"E00100418",7,3,4
"E00100419",3,1,2
"E00100420",5,2,3
"E00100421",3,2,1
"E00100422",2,1,1
"E00100423",6,5,1
"E00100424",7,5,2
"E00100425",1,1,0
"E00100426",5,2,3
"E00100427",0,0,0
"E00100428",1,1,0
"E00100429",2,1,1
"E00100430",2,2,0
"E00100431",0,0,0
"E00100432",3,3,0
"E00100434",4,1,3
"E00100435",8,4,4
"E00100436",5,4,1
"E00100437",1,1,0
"E00100438",4,3,1
"E00100439",2,1,1
"E00100442",13,8,5
"E00100443",7,1,6
"E00100444",0,0,0
"E00100445",3,2,1
"E00100446",6,2,4
"E00100447",3,3,0
"E00100448",4,2,2
"E00100449",0,0,0
"E00100450",5,3,2
"E00100451",1,1,0
"E00100452",4,2,2
"E00100453",2,0,2
"E00100454",3,2,1
"E00100455",5,3,2
"E00100456",2,0,2
"E00100457",1,1,0
"E00100458",5,3,2
"E00100459",10,5,5
"E00100460",3,1,2
"E00100461",14,8,6
"E00100462",5,3,2
"E00100463",0,0,0
"E00100464",8,1,7
"E00100465",9,4,5
"E00100466",8,5,3
"E00100467",10,4,6
"E00100468",4,1,3
"E00100469",2,1,1
"E00100470",2,0,2
"E00100471",17,8,9
"E00100472",3,1,2
"E00100473",9,3,6
"E00100474",11,6,5
"E00100475",3,1,2
"E00100476",5,3,2
"E00100477",11,6,5
"E00100478",1,1,0
"E00100479",6,3,3
"E00100480",5,2,3
"E00100481",4,4,0
"E00100482",5,0,5
"E00100483",7,3,4
"E00100484",3,3,0
"E00100485",3,1,2
"E00100486",2,1,1
"E00100487",1,0,1
"E00100488",2,2,0
"E00100489",1,0,1
"E00100490",0,0,0
"E00100491",1,1,0
"E00100492",0,0,0
"E00100493",0,0,0
"E00100494",1,0,1
"E00100495",3,1,2
"E00100496",2,1,1
"E00100497",6,3,3
"E00100498",2,0,2
"E00100499",2,0,2
"E00100500",5,3,2
"E00100501",3,1,2
"E00100502",1,0,1
"E00100503",1,0,1
"E00100504",1,1,0
"E00100505",4,1,3
"E00100506",1,1,0
"E00100507",0,0,0
"E00100508",3,0,3
"E00100509",0,0,0
"E00100510",0,0,0
"E00100511",0,0,0
"E00100512",5,3,2
"E00100513",1,0,1
"E00100514",2,2,0
"E00100515",1,0,1
"E00100516",4,1,3
"E00100517",1,1,0
"E00100518",3,1,2
"E00100519",1,1,0
"E00100520",0,0,0
"E00100521",1,1,0
"E00100522",7,5,2
"E00100523",8,5,3
"E00100524",4,3,1
"E00100525",3,1,2
"E00100526",7,2,5
"E00100527",2,1,1
"E00100528",7,3,4
"E00100529",4,2,2
"E00100530",10,6,4
"E00100531",5,3,2
"E00100532",2,1,1
"E00100533",6,1,5
"E00100534",7,4,3
"E00100535",11,4,7
"E00100537",5,3,2
"E00100538",7,5,2
"E00100539",8,4,4
"E00100540",4,1,3
"E00100541",8,4,4
"E00100542",9,2,7
"E00100543",4,2,2
"E00100544",6,2,4
"E00100545",1,0,1
"E00100546",5,5,0
"E00100547",0,0,0
"E00100548",0,0,0
"E00100549",6,5,1
"E00100550",2,1,1
"E00100551",1,1,0
"E00100552",2,1,1
"E00100553",6,3,3
"E00100554",1,0,1
"E00100555",1,0,1
"E00100556",0,0,0
"E00100557",1,0,1
"E00100558",0,0,0
"E00100559",3,1,2
"E00100560",3,1,2
"E00100561",4,1,3
"E00100562",3,0,3
"E00100563",0,0,0
"E00100564",1,1,0
"E00100565",5,3,2
"E00100566",0,0,0
"E00100567",3,3,0
"E00100568",1,1,0
"E00100569",7,4,3
"E00100570",2,2,0
"E00100571",1,1,0
"E00100572",7,1,6
"E00100573",9,2,7
"E00100574",2,0,2
"E00100575",2,2,0
"E00100576",11,4,7
"E00100577",3,2,1
"E00100578",7,2,5
"E00100579",6,3,3
"E00100580",2,1,1
"E00100581",1,0,1
"E00100582",2,1,1
"E00100583",2,0,2
"E00100584",8,6,2
"E00100585",1,0,1
"E00100586",1,0,1
"E00100587",0,0,0
"E00100588",2,1,1
"E00100589",0,0,0
"E00100590",4,3,1
"E00100591",3,1,2
"E00100592",2,0,2
"E00100593",2,1,1
"E00100594",0,0,0
"E00100595",1,0,1
"E00100596",1,0,1
"E00100597",5,4,1
"E00100598",6,2,4
"E00100599",10,5,5
"E00100600",4,2,2
"E00100601",5,2,3
"E00100602",0,0,0
"E00100603",3,1,2
"E00100604",12,6,6
"E00100605",2,2,0
"E00100606",6,3,3
"E00100607",1,1,0
"E00100608",3,3,0
"E00100609",6,0,6
"E00100610",1,0,1
"E00100611",8,4,4
"E00100612",1,0,1
"E00100613",6,2,4
"E00100614",9,4,5
"E00100616",0,0,0
"E00100617",0,0,0
"E00100618",3,1,2
"E00100619",2,0,2
"E00100620",4,2,2
"E00100621",3,1,2
"E00100622",4,2,2
"E00100623",0,0,0
"E00100624",0,0,0
"E00100625",4,2,2
"E00100626",2,2,0
"E00100628",1,0,1
"E00100629",7,2,5
"E00100630",8,5,3
"E00100631",4,1,3
"E00100632",8,5,3
"E00100633",1,1,0
"E00100634",6,1,5
"E00100635",2,2,0
"E00100636",3,1,2
"E00100637",1,1,0
"E00100638",3,2,1
"E00100639",5,2,3
"E00100640",0,0,0
"E00100641",2,0,2
"E00100642",0,0,0
"E00100643",3,2,1
"E00100644",0,0,0
"E00100645",3,2,1
"E00100646",0,0,0
"E00100647",3,2,1
"E00100648",3,0,3
"E00100649",0,0,0
"E00100650",3,1,2
"E00100651",1,1,0
"E00100652",5,4,1
"E00100653",5,4,1
"E00100654",3,0,3
"E00100655",8,2,6
"E00100656",4,2,2
"E00100657",2,1,1
"E00100658",5,2,3
"E00100659",2,1,1
"E00100660",10,2,8
"E00100661",6,4,2
"E00100662",9,5,4
"E00100663",9,2,7
"E00100664",11,9,2
"E00100665",9,4,5
"E00100666",1,0,1
"E00100667",8,1,7
"E00100668",3,2,1
"E00100669",1,0,1
"E00100670",3,1,2
"E00100671",9,3,6
"E00100672",12,6,6
"E00100673",3,2,1
"E00100674",6,2,4
"E00100675",3,2,1
"E00100676",6,2,4
"E00100677",2,1,1
"E00100678",2,0,2
"E00100679",4,4,0
"E00100680",2,0,2
"E00100681",6,1,5
"E00100682",3,2,1
"E00100683",6,3,3
"E00100684",3,0,3
"E00100685",0,0,0
"E00100686",0,0,0
"E00100687",4,1,3
"E00100688",2,0,2
"E00100689",2,0,2
"E00100690",4,2,2
"E00100691",1,0,1
"E00100692",7,3,4
"E00100693",6,2,4
"E00100694",2,0,2
"E00100695",5,4,1
"E00100696",1,1,0
"E00100697",2,1,1
"E00100698",1,1,0
"E00100699",12,9,3
"E00100700",3,3,0
"E00100701",10,5,5
"E00100702",12,7,5
"E00100703",6,4,2
"E00100704",0,0,0
"E00100705",1,1,0
"E00100706",5,2,3
"E00100707",3,2,1
"E00100708",6,1,5
"E00100709",6,3,3
"E00100710",5,2,3
"E00100711",15,6,9
"E00100712",2,1,1
"E00100713",5,1,4
"E00100714",7,2,5
"E00100715",8,4,4
"E00100716",4,2,2
"E00100717",4,3,1
"E00100718",8,4,4
"E00100719",9,5,4
"E00100720",11,3,8
"E00100721",3,1,2
"E00100722",6,3,3
"E00100723",7,5,2
"E00100724",1,1,0
"E00100725",3,1,2
"E00100726",0,0,0
"E00100727",1,0,1
"E00100728",1,1,0
"E00100729",4,2,2
"E00100730",5,4,1
"E00100731",4,1,3
"E00100732",12,8,4
"E00100733",6,1,5
"E00100734",4,1,3
"E00100735",7,3,4
"E00100736",1,0,1
"E00100737",5,3,2
"E00100738",0,0,0
"E00100739",4,2,2
"E00100740",7,1,6
"E00100741",4,2,2
"E00100742",5,1,4
"E00100743",3,2,1
"E00100745",0,0,0
"E00100746",5,3,2
"E00100747",6,1,5
"E00100748",3,2,1
"E00100749",1,0,1
"E00100750",5,4,1
"E00100751",1,1,0
"E00100752",7,4,3
"E00100753",2,1,1
"E00100754",6,3,3
"E00100755",0,0,0
"E00100756",1,0,1
"E00100757",5,1,4
"E00100758",6,5,1
"E00100759",1,0,1
"E00100760",2,1,1
"E00100761",5,2,3
"E00100762",3,1,2
"E00100763",0,0,0
"E00100764",6,3,3
"E00100765",7,3,4
"E00100766",0,0,0
"E00100767",6,1,5
"E00100768",8,6,2
"E00100769",11,5,6
"E00100770",3,0,3
"E00100771",5,3,2
"E00100772",9,6,3
"E00100773",4,3,1
"E00100774",0,0,0
"E00100775",6,3,3
"E00100776",1,0,1
"E00100777",4,3,1
"E00100778",1,1,0
"E00100779",12,4,8
"E00100780",0,0,0
"E00100781",2,0,2
"E00100782",3,0,3
"E00100783",1,1,0
"E00100784",6,3,3
"E00100785",4,4,0
"E00100786",3,2,1
"E00100787",2,0,2
"E00100788",1,1,0
"E00100789",1,0,1
"E00100790",7,2,5
"E00100791",3,3,0
"E00100792",0,0,0
"E00100793",1,0,1
"E00100794",4,0,4
"E00100795",1,1,0
"E00100796",4,3,1
"E00100797",4,1,3
"E00100798",0,0,0
"E00100799",6,4,2
"E00100800",4,2,2
"E00100801",6,4,2
"E00100802",7,3,4
"E00100803",5,4,1
"E00100804",5,1,4
"E00100805",5,2,3
"E00100806",0,0,0
"E00100807",1,0,1
"E00100808",1,0,1
"E00100809",8,4,4
"E00100810",3,0,3
"E00100811",1,0,1
"E00100812",0,0,0
"E00100813",2,2,0
"E00100814",4,1,3
"E00100815",2,2,0
"E00100816",4,3,1
"E00100817",2,1,1
"E00100818",4,3,1
"E00100819",1,0,1
"E00100820",3,2,1
"E00100821",4,3,1
"E00100822",0,0,0
"E00100823",0,0,0
"E00100824",1,1,0
"E00100825",0,0,0
"E00100826",5,3,2
"E00100827",6,1,5
"E00100828",0,0,0
"E00100829",0,0,0
"E00100830",3,1,2
"E00100831",3,1,2
"E00100832",3,2,1
"E00100833",0,0,0
"E00100834",3,1,2
"E00100835",1,0,1
"E00100836",6,1,5
"E00100837",4,2,2
"E00100838",2,0,2
"E00100839",0,0,0
"E00100840",1,1,0
"E00100841",1,0,1
"E00100842",2,1,1
"E00100843",2,1,1
"E00100844",6,1,5
"E00100845",4,2,2
"E00100846",11,7,4
"E00100847",1,1,0
"E00100848",1,1,0
"E00100849",2,2,0
"E00100850",1,1,0
"E00100851",1,1,0
"E00100852",0,0,0
"E00100853",5,1,4
"E00100854",6,4,2
"E00100855",7,3,4
"E00100856",1,0,1
"E00100857",9,6,3
"E00100858",2,1,1
"E00100859",3,1,2
"E00100860",0,0,0
"E00100861",2,0,2
"E00100862",2,1,1
"E00100863",5,2,3
"E00100864",1,1,0
"E00100865",3,2,1
"E00100866",1,0,1
"E00100867",1,1,0
"E00100868",6,1,5
"E00100869",2,1,1
"E00100870",4,3,1
"E00100871",0,0,0
"E00100872",3,3,0
"E00100873",0,0,0
"E00100874",3,2,1
"E00100875",9,3,6
"E00100876",1,0,1
"E00100877",4,2,2
"E00100878",4,1,3
"E00100879",4,2,2
"E00100880",3,1,2
"E00100881",2,1,1
"E00100882",5,3,2
"E00100883",2,1,1
"E00100884",6,3,3
"E00100885",5,2,3
"E00100886",4,3,1
"E00100887",8,6,2
"E00100888",6,4,2
"E00100889",4,2,2
"E00100890",1,1,0
"E00100891",2,2,0
"E00100892",1,1,0
"E00100893",5,3,2
"E00100894",1,1,0
"E00100895",5,4,1
"E00100896",4,2,2
"E00100897",1,0,1
"E00100898",6,2,4
"E00100899",5,3,2
"E00100900",3,2,1
"E00100901",3,2,1
"E00100902",6,5,1
"E00100903",1,1,0
"E00100904",7,3,4
"E00100905",5,2,3
"E00100906",1,1,0
"E00100907",12,6,6
"E00100908",3,1,2
"E00100909",7,5,2
"E00100910",8,4,4
"E00100911",7,4,3
"E00100912",1,1,0
"E00100913",2,2,0
"E00100914",8,1,7
"E00100915",0,0,0
"E00100916",7,4,3
"E00100917",1,1,0
"E00100918",5,2,3
"E00100919",12,5,7
"E00100920",5,2,3
"E00100921",5,2,3
"E00100922",4,4,0
"E00100923",5,1,4
"E00100924",7,4,3
"E00100925",13,6,7
"E00100926",8,4,4
"E00100927",9,3,6
"E00100928",2,2,0
"E00100929",7,4,3
"E00100930",6,3,3
"E00100931",11,4,7
"E00100932",9,0,9
"E00100933",13,6,7
"E00100934",16,10,6
"E00100935",5,4,1
"E00100936",2,0,2
"E00100937",4,3,1
"E00100938",6,3,3
"E00100939",3,2,1
"E00100940",6,4,2
"E00100941",3,2,1
"E00100942",4,1,3
"E00100943",1,0,1
"E00100944",1,0,1
"E00100945",8,3,5
"E00100946",6,1,5
"E00100947",4,2,2
"E00100948",5,3,2
"E00100949",12,5,7
"E00100950",96,58,38
"E00100951",3,2,1
"E00100952",7,4,3
"E00100953",6,3,3
"E00100954",10,6,4
"E00100955",4,3,1
"E00100956",2,2,0
"E00100957",3,2,1
"E00100958",1,1,0
"E00100959",1,0,1
"E00100960",1,0,1
"E00100961",2,1,1
"E00100962",1,1,0
"E00100963",0,0,0
"E00100964",5,2,3
"E00100965",2,2,0
"E00100966",2,2,0
"E00100967",2,1,1
"E00100968",2,1,1
"E00100969",1,1,0
"E00100970",3,2,1
"E00100971",3,0,3
"E00100972",2,1,1
"E00100973",2,1,1
"E00100974",5,4,1
"E00100975",3,1,2
"E00100976",0,0,0
"E00100977",4,1,3
"E00100978",6,2,4
"E00100979",5,4,1
"E00100980",4,0,4
"E00100981",5,2,3
"E00100982",4,4,0
"E00100983",3,1,2
"E00100984",6,4,2
"E00100985",6,2,4
"E00100986",5,2,3
"E00100987",8,5,3
"E00100988",3,2,1
"E00100989",5,1,4
"E00100990",0,0,0
"E00100991",6,5,1
"E00100992",4,1,3
"E00100993",5,1,4
"E00100994",3,1,2
"E00100995",3,1,2
"E00100996",0,0,0
"E00100997",2,1,1
"E00100998",7,2,5
"E00100999",5,2,3
"E00101000",6,2,4
"E00101001",1,0,1
"E00101002",2,2,0
"E00101003",1,1,0
"E00101004",2,1,1
"E00101005",4,2,2
"E00101006",0,0,0
"E00101007",4,0,4
"E00101008",1,1,0
"E00101009",3,0,3
"E00101010",9,5,4
"E00101011",4,4,0
"E00101012",4,2,2
"E00101013",5,2,3
"E00101014",4,0,4
"E00101015",5,2,3
"E00101016",9,7,2
"E00101017",7,4,3
"E00101018",1,0,1
"E00101019",1,0,1
"E00101020",1,1,0
"E00101021",5,1,4
"E00101022",8,4,4
"E00101023",7,3,4
"E00101024",4,2,2
"E00101025",0,0,0
"E00101026",4,2,2
"E00101027",3,1,2
"E00101028",2,0,2
"E00101029",1,0,1
"E00101030",5,2,3
"E00101031",6,4,2
"E00101032",9,4,5
"E00101033",4,3,1
"E00101034",10,4,6
"E00101035",6,3,3
"E00101036",12,7,5
"E00101037",6,3,3
"E00101038",3,1,2
"E00101039",2,1,1
"E00101040",10,2,8
"E00101041",5,3,2
"E00101042",9,3,6
"E00101043",9,6,3
"E00101044",11,8,3
"E00101045",10,3,7
"E00101046",6,2,4
"E00101047",5,3,2
"E00101048",4,4,0
"E00101049",9,5,4
"E00101050",4,2,2
"E00101051",0,0,0
"E00101052",11,4,7
"E00101053",11,7,4
"E00101054",9,3,6
"E00101055",5,0,5
"E00101056",8,6,2
"E00101057",9,3,6
"E00101058",10,3,7
"E00101059",12,6,6
"E00101060",5,3,2
"E00101061",8,6,2
"E00101062",11,3,8
"E00101063",8,3,5
"E00101064",12,8,4
"E00101065",5,1,4
"E00101067",6,2,4
"E00101068",2,1,1
"E00101069",9,3,6
"E00101070",5,2,3
"E00101071",2,1,1
"E00101072",4,1,3
"E00101073",6,0,6
"E00101074",2,1,1
"E00101075",8,3,5
"E00101076",0,0,0
"E00101077",4,1,3
"E00101078",2,1,1
"E00101079",3,3,0
"E00101080",4,4,0
"E00101081",5,2,3
"E00101082",1,1,0
"E00101083",2,2,0
"E00101084",3,1,2
"E00101085",4,1,3
"E00101086",2,2,0
"E00101087",3,3,0
"E00101088",0,0,0
"E00101089",1,1,0
"E00101090",2,1,1
"E00101091",0,0,0
"E00101092",5,3,2
"E00101093",6,4,2
"E00101094",2,2,0
"E00101095",1,1,0
"E00101096",1,1,0
"E00101097",0,0,0
"E00101098",0,0,0
"E00101099",1,1,0
"E00101100",2,1,1
"E00101101",2,1,1
"E00101102",1,0,1
"E00101103",2,1,1
"E00101104",4,3,1
"E00101105",1,0,1
"E00101106",0,0,0
"E00101107",5,2,3
"E00101108",1,1,0
"E00101109",1,0,1
"E00101110",7,4,3
"E00101111",3,1,2
"E00101112",3,2,1
"E00101113",2,1,1
"E00101114",3,2,1
"E00101115",2,0,2
"E00101116",1,0,1
"E00101117",0,0,0
"E00101118",0,0,0
"E00101119",1,0,1
"E00101120",6,2,4
"E00101121",7,3,4
"E00101122",1,1,0
"E00101123",2,0,2
"E00101124",20,12,8
"E00101125",2,1,1
"E00101126",5,3,2
"E00101127",1,0,1
"E00101129",1,1,0
"E00101130",2,1,1
"E00101131",16,8,8
"E00101132",8,1,7
"E00101133",1,1,0
"E00101134",1,1,0
"E00101135",1,1,0
"E00101136",4,2,2
"E00101137",1,0,1
"E00101138",0,0,0
"E00101139",1,1,0
"E00101140",3,3,0
"E00101141",0,0,0
"E00101142",4,0,4
"E00101143",4,2,2
"E00101144",1,0,1
"E00101145",3,2,1
"E00101146",6,2,4
"E00101147",3,2,1
"E00101148",4,3,1
"E00101149",0,0,0
"E00101150",7,3,4
"E00101151",5,2,3
"E00101152",0,0,0
"E00101153",6,4,2
"E00101154",2,0,2
"E00101155",3,1,2
"E00101156",0,0,0
"E00101157",2,0,2
"E00101158",4,1,3
"E00101159",0,0,0
"E00101160",0,0,0
"E00101161",3,2,1
"E00101162",2,1,1
"E00101163",3,1,2
"E00101164",6,5,1
"E00101165",3,0,3
"E00101166",0,0,0
"E00101167",4,3,1
"E00101168",0,0,0
"E00101169",4,4,0
"E00101170",3,2,1
"E00101171",6,5,1
"E00101172",5,3,2
"E00101173",0,0,0
"E00101174",6,4,2
"E00101175",4,1,3
"E00101176",3,1,2
"E00101177",3,3,0
"E00101178",1,0,1
"E00101179",1,1,0
"E00101180",11,6,5
"E00101181",3,2,1
"E00101182",1,1,0
"E00101183",3,3,0
"E00101184",0,0,0
"E00101185",3,1,2
"E00101186",3,2,1
"E00101187",2,2,0
"E00101188",0,0,0
"E00101189",2,2,0
"E00101190",2,1,1
"E00101191",2,1,1
"E00101192",3,2,1
"E00101193",4,2,2
"E00101194",2,0,2
"E00101195",2,2,0
"E00101196",2,1,1
"E00101197",1,1,0
"E00101198",3,1,2
"E00101199",0,0,0
"E00101200",10,3,7
"E00101201",9,4,5
"E00101202",1,0,1
"E00101203",2,1,1
"E00101204",0,0,0
"E00101205",2,1,1
"E00101206",1,0,1
"E00101207",11,5,6
"E00101208",0,0,0
"E00101209",4,1,3
"E00101210",1,1,0
"E00101211",0,0,0
"E00101212",9,4,5
"E00101213",1,0,1
"E00101214",1,1,0
"E00101215",9,4,5
"E00101216",3,0,3
"E00101217",0,0,0
"E00101218",0,0,0
"E00101219",5,2,3
"E00101220",8,5,3
"E00101221",1,1,0
"E00101222",1,1,0
"E00101223",0,0,0
"E00101224",13,8,5
"E00101225",2,2,0
"E00101226",5,1,4
"E00101227",4,1,3
"E00101228",4,1,3
"E00101229",1,0,1
"E00101230",0,0,0
"E00101231",9,5,4
"E00101232",5,4,1
"E00101233",3,2,1
"E00101234",8,3,5
"E00101235",1,1,0
"E00101236",2,1,1
"E00101237",8,3,5
"E00101238",5,3,2
"E00101239",7,6,1
"E00101240",3,2,1
"E00101241",6,5,1
"E00101242",2,2,0
"E00101243",2,2,0
"E00101244",1,0,1
"E00101245",2,0,2
"E00101246",2,1,1
"E00101247",2,0,2
"E00101248",5,3,2
"E00101249",2,1,1
"E00101250",2,0,2
"E00101251",2,0,2
"E00101252",3,0,3
"E00101253",2,0,2
"E00101254",4,1,3
"E00101255",3,1,2
"E00101256",1,0,1
"E00101257",2,1,1
"E00101258",0,0,0
"E00101259",3,1,2
"E00101260",3,0,3
"E00101261",3,2,1
"E00101262",3,1,2
"E00101263",4,2,2
"E00101264",3,1,2
"E00101265",8,4,4
"E00101266",3,0,3
"E00101267",4,1,3
"E00101268",9,5,4
"E00101269",7,4,3
"E00101270",1,1,0
"E00101271",1,1,0
"E00101273",2,1,1
"E00101274",6,1,5
"E00101275",6,2,4
"E00101276",11,4,7
"E00101277",5,2,3
"E00101278",0,0,0
"E00101279",7,4,3
"E00101280",0,0,0
"E00101281",3,2,1
"E00101282",1,1,0
"E00101283",3,1,2
"E00101285",1,1,0
"E00101286",1,0,1
"E00101287",0,0,0
"E00101288",1,0,1
"E00101289",8,5,3
"E00101290",1,0,1
"E00101291",2,2,0
"E00101292",1,0,1
"E00101293",1,0,1
"E00101294",3,1,2
"E00101295",1,1,0
"E00101296",0,0,0
"E00101297",1,1,0
"E00101298",4,3,1
"E00101299",10,4,6
"E00101300",4,2,2
"E00101301",2,1,1
"E00101302",2,1,1
"E00101303",2,2,0
"E00101304",3,2,1
"E00101305",1,1,0
"E00101306",2,1,1
"E00101307",0,0,0
"E00101308",1,0,1
"E00101309",0,0,0
"E00101310",0,0,0
"E00101313",0,0,0
"E00101314",0,0,0
"E00101315",1,0,1
"E00101316",0,0,0
"E00101317",0,0,0
"E00101318",0,0,0
"E00101319",0,0,0
"E00101320",3,1,2
"E00101321",0,0,0
"E00101322",1,0,1
"E00101323",5,2,3
"E00101325",2,0,2
"E00101326",5,1,4
"E00101327",11,3,8
"E00101328",1,1,0
"E00101329",13,8,5
"E00101330",5,2,3
"E00101331",2,1,1
"E00101332",7,2,5
"E00101333",5,1,4
"E00101334",1,0,1
"E00101335",9,4,5
"E00101336",5,2,3
"E00101337",8,5,3
"E00101338",7,4,3
"E00101339",0,0,0
"E00101340",0,0,0
"E00101341",5,3,2
"E00101342",5,3,2
"E00101343",11,5,6
"E00101344",0,0,0
"E00101345",3,2,1
"E00101346",11,7,4
"E00101347",8,5,3
"E00101348",12,7,5
"E00101349",0,0,0
"E00101350",2,2,0
"E00101351",5,1,4
"E00101352",8,3,5
"E00101353",2,0,2
"E00101355",0,0,0
"E00101356",3,2,1
"E00101357",9,6,3
"E00101358",17,9,8
"E00101359",11,6,5
"E00101360",9,3,6
"E00101361",3,0,3
"E00101362",3,1,2
"E00101363",8,3,5
"E00101364",1,1,0
"E00101365",0,0,0
"E00101366",6,3,3
"E00101367",3,1,2
"E00101368",4,1,3
"E00101369",1,0,1
"E00101370",4,0,4
"E00101373",2,0,2
"E00101374",5,2,3
"E00101375",1,1,0
"E00101376",6,3,3
"E00101377",0,0,0
"E00101378",2,1,1
"E00101379",14,5,9
"E00101380",1,1,0
"E00101381",9,4,5
"E00101382",3,2,1
"E00101383",5,2,3
"E00101384",2,1,1
"E00101385",1,1,0
"E00101386",4,2,2
"E00101387",6,3,3
"E00101388",6,3,3
"E00101389",7,2,5
"E00101390",2,1,1
"E00101391",2,2,0
"E00101392",1,0,1
"E00101393",3,1,2
"E00101394",6,2,4
"E00101395",4,1,3
"E00101396",5,3,2
"E00101397",0,0,0
"E00101398",3,0,3
"E00101399",3,1,2
"E00101400",3,3,0
"E00101401",6,3,3
"E00101402",3,2,1
"E00101403",0,0,0
"E00101404",1,0,1
"E00101405",3,2,1
"E00101406",1,1,0
"E00101407",5,3,2
"E00101408",0,0,0
"E00101409",4,3,1
"E00101410",5,3,2
"E00101411",10,5,5
"E00101412",7,3,4
"E00101413",1,0,1
"E00101414",3,1,2
"E00101415",2,1,1
"E00101416",3,0,3
"E00101417",3,2,1
"E00101418",7,4,3
"E00101419",3,1,2
"E00101420",2,1,1
"E00101421",1,0,1
"E00101422",2,0,2
"E00101423",11,7,4
"E00101424",6,3,3
"E00101425",1,0,1
"E00101426",1,0,1
"E00101427",11,8,3
"E00101428",1,1,0
"E00101429",7,2,5
"E00101430",2,2,0
"E00101431",5,4,1
"E00101432",0,0,0
"E00101433",0,0,0
"E00101434",0,0,0
"E00101435",0,0,0
"E00101436",0,0,0
"E00101437",6,4,2
"E00101438",5,3,2
"E00101439",4,2,2
"E00101440",3,1,2
"E00101441",4,2,2
"E00101442",2,2,0
"E00101443",2,1,1
"E00101444",2,2,0
"E00101445",2,1,1
"E00101446",3,2,1
"E00101447",0,0,0
"E00101448",10,8,2
"E00101449",0,0,0
"E00101450",2,2,0
"E00101451",0,0,0
"E00101452",0,0,0
"E00101453",0,0,0
"E00101454",11,6,5
"E00101455",1,0,1
"E00101456",1,0,1
"E00101457",2,1,1
"E00101458",2,1,1
"E00101459",6,3,3
"E00101460",2,1,1
"E00101461",6,1,5
"E00101462",3,2,1
"E00101463",2,1,1
"E00101464",8,4,4
"E00101465",5,4,1
"E00101466",6,3,3
"E00101467",2,1,1
"E00101468",6,3,3
"E00101469",5,4,1
"E00101470",0,0,0
"E00101471",3,2,1
"E00101472",2,1,1
"E00101473",8,5,3
"E00101474",5,4,1
"E00101475",2,1,1
"E00101476",3,2,1
"E00101477",3,0,3
"E00101478",6,3,3
"E00101479",6,3,3
"E00101480",4,2,2
"E00101481",0,0,0
"E00101482",11,7,4
"E00101483",7,4,3
"E00101484",5,3,2
"E00101485",6,4,2
"E00101486",3,1,2
"E00101487",5,4,1
"E00101488",4,4,0
"E00101489",12,6,6
"E00101491",4,2,2
"E00101492",5,1,4
"E00101493",7,2,5
"E00101494",4,3,1
"E00101495",1,0,1
"E00101496",0,0,0
"E00101497",2,1,1
"E00101498",3,0,3
"E00101499",11,7,4
"E00101500",6,4,2
"E00101501",5,3,2
"E00101502",1,0,1
"E00101503",6,3,3
"E00101504",3,1,2
"E00101505",7,5,2
"E00101506",5,2,3
"E00101507",11,6,5
"E00101508",2,2,0
"E00101509",8,3,5
"E00101510",3,2,1
"E00101511",5,3,2
"E00101512",5,3,2
"E00101513",3,2,1
"E00101514",2,1,1
"E00101515",2,1,1
"E00101516",0,0,0
"E00101517",8,5,3
"E00101518",1,1,0
"E00101519",2,2,0
"E00101520",17,9,8
"E00101521",6,2,4
"E00101522",3,0,3
"E00101523",2,1,1
"E00101524",2,0,2
"E00101525",3,3,0
"E00101526",6,3,3
"E00101527",1,0,1
"E00101528",8,5,3
"E00101529",4,2,2
"E00101530",1,1,0
"E00101531",5,3,2
"E00101532",4,2,2
"E00101533",4,1,3
"E00101534",3,1,2
"E00101535",6,4,2
"E00101536",0,0,0
"E00101537",3,2,1
"E00101538",1,0,1
"E00101539",10,6,4
"E00101540",2,2,0
"E00101541",3,2,1
"E00101542",8,5,3
"E00101543",0,0,0
"E00101544",8,3,5
"E00101545",5,1,4
"E00101546",10,4,6
"E00101547",1,0,1
"E00101548",2,1,1
"E00101549",1,0,1
"E00101550",7,4,3
"E00101551",4,1,3
"E00101552",1,0,1
"E00101553",1,1,0
"E00101554",6,3,3
"E00101555",1,0,1
"E00101556",3,1,2
"E00101557",1,0,1
"E00101558",3,1,2
"E00101559",1,1,0
"E00101560",8,4,4
"E00101561",12,9,3
"E00101562",7,5,2
"E00101563",6,4,2
"E00101564",13,4,9
"E00101565",21,12,9
"E00101566",2,2,0
"E00101567",4,1,3
"E00101568",2,1,1
"E00101569",5,3,2
"E00101570",6,1,5
"E00101571",3,2,1
"E00101572",1,0,1
"E00101573",4,1,3
"E00101574",4,2,2
"E00101575",2,1,1
"E00101576",3,2,1
"E00101577",3,0,3
"E00101578",0,0,0
"E00101579",0,0,0
"E00101580",2,0,2
"E00101581",7,3,4
"E00101582",1,1,0
"E00101583",5,2,3
"E00101584",1,0,1
"E00101585",10,4,6
"E00101586",0,0,0
"E00101587",0,0,0
"E00101588",6,4,2
"E00101589",4,2,2
"E00101590",0,0,0
"E00101592",9,2,7
"E00101593",6,2,4
"E00101594",5,1,4
"E00101595",10,5,5
"E00101596",3,1,2
"E00101597",2,2,0
"E00101598",1,1,0
"E00101599",2,2,0
"E00101600",5,2,3
"E00101601",2,0,2
"E00101602",0,0,0
"E00101604",1,0,1
"E00101605",2,1,1
"E00101606",7,3,4
"E00101608",6,3,3
"E00101610",6,3,3
"E00101611",8,3,5
"E00101612",10,6,4
"E00101613",17,7,10
"E00101614",0,0,0
"E00101615",1,0,1
"E00101616",3,3,0
"E00101617",1,1,0
"E00101618",6,5,1
"E00101619",0,0,0
"E00101620",2,1,1
"E00101621",11,7,4
"E00101622",9,7,2
"E00101623",9,5,4
"E00101624",1,1,0
"E00101625",5,3,2
"E00101626",7,4,3
"E00101627",0,0,0
"E00101628",1,1,0
"E00101629",13,6,7
"E00101630",2,1,1
"E00101631",4,3,1
"E00101632",7,0,7
"E00101633",7,2,5
"E00101634",3,0,3
"E00101635",1,0,1
"E00101636",13,6,7
"E00101637",0,0,0
"E00101638",2,0,2
"E00101639",5,2,3
"E00101640",1,1,0
"E00101641",6,4,2
"E00101642",1,0,1
"E00101643",4,2,2
"E00101644",10,6,4
"E00101645",8,3,5
"E00101646",5,2,3
"E00101647",1,1,0
"E00101648",5,3,2
"E00101649",6,2,4
"E00101650",4,3,1
"E00101651",9,3,6
"E00101652",7,3,4
"E00101653",12,5,7
"E00101654",3,2,1
"E00101655",8,3,5
"E00101656",1,1,0
"E00101657",7,4,3
"E00101658",8,3,5
"E00101659",3,2,1
"E00101660",14,10,4
"E00101661",5,3,2
"E00101662",3,3,0
"E00101663",5,2,3
"E00101664",7,3,4
"E00101665",9,5,4
"E00101666",14,5,9
"E00101667",8,6,2
"E00101668",5,2,3
"E00101669",2,1,1
"E00101670",2,1,1
"E00101671",1,1,0
"E00101672",1,0,1
"E00101673",2,2,0
"E00101674",0,0,0
"E00101675",1,1,0
"E00101676",0,0,0
"E00101677",3,0,3
"E00101678",1,0,1
"E00101679",3,3,0
"E00101680",1,0,1
"E00101681",0,0,0
"E00101682",1,0,1
"E00101683",1,0,1
"E00101684",14,3,11
"E00101685",7,2,5
"E00101686",8,2,6
"E00101687",13,7,6
"E00101688",6,3,3
"E00101689",3,0,3
"E00101690",3,2,1
"E00101692",6,2,4
"E00101693",3,3,0
"E00101694",2,1,1
"E00101695",1,1,0
"E00101696",4,0,4
"E00101697",3,3,0
"E00101698",6,2,4
"E00101699",7,4,3
"E00101700",2,1,1
"E00101701",1,0,1
"E00101702",5,3,2
"E00101703",0,0,0
"E00101704",6,3,3
"E00101705",6,3,3
"E00101706",2,2,0
"E00101707",0,0,0
"E00101708",3,2,1
"E00101709",7,2,5
"E00101710",5,2,3
"E00101711",0,0,0
"E00101712",6,3,3
"E00101713",1,0,1
"E00101714",6,2,4
"E00101715",1,0,1
"E00101716",8,5,3
"E00101717",4,2,2
"E00101718",8,2,6
"E00101719",9,7,2
"E00101720",4,2,2
"E00101721",4,3,1
"E00101722",15,7,8
"E00101723",5,1,4
"E00101724",1,1,0
"E00101725",3,1,2
"E00101726",6,4,2
"E00101727",5,3,2
"E00101728",11,6,5
"E00101729",12,7,5
"E00101730",0,0,0
"E00101731",2,1,1
"E00101732",5,2,3
"E00101733",10,6,4
"E00101734",4,1,3
"E00101735",2,1,1
"E00101736",7,5,2
"E00101737",11,5,6
"E00101738",1,1,0
"E00101739",1,1,0
"E00101740",5,1,4
"E00101741",2,0,2
"E00101742",8,3,5
"E00101743",4,1,3
"E00101744",6,2,4
"E00101745",6,3,3
"E00101746",3,1,2
"E00101747",1,0,1
"E00101748",6,5,1
"E00101749",4,3,1
"E00101750",2,0,2
"E00101751",1,1,0
"E00101752",1,0,1
"E00101753",1,0,1
"E00101754",0,0,0
"E00101755",8,3,5
"E00101756",0,0,0
"E00101757",1,0,1
"E00101758",1,0,1
"E00101759",4,1,3
"E00101760",2,0,2
"E00101761",3,2,1
"E00101762",3,3,0
"E00101763",2,0,2
"E00101764",2,1,1
"E00101765",0,0,0
"E00101766",4,1,3
"E00101767",0,0,0
"E00101768",4,1,3
"E00101769",5,3,2
"E00101770",4,2,2
"E00101771",4,2,2
"E00101772",2,0,2
"E00101773",8,2,6
"E00101774",5,1,4
"E00101775",4,0,4
"E00101776",12,6,6
"E00101777",1,0,1
"E00101778",3,1,2
"E00101779",9,4,5
"E00101780",1,0,1
"E00101781",7,5,2
"E00101782",5,3,2
"E00101783",8,3,5
"E00101784",9,7,2
"E00101785",5,1,4
"E00101786",5,1,4
"E00101787",6,3,3
"E00101788",7,5,2
"E00101789",1,0,1
"E00101790",1,1,0
"E00101791",2,2,0
"E00101792",6,2,4
"E00101793",4,3,1
"E00101794",1,0,1
"E00101795",4,3,1
"E00101796",1,1,0
"E00101797",1,1,0
"E00101798",11,6,5
"E00101800",0,0,0
"E00101801",2,1,1
"E00101802",0,0,0
"E00101803",3,1,2
"E00101804",1,1,0
"E00101805",0,0,0
"E00101806",1,1,0
"E00101807",2,1,1
"E00101808",3,1,2
"E00101809",6,3,3
"E00101810",7,1,6
"E00101811",3,1,2
"E00101812",4,1,3
"E00101813",3,2,1
"E00101814",4,3,1
"E00101815",5,2,3
"E00101816",0,0,0
"E00101817",6,3,3
"E00101818",4,1,3
"E00101819",4,1,3
"E00101820",3,1,2
"E00101821",2,0,2
"E00101822",5,1,4
"E00101823",4,2,2
"E00101824",8,6,2
"E00101825",6,2,4
"E00101826",7,3,4
"E00101827",4,1,3
"E00101828",12,8,4
"E00101829",4,1,3
"E00101830",2,1,1
"E00101831",0,0,0
"E00101832",3,1,2
"E00101833",3,1,2
"E00101834",7,4,3
"E00101835",5,3,2
"E00101836",3,1,2
"E00101837",11,6,5
"E00101838",5,0,5
"E00101839",15,6,9
"E00101841",7,4,3
"E00101842",5,2,3
"E00101843",2,2,0
"E00101844",3,1,2
"E00101845",0,0,0
"E00101846",2,1,1
"E00101847",1,1,0
"E00101848",3,0,3
"E00101849",4,2,2
"E00101850",2,1,1
"E00101851",3,1,2
"E00101852",4,1,3
"E00101853",1,0,1
"E00101854",2,1,1
"E00101855",2,0,2
"E00101856",0,0,0
"E00101857",3,1,2
"E00101858",3,1,2
"E00101859",5,3,2
"E00101860",2,0,2
"E00101861",0,0,0
"E00101862",1,1,0
"E00101863",3,2,1
"E00101864",8,2,6
"E00101865",4,0,4
"E00101866",6,1,5
"E00101867",5,1,4
"E00101868",3,2,1
"E00101869",1,1,0
"E00101870",11,4,7
"E00101871",5,3,2
"E00101872",3,1,2
"E00101873",0,0,0
"E00101874",2,1,1
"E00101875",6,3,3
"E00101876",7,4,3
"E00101877",2,2,0
"E00101878",4,4,0
"E00101879",1,1,0
"E00101880",6,2,4
"E00101881",4,3,1
"E00101882",9,6,3
"E00101883",8,2,6
"E00101884",5,4,1
"E00101885",5,4,1
"E00101886",2,0,2
"E00101887",2,2,0
"E00101888",2,1,1
"E00101889",6,4,2
"E00101890",6,3,3
"E00101891",1,1,0
"E00101892",21,10,11
"E00101893",3,3,0
"E00101894",4,3,1
"E00101895",5,1,4
"E00101896",9,4,5
"E00101897",5,2,3
"E00101898",1,1,0
"E00101899",8,3,5
"E00101900",10,6,4
"E00101901",2,2,0
"E00101902",1,0,1
"E00101903",12,3,9
"E00101904",0,0,0
"E00101905",4,1,3
"E00101906",6,3,3
"E00101907",0,0,0
"E00101908",3,1,2
"E00101909",4,2,2
"E00101910",3,1,2
"E00101911",6,2,4
"E00101912",0,0,0
"E00101913",1,0,1
"E00101914",3,1,2
"E00101915",4,1,3
"E00101916",3,2,1
"E00101917",6,3,3
"E00101918",4,3,1
"E00101919",1,0,1
"E00101920",3,3,0
"E00101921",5,2,3
"E00101922",3,1,2
"E00101923",11,8,3
"E00101924",12,5,7
"E00101925",13,6,7
"E00101926",1,1,0
"E00101927",4,0,4
"E00101928",3,3,0
"E00101929",5,2,3
"E00101930",5,2,3
"E00101931",2,1,1
"E00101932",3,3,0
"E00101933",3,2,1
"E00101934",10,3,7
"E00101935",1,1,0
"E00101936",6,3,3
"E00101937",9,3,6
"E00101938",4,2,2
"E00101939",8,2,6
"E00101940",3,2,1
"E00101941",13,10,3
"E00101942",10,6,4
"E00101943",2,1,1
"E00101944",6,4,2
"E00101945",1,0,1
"E00101946",3,1,2
"E00101947",9,2,7
"E00101948",7,6,1
"E00101949",4,2,2
"E00101950",3,1,2
"E00101951",1,1,0
"E00101952",7,1,6
"E00101954",7,4,3
"E00101955",6,2,4
"E00101956",3,0,3
"E00101957",7,3,4
"E00101958",4,1,3
"E00101959",4,1,3
"E00101960",5,3,2
"E00101961",2,2,0
"E00101962",5,1,4
"E00101963",5,3,2
"E00101964",8,4,4
"E00101965",6,4,2
"E00101966",3,2,1
"E00101967",7,5,2
"E00101968",1,1,0
"E00101969",0,0,0
"E00101970",2,0,2
"E00101971",5,3,2
"E00101972",10,3,7
"E00101973",4,3,1
"E00101974",10,4,6
"E00101975",13,5,8
"E00101976",0,0,0
"E00101977",3,1,2
"E00101978",5,3,2
"E00101979",9,2,7
"E00101980",5,4,1
"E00101981",0,0,0
"E00101982",1,1,0
"E00101983",3,2,1
"E00101984",4,3,1
"E00101985",1,0,1
"E00101986",3,1,2
"E00101987",0,0,0
"E00101988",3,0,3
"E00101989",8,5,3
"E00101990",3,1,2
"E00101991",2,1,1
"E00101992",1,0,1
"E00101993",1,0,1
"E00101994",7,4,3
"E00101995",4,2,2
"E00101996",8,3,5
"E00101997",2,2,0
"E00101998",6,2,4
"E00101999",6,1,5
"E00102000",0,0,0
"E00102001",4,2,2
"E00102002",5,3,2
"E00102003",7,2,5
"E00102004",7,3,4
"E00102005",0,0,0
"E00102006",11,6,5
"E00102007",10,5,5
"E00102008",8,3,5
"E00102009",8,4,4
"E00102010",1,0,1
"E00102011",0,0,0
"E00102012",10,6,4
"E00102013",1,0,1
"E00102014",6,3,3
"E00102015",0,0,0
"E00102016",0,0,0
"E00102017",6,2,4
"E00102018",5,1,4
"E00102019",7,4,3
"E00102020",3,0,3
"E00102021",2,1,1
"E00102022",2,1,1
"E00102023",6,5,1
"E00102024",4,1,3
"E00102025",10,5,5
"E00102026",8,6,2
"E00102027",3,1,2
"E00102028",11,7,4
"E00102029",6,3,3
"E00102030",4,1,3
"E00102031",9,4,5
"E00102032",7,2,5
"E00102033",13,5,8
"E00102034",3,1,2
"E00102035",1,1,0
"E00102036",1,1,0
"E00102037",2,1,1
"E00102038",6,1,5
"E00102039",1,1,0
"E00102040",4,1,3
"E00102041",10,4,6
"E00102042",9,4,5
"E00102043",9,7,2
"E00102044",5,3,2
"E00102045",6,3,3
"E00102046",0,0,0
"E00102047",1,1,0
"E00102048",3,2,1
"E00102049",5,3,2
"E00102050",0,0,0
"E00102051",4,2,2
"E00102052",1,0,1
"E00102053",4,2,2
"E00102054",4,2,2
"E00102055",1,0,1
"E00102056",5,5,0
"E00102057",2,0,2
"E00102058",3,3,0
"E00102059",9,3,6
"E00102060",1,1,0
"E00102061",0,0,0
"E00102062",0,0,0
"E00102063",5,4,1
"E00102064",5,4,1
"E00102065",6,3,3
"E00102066",0,0,0
"E00102067",2,2,0
"E00102068",4,1,3
"E00102069",0,0,0
"E00102070",1,0,1
"E00102071",5,0,5
"E00102072",6,4,2
"E00102073",5,2,3
"E00102074",2,1,1
"E00102075",6,3,3
"E00102076",9,5,4
"E00102077",7,4,3
"E00102078",3,1,2
"E00102079",3,2,1
"E00102080",12,5,7
"E00102081",8,4,4
"E00102082",12,7,5
"E00102083",4,3,1
"E00102084",8,5,3
"E00102085",17,11,6
"E00102086",13,6,7
"E00102087",1,1,0
"E00102088",7,3,4
"E00102089",15,8,7
"E00102090",9,3,6
"E00102091",7,2,5
"E00102092",10,3,7
"E00102093",13,5,8
"E00102094",5,2,3
"E00102095",4,3,1
"E00102096",1,0,1
"E00102097",4,1,3
"E00102098",7,4,3
"E00102099",8,3,5
"E00102100",7,3,4
"E00102101",9,4,5
"E00102102",2,1,1
"E00102103",5,2,3
"E00102104",7,4,3
"E00102105",5,1,4
"E00102106",3,1,2
"E00102107",1,0,1
"E00102108",7,4,3
"E00102109",4,3,1
"E00102110",11,4,7
"E00102111",12,4,8
"E00102112",1,0,1
"E00102113",1,1,0
"E00102114",3,1,2
"E00102115",4,0,4
"E00102116",11,7,4
"E00102117",7,5,2
"E00102118",9,7,2
"E00102119",8,5,3
"E00102120",5,4,1
"E00102121",4,2,2
"E00102122",7,6,1
"E00102123",9,2,7
"E00102124",3,1,2
"E00102125",9,3,6
"E00102126",3,2,1
"E00102127",8,7,1
"E00102128",8,3,5
"E00102129",2,1,1
"E00102130",2,1,1
"E00102131",11,4,7
"E00102132",5,0,5
"E00102133",19,11,8
"E00102134",3,1,2
"E00102135",5,2,3
"E00102136",7,0,7
"E00102137",1,1,0
"E00102138",6,3,3
"E00102139",4,3,1
"E00102140",6,4,2
"E00102141",0,0,0
"E00102142",4,1,3
"E00102143",7,4,3
"E00102144",4,3,1
"E00102145",6,3,3
"E00102146",9,5,4
"E00102147",7,2,5
"E00102148",9,3,6
"E00102149",3,3,0
"E00102150",2,1,1
"E00102151",4,3,1
"E00102152",13,8,5
"E00102153",5,3,2
"E00102154",4,3,1
"E00102155",3,2,1
"E00102156",5,1,4
"E00102157",2,2,0
"E00102158",11,4,7
"E00102159",10,6,4
"E00102160",11,5,6
"E00102161",11,7,4
"E00102162",7,2,5
"E00102163",10,3,7
"E00102164",0,0,0
"E00102165",6,4,2
"E00102166",3,3,0
"E00102167",1,1,0
"E00102168",10,4,6
"E00102169",8,3,5
"E00102170",5,2,3
"E00102171",4,1,3
"E00102172",5,3,2
"E00102173",7,4,3
"E00102174",5,1,4
"E00102175",2,2,0
"E00102176",6,3,3
"E00102177",5,2,3
"E00102178",1,1,0
"E00102179",9,6,3
"E00102180",2,1,1
"E00102181",10,5,5
"E00102182",1,0,1
"E00102183",8,2,6
"E00102184",1,1,0
"E00102185",5,1,4
"E00102186",3,1,2
"E00102187",1,1,0
"E00102188",0,0,0
"E00102189",3,2,1
"E00102190",4,3,1
"E00102191",6,2,4
"E00102192",8,4,4
"E00102193",5,2,3
"E00102194",2,2,0
"E00102195",2,1,1
"E00102196",0,0,0
"E00102197",7,4,3
"E00102198",3,0,3
"E00102199",5,2,3
"E00102200",7,5,2
"E00102201",1,1,0
"E00102202",1,1,0
"E00102203",3,2,1
"E00102204",3,3,0
"E00102205",3,1,2
"E00102206",6,1,5
"E00102207",7,6,1
"E00102208",11,4,7
"E00102209",5,3,2
"E00102210",3,1,2
"E00102211",7,4,3
"E00102212",8,4,4
"E00102213",1,0,1
"E00102214",4,1,3
"E00102215",2,1,1
"E00102216",7,4,3
"E00102217",8,5,3
"E00102218",3,1,2
"E00102219",5,2,3
"E00102220",1,1,0
"E00102221",6,1,5
"E00102222",3,1,2
"E00102223",5,4,1
"E00102224",3,1,2
"E00102225",3,1,2
"E00102226",0,0,0
"E00102227",5,3,2
"E00102228",3,1,2
"E00102229",5,4,1
"E00102230",4,3,1
"E00102231",4,3,1
"E00102232",5,1,4
"E00102233",4,2,2
"E00102234",3,1,2
"E00102235",1,0,1
"E00102236",9,5,4
"E00102237",6,2,4
"E00102238",1,1,0
"E00102239",0,0,0
"E00102240",0,0,0
"E00102241",10,4,6
"E00102242",4,4,0
"E00102243",1,1,0
"E00102245",0,0,0
"E00102246",6,4,2
"E00102247",11,2,9
"E00102248",0,0,0
"E00102249",2,0,2
"E00102250",4,3,1
"E00102251",4,0,4
"E00102252",5,1,4
"E00102253",0,0,0
"E00102254",6,5,1
"E00102255",1,1,0
"E00102256",4,2,2
"E00102257",6,2,4
"E00102258",2,1,1
"E00102259",8,3,5
"E00102260",13,7,6
"E00102261",6,4,2
"E00102262",5,3,2
"E00102263",1,0,1
"E00102264",2,0,2
"E00102265",3,1,2
"E00102266",3,2,1
"E00102267",0,0,0
"E00102268",7,1,6
"E00102269",10,6,4
"E00102270",12,8,4
"E00102271",7,2,5
"E00102272",4,3,1
"E00102273",6,2,4
"E00102274",9,6,3
"E00102275",2,2,0
"E00102276",8,2,6
"E00102277",6,2,4
"E00102278",0,0,0
"E00102279",4,3,1
"E00102280",2,2,0
"E00102281",7,5,2
"E00102282",1,1,0
"E00102283",4,3,1
"E00102284",7,3,4
"E00102285",12,6,6
"E00102286",5,4,1
"E00102288",2,0,2
"E00102289",8,5,3
"E00102290",6,3,3
"E00102291",0,0,0
"E00102292",7,5,2
"E00102293",9,5,4
"E00102294",6,1,5
"E00102295",8,5,3
"E00102296",4,4,0
"E00102297",4,2,2
"E00102298",6,6,0
"E00102299",3,1,2
"E00102300",5,2,3
"E00102301",1,0,1
"E00102302",4,2,2
"E00102303",7,4,3
"E00102304",10,5,5
"E00102305",3,3,0
"E00102306",6,3,3
"E00102307",8,5,3
"E00102308",6,5,1
"E00102309",1,1,0
"E00102310",0,0,0
"E00102311",0,0,0
"E00102312",3,2,1
"E00102313",6,5,1
"E00102314",6,2,4
"E00102315",1,0,1
"E00102316",4,3,1
"E00102317",2,2,0
"E00102318",3,0,3
"E00102319",8,2,6
"E00102320",4,2,2
"E00102321",4,3,1
"E00102322",1,0,1
"E00102323",4,4,0
"E00102324",0,0,0
"E00102325",3,2,1
"E00102326",6,2,4
"E00102327",3,1,2
"E00102328",5,2,3
"E00102329",1,1,0
"E00102330",0,0,0
"E00102331",6,2,4
"E00102332",1,1,0
"E00102333",2,2,0
"E00102334",0,0,0
"E00102335",2,0,2
"E00102336",1,0,1
"E00102337",6,6,0
"E00102338",3,2,1
"E00102339",3,2,1
"E00102340",0,0,0
"E00102341",4,2,2
"E00102342",7,2,5
"E00102343",5,3,2
"E00102344",4,2,2
"E00102345",8,4,4
"E00102346",11,3,8
"E00102347",10,4,6
"E00102348",2,1,1
"E00102349",10,5,5
"E00102350",8,4,4
"E00102351",1,0,1
"E00102352",6,5,1
"E00102353",2,0,2
"E00102354",12,8,4
"E00102355",6,3,3
"E00102356",4,3,1
"E00102357",4,1,3
"E00102358",6,3,3
"E00102359",5,2,3
"E00102360",0,0,0
"E00102361",6,2,4
"E00102362",9,3,6
"E00102363",0,0,0
"E00102364",7,6,1
"E00102365",2,1,1
"E00102366",1,1,0
"E00102367",1,0,1
"E00102368",3,1,2
"E00102369",3,0,3
"E00102370",6,3,3
"E00102371",6,4,2
"E00102372",1,0,1
"E00102373",2,1,1
"E00102374",7,2,5
"E00102375",3,2,1
"E00102376",4,3,1
"E00102377",5,2,3
"E00102378",10,3,7
"E00102379",1,0,1
"E00102380",0,0,0
"E00102381",2,1,1
"E00102382",1,1,0
"E00102383",2,2,0
"E00102384",6,2,4
"E00102385",2,1,1
"E00102386",1,0,1
"E00102387",4,1,3
"E00102388",10,5,5
"E00102389",4,3,1
"E00102390",4,1,3
"E00102391",1,1,0
"E00102392",7,3,4
"E00102393",2,2,0
"E00102394",7,4,3
"E00102395",3,3,0
"E00102396",3,2,1
"E00102397",4,2,2
"E00102398",3,1,2
"E00102399",1,0,1
"E00102400",7,4,3
"E00102401",0,0,0
"E00102402",0,0,0
"E00102403",10,5,5
"E00102404",1,1,0
"E00102405",8,3,5
"E00102406",1,1,0
"E00102407",0,0,0
"E00102408",2,1,1
"E00102409",1,0,1
"E00102410",2,1,1
"E00102411",0,0,0
"E00102412",5,2,3
"E00102413",1,0,1
"E00102414",2,1,1
"E00102415",6,5,1
"E00102417",9,3,6
"E00102418",15,5,10
"E00102419",4,2,2
"E00102420",5,0,5
"E00102421",8,2,6
"E00102422",1,0,1
"E00102423",7,2,5
"E00102424",0,0,0
"E00102425",11,3,8
"E00102426",7,3,4
"E00102428",3,2,1
"E00102429",4,3,1
"E00102430",3,3,0
"E00102431",8,4,4
"E00102432",2,1,1
"E00102433",2,1,1
"E00102434",6,2,4
"E00102435",3,2,1
"E00102436",0,0,0
"E00102437",10,5,5
"E00102438",5,0,5
"E00102439",16,9,7
"E00102440",6,3,3
"E00102441",7,4,3
"E00102442",1,0,1
"E00102443",1,0,1
"E00102444",2,2,0
"E00102445",7,2,5
"E00102446",6,3,3
"E00102447",2,1,1
"E00102448",4,1,3
"E00102449",1,0,1
"E00102450",9,4,5
"E00102451",1,0,1
"E00102452",9,4,5
"E00102453",1,0,1
"E00102454",8,2,6
"E00102455",4,3,1
"E00102456",4,0,4
"E00102457",2,1,1
"E00102458",1,1,0
"E00102459",4,1,3
"E00102460",2,1,1
"E00102461",6,3,3
"E00102462",3,2,1
"E00102463",7,2,5
"E00102464",1,1,0
"E00102465",0,0,0
"E00102466",2,1,1
"E00102467",3,1,2
"E00102468",4,1,3
"E00102469",4,3,1
"E00102470",9,4,5
"E00102471",1,0,1
"E00102472",0,0,0
"E00102473",6,1,5
"E00102474",3,1,2
"E00102475",1,0,1
"E00102476",1,1,0
"E00102477",6,3,3
"E00102478",3,2,1
"E00102479",5,5,0
"E00102480",2,2,0
"E00102481",5,2,3
"E00102482",0,0,0
"E00102483",1,0,1
"E00102484",3,1,2
"E00102485",4,2,2
"E00102486",4,2,2
"E00102487",2,1,1
"E00102488",4,1,3
"E00102489",0,0,0
"E00102490",4,3,1
"E00102491",3,1,2
"E00102492",0,0,0
"E00102493",4,1,3
"E00102494",3,2,1
"E00102495",9,6,3
"E00102496",8,3,5
"E00102497",4,1,3
"E00102498",10,3,7
"E00102499",6,2,4
"E00102500",4,0,4
"E00102501",4,2,2
"E00102502",3,3,0
"E00102503",12,5,7
"E00102504",5,4,1
"E00102505",8,4,4
"E00102506",1,0,1
"E00102507",4,1,3
"E00102508",8,8,0
"E00102509",2,1,1
"E00102510",17,9,8
"E00102511",2,1,1
"E00102512",3,1,2
"E00102513",5,3,2
"E00102514",8,6,2
"E00102515",4,3,1
"E00102516",4,2,2
"E00102517",9,5,4
"E00102518",3,3,0
"E00102519",6,3,3
"E00102520",3,2,1
"E00102521",4,2,2
"E00102522",3,2,1
"E00102523",10,3,7
"E00102524",3,1,2
"E00102525",3,1,2
"E00102526",0,0,0
"E00102527",2,0,2
"E00102528",8,4,4
"E00102529",4,2,2
"E00102530",16,6,10
"E00102531",1,0,1
"E00102532",1,0,1
"E00102533",8,3,5
"E00102534",0,0,0
"E00102535",6,2,4
"E00102536",4,2,2
"E00102537",4,1,3
"E00102538",5,1,4
"E00102539",2,1,1
"E00102540",1,1,0
"E00102541",0,0,0
"E00102542",4,2,2
"E00102543",6,2,4
"E00102544",0,0,0
"E00102545",4,2,2
"E00102546",13,6,7
"E00102547",6,4,2
"E00102548",10,7,3
"E00102549",5,2,3
"E00102550",10,4,6
"E00102551",6,2,4
"E00102552",6,1,5
"E00102553",2,2,0
"E00102554",2,1,1
"E00102555",3,2,1
"E00102556",4,1,3
"E00102557",6,2,4
"E00102558",1,1,0
"E00102559",2,1,1
"E00102560",5,2,3
"E00102561",6,5,1
"E00102562",1,0,1
"E00102563",2,0,2
"E00102564",3,1,2
"E00102565",1,0,1
"E00102566",2,2,0
"E00102567",3,3,0
"E00102568",10,6,4
"E00102569",4,2,2
"E00102570",2,0,2
"E00102571",1,0,1
"E00102572",2,1,1
"E00102573",8,5,3
"E00102574",3,2,1
"E00102575",0,0,0
"E00102576",6,3,3
"E00102577",1,1,0
"E00102578",2,1,1
"E00102579",0,0,0
"E00102580",2,0,2
"E00102581",0,0,0
"E00102582",3,3,0
"E00102583",2,1,1
"E00102584",1,0,1
"E00102585",5,2,3
"E00102586",2,0,2
"E00102587",1,1,0
"E00102589",7,4,3
"E00102590",1,1,0
"E00102591",4,2,2
"E00102592",0,0,0
"E00102593",1,0,1
"E00102594",3,1,2
"E00102595",2,1,1
"E00102596",3,2,1
"E00102597",0,0,0
"E00102598",0,0,0
"E00102599",1,0,1
"E00102600",1,1,0
"E00102601",0,0,0
"E00102602",1,0,1
"E00102603",4,0,4
"E00102605",8,4,4
"E00102606",5,1,4
"E00102607",5,0,5
"E00102608",13,6,7
"E00102609",13,5,8
"E00102610",6,4,2
"E00102611",4,2,2
"E00102612",9,4,5
"E00102613",4,2,2
"E00102614",1,1,0
"E00102615",5,1,4
"E00102616",1,0,1
"E00102617",6,3,3
"E00102618",4,4,0
"E00102619",5,3,2
"E00102620",5,4,1
"E00102621",13,8,5
"E00102622",12,6,6
"E00102623",5,3,2
"E00102624",1,0,1
"E00102625",2,1,1
"E00102626",0,0,0
"E00102627",0,0,0
"E00102628",2,0,2
"E00102629",0,0,0
"E00102630",7,3,4
"E00102631",8,1,7
"E00102632",9,2,7
"E00102633",7,1,6
"E00102634",12,3,9
"E00102635",6,4,2
"E00102636",7,5,2
"E00102637",0,0,0
"E00102638",4,3,1
"E00102639",11,4,7
"E00102640",0,0,0
"E00102641",0,0,0
"E00102642",0,0,0
"E00102643",1,1,0
"E00102644",8,5,3
"E00102645",8,4,4
"E00102646",4,4,0
"E00102647",1,1,0
"E00102648",5,3,2
"E00102649",3,1,2
"E00102650",11,4,7
"E00102651",6,6,0
"E00102652",4,2,2
"E00102653",0,0,0
"E00102654",1,1,0
"E00102655",6,3,3
"E00102656",0,0,0
"E00102657",2,1,1
"E00102658",0,0,0
"E00102659",1,1,0
"E00102660",0,0,0
"E00102661",3,2,1
"E00102662",2,2,0
"E00102663",0,0,0
"E00102664",4,3,1
"E00102665",2,0,2
"E00102666",3,2,1
"E00102667",4,2,2
"E00102668",4,3,1
"E00102669",2,1,1
"E00102670",1,1,0
"E00102671",2,1,1
"E00102672",2,1,1
"E00102673",4,0,4
"E00102674",4,1,3
"E00102675",0,0,0
"E00102676",2,2,0
"E00102677",0,0,0
"E00102678",3,3,0
"E00102679",4,3,1
"E00102680",3,1,2
"E00102681",3,1,2
"E00102682",4,4,0
"E00102683",6,4,2
"E00102684",11,6,5
"E00102685",3,2,1
"E00102686",7,2,5
"E00102687",7,3,4
"E00102688",6,3,3
"E00102689",7,2,5
"E00102690",10,4,6
"E00102691",11,7,4
"E00102692",15,9,6
"E00102693",11,5,6
"E00102694",0,0,0
"E00102695",4,1,3
"E00102696",3,1,2
"E00102697",1,1,0
"E00102698",2,2,0
"E00102699",1,0,1
"E00102700",2,0,2
"E00102701",8,3,5
"E00102702",1,0,1
"E00102703",1,0,1
"E00102704",3,0,3
"E00102705",4,1,3
"E00102706",1,1,0
"E00102708",1,0,1
"E00102709",0,0,0
"E00102710",3,1,2
"E00102711",2,2,0
"E00102712",7,5,2
"E00102713",4,2,2
"E00102714",0,0,0
"E00102715",0,0,0
"E00102716",6,1,5
"E00102717",2,2,0
"E00102718",2,2,0
"E00102719",3,2,1
"E00102720",9,3,6
"E00102721",4,3,1
"E00102722",5,2,3
"E00102724",6,2,4
"E00102725",3,2,1
"E00102726",7,4,3
"E00102727",5,3,2
"E00102728",0,0,0
"E00102729",1,1,0
"E00102730",1,0,1
"E00102731",1,1,0
"E00102732",2,1,1
"E00102733",0,0,0
"E00102734",2,0,2
"E00102735",4,1,3
"E00102736",1,0,1
"E00102737",2,1,1
"E00102738",0,0,0
"E00102739",0,0,0
"E00102740",2,2,0
"E00102741",8,3,5
"E00102742",3,0,3
"E00102743",2,1,1
"E00102744",3,2,1
"E00102745",3,3,0
"E00102746",5,4,1
"E00102747",3,0,3
"E00102748",0,0,0
"E00102749",3,1,2
"E00102750",4,2,2
"E00102751",1,0,1
"E00102752",2,0,2
"E00102753",0,0,0
"E00102754",0,0,0
"E00102755",3,2,1
"E00102756",2,1,1
"E00102757",2,1,1
"E00102758",4,2,2
"E00102759",5,2,3
"E00102760",3,2,1
"E00102761",2,1,1
"E00102762",4,1,3
"E00102763",1,0,1
"E00102764",2,1,1
"E00102765",6,1,5
"E00102766",2,2,0
"E00102767",12,9,3
"E00102768",5,3,2
"E00102769",4,3,1
"E00102770",5,4,1
"E00102771",1,1,0
"E00102772",7,4,3
"E00102773",1,1,0
"E00102774",3,1,2
"E00102775",5,4,1
"E00102776",5,3,2
"E00102777",1,0,1
"E00102778",4,2,2
"E00102779",2,1,1
"E00102780",4,1,3
"E00102781",2,1,1
"E00102782",6,2,4
"E00102783",5,3,2
"E00102784",2,1,1
"E00102785",4,2,2
"E00102786",2,1,1
"E00102787",9,4,5
"E00102788",4,1,3
"E00102789",1,0,1
"E00102790",3,1,2
"E00102791",6,4,2
"E00102792",7,4,3
"E00102793",7,2,5
"E00102794",3,2,1
"E00102795",6,4,2
"E00102796",3,2,1
"E00102797",0,0,0
"E00102798",2,0,2
"E00102799",3,1,2
"E00102800",4,1,3
"E00102801",0,0,0
"E00102802",0,0,0
"E00102803",3,2,1
"E00102804",3,1,2
"E00102805",3,1,2
"E00102806",6,3,3
"E00102807",5,2,3
"E00102808",11,2,9
"E00102809",6,4,2
"E00102810",6,3,3
"E00102811",12,4,8
"E00102812",8,4,4
"E00102813",4,0,4
"E00102814",4,1,3
"E00102815",1,0,1
"E00102816",8,4,4
"E00102817",5,2,3
"E00102818",2,0,2
"E00102819",3,2,1
"E00102820",3,2,1
"E00102821",2,0,2
"E00102823",5,2,3
"E00102824",3,3,0
"E00102825",3,3,0
"E00102826",8,1,7
"E00102827",3,2,1
"E00102828",1,1,0
"E00102829",0,0,0
"E00102830",1,1,0
"E00102831",3,1,2
"E00102832",0,0,0
"E00102833",0,0,0
"E00102834",0,0,0
"E00102835",3,1,2
"E00102836",3,1,2
"E00102837",6,3,3
"E00102838",2,1,1
"E00102839",8,5,3
"E00102840",4,1,3
"E00102841",5,4,1
"E00102842",6,2,4
"E00102843",5,3,2
"E00102844",4,3,1
"E00102845",5,2,3
"E00102847",2,1,1
"E00102848",9,5,4
"E00102849",6,2,4
"E00102850",3,2,1
"E00102851",6,3,3
"E00102852",4,2,2
"E00102853",5,2,3
"E00102854",3,1,2
"E00102855",8,6,2
"E00102856",6,4,2
"E00102857",4,1,3
"E00102858",1,1,0
"E00102859",3,3,0
"E00102860",3,1,2
"E00102861",4,3,1
"E00102862",4,1,3
"E00102863",3,2,1
"E00102864",2,0,2
"E00102865",4,0,4
"E00102866",4,0,4
"E00102867",1,1,0
"E00102868",0,0,0
"E00102869",8,4,4
"E00102870",2,1,1
"E00102871",5,0,5
"E00102872",4,3,1
"E00102873",2,0,2
"E00102874",4,3,1
"E00102875",5,1,4
"E00102876",12,4,8
"E00102877",2,2,0
"E00102878",4,1,3
"E00102879",5,1,4
"E00102880",10,5,5
"E00102881",5,1,4
"E00102882",6,2,4
"E00102883",3,1,2
"E00102884",4,1,3
"E00102885",2,1,1
"E00102886",4,1,3
"E00102887",3,1,2
"E00102888",7,2,5
"E00102889",5,3,2
"E00102890",3,2,1
"E00102891",0,0,0
"E00102892",4,3,1
"E00102893",4,3,1
"E00102894",3,0,3
"E00102895",6,2,4
"E00102896",7,3,4
"E00102897",3,1,2
"E00102898",3,0,3
"E00102899",1,0,1
"E00102900",7,5,2
"E00102901",5,0,5
"E00102902",6,3,3
"E00102903",8,6,2
"E00102904",1,1,0
"E00102905",5,2,3
"E00102906",1,1,0
"E00102907",3,1,2
"E00102908",1,1,0
"E00102909",2,0,2
"E00102910",0,0,0
"E00102911",6,4,2
"E00102912",2,0,2
"E00102913",0,0,0
"E00102914",5,2,3
"E00102915",8,4,4
"E00102916",4,3,1
"E00102917",14,9,5
"E00102918",6,3,3
"E00102919",6,2,4
"E00102920",3,3,0
"E00102921",1,0,1
"E00102922",7,1,6
"E00102923",11,4,7
"E00102924",5,2,3
"E00102925",6,2,4
"E00102926",11,6,5
"E00102927",14,7,7
"E00102928",6,1,5
"E00102929",13,6,7
"E00102930",3,2,1
"E00102931",9,5,4
"E00102932",4,2,2
"E00102933",8,4,4
"E00102934",4,0,4
"E00102935",15,7,8
"E00102936",1,0,1
"E00102937",4,1,3
"E00102938",5,2,3
"E00102939",16,2,14
"E00102940",11,4,7
"E00102941",7,5,2
"E00102942",13,4,9
"E00102943",4,0,4
"E00102944",3,1,2
"E00102945",5,2,3
"E00102946",3,0,3
"E00102947",1,0,1
"E00102948",8,3,5
"E00102949",1,0,1
"E00102950",9,6,3
"E00102951",8,5,3
"E00102952",3,2,1
"E00102953",10,2,8
"E00102954",0,0,0
"E00102955",1,0,1
"E00102956",5,1,4
"E00102957",8,4,4
"E00102958",10,6,4
"E00102959",8,2,6
"E00102960",6,3,3
"E00102961",0,0,0
"E00102962",3,1,2
"E00102963",7,5,2
"E00102965",4,2,2
"E00102966",23,11,12
"E00102967",5,2,3
"E00102968",5,5,0
"E00102969",10,4,6
"E00102970",7,3,4
"E00102971",0,0,0
"E00102972",6,1,5
"E00102973",7,5,2
"E00102974",2,1,1
"E00102975",5,4,1
"E00102976",14,5,9
"E00102977",2,2,0
"E00102978",8,3,5
"E00102979",5,2,3
"E00102980",4,2,2
"E00102981",5,0,5
"E00102982",1,1,0
"E00102983",1,1,0
"E00102984",6,3,3
"E00102986",4,1,3
"E00102987",3,2,1
"E00102988",0,0,0
"E00102989",6,3,3
"E00102990",2,1,1
"E00102991",4,3,1
"E00102992",3,3,0
"E00102993",8,5,3
"E00102994",3,2,1
"E00102995",4,1,3
"E00102996",0,0,0
"E00102997",0,0,0
"E00102998",0,0,0
"E00102999",4,3,1
"E00103000",6,4,2
"E00103001",2,1,1
"E00103002",3,2,1
"E00103003",9,2,7
"E00103004",7,4,3
"E00103005",3,3,0
"E00103006",5,3,2
"E00103007",7,3,4
"E00103008",9,5,4
"E00103009",6,3,3
"E00103010",1,0,1
"E00103011",2,1,1
"E00103013",8,6,2
"E00103014",1,0,1
"E00103015",1,0,1
"E00103016",1,1,0
"E00103017",6,4,2
"E00103018",3,1,2
"E00103019",10,5,5
"E00103020",5,1,4
"E00103021",3,1,2
"E00103023",19,11,8
"E00103024",9,4,5
"E00103025",6,5,1
"E00103026",8,2,6
"E00103027",0,0,0
"E00103028",13,5,8
"E00103029",18,11,7
"E00103030",6,2,4
"E00103031",9,4,5
"E00103032",13,8,5
"E00103033",3,2,1
"E00103034",7,2,5
"E00103035",1,0,1
"E00103036",2,1,1
"E00103037",7,3,4
"E00103038",3,3,0
"E00103039",1,0,1
"E00103040",2,1,1
"E00103041",7,4,3
"E00103042",6,1,5
"E00103043",5,2,3
"E00103044",0,0,0
"E00103045",7,3,4
"E00103047",9,4,5
"E00103048",6,1,5
"E00103049",8,5,3
"E00103050",6,2,4
"E00103051",6,2,4
"E00103052",9,2,7
"E00103053",1,0,1
"E00103054",8,4,4
"E00103055",5,3,2
"E00103056",4,3,1
"E00103057",8,4,4
"E00103058",14,8,6
"E00103059",7,3,4
"E00103060",5,2,3
"E00103061",1,0,1
"E00103062",1,1,0
"E00103063",6,4,2
"E00103064",0,0,0
"E00103065",3,2,1
"E00103066",2,1,1
"E00103067",7,5,2
"E00103068",8,2,6
"E00103069",3,2,1
"E00103070",3,1,2
"E00103071",1,1,0
"E00103072",4,2,2
"E00103073",2,1,1
"E00103074",4,3,1
"E00103075",3,1,2
"E00103076",1,1,0
"E00103077",1,0,1
"E00103078",4,0,4
"E00103079",2,0,2
"E00103080",2,2,0
"E00103081",6,2,4
"E00103082",4,2,2
"E00103083",5,1,4
"E00103084",3,2,1
"E00103085",1,1,0
"E00103086",1,1,0
"E00103087",1,0,1
"E00103088",0,0,0
"E00103089",1,0,1
"E00103090",0,0,0
"E00103091",0,0,0
"E00103092",0,0,0
"E00103093",1,1,0
"E00103094",1,0,1
"E00103095",0,0,0
"E00103096",2,2,0
"E00103097",3,1,2
"E00103098",0,0,0
"E00103099",1,1,0
"E00103100",8,5,3
"E00103101",3,2,1
"E00103102",0,0,0
"E00103103",0,0,0
"E00103104",0,0,0
"E00103105",0,0,0
"E00103106",0,0,0
"E00103107",1,0,1
"E00103108",1,1,0
"E00103109",1,0,1
"E00103110",2,1,1
"E00103111",1,1,0
"E00103112",0,0,0
"E00103113",7,3,4
"E00103114",1,0,1
"E00103115",1,1,0
"E00103116",4,1,3
"E00103117",1,1,0
"E00103118",3,0,3
"E00103119",3,2,1
"E00103120",1,0,1
"E00103121",6,2,4
"E00103122",9,1,8
"E00103123",0,0,0
"E00103124",4,3,1
"E00103125",3,3,0
"E00103126",1,1,0
"E00103127",1,1,0
"E00103128",3,2,1
"E00103129",5,2,3
"E00103130",3,3,0
"E00103131",3,1,2
"E00103132",5,3,2
"E00103133",0,0,0
"E00103134",4,3,1
"E00103135",4,2,2
"E00103136",4,4,0
"E00103137",3,2,1
"E00103138",0,0,0
"E00103139",1,0,1
"E00103140",1,0,1
"E00103141",1,0,1
"E00103142",1,0,1
"E00103143",2,1,1
"E00103144",1,1,0
"E00103145",0,0,0
"E00103146",8,7,1
"E00103147",8,4,4
"E00103148",6,3,3
"E00103149",5,3,2
"E00103150",7,5,2
"E00103151",9,6,3
"E00103152",1,0,1
"E00103153",1,1,0
"E00103154",2,1,1
"E00103155",7,6,1
"E00103156",3,3,0
"E00103157",5,0,5
"E00103158",5,2,3
"E00103159",0,0,0
"E00103160",2,1,1
"E00103161",1,1,0
"E00103162",1,0,1
"E00103163",4,2,2
"E00103164",1,0,1
"E00103165",5,2,3
"E00103166",2,2,0
"E00103167",0,0,0
"E00103168",2,0,2
"E00103169",2,1,1
"E00103170",3,1,2
"E00103171",4,1,3
"E00103172",1,0,1
"E00103173",2,2,0
"E00103174",0,0,0
"E00103175",6,5,1
"E00103176",2,0,2
"E00103177",0,0,0
"E00103178",1,1,0
"E00103179",1,0,1
"E00103180",4,1,3
"E00103181",6,4,2
"E00103182",1,0,1
"E00103183",4,3,1
"E00103184",2,1,1
"E00103185",5,2,3
"E00103186",3,2,1
"E00103187",4,1,3
"E00103188",5,4,1
"E00103189",4,3,1
"E00103190",5,4,1
"E00103191",7,5,2
"E00103192",5,3,2
"E00103193",0,0,0
"E00103194",0,0,0
"E00103195",6,3,3
"E00103196",8,2,6
"E00103197",2,1,1
"E00103198",6,3,3
"E00103199",3,2,1
"E00103200",9,4,5
"E00103201",1,1,0
"E00103202",5,1,4
"E00103203",4,3,1
"E00103204",7,1,6
"E00103205",1,0,1
"E00103206",5,1,4
"E00103207",0,0,0
"E00103208",1,1,0
"E00103209",6,5,1
"E00103210",1,0,1
"E00103211",0,0,0
"E00103212",0,0,0
"E00103213",1,1,0
"E00103214",3,3,0
"E00103215",5,1,4
"E00103216",5,2,3
"E00103217",0,0,0
"E00103218",5,4,1
"E00103219",3,2,1
"E00103220",3,1,2
"E00103221",3,1,2
"E00103222",5,3,2
"E00103223",4,2,2
"E00103224",3,2,1
"E00103225",2,1,1
"E00103226",5,4,1
"E00103227",1,1,0
"E00103228",5,3,2
"E00103229",0,0,0
"E00103230",5,2,3
"E00103231",1,1,0
"E00103232",2,2,0
"E00103233",0,0,0
"E00103234",2,1,1
"E00103235",4,2,2
"E00103236",10,3,7
"E00103237",2,0,2
"E00103238",4,2,2
"E00103239",8,3,5
"E00103240",6,4,2
"E00103241",8,2,6
"E00103242",4,1,3
"E00103243",5,3,2
"E00103244",7,5,2
"E00103245",4,1,3
"E00103246",2,2,0
"E00103247",9,5,4
"E00103248",1,1,0
"E00103249",1,0,1
"E00103250",3,1,2
"E00103251",3,1,2
"E00103252",2,2,0
"E00103253",3,1,2
"E00103254",5,2,3
"E00103255",9,5,4
"E00103256",12,9,3
"E00103257",2,0,2
"E00103258",5,1,4
"E00103259",4,0,4
"E00103260",7,4,3
"E00103261",3,1,2
"E00103262",7,4,3
"E00103263",8,4,4
"E00103264",13,10,3
"E00103265",5,2,3
"E00103266",3,2,1
"E00103267",1,0,1
"E00103268",13,7,6
"E00103269",5,3,2
"E00103270",3,3,0
"E00103271",14,5,9
"E00103272",8,3,5
"E00103273",12,6,6
"E00103274",12,7,5
"E00103275",4,2,2
"E00103276",5,1,4
"E00103277",4,2,2
"E00103278",9,3,6
"E00103279",3,3,0
"E00103280",6,2,4
"E00103281",5,5,0
"E00103282",6,2,4
"E00103283",2,2,0
"E00103284",5,3,2
"E00103285",13,4,9
"E00103286",0,0,0
"E00103287",5,3,2
"E00103288",5,4,1
"E00103289",2,1,1
"E00103290",1,1,0
"E00103291",3,3,0
"E00103292",7,2,5
"E00103293",11,4,7
"E00103294",7,3,4
"E00103295",5,2,3
"E00103296",6,2,4
"E00103297",2,2,0
"E00103298",2,1,1
"E00103299",9,5,4
"E00103300",2,1,1
"E00103301",2,1,1
"E00103302",1,1,0
"E00103303",2,1,1
"E00103304",2,1,1
"E00103305",8,5,3
"E00103306",3,2,1
"E00103307",8,4,4
"E00103308",3,2,1
"E00103309",14,8,6
"E00103310",6,3,3
"E00103311",6,3,3
"E00103312",3,2,1
"E00103313",9,3,6
"E00103314",16,8,8
"E00103315",2,0,2
"E00103316",4,3,1
"E00103317",0,0,0
"E00103318",3,2,1
"E00103319",2,1,1
"E00103320",5,1,4
"E00103321",1,1,0
"E00103322",2,1,1
"E00103323",3,2,1
"E00103324",3,0,3
"E00103325",0,0,0
"E00103326",2,1,1
"E00103327",0,0,0
"E00103328",4,3,1
"E00103329",0,0,0
"E00103330",1,0,1
"E00103331",5,0,5
"E00103332",1,0,1
"E00103333",4,2,2
"E00103334",8,3,5
"E00103335",4,1,3
"E00103336",2,1,1
"E00103337",1,1,0
"E00103338",4,1,3
"E00103339",3,3,0
"E00103340",1,1,0
"E00103341",0,0,0
"E00103342",1,0,1
"E00103343",1,0,1
"E00103344",0,0,0
"E00103345",3,2,1
"E00103346",0,0,0
"E00103347",3,2,1
"E00103348",1,1,0
"E00103349",6,4,2
"E00103350",1,0,1
"E00103351",12,6,6
"E00103352",7,5,2
"E00103353",8,4,4
"E00103354",7,4,3
"E00103355",1,0,1
"E00103356",11,6,5
"E00103357",1,1,0
"E00103358",9,4,5
"E00103359",2,1,1
"E00103360",10,5,5
"E00103361",5,2,3
"E00103362",6,1,5
"E00103363",10,7,3
"E00103364",17,10,7
"E00103365",8,2,6
"E00103366",1,0,1
"E00103367",9,6,3
"E00103368",6,1,5
"E00103370",2,2,0
"E00103371",2,0,2
"E00103372",2,0,2
"E00103373",3,2,1
"E00103374",10,4,6
"E00103375",8,4,4
"E00103376",0,0,0
"E00103377",5,2,3
"E00103378",6,5,1
"E00103379",1,1,0
"E00103380",13,5,8
"E00103381",4,1,3
"E00103382",4,3,1
"E00103383",4,2,2
"E00103384",0,0,0
"E00103385",2,1,1
"E00103386",7,5,2
"E00103387",1,1,0
"E00103388",2,0,2
"E00103389",3,0,3
"E00103390",4,2,2
"E00103391",5,3,2
"E00103392",7,4,3
"E00103393",9,4,5
"E00103394",4,2,2
"E00103395",0,0,0
"E00103396",8,4,4
"E00103397",9,5,4
"E00103398",1,1,0
"E00103399",4,2,2
"E00103400",10,8,2
"E00103401",6,3,3
"E00103402",4,4,0
"E00103405",1,1,0
"E00103406",1,0,1
"E00103407",5,0,5
"E00103408",2,2,0
"E00103409",6,4,2
"E00103410",3,2,1
"E00103411",5,2,3
"E00103412",3,2,1
"E00103413",4,2,2
"E00103414",1,0,1
"E00103415",3,0,3
"E00103416",5,1,4
"E00103417",2,0,2
"E00103418",1,0,1
"E00103419",3,1,2
"E00103420",7,3,4
"E00103421",11,5,6
"E00103422",3,1,2
"E00103423",7,4,3
"E00103424",4,2,2
"E00103425",6,1,5
"E00103426",13,8,5
"E00103427",4,3,1
"E00103428",0,0,0
"E00103429",7,4,3
"E00103430",4,2,2
"E00103431",5,1,4
"E00103432",5,4,1
"E00103433",2,1,1
"E00103434",2,1,1
"E00103435",6,3,3
"E00103436",4,2,2
"E00103437",5,3,2
"E00103438",5,3,2
"E00103439",2,2,0
"E00103440",2,2,0
"E00103441",2,1,1
"E00103442",9,8,1
"E00103443",1,0,1
"E00103444",2,0,2
"E00103445",5,5,0
"E00103446",6,5,1
"E00103447",4,1,3
"E00103448",6,4,2
"E00103449",9,5,4
"E00103450",3,3,0
"E00103451",1,0,1
"E00103452",3,0,3
"E00103453",5,2,3
"E00103454",2,1,1
"E00103455",8,4,4
"E00103456",3,0,3
"E00103457",0,0,0
"E00103458",5,4,1
"E00103459",0,0,0
"E00103460",2,1,1
"E00103461",1,0,1
"E00103462",2,2,0
"E00103463",2,1,1
"E00103464",0,0,0
"E00103465",1,1,0
"E00103466",5,1,4
"E00103467",2,1,1
"E00103468",9,6,3
"E00103470",9,3,6
"E00103471",3,1,2
"E00103472",5,2,3
"E00103473",6,5,1
"E00103474",2,2,0
"E00103475",2,2,0
"E00103476",1,1,0
"E00103477",3,2,1
"E00103478",1,0,1
"E00103479",6,2,4
"E00103480",7,3,4
"E00103481",1,1,0
"E00103482",1,1,0
"E00103483",2,1,1
"E00103484",0,0,0
"E00103485",1,0,1
"E00103486",0,0,0
"E00103487",1,0,1
"E00103488",0,0,0
"E00103489",0,0,0
"E00103490",0,0,0
"E00103491",0,0,0
"E00103492",0,0,0
"E00103493",0,0,0
"E00103494",2,0,2
"E00103495",1,0,1
"E00103496",13,5,8
"E00103497",7,3,4
"E00103498",0,0,0
"E00103499",3,2,1
"E00103500",0,0,0
"E00103501",3,1,2
"E00103502",5,2,3
"E00103503",2,2,0
"E00103504",1,0,1
"E00103505",2,1,1
"E00103506",2,2,0
"E00103507",3,0,3
"E00103508",3,1,2
"E00103509",0,0,0
"E00103510",0,0,0
"E00103511",7,3,4
"E00103512",2,2,0
"E00103513",2,1,1
"E00103514",4,2,2
"E00103515",11,5,6
"E00103516",1,0,1
"E00103517",0,0,0
"E00103518",4,2,2
"E00103519",2,2,0
"E00103520",1,0,1
"E00103521",0,0,0
"E00103522",0,0,0
"E00103523",0,0,0
"E00103524",4,1,3
"E00103525",6,3,3
"E00103526",1,1,0
"E00103527",2,1,1
"E00103528",6,4,2
"E00103529",12,6,6
"E00103530",2,2,0
"E00103531",5,3,2
"E00103532",8,4,4
"E00103533",15,10,5
"E00103534",12,6,6
"E00103535",5,3,2
"E00103536",4,2,2
"E00103537",3,2,1
"E00103538",7,6,1
"E00103539",7,4,3
"E00103540",11,5,6
"E00103541",5,4,1
"E00103542",6,4,2
"E00103543",5,2,3
"E00103544",1,0,1
"E00103545",2,1,1
"E00103546",4,2,2
"E00103547",7,5,2
"E00103548",4,3,1
"E00103549",1,0,1
"E00103550",17,4,13
"E00103551",8,5,3
"E00103552",1,0,1
"E00103553",7,2,5
"E00103554",2,2,0
"E00103555",5,2,3
"E00103556",1,0,1
"E00103558",12,3,9
"E00103559",1,0,1
"E00103560",10,7,3
"E00103561",12,5,7
"E00103562",6,3,3
"E00103563",4,0,4
"E00103564",3,2,1
"E00103565",1,1,0
"E00103566",7,7,0
"E00103567",2,0,2
"E00103568",1,0,1
"E00103569",6,2,4
"E00103570",0,0,0
"E00103571",0,0,0
"E00103572",3,1,2
"E00103573",10,7,3
"E00103574",4,3,1
"E00103575",2,0,2
"E00103576",3,1,2
"E00103577",6,3,3
"E00103578",11,7,4
"E00103579",5,1,4
"E00103580",5,2,3
"E00103581",4,1,3
"E00103582",5,2,3
"E00103583",7,3,4
"E00103584",5,4,1
"E00103585",8,5,3
"E00103586",14,5,9
"E00103587",10,6,4
"E00103588",6,3,3
"E00103589",2,1,1
"E00103590",4,3,1
"E00103591",15,6,9
"E00103592",1,0,1
"E00103593",6,5,1
"E00103594",4,1,3
"E00103595",13,6,7
"E00103596",12,7,5
"E00103597",5,3,2
"E00103598",6,2,4
"E00103599",13,7,6
"E00103600",6,2,4
"E00103601",11,8,3
"E00103602",5,3,2
"E00103603",8,4,4
"E00103604",2,0,2
"E00103605",7,6,1
"E00103606",6,3,3
"E00103608",0,0,0
"E00103609",5,2,3
"E00103610",9,4,5
"E00103611",11,6,5
"E00103612",8,6,2
"E00103613",10,2,8
"E00103614",11,2,9
"E00103615",6,4,2
"E00103616",9,5,4
"E00103617",7,2,5
"E00103619",10,5,5
"E00103620",5,3,2
"E00103621",12,7,5
"E00103622",3,2,1
"E00103623",10,4,6
"E00103624",8,3,5
"E00103625",7,5,2
"E00103626",1,0,1
"E00103627",1,1,0
"E00103628",4,3,1
"E00103629",3,2,1
"E00103630",1,0,1
"E00103631",7,1,6
"E00103632",6,3,3
"E00103633",5,3,2
"E00103634",7,0,7
"E00103635",8,4,4
"E00103636",2,2,0
"E00103637",8,2,6
"E00103638",11,6,5
"E00103639",7,2,5
"E00103640",13,6,7
"E00103641",7,7,0
"E00103642",7,1,6
"E00103643",5,2,3
"E00103644",13,5,8
"E00103645",8,4,4
"E00103646",2,1,1
"E00103647",9,6,3
"E00103648",19,9,10
"E00103649",4,2,2
"E00103650",3,3,0
"E00103654",6,3,3
"E00103655",7,3,4
"E00103656",15,8,7
"E00103657",8,5,3
"E00103658",7,5,2
"E00103659",5,2,3
"E00103660",1,1,0
"E00103661",5,1,4
"E00103662",11,7,4
"E00103664",2,0,2
"E00103665",5,2,3
"E00103666",9,6,3
"E00103667",5,4,1
"E00103668",4,1,3
"E00103669",8,6,2
"E00103670",8,2,6
"E00103671",6,3,3
"E00103672",0,0,0
"E00103673",12,9,3
"E00103674",1,1,0
"E00103675",4,2,2
"E00103676",3,1,2
"E00103677",4,2,2
"E00103678",8,4,4
"E00103679",1,1,0
"E00103680",2,0,2
"E00103681",3,3,0
"E00103682",4,3,1
"E00103683",5,3,2
"E00103684",4,2,2
"E00103685",2,1,1
"E00103686",0,0,0
"E00103687",7,2,5
"E00103688",4,2,2
"E00103689",6,2,4
"E00103690",4,0,4
"E00103691",12,8,4
"E00103692",2,0,2
"E00103693",6,4,2
"E00103694",16,7,9
"E00103695",2,1,1
"E00103696",10,5,5
"E00103697",5,2,3
"E00103699",0,0,0
"E00103700",2,2,0
"E00103701",6,2,4
"E00103702",4,4,0
"E00103703",8,2,6
"E00103705",3,3,0
"E00103706",6,4,2
"E00103707",9,8,1
"E00103708",5,1,4
"E00103709",7,5,2
"E00103710",11,8,3
"E00103711",8,5,3
"E00103712",11,5,6
"E00103713",15,5,10
"E00103714",6,4,2
"E00103715",7,3,4
"E00103716",2,2,0
"E00103717",7,4,3
"E00103719",1,1,0
"E00103720",12,8,4
"E00103721",5,2,3
"E00103722",2,0,2
"E00103724",1,0,1
"E00103725",0,0,0
"E00103726",9,7,2
"E00103727",7,4,3
"E00103728",6,4,2
"E00103730",8,5,3
"E00103731",5,2,3
"E00103732",4,3,1
"E00103733",7,5,2
"E00103734",2,2,0
"E00103735",5,2,3
"E00103736",7,4,3
"E00103737",4,3,1
"E00103738",9,7,2
"E00103739",11,7,4
"E00103740",8,5,3
"E00103741",2,0,2
"E00103742",1,1,0
"E00103743",0,0,0
"E00103744",4,2,2
"E00103745",6,3,3
"E00103746",3,2,1
"E00103747",7,1,6
"E00103748",9,5,4
"E00103749",5,4,1
"E00103750",14,6,8
"E00103751",5,3,2
"E00103752",1,0,1
"E00103753",11,5,6
"E00103754",6,4,2
"E00103755",5,2,3
"E00103756",5,2,3
"E00103757",9,7,2
"E00103758",5,1,4
"E00103759",8,2,6
"E00103760",5,4,1
"E00103761",5,3,2
"E00103762",2,1,1
"E00103763",2,1,1
"E00103764",4,3,1
"E00103765",4,1,3
"E00103766",13,5,8
"E00103767",11,5,6
"E00103768",9,6,3
"E00103769",5,2,3
"E00103770",1,0,1
"E00103771",5,4,1
"E00103772",2,0,2
"E00103773",15,8,7
"E00103774",7,2,5
"E00103775",6,4,2
"E00103776",2,2,0
"E00103777",6,3,3
"E00103778",15,6,9
"E00103779",15,5,10
"E00103780",9,4,5
"E00103781",1,1,0
"E00103782",2,2,0
"E00103783",3,2,1
"E00103784",0,0,0
"E00103785",3,0,3
"E00103786",3,0,3
"E00103787",0,0,0
"E00103788",6,1,5
"E00103789",4,3,1
"E00103790",6,3,3
"E00103791",5,0,5
"E00103792",4,3,1
"E00103793",5,3,2
"E00103794",1,1,0
"E00103795",1,0,1
"E00103796",4,3,1
"E00103797",5,1,4
"E00103798",3,1,2
"E00103799",10,3,7
"E00103800",3,1,2
"E00103801",5,2,3
"E00103802",3,1,2
"E00103803",6,2,4
"E00103804",4,2,2
"E00103805",3,2,1
"E00103806",3,1,2
"E00103807",1,1,0
"E00103808",5,2,3
"E00103809",0,0,0
"E00103810",0,0,0
"E00103811",5,4,1
"E00103812",5,2,3
"E00103813",3,1,2
"E00103814",2,1,1
"E00103815",7,4,3
"E00103816",8,5,3
"E00103817",1,1,0
"E00103818",7,1,6
"E00103819",4,4,0
"E00103820",3,1,2
"E00103821",1,0,1
"E00103822",5,1,4
"E00103823",3,1,2
"E00103824",8,2,6
"E00103825",2,1,1
"E00103826",3,2,1
"E00103827",1,0,1
"E00103828",1,0,1
"E00103829",0,0,0
"E00103830",2,2,0
"E00103831",5,3,2
"E00103832",2,0,2
"E00103833",3,0,3
"E00103834",10,6,4
"E00103835",9,5,4
"E00103836",3,1,2
"E00103837",6,4,2
"E00103838",12,4,8
"E00103839",12,5,7
"E00103840",5,1,4
"E00103841",2,1,1
"E00103842",4,1,3
"E00103843",3,2,1
"E00103844",6,3,3
"E00103845",2,1,1
"E00103846",6,2,4
"E00103847",8,3,5
"E00103848",4,4,0
"E00103849",4,1,3
"E00103850",4,3,1
"E00103851",0,0,0
"E00103852",4,3,1
"E00103853",7,5,2
"E00103854",3,3,0
"E00103855",1,0,1
"E00103856",0,0,0
"E00103857",5,3,2
"E00103858",4,4,0
"E00103859",6,5,1
"E00103860",3,2,1
"E00103861",8,4,4
"E00103862",5,1,4
"E00103863",0,0,0
"E00103864",0,0,0
"E00103865",4,0,4
"E00103866",8,3,5
"E00103867",2,1,1
"E00103868",9,4,5
"E00103869",3,1,2
"E00103870",1,1,0
"E00103871",3,1,2
"E00103872",8,3,5
"E00103873",6,5,1
"E00103874",14,6,8
"E00103875",2,2,0
"E00103876",4,1,3
"E00103877",6,4,2
"E00103878",4,2,2
"E00103879",5,4,1
"E00103880",7,2,5
"E00103881",4,2,2
"E00103882",6,1,5
"E00103883",3,1,2
"E00103884",1,0,1
"E00103885",6,4,2
"E00103886",5,1,4
"E00103887",18,7,11
"E00103888",5,1,4
"E00103889",18,6,12
"E00103890",1,1,0
"E00103891",1,0,1
"E00103894",6,4,2
"E00103895",1,1,0
"E00103896",1,1,0
"E00103897",3,2,1
"E00103898",2,2,0
"E00103899",1,0,1
"E00103900",6,3,3
"E00103901",0,0,0
"E00103902",1,0,1
"E00103903",2,2,0
"E00103904",3,3,0
"E00103905",6,0,6
"E00103906",5,2,3
"E00103907",7,5,2
"E00103908",6,4,2
"E00103909",2,2,0
"E00103910",9,5,4
"E00103911",8,6,2
"E00103912",4,2,2
"E00103913",3,1,2
"E00103914",8,5,3
"E00103915",8,5,3
"E00103916",5,1,4
"E00103917",3,1,2
"E00103918",4,1,3
"E00103919",8,5,3
"E00103920",3,0,3
"E00103921",0,0,0
"E00103922",5,3,2
"E00103923",4,2,2
"E00103924",1,0,1
"E00103925",2,0,2
"E00103926",5,3,2
"E00103927",0,0,0
"E00103928",0,0,0
"E00103929",2,1,1
"E00103930",2,2,0
"E00103931",1,0,1
"E00103932",7,2,5
"E00103933",0,0,0
"E00103934",7,4,3
"E00103935",8,2,6
"E00103936",2,1,1
"E00103937",5,2,3
"E00103938",4,1,3
"E00103939",3,2,1
"E00103940",6,5,1
"E00103941",4,2,2
"E00103942",8,4,4
"E00103943",4,4,0
"E00103944",4,3,1
"E00103945",4,3,1
"E00103946",3,1,2
"E00103947",1,1,0
"E00103948",4,2,2
"E00103949",1,0,1
"E00103950",0,0,0
"E00103951",5,0,5
"E00103952",2,2,0
"E00103953",5,1,4
"E00103954",4,2,2
"E00103955",2,1,1
"E00103956",4,1,3
"E00103957",7,6,1
"E00103958",1,0,1
"E00103959",1,1,0
"E00103960",6,2,4
"E00103961",4,2,2
"E00103962",6,2,4
"E00103963",7,3,4
"E00103964",13,4,9
"E00103965",12,8,4
"E00103966",11,8,3
"E00103967",6,3,3
"E00103968",7,4,3
"E00103969",5,5,0
"E00103970",0,0,0
"E00103971",12,7,5
"E00103972",4,1,3
"E00103973",2,1,1
"E00103974",4,1,3
"E00103975",6,2,4
"E00103976",2,2,0
"E00103977",3,2,1
"E00103978",7,3,4
"E00103979",2,1,1
"E00103980",11,5,6
"E00103981",14,7,7
"E00103982",17,9,8
"E00103983",7,4,3
"E00103984",7,2,5
"E00103985",5,2,3
"E00103986",13,9,4
"E00103987",9,6,3
"E00103988",4,0,4
"E00103989",4,3,1
"E00103990",1,1,0
"E00103991",6,1,5
"E00103992",5,3,2
"E00103994",6,3,3
"E00103995",4,2,2
"E00103996",4,3,1
"E00103998",1,1,0
"E00103999",6,0,6
"E00104000",10,5,5
"E00104001",1,0,1
"E00104002",1,0,1
"E00104003",5,2,3
"E00104004",8,4,4
"E00104005",6,3,3
"E00104006",4,4,0
"E00104007",5,5,0
"E00104008",3,0,3
"E00104009",10,2,8
"E00104010",4,4,0
"E00104011",4,2,2
"E00104012",3,1,2
"E00104013",2,0,2
"E00104014",6,2,4
"E00104015",2,1,1
"E00104016",0,0,0
"E00104017",3,2,1
"E00104018",4,3,1
"E00104019",7,4,3
"E00104020",3,2,1
"E00104021",2,2,0
"E00104022",4,1,3
"E00104023",6,2,4
"E00104024",2,1,1
"E00104025",2,1,1
"E00104026",1,0,1
"E00104027",3,3,0
"E00104028",1,0,1
"E00104029",4,3,1
"E00104030",4,2,2
"E00104031",5,4,1
"E00104032",2,1,1
"E00104033",10,8,2
"E00104034",3,3,0
"E00104035",2,1,1
"E00104036",3,2,1
"E00104037",5,3,2
"E00104038",7,2,5
"E00104039",5,0,5
"E00104040",3,1,2
"E00104041",9,5,4
"E00104042",1,0,1
"E00104043",7,5,2
"E00104044",6,2,4
"E00104045",1,0,1
"E00104046",5,3,2
"E00104047",6,3,3
"E00104048",1,1,0
"E00104049",7,6,1
"E00104050",2,1,1
"E00104051",0,0,0
"E00104052",6,5,1
"E00104053",7,1,6
"E00104054",2,1,1
"E00104055",5,2,3
"E00104056",4,2,2
"E00104057",1,0,1
"E00104058",5,3,2
"E00104059",1,1,0
"E00104060",10,5,5
"E00104062",5,2,3
"E00104063",4,1,3
"E00104064",3,2,1
"E00104065",2,0,2
"E00104066",2,0,2
"E00104067",10,2,8
"E00104068",4,2,2
"E00104069",3,1,2
"E00104070",2,1,1
"E00104071",10,5,5
"E00104072",7,1,6
"E00104073",7,2,5
"E00104074",5,2,3
"E00104075",9,4,5
"E00104076",6,2,4
"E00104077",4,2,2
"E00104078",4,1,3
"E00104079",11,7,4
"E00104080",3,1,2
"E00104081",12,5,7
"E00104082",15,9,6
"E00104083",15,11,4
"E00104084",6,1,5
"E00104085",4,2,2
"E00104086",12,8,4
"E00104087",14,4,10
"E00104088",6,3,3
"E00104089",3,2,1
"E00104090",1,0,1
"E00104091",4,2,2
"E00104093",6,1,5
"E00104094",5,3,2
"E00104095",7,3,4
"E00104096",5,3,2
"E00104097",5,2,3
"E00104098",6,3,3
"E00104099",3,2,1
"E00104100",5,1,4
"E00104101",4,2,2
"E00104103",12,5,7
"E00104105",5,2,3
"E00104106",13,10,3
"E00104107",6,4,2
"E00104108",2,2,0
"E00104109",6,3,3
"E00104111",1,1,0
"E00104112",4,1,3
"E00104113",4,2,2
"E00104114",14,6,8
"E00104115",1,0,1
"E00104116",6,3,3
"E00104117",15,7,8
"E00104118",2,2,0
"E00104119",2,2,0
"E00104120",5,1,4
"E00104121",3,0,3
"E00104122",4,0,4
"E00104123",13,7,6
"E00104124",0,0,0
"E00104125",2,0,2
"E00104126",6,2,4
"E00104127",1,1,0
"E00104128",8,7,1
"E00104129",10,6,4
"E00104130",7,3,4
"E00104131",11,6,5
"E00104132",11,6,5
"E00104133",10,7,3
"E00104134",5,1,4
"E00104135",2,0,2
"E00104136",1,0,1
"E00104137",6,2,4
"E00104138",5,4,1
"E00104139",9,5,4
"E00104140",7,2,5
"E00104141",10,4,6
"E00104142",9,7,2
"E00104143",3,2,1
"E00104144",7,3,4
"E00104145",1,0,1
"E00104146",5,3,2
"E00104147",12,3,9
"E00104148",6,4,2
"E00104149",5,0,5
"E00104150",5,3,2
"E00104151",3,1,2
"E00104152",3,3,0
"E00104153",7,2,5
"E00104154",1,1,0
"E00104155",1,1,0
"E00104156",3,0,3
"E00104157",4,1,3
"E00104158",9,6,3
"E00104159",6,4,2
"E00104160",2,2,0
"E00104161",8,3,5
"E00104162",12,8,4
"E00104163",7,5,2
"E00104164",6,3,3
"E00104165",6,3,3
"E00104166",15,6,9
"E00104167",13,8,5
"E00104168",3,2,1
"E00104169",7,6,1
"E00104170",8,5,3
"E00104171",8,6,2
"E00104172",6,3,3
"E00104173",5,3,2
"E00104174",4,3,1
"E00104175",6,4,2
"E00104176",5,2,3
"E00104177",2,2,0
"E00104178",7,1,6
"E00104179",8,6,2
"E00104180",4,1,3
"E00104181",4,2,2
"E00104182",5,3,2
"E00104183",3,1,2
"E00104184",2,1,1
"E00104185",15,14,1
"E00104186",13,4,9
"E00104187",9,5,4
"E00104188",6,3,3
"E00104189",0,0,0
"E00104190",1,1,0
"E00104191",3,1,2
"E00104194",4,2,2
"E00104195",5,2,3
"E00104196",15,9,6
"E00104197",9,4,5
"E00104198",3,1,2
"E00104199",2,1,1
"E00104200",10,6,4
"E00104201",0,0,0
"E00104202",5,1,4
"E00104203",11,8,3
"E00104204",0,0,0
"E00104205",0,0,0
"E00104206",0,0,0
"E00104207",1,1,0
"E00104208",0,0,0
"E00104209",4,3,1
"E00104210",3,2,1
"E00104211",5,1,4
"E00104212",4,2,2
"E00104213",7,6,1
"E00104214",7,6,1
"E00104216",1,1,0
"E00104217",14,7,7
"E00104218",3,1,2
"E00104219",3,0,3
"E00104220",1,1,0
"E00104221",7,3,4
"E00104222",1,0,1
"E00104223",9,6,3
"E00104224",5,4,1
"E00104225",9,3,6
"E00104226",2,0,2
"E00104227",11,3,8
"E00104228",7,1,6
"E00104229",5,4,1
"E00104230",5,2,3
"E00104231",2,2,0
"E00104232",10,6,4
"E00104233",5,4,1
"E00104234",2,0,2
"E00104235",3,2,1
"E00104236",5,1,4
"E00104237",1,1,0
"E00104238",2,0,2
"E00104239",0,0,0
"E00104240",1,0,1
"E00104241",4,2,2
"E00104242",2,1,1
"E00104243",2,1,1
"E00104244",1,1,0
"E00104245",3,2,1
"E00104246",5,1,4
"E00104247",1,0,1
"E00104248",3,2,1
"E00104249",2,1,1
"E00104250",2,2,0
"E00104251",6,2,4
"E00104252",1,0,1
"E00104253",2,1,1
"E00104254",3,1,2
"E00104255",1,1,0
"E00104256",6,3,3
"E00104257",3,2,1
"E00104258",4,2,2
"E00104259",1,1,0
"E00104260",0,0,0
"E00104261",0,0,0
"E00104262",2,2,0
"E00104263",4,2,2
"E00104264",1,1,0
"E00104265",4,3,1
"E00104266",3,1,2
"E00104267",5,4,1
"E00104268",1,1,0
"E00104269",6,4,2
"E00104270",4,0,4
"E00104271",4,1,3
"E00104272",7,5,2
"E00104273",5,3,2
"E00104274",2,1,1
"E00104275",3,2,1
"E00104276",1,0,1
"E00104277",2,2,0
"E00104278",3,1,2
"E00104279",2,1,1
"E00104280",7,5,2
"E00104281",1,1,0
"E00104282",4,3,1
"E00104283",4,4,0
"E00104284",7,1,6
"E00104285",1,1,0
"E00104286",4,2,2
"E00104287",7,4,3
"E00104288",9,5,4
"E00104289",11,6,5
"E00104290",5,2,3
"E00104291",4,0,4
"E00104292",7,4,3
"E00104293",5,4,1
"E00104294",1,1,0
"E00104295",1,1,0
"E00104296",2,1,1
"E00104297",2,0,2
"E00104298",3,3,0
"E00104300",1,0,1
"E00104301",2,0,2
"E00104302",3,0,3
"E00104303",2,0,2
"E00104304",4,3,1
"E00104305",2,0,2
"E00104306",1,1,0
"E00104307",3,2,1
"E00104308",3,3,0
"E00104309",5,0,5
"E00104310",3,2,1
"E00104311",2,0,2
"E00104312",3,1,2
"E00104313",4,1,3
"E00104314",0,0,0
"E00104315",1,0,1
"E00104316",1,0,1
"E00104317",1,0,1
"E00104318",4,2,2
"E00104319",4,1,3
"E00104320",1,0,1
"E00104322",5,2,3
"E00104323",3,2,1
"E00104324",1,1,0
"E00104325",0,0,0
"E00104326",2,0,2
"E00104327",5,5,0
"E00104328",5,1,4
"E00104329",1,1,0
"E00104330",3,1,2
"E00104331",3,2,1
"E00104332",1,0,1
"E00104333",3,2,1
"E00104335",3,2,1
"E00104336",0,0,0
"E00104337",2,1,1
"E00104338",4,4,0
"E00104339",0,0,0
"E00104340",2,1,1
"E00104341",6,3,3
"E00104342",4,4,0
"E00104343",7,5,2
"E00104344",1,1,0
"E00104345",5,1,4
"E00104346",2,1,1
"E00104347",3,2,1
"E00104348",6,5,1
"E00104349",2,2,0
"E00104350",1,1,0
"E00104351",2,0,2
"E00104352",2,2,0
"E00104353",2,2,0
"E00104354",1,0,1
"E00104355",4,1,3
"E00104356",5,2,3
"E00104357",3,3,0
"E00104358",2,0,2
"E00104359",3,1,2
"E00104361",2,2,0
"E00104362",3,2,1
"E00104363",4,2,2
"E00104364",2,1,1
"E00104365",7,5,2
"E00104366",4,2,2
"E00104367",3,1,2
"E00104369",5,1,4
"E00104370",1,0,1
"E00104371",3,1,2
"E00104372",2,0,2
"E00104373",0,0,0
"E00104374",2,1,1
"E00104375",3,2,1
"E00104376",3,1,2
"E00104377",1,0,1
"E00104378",2,0,2
"E00104379",1,0,1
"E00104380",2,0,2
"E00104381",1,0,1
"E00104382",1,0,1
"E00104383",1,0,1
"E00104384",1,1,0
"E00104385",4,4,0
"E00104386",2,1,1
"E00104387",2,1,1
"E00104388",2,1,1
"E00104389",2,1,1
"E00104390",11,9,2
"E00104391",0,0,0
"E00104392",4,1,3
"E00104393",4,0,4
"E00104394",3,1,2
"E00104395",5,3,2
"E00104396",10,5,5
"E00104397",5,2,3
"E00104398",5,3,2
"E00104399",3,1,2
"E00104400",6,0,6
"E00104401",2,1,1
"E00104402",7,2,5
"E00104403",1,0,1
"E00104404",2,1,1
"E00104405",3,1,2
"E00104406",1,1,0
"E00104407",2,1,1
"E00104408",0,0,0
"E00104409",0,0,0
"E00104410",1,1,0
"E00104411",1,1,0
"E00104412",4,1,3
"E00104413",3,1,2
"E00104414",1,0,1
"E00104415",2,1,1
"E00104416",5,2,3
"E00104417",5,3,2
"E00104418",2,0,2
"E00104419",0,0,0
"E00104420",6,2,4
"E00104421",0,0,0
"E00104422",1,1,0
"E00104423",2,1,1
"E00104424",1,1,0
"E00104425",5,2,3
"E00104426",6,3,3
"E00104427",9,6,3
"E00104428",4,3,1
"E00104429",8,1,7
"E00104430",5,3,2
"E00104431",4,3,1
"E00104432",8,5,3
"E00104433",4,0,4
"E00104434",8,6,2
"E00104435",5,2,3
"E00104436",4,3,1
"E00104437",1,1,0
"E00104438",8,4,4
"E00104439",3,2,1
"E00104440",2,1,1
"E00104441",4,2,2
"E00104442",7,4,3
"E00104443",6,3,3
"E00104444",1,0,1
"E00104445",5,1,4
"E00104446",0,0,0
"E00104447",5,3,2
"E00104448",5,3,2
"E00104449",2,0,2
"E00104450",6,2,4
"E00104451",1,0,1
"E00104452",3,1,2
"E00104453",5,2,3
"E00104454",0,0,0
"E00104455",1,1,0
"E00104456",7,6,1
"E00104457",3,1,2
"E00104458",1,0,1
"E00104459",0,0,0
"E00104460",2,1,1
"E00104461",1,0,1
"E00104462",3,2,1
"E00104463",1,0,1
"E00104464",0,0,0
"E00104465",0,0,0
"E00104466",2,1,1
"E00104467",2,0,2
"E00104468",1,0,1
"E00104469",1,0,1
"E00104470",0,0,0
"E00104471",4,3,1
"E00104472",8,3,5
"E00104473",2,1,1
"E00104474",7,2,5
"E00104475",1,0,1
"E00104476",9,5,4
"E00104477",1,0,1
"E00104478",1,1,0
"E00104479",0,0,0
"E00104480",1,0,1
"E00104481",1,0,1
"E00104482",3,1,2
"E00104483",5,4,1
"E00104484",3,2,1
"E00104485",4,1,3
"E00104486",1,0,1
"E00104487",3,2,1
"E00104488",1,1,0
"E00104489",1,1,0
"E00104490",3,2,1
"E00104491",2,0,2
"E00104492",0,0,0
"E00104493",4,1,3
"E00104494",0,0,0
"E00104495",3,1,2
"E00104496",1,1,0
"E00104497",2,2,0
"E00104498",0,0,0
"E00104499",3,2,1
"E00104500",3,2,1
"E00104501",3,1,2
"E00104502",2,1,1
"E00104503",0,0,0
"E00104504",3,1,2
"E00104505",1,0,1
"E00104506",7,4,3
"E00104507",17,9,8
"E00104508",0,0,0
"E00104509",4,2,2
"E00104510",2,2,0
"E00104511",1,1,0
"E00104512",2,1,1
"E00104513",2,1,1
"E00104514",4,3,1
"E00104515",3,3,0
"E00104516",4,3,1
"E00104517",0,0,0
"E00104518",2,1,1
"E00104519",7,3,4
"E00104520",2,1,1
"E00104521",0,0,0
"E00104522",1,0,1
"E00104523",6,3,3
"E00104524",0,0,0
"E00104525",0,0,0
"E00104526",1,1,0
"E00104527",10,5,5
"E00104528",2,1,1
"E00104529",1,0,1
"E00104530",5,2,3
"E00104531",9,8,1
"E00104532",5,4,1
"E00104533",8,3,5
"E00104534",10,7,3
"E00104535",3,2,1
"E00104536",8,4,4
"E00104537",2,2,0
"E00104538",3,2,1
"E00104539",4,3,1
"E00104540",0,0,0
"E00104541",1,1,0
"E00104542",1,1,0
"E00104543",2,1,1
"E00104544",1,1,0
"E00104545",0,0,0
"E00104546",0,0,0
"E00104547",1,1,0
"E00104548",2,1,1
"E00104549",2,0,2
"E00104550",2,2,0
"E00104551",3,1,2
"E00104552",2,2,0
"E00104553",6,3,3
"E00104554",2,2,0
"E00104555",2,2,0
"E00104556",2,1,1
"E00104557",7,4,3
"E00104558",3,3,0
"E00104559",5,4,1
"E00104560",3,2,1
"E00104561",0,0,0
"E00104562",0,0,0
"E00104563",0,0,0
"E00104564",2,0,2
"E00104566",2,2,0
"E00104567",5,1,4
"E00104568",2,0,2
"E00104569",3,1,2
"E00104570",5,0,5
"E00104571",3,2,1
"E00104572",4,2,2
"E00104573",5,1,4
"E00104574",4,2,2
"E00104575",0,0,0
"E00104576",6,2,4
"E00104577",2,0,2
"E00104578",3,1,2
"E00104579",0,0,0
"E00104580",1,1,0
"E00104581",2,0,2
"E00104582",0,0,0
"E00104583",4,2,2
"E00104584",1,0,1
"E00104585",1,1,0
"E00104586",3,1,2
"E00104587",0,0,0
"E00104588",0,0,0
"E00104589",1,1,0
"E00104590",1,0,1
"E00104591",2,1,1
"E00104592",2,2,0
"E00104593",0,0,0
"E00104594",6,2,4
"E00104595",2,2,0
"E00104596",3,1,2
"E00104597",1,0,1
"E00104598",0,0,0
"E00104599",0,0,0
"E00104600",4,3,1
"E00104601",0,0,0
"E00104602",1,1,0
"E00104603",3,2,1
"E00104604",1,0,1
"E00104605",1,0,1
"E00104606",4,3,1
"E00104607",2,0,2
"E00104608",0,0,0
"E00104609",1,0,1
"E00104610",3,1,2
"E00104611",4,1,3
"E00104612",5,4,1
"E00104613",1,1,0
"E00104614",2,0,2
"E00104615",0,0,0
"E00104616",7,4,3
"E00104617",2,1,1
"E00104618",1,0,1
"E00104619",0,0,0
"E00104620",5,2,3
"E00104621",1,1,0
"E00104622",0,0,0
"E00104623",3,1,2
"E00104624",4,1,3
"E00104625",1,1,0
"E00104626",3,2,1
"E00104627",3,2,1
"E00104628",2,1,1
"E00104629",2,2,0
"E00104630",6,3,3
"E00104631",4,3,1
"E00104632",4,4,0
"E00104633",6,2,4
"E00104634",2,0,2
"E00104635",7,3,4
"E00104636",0,0,0
"E00104637",0,0,0
"E00104638",0,0,0
"E00104639",3,2,1
"E00104640",0,0,0
"E00104641",0,0,0
"E00104642",2,1,1
"E00104643",0,0,0
"E00104644",0,0,0
"E00104645",0,0,0
"E00104646",2,0,2
"E00104647",2,0,2
"E00104648",2,2,0
"E00104649",0,0,0
"E00104650",0,0,0
"E00104651",2,1,1
"E00104652",0,0,0
"E00104653",6,3,3
"E00104654",9,3,6
"E00104655",1,1,0
"E00104656",5,2,3
"E00104657",9,6,3
"E00104658",2,1,1
"E00104659",2,1,1
"E00104660",5,3,2
"E00104661",2,0,2
"E00104662",10,4,6
"E00104663",9,5,4
"E00104664",3,1,2
"E00104665",2,1,1
"E00104666",0,0,0
"E00104667",1,1,0
"E00104668",0,0,0
"E00104669",1,1,0
"E00104670",0,0,0
"E00104671",1,1,0
"E00104672",2,1,1
"E00104673",0,0,0
"E00104674",0,0,0
"E00104675",1,1,0
"E00104676",1,1,0
"E00104677",0,0,0
"E00104678",10,2,8
"E00104679",5,0,5
"E00104680",1,0,1
"E00104681",1,0,1
"E00104682",0,0,0
"E00104683",2,2,0
"E00104684",4,4,0
"E00104685",3,0,3
"E00104686",2,2,0
"E00104687",0,0,0
"E00104688",0,0,0
"E00104689",7,2,5
"E00104690",1,1,0
"E00104691",2,0,2
"E00104692",1,0,1
"E00104693",1,0,1
"E00104694",2,1,1
"E00104695",2,1,1
"E00104696",6,1,5
"E00104697",1,0,1
"E00104698",4,1,3
"E00104699",1,1,0
"E00104700",0,0,0
"E00104701",5,2,3
"E00104702",4,2,2
"E00104703",9,5,4
"E00104704",0,0,0
"E00104705",7,4,3
"E00104706",2,0,2
"E00104707",7,1,6
"E00104708",5,3,2
"E00104709",4,2,2
"E00104710",5,3,2
"E00104711",1,0,1
"E00104712",3,3,0
"E00104713",1,0,1
"E00104714",4,2,2
"E00104715",2,1,1
"E00104716",0,0,0
"E00104717",2,1,1
"E00104718",3,2,1
"E00104719",4,1,3
"E00104720",3,2,1
"E00104721",2,1,1
"E00104722",4,0,4
"E00104723",2,1,1
"E00104725",5,3,2
"E00104726",6,4,2
"E00104727",1,1,0
"E00104729",2,0,2
"E00104730",1,0,1
"E00104731",2,0,2
"E00104732",0,0,0
"E00104733",3,2,1
"E00104734",1,0,1
"E00104735",6,3,3
"E00104736",8,2,6
"E00104737",4,3,1
"E00104738",1,0,1
"E00104739",5,1,4
"E00104740",0,0,0
"E00104741",4,2,2
"E00104742",1,0,1
"E00104743",0,0,0
"E00104744",3,1,2
"E00104745",3,1,2
"E00104746",2,2,0
"E00104748",2,1,1
"E00104749",3,1,2
"E00104750",3,0,3
"E00104751",1,1,0
"E00104752",1,1,0
"E00104753",1,1,0
"E00104754",7,4,3
"E00104755",0,0,0
"E00104756",1,0,1
"E00104757",1,1,0
"E00104758",2,1,1
"E00104759",3,2,1
"E00104760",1,0,1
"E00104761",3,0,3
"E00104762",0,0,0
"E00104763",0,0,0
"E00104764",0,0,0
"E00104765",0,0,0
"E00104766",0,0,0
"E00104767",2,0,2
"E00104768",6,4,2
"E00104769",1,1,0
"E00104770",1,1,0
"E00104771",0,0,0
"E00104772",1,0,1
"E00104773",0,0,0
"E00104774",0,0,0
"E00104775",2,2,0
"E00104776",0,0,0
"E00104777",0,0,0
"E00104778",4,1,3
"E00104779",5,1,4
"E00104780",2,1,1
"E00104781",2,0,2
"E00104782",5,4,1
"E00104785",0,0,0
"E00104786",0,0,0
"E00104787",2,1,1
"E00104788",0,0,0
"E00104789",1,1,0
"E00104790",4,2,2
"E00104791",1,1,0
"E00104792",5,2,3
"E00104793",4,4,0
"E00104794",1,0,1
"E00104795",5,2,3
"E00104796",2,1,1
"E00104797",4,1,3
"E00104798",1,0,1
"E00104799",2,0,2
"E00104800",1,0,1
"E00104801",3,2,1
"E00104802",5,3,2
"E00104803",1,0,1
"E00104804",11,4,7
"E00104805",8,4,4
"E00104806",4,2,2
"E00104807",3,2,1
"E00104808",2,2,0
"E00104809",3,1,2
"E00104810",1,0,1
"E00104812",0,0,0
"E00104813",8,3,5
"E00104814",1,0,1
"E00104815",1,0,1
"E00104816",2,2,0
"E00104817",5,3,2
"E00104818",2,2,0
"E00104819",5,2,3
"E00104820",2,2,0
"E00104821",5,3,2
"E00104822",8,6,2
"E00104823",3,0,3
"E00104824",3,2,1
"E00104825",0,0,0
"E00104826",0,0,0
"E00104827",1,0,1
"E00104828",1,0,1
"E00104829",0,0,0
"E00104830",3,1,2
"E00104831",2,1,1
"E00104832",6,5,1
"E00104833",2,0,2
"E00104834",1,1,0
"E00104835",3,1,2
"E00104836",6,4,2
"E00104837",1,0,1
"E00104838",1,0,1
"E00104839",2,1,1
"E00104840",3,2,1
"E00104841",8,6,2
"E00104842",4,2,2
"E00104843",4,1,3
"E00104844",4,2,2
"E00104845",0,0,0
"E00104846",9,5,4
"E00104847",3,1,2
"E00104848",3,0,3
"E00104849",3,1,2
"E00104850",6,3,3
"E00104851",2,0,2
"E00104852",4,1,3
"E00104853",4,3,1
"E00104854",7,2,5
"E00104855",5,3,2
"E00104856",13,8,5
"E00104857",11,8,3
"E00104858",2,2,0
"E00104859",5,3,2
"E00104860",0,0,0
"E00104861",5,3,2
"E00104862",0,0,0
"E00104863",5,0,5
"E00104864",1,0,1
"E00104865",5,4,1
"E00104866",2,0,2
"E00104867",1,0,1
"E00104868",1,1,0
"E00104869",0,0,0
"E00104870",3,2,1
"E00104871",1,0,1
"E00104872",1,1,0
"E00104873",1,0,1
"E00104874",3,2,1
"E00104875",0,0,0
"E00104876",2,1,1
"E00104877",0,0,0
"E00104878",0,0,0
"E00104879",1,1,0
"E00104880",3,3,0
"E00104881",0,0,0
"E00104882",4,2,2
"E00104883",2,1,1
"E00104884",0,0,0
"E00104885",8,3,5
"E00104886",0,0,0
"E00104887",1,1,0
"E00104888",0,0,0
"E00104889",0,0,0
"E00104890",1,1,0
"E00104891",1,0,1
"E00104892",1,0,1
"E00104893",1,0,1
"E00104894",2,1,1
"E00104895",4,2,2
"E00104896",2,0,2
"E00104897",2,1,1
"E00104898",0,0,0
"E00104899",1,0,1
"E00104900",0,0,0
"E00104901",0,0,0
"E00104902",0,0,0
"E00104903",0,0,0
"E00104904",1,0,1
"E00104905",0,0,0
"E00104906",1,0,1
"E00104907",2,1,1
"E00104908",1,0,1
"E00104909",1,1,0
"E00104910",1,1,0
"E00104911",0,0,0
"E00104912",0,0,0
"E00104913",2,2,0
"E00104914",2,0,2
"E00104915",5,2,3
"E00104916",2,1,1
"E00104917",0,0,0
"E00104918",0,0,0
"E00104919",3,2,1
"E00104920",3,1,2
"E00104921",5,1,4
"E00104922",3,2,1
"E00104923",2,0,2
"E00104924",0,0,0
"E00104925",0,0,0
"E00104926",1,0,1
"E00104927",0,0,0
"E00104928",5,2,3
"E00104929",10,1,9
"E00104930",0,0,0
"E00104932",4,2,2
"E00104933",0,0,0
"E00104934",2,0,2
"E00104935",4,1,3
"E00104936",1,0,1
"E00104937",8,4,4
"E00104938",2,0,2
"E00104940",1,0,1
"E00104941",2,0,2
"E00104942",2,1,1
"E00104943",3,3,0
"E00104944",2,0,2
"E00104945",3,0,3
"E00104946",4,2,2
"E00104947",5,2,3
"E00104948",3,3,0
"E00104949",3,1,2
"E00104950",1,1,0
"E00104951",5,3,2
"E00104952",7,3,4
"E00104953",5,3,2
"E00104954",3,2,1
"E00104955",2,1,1
"E00104956",3,2,1
"E00104957",2,1,1
"E00104958",13,4,9
"E00104959",2,1,1
"E00104960",6,3,3
"E00104961",2,2,0
"E00104962",16,10,6
"E00104963",7,5,2
"E00104964",5,3,2
"E00104965",5,1,4
"E00104966",4,2,2
"E00104967",11,7,4
"E00104968",2,1,1
"E00104969",2,1,1
"E00104970",0,0,0
"E00104971",2,0,2
"E00104972",1,0,1
"E00104973",0,0,0
"E00104974",2,1,1
"E00104975",0,0,0
"E00104976",0,0,0
"E00104977",2,0,2
"E00104978",3,2,1
"E00104979",4,0,4
"E00104980",1,1,0
"E00104981",3,1,2
"E00104982",1,0,1
"E00104983",1,1,0
"E00104984",1,1,0
"E00104985",8,5,3
"E00104986",1,0,1
"E00104987",2,2,0
"E00104988",0,0,0
"E00104989",7,2,5
"E00104990",0,0,0
"E00104991",1,0,1
"E00104992",1,0,1
"E00104993",3,0,3
"E00104994",4,2,2
"E00104995",2,1,1
"E00104996",7,3,4
"E00104997",5,4,1
"E00104998",2,0,2
"E00104999",3,1,2
"E00105000",3,1,2
"E00105001",2,0,2
"E00105002",2,1,1
"E00105003",0,0,0
"E00105004",5,1,4
"E00105005",5,3,2
"E00105006",2,1,1
"E00105007",0,0,0
"E00105008",0,0,0
"E00105009",2,1,1
"E00105010",5,2,3
"E00105011",2,1,1
"E00105012",4,1,3
"E00105013",1,0,1
"E00105014",4,0,4
"E00105015",1,0,1
"E00105016",1,1,0
"E00105017",2,1,1
"E00105018",4,3,1
"E00105019",2,0,2
"E00105020",2,1,1
"E00105021",2,2,0
"E00105022",0,0,0
"E00105023",6,4,2
"E00105024",3,2,1
"E00105025",5,3,2
"E00105026",2,0,2
"E00105027",4,1,3
"E00105028",8,2,6
"E00105029",2,2,0
"E00105030",2,2,0
"E00105031",0,0,0
"E00105032",6,4,2
"E00105033",0,0,0
"E00105034",0,0,0
"E00105035",8,3,5
"E00105036",0,0,0
"E00105037",3,1,2
"E00105038",2,0,2
"E00105039",5,4,1
"E00105040",1,0,1
"E00105041",1,1,0
"E00105042",6,3,3
"E00105043",2,1,1
"E00105044",3,2,1
"E00105045",1,0,1
"E00105046",0,0,0
"E00105047",4,2,2
"E00105048",16,13,3
"E00105049",15,11,4
"E00105050",10,6,4
"E00105051",3,0,3
"E00105052",8,5,3
"E00105053",13,10,3
"E00105054",7,1,6
"E00105055",12,8,4
"E00105056",7,4,3
"E00105058",13,4,9
"E00105059",12,5,7
"E00105060",7,3,4
"E00105061",0,0,0
"E00105062",2,1,1
"E00105063",4,3,1
"E00105064",3,3,0
"E00105065",2,1,1
"E00105066",0,0,0
"E00105067",0,0,0
"E00105068",2,1,1
"E00105069",2,2,0
"E00105070",0,0,0
"E00105071",2,0,2
"E00105072",3,2,1
"E00105073",0,0,0
"E00105074",1,0,1
"E00105075",0,0,0
"E00105077",4,3,1
"E00105078",8,1,7
"E00105079",5,3,2
"E00105080",60,33,27
"E00105081",5,2,3
"E00105082",2,1,1
"E00105083",0,0,0
"E00105084",10,3,7
"E00105085",1,1,0
"E00105086",20,7,13
"E00105087",1,0,1
"E00105088",0,0,0
"E00105089",7,4,3
"E00105090",4,2,2
"E00105091",1,0,1
"E00105092",2,1,1
"E00105093",11,4,7
"E00105094",5,3,2
"E00105095",7,5,2
"E00105096",16,5,11
"E00105097",5,3,2
"E00105098",1,0,1
"E00105099",3,0,3
"E00105100",13,5,8
"E00105101",7,4,3
"E00105102",5,3,2
"E00105104",9,6,3
"E00105105",12,4,8
"E00105106",7,5,2
"E00105107",12,5,7
"E00105108",10,6,4
"E00105109",3,3,0
"E00105110",0,0,0
"E00105111",0,0,0
"E00105112",3,3,0
"E00105113",7,3,4
"E00105114",0,0,0
"E00105115",4,0,4
"E00105116",4,2,2
"E00105117",0,0,0
"E00105118",2,1,1
"E00105119",1,1,0
"E00105120",2,1,1
"E00105121",3,1,2
"E00105122",3,1,2
"E00105123",3,1,2
"E00105124",2,1,1
"E00105125",3,2,1
"E00105126",0,0,0
"E00105127",6,2,4
"E00105128",4,1,3
"E00105129",12,5,7
"E00105130",4,2,2
"E00105131",6,4,2
"E00105132",0,0,0
"E00105133",3,3,0
"E00105134",6,2,4
"E00105135",3,1,2
"E00105136",9,2,7
"E00105137",7,5,2
"E00105138",7,3,4
"E00105139",4,2,2
"E00105140",6,5,1
"E00105141",8,4,4
"E00105142",1,1,0
"E00105143",8,5,3
"E00105144",9,7,2
"E00105145",7,1,6
"E00105146",3,0,3
"E00105147",8,5,3
"E00105148",1,0,1
"E00105149",5,1,4
"E00105150",4,2,2
"E00105151",0,0,0
"E00105152",9,5,4
"E00105153",0,0,0
"E00105154",6,5,1
"E00105155",3,1,2
"E00105156",8,2,6
"E00105157",2,2,0
"E00105158",0,0,0
"E00105159",1,0,1
"E00105160",2,1,1
"E00105161",0,0,0
"E00105162",1,0,1
"E00105163",0,0,0
"E00105164",4,3,1
"E00105165",2,2,0
"E00105166",1,1,0
"E00105167",0,0,0
"E00105168",0,0,0
"E00105169",1,0,1
"E00105170",3,0,3
"E00105171",2,0,2
"E00105172",7,2,5
"E00105173",7,5,2
"E00105174",4,2,2
"E00105175",6,3,3
"E00105176",1,1,0
"E00105177",0,0,0
"E00105178",1,1,0
"E00105179",1,0,1
"E00105180",5,3,2
"E00105181",0,0,0
"E00105182",0,0,0
"E00105183",4,0,4
"E00105184",4,2,2
"E00105186",2,2,0
"E00105188",7,5,2
"E00105189",5,4,1
"E00105190",0,0,0
"E00105191",3,2,1
"E00105192",3,0,3
"E00105193",1,0,1
"E00105194",5,4,1
"E00105195",4,1,3
"E00105196",1,0,1
"E00105197",5,3,2
"E00105198",2,2,0
"E00105199",0,0,0
"E00105200",2,2,0
"E00105201",1,1,0
"E00105202",2,0,2
"E00105203",1,0,1
"E00105204",1,1,0
"E00105205",0,0,0
"E00105206",9,8,1
"E00105207",10,4,6
"E00105208",5,1,4
"E00105209",16,11,5
"E00105211",1,1,0
"E00105212",1,1,0
"E00105213",3,2,1
"E00105214",4,2,2
"E00105215",1,1,0
"E00105216",1,0,1
"E00105217",2,2,0
"E00105218",1,1,0
"E00105219",1,1,0
"E00105220",3,3,0
"E00105221",2,0,2
"E00105222",0,0,0
"E00105223",3,1,2
"E00105224",5,1,4
"E00105225",2,2,0
"E00105226",0,0,0
"E00105227",5,3,2
"E00105228",0,0,0
"E00105229",1,1,0
"E00105230",2,0,2
"E00105231",0,0,0
"E00105232",2,2,0
"E00105233",0,0,0
"E00105234",0,0,0
"E00105235",0,0,0
"E00105236",2,2,0
"E00105237",1,0,1
"E00105238",4,2,2
"E00105239",2,1,1
"E00105240",1,1,0
"E00105241",0,0,0
"E00105242",0,0,0
"E00105243",1,0,1
"E00105244",1,1,0
"E00105245",0,0,0
"E00105246",5,4,1
"E00105247",2,1,1
"E00105248",4,2,2
"E00105249",0,0,0
"E00105250",0,0,0
"E00105251",2,1,1
"E00105252",1,0,1
"E00105253",0,0,0
"E00105254",1,0,1
"E00105255",0,0,0
"E00105256",0,0,0
"E00105257",2,1,1
"E00105258",3,3,0
"E00105259",1,0,1
"E00105260",0,0,0
"E00105261",9,3,6
"E00105262",2,1,1
"E00105263",1,0,1
"E00105264",0,0,0
"E00105265",2,1,1
"E00105266",4,2,2
"E00105267",1,1,0
"E00105268",0,0,0
"E00105269",2,1,1
"E00105270",1,1,0
"E00105271",2,1,1
"E00105272",1,0,1
"E00105273",1,1,0
"E00105274",0,0,0
"E00105275",5,1,4
"E00105276",2,1,1
"E00105277",3,2,1
"E00105278",0,0,0
"E00105279",0,0,0
"E00105280",0,0,0
"E00105281",0,0,0
"E00105282",2,1,1
"E00105283",0,0,0
"E00105284",5,2,3
"E00105285",0,0,0
"E00105286",2,0,2
"E00105287",0,0,0
"E00105289",0,0,0
"E00105290",1,0,1
"E00105292",2,2,0
"E00105293",4,2,2
"E00105294",0,0,0
"E00105295",0,0,0
"E00105296",3,2,1
"E00105297",1,0,1
"E00105298",1,1,0
"E00105299",7,3,4
"E00105300",0,0,0
"E00105301",1,0,1
"E00105302",1,1,0
"E00105303",1,1,0
"E00105304",2,0,2
"E00105305",1,0,1
"E00105306",1,0,1
"E00105307",0,0,0
"E00105308",2,1,1
"E00105309",2,2,0
"E00105310",0,0,0
"E00105311",5,1,4
"E00105312",0,0,0
"E00105313",3,1,2
"E00105314",0,0,0
"E00105315",0,0,0
"E00105316",2,1,1
"E00105317",3,1,2
"E00105318",5,2,3
"E00105319",4,4,0
"E00105320",2,2,0
"E00105321",1,1,0
"E00105322",0,0,0
"E00105323",1,1,0
"E00105324",3,2,1
"E00105325",2,0,2
"E00105326",1,0,1
"E00105327",1,1,0
"E00105328",1,0,1
"E00105329",3,1,2
"E00105330",0,0,0
"E00105331",1,0,1
"E00105332",1,0,1
"E00105333",4,2,2
"E00105334",2,1,1
"E00105335",1,0,1
"E00105336",3,3,0
"E00105337",2,0,2
"E00105338",3,1,2
"E00105339",2,2,0
"E00105340",1,1,0
"E00105341",3,3,0
"E00105342",6,1,5
"E00105343",0,0,0
"E00105344",2,1,1
"E00105345",1,0,1
"E00105346",4,2,2
"E00105347",0,0,0
"E00105348",6,1,5
"E00105349",4,2,2
"E00105350",3,0,3
"E00105351",0,0,0
"E00105352",0,0,0
"E00105353",2,2,0
"E00105354",0,0,0
"E00105355",7,1,6
"E00105356",0,0,0
"E00105357",2,0,2
"E00105358",0,0,0
"E00105359",1,0,1
"E00105360",0,0,0
"E00105361",0,0,0
"E00105362",2,2,0
"E00105363",4,2,2
"E00105364",1,0,1
"E00105365",1,1,0
"E00105366",0,0,0
"E00105367",0,0,0
"E00105368",2,1,1
"E00105369",1,0,1
"E00105370",0,0,0
"E00105371",1,0,1
"E00105372",0,0,0
"E00105373",0,0,0
"E00105374",2,1,1
"E00105375",0,0,0
"E00105376",2,0,2
"E00105377",2,2,0
"E00105378",4,2,2
"E00105379",1,1,0
"E00105380",3,1,2
"E00105381",1,1,0
"E00105382",1,1,0
"E00105383",1,1,0
"E00105384",1,1,0
"E00105385",0,0,0
"E00105386",2,1,1
"E00105387",1,1,0
"E00105388",1,0,1
"E00105389",2,2,0
"E00105390",0,0,0
"E00105391",1,1,0
"E00105392",1,1,0
"E00105393",4,2,2
"E00105394",1,0,1
"E00105395",1,1,0
"E00105396",3,1,2
"E00105397",1,0,1
"E00105398",0,0,0
"E00105399",2,1,1
"E00105400",1,0,1
"E00105401",1,0,1
"E00105403",1,1,0
"E00105404",5,2,3
"E00105405",2,1,1
"E00105406",2,2,0
"E00105407",0,0,0
"E00105408",1,0,1
"E00105409",3,0,3
"E00105410",0,0,0
"E00105411",2,0,2
"E00105412",0,0,0
"E00105413",3,1,2
"E00105414",4,4,0
"E00105415",1,0,1
"E00105417",1,1,0
"E00105418",1,1,0
"E00105419",1,0,1
"E00105420",0,0,0
"E00105421",0,0,0
"E00105422",0,0,0
"E00105423",2,0,2
"E00105424",3,2,1
"E00105425",3,1,2
"E00105426",1,0,1
"E00105427",0,0,0
"E00105428",1,1,0
"E00105429",0,0,0
"E00105430",0,0,0
"E00105431",1,0,1
"E00105432",2,1,1
"E00105433",2,0,2
"E00105434",1,0,1
"E00105435",7,3,4
"E00105436",2,0,2
"E00105437",4,3,1
"E00105438",0,0,0
"E00105439",5,1,4
"E00105440",4,1,3
"E00105441",2,1,1
"E00105442",0,0,0
"E00105443",1,0,1
"E00105444",0,0,0
"E00105445",1,1,0
"E00105446",1,0,1
"E00105447",3,1,2
"E00105448",1,1,0
"E00105449",6,2,4
"E00105450",6,2,4
"E00105451",2,1,1
"E00105452",0,0,0
"E00105453",1,0,1
"E00105454",2,1,1
"E00105455",0,0,0
"E00105456",2,2,0
"E00105457",1,1,0
"E00105458",0,0,0
"E00105459",2,1,1
"E00105460",1,0,1
"E00105461",2,2,0
"E00105462",4,2,2
"E00105463",5,4,1
"E00105464",0,0,0
"E00105465",2,2,0
"E00105466",1,0,1
"E00105467",2,2,0
"E00105468",0,0,0
"E00105469",1,0,1
"E00105470",0,0,0
"E00105472",4,1,3
"E00105473",1,0,1
"E00105474",1,1,0
"E00105475",1,0,1
"E00105476",1,1,0
"E00105477",1,1,0
"E00105478",2,0,2
"E00105479",0,0,0
"E00105480",1,1,0
"E00105481",4,3,1
"E00105482",0,0,0
"E00105483",0,0,0
"E00105484",4,1,3
"E00105485",0,0,0
"E00105486",1,0,1
"E00105487",0,0,0
"E00105488",1,0,1
"E00105489",3,2,1
"E00105490",2,1,1
"E00105491",0,0,0
"E00105492",2,2,0
"E00105493",1,1,0
"E00105494",3,2,1
"E00105495",1,1,0
"E00105496",0,0,0
"E00105497",1,0,1
"E00105498",4,1,3
"E00105499",0,0,0
"E00105500",3,2,1
"E00105501",2,1,1
"E00105502",0,0,0
"E00105503",0,0,0
"E00105504",3,1,2
"E00105505",5,2,3
"E00105506",1,1,0
"E00105507",1,1,0
"E00105508",5,1,4
"E00105509",2,2,0
"E00105510",1,1,0
"E00105511",3,1,2
"E00105512",2,1,1
"E00105513",0,0,0
"E00105514",0,0,0
"E00105515",3,1,2
"E00105517",6,5,1
"E00105518",4,0,4
"E00105519",2,2,0
"E00105520",0,0,0
"E00105521",0,0,0
"E00105522",1,1,0
"E00105523",2,0,2
"E00105524",1,0,1
"E00105525",4,3,1
"E00105526",0,0,0
"E00105527",3,1,2
"E00105528",11,7,4
"E00105529",1,0,1
"E00105530",3,3,0
"E00105531",5,2,3
"E00105532",2,1,1
"E00105533",0,0,0
"E00105534",1,1,0
"E00105535",2,0,2
"E00105536",1,0,1
"E00105537",0,0,0
"E00105538",1,0,1
"E00105539",2,1,1
"E00105540",2,1,1
"E00105541",1,1,0
"E00105542",1,1,0
"E00105543",0,0,0
"E00105544",3,2,1
"E00105545",1,1,0
"E00105546",1,0,1
"E00105547",4,0,4
"E00105548",3,1,2
"E00105549",1,1,0
"E00105550",1,1,0
"E00105551",0,0,0
"E00105552",0,0,0
"E00105553",1,1,0
"E00105554",2,1,1
"E00105555",0,0,0
"E00105556",0,0,0
"E00105557",1,0,1
"E00105558",1,0,1
"E00105559",0,0,0
"E00105560",1,0,1
"E00105561",3,2,1
"E00105562",1,0,1
"E00105563",3,2,1
"E00105564",9,3,6
"E00105565",0,0,0
"E00105566",1,1,0
"E00105568",3,1,2
"E00105569",3,0,3
"E00105570",4,3,1
"E00105571",5,4,1
"E00105572",1,1,0
"E00105573",2,1,1
"E00105574",0,0,0
"E00105575",4,1,3
"E00105576",3,1,2
"E00105577",3,1,2
"E00105578",0,0,0
"E00105579",3,2,1
"E00105580",0,0,0
"E00105581",0,0,0
"E00105582",4,2,2
"E00105583",0,0,0
"E00105584",1,1,0
"E00105585",0,0,0
"E00105586",3,3,0
"E00105587",4,0,4
"E00105588",4,4,0
"E00105589",0,0,0
"E00105590",1,0,1
"E00105591",2,1,1
"E00105592",1,1,0
"E00105593",1,1,0
"E00105594",2,1,1
"E00105595",4,1,3
"E00105596",3,1,2
"E00105597",0,0,0
"E00105598",4,2,2
"E00105599",1,1,0
"E00105600",2,1,1
"E00105601",2,2,0
"E00105602",0,0,0
"E00105603",1,0,1
"E00105604",1,1,0
"E00105605",6,3,3
"E00105606",1,0,1
"E00105607",2,1,1
"E00105608",4,4,0
"E00105609",5,4,1
"E00105610",5,2,3
"E00105611",2,2,0
"E00105612",0,0,0
"E00105613",6,1,5
"E00105614",1,0,1
"E00105615",1,1,0
"E00105616",1,1,0
"E00105617",2,2,0
"E00105618",7,5,2
"E00105619",0,0,0
"E00105620",0,0,0
"E00105621",2,1,1
"E00105622",1,1,0
"E00105624",5,2,3
"E00105625",4,2,2
"E00105626",5,4,1
"E00105627",7,4,3
"E00105628",0,0,0
"E00105629",3,1,2
"E00105630",2,2,0
"E00105631",0,0,0
"E00105632",1,0,1
"E00105633",5,4,1
"E00105634",5,3,2
"E00105635",5,2,3
"E00105636",1,1,0
"E00105637",7,3,4
"E00105638",7,4,3
"E00105639",4,4,0
"E00105640",2,2,0
"E00105641",1,0,1
"E00105642",4,2,2
"E00105643",0,0,0
"E00105644",5,5,0
"E00105645",0,0,0
"E00105646",1,0,1
"E00105647",2,1,1
"E00105648",2,2,0
"E00105649",1,1,0
"E00105650",2,0,2
"E00105651",4,2,2
"E00105652",2,0,2
"E00105653",3,0,3
"E00105654",2,0,2
"E00105655",4,2,2
"E00105656",1,1,0
"E00105657",0,0,0
"E00105658",0,0,0
"E00105660",2,1,1
"E00105661",0,0,0
"E00105662",2,1,1
"E00105663",2,1,1
"E00105664",7,4,3
"E00105665",2,0,2
"E00105666",0,0,0
"E00105667",0,0,0
"E00105668",4,3,1
"E00105669",8,4,4
"E00105670",0,0,0
"E00105671",5,1,4
"E00105672",0,0,0
"E00105673",1,1,0
"E00105674",2,2,0
"E00105675",3,2,1
"E00105676",4,4,0
"E00105677",1,0,1
"E00105678",3,2,1
"E00105679",5,2,3
"E00105680",2,1,1
"E00105681",1,0,1
"E00105682",1,1,0
"E00105683",3,2,1
"E00105684",3,1,2
"E00105685",4,2,2
"E00105686",4,1,3
"E00105687",5,2,3
"E00105688",4,1,3
"E00105689",1,1,0
"E00105690",1,1,0
"E00105691",1,1,0
"E00105692",2,0,2
"E00105693",3,2,1
"E00105694",0,0,0
"E00105695",3,0,3
"E00105696",1,0,1
"E00105697",2,2,0
"E00105698",3,0,3
"E00105699",4,2,2
"E00105700",9,6,3
"E00105701",3,2,1
"E00105702",1,1,0
"E00105703",6,4,2
"E00105704",5,2,3
"E00105705",1,0,1
"E00105706",6,3,3
"E00105707",5,2,3
"E00105708",3,0,3
"E00105710",3,2,1
"E00105711",6,2,4
"E00105712",2,1,1
"E00105713",0,0,0
"E00105714",14,6,8
"E00105715",1,1,0
"E00105716",8,2,6
"E00105717",4,1,3
"E00105718",1,1,0
"E00105719",4,3,1
"E00105720",2,0,2
"E00105721",6,2,4
"E00105722",1,0,1
"E00105723",1,1,0
"E00105724",5,1,4
"E00105725",0,0,0
"E00105726",1,0,1
"E00105727",3,2,1
"E00105728",1,1,0
"E00105729",1,1,0
"E00105730",1,0,1
"E00105731",1,1,0
"E00105732",1,1,0
"E00105733",1,1,0
"E00105734",1,1,0
"E00105735",2,0,2
"E00105736",0,0,0
"E00105738",0,0,0
"E00105739",2,1,1
"E00105740",4,2,2
"E00105741",0,0,0
"E00105742",4,1,3
"E00105743",4,2,2
"E00105744",0,0,0
"E00105745",4,3,1
"E00105746",1,0,1
"E00105747",1,0,1
"E00105748",5,1,4
"E00105749",3,0,3
"E00105750",6,4,2
"E00105751",3,1,2
"E00105752",4,4,0
"E00105753",3,2,1
"E00105754",2,1,1
"E00105755",1,0,1
"E00105756",2,0,2
"E00105757",0,0,0
"E00105758",1,0,1
"E00105759",0,0,0
"E00105760",1,0,1
"E00105761",1,0,1
"E00105762",3,1,2
"E00105763",0,0,0
"E00105764",3,2,1
"E00105765",0,0,0
"E00105766",3,1,2
"E00105767",2,1,1
"E00105768",0,0,0
"E00105769",0,0,0
"E00105770",0,0,0
"E00105771",2,2,0
"E00105772",2,1,1
"E00105773",2,0,2
"E00105774",3,2,1
"E00105775",1,1,0
"E00105776",2,1,1
"E00105777",1,1,0
"E00105778",3,1,2
"E00105779",5,3,2
"E00105780",2,2,0
"E00105781",4,4,0
"E00105782",8,3,5
"E00105783",1,1,0
"E00105784",1,0,1
"E00105785",0,0,0
"E00105786",6,4,2
"E00105787",2,0,2
"E00105788",5,3,2
"E00105789",1,1,0
"E00105790",4,2,2
"E00105791",5,4,1
"E00105792",3,2,1
"E00105793",5,3,2
"E00105794",5,4,1
"E00105795",5,4,1
"E00105796",0,0,0
"E00105797",0,0,0
"E00105798",1,0,1
"E00105799",0,0,0
"E00105800",4,2,2
"E00105801",14,8,6
"E00105802",0,0,0
"E00105803",2,1,1
"E00105804",3,2,1
"E00105805",1,1,0
"E00105806",6,2,4
"E00105807",2,0,2
"E00105808",0,0,0
"E00105809",0,0,0
"E00105810",3,2,1
"E00105811",8,3,5
"E00105812",4,2,2
"E00105813",1,1,0
"E00105815",8,5,3
"E00105816",4,3,1
"E00105817",8,3,5
"E00105818",0,0,0
"E00105819",0,0,0
"E00105820",3,0,3
"E00105821",0,0,0
"E00105822",8,3,5
"E00105823",3,2,1
"E00105824",1,0,1
"E00105825",0,0,0
"E00105826",8,5,3
"E00105827",10,4,6
"E00105828",5,2,3
"E00105829",3,1,2
"E00105830",4,3,1
"E00105831",2,2,0
"E00105832",1,0,1
"E00105833",3,3,0
"E00105834",5,4,1
"E00105835",6,3,3
"E00105836",4,0,4
"E00105837",2,1,1
"E00105838",7,4,3
"E00105839",3,1,2
"E00105840",10,4,6
"E00105841",3,0,3
"E00105842",3,0,3
"E00105843",5,3,2
"E00105844",11,5,6
"E00105845",11,4,7
"E00105846",5,2,3
"E00105847",8,6,2
"E00105848",9,3,6
"E00105849",4,1,3
"E00105850",0,0,0
"E00105851",6,3,3
"E00105852",1,1,0
"E00105853",0,0,0
"E00105854",2,2,0
"E00105855",0,0,0
"E00105856",7,4,3
"E00105857",6,2,4
"E00105858",3,3,0
"E00105859",4,1,3
"E00105860",7,2,5
"E00105861",8,1,7
"E00105862",2,1,1
"E00105863",3,1,2
"E00105864",4,1,3
"E00105865",3,0,3
"E00105866",6,2,4
"E00105867",2,1,1
"E00105868",4,1,3
"E00105869",2,0,2
"E00105870",2,1,1
"E00105871",1,1,0
"E00105872",2,1,1
"E00105873",1,1,0
"E00105874",0,0,0
"E00105875",4,2,2
"E00105876",1,1,0
"E00105877",3,0,3
"E00105878",2,0,2
"E00105879",5,2,3
"E00105880",1,0,1
"E00105881",4,2,2
"E00105882",12,4,8
"E00105883",0,0,0
"E00105884",10,8,2
"E00105885",2,1,1
"E00105886",4,3,1
"E00105887",3,2,1
"E00105888",2,2,0
"E00105889",1,1,0
"E00105890",2,1,1
"E00105891",5,2,3
"E00105892",2,1,1
"E00105893",2,0,2
"E00105894",2,2,0
"E00105895",0,0,0
"E00105896",7,4,3
"E00105897",4,4,0
"E00105898",2,1,1
"E00105899",3,2,1
"E00105900",2,1,1
"E00105901",1,0,1
"E00105902",0,0,0
"E00105903",6,1,5
"E00105904",3,1,2
"E00105905",7,4,3
"E00105906",5,1,4
"E00105907",2,0,2
"E00105908",8,3,5
"E00105909",5,2,3
"E00105910",2,1,1
"E00105911",4,3,1
"E00105912",3,1,2
"E00105913",3,1,2
"E00105914",12,6,6
"E00105916",3,2,1
"E00105917",1,1,0
"E00105918",5,3,2
"E00105919",2,2,0
"E00105920",3,1,2
"E00105921",3,0,3
"E00105923",1,0,1
"E00105924",3,1,2
"E00105925",4,3,1
"E00105926",0,0,0
"E00105927",0,0,0
"E00105928",3,2,1
"E00105929",1,1,0
"E00105930",5,2,3
"E00105931",1,0,1
"E00105932",3,2,1
"E00105933",5,2,3
"E00105934",4,1,3
"E00105935",9,2,7
"E00105936",3,2,1
"E00105937",2,0,2
"E00105938",4,3,1
"E00105939",5,1,4
"E00105940",2,1,1
"E00105941",0,0,0
"E00105942",3,2,1
"E00105943",2,1,1
"E00105944",3,1,2
"E00105945",0,0,0
"E00105946",2,2,0
"E00105947",0,0,0
"E00105948",0,0,0
"E00105949",1,1,0
"E00105950",2,1,1
"E00105951",1,1,0
"E00105952",2,2,0
"E00105953",1,1,0
"E00105954",1,1,0
"E00105955",2,1,1
"E00105956",3,3,0
"E00105957",0,0,0
"E00105958",0,0,0
"E00105959",2,1,1
"E00105960",4,3,1
"E00105961",0,0,0
"E00105962",2,0,2
"E00105963",1,1,0
"E00105964",5,4,1
"E00105965",2,2,0
"E00105966",9,1,8
"E00105967",1,1,0
"E00105968",3,2,1
"E00105969",0,0,0
"E00105970",1,0,1
"E00105971",7,5,2
"E00105972",0,0,0
"E00105973",3,1,2
"E00105974",6,2,4
"E00105976",2,1,1
"E00105977",5,2,3
"E00105978",2,1,1
"E00105979",3,1,2
"E00105980",5,5,0
"E00105981",1,0,1
"E00105982",5,3,2
"E00105983",5,4,1
"E00105984",2,0,2
"E00105985",0,0,0
"E00105986",1,0,1
"E00105987",3,1,2
"E00105988",5,2,3
"E00105989",0,0,0
"E00105990",2,2,0
"E00105991",6,1,5
"E00105992",8,2,6
"E00105993",8,5,3
"E00105994",4,3,1
"E00105995",3,2,1
"E00105996",10,4,6
"E00105997",5,2,3
"E00105998",6,6,0
"E00105999",2,1,1
"E00106000",7,6,1
"E00106001",2,0,2
"E00106002",1,0,1
"E00106003",3,1,2
"E00106004",1,0,1
"E00106005",1,0,1
"E00106006",0,0,0
"E00106007",2,1,1
"E00106008",0,0,0
"E00106009",4,2,2
"E00106010",4,3,1
"E00106011",1,0,1
"E00106012",8,4,4
"E00106013",1,1,0
"E00106014",0,0,0
"E00106015",2,1,1
"E00106016",1,0,1
"E00106018",0,0,0
"E00106019",2,1,1
"E00106020",5,4,1
"E00106021",2,2,0
"E00106022",1,1,0
"E00106023",2,2,0
"E00106024",6,4,2
"E00106025",5,2,3
"E00106026",2,1,1
"E00106027",7,1,6
"E00106028",7,5,2
"E00106029",1,1,0
"E00106030",2,2,0
"E00106031",5,2,3
"E00106032",9,4,5
"E00106033",6,3,3
"E00106034",6,5,1
"E00106035",3,2,1
"E00106036",1,1,0
"E00106037",8,4,4
"E00106038",1,0,1
"E00106039",6,4,2
"E00106040",1,1,0
"E00106041",4,2,2
"E00106042",2,1,1
"E00106043",1,0,1
"E00106044",4,1,3
"E00106045",1,1,0
"E00106046",3,1,2
"E00106047",2,2,0
"E00106048",0,0,0
"E00106049",0,0,0
"E00106050",1,1,0
"E00106051",3,3,0
"E00106052",1,0,1
"E00106053",2,2,0
"E00106054",1,1,0
"E00106055",2,0,2
"E00106056",4,1,3
"E00106057",2,2,0
"E00106058",0,0,0
"E00106061",3,3,0
"E00106062",1,0,1
"E00106063",0,0,0
"E00106064",7,4,3
"E00106065",5,4,1
"E00106066",1,1,0
"E00106067",3,1,2
"E00106068",0,0,0
"E00106069",1,0,1
"E00106070",1,1,0
"E00106071",0,0,0
"E00106072",0,0,0
"E00106073",4,3,1
"E00106074",3,2,1
"E00106075",1,1,0
"E00106076",0,0,0
"E00106077",3,1,2
"E00106078",1,0,1
"E00106079",1,0,1
"E00106080",0,0,0
"E00106081",3,1,2
"E00106082",4,0,4
"E00106083",0,0,0
"E00106084",7,3,4
"E00106085",1,0,1
"E00106086",4,3,1
"E00106087",0,0,0
"E00106088",3,3,0
"E00106089",0,0,0
"E00106090",0,0,0
"E00106091",3,2,1
"E00106092",0,0,0
"E00106093",4,2,2
"E00106094",6,2,4
"E00106095",2,1,1
"E00106096",2,1,1
"E00106097",14,10,4
"E00106098",0,0,0
"E00106099",2,1,1
"E00106100",0,0,0
"E00106101",6,4,2
"E00106102",2,0,2
"E00106103",4,3,1
"E00106104",4,2,2
"E00106105",3,0,3
"E00106106",3,1,2
"E00106107",4,2,2
"E00106108",12,5,7
"E00106109",6,2,4
"E00106110",5,1,4
"E00106111",3,1,2
"E00106112",6,4,2
"E00106113",5,3,2
"E00106114",2,2,0
"E00106115",6,3,3
"E00106116",0,0,0
"E00106117",1,0,1
"E00106118",1,1,0
"E00106119",0,0,0
"E00106120",3,3,0
"E00106121",2,1,1
"E00106122",1,1,0
"E00106123",4,3,1
"E00106124",2,1,1
"E00106125",4,2,2
"E00106126",3,2,1
"E00106127",2,1,1
"E00106128",2,2,0
"E00106129",4,2,2
"E00106130",0,0,0
"E00106131",4,3,1
"E00106132",3,0,3
"E00106133",0,0,0
"E00106134",0,0,0
"E00106135",2,1,1
"E00106136",1,1,0
"E00106137",2,0,2
"E00106138",2,0,2
"E00106139",2,0,2
"E00106140",1,1,0
"E00106141",1,1,0
"E00106142",2,0,2
"E00106143",4,0,4
"E00106144",0,0,0
"E00106145",2,0,2
"E00106146",1,0,1
"E00106147",0,0,0
"E00106148",4,0,4
"E00106149",3,3,0
"E00106150",4,3,1
"E00106151",0,0,0
"E00106152",4,1,3
"E00106153",0,0,0
"E00106154",2,1,1
"E00106155",1,1,0
"E00106156",2,2,0
"E00106157",4,2,2
"E00106158",1,1,0
"E00106159",3,3,0
"E00106160",4,1,3
"E00106162",0,0,0
"E00106163",1,1,0
"E00106164",4,3,1
"E00106165",0,0,0
"E00106166",3,1,2
"E00106167",4,1,3
"E00106168",0,0,0
"E00106169",4,2,2
"E00106170",4,3,1
"E00106171",3,3,0
"E00106172",1,0,1
"E00106173",0,0,0
"E00106174",3,3,0
"E00106175",3,1,2
"E00106176",2,2,0
"E00106177",4,2,2
"E00106178",2,1,1
"E00106179",0,0,0
"E00106180",1,1,0
"E00106181",3,1,2
"E00106182",0,0,0
"E00106183",3,2,1
"E00106184",1,0,1
"E00106185",3,1,2
"E00106186",2,1,1
"E00106187",0,0,0
"E00106188",1,1,0
"E00106189",6,3,3
"E00106190",2,0,2
"E00106191",2,2,0
"E00106192",3,2,1
"E00106193",7,4,3
"E00106194",0,0,0
"E00106195",1,0,1
"E00106196",0,0,0
"E00106197",1,1,0
"E00106198",2,0,2
"E00106199",1,0,1
"E00106200",0,0,0
"E00106201",1,1,0
"E00106202",4,0,4
"E00106203",2,2,0
"E00106204",0,0,0
"E00106205",7,5,2
"E00106206",5,2,3
"E00106207",0,0,0
"E00106208",1,0,1
"E00106209",1,1,0
"E00106210",0,0,0
"E00106211",0,0,0
"E00106212",3,0,3
"E00106213",2,0,2
"E00106214",6,4,2
"E00106217",4,1,3
"E00106218",5,3,2
"E00106219",6,2,4
"E00106220",4,1,3
"E00106221",4,2,2
"E00106222",0,0,0
"E00106223",11,4,7
"E00106224",4,3,1
"E00106225",8,5,3
"E00106226",2,0,2
"E00106227",4,2,2
"E00106228",1,1,0
"E00106229",3,3,0
"E00106230",4,1,3
"E00106231",4,3,1
"E00106232",0,0,0
"E00106233",1,0,1
"E00106234",2,2,0
"E00106235",1,1,0
"E00106236",1,0,1
"E00106237",1,1,0
"E00106238",0,0,0
"E00106239",0,0,0
"E00106240",2,1,1
"E00106241",3,1,2
"E00106242",0,0,0
"E00106243",2,2,0
"E00106244",1,0,1
"E00106245",0,0,0
"E00106246",2,1,1
"E00106247",0,0,0
"E00106248",2,0,2
"E00106249",0,0,0
"E00106250",0,0,0
"E00106251",6,3,3
"E00106252",3,2,1
"E00106253",2,1,1
"E00106254",8,5,3
"E00106255",9,3,6
"E00106256",2,2,0
"E00106257",7,4,3
"E00106258",2,1,1
"E00106259",5,4,1
"E00106260",1,1,0
"E00106261",0,0,0
"E00106262",1,1,0
"E00106263",0,0,0
"E00106264",0,0,0
"E00106265",0,0,0
"E00106266",0,0,0
"E00106267",2,0,2
"E00106268",4,2,2
"E00106269",2,2,0
"E00106270",3,3,0
"E00106271",0,0,0
"E00106272",2,1,1
"E00106273",3,1,2
"E00106274",2,1,1
"E00106275",5,2,3
"E00106276",0,0,0
"E00106277",1,1,0
"E00106278",0,0,0
"E00106280",4,3,1
"E00106281",2,1,1
"E00106282",2,0,2
"E00106283",4,2,2
"E00106284",0,0,0
"E00106285",3,2,1
"E00106286",3,2,1
"E00106287",2,2,0
"E00106288",3,1,2
"E00106289",5,3,2
"E00106290",1,1,0
"E00106291",3,0,3
"E00106292",0,0,0
"E00106293",2,1,1
"E00106294",10,3,7
"E00106295",5,3,2
"E00106296",3,2,1
"E00106297",3,1,2
"E00106298",7,2,5
"E00106299",10,5,5
"E00106300",5,1,4
"E00106301",4,2,2
"E00106302",0,0,0
"E00106303",3,2,1
"E00106304",3,1,2
"E00106305",5,0,5
"E00106306",3,1,2
"E00106307",3,1,2
"E00106308",7,3,4
"E00106309",3,3,0
"E00106310",5,1,4
"E00106311",4,4,0
"E00106312",16,5,11
"E00106313",7,3,4
"E00106314",10,6,4
"E00106315",4,3,1
"E00106316",2,1,1
"E00106317",1,0,1
"E00106318",13,9,4
"E00106319",6,2,4
"E00106320",0,0,0
"E00106321",4,2,2
"E00106322",4,2,2
"E00106323",4,1,3
"E00106324",0,0,0
"E00106325",1,0,1
"E00106326",3,1,2
"E00106327",1,0,1
"E00106328",6,4,2
"E00106329",2,2,0
"E00106330",5,0,5
"E00106331",4,2,2
"E00106332",1,1,0
"E00106333",2,2,0
"E00106334",0,0,0
"E00106335",0,0,0
"E00106336",2,1,1
"E00106337",3,1,2
"E00106338",2,2,0
"E00106339",5,2,3
"E00106340",3,2,1
"E00106341",3,2,1
"E00106342",6,5,1
"E00106343",4,2,2
"E00106344",4,1,3
"E00106345",4,4,0
"E00106346",5,2,3
"E00106347",10,4,6
"E00106348",5,4,1
"E00106349",2,2,0
"E00106350",10,6,4
"E00106351",2,1,1
"E00106352",1,0,1
"E00106353",8,4,4
"E00106354",4,0,4
"E00106355",4,3,1
"E00106356",7,3,4
"E00106357",3,0,3
"E00106358",1,0,1
"E00106359",2,0,2
"E00106360",2,1,1
"E00106361",0,0,0
"E00106362",0,0,0
"E00106363",2,0,2
"E00106364",4,3,1
"E00106365",1,0,1
"E00106366",3,1,2
"E00106367",4,2,2
"E00106368",2,1,1
"E00106369",3,1,2
"E00106370",9,6,3
"E00106371",1,0,1
"E00106372",0,0,0
"E00106373",0,0,0
"E00106374",2,1,1
"E00106375",1,1,0
"E00106376",2,1,1
"E00106377",1,0,1
"E00106378",1,1,0
"E00106379",1,0,1
"E00106380",1,0,1
"E00106381",1,0,1
"E00106382",2,1,1
"E00106383",4,3,1
"E00106384",1,1,0
"E00106385",1,0,1
"E00106386",0,0,0
"E00106387",1,1,0
"E00106388",2,2,0
"E00106389",0,0,0
"E00106390",0,0,0
"E00106391",0,0,0
"E00106392",6,2,4
"E00106393",3,1,2
"E00106394",3,2,1
"E00106395",1,1,0
"E00106396",1,1,0
"E00106397",3,2,1
"E00106398",1,1,0
"E00106399",2,2,0
"E00106401",1,0,1
"E00106402",3,1,2
"E00106403",4,3,1
"E00106404",1,1,0
"E00106405",0,0,0
"E00106406",4,3,1
"E00106407",0,0,0
"E00106408",0,0,0
"E00106409",3,2,1
"E00106410",0,0,0
"E00106412",6,2,4
"E00106413",3,1,2
"E00106414",0,0,0
"E00106415",8,6,2
"E00106416",4,2,2
"E00106418",1,1,0
"E00106419",4,1,3
"E00106421",5,3,2
"E00106422",0,0,0
"E00106423",2,1,1
"E00106424",5,1,4
"E00106425",2,2,0
"E00106426",1,0,1
"E00106427",1,1,0
"E00106428",3,2,1
"E00106429",3,1,2
"E00106430",3,2,1
"E00106431",1,0,1
"E00106432",5,1,4
"E00106433",1,0,1
"E00106434",1,1,0
"E00106435",0,0,0
"E00106436",1,1,0
"E00106437",3,2,1
"E00106438",2,1,1
"E00106439",3,0,3
"E00106440",0,0,0
"E00106441",2,2,0
"E00106442",0,0,0
"E00106443",0,0,0
"E00106444",3,1,2
"E00106445",3,3,0
"E00106446",3,1,2
"E00106447",4,3,1
"E00106448",3,1,2
"E00106449",3,0,3
"E00106450",2,2,0
"E00106451",2,0,2
"E00106452",12,9,3
"E00106453",11,5,6
"E00106454",3,2,1
"E00106455",6,3,3
"E00106456",7,5,2
"E00106457",0,0,0
"E00106458",2,0,2
"E00106459",1,1,0
"E00106461",3,1,2
"E00106462",7,4,3
"E00106463",3,2,1
"E00106464",6,2,4
"E00106465",8,4,4
"E00106466",0,0,0
"E00106467",0,0,0
"E00106468",1,0,1
"E00106469",2,0,2
"E00106470",1,1,0
"E00106471",3,1,2
"E00106472",3,2,1
"E00106473",8,5,3
"E00106474",11,7,4
"E00106475",13,8,5
"E00106476",0,0,0
"E00106477",1,0,1
"E00106478",2,0,2
"E00106479",9,5,4
"E00106480",1,1,0
"E00106481",2,1,1
"E00106482",1,1,0
"E00106483",0,0,0
"E00106484",0,0,0
"E00106485",4,1,3
"E00106486",1,1,0
"E00106487",2,0,2
"E00106488",0,0,0
"E00106489",1,1,0
"E00106490",0,0,0
"E00106491",0,0,0
"E00106492",1,0,1
"E00106493",1,1,0
"E00106494",4,3,1
"E00106495",2,2,0
"E00106496",2,1,1
"E00106497",2,1,1
"E00106498",3,2,1
"E00106499",2,2,0
"E00106500",0,0,0
"E00106501",0,0,0
"E00106502",0,0,0
"E00106503",2,0,2
"E00106504",3,2,1
"E00106505",3,0,3
"E00106506",5,1,4
"E00106507",0,0,0
"E00106508",5,1,4
"E00106509",7,4,3
"E00106510",2,1,1
"E00106511",0,0,0
"E00106512",0,0,0
"E00106513",3,2,1
"E00106514",4,1,3
"E00106515",2,2,0
"E00106516",4,3,1
"E00106517",4,2,2
"E00106518",0,0,0
"E00106519",0,0,0
"E00106520",0,0,0
"E00106521",1,1,0
"E00106522",3,1,2
"E00106523",0,0,0
"E00106524",0,0,0
"E00106525",1,0,1
"E00106526",1,0,1
"E00106527",1,1,0
"E00106528",0,0,0
"E00106529",3,1,2
"E00106530",7,5,2
"E00106531",2,1,1
"E00106532",3,0,3
"E00106533",3,1,2
"E00106534",0,0,0
"E00106535",1,1,0
"E00106536",0,0,0
"E00106537",0,0,0
"E00106538",0,0,0
"E00106539",1,1,0
"E00106541",1,1,0
"E00106542",4,1,3
"E00106545",3,0,3
"E00106546",0,0,0
"E00106547",0,0,0
"E00106548",2,1,1
"E00106549",0,0,0
"E00106550",0,0,0
"E00106551",4,2,2
"E00106552",3,2,1
"E00106553",2,2,0
"E00106554",0,0,0
"E00106555",0,0,0
"E00106556",2,0,2
"E00106557",0,0,0
"E00106558",0,0,0
"E00106559",0,0,0
"E00106560",2,0,2
"E00106561",0,0,0
"E00106562",0,0,0
"E00106563",1,0,1
"E00106564",0,0,0
"E00106565",0,0,0
"E00106566",2,0,2
"E00106567",6,2,4
"E00106568",3,2,1
"E00106569",10,5,5
"E00106570",2,1,1
"E00106571",6,1,5
"E00106572",10,5,5
"E00106573",2,1,1
"E00106574",1,0,1
"E00106575",0,0,0
"E00106576",7,4,3
"E00106577",1,0,1
"E00106578",2,2,0
"E00106579",2,0,2
"E00106580",1,0,1
"E00106581",1,1,0
"E00106582",8,4,4
"E00106583",1,1,0
"E00106584",0,0,0
"E00106585",2,2,0
"E00106586",3,1,2
"E00106587",0,0,0
"E00106588",2,1,1
"E00106589",1,1,0
"E00106590",2,0,2
"E00106591",5,4,1
"E00106592",3,2,1
"E00106593",3,2,1
"E00106594",0,0,0
"E00106595",0,0,0
"E00106596",3,2,1
"E00106597",2,2,0
"E00106598",2,1,1
"E00106599",3,1,2
"E00106600",15,6,9
"E00106601",1,0,1
"E00106602",2,1,1
"E00106603",3,0,3
"E00106604",2,1,1
"E00106605",1,1,0
"E00106606",3,2,1
"E00106607",3,2,1
"E00106608",3,2,1
"E00106609",12,8,4
"E00106610",0,0,0
"E00106611",2,1,1
"E00106612",2,1,1
"E00106613",2,0,2
"E00106614",4,4,0
"E00106615",0,0,0
"E00106616",0,0,0
"E00106617",0,0,0
"E00106618",1,0,1
"E00106619",0,0,0
"E00106620",1,1,0
"E00106621",1,0,1
"E00106622",0,0,0
"E00106623",1,1,0
"E00106624",2,0,2
"E00106625",1,1,0
"E00106626",8,4,4
"E00106627",1,0,1
"E00106628",1,0,1
"E00106629",3,2,1
"E00106630",4,3,1
"E00106631",0,0,0
"E00106632",1,1,0
"E00106633",3,3,0
"E00106634",0,0,0
"E00106635",1,0,1
"E00106636",0,0,0
"E00106637",5,1,4
"E00106638",2,1,1
"E00106639",0,0,0
"E00106640",9,5,4
"E00106641",5,4,1
"E00106642",4,3,1
"E00106643",0,0,0
"E00106644",1,0,1
"E00106645",1,1,0
"E00106646",3,2,1
"E00106647",6,1,5
"E00106648",6,3,3
"E00106649",7,2,5
"E00106650",4,1,3
"E00106651",5,2,3
"E00106652",1,1,0
"E00106653",4,3,1
"E00106654",11,6,5
"E00106655",3,2,1
"E00106656",2,1,1
"E00106657",2,0,2
"E00106658",2,1,1
"E00106659",0,0,0
"E00106660",1,1,0
"E00106661",4,0,4
"E00106662",0,0,0
"E00106663",2,0,2
"E00106664",3,2,1
"E00106665",1,1,0
"E00106666",1,0,1
"E00106667",2,1,1
"E00106668",6,2,4
"E00106669",4,3,1
"E00106670",4,1,3
"E00106671",0,0,0
"E00106672",0,0,0
"E00106673",1,0,1
"E00106674",2,0,2
"E00106675",2,0,2
"E00106676",2,2,0
"E00106677",0,0,0
"E00106678",2,0,2
"E00106679",1,0,1
"E00106680",7,0,7
"E00106681",4,3,1
"E00106682",7,3,4
"E00106683",4,3,1
"E00106684",2,1,1
"E00106685",0,0,0
"E00106686",4,2,2
"E00106687",3,1,2
"E00106688",3,2,1
"E00106689",6,4,2
"E00106690",1,1,0
"E00106691",6,2,4
"E00106692",2,1,1
"E00106693",4,1,3
"E00106694",2,1,1
"E00106697",1,0,1
"E00106698",5,2,3
"E00106699",4,2,2
"E00106700",2,2,0
"E00106701",1,1,0
"E00106702",0,0,0
"E00106703",1,1,0
"E00106704",0,0,0
"E00106705",3,2,1
"E00106706",6,4,2
"E00106707",2,0,2
"E00106708",1,0,1
"E00106709",0,0,0
"E00106710",0,0,0
"E00106711",2,0,2
"E00106712",0,0,0
"E00106713",4,3,1
"E00106714",0,0,0
"E00106715",1,0,1
"E00106716",5,1,4
"E00106717",0,0,0
"E00106718",2,2,0
"E00106719",3,1,2
"E00106720",4,2,2
"E00106721",2,0,2
"E00106722",3,2,1
"E00106723",0,0,0
"E00106724",4,3,1
"E00106725",1,1,0
"E00106726",0,0,0
"E00106727",3,2,1
"E00106728",1,1,0
"E00106729",4,2,2
"E00106730",7,4,3
"E00106731",1,0,1
"E00106732",1,1,0
"E00106733",1,0,1
"E00106734",1,0,1
"E00106735",4,2,2
"E00106736",2,1,1
"E00106737",3,0,3
"E00106738",4,4,0
"E00106739",2,1,1
"E00106740",2,1,1
"E00106741",2,1,1
"E00106742",12,5,7
"E00106743",1,1,0
"E00106744",1,0,1
"E00106745",3,2,1
"E00106746",0,0,0
"E00106747",5,3,2
"E00106748",4,0,4
"E00106749",0,0,0
"E00106750",4,4,0
"E00106751",6,4,2
"E00106753",3,2,1
"E00106754",3,3,0
"E00106755",2,1,1
"E00106756",2,1,1
"E00106757",1,1,0
"E00106758",2,1,1
"E00106759",2,2,0
"E00106760",1,0,1
"E00106761",2,2,0
"E00106762",1,1,0
"E00106763",0,0,0
"E00106764",2,0,2
"E00106765",11,4,7
"E00106766",14,9,5
"E00106767",11,4,7
"E00106768",13,7,6
"E00106769",3,2,1
"E00106770",9,5,4
"E00106771",3,3,0
"E00106772",22,13,9
"E00106773",29,15,14
"E00106774",12,8,4
"E00106775",4,1,3
"E00106776",5,2,3
"E00106777",20,8,12
"E00106778",5,1,4
"E00106779",11,5,6
"E00106780",5,2,3
"E00106781",5,2,3
"E00106782",7,4,3
"E00106783",5,2,3
"E00106784",3,1,2
"E00106785",11,4,7
"E00106786",3,2,1
"E00106787",4,3,1
"E00106788",18,11,7
"E00106789",4,3,1
"E00106790",8,4,4
"E00106791",3,3,0
"E00106792",2,2,0
"E00106793",6,1,5
"E00106794",3,3,0
"E00106795",1,0,1
"E00106796",0,0,0
"E00106797",3,2,1
"E00106798",2,2,0
"E00106799",2,2,0
"E00106800",3,3,0
"E00106801",4,3,1
"E00106802",3,0,3
"E00106803",3,2,1
"E00106804",2,1,1
"E00106805",4,1,3
"E00106806",1,1,0
"E00106807",1,1,0
"E00106808",1,1,0
"E00106809",4,2,2
"E00106810",0,0,0
"E00106811",0,0,0
"E00106812",2,2,0
"E00106813",5,0,5
"E00106814",2,1,1
"E00106815",4,2,2
"E00106816",6,3,3
"E00106817",8,6,2
"E00106818",5,3,2
"E00106819",12,8,4
"E00106820",11,4,7
"E00106821",5,3,2
"E00106822",8,3,5
"E00106823",2,2,0
"E00106824",2,2,0
"E00106825",2,1,1
"E00106826",3,2,1
"E00106827",1,1,0
"E00106828",4,3,1
"E00106829",1,0,1
"E00106830",3,1,2
"E00106831",7,3,4
"E00106832",3,1,2
"E00106833",5,3,2
"E00106834",1,1,0
"E00106835",4,1,3
"E00106836",8,5,3
"E00106837",1,0,1
"E00106838",0,0,0
"E00106839",3,0,3
"E00106840",4,3,1
"E00106841",6,2,4
"E00106842",7,3,4
"E00106843",4,1,3
"E00106844",6,4,2
"E00106845",5,2,3
"E00106846",0,0,0
"E00106847",3,2,1
"E00106848",4,2,2
"E00106849",4,3,1
"E00106850",1,0,1
"E00106851",6,2,4
"E00106852",11,6,5
"E00106853",19,9,10
"E00106854",3,2,1
"E00106855",9,4,5
"E00106856",0,0,0
"E00106857",0,0,0
"E00106858",6,2,4
"E00106859",8,5,3
"E00106860",8,4,4
"E00106861",7,4,3
"E00106862",6,3,3
"E00106863",6,4,2
"E00106864",20,12,8
"E00106865",14,8,6
"E00106866",5,0,5
"E00106867",5,1,4
"E00106868",7,1,6
"E00106869",5,4,1
"E00106870",5,1,4
"E00106871",9,7,2
"E00106872",6,6,0
"E00106873",4,3,1
"E00106874",7,5,2
"E00106875",1,0,1
"E00106876",0,0,0
"E00106877",6,4,2
"E00106878",14,9,5
"E00106879",12,6,6
"E00106880",1,1,0
"E00106881",6,3,3
"E00106882",4,2,2
"E00106883",3,1,2
"E00106884",1,0,1
"E00106885",0,0,0
"E00106886",5,4,1
"E00106887",1,0,1
"E00106888",0,0,0
"E00106889",7,3,4
"E00106890",0,0,0
"E00106891",3,2,1
"E00106893",3,1,2
"E00106894",0,0,0
"E00106895",3,1,2
"E00106896",1,1,0
"E00106897",6,2,4
"E00106898",1,1,0
"E00106899",0,0,0
"E00106900",1,0,1
"E00106901",6,1,5
"E00106902",7,1,6
"E00106903",0,0,0
"E00106904",4,2,2
"E00106905",4,2,2
"E00106906",0,0,0
"E00106907",0,0,0
"E00106908",1,0,1
"E00106909",0,0,0
"E00106910",1,1,0
"E00106911",5,3,2
"E00106912",2,1,1
"E00106913",0,0,0
"E00106914",0,0,0
"E00106915",2,1,1
"E00106916",0,0,0
"E00106917",8,4,4
"E00106918",5,1,4
"E00106919",5,3,2
"E00106920",17,9,8
"E00106921",8,2,6
"E00106922",9,3,6
"E00106923",14,10,4
"E00106924",3,2,1
"E00106925",4,2,2
"E00106926",9,5,4
"E00106927",3,3,0
"E00106928",7,1,6
"E00106929",2,1,1
"E00106930",8,4,4
"E00106931",0,0,0
"E00106932",5,2,3
"E00106933",10,5,5
"E00106934",8,5,3
"E00106935",2,1,1
"E00106936",0,0,0
"E00106937",5,2,3
"E00106938",8,7,1
"E00106939",3,2,1
"E00106940",1,0,1
"E00106941",2,1,1
"E00106942",4,3,1
"E00106943",1,0,1
"E00106944",5,3,2
"E00106945",1,1,0
"E00106946",4,2,2
"E00106947",0,0,0
"E00106948",0,0,0
"E00106949",3,0,3
"E00106950",1,0,1
"E00106951",2,1,1
"E00106952",0,0,0
"E00106953",2,1,1
"E00106954",1,1,0
"E00106955",1,0,1
"E00106956",5,1,4
"E00106957",0,0,0
"E00106958",2,0,2
"E00106959",1,0,1
"E00106960",3,2,1
"E00106961",1,1,0
"E00106962",5,3,2
"E00106963",3,2,1
"E00106964",1,0,1
"E00106965",0,0,0
"E00106966",1,1,0
"E00106967",0,0,0
"E00106968",1,0,1
"E00106969",2,2,0
"E00106970",2,0,2
"E00106971",2,2,0
"E00106972",1,0,1
"E00106973",3,2,1
"E00106974",2,1,1
"E00106975",2,1,1
"E00106976",1,0,1
"E00106977",2,2,0
"E00106978",1,1,0
"E00106979",1,0,1
"E00106980",0,0,0
"E00106981",0,0,0
"E00106982",0,0,0
"E00106983",1,0,1
"E00106984",1,0,1
"E00106985",1,1,0
"E00106986",1,1,0
"E00106987",0,0,0
"E00106988",1,0,1
"E00106989",1,0,1
"E00106990",0,0,0
"E00106991",2,1,1
"E00106992",0,0,0
"E00106993",15,7,8
"E00106994",5,2,3
"E00106995",8,6,2
"E00106996",3,2,1
"E00106997",19,9,10
"E00106998",5,2,3
"E00106999",11,4,7
"E00107000",35,22,13
"E00107001",9,6,3
"E00107002",1,0,1
"E00107003",4,2,2
"E00107004",5,2,3
"E00107005",4,0,4
"E00107006",9,4,5
"E00107007",0,0,0
"E00107008",0,0,0
"E00107009",0,0,0
"E00107010",1,1,0
"E00107011",5,1,4
"E00107012",2,1,1
"E00107013",2,0,2
"E00107014",1,1,0
"E00107015",2,1,1
"E00107016",0,0,0
"E00107017",2,0,2
"E00107018",5,1,4
"E00107019",5,3,2
"E00107020",0,0,0
"E00107021",1,1,0
"E00107022",2,0,2
"E00107023",4,3,1
"E00107024",2,2,0
"E00107025",3,1,2
"E00107026",2,1,1
"E00107027",0,0,0
"E00107028",1,0,1
"E00107029",3,2,1
"E00107030",1,0,1
"E00107031",3,2,1
"E00107032",3,2,1
"E00107033",0,0,0
"E00107034",1,0,1
"E00107035",6,4,2
"E00107036",0,0,0
"E00107037",9,2,7
"E00107038",3,1,2
"E00107039",2,2,0
"E00107040",3,1,2
"E00107041",0,0,0
"E00107042",1,1,0
"E00107043",1,0,1
"E00107044",1,0,1
"E00107045",0,0,0
"E00107046",1,1,0
"E00107047",5,1,4
"E00107049",7,5,2
"E00107050",5,1,4
"E00107051",4,2,2
"E00107052",1,0,1
"E00107053",7,3,4
"E00107054",3,2,1
"E00107055",4,2,2
"E00107056",0,0,0
"E00107057",5,2,3
"E00107058",8,5,3
"E00107059",4,3,1
"E00107060",3,1,2
"E00107061",1,0,1
"E00107062",3,2,1
"E00107063",1,0,1
"E00107064",1,0,1
"E00107065",8,4,4
"E00107066",1,1,0
"E00107067",4,1,3
"E00107068",9,4,5
"E00107069",2,1,1
"E00107070",8,2,6
"E00107071",1,0,1
"E00107072",3,2,1
"E00107073",1,1,0
"E00107074",5,3,2
"E00107075",1,1,0
"E00107076",2,1,1
"E00107077",1,0,1
"E00107078",3,1,2
"E00107079",1,0,1
"E00107080",2,1,1
"E00107081",5,1,4
"E00107082",0,0,0
"E00107083",0,0,0
"E00107084",2,1,1
"E00107085",7,3,4
"E00107086",5,3,2
"E00107087",4,3,1
"E00107088",10,4,6
"E00107089",10,2,8
"E00107090",7,2,5
"E00107091",13,6,7
"E00107092",9,4,5
"E00107093",8,5,3
"E00107094",6,3,3
"E00107095",0,0,0
"E00107096",0,0,0
"E00107097",13,7,6
"E00107098",4,2,2
"E00107099",16,10,6
"E00107100",4,1,3
"E00107101",7,5,2
"E00107102",6,3,3
"E00107103",0,0,0
"E00107104",2,1,1
"E00107105",3,2,1
"E00107106",10,8,2
"E00107107",9,2,7
"E00107108",10,5,5
"E00107109",8,4,4
"E00107110",3,2,1
"E00107111",2,1,1
"E00107112",4,2,2
"E00107113",0,0,0
"E00107114",13,9,4
"E00107115",3,1,2
"E00107116",2,2,0
"E00107117",2,2,0
"E00107118",0,0,0
"E00107119",2,0,2
"E00107120",0,0,0
"E00107121",5,4,1
"E00107122",5,1,4
"E00107123",0,0,0
"E00107124",4,1,3
"E00107125",0,0,0
"E00107126",2,1,1
"E00107127",0,0,0
"E00107128",0,0,0
"E00107129",1,0,1
"E00107130",1,1,0
"E00107131",0,0,0
"E00107132",2,2,0
"E00107133",2,0,2
"E00107134",3,1,2
"E00107135",6,4,2
"E00107136",0,0,0
"E00107137",0,0,0
"E00107138",3,3,0
"E00107139",2,2,0
"E00107140",2,1,1
"E00107141",1,1,0
"E00107142",7,3,4
"E00107143",1,0,1
"E00107144",2,0,2
"E00107145",4,2,2
"E00107146",4,1,3
"E00107147",3,2,1
"E00107148",9,5,4
"E00107149",3,2,1
"E00107150",4,2,2
"E00107151",2,2,0
"E00107152",3,2,1
"E00107153",2,0,2
"E00107154",8,5,3
"E00107155",14,6,8
"E00107156",3,3,0
"E00107157",9,7,2
"E00107158",1,1,0
"E00107159",4,1,3
"E00107160",6,3,3
"E00107161",1,0,1
"E00107162",4,1,3
"E00107163",3,3,0
"E00107164",5,4,1
"E00107165",7,2,5
"E00107166",2,0,2
"E00107167",23,14,9
"E00107168",11,7,4
"E00107169",21,13,8
"E00107170",4,2,2
"E00107171",2,1,1
"E00107172",9,4,5
"E00107173",4,3,1
"E00107174",6,3,3
"E00107175",4,3,1
"E00107176",8,1,7
"E00107177",7,4,3
"E00107178",10,6,4
"E00107179",12,5,7
"E00107180",1,0,1
"E00107181",4,0,4
"E00107182",0,0,0
"E00107183",2,1,1
"E00107184",5,0,5
"E00107185",4,1,3
"E00107186",0,0,0
"E00107187",0,0,0
"E00107188",3,1,2
"E00107189",0,0,0
"E00107190",3,1,2
"E00107191",1,1,0
"E00107192",7,5,2
"E00107193",4,2,2
"E00107194",2,1,1
"E00107195",1,1,0
"E00107196",3,2,1
"E00107197",3,1,2
"E00107198",3,2,1
"E00107199",7,3,4
"E00107200",8,5,3
"E00107201",25,17,8
"E00107202",13,7,6
"E00107203",18,6,12
"E00107204",1,0,1
"E00107205",4,2,2
"E00107206",3,1,2
"E00107207",5,2,3
"E00107208",1,1,0
"E00107209",3,2,1
"E00107210",2,2,0
"E00107211",2,1,1
"E00107212",1,1,0
"E00107213",1,1,0
"E00107214",1,0,1
"E00107215",3,2,1
"E00107216",3,0,3
"E00107217",14,3,11
"E00107218",3,2,1
"E00107219",2,2,0
"E00107220",3,1,2
"E00107221",7,3,4
"E00107222",5,1,4
"E00107223",2,1,1
"E00107224",2,1,1
"E00107225",4,2,2
"E00107226",4,2,2
"E00107227",0,0,0
"E00107228",7,1,6
"E00107229",0,0,0
"E00107230",2,0,2
"E00107231",0,0,0
"E00107232",2,2,0
"E00107233",5,3,2
"E00107234",4,3,1
"E00107235",2,0,2
"E00107236",18,8,10
"E00107238",0,0,0
"E00107239",4,1,3
"E00107240",4,1,3
"E00107241",4,1,3
"E00107242",5,4,1
"E00107243",8,6,2
"E00107244",5,2,3
"E00107245",1,1,0
"E00107246",3,2,1
"E00107247",0,0,0
"E00107248",1,1,0
"E00107249",4,1,3
"E00107250",1,0,1
"E00107251",3,1,2
"E00107252",6,2,4
"E00107253",5,4,1
"E00107254",6,5,1
"E00107255",4,1,3
"E00107256",7,6,1
"E00107257",3,0,3
"E00107258",13,5,8
"E00107259",5,2,3
"E00107260",2,2,0
"E00107261",5,1,4
"E00107262",5,4,1
"E00107263",10,2,8
"E00107264",0,0,0
"E00107265",3,2,1
"E00107266",5,3,2
"E00107267",0,0,0
"E00107268",3,1,2
"E00107269",2,1,1
"E00107270",3,1,2
"E00107271",3,2,1
"E00107272",1,1,0
"E00107273",4,3,1
"E00107274",4,3,1
"E00107275",0,0,0
"E00107276",1,0,1
"E00107277",4,1,3
"E00107278",0,0,0
"E00107279",3,3,0
"E00107280",2,1,1
"E00107281",1,1,0
"E00107282",2,1,1
"E00107283",1,1,0
"E00107284",0,0,0
"E00107285",1,0,1
"E00107286",10,6,4
"E00107287",2,0,2
"E00107288",0,0,0
"E00107289",3,1,2
"E00107290",0,0,0
"E00107291",1,0,1
"E00107292",1,1,0
"E00107293",3,1,2
"E00107294",0,0,0
"E00107295",0,0,0
"E00107296",2,1,1
"E00107297",1,1,0
"E00107298",0,0,0
"E00107299",0,0,0
"E00107300",0,0,0
"E00107301",3,2,1
"E00107302",0,0,0
"E00107303",0,0,0
"E00107304",4,4,0
"E00107305",4,2,2
"E00107306",3,1,2
"E00107307",3,2,1
"E00107308",5,4,1
"E00107309",3,1,2
"E00107310",5,2,3
"E00107311",1,0,1
"E00107312",5,3,2
"E00107313",4,3,1
"E00107314",5,3,2
"E00107315",0,0,0
"E00107316",0,0,0
"E00107317",1,0,1
"E00107318",0,0,0
"E00107319",6,4,2
"E00107320",2,1,1
"E00107321",0,0,0
"E00107322",4,3,1
"E00107323",0,0,0
"E00107324",1,0,1
"E00107325",0,0,0
"E00107326",2,1,1
"E00107327",3,0,3
"E00107328",1,1,0
"E00107329",8,5,3
"E00107330",3,2,1
"E00107331",8,5,3
"E00107332",0,0,0
"E00107333",0,0,0
"E00107334",1,1,0
"E00107335",1,0,1
"E00107336",2,2,0
"E00107337",6,3,3
"E00107338",11,4,7
"E00107339",0,0,0
"E00107340",1,1,0
"E00107341",6,2,4
"E00107342",0,0,0
"E00107343",6,4,2
"E00107344",6,2,4
"E00107346",2,1,1
"E00107347",3,1,2
"E00107348",0,0,0
"E00107349",3,2,1
"E00107350",2,1,1
"E00107351",8,4,4
"E00107352",8,7,1
"E00107353",6,3,3
"E00107354",6,4,2
"E00107355",10,4,6
"E00107356",1,1,0
"E00107357",14,8,6
"E00107358",16,5,11
"E00107359",3,2,1
"E00107360",15,7,8
"E00107361",9,3,6
"E00107362",0,0,0
"E00107363",4,2,2
"E00107364",12,8,4
"E00107365",2,2,0
"E00107366",1,0,1
"E00107367",1,0,1
"E00107368",1,1,0
"E00107369",4,3,1
"E00107370",6,4,2
"E00107371",1,1,0
"E00107372",0,0,0
"E00107373",6,1,5
"E00107374",3,1,2
"E00107375",0,0,0
"E00107376",1,0,1
"E00107377",5,3,2
"E00107378",5,3,2
"E00107379",6,3,3
"E00107380",0,0,0
"E00107381",0,0,0
"E00107382",1,0,1
"E00107383",4,3,1
"E00107384",12,8,4
"E00107385",10,5,5
"E00107386",7,5,2
"E00107387",15,6,9
"E00107388",1,1,0
"E00107389",3,2,1
"E00107390",24,8,16
"E00107391",2,1,1
"E00107392",10,5,5
"E00107393",5,3,2
"E00107394",17,9,8
"E00107395",6,6,0
"E00107397",3,3,0
"E00107398",1,0,1
"E00107399",5,3,2
"E00107402",2,0,2
"E00107403",7,3,4
"E00107404",10,5,5
"E00107405",5,1,4
"E00107406",6,6,0
"E00107407",8,2,6
"E00107408",4,2,2
"E00107409",8,5,3
"E00107410",15,7,8
"E00107411",6,5,1
"E00107412",17,10,7
"E00107413",5,4,1
"E00107414",14,9,5
"E00107415",7,2,5
"E00107416",13,5,8
"E00107417",5,1,4
"E00107418",10,5,5
"E00107419",6,3,3
"E00107420",5,1,4
"E00107421",5,3,2
"E00107422",9,3,6
"E00107423",15,9,6
"E00107424",9,3,6
"E00107425",7,5,2
"E00107426",6,6,0
"E00107427",6,2,4
"E00107428",7,2,5
"E00107429",4,2,2
"E00107430",14,2,12
"E00107431",10,5,5
"E00107432",1,1,0
"E00107433",0,0,0
"E00107434",13,4,9
"E00107435",4,2,2
"E00107436",11,7,4
"E00107439",3,2,1
"E00107440",7,4,3
"E00107441",8,7,1
"E00107442",1,0,1
"E00107443",7,3,4
"E00107444",5,1,4
"E00107445",9,4,5
"E00107446",4,1,3
"E00107447",5,2,3
"E00107448",3,1,2
"E00107449",6,2,4
"E00107450",7,3,4
"E00107451",10,4,6
"E00107452",0,0,0
"E00107453",4,1,3
"E00107454",4,2,2
"E00107455",9,4,5
"E00107456",8,4,4
"E00107457",1,1,0
"E00107458",3,2,1
"E00107459",1,0,1
"E00107460",3,1,2
"E00107461",5,4,1
"E00107462",3,1,2
"E00107463",7,4,3
"E00107464",6,3,3
"E00107465",1,0,1
"E00107466",8,3,5
"E00107467",5,3,2
"E00107468",8,2,6
"E00107469",7,3,4
"E00107470",11,4,7
"E00107471",2,0,2
"E00107472",5,2,3
"E00107473",8,6,2
"E00107474",11,5,6
"E00107475",10,4,6
"E00107476",5,1,4
"E00107477",10,5,5
"E00107478",13,8,5
"E00107479",11,3,8
"E00107480",5,4,1
"E00107481",5,0,5
"E00107482",8,2,6
"E00107483",8,4,4
"E00107484",4,1,3
"E00107485",14,6,8
"E00107486",17,5,12
"E00107487",10,5,5
"E00107488",13,9,4
"E00107489",3,0,3
"E00107490",1,1,0
"E00107491",3,1,2
"E00107492",4,1,3
"E00107493",6,2,4
"E00107494",7,4,3
"E00107495",4,2,2
"E00107496",2,2,0
"E00107497",5,4,1
"E00107498",7,6,1
"E00107499",11,2,9
"E00107500",20,15,5
"E00107501",4,2,2
"E00107502",1,1,0
"E00107503",0,0,0
"E00107504",3,2,1
"E00107505",19,10,9
"E00107506",19,12,7
"E00107507",7,2,5
"E00107508",20,6,14
"E00107509",5,2,3
"E00107510",5,2,3
"E00107511",14,6,8
"E00107512",6,4,2
"E00107513",18,10,8
"E00107514",14,10,4
"E00107515",10,3,7
"E00107516",11,7,4
"E00107517",8,5,3
"E00107518",4,2,2
"E00107519",3,3,0
"E00107520",12,4,8
"E00107521",6,0,6
"E00107522",6,4,2
"E00107523",0,0,0
"E00107524",9,5,4
"E00107525",4,2,2
"E00107526",6,5,1
"E00107527",1,0,1
"E00107528",3,2,1
"E00107529",13,8,5
"E00107530",3,1,2
"E00107531",15,7,8
"E00107532",10,7,3
"E00107533",10,7,3
"E00107534",8,5,3
"E00107535",9,2,7
"E00107536",11,3,8
"E00107537",5,3,2
"E00107538",11,7,4
"E00107539",3,3,0
"E00107540",13,6,7
"E00107541",24,13,11
"E00107542",15,8,7
"E00107543",12,8,4
"E00107544",2,1,1
"E00107545",29,14,15
"E00107546",15,6,9
"E00107547",9,6,3
"E00107548",3,1,2
"E00107549",2,2,0
"E00107550",5,3,2
"E00107551",3,1,2
"E00107552",18,6,12
"E00107553",7,4,3
"E00107554",20,17,3
"E00107555",17,9,8
"E00107556",19,9,10
"E00107557",7,5,2
"E00107558",16,14,2
"E00107559",14,12,2
"E00107560",2,1,1
"E00107561",9,4,5
"E00107562",11,6,5
"E00107563",15,8,7
"E00107564",7,3,4
"E00107565",10,6,4
"E00107566",8,6,2
"E00107567",6,4,2
"E00107568",6,3,3
"E00107569",2,0,2
"E00107570",1,0,1
"E00107571",2,1,1
"E00107572",0,0,0
"E00107573",0,0,0
"E00107574",6,3,3
"E00107575",0,0,0
"E00107576",2,2,0
"E00107577",1,0,1
"E00107578",3,1,2
"E00107579",3,1,2
"E00107580",9,5,4
"E00107581",4,3,1
"E00107582",0,0,0
"E00107583",7,3,4
"E00107584",3,0,3
"E00107585",1,0,1
"E00107586",1,0,1
"E00107587",4,2,2
"E00107588",3,1,2
"E00107589",5,4,1
"E00107590",1,1,0
"E00107591",0,0,0
"E00107592",2,0,2
"E00107593",3,2,1
"E00107594",0,0,0
"E00107597",6,3,3
"E00107598",2,0,2
"E00107599",3,2,1
"E00107600",4,2,2
"E00107601",5,1,4
"E00107602",0,0,0
"E00107603",7,5,2
"E00107604",4,3,1
"E00107605",6,3,3
"E00107606",4,3,1
"E00107607",3,2,1
"E00107608",2,1,1
"E00107609",0,0,0
"E00107610",7,3,4
"E00107611",8,5,3
"E00107612",0,0,0
"E00107613",2,0,2
"E00107614",1,0,1
"E00107615",0,0,0
"E00107616",0,0,0
"E00107617",0,0,0
"E00107618",1,1,0
"E00107619",1,0,1
"E00107620",1,1,0
"E00107621",2,0,2
"E00107622",1,1,0
"E00107623",1,0,1
"E00107624",6,2,4
"E00107625",12,6,6
"E00107626",9,5,4
"E00107627",19,11,8
"E00107628",10,5,5
"E00107629",1,1,0
"E00107630",13,5,8
"E00107631",12,4,8
"E00107632",8,2,6
"E00107633",11,8,3
"E00107634",7,1,6
"E00107635",15,9,6
"E00107636",8,5,3
"E00107637",10,5,5
"E00107638",5,5,0
"E00107639",0,0,0
"E00107640",11,4,7
"E00107641",4,3,1
"E00107642",1,1,0
"E00107643",8,4,4
"E00107644",6,4,2
"E00107645",7,2,5
"E00107646",2,1,1
"E00107647",0,0,0
"E00107648",9,5,4
"E00107649",1,0,1
"E00107650",1,1,0
"E00107651",7,4,3
"E00107652",10,6,4
"E00107653",6,3,3
"E00107654",5,2,3
"E00107655",1,1,0
"E00107656",6,3,3
"E00107657",0,0,0
"E00107658",1,0,1
"E00107659",0,0,0
"E00107660",6,2,4
"E00107661",5,3,2
"E00107662",9,4,5
"E00107663",5,3,2
"E00107664",3,1,2
"E00107665",4,1,3
"E00107666",1,1,0
"E00107667",1,1,0
"E00107668",7,4,3
"E00107669",25,15,10
"E00107670",1,0,1
"E00107671",2,1,1
"E00107672",3,1,2
"E00107673",6,2,4
"E00107674",2,1,1
"E00107675",3,0,3
"E00107676",6,3,3
"E00107677",0,0,0
"E00107678",2,2,0
"E00107679",4,1,3
"E00107680",12,6,6
"E00107682",4,2,2
"E00107683",4,0,4
"E00107684",7,1,6
"E00107685",1,0,1
"E00107686",6,4,2
"E00107687",2,1,1
"E00107688",3,2,1
"E00107689",16,9,7
"E00107690",13,7,6
"E00107691",0,0,0
"E00107692",6,2,4
"E00107693",11,4,7
"E00107694",6,2,4
"E00107695",0,0,0
"E00107696",2,1,1
"E00107697",15,9,6
"E00107698",8,1,7
"E00107699",0,0,0
"E00107700",1,0,1
"E00107701",20,9,11
"E00107702",5,3,2
"E00107703",9,3,6
"E00107704",10,3,7
"E00107705",8,3,5
"E00107706",12,6,6
"E00107707",7,4,3
"E00107708",8,7,1
"E00107709",4,1,3
"E00107710",9,6,3
"E00107711",9,5,4
"E00107712",7,4,3
"E00107713",7,5,2
"E00107714",5,2,3
"E00107715",2,2,0
"E00107716",12,8,4
"E00107717",5,2,3
"E00107718",0,0,0
"E00107719",0,0,0
"E00107720",5,3,2
"E00107721",1,1,0
"E00107722",0,0,0
"E00107723",6,3,3
"E00107724",2,2,0
"E00107725",0,0,0
"E00107726",2,2,0
"E00107727",0,0,0
"E00107728",0,0,0
"E00107729",5,3,2
"E00107730",5,2,3
"E00107731",5,3,2
"E00107732",9,3,6
"E00107733",4,3,1
"E00107734",3,0,3
"E00107735",4,4,0
"E00107736",6,1,5
"E00107737",4,2,2
"E00107738",1,1,0
"E00107739",3,2,1
"E00107740",5,2,3
"E00107741",1,1,0
"E00107742",4,3,1
"E00107743",0,0,0
"E00107744",0,0,0
"E00107745",8,5,3
"E00107746",4,2,2
"E00107747",4,2,2
"E00107748",1,1,0
"E00107749",2,1,1
"E00107750",0,0,0
"E00107751",1,1,0
"E00107752",0,0,0
"E00107753",0,0,0
"E00107754",1,1,0
"E00107755",3,2,1
"E00107756",2,2,0
"E00107757",5,2,3
"E00107758",3,1,2
"E00107759",0,0,0
"E00107760",0,0,0
"E00107761",5,1,4
"E00107762",2,2,0
"E00107763",2,1,1
"E00107764",1,1,0
"E00107765",0,0,0
"E00107766",2,1,1
"E00107767",2,1,1
"E00107768",3,3,0
"E00107769",1,1,0
"E00107770",3,1,2
"E00107771",2,0,2
"E00107772",4,4,0
"E00107773",2,1,1
"E00107774",1,1,0
"E00107775",11,6,5
"E00107776",17,10,7
"E00107777",11,8,3
"E00107778",14,9,5
"E00107779",4,2,2
"E00107780",8,6,2
"E00107781",11,7,4
"E00107782",5,2,3
"E00107783",4,2,2
"E00107784",7,3,4
"E00107785",9,3,6
"E00107786",2,1,1
"E00107787",4,3,1
"E00107788",9,7,2
"E00107789",4,1,3
"E00107790",2,1,1
"E00107791",12,4,8
"E00107792",4,0,4
"E00107793",6,3,3
"E00107794",6,6,0
"E00107795",2,2,0
"E00107796",5,3,2
"E00107797",4,4,0
"E00107798",2,1,1
"E00107799",2,2,0
"E00107800",2,0,2
"E00107801",8,4,4
"E00107802",4,1,3
"E00107803",5,5,0
"E00107804",1,0,1
"E00107805",3,2,1
"E00107806",5,1,4
"E00107807",3,1,2
"E00107808",1,1,0
"E00107809",5,3,2
"E00107810",1,0,1
"E00107811",6,4,2
"E00107812",5,1,4
"E00107813",6,3,3
"E00107814",0,0,0
"E00107815",9,2,7
"E00107816",1,1,0
"E00107817",4,0,4
"E00107818",3,0,3
"E00107820",11,6,5
"E00107821",13,7,6
"E00107822",5,3,2
"E00107823",7,4,3
"E00107824",8,4,4
"E00107825",11,9,2
"E00107826",11,8,3
"E00107827",10,5,5
"E00107828",12,5,7
"E00107829",8,6,2
"E00107830",27,12,15
"E00107831",4,4,0
"E00107832",29,17,12
"E00107833",5,4,1
"E00107834",9,5,4
"E00107835",17,6,11
"E00107836",6,2,4
"E00107837",27,13,14
"E00107838",19,8,11
"E00107839",8,2,6
"E00107840",9,3,6
"E00107841",9,7,2
"E00107842",2,1,1
"E00107843",5,2,3
"E00107844",2,0,2
"E00107845",1,1,0
"E00107846",0,0,0
"E00107847",3,2,1
"E00107848",0,0,0
"E00107849",5,2,3
"E00107850",2,1,1
"E00107851",0,0,0
"E00107852",3,1,2
"E00107853",1,0,1
"E00107854",4,1,3
"E00107855",1,0,1
"E00107856",5,3,2
"E00107857",2,1,1
"E00107858",3,2,1
"E00107859",2,1,1
"E00107860",0,0,0
"E00107861",0,0,0
"E00107862",2,2,0
"E00107863",0,0,0
"E00107864",4,2,2
"E00107865",4,3,1
"E00107866",4,2,2
"E00107867",1,1,0
"E00107868",7,4,3
"E00107869",0,0,0
"E00107870",1,0,1
"E00107871",5,4,1
"E00107872",5,4,1
"E00107873",10,5,5
"E00107874",7,4,3
"E00107875",10,5,5
"E00107876",12,10,2
"E00107877",10,7,3
"E00107878",0,0,0
"E00107879",8,4,4
"E00107880",3,3,0
"E00107881",0,0,0
"E00107882",9,6,3
"E00107883",6,1,5
"E00107884",4,2,2
"E00107885",3,2,1
"E00107886",4,2,2
"E00107887",5,3,2
"E00107888",10,4,6
"E00107889",4,1,3
"E00107890",10,4,6
"E00107891",4,2,2
"E00107892",3,2,1
"E00107893",5,2,3
"E00107894",3,3,0
"E00107895",3,2,1
"E00107896",4,2,2
"E00107897",3,2,1
"E00107898",3,1,2
"E00107899",2,2,0
"E00107900",10,3,7
"E00107901",5,4,1
"E00107902",3,2,1
"E00107903",5,2,3
"E00107904",5,2,3
"E00107905",10,4,6
"E00107906",9,4,5
"E00107907",13,6,7
"E00107908",10,6,4
"E00107909",9,6,3
"E00107910",9,5,4
"E00107911",2,1,1
"E00107912",2,1,1
"E00107913",5,2,3
"E00107914",2,2,0
"E00107915",4,3,1
"E00107916",1,0,1
"E00107917",5,3,2
"E00107918",7,5,2
"E00107919",6,4,2
"E00107920",2,1,1
"E00107921",5,3,2
"E00107922",3,2,1
"E00107923",8,4,4
"E00107924",3,1,2
"E00107925",15,9,6
"E00107926",2,1,1
"E00107927",6,2,4
"E00107928",0,0,0
"E00107929",10,6,4
"E00107930",4,1,3
"E00107931",0,0,0
"E00107932",4,2,2
"E00107933",4,4,0
"E00107934",9,3,6
"E00107935",6,0,6
"E00107936",7,6,1
"E00107937",3,1,2
"E00107938",13,6,7
"E00107939",13,6,7
"E00107940",0,0,0
"E00107941",5,2,3
"E00107942",6,2,4
"E00107943",9,3,6
"E00107944",0,0,0
"E00107945",3,2,1
"E00107946",3,2,1
"E00107947",1,1,0
"E00107948",1,1,0
"E00107949",3,2,1
"E00107950",6,4,2
"E00107951",5,4,1
"E00107952",3,1,2
"E00107953",4,0,4
"E00107954",2,1,1
"E00107955",4,2,2
"E00107956",4,2,2
"E00107957",3,2,1
"E00107958",6,2,4
"E00107959",6,4,2
"E00107960",12,8,4
"E00107961",5,1,4
"E00107962",2,1,1
"E00107963",3,1,2
"E00107964",12,5,7
"E00107965",1,1,0
"E00107966",4,3,1
"E00107967",1,1,0
"E00107968",9,5,4
"E00107969",5,3,2
"E00107970",3,2,1
"E00107971",4,2,2
"E00107972",3,0,3
"E00107973",1,1,0
"E00107974",9,6,3
"E00107975",13,5,8
"E00107976",3,2,1
"E00107977",9,4,5
"E00107978",10,6,4
"E00107979",1,0,1
"E00107980",1,0,1
"E00107981",0,0,0
"E00107982",1,1,0
"E00107983",2,1,1
"E00107984",3,0,3
"E00107985",4,2,2
"E00107986",7,4,3
"E00107987",3,1,2
"E00107988",2,1,1
"E00107989",0,0,0
"E00107990",7,2,5
"E00107991",5,2,3
"E00107992",2,1,1
"E00107993",0,0,0
"E00107994",3,0,3
"E00107995",8,4,4
"E00107996",7,4,3
"E00107997",9,6,3
"E00107998",3,3,0
"E00107999",2,2,0
"E00108000",1,0,1
"E00108001",0,0,0
"E00108002",3,2,1
"E00108003",6,5,1
"E00108004",3,0,3
"E00108005",0,0,0
"E00108006",8,4,4
"E00108007",3,2,1
"E00108008",0,0,0
"E00108009",4,2,2
"E00108010",1,1,0
"E00108011",0,0,0
"E00108012",5,2,3
"E00108013",3,3,0
"E00108014",1,0,1
"E00108015",1,1,0
"E00108016",3,3,0
"E00108017",2,0,2
"E00108018",1,0,1
"E00108019",0,0,0
"E00108020",3,1,2
"E00108021",1,0,1
"E00108022",1,0,1
"E00108023",2,1,1
"E00108024",2,1,1
"E00108025",0,0,0
"E00108026",0,0,0
"E00108027",2,1,1
"E00108028",0,0,0
"E00108029",1,0,1
"E00108030",2,1,1
"E00108031",2,2,0
"E00108032",3,2,1
"E00108033",1,1,0
"E00108034",1,1,0
"E00108035",3,1,2
"E00108036",4,2,2
"E00108037",1,1,0
"E00108038",2,2,0
"E00108039",1,0,1
"E00108040",1,1,0
"E00108041",5,3,2
"E00108042",5,4,1
"E00108043",2,2,0
"E00108044",0,0,0
"E00108045",0,0,0
"E00108046",0,0,0
"E00108047",3,1,2
"E00108048",5,2,3
"E00108049",3,2,1
"E00108050",0,0,0
"E00108051",1,1,0
"E00108052",2,0,2
"E00108053",1,0,1
"E00108054",3,2,1
"E00108055",3,1,2
"E00108056",8,4,4
"E00108057",7,3,4
"E00108058",1,0,1
"E00108059",3,3,0
"E00108060",1,1,0
"E00108062",1,0,1
"E00108063",1,0,1
"E00108064",0,0,0
"E00108066",2,2,0
"E00108067",0,0,0
"E00108068",4,1,3
"E00108069",2,2,0
"E00108070",0,0,0
"E00108071",3,0,3
"E00108072",3,1,2
"E00108073",1,1,0
"E00108074",0,0,0
"E00108075",0,0,0
"E00108076",1,0,1
"E00108077",3,1,2
"E00108078",4,0,4
"E00108079",2,0,2
"E00108080",0,0,0
"E00108081",5,2,3
"E00108082",5,5,0
"E00108083",1,1,0
"E00108084",1,1,0
"E00108085",4,2,2
"E00108086",0,0,0
"E00108087",0,0,0
"E00108088",1,1,0
"E00108089",3,2,1
"E00108090",1,1,0
"E00108091",1,1,0
"E00108092",4,2,2
"E00108094",11,4,7
"E00108095",2,1,1
"E00108096",4,2,2
"E00108097",6,2,4
"E00108098",1,1,0
"E00108099",6,3,3
"E00108100",0,0,0
"E00108101",4,4,0
"E00108102",7,3,4
"E00108103",2,0,2
"E00108104",6,2,4
"E00108105",1,1,0
"E00108106",0,0,0
"E00108107",1,0,1
"E00108108",6,3,3
"E00108109",0,0,0
"E00108110",4,1,3
"E00108111",1,1,0
"E00108112",0,0,0
"E00108113",8,4,4
"E00108114",2,2,0
"E00108115",5,3,2
"E00108116",7,7,0
"E00108117",10,4,6
"E00108118",5,2,3
"E00108119",0,0,0
"E00108120",5,3,2
"E00108121",0,0,0
"E00108122",1,1,0
"E00108123",1,0,1
"E00108124",1,0,1
"E00108125",1,0,1
"E00108126",0,0,0
"E00108127",3,1,2
"E00108128",3,2,1
"E00108129",0,0,0
"E00108130",2,0,2
"E00108131",11,6,5
"E00108132",0,0,0
"E00108133",6,4,2
"E00108134",1,0,1
"E00108135",0,0,0
"E00108136",1,0,1
"E00108137",0,0,0
"E00108138",4,4,0
"E00108139",3,0,3
"E00108140",0,0,0
"E00108141",0,0,0
"E00108142",5,4,1
"E00108143",0,0,0
"E00108144",0,0,0
"E00108145",4,3,1
"E00108146",1,1,0
"E00108147",0,0,0
"E00108148",1,0,1
"E00108149",1,1,0
"E00108150",1,0,1
"E00108151",0,0,0
"E00108152",5,2,3
"E00108153",4,2,2
"E00108154",0,0,0
"E00108155",1,0,1
"E00108156",6,5,1
"E00108157",1,1,0
"E00108158",1,0,1
"E00108159",0,0,0
"E00108160",1,0,1
"E00108161",0,0,0
"E00108162",2,1,1
"E00108163",7,4,3
"E00108164",2,2,0
"E00108165",3,0,3
"E00108166",1,0,1
"E00108167",5,2,3
"E00108168",1,0,1
"E00108169",1,1,0
"E00108170",0,0,0
"E00108171",2,1,1
"E00108172",3,0,3
"E00108173",5,1,4
"E00108174",1,1,0
"E00108175",0,0,0
"E00108176",3,2,1
"E00108177",1,1,0
"E00108178",1,1,0
"E00108179",5,3,2
"E00108180",2,1,1
"E00108181",5,2,3
"E00108182",1,0,1
"E00108183",4,0,4
"E00108184",1,1,0
"E00108185",1,1,0
"E00108186",9,5,4
"E00108187",2,0,2
"E00108188",2,2,0
"E00108189",1,0,1
"E00108190",0,0,0
"E00108191",1,1,0
"E00108192",6,3,3
"E00108193",3,2,1
"E00108194",10,7,3
"E00108195",5,3,2
"E00108196",3,0,3
"E00108197",6,1,5
"E00108198",1,0,1
"E00108199",3,1,2
"E00108200",0,0,0
"E00108201",3,3,0
"E00108202",0,0,0
"E00108203",1,1,0
"E00108204",2,0,2
"E00108205",3,0,3
"E00108206",1,1,0
"E00108207",0,0,0
"E00108208",1,1,0
"E00108209",1,0,1
"E00108210",2,0,2
"E00108211",6,3,3
"E00108212",1,0,1
"E00108213",0,0,0
"E00108214",3,1,2
"E00108215",3,2,1
"E00108216",4,4,0
"E00108217",0,0,0
"E00108218",0,0,0
"E00108219",0,0,0
"E00108220",0,0,0
"E00108221",1,1,0
"E00108222",2,0,2
"E00108223",1,1,0
"E00108224",3,2,1
"E00108225",2,1,1
"E00108226",0,0,0
"E00108227",1,0,1
"E00108228",0,0,0
"E00108229",0,0,0
"E00108230",1,0,1
"E00108231",0,0,0
"E00108232",0,0,0
"E00108233",1,1,0
"E00108234",6,4,2
"E00108235",3,3,0
"E00108236",0,0,0
"E00108237",2,2,0
"E00108238",2,1,1
"E00108239",7,6,1
"E00108240",0,0,0
"E00108241",3,1,2
"E00108242",0,0,0
"E00108243",0,0,0
"E00108244",0,0,0
"E00108245",1,0,1
"E00108246",5,2,3
"E00108247",5,2,3
"E00108248",5,4,1
"E00108249",8,3,5
"E00108250",1,1,0
"E00108251",3,3,0
"E00108252",1,0,1
"E00108253",0,0,0
"E00108254",0,0,0
"E00108255",7,2,5
"E00108256",0,0,0
"E00108257",2,0,2
"E00108258",2,0,2
"E00108259",2,2,0
"E00108260",0,0,0
"E00108261",3,1,2
"E00108262",2,1,1
"E00108263",4,3,1
"E00108264",2,0,2
"E00108265",2,1,1
"E00108266",1,1,0
"E00108267",0,0,0
"E00108268",0,0,0
"E00108269",2,2,0
"E00108270",0,0,0
"E00108271",0,0,0
"E00108272",2,2,0
"E00108273",4,2,2
"E00108274",0,0,0
"E00108275",0,0,0
"E00108276",2,1,1
"E00108277",0,0,0
"E00108278",1,1,0
"E00108279",0,0,0
"E00108280",0,0,0
"E00108281",2,2,0
"E00108282",0,0,0
"E00108283",1,1,0
"E00108284",3,1,2
"E00108285",0,0,0
"E00108286",2,1,1
"E00108287",0,0,0
"E00108288",1,1,0
"E00108289",0,0,0
"E00108290",0,0,0
"E00108291",5,2,3
"E00108292",1,1,0
"E00108293",4,1,3
"E00108294",3,2,1
"E00108295",1,1,0
"E00108296",0,0,0
"E00108297",1,0,1
"E00108298",1,1,0
"E00108299",1,0,1
"E00108300",5,3,2
"E00108301",3,2,1
"E00108302",0,0,0
"E00108303",1,0,1
"E00108304",2,0,2
"E00108305",0,0,0
"E00108306",1,0,1
"E00108307",2,0,2
"E00108308",4,1,3
"E00108309",0,0,0
"E00108310",3,2,1
"E00108311",2,0,2
"E00108312",5,1,4
"E00108313",4,3,1
"E00108314",1,0,1
"E00108315",0,0,0
"E00108316",0,0,0
"E00108317",6,3,3
"E00108318",1,1,0
"E00108319",4,3,1
"E00108320",0,0,0
"E00108321",4,3,1
"E00108322",1,1,0
"E00108323",3,2,1
"E00108324",0,0,0
"E00108325",3,1,2
"E00108326",5,2,3
"E00108327",2,1,1
"E00108328",1,1,0
"E00108329",4,1,3
"E00108330",1,1,0
"E00108331",3,2,1
"E00108332",5,4,1
"E00108333",4,1,3
"E00108334",1,0,1
"E00108335",0,0,0
"E00108336",2,1,1
"E00108337",0,0,0
"E00108338",0,0,0
"E00108339",4,3,1
"E00108340",4,4,0
"E00108341",3,1,2
"E00108342",2,2,0
"E00108343",0,0,0
"E00108344",1,1,0
"E00108345",1,0,1
"E00108346",4,2,2
"E00108347",1,1,0
"E00108348",5,2,3
"E00108349",4,3,1
"E00108350",0,0,0
"E00108351",0,0,0
"E00108352",3,0,3
"E00108353",0,0,0
"E00108354",0,0,0
"E00108355",0,0,0
"E00108356",3,2,1
"E00108357",0,0,0
"E00108358",3,1,2
"E00108359",0,0,0
"E00108360",4,2,2
"E00108361",6,2,4
"E00108362",0,0,0
"E00108363",2,2,0
"E00108364",0,0,0
"E00108365",4,2,2
"E00108366",0,0,0
"E00108367",4,3,1
"E00108368",9,4,5
"E00108369",0,0,0
"E00108370",1,1,0
"E00108371",1,1,0
"E00108372",0,0,0
"E00108373",1,0,1
"E00108374",0,0,0
"E00108375",1,0,1
"E00108376",5,3,2
"E00108377",2,1,1
"E00108378",5,3,2
"E00108379",3,1,2
"E00108380",2,1,1
"E00108381",4,2,2
"E00108382",1,1,0
"E00108383",4,3,1
"E00108384",8,3,5
"E00108385",5,5,0
"E00108386",7,3,4
"E00108387",5,3,2
"E00108388",3,3,0
"E00108389",2,1,1
"E00108390",1,0,1
"E00108391",0,0,0
"E00108392",2,2,0
"E00108393",0,0,0
"E00108394",0,0,0
"E00108395",7,3,4
"E00108396",1,1,0
"E00108397",0,0,0
"E00108398",1,0,1
"E00108399",4,0,4
"E00108400",2,1,1
"E00108401",7,3,4
"E00108402",0,0,0
"E00108403",6,5,1
"E00108404",6,4,2
"E00108405",2,0,2
"E00108406",5,2,3
"E00108407",6,4,2
"E00108408",3,1,2
"E00108409",0,0,0
"E00108410",3,1,2
"E00108412",6,3,3
"E00108413",5,3,2
"E00108414",8,4,4
"E00108415",3,2,1
"E00108416",1,0,1
"E00108417",1,0,1
"E00108418",0,0,0
"E00108419",2,1,1
"E00108420",2,1,1
"E00108421",0,0,0
"E00108422",1,0,1
"E00108423",1,0,1
"E00108424",9,4,5
"E00108425",4,1,3
"E00108426",1,1,0
"E00108427",0,0,0
"E00108428",11,5,6
"E00108429",2,2,0
"E00108430",3,1,2
"E00108432",8,4,4
"E00108433",12,4,8
"E00108434",1,0,1
"E00108435",6,3,3
"E00108436",2,0,2
"E00108437",9,6,3
"E00108438",1,1,0
"E00108439",12,7,5
"E00108440",4,1,3
"E00108441",1,0,1
"E00108442",5,0,5
"E00108443",1,0,1
"E00108444",1,1,0
"E00108445",2,0,2
"E00108446",4,3,1
"E00108447",10,8,2
"E00108449",8,5,3
"E00108450",6,1,5
"E00108451",4,3,1
"E00108452",3,1,2
"E00108453",0,0,0
"E00108454",4,3,1
"E00108455",0,0,0
"E00108456",6,4,2
"E00108457",0,0,0
"E00108458",7,3,4
"E00108459",5,4,1
"E00108460",2,0,2
"E00108461",0,0,0
"E00108462",3,2,1
"E00108463",1,0,1
"E00108464",1,1,0
"E00108465",0,0,0
"E00108466",0,0,0
"E00108467",11,7,4
"E00108468",5,2,3
"E00108469",0,0,0
"E00108470",1,1,0
"E00108471",11,10,1
"E00108472",4,3,1
"E00108474",2,2,0
"E00108475",7,4,3
"E00108476",3,2,1
"E00108477",1,0,1
"E00108478",3,1,2
"E00108479",3,0,3
"E00108480",2,2,0
"E00108481",1,0,1
"E00108482",8,7,1
"E00108484",1,0,1
"E00108485",3,2,1
"E00108486",2,1,1
"E00108488",7,4,3
"E00108489",3,2,1
"E00108490",1,1,0
"E00108491",0,0,0
"E00108492",0,0,0
"E00108493",1,1,0
"E00108494",1,0,1
"E00108495",2,1,1
"E00108496",0,0,0
"E00108497",4,4,0
"E00108498",4,2,2
"E00108499",1,0,1
"E00108500",2,1,1
"E00108501",5,4,1
"E00108502",2,0,2
"E00108503",2,2,0
"E00108504",1,1,0
"E00108505",2,1,1
"E00108506",4,1,3
"E00108507",1,0,1
"E00108508",2,1,1
"E00108509",0,0,0
"E00108510",4,3,1
"E00108511",0,0,0
"E00108512",6,3,3
"E00108513",4,2,2
"E00108514",1,0,1
"E00108515",6,5,1
"E00108516",6,5,1
"E00108517",2,0,2
"E00108518",1,1,0
"E00108519",0,0,0
"E00108520",0,0,0
"E00108521",4,1,3
"E00108522",3,1,2
"E00108523",2,1,1
"E00108524",4,3,1
"E00108525",1,1,0
"E00108526",4,2,2
"E00108527",3,1,2
"E00108528",11,6,5
"E00108529",8,6,2
"E00108530",7,4,3
"E00108532",4,1,3
"E00108533",0,0,0
"E00108536",3,1,2
"E00108537",1,1,0
"E00108538",6,3,3
"E00108539",2,0,2
"E00108540",1,0,1
"E00108542",0,0,0
"E00108543",5,1,4
"E00108544",6,2,4
"E00108545",0,0,0
"E00108546",0,0,0
"E00108547",2,1,1
"E00108548",1,1,0
"E00108549",3,3,0
"E00108550",1,1,0
"E00108551",0,0,0
"E00108552",3,1,2
"E00108553",4,1,3
"E00108554",5,3,2
"E00108555",1,0,1
"E00108556",1,0,1
"E00108557",0,0,0
"E00108559",2,2,0
"E00108560",4,2,2
"E00108561",2,1,1
"E00108562",0,0,0
"E00108563",3,3,0
"E00108564",1,1,0
"E00108565",1,1,0
"E00108566",2,0,2
"E00108567",5,2,3
"E00108568",2,1,1
"E00108569",2,0,2
"E00108570",2,0,2
"E00108571",0,0,0
"E00108572",4,1,3
"E00108573",0,0,0
"E00108574",3,1,2
"E00108575",8,4,4
"E00108576",7,3,4
"E00108577",4,1,3
"E00108578",15,4,11
"E00108579",11,5,6
"E00108580",7,5,2
"E00108581",8,3,5
"E00108582",8,4,4
"E00108583",6,2,4
"E00108584",8,3,5
"E00108585",6,3,3
"E00108586",3,1,2
"E00108587",16,6,10
"E00108588",12,8,4
"E00108589",5,2,3
"E00108590",2,2,0
"E00108591",3,1,2
"E00108592",7,4,3
"E00108593",3,1,2
"E00108594",3,1,2
"E00108595",1,0,1
"E00108596",9,5,4
"E00108597",4,2,2
"E00108598",0,0,0
"E00108599",4,2,2
"E00108600",8,3,5
"E00108601",0,0,0
"E00108602",3,1,2
"E00108603",6,4,2
"E00108604",0,0,0
"E00108605",11,7,4
"E00108606",3,0,3
"E00108607",10,4,6
"E00108608",9,5,4
"E00108609",5,2,3
"E00108610",0,0,0
"E00108611",5,4,1
"E00108612",0,0,0
"E00108613",5,3,2
"E00108614",12,4,8
"E00108615",13,7,6
"E00108616",6,3,3
"E00108617",5,3,2
"E00108618",8,5,3
"E00108619",7,2,5
"E00108620",4,1,3
"E00108621",10,6,4
"E00108622",2,0,2
"E00108623",7,6,1
"E00108624",4,2,2
"E00108625",2,1,1
"E00108627",5,2,3
"E00108628",6,1,5
"E00108629",5,3,2
"E00108631",3,1,2
"E00108632",5,3,2
"E00108633",1,1,0
"E00108634",4,2,2
"E00108635",0,0,0
"E00108636",2,1,1
"E00108637",1,0,1
"E00108638",4,1,3
"E00108639",1,0,1
"E00108640",1,1,0
"E00108641",2,0,2
"E00108642",2,2,0
"E00108643",2,1,1
"E00108644",4,2,2
"E00108645",6,3,3
"E00108646",1,1,0
"E00108647",3,1,2
"E00108648",10,7,3
"E00108649",2,2,0
"E00108650",2,1,1
"E00108651",1,1,0
"E00108652",1,1,0
"E00108653",2,1,1
"E00108654",1,1,0
"E00108655",1,1,0
"E00108656",6,4,2
"E00108657",0,0,0
"E00108658",0,0,0
"E00108659",7,4,3
"E00108660",0,0,0
"E00108661",2,1,1
"E00108662",2,0,2
"E00108663",2,2,0
"E00108664",0,0,0
"E00108665",0,0,0
"E00108666",1,0,1
"E00108667",4,3,1
"E00108668",1,1,0
"E00108669",2,1,1
"E00108670",0,0,0
"E00108671",3,3,0
"E00108672",2,1,1
"E00108673",2,1,1
"E00108674",3,1,2
"E00108675",9,5,4
"E00108676",14,9,5
"E00108677",7,4,3
"E00108678",0,0,0
"E00108679",8,6,2
"E00108680",11,7,4
"E00108681",8,4,4
"E00108682",4,2,2
"E00108683",0,0,0
"E00108684",4,2,2
"E00108685",10,5,5
"E00108686",6,3,3
"E00108687",1,1,0
"E00108688",4,1,3
"E00108689",10,6,4
"E00108690",9,6,3
"E00108691",7,3,4
"E00108692",2,1,1
"E00108693",3,1,2
"E00108694",1,1,0
"E00108695",1,1,0
"E00108696",10,5,5
"E00108697",7,2,5
"E00108698",9,6,3
"E00108699",2,1,1
"E00108700",6,4,2
"E00108701",6,2,4
"E00108702",3,0,3
"E00108703",7,4,3
"E00108704",8,3,5
"E00108705",1,0,1
"E00108706",8,7,1
"E00108707",0,0,0
"E00108708",2,0,2
"E00108709",2,1,1
"E00108710",0,0,0
"E00108711",8,4,4
"E00108712",6,4,2
"E00108713",2,0,2
"E00108714",7,4,3
"E00108715",6,2,4
"E00108716",1,1,0
"E00108717",6,3,3
"E00108718",12,8,4
"E00108719",5,2,3
"E00108720",6,3,3
"E00108721",8,4,4
"E00108722",4,2,2
"E00108723",3,3,0
"E00108724",9,5,4
"E00108725",5,4,1
"E00108726",4,4,0
"E00108727",8,5,3
"E00108728",7,3,4
"E00108729",8,3,5
"E00108730",1,1,0
"E00108731",1,1,0
"E00108732",5,0,5
"E00108733",8,3,5
"E00108734",4,1,3
"E00108735",4,2,2
"E00108736",5,1,4
"E00108737",9,6,3
"E00108738",7,4,3
"E00108739",7,2,5
"E00108740",17,9,8
"E00108741",5,2,3
"E00108742",12,7,5
"E00108743",1,1,0
"E00108744",9,4,5
"E00108746",12,8,4
"E00108748",1,0,1
"E00108749",6,2,4
"E00108750",1,0,1
"E00108751",3,1,2
"E00108752",15,7,8
"E00108753",1,1,0
"E00108754",2,1,1
"E00108755",5,3,2
"E00108756",12,7,5
"E00108757",13,7,6
"E00108758",8,5,3
"E00108759",6,3,3
"E00108760",0,0,0
"E00108761",4,2,2
"E00108762",3,1,2
"E00108763",3,3,0
"E00108764",5,1,4
"E00108765",3,1,2
"E00108766",5,1,4
"E00108767",5,3,2
"E00108768",6,3,3
"E00108769",14,6,8
"E00108770",4,2,2
"E00108771",9,5,4
"E00108772",13,7,6
"E00108773",7,2,5
"E00108774",12,4,8
"E00108775",3,2,1
"E00108776",15,8,7
"E00108777",6,1,5
"E00108778",4,3,1
"E00108779",7,2,5
"E00108780",8,5,3
"E00108781",9,4,5
"E00108782",10,5,5
"E00108783",2,1,1
"E00108784",2,1,1
"E00108785",9,5,4
"E00108786",4,2,2
"E00108787",4,2,2
"E00108788",8,1,7
"E00108789",9,4,5
"E00108790",5,4,1
"E00108791",0,0,0
"E00108792",6,2,4
"E00108793",1,1,0
"E00108794",0,0,0
"E00108795",0,0,0
"E00108796",5,3,2
"E00108797",0,0,0
"E00108798",0,0,0
"E00108799",0,0,0
"E00108800",1,1,0
"E00108801",3,2,1
"E00108802",5,4,1
"E00108803",3,2,1
"E00108804",4,4,0
"E00108805",3,1,2
"E00108806",1,1,0
"E00108807",1,1,0
"E00108808",0,0,0
"E00108809",3,1,2
"E00108810",1,1,0
"E00108811",1,1,0
"E00108812",1,0,1
"E00108813",2,2,0
"E00108814",1,1,0
"E00108815",0,0,0
"E00108816",1,1,0
"E00108817",4,3,1
"E00108818",3,2,1
"E00108819",1,0,1
"E00108820",2,0,2
"E00108821",2,1,1
"E00108822",1,1,0
"E00108823",2,2,0
"E00108824",2,0,2
"E00108825",3,0,3
"E00108826",11,8,3
"E00108827",1,1,0
"E00108828",2,0,2
"E00108829",1,1,0
"E00108831",2,1,1
"E00108832",3,2,1
"E00108833",6,3,3
"E00108834",3,0,3
"E00108836",7,4,3
"E00108837",1,0,1
"E00108838",0,0,0
"E00108839",3,0,3
"E00108840",2,2,0
"E00108841",2,2,0
"E00108842",2,1,1
"E00108843",1,1,0
"E00108845",10,7,3
"E00108846",2,2,0
"E00108847",7,3,4
"E00108848",5,4,1
"E00108849",5,3,2
"E00108850",1,0,1
"E00108851",0,0,0
"E00108852",0,0,0
"E00108853",1,0,1
"E00108854",3,2,1
"E00108855",9,6,3
"E00108856",3,2,1
"E00108857",0,0,0
"E00108858",3,1,2
"E00108859",1,1,0
"E00108860",7,4,3
"E00108861",4,2,2
"E00108862",6,2,4
"E00108863",8,5,3
"E00108864",3,1,2
"E00108865",1,0,1
"E00108866",5,4,1
"E00108867",0,0,0
"E00108868",3,0,3
"E00108869",0,0,0
"E00108870",1,0,1
"E00108871",2,1,1
"E00108872",2,0,2
"E00108873",4,1,3
"E00108874",5,2,3
"E00108875",10,3,7
"E00108876",8,6,2
"E00108877",0,0,0
"E00108878",2,0,2
"E00108879",12,3,9
"E00108880",4,2,2
"E00108881",0,0,0
"E00108882",1,0,1
"E00108883",3,0,3
"E00108884",4,3,1
"E00108885",4,3,1
"E00108886",1,1,0
"E00108887",3,1,2
"E00108888",8,4,4
"E00108889",9,7,2
"E00108890",0,0,0
"E00108891",7,2,5
"E00108892",5,4,1
"E00108893",0,0,0
"E00108894",6,2,4
"E00108895",3,0,3
"E00108896",3,2,1
"E00108897",1,1,0
"E00108898",0,0,0
"E00108899",4,1,3
"E00108900",4,4,0
"E00108901",5,5,0
"E00108902",3,3,0
"E00108903",3,2,1
"E00108904",18,9,9
"E00108905",9,4,5
"E00108906",18,11,7
"E00108907",1,1,0
"E00108908",1,1,0
"E00108909",3,2,1
"E00108910",2,0,2
"E00108911",1,0,1
"E00108912",0,0,0
"E00108913",2,2,0
"E00108914",5,1,4
"E00108916",0,0,0
"E00108917",3,1,2
"E00108918",0,0,0
"E00108920",9,6,3
"E00108921",7,4,3
"E00108922",8,6,2
"E00108923",3,1,2
"E00108924",2,2,0
"E00108925",2,2,0
"E00108926",6,4,2
"E00108927",9,3,6
"E00108928",5,3,2
"E00108929",3,0,3
"E00108930",15,7,8
"E00108931",0,0,0
"E00108932",12,7,5
"E00108933",4,1,3
"E00108934",1,1,0
"E00108935",4,1,3
"E00108936",5,3,2
"E00108937",7,4,3
"E00108938",10,5,5
"E00108939",8,6,2
"E00108940",6,2,4
"E00108941",6,2,4
"E00108942",1,1,0
"E00108943",2,1,1
"E00108944",6,3,3
"E00108945",9,5,4
"E00108946",3,3,0
"E00108947",5,4,1
"E00108948",8,4,4
"E00108949",6,5,1
"E00108950",16,9,7
"E00108951",2,1,1
"E00108952",3,1,2
"E00108953",1,0,1
"E00108954",3,1,2
"E00108955",8,3,5
"E00108956",5,4,1
"E00108957",6,5,1
"E00108958",8,5,3
"E00108959",3,1,2
"E00108960",0,0,0
"E00108961",3,1,2
"E00108962",5,2,3
"E00108963",12,4,8
"E00108964",14,5,9
"E00108965",15,7,8
"E00108966",8,4,4
"E00108967",0,0,0
"E00108968",7,3,4
"E00108969",1,0,1
"E00108970",3,1,2
"E00108971",4,2,2
"E00108972",5,1,4
"E00108973",10,8,2
"E00108974",0,0,0
"E00108975",6,3,3
"E00108976",9,3,6
"E00108978",1,0,1
"E00108979",5,5,0
"E00108980",1,1,0
"E00108982",5,3,2
"E00108983",4,1,3
"E00108984",6,4,2
"E00108985",10,6,4
"E00108986",15,5,10
"E00108987",13,6,7
"E00108988",2,1,1
"E00108989",5,3,2
"E00108990",6,2,4
"E00108991",5,3,2
"E00108992",3,2,1
"E00108993",10,6,4
"E00108994",1,0,1
"E00108995",3,0,3
"E00108996",5,2,3
"E00108997",2,0,2
"E00108998",4,2,2
"E00108999",1,1,0
"E00109000",7,3,4
"E00109001",6,4,2
"E00109002",13,6,7
"E00109003",7,2,5
"E00109004",9,5,4
"E00109005",6,2,4
"E00109006",5,2,3
"E00109007",10,7,3
"E00109008",8,6,2
"E00109009",16,8,8
"E00109010",8,3,5
"E00109011",14,7,7
"E00109012",25,12,13
"E00109013",10,7,3
"E00109014",0,0,0
"E00109015",7,5,2
"E00109016",8,3,5
"E00109017",5,3,2
"E00109018",5,3,2
"E00109019",7,6,1
"E00109020",3,2,1
"E00109021",3,1,2
"E00109022",3,2,1
"E00109023",6,3,3
"E00109024",4,2,2
"E00109025",10,6,4
"E00109026",13,9,4
"E00109027",10,7,3
"E00109028",1,0,1
"E00109029",2,1,1
"E00109030",1,0,1
"E00109031",2,0,2
"E00109032",4,1,3
"E00109033",3,1,2
"E00109034",3,1,2
"E00109035",7,4,3
"E00109036",5,4,1
"E00109037",2,0,2
"E00109038",1,1,0
"E00109039",9,5,4
"E00109040",7,3,4
"E00109041",11,7,4
"E00109042",2,1,1
"E00109043",3,3,0
"E00109044",1,0,1
"E00109045",4,2,2
"E00109046",1,0,1
"E00109047",2,1,1
"E00109048",0,0,0
"E00109049",1,1,0
"E00109050",3,1,2
"E00109051",5,2,3
"E00109052",5,1,4
"E00109053",8,5,3
"E00109054",19,10,9
"E00109055",11,4,7
"E00109056",2,1,1
"E00109057",8,4,4
"E00109058",6,3,3
"E00109059",9,5,4
"E00109060",13,6,7
"E00109061",6,4,2
"E00109062",12,6,6
"E00109063",2,2,0
"E00109064",1,0,1
"E00109065",10,7,3
"E00109066",6,2,4
"E00109067",11,4,7
"E00109068",11,7,4
"E00109069",15,8,7
"E00109070",5,0,5
"E00109071",10,3,7
"E00109072",7,4,3
"E00109073",3,3,0
"E00109074",3,3,0
"E00109075",4,2,2
"E00109076",1,1,0
"E00109077",2,0,2
"E00109078",8,4,4
"E00109079",7,4,3
"E00109080",7,3,4
"E00109081",12,6,6
"E00109082",3,3,0
"E00109083",8,3,5
"E00109084",10,6,4
"E00109085",6,3,3
"E00109086",4,3,1
"E00109087",4,4,0
"E00109088",11,4,7
"E00109089",5,4,1
"E00109090",3,0,3
"E00109091",12,8,4
"E00109092",4,3,1
"E00109093",0,0,0
"E00109094",4,2,2
"E00109095",7,7,0
"E00109096",8,4,4
"E00109097",3,2,1
"E00109098",1,1,0
"E00109099",7,3,4
"E00109100",2,2,0
"E00109101",5,2,3
"E00109102",10,4,6
"E00109103",5,3,2
"E00109104",16,10,6
"E00109105",9,5,4
"E00109106",7,4,3
"E00109107",8,8,0
"E00109108",5,2,3
"E00109109",4,3,1
"E00109110",5,0,5
"E00109111",3,0,3
"E00109112",0,0,0
"E00109113",5,0,5
"E00109114",4,2,2
"E00109115",9,6,3
"E00109116",1,0,1
"E00109117",8,4,4
"E00109118",6,2,4
"E00109119",1,1,0
"E00109120",0,0,0
"E00109121",2,2,0
"E00109122",1,0,1
"E00109123",3,2,1
"E00109124",1,0,1
"E00109125",1,0,1
"E00109126",3,2,1
"E00109127",3,2,1
"E00109128",5,2,3
"E00109129",8,6,2
"E00109130",10,4,6
"E00109131",7,1,6
"E00109132",3,2,1
"E00109133",0,0,0
"E00109134",2,1,1
"E00109135",7,4,3
"E00109136",5,3,2
"E00109137",3,2,1
"E00109138",9,3,6
"E00109139",4,2,2
"E00109140",6,2,4
"E00109141",11,8,3
"E00109142",6,3,3
"E00109143",2,2,0
"E00109144",2,0,2
"E00109145",5,3,2
"E00109146",6,4,2
"E00109147",5,2,3
"E00109148",0,0,0
"E00109149",7,5,2
"E00109150",2,0,2
"E00109151",4,2,2
"E00109152",1,1,0
"E00109153",1,1,0
"E00109154",0,0,0
"E00109155",1,0,1
"E00109156",1,1,0
"E00109157",0,0,0
"E00109158",0,0,0
"E00109159",3,3,0
"E00109160",0,0,0
"E00109161",0,0,0
"E00109162",4,2,2
"E00109163",2,2,0
"E00109164",2,1,1
"E00109165",1,0,1
"E00109166",0,0,0
"E00109167",1,1,0
"E00109168",1,0,1
"E00109169",2,1,1
"E00109170",2,0,2
"E00109171",3,2,1
"E00109172",2,2,0
"E00109173",1,0,1
"E00109174",2,0,2
"E00109175",4,1,3
"E00109176",5,1,4
"E00109177",1,0,1
"E00109178",5,2,3
"E00109179",1,0,1
"E00109180",0,0,0
"E00109181",0,0,0
"E00109182",1,0,1
"E00109183",4,2,2
"E00109184",0,0,0
"E00109185",0,0,0
"E00109186",3,1,2
"E00109187",0,0,0
"E00109188",1,1,0
"E00109189",5,3,2
"E00109190",0,0,0
"E00109191",2,1,1
"E00109192",1,1,0
"E00109193",2,1,1
"E00109195",0,0,0
"E00109196",0,0,0
"E00109197",2,1,1
"E00109198",0,0,0
"E00109199",2,2,0
"E00109200",1,0,1
"E00109201",0,0,0
"E00109202",0,0,0
"E00109203",2,0,2
"E00109204",2,1,1
"E00109205",0,0,0
"E00109206",2,2,0
"E00109207",3,1,2
"E00109208",1,1,0
"E00109209",0,0,0
"E00109210",1,1,0
"E00109211",2,1,1
"E00109212",2,1,1
"E00109213",3,2,1
"E00109214",1,1,0
"E00109215",1,1,0
"E00109216",1,0,1
"E00109217",3,1,2
"E00109218",1,0,1
"E00109219",0,0,0
"E00109220",1,0,1
"E00109221",2,0,2
"E00109222",0,0,0
"E00109223",0,0,0
"E00109224",0,0,0
"E00109225",1,0,1
"E00109226",0,0,0
"E00109227",1,1,0
"E00109228",7,3,4
"E00109229",5,3,2
"E00109230",2,2,0
"E00109231",1,1,0
"E00109232",5,2,3
"E00109234",2,1,1
"E00109235",0,0,0
"E00109236",0,0,0
"E00109237",1,0,1
"E00109238",2,2,0
"E00109239",6,5,1
"E00109240",1,0,1
"E00109241",0,0,0
"E00109242",0,0,0
"E00109243",0,0,0
"E00109244",0,0,0
"E00109245",4,2,2
"E00109246",0,0,0
"E00109247",0,0,0
"E00109248",4,2,2
"E00109249",2,1,1
"E00109250",2,0,2
"E00109251",1,1,0
"E00109252",3,2,1
"E00109253",0,0,0
"E00109254",3,2,1
"E00109255",6,6,0
"E00109256",1,1,0
"E00109257",1,1,0
"E00109258",3,2,1
"E00109259",0,0,0
"E00109260",1,1,0
"E00109261",5,3,2
"E00109262",1,1,0
"E00109263",6,5,1
"E00109264",0,0,0
"E00109265",1,0,1
"E00109266",4,2,2
"E00109267",3,1,2
"E00109268",3,0,3
"E00109269",0,0,0
"E00109270",7,1,6
"E00109271",5,3,2
"E00109272",1,0,1
"E00109273",4,3,1
"E00109274",1,1,0
"E00109275",8,4,4
"E00109276",1,0,1
"E00109277",4,2,2
"E00109278",8,6,2
"E00109279",2,1,1
"E00109280",11,5,6
"E00109281",3,2,1
"E00109282",1,0,1
"E00109283",3,1,2
"E00109284",1,1,0
"E00109285",3,2,1
"E00109286",3,2,1
"E00109287",4,2,2
"E00109288",0,0,0
"E00109289",4,4,0
"E00109290",2,2,0
"E00109291",4,2,2
"E00109292",6,2,4
"E00109293",2,1,1
"E00109294",2,2,0
"E00109295",4,4,0
"E00109296",1,1,0
"E00109297",4,2,2
"E00109298",0,0,0
"E00109299",6,3,3
"E00109300",3,0,3
"E00109301",2,0,2
"E00109302",1,0,1
"E00109303",3,2,1
"E00109304",0,0,0
"E00109305",2,1,1
"E00109306",5,3,2
"E00109307",9,5,4
"E00109308",2,0,2
"E00109309",2,1,1
"E00109310",6,4,2
"E00109311",5,4,1
"E00109312",4,0,4
"E00109313",1,1,0
"E00109314",10,6,4
"E00109315",2,1,1
"E00109316",3,2,1
"E00109317",5,3,2
"E00109318",4,1,3
"E00109319",5,3,2
"E00109320",2,0,2
"E00109321",2,0,2
"E00109322",5,3,2
"E00109323",1,0,1
"E00109324",5,3,2
"E00109325",3,0,3
"E00109326",2,1,1
"E00109327",2,2,0
"E00109328",1,1,0
"E00109329",4,1,3
"E00109330",2,1,1
"E00109331",5,3,2
"E00109332",2,2,0
"E00109333",4,3,1
"E00109334",4,1,3
"E00109335",2,1,1
"E00109336",3,2,1
"E00109337",1,0,1
"E00109338",2,2,0
"E00109339",1,1,0
"E00109340",0,0,0
"E00109341",4,3,1
"E00109342",2,1,1
"E00109343",0,0,0
"E00109344",0,0,0
"E00109345",0,0,0
"E00109346",5,1,4
"E00109347",1,1,0
"E00109348",1,0,1
"E00109349",7,5,2
"E00109350",5,3,2
"E00109351",1,1,0
"E00109352",2,0,2
"E00109353",3,2,1
"E00109354",0,0,0
"E00109355",3,1,2
"E00109356",5,2,3
"E00109357",2,1,1
"E00109358",3,1,2
"E00109359",0,0,0
"E00109360",5,1,4
"E00109361",3,1,2
"E00109362",2,0,2
"E00109363",9,4,5
"E00109364",3,1,2
"E00109365",0,0,0
"E00109366",4,1,3
"E00109367",2,2,0
"E00109368",0,0,0
"E00109369",5,2,3
"E00109370",1,1,0
"E00109371",4,1,3
"E00109372",4,2,2
"E00109373",5,3,2
"E00109374",5,1,4
"E00109375",8,5,3
"E00109376",0,0,0
"E00109377",3,3,0
"E00109378",3,1,2
"E00109379",0,0,0
"E00109380",1,1,0
"E00109381",3,3,0
"E00109382",0,0,0
"E00109383",4,1,3
"E00109384",7,4,3
"E00109385",2,0,2
"E00109386",7,4,3
"E00109387",6,3,3
"E00109388",6,2,4
"E00109389",4,2,2
"E00109390",2,1,1
"E00109391",2,1,1
"E00109393",0,0,0
"E00109395",8,2,6
"E00109396",7,5,2
"E00109397",1,1,0
"E00109398",0,0,0
"E00109399",8,4,4
"E00109400",9,5,4
"E00109401",12,3,9
"E00109402",7,2,5
"E00109403",8,5,3
"E00109404",3,0,3
"E00109405",0,0,0
"E00109406",15,7,8
"E00109407",6,3,3
"E00109408",4,2,2
"E00109409",6,5,1
"E00109410",10,7,3
"E00109411",0,0,0
"E00109412",5,3,2
"E00109413",2,1,1
"E00109414",4,4,0
"E00109415",1,1,0
"E00109417",7,4,3
"E00109418",0,0,0
"E00109419",6,5,1
"E00109420",7,5,2
"E00109421",7,4,3
"E00109422",8,4,4
"E00109423",2,2,0
"E00109424",0,0,0
"E00109425",3,2,1
"E00109426",2,0,2
"E00109427",10,6,4
"E00109428",7,2,5
"E00109429",6,3,3
"E00109430",1,0,1
"E00109431",4,3,1
"E00109432",12,7,5
"E00109434",9,4,5
"E00109435",4,2,2
"E00109436",5,4,1
"E00109437",5,5,0
"E00109438",7,2,5
"E00109439",11,8,3
"E00109440",3,1,2
"E00109441",4,3,1
"E00109442",11,5,6
"E00109443",6,4,2
"E00109444",8,5,3
"E00109446",4,2,2
"E00109447",0,0,0
"E00109448",4,1,3
"E00109450",6,2,4
"E00109452",6,3,3
"E00109453",3,2,1
"E00109454",13,5,8
"E00109455",12,6,6
"E00109456",11,5,6
"E00109457",15,9,6
"E00109458",11,7,4
"E00109459",4,3,1
"E00109460",7,3,4
"E00109461",10,7,3
"E00109462",4,1,3
"E00109463",4,2,2
"E00109464",1,0,1
"E00109465",8,7,1
"E00109466",3,2,1
"E00109467",0,0,0
"E00109468",6,4,2
"E00109469",3,2,1
"E00109470",1,1,0
"E00109471",2,1,1
"E00109472",3,2,1
"E00109473",4,2,2
"E00109474",10,5,5
"E00109475",3,1,2
"E00109476",5,3,2
"E00109477",13,6,7
"E00109478",14,7,7
"E00109479",3,1,2
"E00109480",11,6,5
"E00109481",2,0,2
"E00109482",6,4,2
"E00109483",0,0,0
"E00109484",5,2,3
"E00109485",0,0,0
"E00109486",3,3,0
"E00109487",4,0,4
"E00109488",3,1,2
"E00109489",7,2,5
"E00109490",9,5,4
"E00109491",3,2,1
"E00109492",5,1,4
"E00109493",2,1,1
"E00109494",6,4,2
"E00109495",9,4,5
"E00109496",3,2,1
"E00109497",4,1,3
"E00109498",6,3,3
"E00109499",2,1,1
"E00109500",7,4,3
"E00109501",9,5,4
"E00109502",9,5,4
"E00109503",1,0,1
"E00109504",2,2,0
"E00109505",7,5,2
"E00109506",4,3,1
"E00109507",3,1,2
"E00109508",5,2,3
"E00109509",13,7,6
"E00109510",1,0,1
"E00109511",0,0,0
"E00109512",6,3,3
"E00109513",3,2,1
"E00109514",0,0,0
"E00109515",2,1,1
"E00109516",4,2,2
"E00109517",7,4,3
"E00109518",16,8,8
"E00109519",9,5,4
"E00109520",3,3,0
"E00109521",6,5,1
"E00109522",2,2,0
"E00109523",0,0,0
"E00109524",4,1,3
"E00109525",1,0,1
"E00109526",0,0,0
"E00109527",4,4,0
"E00109528",0,0,0
"E00109529",2,1,1
"E00109530",0,0,0
"E00109531",0,0,0
"E00109532",6,4,2
"E00109533",1,0,1
"E00109534",1,1,0
"E00109535",6,3,3
"E00109536",14,10,4
"E00109537",8,3,5
"E00109538",6,3,3
"E00109539",6,2,4
"E00109540",4,3,1
"E00109541",0,0,0
"E00109542",2,1,1
"E00109543",0,0,0
"E00109544",2,0,2
"E00109545",5,3,2
"E00109546",10,5,5
"E00109547",4,1,3
"E00109548",1,0,1
"E00109549",7,5,2
"E00109550",4,2,2
"E00109551",2,1,1
"E00109552",0,0,0
"E00109553",6,4,2
"E00109554",4,2,2
"E00109555",7,6,1
"E00109556",9,4,5
"E00109557",3,3,0
"E00109558",7,3,4
"E00109559",6,2,4
"E00109560",4,2,2
"E00109562",5,1,4
"E00109563",3,3,0
"E00109564",8,3,5
"E00109565",7,4,3
"E00109566",0,0,0
"E00109567",1,0,1
"E00109568",12,4,8
"E00109569",12,7,5
"E00109570",7,4,3
"E00109571",0,0,0
"E00109572",13,3,10
"E00109573",7,2,5
"E00109574",6,2,4
"E00109575",9,3,6
"E00109576",1,1,0
"E00109577",5,1,4
"E00109578",10,6,4
"E00109579",8,3,5
"E00109580",10,4,6
"E00109581",4,3,1
"E00109582",8,5,3
"E00109583",13,7,6
"E00109584",7,4,3
"E00109585",11,3,8
"E00109586",9,3,6
"E00109587",4,3,1
"E00109588",6,2,4
"E00109589",5,1,4
"E00109590",4,3,1
"E00109591",5,3,2
"E00109592",2,1,1
"E00109593",2,1,1
"E00109594",9,5,4
"E00109595",11,5,6
"E00109596",3,1,2
"E00109597",1,0,1
"E00109598",2,2,0
"E00109599",2,1,1
"E00109600",5,4,1
"E00109602",1,1,0
"E00109603",2,1,1
"E00109604",1,0,1
"E00109605",4,1,3
"E00109606",0,0,0
"E00109607",17,9,8
"E00109609",15,9,6
"E00109610",7,2,5
"E00109611",1,0,1
"E00109612",10,5,5
"E00109613",2,0,2
"E00109614",7,6,1
"E00109615",4,2,2
"E00109616",6,2,4
"E00109617",6,3,3
"E00109618",2,0,2
"E00109619",0,0,0
"E00109620",10,5,5
"E00109621",11,7,4
"E00109622",3,3,0
"E00109623",0,0,0
"E00109624",2,2,0
"E00109625",4,2,2
"E00109626",3,2,1
"E00109627",2,1,1
"E00109628",3,3,0
"E00109629",0,0,0
"E00109630",1,0,1
"E00109631",1,0,1
"E00109632",3,0,3
"E00109633",1,1,0
"E00109634",2,1,1
"E00109636",3,2,1
"E00109637",1,0,1
"E00109638",4,3,1
"E00109639",3,2,1
"E00109640",1,1,0
"E00109641",0,0,0
"E00109642",5,1,4
"E00109644",8,6,2
"E00109645",14,7,7
"E00109646",3,1,2
"E00109647",6,4,2
"E00109648",5,3,2
"E00109649",9,4,5
"E00109650",2,1,1
"E00109651",1,0,1
"E00109652",5,4,1
"E00109653",2,2,0
"E00109654",1,0,1
"E00109655",1,1,0
"E00109656",8,4,4
"E00109657",1,0,1
"E00109658",2,1,1
"E00109659",5,2,3
"E00109660",4,3,1
"E00109661",5,2,3
"E00109662",3,1,2
"E00109663",0,0,0
"E00109664",8,6,2
"E00109665",2,0,2
"E00109666",5,1,4
"E00109667",3,2,1
"E00109668",1,1,0
"E00109669",4,2,2
"E00109670",9,5,4
"E00109671",5,3,2
"E00109672",4,2,2
"E00109673",9,5,4
"E00109674",1,0,1
"E00109675",5,2,3
"E00109676",1,0,1
"E00109677",3,1,2
"E00109678",0,0,0
"E00109679",8,2,6
"E00109680",11,7,4
"E00109681",2,2,0
"E00109682",2,1,1
"E00109683",0,0,0
"E00109684",4,2,2
"E00109685",6,2,4
"E00109686",3,3,0
"E00109687",12,6,6
"E00109688",5,4,1
"E00109689",4,2,2
"E00109690",3,3,0
"E00109692",2,1,1
"E00109693",3,2,1
"E00109694",1,1,0
"E00109696",0,0,0
"E00109697",3,1,2
"E00109698",3,1,2
"E00109699",1,1,0
"E00109700",2,2,0
"E00109701",5,2,3
"E00109702",0,0,0
"E00109703",1,1,0
"E00109704",0,0,0
"E00109705",2,0,2
"E00109706",3,2,1
"E00109707",3,0,3
"E00109708",2,1,1
"E00109709",4,4,0
"E00109710",6,4,2
"E00109711",0,0,0
"E00109712",8,5,3
"E00109713",4,3,1
"E00109714",3,2,1
"E00109715",4,4,0
"E00109716",3,0,3
"E00109717",4,1,3
"E00109718",1,1,0
"E00109719",4,1,3
"E00109720",1,1,0
"E00109721",3,1,2
"E00109722",3,2,1
"E00109723",3,1,2
"E00109724",1,1,0
"E00109725",0,0,0
"E00109726",3,1,2
"E00109727",2,0,2
"E00109728",1,1,0
"E00109729",7,5,2
"E00109730",11,7,4
"E00109731",12,5,7
"E00109732",6,4,2
"E00109733",6,2,4
"E00109734",9,4,5
"E00109735",5,3,2
"E00109736",1,1,0
"E00109737",9,7,2
"E00109738",7,3,4
"E00109739",4,3,1
"E00109740",5,4,1
"E00109741",4,1,3
"E00109742",9,4,5
"E00109743",6,4,2
"E00109744",2,1,1
"E00109745",3,1,2
"E00109746",13,6,7
"E00109747",4,2,2
"E00109748",5,3,2
"E00109749",14,4,10
"E00109750",5,1,4
"E00109751",6,6,0
"E00109752",9,5,4
"E00109753",9,6,3
"E00109754",11,7,4
"E00109756",7,3,4
"E00109757",2,0,2
"E00109758",7,5,2
"E00109759",11,5,6
"E00109760",10,7,3
"E00109761",6,4,2
"E00109762",8,4,4
"E00109763",5,2,3
"E00109764",2,1,1
"E00109765",9,7,2
"E00109766",4,2,2
"E00109767",1,0,1
"E00109768",0,0,0
"E00109769",5,2,3
"E00109770",4,1,3
"E00109771",0,0,0
"E00109772",0,0,0
"E00109773",2,1,1
"E00109774",4,3,1
"E00109775",5,2,3
"E00109776",4,1,3
"E00109777",5,1,4
"E00109778",16,8,8
"E00109779",7,2,5
"E00109780",6,2,4
"E00109781",8,5,3
"E00109783",4,1,3
"E00109784",3,0,3
"E00109785",4,1,3
"E00109786",1,0,1
"E00109787",4,2,2
"E00109788",3,2,1
"E00109789",8,3,5
"E00109790",2,1,1
"E00109791",5,2,3
"E00109792",2,0,2
"E00109793",6,5,1
"E00109794",5,3,2
"E00109795",12,5,7
"E00109796",2,1,1
"E00109797",0,0,0
"E00109798",3,1,2
"E00109799",0,0,0
"E00109800",4,3,1
"E00109801",5,3,2
"E00109802",3,0,3
"E00109803",3,2,1
"E00109804",6,4,2
"E00109805",6,3,3
"E00109806",2,0,2
"E00109807",4,2,2
"E00109808",7,6,1
"E00109809",2,1,1
"E00109810",12,1,11
"E00109811",0,0,0
"E00109812",2,2,0
"E00109813",6,2,4
"E00109814",5,3,2
"E00109815",0,0,0
"E00109816",2,1,1
"E00109817",4,2,2
"E00109818",0,0,0
"E00109819",9,5,4
"E00109820",5,4,1
"E00109821",2,2,0
"E00109822",9,7,2
"E00109823",3,1,2
"E00109824",4,2,2
"E00109825",0,0,0
"E00109826",8,2,6
"E00109827",0,0,0
"E00109828",9,4,5
"E00109829",7,5,2
"E00109830",3,2,1
"E00109831",7,5,2
"E00109832",0,0,0
"E00109833",0,0,0
"E00109834",7,2,5
"E00109835",6,5,1
"E00109836",10,7,3
"E00109837",5,3,2
"E00109838",6,2,4
"E00109839",5,0,5
"E00109840",5,2,3
"E00109841",7,7,0
"E00109842",8,5,3
"E00109843",8,6,2
"E00109844",4,2,2
"E00109845",8,3,5
"E00109846",3,2,1
"E00109847",6,3,3
"E00109848",2,0,2
"E00109849",5,2,3
"E00109850",3,3,0
"E00109851",1,1,0
"E00109852",2,1,1
"E00109853",4,1,3
"E00109854",5,1,4
"E00109855",2,0,2
"E00109856",8,4,4
"E00109857",2,1,1
"E00109858",1,0,1
"E00109859",7,4,3
"E00109860",4,2,2
"E00109861",10,6,4
"E00109862",2,1,1
"E00109863",6,2,4
"E00109864",0,0,0
"E00109865",6,2,4
"E00109866",16,10,6
"E00109867",1,1,0
"E00109868",2,1,1
"E00109869",5,4,1
"E00109870",6,2,4
"E00109871",4,2,2
"E00109872",2,1,1
"E00109873",0,0,0
"E00109874",5,5,0
"E00109875",2,1,1
"E00109876",0,0,0
"E00109877",2,1,1
"E00109878",3,1,2
"E00109879",6,5,1
"E00109880",3,1,2
"E00109881",4,2,2
"E00109882",1,0,1
"E00109883",0,0,0
"E00109884",5,1,4
"E00109886",0,0,0
"E00109887",23,8,15
"E00109888",6,5,1
"E00109889",6,3,3
"E00109890",5,3,2
"E00109891",0,0,0
"E00109892",1,1,0
"E00109893",0,0,0
"E00109894",3,2,1
"E00109895",1,1,0
"E00109896",4,3,1
"E00109897",4,1,3
"E00109898",5,3,2
"E00109899",3,2,1
"E00109900",1,1,0
"E00109901",2,1,1
"E00109902",4,3,1
"E00109903",4,1,3
"E00109904",6,2,4
"E00109905",1,0,1
"E00109906",4,1,3
"E00109907",2,1,1
"E00109908",1,1,0
"E00109910",3,1,2
"E00109911",0,0,0
"E00109912",2,1,1
"E00109914",4,3,1
"E00109915",2,0,2
"E00109916",2,1,1
"E00109917",0,0,0
"E00109918",4,1,3
"E00109919",2,1,1
"E00109920",0,0,0
"E00109921",2,1,1
"E00109922",3,1,2
"E00109923",0,0,0
"E00109924",1,1,0
"E00109925",4,3,1
"E00109926",2,2,0
"E00109927",3,1,2
"E00109928",0,0,0
"E00109929",1,1,0
"E00109930",0,0,0
"E00109931",5,3,2
"E00109932",5,1,4
"E00109933",3,1,2
"E00109934",8,4,4
"E00109935",6,3,3
"E00109936",11,4,7
"E00109937",3,2,1
"E00109938",8,4,4
"E00109939",0,0,0
"E00109940",7,1,6
"E00109941",3,2,1
"E00109942",11,6,5
"E00109943",3,2,1
"E00109944",4,0,4
"E00109945",4,3,1
"E00109946",3,3,0
"E00109949",0,0,0
"E00109950",2,0,2
"E00109952",2,1,1
"E00109953",5,2,3
"E00109954",3,0,3
"E00109955",8,4,4
"E00109956",6,1,5
"E00109958",0,0,0
"E00109959",0,0,0
"E00109961",6,2,4
"E00109962",2,2,0
"E00109963",10,6,4
"E00109964",1,0,1
"E00109965",8,4,4
"E00109966",2,2,0
"E00109967",1,0,1
"E00109968",3,0,3
"E00109969",1,1,0
"E00109972",1,1,0
"E00109973",3,3,0
"E00109974",4,0,4
"E00109975",1,0,1
"E00109976",1,1,0
"E00109977",8,6,2
"E00109978",11,6,5
"E00109979",0,0,0
"E00109980",7,4,3
"E00109981",4,2,2
"E00109982",9,6,3
"E00109983",13,7,6
"E00109984",4,1,3
"E00109985",10,4,6
"E00109986",13,7,6
"E00109987",13,9,4
"E00109988",7,3,4
"E00109989",18,7,11
"E00109990",2,0,2
"E00109991",3,1,2
"E00109992",11,7,4
"E00109993",1,0,1
"E00109994",6,2,4
"E00109995",5,3,2
"E00109996",9,3,6
"E00109997",6,3,3
"E00109998",10,6,4
"E00109999",4,1,3
"E00110000",11,5,6
"E00110001",2,0,2
"E00110002",7,6,1
"E00110003",8,3,5
"E00110004",10,2,8
"E00110005",13,7,6
"E00110006",13,10,3
"E00110007",0,0,0
"E00110008",0,0,0
"E00110009",0,0,0
"E00110010",0,0,0
"E00110012",3,2,1
"E00110013",2,0,2
"E00110014",0,0,0
"E00110015",5,2,3
"E00110016",5,3,2
"E00110017",13,5,8
"E00110018",6,4,2
"E00110019",4,1,3
"E00110020",2,1,1
"E00110021",4,3,1
"E00110022",10,6,4
"E00110023",13,10,3
"E00110024",8,5,3
"E00110025",5,3,2
"E00110026",5,3,2
"E00110027",2,0,2
"E00110028",6,3,3
"E00110029",10,6,4
"E00110030",12,4,8
"E00110031",4,1,3
"E00110032",9,3,6
"E00110033",4,1,3
"E00110034",1,1,0
"E00110035",3,3,0
"E00110036",12,5,7
"E00110037",8,4,4
"E00110038",9,4,5
"E00110039",19,13,6
"E00110040",0,0,0
"E00110042",1,1,0
"E00110043",4,3,1
"E00110044",1,0,1
"E00110045",7,2,5
"E00110046",0,0,0
"E00110047",5,1,4
"E00110048",2,1,1
"E00110049",1,0,1
"E00110050",1,1,0
"E00110051",0,0,0
"E00110052",4,3,1
"E00110053",0,0,0
"E00110054",2,0,2
"E00110055",3,2,1
"E00110056",0,0,0
"E00110057",5,4,1
"E00110058",0,0,0
"E00110059",3,1,2
"E00110060",5,2,3
"E00110062",1,0,1
"E00110063",0,0,0
"E00110064",7,1,6
"E00110067",0,0,0
"E00110068",0,0,0
"E00110069",4,3,1
"E00110070",6,3,3
"E00110071",1,1,0
"E00110072",0,0,0
"E00110073",4,2,2
"E00110074",3,0,3
"E00110075",0,0,0
"E00110076",3,1,2
"E00110077",0,0,0
"E00110078",3,2,1
"E00110079",4,3,1
"E00110080",11,7,4
"E00110081",1,1,0
"E00110082",4,3,1
"E00110083",9,5,4
"E00110084",7,4,3
"E00110085",3,3,0
"E00110086",6,1,5
"E00110088",12,7,5
"E00110089",15,8,7
"E00110090",9,4,5
"E00110091",8,4,4
"E00110092",7,5,2
"E00110093",2,0,2
"E00110094",0,0,0
"E00110095",2,1,1
"E00110096",11,4,7
"E00110097",9,5,4
"E00110098",3,2,1
"E00110099",5,3,2
"E00110100",4,2,2
"E00110101",0,0,0
"E00110102",5,0,5
"E00110103",2,1,1
"E00110104",6,4,2
"E00110105",3,1,2
"E00110106",6,3,3
"E00110107",4,0,4
"E00110108",2,1,1
"E00110109",4,1,3
"E00110110",0,0,0
"E00110111",4,1,3
"E00110112",1,1,0
"E00110113",3,0,3
"E00110114",7,3,4
"E00110115",0,0,0
"E00110116",9,5,4
"E00110118",17,8,9
"E00110120",7,7,0
"E00110121",2,1,1
"E00110123",3,1,2
"E00110124",2,2,0
"E00110125",6,3,3
"E00110126",4,3,1
"E00110127",1,1,0
"E00110128",4,2,2
"E00110129",0,0,0
"E00110130",8,6,2
"E00110132",0,0,0
"E00110133",2,2,0
"E00110134",1,1,0
"E00110136",4,3,1
"E00110137",3,1,2
"E00110138",5,4,1
"E00110139",3,2,1
"E00110140",0,0,0
"E00110141",4,3,1
"E00110142",3,1,2
"E00110144",2,1,1
"E00110145",4,2,2
"E00110146",1,0,1
"E00110147",4,0,4
"E00110148",2,1,1
"E00110149",0,0,0
"E00110150",3,2,1
"E00110151",0,0,0
"E00110152",0,0,0
"E00110153",3,2,1
"E00110154",3,2,1
"E00110156",1,0,1
"E00110157",4,2,2
"E00110158",2,0,2
"E00110159",2,2,0
"E00110160",0,0,0
"E00110161",2,1,1
"E00110162",0,0,0
"E00110163",0,0,0
"E00110165",4,2,2
"E00110166",4,2,2
"E00110167",2,0,2
"E00110168",5,5,0
"E00110169",3,2,1
"E00110170",6,3,3
"E00110171",4,2,2
"E00110172",27,15,12
"E00110173",3,2,1
"E00110174",2,1,1
"E00110175",6,2,4
"E00110176",5,4,1
"E00110177",1,0,1
"E00110178",3,2,1
"E00110179",14,8,6
"E00110180",7,4,3
"E00110181",4,0,4
"E00110182",3,1,2
"E00110183",7,5,2
"E00110184",9,6,3
"E00110185",7,4,3
"E00110186",5,3,2
"E00110187",10,4,6
"E00110188",4,3,1
"E00110189",5,4,1
"E00110190",8,4,4
"E00110191",6,3,3
"E00110192",5,2,3
"E00110193",6,3,3
"E00110194",3,2,1
"E00110195",2,2,0
"E00110196",9,1,8
"E00110197",8,6,2
"E00110198",8,3,5
"E00110199",2,1,1
"E00110200",9,3,6
"E00110201",4,3,1
"E00110202",1,0,1
"E00110203",0,0,0
"E00110204",5,3,2
"E00110205",2,2,0
"E00110206",1,1,0
"E00110207",1,0,1
"E00110208",6,2,4
"E00110209",5,2,3
"E00110210",0,0,0
"E00110211",1,1,0
"E00110212",1,0,1
"E00110213",4,3,1
"E00110214",0,0,0
"E00110215",0,0,0
"E00110216",5,3,2
"E00110217",0,0,0
"E00110218",0,0,0
"E00110219",2,1,1
"E00110220",1,1,0
"E00110222",0,0,0
"E00110223",2,1,1
"E00110224",2,1,1
"E00110225",3,1,2
"E00110226",2,0,2
"E00110227",1,1,0
"E00110228",1,0,1
"E00110229",6,3,3
"E00110230",1,1,0
"E00110231",0,0,0
"E00110232",0,0,0
"E00110233",2,2,0
"E00110234",7,7,0
"E00110235",6,3,3
"E00110236",1,1,0
"E00110237",6,3,3
"E00110238",9,4,5
"E00110239",1,1,0
"E00110240",1,0,1
"E00110241",3,2,1
"E00110242",0,0,0
"E00110243",0,0,0
"E00110244",5,5,0
"E00110245",0,0,0
"E00110246",6,4,2
"E00110247",3,1,2
"E00110248",3,2,1
"E00110249",0,0,0
"E00110250",2,1,1
"E00110251",2,1,1
"E00110252",1,0,1
"E00110253",0,0,0
"E00110254",0,0,0
"E00110255",5,1,4
"E00110256",5,0,5
"E00110257",3,0,3
"E00110258",5,3,2
"E00110259",0,0,0
"E00110260",2,2,0
"E00110261",2,1,1
"E00110262",3,2,1
"E00110263",6,2,4
"E00110264",3,1,2
"E00110265",7,2,5
"E00110266",16,9,7
"E00110267",3,1,2
"E00110268",3,3,0
"E00110269",3,2,1
"E00110270",3,1,2
"E00110271",10,5,5
"E00110272",7,4,3
"E00110273",3,2,1
"E00110274",3,0,3
"E00110275",6,4,2
"E00110276",0,0,0
"E00110277",6,3,3
"E00110278",7,2,5
"E00110279",5,1,4
"E00110280",4,2,2
"E00110282",2,2,0
"E00110283",0,0,0
"E00110284",3,2,1
"E00110285",3,1,2
"E00110286",0,0,0
"E00110287",4,0,4
"E00110288",3,1,2
"E00110289",1,1,0
"E00110290",1,0,1
"E00110291",1,0,1
"E00110292",1,1,0
"E00110293",2,2,0
"E00110294",0,0,0
"E00110295",2,1,1
"E00110296",4,3,1
"E00110298",3,2,1
"E00110299",0,0,0
"E00110300",3,0,3
"E00110301",2,0,2
"E00110302",5,2,3
"E00110303",10,8,2
"E00110304",1,0,1
"E00110305",4,3,1
"E00110306",0,0,0
"E00110307",5,3,2
"E00110308",1,0,1
"E00110309",1,1,0
"E00110310",4,2,2
"E00110311",5,4,1
"E00110312",1,0,1
"E00110313",4,2,2
"E00110314",1,1,0
"E00110316",6,4,2
"E00110317",7,4,3
"E00110318",0,0,0
"E00110319",2,1,1
"E00110320",2,1,1
"E00110321",2,0,2
"E00110322",0,0,0
"E00110323",2,2,0
"E00110324",2,1,1
"E00110325",9,6,3
"E00110326",0,0,0
"E00110327",1,0,1
"E00110328",9,5,4
"E00110331",7,3,4
"E00110332",4,3,1
"E00110333",0,0,0
"E00110334",1,1,0
"E00110335",0,0,0
"E00110336",9,6,3
"E00110337",2,1,1
"E00110338",1,1,0
"E00110339",2,2,0
"E00110340",4,3,1
"E00110341",2,2,0
"E00110342",1,1,0
"E00110343",1,1,0
"E00110344",1,0,1
"E00110345",1,1,0
"E00110346",2,1,1
"E00110347",6,4,2
"E00110348",1,0,1
"E00110349",14,5,9
"E00110350",1,1,0
"E00110351",1,0,1
"E00110352",2,2,0
"E00110353",2,1,1
"E00110354",2,1,1
"E00110355",3,0,3
"E00110356",2,2,0
"E00110357",0,0,0
"E00110358",1,1,0
"E00110359",1,1,0
"E00110360",7,2,5
"E00110361",15,6,9
"E00110362",4,3,1
"E00110363",3,2,1
"E00110364",4,2,2
"E00110365",4,3,1
"E00110366",4,3,1
"E00110367",6,3,3
"E00110368",2,1,1
"E00110369",1,0,1
"E00110370",7,3,4
"E00110371",1,0,1
"E00110372",5,2,3
"E00110373",2,2,0
"E00110374",9,3,6
"E00110375",6,2,4
"E00110376",7,5,2
"E00110377",5,4,1
"E00110378",8,3,5
"E00110379",3,2,1
"E00110380",5,4,1
"E00110381",4,1,3
"E00110382",10,4,6
"E00110383",3,1,2
"E00110384",1,0,1
"E00110385",3,1,2
"E00110386",0,0,0
"E00110387",7,4,3
"E00110388",10,6,4
"E00110389",1,1,0
"E00110390",6,3,3
"E00110391",2,0,2
"E00110392",3,2,1
"E00110393",1,0,1
"E00110394",0,0,0
"E00110395",5,4,1
"E00110396",1,1,0
"E00110397",1,0,1
"E00110398",10,2,8
"E00110399",0,0,0
"E00110400",3,2,1
"E00110401",0,0,0
"E00110402",0,0,0
"E00110403",53,25,28
"E00110404",10,4,6
"E00110405",1,0,1
"E00110406",1,0,1
"E00110407",3,3,0
"E00110408",2,0,2
"E00110409",0,0,0
"E00110410",0,0,0
"E00110411",3,1,2
"E00110412",7,2,5
"E00110413",7,3,4
"E00110414",1,0,1
"E00110415",4,3,1
"E00110416",5,3,2
"E00110417",7,3,4
"E00110418",3,2,1
"E00110419",5,3,2
"E00110420",4,2,2
"E00110421",7,1,6
"E00110422",6,4,2
"E00110423",2,0,2
"E00110425",3,2,1
"E00110426",3,2,1
"E00110427",0,0,0
"E00110428",2,2,0
"E00110429",12,10,2
"E00110430",8,5,3
"E00110431",3,2,1
"E00110432",3,2,1
"E00110433",1,1,0
"E00110434",3,1,2
"E00110435",8,3,5
"E00110436",2,1,1
"E00110437",4,3,1
"E00110438",3,2,1
"E00110439",3,1,2
"E00110440",4,0,4
"E00110441",10,4,6
"E00110442",7,4,3
"E00110443",8,5,3
"E00110444",0,0,0
"E00110445",0,0,0
"E00110446",3,2,1
"E00110447",0,0,0
"E00110448",7,2,5
"E00110449",2,1,1
"E00110450",4,1,3
"E00110451",6,3,3
"E00110452",7,5,2
"E00110453",8,3,5
"E00110454",1,1,0
"E00110455",6,2,4
"E00110456",9,5,4
"E00110457",9,2,7
"E00110458",7,3,4
"E00110459",3,3,0
"E00110460",4,3,1
"E00110461",6,3,3
"E00110462",4,2,2
"E00110463",3,1,2
"E00110464",0,0,0
"E00110465",5,1,4
"E00110466",1,0,1
"E00110467",15,5,10
"E00110468",7,3,4
"E00110469",4,3,1
"E00110470",12,7,5
"E00110471",0,0,0
"E00110472",4,1,3
"E00110473",3,3,0
"E00110474",8,5,3
"E00110475",11,5,6
"E00110476",6,2,4
"E00110477",0,0,0
"E00110478",6,2,4
"E00110479",3,1,2
"E00110480",3,1,2
"E00110481",10,4,6
"E00110482",9,7,2
"E00110483",12,9,3
"E00110484",2,2,0
"E00110485",2,0,2
"E00110486",10,6,4
"E00110487",12,10,2
"E00110488",2,1,1
"E00110489",1,1,0
"E00110490",14,6,8
"E00110491",15,9,6
"E00110492",11,6,5
"E00110493",5,2,3
"E00110494",2,2,0
"E00110495",2,1,1
"E00110496",4,4,0
"E00110497",7,4,3
"E00110498",1,1,0
"E00110499",4,2,2
"E00110500",3,1,2
"E00110501",2,1,1
"E00110502",8,1,7
"E00110503",8,4,4
"E00110504",2,0,2
"E00110505",10,3,7
"E00110506",9,3,6
"E00110507",5,2,3
"E00110508",2,2,0
"E00110509",4,3,1
"E00110510",0,0,0
"E00110511",0,0,0
"E00110512",0,0,0
"E00110513",0,0,0
"E00110514",3,2,1
"E00110515",2,0,2
"E00110516",5,2,3
"E00110517",1,1,0
"E00110518",6,2,4
"E00110519",4,2,2
"E00110520",0,0,0
"E00110521",1,0,1
"E00110522",5,2,3
"E00110523",1,1,0
"E00110524",5,2,3
"E00110525",4,2,2
"E00110526",4,2,2
"E00110527",11,8,3
"E00110528",4,1,3
"E00110529",5,3,2
"E00110530",0,0,0
"E00110531",7,4,3
"E00110532",10,4,6
"E00110533",6,4,2
"E00110534",1,1,0
"E00110536",0,0,0
"E00110537",5,2,3
"E00110538",4,2,2
"E00110539",8,4,4
"E00110540",2,1,1
"E00110541",2,1,1
"E00110542",0,0,0
"E00110543",1,1,0
"E00110544",8,4,4
"E00110545",0,0,0
"E00110546",8,4,4
"E00110547",8,6,2
"E00110548",5,4,1
"E00110549",1,1,0
"E00110550",4,1,3
"E00110551",8,5,3
"E00110552",8,3,5
"E00110553",7,3,4
"E00110554",2,1,1
"E00110555",6,4,2
"E00110556",4,1,3
"E00110557",14,5,9
"E00110558",6,3,3
"E00110559",1,1,0
"E00110560",3,2,1
"E00110561",0,0,0
"E00110562",2,0,2
"E00110563",15,9,6
"E00110564",2,2,0
"E00110565",2,0,2
"E00110566",4,0,4
"E00110567",6,3,3
"E00110568",3,0,3
"E00110569",6,4,2
"E00110570",7,5,2
"E00110571",5,3,2
"E00110572",1,0,1
"E00110573",2,1,1
"E00110574",6,3,3
"E00110575",4,1,3
"E00110576",4,2,2
"E00110577",3,1,2
"E00110578",8,6,2
"E00110579",14,8,6
"E00110580",6,4,2
"E00110581",5,1,4
"E00110582",1,1,0
"E00110583",1,1,0
"E00110584",7,3,4
"E00110585",5,2,3
"E00110586",2,1,1
"E00110587",0,0,0
"E00110588",0,0,0
"E00110589",0,0,0
"E00110590",7,4,3
"E00110591",6,3,3
"E00110592",3,1,2
"E00110593",1,0,1
"E00110594",0,0,0
"E00110595",3,2,1
"E00110596",2,2,0
"E00110597",1,0,1
"E00110598",0,0,0
"E00110599",0,0,0
"E00110600",3,1,2
"E00110601",3,3,0
"E00110602",3,1,2
"E00110603",1,1,0
"E00110604",4,1,3
"E00110605",10,5,5
"E00110606",1,0,1
"E00110607",6,3,3
"E00110608",0,0,0
"E00110609",1,1,0
"E00110610",4,3,1
"E00110611",2,0,2
"E00110612",1,0,1
"E00110613",1,0,1
"E00110614",0,0,0
"E00110615",3,1,2
"E00110616",1,1,0
"E00110617",4,2,2
"E00110618",0,0,0
"E00110619",0,0,0
"E00110620",1,1,0
"E00110621",0,0,0
"E00110622",3,3,0
"E00110623",0,0,0
"E00110624",4,3,1
"E00110625",1,1,0
"E00110626",1,0,1
"E00110627",2,2,0
"E00110628",3,3,0
"E00110629",1,0,1
"E00110630",2,0,2
"E00110631",5,3,2
"E00110632",3,2,1
"E00110633",2,1,1
"E00110634",3,2,1
"E00110635",2,2,0
"E00110636",2,2,0
"E00110637",1,0,1
"E00110638",7,2,5
"E00110639",0,0,0
"E00110640",0,0,0
"E00110641",2,2,0
"E00110642",3,1,2
"E00110643",13,7,6
"E00110644",3,2,1
"E00110645",15,8,7
"E00110646",2,1,1
"E00110647",5,2,3
"E00110648",7,6,1
"E00110649",10,2,8
"E00110650",10,3,7
"E00110651",8,4,4
"E00110652",4,1,3
"E00110653",15,7,8
"E00110654",0,0,0
"E00110655",1,0,1
"E00110656",2,1,1
"E00110657",1,0,1
"E00110658",0,0,0
"E00110659",3,1,2
"E00110660",8,2,6
"E00110661",3,2,1
"E00110662",4,2,2
"E00110663",7,2,5
"E00110664",0,0,0
"E00110665",7,3,4
"E00110666",1,0,1
"E00110667",0,0,0
"E00110668",4,3,1
"E00110669",4,0,4
"E00110670",12,3,9
"E00110671",2,2,0
"E00110672",4,2,2
"E00110673",0,0,0
"E00110674",6,3,3
"E00110675",19,10,9
"E00110676",4,3,1
"E00110677",6,2,4
"E00110678",13,6,7
"E00110679",6,3,3
"E00110680",8,3,5
"E00110681",8,2,6
"E00110682",1,1,0
"E00110683",3,1,2
"E00110684",7,4,3
"E00110686",2,1,1
"E00110687",11,4,7
"E00110688",1,0,1
"E00110689",14,9,5
"E00110690",12,3,9
"E00110691",14,4,10
"E00110692",5,1,4
"E00110693",4,3,1
"E00110694",18,10,8
"E00110695",3,0,3
"E00110696",5,3,2
"E00110697",0,0,0
"E00110698",0,0,0
"E00110699",5,3,2
"E00110700",3,3,0
"E00110701",0,0,0
"E00110702",0,0,0
"E00110703",2,0,2
"E00110704",6,5,1
"E00110705",8,5,3
"E00110706",5,2,3
"E00110707",7,3,4
"E00110708",4,1,3
"E00110709",5,2,3
"E00110710",10,7,3
"E00110712",8,4,4
"E00110714",6,5,1
"E00110715",1,0,1
"E00110716",2,1,1
"E00110717",1,0,1
"E00110718",7,2,5
"E00110719",9,5,4
"E00110720",2,1,1
"E00110721",0,0,0
"E00110722",7,4,3
"E00110723",8,3,5
"E00110724",6,4,2
"E00110725",6,2,4
"E00110726",5,3,2
"E00110727",1,0,1
"E00110728",4,0,4
"E00110729",6,4,2
"E00110730",3,3,0
"E00110731",5,2,3
"E00110732",2,1,1
"E00110733",2,1,1
"E00110734",1,0,1
"E00110735",8,6,2
"E00110736",2,2,0
"E00110737",1,0,1
"E00110738",4,3,1
"E00110739",8,6,2
"E00110740",6,3,3
"E00110741",2,2,0
"E00110742",6,2,4
"E00110743",6,3,3
"E00110744",3,1,2
"E00110745",6,2,4
"E00110746",5,0,5
"E00110747",2,2,0
"E00110748",2,1,1
"E00110749",1,0,1
"E00110750",1,1,0
"E00110751",0,0,0
"E00110752",6,2,4
"E00110753",10,3,7
"E00110754",7,5,2
"E00110755",7,3,4
"E00110756",0,0,0
"E00110757",2,1,1
"E00110758",1,0,1
"E00110759",0,0,0
"E00110760",3,2,1
"E00110761",2,2,0
"E00110762",9,4,5
"E00110763",9,5,4
"E00110764",14,8,6
"E00110765",12,5,7
"E00110766",4,2,2
"E00110767",3,2,1
"E00110768",0,0,0
"E00110769",5,3,2
"E00110770",3,1,2
"E00110771",1,1,0
"E00110772",5,2,3
"E00110773",14,9,5
"E00110774",2,2,0
"E00110775",8,6,2
"E00110776",1,0,1
"E00110777",3,1,2
"E00110778",2,2,0
"E00110779",4,2,2
"E00110782",1,1,0
"E00110783",0,0,0
"E00110784",3,1,2
"E00110785",0,0,0
"E00110786",5,3,2
"E00110787",1,0,1
"E00110788",6,2,4
"E00110789",3,2,1
"E00110790",1,0,1
"E00110791",6,4,2
"E00110792",1,0,1
"E00110793",2,1,1
"E00110794",4,2,2
"E00110795",0,0,0
"E00110796",1,1,0
"E00110797",2,0,2
"E00110798",5,3,2
"E00110799",0,0,0
"E00110800",2,2,0
"E00110801",4,1,3
"E00110802",4,3,1
"E00110804",3,3,0
"E00110805",1,0,1
"E00110806",0,0,0
"E00110807",4,1,3
"E00110808",1,1,0
"E00110809",6,1,5
"E00110810",2,1,1
"E00110811",15,9,6
"E00110812",6,3,3
"E00110813",2,2,0
"E00110814",4,1,3
"E00110815",4,1,3
"E00110816",1,0,1
"E00110817",2,2,0
"E00110818",1,0,1
"E00110819",1,0,1
"E00110820",0,0,0
"E00110821",0,0,0
"E00110822",1,1,0
"E00110823",2,1,1
"E00110824",3,1,2
"E00110825",1,0,1
"E00110826",0,0,0
"E00110827",3,1,2
"E00110828",1,0,1
"E00110829",0,0,0
"E00110830",1,0,1
"E00110831",3,2,1
"E00110832",1,1,0
"E00110834",1,0,1
"E00110835",0,0,0
"E00110836",3,1,2
"E00110837",2,0,2
"E00110838",0,0,0
"E00110839",2,1,1
"E00110840",4,2,2
"E00110841",0,0,0
"E00110842",0,0,0
"E00110843",1,0,1
"E00110844",1,1,0
"E00110845",1,1,0
"E00110846",1,0,1
"E00110847",3,1,2
"E00110848",5,2,3
"E00110849",5,2,3
"E00110850",1,0,1
"E00110851",1,1,0
"E00110852",2,1,1
"E00110853",5,3,2
"E00110854",3,1,2
"E00110855",4,3,1
"E00110856",3,0,3
"E00110857",3,3,0
"E00110858",2,0,2
"E00110859",4,3,1
"E00110860",3,3,0
"E00110861",2,1,1
"E00110862",3,2,1
"E00110863",0,0,0
"E00110864",4,2,2
"E00110865",1,0,1
"E00110866",0,0,0
"E00110867",9,8,1
"E00110868",5,3,2
"E00110869",0,0,0
"E00110870",0,0,0
"E00110871",2,1,1
"E00110872",1,0,1
"E00110873",1,1,0
"E00110874",4,1,3
"E00110875",0,0,0
"E00110876",7,3,4
"E00110877",1,0,1
"E00110878",0,0,0
"E00110879",5,2,3
"E00110880",4,1,3
"E00110881",0,0,0
"E00110882",7,5,2
"E00110883",2,1,1
"E00110884",2,1,1
"E00110885",0,0,0
"E00110886",2,2,0
"E00110887",1,1,0
"E00110888",0,0,0
"E00110889",2,0,2
"E00110890",0,0,0
"E00110891",0,0,0
"E00110892",2,0,2
"E00110893",0,0,0
"E00110894",2,1,1
"E00110895",2,2,0
"E00110897",3,2,1
"E00110898",2,1,1
"E00110899",0,0,0
"E00110900",1,1,0
"E00110901",2,1,1
"E00110902",2,0,2
"E00110903",4,3,1
"E00110904",5,4,1
"E00110905",3,2,1
"E00110906",0,0,0
"E00110907",3,1,2
"E00110908",7,3,4
"E00110909",6,2,4
"E00110910",3,3,0
"E00110911",4,2,2
"E00110912",4,2,2
"E00110913",4,4,0
"E00110914",4,3,1
"E00110915",1,1,0
"E00110916",2,0,2
"E00110917",3,1,2
"E00110918",8,5,3
"E00110919",4,2,2
"E00110920",5,3,2
"E00110921",2,1,1
"E00110922",2,0,2
"E00110923",2,2,0
"E00110924",3,2,1
"E00110925",2,1,1
"E00110926",1,0,1
"E00110927",2,0,2
"E00110928",3,2,1
"E00110929",2,1,1
"E00110930",0,0,0
"E00110931",3,2,1
"E00110932",1,1,0
"E00110933",4,3,1
"E00110934",0,0,0
"E00110935",2,1,1
"E00110936",5,4,1
"E00110937",2,2,0
"E00110938",1,1,0
"E00110939",1,1,0
"E00110940",5,3,2
"E00110941",0,0,0
"E00110942",1,1,0
"E00110943",0,0,0
"E00110944",0,0,0
"E00110945",3,2,1
"E00110946",6,4,2
"E00110947",0,0,0
"E00110948",2,2,0
"E00110949",0,0,0
"E00110950",2,2,0
"E00110951",1,0,1
"E00110952",0,0,0
"E00110953",3,3,0
"E00110954",2,1,1
"E00110955",11,4,7
"E00110956",1,1,0
"E00110957",2,1,1
"E00110958",0,0,0
"E00110959",0,0,0
"E00110960",1,0,1
"E00110961",1,0,1
"E00110962",5,4,1
"E00110963",0,0,0
"E00110965",1,0,1
"E00110966",1,1,0
"E00110967",3,3,0
"E00110968",0,0,0
"E00110969",1,0,1
"E00110970",2,0,2
"E00110971",1,1,0
"E00110972",2,1,1
"E00110973",5,1,4
"E00110974",5,3,2
"E00110975",1,0,1
"E00110976",0,0,0
"E00110977",3,2,1
"E00110978",1,0,1
"E00110979",2,1,1
"E00110980",1,0,1
"E00110981",1,1,0
"E00110982",1,0,1
"E00110983",4,3,1
"E00110984",0,0,0
"E00110985",2,1,1
"E00110986",2,1,1
"E00110987",4,2,2
"E00110988",6,2,4
"E00110989",2,1,1
"E00110990",4,3,1
"E00110991",7,1,6
"E00110992",2,1,1
"E00110993",2,1,1
"E00110994",2,1,1
"E00110995",0,0,0
"E00110996",3,0,3
"E00110997",2,2,0
"E00110998",3,2,1
"E00110999",0,0,0
"E00111000",5,0,5
"E00111001",3,1,2
"E00111002",2,1,1
"E00111003",1,0,1
"E00111004",2,2,0
"E00111005",1,0,1
"E00111006",2,1,1
"E00111007",2,1,1
"E00111008",0,0,0
"E00111009",5,0,5
"E00111010",0,0,0
"E00111011",5,3,2
"E00111012",0,0,0
"E00111013",0,0,0
"E00111014",2,1,1
"E00111015",2,0,2
"E00111016",2,1,1
"E00111017",1,0,1
"E00111018",4,3,1
"E00111019",6,1,5
"E00111020",7,4,3
"E00111021",4,4,0
"E00111022",9,4,5
"E00111023",1,1,0
"E00111024",1,0,1
"E00111025",7,3,4
"E00111026",0,0,0
"E00111027",0,0,0
"E00111029",8,2,6
"E00111030",4,3,1
"E00111031",8,5,3
"E00111032",2,1,1
"E00111033",3,0,3
"E00111034",2,1,1
"E00111035",2,0,2
"E00111036",1,1,0
"E00111037",2,1,1
"E00111038",2,0,2
"E00111039",0,0,0
"E00111040",4,3,1
"E00111041",4,1,3
"E00111042",2,1,1
"E00111043",4,1,3
"E00111044",3,1,2
"E00111045",3,2,1
"E00111046",1,1,0
"E00111047",12,7,5
"E00111048",4,2,2
"E00111049",10,6,4
"E00111050",0,0,0
"E00111051",2,0,2
"E00111052",2,1,1
"E00111053",1,0,1
"E00111054",5,2,3
"E00111055",2,1,1
"E00111056",3,1,2
"E00111057",2,1,1
"E00111058",1,0,1
"E00111059",3,2,1
"E00111060",5,2,3
"E00111061",0,0,0
"E00111062",5,1,4
"E00111063",3,2,1
"E00111064",0,0,0
"E00111065",2,1,1
"E00111066",3,1,2
"E00111067",3,0,3
"E00111068",2,0,2
"E00111069",2,0,2
"E00111070",4,3,1
"E00111071",1,1,0
"E00111072",1,0,1
"E00111073",0,0,0
"E00111074",3,2,1
"E00111075",0,0,0
"E00111076",2,1,1
"E00111077",11,4,7
"E00111078",0,0,0
"E00111079",5,3,2
"E00111080",0,0,0
"E00111081",2,0,2
"E00111082",6,4,2
"E00111083",7,3,4
"E00111084",1,0,1
"E00111085",7,3,4
"E00111086",2,2,0
"E00111087",0,0,0
"E00111088",2,0,2
"E00111089",1,1,0
"E00111090",4,4,0
"E00111091",3,2,1
"E00111092",0,0,0
"E00111093",3,2,1
"E00111094",3,1,2
"E00111095",0,0,0
"E00111096",2,0,2
"E00111097",0,0,0
"E00111098",1,1,0
"E00111099",5,3,2
"E00111100",5,3,2
"E00111101",4,3,1
"E00111102",0,0,0
"E00111103",1,1,0
"E00111104",8,5,3
"E00111105",2,0,2
"E00111106",3,1,2
"E00111107",1,1,0
"E00111108",3,2,1
"E00111109",2,0,2
"E00111110",1,0,1
"E00111111",1,0,1
"E00111112",0,0,0
"E00111113",0,0,0
"E00111114",2,2,0
"E00111115",1,1,0
"E00111116",6,4,2
"E00111117",0,0,0
"E00111118",3,2,1
"E00111119",2,0,2
"E00111120",4,1,3
"E00111121",9,8,1
"E00111122",6,4,2
"E00111123",9,5,4
"E00111124",0,0,0
"E00111125",2,2,0
"E00111126",0,0,0
"E00111127",7,4,3
"E00111128",8,4,4
"E00111129",12,7,5
"E00111130",2,1,1
"E00111131",1,0,1
"E00111132",3,0,3
"E00111133",2,2,0
"E00111134",4,0,4
"E00111135",4,2,2
"E00111136",9,7,2
"E00111137",1,1,0
"E00111138",2,1,1
"E00111139",3,3,0
"E00111140",5,3,2
"E00111141",5,2,3
"E00111142",6,4,2
"E00111143",2,2,0
"E00111144",1,1,0
"E00111145",3,2,1
"E00111146",4,1,3
"E00111147",5,1,4
"E00111148",1,0,1
"E00111149",3,2,1
"E00111150",2,1,1
"E00111151",2,2,0
"E00111152",2,2,0
"E00111153",4,1,3
"E00111154",8,3,5
"E00111155",10,5,5
"E00111156",4,2,2
"E00111157",2,0,2
"E00111158",5,5,0
"E00111159",4,1,3
"E00111160",10,5,5
"E00111161",4,2,2
"E00111162",7,2,5
"E00111163",2,1,1
"E00111164",7,4,3
"E00111165",0,0,0
"E00111166",5,2,3
"E00111167",6,4,2
"E00111168",5,2,3
"E00111169",3,0,3
"E00111170",1,0,1
"E00111171",4,2,2
"E00111172",0,0,0
"E00111173",0,0,0
"E00111174",5,3,2
"E00111175",1,1,0
"E00111176",4,2,2
"E00111177",3,2,1
"E00111178",3,2,1
"E00111179",6,4,2
"E00111180",1,0,1
"E00111181",1,1,0
"E00111182",3,0,3
"E00111183",5,4,1
"E00111184",1,0,1
"E00111185",3,3,0
"E00111186",1,0,1
"E00111187",0,0,0
"E00111188",1,1,0
"E00111189",7,2,5
"E00111190",1,1,0
"E00111191",0,0,0
"E00111192",2,0,2
"E00111193",2,1,1
"E00111194",1,1,0
"E00111195",1,0,1
"E00111196",4,3,1
"E00111197",2,1,1
"E00111198",3,0,3
"E00111199",1,1,0
"E00111200",0,0,0
"E00111201",1,1,0
"E00111202",5,3,2
"E00111203",3,0,3
"E00111204",1,0,1
"E00111205",2,1,1
"E00111206",2,1,1
"E00111207",5,5,0
"E00111208",2,0,2
"E00111209",0,0,0
"E00111210",6,2,4
"E00111211",7,4,3
"E00111212",3,2,1
"E00111213",1,1,0
"E00111214",2,0,2
"E00111215",4,2,2
"E00111216",5,4,1
"E00111217",4,3,1
"E00111218",1,1,0
"E00111219",2,1,1
"E00111220",5,2,3
"E00111221",5,2,3
"E00111222",4,1,3
"E00111223",8,3,5
"E00111224",5,2,3
"E00111225",6,3,3
"E00111226",3,1,2
"E00111227",0,0,0
"E00111228",3,1,2
"E00111229",2,1,1
"E00111230",8,4,4
"E00111231",13,8,5
"E00111232",1,0,1
"E00111233",1,0,1
"E00111234",4,2,2
"E00111235",3,2,1
"E00111236",5,4,1
"E00111237",3,1,2
"E00111238",5,2,3
"E00111239",1,0,1
"E00111240",3,0,3
"E00111241",3,2,1
"E00111242",2,2,0
"E00111243",3,0,3
"E00111245",1,1,0
"E00111246",4,1,3
"E00111247",7,3,4
"E00111248",12,7,5
"E00111249",9,6,3
"E00111250",6,4,2
"E00111251",8,3,5
"E00111252",1,1,0
"E00111253",5,2,3
"E00111254",1,1,0
"E00111255",5,3,2
"E00111256",8,4,4
"E00111257",5,1,4
"E00111258",2,1,1
"E00111259",9,5,4
"E00111260",0,0,0
"E00111261",3,0,3
"E00111262",2,1,1
"E00111263",2,2,0
"E00111264",3,0,3
"E00111265",2,2,0
"E00111266",3,1,2
"E00111267",6,3,3
"E00111268",1,0,1
"E00111269",2,1,1
"E00111270",3,2,1
"E00111271",2,1,1
"E00111272",1,0,1
"E00111273",1,1,0
"E00111274",2,0,2
"E00111275",0,0,0
"E00111276",1,1,0
"E00111277",2,1,1
"E00111278",5,2,3
"E00111279",3,1,2
"E00111280",1,0,1
"E00111281",11,5,6
"E00111282",7,4,3
"E00111283",3,2,1
"E00111284",2,1,1
"E00111285",9,6,3
"E00111286",4,2,2
"E00111287",8,6,2
"E00111288",4,4,0
"E00111289",5,2,3
"E00111290",5,3,2
"E00111291",9,4,5
"E00111292",4,1,3
"E00111293",9,5,4
"E00111294",2,0,2
"E00111295",4,4,0
"E00111296",3,0,3
"E00111297",11,7,4
"E00111298",5,3,2
"E00111299",2,0,2
"E00111300",5,4,1
"E00111301",7,5,2
"E00111302",9,1,8
"E00111303",9,5,4
"E00111304",5,2,3
"E00111305",5,4,1
"E00111306",0,0,0
"E00111307",4,1,3
"E00111308",15,6,9
"E00111309",8,4,4
"E00111310",9,4,5
"E00111311",6,5,1
"E00111312",0,0,0
"E00111313",0,0,0
"E00111314",3,3,0
"E00111315",10,1,9
"E00111316",4,1,3
"E00111317",5,3,2
"E00111318",5,2,3
"E00111319",5,3,2
"E00111320",1,0,1
"E00111321",0,0,0
"E00111322",2,1,1
"E00111323",1,0,1
"E00111324",0,0,0
"E00111325",10,5,5
"E00111326",1,0,1
"E00111327",1,1,0
"E00111328",4,1,3
"E00111329",7,6,1
"E00111330",3,1,2
"E00111331",3,1,2
"E00111332",0,0,0
"E00111333",3,2,1
"E00111334",4,4,0
"E00111335",1,1,0
"E00111336",9,4,5
"E00111338",3,1,2
"E00111339",7,4,3
"E00111340",2,0,2
"E00111341",0,0,0
"E00111342",3,2,1
"E00111343",2,0,2
"E00111344",2,1,1
"E00111345",4,3,1
"E00111346",5,0,5
"E00111347",5,3,2
"E00111348",9,3,6
"E00111349",1,1,0
"E00111350",5,2,3
"E00111351",4,2,2
"E00111352",1,0,1
"E00111353",6,3,3
"E00111354",5,4,1
"E00111355",2,1,1
"E00111356",0,0,0
"E00111357",5,2,3
"E00111358",5,3,2
"E00111359",8,4,4
"E00111360",1,0,1
"E00111361",5,3,2
"E00111362",5,0,5
"E00111363",2,2,0
"E00111364",2,0,2
"E00111365",0,0,0
"E00111366",3,2,1
"E00111367",1,1,0
"E00111368",2,2,0
"E00111369",3,1,2
"E00111370",3,1,2
"E00111371",0,0,0
"E00111372",1,1,0
"E00111373",4,2,2
"E00111374",1,1,0
"E00111375",5,3,2
"E00111376",8,4,4
"E00111377",4,1,3
"E00111378",6,3,3
"E00111379",8,2,6
"E00111380",0,0,0
"E00111381",4,1,3
"E00111382",5,1,4
"E00111383",6,2,4
"E00111384",5,1,4
"E00111385",1,1,0
"E00111386",0,0,0
"E00111387",3,1,2
"E00111388",1,1,0
"E00111389",3,2,1
"E00111390",1,0,1
"E00111391",3,1,2
"E00111392",3,1,2
"E00111393",2,1,1
"E00111394",4,1,3
"E00111395",1,1,0
"E00111396",2,1,1
"E00111397",6,5,1
"E00111398",2,2,0
"E00111399",3,3,0
"E00111400",4,3,1
"E00111401",1,1,0
"E00111402",4,2,2
"E00111403",2,1,1
"E00111404",3,3,0
"E00111405",6,4,2
"E00111406",2,1,1
"E00111407",1,1,0
"E00111408",1,1,0
"E00111409",9,1,8
"E00111410",4,2,2
"E00111411",1,1,0
"E00111412",7,4,3
"E00111413",4,3,1
"E00111414",8,6,2
"E00111415",1,1,0
"E00111416",4,3,1
"E00111417",2,2,0
"E00111418",7,1,6
"E00111419",6,4,2
"E00111420",0,0,0
"E00111421",2,1,1
"E00111422",2,1,1
"E00111423",2,1,1
"E00111424",1,0,1
"E00111425",0,0,0
"E00111426",5,2,3
"E00111427",2,1,1
"E00111428",5,3,2
"E00111429",1,1,0
"E00111430",5,2,3
"E00111431",9,5,4
"E00111432",4,4,0
"E00111433",1,1,0
"E00111434",6,5,1
"E00111435",8,2,6
"E00111436",0,0,0
"E00111437",5,3,2
"E00111438",2,2,0
"E00111439",3,2,1
"E00111440",12,5,7
"E00111441",4,1,3
"E00111442",3,2,1
"E00111443",4,1,3
"E00111444",9,7,2
"E00111445",6,3,3
"E00111446",4,1,3
"E00111447",6,0,6
"E00111448",4,2,2
"E00111449",3,1,2
"E00111450",1,1,0
"E00111451",4,0,4
"E00111452",0,0,0
"E00111453",6,6,0
"E00111454",3,2,1
"E00111455",0,0,0
"E00111456",2,1,1
"E00111457",5,2,3
"E00111458",2,1,1
"E00111459",4,3,1
"E00111460",4,3,1
"E00111461",8,4,4
"E00111462",1,1,0
"E00111463",1,1,0
"E00111464",4,3,1
"E00111465",1,0,1
"E00111466",6,2,4
"E00111467",4,2,2
"E00111468",2,1,1
"E00111469",2,1,1
"E00111470",2,2,0
"E00111471",8,5,3
"E00111472",4,1,3
"E00111473",4,3,1
"E00111474",0,0,0
"E00111475",3,1,2
"E00111476",4,0,4
"E00111477",1,1,0
"E00111478",4,3,1
"E00111479",5,4,1
"E00111480",5,4,1
"E00111481",2,1,1
"E00111482",6,2,4
"E00111483",6,2,4
"E00111484",7,3,4
"E00111485",0,0,0
"E00111486",6,2,4
"E00111487",4,2,2
"E00111488",5,5,0
"E00111489",0,0,0
"E00111490",1,1,0
"E00111491",4,4,0
"E00111492",4,1,3
"E00111493",1,0,1
"E00111494",6,2,4
"E00111495",8,6,2
"E00111496",0,0,0
"E00111497",0,0,0
"E00111499",4,1,3
"E00111500",1,1,0
"E00111501",5,3,2
"E00111502",8,4,4
"E00111503",5,4,1
"E00111504",0,0,0
"E00111505",3,3,0
"E00111506",1,1,0
"E00111507",3,0,3
"E00111508",7,2,5
"E00111509",1,0,1
"E00111510",2,2,0
"E00111511",2,1,1
"E00111512",1,0,1
"E00111513",2,1,1
"E00111514",2,1,1
"E00111515",1,1,0
"E00111516",2,0,2
"E00111517",0,0,0
"E00111518",4,2,2
"E00111519",1,1,0
"E00111520",2,1,1
"E00111521",4,2,2
"E00111522",3,1,2
"E00111523",0,0,0
"E00111524",2,1,1
"E00111525",1,1,0
"E00111526",1,0,1
"E00111527",2,1,1
"E00111528",3,2,1
"E00111529",1,1,0
"E00111530",0,0,0
"E00111531",3,1,2
"E00111532",1,1,0
"E00111533",10,5,5
"E00111534",2,1,1
"E00111535",4,2,2
"E00111536",5,2,3
"E00111537",5,4,1
"E00111538",10,6,4
"E00111539",2,1,1
"E00111540",1,1,0
"E00111541",5,3,2
"E00111542",5,3,2
"E00111543",3,1,2
"E00111544",3,0,3
"E00111545",8,5,3
"E00111546",5,2,3
"E00111547",0,0,0
"E00111548",5,2,3
"E00111549",3,1,2
"E00111550",4,3,1
"E00111551",5,4,1
"E00111552",7,4,3
"E00111553",1,1,0
"E00111554",5,3,2
"E00111555",4,1,3
"E00111556",2,2,0
"E00111557",4,3,1
"E00111558",5,2,3
"E00111559",5,2,3
"E00111560",6,2,4
"E00111561",1,1,0
"E00111562",3,1,2
"E00111563",2,0,2
"E00111564",5,3,2
"E00111565",2,1,1
"E00111566",4,2,2
"E00111567",2,1,1
"E00111568",3,1,2
"E00111569",0,0,0
"E00111570",8,4,4
"E00111571",4,0,4
"E00111572",4,1,3
"E00111573",5,4,1
"E00111574",3,1,2
"E00111575",2,2,0
"E00111576",1,0,1
"E00111577",5,2,3
"E00111578",7,5,2
"E00111579",3,2,1
"E00111580",0,0,0
"E00111581",1,1,0
"E00111582",2,2,0
"E00111583",4,2,2
"E00111584",4,3,1
"E00111585",1,1,0
"E00111586",1,1,0
"E00111587",2,1,1
"E00111588",0,0,0
"E00111589",3,1,2
"E00111590",0,0,0
"E00111591",1,0,1
"E00111592",1,1,0
"E00111593",0,0,0
"E00111594",4,1,3
"E00111595",1,1,0
"E00111596",2,2,0
"E00111597",1,0,1
"E00111598",13,7,6
"E00111599",6,1,5
"E00111600",14,4,10
"E00111601",4,2,2
"E00111602",1,1,0
"E00111603",9,5,4
"E00111604",6,6,0
"E00111605",6,3,3
"E00111606",2,1,1
"E00111607",3,2,1
"E00111608",5,3,2
"E00111609",4,0,4
"E00111610",5,2,3
"E00111611",2,1,1
"E00111612",0,0,0
"E00111613",4,3,1
"E00111614",1,1,0
"E00111615",4,1,3
"E00111616",1,1,0
"E00111617",3,3,0
"E00111618",2,1,1
"E00111619",2,1,1
"E00111620",6,4,2
"E00111621",1,0,1
"E00111622",2,1,1
"E00111623",5,3,2
"E00111624",3,1,2
"E00111625",7,3,4
"E00111626",0,0,0
"E00111627",3,1,2
"E00111628",8,4,4
"E00111629",5,2,3
"E00111630",1,0,1
"E00111631",11,6,5
"E00111632",1,1,0
"E00111633",4,2,2
"E00111634",8,3,5
"E00111635",5,2,3
"E00111636",4,1,3
"E00111637",0,0,0
"E00111638",1,1,0
"E00111639",4,1,3
"E00111640",1,0,1
"E00111641",0,0,0
"E00111642",2,1,1
"E00111643",4,3,1
"E00111644",4,3,1
"E00111645",4,2,2
"E00111646",1,1,0
"E00111647",0,0,0
"E00111648",6,4,2
"E00111649",2,2,0
"E00111650",0,0,0
"E00111651",0,0,0
"E00111652",3,1,2
"E00111653",6,4,2
"E00111654",1,0,1
"E00111655",2,0,2
"E00111656",6,3,3
"E00111657",2,0,2
"E00111658",4,3,1
"E00111659",4,3,1
"E00111660",4,1,3
"E00111661",2,1,1
"E00111662",3,1,2
"E00111663",0,0,0
"E00111664",4,1,3
"E00111665",0,0,0
"E00111666",0,0,0
"E00111667",1,0,1
"E00111668",0,0,0
"E00111669",1,1,0
"E00111670",2,0,2
"E00111671",10,6,4
"E00111672",10,5,5
"E00111673",3,0,3
"E00111674",6,2,4
"E00111675",4,1,3
"E00111676",5,1,4
"E00111677",1,1,0
"E00111678",1,1,0
"E00111679",4,1,3
"E00111680",9,5,4
"E00111681",4,4,0
"E00111682",3,1,2
"E00111683",2,1,1
"E00111684",3,1,2
"E00111685",7,2,5
"E00111686",0,0,0
"E00111687",0,0,0
"E00111688",0,0,0
"E00111689",0,0,0
"E00111690",0,0,0
"E00111691",0,0,0
"E00111692",0,0,0
"E00111693",1,0,1
"E00111694",2,2,0
"E00111695",1,1,0
"E00111696",0,0,0
"E00111697",0,0,0
"E00111698",2,0,2
"E00111699",0,0,0
"E00111700",2,0,2
"E00111701",0,0,0
"E00111702",1,1,0
"E00111703",1,1,0
"E00111704",3,1,2
"E00111705",0,0,0
"E00111706",1,1,0
"E00111707",4,1,3
"E00111708",7,3,4
"E00111709",5,4,1
"E00111710",1,0,1
"E00111711",3,2,1
"E00111712",6,4,2
"E00111713",5,3,2
"E00111714",5,0,5
"E00111715",7,3,4
"E00111716",5,3,2
"E00111717",0,0,0
"E00111718",5,3,2
"E00111719",8,3,5
"E00111720",5,2,3
"E00111721",2,0,2
"E00111722",2,2,0
"E00111723",4,4,0
"E00111724",0,0,0
"E00111725",3,3,0
"E00111726",1,0,1
"E00111727",1,1,0
"E00111728",1,0,1
"E00111729",0,0,0
"E00111730",5,3,2
"E00111731",1,0,1
"E00111732",3,2,1
"E00111733",1,0,1
"E00111734",7,5,2
"E00111735",4,1,3
"E00111736",1,1,0
"E00111737",0,0,0
"E00111738",0,0,0
"E00111739",1,0,1
"E00111740",2,2,0
"E00111741",1,0,1
"E00111742",0,0,0
"E00111743",0,0,0
"E00111744",2,0,2
"E00111745",0,0,0
"E00111746",0,0,0
"E00111747",5,2,3
"E00111748",0,0,0
"E00111749",4,0,4
"E00111750",3,2,1
"E00111751",1,1,0
"E00111752",3,1,2
"E00111753",2,2,0
"E00111754",4,1,3
"E00111755",2,2,0
"E00111756",4,1,3
"E00111757",1,0,1
"E00111758",2,1,1
"E00111759",3,2,1
"E00111760",2,1,1
"E00111761",0,0,0
"E00111762",5,4,1
"E00111763",1,1,0
"E00111764",3,1,2
"E00111765",0,0,0
"E00111766",2,2,0
"E00111767",3,1,2
"E00111769",1,1,0
"E00111770",3,2,1
"E00111771",3,1,2
"E00111772",6,1,5
"E00111773",0,0,0
"E00111774",5,2,3
"E00111775",0,0,0
"E00111776",2,0,2
"E00111777",2,1,1
"E00111778",1,1,0
"E00111779",3,0,3
"E00111780",3,2,1
"E00111781",0,0,0
"E00111782",3,0,3
"E00111783",3,1,2
"E00111784",8,4,4
"E00111785",1,1,0
"E00111786",0,0,0
"E00111787",1,1,0
"E00111788",2,2,0
"E00111789",2,1,1
"E00111790",2,0,2
"E00111791",0,0,0
"E00111792",1,0,1
"E00111793",0,0,0
"E00111794",3,2,1
"E00111795",0,0,0
"E00111796",2,1,1
"E00111797",4,2,2
"E00111798",2,0,2
"E00111799",0,0,0
"E00111800",1,0,1
"E00111801",2,2,0
"E00111802",2,1,1
"E00111803",0,0,0
"E00111804",0,0,0
"E00111805",4,1,3
"E00111806",7,4,3
"E00111807",1,0,1
"E00111808",1,1,0
"E00111809",2,0,2
"E00111810",8,2,6
"E00111811",6,4,2
"E00111812",4,3,1
"E00111813",4,3,1
"E00111814",6,3,3
"E00111815",3,1,2
"E00111816",4,1,3
"E00111817",6,4,2
"E00111818",6,3,3
"E00111819",5,4,1
"E00111820",1,0,1
"E00111821",0,0,0
"E00111822",0,0,0
"E00111823",3,2,1
"E00111824",3,2,1
"E00111825",0,0,0
"E00111826",1,1,0
"E00111827",4,1,3
"E00111828",6,0,6
"E00111829",3,1,2
"E00111830",5,3,2
"E00111831",4,3,1
"E00111832",6,4,2
"E00111833",1,0,1
"E00111834",4,1,3
"E00111835",2,1,1
"E00111836",7,2,5
"E00111837",1,1,0
"E00111838",2,0,2
"E00111839",3,0,3
"E00111840",3,1,2
"E00111841",1,0,1
"E00111842",6,3,3
"E00111843",1,1,0
"E00111844",6,4,2
"E00111845",0,0,0
"E00111846",0,0,0
"E00111847",1,1,0
"E00111848",1,1,0
"E00111849",2,1,1
"E00111850",1,1,0
"E00111851",4,2,2
"E00111852",0,0,0
"E00111853",1,1,0
"E00111854",3,1,2
"E00111855",6,3,3
"E00111856",2,1,1
"E00111857",3,2,1
"E00111858",2,2,0
"E00111859",1,0,1
"E00111860",10,7,3
"E00111861",0,0,0
"E00111862",3,2,1
"E00111863",2,1,1
"E00111864",0,0,0
"E00111865",3,0,3
"E00111866",0,0,0
"E00111867",8,4,4
"E00111868",6,2,4
"E00111869",3,0,3
"E00111870",7,3,4
"E00111871",1,0,1
"E00111873",4,2,2
"E00111874",6,3,3
"E00111875",4,2,2
"E00111876",1,0,1
"E00111877",1,0,1
"E00111878",1,1,0
"E00111879",0,0,0
"E00111880",0,0,0
"E00111881",3,1,2
"E00111882",2,1,1
"E00111883",0,0,0
"E00111884",0,0,0
"E00111885",0,0,0
"E00111886",1,1,0
"E00111887",4,2,2
"E00111888",2,1,1
"E00111889",4,2,2
"E00111890",2,1,1
"E00111891",2,2,0
"E00111892",0,0,0
"E00111893",0,0,0
"E00111894",4,2,2
"E00111895",0,0,0
"E00111896",0,0,0
"E00111897",0,0,0
"E00111898",6,4,2
"E00111899",0,0,0
"E00111900",6,3,3
"E00111901",3,1,2
"E00111902",3,3,0
"E00111903",6,5,1
"E00111904",2,0,2
"E00111905",1,0,1
"E00111906",5,2,3
"E00111907",3,1,2
"E00111908",0,0,0
"E00111909",0,0,0
"E00111910",5,2,3
"E00111911",4,0,4
"E00111912",1,0,1
"E00111913",5,2,3
"E00111914",0,0,0
"E00111915",3,2,1
"E00111916",0,0,0
"E00111917",2,2,0
"E00111918",1,0,1
"E00111919",4,3,1
"E00111920",2,2,0
"E00111921",1,1,0
"E00111922",0,0,0
"E00111923",1,0,1
"E00111924",1,0,1
"E00111925",0,0,0
"E00111926",2,1,1
"E00111927",0,0,0
"E00111928",2,1,1
"E00111929",3,0,3
"E00111930",0,0,0
"E00111931",2,0,2
"E00111932",1,0,1
"E00111933",2,0,2
"E00111934",4,3,1
"E00111935",1,1,0
"E00111936",2,1,1
"E00111937",2,2,0
"E00111938",3,1,2
"E00111939",2,2,0
"E00111940",6,2,4
"E00111941",3,2,1
"E00111942",0,0,0
"E00111943",0,0,0
"E00111944",1,0,1
"E00111945",2,1,1
"E00111946",0,0,0
"E00111947",1,1,0
"E00111948",0,0,0
"E00111949",0,0,0
"E00111950",2,1,1
"E00111951",2,1,1
"E00111952",1,1,0
"E00111953",0,0,0
"E00111954",2,2,0
"E00111955",2,0,2
"E00111956",5,2,3
"E00111957",2,1,1
"E00111958",2,2,0
"E00111959",1,1,0
"E00111960",2,1,1
"E00111961",2,2,0
"E00111962",1,1,0
"E00111963",0,0,0
"E00111964",4,2,2
"E00111965",4,3,1
"E00111966",0,0,0
"E00111967",4,3,1
"E00111968",1,0,1
"E00111969",1,0,1
"E00111970",4,3,1
"E00111971",2,1,1
"E00111972",1,0,1
"E00111973",0,0,0
"E00111974",1,1,0
"E00111975",3,2,1
"E00111976",1,1,0
"E00111977",5,1,4
"E00111978",0,0,0
"E00111979",0,0,0
"E00111980",0,0,0
"E00111981",0,0,0
"E00111982",1,1,0
"E00111983",1,0,1
"E00111984",1,0,1
"E00111985",0,0,0
"E00111986",2,0,2
"E00111987",7,5,2
"E00111988",1,1,0
"E00111989",2,1,1
"E00111990",4,1,3
"E00111991",1,1,0
"E00111992",0,0,0
"E00111993",2,2,0
"E00111994",2,1,1
"E00111995",1,0,1
"E00111996",4,2,2
"E00111997",1,0,1
"E00111998",4,2,2
"E00111999",1,0,1
"E00112000",0,0,0
"E00112001",1,1,0
"E00112002",3,1,2
"E00112003",2,1,1
"E00112004",1,1,0
"E00112005",6,3,3
"E00112006",0,0,0
"E00112007",0,0,0
"E00112008",1,1,0
"E00112009",2,1,1
"E00112010",0,0,0
"E00112011",1,1,0
"E00112012",6,4,2
"E00112013",1,1,0
"E00112014",3,1,2
"E00112015",1,0,1
"E00112016",3,1,2
"E00112017",1,1,0
"E00112018",2,0,2
"E00112019",2,0,2
"E00112020",2,1,1
"E00112021",0,0,0
"E00112022",0,0,0
"E00112023",8,3,5
"E00112024",1,0,1
"E00112025",4,1,3
"E00112026",2,0,2
"E00112027",5,5,0
"E00112028",6,3,3
"E00112029",5,3,2
"E00112030",2,1,1
"E00112031",3,2,1
"E00112032",3,2,1
"E00112033",2,0,2
"E00112034",6,3,3
"E00112035",8,6,2
"E00112036",4,3,1
"E00112037",3,2,1
"E00112038",2,0,2
"E00112039",3,0,3
"E00112040",3,1,2
"E00112041",0,0,0
"E00112042",4,1,3
"E00112043",4,4,0
"E00112044",11,3,8
"E00112045",8,6,2
"E00112046",2,1,1
"E00112047",9,3,6
"E00112048",5,3,2
"E00112049",0,0,0
"E00112050",3,1,2
"E00112051",1,1,0
"E00112052",3,2,1
"E00112053",4,1,3
"E00112054",2,1,1
"E00112055",0,0,0
"E00112056",3,2,1
"E00112057",1,0,1
"E00112058",4,1,3
"E00112059",6,2,4
"E00112060",4,2,2
"E00112061",0,0,0
"E00112062",5,5,0
"E00112063",0,0,0
"E00112064",1,1,0
"E00112065",10,4,6
"E00112066",5,1,4
"E00112067",7,2,5
"E00112068",15,9,6
"E00112069",26,16,10
"E00112070",3,2,1
"E00112071",13,8,5
"E00112072",4,2,2
"E00112073",11,7,4
"E00112074",16,5,11
"E00112076",3,2,1
"E00112078",8,2,6
"E00112079",14,7,7
"E00112080",8,3,5
"E00112081",2,2,0
"E00112082",9,3,6
"E00112083",10,4,6
"E00112084",9,5,4
"E00112085",10,6,4
"E00112086",2,0,2
"E00112087",4,1,3
"E00112088",6,1,5
"E00112089",2,0,2
"E00112090",7,3,4
"E00112091",12,5,7
"E00112092",13,8,5
"E00112093",6,3,3
"E00112094",4,2,2
"E00112095",2,1,1
"E00112096",5,0,5
"E00112097",6,2,4
"E00112098",7,3,4
"E00112099",8,5,3
"E00112100",4,3,1
"E00112101",7,4,3
"E00112102",11,6,5
"E00112103",9,2,7
"E00112104",14,8,6
"E00112105",5,4,1
"E00112106",10,7,3
"E00112108",10,4,6
"E00112109",11,5,6
"E00112110",9,4,5
"E00112111",8,4,4
"E00112112",13,7,6
"E00112113",5,4,1
"E00112115",9,4,5
"E00112117",6,2,4
"E00112119",6,6,0
"E00112120",5,2,3
"E00112121",13,9,4
"E00112122",6,2,4
"E00112123",11,7,4
"E00112124",5,4,1
"E00112125",5,0,5
"E00112126",5,1,4
"E00112127",11,6,5
"E00112128",2,1,1
"E00112129",8,3,5
"E00112130",8,3,5
"E00112131",0,0,0
"E00112132",1,1,0
"E00112133",6,3,3
"E00112134",2,1,1
"E00112135",3,1,2
"E00112136",0,0,0
"E00112137",4,2,2
"E00112138",3,3,0
"E00112139",1,1,0
"E00112140",1,1,0
"E00112141",7,5,2
"E00112142",10,3,7
"E00112143",6,3,3
"E00112144",5,5,0
"E00112145",8,4,4
"E00112146",19,8,11
"E00112147",16,7,9
"E00112148",5,2,3
"E00112149",13,9,4
"E00112150",14,7,7
"E00112151",1,0,1
"E00112152",13,6,7
"E00112153",13,8,5
"E00112154",5,2,3
"E00112155",3,2,1
"E00112156",13,5,8
"E00112157",10,6,4
"E00112158",11,5,6
"E00112159",5,2,3
"E00112160",18,6,12
"E00112161",7,2,5
"E00112162",0,0,0
"E00112163",9,7,2
"E00112164",6,6,0
"E00112165",0,0,0
"E00112166",6,4,2
"E00112167",14,8,6
"E00112168",9,6,3
"E00112169",8,3,5
"E00112170",18,10,8
"E00112171",0,0,0
"E00112172",2,1,1
"E00112173",3,2,1
"E00112174",8,2,6
"E00112175",1,0,1
"E00112176",9,4,5
"E00112177",1,1,0
"E00112178",5,2,3
"E00112179",10,7,3
"E00112180",1,1,0
"E00112181",7,4,3
"E00112182",10,7,3
"E00112183",7,2,5
"E00112184",9,5,4
"E00112185",2,2,0
"E00112186",8,2,6
"E00112187",2,1,1
"E00112188",14,8,6
"E00112189",4,3,1
"E00112190",11,5,6
"E00112191",6,1,5
"E00112192",2,2,0
"E00112193",5,3,2
"E00112194",3,1,2
"E00112195",5,4,1
"E00112196",5,3,2
"E00112197",6,2,4
"E00112198",2,1,1
"E00112199",7,4,3
"E00112200",9,6,3
"E00112201",4,1,3
"E00112202",6,3,3
"E00112203",3,2,1
"E00112204",5,4,1
"E00112205",2,2,0
"E00112206",7,5,2
"E00112207",10,5,5
"E00112209",16,9,7
"E00112210",5,2,3
"E00112211",10,5,5
"E00112212",5,3,2
"E00112213",3,0,3
"E00112214",6,3,3
"E00112215",6,3,3
"E00112216",7,5,2
"E00112217",8,5,3
"E00112218",14,10,4
"E00112219",13,10,3
"E00112220",0,0,0
"E00112221",1,0,1
"E00112222",6,4,2
"E00112223",1,0,1
"E00112224",4,3,1
"E00112225",7,3,4
"E00112226",6,2,4
"E00112227",5,4,1
"E00112228",9,5,4
"E00112229",1,0,1
"E00112230",10,4,6
"E00112231",7,1,6
"E00112232",5,5,0
"E00112233",5,2,3
"E00112234",11,5,6
"E00112235",21,8,13
"E00112236",10,3,7
"E00112237",9,2,7
"E00112238",3,3,0
"E00112239",13,7,6
"E00112241",6,4,2
"E00112243",1,1,0
"E00112244",0,0,0
"E00112245",1,0,1
"E00112246",7,3,4
"E00112247",1,1,0
"E00112248",2,2,0
"E00112249",8,5,3
"E00112250",1,1,0
"E00112251",4,3,1
"E00112252",5,3,2
"E00112253",9,4,5
"E00112254",1,0,1
"E00112255",2,1,1
"E00112256",13,5,8
"E00112257",10,4,6
"E00112258",5,2,3
"E00112259",5,2,3
"E00112260",6,5,1
"E00112261",6,2,4
"E00112262",12,6,6
"E00112263",3,0,3
"E00112264",3,1,2
"E00112265",11,4,7
"E00112266",15,6,9
"E00112267",11,7,4
"E00112268",3,2,1
"E00112269",1,0,1
"E00112270",7,5,2
"E00112271",9,5,4
"E00112272",12,7,5
"E00112273",4,4,0
"E00112274",9,2,7
"E00112275",3,2,1
"E00112276",0,0,0
"E00112277",2,2,0
"E00112278",8,6,2
"E00112279",10,6,4
"E00112280",4,2,2
"E00112281",16,5,11
"E00112282",7,3,4
"E00112283",11,8,3
"E00112284",20,10,10
"E00112285",2,0,2
"E00112286",17,8,9
"E00112287",13,5,8
"E00112288",17,10,7
"E00112289",7,4,3
"E00112290",8,7,1
"E00112291",7,4,3
"E00112293",21,13,8
"E00112294",8,4,4
"E00112295",4,2,2
"E00112296",3,0,3
"E00112297",0,0,0
"E00112298",4,4,0
"E00112299",1,1,0
"E00112300",7,3,4
"E00112301",8,6,2
"E00112302",2,1,1
"E00112303",0,0,0
"E00112304",2,0,2
"E00112305",0,0,0
"E00112306",8,4,4
"E00112307",1,1,0
"E00112308",0,0,0
"E00112309",0,0,0
"E00112310",0,0,0
"E00112311",0,0,0
"E00112312",4,1,3
"E00112313",1,1,0
"E00112314",8,7,1
"E00112315",8,3,5
"E00112316",5,3,2
"E00112317",5,2,3
"E00112319",4,2,2
"E00112320",13,9,4
"E00112321",14,7,7
"E00112322",3,1,2
"E00112323",4,3,1
"E00112324",10,5,5
"E00112325",7,4,3
"E00112326",11,9,2
"E00112327",5,3,2
"E00112328",3,1,2
"E00112329",6,5,1
"E00112330",6,1,5
"E00112331",6,3,3
"E00112332",10,9,1
"E00112333",9,4,5
"E00112334",3,2,1
"E00112335",1,1,0
"E00112336",2,1,1
"E00112337",16,9,7
"E00112338",6,1,5
"E00112339",7,4,3
"E00112340",11,4,7
"E00112341",6,3,3
"E00112342",3,1,2
"E00112343",4,2,2
"E00112344",2,0,2
"E00112345",1,0,1
"E00112346",4,3,1
"E00112347",1,1,0
"E00112348",10,7,3
"E00112349",4,1,3
"E00112350",2,2,0
"E00112351",3,1,2
"E00112352",7,3,4
"E00112353",4,1,3
"E00112354",10,2,8
"E00112355",2,2,0
"E00112356",10,6,4
"E00112357",9,3,6
"E00112358",11,8,3
"E00112359",5,3,2
"E00112360",6,4,2
"E00112361",0,0,0
"E00112362",2,1,1
"E00112363",8,5,3
"E00112364",13,8,5
"E00112365",4,3,1
"E00112366",8,3,5
"E00112367",6,1,5
"E00112368",7,5,2
"E00112369",9,5,4
"E00112370",8,2,6
"E00112371",8,5,3
"E00112372",1,1,0
"E00112373",8,3,5
"E00112374",8,5,3
"E00112375",8,3,5
"E00112376",10,5,5
"E00112377",4,1,3
"E00112378",8,5,3
"E00112379",10,5,5
"E00112380",18,11,7
"E00112381",6,3,3
"E00112382",5,2,3
"E00112383",17,10,7
"E00112384",6,3,3
"E00112386",8,3,5
"E00112387",9,5,4
"E00112388",0,0,0
"E00112389",7,1,6
"E00112390",6,5,1
"E00112391",3,2,1
"E00112392",8,4,4
"E00112393",10,5,5
"E00112394",4,3,1
"E00112395",9,5,4
"E00112396",5,1,4
"E00112397",5,3,2
"E00112398",6,2,4
"E00112399",3,0,3
"E00112400",0,0,0
"E00112401",6,2,4
"E00112402",2,1,1
"E00112403",0,0,0
"E00112404",3,3,0
"E00112405",4,3,1
"E00112406",4,1,3
"E00112407",3,2,1
"E00112408",1,0,1
"E00112409",1,0,1
"E00112410",2,1,1
"E00112411",0,0,0
"E00112412",3,3,0
"E00112413",0,0,0
"E00112414",5,3,2
"E00112415",1,0,1
"E00112417",0,0,0
"E00112418",1,0,1
"E00112419",8,3,5
"E00112420",10,5,5
"E00112423",1,0,1
"E00112424",2,2,0
"E00112425",4,2,2
"E00112427",7,3,4
"E00112428",0,0,0
"E00112429",6,4,2
"E00112430",3,0,3
"E00112431",1,0,1
"E00112432",0,0,0
"E00112433",4,1,3
"E00112434",4,1,3
"E00112435",1,0,1
"E00112436",0,0,0
"E00112437",3,3,0
"E00112439",8,5,3
"E00112440",6,2,4
"E00112441",10,6,4
"E00112442",0,0,0
"E00112443",1,1,0
"E00112444",10,4,6
"E00112445",0,0,0
"E00112446",7,3,4
"E00112447",11,7,4
"E00112448",6,4,2
"E00112449",7,3,4
"E00112450",7,3,4
"E00112451",3,2,1
"E00112452",5,1,4
"E00112453",12,8,4
"E00112454",5,2,3
"E00112455",4,2,2
"E00112456",8,4,4
"E00112457",3,2,1
"E00112458",4,3,1
"E00112459",3,3,0
"E00112460",11,3,8
"E00112461",9,5,4
"E00112462",12,7,5
"E00112463",6,2,4
"E00112464",4,1,3
"E00112465",0,0,0
"E00112466",0,0,0
"E00112467",7,3,4
"E00112468",4,0,4
"E00112469",2,0,2
"E00112470",0,0,0
"E00112471",3,0,3
"E00112472",6,3,3
"E00112473",0,0,0
"E00112474",1,0,1
"E00112475",3,0,3
"E00112476",3,1,2
"E00112477",0,0,0
"E00112478",1,1,0
"E00112479",3,3,0
"E00112480",8,5,3
"E00112481",1,1,0
"E00112482",0,0,0
"E00112483",1,0,1
"E00112484",8,4,4
"E00112485",5,1,4
"E00112486",6,3,3
"E00112487",5,1,4
"E00112488",18,10,8
"E00112489",13,8,5
"E00112490",3,2,1
"E00112491",4,1,3
"E00112492",4,1,3
"E00112493",9,3,6
"E00112494",0,0,0
"E00112495",13,6,7
"E00112496",10,6,4
"E00112497",6,6,0
"E00112498",10,8,2
"E00112499",4,0,4
"E00112500",12,2,10
"E00112501",0,0,0
"E00112502",4,3,1
"E00112503",4,1,3
"E00112504",15,11,4
"E00112505",15,7,8
"E00112506",2,1,1
"E00112507",4,1,3
"E00112508",0,0,0
"E00112509",1,0,1
"E00112510",4,2,2
"E00112511",6,3,3
"E00112512",1,1,0
"E00112513",2,1,1
"E00112514",8,5,3
"E00112515",11,7,4
"E00112516",1,0,1
"E00112517",3,2,1
"E00112518",0,0,0
"E00112519",3,1,2
"E00112520",3,1,2
"E00112521",5,1,4
"E00112522",2,0,2
"E00112523",6,2,4
"E00112524",0,0,0
"E00112525",3,0,3
"E00112526",4,2,2
"E00112527",6,5,1
"E00112528",4,2,2
"E00112529",1,0,1
"E00112530",5,2,3
"E00112531",5,2,3
"E00112532",0,0,0
"E00112533",11,7,4
"E00112534",9,4,5
"E00112535",9,6,3
"E00112536",6,2,4
"E00112537",4,3,1
"E00112538",2,0,2
"E00112539",12,8,4
"E00112540",3,1,2
"E00112541",4,3,1
"E00112542",6,3,3
"E00112543",4,2,2
"E00112544",7,3,4
"E00112545",4,3,1
"E00112546",1,0,1
"E00112547",3,2,1
"E00112548",1,1,0
"E00112549",2,0,2
"E00112550",3,0,3
"E00112551",0,0,0
"E00112552",2,1,1
"E00112553",0,0,0
"E00112554",1,1,0
"E00112555",3,1,2
"E00112556",2,1,1
"E00112557",5,3,2
"E00112558",12,7,5
"E00112559",1,0,1
"E00112560",0,0,0
"E00112561",3,2,1
"E00112562",1,0,1
"E00112563",2,1,1
"E00112564",3,0,3
"E00112565",4,3,1
"E00112566",0,0,0
"E00112567",10,4,6
"E00112568",1,0,1
"E00112570",0,0,0
"E00112571",3,0,3
"E00112572",10,2,8
"E00112573",0,0,0
"E00112574",3,2,1
"E00112575",5,3,2
"E00112576",4,4,0
"E00112577",0,0,0
"E00112578",6,2,4
"E00112579",1,1,0
"E00112580",2,2,0
"E00112581",0,0,0
"E00112582",2,0,2
"E00112583",2,0,2
"E00112584",0,0,0
"E00112585",0,0,0
"E00112586",5,0,5
"E00112587",7,4,3
"E00112588",3,0,3
"E00112589",5,2,3
"E00112590",0,0,0
"E00112591",5,1,4
"E00112592",3,1,2
"E00112593",5,2,3
"E00112594",1,1,0
"E00112595",9,2,7
"E00112596",2,1,1
"E00112597",6,3,3
"E00112598",0,0,0
"E00112599",2,1,1
"E00112600",0,0,0
"E00112601",1,1,0
"E00112602",4,1,3
"E00112603",0,0,0
"E00112604",3,3,0
"E00112605",0,0,0
"E00112606",0,0,0
"E00112607",0,0,0
"E00112608",2,2,0
"E00112609",1,0,1
"E00112610",1,0,1
"E00112611",2,0,2
"E00112612",2,2,0
"E00112613",3,1,2
"E00112614",1,0,1
"E00112615",1,0,1
"E00112616",6,3,3
"E00112617",0,0,0
"E00112619",2,1,1
"E00112620",0,0,0
"E00112621",0,0,0
"E00112622",6,2,4
"E00112623",3,1,2
"E00112624",3,1,2
"E00112625",1,0,1
"E00112626",1,0,1
"E00112627",3,3,0
"E00112628",3,1,2
"E00112629",1,0,1
"E00112630",3,3,0
"E00112631",2,1,1
"E00112632",3,2,1
"E00112633",2,2,0
"E00112634",4,3,1
"E00112635",2,1,1
"E00112636",10,5,5
"E00112637",1,1,0
"E00112638",3,0,3
"E00112639",0,0,0
"E00112640",8,2,6
"E00112641",2,0,2
"E00112642",3,1,2
"E00112643",1,0,1
"E00112644",0,0,0
"E00112645",4,2,2
"E00112646",3,2,1
"E00112647",2,2,0
"E00112648",5,2,3
"E00112649",7,4,3
"E00112650",3,2,1
"E00112651",11,7,4
"E00112652",8,6,2
"E00112653",6,3,3
"E00112654",0,0,0
"E00112655",9,5,4
"E00112656",9,6,3
"E00112657",8,1,7
"E00112658",3,0,3
"E00112659",3,1,2
"E00112660",0,0,0
"E00112661",9,3,6
"E00112662",0,0,0
"E00112663",0,0,0
"E00112664",3,1,2
"E00112665",8,5,3
"E00112666",2,1,1
"E00112667",4,2,2
"E00112668",8,4,4
"E00112669",2,1,1
"E00112670",4,2,2
"E00112671",3,0,3
"E00112672",4,3,1
"E00112673",3,1,2
"E00112674",1,0,1
"E00112675",0,0,0
"E00112676",3,2,1
"E00112677",2,1,1
"E00112678",10,7,3
"E00112679",4,2,2
"E00112680",9,4,5
"E00112681",5,3,2
"E00112682",10,2,8
"E00112683",12,5,7
"E00112684",7,2,5
"E00112685",10,6,4
"E00112686",2,1,1
"E00112687",19,9,10
"E00112688",13,10,3
"E00112689",3,2,1
"E00112690",3,2,1
"E00112692",8,4,4
"E00112694",5,2,3
"E00112695",18,10,8
"E00112696",6,3,3
"E00112697",1,0,1
"E00112698",4,3,1
"E00112699",9,4,5
"E00112700",4,1,3
"E00112701",13,6,7
"E00112702",3,1,2
"E00112703",0,0,0
"E00112704",6,3,3
"E00112705",2,1,1
"E00112706",4,2,2
"E00112707",9,3,6
"E00112708",5,5,0
"E00112709",3,1,2
"E00112710",13,6,7
"E00112711",4,3,1
"E00112712",7,4,3
"E00112713",4,1,3
"E00112714",3,2,1
"E00112715",4,1,3
"E00112716",5,3,2
"E00112717",6,6,0
"E00112718",8,2,6
"E00112719",2,1,1
"E00112720",3,1,2
"E00112721",6,3,3
"E00112722",3,1,2
"E00112723",10,7,3
"E00112724",6,3,3
"E00112725",2,1,1
"E00112726",6,2,4
"E00112727",4,1,3
"E00112728",3,2,1
"E00112729",7,4,3
"E00112730",14,5,9
"E00112731",7,3,4
"E00112732",3,1,2
"E00112733",6,3,3
"E00112734",4,0,4
"E00112735",2,1,1
"E00112736",9,4,5
"E00112737",8,4,4
"E00112738",0,0,0
"E00112739",6,2,4
"E00112740",8,2,6
"E00112741",6,2,4
"E00112742",12,6,6
"E00112743",1,1,0
"E00112744",0,0,0
"E00112745",4,2,2
"E00112746",2,2,0
"E00112747",3,1,2
"E00112748",1,1,0
"E00112749",4,3,1
"E00112750",4,3,1
"E00112751",4,3,1
"E00112752",8,4,4
"E00112753",5,2,3
"E00112754",5,2,3
"E00112755",12,10,2
"E00112756",6,4,2
"E00112757",6,4,2
"E00112758",7,3,4
"E00112759",12,8,4
"E00112760",0,0,0
"E00112761",14,4,10
"E00112762",13,9,4
"E00112763",8,6,2
"E00112764",0,0,0
"E00112765",13,5,8
"E00112766",12,6,6
"E00112767",23,11,12
"E00112768",6,3,3
"E00112769",2,1,1
"E00112770",5,0,5
"E00112771",3,1,2
"E00112772",6,3,3
"E00112773",3,2,1
"E00112774",2,2,0
"E00112775",9,5,4
"E00112776",8,5,3
"E00112777",7,4,3
"E00112778",4,1,3
"E00112779",1,1,0
"E00112780",3,2,1
"E00112781",3,2,1
"E00112783",6,2,4
"E00112784",2,2,0
"E00112785",9,7,2
"E00112786",2,0,2
"E00112787",2,0,2
"E00112788",3,2,1
"E00112789",4,2,2
"E00112790",3,3,0
"E00112791",2,1,1
"E00112792",3,2,1
"E00112793",5,4,1
"E00112794",4,3,1
"E00112795",4,2,2
"E00112796",0,0,0
"E00112797",1,1,0
"E00112798",30,18,12
"E00112799",4,2,2
"E00112800",11,4,7
"E00112801",4,1,3
"E00112802",2,1,1
"E00112803",1,1,0
"E00112804",8,4,4
"E00112805",11,3,8
"E00112806",8,4,4
"E00112807",7,5,2
"E00112808",5,1,4
"E00112809",5,4,1
"E00112810",7,2,5
"E00112811",4,3,1
"E00112812",7,1,6
"E00112813",11,3,8
"E00112814",2,1,1
"E00112815",4,3,1
"E00112816",2,2,0
"E00112817",1,0,1
"E00112818",1,1,0
"E00112819",2,1,1
"E00112820",7,5,2
"E00112821",4,2,2
"E00112822",1,0,1
"E00112823",0,0,0
"E00112824",9,5,4
"E00112825",3,3,0
"E00112826",7,5,2
"E00112827",3,2,1
"E00112828",0,0,0
"E00112829",5,4,1
"E00112830",13,7,6
"E00112831",13,8,5
"E00112832",15,10,5
"E00112833",14,7,7
"E00112834",9,4,5
"E00112835",12,9,3
"E00112836",7,3,4
"E00112837",12,9,3
"E00112838",4,2,2
"E00112839",10,6,4
"E00112840",3,0,3
"E00112841",3,0,3
"E00112842",6,2,4
"E00112843",6,4,2
"E00112844",2,2,0
"E00112845",2,1,1
"E00112846",7,3,4
"E00112847",1,0,1
"E00112848",7,4,3
"E00112849",9,5,4
"E00112850",7,3,4
"E00112851",6,2,4
"E00112852",16,5,11
"E00112853",2,1,1
"E00112854",14,4,10
"E00112855",0,0,0
"E00112856",11,5,6
"E00112857",4,1,3
"E00112858",7,1,6
"E00112859",15,12,3
"E00112860",8,2,6
"E00112861",20,10,10
"E00112862",8,6,2
"E00112863",16,11,5
"E00112865",10,4,6
"E00112866",16,9,7
"E00112867",6,3,3
"E00112868",4,3,1
"E00112869",20,12,8
"E00112871",3,2,1
"E00112874",5,3,2
"E00112875",11,5,6
"E00112876",9,6,3
"E00112877",2,2,0
"E00112878",2,1,1
"E00112879",12,3,9
"E00112880",7,5,2
"E00112881",15,9,6
"E00112882",1,1,0
"E00112883",3,1,2
"E00112884",8,2,6
"E00112885",10,6,4
"E00112886",11,6,5
"E00112887",6,2,4
"E00112888",3,2,1
"E00112889",1,0,1
"E00112890",5,4,1
"E00112891",5,3,2
"E00112893",3,2,1
"E00112894",6,1,5
"E00112895",1,1,0
"E00112896",1,0,1
"E00112897",6,2,4
"E00112898",1,1,0
"E00112899",9,5,4
"E00112900",12,5,7
"E00112901",9,7,2
"E00112902",1,0,1
"E00112903",10,6,4
"E00112904",3,3,0
"E00112905",16,9,7
"E00112906",7,4,3
"E00112907",7,2,5
"E00112908",3,1,2
"E00112909",0,0,0
"E00112910",12,7,5
"E00112911",6,3,3
"E00112913",15,5,10
"E00112914",15,7,8
"E00112915",16,7,9
"E00112916",5,1,4
"E00112917",6,4,2
"E00112918",9,3,6
"E00112920",9,5,4
"E00112921",0,0,0
"E00112922",7,5,2
"E00112923",6,3,3
"E00112924",12,9,3
"E00112925",14,9,5
"E00112926",14,9,5
"E00112927",4,4,0
"E00112928",8,5,3
"E00112929",3,2,1
"E00112930",5,1,4
"E00112931",1,1,0
"E00112932",6,3,3
"E00112933",2,2,0
"E00112934",1,1,0
"E00112935",1,1,0
"E00112936",6,4,2
"E00112937",2,1,1
"E00112938",4,2,2
"E00112939",5,3,2
"E00112940",5,1,4
"E00112941",0,0,0
"E00112942",9,2,7
"E00112943",6,4,2
"E00112944",3,1,2
"E00112945",14,6,8
"E00112946",6,5,1
"E00112947",4,3,1
"E00112948",10,5,5
"E00112949",5,2,3
"E00112950",20,11,9
"E00112951",4,2,2
"E00112952",7,5,2
"E00112953",8,4,4
"E00112954",6,4,2
"E00112955",13,5,8
"E00112956",8,3,5
"E00112957",7,5,2
"E00112958",5,1,4
"E00112959",7,4,3
"E00112960",5,2,3
"E00112961",10,5,5
"E00112962",4,3,1
"E00112963",0,0,0
"E00112964",16,8,8
"E00112965",8,4,4
"E00112966",6,3,3
"E00112967",4,2,2
"E00112968",7,2,5
"E00112969",5,2,3
"E00112970",9,5,4
"E00112971",3,1,2
"E00112972",6,2,4
"E00112973",3,1,2
"E00112974",3,1,2
"E00112975",10,6,4
"E00112976",0,0,0
"E00112977",4,2,2
"E00112978",10,6,4
"E00112979",1,0,1
"E00112980",4,2,2
"E00112981",5,3,2
"E00112982",3,1,2
"E00112983",5,2,3
"E00112984",1,1,0
"E00112985",6,4,2
"E00112986",7,3,4
"E00112987",3,2,1
"E00112988",3,1,2
"E00112989",7,3,4
"E00112990",7,2,5
"E00112991",7,2,5
"E00112992",1,1,0
"E00112993",5,3,2
"E00112994",1,1,0
"E00112995",2,2,0
"E00112996",6,5,1
"E00112997",8,4,4
"E00112998",3,1,2
"E00112999",4,3,1
"E00113000",1,0,1
"E00113001",2,1,1
"E00113002",3,2,1
"E00113003",2,0,2
"E00113004",7,3,4
"E00113005",1,0,1
"E00113006",2,1,1
"E00113007",2,0,2
"E00113008",1,0,1
"E00113009",2,1,1
"E00113010",5,0,5
"E00113011",1,0,1
"E00113012",5,4,1
"E00113013",12,5,7
"E00113014",11,6,5
"E00113015",3,2,1
"E00113016",3,2,1
"E00113017",6,3,3
"E00113018",13,7,6
"E00113019",4,2,2
"E00113020",6,5,1
"E00113021",4,1,3
"E00113022",5,3,2
"E00113023",10,6,4
"E00113024",2,1,1
"E00113025",9,5,4
"E00113026",1,1,0
"E00113027",5,1,4
"E00113028",4,3,1
"E00113029",3,2,1
"E00113030",0,0,0
"E00113031",2,1,1
"E00113032",1,1,0
"E00113033",0,0,0
"E00113034",2,1,1
"E00113035",2,0,2
"E00113036",6,3,3
"E00113037",4,3,1
"E00113038",3,1,2
"E00113039",3,0,3
"E00113040",1,0,1
"E00113041",3,0,3
"E00113042",1,1,0
"E00113043",2,1,1
"E00113044",0,0,0
"E00113045",3,1,2
"E00113046",2,1,1
"E00113047",4,1,3
"E00113048",0,0,0
"E00113049",3,2,1
"E00113050",1,0,1
"E00113051",1,0,1
"E00113052",1,1,0
"E00113053",0,0,0
"E00113054",6,2,4
"E00113055",0,0,0
"E00113056",0,0,0
"E00113057",2,1,1
"E00113058",1,0,1
"E00113059",4,3,1
"E00113060",4,0,4
"E00113061",6,1,5
"E00113062",3,1,2
"E00113063",2,1,1
"E00113064",3,1,2
"E00113065",5,4,1
"E00113066",0,0,0
"E00113067",4,1,3
"E00113068",1,0,1
"E00113069",6,1,5
"E00113070",2,1,1
"E00113071",2,0,2
"E00113072",0,0,0
"E00113073",4,4,0
"E00113074",3,3,0
"E00113075",2,1,1
"E00113076",5,4,1
"E00113077",3,0,3
"E00113078",2,2,0
"E00113079",1,0,1
"E00113080",0,0,0
"E00113081",5,4,1
"E00113082",1,0,1
"E00113083",4,0,4
"E00113084",4,2,2
"E00113085",4,2,2
"E00113086",2,1,1
"E00113087",3,2,1
"E00113088",4,3,1
"E00113090",12,7,5
"E00113091",10,5,5
"E00113092",5,1,4
"E00113093",7,4,3
"E00113094",5,2,3
"E00113095",2,1,1
"E00113096",1,0,1
"E00113097",11,4,7
"E00113098",3,2,1
"E00113099",10,5,5
"E00113100",2,1,1
"E00113101",3,1,2
"E00113102",2,0,2
"E00113103",1,1,0
"E00113104",6,2,4
"E00113105",1,0,1
"E00113106",1,0,1
"E00113107",1,0,1
"E00113108",1,1,0
"E00113109",1,1,0
"E00113110",0,0,0
"E00113111",1,0,1
"E00113112",5,1,4
"E00113113",4,2,2
"E00113114",1,0,1
"E00113115",2,0,2
"E00113116",4,3,1
"E00113117",4,3,1
"E00113118",1,0,1
"E00113119",1,1,0
"E00113120",3,0,3
"E00113121",2,0,2
"E00113122",4,1,3
"E00113123",6,3,3
"E00113124",2,1,1
"E00113125",2,1,1
"E00113126",0,0,0
"E00113127",3,1,2
"E00113128",2,0,2
"E00113129",3,0,3
"E00113130",2,0,2
"E00113131",4,3,1
"E00113132",0,0,0
"E00113133",2,1,1
"E00113134",3,2,1
"E00113135",4,4,0
"E00113136",1,1,0
"E00113137",4,4,0
"E00113138",0,0,0
"E00113139",1,1,0
"E00113140",5,3,2
"E00113141",8,6,2
"E00113142",1,0,1
"E00113143",1,0,1
"E00113144",4,3,1
"E00113145",2,1,1
"E00113146",7,4,3
"E00113147",1,1,0
"E00113148",2,1,1
"E00113149",4,2,2
"E00113150",6,3,3
"E00113151",1,0,1
"E00113152",1,1,0
"E00113153",4,2,2
"E00113154",0,0,0
"E00113155",3,2,1
"E00113156",5,3,2
"E00113157",0,0,0
"E00113158",3,1,2
"E00113159",5,2,3
"E00113160",3,1,2
"E00113161",3,1,2
"E00113162",5,1,4
"E00113163",2,0,2
"E00113164",5,3,2
"E00113165",13,4,9
"E00113166",2,1,1
"E00113167",7,1,6
"E00113168",2,1,1
"E00113169",4,3,1
"E00113170",0,0,0
"E00113171",0,0,0
"E00113172",1,0,1
"E00113173",6,3,3
"E00113174",6,2,4
"E00113175",4,3,1
"E00113176",12,6,6
"E00113177",8,5,3
"E00113178",15,11,4
"E00113179",8,2,6
"E00113180",9,5,4
"E00113181",3,2,1
"E00113182",1,1,0
"E00113183",3,3,0
"E00113184",1,0,1
"E00113185",3,1,2
"E00113186",1,1,0
"E00113187",12,6,6
"E00113188",8,7,1
"E00113189",10,6,4
"E00113190",1,0,1
"E00113191",11,4,7
"E00113192",14,6,8
"E00113193",7,3,4
"E00113194",2,0,2
"E00113195",0,0,0
"E00113196",9,3,6
"E00113197",4,3,1
"E00113198",9,5,4
"E00113199",6,2,4
"E00113200",2,2,0
"E00113201",2,2,0
"E00113202",2,1,1
"E00113203",2,1,1
"E00113204",4,3,1
"E00113205",7,3,4
"E00113206",2,0,2
"E00113207",2,0,2
"E00113208",7,2,5
"E00113209",0,0,0
"E00113210",3,1,2
"E00113211",4,3,1
"E00113212",13,4,9
"E00113213",1,1,0
"E00113214",10,3,7
"E00113215",4,2,2
"E00113216",8,6,2
"E00113217",4,0,4
"E00113218",5,3,2
"E00113219",8,4,4
"E00113220",6,3,3
"E00113221",11,8,3
"E00113222",2,1,1
"E00113223",17,11,6
"E00113224",6,4,2
"E00113225",0,0,0
"E00113226",1,0,1
"E00113227",0,0,0
"E00113228",3,1,2
"E00113229",0,0,0
"E00113230",4,3,1
"E00113231",3,2,1
"E00113232",4,2,2
"E00113235",13,9,4
"E00113236",0,0,0
"E00113237",7,2,5
"E00113238",5,2,3
"E00113239",9,5,4
"E00113240",7,5,2
"E00113241",9,3,6
"E00113242",11,5,6
"E00113243",6,4,2
"E00113244",3,2,1
"E00113245",14,6,8
"E00113246",0,0,0
"E00113247",3,2,1
"E00113248",5,4,1
"E00113249",8,5,3
"E00113250",7,2,5
"E00113251",5,1,4
"E00113252",3,1,2
"E00113253",3,1,2
"E00113254",1,1,0
"E00113255",2,1,1
"E00113256",5,4,1
"E00113257",4,1,3
"E00113258",6,6,0
"E00113259",3,0,3
"E00113260",10,4,6
"E00113261",9,5,4
"E00113262",7,4,3
"E00113263",2,0,2
"E00113264",4,1,3
"E00113265",1,1,0
"E00113266",3,1,2
"E00113267",6,4,2
"E00113268",9,3,6
"E00113269",1,0,1
"E00113270",2,1,1
"E00113272",8,7,1
"E00113273",6,3,3
"E00113274",6,3,3
"E00113275",9,6,3
"E00113276",3,3,0
"E00113277",5,4,1
"E00113278",3,1,2
"E00113279",0,0,0
"E00113280",4,1,3
"E00113281",3,3,0
"E00113282",4,2,2
"E00113283",7,2,5
"E00113284",5,1,4
"E00113285",4,2,2
"E00113286",0,0,0
"E00113287",9,2,7
"E00113288",2,2,0
"E00113289",3,3,0
"E00113290",8,4,4
"E00113291",3,0,3
"E00113292",0,0,0
"E00113293",2,1,1
"E00113294",0,0,0
"E00113295",0,0,0
"E00113296",2,1,1
"E00113297",8,6,2
"E00113298",1,0,1
"E00113299",1,1,0
"E00113300",2,2,0
"E00113301",7,3,4
"E00113302",0,0,0
"E00113303",1,1,0
"E00113304",0,0,0
"E00113305",3,0,3
"E00113306",11,6,5
"E00113307",0,0,0
"E00113308",0,0,0
"E00113309",5,3,2
"E00113310",4,1,3
"E00113311",7,4,3
"E00113312",0,0,0
"E00113313",2,2,0
"E00113314",1,0,1
"E00113315",2,1,1
"E00113316",0,0,0
"E00113317",1,0,1
"E00113318",4,1,3
"E00113319",3,1,2
"E00113320",3,3,0
"E00113321",0,0,0
"E00113322",1,0,1
"E00113323",5,3,2
"E00113324",0,0,0
"E00113325",4,2,2
"E00113326",1,0,1
"E00113327",2,2,0
"E00113328",1,0,1
"E00113329",4,3,1
"E00113330",0,0,0
"E00113331",6,3,3
"E00113332",6,3,3
"E00113333",0,0,0
"E00113334",0,0,0
"E00113335",8,2,6
"E00113336",5,3,2
"E00113337",6,3,3
"E00113338",1,0,1
"E00113339",0,0,0
"E00113340",7,2,5
"E00113341",0,0,0
"E00113342",12,5,7
"E00113343",2,2,0
"E00113344",10,4,6
"E00113345",6,3,3
"E00113346",12,7,5
"E00113347",1,0,1
"E00113348",3,3,0
"E00113349",7,3,4
"E00113350",1,1,0
"E00113351",1,1,0
"E00113352",0,0,0
"E00113353",2,1,1
"E00113354",2,2,0
"E00113355",0,0,0
"E00113356",1,0,1
"E00113357",1,0,1
"E00113358",0,0,0
"E00113359",2,1,1
"E00113360",1,1,0
"E00113361",1,0,1
"E00113362",2,0,2
"E00113363",4,2,2
"E00113364",2,1,1
"E00113365",1,1,0
"E00113366",3,2,1
"E00113367",2,1,1
"E00113368",1,1,0
"E00113369",0,0,0
"E00113370",1,1,0
"E00113371",6,3,3
"E00113372",1,0,1
"E00113373",15,8,7
"E00113374",3,3,0
"E00113375",3,2,1
"E00113376",0,0,0
"E00113377",4,1,3
"E00113378",7,5,2
"E00113379",4,3,1
"E00113380",2,0,2
"E00113381",14,9,5
"E00113382",5,2,3
"E00113383",3,1,2
"E00113384",0,0,0
"E00113385",4,3,1
"E00113386",6,2,4
"E00113387",0,0,0
"E00113388",1,0,1
"E00113389",6,3,3
"E00113390",0,0,0
"E00113391",1,1,0
"E00113392",5,4,1
"E00113393",3,3,0
"E00113394",0,0,0
"E00113395",3,2,1
"E00113396",2,1,1
"E00113397",5,2,3
"E00113398",3,1,2
"E00113399",4,3,1
"E00113400",0,0,0
"E00113401",6,3,3
"E00113402",1,0,1
"E00113403",0,0,0
"E00113404",3,2,1
"E00113405",2,2,0
"E00113406",3,1,2
"E00113407",0,0,0
"E00113408",0,0,0
"E00113409",2,1,1
"E00113410",0,0,0
"E00113412",6,4,2
"E00113413",3,0,3
"E00113414",0,0,0
"E00113415",2,2,0
"E00113416",7,3,4
"E00113417",2,0,2
"E00113418",5,2,3
"E00113419",2,2,0
"E00113420",4,3,1
"E00113421",2,1,1
"E00113422",1,1,0
"E00113423",9,4,5
"E00113424",8,5,3
"E00113425",8,3,5
"E00113426",3,1,2
"E00113427",5,2,3
"E00113428",3,2,1
"E00113429",5,1,4
"E00113430",6,4,2
"E00113431",6,4,2
"E00113432",0,0,0
"E00113433",9,3,6
"E00113434",11,3,8
"E00113435",1,1,0
"E00113436",3,2,1
"E00113437",0,0,0
"E00113438",5,1,4
"E00113439",4,1,3
"E00113440",5,3,2
"E00113441",13,11,2
"E00113442",6,2,4
"E00113443",3,1,2
"E00113444",6,4,2
"E00113445",6,1,5
"E00113446",6,0,6
"E00113447",2,0,2
"E00113448",5,3,2
"E00113449",8,4,4
"E00113450",10,6,4
"E00113451",2,1,1
"E00113452",11,4,7
"E00113453",9,3,6
"E00113454",7,4,3
"E00113455",2,1,1
"E00113456",0,0,0
"E00113457",4,4,0
"E00113458",3,1,2
"E00113459",4,2,2
"E00113460",0,0,0
"E00113461",6,4,2
"E00113462",1,0,1
"E00113463",1,1,0
"E00113464",2,1,1
"E00113465",2,1,1
"E00113466",0,0,0
"E00113467",8,5,3
"E00113468",1,1,0
"E00113469",1,1,0
"E00113470",1,0,1
"E00113471",0,0,0
"E00113472",0,0,0
"E00113473",7,5,2
"E00113474",4,2,2
"E00113475",2,1,1
"E00113476",1,0,1
"E00113477",5,2,3
"E00113478",3,1,2
"E00113479",1,1,0
"E00113480",0,0,0
"E00113481",1,0,1
"E00113482",0,0,0
"E00113483",0,0,0
"E00113484",1,0,1
"E00113485",6,2,4
"E00113486",0,0,0
"E00113487",1,0,1
"E00113488",1,0,1
"E00113489",4,4,0
"E00113490",3,2,1
"E00113491",2,0,2
"E00113492",3,1,2
"E00113493",11,4,7
"E00113494",3,0,3
"E00113495",9,6,3
"E00113496",0,0,0
"E00113497",2,1,1
"E00113498",8,3,5
"E00113499",1,0,1
"E00113500",5,1,4
"E00113501",2,1,1
"E00113502",4,2,2
"E00113503",4,2,2
"E00113504",2,1,1
"E00113505",0,0,0
"E00113506",3,2,1
"E00113507",3,1,2
"E00113508",8,3,5
"E00113509",2,1,1
"E00113510",5,2,3
"E00113511",1,0,1
"E00113512",1,1,0
"E00113513",0,0,0
"E00113514",0,0,0
"E00113515",4,3,1
"E00113516",2,0,2
"E00113517",6,3,3
"E00113518",3,2,1
"E00113519",4,4,0
"E00113520",2,1,1
"E00113521",0,0,0
"E00113522",4,3,1
"E00113523",0,0,0
"E00113524",2,0,2
"E00113525",0,0,0
"E00113526",2,1,1
"E00113527",1,0,1
"E00113528",12,8,4
"E00113529",0,0,0
"E00113530",2,0,2
"E00113531",0,0,0
"E00113532",5,1,4
"E00113534",3,1,2
"E00113535",0,0,0
"E00113536",0,0,0
"E00113537",0,0,0
"E00113538",7,3,4
"E00113539",5,1,4
"E00113540",0,0,0
"E00113541",4,2,2
"E00113542",3,0,3
"E00113543",4,2,2
"E00113544",4,1,3
"E00113545",0,0,0
"E00113546",7,2,5
"E00113547",1,1,0
"E00113548",0,0,0
"E00113549",0,0,0
"E00113550",0,0,0
"E00113551",6,2,4
"E00113552",4,1,3
"E00113553",4,1,3
"E00113554",3,1,2
"E00113555",0,0,0
"E00113556",6,3,3
"E00113557",1,0,1
"E00113558",5,3,2
"E00113560",2,1,1
"E00113561",1,1,0
"E00113562",3,1,2
"E00113563",3,1,2
"E00113564",1,0,1
"E00113565",3,0,3
"E00113566",4,2,2
"E00113567",0,0,0
"E00113568",0,0,0
"E00113569",6,3,3
"E00113570",4,1,3
"E00113571",4,1,3
"E00113572",5,2,3
"E00113573",5,1,4
"E00113574",5,2,3
"E00113575",4,3,1
"E00113576",3,1,2
"E00113577",6,1,5
"E00113578",0,0,0
"E00113579",7,4,3
"E00113580",1,0,1
"E00113581",1,1,0
"E00113582",5,3,2
"E00113583",1,1,0
"E00113584",5,1,4
"E00113585",0,0,0
"E00113586",4,3,1
"E00113587",5,2,3
"E00113588",4,2,2
"E00113589",0,0,0
"E00113590",6,5,1
"E00113592",2,0,2
"E00113593",1,0,1
"E00113594",0,0,0
"E00113595",2,2,0
"E00113596",3,2,1
"E00113597",6,5,1
"E00113598",1,0,1
"E00113599",3,1,2
"E00113600",3,1,2
"E00113601",0,0,0
"E00113603",1,1,0
"E00113604",0,0,0
"E00113605",3,2,1
"E00113608",15,8,7
"E00113609",5,5,0
"E00113610",10,3,7
"E00113611",12,7,5
"E00113612",9,6,3
"E00113613",12,7,5
"E00113614",4,1,3
"E00113615",3,3,0
"E00113616",1,0,1
"E00113617",2,1,1
"E00113618",4,2,2
"E00113620",1,0,1
"E00113621",5,3,2
"E00113623",9,3,6
"E00113624",5,2,3
"E00113625",1,0,1
"E00113626",2,2,0
"E00113627",5,3,2
"E00113628",2,0,2
"E00113629",6,4,2
"E00113630",14,7,7
"E00113631",7,4,3
"E00113632",4,4,0
"E00113633",16,11,5
"E00113634",8,5,3
"E00113635",8,2,6
"E00113636",15,8,7
"E00113637",0,0,0
"E00113638",2,0,2
"E00113639",11,6,5
"E00113640",4,3,1
"E00113641",7,4,3
"E00113642",4,2,2
"E00113643",6,4,2
"E00113644",4,4,0
"E00113645",6,2,4
"E00113646",4,4,0
"E00113647",0,0,0
"E00113648",0,0,0
"E00113649",5,2,3
"E00113650",0,0,0
"E00113651",1,1,0
"E00113652",3,2,1
"E00113653",1,1,0
"E00113654",8,4,4
"E00113655",2,1,1
"E00113656",4,3,1
"E00113657",3,2,1
"E00113658",2,0,2
"E00113659",7,2,5
"E00113660",0,0,0
"E00113661",2,1,1
"E00113662",0,0,0
"E00113663",9,5,4
"E00113664",6,1,5
"E00113665",9,3,6
"E00113666",2,2,0
"E00113667",4,1,3
"E00113668",7,4,3
"E00113669",1,1,0
"E00113670",10,4,6
"E00113671",0,0,0
"E00113672",10,4,6
"E00113673",4,2,2
"E00113674",3,1,2
"E00113675",6,2,4
"E00113676",0,0,0
"E00113677",16,5,11
"E00113678",3,0,3
"E00113679",5,2,3
"E00113680",5,1,4
"E00113681",2,1,1
"E00113682",1,1,0
"E00113683",4,1,3
"E00113684",3,2,1
"E00113685",2,0,2
"E00113686",4,3,1
"E00113687",1,1,0
"E00113688",3,3,0
"E00113689",2,1,1
"E00113690",3,1,2
"E00113691",5,4,1
"E00113692",9,5,4
"E00113693",1,1,0
"E00113694",4,0,4
"E00113695",5,1,4
"E00113696",1,0,1
"E00113697",11,5,6
"E00113698",10,5,5
"E00113699",7,4,3
"E00113700",6,2,4
"E00113701",13,5,8
"E00113702",5,1,4
"E00113703",4,2,2
"E00113704",5,2,3
"E00113705",2,0,2
"E00113706",14,7,7
"E00113707",4,1,3
"E00113708",6,2,4
"E00113709",4,0,4
"E00113710",6,3,3
"E00113711",1,1,0
"E00113712",7,5,2
"E00113713",9,7,2
"E00113714",10,4,6
"E00113715",12,5,7
"E00113716",1,0,1
"E00113717",13,3,10
"E00113718",1,1,0
"E00113719",11,5,6
"E00113720",9,4,5
"E00113721",9,3,6
"E00113722",7,3,4
"E00113723",8,5,3
"E00113724",1,0,1
"E00113725",3,3,0
"E00113726",1,1,0
"E00113727",4,2,2
"E00113728",1,0,1
"E00113729",8,6,2
"E00113730",1,1,0
"E00113731",0,0,0
"E00113732",0,0,0
"E00113733",3,1,2
"E00113734",1,0,1
"E00113735",1,0,1
"E00113736",3,1,2
"E00113737",5,2,3
"E00113738",8,6,2
"E00113740",3,2,1
"E00113741",3,3,0
"E00113742",0,0,0
"E00113743",8,5,3
"E00113744",4,0,4
"E00113745",4,0,4
"E00113746",5,3,2
"E00113747",2,0,2
"E00113748",8,3,5
"E00113749",2,1,1
"E00113750",2,1,1
"E00113751",0,0,0
"E00113752",2,0,2
"E00113753",2,2,0
"E00113754",6,3,3
"E00113755",6,3,3
"E00113756",3,1,2
"E00113757",0,0,0
"E00113758",6,2,4
"E00113759",3,1,2
"E00113760",2,1,1
"E00113761",5,0,5
"E00113762",2,1,1
"E00113763",3,1,2
"E00113764",4,3,1
"E00113765",5,3,2
"E00113766",1,0,1
"E00113767",7,2,5
"E00113768",0,0,0
"E00113769",0,0,0
"E00113770",10,5,5
"E00113771",7,2,5
"E00113772",8,3,5
"E00113773",13,4,9
"E00113774",6,3,3
"E00113775",7,3,4
"E00113776",5,3,2
"E00113777",10,6,4
"E00113778",8,3,5
"E00113779",9,5,4
"E00113780",19,9,10
"E00113781",5,1,4
"E00113782",8,3,5
"E00113783",4,2,2
"E00113784",11,6,5
"E00113785",5,3,2
"E00113786",6,2,4
"E00113787",1,0,1
"E00113788",5,3,2
"E00113789",2,1,1
"E00113790",1,0,1
"E00113791",7,2,5
"E00113792",12,7,5
"E00113793",17,6,11
"E00113794",18,11,7
"E00113795",5,3,2
"E00113796",0,0,0
"E00113797",9,5,4
"E00113798",0,0,0
"E00113799",6,4,2
"E00113800",5,2,3
"E00113801",3,2,1
"E00113802",12,7,5
"E00113803",5,3,2
"E00113804",8,1,7
"E00113805",2,2,0
"E00113806",11,7,4
"E00113807",2,0,2
"E00113808",2,2,0
"E00113809",5,0,5
"E00113810",1,1,0
"E00113811",2,1,1
"E00113812",12,6,6
"E00113813",6,2,4
"E00113814",8,3,5
"E00113815",5,2,3
"E00113816",8,5,3
"E00113817",11,5,6
"E00113818",4,3,1
"E00113819",16,11,5
"E00113820",10,6,4
"E00113821",8,6,2
"E00113822",6,4,2
"E00113823",11,5,6
"E00113824",10,8,2
"E00113825",3,1,2
"E00113826",22,14,8
"E00113827",3,3,0
"E00113828",3,1,2
"E00113829",4,1,3
"E00113830",12,5,7
"E00113831",5,5,0
"E00113832",4,1,3
"E00113833",12,7,5
"E00113834",3,1,2
"E00113835",7,5,2
"E00113836",1,0,1
"E00113837",6,4,2
"E00113838",4,2,2
"E00113839",12,8,4
"E00113840",7,1,6
"E00113841",2,1,1
"E00113842",9,6,3
"E00113843",1,1,0
"E00113844",5,2,3
"E00113845",5,3,2
"E00113846",2,0,2
"E00113847",3,1,2
"E00113848",15,8,7
"E00113849",12,8,4
"E00113850",11,4,7
"E00113851",4,3,1
"E00113852",2,2,0
"E00113853",8,3,5
"E00113854",8,4,4
"E00113855",9,4,5
"E00113856",9,5,4
"E00113857",5,3,2
"E00113858",5,1,4
"E00113859",1,1,0
"E00113860",8,7,1
"E00113861",3,1,2
"E00113862",5,1,4
"E00113863",0,0,0
"E00113864",4,0,4
"E00113865",1,0,1
"E00113866",2,2,0
"E00113867",9,3,6
"E00113868",10,5,5
"E00113869",5,2,3
"E00113870",2,1,1
"E00113871",1,0,1
"E00113872",1,1,0
"E00113873",3,1,2
"E00113874",2,0,2
"E00113875",4,2,2
"E00113876",4,2,2
"E00113877",1,0,1
"E00113878",0,0,0
"E00113879",6,4,2
"E00113880",4,1,3
"E00113881",12,4,8
"E00113882",0,0,0
"E00113883",1,1,0
"E00113884",5,3,2
"E00113885",0,0,0
"E00113886",5,4,1
"E00113887",4,1,3
"E00113888",12,5,7
"E00113889",11,5,6
"E00113890",0,0,0
"E00113891",6,4,2
"E00113892",3,2,1
"E00113893",6,5,1
"E00113894",6,3,3
"E00113895",3,1,2
"E00113896",6,5,1
"E00113897",0,0,0
"E00113898",11,4,7
"E00113899",9,4,5
"E00113900",5,3,2
"E00113901",6,2,4
"E00113902",3,1,2
"E00113903",1,1,0
"E00113904",5,1,4
"E00113905",0,0,0
"E00113906",11,8,3
"E00113907",14,7,7
"E00113908",3,1,2
"E00113909",4,1,3
"E00113910",9,2,7
"E00113911",10,8,2
"E00113912",8,2,6
"E00113913",1,0,1
"E00113914",4,2,2
"E00113915",7,2,5
"E00113916",4,1,3
"E00113917",11,6,5
"E00113918",4,2,2
"E00113919",10,3,7
"E00113920",3,2,1
"E00113921",0,0,0
"E00113922",3,2,1
"E00113923",4,2,2
"E00113924",2,1,1
"E00113925",2,1,1
"E00113926",3,2,1
"E00113927",3,3,0
"E00113928",8,4,4
"E00113929",3,2,1
"E00113930",7,6,1
"E00113932",5,3,2
"E00113933",8,2,6
"E00113934",13,5,8
"E00113935",7,3,4
"E00113936",9,6,3
"E00113937",5,4,1
"E00113938",10,5,5
"E00113939",1,1,0
"E00113940",3,1,2
"E00113941",6,3,3
"E00113942",15,6,9
"E00113943",9,4,5
"E00113944",11,7,4
"E00113945",3,2,1
"E00113946",2,1,1
"E00113947",10,4,6
"E00113948",18,9,9
"E00113949",5,5,0
"E00113950",8,5,3
"E00113951",7,4,3
"E00113952",3,2,1
"E00113953",11,8,3
"E00113954",3,3,0
"E00113955",17,8,9
"E00113956",5,3,2
"E00113957",0,0,0
"E00113958",2,0,2
"E00113959",3,1,2
"E00113960",7,5,2
"E00113961",9,6,3
"E00113962",10,6,4
"E00113963",6,2,4
"E00113964",8,6,2
"E00113965",6,2,4
"E00113966",2,1,1
"E00113967",10,7,3
"E00113968",5,1,4
"E00113969",3,1,2
"E00113970",9,1,8
"E00113971",2,2,0
"E00113973",6,3,3
"E00113975",3,1,2
"E00113976",6,6,0
"E00113977",9,3,6
"E00113978",4,3,1
"E00113979",5,4,1
"E00113980",1,1,0
"E00113981",1,1,0
"E00113982",2,0,2
"E00113983",2,0,2
"E00113984",4,2,2
"E00113985",5,2,3
"E00113986",7,4,3
"E00113987",7,4,3
"E00113988",3,1,2
"E00113989",4,2,2
"E00113990",6,2,4
"E00113991",0,0,0
"E00113992",0,0,0
"E00113993",11,8,3
"E00113994",2,1,1
"E00113995",0,0,0
"E00113996",3,3,0
"E00113997",2,1,1
"E00113998",0,0,0
"E00113999",4,1,3
"E00114000",1,1,0
"E00114001",4,4,0
"E00114002",3,0,3
"E00114003",1,1,0
"E00114004",9,4,5
"E00114005",2,2,0
"E00114006",8,6,2
"E00114007",5,2,3
"E00114008",9,5,4
"E00114009",8,4,4
"E00114010",5,5,0
"E00114011",6,2,4
"E00114012",2,2,0
"E00114013",7,3,4
"E00114014",11,4,7
"E00114015",10,3,7
"E00114016",10,7,3
"E00114017",7,2,5
"E00114018",5,3,2
"E00114019",7,5,2
"E00114020",0,0,0
"E00114021",12,10,2
"E00114022",2,0,2
"E00114023",4,3,1
"E00114024",4,3,1
"E00114025",4,0,4
"E00114026",5,3,2
"E00114027",1,1,0
"E00114028",11,7,4
"E00114029",0,0,0
"E00114030",4,3,1
"E00114031",2,1,1
"E00114032",3,1,2
"E00114033",2,1,1
"E00114034",0,0,0
"E00114035",1,0,1
"E00114036",5,1,4
"E00114037",4,1,3
"E00114038",3,1,2
"E00114039",4,1,3
"E00114040",1,0,1
"E00114041",5,4,1
"E00114042",2,1,1
"E00114043",3,3,0
"E00114044",3,0,3
"E00114045",2,2,0
"E00114046",3,0,3
"E00114047",1,0,1
"E00114048",5,4,1
"E00114049",7,2,5
"E00114051",9,4,5
"E00114053",11,7,4
"E00114054",5,2,3
"E00114055",9,7,2
"E00114057",4,3,1
"E00114058",10,4,6
"E00114059",14,7,7
"E00114060",0,0,0
"E00114061",16,11,5
"E00114062",9,3,6
"E00114063",2,1,1
"E00114065",1,1,0
"E00114066",7,5,2
"E00114067",1,0,1
"E00114068",2,2,0
"E00114069",6,5,1
"E00114070",2,0,2
"E00114071",3,1,2
"E00114072",1,0,1
"E00114073",0,0,0
"E00114074",0,0,0
"E00114075",2,1,1
"E00114076",4,1,3
"E00114077",12,6,6
"E00114078",10,3,7
"E00114079",4,2,2
"E00114080",7,5,2
"E00114081",4,1,3
"E00114082",5,3,2
"E00114083",14,9,5
"E00114084",1,1,0
"E00114085",3,1,2
"E00114086",2,1,1
"E00114087",3,2,1
"E00114088",6,5,1
"E00114089",4,2,2
"E00114090",8,5,3
"E00114091",6,3,3
"E00114092",11,6,5
"E00114093",2,1,1
"E00114094",13,7,6
"E00114095",3,1,2
"E00114096",17,8,9
"E00114097",6,3,3
"E00114098",4,3,1
"E00114099",1,0,1
"E00114100",5,2,3
"E00114101",0,0,0
"E00114102",9,4,5
"E00114103",11,8,3
"E00114104",4,2,2
"E00114107",6,4,2
"E00114108",0,0,0
"E00114109",0,0,0
"E00114110",13,7,6
"E00114111",6,3,3
"E00114112",4,1,3
"E00114113",1,1,0
"E00114114",6,3,3
"E00114115",14,9,5
"E00114116",12,4,8
"E00114117",3,1,2
"E00114118",7,5,2
"E00114119",5,3,2
"E00114120",6,3,3
"E00114121",11,6,5
"E00114122",9,5,4
"E00114123",1,1,0
"E00114124",7,3,4
"E00114125",6,3,3
"E00114126",3,0,3
"E00114127",4,1,3
"E00114128",0,0,0
"E00114129",9,6,3
"E00114130",6,2,4
"E00114131",29,12,17
"E00114132",11,8,3
"E00114133",11,6,5
"E00114134",0,0,0
"E00114135",2,1,1
"E00114136",3,3,0
"E00114137",1,1,0
"E00114138",8,7,1
"E00114139",13,7,6
"E00114140",6,5,1
"E00114141",4,4,0
"E00114142",9,6,3
"E00114143",7,2,5
"E00114144",14,3,11
"E00114145",2,1,1
"E00114146",1,0,1
"E00114147",3,3,0
"E00114148",0,0,0
"E00114149",3,2,1
"E00114150",1,0,1
"E00114151",2,0,2
"E00114152",2,1,1
"E00114153",4,1,3
"E00114154",2,0,2
"E00114155",0,0,0
"E00114156",4,2,2
"E00114157",3,1,2
"E00114158",4,2,2
"E00114159",0,0,0
"E00114160",8,2,6
"E00114161",13,8,5
"E00114162",6,3,3
"E00114163",6,4,2
"E00114164",11,6,5
"E00114165",8,6,2
"E00114166",2,1,1
"E00114167",0,0,0
"E00114168",10,2,8
"E00114169",3,0,3
"E00114170",1,0,1
"E00114171",5,5,0
"E00114172",2,1,1
"E00114173",4,1,3
"E00114174",8,4,4
"E00114175",12,8,4
"E00114176",4,1,3
"E00114177",3,2,1
"E00114178",5,3,2
"E00114179",0,0,0
"E00114180",3,2,1
"E00114181",8,4,4
"E00114182",3,2,1
"E00114183",1,1,0
"E00114184",3,3,0
"E00114185",5,2,3
"E00114186",0,0,0
"E00114187",3,3,0
"E00114188",2,1,1
"E00114189",2,0,2
"E00114190",4,1,3
"E00114191",1,0,1
"E00114192",0,0,0
"E00114193",2,2,0
"E00114194",5,3,2
"E00114195",2,2,0
"E00114196",5,3,2
"E00114197",0,0,0
"E00114198",0,0,0
"E00114199",4,1,3
"E00114201",5,2,3
"E00114202",0,0,0
"E00114203",5,0,5
"E00114204",1,1,0
"E00114205",5,4,1
"E00114206",4,3,1
"E00114207",1,0,1
"E00114208",0,0,0
"E00114209",0,0,0
"E00114210",5,4,1
"E00114211",7,3,4
"E00114212",7,6,1
"E00114213",3,1,2
"E00114214",9,5,4
"E00114215",4,1,3
"E00114216",11,4,7
"E00114217",8,4,4
"E00114219",8,5,3
"E00114221",12,5,7
"E00114222",9,4,5
"E00114223",1,0,1
"E00114224",1,1,0
"E00114225",6,4,2
"E00114226",5,2,3
"E00114227",3,2,1
"E00114228",6,4,2
"E00114229",5,3,2
"E00114230",0,0,0
"E00114231",1,1,0
"E00114232",7,3,4
"E00114233",0,0,0
"E00114234",4,3,1
"E00114235",5,5,0
"E00114236",5,3,2
"E00114237",3,1,2
"E00114238",6,4,2
"E00114240",5,3,2
"E00114241",3,2,1
"E00114242",4,3,1
"E00114243",11,2,9
"E00114244",5,2,3
"E00114245",14,5,9
"E00114246",7,3,4
"E00114247",8,4,4
"E00114248",6,5,1
"E00114249",11,3,8
"E00114250",11,8,3
"E00114251",5,3,2
"E00114252",5,2,3
"E00114253",4,2,2
"E00114254",4,1,3
"E00114255",4,3,1
"E00114256",14,11,3
"E00114257",11,9,2
"E00114258",7,2,5
"E00114259",8,6,2
"E00114260",1,1,0
"E00114261",1,0,1
"E00114262",12,3,9
"E00114263",3,0,3
"E00114264",3,3,0
"E00114265",4,3,1
"E00114266",4,2,2
"E00114267",10,4,6
"E00114268",5,2,3
"E00114269",19,9,10
"E00114270",3,3,0
"E00114271",1,1,0
"E00114272",5,4,1
"E00114273",9,2,7
"E00114274",9,5,4
"E00114275",6,3,3
"E00114276",6,2,4
"E00114277",3,1,2
"E00114278",0,0,0
"E00114279",2,1,1
"E00114280",3,0,3
"E00114281",7,2,5
"E00114282",1,0,1
"E00114283",5,1,4
"E00114284",6,2,4
"E00114285",2,0,2
"E00114286",2,1,1
"E00114287",0,0,0
"E00114288",8,5,3
"E00114289",1,0,1
"E00114290",0,0,0
"E00114291",3,1,2
"E00114292",1,0,1
"E00114293",0,0,0
"E00114294",4,1,3
"E00114295",3,2,1
"E00114296",3,2,1
"E00114297",4,3,1
"E00114298",0,0,0
"E00114299",4,2,2
"E00114300",3,3,0
"E00114301",0,0,0
"E00114302",2,2,0
"E00114303",4,1,3
"E00114304",3,2,1
"E00114305",0,0,0
"E00114306",1,1,0
"E00114307",8,3,5
"E00114308",3,1,2
"E00114309",3,2,1
"E00114310",4,2,2
"E00114311",0,0,0
"E00114312",1,0,1
"E00114313",5,2,3
"E00114314",3,2,1
"E00114315",6,4,2
"E00114316",0,0,0
"E00114317",3,3,0
"E00114318",1,1,0
"E00114319",1,1,0
"E00114322",1,0,1
"E00114323",7,3,4
"E00114324",2,1,1
"E00114325",4,1,3
"E00114326",0,0,0
"E00114327",1,1,0
"E00114328",0,0,0
"E00114329",3,3,0
"E00114330",5,2,3
"E00114331",3,2,1
"E00114333",2,1,1
"E00114334",3,3,0
"E00114335",1,1,0
"E00114336",2,2,0
"E00114337",3,0,3
"E00114338",9,2,7
"E00114339",1,1,0
"E00114340",0,0,0
"E00114341",2,2,0
"E00114342",15,7,8
"E00114343",21,10,11
"E00114344",8,4,4
"E00114345",1,0,1
"E00114346",3,2,1
"E00114347",31,18,13
"E00114348",4,1,3
"E00114349",22,11,11
"E00114350",21,12,9
"E00114351",9,3,6
"E00114352",3,1,2
"E00114353",4,2,2
"E00114354",1,1,0
"E00114355",5,2,3
"E00114357",6,1,5
"E00114358",14,7,7
"E00114359",1,0,1
"E00114360",6,4,2
"E00114361",17,4,13
"E00114362",9,3,6
"E00114363",13,4,9
"E00114364",4,3,1
"E00114365",3,1,2
"E00114366",7,2,5
"E00114367",11,8,3
"E00114368",6,4,2
"E00114369",8,2,6
"E00114370",14,6,8
"E00114371",3,1,2
"E00114372",2,2,0
"E00114373",6,4,2
"E00114374",9,5,4
"E00114375",7,4,3
"E00114376",18,8,10
"E00114377",6,4,2
"E00114379",7,5,2
"E00114380",5,3,2
"E00114381",7,4,3
"E00114382",4,2,2
"E00114383",6,4,2
"E00114384",3,1,2
"E00114385",1,1,0
"E00114388",8,4,4
"E00114389",9,5,4
"E00114390",3,2,1
"E00114391",4,2,2
"E00114392",0,0,0
"E00114393",3,2,1
"E00114394",19,11,8
"E00114395",10,3,7
"E00114396",17,8,9
"E00114397",16,8,8
"E00114398",7,3,4
"E00114399",12,5,7
"E00114400",16,9,7
"E00114401",15,7,8
"E00114402",9,5,4
"E00114403",6,3,3
"E00114404",4,2,2
"E00114405",0,0,0
"E00114406",7,4,3
"E00114407",1,1,0
"E00114409",6,3,3
"E00114410",3,1,2
"E00114411",0,0,0
"E00114412",10,5,5
"E00114413",2,0,2
"E00114414",5,4,1
"E00114415",3,1,2
"E00114416",1,0,1
"E00114417",2,1,1
"E00114418",1,1,0
"E00114420",4,1,3
"E00114421",6,2,4
"E00114422",4,1,3
"E00114423",2,1,1
"E00114424",5,4,1
"E00114425",2,1,1
"E00114426",0,0,0
"E00114427",11,6,5
"E00114428",0,0,0
"E00114429",9,2,7
"E00114430",4,2,2
"E00114431",4,1,3
"E00114432",3,2,1
"E00114433",7,2,5
"E00114434",5,4,1
"E00114435",9,4,5
"E00114436",17,7,10
"E00114437",8,2,6
"E00114438",6,3,3
"E00114439",6,2,4
"E00114440",11,6,5
"E00114441",6,4,2
"E00114442",16,6,10
"E00114443",7,5,2
"E00114444",3,1,2
"E00114445",15,7,8
"E00114446",11,6,5
"E00114447",0,0,0
"E00114448",7,3,4
"E00114449",6,3,3
"E00114450",4,2,2
"E00114451",11,5,6
"E00114452",7,2,5
"E00114453",11,8,3
"E00114454",7,3,4
"E00114455",5,4,1
"E00114456",2,1,1
"E00114457",0,0,0
"E00114458",10,4,6
"E00114460",16,10,6
"E00114461",18,8,10
"E00114462",14,9,5
"E00114463",6,4,2
"E00114464",4,1,3
"E00114465",17,8,9
"E00114466",13,7,6
"E00114467",4,2,2
"E00114468",13,9,4
"E00114469",6,1,5
"E00114470",14,7,7
"E00114471",6,3,3
"E00114472",4,2,2
"E00114473",13,6,7
"E00114475",6,6,0
"E00114476",12,3,9
"E00114477",7,4,3
"E00114478",4,2,2
"E00114479",4,3,1
"E00114480",0,0,0
"E00114481",2,1,1
"E00114482",2,1,1
"E00114483",0,0,0
"E00114484",6,3,3
"E00114485",0,0,0
"E00114486",7,3,4
"E00114487",4,4,0
"E00114488",6,4,2
"E00114489",3,1,2
"E00114490",3,1,2
"E00114491",5,3,2
"E00114492",10,6,4
"E00114493",8,1,7
"E00114494",29,12,17
"E00114495",9,6,3
"E00114496",6,3,3
"E00114498",3,1,2
"E00114499",9,6,3
"E00114500",3,2,1
"E00114501",9,4,5
"E00114502",1,0,1
"E00114503",15,12,3
"E00114504",2,1,1
"E00114505",0,0,0
"E00114506",3,1,2
"E00114507",5,3,2
"E00114508",6,5,1
"E00114509",1,1,0
"E00114511",1,0,1
"E00114512",1,1,0
"E00114513",1,1,0
"E00114514",1,0,1
"E00114515",1,0,1
"E00114516",7,4,3
"E00114517",1,0,1
"E00114518",2,0,2
"E00114519",0,0,0
"E00114520",2,1,1
"E00114521",2,2,0
"E00114522",6,5,1
"E00114523",2,0,2
"E00114524",2,2,0
"E00114525",3,1,2
"E00114526",5,5,0
"E00114527",1,1,0
"E00114528",4,1,3
"E00114529",3,3,0
"E00114530",0,0,0
"E00114531",3,2,1
"E00114532",1,1,0
"E00114533",3,1,2
"E00114534",0,0,0
"E00114535",6,6,0
"E00114536",5,4,1
"E00114537",2,1,1
"E00114538",17,8,9
"E00114539",5,3,2
"E00114540",7,2,5
"E00114541",7,3,4
"E00114542",10,7,3
"E00114543",15,10,5
"E00114544",5,3,2
"E00114545",8,5,3
"E00114546",10,5,5
"E00114547",8,4,4
"E00114548",7,1,6
"E00114549",6,4,2
"E00114550",4,2,2
"E00114551",12,4,8
"E00114552",9,4,5
"E00114553",1,0,1
"E00114554",5,3,2
"E00114555",7,4,3
"E00114556",1,0,1
"E00114557",8,4,4
"E00114558",0,0,0
"E00114559",7,5,2
"E00114560",8,5,3
"E00114561",22,7,15
"E00114562",5,2,3
"E00114563",0,0,0
"E00114564",2,1,1
"E00114565",14,9,5
"E00114566",5,4,1
"E00114567",4,3,1
"E00114568",10,4,6
"E00114569",5,2,3
"E00114570",20,14,6
"E00114571",1,0,1
"E00114572",0,0,0
"E00114573",9,3,6
"E00114574",3,2,1
"E00114575",11,5,6
"E00114576",5,3,2
"E00114577",9,3,6
"E00114578",16,4,12
"E00114579",8,4,4
"E00114580",3,2,1
"E00114581",3,2,1
"E00114582",4,0,4
"E00114583",9,6,3
"E00114584",2,1,1
"E00114585",1,0,1
"E00114586",5,0,5
"E00114587",2,0,2
"E00114588",0,0,0
"E00114589",1,0,1
"E00114590",1,1,0
"E00114591",5,2,3
"E00114593",0,0,0
"E00114594",1,0,1
"E00114597",3,1,2
"E00114598",1,1,0
"E00114599",2,0,2
"E00114600",1,0,1
"E00114601",0,0,0
"E00114602",1,0,1
"E00114604",0,0,0
"E00114605",2,1,1
"E00114606",2,1,1
"E00114609",6,4,2
"E00114610",0,0,0
"E00114611",6,0,6
"E00114615",1,1,0
"E00114616",2,2,0
"E00114617",2,0,2
"E00114618",5,2,3
"E00114619",17,8,9
"E00114620",13,5,8
"E00114621",5,0,5
"E00114622",4,0,4
"E00114623",7,4,3
"E00114624",4,3,1
"E00114625",8,4,4
"E00114626",8,8,0
"E00114627",7,5,2
"E00114628",6,4,2
"E00114629",2,2,0
"E00114630",2,1,1
"E00114631",0,0,0
"E00114632",0,0,0
"E00114633",1,1,0
"E00114634",2,2,0
"E00114635",2,2,0
"E00114636",2,0,2
"E00114637",2,0,2
"E00114638",3,1,2
"E00114639",0,0,0
"E00114640",4,1,3
"E00114641",0,0,0
"E00114642",7,2,5
"E00114643",2,1,1
"E00114644",3,3,0
"E00114645",0,0,0
"E00114646",1,1,0
"E00114647",1,0,1
"E00114648",6,4,2
"E00114649",2,1,1
"E00114650",7,4,3
"E00114651",3,3,0
"E00114652",1,1,0
"E00114653",7,4,3
"E00114654",0,0,0
"E00114655",1,0,1
"E00114656",3,1,2
"E00114657",3,1,2
"E00114658",5,2,3
"E00114659",6,2,4
"E00114660",1,1,0
"E00114661",5,2,3
"E00114662",5,5,0
"E00114663",6,1,5
"E00114664",4,3,1
"E00114665",1,0,1
"E00114666",0,0,0
"E00114667",13,9,4
"E00114668",2,1,1
"E00114669",4,1,3
"E00114670",4,0,4
"E00114671",2,2,0
"E00114672",5,3,2
"E00114673",1,1,0
"E00114674",6,2,4
"E00114675",2,1,1
"E00114676",5,1,4
"E00114677",3,2,1
"E00114678",7,3,4
"E00114679",5,2,3
"E00114680",8,2,6
"E00114681",3,2,1
"E00114682",8,4,4
"E00114683",4,3,1
"E00114684",0,0,0
"E00114685",5,3,2
"E00114686",6,2,4
"E00114687",7,5,2
"E00114688",6,5,1
"E00114689",4,1,3
"E00114690",5,1,4
"E00114691",6,2,4
"E00114692",2,2,0
"E00114693",2,1,1
"E00114694",10,5,5
"E00114695",7,3,4
"E00114696",7,6,1
"E00114697",11,6,5
"E00114698",15,8,7
"E00114699",15,10,5
"E00114700",12,3,9
"E00114701",8,5,3
"E00114702",8,5,3
"E00114703",6,2,4
"E00114704",0,0,0
"E00114705",11,6,5
"E00114706",13,7,6
"E00114707",17,11,6
"E00114708",13,10,3
"E00114709",5,2,3
"E00114710",6,3,3
"E00114711",4,1,3
"E00114712",3,1,2
"E00114713",15,10,5
"E00114714",2,1,1
"E00114715",0,0,0
"E00114716",4,2,2
"E00114717",3,1,2
"E00114718",0,0,0
"E00114719",3,2,1
"E00114720",17,10,7
"E00114721",7,3,4
"E00114722",6,5,1
"E00114723",1,0,1
"E00114724",3,2,1
"E00114725",1,0,1
"E00114726",3,1,2
"E00114727",5,2,3
"E00114728",1,1,0
"E00114729",4,2,2
"E00114730",7,4,3
"E00114731",2,2,0
"E00114732",5,3,2
"E00114733",4,1,3
"E00114734",5,1,4
"E00114735",1,0,1
"E00114736",3,1,2
"E00114737",1,0,1
"E00114738",9,4,5
"E00114739",6,4,2
"E00114740",5,2,3
"E00114741",2,1,1
"E00114742",4,1,3
"E00114743",0,0,0
"E00114744",6,2,4
"E00114745",5,3,2
"E00114746",5,2,3
"E00114747",4,3,1
"E00114748",5,2,3
"E00114749",5,4,1
"E00114750",6,5,1
"E00114751",5,3,2
"E00114752",1,0,1
"E00114753",5,4,1
"E00114754",8,2,6
"E00114755",5,1,4
"E00114756",3,2,1
"E00114757",5,3,2
"E00114758",0,0,0
"E00114759",2,0,2
"E00114760",6,5,1
"E00114761",3,0,3
"E00114762",1,1,0
"E00114763",3,1,2
"E00114764",4,1,3
"E00114765",3,2,1
"E00114766",4,2,2
"E00114767",0,0,0
"E00114768",2,1,1
"E00114769",8,1,7
"E00114770",5,4,1
"E00114771",4,2,2
"E00114772",0,0,0
"E00114773",2,1,1
"E00114774",0,0,0
"E00114775",8,4,4
"E00114776",4,3,1
"E00114777",0,0,0
"E00114778",3,2,1
"E00114779",4,3,1
"E00114780",5,2,3
"E00114781",6,4,2
"E00114782",8,4,4
"E00114783",11,4,7
"E00114784",11,6,5
"E00114785",5,3,2
"E00114787",4,3,1
"E00114788",2,0,2
"E00114789",1,1,0
"E00114790",0,0,0
"E00114791",8,3,5
"E00114792",9,5,4
"E00114793",6,5,1
"E00114794",2,1,1
"E00114795",13,7,6
"E00114796",6,3,3
"E00114797",8,3,5
"E00114798",25,16,9
"E00114799",15,6,9
"E00114800",15,6,9
"E00114801",18,8,10
"E00114802",17,8,9
"E00114803",11,5,6
"E00114804",7,2,5
"E00114805",4,3,1
"E00114806",14,11,3
"E00114807",10,4,6
"E00114808",9,5,4
"E00114809",14,10,4
"E00114810",3,1,2
"E00114811",8,5,3
"E00114812",10,4,6
"E00114813",6,5,1
"E00114814",5,4,1
"E00114815",13,6,7
"E00114816",15,9,6
"E00114817",5,4,1
"E00114818",1,0,1
"E00114819",11,4,7
"E00114820",2,1,1
"E00114821",21,9,12
"E00114822",26,10,16
"E00114823",3,3,0
"E00114824",6,2,4
"E00114825",17,9,8
"E00114826",11,4,7
"E00114827",10,6,4
"E00114828",7,4,3
"E00114829",7,3,4
"E00114830",3,0,3
"E00114831",1,0,1
"E00114832",3,1,2
"E00114833",3,2,1
"E00114834",1,1,0
"E00114835",7,6,1
"E00114836",1,0,1
"E00114837",6,2,4
"E00114838",0,0,0
"E00114839",6,3,3
"E00114840",6,2,4
"E00114841",4,2,2
"E00114842",2,1,1
"E00114843",4,1,3
"E00114844",6,4,2
"E00114845",19,13,6
"E00114846",17,9,8
"E00114847",6,2,4
"E00114848",21,12,9
"E00114849",22,14,8
"E00114850",8,0,8
"E00114851",10,5,5
"E00114852",5,2,3
"E00114853",15,9,6
"E00114854",11,7,4
"E00114855",5,1,4
"E00114856",17,11,6
"E00114857",23,13,10
"E00114858",16,11,5
"E00114859",15,9,6
"E00114861",7,2,5
"E00114862",5,4,1
"E00114863",1,1,0
"E00114864",5,2,3
"E00114865",4,2,2
"E00114866",18,10,8
"E00114867",4,2,2
"E00114868",14,6,8
"E00114869",0,0,0
"E00114870",8,5,3
"E00114871",10,6,4
"E00114872",7,3,4
"E00114873",13,7,6
"E00114874",11,5,6
"E00114875",12,5,7
"E00114876",6,3,3
"E00114877",8,7,1
"E00114878",18,6,12
"E00114879",16,9,7
"E00114880",19,11,8
"E00114881",25,16,9
"E00114882",9,7,2
"E00114883",18,12,6
"E00114884",3,1,2
"E00114885",14,6,8
"E00114887",1,1,0
"E00114888",6,3,3
"E00114889",9,5,4
"E00114890",1,1,0
"E00114891",2,1,1
"E00114892",3,1,2
"E00114893",11,10,1
"E00114894",7,3,4
"E00114895",6,3,3
"E00114896",10,5,5
"E00114897",0,0,0
"E00114898",0,0,0
"E00114899",14,8,6
"E00114900",13,8,5
"E00114901",11,9,2
"E00114902",8,4,4
"E00114903",5,2,3
"E00114904",20,14,6
"E00114905",4,3,1
"E00114906",8,3,5
"E00114907",6,1,5
"E00114908",3,3,0
"E00114909",0,0,0
"E00114910",3,0,3
"E00114911",5,1,4
"E00114912",10,3,7
"E00114913",8,7,1
"E00114914",16,8,8
"E00114915",16,8,8
"E00114916",17,13,4
"E00114917",17,7,10
"E00114918",9,6,3
"E00114919",7,4,3
"E00114920",20,12,8
"E00114921",9,4,5
"E00114922",8,5,3
"E00114923",9,2,7
"E00114924",0,0,0
"E00114925",6,3,3
"E00114926",6,4,2
"E00114927",9,8,1
"E00114928",5,2,3
"E00114929",4,3,1
"E00114930",9,5,4
"E00114931",5,2,3
"E00114932",5,2,3
"E00114933",2,1,1
"E00114934",5,3,2
"E00114935",2,1,1
"E00114936",4,2,2
"E00114937",9,5,4
"E00114938",2,1,1
"E00114941",0,0,0
"E00114942",1,1,0
"E00114943",7,2,5
"E00114944",0,0,0
"E00114945",0,0,0
"E00114946",1,1,0
"E00114947",5,2,3
"E00114949",5,3,2
"E00114950",0,0,0
"E00114951",2,1,1
"E00114952",3,1,2
"E00114953",17,6,11
"E00114954",1,1,0
"E00114955",8,3,5
"E00114956",5,3,2
"E00114957",11,5,6
"E00114958",7,2,5
"E00114959",1,0,1
"E00114960",2,2,0
"E00114961",1,1,0
"E00114962",7,3,4
"E00114963",9,5,4
"E00114964",6,4,2
"E00114966",0,0,0
"E00114967",1,1,0
"E00114968",7,4,3
"E00114969",4,2,2
"E00114970",6,4,2
"E00114971",5,2,3
"E00114972",11,5,6
"E00114973",6,1,5
"E00114974",7,2,5
"E00114975",8,4,4
"E00114976",1,1,0
"E00114977",1,0,1
"E00114978",3,1,2
"E00114979",5,3,2
"E00114980",10,3,7
"E00114981",9,6,3
"E00114982",2,1,1
"E00114983",0,0,0
"E00114984",4,2,2
"E00114985",14,9,5
"E00114986",7,4,3
"E00114987",6,2,4
"E00114988",0,0,0
"E00114989",0,0,0
"E00114990",1,0,1
"E00114991",0,0,0
"E00114992",2,1,1
"E00114993",17,9,8
"E00114994",10,5,5
"E00114995",10,4,6
"E00114996",4,0,4
"E00114997",4,1,3
"E00114998",5,3,2
"E00114999",5,3,2
"E00115000",4,4,0
"E00115001",0,0,0
"E00115002",2,2,0
"E00115003",6,3,3
"E00115004",4,2,2
"E00115005",5,3,2
"E00115006",5,2,3
"E00115007",1,1,0
"E00115008",12,6,6
"E00115009",9,6,3
"E00115010",17,8,9
"E00115011",7,3,4
"E00115012",20,11,9
"E00115013",10,8,2
"E00115014",5,3,2
"E00115015",15,8,7
"E00115016",6,3,3
"E00115017",20,10,10
"E00115018",9,6,3
"E00115019",9,5,4
"E00115021",0,0,0
"E00115022",4,2,2
"E00115023",1,0,1
"E00115024",4,2,2
"E00115025",10,4,6
"E00115026",2,1,1
"E00115027",0,0,0
"E00115028",4,0,4
"E00115029",4,2,2
"E00115030",0,0,0
"E00115031",3,1,2
"E00115032",3,2,1
"E00115033",2,2,0
"E00115034",8,5,3
"E00115035",10,7,3
"E00115036",7,3,4
"E00115037",16,9,7
"E00115038",13,8,5
"E00115039",10,5,5
"E00115040",6,4,2
"E00115041",2,0,2
"E00115042",4,2,2
"E00115043",18,10,8
"E00115044",24,8,16
"E00115045",6,2,4
"E00115046",4,2,2
"E00115047",8,5,3
"E00115048",11,9,2
"E00115049",6,4,2
"E00115050",6,3,3
"E00115051",14,8,6
"E00115052",11,7,4
"E00115053",12,7,5
"E00115054",9,6,3
"E00115055",5,3,2
"E00115056",6,4,2
"E00115057",15,8,7
"E00115058",8,5,3
"E00115059",10,5,5
"E00115060",9,4,5
"E00115061",12,3,9
"E00115062",6,3,3
"E00115063",1,0,1
"E00115064",6,3,3
"E00115065",10,3,7
"E00115066",2,2,0
"E00115067",0,0,0
"E00115068",1,0,1
"E00115069",4,4,0
"E00115070",4,0,4
"E00115071",1,0,1
"E00115072",1,1,0
"E00115073",3,2,1
"E00115074",4,2,2
"E00115075",2,0,2
"E00115076",1,0,1
"E00115077",6,4,2
"E00115078",6,2,4
"E00115079",2,1,1
"E00115080",4,2,2
"E00115081",4,1,3
"E00115082",3,1,2
"E00115083",0,0,0
"E00115084",6,5,1
"E00115085",0,0,0
"E00115086",3,1,2
"E00115087",5,1,4
"E00115088",8,5,3
"E00115089",2,0,2
"E00115090",11,7,4
"E00115091",1,0,1
"E00115092",6,3,3
"E00115093",6,2,4
"E00115094",5,2,3
"E00115095",3,3,0
"E00115096",3,1,2
"E00115097",7,4,3
"E00115098",7,2,5
"E00115099",11,6,5
"E00115100",7,3,4
"E00115101",10,5,5
"E00115102",4,3,1
"E00115103",5,3,2
"E00115104",5,1,4
"E00115105",6,3,3
"E00115106",1,0,1
"E00115107",5,1,4
"E00115108",3,1,2
"E00115109",1,1,0
"E00115110",3,2,1
"E00115111",3,2,1
"E00115112",4,3,1
"E00115113",3,3,0
"E00115114",1,1,0
"E00115115",5,4,1
"E00115116",1,1,0
"E00115117",3,1,2
"E00115118",1,0,1
"E00115119",0,0,0
"E00115120",2,2,0
"E00115121",5,2,3
"E00115122",1,1,0
"E00115123",4,2,2
"E00115124",1,1,0
"E00115125",0,0,0
"E00115127",4,2,2
"E00115128",0,0,0
"E00115129",3,1,2
"E00115130",3,2,1
"E00115131",2,2,0
"E00115132",1,1,0
"E00115133",0,0,0
"E00115134",3,1,2
"E00115135",2,1,1
"E00115136",1,1,0
"E00115137",4,3,1
"E00115138",4,4,0
"E00115139",0,0,0
"E00115140",4,0,4
"E00115141",7,5,2
"E00115142",2,2,0
"E00115143",5,4,1
"E00115144",4,2,2
"E00115145",4,3,1
"E00115146",4,2,2
"E00115147",6,2,4
"E00115148",1,1,0
"E00115149",2,1,1
"E00115150",1,1,0
"E00115151",5,4,1
"E00115152",2,1,1
"E00115153",1,1,0
"E00115154",1,1,0
"E00115155",4,2,2
"E00115156",3,0,3
"E00115157",4,2,2
"E00115158",6,4,2
"E00115159",5,3,2
"E00115160",10,7,3
"E00115161",4,2,2
"E00115162",1,0,1
"E00115163",6,4,2
"E00115164",8,3,5
"E00115165",6,4,2
"E00115166",0,0,0
"E00115167",3,0,3
"E00115168",0,0,0
"E00115169",0,0,0
"E00115170",2,1,1
"E00115171",0,0,0
"E00115172",7,2,5
"E00115173",0,0,0
"E00115174",1,1,0
"E00115175",2,1,1
"E00115176",0,0,0
"E00115177",2,1,1
"E00115178",1,0,1
"E00115179",9,4,5
"E00115180",3,2,1
"E00115181",5,2,3
"E00115182",3,2,1
"E00115183",1,0,1
"E00115184",3,0,3
"E00115185",2,2,0
"E00115186",0,0,0
"E00115187",1,0,1
"E00115188",5,1,4
"E00115189",1,1,0
"E00115190",1,0,1
"E00115191",4,2,2
"E00115192",1,1,0
"E00115193",4,2,2
"E00115194",0,0,0
"E00115195",4,3,1
"E00115196",7,5,2
"E00115197",3,1,2
"E00115198",2,1,1
"E00115199",5,3,2
"E00115200",8,5,3
"E00115201",11,4,7
"E00115202",11,5,6
"E00115203",8,4,4
"E00115204",13,7,6
"E00115205",6,1,5
"E00115206",3,2,1
"E00115207",1,0,1
"E00115208",5,2,3
"E00115209",0,0,0
"E00115210",6,4,2
"E00115211",3,2,1
"E00115212",3,1,2
"E00115213",6,3,3
"E00115214",5,3,2
"E00115215",0,0,0
"E00115216",6,6,0
"E00115217",9,5,4
"E00115218",5,2,3
"E00115219",1,1,0
"E00115221",0,0,0
"E00115223",1,1,0
"E00115224",2,0,2
"E00115225",1,1,0
"E00115226",3,2,1
"E00115227",0,0,0
"E00115229",0,0,0
"E00115230",3,3,0
"E00115231",2,0,2
"E00115232",1,0,1
"E00115233",1,1,0
"E00115234",2,0,2
"E00115235",4,1,3
"E00115236",5,3,2
"E00115237",3,2,1
"E00115238",1,1,0
"E00115239",0,0,0
"E00115240",2,1,1
"E00115241",3,0,3
"E00115242",5,3,2
"E00115243",0,0,0
"E00115244",0,0,0
"E00115245",4,2,2
"E00115246",5,4,1
"E00115247",10,7,3
"E00115248",4,3,1
"E00115249",9,4,5
"E00115250",0,0,0
"E00115251",1,0,1
"E00115252",3,1,2
"E00115253",3,3,0
"E00115254",17,7,10
"E00115255",3,2,1
"E00115256",4,2,2
"E00115257",0,0,0
"E00115258",2,1,1
"E00115259",1,0,1
"E00115260",4,1,3
"E00115261",2,1,1
"E00115262",4,3,1
"E00115263",0,0,0
"E00115264",1,0,1
"E00115265",0,0,0
"E00115266",9,6,3
"E00115267",4,1,3
"E00115269",1,1,0
"E00115270",0,0,0
"E00115271",1,1,0
"E00115272",3,2,1
"E00115273",0,0,0
"E00115274",4,2,2
"E00115275",0,0,0
"E00115276",0,0,0
"E00115277",1,1,0
"E00115278",2,2,0
"E00115279",1,0,1
"E00115280",2,1,1
"E00115281",3,1,2
"E00115282",1,0,1
"E00115283",0,0,0
"E00115284",1,0,1
"E00115286",4,3,1
"E00115287",2,1,1
"E00115288",1,1,0
"E00115289",2,0,2
"E00115290",0,0,0
"E00115291",1,0,1
"E00115292",1,1,0
"E00115293",0,0,0
"E00115294",0,0,0
"E00115295",9,4,5
"E00115296",5,0,5
"E00115297",11,8,3
"E00115298",8,3,5
"E00115299",12,4,8
"E00115300",5,4,1
"E00115301",9,5,4
"E00115302",4,0,4
"E00115303",5,1,4
"E00115304",5,3,2
"E00115305",3,3,0
"E00115306",3,1,2
"E00115307",2,1,1
"E00115308",0,0,0
"E00115309",3,1,2
"E00115310",1,1,0
"E00115311",5,5,0
"E00115312",1,1,0
"E00115313",3,1,2
"E00115314",0,0,0
"E00115315",0,0,0
"E00115316",1,0,1
"E00115317",0,0,0
"E00115318",4,4,0
"E00115319",5,4,1
"E00115320",4,1,3
"E00115321",7,7,0
"E00115322",3,2,1
"E00115323",8,4,4
"E00115325",0,0,0
"E00115326",0,0,0
"E00115327",1,1,0
"E00115328",1,1,0
"E00115329",1,0,1
"E00115330",3,2,1
"E00115331",3,1,2
"E00115332",2,0,2
"E00115333",4,3,1
"E00115334",5,3,2
"E00115335",4,2,2
"E00115336",2,0,2
"E00115337",0,0,0
"E00115338",5,2,3
"E00115339",2,1,1
"E00115340",4,3,1
"E00115341",5,1,4
"E00115342",6,3,3
"E00115343",1,1,0
"E00115344",3,1,2
"E00115346",2,1,1
"E00115347",0,0,0
"E00115348",1,1,0
"E00115349",7,3,4
"E00115351",1,1,0
"E00115352",1,0,1
"E00115353",1,1,0
"E00115354",7,4,3
"E00115355",1,1,0
"E00115356",2,1,1
"E00115357",7,3,4
"E00115358",8,4,4
"E00115359",2,0,2
"E00115360",0,0,0
"E00115361",2,2,0
"E00115362",1,0,1
"E00115363",7,4,3
"E00115364",10,5,5
"E00115365",0,0,0
"E00115366",0,0,0
"E00115367",3,1,2
"E00115368",0,0,0
"E00115369",0,0,0
"E00115370",2,1,1
"E00115371",2,1,1
"E00115372",2,0,2
"E00115373",5,3,2
"E00115374",7,5,2
"E00115375",3,0,3
"E00115376",4,2,2
"E00115377",2,1,1
"E00115378",4,3,1
"E00115379",4,3,1
"E00115380",2,1,1
"E00115381",3,0,3
"E00115382",4,1,3
"E00115383",2,0,2
"E00115384",0,0,0
"E00115385",1,1,0
"E00115386",2,1,1
"E00115387",3,1,2
"E00115388",5,3,2
"E00115389",2,0,2
"E00115390",2,0,2
"E00115391",5,2,3
"E00115392",3,3,0
"E00115393",6,1,5
"E00115394",4,1,3
"E00115395",7,3,4
"E00115396",0,0,0
"E00115397",0,0,0
"E00115398",12,5,7
"E00115399",0,0,0
"E00115400",0,0,0
"E00115401",7,5,2
"E00115402",5,1,4
"E00115403",10,5,5
"E00115404",3,0,3
"E00115405",0,0,0
"E00115406",5,1,4
"E00115407",15,10,5
"E00115408",5,2,3
"E00115409",12,9,3
"E00115410",14,9,5
"E00115411",12,5,7
"E00115412",2,0,2
"E00115413",2,0,2
"E00115414",1,1,0
"E00115415",5,1,4
"E00115416",4,2,2
"E00115417",5,1,4
"E00115419",7,3,4
"E00115420",12,6,6
"E00115421",6,1,5
"E00115422",16,7,9
"E00115423",7,1,6
"E00115424",8,5,3
"E00115425",5,2,3
"E00115426",9,3,6
"E00115427",5,1,4
"E00115428",4,3,1
"E00115429",2,1,1
"E00115430",10,5,5
"E00115431",6,2,4
"E00115432",5,2,3
"E00115433",0,0,0
"E00115434",5,2,3
"E00115435",1,1,0
"E00115436",0,0,0
"E00115437",6,1,5
"E00115438",0,0,0
"E00115439",0,0,0
"E00115440",0,0,0
"E00115441",4,2,2
"E00115442",0,0,0
"E00115443",2,1,1
"E00115444",2,1,1
"E00115445",3,1,2
"E00115446",4,4,0
"E00115447",5,3,2
"E00115448",0,0,0
"E00115449",2,0,2
"E00115450",6,2,4
"E00115451",3,2,1
"E00115452",0,0,0
"E00115453",4,2,2
"E00115454",6,3,3
"E00115455",0,0,0
"E00115456",0,0,0
"E00115457",0,0,0
"E00115458",4,3,1
"E00115459",3,1,2
"E00115460",3,3,0
"E00115461",8,5,3
"E00115462",0,0,0
"E00115463",2,0,2
"E00115464",5,1,4
"E00115465",2,1,1
"E00115466",0,0,0
"E00115467",14,9,5
"E00115468",5,1,4
"E00115469",1,1,0
"E00115470",7,4,3
"E00115471",6,1,5
"E00115472",7,2,5
"E00115473",3,0,3
"E00115474",1,1,0
"E00115475",3,2,1
"E00115476",1,1,0
"E00115477",2,1,1
"E00115478",3,1,2
"E00115479",5,2,3
"E00115480",0,0,0
"E00115481",1,0,1
"E00115482",9,3,6
"E00115483",0,0,0
"E00115484",0,0,0
"E00115485",5,2,3
"E00115486",9,5,4
"E00115487",9,6,3
"E00115488",0,0,0
"E00115489",9,4,5
"E00115490",3,1,2
"E00115491",8,7,1
"E00115492",4,1,3
"E00115493",8,6,2
"E00115494",3,2,1
"E00115495",5,3,2
"E00115496",3,0,3
"E00115497",1,0,1
"E00115498",3,0,3
"E00115499",2,1,1
"E00115500",3,2,1
"E00115501",3,2,1
"E00115502",1,0,1
"E00115503",3,1,2
"E00115504",5,4,1
"E00115505",0,0,0
"E00115506",2,1,1
"E00115507",5,3,2
"E00115508",1,1,0
"E00115509",7,4,3
"E00115510",12,6,6
"E00115511",4,3,1
"E00115512",9,4,5
"E00115513",3,2,1
"E00115514",3,1,2
"E00115515",4,3,1
"E00115516",1,1,0
"E00115517",4,1,3
"E00115518",0,0,0
"E00115519",4,2,2
"E00115520",3,2,1
"E00115521",2,2,0
"E00115522",5,3,2
"E00115523",2,1,1
"E00115524",1,0,1
"E00115525",0,0,0
"E00115526",7,5,2
"E00115527",6,3,3
"E00115528",6,4,2
"E00115529",7,4,3
"E00115530",9,2,7
"E00115531",2,1,1
"E00115532",6,3,3
"E00115533",10,5,5
"E00115534",5,3,2
"E00115535",7,3,4
"E00115536",2,0,2
"E00115537",2,0,2
"E00115538",0,0,0
"E00115539",4,1,3
"E00115540",5,2,3
"E00115541",12,9,3
"E00115542",2,1,1
"E00115543",0,0,0
"E00115544",3,1,2
"E00115545",3,2,1
"E00115546",2,1,1
"E00115547",1,0,1
"E00115548",5,2,3
"E00115549",0,0,0
"E00115550",4,1,3
"E00115551",0,0,0
"E00115552",5,2,3
"E00115553",6,2,4
"E00115554",0,0,0
"E00115555",9,3,6
"E00115556",4,2,2
"E00115557",4,2,2
"E00115558",4,3,1
"E00115559",4,1,3
"E00115560",1,0,1
"E00115561",3,0,3
"E00115562",1,1,0
"E00115563",1,1,0
"E00115564",3,1,2
"E00115565",0,0,0
"E00115566",1,0,1
"E00115567",0,0,0
"E00115568",4,2,2
"E00115569",1,1,0
"E00115570",0,0,0
"E00115571",0,0,0
"E00115572",4,0,4
"E00115573",4,2,2
"E00115574",7,4,3
"E00115575",4,3,1
"E00115576",0,0,0
"E00115577",0,0,0
"E00115578",2,1,1
"E00115579",0,0,0
"E00115580",1,0,1
"E00115581",7,2,5
"E00115582",1,1,0
"E00115583",2,1,1
"E00115584",5,2,3
"E00115585",3,1,2
"E00115586",1,1,0
"E00115587",11,8,3
"E00115588",5,2,3
"E00115589",2,0,2
"E00115590",4,2,2
"E00115591",2,2,0
"E00115592",0,0,0
"E00115593",3,0,3
"E00115594",5,3,2
"E00115595",5,3,2
"E00115596",5,2,3
"E00115597",0,0,0
"E00115598",4,3,1
"E00115599",5,2,3
"E00115600",3,1,2
"E00115601",3,1,2
"E00115602",2,1,1
"E00115603",1,1,0
"E00115604",1,1,0
"E00115606",12,5,7
"E00115607",6,3,3
"E00115608",8,5,3
"E00115609",7,7,0
"E00115610",4,2,2
"E00115611",1,1,0
"E00115612",8,4,4
"E00115613",5,2,3
"E00115614",10,4,6
"E00115615",6,2,4
"E00115616",1,1,0
"E00115617",4,1,3
"E00115618",3,2,1
"E00115619",3,3,0
"E00115620",12,7,5
"E00115621",10,5,5
"E00115622",5,3,2
"E00115623",6,4,2
"E00115624",14,9,5
"E00115625",9,2,7
"E00115626",4,3,1
"E00115627",7,5,2
"E00115629",6,4,2
"E00115630",2,1,1
"E00115631",3,1,2
"E00115632",7,1,6
"E00115633",6,4,2
"E00115634",8,5,3
"E00115635",3,2,1
"E00115636",8,4,4
"E00115637",13,6,7
"E00115638",7,0,7
"E00115639",2,2,0
"E00115640",9,4,5
"E00115641",6,4,2
"E00115642",9,3,6
"E00115643",10,6,4
"E00115644",6,4,2
"E00115645",4,1,3
"E00115646",5,2,3
"E00115647",0,0,0
"E00115648",3,2,1
"E00115649",3,1,2
"E00115650",5,3,2
"E00115652",0,0,0
"E00115653",2,1,1
"E00115655",10,5,5
"E00115656",12,6,6
"E00115657",5,2,3
"E00115658",1,0,1
"E00115659",1,0,1
"E00115660",14,8,6
"E00115661",1,0,1
"E00115662",11,2,9
"E00115663",4,3,1
"E00115664",9,4,5
"E00115665",4,2,2
"E00115666",7,2,5
"E00115667",5,3,2
"E00115668",7,3,4
"E00115669",8,4,4
"E00115670",11,7,4
"E00115671",3,2,1
"E00115672",2,2,0
"E00115673",4,1,3
"E00115674",1,0,1
"E00115675",2,0,2
"E00115676",2,1,1
"E00115677",1,0,1
"E00115678",1,0,1
"E00115679",1,0,1
"E00115680",1,1,0
"E00115681",2,1,1
"E00115682",2,1,1
"E00115683",2,2,0
"E00115684",6,0,6
"E00115685",2,0,2
"E00115686",2,0,2
"E00115687",4,2,2
"E00115688",3,2,1
"E00115689",1,0,1
"E00115690",0,0,0
"E00115691",1,1,0
"E00115692",3,2,1
"E00115693",5,4,1
"E00115694",2,1,1
"E00115695",3,1,2
"E00115696",1,1,0
"E00115697",6,6,0
"E00115698",3,3,0
"E00115699",4,3,1
"E00115700",7,5,2
"E00115701",6,3,3
"E00115702",1,0,1
"E00115703",2,1,1
"E00115704",2,1,1
"E00115705",3,1,2
"E00115706",0,0,0
"E00115707",2,2,0
"E00115708",0,0,0
"E00115709",4,0,4
"E00115710",0,0,0
"E00115711",4,3,1
"E00115712",0,0,0
"E00115713",10,6,4
"E00115714",2,1,1
"E00115715",0,0,0
"E00115716",4,2,2
"E00115717",1,1,0
"E00115718",7,2,5
"E00115719",10,6,4
"E00115720",8,5,3
"E00115721",0,0,0
"E00115722",1,0,1
"E00115723",2,0,2
"E00115724",1,1,0
"E00115725",9,7,2
"E00115726",0,0,0
"E00115727",2,1,1
"E00115728",17,9,8
"E00115729",2,1,1
"E00115730",0,0,0
"E00115731",1,0,1
"E00115732",0,0,0
"E00115733",6,3,3
"E00115734",1,1,0
"E00115735",1,1,0
"E00115736",15,4,11
"E00115737",7,4,3
"E00115738",12,6,6
"E00115739",8,4,4
"E00115741",4,3,1
"E00115742",8,2,6
"E00115743",6,4,2
"E00115744",3,0,3
"E00115745",11,6,5
"E00115746",4,0,4
"E00115747",8,5,3
"E00115748",4,4,0
"E00115749",5,4,1
"E00115750",2,2,0
"E00115751",4,2,2
"E00115752",3,1,2
"E00115753",2,1,1
"E00115754",6,4,2
"E00115755",0,0,0
"E00115756",1,1,0
"E00115757",1,0,1
"E00115758",8,3,5
"E00115759",4,4,0
"E00115760",6,3,3
"E00115761",11,8,3
"E00115762",1,0,1
"E00115763",6,3,3
"E00115764",8,4,4
"E00115765",1,0,1
"E00115766",4,2,2
"E00115767",1,1,0
"E00115768",9,4,5
"E00115769",7,2,5
"E00115770",1,0,1
"E00115771",0,0,0
"E00115772",0,0,0
"E00115773",2,2,0
"E00115774",3,3,0
"E00115775",4,3,1
"E00115776",10,5,5
"E00115777",7,4,3
"E00115778",0,0,0
"E00115779",7,4,3
"E00115780",16,10,6
"E00115781",7,5,2
"E00115782",5,3,2
"E00115783",4,0,4
"E00115784",6,6,0
"E00115785",8,6,2
"E00115786",5,3,2
"E00115787",3,3,0
"E00115788",12,6,6
"E00115789",2,1,1
"E00115790",5,2,3
"E00115791",3,3,0
"E00115792",9,4,5
"E00115793",6,2,4
"E00115794",4,3,1
"E00115795",6,4,2
"E00115796",4,2,2
"E00115797",4,4,0
"E00115798",8,4,4
"E00115799",5,2,3
"E00115800",3,1,2
"E00115801",12,6,6
"E00115802",2,1,1
"E00115803",8,1,7
"E00115804",1,1,0
"E00115805",4,2,2
"E00115806",1,1,0
"E00115808",1,0,1
"E00115809",2,1,1
"E00115810",4,2,2
"E00115811",0,0,0
"E00115812",4,2,2
"E00115813",4,3,1
"E00115814",3,1,2
"E00115815",1,1,0
"E00115816",6,5,1
"E00115817",3,2,1
"E00115818",6,3,3
"E00115819",3,1,2
"E00115820",6,4,2
"E00115821",7,4,3
"E00115822",10,5,5
"E00115823",4,0,4
"E00115824",9,3,6
"E00115825",6,3,3
"E00115826",2,0,2
"E00115827",8,4,4
"E00115828",12,11,1
"E00115829",5,4,1
"E00115830",0,0,0
"E00115831",1,0,1
"E00115832",13,7,6
"E00115833",7,5,2
"E00115834",10,7,3
"E00115835",5,1,4
"E00115836",5,3,2
"E00115837",5,1,4
"E00115838",0,0,0
"E00115839",9,6,3
"E00115840",11,5,6
"E00115841",2,0,2
"E00115842",5,4,1
"E00115843",2,2,0
"E00115844",9,6,3
"E00115845",19,13,6
"E00115846",8,3,5
"E00115847",1,1,0
"E00115848",0,0,0
"E00115849",3,2,1
"E00115850",2,1,1
"E00115851",2,1,1
"E00115852",3,1,2
"E00115853",2,1,1
"E00115854",9,6,3
"E00115855",3,1,2
"E00115856",6,3,3
"E00115857",6,1,5
"E00115858",6,3,3
"E00115859",2,0,2
"E00115860",3,0,3
"E00115861",11,10,1
"E00115862",5,4,1
"E00115863",1,1,0
"E00115864",18,9,9
"E00115865",7,5,2
"E00115866",4,2,2
"E00115867",1,0,1
"E00115868",1,0,1
"E00115869",0,0,0
"E00115870",5,1,4
"E00115871",3,2,1
"E00115872",0,0,0
"E00115873",1,1,0
"E00115874",3,1,2
"E00115875",4,2,2
"E00115876",3,1,2
"E00115877",1,1,0
"E00115878",1,0,1
"E00115879",2,1,1
"E00115880",3,2,1
"E00115881",1,1,0
"E00115882",0,0,0
"E00115883",1,0,1
"E00115884",0,0,0
"E00115885",2,1,1
"E00115886",4,2,2
"E00115887",1,1,0
"E00115888",1,1,0
"E00115889",0,0,0
"E00115890",2,1,1
"E00115891",3,2,1
"E00115892",3,0,3
"E00115893",1,0,1
"E00115894",3,2,1
"E00115895",2,1,1
"E00115896",0,0,0
"E00115897",4,2,2
"E00115898",5,3,2
"E00115899",0,0,0
"E00115900",4,1,3
"E00115901",2,0,2
"E00115902",0,0,0
"E00115903",2,1,1
"E00115904",0,0,0
"E00115905",5,1,4
"E00115906",0,0,0
"E00115907",0,0,0
"E00115908",2,2,0
"E00115909",0,0,0
"E00115910",0,0,0
"E00115911",0,0,0
"E00115912",1,0,1
"E00115913",0,0,0
"E00115914",0,0,0
"E00115915",5,1,4
"E00115916",1,0,1
"E00115917",6,3,3
"E00115918",1,1,0
"E00115919",0,0,0
"E00115920",6,2,4
"E00115921",0,0,0
"E00115922",1,1,0
"E00115924",2,2,0
"E00115925",3,1,2
"E00115926",3,2,1
"E00115927",1,0,1
"E00115928",3,0,3
"E00115929",7,3,4
"E00115930",3,0,3
"E00115931",4,2,2
"E00115932",4,2,2
"E00115933",4,3,1
"E00115934",5,1,4
"E00115935",3,1,2
"E00115936",1,1,0
"E00115937",4,2,2
"E00115938",6,3,3
"E00115939",2,1,1
"E00115940",0,0,0
"E00115941",0,0,0
"E00115942",1,1,0
"E00115943",0,0,0
"E00115944",1,0,1
"E00115945",0,0,0
"E00115946",2,2,0
"E00115947",6,4,2
"E00115948",6,4,2
"E00115949",0,0,0
"E00115950",0,0,0
"E00115951",3,1,2
"E00115952",1,0,1
"E00115953",1,1,0
"E00115954",6,3,3
"E00115955",0,0,0
"E00115956",0,0,0
"E00115957",0,0,0
"E00115958",4,2,2
"E00115961",4,2,2
"E00115963",0,0,0
"E00115964",0,0,0
"E00115965",0,0,0
"E00115967",5,2,3
"E00115968",2,0,2
"E00115969",2,1,1
"E00115970",0,0,0
"E00115971",8,4,4
"E00115972",1,1,0
"E00115973",0,0,0
"E00115974",3,1,2
"E00115975",3,2,1
"E00115976",6,3,3
"E00115977",3,3,0
"E00115979",9,5,4
"E00115980",3,1,2
"E00115982",6,1,5
"E00115983",4,1,3
"E00115984",2,1,1
"E00115985",2,1,1
"E00115986",3,1,2
"E00115987",0,0,0
"E00115988",1,0,1
"E00115989",9,3,6
"E00115990",2,1,1
"E00115991",0,0,0
"E00115992",1,0,1
"E00115993",6,2,4
"E00115994",3,3,0
"E00115995",2,0,2
"E00115996",0,0,0
"E00115997",3,2,1
"E00115998",6,3,3
"E00116000",6,3,3
"E00116002",2,0,2
"E00116003",1,1,0
"E00116004",0,0,0
"E00116005",3,2,1
"E00116006",1,0,1
"E00116007",0,0,0
"E00116008",4,1,3
"E00116009",3,2,1
"E00116010",1,1,0
"E00116011",2,0,2
"E00116012",2,0,2
"E00116013",5,1,4
"E00116014",7,4,3
"E00116015",4,1,3
"E00116016",2,0,2
"E00116017",1,0,1
"E00116018",0,0,0
"E00116019",4,1,3
"E00116020",7,4,3
"E00116021",5,5,0
"E00116022",3,1,2
"E00116023",3,2,1
"E00116024",2,2,0
"E00116025",0,0,0
"E00116026",2,0,2
"E00116027",3,1,2
"E00116028",5,2,3
"E00116029",3,1,2
"E00116030",4,4,0
"E00116031",0,0,0
"E00116032",0,0,0
"E00116033",2,1,1
"E00116034",2,1,1
"E00116035",2,2,0
"E00116036",1,1,0
"E00116037",1,0,1
"E00116038",0,0,0
"E00116039",0,0,0
"E00116040",1,1,0
"E00116041",3,2,1
"E00116042",2,0,2
"E00116043",0,0,0
"E00116044",0,0,0
"E00116045",1,0,1
"E00116046",5,3,2
"E00116047",6,1,5
"E00116048",1,0,1
"E00116049",3,3,0
"E00116050",0,0,0
"E00116051",5,1,4
"E00116052",5,3,2
"E00116053",1,0,1
"E00116054",4,2,2
"E00116055",8,4,4
"E00116056",2,0,2
"E00116057",3,2,1
"E00116058",10,3,7
"E00116059",9,3,6
"E00116060",0,0,0
"E00116061",3,1,2
"E00116062",0,0,0
"E00116063",1,0,1
"E00116064",2,2,0
"E00116065",0,0,0
"E00116066",0,0,0
"E00116067",2,0,2
"E00116068",2,0,2
"E00116069",2,2,0
"E00116070",1,0,1
"E00116071",9,4,5
"E00116072",2,0,2
"E00116073",1,0,1
"E00116074",4,2,2
"E00116076",0,0,0
"E00116077",1,0,1
"E00116078",0,0,0
"E00116079",0,0,0
"E00116080",0,0,0
"E00116081",0,0,0
"E00116082",0,0,0
"E00116083",1,1,0
"E00116084",1,1,0
"E00116085",2,0,2
"E00116086",2,0,2
"E00116087",2,0,2
"E00116088",0,0,0
"E00116089",5,3,2
"E00116090",2,1,1
"E00116092",2,0,2
"E00116093",6,4,2
"E00116094",4,2,2
"E00116095",4,3,1
"E00116096",4,4,0
"E00116097",3,2,1
"E00116098",1,1,0
"E00116099",4,3,1
"E00116100",0,0,0
"E00116101",6,0,6
"E00116102",2,1,1
"E00116103",5,1,4
"E00116104",4,3,1
"E00116105",3,0,3
"E00116106",9,4,5
"E00116107",2,1,1
"E00116108",7,3,4
"E00116109",7,4,3
"E00116110",1,0,1
"E00116111",9,4,5
"E00116112",10,5,5
"E00116113",1,0,1
"E00116114",2,2,0
"E00116115",2,1,1
"E00116116",4,1,3
"E00116117",0,0,0
"E00116118",7,2,5
"E00116119",3,3,0
"E00116120",8,3,5
"E00116121",1,1,0
"E00116122",7,1,6
"E00116123",3,1,2
"E00116124",6,4,2
"E00116125",11,7,4
"E00116126",8,6,2
"E00116127",0,0,0
"E00116128",19,8,11
"E00116129",7,3,4
"E00116130",8,5,3
"E00116131",11,6,5
"E00116132",4,3,1
"E00116133",2,1,1
"E00116134",1,0,1
"E00116135",2,2,0
"E00116136",0,0,0
"E00116137",18,8,10
"E00116138",11,3,8
"E00116139",7,3,4
"E00116140",5,3,2
"E00116141",14,8,6
"E00116142",14,5,9
"E00116143",21,11,10
"E00116144",3,0,3
"E00116145",6,3,3
"E00116146",8,4,4
"E00116147",14,3,11
"E00116148",7,3,4
"E00116149",15,8,7
"E00116150",6,0,6
"E00116151",5,2,3
"E00116152",5,3,2
"E00116153",17,6,11
"E00116154",9,4,5
"E00116155",1,0,1
"E00116156",12,5,7
"E00116157",10,4,6
"E00116158",10,6,4
"E00116159",3,1,2
"E00116160",5,2,3
"E00116161",3,2,1
"E00116162",11,9,2
"E00116163",8,6,2
"E00116164",6,3,3
"E00116165",9,3,6
"E00116166",12,5,7
"E00116167",3,0,3
"E00116168",5,2,3
"E00116169",7,1,6
"E00116170",6,1,5
"E00116171",2,1,1
"E00116172",0,0,0
"E00116173",8,4,4
"E00116174",11,5,6
"E00116175",8,5,3
"E00116176",14,7,7
"E00116177",5,2,3
"E00116178",13,4,9
"E00116179",1,0,1
"E00116180",2,2,0
"E00116181",10,7,3
"E00116182",12,4,8
"E00116183",5,3,2
"E00116184",8,1,7
"E00116185",4,1,3
"E00116186",8,5,3
"E00116187",0,0,0
"E00116188",8,2,6
"E00116189",6,1,5
"E00116190",7,4,3
"E00116191",7,3,4
"E00116192",13,8,5
"E00116194",2,1,1
"E00116195",12,6,6
"E00116197",5,2,3
"E00116198",2,2,0
"E00116199",7,2,5
"E00116200",5,2,3
"E00116201",13,8,5
"E00116202",6,3,3
"E00116203",11,10,1
"E00116204",17,12,5
"E00116205",11,4,7
"E00116206",9,3,6
"E00116207",8,4,4
"E00116208",7,5,2
"E00116209",5,2,3
"E00116210",7,5,2
"E00116211",2,1,1
"E00116212",3,3,0
"E00116213",5,2,3
"E00116214",0,0,0
"E00116215",3,3,0
"E00116216",5,3,2
"E00116217",3,2,1
"E00116218",6,4,2
"E00116219",4,3,1
"E00116220",26,17,9
"E00116221",4,2,2
"E00116222",9,3,6
"E00116223",9,4,5
"E00116224",19,14,5
"E00116225",16,6,10
"E00116226",7,5,2
"E00116227",11,8,3
"E00116228",6,2,4
"E00116229",5,2,3
"E00116230",6,4,2
"E00116231",5,3,2
"E00116232",5,2,3
"E00116233",2,0,2
"E00116234",6,3,3
"E00116235",7,4,3
"E00116236",3,0,3
"E00116237",3,1,2
"E00116238",1,1,0
"E00116239",3,2,1
"E00116240",4,2,2
"E00116241",4,4,0
"E00116242",0,0,0
"E00116243",4,3,1
"E00116244",7,6,1
"E00116245",4,1,3
"E00116246",5,4,1
"E00116247",5,2,3
"E00116248",3,3,0
"E00116249",7,4,3
"E00116250",6,3,3
"E00116251",22,14,8
"E00116252",7,5,2
"E00116253",8,4,4
"E00116254",6,2,4
"E00116255",19,9,10
"E00116256",14,8,6
"E00116257",3,1,2
"E00116258",12,8,4
"E00116259",6,3,3
"E00116260",1,0,1
"E00116261",4,2,2
"E00116262",7,5,2
"E00116263",16,11,5
"E00116264",6,5,1
"E00116265",17,13,4
"E00116266",5,3,2
"E00116267",9,3,6
"E00116268",14,11,3
"E00116269",21,15,6
"E00116270",12,10,2
"E00116271",5,2,3
"E00116272",8,4,4
"E00116273",9,3,6
"E00116274",16,8,8
"E00116276",16,8,8
"E00116277",5,1,4
"E00116278",7,4,3
"E00116279",8,3,5
"E00116280",4,2,2
"E00116281",10,3,7
"E00116282",7,4,3
"E00116283",2,2,0
"E00116284",6,2,4
"E00116285",13,7,6
"E00116286",15,7,8
"E00116287",11,7,4
"E00116289",10,9,1
"E00116291",3,2,1
"E00116292",6,4,2
"E00116293",10,4,6
"E00116294",14,7,7
"E00116295",16,5,11
"E00116296",16,8,8
"E00116297",10,7,3
"E00116298",6,5,1
"E00116299",7,3,4
"E00116300",1,0,1
"E00116301",14,6,8
"E00116302",7,4,3
"E00116303",0,0,0
"E00116304",5,2,3
"E00116305",17,14,3
"E00116306",2,2,0
"E00116307",1,1,0
"E00116308",14,10,4
"E00116309",1,1,0
"E00116310",5,2,3
"E00116311",0,0,0
"E00116312",10,6,4
"E00116313",9,5,4
"E00116314",3,2,1
"E00116315",5,1,4
"E00116316",7,1,6
"E00116317",17,9,8
"E00116318",10,4,6
"E00116319",6,3,3
"E00116320",4,3,1
"E00116321",5,3,2
"E00116322",6,3,3
"E00116323",6,4,2
"E00116324",3,1,2
"E00116325",8,3,5
"E00116326",11,3,8
"E00116327",4,3,1
"E00116328",12,3,9
"E00116329",2,2,0
"E00116330",5,4,1
"E00116331",0,0,0
"E00116332",5,2,3
"E00116333",3,2,1
"E00116334",9,2,7
"E00116335",1,1,0
"E00116336",14,7,7
"E00116337",1,0,1
"E00116338",5,4,1
"E00116339",3,1,2
"E00116340",4,0,4
"E00116341",10,6,4
"E00116342",6,6,0
"E00116343",5,3,2
"E00116344",9,4,5
"E00116345",0,0,0
"E00116346",1,1,0
"E00116347",8,5,3
"E00116348",5,2,3
"E00116349",11,3,8
"E00116350",7,6,1
"E00116351",6,4,2
"E00116352",4,1,3
"E00116353",9,5,4
"E00116354",14,5,9
"E00116355",6,2,4
"E00116356",1,1,0
"E00116357",4,1,3
"E00116358",2,2,0
"E00116359",1,0,1
"E00116360",1,1,0
"E00116361",0,0,0
"E00116362",0,0,0
"E00116363",1,0,1
"E00116364",3,1,2
"E00116365",0,0,0
"E00116366",1,1,0
"E00116367",1,0,1
"E00116368",1,1,0
"E00116369",3,1,2
"E00116370",0,0,0
"E00116371",0,0,0
"E00116372",1,0,1
"E00116373",2,1,1
"E00116374",0,0,0
"E00116375",3,1,2
"E00116376",0,0,0
"E00116377",0,0,0
"E00116378",1,1,0
"E00116379",1,1,0
"E00116380",0,0,0
"E00116381",1,0,1
"E00116382",0,0,0
"E00116383",2,2,0
"E00116384",2,2,0
"E00116385",0,0,0
"E00116386",1,0,1
"E00116387",1,0,1
"E00116388",0,0,0
"E00116389",0,0,0
"E00116390",4,3,1
"E00116391",0,0,0
"E00116392",0,0,0
"E00116393",1,0,1
"E00116394",1,1,0
"E00116395",0,0,0
"E00116396",4,2,2
"E00116397",0,0,0
"E00116398",3,2,1
"E00116399",7,5,2
"E00116400",3,2,1
"E00116401",7,4,3
"E00116402",10,7,3
"E00116403",4,3,1
"E00116404",2,2,0
"E00116405",2,1,1
"E00116406",3,0,3
"E00116407",6,3,3
"E00116408",2,1,1
"E00116410",1,1,0
"E00116411",2,1,1
"E00116412",2,1,1
"E00116413",4,0,4
"E00116414",0,0,0
"E00116415",0,0,0
"E00116416",0,0,0
"E00116417",0,0,0
"E00116418",1,0,1
"E00116419",6,1,5
"E00116420",5,3,2
"E00116421",3,0,3
"E00116422",6,4,2
"E00116423",0,0,0
"E00116424",1,0,1
"E00116425",1,0,1
"E00116426",0,0,0
"E00116427",0,0,0
"E00116428",6,5,1
"E00116429",2,2,0
"E00116430",0,0,0
"E00116431",2,1,1
"E00116432",0,0,0
"E00116433",2,1,1
"E00116434",0,0,0
"E00116435",1,0,1
"E00116436",0,0,0
"E00116437",1,0,1
"E00116438",0,0,0
"E00116439",0,0,0
"E00116440",2,2,0
"E00116441",1,1,0
"E00116442",1,1,0
"E00116443",0,0,0
"E00116444",0,0,0
"E00116445",1,0,1
"E00116446",0,0,0
"E00116447",5,2,3
"E00116448",6,3,3
"E00116449",2,1,1
"E00116450",3,2,1
"E00116451",4,3,1
"E00116452",2,0,2
"E00116453",1,0,1
"E00116454",1,0,1
"E00116455",3,1,2
"E00116456",4,1,3
"E00116457",5,1,4
"E00116458",1,1,0
"E00116459",3,2,1
"E00116460",6,3,3
"E00116461",0,0,0
"E00116462",6,2,4
"E00116463",0,0,0
"E00116464",1,0,1
"E00116465",5,2,3
"E00116467",10,4,6
"E00116468",1,1,0
"E00116469",1,0,1
"E00116470",1,1,0
"E00116472",0,0,0
"E00116473",1,0,1
"E00116474",4,1,3
"E00116475",3,2,1
"E00116476",1,0,1
"E00116477",6,4,2
"E00116478",17,9,8
"E00116479",10,6,4
"E00116480",0,0,0
"E00116481",5,2,3
"E00116482",1,0,1
"E00116483",10,2,8
"E00116484",0,0,0
"E00116485",11,7,4
"E00116486",3,1,2
"E00116487",1,0,1
"E00116488",0,0,0
"E00116489",3,1,2
"E00116490",13,8,5
"E00116491",6,3,3
"E00116492",2,2,0
"E00116493",1,1,0
"E00116494",0,0,0
"E00116495",1,0,1
"E00116496",1,1,0
"E00116497",2,1,1
"E00116498",4,4,0
"E00116499",7,3,4
"E00116500",8,2,6
"E00116501",4,4,0
"E00116502",9,7,2
"E00116503",10,4,6
"E00116504",1,1,0
"E00116505",1,1,0
"E00116506",6,4,2
"E00116507",0,0,0
"E00116508",5,3,2
"E00116509",0,0,0
"E00116510",1,0,1
"E00116511",5,1,4
"E00116512",1,1,0
"E00116513",2,0,2
"E00116514",2,1,1
"E00116515",2,0,2
"E00116516",2,0,2
"E00116517",0,0,0
"E00116518",1,0,1
"E00116519",0,0,0
"E00116520",0,0,0
"E00116521",2,0,2
"E00116522",1,0,1
"E00116523",4,1,3
"E00116524",1,1,0
"E00116525",1,1,0
"E00116526",0,0,0
"E00116527",1,1,0
"E00116528",1,1,0
"E00116529",10,4,6
"E00116530",2,1,1
"E00116531",5,3,2
"E00116532",2,2,0
"E00116533",0,0,0
"E00116534",7,4,3
"E00116535",2,1,1
"E00116536",1,1,0
"E00116537",1,0,1
"E00116538",5,2,3
"E00116539",1,1,0
"E00116541",1,0,1
"E00116542",2,1,1
"E00116543",2,1,1
"E00116544",1,0,1
"E00116545",1,0,1
"E00116546",0,0,0
"E00116547",2,0,2
"E00116548",3,1,2
"E00116549",5,3,2
"E00116550",3,3,0
"E00116551",2,2,0
"E00116552",6,1,5
"E00116553",0,0,0
"E00116554",0,0,0
"E00116555",0,0,0
"E00116556",4,0,4
"E00116557",3,1,2
"E00116558",4,4,0
"E00116559",4,3,1
"E00116560",1,1,0
"E00116561",1,1,0
"E00116562",1,1,0
"E00116563",4,3,1
"E00116564",1,0,1
"E00116565",4,1,3
"E00116566",2,1,1
"E00116567",1,1,0
"E00116568",3,1,2
"E00116569",0,0,0
"E00116570",5,3,2
"E00116571",3,1,2
"E00116572",4,1,3
"E00116573",1,0,1
"E00116574",5,3,2
"E00116575",6,4,2
"E00116576",3,2,1
"E00116577",7,3,4
"E00116578",3,2,1
"E00116579",9,5,4
"E00116580",6,5,1
"E00116581",3,1,2
"E00116582",1,0,1
"E00116583",2,1,1
"E00116584",7,4,3
"E00116585",7,2,5
"E00116586",1,0,1
"E00116587",3,1,2
"E00116588",4,2,2
"E00116589",7,3,4
"E00116590",3,3,0
"E00116591",0,0,0
"E00116592",3,2,1
"E00116593",0,0,0
"E00116594",0,0,0
"E00116595",3,2,1
"E00116596",0,0,0
"E00116597",1,0,1
"E00116598",1,0,1
"E00116599",1,0,1
"E00116600",3,1,2
"E00116601",7,6,1
"E00116602",1,0,1
"E00116603",0,0,0
"E00116604",2,0,2
"E00116605",1,1,0
"E00116606",6,5,1
"E00116607",5,2,3
"E00116608",3,2,1
"E00116609",3,0,3
"E00116610",0,0,0
"E00116611",6,5,1
"E00116612",5,4,1
"E00116613",0,0,0
"E00116614",1,1,0
"E00116615",4,2,2
"E00116616",4,1,3
"E00116617",1,1,0
"E00116618",5,3,2
"E00116619",4,2,2
"E00116620",4,0,4
"E00116621",4,2,2
"E00116622",1,0,1
"E00116623",7,4,3
"E00116624",3,0,3
"E00116625",0,0,0
"E00116626",0,0,0
"E00116627",7,3,4
"E00116628",3,2,1
"E00116629",1,1,0
"E00116630",7,2,5
"E00116631",5,2,3
"E00116632",5,4,1
"E00116633",7,3,4
"E00116634",4,3,1
"E00116635",11,6,5
"E00116636",0,0,0
"E00116637",4,3,1
"E00116638",4,1,3
"E00116639",1,1,0
"E00116640",3,0,3
"E00116641",6,5,1
"E00116642",0,0,0
"E00116643",1,0,1
"E00116644",7,3,4
"E00116645",4,3,1
"E00116646",3,2,1
"E00116647",6,5,1
"E00116648",4,1,3
"E00116649",7,2,5
"E00116650",7,3,4
"E00116651",3,3,0
"E00116652",3,0,3
"E00116653",5,3,2
"E00116654",5,2,3
"E00116655",2,0,2
"E00116656",5,3,2
"E00116657",10,5,5
"E00116658",1,0,1
"E00116659",2,1,1
"E00116660",0,0,0
"E00116661",5,3,2
"E00116662",4,1,3
"E00116663",6,3,3
"E00116664",0,0,0
"E00116665",2,0,2
"E00116666",1,0,1
"E00116667",0,0,0
"E00116668",0,0,0
"E00116669",1,0,1
"E00116670",13,8,5
"E00116671",1,1,0
"E00116672",5,3,2
"E00116673",2,0,2
"E00116674",1,0,1
"E00116675",1,1,0
"E00116676",1,1,0
"E00116677",0,0,0
"E00116678",0,0,0
"E00116679",4,3,1
"E00116680",1,0,1
"E00116681",2,1,1
"E00116682",2,0,2
"E00116683",3,2,1
"E00116684",1,0,1
"E00116685",4,2,2
"E00116686",1,0,1
"E00116687",4,0,4
"E00116688",2,1,1
"E00116689",2,1,1
"E00116690",0,0,0
"E00116691",3,1,2
"E00116692",0,0,0
"E00116693",0,0,0
"E00116694",0,0,0
"E00116695",1,1,0
"E00116696",4,2,2
"E00116697",3,1,2
"E00116699",1,1,0
"E00116700",1,1,0
"E00116701",1,0,1
"E00116702",1,0,1
"E00116703",0,0,0
"E00116704",1,0,1
"E00116705",1,1,0
"E00116706",4,4,0
"E00116707",0,0,0
"E00116708",0,0,0
"E00116709",2,1,1
"E00116710",1,1,0
"E00116711",2,1,1
"E00116712",1,0,1
"E00116713",0,0,0
"E00116714",12,5,7
"E00116715",5,1,4
"E00116716",1,1,0
"E00116717",4,2,2
"E00116718",4,1,3
"E00116719",5,3,2
"E00116720",2,0,2
"E00116721",5,2,3
"E00116722",2,0,2
"E00116723",2,1,1
"E00116724",1,0,1
"E00116725",7,4,3
"E00116726",6,2,4
"E00116727",1,1,0
"E00116728",5,1,4
"E00116729",2,0,2
"E00116730",3,0,3
"E00116731",15,6,9
"E00116732",4,1,3
"E00116733",6,3,3
"E00116734",5,3,2
"E00116735",0,0,0
"E00116736",0,0,0
"E00116737",2,0,2
"E00116738",0,0,0
"E00116739",1,1,0
"E00116740",0,0,0
"E00116741",0,0,0
"E00116742",6,2,4
"E00116743",4,1,3
"E00116744",4,3,1
"E00116745",4,1,3
"E00116746",4,3,1
"E00116747",1,0,1
"E00116748",0,0,0
"E00116749",2,1,1
"E00116750",3,3,0
"E00116751",6,4,2
"E00116752",4,4,0
"E00116753",1,0,1
"E00116754",6,5,1
"E00116755",9,6,3
"E00116756",3,2,1
"E00116757",0,0,0
"E00116758",0,0,0
"E00116759",11,4,7
"E00116760",3,0,3
"E00116761",2,1,1
"E00116762",1,0,1
"E00116763",4,1,3
"E00116764",0,0,0
"E00116765",1,0,1
"E00116766",3,2,1
"E00116767",3,2,1
"E00116768",4,1,3
"E00116769",0,0,0
"E00116770",4,3,1
"E00116771",2,2,0
"E00116772",6,5,1
"E00116773",3,2,1
"E00116774",3,2,1
"E00116775",6,3,3
"E00116776",2,1,1
"E00116777",2,0,2
"E00116778",4,1,3
"E00116779",2,2,0
"E00116780",0,0,0
"E00116781",8,3,5
"E00116782",10,4,6
"E00116783",4,2,2
"E00116784",0,0,0
"E00116785",3,2,1
"E00116786",6,4,2
"E00116787",8,7,1
"E00116788",3,1,2
"E00116789",4,2,2
"E00116790",7,1,6
"E00116791",6,2,4
"E00116792",2,1,1
"E00116793",3,2,1
"E00116794",0,0,0
"E00116795",1,1,0
"E00116796",6,2,4
"E00116797",1,0,1
"E00116798",0,0,0
"E00116799",3,1,2
"E00116800",2,0,2
"E00116801",2,2,0
"E00116802",3,1,2
"E00116803",1,1,0
"E00116804",4,2,2
"E00116805",4,3,1
"E00116806",10,6,4
"E00116807",14,6,8
"E00116808",7,5,2
"E00116809",3,1,2
"E00116810",13,8,5
"E00116811",13,8,5
"E00116812",8,3,5
"E00116813",11,4,7
"E00116814",2,1,1
"E00116815",8,5,3
"E00116816",10,4,6
"E00116817",6,3,3
"E00116818",6,2,4
"E00116819",8,6,2
"E00116820",11,8,3
"E00116821",3,1,2
"E00116822",9,3,6
"E00116823",8,5,3
"E00116824",12,9,3
"E00116825",3,2,1
"E00116826",6,4,2
"E00116827",9,5,4
"E00116828",0,0,0
"E00116829",6,4,2
"E00116830",16,10,6
"E00116831",5,2,3
"E00116832",7,2,5
"E00116833",4,1,3
"E00116834",3,2,1
"E00116835",9,5,4
"E00116836",6,4,2
"E00116837",4,3,1
"E00116838",4,3,1
"E00116839",6,4,2
"E00116840",7,5,2
"E00116841",5,1,4
"E00116842",8,4,4
"E00116843",10,7,3
"E00116844",7,3,4
"E00116845",12,7,5
"E00116846",8,5,3
"E00116847",5,4,1
"E00116848",0,0,0
"E00116849",4,3,1
"E00116850",10,5,5
"E00116851",10,7,3
"E00116852",11,7,4
"E00116853",16,4,12
"E00116854",4,4,0
"E00116855",6,5,1
"E00116856",3,1,2
"E00116857",4,1,3
"E00116858",3,1,2
"E00116859",7,3,4
"E00116860",7,2,5
"E00116861",10,7,3
"E00116862",6,3,3
"E00116863",12,5,7
"E00116864",8,4,4
"E00116865",2,2,0
"E00116866",4,1,3
"E00116867",2,1,1
"E00116868",7,3,4
"E00116869",2,1,1
"E00116870",7,3,4
"E00116871",1,0,1
"E00116872",5,3,2
"E00116873",4,2,2
"E00116874",4,4,0
"E00116875",0,0,0
"E00116876",2,2,0
"E00116877",1,0,1
"E00116878",3,2,1
"E00116879",4,4,0
"E00116880",2,1,1
"E00116881",11,3,8
"E00116882",7,2,5
"E00116883",4,2,2
"E00116884",4,1,3
"E00116885",2,1,1
"E00116886",8,5,3
"E00116887",11,6,5
"E00116888",7,4,3
"E00116889",1,0,1
"E00116890",6,5,1
"E00116891",2,2,0
"E00116892",0,0,0
"E00116893",4,2,2
"E00116894",5,4,1
"E00116895",4,3,1
"E00116896",4,2,2
"E00116897",0,0,0
"E00116898",2,0,2
"E00116899",1,0,1
"E00116900",2,1,1
"E00116901",9,5,4
"E00116902",2,2,0
"E00116903",2,2,0
"E00116904",3,1,2
"E00116905",0,0,0
"E00116908",1,0,1
"E00116909",0,0,0
"E00116910",1,1,0
"E00116911",1,0,1
"E00116912",2,0,2
"E00116913",4,0,4
"E00116914",0,0,0
"E00116915",5,2,3
"E00116916",0,0,0
"E00116917",2,1,1
"E00116918",1,1,0
"E00116919",0,0,0
"E00116920",0,0,0
"E00116921",4,0,4
"E00116922",12,5,7
"E00116923",0,0,0
"E00116924",11,3,8
"E00116925",6,5,1
"E00116926",7,3,4
"E00116927",12,4,8
"E00116928",4,2,2
"E00116929",7,5,2
"E00116930",3,1,2
"E00116931",3,2,1
"E00116932",12,8,4
"E00116933",4,1,3
"E00116934",0,0,0
"E00116935",4,2,2
"E00116936",1,1,0
"E00116937",1,0,1
"E00116938",5,2,3
"E00116939",5,0,5
"E00116940",3,1,2
"E00116941",1,0,1
"E00116942",7,2,5
"E00116943",1,0,1
"E00116944",1,0,1
"E00116945",3,1,2
"E00116946",6,2,4
"E00116947",0,0,0
"E00116948",1,0,1
"E00116949",6,1,5
"E00116950",5,3,2
"E00116951",3,1,2
"E00116952",8,4,4
"E00116953",6,1,5
"E00116954",5,3,2
"E00116955",5,2,3
"E00116956",3,1,2
"E00116957",1,1,0
"E00116958",2,1,1
"E00116959",4,2,2
"E00116960",0,0,0
"E00116961",1,1,0
"E00116962",2,1,1
"E00116963",4,2,2
"E00116964",2,0,2
"E00116965",1,0,1
"E00116966",9,4,5
"E00116967",9,6,3
"E00116968",1,0,1
"E00116970",9,5,4
"E00116971",0,0,0
"E00116972",5,2,3
"E00116973",9,6,3
"E00116974",3,2,1
"E00116975",2,1,1
"E00116976",2,1,1
"E00116977",8,3,5
"E00116978",5,4,1
"E00116979",2,1,1
"E00116980",6,2,4
"E00116981",6,3,3
"E00116982",7,5,2
"E00116983",3,2,1
"E00116984",5,2,3
"E00116985",6,1,5
"E00116986",11,6,5
"E00116987",3,0,3
"E00116988",6,4,2
"E00116989",7,1,6
"E00116990",6,6,0
"E00116991",7,2,5
"E00116992",1,0,1
"E00116993",3,0,3
"E00116994",12,6,6
"E00116995",3,3,0
"E00116996",4,3,1
"E00116997",3,1,2
"E00116998",7,5,2
"E00116999",15,8,7
"E00117000",5,2,3
"E00117001",8,3,5
"E00117002",13,8,5
"E00117003",7,4,3
"E00117004",5,2,3
"E00117005",1,1,0
"E00117006",4,2,2
"E00117007",3,2,1
"E00117008",3,2,1
"E00117009",3,2,1
"E00117010",4,2,2
"E00117011",2,0,2
"E00117012",0,0,0
"E00117013",3,1,2
"E00117014",8,6,2
"E00117015",2,1,1
"E00117016",2,1,1
"E00117017",1,0,1
"E00117018",1,1,0
"E00117019",3,0,3
"E00117020",2,0,2
"E00117021",2,0,2
"E00117022",3,2,1
"E00117023",1,1,0
"E00117024",0,0,0
"E00117025",1,0,1
"E00117026",5,5,0
"E00117027",3,2,1
"E00117028",1,0,1
"E00117029",0,0,0
"E00117030",2,2,0
"E00117031",4,3,1
"E00117032",3,1,2
"E00117033",0,0,0
"E00117034",0,0,0
"E00117035",1,1,0
"E00117036",3,1,2
"E00117037",2,0,2
"E00117038",0,0,0
"E00117039",6,4,2
"E00117040",5,4,1
"E00117041",1,0,1
"E00117042",1,1,0
"E00117043",1,0,1
"E00117044",0,0,0
"E00117045",5,2,3
"E00117046",4,1,3
"E00117047",5,3,2
"E00117048",0,0,0
"E00117049",2,0,2
"E00117050",2,1,1
"E00117051",3,2,1
"E00117052",3,0,3
"E00117053",5,2,3
"E00117054",1,1,0
"E00117056",5,2,3
"E00117057",7,3,4
"E00117058",4,1,3
"E00117059",1,0,1
"E00117060",0,0,0
"E00117061",0,0,0
"E00117062",1,1,0
"E00117063",2,0,2
"E00117064",0,0,0
"E00117065",1,1,0
"E00117066",4,1,3
"E00117067",5,4,1
"E00117068",5,3,2
"E00117069",2,1,1
"E00117070",4,1,3
"E00117071",3,1,2
"E00117072",4,2,2
"E00117073",5,4,1
"E00117074",1,1,0
"E00117075",0,0,0
"E00117076",0,0,0
"E00117077",13,6,7
"E00117078",6,2,4
"E00117079",9,3,6
"E00117080",4,0,4
"E00117081",2,0,2
"E00117082",0,0,0
"E00117083",4,2,2
"E00117084",3,0,3
"E00117085",0,0,0
"E00117086",3,1,2
"E00117087",0,0,0
"E00117088",1,1,0
"E00117089",7,5,2
"E00117090",0,0,0
"E00117091",4,3,1
"E00117092",13,8,5
"E00117093",7,3,4
"E00117094",8,4,4
"E00117095",7,1,6
"E00117096",3,3,0
"E00117097",1,0,1
"E00117098",3,0,3
"E00117099",1,0,1
"E00117100",3,1,2
"E00117101",9,6,3
"E00117102",5,1,4
"E00117103",3,2,1
"E00117104",0,0,0
"E00117105",3,0,3
"E00117106",2,0,2
"E00117107",3,1,2
"E00117108",0,0,0
"E00117109",1,0,1
"E00117110",3,2,1
"E00117111",4,3,1
"E00117112",8,6,2
"E00117113",6,3,3
"E00117114",5,2,3
"E00117115",6,5,1
"E00117116",9,6,3
"E00117117",5,3,2
"E00117118",6,1,5
"E00117119",4,2,2
"E00117120",5,2,3
"E00117121",4,3,1
"E00117122",3,1,2
"E00117123",9,1,8
"E00117124",5,2,3
"E00117125",2,0,2
"E00117126",1,1,0
"E00117127",5,3,2
"E00117128",11,3,8
"E00117129",3,0,3
"E00117130",5,3,2
"E00117131",0,0,0
"E00117132",5,3,2
"E00117133",4,2,2
"E00117134",0,0,0
"E00117135",2,1,1
"E00117136",2,2,0
"E00117137",4,2,2
"E00117138",2,1,1
"E00117139",0,0,0
"E00117140",4,3,1
"E00117141",5,2,3
"E00117142",3,3,0
"E00117143",0,0,0
"E00117144",13,6,7
"E00117145",6,4,2
"E00117146",2,1,1
"E00117147",3,1,2
"E00117148",5,1,4
"E00117149",2,1,1
"E00117150",1,1,0
"E00117151",2,1,1
"E00117152",2,0,2
"E00117153",1,1,0
"E00117154",2,0,2
"E00117155",0,0,0
"E00117156",1,1,0
"E00117157",0,0,0
"E00117158",1,1,0
"E00117159",2,2,0
"E00117160",0,0,0
"E00117161",2,1,1
"E00117162",2,1,1
"E00117163",1,1,0
"E00117164",0,0,0
"E00117165",1,0,1
"E00117166",1,1,0
"E00117167",4,3,1
"E00117168",4,3,1
"E00117169",7,7,0
"E00117170",3,1,2
"E00117171",5,3,2
"E00117172",0,0,0
"E00117173",11,4,7
"E00117174",1,0,1
"E00117175",0,0,0
"E00117176",5,1,4
"E00117177",0,0,0
"E00117178",2,0,2
"E00117179",3,0,3
"E00117180",1,1,0
"E00117181",1,0,1
"E00117182",6,2,4
"E00117183",5,3,2
"E00117184",0,0,0
"E00117185",2,2,0
"E00117186",3,1,2
"E00117187",10,4,6
"E00117188",6,3,3
"E00117189",3,2,1
"E00117190",7,3,4
"E00117191",10,6,4
"E00117192",7,2,5
"E00117193",7,2,5
"E00117194",8,5,3
"E00117195",0,0,0
"E00117196",4,2,2
"E00117197",4,2,2
"E00117198",3,0,3
"E00117199",2,1,1
"E00117200",6,1,5
"E00117201",6,2,4
"E00117202",0,0,0
"E00117203",3,1,2
"E00117204",4,3,1
"E00117205",3,2,1
"E00117206",6,5,1
"E00117207",4,2,2
"E00117208",4,2,2
"E00117209",3,1,2
"E00117210",3,1,2
"E00117211",10,5,5
"E00117212",9,6,3
"E00117213",3,1,2
"E00117214",2,0,2
"E00117215",2,2,0
"E00117216",5,1,4
"E00117217",10,3,7
"E00117218",6,4,2
"E00117219",2,0,2
"E00117220",2,0,2
"E00117221",6,3,3
"E00117222",0,0,0
"E00117223",3,1,2
"E00117224",2,2,0
"E00117225",4,2,2
"E00117226",0,0,0
"E00117227",5,3,2
"E00117228",6,4,2
"E00117229",1,1,0
"E00117230",4,3,1
"E00117231",2,2,0
"E00117232",3,2,1
"E00117233",2,0,2
"E00117234",6,4,2
"E00117235",1,1,0
"E00117236",1,1,0
"E00117237",10,2,8
"E00117238",1,1,0
"E00117239",4,3,1
"E00117240",7,3,4
"E00117241",1,0,1
"E00117242",3,2,1
"E00117243",0,0,0
"E00117244",3,2,1
"E00117245",5,3,2
"E00117246",5,3,2
"E00117247",5,3,2
"E00117248",3,2,1
"E00117249",4,2,2
"E00117250",5,3,2
"E00117251",4,2,2
"E00117252",5,2,3
"E00117253",9,4,5
"E00117254",2,1,1
"E00117255",3,2,1
"E00117256",1,1,0
"E00117257",0,0,0
"E00117258",1,1,0
"E00117259",9,2,7
"E00117260",2,1,1
"E00117261",4,2,2
"E00117262",1,1,0
"E00117263",0,0,0
"E00117264",0,0,0
"E00117265",4,2,2
"E00117266",5,2,3
"E00117267",1,0,1
"E00117268",6,4,2
"E00117269",5,2,3
"E00117270",3,2,1
"E00117271",3,1,2
"E00117272",1,0,1
"E00117273",0,0,0
"E00117274",4,1,3
"E00117275",3,1,2
"E00117277",1,0,1
"E00117278",0,0,0
"E00117279",3,1,2
"E00117280",0,0,0
"E00117281",8,6,2
"E00117282",1,1,0
"E00117283",2,0,2
"E00117284",4,2,2
"E00117285",4,4,0
"E00117286",6,1,5
"E00117287",8,6,2
"E00117288",4,2,2
"E00117289",1,1,0
"E00117290",2,0,2
"E00117291",0,0,0
"E00117292",1,1,0
"E00117293",7,5,2
"E00117294",2,0,2
"E00117295",1,1,0
"E00117296",0,0,0
"E00117297",7,4,3
"E00117298",9,6,3
"E00117299",4,1,3
"E00117300",2,1,1
"E00117301",2,0,2
"E00117302",3,1,2
"E00117303",8,4,4
"E00117304",3,2,1
"E00117305",4,1,3
"E00117306",5,3,2
"E00117307",1,1,0
"E00117308",2,2,0
"E00117309",1,0,1
"E00117310",1,0,1
"E00117311",1,1,0
"E00117312",0,0,0
"E00117313",1,0,1
"E00117314",1,0,1
"E00117315",6,2,4
"E00117316",1,1,0
"E00117317",3,1,2
"E00117318",3,2,1
"E00117319",7,2,5
"E00117320",2,2,0
"E00117321",3,2,1
"E00117322",2,2,0
"E00117323",1,1,0
"E00117324",6,2,4
"E00117325",2,1,1
"E00117326",3,3,0
"E00117327",0,0,0
"E00117328",1,1,0
"E00117329",2,1,1
"E00117330",6,1,5
"E00117331",4,3,1
"E00117332",5,0,5
"E00117333",7,6,1
"E00117334",11,4,7
"E00117335",3,0,3
"E00117336",3,2,1
"E00117337",0,0,0
"E00117338",0,0,0
"E00117339",0,0,0
"E00117340",1,1,0
"E00117341",15,6,9
"E00117342",0,0,0
"E00117343",4,0,4
"E00117344",5,3,2
"E00117345",1,1,0
"E00117346",2,1,1
"E00117347",8,4,4
"E00117348",6,5,1
"E00117349",5,2,3
"E00117350",0,0,0
"E00117351",5,3,2
"E00117352",11,5,6
"E00117353",12,7,5
"E00117354",6,4,2
"E00117355",2,1,1
"E00117357",4,2,2
"E00117358",2,2,0
"E00117359",3,2,1
"E00117360",1,1,0
"E00117361",1,0,1
"E00117362",10,8,2
"E00117363",1,1,0
"E00117364",5,5,0
"E00117365",2,0,2
"E00117366",3,1,2
"E00117367",0,0,0
"E00117368",7,2,5
"E00117369",0,0,0
"E00117370",1,1,0
"E00117371",7,4,3
"E00117372",0,0,0
"E00117373",3,1,2
"E00117374",1,0,1
"E00117375",1,0,1
"E00117376",2,1,1
"E00117377",3,1,2
"E00117378",3,3,0
"E00117379",1,0,1
"E00117380",1,1,0
"E00117381",0,0,0
"E00117382",4,2,2
"E00117383",1,1,0
"E00117384",4,0,4
"E00117385",3,2,1
"E00117386",9,6,3
"E00117387",6,3,3
"E00117388",0,0,0
"E00117389",2,1,1
"E00117390",4,1,3
"E00117391",6,4,2
"E00117392",10,3,7
"E00117393",3,3,0
"E00117394",8,2,6
"E00117395",5,2,3
"E00117396",1,1,0
"E00117397",4,1,3
"E00117398",3,2,1
"E00117399",1,1,0
"E00117400",4,3,1
"E00117401",6,2,4
"E00117402",8,7,1
"E00117403",10,6,4
"E00117404",1,0,1
"E00117405",1,1,0
"E00117406",8,4,4
"E00117407",1,0,1
"E00117408",0,0,0
"E00117409",4,2,2
"E00117410",1,1,0
"E00117411",1,0,1
"E00117412",0,0,0
"E00117413",1,0,1
"E00117414",2,1,1
"E00117415",2,1,1
"E00117416",4,2,2
"E00117417",1,0,1
"E00117418",2,2,0
"E00117419",2,2,0
"E00117420",0,0,0
"E00117421",5,3,2
"E00117422",0,0,0
"E00117423",8,3,5
"E00117424",2,2,0
"E00117425",3,2,1
"E00117426",0,0,0
"E00117427",3,2,1
"E00117428",3,2,1
"E00117429",5,4,1
"E00117430",0,0,0
"E00117431",11,6,5
"E00117432",9,4,5
"E00117433",2,1,1
"E00117434",5,2,3
"E00117435",4,2,2
"E00117436",2,1,1
"E00117437",1,0,1
"E00117438",2,1,1
"E00117439",5,3,2
"E00117440",6,3,3
"E00117441",4,1,3
"E00117442",8,5,3
"E00117443",5,2,3
"E00117444",8,2,6
"E00117445",8,2,6
"E00117446",6,2,4
"E00117448",4,2,2
"E00117449",0,0,0
"E00117450",7,2,5
"E00117451",5,1,4
"E00117452",10,6,4
"E00117453",5,4,1
"E00117454",0,0,0
"E00117455",5,3,2
"E00117456",6,1,5
"E00117457",5,2,3
"E00117458",1,1,0
"E00117459",3,2,1
"E00117460",2,1,1
"E00117461",3,1,2
"E00117462",4,2,2
"E00117463",2,1,1
"E00117464",0,0,0
"E00117465",10,3,7
"E00117466",1,1,0
"E00117467",1,1,0
"E00117468",1,1,0
"E00117469",1,0,1
"E00117470",2,2,0
"E00117471",7,2,5
"E00117472",4,1,3
"E00117473",8,4,4
"E00117474",3,1,2
"E00117475",0,0,0
"E00117476",4,2,2
"E00117477",4,3,1
"E00117478",0,0,0
"E00117479",4,2,2
"E00117480",4,4,0
"E00117481",2,1,1
"E00117482",2,1,1
"E00117483",4,1,3
"E00117484",9,3,6
"E00117485",4,3,1
"E00117486",4,2,2
"E00117487",3,2,1
"E00117488",1,1,0
"E00117489",1,0,1
"E00117490",4,1,3
"E00117491",0,0,0
"E00117492",0,0,0
"E00117493",2,2,0
"E00117494",3,2,1
"E00117496",0,0,0
"E00117497",3,1,2
"E00117498",0,0,0
"E00117499",0,0,0
"E00117500",0,0,0
"E00117501",2,1,1
"E00117503",4,2,2
"E00117504",2,2,0
"E00117505",1,1,0
"E00117506",2,0,2
"E00117507",0,0,0
"E00117508",5,1,4
"E00117509",1,1,0
"E00117510",3,0,3
"E00117511",0,0,0
"E00117512",4,2,2
"E00117513",0,0,0
"E00117514",0,0,0
"E00117515",1,0,1
"E00117516",0,0,0
"E00117517",0,0,0
"E00117518",1,0,1
"E00117519",10,7,3
"E00117520",2,1,1
"E00117521",5,3,2
"E00117522",5,5,0
"E00117523",2,2,0
"E00117524",0,0,0
"E00117525",0,0,0
"E00117526",9,4,5
"E00117527",6,3,3
"E00117528",5,2,3
"E00117530",4,2,2
"E00117531",5,1,4
"E00117532",6,3,3
"E00117533",0,0,0
"E00117534",1,0,1
"E00117535",6,3,3
"E00117536",1,1,0
"E00117537",5,2,3
"E00117539",6,3,3
"E00117540",0,0,0
"E00117541",7,6,1
"E00117542",2,1,1
"E00117543",2,0,2
"E00117545",3,0,3
"E00117546",3,3,0
"E00117547",4,2,2
"E00117548",6,1,5
"E00117549",5,4,1
"E00117550",4,3,1
"E00117551",9,5,4
"E00117552",1,0,1
"E00117553",5,3,2
"E00117554",8,6,2
"E00117555",1,0,1
"E00117556",49,28,21
"E00117557",0,0,0
"E00117558",3,2,1
"E00117559",2,1,1
"E00117560",0,0,0
"E00117561",6,4,2
"E00117562",1,1,0
"E00117563",4,4,0
"E00117564",1,1,0
"E00117565",0,0,0
"E00117566",5,2,3
"E00117567",1,0,1
"E00117568",3,0,3
"E00117569",5,1,4
"E00117570",0,0,0
"E00117571",1,0,1
"E00117572",3,2,1
"E00117573",4,3,1
"E00117574",15,8,7
"E00117575",0,0,0
"E00117576",2,1,1
"E00117577",0,0,0
"E00117578",2,2,0
"E00117579",1,0,1
"E00117580",5,2,3
"E00117581",0,0,0
"E00117582",7,3,4
"E00117583",2,1,1
"E00117585",1,0,1
"E00117587",10,8,2
"E00117589",7,4,3
"E00117590",9,4,5
"E00117591",4,2,2
"E00117592",4,0,4
"E00117594",4,1,3
"E00117595",7,5,2
"E00117596",0,0,0
"E00117597",2,1,1
"E00117598",1,1,0
"E00117599",2,1,1
"E00117600",4,1,3
"E00117601",6,3,3
"E00117602",1,1,0
"E00117603",2,0,2
"E00117604",1,0,1
"E00117605",6,1,5
"E00117606",0,0,0
"E00117607",0,0,0
"E00117608",12,7,5
"E00117609",4,1,3
"E00117610",11,4,7
"E00117611",1,0,1
"E00117612",0,0,0
"E00117613",4,1,3
"E00117614",5,3,2
"E00117615",1,1,0
"E00117616",5,1,4
"E00117617",1,1,0
"E00117618",1,1,0
"E00117619",3,3,0
"E00117620",8,3,5
"E00117621",5,2,3
"E00117622",4,1,3
"E00117623",3,2,1
"E00117624",0,0,0
"E00117625",6,3,3
"E00117626",4,3,1
"E00117627",8,5,3
"E00117628",8,5,3
"E00117629",12,6,6
"E00117630",2,1,1
"E00117631",12,4,8
"E00117632",0,0,0
"E00117633",0,0,0
"E00117634",1,1,0
"E00117635",5,0,5
"E00117636",0,0,0
"E00117637",2,1,1
"E00117638",1,0,1
"E00117639",2,1,1
"E00117640",3,1,2
"E00117641",5,1,4
"E00117642",0,0,0
"E00117643",0,0,0
"E00117644",1,1,0
"E00117645",6,2,4
"E00117646",0,0,0
"E00117647",1,1,0
"E00117648",4,2,2
"E00117649",0,0,0
"E00117650",5,2,3
"E00117651",0,0,0
"E00117653",1,0,1
"E00117654",8,2,6
"E00117655",10,6,4
"E00117656",17,7,10
"E00117657",10,5,5
"E00117658",7,3,4
"E00117659",14,6,8
"E00117660",9,5,4
"E00117661",7,5,2
"E00117662",17,9,8
"E00117663",15,8,7
"E00117664",10,5,5
"E00117665",5,2,3
"E00117666",8,4,4
"E00117667",5,3,2
"E00117668",9,3,6
"E00117669",13,7,6
"E00117670",12,7,5
"E00117672",4,2,2
"E00117673",10,4,6
"E00117674",4,3,1
"E00117675",5,3,2
"E00117676",11,7,4
"E00117677",5,1,4
"E00117678",12,5,7
"E00117679",20,7,13
"E00117680",7,7,0
"E00117681",15,7,8
"E00117682",7,4,3
"E00117683",14,8,6
"E00117684",4,1,3
"E00117685",6,4,2
"E00117686",5,1,4
"E00117687",11,4,7
"E00117688",1,1,0
"E00117689",10,9,1
"E00117690",9,5,4
"E00117691",10,9,1
"E00117692",9,2,7
"E00117693",10,3,7
"E00117694",7,4,3
"E00117695",7,4,3
"E00117696",16,7,9
"E00117697",3,1,2
"E00117698",8,4,4
"E00117699",8,6,2
"E00117700",15,7,8
"E00117701",14,6,8
"E00117702",18,11,7
"E00117703",11,5,6
"E00117704",8,4,4
"E00117705",14,7,7
"E00117706",13,11,2
"E00117707",6,4,2
"E00117708",4,2,2
"E00117709",3,1,2
"E00117710",8,7,1
"E00117711",7,5,2
"E00117712",0,0,0
"E00117713",16,7,9
"E00117714",4,2,2
"E00117715",1,0,1
"E00117716",20,11,9
"E00117717",12,10,2
"E00117718",2,1,1
"E00117719",17,9,8
"E00117720",1,0,1
"E00117721",2,1,1
"E00117722",6,4,2
"E00117723",0,0,0
"E00117724",4,3,1
"E00117725",0,0,0
"E00117726",10,5,5
"E00117727",5,3,2
"E00117728",6,3,3
"E00117729",22,9,13
"E00117730",19,10,9
"E00117731",7,3,4
"E00117732",8,5,3
"E00117733",5,4,1
"E00117734",7,5,2
"E00117735",10,3,7
"E00117736",9,2,7
"E00117737",7,4,3
"E00117738",0,0,0
"E00117739",5,3,2
"E00117740",3,0,3
"E00117741",7,5,2
"E00117742",1,1,0
"E00117743",10,7,3
"E00117744",13,5,8
"E00117745",0,0,0
"E00117746",5,3,2
"E00117747",4,2,2
"E00117748",9,2,7
"E00117749",10,7,3
"E00117750",3,2,1
"E00117751",9,5,4
"E00117752",3,1,2
"E00117753",12,5,7
"E00117754",0,0,0
"E00117755",13,6,7
"E00117756",1,1,0
"E00117757",5,2,3
"E00117758",2,2,0
"E00117759",3,1,2
"E00117760",9,7,2
"E00117761",4,3,1
"E00117762",0,0,0
"E00117763",4,2,2
"E00117764",2,0,2
"E00117765",7,3,4
"E00117766",8,6,2
"E00117767",7,3,4
"E00117768",1,0,1
"E00117769",12,6,6
"E00117770",10,3,7
"E00117771",11,5,6
"E00117772",0,0,0
"E00117773",11,3,8
"E00117774",8,3,5
"E00117775",16,7,9
"E00117776",3,2,1
"E00117777",3,1,2
"E00117778",17,11,6
"E00117779",13,7,6
"E00117780",5,2,3
"E00117781",12,8,4
"E00117782",3,3,0
"E00117783",11,7,4
"E00117784",9,6,3
"E00117785",4,3,1
"E00117786",1,1,0
"E00117787",4,3,1
"E00117788",0,0,0
"E00117789",1,1,0
"E00117790",2,2,0
"E00117791",10,3,7
"E00117792",7,6,1
"E00117793",3,0,3
"E00117794",9,4,5
"E00117795",6,2,4
"E00117796",8,5,3
"E00117797",2,2,0
"E00117798",6,5,1
"E00117799",1,1,0
"E00117800",0,0,0
"E00117801",1,1,0
"E00117802",4,3,1
"E00117803",19,11,8
"E00117804",9,4,5
"E00117805",2,0,2
"E00117806",32,16,16
"E00117807",8,4,4
"E00117808",18,9,9
"E00117809",13,4,9
"E00117810",10,8,2
"E00117811",28,19,9
"E00117812",7,4,3
"E00117813",6,5,1
"E00117814",1,1,0
"E00117815",3,2,1
"E00117816",3,0,3
"E00117817",5,4,1
"E00117818",12,5,7
"E00117819",2,1,1
"E00117820",11,4,7
"E00117821",0,0,0
"E00117822",1,0,1
"E00117823",8,4,4
"E00117824",8,4,4
"E00117825",0,0,0
"E00117826",6,1,5
"E00117827",0,0,0
"E00117828",6,3,3
"E00117829",1,0,1
"E00117830",3,1,2
"E00117831",14,6,8
"E00117833",1,1,0
"E00117834",1,1,0
"E00117835",4,4,0
"E00117836",3,0,3
"E00117837",1,1,0
"E00117838",6,2,4
"E00117839",3,1,2
"E00117840",0,0,0
"E00117841",4,3,1
"E00117842",4,2,2
"E00117843",2,1,1
"E00117845",4,2,2
"E00117846",5,2,3
"E00117847",1,0,1
"E00117848",3,1,2
"E00117849",3,0,3
"E00117850",1,0,1
"E00117851",5,3,2
"E00117852",0,0,0
"E00117853",15,8,7
"E00117855",11,7,4
"E00117856",1,0,1
"E00117857",5,1,4
"E00117858",6,3,3
"E00117859",8,4,4
"E00117862",7,2,5
"E00117863",7,2,5
"E00117864",8,8,0
"E00117865",18,9,9
"E00117866",5,3,2
"E00117867",9,3,6
"E00117868",6,4,2
"E00117869",2,1,1
"E00117870",9,4,5
"E00117871",6,4,2
"E00117872",5,5,0
"E00117873",6,5,1
"E00117874",15,9,6
"E00117875",13,4,9
"E00117876",6,2,4
"E00117877",0,0,0
"E00117878",9,9,0
"E00117879",6,3,3
"E00117880",11,11,0
"E00117881",15,8,7
"E00117882",12,5,7
"E00117883",5,2,3
"E00117884",2,1,1
"E00117885",2,2,0
"E00117886",2,1,1
"E00117887",0,0,0
"E00117888",0,0,0
"E00117889",2,0,2
"E00117890",3,3,0
"E00117891",0,0,0
"E00117892",0,0,0
"E00117893",3,0,3
"E00117894",4,2,2
"E00117895",1,1,0
"E00117896",1,1,0
"E00117897",2,0,2
"E00117898",1,1,0
"E00117899",3,0,3
"E00117900",4,2,2
"E00117901",3,3,0
"E00117902",2,1,1
"E00117903",0,0,0
"E00117904",1,0,1
"E00117905",1,1,0
"E00117906",5,4,1
"E00117907",1,1,0
"E00117908",4,1,3
"E00117909",4,2,2
"E00117910",6,2,4
"E00117911",1,1,0
"E00117912",1,0,1
"E00117913",3,1,2
"E00117914",9,5,4
"E00117915",4,1,3
"E00117916",6,1,5
"E00117917",1,1,0
"E00117918",0,0,0
"E00117919",2,2,0
"E00117920",7,2,5
"E00117921",1,0,1
"E00117922",2,1,1
"E00117923",6,5,1
"E00117924",8,5,3
"E00117925",5,0,5
"E00117926",4,2,2
"E00117927",5,4,1
"E00117928",6,3,3
"E00117929",15,8,7
"E00117930",18,10,8
"E00117931",8,5,3
"E00117932",10,3,7
"E00117933",0,0,0
"E00117934",11,6,5
"E00117935",11,7,4
"E00117936",8,5,3
"E00117937",7,3,4
"E00117938",9,4,5
"E00117939",2,2,0
"E00117940",8,3,5
"E00117941",9,5,4
"E00117942",9,6,3
"E00117943",3,1,2
"E00117944",7,5,2
"E00117945",9,5,4
"E00117946",15,5,10
"E00117947",17,6,11
"E00117948",2,0,2
"E00117949",4,3,1
"E00117950",2,1,1
"E00117951",6,3,3
"E00117952",9,7,2
"E00117953",1,0,1
"E00117954",1,0,1
"E00117955",2,1,1
"E00117956",0,0,0
"E00117957",2,1,1
"E00117958",1,0,1
"E00117959",2,2,0
"E00117960",0,0,0
"E00117961",2,0,2
"E00117962",8,5,3
"E00117963",6,3,3
"E00117964",7,4,3
"E00117965",19,13,6
"E00117966",1,1,0
"E00117967",4,3,1
"E00117968",3,2,1
"E00117969",6,5,1
"E00117970",2,1,1
"E00117971",7,4,3
"E00117972",5,2,3
"E00117973",5,4,1
"E00117974",10,3,7
"E00117975",6,2,4
"E00117976",3,0,3
"E00117977",7,3,4
"E00117978",14,8,6
"E00117979",7,3,4
"E00117980",3,1,2
"E00117981",5,4,1
"E00117982",3,1,2
"E00117983",1,1,0
"E00117984",3,3,0
"E00117985",5,4,1
"E00117986",8,4,4
"E00117987",10,5,5
"E00117988",6,3,3
"E00117989",1,1,0
"E00117990",1,1,0
"E00117991",1,1,0
"E00117992",9,4,5
"E00117993",7,3,4
"E00117994",4,3,1
"E00117995",5,4,1
"E00117996",7,4,3
"E00117997",6,2,4
"E00117998",2,2,0
"E00117999",11,7,4
"E00118000",13,6,7
"E00118001",20,9,11
"E00118002",17,10,7
"E00118003",11,7,4
"E00118004",10,3,7
"E00118005",11,5,6
"E00118006",19,11,8
"E00118007",3,2,1
"E00118008",6,3,3
"E00118009",8,4,4
"E00118010",7,4,3
"E00118011",7,2,5
"E00118012",1,1,0
"E00118013",7,3,4
"E00118014",8,3,5
"E00118015",1,0,1
"E00118016",0,0,0
"E00118017",1,1,0
"E00118018",9,4,5
"E00118019",14,7,7
"E00118020",13,8,5
"E00118021",12,9,3
"E00118022",14,7,7
"E00118023",4,3,1
"E00118024",20,11,9
"E00118025",13,10,3
"E00118026",15,10,5
"E00118027",8,7,1
"E00118028",7,4,3
"E00118029",2,1,1
"E00118030",22,15,7
"E00118031",17,6,11
"E00118032",5,0,5
"E00118033",12,7,5
"E00118034",7,3,4
"E00118035",8,5,3
"E00118036",1,1,0
"E00118037",4,3,1
"E00118038",7,1,6
"E00118039",13,2,11
"E00118040",6,1,5
"E00118041",8,6,2
"E00118042",2,1,1
"E00118043",8,5,3
"E00118044",9,7,2
"E00118045",13,7,6
"E00118046",5,1,4
"E00118047",5,3,2
"E00118048",10,6,4
"E00118049",12,8,4
"E00118050",2,0,2
"E00118051",1,1,0
"E00118052",2,1,1
"E00118053",4,1,3
"E00118054",1,1,0
"E00118055",6,4,2
"E00118056",15,9,6
"E00118057",8,6,2
"E00118058",11,8,3
"E00118059",22,12,10
"E00118060",4,4,0
"E00118061",17,11,6
"E00118062",12,4,8
"E00118063",5,3,2
"E00118064",16,8,8
"E00118065",10,1,9
"E00118066",16,7,9
"E00118067",4,2,2
"E00118068",22,9,13
"E00118069",14,6,8
"E00118070",6,3,3
"E00118071",8,6,2
"E00118072",8,5,3
"E00118073",7,4,3
"E00118074",2,0,2
"E00118075",8,4,4
"E00118076",12,9,3
"E00118077",4,3,1
"E00118078",6,3,3
"E00118079",6,3,3
"E00118080",8,3,5
"E00118081",4,0,4
"E00118082",12,6,6
"E00118083",11,4,7
"E00118084",4,3,1
"E00118085",15,8,7
"E00118086",6,3,3
"E00118087",6,4,2
"E00118088",3,2,1
"E00118089",5,1,4
"E00118090",9,4,5
"E00118091",17,7,10
"E00118092",23,13,10
"E00118093",6,5,1
"E00118094",6,3,3
"E00118095",3,2,1
"E00118096",5,3,2
"E00118097",2,1,1
"E00118098",5,3,2
"E00118099",4,2,2
"E00118100",10,2,8
"E00118101",10,3,7
"E00118102",3,2,1
"E00118103",16,8,8
"E00118104",8,3,5
"E00118105",9,3,6
"E00118106",11,2,9
"E00118107",10,4,6
"E00118108",13,9,4
"E00118109",4,1,3
"E00118110",8,3,5
"E00118111",7,2,5
"E00118112",8,5,3
"E00118113",13,8,5
"E00118114",24,15,9
"E00118115",4,2,2
"E00118116",10,2,8
"E00118117",25,11,14
"E00118118",8,3,5
"E00118119",5,5,0
"E00118120",10,4,6
"E00118121",2,1,1
"E00118122",11,6,5
"E00118123",20,9,11
"E00118124",9,7,2
"E00118125",14,5,9
"E00118126",15,9,6
"E00118127",10,6,4
"E00118128",3,1,2
"E00118129",13,7,6
"E00118130",5,3,2
"E00118131",10,3,7
"E00118132",4,3,1
"E00118133",3,2,1
"E00118134",3,2,1
"E00118135",3,2,1
"E00118136",5,3,2
"E00118137",4,2,2
"E00118138",9,5,4
"E00118139",2,1,1
"E00118140",3,1,2
"E00118141",2,1,1
"E00118142",10,7,3
"E00118143",20,13,7
"E00118144",2,1,1
"E00118145",9,2,7
"E00118146",3,1,2
"E00118147",0,0,0
"E00118148",5,4,1
"E00118149",6,3,3
"E00118150",3,2,1
"E00118151",3,3,0
"E00118152",0,0,0
"E00118153",0,0,0
"E00118154",6,4,2
"E00118155",0,0,0
"E00118156",1,0,1
"E00118157",20,7,13
"E00118158",4,2,2
"E00118159",21,11,10
"E00118160",1,1,0
"E00118161",1,0,1
"E00118162",8,1,7
"E00118163",1,1,0
"E00118164",5,3,2
"E00118165",2,1,1
"E00118166",1,1,0
"E00118167",0,0,0
"E00118168",1,1,0
"E00118169",8,4,4
"E00118170",7,4,3
"E00118171",4,1,3
"E00118172",2,2,0
"E00118173",8,7,1
"E00118174",5,3,2
"E00118175",1,1,0
"E00118176",5,2,3
"E00118177",0,0,0
"E00118178",13,3,10
"E00118179",2,1,1
"E00118180",0,0,0
"E00118181",20,8,12
"E00118182",3,2,1
"E00118183",5,3,2
"E00118184",19,6,13
"E00118185",12,4,8
"E00118186",2,0,2
"E00118187",4,3,1
"E00118188",4,3,1
"E00118189",0,0,0
"E00118190",6,2,4
"E00118191",5,3,2
"E00118192",7,3,4
"E00118193",1,0,1
"E00118194",2,0,2
"E00118195",18,9,9
"E00118196",2,0,2
"E00118197",9,8,1
"E00118198",19,14,5
"E00118199",1,0,1
"E00118200",6,6,0
"E00118201",22,10,12
"E00118202",6,3,3
"E00118203",5,4,1
"E00118205",8,6,2
"E00118206",7,6,1
"E00118207",3,2,1
"E00118208",7,3,4
"E00118209",7,4,3
"E00118210",8,6,2
"E00118211",17,7,10
"E00118212",7,7,0
"E00118213",11,7,4
"E00118214",10,9,1
"E00118215",1,1,0
"E00118216",9,6,3
"E00118217",14,7,7
"E00118218",7,3,4
"E00118220",21,12,9
"E00118221",7,2,5
"E00118222",9,7,2
"E00118223",5,2,3
"E00118224",12,4,8
"E00118225",7,5,2
"E00118226",6,5,1
"E00118227",17,11,6
"E00118228",4,0,4
"E00118229",3,2,1
"E00118230",7,4,3
"E00118232",8,4,4
"E00118233",10,5,5
"E00118234",7,4,3
"E00118235",8,2,6
"E00118236",6,1,5
"E00118237",7,3,4
"E00118238",9,7,2
"E00118239",14,5,9
"E00118240",17,7,10
"E00118241",0,0,0
"E00118242",5,4,1
"E00118243",4,2,2
"E00118244",6,4,2
"E00118245",10,7,3
"E00118246",5,1,4
"E00118247",13,6,7
"E00118248",16,14,2
"E00118249",0,0,0
"E00118250",5,2,3
"E00118251",33,20,13
"E00118252",14,8,6
"E00118253",12,7,5
"E00118254",12,8,4
"E00118255",15,8,7
"E00118256",5,2,3
"E00118257",7,3,4
"E00118258",14,9,5
"E00118259",7,5,2
"E00118260",5,4,1
"E00118261",16,10,6
"E00118262",10,4,6
"E00118263",19,7,12
"E00118264",10,4,6
"E00118265",7,3,4
"E00118266",11,6,5
"E00118267",9,5,4
"E00118268",8,8,0
"E00118269",11,7,4
"E00118270",4,1,3
"E00118271",4,1,3
"E00118272",6,4,2
"E00118273",8,2,6
"E00118274",1,0,1
"E00118275",7,3,4
"E00118276",0,0,0
"E00118277",8,6,2
"E00118278",12,5,7
"E00118279",9,6,3
"E00118280",15,10,5
"E00118281",3,2,1
"E00118282",4,2,2
"E00118283",14,10,4
"E00118284",13,8,5
"E00118285",13,8,5
"E00118286",4,1,3
"E00118287",12,8,4
"E00118288",4,1,3
"E00118289",20,15,5
"E00118290",7,4,3
"E00118291",21,10,11
"E00118292",7,2,5
"E00118293",8,2,6
"E00118294",7,3,4
"E00118295",4,1,3
"E00118296",4,2,2
"E00118298",4,2,2
"E00118299",0,0,0
"E00118300",4,1,3
"E00118301",12,5,7
"E00118302",3,1,2
"E00118304",2,2,0
"E00118305",3,1,2
"E00118306",2,1,1
"E00118307",6,2,4
"E00118308",2,0,2
"E00118309",12,9,3
"E00118310",9,4,5
"E00118311",3,2,1
"E00118312",0,0,0
"E00118313",13,6,7
"E00118314",13,5,8
"E00118315",5,3,2
"E00118316",9,2,7
"E00118317",12,8,4
"E00118318",5,2,3
"E00118319",16,9,7
"E00118320",18,9,9
"E00118321",10,6,4
"E00118322",22,12,10
"E00118323",13,8,5
"E00118324",5,3,2
"E00118325",5,4,1
"E00118326",17,9,8
"E00118327",6,2,4
"E00118328",3,2,1
"E00118329",7,4,3
"E00118330",13,10,3
"E00118331",3,1,2
"E00118332",4,2,2
"E00118333",4,2,2
"E00118334",9,3,6
"E00118335",3,2,1
"E00118336",3,2,1
"E00118337",3,1,2
"E00118338",5,4,1
"E00118339",5,3,2
"E00118340",8,6,2
"E00118341",8,3,5
"E00118342",2,2,0
"E00118343",0,0,0
"E00118344",4,1,3
"E00118345",6,5,1
"E00118346",0,0,0
"E00118347",6,1,5
"E00118348",2,1,1
"E00118349",1,0,1
"E00118350",7,3,4
"E00118351",2,1,1
"E00118352",7,2,5
"E00118353",0,0,0
"E00118354",1,0,1
"E00118355",1,0,1
"E00118356",0,0,0
"E00118357",8,4,4
"E00118358",5,3,2
"E00118359",1,1,0
"E00118360",1,1,0
"E00118361",9,3,6
"E00118362",2,0,2
"E00118363",1,0,1
"E00118364",6,2,4
"E00118365",6,5,1
"E00118366",0,0,0
"E00118367",6,5,1
"E00118368",4,2,2
"E00118369",5,3,2
"E00118370",0,0,0
"E00118371",2,1,1
"E00118372",3,2,1
"E00118373",1,0,1
"E00118374",6,3,3
"E00118375",7,3,4
"E00118376",2,1,1
"E00118377",0,0,0
"E00118378",3,2,1
"E00118379",1,1,0
"E00118380",0,0,0
"E00118381",6,4,2
"E00118382",1,1,0
"E00118383",2,1,1
"E00118384",6,4,2
"E00118385",4,2,2
"E00118386",3,1,2
"E00118387",5,3,2
"E00118388",3,1,2
"E00118389",1,1,0
"E00118390",0,0,0
"E00118391",2,1,1
"E00118392",0,0,0
"E00118393",1,1,0
"E00118394",0,0,0
"E00118395",1,1,0
"E00118396",7,4,3
"E00118397",2,2,0
"E00118398",2,1,1
"E00118399",0,0,0
"E00118400",2,1,1
"E00118401",1,0,1
"E00118402",2,1,1
"E00118403",4,0,4
"E00118404",2,2,0
"E00118405",6,3,3
"E00118406",8,5,3
"E00118407",4,2,2
"E00118408",0,0,0
"E00118409",13,8,5
"E00118410",0,0,0
"E00118411",1,0,1
"E00118412",4,1,3
"E00118413",2,1,1
"E00118414",1,1,0
"E00118415",6,3,3
"E00118416",3,1,2
"E00118417",7,3,4
"E00118418",0,0,0
"E00118419",5,4,1
"E00118420",7,4,3
"E00118421",6,4,2
"E00118422",8,4,4
"E00118423",6,5,1
"E00118424",4,1,3
"E00118425",3,0,3
"E00118426",0,0,0
"E00118427",4,2,2
"E00118429",4,4,0
"E00118430",2,2,0
"E00118431",8,3,5
"E00118432",4,4,0
"E00118433",10,4,6
"E00118434",17,14,3
"E00118435",0,0,0
"E00118436",3,1,2
"E00118437",5,2,3
"E00118438",2,1,1
"E00118439",8,4,4
"E00118440",1,1,0
"E00118441",6,3,3
"E00118442",3,2,1
"E00118443",4,1,3
"E00118444",6,2,4
"E00118445",4,1,3
"E00118446",1,1,0
"E00118447",3,1,2
"E00118448",4,2,2
"E00118449",8,5,3
"E00118450",3,2,1
"E00118451",2,2,0
"E00118452",1,1,0
"E00118453",5,3,2
"E00118454",6,2,4
"E00118455",6,3,3
"E00118456",4,3,1
"E00118457",9,5,4
"E00118458",9,4,5
"E00118459",0,0,0
"E00118460",4,1,3
"E00118461",5,4,1
"E00118462",4,2,2
"E00118463",5,3,2
"E00118465",9,4,5
"E00118466",1,0,1
"E00118467",0,0,0
"E00118468",4,3,1
"E00118469",11,7,4
"E00118470",4,2,2
"E00118471",1,1,0
"E00118472",2,2,0
"E00118473",5,4,1
"E00118474",0,0,0
"E00118476",1,1,0
"E00118477",4,1,3
"E00118478",2,0,2
"E00118479",3,2,1
"E00118480",1,1,0
"E00118481",0,0,0
"E00118482",3,2,1
"E00118483",0,0,0
"E00118484",6,2,4
"E00118485",3,2,1
"E00118486",6,2,4
"E00118488",0,0,0
"E00118489",2,2,0
"E00118490",1,1,0
"E00118491",2,2,0
"E00118492",2,2,0
"E00118493",0,0,0
"E00118494",0,0,0
"E00118495",5,2,3
"E00118496",3,0,3
"E00118497",1,0,1
"E00118498",3,2,1
"E00118499",0,0,0
"E00118500",2,0,2
"E00118501",1,1,0
"E00118502",2,2,0
"E00118503",7,3,4
"E00118504",4,3,1
"E00118505",2,1,1
"E00118506",7,4,3
"E00118507",1,1,0
"E00118508",1,1,0
"E00118509",6,3,3
"E00118510",1,1,0
"E00118511",1,1,0
"E00118512",3,2,1
"E00118513",1,1,0
"E00118514",0,0,0
"E00118515",1,1,0
"E00118516",0,0,0
"E00118517",3,1,2
"E00118518",1,1,0
"E00118519",3,0,3
"E00118520",1,1,0
"E00118521",5,3,2
"E00118522",2,1,1
"E00118523",4,4,0
"E00118524",3,2,1
"E00118525",5,1,4
"E00118526",1,0,1
"E00118527",1,1,0
"E00118528",2,0,2
"E00118529",3,2,1
"E00118530",2,1,1
"E00118531",1,0,1
"E00118532",5,1,4
"E00118533",7,4,3
"E00118534",4,3,1
"E00118535",7,6,1
"E00118536",5,1,4
"E00118537",5,1,4
"E00118538",4,2,2
"E00118539",0,0,0
"E00118540",3,1,2
"E00118541",2,1,1
"E00118542",1,1,0
"E00118543",7,3,4
"E00118544",3,0,3
"E00118545",1,0,1
"E00118546",0,0,0
"E00118547",1,1,0
"E00118548",3,2,1
"E00118549",3,2,1
"E00118550",6,4,2
"E00118551",6,2,4
"E00118552",0,0,0
"E00118553",0,0,0
"E00118554",0,0,0
"E00118555",2,2,0
"E00118556",0,0,0
"E00118557",1,1,0
"E00118558",4,2,2
"E00118559",0,0,0
"E00118560",0,0,0
"E00118561",2,1,1
"E00118562",2,1,1
"E00118563",1,1,0
"E00118564",6,2,4
"E00118565",4,1,3
"E00118566",1,1,0
"E00118567",5,3,2
"E00118568",2,1,1
"E00118569",2,2,0
"E00118570",1,0,1
"E00118571",3,1,2
"E00118572",0,0,0
"E00118573",3,1,2
"E00118574",4,2,2
"E00118575",1,1,0
"E00118576",11,6,5
"E00118577",3,2,1
"E00118578",1,0,1
"E00118579",9,5,4
"E00118580",2,2,0
"E00118581",6,3,3
"E00118582",4,1,3
"E00118583",2,1,1
"E00118584",2,1,1
"E00118585",3,1,2
"E00118586",5,1,4
"E00118587",8,4,4
"E00118588",5,3,2
"E00118589",0,0,0
"E00118590",1,0,1
"E00118591",8,5,3
"E00118592",0,0,0
"E00118593",0,0,0
"E00118595",4,1,3
"E00118596",2,1,1
"E00118597",5,1,4
"E00118598",0,0,0
"E00118599",0,0,0
"E00118600",1,0,1
"E00118601",3,2,1
"E00118602",6,1,5
"E00118603",0,0,0
"E00118604",5,3,2
"E00118605",7,2,5
"E00118606",4,2,2
"E00118607",1,0,1
"E00118608",5,4,1
"E00118609",0,0,0
"E00118610",2,1,1
"E00118611",6,2,4
"E00118612",4,3,1
"E00118613",9,6,3
"E00118614",6,3,3
"E00118615",4,1,3
"E00118616",0,0,0
"E00118617",2,0,2
"E00118618",0,0,0
"E00118619",1,0,1
"E00118620",3,2,1
"E00118621",3,2,1
"E00118622",0,0,0
"E00118623",5,2,3
"E00118624",0,0,0
"E00118625",2,1,1
"E00118626",2,2,0
"E00118627",2,0,2
"E00118628",2,0,2
"E00118629",4,3,1
"E00118630",2,0,2
"E00118631",0,0,0
"E00118632",1,1,0
"E00118633",6,5,1
"E00118634",4,2,2
"E00118635",4,4,0
"E00118636",0,0,0
"E00118637",1,0,1
"E00118638",7,2,5
"E00118639",14,7,7
"E00118640",14,6,8
"E00118641",6,1,5
"E00118642",10,6,4
"E00118643",4,3,1
"E00118644",20,16,4
"E00118645",0,0,0
"E00118646",3,2,1
"E00118647",0,0,0
"E00118649",4,4,0
"E00118650",8,4,4
"E00118651",5,0,5
"E00118652",1,0,1
"E00118653",12,7,5
"E00118654",7,2,5
"E00118655",1,1,0
"E00118656",8,6,2
"E00118657",4,2,2
"E00118658",10,9,1
"E00118659",7,0,7
"E00118660",7,2,5
"E00118661",3,1,2
"E00118662",8,4,4
"E00118663",5,5,0
"E00118664",13,9,4
"E00118665",6,5,1
"E00118666",14,6,8
"E00118667",0,0,0
"E00118668",1,0,1
"E00118669",6,5,1
"E00118670",5,1,4
"E00118671",1,1,0
"E00118672",1,0,1
"E00118673",1,0,1
"E00118674",4,1,3
"E00118675",2,1,1
"E00118676",9,4,5
"E00118677",0,0,0
"E00118678",4,2,2
"E00118679",5,3,2
"E00118680",6,2,4
"E00118681",7,4,3
"E00118682",0,0,0
"E00118683",5,2,3
"E00118684",1,0,1
"E00118685",23,18,5
"E00118686",9,6,3
"E00118687",6,2,4
"E00118688",6,2,4
"E00118689",0,0,0
"E00118690",3,1,2
"E00118691",1,0,1
"E00118692",6,5,1
"E00118694",3,3,0
"E00118695",11,8,3
"E00118696",8,5,3
"E00118697",6,3,3
"E00118698",11,6,5
"E00118699",4,2,2
"E00118700",12,6,6
"E00118701",8,6,2
"E00118702",3,2,1
"E00118703",26,12,14
"E00118704",2,1,1
"E00118705",6,4,2
"E00118706",12,7,5
"E00118707",2,1,1
"E00118708",13,6,7
"E00118709",8,4,4
"E00118710",12,5,7
"E00118711",7,3,4
"E00118712",5,2,3
"E00118713",3,3,0
"E00118714",12,3,9
"E00118715",9,5,4
"E00118716",14,7,7
"E00118717",5,2,3
"E00118718",8,4,4
"E00118719",3,1,2
"E00118720",1,1,0
"E00118721",5,0,5
"E00118722",7,4,3
"E00118723",13,5,8
"E00118724",12,7,5
"E00118725",15,6,9
"E00118726",24,13,11
"E00118727",22,13,9
"E00118728",18,7,11
"E00118729",1,1,0
"E00118730",9,2,7
"E00118731",2,0,2
"E00118732",4,2,2
"E00118733",6,2,4
"E00118734",7,3,4
"E00118735",0,0,0
"E00118736",9,6,3
"E00118737",7,4,3
"E00118738",15,5,10
"E00118739",18,10,8
"E00118740",15,7,8
"E00118741",12,5,7
"E00118742",6,1,5
"E00118743",15,9,6
"E00118744",7,7,0
"E00118745",7,5,2
"E00118746",6,4,2
"E00118748",2,1,1
"E00118749",6,6,0
"E00118750",0,0,0
"E00118751",3,1,2
"E00118752",3,2,1
"E00118753",5,3,2
"E00118754",10,3,7
"E00118755",7,6,1
"E00118756",4,2,2
"E00118757",6,4,2
"E00118758",2,1,1
"E00118759",4,2,2
"E00118760",5,2,3
"E00118761",10,5,5
"E00118762",12,6,6
"E00118763",6,2,4
"E00118764",8,3,5
"E00118765",8,5,3
"E00118766",7,3,4
"E00118767",9,6,3
"E00118768",5,3,2
"E00118769",0,0,0
"E00118770",4,3,1
"E00118771",8,1,7
"E00118772",14,4,10
"E00118773",11,4,7
"E00118774",6,1,5
"E00118775",3,2,1
"E00118776",8,2,6
"E00118777",5,2,3
"E00118778",13,6,7
"E00118779",4,0,4
"E00118780",1,1,0
"E00118781",9,3,6
"E00118782",7,3,4
"E00118783",4,2,2
"E00118784",1,0,1
"E00118785",12,8,4
"E00118786",9,4,5
"E00118787",6,4,2
"E00118788",3,1,2
"E00118789",5,3,2
"E00118790",10,6,4
"E00118791",11,6,5
"E00118792",3,0,3
"E00118793",5,3,2
"E00118794",11,6,5
"E00118795",5,3,2
"E00118796",9,4,5
"E00118797",4,0,4
"E00118798",3,3,0
"E00118799",3,1,2
"E00118800",4,0,4
"E00118801",5,2,3
"E00118802",3,1,2
"E00118803",3,3,0
"E00118804",0,0,0
"E00118805",1,1,0
"E00118806",6,3,3
"E00118807",4,1,3
"E00118808",3,0,3
"E00118809",9,5,4
"E00118810",1,0,1
"E00118811",6,5,1
"E00118812",11,6,5
"E00118813",2,0,2
"E00118814",7,4,3
"E00118815",3,0,3
"E00118816",2,0,2
"E00118817",6,3,3
"E00118818",4,3,1
"E00118819",5,2,3
"E00118820",12,5,7
"E00118821",1,0,1
"E00118822",8,3,5
"E00118823",6,0,6
"E00118824",1,1,0
"E00118825",5,0,5
"E00118826",4,1,3
"E00118827",2,1,1
"E00118828",2,1,1
"E00118829",5,3,2
"E00118830",2,1,1
"E00118831",8,5,3
"E00118832",6,3,3
"E00118833",9,4,5
"E00118834",6,3,3
"E00118835",1,1,0
"E00118836",2,0,2
"E00118837",3,2,1
"E00118838",6,2,4
"E00118839",0,0,0
"E00118840",0,0,0
"E00118841",1,1,0
"E00118842",0,0,0
"E00118843",6,2,4
"E00118844",3,3,0
"E00118845",3,1,2
"E00118846",3,3,0
"E00118847",1,0,1
"E00118848",7,3,4
"E00118849",3,2,1
"E00118850",1,1,0
"E00118851",5,1,4
"E00118852",4,2,2
"E00118853",5,3,2
"E00118854",0,0,0
"E00118855",3,1,2
"E00118856",7,6,1
"E00118857",7,2,5
"E00118858",1,0,1
"E00118859",1,1,0
"E00118860",9,4,5
"E00118861",5,4,1
"E00118862",4,3,1
"E00118865",4,2,2
"E00118866",6,4,2
"E00118867",5,0,5
"E00118868",3,2,1
"E00118869",4,2,2
"E00118870",3,2,1
"E00118871",0,0,0
"E00118872",0,0,0
"E00118873",0,0,0
"E00118874",2,0,2
"E00118875",2,1,1
"E00118876",0,0,0
"E00118877",0,0,0
"E00118878",1,0,1
"E00118879",1,0,1
"E00118880",5,3,2
"E00118881",2,2,0
"E00118882",3,0,3
"E00118883",1,1,0
"E00118884",5,2,3
"E00118885",3,1,2
"E00118886",3,2,1
"E00118887",0,0,0
"E00118888",6,2,4
"E00118889",2,1,1
"E00118890",2,2,0
"E00118891",5,1,4
"E00118892",5,2,3
"E00118893",4,2,2
"E00118894",1,1,0
"E00118895",5,3,2
"E00118896",4,2,2
"E00118897",1,1,0
"E00118898",1,0,1
"E00118899",1,1,0
"E00118900",9,0,9
"E00118901",7,6,1
"E00118902",5,2,3
"E00118903",9,5,4
"E00118904",5,3,2
"E00118905",9,8,1
"E00118906",3,1,2
"E00118907",4,2,2
"E00118908",9,6,3
"E00118909",2,0,2
"E00118910",2,2,0
"E00118911",1,1,0
"E00118912",5,1,4
"E00118913",7,5,2
"E00118914",1,0,1
"E00118915",0,0,0
"E00118916",2,1,1
"E00118917",10,4,6
"E00118918",4,3,1
"E00118919",3,2,1
"E00118920",2,2,0
"E00118921",10,5,5
"E00118922",5,4,1
"E00118923",7,2,5
"E00118924",13,7,6
"E00118925",0,0,0
"E00118926",4,3,1
"E00118927",6,5,1
"E00118928",4,2,2
"E00118929",5,3,2
"E00118930",8,5,3
"E00118931",11,6,5
"E00118932",3,2,1
"E00118933",4,2,2
"E00118934",1,0,1
"E00118935",4,0,4
"E00118936",4,1,3
"E00118937",2,0,2
"E00118938",3,3,0
"E00118939",1,0,1
"E00118940",6,2,4
"E00118941",8,4,4
"E00118942",4,2,2
"E00118943",4,3,1
"E00118944",7,3,4
"E00118945",4,2,2
"E00118946",2,0,2
"E00118947",5,2,3
"E00118948",4,3,1
"E00118949",7,4,3
"E00118950",6,3,3
"E00118951",9,4,5
"E00118952",0,0,0
"E00118953",1,0,1
"E00118954",3,2,1
"E00118955",6,3,3
"E00118956",7,3,4
"E00118957",5,3,2
"E00118958",4,0,4
"E00118959",10,5,5
"E00118960",3,2,1
"E00118961",12,7,5
"E00118962",5,2,3
"E00118963",19,7,12
"E00118964",3,2,1
"E00118965",6,4,2
"E00118966",2,0,2
"E00118967",3,1,2
"E00118968",9,4,5
"E00118969",6,2,4
"E00118970",2,0,2
"E00118971",3,1,2
"E00118972",1,0,1
"E00118973",10,8,2
"E00118974",10,3,7
"E00118975",4,3,1
"E00118976",9,5,4
"E00118977",11,5,6
"E00118978",16,7,9
"E00118979",11,3,8
"E00118980",4,2,2
"E00118981",13,9,4
"E00118982",6,6,0
"E00118983",8,5,3
"E00118984",11,5,6
"E00118985",12,4,8
"E00118986",5,1,4
"E00118987",13,2,11
"E00118988",8,4,4
"E00118989",5,4,1
"E00118990",16,5,11
"E00118991",11,6,5
"E00118992",11,5,6
"E00118993",5,2,3
"E00118994",6,3,3
"E00118995",9,7,2
"E00118996",12,6,6
"E00118997",0,0,0
"E00118998",11,6,5
"E00118999",9,6,3
"E00119000",5,3,2
"E00119001",2,1,1
"E00119002",7,3,4
"E00119003",7,2,5
"E00119004",1,1,0
"E00119005",2,1,1
"E00119006",5,2,3
"E00119007",4,3,1
"E00119008",8,6,2
"E00119009",3,3,0
"E00119010",0,0,0
"E00119011",6,2,4
"E00119012",6,5,1
"E00119013",1,1,0
"E00119014",2,1,1
"E00119015",3,0,3
"E00119016",5,2,3
"E00119017",2,0,2
"E00119018",9,6,3
"E00119019",11,5,6
"E00119020",5,4,1
"E00119021",5,2,3
"E00119022",11,9,2
"E00119023",5,3,2
"E00119024",6,4,2
"E00119025",3,2,1
"E00119026",3,1,2
"E00119027",4,2,2
"E00119028",3,2,1
"E00119029",10,6,4
"E00119030",4,2,2
"E00119031",2,0,2
"E00119032",2,1,1
"E00119033",5,5,0
"E00119034",1,0,1
"E00119035",2,2,0
"E00119036",9,4,5
"E00119037",13,9,4
"E00119038",0,0,0
"E00119039",1,0,1
"E00119040",4,2,2
"E00119041",1,1,0
"E00119042",1,0,1
"E00119043",5,2,3
"E00119044",2,1,1
"E00119045",6,4,2
"E00119046",9,5,4
"E00119047",13,6,7
"E00119048",0,0,0
"E00119049",3,1,2
"E00119050",5,2,3
"E00119051",0,0,0
"E00119052",8,2,6
"E00119053",3,2,1
"E00119054",2,1,1
"E00119055",13,8,5
"E00119056",1,0,1
"E00119057",5,3,2
"E00119058",11,7,4
"E00119059",3,1,2
"E00119060",6,1,5
"E00119061",7,2,5
"E00119062",7,3,4
"E00119063",13,4,9
"E00119064",9,5,4
"E00119065",7,3,4
"E00119066",4,2,2
"E00119067",14,6,8
"E00119068",9,5,4
"E00119069",4,3,1
"E00119070",13,5,8
"E00119071",9,3,6
"E00119073",14,4,10
"E00119074",4,4,0
"E00119075",2,1,1
"E00119076",1,1,0
"E00119077",5,1,4
"E00119078",2,1,1
"E00119079",5,2,3
"E00119080",5,1,4
"E00119081",4,3,1
"E00119082",3,0,3
"E00119083",4,4,0
"E00119084",3,2,1
"E00119085",3,3,0
"E00119086",1,1,0
"E00119087",6,5,1
"E00119088",9,4,5
"E00119089",14,9,5
"E00119090",4,1,3
"E00119091",3,1,2
"E00119092",8,1,7
"E00119093",6,2,4
"E00119094",3,0,3
"E00119095",6,5,1
"E00119096",1,0,1
"E00119097",2,0,2
"E00119098",5,5,0
"E00119099",2,1,1
"E00119100",5,3,2
"E00119101",0,0,0
"E00119102",0,0,0
"E00119103",1,1,0
"E00119104",4,1,3
"E00119105",4,2,2
"E00119106",3,0,3
"E00119107",10,6,4
"E00119108",4,2,2
"E00119109",0,0,0
"E00119111",1,1,0
"E00119112",9,3,6
"E00119113",9,5,4
"E00119114",0,0,0
"E00119115",5,3,2
"E00119116",4,1,3
"E00119117",9,6,3
"E00119118",8,4,4
"E00119119",8,4,4
"E00119120",7,2,5
"E00119121",12,6,6
"E00119122",16,9,7
"E00119123",5,3,2
"E00119124",9,6,3
"E00119125",9,5,4
"E00119126",9,3,6
"E00119127",19,11,8
"E00119128",7,3,4
"E00119129",3,0,3
"E00119130",4,2,2
"E00119131",17,6,11
"E00119132",6,5,1
"E00119133",8,4,4
"E00119134",2,2,0
"E00119135",19,7,12
"E00119136",10,5,5
"E00119137",24,17,7
"E00119138",5,5,0
"E00119139",13,9,4
"E00119140",24,16,8
"E00119141",10,3,7
"E00119142",13,9,4
"E00119143",15,8,7
"E00119144",7,4,3
"E00119145",1,1,0
"E00119146",15,8,7
"E00119147",6,2,4
"E00119148",6,3,3
"E00119149",4,3,1
"E00119150",4,2,2
"E00119151",9,7,2
"E00119152",3,1,2
"E00119153",11,5,6
"E00119154",13,6,7
"E00119155",2,2,0
"E00119156",13,6,7
"E00119157",6,5,1
"E00119158",5,3,2
"E00119159",7,5,2
"E00119160",5,2,3
"E00119161",9,5,4
"E00119162",10,5,5
"E00119163",2,1,1
"E00119164",8,5,3
"E00119165",10,8,2
"E00119166",11,7,4
"E00119167",9,5,4
"E00119168",11,4,7
"E00119169",6,3,3
"E00119170",2,2,0
"E00119171",11,4,7
"E00119172",12,8,4
"E00119173",8,4,4
"E00119174",4,0,4
"E00119175",4,1,3
"E00119176",0,0,0
"E00119177",5,3,2
"E00119178",5,2,3
"E00119179",6,3,3
"E00119180",5,5,0
"E00119181",5,2,3
"E00119182",15,10,5
"E00119183",13,6,7
"E00119184",5,1,4
"E00119185",3,0,3
"E00119186",5,2,3
"E00119187",2,1,1
"E00119188",6,2,4
"E00119189",5,0,5
"E00119190",0,0,0
"E00119191",8,4,4
"E00119192",8,6,2
"E00119193",7,5,2
"E00119194",5,1,4
"E00119195",6,2,4
"E00119196",5,4,1
"E00119197",11,4,7
"E00119198",0,0,0
"E00119199",15,10,5
"E00119200",14,6,8
"E00119201",0,0,0
"E00119202",6,3,3
"E00119203",13,7,6
"E00119204",0,0,0
"E00119205",2,1,1
"E00119206",9,4,5
"E00119207",11,5,6
"E00119208",8,5,3
"E00119209",6,4,2
"E00119210",6,3,3
"E00119211",3,2,1
"E00119212",1,1,0
"E00119213",3,2,1
"E00119214",1,1,0
"E00119215",10,7,3
"E00119216",12,7,5
"E00119217",5,3,2
"E00119218",4,4,0
"E00119219",4,1,3
"E00119220",3,2,1
"E00119221",5,4,1
"E00119222",1,1,0
"E00119223",0,0,0
"E00119224",12,6,6
"E00119225",14,7,7
"E00119226",10,6,4
"E00119227",4,2,2
"E00119228",0,0,0
"E00119229",4,1,3
"E00119230",12,7,5
"E00119231",13,4,9
"E00119232",7,4,3
"E00119233",1,0,1
"E00119234",11,6,5
"E00119236",24,15,9
"E00119237",4,3,1
"E00119238",6,5,1
"E00119239",11,3,8
"E00119240",3,2,1
"E00119241",6,3,3
"E00119242",1,0,1
"E00119243",20,7,13
"E00119244",7,4,3
"E00119245",2,0,2
"E00119246",5,2,3
"E00119248",5,3,2
"E00119249",8,4,4
"E00119250",3,0,3
"E00119251",0,0,0
"E00119252",8,3,5
"E00119253",5,4,1
"E00119254",0,0,0
"E00119255",8,3,5
"E00119256",6,4,2
"E00119257",8,6,2
"E00119258",14,6,8
"E00119259",5,2,3
"E00119260",5,3,2
"E00119261",4,3,1
"E00119263",5,1,4
"E00119264",4,0,4
"E00119265",9,6,3
"E00119266",15,7,8
"E00119267",0,0,0
"E00119268",10,5,5
"E00119269",3,1,2
"E00119270",1,1,0
"E00119271",3,1,2
"E00119272",5,2,3
"E00119273",12,6,6
"E00119274",5,2,3
"E00119275",8,4,4
"E00119276",0,0,0
"E00119277",16,11,5
"E00119278",3,3,0
"E00119279",1,1,0
"E00119280",7,0,7
"E00119281",21,8,13
"E00119282",2,1,1
"E00119283",5,3,2
"E00119284",4,2,2
"E00119285",4,2,2
"E00119286",5,1,4
"E00119287",7,4,3
"E00119288",12,8,4
"E00119289",15,7,8
"E00119290",13,4,9
"E00119291",18,10,8
"E00119292",16,12,4
"E00119293",24,10,14
"E00119294",2,2,0
"E00119295",17,9,8
"E00119296",7,4,3
"E00119297",6,4,2
"E00119298",1,1,0
"E00119299",1,1,0
"E00119300",0,0,0
"E00119301",3,2,1
"E00119302",3,1,2
"E00119303",3,3,0
"E00119304",0,0,0
"E00119305",2,0,2
"E00119306",1,1,0
"E00119307",4,2,2
"E00119308",7,6,1
"E00119309",6,4,2
"E00119310",8,2,6
"E00119311",3,1,2
"E00119312",4,1,3
"E00119313",3,1,2
"E00119314",1,0,1
"E00119315",14,8,6
"E00119316",3,0,3
"E00119317",3,0,3
"E00119318",7,3,4
"E00119319",7,2,5
"E00119320",10,5,5
"E00119321",7,1,6
"E00119322",3,2,1
"E00119323",15,12,3
"E00119324",2,2,0
"E00119325",13,9,4
"E00119326",3,2,1
"E00119327",7,2,5
"E00119328",11,4,7
"E00119329",17,10,7
"E00119330",1,0,1
"E00119331",14,5,9
"E00119332",8,4,4
"E00119333",7,2,5
"E00119334",13,4,9
"E00119335",7,4,3
"E00119336",0,0,0
"E00119337",3,2,1
"E00119338",6,4,2
"E00119339",1,0,1
"E00119340",7,4,3
"E00119341",10,6,4
"E00119342",8,3,5
"E00119343",12,5,7
"E00119344",5,2,3
"E00119345",14,9,5
"E00119346",7,4,3
"E00119347",12,7,5
"E00119348",14,8,6
"E00119349",11,7,4
"E00119350",0,0,0
"E00119351",2,1,1
"E00119352",7,1,6
"E00119353",5,2,3
"E00119354",4,3,1
"E00119355",8,1,7
"E00119356",5,3,2
"E00119357",7,6,1
"E00119358",0,0,0
"E00119359",8,4,4
"E00119360",12,5,7
"E00119361",4,2,2
"E00119362",9,3,6
"E00119363",8,2,6
"E00119364",8,4,4
"E00119365",2,1,1
"E00119367",7,2,5
"E00119368",5,2,3
"E00119369",3,2,1
"E00119370",11,6,5
"E00119371",9,5,4
"E00119372",2,1,1
"E00119373",2,1,1
"E00119374",5,1,4
"E00119375",3,2,1
"E00119376",7,7,0
"E00119377",0,0,0
"E00119378",2,1,1
"E00119379",6,4,2
"E00119380",5,0,5
"E00119381",3,2,1
"E00119382",7,3,4
"E00119383",1,0,1
"E00119384",3,2,1
"E00119385",3,1,2
"E00119386",2,0,2
"E00119387",14,8,6
"E00119388",1,1,0
"E00119389",4,1,3
"E00119390",3,3,0
"E00119391",5,1,4
"E00119393",6,1,5
"E00119394",15,7,8
"E00119395",1,1,0
"E00119396",6,2,4
"E00119397",12,8,4
"E00119398",1,0,1
"E00119399",2,1,1
"E00119400",5,3,2
"E00119401",7,3,4
"E00119402",12,8,4
"E00119403",12,6,6
"E00119404",4,1,3
"E00119405",3,2,1
"E00119406",10,1,9
"E00119407",13,8,5
"E00119408",10,6,4
"E00119409",0,0,0
"E00119410",5,3,2
"E00119411",5,3,2
"E00119412",10,3,7
"E00119413",2,2,0
"E00119415",1,0,1
"E00119416",10,5,5
"E00119417",6,1,5
"E00119418",14,8,6
"E00119419",0,0,0
"E00119420",4,2,2
"E00119421",5,3,2
"E00119422",10,3,7
"E00119423",0,0,0
"E00119424",8,4,4
"E00119425",3,3,0
"E00119426",3,1,2
"E00119427",12,5,7
"E00119428",2,1,1
"E00119429",3,1,2
"E00119430",6,4,2
"E00119431",1,1,0
"E00119432",3,2,1
"E00119433",2,2,0
"E00119434",0,0,0
"E00119435",7,3,4
"E00119436",3,1,2
"E00119437",15,8,7
"E00119438",4,2,2
"E00119439",12,6,6
"E00119440",0,0,0
"E00119441",2,0,2
"E00119442",4,0,4
"E00119443",7,2,5
"E00119444",4,2,2
"E00119445",7,5,2
"E00119446",4,4,0
"E00119447",4,1,3
"E00119448",5,3,2
"E00119449",7,4,3
"E00119450",2,0,2
"E00119451",3,1,2
"E00119452",5,0,5
"E00119453",4,3,1
"E00119454",6,2,4
"E00119455",4,0,4
"E00119456",1,0,1
"E00119457",5,4,1
"E00119459",0,0,0
"E00119460",1,0,1
"E00119461",6,2,4
"E00119462",10,3,7
"E00119463",2,2,0
"E00119464",2,0,2
"E00119465",6,2,4
"E00119466",2,2,0
"E00119467",1,1,0
"E00119468",13,4,9
"E00119469",6,2,4
"E00119470",6,2,4
"E00119471",11,5,6
"E00119472",1,1,0
"E00119473",1,0,1
"E00119474",8,6,2
"E00119475",1,1,0
"E00119476",16,10,6
"E00119477",11,5,6
"E00119478",10,6,4
"E00119480",20,12,8
"E00119481",19,7,12
"E00119482",2,2,0
"E00119483",20,11,9
"E00119485",13,8,5
"E00119486",5,1,4
"E00119487",5,2,3
"E00119488",18,8,10
"E00119489",28,12,16
"E00119490",4,2,2
"E00119491",12,5,7
"E00119492",7,5,2
"E00119493",11,6,5
"E00119494",10,4,6
"E00119496",15,9,6
"E00119497",12,7,5
"E00119498",8,5,3
"E00119499",0,0,0
"E00119500",18,14,4
"E00119501",14,8,6
"E00119502",12,8,4
"E00119503",5,4,1
"E00119504",1,0,1
"E00119505",0,0,0
"E00119506",0,0,0
"E00119507",0,0,0
"E00119508",11,7,4
"E00119509",3,1,2
"E00119510",6,3,3
"E00119511",5,2,3
"E00119512",7,3,4
"E00119513",4,1,3
"E00119514",0,0,0
"E00119515",9,6,3
"E00119516",0,0,0
"E00119517",2,1,1
"E00119518",7,3,4
"E00119519",10,4,6
"E00119520",0,0,0
"E00119522",7,3,4
"E00119523",2,0,2
"E00119524",3,1,2
"E00119525",2,1,1
"E00119526",6,3,3
"E00119527",4,2,2
"E00119528",3,1,2
"E00119529",7,2,5
"E00119530",5,4,1
"E00119531",2,1,1
"E00119532",0,0,0
"E00119533",0,0,0
"E00119534",3,2,1
"E00119535",2,1,1
"E00119536",1,1,0
"E00119537",2,1,1
"E00119538",7,3,4
"E00119539",9,3,6
"E00119540",6,3,3
"E00119541",4,2,2
"E00119542",2,0,2
"E00119543",4,3,1
"E00119544",0,0,0
"E00119545",3,2,1
"E00119546",0,0,0
"E00119547",0,0,0
"E00119548",2,1,1
"E00119549",5,3,2
"E00119550",5,3,2
"E00119551",7,3,4
"E00119552",2,2,0
"E00119553",4,2,2
"E00119554",4,3,1
"E00119555",10,6,4
"E00119556",5,3,2
"E00119557",9,4,5
"E00119559",0,0,0
"E00119560",9,5,4
"E00119561",6,3,3
"E00119562",2,0,2
"E00119563",7,2,5
"E00119565",3,2,1
"E00119566",9,5,4
"E00119568",1,0,1
"E00119569",6,1,5
"E00119570",8,1,7
"E00119571",1,0,1
"E00119572",0,0,0
"E00119573",3,1,2
"E00119574",0,0,0
"E00119575",6,2,4
"E00119576",9,4,5
"E00119577",0,0,0
"E00119579",4,1,3
"E00119580",4,2,2
"E00119581",0,0,0
"E00119582",7,1,6
"E00119583",6,2,4
"E00119584",4,2,2
"E00119585",0,0,0
"E00119586",0,0,0
"E00119587",2,1,1
"E00119588",1,0,1
"E00119589",0,0,0
"E00119590",0,0,0
"E00119591",2,0,2
"E00119592",5,3,2
"E00119593",11,6,5
"E00119594",8,6,2
"E00119595",3,2,1
"E00119596",0,0,0
"E00119597",4,1,3
"E00119598",5,3,2
"E00119599",4,1,3
"E00119600",8,3,5
"E00119601",5,4,1
"E00119602",10,6,4
"E00119603",34,23,11
"E00119604",14,5,9
"E00119605",13,5,8
"E00119606",16,10,6
"E00119607",3,1,2
"E00119608",1,0,1
"E00119609",4,0,4
"E00119610",8,1,7
"E00119611",12,5,7
"E00119612",1,1,0
"E00119613",5,0,5
"E00119614",6,2,4
"E00119615",3,1,2
"E00119616",4,3,1
"E00119617",4,3,1
"E00119618",0,0,0
"E00119619",11,7,4
"E00119620",44,18,26
"E00119621",3,1,2
"E00119622",7,4,3
"E00119623",2,1,1
"E00119624",7,4,3
"E00119625",16,7,9
"E00119626",11,6,5
"E00119627",10,6,4
"E00119628",6,4,2
"E00119629",6,2,4
"E00119630",6,0,6
"E00119631",4,1,3
"E00119632",5,3,2
"E00119633",2,2,0
"E00119635",4,2,2
"E00119636",10,6,4
"E00119637",4,1,3
"E00119639",3,2,1
"E00119640",6,4,2
"E00119641",6,1,5
"E00119642",2,1,1
"E00119643",4,2,2
"E00119644",5,2,3
"E00119645",4,2,2
"E00119646",12,6,6
"E00119647",8,5,3
"E00119648",1,1,0
"E00119649",5,2,3
"E00119650",5,3,2
"E00119651",3,1,2
"E00119652",11,9,2
"E00119653",9,3,6
"E00119654",0,0,0
"E00119655",9,6,3
"E00119656",16,10,6
"E00119657",1,1,0
"E00119658",19,11,8
"E00119659",7,4,3
"E00119660",12,5,7
"E00119661",7,3,4
"E00119662",7,5,2
"E00119663",9,4,5
"E00119664",0,0,0
"E00119665",3,2,1
"E00119666",4,1,3
"E00119667",4,1,3
"E00119668",1,1,0
"E00119669",5,2,3
"E00119670",13,5,8
"E00119671",7,4,3
"E00119672",1,0,1
"E00119673",7,3,4
"E00119674",17,7,10
"E00119675",16,6,10
"E00119676",3,1,2
"E00119677",0,0,0
"E00119678",1,1,0
"E00119679",9,2,7
"E00119680",13,3,10
"E00119681",12,6,6
"E00119682",26,14,12
"E00119683",23,13,10
"E00119684",6,4,2
"E00119685",11,8,3
"E00119686",0,0,0
"E00119687",9,5,4
"E00119688",0,0,0
"E00119689",10,4,6
"E00119690",4,3,1
"E00119691",1,1,0
"E00119692",7,4,3
"E00119693",10,6,4
"E00119694",1,1,0
"E00119695",11,6,5
"E00119696",0,0,0
"E00119697",2,1,1
"E00119698",0,0,0
"E00119699",6,2,4
"E00119700",3,1,2
"E00119701",6,4,2
"E00119702",14,10,4
"E00119703",9,4,5
"E00119704",8,3,5
"E00119705",3,2,1
"E00119706",1,1,0
"E00119707",6,1,5
"E00119708",6,5,1
"E00119709",3,2,1
"E00119710",5,3,2
"E00119711",4,3,1
"E00119712",4,3,1
"E00119713",5,2,3
"E00119714",6,6,0
"E00119715",4,2,2
"E00119716",1,1,0
"E00119717",5,2,3
"E00119718",10,4,6
"E00119719",4,2,2
"E00119720",2,1,1
"E00119721",10,4,6
"E00119722",2,1,1
"E00119723",4,1,3
"E00119724",9,6,3
"E00119725",3,1,2
"E00119726",2,1,1
"E00119727",1,1,0
"E00119728",6,5,1
"E00119729",9,3,6
"E00119730",2,1,1
"E00119731",4,1,3
"E00119732",2,0,2
"E00119733",5,3,2
"E00119734",4,2,2
"E00119735",3,2,1
"E00119736",5,2,3
"E00119737",0,0,0
"E00119738",0,0,0
"E00119739",2,1,1
"E00119740",9,6,3
"E00119741",14,5,9
"E00119742",10,5,5
"E00119743",8,6,2
"E00119744",6,2,4
"E00119745",9,3,6
"E00119746",4,0,4
"E00119747",13,10,3
"E00119748",2,2,0
"E00119749",4,1,3
"E00119750",4,2,2
"E00119751",8,4,4
"E00119752",2,1,1
"E00119753",3,2,1
"E00119754",6,3,3
"E00119755",3,3,0
"E00119756",2,1,1
"E00119757",4,3,1
"E00119758",9,6,3
"E00119759",5,2,3
"E00119760",5,2,3
"E00119761",8,4,4
"E00119762",5,2,3
"E00119763",9,7,2
"E00119764",3,0,3
"E00119765",0,0,0
"E00119766",4,2,2
"E00119767",6,3,3
"E00119768",2,0,2
"E00119769",11,7,4
"E00119770",1,1,0
"E00119771",12,6,6
"E00119772",13,8,5
"E00119773",5,3,2
"E00119774",4,1,3
"E00119775",2,1,1
"E00119776",2,1,1
"E00119777",6,6,0
"E00119778",6,2,4
"E00119779",0,0,0
"E00119780",6,2,4
"E00119781",2,1,1
"E00119782",9,5,4
"E00119783",5,3,2
"E00119784",10,4,6
"E00119785",7,5,2
"E00119786",10,4,6
"E00119787",7,4,3
"E00119788",15,9,6
"E00119789",8,4,4
"E00119790",4,1,3
"E00119791",9,3,6
"E00119792",6,4,2
"E00119793",5,3,2
"E00119794",5,1,4
"E00119795",6,1,5
"E00119796",10,3,7
"E00119797",2,1,1
"E00119798",3,1,2
"E00119799",3,2,1
"E00119800",1,0,1
"E00119801",5,3,2
"E00119802",10,1,9
"E00119803",9,4,5
"E00119804",4,2,2
"E00119805",1,0,1
"E00119806",4,1,3
"E00119807",0,0,0
"E00119808",2,1,1
"E00119809",4,0,4
"E00119810",2,0,2
"E00119811",3,1,2
"E00119812",2,1,1
"E00119813",4,1,3
"E00119814",3,2,1
"E00119815",6,4,2
"E00119816",4,2,2
"E00119817",0,0,0
"E00119818",6,5,1
"E00119819",5,4,1
"E00119820",2,2,0
"E00119821",5,2,3
"E00119822",3,3,0
"E00119823",3,0,3
"E00119824",5,2,3
"E00119825",5,4,1
"E00119826",0,0,0
"E00119827",7,5,2
"E00119828",7,3,4
"E00119829",2,0,2
"E00119830",8,4,4
"E00119831",6,2,4
"E00119832",5,0,5
"E00119833",0,0,0
"E00119834",5,2,3
"E00119835",10,6,4
"E00119836",1,0,1
"E00119837",13,8,5
"E00119838",2,1,1
"E00119839",8,5,3
"E00119840",5,2,3
"E00119841",7,2,5
"E00119842",2,2,0
"E00119843",8,5,3
"E00119844",14,5,9
"E00119845",3,1,2
"E00119846",2,1,1
"E00119847",8,4,4
"E00119848",4,1,3
"E00119849",1,1,0
"E00119850",6,2,4
"E00119853",14,4,10
"E00119854",5,4,1
"E00119855",0,0,0
"E00119857",1,1,0
"E00119858",9,3,6
"E00119859",1,1,0
"E00119860",4,2,2
"E00119861",3,3,0
"E00119862",4,4,0
"E00119864",9,3,6
"E00119865",2,1,1
"E00119866",4,3,1
"E00119867",2,1,1
"E00119868",1,0,1
"E00119869",7,3,4
"E00119870",5,2,3
"E00119871",5,3,2
"E00119872",11,4,7
"E00119873",6,5,1
"E00119874",0,0,0
"E00119875",5,2,3
"E00119876",8,3,5
"E00119877",4,1,3
"E00119878",3,0,3
"E00119879",4,3,1
"E00119880",3,3,0
"E00119881",11,6,5
"E00119882",0,0,0
"E00119883",4,3,1
"E00119884",4,0,4
"E00119885",3,2,1
"E00119886",8,3,5
"E00119887",13,7,6
"E00119888",4,2,2
"E00119889",0,0,0
"E00119890",1,0,1
"E00119891",8,4,4
"E00119892",7,2,5
"E00119893",2,1,1
"E00119894",6,2,4
"E00119895",4,0,4
"E00119896",5,2,3
"E00119897",15,7,8
"E00119898",6,3,3
"E00119899",14,8,6
"E00119900",1,1,0
"E00119901",1,0,1
"E00119902",6,3,3
"E00119903",2,1,1
"E00119904",17,5,12
"E00119905",7,4,3
"E00119906",3,1,2
"E00119907",7,3,4
"E00119908",2,1,1
"E00119909",8,3,5
"E00119910",7,2,5
"E00119911",4,2,2
"E00119912",2,0,2
"E00119913",8,3,5
"E00119914",8,2,6
"E00119915",0,0,0
"E00119916",5,1,4
"E00119917",2,2,0
"E00119918",2,2,0
"E00119919",6,3,3
"E00119920",0,0,0
"E00119921",5,1,4
"E00119922",2,0,2
"E00119923",0,0,0
"E00119924",0,0,0
"E00119925",1,0,1
"E00119926",3,2,1
"E00119927",9,3,6
"E00119928",5,3,2
"E00119930",10,7,3
"E00119931",7,2,5
"E00119932",7,4,3
"E00119933",7,4,3
"E00119934",0,0,0
"E00119935",8,4,4
"E00119936",18,8,10
"E00119937",9,4,5
"E00119938",6,1,5
"E00119939",9,5,4
"E00119940",0,0,0
"E00119941",5,3,2
"E00119942",21,11,10
"E00119943",19,7,12
"E00119944",8,3,5
"E00119945",8,4,4
"E00119946",2,1,1
"E00119947",2,0,2
"E00119948",0,0,0
"E00119949",4,3,1
"E00119950",5,3,2
"E00119951",2,1,1
"E00119952",2,0,2
"E00119953",5,1,4
"E00119954",3,1,2
"E00119955",1,1,0
"E00119956",8,6,2
"E00119957",8,4,4
"E00119958",6,0,6
"E00119959",10,4,6
"E00119960",1,0,1
"E00119961",8,5,3
"E00119962",10,6,4
"E00119963",2,1,1
"E00119964",5,1,4
"E00119965",3,3,0
"E00119966",5,3,2
"E00119967",4,2,2
"E00119968",7,4,3
"E00119969",8,5,3
"E00119970",17,7,10
"E00119971",1,1,0
"E00119972",2,1,1
"E00119973",10,4,6
"E00119974",9,5,4
"E00119975",8,5,3
"E00119976",5,2,3
"E00119977",5,1,4
"E00119978",4,2,2
"E00119979",4,3,1
"E00119980",12,5,7
"E00119981",5,2,3
"E00119982",9,4,5
"E00119983",17,8,9
"E00119984",15,7,8
"E00119985",22,10,12
"E00119986",5,2,3
"E00119987",9,5,4
"E00119988",7,2,5
"E00119989",13,9,4
"E00119990",1,0,1
"E00119991",19,8,11
"E00119992",9,6,3
"E00119993",7,2,5
"E00119994",5,3,2
"E00119995",7,4,3
"E00119996",8,2,6
"E00119997",6,3,3
"E00119998",4,2,2
"E00119999",14,11,3
"E00120000",6,3,3
"E00120001",9,3,6
"E00120002",2,0,2
"E00120003",3,1,2
"E00120004",1,1,0
"E00120005",4,2,2
"E00120006",8,4,4
"E00120007",15,9,6
"E00120008",1,1,0
"E00120009",2,0,2
"E00120010",6,2,4
"E00120011",4,2,2
"E00120012",4,0,4
"E00120013",3,1,2
"E00120014",4,2,2
"E00120015",7,6,1
"E00120016",3,3,0
"E00120017",7,4,3
"E00120018",5,2,3
"E00120019",4,3,1
"E00120020",5,3,2
"E00120021",0,0,0
"E00120022",1,0,1
"E00120023",3,1,2
"E00120024",4,1,3
"E00120025",1,1,0
"E00120026",7,3,4
"E00120027",4,3,1
"E00120028",4,2,2
"E00120029",1,1,0
"E00120030",0,0,0
"E00120031",3,1,2
"E00120032",2,2,0
"E00120033",0,0,0
"E00120034",2,0,2
"E00120035",1,1,0
"E00120036",4,3,1
"E00120037",3,0,3
"E00120038",7,7,0
"E00120039",4,3,1
"E00120040",1,1,0
"E00120041",0,0,0
"E00120042",3,1,2
"E00120043",1,1,0
"E00120044",2,0,2
"E00120045",6,3,3
"E00120046",5,1,4
"E00120047",3,2,1
"E00120048",3,2,1
"E00120049",0,0,0
"E00120050",6,2,4
"E00120051",0,0,0
"E00120052",3,0,3
"E00120053",4,1,3
"E00120054",2,0,2
"E00120055",10,8,2
"E00120056",1,1,0
"E00120057",5,1,4
"E00120058",1,1,0
"E00120059",4,2,2
"E00120060",0,0,0
"E00120061",2,2,0
"E00120062",2,1,1
"E00120063",0,0,0
"E00120064",2,1,1
"E00120065",11,4,7
"E00120066",0,0,0
"E00120067",1,1,0
"E00120068",10,4,6
"E00120069",15,9,6
"E00120070",7,3,4
"E00120071",13,8,5
"E00120072",3,2,1
"E00120073",5,2,3
"E00120074",12,6,6
"E00120075",0,0,0
"E00120076",12,6,6
"E00120077",3,3,0
"E00120078",6,3,3
"E00120079",11,6,5
"E00120080",4,2,2
"E00120081",1,0,1
"E00120082",6,3,3
"E00120083",12,7,5
"E00120084",4,3,1
"E00120085",6,3,3
"E00120086",12,7,5
"E00120087",5,2,3
"E00120088",15,6,9
"E00120089",2,2,0
"E00120090",0,0,0
"E00120091",12,6,6
"E00120092",10,6,4
"E00120093",5,3,2
"E00120094",7,5,2
"E00120095",17,11,6
"E00120096",2,2,0
"E00120097",11,3,8
"E00120098",10,3,7
"E00120099",2,1,1
"E00120100",2,2,0
"E00120101",1,0,1
"E00120102",1,1,0
"E00120103",2,1,1
"E00120104",3,2,1
"E00120105",2,0,2
"E00120106",2,1,1
"E00120107",4,1,3
"E00120108",0,0,0
"E00120109",4,1,3
"E00120110",5,2,3
"E00120111",3,2,1
"E00120112",2,1,1
"E00120113",2,1,1
"E00120114",9,5,4
"E00120115",7,4,3
"E00120116",2,0,2
"E00120117",7,3,4
"E00120118",4,2,2
"E00120119",8,5,3
"E00120120",0,0,0
"E00120121",8,4,4
"E00120122",7,5,2
"E00120123",3,3,0
"E00120124",6,6,0
"E00120125",1,1,0
"E00120126",7,3,4
"E00120127",13,3,10
"E00120128",3,2,1
"E00120129",5,3,2
"E00120130",6,2,4
"E00120131",9,5,4
"E00120132",4,0,4
"E00120133",3,3,0
"E00120134",8,6,2
"E00120135",0,0,0
"E00120136",15,9,6
"E00120137",12,7,5
"E00120138",4,2,2
"E00120139",3,2,1
"E00120140",0,0,0
"E00120141",3,2,1
"E00120142",7,4,3
"E00120143",4,2,2
"E00120145",4,2,2
"E00120146",4,1,3
"E00120147",6,4,2
"E00120148",4,2,2
"E00120149",5,3,2
"E00120150",11,6,5
"E00120151",12,7,5
"E00120152",0,0,0
"E00120153",7,5,2
"E00120154",10,6,4
"E00120155",2,1,1
"E00120156",7,4,3
"E00120157",1,1,0
"E00120158",2,1,1
"E00120159",1,0,1
"E00120160",1,0,1
"E00120161",3,1,2
"E00120162",3,2,1
"E00120163",1,1,0
"E00120164",4,1,3
"E00120165",0,0,0
"E00120166",9,4,5
"E00120167",2,0,2
"E00120168",3,2,1
"E00120169",1,0,1
"E00120170",1,0,1
"E00120171",5,4,1
"E00120172",6,0,6
"E00120173",7,5,2
"E00120174",13,6,7
"E00120175",8,6,2
"E00120176",5,3,2
"E00120177",3,2,1
"E00120178",5,3,2
"E00120179",8,6,2
"E00120180",10,5,5
"E00120181",9,7,2
"E00120182",5,2,3
"E00120183",8,4,4
"E00120184",10,4,6
"E00120185",6,3,3
"E00120186",7,3,4
"E00120187",5,4,1
"E00120188",6,3,3
"E00120189",6,5,1
"E00120190",7,5,2
"E00120191",4,2,2
"E00120192",1,0,1
"E00120193",2,2,0
"E00120194",1,1,0
"E00120195",1,1,0
"E00120196",0,0,0
"E00120197",11,6,5
"E00120198",1,0,1
"E00120199",2,2,0
"E00120200",6,4,2
"E00120201",11,6,5
"E00120202",19,7,12
"E00120203",4,3,1
"E00120204",4,3,1
"E00120205",4,1,3
"E00120206",6,1,5
"E00120207",4,1,3
"E00120208",4,1,3
"E00120209",1,0,1
"E00120210",1,0,1
"E00120211",2,1,1
"E00120212",6,2,4
"E00120213",1,1,0
"E00120214",7,3,4
"E00120215",1,1,0
"E00120216",8,1,7
"E00120217",10,6,4
"E00120218",7,4,3
"E00120219",3,3,0
"E00120220",11,4,7
"E00120221",6,2,4
"E00120222",8,3,5
"E00120223",10,6,4
"E00120224",15,11,4
"E00120225",14,7,7
"E00120226",3,1,2
"E00120227",10,4,6
"E00120228",14,7,7
"E00120229",18,9,9
"E00120230",0,0,0
"E00120231",6,5,1
"E00120232",2,1,1
"E00120233",12,8,4
"E00120234",7,3,4
"E00120235",5,1,4
"E00120236",9,5,4
"E00120237",3,1,2
"E00120238",2,0,2
"E00120239",17,7,10
"E00120240",12,7,5
"E00120241",5,2,3
"E00120242",1,0,1
"E00120243",1,1,0
"E00120244",5,3,2
"E00120245",1,1,0
"E00120246",8,4,4
"E00120247",4,1,3
"E00120248",6,2,4
"E00120249",5,4,1
"E00120250",3,2,1
"E00120251",7,4,3
"E00120252",4,2,2
"E00120253",1,1,0
"E00120254",5,1,4
"E00120255",6,3,3
"E00120256",9,5,4
"E00120257",13,5,8
"E00120258",11,6,5
"E00120259",6,3,3
"E00120260",5,0,5
"E00120261",14,9,5
"E00120262",2,1,1
"E00120263",3,0,3
"E00120264",14,10,4
"E00120265",4,3,1
"E00120266",2,0,2
"E00120267",4,1,3
"E00120268",3,1,2
"E00120269",6,2,4
"E00120270",9,3,6
"E00120271",5,3,2
"E00120272",7,5,2
"E00120273",0,0,0
"E00120274",3,1,2
"E00120275",5,1,4
"E00120276",9,4,5
"E00120277",6,3,3
"E00120278",3,3,0
"E00120279",7,5,2
"E00120280",3,2,1
"E00120281",6,3,3
"E00120282",18,8,10
"E00120283",11,4,7
"E00120284",0,0,0
"E00120285",14,5,9
"E00120286",3,1,2
"E00120287",9,4,5
"E00120288",8,2,6
"E00120289",13,5,8
"E00120290",4,2,2
"E00120291",9,8,1
"E00120292",12,7,5
"E00120293",6,3,3
"E00120294",13,6,7
"E00120295",3,1,2
"E00120296",3,2,1
"E00120297",1,1,0
"E00120298",2,1,1
"E00120299",7,5,2
"E00120300",9,6,3
"E00120301",5,2,3
"E00120302",7,3,4
"E00120303",6,5,1
"E00120304",2,1,1
"E00120305",6,2,4
"E00120306",16,9,7
"E00120307",10,7,3
"E00120308",22,11,11
"E00120309",1,1,0
"E00120310",9,7,2
"E00120311",10,6,4
"E00120312",11,6,5
"E00120313",12,5,7
"E00120314",15,6,9
"E00120315",0,0,0
"E00120316",17,10,7
"E00120317",14,4,10
"E00120318",0,0,0
"E00120319",8,6,2
"E00120320",13,8,5
"E00120321",21,7,14
"E00120322",12,6,6
"E00120323",11,5,6
"E00120324",11,5,6
"E00120325",11,7,4
"E00120326",17,10,7
"E00120327",2,1,1
"E00120328",11,7,4
"E00120329",12,8,4
"E00120330",9,5,4
"E00120331",17,11,6
"E00120332",7,3,4
"E00120333",6,2,4
"E00120334",16,8,8
"E00120335",3,2,1
"E00120336",10,7,3
"E00120337",4,2,2
"E00120338",20,10,10
"E00120339",9,6,3
"E00120340",10,5,5
"E00120341",25,12,13
"E00120342",22,13,9
"E00120343",13,8,5
"E00120344",17,5,12
"E00120345",9,3,6
"E00120346",6,3,3
"E00120347",16,12,4
"E00120348",9,5,4
"E00120349",31,23,8
"E00120350",8,5,3
"E00120351",3,1,2
"E00120352",5,3,2
"E00120353",4,4,0
"E00120354",17,11,6
"E00120355",25,12,13
"E00120356",8,5,3
"E00120357",4,3,1
"E00120358",9,6,3
"E00120359",10,5,5
"E00120360",8,2,6
"E00120361",14,10,4
"E00120362",1,0,1
"E00120363",15,8,7
"E00120364",8,4,4
"E00120365",16,10,6
"E00120366",7,3,4
"E00120367",20,13,7
"E00120368",9,6,3
"E00120369",5,3,2
"E00120370",6,3,3
"E00120371",9,4,5
"E00120372",3,2,1
"E00120373",0,0,0
"E00120374",3,2,1
"E00120375",2,1,1
"E00120376",5,1,4
"E00120378",1,1,0
"E00120379",5,2,3
"E00120380",3,1,2
"E00120381",0,0,0
"E00120382",4,1,3
"E00120383",1,0,1
"E00120384",3,2,1
"E00120385",0,0,0
"E00120386",1,1,0
"E00120387",3,2,1
"E00120388",5,3,2
"E00120389",3,2,1
"E00120390",6,3,3
"E00120391",1,1,0
"E00120392",9,6,3
"E00120393",2,1,1
"E00120394",12,8,4
"E00120395",5,1,4
"E00120396",6,3,3
"E00120397",8,3,5
"E00120398",3,2,1
"E00120399",2,1,1
"E00120400",7,2,5
"E00120401",20,14,6
"E00120402",1,0,1
"E00120403",17,8,9
"E00120404",6,4,2
"E00120405",14,8,6
"E00120406",1,0,1
"E00120407",13,5,8
"E00120408",8,5,3
"E00120409",14,5,9
"E00120410",5,3,2
"E00120411",1,0,1
"E00120412",3,1,2
"E00120413",8,3,5
"E00120414",1,0,1
"E00120415",4,1,3
"E00120416",19,12,7
"E00120417",10,6,4
"E00120418",16,7,9
"E00120419",6,1,5
"E00120420",8,4,4
"E00120421",1,0,1
"E00120422",5,2,3
"E00120423",9,5,4
"E00120424",10,3,7
"E00120425",12,7,5
"E00120426",5,2,3
"E00120427",8,4,4
"E00120428",8,4,4
"E00120429",34,16,18
"E00120430",7,5,2
"E00120431",24,10,14
"E00120432",17,10,7
"E00120433",3,2,1
"E00120434",15,9,6
"E00120435",12,8,4
"E00120437",5,3,2
"E00120438",0,0,0
"E00120439",2,2,0
"E00120440",7,3,4
"E00120441",0,0,0
"E00120442",2,1,1
"E00120443",9,4,5
"E00120444",0,0,0
"E00120445",4,2,2
"E00120446",4,3,1
"E00120447",5,5,0
"E00120448",6,4,2
"E00120449",6,3,3
"E00120450",0,0,0
"E00120451",3,0,3
"E00120452",5,2,3
"E00120453",9,3,6
"E00120454",9,6,3
"E00120455",0,0,0
"E00120456",0,0,0
"E00120457",31,13,18
"E00120458",3,1,2
"E00120459",4,0,4
"E00120460",9,4,5
"E00120461",8,5,3
"E00120462",5,4,1
"E00120463",6,2,4
"E00120464",3,3,0
"E00120465",6,4,2
"E00120466",1,1,0
"E00120467",4,2,2
"E00120468",3,0,3
"E00120469",11,7,4
"E00120470",3,2,1
"E00120471",10,8,2
"E00120472",0,0,0
"E00120473",9,7,2
"E00120474",13,7,6
"E00120475",5,1,4
"E00120476",8,2,6
"E00120477",0,0,0
"E00120478",5,4,1
"E00120479",0,0,0
"E00120480",9,3,6
"E00120481",1,0,1
"E00120482",0,0,0
"E00120483",5,1,4
"E00120484",6,4,2
"E00120485",0,0,0
"E00120486",4,4,0
"E00120487",5,3,2
"E00120488",1,0,1
"E00120489",3,0,3
"E00120490",13,9,4
"E00120491",1,0,1
"E00120492",1,0,1
"E00120493",0,0,0
"E00120494",0,0,0
"E00120495",1,0,1
"E00120496",3,1,2
"E00120497",6,3,3
"E00120498",21,6,15
"E00120499",6,3,3
"E00120500",1,0,1
"E00120501",1,0,1
"E00120502",9,4,5
"E00120503",9,5,4
"E00120504",10,6,4
"E00120505",5,4,1
"E00120506",8,6,2
"E00120507",14,8,6
"E00120508",8,5,3
"E00120509",6,3,3
"E00120510",2,1,1
"E00120511",4,4,0
"E00120512",3,2,1
"E00120513",6,2,4
"E00120514",7,3,4
"E00120515",8,5,3
"E00120516",8,5,3
"E00120517",7,4,3
"E00120518",8,2,6
"E00120519",6,4,2
"E00120520",16,7,9
"E00120521",5,2,3
"E00120522",8,2,6
"E00120523",13,10,3
"E00120524",1,0,1
"E00120525",11,8,3
"E00120526",10,5,5
"E00120527",5,3,2
"E00120528",15,10,5
"E00120529",1,1,0
"E00120530",1,0,1
"E00120531",2,1,1
"E00120532",6,2,4
"E00120533",10,7,3
"E00120534",5,3,2
"E00120535",6,4,2
"E00120536",3,1,2
"E00120537",1,1,0
"E00120538",2,0,2
"E00120539",0,0,0
"E00120540",3,1,2
"E00120541",3,2,1
"E00120542",7,3,4
"E00120543",5,2,3
"E00120544",3,2,1
"E00120545",6,4,2
"E00120546",3,1,2
"E00120547",5,4,1
"E00120548",5,3,2
"E00120549",9,5,4
"E00120550",2,1,1
"E00120551",4,3,1
"E00120552",0,0,0
"E00120553",4,2,2
"E00120554",2,0,2
"E00120555",4,2,2
"E00120556",4,1,3
"E00120557",0,0,0
"E00120558",1,0,1
"E00120559",5,1,4
"E00120560",0,0,0
"E00120561",3,2,1
"E00120562",8,4,4
"E00120563",4,3,1
"E00120564",5,1,4
"E00120565",8,3,5
"E00120566",1,1,0
"E00120567",3,1,2
"E00120568",8,4,4
"E00120569",4,1,3
"E00120570",5,3,2
"E00120571",3,2,1
"E00120572",8,5,3
"E00120573",17,11,6
"E00120574",6,1,5
"E00120575",11,8,3
"E00120576",5,5,0
"E00120577",6,1,5
"E00120578",8,3,5
"E00120579",18,10,8
"E00120580",3,0,3
"E00120581",4,3,1
"E00120582",4,0,4
"E00120583",7,4,3
"E00120584",9,5,4
"E00120585",11,6,5
"E00120586",5,1,4
"E00120587",6,2,4
"E00120588",9,8,1
"E00120589",9,5,4
"E00120590",9,4,5
"E00120591",6,4,2
"E00120592",2,1,1
"E00120593",11,4,7
"E00120594",30,14,16
"E00120595",8,3,5
"E00120596",8,1,7
"E00120597",5,2,3
"E00120598",14,6,8
"E00120599",25,14,11
"E00120600",7,2,5
"E00120601",0,0,0
"E00120602",7,4,3
"E00120603",1,1,0
"E00120604",9,2,7
"E00120605",6,3,3
"E00120606",2,2,0
"E00120607",7,3,4
"E00120608",1,0,1
"E00120609",6,1,5
"E00120610",7,5,2
"E00120611",1,0,1
"E00120612",1,1,0
"E00120613",1,0,1
"E00120614",4,1,3
"E00120615",2,0,2
"E00120616",2,0,2
"E00120617",2,0,2
"E00120618",2,1,1
"E00120619",0,0,0
"E00120620",0,0,0
"E00120621",1,1,0
"E00120622",0,0,0
"E00120623",5,2,3
"E00120624",9,5,4
"E00120625",1,0,1
"E00120626",0,0,0
"E00120627",1,0,1
"E00120628",1,0,1
"E00120629",1,0,1
"E00120630",3,2,1
"E00120631",3,1,2
"E00120632",0,0,0
"E00120633",0,0,0
"E00120634",1,0,1
"E00120635",2,2,0
"E00120636",1,0,1
"E00120637",0,0,0
"E00120638",0,0,0
"E00120639",0,0,0
"E00120640",1,1,0
"E00120641",1,0,1
"E00120642",2,0,2
"E00120643",3,2,1
"E00120644",0,0,0
"E00120645",0,0,0
"E00120646",1,0,1
"E00120647",3,3,0
"E00120648",4,1,3
"E00120649",0,0,0
"E00120650",7,5,2
"E00120652",2,1,1
"E00120653",2,2,0
"E00120654",1,1,0
"E00120655",2,1,1
"E00120656",2,0,2
"E00120657",4,1,3
"E00120658",5,3,2
"E00120659",5,4,1
"E00120660",1,1,0
"E00120661",4,2,2
"E00120662",5,2,3
"E00120663",1,0,1
"E00120664",2,1,1
"E00120665",3,1,2
"E00120666",7,5,2
"E00120667",3,0,3
"E00120668",4,3,1
"E00120669",3,1,2
"E00120670",2,2,0
"E00120671",3,2,1
"E00120672",5,2,3
"E00120673",8,4,4
"E00120674",3,0,3
"E00120675",0,0,0
"E00120676",4,3,1
"E00120677",3,3,0
"E00120678",3,2,1
"E00120679",0,0,0
"E00120680",6,4,2
"E00120681",4,2,2
"E00120682",4,2,2
"E00120683",4,1,3
"E00120684",5,3,2
"E00120685",6,3,3
"E00120686",4,2,2
"E00120687",1,1,0
"E00120688",4,2,2
"E00120689",0,0,0
"E00120690",2,1,1
"E00120691",3,2,1
"E00120692",4,4,0
"E00120693",1,0,1
"E00120694",6,5,1
"E00120695",5,1,4
"E00120696",8,5,3
"E00120697",3,1,2
"E00120698",2,2,0
"E00120699",5,3,2
"E00120700",10,4,6
"E00120701",4,0,4
"E00120702",2,1,1
"E00120703",11,4,7
"E00120704",2,1,1
"E00120705",2,0,2
"E00120706",4,2,2
"E00120707",4,2,2
"E00120708",2,1,1
"E00120709",2,1,1
"E00120710",5,4,1
"E00120711",3,1,2
"E00120712",9,3,6
"E00120713",4,3,1
"E00120714",0,0,0
"E00120715",0,0,0
"E00120716",6,3,3
"E00120717",5,1,4
"E00120718",3,1,2
"E00120719",3,1,2
"E00120720",5,2,3
"E00120721",3,2,1
"E00120722",3,3,0
"E00120723",2,0,2
"E00120724",2,0,2
"E00120725",0,0,0
"E00120726",1,1,0
"E00120727",3,3,0
"E00120728",0,0,0
"E00120729",5,5,0
"E00120730",1,1,0
"E00120731",1,1,0
"E00120732",4,2,2
"E00120733",11,7,4
"E00120734",4,2,2
"E00120735",4,1,3
"E00120736",2,0,2
"E00120737",2,1,1
"E00120738",0,0,0
"E00120739",3,1,2
"E00120740",6,5,1
"E00120741",4,2,2
"E00120742",5,2,3
"E00120745",1,1,0
"E00120746",6,4,2
"E00120747",4,2,2
"E00120748",4,2,2
"E00120750",3,2,1
"E00120751",0,0,0
"E00120752",1,0,1
"E00120753",1,1,0
"E00120754",5,2,3
"E00120755",0,0,0
"E00120756",2,2,0
"E00120757",0,0,0
"E00120758",1,0,1
"E00120759",7,5,2
"E00120760",0,0,0
"E00120761",1,1,0
"E00120762",4,3,1
"E00120763",2,2,0
"E00120764",4,2,2
"E00120765",2,1,1
"E00120766",9,6,3
"E00120767",2,2,0
"E00120768",4,2,2
"E00120769",0,0,0
"E00120770",0,0,0
"E00120771",2,1,1
"E00120772",9,6,3
"E00120773",2,0,2
"E00120774",0,0,0
"E00120775",0,0,0
"E00120776",0,0,0
"E00120777",11,6,5
"E00120778",1,0,1
"E00120779",5,2,3
"E00120780",4,2,2
"E00120781",2,1,1
"E00120782",0,0,0
"E00120783",3,1,2
"E00120784",2,0,2
"E00120785",1,1,0
"E00120786",4,1,3
"E00120787",1,1,0
"E00120788",3,2,1
"E00120789",1,0,1
"E00120790",7,3,4
"E00120791",3,2,1
"E00120792",4,1,3
"E00120793",4,2,2
"E00120794",2,1,1
"E00120795",8,5,3
"E00120796",1,1,0
"E00120797",5,2,3
"E00120798",6,4,2
"E00120799",10,5,5
"E00120800",4,3,1
"E00120801",3,2,1
"E00120802",6,3,3
"E00120803",3,2,1
"E00120804",2,1,1
"E00120805",3,1,2
"E00120806",3,3,0
"E00120807",1,1,0
"E00120808",5,3,2
"E00120809",5,1,4
"E00120810",1,0,1
"E00120811",0,0,0
"E00120812",7,4,3
"E00120813",6,1,5
"E00120814",2,1,1
"E00120815",4,3,1
"E00120816",4,2,2
"E00120817",2,1,1
"E00120818",5,2,3
"E00120819",4,3,1
"E00120820",1,0,1
"E00120821",1,1,0
"E00120822",5,4,1
"E00120823",2,0,2
"E00120824",1,1,0
"E00120825",5,3,2
"E00120826",8,4,4
"E00120827",0,0,0
"E00120828",4,2,2
"E00120829",2,2,0
"E00120830",3,0,3
"E00120831",2,0,2
"E00120832",5,3,2
"E00120833",4,3,1
"E00120834",2,1,1
"E00120835",1,0,1
"E00120836",0,0,0
"E00120837",2,0,2
"E00120838",4,1,3
"E00120839",1,0,1
"E00120840",0,0,0
"E00120841",1,1,0
"E00120842",6,3,3
"E00120843",3,2,1
"E00120844",7,2,5
"E00120845",1,1,0
"E00120846",6,3,3
"E00120847",10,6,4
"E00120848",5,3,2
"E00120849",4,2,2
"E00120850",2,1,1
"E00120851",7,3,4
"E00120852",3,2,1
"E00120853",1,0,1
"E00120854",6,0,6
"E00120855",6,4,2
"E00120856",11,4,7
"E00120858",7,3,4
"E00120859",6,4,2
"E00120860",11,7,4
"E00120861",13,7,6
"E00120862",2,1,1
"E00120863",3,2,1
"E00120864",1,1,0
"E00120865",10,5,5
"E00120866",6,3,3
"E00120867",5,1,4
"E00120868",1,0,1
"E00120869",6,3,3
"E00120870",10,6,4
"E00120871",4,2,2
"E00120872",3,3,0
"E00120873",2,1,1
"E00120874",4,1,3
"E00120875",9,6,3
"E00120876",8,3,5
"E00120877",4,1,3
"E00120878",3,1,2
"E00120879",16,9,7
"E00120880",1,0,1
"E00120881",7,5,2
"E00120882",4,1,3
"E00120883",2,0,2
"E00120884",1,0,1
"E00120885",2,0,2
"E00120886",3,1,2
"E00120887",3,1,2
"E00120888",3,2,1
"E00120889",1,0,1
"E00120890",0,0,0
"E00120891",8,4,4
"E00120892",2,1,1
"E00120893",4,2,2
"E00120894",3,1,2
"E00120895",1,1,0
"E00120896",4,4,0
"E00120897",0,0,0
"E00120898",5,4,1
"E00120899",4,2,2
"E00120900",7,4,3
"E00120901",8,6,2
"E00120902",7,3,4
"E00120903",0,0,0
"E00120905",10,6,4
"E00120906",3,1,2
"E00120907",4,0,4
"E00120908",8,5,3
"E00120909",6,5,1
"E00120910",3,1,2
"E00120911",5,5,0
"E00120912",6,2,4
"E00120913",1,0,1
"E00120914",9,4,5
"E00120915",3,2,1
"E00120916",5,5,0
"E00120917",2,1,1
"E00120918",1,0,1
"E00120919",7,5,2
"E00120920",4,3,1
"E00120921",4,1,3
"E00120922",11,5,6
"E00120923",10,5,5
"E00120924",6,4,2
"E00120925",14,8,6
"E00120926",12,8,4
"E00120927",12,4,8
"E00120928",12,8,4
"E00120929",4,3,1
"E00120930",13,4,9
"E00120931",18,5,13
"E00120932",17,7,10
"E00120933",21,14,7
"E00120934",3,2,1
"E00120935",9,2,7
"E00120936",13,5,8
"E00120937",14,7,7
"E00120938",8,3,5
"E00120939",10,5,5
"E00120940",14,8,6
"E00120941",6,1,5
"E00120942",26,12,14
"E00120943",9,4,5
"E00120944",10,6,4
"E00120945",3,3,0
"E00120946",9,4,5
"E00120947",5,3,2
"E00120948",24,13,11
"E00120949",3,1,2
"E00120950",17,10,7
"E00120951",9,6,3
"E00120952",11,6,5
"E00120953",3,1,2
"E00120954",13,8,5
"E00120955",4,2,2
"E00120956",14,8,6
"E00120957",9,4,5
"E00120958",2,1,1
"E00120959",7,4,3
"E00120960",9,2,7
"E00120961",5,2,3
"E00120962",4,2,2
"E00120963",6,3,3
"E00120964",5,4,1
"E00120965",8,2,6
"E00120966",11,6,5
"E00120967",2,1,1
"E00120968",8,5,3
"E00120969",7,2,5
"E00120970",5,3,2
"E00120971",1,0,1
"E00120972",5,1,4
"E00120973",3,2,1
"E00120974",13,10,3
"E00120975",15,12,3
"E00120976",12,6,6
"E00120977",5,4,1
"E00120978",10,8,2
"E00120979",0,0,0
"E00120980",8,3,5
"E00120981",1,1,0
"E00120982",6,4,2
"E00120983",19,8,11
"E00120984",10,6,4
"E00120985",4,2,2
"E00120986",18,4,14
"E00120987",5,4,1
"E00120988",9,4,5
"E00120989",9,4,5
"E00120990",5,3,2
"E00120991",1,1,0
"E00120992",2,0,2
"E00120993",2,2,0
"E00120994",2,2,0
"E00120995",3,3,0
"E00120996",2,0,2
"E00120997",1,1,0
"E00120998",7,3,4
"E00120999",2,1,1
"E00121000",3,2,1
"E00121001",3,1,2
"E00121002",5,2,3
"E00121003",2,0,2
"E00121004",0,0,0
"E00121005",9,3,6
"E00121007",5,4,1
"E00121008",4,2,2
"E00121009",3,2,1
"E00121010",15,9,6
"E00121011",3,2,1
"E00121012",4,2,2
"E00121013",2,1,1
"E00121014",0,0,0
"E00121015",8,2,6
"E00121016",3,2,1
"E00121017",8,2,6
"E00121018",2,1,1
"E00121019",8,4,4
"E00121020",6,4,2
"E00121021",4,1,3
"E00121023",4,0,4
"E00121024",4,1,3
"E00121025",1,0,1
"E00121026",7,3,4
"E00121027",2,1,1
"E00121028",5,1,4
"E00121029",3,3,0
"E00121030",1,0,1
"E00121031",1,0,1
"E00121032",0,0,0
"E00121033",3,0,3
"E00121034",4,1,3
"E00121035",6,3,3
"E00121036",3,1,2
"E00121037",2,0,2
"E00121038",4,2,2
"E00121039",3,1,2
"E00121040",8,6,2
"E00121041",4,1,3
"E00121042",5,2,3
"E00121043",10,4,6
"E00121044",0,0,0
"E00121045",3,1,2
"E00121046",3,1,2
"E00121047",3,1,2
"E00121048",3,2,1
"E00121049",2,1,1
"E00121050",2,1,1
"E00121051",11,7,4
"E00121052",26,18,8
"E00121053",15,7,8
"E00121054",10,6,4
"E00121055",15,4,11
"E00121056",16,8,8
"E00121057",8,2,6
"E00121058",16,10,6
"E00121059",16,8,8
"E00121060",18,7,11
"E00121061",18,9,9
"E00121062",49,31,18
"E00121063",16,8,8
"E00121064",12,9,3
"E00121065",5,2,3
"E00121066",5,3,2
"E00121067",4,2,2
"E00121068",0,0,0
"E00121069",2,1,1
"E00121070",0,0,0
"E00121071",1,0,1
"E00121072",5,3,2
"E00121073",1,0,1
"E00121074",0,0,0
"E00121075",3,3,0
"E00121076",5,2,3
"E00121077",2,1,1
"E00121078",4,2,2
"E00121079",2,1,1
"E00121080",0,0,0
"E00121081",4,0,4
"E00121082",4,1,3
"E00121083",1,0,1
"E00121084",6,2,4
"E00121085",7,5,2
"E00121087",7,4,3
"E00121088",8,4,4
"E00121089",7,6,1
"E00121090",6,4,2
"E00121092",4,2,2
"E00121093",10,8,2
"E00121094",15,10,5
"E00121095",1,0,1
"E00121096",10,3,7
"E00121097",0,0,0
"E00121098",1,1,0
"E00121099",1,0,1
"E00121100",5,2,3
"E00121101",5,4,1
"E00121102",1,0,1
"E00121103",6,5,1
"E00121104",0,0,0
"E00121105",2,1,1
"E00121106",4,3,1
"E00121107",3,3,0
"E00121108",4,1,3
"E00121109",0,0,0
"E00121110",1,1,0
"E00121111",1,0,1
"E00121112",7,5,2
"E00121113",1,1,0
"E00121114",9,1,8
"E00121115",9,6,3
"E00121116",7,5,2
"E00121117",9,4,5
"E00121118",50,13,37
"E00121119",7,2,5
"E00121120",3,3,0
"E00121121",9,7,2
"E00121122",7,2,5
"E00121123",9,6,3
"E00121124",4,1,3
"E00121125",16,8,8
"E00121126",5,2,3
"E00121127",9,3,6
"E00121128",10,5,5
"E00121129",15,10,5
"E00121130",16,6,10
"E00121131",9,7,2
"E00121132",11,6,5
"E00121133",0,0,0
"E00121134",14,8,6
"E00121135",13,8,5
"E00121136",12,7,5
"E00121137",7,3,4
"E00121138",3,3,0
"E00121139",3,0,3
"E00121140",6,3,3
"E00121141",3,1,2
"E00121142",0,0,0
"E00121143",1,0,1
"E00121144",0,0,0
"E00121145",1,0,1
"E00121146",3,1,2
"E00121147",1,1,0
"E00121148",7,3,4
"E00121149",6,3,3
"E00121150",2,2,0
"E00121151",0,0,0
"E00121152",0,0,0
"E00121153",1,1,0
"E00121154",3,1,2
"E00121155",3,2,1
"E00121156",2,2,0
"E00121157",0,0,0
"E00121158",0,0,0
"E00121159",5,1,4
"E00121160",0,0,0
"E00121161",2,1,1
"E00121162",0,0,0
"E00121163",3,2,1
"E00121164",0,0,0
"E00121166",0,0,0
"E00121167",0,0,0
"E00121168",5,4,1
"E00121169",2,1,1
"E00121170",1,1,0
"E00121171",4,3,1
"E00121172",6,5,1
"E00121173",2,0,2
"E00121174",3,2,1
"E00121175",0,0,0
"E00121176",2,1,1
"E00121177",0,0,0
"E00121178",0,0,0
"E00121180",2,2,0
"E00121181",1,0,1
"E00121182",3,2,1
"E00121183",3,2,1
"E00121184",4,3,1
"E00121185",1,0,1
"E00121186",6,2,4
"E00121187",5,2,3
"E00121188",2,1,1
"E00121189",9,4,5
"E00121190",1,1,0
"E00121191",1,1,0
"E00121192",0,0,0
"E00121194",12,8,4
"E00121195",3,3,0
"E00121196",8,6,2
"E00121197",6,2,4
"E00121198",3,3,0
"E00121199",0,0,0
"E00121200",0,0,0
"E00121201",0,0,0
"E00121202",3,1,2
"E00121203",3,3,0
"E00121204",4,0,4
"E00121205",0,0,0
"E00121206",7,2,5
"E00121207",1,0,1
"E00121208",1,1,0
"E00121209",1,0,1
"E00121210",2,2,0
"E00121211",2,0,2
"E00121212",7,3,4
"E00121213",6,4,2
"E00121214",6,4,2
"E00121215",1,0,1
"E00121216",1,0,1
"E00121217",5,2,3
"E00121218",6,3,3
"E00121219",1,0,1
"E00121220",4,2,2
"E00121221",6,0,6
"E00121222",6,5,1
"E00121223",3,2,1
"E00121224",7,4,3
"E00121225",0,0,0
"E00121226",2,1,1
"E00121227",6,3,3
"E00121228",1,1,0
"E00121229",5,0,5
"E00121230",3,2,1
"E00121231",1,1,0
"E00121232",4,2,2
"E00121233",2,1,1
"E00121234",4,2,2
"E00121235",6,3,3
"E00121236",5,0,5
"E00121237",4,2,2
"E00121238",1,0,1
"E00121239",10,5,5
"E00121240",1,1,0
"E00121241",5,2,3
"E00121242",4,2,2
"E00121243",1,0,1
"E00121244",1,0,1
"E00121245",0,0,0
"E00121247",0,0,0
"E00121248",6,6,0
"E00121249",3,1,2
"E00121250",4,1,3
"E00121251",2,2,0
"E00121252",3,2,1
"E00121253",4,4,0
"E00121254",5,2,3
"E00121255",0,0,0
"E00121256",1,0,1
"E00121257",5,4,1
"E00121258",8,3,5
"E00121259",1,1,0
"E00121260",10,2,8
"E00121261",4,1,3
"E00121262",1,0,1
"E00121263",5,2,3
"E00121264",6,3,3
"E00121265",4,4,0
"E00121266",6,4,2
"E00121267",10,5,5
"E00121268",6,3,3
"E00121269",16,10,6
"E00121270",8,3,5
"E00121271",15,10,5
"E00121272",11,5,6
"E00121274",4,2,2
"E00121275",16,5,11
"E00121276",14,10,4
"E00121277",4,3,1
"E00121278",6,4,2
"E00121279",4,3,1
"E00121280",3,1,2
"E00121281",9,5,4
"E00121282",3,1,2
"E00121283",7,1,6
"E00121284",9,3,6
"E00121285",5,2,3
"E00121286",10,3,7
"E00121287",15,7,8
"E00121288",14,5,9
"E00121289",6,4,2
"E00121290",0,0,0
"E00121291",5,1,4
"E00121292",6,2,4
"E00121293",4,1,3
"E00121294",5,3,2
"E00121295",15,7,8
"E00121296",0,0,0
"E00121298",9,7,2
"E00121299",4,4,0
"E00121300",9,4,5
"E00121301",15,10,5
"E00121302",8,3,5
"E00121303",11,5,6
"E00121304",14,8,6
"E00121305",21,8,13
"E00121306",4,4,0
"E00121307",11,7,4
"E00121308",21,13,8
"E00121309",19,12,7
"E00121310",19,14,5
"E00121312",4,1,3
"E00121313",1,0,1
"E00121314",5,3,2
"E00121315",2,1,1
"E00121316",0,0,0
"E00121317",6,3,3
"E00121318",1,1,0
"E00121319",6,4,2
"E00121320",9,3,6
"E00121321",5,3,2
"E00121322",2,1,1
"E00121323",4,0,4
"E00121324",7,4,3
"E00121325",4,2,2
"E00121326",3,2,1
"E00121327",7,3,4
"E00121328",9,7,2
"E00121329",6,4,2
"E00121330",5,4,1
"E00121331",5,2,3
"E00121332",4,2,2
"E00121333",2,0,2
"E00121334",9,5,4
"E00121335",12,5,7
"E00121336",4,2,2
"E00121337",12,6,6
"E00121338",4,2,2
"E00121339",8,5,3
"E00121340",0,0,0
"E00121341",0,0,0
"E00121342",5,3,2
"E00121343",6,1,5
"E00121344",7,1,6
"E00121345",3,1,2
"E00121346",5,2,3
"E00121347",5,3,2
"E00121348",5,2,3
"E00121349",3,3,0
"E00121350",0,0,0
"E00121351",3,0,3
"E00121352",1,0,1
"E00121353",6,4,2
"E00121354",9,4,5
"E00121355",7,2,5
"E00121356",1,1,0
"E00121357",6,5,1
"E00121358",3,0,3
"E00121359",6,3,3
"E00121360",9,7,2
"E00121361",7,3,4
"E00121362",8,5,3
"E00121363",10,5,5
"E00121364",0,0,0
"E00121365",6,5,1
"E00121366",1,0,1
"E00121367",0,0,0
"E00121368",6,4,2
"E00121369",7,2,5
"E00121370",3,3,0
"E00121371",4,1,3
"E00121372",3,1,2
"E00121373",5,4,1
"E00121374",0,0,0
"E00121375",2,1,1
"E00121376",5,4,1
"E00121377",2,0,2
"E00121378",4,1,3
"E00121379",9,5,4
"E00121380",4,0,4
"E00121381",8,4,4
"E00121382",1,1,0
"E00121383",3,2,1
"E00121384",3,1,2
"E00121385",0,0,0
"E00121386",5,3,2
"E00121387",3,2,1
"E00121388",3,1,2
"E00121389",3,1,2
"E00121390",4,0,4
"E00121391",2,1,1
"E00121392",1,0,1
"E00121393",1,1,0
"E00121394",6,1,5
"E00121395",6,4,2
"E00121396",11,4,7
"E00121397",10,7,3
"E00121398",12,6,6
"E00121399",8,5,3
"E00121400",11,8,3
"E00121401",11,8,3
"E00121402",10,5,5
"E00121403",18,1,17
"E00121404",16,9,7
"E00121405",14,7,7
"E00121406",12,5,7
"E00121407",3,2,1
"E00121408",9,4,5
"E00121409",4,2,2
"E00121410",5,3,2
"E00121411",7,7,0
"E00121412",9,6,3
"E00121413",5,3,2
"E00121414",3,2,1
"E00121415",5,4,1
"E00121416",2,1,1
"E00121417",3,2,1
"E00121418",3,1,2
"E00121419",1,0,1
"E00121420",4,3,1
"E00121421",1,0,1
"E00121422",5,2,3
"E00121423",5,2,3
"E00121424",0,0,0
"E00121425",3,3,0
"E00121426",0,0,0
"E00121427",0,0,0
"E00121428",4,1,3
"E00121429",6,4,2
"E00121430",2,1,1
"E00121431",5,2,3
"E00121432",4,1,3
"E00121433",3,2,1
"E00121434",3,2,1
"E00121435",0,0,0
"E00121436",10,6,4
"E00121437",1,0,1
"E00121438",16,3,13
"E00121439",16,8,8
"E00121440",2,0,2
"E00121441",1,1,0
"E00121442",4,2,2
"E00121443",3,1,2
"E00121444",12,8,4
"E00121445",4,2,2
"E00121446",3,3,0
"E00121447",7,3,4
"E00121448",6,2,4
"E00121449",8,4,4
"E00121450",5,3,2
"E00121451",7,1,6
"E00121452",4,3,1
"E00121453",3,1,2
"E00121454",10,6,4
"E00121455",0,0,0
"E00121456",7,3,4
"E00121457",9,6,3
"E00121458",1,1,0
"E00121459",2,1,1
"E00121460",4,1,3
"E00121461",1,0,1
"E00121462",1,0,1
"E00121463",1,0,1
"E00121464",4,2,2
"E00121465",2,1,1
"E00121466",3,1,2
"E00121467",5,3,2
"E00121468",6,6,0
"E00121469",9,3,6
"E00121470",4,1,3
"E00121471",3,1,2
"E00121472",5,4,1
"E00121473",5,0,5
"E00121474",1,1,0
"E00121475",0,0,0
"E00121476",3,1,2
"E00121477",5,2,3
"E00121478",1,1,0
"E00121479",0,0,0
"E00121480",18,13,5
"E00121481",0,0,0
"E00121483",2,1,1
"E00121484",4,2,2
"E00121485",4,1,3
"E00121486",2,1,1
"E00121487",2,1,1
"E00121488",1,0,1
"E00121489",4,4,0
"E00121490",3,1,2
"E00121493",5,3,2
"E00121494",5,3,2
"E00121495",5,3,2
"E00121496",2,0,2
"E00121497",0,0,0
"E00121498",1,1,0
"E00121499",3,2,1
"E00121500",2,0,2
"E00121501",2,0,2
"E00121502",2,2,0
"E00121503",2,1,1
"E00121504",1,1,0
"E00121505",9,7,2
"E00121507",2,1,1
"E00121508",2,2,0
"E00121510",0,0,0
"E00121511",2,2,0
"E00121512",0,0,0
"E00121513",5,2,3
"E00121514",4,1,3
"E00121515",0,0,0
"E00121516",3,2,1
"E00121517",2,0,2
"E00121518",0,0,0
"E00121519",6,2,4
"E00121520",12,6,6
"E00121522",6,3,3
"E00121523",8,4,4
"E00121524",0,0,0
"E00121525",3,3,0
"E00121526",2,1,1
"E00121527",5,0,5
"E00121528",9,5,4
"E00121529",2,0,2
"E00121530",3,1,2
"E00121531",2,1,1
"E00121532",4,2,2
"E00121533",0,0,0
"E00121534",0,0,0
"E00121535",12,9,3
"E00121536",2,1,1
"E00121537",5,4,1
"E00121538",3,2,1
"E00121539",7,2,5
"E00121540",2,2,0
"E00121541",2,2,0
"E00121542",0,0,0
"E00121543",1,0,1
"E00121544",9,5,4
"E00121545",7,2,5
"E00121546",4,2,2
"E00121547",1,1,0
"E00121548",23,11,12
"E00121549",6,5,1
"E00121550",4,2,2
"E00121551",5,3,2
"E00121552",6,4,2
"E00121553",0,0,0
"E00121554",2,1,1
"E00121555",2,1,1
"E00121556",1,0,1
"E00121557",4,2,2
"E00121558",6,5,1
"E00121559",3,1,2
"E00121560",2,1,1
"E00121561",0,0,0
"E00121562",6,3,3
"E00121563",0,0,0
"E00121564",4,0,4
"E00121565",5,3,2
"E00121566",2,0,2
"E00121567",2,1,1
"E00121569",4,2,2
"E00121570",3,1,2
"E00121571",6,4,2
"E00121572",0,0,0
"E00121575",5,4,1
"E00121576",6,0,6
"E00121577",4,1,3
"E00121579",1,0,1
"E00121580",0,0,0
"E00121581",6,2,4
"E00121582",6,0,6
"E00121583",4,3,1
"E00121584",1,1,0
"E00121585",7,4,3
"E00121586",5,3,2
"E00121587",1,1,0
"E00121588",7,2,5
"E00121589",5,2,3
"E00121590",3,1,2
"E00121591",18,11,7
"E00121592",0,0,0
"E00121593",16,7,9
"E00121594",7,4,3
"E00121595",5,3,2
"E00121596",14,6,8
"E00121597",3,2,1
"E00121598",16,9,7
"E00121599",9,4,5
"E00121600",11,6,5
"E00121601",16,9,7
"E00121602",6,3,3
"E00121603",3,1,2
"E00121604",6,4,2
"E00121605",8,4,4
"E00121606",6,2,4
"E00121607",1,1,0
"E00121608",6,1,5
"E00121609",6,2,4
"E00121610",13,4,9
"E00121611",3,3,0
"E00121612",12,6,6
"E00121613",4,1,3
"E00121614",14,7,7
"E00121615",5,1,4
"E00121616",2,0,2
"E00121617",1,0,1
"E00121618",4,2,2
"E00121619",1,1,0
"E00121620",0,0,0
"E00121621",0,0,0
"E00121622",0,0,0
"E00121623",1,0,1
"E00121624",3,1,2
"E00121625",2,1,1
"E00121626",3,1,2
"E00121627",8,6,2
"E00121628",4,1,3
"E00121629",1,1,0
"E00121630",0,0,0
"E00121631",6,3,3
"E00121632",8,3,5
"E00121633",3,2,1
"E00121634",0,0,0
"E00121635",2,1,1
"E00121636",3,2,1
"E00121637",5,3,2
"E00121638",1,0,1
"E00121639",1,1,0
"E00121640",5,3,2
"E00121641",0,0,0
"E00121642",0,0,0
"E00121643",0,0,0
"E00121644",4,1,3
"E00121645",0,0,0
"E00121646",0,0,0
"E00121647",2,1,1
"E00121648",2,0,2
"E00121649",2,1,1
"E00121650",2,1,1
"E00121651",1,1,0
"E00121652",1,1,0
"E00121653",5,2,3
"E00121654",0,0,0
"E00121655",4,2,2
"E00121656",8,3,5
"E00121657",8,7,1
"E00121658",3,3,0
"E00121659",4,1,3
"E00121660",2,0,2
"E00121661",11,7,4
"E00121662",2,0,2
"E00121663",0,0,0
"E00121664",2,1,1
"E00121665",5,4,1
"E00121666",3,1,2
"E00121667",1,0,1
"E00121668",1,0,1
"E00121669",3,2,1
"E00121670",2,2,0
"E00121671",4,1,3
"E00121672",4,0,4
"E00121673",8,3,5
"E00121674",10,6,4
"E00121675",2,1,1
"E00121676",5,1,4
"E00121677",11,4,7
"E00121678",0,0,0
"E00121679",3,2,1
"E00121680",2,1,1
"E00121681",7,5,2
"E00121682",0,0,0
"E00121683",0,0,0
"E00121684",6,2,4
"E00121685",1,0,1
"E00121686",5,4,1
"E00121687",5,3,2
"E00121688",11,6,5
"E00121689",5,1,4
"E00121690",10,6,4
"E00121691",13,7,6
"E00121692",12,5,7
"E00121693",4,4,0
"E00121694",5,0,5
"E00121695",9,6,3
"E00121696",7,1,6
"E00121697",7,3,4
"E00121698",3,2,1
"E00121699",0,0,0
"E00121700",6,3,3
"E00121701",8,2,6
"E00121704",6,5,1
"E00121705",4,3,1
"E00121706",2,1,1
"E00121707",7,1,6
"E00121708",7,5,2
"E00121709",3,1,2
"E00121710",14,6,8
"E00121711",5,4,1
"E00121712",10,3,7
"E00121713",7,3,4
"E00121714",5,1,4
"E00121715",2,1,1
"E00121716",8,5,3
"E00121717",6,3,3
"E00121718",28,11,17
"E00121719",4,2,2
"E00121720",15,8,7
"E00121721",2,1,1
"E00121722",1,1,0
"E00121723",1,1,0
"E00121724",1,1,0
"E00121725",0,0,0
"E00121726",1,1,0
"E00121727",2,1,1
"E00121728",2,0,2
"E00121729",3,2,1
"E00121730",5,3,2
"E00121731",2,1,1
"E00121732",0,0,0
"E00121733",0,0,0
"E00121734",2,1,1
"E00121735",2,2,0
"E00121736",1,1,0
"E00121737",3,2,1
"E00121738",2,2,0
"E00121739",3,0,3
"E00121740",1,1,0
"E00121741",1,0,1
"E00121742",0,0,0
"E00121743",0,0,0
"E00121744",2,0,2
"E00121745",4,2,2
"E00121746",1,0,1
"E00121747",3,1,2
"E00121748",15,10,5
"E00121749",0,0,0
"E00121750",12,8,4
"E00121751",18,9,9
"E00121752",18,12,6
"E00121753",4,3,1
"E00121754",2,1,1
"E00121755",6,3,3
"E00121756",0,0,0
"E00121757",5,2,3
"E00121758",7,6,1
"E00121759",0,0,0
"E00121760",12,6,6
"E00121761",8,4,4
"E00121762",1,0,1
"E00121763",2,2,0
"E00121764",1,1,0
"E00121765",5,2,3
"E00121766",6,2,4
"E00121767",7,4,3
"E00121768",4,3,1
"E00121770",1,1,0
"E00121771",3,2,1
"E00121772",1,0,1
"E00121773",3,3,0
"E00121774",3,2,1
"E00121775",11,6,5
"E00121776",0,0,0
"E00121777",3,2,1
"E00121778",2,1,1
"E00121779",1,0,1
"E00121780",10,6,4
"E00121781",3,0,3
"E00121782",3,1,2
"E00121783",8,5,3
"E00121784",3,1,2
"E00121785",3,2,1
"E00121786",1,0,1
"E00121787",2,1,1
"E00121788",6,3,3
"E00121789",2,1,1
"E00121790",2,1,1
"E00121791",6,3,3
"E00121792",11,6,5
"E00121793",5,4,1
"E00121794",12,6,6
"E00121795",8,4,4
"E00121796",14,6,8
"E00121797",2,1,1
"E00121798",3,1,2
"E00121799",3,0,3
"E00121800",4,1,3
"E00121801",3,2,1
"E00121802",3,1,2
"E00121803",5,1,4
"E00121804",6,4,2
"E00121805",4,1,3
"E00121807",2,0,2
"E00121808",2,1,1
"E00121809",3,2,1
"E00121810",8,3,5
"E00121811",3,1,2
"E00121814",7,3,4
"E00121815",0,0,0
"E00121816",2,2,0
"E00121817",4,3,1
"E00121819",12,4,8
"E00121820",1,1,0
"E00121821",7,5,2
"E00121822",5,2,3
"E00121823",6,1,5
"E00121824",5,2,3
"E00121825",2,0,2
"E00121826",2,2,0
"E00121827",2,2,0
"E00121828",1,1,0
"E00121829",4,2,2
"E00121830",7,4,3
"E00121831",4,4,0
"E00121832",8,3,5
"E00121833",4,1,3
"E00121834",9,7,2
"E00121835",12,7,5
"E00121836",7,3,4
"E00121837",11,5,6
"E00121838",1,0,1
"E00121839",5,2,3
"E00121840",4,2,2
"E00121841",6,4,2
"E00121842",1,1,0
"E00121843",6,4,2
"E00121844",6,3,3
"E00121845",3,2,1
"E00121846",2,2,0
"E00121848",3,0,3
"E00121849",5,2,3
"E00121850",2,1,1
"E00121851",7,3,4
"E00121852",3,1,2
"E00121853",2,1,1
"E00121854",3,1,2
"E00121855",3,2,1
"E00121856",1,0,1
"E00121857",3,2,1
"E00121858",0,0,0
"E00121859",1,0,1
"E00121860",4,2,2
"E00121861",0,0,0
"E00121862",8,2,6
"E00121863",5,1,4
"E00121864",3,1,2
"E00121865",4,3,1
"E00121866",2,2,0
"E00121867",4,1,3
"E00121868",2,2,0
"E00121869",10,7,3
"E00121870",3,1,2
"E00121871",2,1,1
"E00121872",2,1,1
"E00121873",8,3,5
"E00121874",11,6,5
"E00121875",4,1,3
"E00121876",0,0,0
"E00121877",3,3,0
"E00121878",1,0,1
"E00121880",4,3,1
"E00121881",6,3,3
"E00121882",5,4,1
"E00121883",0,0,0
"E00121884",7,4,3
"E00121885",5,2,3
"E00121888",8,4,4
"E00121889",8,4,4
"E00121890",3,2,1
"E00121891",6,3,3
"E00121892",15,8,7
"E00121893",14,9,5
"E00121894",5,2,3
"E00121895",1,0,1
"E00121896",8,2,6
"E00121897",6,1,5
"E00121898",11,6,5
"E00121899",0,0,0
"E00121900",6,5,1
"E00121901",6,2,4
"E00121902",2,1,1
"E00121903",4,1,3
"E00121904",8,3,5
"E00121905",4,2,2
"E00121906",2,1,1
"E00121907",7,2,5
"E00121909",8,5,3
"E00121910",0,0,0
"E00121911",1,1,0
"E00121913",2,0,2
"E00121914",10,3,7
"E00121915",7,3,4
"E00121916",8,4,4
"E00121917",7,3,4
"E00121918",7,4,3
"E00121919",3,1,2
"E00121920",13,8,5
"E00121921",7,3,4
"E00121922",6,2,4
"E00121923",3,3,0
"E00121924",1,1,0
"E00121925",4,1,3
"E00121926",0,0,0
"E00121927",0,0,0
"E00121928",2,1,1
"E00121930",2,1,1
"E00121931",1,0,1
"E00121932",5,3,2
"E00121933",0,0,0
"E00121934",6,3,3
"E00121935",0,0,0
"E00121936",0,0,0
"E00121937",2,1,1
"E00121939",3,1,2
"E00121940",2,0,2
"E00121941",6,3,3
"E00121942",3,2,1
"E00121943",4,4,0
"E00121944",3,0,3
"E00121945",0,0,0
"E00121946",2,2,0
"E00121947",2,0,2
"E00121948",2,0,2
"E00121949",5,2,3
"E00121950",1,0,1
"E00121951",3,0,3
"E00121952",3,0,3
"E00121953",0,0,0
"E00121954",1,1,0
"E00121955",6,3,3
"E00121956",2,1,1
"E00121957",3,1,2
"E00121958",2,0,2
"E00121959",0,0,0
"E00121960",3,1,2
"E00121961",0,0,0
"E00121962",3,0,3
"E00121963",2,1,1
"E00121964",1,0,1
"E00121965",2,2,0
"E00121966",2,2,0
"E00121967",4,3,1
"E00121968",4,4,0
"E00121969",4,1,3
"E00121970",1,0,1
"E00121971",4,2,2
"E00121972",0,0,0
"E00121973",4,1,3
"E00121974",2,0,2
"E00121975",13,10,3
"E00121976",3,3,0
"E00121977",8,4,4
"E00121978",2,0,2
"E00121979",2,2,0
"E00121980",2,1,1
"E00121981",2,2,0
"E00121982",9,3,6
"E00121983",3,1,2
"E00121984",2,1,1
"E00121985",2,1,1
"E00121986",5,5,0
"E00121987",5,3,2
"E00121988",2,1,1
"E00121989",4,1,3
"E00121990",0,0,0
"E00121991",2,2,0
"E00121992",0,0,0
"E00121993",4,3,1
"E00121994",3,1,2
"E00121995",5,2,3
"E00121996",3,0,3
"E00121997",3,0,3
"E00121998",1,0,1
"E00121999",4,3,1
"E00122000",12,2,10
"E00122001",4,3,1
"E00122002",0,0,0
"E00122004",1,0,1
"E00122005",4,2,2
"E00122006",0,0,0
"E00122007",0,0,0
"E00122008",4,2,2
"E00122009",2,0,2
"E00122010",5,2,3
"E00122011",10,6,4
"E00122012",12,5,7
"E00122013",7,2,5
"E00122014",1,0,1
"E00122015",17,11,6
"E00122016",3,2,1
"E00122017",4,1,3
"E00122018",1,1,0
"E00122019",3,2,1
"E00122020",2,0,2
"E00122021",5,3,2
"E00122022",9,4,5
"E00122023",4,1,3
"E00122024",9,3,6
"E00122025",5,2,3
"E00122027",4,2,2
"E00122028",3,0,3
"E00122029",6,1,5
"E00122030",6,1,5
"E00122031",7,5,2
"E00122032",2,0,2
"E00122033",7,4,3
"E00122034",3,2,1
"E00122035",1,1,0
"E00122036",7,6,1
"E00122037",17,4,13
"E00122038",3,2,1
"E00122039",6,4,2
"E00122040",7,4,3
"E00122041",0,0,0
"E00122042",7,2,5
"E00122043",1,1,0
"E00122044",0,0,0
"E00122045",2,1,1
"E00122046",9,4,5
"E00122047",6,3,3
"E00122048",1,0,1
"E00122049",1,1,0
"E00122050",1,0,1
"E00122051",7,5,2
"E00122052",5,2,3
"E00122053",4,3,1
"E00122054",8,3,5
"E00122055",0,0,0
"E00122056",0,0,0
"E00122057",7,2,5
"E00122058",6,2,4
"E00122059",6,3,3
"E00122060",3,3,0
"E00122061",8,3,5
"E00122062",1,1,0
"E00122063",9,6,3
"E00122064",5,3,2
"E00122065",10,5,5
"E00122066",7,4,3
"E00122067",5,3,2
"E00122068",5,1,4
"E00122069",8,4,4
"E00122070",5,4,1
"E00122071",5,2,3
"E00122072",1,0,1
"E00122073",4,1,3
"E00122074",26,12,14
"E00122075",3,2,1
"E00122076",4,2,2
"E00122077",4,1,3
"E00122078",5,4,1
"E00122080",1,1,0
"E00122082",8,4,4
"E00122083",1,1,0
"E00122084",3,2,1
"E00122085",6,2,4
"E00122086",1,1,0
"E00122087",17,8,9
"E00122088",11,5,6
"E00122089",1,0,1
"E00122090",8,3,5
"E00122091",4,2,2
"E00122092",6,2,4
"E00122093",5,4,1
"E00122094",13,9,4
"E00122095",21,8,13
"E00122096",8,5,3
"E00122097",3,1,2
"E00122098",10,4,6
"E00122099",0,0,0
"E00122100",7,2,5
"E00122101",8,3,5
"E00122102",3,2,1
"E00122103",9,3,6
"E00122105",8,2,6
"E00122106",10,3,7
"E00122107",9,3,6
"E00122110",4,1,3
"E00122111",4,2,2
"E00122112",1,0,1
"E00122114",5,3,2
"E00122115",4,3,1
"E00122116",2,2,0
"E00122117",2,1,1
"E00122118",5,3,2
"E00122119",2,1,1
"E00122120",4,3,1
"E00122121",4,2,2
"E00122122",1,0,1
"E00122123",11,2,9
"E00122124",5,2,3
"E00122125",17,15,2
"E00122126",9,3,6
"E00122127",6,2,4
"E00122128",16,5,11
"E00122129",6,2,4
"E00122130",6,1,5
"E00122131",0,0,0
"E00122132",4,2,2
"E00122133",5,3,2
"E00122134",0,0,0
"E00122135",5,3,2
"E00122136",3,1,2
"E00122137",3,2,1
"E00122138",0,0,0
"E00122139",1,1,0
"E00122140",0,0,0
"E00122141",3,1,2
"E00122142",5,3,2
"E00122143",2,2,0
"E00122144",0,0,0
"E00122145",3,1,2
"E00122146",1,1,0
"E00122147",8,4,4
"E00122148",9,6,3
"E00122149",4,1,3
"E00122150",7,4,3
"E00122151",3,1,2
"E00122152",3,2,1
"E00122153",9,2,7
"E00122154",3,3,0
"E00122155",2,1,1
"E00122156",9,7,2
"E00122157",5,4,1
"E00122158",4,1,3
"E00122159",0,0,0
"E00122160",3,1,2
"E00122161",6,3,3
"E00122162",3,2,1
"E00122163",0,0,0
"E00122164",3,2,1
"E00122165",1,1,0
"E00122166",2,1,1
"E00122167",2,1,1
"E00122168",9,6,3
"E00122169",2,1,1
"E00122170",3,1,2
"E00122171",0,0,0
"E00122172",2,2,0
"E00122173",2,1,1
"E00122174",5,4,1
"E00122175",4,4,0
"E00122176",2,2,0
"E00122177",1,1,0
"E00122178",1,0,1
"E00122179",2,1,1
"E00122180",3,2,1
"E00122181",1,1,0
"E00122182",2,2,0
"E00122183",2,1,1
"E00122184",0,0,0
"E00122185",4,2,2
"E00122186",4,2,2
"E00122188",6,2,4
"E00122189",0,0,0
"E00122191",8,7,1
"E00122192",5,3,2
"E00122193",5,4,1
"E00122194",16,6,10
"E00122195",18,12,6
"E00122196",10,7,3
"E00122197",5,3,2
"E00122198",14,7,7
"E00122199",7,3,4
"E00122200",5,1,4
"E00122201",1,1,0
"E00122202",0,0,0
"E00122203",3,1,2
"E00122204",3,2,1
"E00122205",7,2,5
"E00122206",4,3,1
"E00122207",3,1,2
"E00122208",2,2,0
"E00122209",3,2,1
"E00122210",4,1,3
"E00122211",2,0,2
"E00122212",3,1,2
"E00122213",2,1,1
"E00122214",4,1,3
"E00122215",3,3,0
"E00122216",1,0,1
"E00122217",3,3,0
"E00122218",5,0,5
"E00122219",0,0,0
"E00122220",1,0,1
"E00122221",6,1,5
"E00122222",0,0,0
"E00122223",2,1,1
"E00122224",5,3,2
"E00122225",4,1,3
"E00122226",5,3,2
"E00122227",10,3,7
"E00122228",2,0,2
"E00122229",5,3,2
"E00122230",0,0,0
"E00122231",3,3,0
"E00122232",5,3,2
"E00122233",9,6,3
"E00122234",3,1,2
"E00122235",4,2,2
"E00122236",1,1,0
"E00122237",1,1,0
"E00122238",2,0,2
"E00122239",2,1,1
"E00122240",6,4,2
"E00122241",4,1,3
"E00122242",0,0,0
"E00122243",8,5,3
"E00122244",6,2,4
"E00122245",1,0,1
"E00122246",2,1,1
"E00122247",1,1,0
"E00122248",1,1,0
"E00122249",0,0,0
"E00122250",1,1,0
"E00122251",3,2,1
"E00122252",5,2,3
"E00122253",4,2,2
"E00122254",1,1,0
"E00122255",0,0,0
"E00122256",0,0,0
"E00122257",6,2,4
"E00122258",2,0,2
"E00122259",3,0,3
"E00122260",1,1,0
"E00122261",3,1,2
"E00122262",0,0,0
"E00122263",3,2,1
"E00122264",1,1,0
"E00122265",0,0,0
"E00122266",2,2,0
"E00122267",2,0,2
"E00122268",4,2,2
"E00122269",5,1,4
"E00122270",3,2,1
"E00122271",2,0,2
"E00122272",2,1,1
"E00122273",0,0,0
"E00122274",5,2,3
"E00122275",0,0,0
"E00122276",4,3,1
"E00122277",9,5,4
"E00122278",12,4,8
"E00122279",10,6,4
"E00122280",2,1,1
"E00122281",7,3,4
"E00122282",5,5,0
"E00122283",3,1,2
"E00122284",3,1,2
"E00122285",13,8,5
"E00122286",2,1,1
"E00122287",4,2,2
"E00122288",3,1,2
"E00122289",7,2,5
"E00122290",4,1,3
"E00122291",0,0,0
"E00122293",0,0,0
"E00122294",13,5,8
"E00122295",12,5,7
"E00122296",6,5,1
"E00122297",12,10,2
"E00122298",12,6,6
"E00122299",7,3,4
"E00122300",5,2,3
"E00122301",8,3,5
"E00122302",4,2,2
"E00122303",6,3,3
"E00122305",6,4,2
"E00122306",6,4,2
"E00122307",5,3,2
"E00122308",1,1,0
"E00122309",7,4,3
"E00122310",2,0,2
"E00122311",5,3,2
"E00122312",0,0,0
"E00122313",4,1,3
"E00122314",0,0,0
"E00122315",0,0,0
"E00122316",1,1,0
"E00122317",14,6,8
"E00122318",2,0,2
"E00122319",2,1,1
"E00122320",4,2,2
"E00122321",1,1,0
"E00122322",0,0,0
"E00122323",4,3,1
"E00122324",2,1,1
"E00122325",3,1,2
"E00122326",0,0,0
"E00122327",1,0,1
"E00122328",0,0,0
"E00122329",2,1,1
"E00122330",1,1,0
"E00122331",6,4,2
"E00122332",1,1,0
"E00122333",2,0,2
"E00122334",1,0,1
"E00122335",3,1,2
"E00122336",13,8,5
"E00122337",1,0,1
"E00122338",4,3,1
"E00122339",0,0,0
"E00122340",3,2,1
"E00122341",5,2,3
"E00122342",0,0,0
"E00122343",4,0,4
"E00122344",2,1,1
"E00122345",7,3,4
"E00122346",6,4,2
"E00122347",1,0,1
"E00122348",1,0,1
"E00122350",7,3,4
"E00122351",8,6,2
"E00122352",9,2,7
"E00122353",6,4,2
"E00122354",2,1,1
"E00122355",2,2,0
"E00122356",3,1,2
"E00122357",5,3,2
"E00122358",0,0,0
"E00122359",4,1,3
"E00122360",4,3,1
"E00122361",4,2,2
"E00122362",1,0,1
"E00122363",2,0,2
"E00122364",12,9,3
"E00122365",1,0,1
"E00122366",4,1,3
"E00122367",0,0,0
"E00122368",5,1,4
"E00122369",0,0,0
"E00122370",9,5,4
"E00122371",4,3,1
"E00122372",11,7,4
"E00122373",3,2,1
"E00122374",4,2,2
"E00122375",2,1,1
"E00122376",7,2,5
"E00122377",16,6,10
"E00122378",0,0,0
"E00122379",2,2,0
"E00122380",1,1,0
"E00122381",1,1,0
"E00122382",1,0,1
"E00122383",2,0,2
"E00122384",3,1,2
"E00122385",6,2,4
"E00122386",0,0,0
"E00122387",1,0,1
"E00122388",1,1,0
"E00122389",5,3,2
"E00122390",6,1,5
"E00122391",0,0,0
"E00122392",1,0,1
"E00122394",7,4,3
"E00122395",2,1,1
"E00122396",3,0,3
"E00122397",3,2,1
"E00122398",2,0,2
"E00122399",3,1,2
"E00122400",4,3,1
"E00122401",4,1,3
"E00122402",3,0,3
"E00122403",0,0,0
"E00122404",3,2,1
"E00122406",3,3,0
"E00122407",0,0,0
"E00122409",4,3,1
"E00122410",3,3,0
"E00122411",0,0,0
"E00122412",2,0,2
"E00122413",14,10,4
"E00122414",6,3,3
"E00122415",7,4,3
"E00122416",2,1,1
"E00122417",2,0,2
"E00122418",0,0,0
"E00122419",3,1,2
"E00122420",5,3,2
"E00122421",1,0,1
"E00122422",3,0,3
"E00122423",5,3,2
"E00122424",4,1,3
"E00122425",6,3,3
"E00122426",3,3,0
"E00122427",5,4,1
"E00122428",6,2,4
"E00122429",9,3,6
"E00122430",6,2,4
"E00122431",2,1,1
"E00122432",6,5,1
"E00122433",4,1,3
"E00122434",2,0,2
"E00122435",4,1,3
"E00122436",4,2,2
"E00122437",8,3,5
"E00122438",3,1,2
"E00122439",0,0,0
"E00122440",2,1,1
"E00122441",0,0,0
"E00122442",0,0,0
"E00122443",1,0,1
"E00122444",1,1,0
"E00122445",3,2,1
"E00122446",3,1,2
"E00122447",5,3,2
"E00122448",1,1,0
"E00122449",1,1,0
"E00122450",2,1,1
"E00122451",4,2,2
"E00122452",3,2,1
"E00122453",0,0,0
"E00122454",0,0,0
"E00122455",7,5,2
"E00122456",0,0,0
"E00122457",2,1,1
"E00122458",0,0,0
"E00122459",0,0,0
"E00122460",10,5,5
"E00122461",1,0,1
"E00122462",7,2,5
"E00122463",6,2,4
"E00122464",9,3,6
"E00122465",7,3,4
"E00122466",6,1,5
"E00122467",2,0,2
"E00122468",3,1,2
"E00122469",2,1,1
"E00122470",6,3,3
"E00122471",3,2,1
"E00122472",2,1,1
"E00122473",0,0,0
"E00122474",6,4,2
"E00122476",5,1,4
"E00122477",2,1,1
"E00122478",1,1,0
"E00122479",1,0,1
"E00122482",2,1,1
"E00122483",5,1,4
"E00122484",1,0,1
"E00122485",2,1,1
"E00122486",7,5,2
"E00122487",2,2,0
"E00122488",0,0,0
"E00122489",6,2,4
"E00122490",3,1,2
"E00122491",8,2,6
"E00122493",3,2,1
"E00122494",4,2,2
"E00122495",1,1,0
"E00122496",1,0,1
"E00122497",13,9,4
"E00122498",5,3,2
"E00122499",6,3,3
"E00122500",12,4,8
"E00122501",3,2,1
"E00122502",5,3,2
"E00122503",3,2,1
"E00122504",4,2,2
"E00122505",10,7,3
"E00122506",6,1,5
"E00122507",2,1,1
"E00122508",3,2,1
"E00122509",5,2,3
"E00122510",1,1,0
"E00122511",6,3,3
"E00122512",1,1,0
"E00122513",3,1,2
"E00122514",4,2,2
"E00122515",0,0,0
"E00122516",2,1,1
"E00122517",0,0,0
"E00122518",4,2,2
"E00122519",0,0,0
"E00122520",2,0,2
"E00122521",0,0,0
"E00122522",9,2,7
"E00122523",6,3,3
"E00122524",1,1,0
"E00122525",4,3,1
"E00122526",0,0,0
"E00122527",0,0,0
"E00122528",7,4,3
"E00122529",1,1,0
"E00122530",4,3,1
"E00122531",7,3,4
"E00122532",2,1,1
"E00122533",0,0,0
"E00122534",8,4,4
"E00122535",3,1,2
"E00122536",3,1,2
"E00122537",5,4,1
"E00122538",4,0,4
"E00122539",0,0,0
"E00122540",5,1,4
"E00122541",0,0,0
"E00122542",11,7,4
"E00122543",0,0,0
"E00122545",2,1,1
"E00122546",2,0,2
"E00122547",1,1,0
"E00122548",3,3,0
"E00122549",3,1,2
"E00122550",6,4,2
"E00122551",2,1,1
"E00122552",0,0,0
"E00122553",7,4,3
"E00122554",5,1,4
"E00122555",1,0,1
"E00122556",0,0,0
"E00122558",4,3,1
"E00122559",0,0,0
"E00122560",1,1,0
"E00122562",5,4,1
"E00122564",2,1,1
"E00122565",4,1,3
"E00122566",0,0,0
"E00122567",1,1,0
"E00122568",1,1,0
"E00122569",1,1,0
"E00122570",1,1,0
"E00122571",5,4,1
"E00122572",11,2,9
"E00122573",7,2,5
"E00122574",10,4,6
"E00122575",13,6,7
"E00122576",9,7,2
"E00122577",3,2,1
"E00122578",3,2,1
"E00122579",6,4,2
"E00122580",4,3,1
"E00122581",6,3,3
"E00122582",5,4,1
"E00122583",7,1,6
"E00122584",9,2,7
"E00122585",11,4,7
"E00122586",5,2,3
"E00122587",8,5,3
"E00122588",8,2,6
"E00122589",9,4,5
"E00122590",1,1,0
"E00122591",2,1,1
"E00122592",0,0,0
"E00122593",3,0,3
"E00122595",6,4,2
"E00122596",1,0,1
"E00122597",0,0,0
"E00122598",0,0,0
"E00122599",0,0,0
"E00122600",0,0,0
"E00122601",0,0,0
"E00122602",0,0,0
"E00122603",0,0,0
"E00122604",5,1,4
"E00122605",7,4,3
"E00122606",5,2,3
"E00122607",6,4,2
"E00122608",4,3,1
"E00122609",4,1,3
"E00122610",0,0,0
"E00122611",5,2,3
"E00122613",3,3,0
"E00122614",5,3,2
"E00122615",3,1,2
"E00122616",10,4,6
"E00122617",3,3,0
"E00122618",13,4,9
"E00122619",5,3,2
"E00122620",1,1,0
"E00122621",2,1,1
"E00122622",2,2,0
"E00122623",5,2,3
"E00122624",0,0,0
"E00122625",2,0,2
"E00122626",0,0,0
"E00122627",2,0,2
"E00122628",4,1,3
"E00122629",0,0,0
"E00122630",0,0,0
"E00122631",0,0,0
"E00122632",5,3,2
"E00122633",0,0,0
"E00122634",1,0,1
"E00122635",2,1,1
"E00122636",4,4,0
"E00122637",8,3,5
"E00122638",5,2,3
"E00122639",17,6,11
"E00122640",6,4,2
"E00122641",4,2,2
"E00122642",3,1,2
"E00122643",7,4,3
"E00122644",12,7,5
"E00122645",2,1,1
"E00122646",7,5,2
"E00122647",4,2,2
"E00122648",15,5,10
"E00122649",8,4,4
"E00122650",3,2,1
"E00122651",6,2,4
"E00122652",16,4,12
"E00122653",2,0,2
"E00122654",7,2,5
"E00122655",2,2,0
"E00122656",0,0,0
"E00122657",0,0,0
"E00122658",5,4,1
"E00122659",5,4,1
"E00122660",0,0,0
"E00122661",1,0,1
"E00122662",1,1,0
"E00122663",0,0,0
"E00122664",2,1,1
"E00122665",0,0,0
"E00122666",0,0,0
"E00122667",0,0,0
"E00122668",3,1,2
"E00122669",4,4,0
"E00122670",5,2,3
"E00122671",4,2,2
"E00122672",5,1,4
"E00122673",2,1,1
"E00122674",2,2,0
"E00122675",2,1,1
"E00122676",7,3,4
"E00122677",3,1,2
"E00122678",0,0,0
"E00122679",3,1,2
"E00122680",4,1,3
"E00122681",6,2,4
"E00122682",1,0,1
"E00122683",1,1,0
"E00122684",2,1,1
"E00122685",4,2,2
"E00122686",9,7,2
"E00122687",0,0,0
"E00122688",0,0,0
"E00122689",0,0,0
"E00122690",1,1,0
"E00122691",4,2,2
"E00122692",2,1,1
"E00122693",2,1,1
"E00122694",4,3,1
"E00122695",0,0,0
"E00122696",6,4,2
"E00122697",6,5,1
"E00122698",2,1,1
"E00122699",0,0,0
"E00122700",1,1,0
"E00122701",2,2,0
"E00122702",1,0,1
"E00122703",2,0,2
"E00122704",0,0,0
"E00122705",1,0,1
"E00122706",0,0,0
"E00122707",0,0,0
"E00122708",3,1,2
"E00122709",6,2,4
"E00122710",0,0,0
"E00122711",1,1,0
"E00122712",0,0,0
"E00122713",1,1,0
"E00122714",0,0,0
"E00122715",1,0,1
"E00122716",1,1,0
"E00122717",2,0,2
"E00122718",1,0,1
"E00122719",2,1,1
"E00122720",0,0,0
"E00122721",5,2,3
"E00122722",3,0,3
"E00122723",3,2,1
"E00122724",7,4,3
"E00122725",1,0,1
"E00122726",5,3,2
"E00122727",1,0,1
"E00122728",1,0,1
"E00122729",2,1,1
"E00122730",3,3,0
"E00122731",3,3,0
"E00122732",3,1,2
"E00122733",4,2,2
"E00122734",1,0,1
"E00122735",0,0,0
"E00122736",3,2,1
"E00122737",1,0,1
"E00122738",1,1,0
"E00122739",5,0,5
"E00122740",2,1,1
"E00122742",2,1,1
"E00122743",4,3,1
"E00122744",2,2,0
"E00122745",0,0,0
"E00122746",4,1,3
"E00122747",0,0,0
"E00122748",0,0,0
"E00122749",3,2,1
"E00122750",1,1,0
"E00122751",2,2,0
"E00122752",3,1,2
"E00122753",2,2,0
"E00122754",2,2,0
"E00122755",5,1,4
"E00122756",1,1,0
"E00122757",4,1,3
"E00122758",4,2,2
"E00122759",0,0,0
"E00122760",6,3,3
"E00122761",0,0,0
"E00122762",3,2,1
"E00122763",2,2,0
"E00122764",3,1,2
"E00122765",2,1,1
"E00122766",2,0,2
"E00122767",0,0,0
"E00122768",0,0,0
"E00122769",5,3,2
"E00122771",0,0,0
"E00122772",7,5,2
"E00122773",5,2,3
"E00122774",3,1,2
"E00122776",2,1,1
"E00122777",9,6,3
"E00122778",8,3,5
"E00122779",6,3,3
"E00122780",3,1,2
"E00122781",3,2,1
"E00122783",11,3,8
"E00122784",4,2,2
"E00122785",6,4,2
"E00122786",6,3,3
"E00122787",2,1,1
"E00122788",3,1,2
"E00122789",3,1,2
"E00122790",1,1,0
"E00122791",4,1,3
"E00122792",5,3,2
"E00122793",7,3,4
"E00122794",3,2,1
"E00122795",4,0,4
"E00122796",8,3,5
"E00122797",8,3,5
"E00122798",4,3,1
"E00122799",1,1,0
"E00122800",5,3,2
"E00122801",1,1,0
"E00122802",1,1,0
"E00122803",0,0,0
"E00122804",2,0,2
"E00122805",0,0,0
"E00122806",0,0,0
"E00122807",5,3,2
"E00122808",4,4,0
"E00122809",2,1,1
"E00122810",1,1,0
"E00122811",15,6,9
"E00122812",4,3,1
"E00122813",1,1,0
"E00122814",3,3,0
"E00122815",3,3,0
"E00122816",2,0,2
"E00122817",4,1,3
"E00122818",0,0,0
"E00122819",2,1,1
"E00122820",1,0,1
"E00122821",0,0,0
"E00122822",2,1,1
"E00122823",0,0,0
"E00122824",5,3,2
"E00122825",0,0,0
"E00122826",2,2,0
"E00122827",5,3,2
"E00122828",3,2,1
"E00122829",2,0,2
"E00122830",2,1,1
"E00122831",1,1,0
"E00122832",1,1,0
"E00122833",2,0,2
"E00122834",0,0,0
"E00122835",1,1,0
"E00122836",2,0,2
"E00122837",2,0,2
"E00122838",3,1,2
"E00122839",0,0,0
"E00122840",3,1,2
"E00122841",2,1,1
"E00122842",3,2,1
"E00122843",10,5,5
"E00122844",0,0,0
"E00122845",0,0,0
"E00122846",1,1,0
"E00122847",1,1,0
"E00122848",15,9,6
"E00122849",4,2,2
"E00122850",1,0,1
"E00122851",1,1,0
"E00122852",1,1,0
"E00122853",0,0,0
"E00122854",5,4,1
"E00122855",8,6,2
"E00122856",3,2,1
"E00122857",3,2,1
"E00122858",1,1,0
"E00122859",2,2,0
"E00122860",0,0,0
"E00122861",5,4,1
"E00122862",11,5,6
"E00122863",5,1,4
"E00122864",4,2,2
"E00122865",2,2,0
"E00122866",5,4,1
"E00122867",5,4,1
"E00122868",3,1,2
"E00122869",10,8,2
"E00122870",3,2,1
"E00122871",0,0,0
"E00122872",2,1,1
"E00122873",9,6,3
"E00122874",1,0,1
"E00122875",2,0,2
"E00122876",2,0,2
"E00122877",0,0,0
"E00122878",0,0,0
"E00122879",5,4,1
"E00122880",3,2,1
"E00122881",6,3,3
"E00122882",3,1,2
"E00122883",3,2,1
"E00122884",7,2,5
"E00122885",8,3,5
"E00122886",0,0,0
"E00122887",4,3,1
"E00122888",1,0,1
"E00122889",1,0,1
"E00122890",0,0,0
"E00122891",11,4,7
"E00122892",2,1,1
"E00122893",14,6,8
"E00122894",10,6,4
"E00122895",15,8,7
"E00122896",7,3,4
"E00122897",10,6,4
"E00122898",3,2,1
"E00122899",6,3,3
"E00122900",1,1,0
"E00122901",7,4,3
"E00122902",8,5,3
"E00122903",13,5,8
"E00122904",5,4,1
"E00122905",4,3,1
"E00122906",5,4,1
"E00122907",7,3,4
"E00122908",5,3,2
"E00122909",8,3,5
"E00122910",7,3,4
"E00122911",7,2,5
"E00122912",1,0,1
"E00122913",2,1,1
"E00122914",1,0,1
"E00122915",9,5,4
"E00122916",0,0,0
"E00122917",4,3,1
"E00122918",4,2,2
"E00122919",5,3,2
"E00122920",1,0,1
"E00122921",3,3,0
"E00122922",3,1,2
"E00122923",6,2,4
"E00122924",3,3,0
"E00122925",6,5,1
"E00122926",2,2,0
"E00122927",0,0,0
"E00122928",3,1,2
"E00122929",1,0,1
"E00122930",4,1,3
"E00122931",5,5,0
"E00122932",14,12,2
"E00122933",0,0,0
"E00122934",1,1,0
"E00122935",8,6,2
"E00122936",6,3,3
"E00122937",3,0,3
"E00122938",7,4,3
"E00122939",1,0,1
"E00122940",1,1,0
"E00122941",2,1,1
"E00122942",4,2,2
"E00122943",4,1,3
"E00122944",0,0,0
"E00122945",3,2,1
"E00122946",0,0,0
"E00122947",5,2,3
"E00122948",7,2,5
"E00122949",1,1,0
"E00122950",1,1,0
"E00122951",3,2,1
"E00122952",15,5,10
"E00122953",3,2,1
"E00122954",6,4,2
"E00122955",2,1,1
"E00122956",3,3,0
"E00122957",6,3,3
"E00122958",4,1,3
"E00122959",2,1,1
"E00122960",1,0,1
"E00122961",1,1,0
"E00122962",1,0,1
"E00122963",3,1,2
"E00122964",1,0,1
"E00122965",3,3,0
"E00122966",1,1,0
"E00122967",1,0,1
"E00122968",1,0,1
"E00122969",4,3,1
"E00122970",3,2,1
"E00122971",2,1,1
"E00122972",4,3,1
"E00122973",3,1,2
"E00122974",5,2,3
"E00122975",1,1,0
"E00122976",0,0,0
"E00122977",2,0,2
"E00122978",1,0,1
"E00122979",7,5,2
"E00122980",5,2,3
"E00122981",2,0,2
"E00122982",7,4,3
"E00122983",2,1,1
"E00122984",0,0,0
"E00122985",3,2,1
"E00122986",3,1,2
"E00122987",0,0,0
"E00122988",1,1,0
"E00122989",1,0,1
"E00122990",2,0,2
"E00122991",1,1,0
"E00122992",0,0,0
"E00122993",2,0,2
"E00122994",2,0,2
"E00122995",1,1,0
"E00122996",2,0,2
"E00122997",4,1,3
"E00122998",2,1,1
"E00122999",0,0,0
"E00123000",2,1,1
"E00123001",2,0,2
"E00123002",0,0,0
"E00123003",5,4,1
"E00123004",1,0,1
"E00123005",1,0,1
"E00123006",5,2,3
"E00123007",1,0,1
"E00123008",0,0,0
"E00123009",2,1,1
"E00123010",3,2,1
"E00123011",2,1,1
"E00123012",3,1,2
"E00123013",3,2,1
"E00123014",9,1,8
"E00123015",1,0,1
"E00123016",5,5,0
"E00123017",7,3,4
"E00123018",6,4,2
"E00123019",3,0,3
"E00123020",8,4,4
"E00123021",4,2,2
"E00123022",5,3,2
"E00123023",4,1,3
"E00123024",9,3,6
"E00123025",7,4,3
"E00123026",0,0,0
"E00123027",9,4,5
"E00123028",2,0,2
"E00123029",1,0,1
"E00123030",2,1,1
"E00123031",6,2,4
"E00123033",6,3,3
"E00123034",11,5,6
"E00123035",3,2,1
"E00123036",7,4,3
"E00123037",2,0,2
"E00123038",6,4,2
"E00123039",3,1,2
"E00123040",3,3,0
"E00123041",3,0,3
"E00123042",8,4,4
"E00123043",3,2,1
"E00123044",6,2,4
"E00123045",3,2,1
"E00123046",4,3,1
"E00123047",0,0,0
"E00123048",3,1,2
"E00123049",4,0,4
"E00123050",1,1,0
"E00123051",0,0,0
"E00123052",0,0,0
"E00123053",8,5,3
"E00123054",2,0,2
"E00123055",0,0,0
"E00123056",1,0,1
"E00123057",2,1,1
"E00123058",0,0,0
"E00123059",0,0,0
"E00123060",0,0,0
"E00123061",1,1,0
"E00123062",2,0,2
"E00123063",1,0,1
"E00123064",2,1,1
"E00123065",10,5,5
"E00123066",4,3,1
"E00123067",6,1,5
"E00123068",4,0,4
"E00123069",2,2,0
"E00123070",4,1,3
"E00123071",7,3,4
"E00123072",8,4,4
"E00123073",4,1,3
"E00123074",5,2,3
"E00123075",13,10,3
"E00123076",2,1,1
"E00123077",6,3,3
"E00123078",1,0,1
"E00123079",3,1,2
"E00123080",4,4,0
"E00123081",1,1,0
"E00123082",6,2,4
"E00123083",3,1,2
"E00123084",13,4,9
"E00123085",4,3,1
"E00123086",9,7,2
"E00123087",1,0,1
"E00123088",4,3,1
"E00123089",0,0,0
"E00123090",4,4,0
"E00123091",2,1,1
"E00123092",2,0,2
"E00123093",0,0,0
"E00123094",1,0,1
"E00123095",0,0,0
"E00123096",2,1,1
"E00123097",2,0,2
"E00123098",0,0,0
"E00123099",2,2,0
"E00123100",1,0,1
"E00123101",3,2,1
"E00123102",3,2,1
"E00123103",1,1,0
"E00123104",2,2,0
"E00123105",0,0,0
"E00123106",5,2,3
"E00123107",0,0,0
"E00123108",2,0,2
"E00123109",0,0,0
"E00123110",1,0,1
"E00123111",0,0,0
"E00123112",2,0,2
"E00123113",1,0,1
"E00123114",4,3,1
"E00123115",5,1,4
"E00123116",2,1,1
"E00123117",8,3,5
"E00123118",3,1,2
"E00123119",2,0,2
"E00123120",5,4,1
"E00123121",2,0,2
"E00123122",0,0,0
"E00123123",2,0,2
"E00123124",4,3,1
"E00123125",0,0,0
"E00123126",0,0,0
"E00123127",3,1,2
"E00123128",3,0,3
"E00123129",10,5,5
"E00123130",3,2,1
"E00123131",4,1,3
"E00123132",7,3,4
"E00123133",2,1,1
"E00123134",10,4,6
"E00123135",1,0,1
"E00123136",2,1,1
"E00123137",4,2,2
"E00123138",3,1,2
"E00123139",2,2,0
"E00123140",3,3,0
"E00123141",1,0,1
"E00123142",4,3,1
"E00123143",4,3,1
"E00123144",2,2,0
"E00123145",5,3,2
"E00123147",2,2,0
"E00123148",2,2,0
"E00123149",9,3,6
"E00123150",3,2,1
"E00123151",0,0,0
"E00123152",4,2,2
"E00123153",3,0,3
"E00123154",7,4,3
"E00123155",5,4,1
"E00123156",2,1,1
"E00123157",5,4,1
"E00123158",3,2,1
"E00123159",5,0,5
"E00123160",4,1,3
"E00123161",2,0,2
"E00123162",6,3,3
"E00123163",5,3,2
"E00123164",1,1,0
"E00123165",4,2,2
"E00123166",0,0,0
"E00123167",2,1,1
"E00123168",8,6,2
"E00123169",4,3,1
"E00123170",0,0,0
"E00123171",6,2,4
"E00123172",2,1,1
"E00123173",8,3,5
"E00123174",1,1,0
"E00123175",6,3,3
"E00123176",4,2,2
"E00123177",0,0,0
"E00123178",7,4,3
"E00123179",7,4,3
"E00123180",2,1,1
"E00123181",0,0,0
"E00123182",1,0,1
"E00123183",7,6,1
"E00123184",6,3,3
"E00123185",2,1,1
"E00123186",1,0,1
"E00123187",3,2,1
"E00123188",1,1,0
"E00123189",0,0,0
"E00123190",2,2,0
"E00123191",2,1,1
"E00123192",0,0,0
"E00123193",1,0,1
"E00123194",1,1,0
"E00123195",2,0,2
"E00123196",1,0,1
"E00123197",3,2,1
"E00123198",10,4,6
"E00123199",7,5,2
"E00123200",6,5,1
"E00123201",5,2,3
"E00123202",6,3,3
"E00123203",2,2,0
"E00123204",9,2,7
"E00123205",0,0,0
"E00123206",5,1,4
"E00123207",1,1,0
"E00123208",5,4,1
"E00123209",0,0,0
"E00123210",2,2,0
"E00123211",6,1,5
"E00123212",8,2,6
"E00123213",3,0,3
"E00123214",1,1,0
"E00123215",7,4,3
"E00123216",7,3,4
"E00123217",3,1,2
"E00123218",0,0,0
"E00123219",6,4,2
"E00123220",3,3,0
"E00123221",4,2,2
"E00123222",8,5,3
"E00123223",2,1,1
"E00123224",2,0,2
"E00123225",6,1,5
"E00123226",1,0,1
"E00123227",5,2,3
"E00123228",10,5,5
"E00123229",6,4,2
"E00123230",6,2,4
"E00123231",6,3,3
"E00123232",9,6,3
"E00123233",2,1,1
"E00123234",9,5,4
"E00123235",10,5,5
"E00123236",5,3,2
"E00123237",4,2,2
"E00123238",7,4,3
"E00123239",4,2,2
"E00123240",11,7,4
"E00123241",3,2,1
"E00123242",5,2,3
"E00123243",2,1,1
"E00123244",6,4,2
"E00123245",10,8,2
"E00123246",4,2,2
"E00123247",2,1,1
"E00123248",1,1,0
"E00123249",1,1,0
"E00123250",4,3,1
"E00123251",0,0,0
"E00123252",7,2,5
"E00123253",3,1,2
"E00123254",0,0,0
"E00123255",3,0,3
"E00123256",0,0,0
"E00123257",0,0,0
"E00123258",3,3,0
"E00123260",2,2,0
"E00123261",0,0,0
"E00123262",5,2,3
"E00123263",0,0,0
"E00123264",2,1,1
"E00123265",6,4,2
"E00123266",2,1,1
"E00123267",1,0,1
"E00123268",2,0,2
"E00123269",1,0,1
"E00123270",0,0,0
"E00123271",0,0,0
"E00123272",2,1,1
"E00123273",4,3,1
"E00123274",1,1,0
"E00123275",3,2,1
"E00123276",3,0,3
"E00123277",1,0,1
"E00123278",7,5,2
"E00123279",6,1,5
"E00123280",3,0,3
"E00123282",2,0,2
"E00123283",2,0,2
"E00123284",6,2,4
"E00123285",0,0,0
"E00123286",6,3,3
"E00123287",1,0,1
"E00123288",2,0,2
"E00123289",4,2,2
"E00123290",0,0,0
"E00123291",4,1,3
"E00123292",2,2,0
"E00123293",1,0,1
"E00123294",4,2,2
"E00123295",6,3,3
"E00123296",2,0,2
"E00123297",2,2,0
"E00123298",0,0,0
"E00123299",0,0,0
"E00123300",1,1,0
"E00123301",0,0,0
"E00123302",4,3,1
"E00123303",6,1,5
"E00123304",0,0,0
"E00123305",2,1,1
"E00123306",2,1,1
"E00123307",2,1,1
"E00123308",6,3,3
"E00123309",1,1,0
"E00123310",0,0,0
"E00123311",7,3,4
"E00123312",4,2,2
"E00123314",9,6,3
"E00123315",3,1,2
"E00123316",0,0,0
"E00123317",0,0,0
"E00123318",12,6,6
"E00123319",8,3,5
"E00123320",3,1,2
"E00123321",10,6,4
"E00123323",9,2,7
"E00123324",0,0,0
"E00123325",6,2,4
"E00123326",2,1,1
"E00123327",4,1,3
"E00123328",8,3,5
"E00123329",0,0,0
"E00123331",1,1,0
"E00123332",0,0,0
"E00123333",4,3,1
"E00123334",3,0,3
"E00123335",1,0,1
"E00123336",8,5,3
"E00123337",0,0,0
"E00123338",0,0,0
"E00123339",3,1,2
"E00123341",0,0,0
"E00123342",3,1,2
"E00123343",2,1,1
"E00123344",2,1,1
"E00123345",2,1,1
"E00123346",0,0,0
"E00123347",7,2,5
"E00123349",6,3,3
"E00123350",2,2,0
"E00123351",1,0,1
"E00123352",4,3,1
"E00123353",4,1,3
"E00123354",6,3,3
"E00123355",7,4,3
"E00123356",2,1,1
"E00123357",3,3,0
"E00123358",4,3,1
"E00123359",1,1,0
"E00123360",0,0,0
"E00123361",5,3,2
"E00123362",2,1,1
"E00123363",2,1,1
"E00123364",4,1,3
"E00123365",7,4,3
"E00123366",1,1,0
"E00123367",11,8,3
"E00123368",2,0,2
"E00123369",4,2,2
"E00123370",3,1,2
"E00123371",8,3,5
"E00123372",5,4,1
"E00123373",3,1,2
"E00123374",4,4,0
"E00123375",7,2,5
"E00123376",5,2,3
"E00123377",1,0,1
"E00123378",2,0,2
"E00123379",4,2,2
"E00123380",4,0,4
"E00123381",1,1,0
"E00123382",4,2,2
"E00123383",2,0,2
"E00123384",1,0,1
"E00123385",4,2,2
"E00123386",0,0,0
"E00123387",2,1,1
"E00123388",2,1,1
"E00123389",0,0,0
"E00123390",1,0,1
"E00123391",3,2,1
"E00123392",7,3,4
"E00123393",3,2,1
"E00123394",0,0,0
"E00123395",2,1,1
"E00123396",0,0,0
"E00123397",3,1,2
"E00123398",0,0,0
"E00123399",2,2,0
"E00123400",1,0,1
"E00123401",0,0,0
"E00123402",0,0,0
"E00123403",4,2,2
"E00123404",1,0,1
"E00123405",2,2,0
"E00123406",7,4,3
"E00123407",4,3,1
"E00123408",0,0,0
"E00123409",1,0,1
"E00123410",4,3,1
"E00123411",3,0,3
"E00123412",3,2,1
"E00123413",2,2,0
"E00123414",1,1,0
"E00123415",3,2,1
"E00123416",0,0,0
"E00123417",4,2,2
"E00123418",2,2,0
"E00123419",7,4,3
"E00123420",0,0,0
"E00123421",2,1,1
"E00123422",0,0,0
"E00123423",5,3,2
"E00123424",4,3,1
"E00123425",8,4,4
"E00123426",2,1,1
"E00123427",2,2,0
"E00123428",8,2,6
"E00123429",2,2,0
"E00123430",0,0,0
"E00123431",5,2,3
"E00123432",1,0,1
"E00123433",0,0,0
"E00123434",4,3,1
"E00123435",5,3,2
"E00123436",6,5,1
"E00123437",1,1,0
"E00123438",5,1,4
"E00123439",5,3,2
"E00123440",4,2,2
"E00123441",4,1,3
"E00123442",6,3,3
"E00123443",5,1,4
"E00123444",3,1,2
"E00123445",4,2,2
"E00123446",5,2,3
"E00123447",8,4,4
"E00123448",5,2,3
"E00123449",1,0,1
"E00123450",9,8,1
"E00123451",11,5,6
"E00123452",6,3,3
"E00123453",1,0,1
"E00123454",5,3,2
"E00123455",12,4,8
"E00123456",4,3,1
"E00123457",5,4,1
"E00123458",7,7,0
"E00123459",2,2,0
"E00123460",9,3,6
"E00123461",1,0,1
"E00123462",3,2,1
"E00123463",6,4,2
"E00123464",5,4,1
"E00123465",5,4,1
"E00123466",9,3,6
"E00123467",2,1,1
"E00123468",0,0,0
"E00123469",5,4,1
"E00123471",1,1,0
"E00123472",2,1,1
"E00123473",4,4,0
"E00123474",1,1,0
"E00123475",1,1,0
"E00123476",2,0,2
"E00123477",5,3,2
"E00123478",2,1,1
"E00123479",12,6,6
"E00123480",5,5,0
"E00123481",5,3,2
"E00123482",8,5,3
"E00123483",4,2,2
"E00123484",4,2,2
"E00123485",5,3,2
"E00123486",0,0,0
"E00123487",1,0,1
"E00123488",10,7,3
"E00123489",5,2,3
"E00123490",2,2,0
"E00123491",7,3,4
"E00123492",14,5,9
"E00123493",11,3,8
"E00123494",7,7,0
"E00123495",6,2,4
"E00123496",8,4,4
"E00123497",9,3,6
"E00123498",2,2,0
"E00123499",16,9,7
"E00123500",6,4,2
"E00123501",15,10,5
"E00123502",15,5,10
"E00123503",8,4,4
"E00123504",11,6,5
"E00123505",3,1,2
"E00123506",4,0,4
"E00123507",0,0,0
"E00123508",5,2,3
"E00123509",6,4,2
"E00123510",4,3,1
"E00123511",0,0,0
"E00123512",1,1,0
"E00123513",5,5,0
"E00123514",4,0,4
"E00123515",12,9,3
"E00123516",10,4,6
"E00123517",9,5,4
"E00123518",4,2,2
"E00123519",1,0,1
"E00123520",3,3,0
"E00123521",11,7,4
"E00123522",14,8,6
"E00123523",3,1,2
"E00123524",12,4,8
"E00123525",0,0,0
"E00123526",8,3,5
"E00123527",13,4,9
"E00123528",7,3,4
"E00123529",4,2,2
"E00123530",7,4,3
"E00123531",10,6,4
"E00123532",7,0,7
"E00123533",11,3,8
"E00123534",4,3,1
"E00123535",4,3,1
"E00123536",9,1,8
"E00123537",4,4,0
"E00123538",6,4,2
"E00123539",3,2,1
"E00123540",5,3,2
"E00123541",4,2,2
"E00123542",6,4,2
"E00123543",9,6,3
"E00123544",13,5,8
"E00123545",5,4,1
"E00123546",0,0,0
"E00123547",3,2,1
"E00123548",6,2,4
"E00123549",1,0,1
"E00123550",3,1,2
"E00123551",12,4,8
"E00123552",1,1,0
"E00123553",4,3,1
"E00123554",5,3,2
"E00123555",0,0,0
"E00123556",8,6,2
"E00123557",3,3,0
"E00123558",7,6,1
"E00123559",10,6,4
"E00123560",9,5,4
"E00123562",2,1,1
"E00123563",2,1,1
"E00123564",4,1,3
"E00123565",0,0,0
"E00123567",0,0,0
"E00123568",1,1,0
"E00123569",2,1,1
"E00123570",4,1,3
"E00123571",5,2,3
"E00123572",4,1,3
"E00123573",2,1,1
"E00123574",4,0,4
"E00123575",0,0,0
"E00123576",9,5,4
"E00123577",2,0,2
"E00123578",7,4,3
"E00123579",6,2,4
"E00123580",7,4,3
"E00123581",2,2,0
"E00123582",0,0,0
"E00123583",7,4,3
"E00123584",20,11,9
"E00123585",0,0,0
"E00123586",7,5,2
"E00123587",5,3,2
"E00123588",7,3,4
"E00123589",4,1,3
"E00123590",16,5,11
"E00123591",4,1,3
"E00123592",1,0,1
"E00123593",6,1,5
"E00123594",3,1,2
"E00123595",3,0,3
"E00123596",18,12,6
"E00123597",5,3,2
"E00123598",12,7,5
"E00123599",3,2,1
"E00123600",1,1,0
"E00123601",3,2,1
"E00123602",5,3,2
"E00123603",2,1,1
"E00123604",2,1,1
"E00123605",4,1,3
"E00123606",2,2,0
"E00123607",4,2,2
"E00123608",6,4,2
"E00123609",5,3,2
"E00123610",0,0,0
"E00123611",5,4,1
"E00123612",4,1,3
"E00123613",5,1,4
"E00123614",1,0,1
"E00123615",1,1,0
"E00123616",0,0,0
"E00123617",5,3,2
"E00123618",12,5,7
"E00123619",0,0,0
"E00123620",6,6,0
"E00123621",9,3,6
"E00123622",1,0,1
"E00123623",2,1,1
"E00123624",6,3,3
"E00123625",3,1,2
"E00123626",5,3,2
"E00123627",4,3,1
"E00123628",4,3,1
"E00123629",1,1,0
"E00123630",2,1,1
"E00123631",1,0,1
"E00123632",1,0,1
"E00123633",5,3,2
"E00123634",1,1,0
"E00123635",13,8,5
"E00123636",4,2,2
"E00123637",4,2,2
"E00123638",5,4,1
"E00123639",5,4,1
"E00123640",4,3,1
"E00123641",0,0,0
"E00123642",7,5,2
"E00123643",3,2,1
"E00123644",0,0,0
"E00123645",2,0,2
"E00123646",9,7,2
"E00123647",4,0,4
"E00123648",2,0,2
"E00123649",4,4,0
"E00123650",6,3,3
"E00123652",5,4,1
"E00123653",1,1,0
"E00123654",7,4,3
"E00123655",7,4,3
"E00123656",0,0,0
"E00123657",1,0,1
"E00123658",6,2,4
"E00123659",4,2,2
"E00123660",5,1,4
"E00123661",0,0,0
"E00123662",5,2,3
"E00123663",4,1,3
"E00123664",4,3,1
"E00123665",8,2,6
"E00123666",1,0,1
"E00123667",2,1,1
"E00123668",9,3,6
"E00123669",8,2,6
"E00123670",1,0,1
"E00123671",4,1,3
"E00123672",1,1,0
"E00123673",6,1,5
"E00123674",1,0,1
"E00123675",9,5,4
"E00123676",1,1,0
"E00123677",2,1,1
"E00123678",3,1,2
"E00123679",5,3,2
"E00123680",3,3,0
"E00123681",7,6,1
"E00123682",1,1,0
"E00123683",6,2,4
"E00123684",7,3,4
"E00123685",15,6,9
"E00123686",2,1,1
"E00123687",1,1,0
"E00123688",3,2,1
"E00123689",1,0,1
"E00123690",7,4,3
"E00123691",3,3,0
"E00123692",0,0,0
"E00123693",2,2,0
"E00123694",3,1,2
"E00123695",9,6,3
"E00123696",5,4,1
"E00123697",2,1,1
"E00123698",0,0,0
"E00123699",8,6,2
"E00123701",0,0,0
"E00123702",11,6,5
"E00123703",0,0,0
"E00123704",15,8,7
"E00123706",5,3,2
"E00123707",1,1,0
"E00123708",2,2,0
"E00123709",1,1,0
"E00123710",14,9,5
"E00123711",6,3,3
"E00123712",4,2,2
"E00123713",6,3,3
"E00123714",3,1,2
"E00123715",5,2,3
"E00123716",2,1,1
"E00123717",2,1,1
"E00123718",3,1,2
"E00123719",1,0,1
"E00123721",0,0,0
"E00123722",1,1,0
"E00123723",2,1,1
"E00123724",0,0,0
"E00123725",3,2,1
"E00123726",5,4,1
"E00123727",8,4,4
"E00123728",5,3,2
"E00123729",3,1,2
"E00123730",3,2,1
"E00123731",6,6,0
"E00123732",1,1,0
"E00123733",0,0,0
"E00123734",4,2,2
"E00123735",2,2,0
"E00123736",5,4,1
"E00123737",7,1,6
"E00123738",3,3,0
"E00123739",4,2,2
"E00123740",9,4,5
"E00123741",3,2,1
"E00123742",7,4,3
"E00123743",3,1,2
"E00123744",2,0,2
"E00123745",3,0,3
"E00123746",1,1,0
"E00123747",16,5,11
"E00123748",9,4,5
"E00123749",8,5,3
"E00123750",2,0,2
"E00123751",15,7,8
"E00123752",5,1,4
"E00123753",3,2,1
"E00123754",1,1,0
"E00123755",11,5,6
"E00123756",8,2,6
"E00123757",1,0,1
"E00123758",12,7,5
"E00123759",0,0,0
"E00123760",0,0,0
"E00123761",3,1,2
"E00123762",10,7,3
"E00123763",3,2,1
"E00123764",2,2,0
"E00123765",7,4,3
"E00123766",7,4,3
"E00123767",4,4,0
"E00123768",5,2,3
"E00123769",12,7,5
"E00123770",4,2,2
"E00123771",10,5,5
"E00123772",1,1,0
"E00123773",13,5,8
"E00123774",13,8,5
"E00123775",2,1,1
"E00123777",3,3,0
"E00123778",12,5,7
"E00123779",4,3,1
"E00123780",5,3,2
"E00123781",9,5,4
"E00123782",5,1,4
"E00123783",1,1,0
"E00123784",10,7,3
"E00123785",5,4,1
"E00123786",5,2,3
"E00123787",1,0,1
"E00123789",0,0,0
"E00123790",1,0,1
"E00123791",1,1,0
"E00123792",6,3,3
"E00123793",5,3,2
"E00123794",4,3,1
"E00123795",0,0,0
"E00123796",1,0,1
"E00123797",2,1,1
"E00123798",3,2,1
"E00123799",1,0,1
"E00123800",5,4,1
"E00123801",0,0,0
"E00123802",7,4,3
"E00123803",5,1,4
"E00123804",3,3,0
"E00123805",0,0,0
"E00123806",5,3,2
"E00123807",4,2,2
"E00123808",1,0,1
"E00123809",7,3,4
"E00123810",4,3,1
"E00123811",4,2,2
"E00123812",0,0,0
"E00123813",0,0,0
"E00123814",1,1,0
"E00123815",2,1,1
"E00123816",2,1,1
"E00123817",2,1,1
"E00123819",0,0,0
"E00123820",5,4,1
"E00123821",4,2,2
"E00123822",1,0,1
"E00123824",1,1,0
"E00123825",0,0,0
"E00123826",5,3,2
"E00123827",4,4,0
"E00123828",10,6,4
"E00123829",7,4,3
"E00123830",3,3,0
"E00123831",3,1,2
"E00123832",6,3,3
"E00123833",7,5,2
"E00123834",4,2,2
"E00123835",1,1,0
"E00123836",4,2,2
"E00123837",1,1,0
"E00123838",0,0,0
"E00123839",1,0,1
"E00123840",3,2,1
"E00123841",0,0,0
"E00123842",3,1,2
"E00123843",3,2,1
"E00123844",2,1,1
"E00123845",4,1,3
"E00123846",2,0,2
"E00123847",0,0,0
"E00123848",2,0,2
"E00123849",2,1,1
"E00123850",0,0,0
"E00123851",2,1,1
"E00123852",2,1,1
"E00123853",0,0,0
"E00123854",2,2,0
"E00123855",1,0,1
"E00123856",0,0,0
"E00123857",0,0,0
"E00123858",0,0,0
"E00123859",0,0,0
"E00123860",0,0,0
"E00123861",1,1,0
"E00123862",0,0,0
"E00123863",1,0,1
"E00123864",0,0,0
"E00123865",0,0,0
"E00123866",4,2,2
"E00123867",0,0,0
"E00123868",0,0,0
"E00123869",4,1,3
"E00123870",0,0,0
"E00123871",3,0,3
"E00123872",3,1,2
"E00123873",2,1,1
"E00123874",4,0,4
"E00123875",3,1,2
"E00123876",3,2,1
"E00123878",1,1,0
"E00123879",7,5,2
"E00123880",0,0,0
"E00123881",1,1,0
"E00123882",1,0,1
"E00123883",1,0,1
"E00123884",3,2,1
"E00123885",1,0,1
"E00123886",6,3,3
"E00123887",3,0,3
"E00123888",0,0,0
"E00123889",2,1,1
"E00123890",1,1,0
"E00123892",2,2,0
"E00123893",0,0,0
"E00123894",5,3,2
"E00123895",9,3,6
"E00123896",5,4,1
"E00123897",8,4,4
"E00123898",3,1,2
"E00123899",5,4,1
"E00123900",5,3,2
"E00123901",2,2,0
"E00123902",6,2,4
"E00123903",5,3,2
"E00123904",5,2,3
"E00123905",5,4,1
"E00123906",4,2,2
"E00123907",1,1,0
"E00123908",13,9,4
"E00123909",0,0,0
"E00123910",8,4,4
"E00123911",16,9,7
"E00123912",5,0,5
"E00123913",7,4,3
"E00123914",0,0,0
"E00123915",3,1,2
"E00123916",3,1,2
"E00123917",9,6,3
"E00123918",11,7,4
"E00123920",7,4,3
"E00123921",0,0,0
"E00123922",2,2,0
"E00123923",3,3,0
"E00123924",2,2,0
"E00123925",4,2,2
"E00123926",11,4,7
"E00123927",3,1,2
"E00123928",9,3,6
"E00123929",1,0,1
"E00123930",9,3,6
"E00123931",3,1,2
"E00123933",10,5,5
"E00123934",1,1,0
"E00123935",3,2,1
"E00123936",5,4,1
"E00123937",3,2,1
"E00123938",1,1,0
"E00123939",0,0,0
"E00123940",18,8,10
"E00123941",3,1,2
"E00123942",14,9,5
"E00123943",11,4,7
"E00123944",9,4,5
"E00123945",6,2,4
"E00123946",6,2,4
"E00123947",12,7,5
"E00123948",7,5,2
"E00123949",10,6,4
"E00123950",9,2,7
"E00123951",5,4,1
"E00123952",14,9,5
"E00123953",0,0,0
"E00123954",14,10,4
"E00123955",9,7,2
"E00123956",2,1,1
"E00123957",7,2,5
"E00123958",5,1,4
"E00123959",13,5,8
"E00123960",10,8,2
"E00123961",1,1,0
"E00123962",13,5,8
"E00123963",13,8,5
"E00123964",17,9,8
"E00123965",7,7,0
"E00123966",3,2,1
"E00123967",3,1,2
"E00123968",3,2,1
"E00123969",0,0,0
"E00123970",3,2,1
"E00123971",4,0,4
"E00123972",4,0,4
"E00123973",8,6,2
"E00123974",2,1,1
"E00123975",0,0,0
"E00123976",4,0,4
"E00123977",5,2,3
"E00123978",2,1,1
"E00123979",3,1,2
"E00123980",6,2,4
"E00123981",6,4,2
"E00123982",0,0,0
"E00123983",3,1,2
"E00123984",7,3,4
"E00123985",7,2,5
"E00123986",7,4,3
"E00123987",14,6,8
"E00123988",20,11,9
"E00123989",0,0,0
"E00123990",2,1,1
"E00123991",5,2,3
"E00123992",3,0,3
"E00123993",6,4,2
"E00123994",6,4,2
"E00123996",3,1,2
"E00123997",5,1,4
"E00123998",5,4,1
"E00123999",3,0,3
"E00124000",1,1,0
"E00124001",6,4,2
"E00124002",2,0,2
"E00124003",1,0,1
"E00124004",4,0,4
"E00124005",2,0,2
"E00124006",0,0,0
"E00124007",6,4,2
"E00124008",11,5,6
"E00124009",4,2,2
"E00124010",1,0,1
"E00124011",0,0,0
"E00124012",3,2,1
"E00124013",5,2,3
"E00124014",10,5,5
"E00124015",1,0,1
"E00124016",3,1,2
"E00124017",7,4,3
"E00124018",4,1,3
"E00124019",5,2,3
"E00124020",6,4,2
"E00124021",7,5,2
"E00124022",6,2,4
"E00124023",8,6,2
"E00124024",8,2,6
"E00124025",0,0,0
"E00124026",11,3,8
"E00124027",3,1,2
"E00124028",1,0,1
"E00124029",1,0,1
"E00124030",5,2,3
"E00124031",7,3,4
"E00124032",1,0,1
"E00124033",4,3,1
"E00124035",4,4,0
"E00124036",0,0,0
"E00124037",15,7,8
"E00124038",2,0,2
"E00124039",3,2,1
"E00124040",8,5,3
"E00124041",4,2,2
"E00124042",0,0,0
"E00124043",6,2,4
"E00124044",3,1,2
"E00124045",5,2,3
"E00124046",1,1,0
"E00124047",5,0,5
"E00124048",1,0,1
"E00124049",3,2,1
"E00124050",5,2,3
"E00124051",0,0,0
"E00124052",4,2,2
"E00124053",1,0,1
"E00124054",5,5,0
"E00124055",1,1,0
"E00124056",3,1,2
"E00124057",6,4,2
"E00124058",8,5,3
"E00124059",1,0,1
"E00124060",6,3,3
"E00124061",0,0,0
"E00124062",3,3,0
"E00124063",13,9,4
"E00124064",5,2,3
"E00124065",11,3,8
"E00124066",7,2,5
"E00124067",6,4,2
"E00124068",6,3,3
"E00124069",5,2,3
"E00124070",9,5,4
"E00124071",12,8,4
"E00124072",4,2,2
"E00124073",9,6,3
"E00124074",9,7,2
"E00124075",0,0,0
"E00124076",0,0,0
"E00124077",7,1,6
"E00124078",1,1,0
"E00124079",3,2,1
"E00124080",5,1,4
"E00124081",9,4,5
"E00124082",3,1,2
"E00124083",2,2,0
"E00124084",8,1,7
"E00124085",10,5,5
"E00124086",13,6,7
"E00124087",4,0,4
"E00124088",14,8,6
"E00124089",5,4,1
"E00124090",9,5,4
"E00124091",3,1,2
"E00124092",0,0,0
"E00124093",7,3,4
"E00124094",1,0,1
"E00124095",5,3,2
"E00124096",7,3,4
"E00124097",3,2,1
"E00124098",3,1,2
"E00124099",5,2,3
"E00124100",1,1,0
"E00124101",7,4,3
"E00124102",3,1,2
"E00124103",7,3,4
"E00124104",4,2,2
"E00124105",7,4,3
"E00124106",2,1,1
"E00124107",8,2,6
"E00124108",10,8,2
"E00124109",10,8,2
"E00124110",3,2,1
"E00124111",4,2,2
"E00124112",10,1,9
"E00124113",8,3,5
"E00124114",18,9,9
"E00124115",4,2,2
"E00124116",20,10,10
"E00124117",11,2,9
"E00124118",3,3,0
"E00124119",4,2,2
"E00124120",5,3,2
"E00124121",5,4,1
"E00124122",8,4,4
"E00124123",4,2,2
"E00124124",1,1,0
"E00124125",15,10,5
"E00124126",7,4,3
"E00124127",18,7,11
"E00124128",7,2,5
"E00124129",5,5,0
"E00124130",8,5,3
"E00124131",11,5,6
"E00124132",2,0,2
"E00124133",13,8,5
"E00124134",11,7,4
"E00124135",11,6,5
"E00124136",11,4,7
"E00124137",27,16,11
"E00124138",7,4,3
"E00124139",16,6,10
"E00124140",11,6,5
"E00124141",9,4,5
"E00124142",18,8,10
"E00124143",16,6,10
"E00124144",15,7,8
"E00124145",8,1,7
"E00124146",9,6,3
"E00124147",0,0,0
"E00124148",28,16,12
"E00124149",4,1,3
"E00124150",14,6,8
"E00124151",27,8,19
"E00124152",14,9,5
"E00124153",12,5,7
"E00124154",18,7,11
"E00124155",4,3,1
"E00124156",7,2,5
"E00124157",0,0,0
"E00124158",10,5,5
"E00124159",5,4,1
"E00124160",6,3,3
"E00124161",4,4,0
"E00124162",4,0,4
"E00124163",4,2,2
"E00124164",4,1,3
"E00124165",3,3,0
"E00124166",22,15,7
"E00124167",22,13,9
"E00124168",9,5,4
"E00124169",13,3,10
"E00124170",19,14,5
"E00124171",27,13,14
"E00124172",24,10,14
"E00124173",16,6,10
"E00124174",11,5,6
"E00124175",17,11,6
"E00124176",4,2,2
"E00124177",7,3,4
"E00124178",18,6,12
"E00124179",7,5,2
"E00124180",7,3,4
"E00124181",4,1,3
"E00124182",6,1,5
"E00124183",8,4,4
"E00124184",6,1,5
"E00124185",1,1,0
"E00124186",3,3,0
"E00124187",3,3,0
"E00124188",2,2,0
"E00124189",4,3,1
"E00124190",1,0,1
"E00124191",3,3,0
"E00124192",0,0,0
"E00124193",11,7,4
"E00124194",9,4,5
"E00124195",7,4,3
"E00124196",0,0,0
"E00124197",7,4,3
"E00124198",8,6,2
"E00124199",16,10,6
"E00124200",8,1,7
"E00124201",7,4,3
"E00124202",19,9,10
"E00124203",13,7,6
"E00124204",9,5,4
"E00124205",8,7,1
"E00124206",9,5,4
"E00124207",11,5,6
"E00124208",1,1,0
"E00124209",4,3,1
"E00124211",6,5,1
"E00124212",2,1,1
"E00124213",8,5,3
"E00124214",1,0,1
"E00124215",2,1,1
"E00124216",4,2,2
"E00124217",3,2,1
"E00124218",5,2,3
"E00124219",4,4,0
"E00124220",5,2,3
"E00124221",3,3,0
"E00124222",8,6,2
"E00124223",5,4,1
"E00124224",1,1,0
"E00124225",0,0,0
"E00124226",5,0,5
"E00124227",2,0,2
"E00124228",0,0,0
"E00124229",4,3,1
"E00124230",5,3,2
"E00124231",6,5,1
"E00124232",0,0,0
"E00124233",2,1,1
"E00124234",2,2,0
"E00124235",0,0,0
"E00124236",2,0,2
"E00124237",1,0,1
"E00124238",5,2,3
"E00124239",4,1,3
"E00124240",0,0,0
"E00124241",3,0,3
"E00124242",0,0,0
"E00124243",5,4,1
"E00124244",0,0,0
"E00124245",2,1,1
"E00124246",9,7,2
"E00124247",2,2,0
"E00124248",2,2,0
"E00124249",4,4,0
"E00124250",3,0,3
"E00124251",2,0,2
"E00124252",3,1,2
"E00124253",0,0,0
"E00124254",2,1,1
"E00124255",4,3,1
"E00124256",1,0,1
"E00124257",4,2,2
"E00124258",8,4,4
"E00124259",1,1,0
"E00124260",0,0,0
"E00124261",0,0,0
"E00124262",0,0,0
"E00124263",3,3,0
"E00124264",0,0,0
"E00124265",1,0,1
"E00124266",1,0,1
"E00124267",3,2,1
"E00124268",4,1,3
"E00124269",6,4,2
"E00124270",11,6,5
"E00124271",13,9,4
"E00124272",13,6,7
"E00124273",2,0,2
"E00124274",7,6,1
"E00124275",10,5,5
"E00124276",9,4,5
"E00124277",4,4,0
"E00124278",2,1,1
"E00124279",3,0,3
"E00124280",6,1,5
"E00124281",2,1,1
"E00124282",4,3,1
"E00124283",0,0,0
"E00124284",1,0,1
"E00124285",3,3,0
"E00124286",2,1,1
"E00124287",2,0,2
"E00124288",1,1,0
"E00124289",6,3,3
"E00124290",4,4,0
"E00124291",0,0,0
"E00124292",1,1,0
"E00124293",1,1,0
"E00124294",1,0,1
"E00124295",3,2,1
"E00124296",0,0,0
"E00124297",1,0,1
"E00124298",0,0,0
"E00124299",1,1,0
"E00124300",0,0,0
"E00124301",1,0,1
"E00124302",2,1,1
"E00124303",10,4,6
"E00124304",8,4,4
"E00124305",4,2,2
"E00124306",1,1,0
"E00124307",9,3,6
"E00124308",11,3,8
"E00124309",13,9,4
"E00124310",0,0,0
"E00124311",2,1,1
"E00124312",1,1,0
"E00124313",0,0,0
"E00124314",5,3,2
"E00124315",4,0,4
"E00124316",0,0,0
"E00124317",0,0,0
"E00124318",6,2,4
"E00124319",1,1,0
"E00124320",0,0,0
"E00124321",1,0,1
"E00124322",0,0,0
"E00124323",0,0,0
"E00124324",2,2,0
"E00124325",0,0,0
"E00124326",7,6,1
"E00124327",4,3,1
"E00124328",3,1,2
"E00124329",6,3,3
"E00124330",4,2,2
"E00124331",2,1,1
"E00124332",1,1,0
"E00124333",2,1,1
"E00124334",0,0,0
"E00124335",0,0,0
"E00124336",3,3,0
"E00124337",6,2,4
"E00124338",2,1,1
"E00124339",2,1,1
"E00124340",1,0,1
"E00124341",8,1,7
"E00124342",5,2,3
"E00124343",0,0,0
"E00124344",1,1,0
"E00124345",3,2,1
"E00124346",0,0,0
"E00124347",0,0,0
"E00124348",3,3,0
"E00124349",0,0,0
"E00124350",1,1,0
"E00124351",0,0,0
"E00124352",2,1,1
"E00124353",4,3,1
"E00124354",0,0,0
"E00124355",3,2,1
"E00124356",1,1,0
"E00124357",3,2,1
"E00124358",1,1,0
"E00124359",1,0,1
"E00124360",0,0,0
"E00124361",0,0,0
"E00124362",4,2,2
"E00124363",2,0,2
"E00124364",5,4,1
"E00124365",2,0,2
"E00124366",2,1,1
"E00124367",0,0,0
"E00124368",2,0,2
"E00124369",2,1,1
"E00124370",2,1,1
"E00124371",7,4,3
"E00124372",1,1,0
"E00124373",0,0,0
"E00124374",2,1,1
"E00124375",0,0,0
"E00124376",2,0,2
"E00124377",3,1,2
"E00124378",2,0,2
"E00124379",2,2,0
"E00124380",1,1,0
"E00124381",5,4,1
"E00124382",0,0,0
"E00124383",2,0,2
"E00124384",1,1,0
"E00124385",4,2,2
"E00124386",0,0,0
"E00124387",2,1,1
"E00124388",2,2,0
"E00124389",0,0,0
"E00124390",1,1,0
"E00124391",1,1,0
"E00124392",0,0,0
"E00124393",4,1,3
"E00124394",0,0,0
"E00124396",0,0,0
"E00124397",3,2,1
"E00124398",2,1,1
"E00124399",2,1,1
"E00124400",0,0,0
"E00124401",2,1,1
"E00124403",0,0,0
"E00124404",4,2,2
"E00124405",2,0,2
"E00124406",1,1,0
"E00124407",0,0,0
"E00124408",2,1,1
"E00124409",5,2,3
"E00124410",8,0,8
"E00124411",8,2,6
"E00124412",4,2,2
"E00124413",4,1,3
"E00124414",0,0,0
"E00124415",7,4,3
"E00124416",0,0,0
"E00124417",1,0,1
"E00124418",0,0,0
"E00124419",1,0,1
"E00124420",2,1,1
"E00124421",2,0,2
"E00124422",3,1,2
"E00124423",3,3,0
"E00124424",3,2,1
"E00124425",10,4,6
"E00124426",2,1,1
"E00124427",3,2,1
"E00124428",7,1,6
"E00124429",2,2,0
"E00124430",2,0,2
"E00124431",4,0,4
"E00124432",4,1,3
"E00124433",14,7,7
"E00124434",2,2,0
"E00124435",5,3,2
"E00124436",1,0,1
"E00124437",2,1,1
"E00124438",3,1,2
"E00124439",1,1,0
"E00124440",0,0,0
"E00124441",5,4,1
"E00124442",1,1,0
"E00124443",4,1,3
"E00124444",10,6,4
"E00124445",1,0,1
"E00124446",7,4,3
"E00124447",5,4,1
"E00124448",3,1,2
"E00124449",6,3,3
"E00124450",5,3,2
"E00124451",3,1,2
"E00124452",1,1,0
"E00124453",12,6,6
"E00124454",6,4,2
"E00124455",4,2,2
"E00124456",3,1,2
"E00124457",4,3,1
"E00124458",0,0,0
"E00124459",3,1,2
"E00124460",1,0,1
"E00124461",4,2,2
"E00124462",5,4,1
"E00124463",6,3,3
"E00124464",1,1,0
"E00124465",3,1,2
"E00124466",8,6,2
"E00124467",3,2,1
"E00124468",3,1,2
"E00124469",0,0,0
"E00124470",6,3,3
"E00124471",1,0,1
"E00124472",2,2,0
"E00124473",5,3,2
"E00124474",5,3,2
"E00124475",12,8,4
"E00124476",2,1,1
"E00124477",4,1,3
"E00124478",0,0,0
"E00124479",0,0,0
"E00124480",1,0,1
"E00124481",5,2,3
"E00124482",5,1,4
"E00124483",2,1,1
"E00124484",0,0,0
"E00124485",0,0,0
"E00124486",3,1,2
"E00124487",3,3,0
"E00124488",4,3,1
"E00124489",2,1,1
"E00124490",6,4,2
"E00124491",1,1,0
"E00124492",2,0,2
"E00124493",0,0,0
"E00124494",5,3,2
"E00124495",7,3,4
"E00124496",1,1,0
"E00124497",5,2,3
"E00124498",5,3,2
"E00124499",6,3,3
"E00124500",1,0,1
"E00124501",5,2,3
"E00124502",10,1,9
"E00124503",2,2,0
"E00124504",4,2,2
"E00124505",1,0,1
"E00124506",2,1,1
"E00124507",0,0,0
"E00124508",1,0,1
"E00124509",0,0,0
"E00124510",4,4,0
"E00124511",1,0,1
"E00124512",3,1,2
"E00124513",2,1,1
"E00124514",1,0,1
"E00124515",0,0,0
"E00124516",2,2,0
"E00124517",4,3,1
"E00124518",1,1,0
"E00124519",3,1,2
"E00124520",3,2,1
"E00124521",0,0,0
"E00124522",1,0,1
"E00124523",4,3,1
"E00124524",1,1,0
"E00124525",1,1,0
"E00124526",2,0,2
"E00124527",1,0,1
"E00124528",1,1,0
"E00124529",2,1,1
"E00124530",3,2,1
"E00124531",2,1,1
"E00124532",2,1,1
"E00124533",1,0,1
"E00124534",2,1,1
"E00124535",3,1,2
"E00124536",4,2,2
"E00124537",1,0,1
"E00124538",11,5,6
"E00124539",7,1,6
"E00124540",10,5,5
"E00124541",8,3,5
"E00124542",6,3,3
"E00124543",1,1,0
"E00124544",4,1,3
"E00124545",9,1,8
"E00124546",5,3,2
"E00124547",3,2,1
"E00124548",5,1,4
"E00124549",3,2,1
"E00124550",3,1,2
"E00124551",4,1,3
"E00124552",2,1,1
"E00124553",2,1,1
"E00124554",0,0,0
"E00124555",3,3,0
"E00124556",5,3,2
"E00124557",2,2,0
"E00124558",1,0,1
"E00124559",2,0,2
"E00124560",2,2,0
"E00124561",4,1,3
"E00124562",1,0,1
"E00124563",4,2,2
"E00124564",1,1,0
"E00124565",0,0,0
"E00124566",3,2,1
"E00124567",1,0,1
"E00124568",4,2,2
"E00124571",7,1,6
"E00124572",2,1,1
"E00124573",3,2,1
"E00124574",7,2,5
"E00124576",1,0,1
"E00124578",4,2,2
"E00124580",2,1,1
"E00124581",4,2,2
"E00124582",7,3,4
"E00124583",5,3,2
"E00124584",0,0,0
"E00124585",2,0,2
"E00124586",9,4,5
"E00124587",16,8,8
"E00124588",4,3,1
"E00124589",7,3,4
"E00124590",1,0,1
"E00124591",4,2,2
"E00124592",9,5,4
"E00124593",8,1,7
"E00124594",3,1,2
"E00124595",3,1,2
"E00124596",4,3,1
"E00124597",6,4,2
"E00124598",6,4,2
"E00124599",14,9,5
"E00124600",7,6,1
"E00124601",1,0,1
"E00124602",11,7,4
"E00124603",3,1,2
"E00124604",4,1,3
"E00124605",9,5,4
"E00124606",5,3,2
"E00124607",4,4,0
"E00124608",0,0,0
"E00124609",1,1,0
"E00124610",1,1,0
"E00124611",2,2,0
"E00124612",3,1,2
"E00124613",5,3,2
"E00124614",6,4,2
"E00124615",3,1,2
"E00124616",5,2,3
"E00124617",3,1,2
"E00124618",0,0,0
"E00124619",0,0,0
"E00124620",1,1,0
"E00124621",1,1,0
"E00124622",1,1,0
"E00124623",0,0,0
"E00124624",6,3,3
"E00124625",1,1,0
"E00124627",6,2,4
"E00124628",2,2,0
"E00124629",3,3,0
"E00124630",6,3,3
"E00124631",3,1,2
"E00124632",8,6,2
"E00124633",6,3,3
"E00124634",0,0,0
"E00124635",9,6,3
"E00124636",6,4,2
"E00124637",5,1,4
"E00124638",3,0,3
"E00124639",3,1,2
"E00124640",3,3,0
"E00124641",9,6,3
"E00124642",6,4,2
"E00124643",5,3,2
"E00124644",11,6,5
"E00124645",0,0,0
"E00124646",2,1,1
"E00124647",1,1,0
"E00124648",3,1,2
"E00124649",6,2,4
"E00124650",6,1,5
"E00124651",1,0,1
"E00124652",4,3,1
"E00124653",2,1,1
"E00124654",7,5,2
"E00124655",9,6,3
"E00124656",11,6,5
"E00124657",7,7,0
"E00124658",5,0,5
"E00124659",2,2,0
"E00124660",3,2,1
"E00124661",3,1,2
"E00124662",2,2,0
"E00124663",3,1,2
"E00124664",3,2,1
"E00124665",1,0,1
"E00124666",7,7,0
"E00124667",1,1,0
"E00124668",2,1,1
"E00124669",0,0,0
"E00124670",2,1,1
"E00124671",1,1,0
"E00124672",0,0,0
"E00124673",1,0,1
"E00124674",2,1,1
"E00124675",4,2,2
"E00124676",1,0,1
"E00124677",0,0,0
"E00124678",2,1,1
"E00124679",9,3,6
"E00124680",0,0,0
"E00124681",1,0,1
"E00124682",3,2,1
"E00124683",6,2,4
"E00124684",0,0,0
"E00124685",6,2,4
"E00124686",6,5,1
"E00124687",2,0,2
"E00124688",4,2,2
"E00124689",4,2,2
"E00124690",5,2,3
"E00124691",7,3,4
"E00124692",1,1,0
"E00124693",11,3,8
"E00124694",5,4,1
"E00124697",2,1,1
"E00124698",2,1,1
"E00124699",0,0,0
"E00124700",1,0,1
"E00124701",6,5,1
"E00124702",1,0,1
"E00124703",8,5,3
"E00124704",4,2,2
"E00124705",0,0,0
"E00124706",3,2,1
"E00124707",5,2,3
"E00124708",5,1,4
"E00124709",1,0,1
"E00124710",0,0,0
"E00124711",10,7,3
"E00124712",10,5,5
"E00124713",5,1,4
"E00124714",0,0,0
"E00124715",1,1,0
"E00124716",2,2,0
"E00124717",4,3,1
"E00124718",0,0,0
"E00124719",3,0,3
"E00124720",1,0,1
"E00124721",0,0,0
"E00124722",4,1,3
"E00124723",10,5,5
"E00124724",7,4,3
"E00124725",3,0,3
"E00124727",1,1,0
"E00124729",3,3,0
"E00124731",6,2,4
"E00124733",6,1,5
"E00124734",2,1,1
"E00124735",10,5,5
"E00124736",2,1,1
"E00124737",4,2,2
"E00124738",2,2,0
"E00124739",2,0,2
"E00124740",6,2,4
"E00124741",3,0,3
"E00124742",9,5,4
"E00124743",2,1,1
"E00124744",2,2,0
"E00124745",3,1,2
"E00124746",0,0,0
"E00124747",4,1,3
"E00124748",0,0,0
"E00124749",5,4,1
"E00124750",6,2,4
"E00124753",1,0,1
"E00124754",4,1,3
"E00124755",1,0,1
"E00124756",0,0,0
"E00124757",0,0,0
"E00124758",0,0,0
"E00124759",3,1,2
"E00124760",0,0,0
"E00124761",0,0,0
"E00124762",4,4,0
"E00124763",4,2,2
"E00124764",1,0,1
"E00124765",0,0,0
"E00124766",1,1,0
"E00124767",2,1,1
"E00124768",5,3,2
"E00124769",0,0,0
"E00124770",1,0,1
"E00124771",5,4,1
"E00124772",3,1,2
"E00124773",0,0,0
"E00124774",0,0,0
"E00124775",0,0,0
"E00124776",1,0,1
"E00124777",3,1,2
"E00124778",3,2,1
"E00124779",2,1,1
"E00124780",7,6,1
"E00124781",0,0,0
"E00124782",5,3,2
"E00124783",2,1,1
"E00124784",0,0,0
"E00124785",1,0,1
"E00124786",3,0,3
"E00124787",1,0,1
"E00124788",2,1,1
"E00124789",2,1,1
"E00124790",4,0,4
"E00124791",4,0,4
"E00124792",6,3,3
"E00124793",3,3,0
"E00124794",1,1,0
"E00124795",0,0,0
"E00124796",7,2,5
"E00124797",0,0,0
"E00124798",0,0,0
"E00124799",2,0,2
"E00124800",3,1,2
"E00124801",2,2,0
"E00124802",4,3,1
"E00124803",5,2,3
"E00124804",1,0,1
"E00124805",4,4,0
"E00124806",0,0,0
"E00124808",0,0,0
"E00124809",4,2,2
"E00124810",4,1,3
"E00124811",0,0,0
"E00124812",5,2,3
"E00124813",1,1,0
"E00124814",0,0,0
"E00124815",2,2,0
"E00124816",1,1,0
"E00124817",2,1,1
"E00124818",5,4,1
"E00124819",4,2,2
"E00124820",1,0,1
"E00124821",2,2,0
"E00124822",1,1,0
"E00124823",0,0,0
"E00124824",1,0,1
"E00124825",0,0,0
"E00124826",0,0,0
"E00124827",1,0,1
"E00124828",2,0,2
"E00124829",1,0,1
"E00124830",3,2,1
"E00124831",1,0,1
"E00124832",2,1,1
"E00124833",3,2,1
"E00124834",3,1,2
"E00124835",4,2,2
"E00124836",7,3,4
"E00124837",0,0,0
"E00124838",0,0,0
"E00124839",5,4,1
"E00124840",2,0,2
"E00124841",2,1,1
"E00124842",0,0,0
"E00124843",0,0,0
"E00124844",1,0,1
"E00124845",1,1,0
"E00124846",2,2,0
"E00124847",2,0,2
"E00124848",0,0,0
"E00124849",2,1,1
"E00124850",0,0,0
"E00124851",2,1,1
"E00124852",4,4,0
"E00124853",0,0,0
"E00124854",0,0,0
"E00124855",0,0,0
"E00124856",3,2,1
"E00124857",3,2,1
"E00124858",4,3,1
"E00124859",3,0,3
"E00124860",5,1,4
"E00124861",4,2,2
"E00124862",2,2,0
"E00124863",2,1,1
"E00124864",5,2,3
"E00124865",0,0,0
"E00124866",1,1,0
"E00124867",0,0,0
"E00124868",2,0,2
"E00124869",5,2,3
"E00124870",1,1,0
"E00124871",4,3,1
"E00124872",3,1,2
"E00124873",8,4,4
"E00124874",5,2,3
"E00124875",5,3,2
"E00124876",9,4,5
"E00124877",2,0,2
"E00124878",0,0,0
"E00124879",3,1,2
"E00124880",1,1,0
"E00124881",8,5,3
"E00124882",4,2,2
"E00124883",2,0,2
"E00124884",1,0,1
"E00124885",5,2,3
"E00124886",12,7,5
"E00124887",9,5,4
"E00124888",2,1,1
"E00124889",7,4,3
"E00124891",7,3,4
"E00124892",0,0,0
"E00124893",5,4,1
"E00124894",6,5,1
"E00124895",2,2,0
"E00124896",2,1,1
"E00124897",1,0,1
"E00124898",1,1,0
"E00124899",0,0,0
"E00124900",5,2,3
"E00124901",4,2,2
"E00124902",3,1,2
"E00124903",0,0,0
"E00124904",0,0,0
"E00124905",0,0,0
"E00124906",2,1,1
"E00124907",1,1,0
"E00124908",0,0,0
"E00124909",7,2,5
"E00124910",1,1,0
"E00124911",3,2,1
"E00124912",5,3,2
"E00124913",5,1,4
"E00124914",0,0,0
"E00124915",1,1,0
"E00124916",0,0,0
"E00124917",3,1,2
"E00124918",0,0,0
"E00124919",3,1,2
"E00124920",0,0,0
"E00124921",1,1,0
"E00124922",0,0,0
"E00124923",2,1,1
"E00124924",3,2,1
"E00124925",1,0,1
"E00124926",2,1,1
"E00124927",2,1,1
"E00124928",2,1,1
"E00124929",0,0,0
"E00124930",0,0,0
"E00124931",1,1,0
"E00124932",0,0,0
"E00124933",3,1,2
"E00124934",2,0,2
"E00124935",0,0,0
"E00124937",2,1,1
"E00124938",3,2,1
"E00124939",2,1,1
"E00124940",2,2,0
"E00124941",4,3,1
"E00124942",4,0,4
"E00124943",1,0,1
"E00124944",0,0,0
"E00124945",0,0,0
"E00124946",2,0,2
"E00124947",0,0,0
"E00124948",8,3,5
"E00124949",1,1,0
"E00124950",1,0,1
"E00124951",3,1,2
"E00124952",0,0,0
"E00124953",4,3,1
"E00124955",0,0,0
"E00124956",1,0,1
"E00124957",1,1,0
"E00124959",2,1,1
"E00124960",0,0,0
"E00124961",8,5,3
"E00124962",13,10,3
"E00124963",2,1,1
"E00124964",1,1,0
"E00124965",1,1,0
"E00124966",2,2,0
"E00124967",3,2,1
"E00124968",4,3,1
"E00124969",3,2,1
"E00124970",1,1,0
"E00124971",2,1,1
"E00124972",5,3,2
"E00124973",1,0,1
"E00124974",5,2,3
"E00124975",8,4,4
"E00124976",0,0,0
"E00124977",5,3,2
"E00124978",1,1,0
"E00124979",1,0,1
"E00124980",6,1,5
"E00124981",2,2,0
"E00124982",6,5,1
"E00124983",5,3,2
"E00124984",5,3,2
"E00124985",3,0,3
"E00124986",4,1,3
"E00124987",4,3,1
"E00124988",2,1,1
"E00124989",1,1,0
"E00124990",4,1,3
"E00124991",6,4,2
"E00124992",9,4,5
"E00124993",6,4,2
"E00124994",9,5,4
"E00124995",1,0,1
"E00124996",9,4,5
"E00124997",1,0,1
"E00124998",6,1,5
"E00124999",4,2,2
"E00125000",5,4,1
"E00125001",3,2,1
"E00125002",2,2,0
"E00125003",0,0,0
"E00125004",2,2,0
"E00125005",5,3,2
"E00125006",1,0,1
"E00125007",8,4,4
"E00125008",2,2,0
"E00125009",4,2,2
"E00125010",5,4,1
"E00125011",3,1,2
"E00125012",0,0,0
"E00125013",0,0,0
"E00125014",1,1,0
"E00125015",8,4,4
"E00125016",0,0,0
"E00125017",2,1,1
"E00125018",7,5,2
"E00125019",1,0,1
"E00125020",1,1,0
"E00125021",3,1,2
"E00125022",4,4,0
"E00125023",0,0,0
"E00125024",0,0,0
"E00125025",1,1,0
"E00125026",5,3,2
"E00125027",6,5,1
"E00125028",4,2,2
"E00125029",2,1,1
"E00125030",1,1,0
"E00125031",4,3,1
"E00125032",8,3,5
"E00125033",3,1,2
"E00125034",6,4,2
"E00125035",0,0,0
"E00125036",8,2,6
"E00125037",2,1,1
"E00125038",1,0,1
"E00125039",4,1,3
"E00125040",3,1,2
"E00125041",0,0,0
"E00125042",0,0,0
"E00125043",11,9,2
"E00125044",0,0,0
"E00125045",0,0,0
"E00125046",0,0,0
"E00125047",3,2,1
"E00125048",0,0,0
"E00125049",3,2,1
"E00125050",3,2,1
"E00125051",9,4,5
"E00125052",4,2,2
"E00125053",2,1,1
"E00125054",0,0,0
"E00125055",2,2,0
"E00125056",0,0,0
"E00125057",0,0,0
"E00125058",2,0,2
"E00125059",0,0,0
"E00125060",1,1,0
"E00125061",5,2,3
"E00125062",2,2,0
"E00125063",2,1,1
"E00125064",1,0,1
"E00125065",0,0,0
"E00125066",3,1,2
"E00125067",0,0,0
"E00125068",1,1,0
"E00125069",4,3,1
"E00125070",2,0,2
"E00125071",0,0,0
"E00125072",5,3,2
"E00125073",8,3,5
"E00125074",6,3,3
"E00125075",1,0,1
"E00125076",8,3,5
"E00125077",1,1,0
"E00125078",6,3,3
"E00125079",0,0,0
"E00125080",5,4,1
"E00125081",4,2,2
"E00125082",7,2,5
"E00125083",0,0,0
"E00125084",4,1,3
"E00125085",0,0,0
"E00125086",2,0,2
"E00125087",2,2,0
"E00125088",2,1,1
"E00125089",2,1,1
"E00125090",3,3,0
"E00125091",3,2,1
"E00125092",0,0,0
"E00125093",4,2,2
"E00125094",10,5,5
"E00125095",0,0,0
"E00125096",5,3,2
"E00125097",3,2,1
"E00125098",2,1,1
"E00125099",1,0,1
"E00125100",5,2,3
"E00125101",4,1,3
"E00125102",11,1,10
"E00125103",1,0,1
"E00125104",1,1,0
"E00125105",2,1,1
"E00125106",3,1,2
"E00125107",3,1,2
"E00125108",0,0,0
"E00125109",1,1,0
"E00125110",4,4,0
"E00125111",4,2,2
"E00125112",3,2,1
"E00125113",13,10,3
"E00125114",6,4,2
"E00125115",3,1,2
"E00125116",1,0,1
"E00125117",7,4,3
"E00125118",9,5,4
"E00125119",8,4,4
"E00125120",0,0,0
"E00125121",2,1,1
"E00125122",7,3,4
"E00125123",3,1,2
"E00125124",4,1,3
"E00125125",2,2,0
"E00125126",0,0,0
"E00125127",1,0,1
"E00125128",1,1,0
"E00125129",3,0,3
"E00125130",2,1,1
"E00125131",2,1,1
"E00125132",4,4,0
"E00125133",2,1,1
"E00125134",2,2,0
"E00125135",1,0,1
"E00125136",7,2,5
"E00125137",3,3,0
"E00125138",2,1,1
"E00125139",4,3,1
"E00125140",5,4,1
"E00125141",3,0,3
"E00125142",0,0,0
"E00125143",4,3,1
"E00125144",0,0,0
"E00125145",5,1,4
"E00125146",7,2,5
"E00125147",0,0,0
"E00125148",0,0,0
"E00125149",1,0,1
"E00125150",2,2,0
"E00125151",2,2,0
"E00125152",1,1,0
"E00125153",1,0,1
"E00125154",4,1,3
"E00125155",5,3,2
"E00125156",1,0,1
"E00125157",4,3,1
"E00125158",4,3,1
"E00125159",12,8,4
"E00125160",4,1,3
"E00125161",6,2,4
"E00125162",0,0,0
"E00125164",3,3,0
"E00125166",2,1,1
"E00125167",2,2,0
"E00125169",0,0,0
"E00125170",5,4,1
"E00125171",2,2,0
"E00125172",0,0,0
"E00125173",2,1,1
"E00125174",1,1,0
"E00125175",2,0,2
"E00125176",1,0,1
"E00125177",4,0,4
"E00125178",0,0,0
"E00125179",2,0,2
"E00125180",3,1,2
"E00125181",1,1,0
"E00125182",1,1,0
"E00125183",6,2,4
"E00125184",1,1,0
"E00125185",5,4,1
"E00125186",2,2,0
"E00125187",0,0,0
"E00125188",0,0,0
"E00125189",1,1,0
"E00125190",1,1,0
"E00125191",2,0,2
"E00125192",3,2,1
"E00125193",1,0,1
"E00125194",2,2,0
"E00125195",1,0,1
"E00125196",3,2,1
"E00125197",1,1,0
"E00125198",0,0,0
"E00125199",4,3,1
"E00125200",3,2,1
"E00125201",1,0,1
"E00125202",1,1,0
"E00125203",0,0,0
"E00125204",1,1,0
"E00125205",0,0,0
"E00125206",0,0,0
"E00125207",2,2,0
"E00125208",1,1,0
"E00125209",0,0,0
"E00125210",4,2,2
"E00125211",2,1,1
"E00125212",3,2,1
"E00125213",7,5,2
"E00125214",3,2,1
"E00125215",1,0,1
"E00125216",5,2,3
"E00125217",0,0,0
"E00125218",5,1,4
"E00125219",3,1,2
"E00125220",1,0,1
"E00125221",2,1,1
"E00125222",2,2,0
"E00125223",1,1,0
"E00125224",1,1,0
"E00125225",2,1,1
"E00125226",5,2,3
"E00125227",1,0,1
"E00125228",0,0,0
"E00125229",3,1,2
"E00125230",7,5,2
"E00125231",5,4,1
"E00125232",1,0,1
"E00125233",0,0,0
"E00125234",8,6,2
"E00125235",3,2,1
"E00125236",4,0,4
"E00125237",2,0,2
"E00125238",1,0,1
"E00125239",7,3,4
"E00125240",3,2,1
"E00125241",2,2,0
"E00125242",8,3,5
"E00125243",1,1,0
"E00125244",2,2,0
"E00125245",10,5,5
"E00125246",4,3,1
"E00125247",8,4,4
"E00125248",1,1,0
"E00125249",18,11,7
"E00125250",3,1,2
"E00125251",3,3,0
"E00125252",0,0,0
"E00125253",0,0,0
"E00125254",1,1,0
"E00125255",0,0,0
"E00125256",0,0,0
"E00125257",10,5,5
"E00125258",0,0,0
"E00125259",1,0,1
"E00125260",3,2,1
"E00125261",3,0,3
"E00125262",2,2,0
"E00125263",2,1,1
"E00125264",0,0,0
"E00125265",2,0,2
"E00125266",0,0,0
"E00125267",0,0,0
"E00125268",2,1,1
"E00125269",4,3,1
"E00125270",1,0,1
"E00125271",0,0,0
"E00125272",3,1,2
"E00125273",2,2,0
"E00125274",2,2,0
"E00125275",5,2,3
"E00125276",0,0,0
"E00125277",3,2,1
"E00125278",4,2,2
"E00125279",1,0,1
"E00125280",0,0,0
"E00125281",4,2,2
"E00125282",2,1,1
"E00125283",0,0,0
"E00125284",1,1,0
"E00125285",2,0,2
"E00125286",0,0,0
"E00125287",3,1,2
"E00125288",0,0,0
"E00125289",5,2,3
"E00125290",3,1,2
"E00125291",2,2,0
"E00125292",1,1,0
"E00125293",3,2,1
"E00125294",1,1,0
"E00125295",0,0,0
"E00125296",2,0,2
"E00125297",2,2,0
"E00125298",1,0,1
"E00125299",4,2,2
"E00125300",4,2,2
"E00125301",0,0,0
"E00125302",0,0,0
"E00125303",0,0,0
"E00125304",1,0,1
"E00125305",2,2,0
"E00125306",0,0,0
"E00125307",0,0,0
"E00125308",0,0,0
"E00125309",0,0,0
"E00125310",2,0,2
"E00125311",0,0,0
"E00125312",2,1,1
"E00125313",3,1,2
"E00125314",0,0,0
"E00125315",2,1,1
"E00125316",3,1,2
"E00125317",2,2,0
"E00125318",0,0,0
"E00125319",2,2,0
"E00125320",2,0,2
"E00125321",2,1,1
"E00125322",2,1,1
"E00125323",2,1,1
"E00125324",2,2,0
"E00125325",8,2,6
"E00125326",2,0,2
"E00125327",1,1,0
"E00125328",3,3,0
"E00125329",4,1,3
"E00125330",2,1,1
"E00125331",3,3,0
"E00125332",2,1,1
"E00125333",3,2,1
"E00125334",1,0,1
"E00125335",8,3,5
"E00125336",3,2,1
"E00125337",3,2,1
"E00125338",6,3,3
"E00125339",11,5,6
"E00125340",6,3,3
"E00125341",7,5,2
"E00125342",0,0,0
"E00125343",3,1,2
"E00125344",2,1,1
"E00125345",0,0,0
"E00125346",11,7,4
"E00125347",3,1,2
"E00125349",3,0,3
"E00125350",5,3,2
"E00125351",1,0,1
"E00125352",1,0,1
"E00125353",2,1,1
"E00125354",1,0,1
"E00125355",1,1,0
"E00125356",2,1,1
"E00125357",5,2,3
"E00125358",1,0,1
"E00125359",0,0,0
"E00125360",0,0,0
"E00125361",0,0,0
"E00125362",1,0,1
"E00125363",4,3,1
"E00125364",2,0,2
"E00125365",1,0,1
"E00125366",1,0,1
"E00125367",4,2,2
"E00125368",5,0,5
"E00125369",18,11,7
"E00125370",2,1,1
"E00125371",2,2,0
"E00125372",1,0,1
"E00125373",1,0,1
"E00125374",4,4,0
"E00125375",1,1,0
"E00125376",6,2,4
"E00125377",6,3,3
"E00125378",0,0,0
"E00125379",2,0,2
"E00125381",4,2,2
"E00125383",1,1,0
"E00125384",2,1,1
"E00125385",7,4,3
"E00125386",4,2,2
"E00125387",5,1,4
"E00125388",2,0,2
"E00125389",6,1,5
"E00125390",5,2,3
"E00125391",1,0,1
"E00125392",2,1,1
"E00125393",7,2,5
"E00125394",2,2,0
"E00125395",4,0,4
"E00125396",5,4,1
"E00125397",4,3,1
"E00125398",4,2,2
"E00125399",10,4,6
"E00125400",0,0,0
"E00125401",0,0,0
"E00125402",2,0,2
"E00125403",9,4,5
"E00125404",9,3,6
"E00125405",1,1,0
"E00125406",2,1,1
"E00125407",4,1,3
"E00125408",5,4,1
"E00125409",2,1,1
"E00125410",8,5,3
"E00125411",2,1,1
"E00125412",2,2,0
"E00125413",3,3,0
"E00125414",2,0,2
"E00125415",6,3,3
"E00125416",6,4,2
"E00125417",2,1,1
"E00125418",8,5,3
"E00125419",2,2,0
"E00125420",2,1,1
"E00125421",7,5,2
"E00125422",6,2,4
"E00125423",8,4,4
"E00125424",5,1,4
"E00125425",4,3,1
"E00125426",4,1,3
"E00125427",4,2,2
"E00125428",2,0,2
"E00125429",6,2,4
"E00125430",3,2,1
"E00125431",0,0,0
"E00125432",1,0,1
"E00125433",5,2,3
"E00125434",4,3,1
"E00125435",0,0,0
"E00125436",3,2,1
"E00125437",0,0,0
"E00125438",3,1,2
"E00125439",5,3,2
"E00125440",1,0,1
"E00125441",2,1,1
"E00125442",1,1,0
"E00125443",3,1,2
"E00125444",1,1,0
"E00125445",4,3,1
"E00125446",2,1,1
"E00125447",8,4,4
"E00125448",5,3,2
"E00125449",1,0,1
"E00125450",3,2,1
"E00125451",3,2,1
"E00125452",0,0,0
"E00125453",2,1,1
"E00125454",1,1,0
"E00125455",1,1,0
"E00125456",6,3,3
"E00125457",2,0,2
"E00125458",4,3,1
"E00125459",0,0,0
"E00125460",1,1,0
"E00125461",0,0,0
"E00125462",3,2,1
"E00125463",3,1,2
"E00125464",2,1,1
"E00125465",6,2,4
"E00125466",3,3,0
"E00125467",4,1,3
"E00125468",9,3,6
"E00125469",2,0,2
"E00125470",0,0,0
"E00125471",6,1,5
"E00125472",3,0,3
"E00125473",2,1,1
"E00125474",8,4,4
"E00125475",5,4,1
"E00125476",3,3,0
"E00125477",5,3,2
"E00125478",4,2,2
"E00125479",1,0,1
"E00125480",1,0,1
"E00125481",8,4,4
"E00125482",10,4,6
"E00125483",8,2,6
"E00125484",11,3,8
"E00125485",2,0,2
"E00125486",1,1,0
"E00125487",14,10,4
"E00125488",0,0,0
"E00125489",4,2,2
"E00125490",2,1,1
"E00125491",4,3,1
"E00125492",5,1,4
"E00125493",4,1,3
"E00125494",4,2,2
"E00125495",6,5,1
"E00125496",2,1,1
"E00125497",1,1,0
"E00125498",7,6,1
"E00125499",3,1,2
"E00125500",6,5,1
"E00125501",5,2,3
"E00125502",4,2,2
"E00125503",3,3,0
"E00125504",13,5,8
"E00125505",14,12,2
"E00125506",5,3,2
"E00125507",5,2,3
"E00125508",1,1,0
"E00125509",12,7,5
"E00125510",4,3,1
"E00125511",24,16,8
"E00125512",15,6,9
"E00125513",1,1,0
"E00125514",3,2,1
"E00125515",4,2,2
"E00125516",2,1,1
"E00125517",4,2,2
"E00125518",2,2,0
"E00125519",6,3,3
"E00125520",1,0,1
"E00125521",0,0,0
"E00125522",1,1,0
"E00125523",9,3,6
"E00125524",0,0,0
"E00125526",7,1,6
"E00125527",7,1,6
"E00125528",2,2,0
"E00125529",0,0,0
"E00125530",8,4,4
"E00125531",0,0,0
"E00125532",2,2,0
"E00125533",5,3,2
"E00125534",7,3,4
"E00125535",6,1,5
"E00125536",12,6,6
"E00125537",17,7,10
"E00125538",12,4,8
"E00125539",13,6,7
"E00125540",2,0,2
"E00125541",6,3,3
"E00125542",1,0,1
"E00125543",1,0,1
"E00125544",2,2,0
"E00125545",12,6,6
"E00125546",8,6,2
"E00125547",17,11,6
"E00125548",6,3,3
"E00125550",10,5,5
"E00125551",3,2,1
"E00125552",8,5,3
"E00125553",5,3,2
"E00125554",2,1,1
"E00125555",3,2,1
"E00125556",4,2,2
"E00125557",2,0,2
"E00125558",4,2,2
"E00125559",3,1,2
"E00125560",7,2,5
"E00125561",5,0,5
"E00125562",1,0,1
"E00125564",5,1,4
"E00125565",2,2,0
"E00125566",8,3,5
"E00125567",2,2,0
"E00125568",10,5,5
"E00125569",4,1,3
"E00125570",8,5,3
"E00125571",10,4,6
"E00125572",8,4,4
"E00125573",4,0,4
"E00125574",1,0,1
"E00125576",2,1,1
"E00125577",4,2,2
"E00125578",6,4,2
"E00125579",5,4,1
"E00125580",8,5,3
"E00125581",9,4,5
"E00125582",9,7,2
"E00125583",3,2,1
"E00125584",6,2,4
"E00125585",0,0,0
"E00125586",4,2,2
"E00125587",2,1,1
"E00125588",4,4,0
"E00125589",1,0,1
"E00125590",3,1,2
"E00125591",0,0,0
"E00125592",4,3,1
"E00125593",3,2,1
"E00125594",1,0,1
"E00125595",1,1,0
"E00125596",4,3,1
"E00125597",9,5,4
"E00125598",3,1,2
"E00125599",6,3,3
"E00125600",8,6,2
"E00125601",5,2,3
"E00125602",10,4,6
"E00125603",5,4,1
"E00125604",7,3,4
"E00125605",7,3,4
"E00125606",4,2,2
"E00125607",6,5,1
"E00125608",14,8,6
"E00125609",59,26,33
"E00125610",10,8,2
"E00125611",0,0,0
"E00125612",0,0,0
"E00125613",4,3,1
"E00125614",3,1,2
"E00125615",0,0,0
"E00125616",13,7,6
"E00125617",6,5,1
"E00125618",9,3,6
"E00125619",5,3,2
"E00125620",5,2,3
"E00125621",10,7,3
"E00125622",2,1,1
"E00125623",4,3,1
"E00125624",1,0,1
"E00125625",10,5,5
"E00125626",4,3,1
"E00125627",6,4,2
"E00125628",7,4,3
"E00125629",4,3,1
"E00125630",7,5,2
"E00125631",4,1,3
"E00125632",2,1,1
"E00125633",11,5,6
"E00125634",14,6,8
"E00125635",7,5,2
"E00125636",4,3,1
"E00125637",6,1,5
"E00125638",8,4,4
"E00125639",7,4,3
"E00125640",10,5,5
"E00125641",6,4,2
"E00125642",8,4,4
"E00125643",5,3,2
"E00125644",11,6,5
"E00125645",8,3,5
"E00125646",9,6,3
"E00125647",8,3,5
"E00125648",8,4,4
"E00125649",10,6,4
"E00125650",19,9,10
"E00125651",9,6,3
"E00125652",0,0,0
"E00125653",15,10,5
"E00125654",20,11,9
"E00125655",8,4,4
"E00125656",8,1,7
"E00125659",4,1,3
"E00125660",8,4,4
"E00125661",2,0,2
"E00125662",4,2,2
"E00125663",2,1,1
"E00125664",7,5,2
"E00125665",7,3,4
"E00125666",3,1,2
"E00125667",1,1,0
"E00125668",4,3,1
"E00125669",10,4,6
"E00125670",5,2,3
"E00125671",4,3,1
"E00125672",0,0,0
"E00125673",12,5,7
"E00125674",3,2,1
"E00125675",5,3,2
"E00125676",3,3,0
"E00125677",10,6,4
"E00125678",11,8,3
"E00125680",6,3,3
"E00125681",2,1,1
"E00125682",3,3,0
"E00125683",14,7,7
"E00125684",0,0,0
"E00125686",4,2,2
"E00125687",4,1,3
"E00125688",1,1,0
"E00125689",9,5,4
"E00125690",4,3,1
"E00125691",9,1,8
"E00125692",2,2,0
"E00125693",0,0,0
"E00125694",2,2,0
"E00125695",0,0,0
"E00125696",6,5,1
"E00125697",0,0,0
"E00125698",3,2,1
"E00125699",6,3,3
"E00125700",1,0,1
"E00125701",5,2,3
"E00125702",2,0,2
"E00125703",1,1,0
"E00125704",2,2,0
"E00125705",6,1,5
"E00125706",5,4,1
"E00125707",12,4,8
"E00125708",6,4,2
"E00125709",11,4,7
"E00125711",1,0,1
"E00125712",2,0,2
"E00125713",16,7,9
"E00125714",9,6,3
"E00125715",8,5,3
"E00125716",1,1,0
"E00125717",7,5,2
"E00125718",11,9,2
"E00125719",18,8,10
"E00125720",2,1,1
"E00125721",3,1,2
"E00125722",0,0,0
"E00125723",1,0,1
"E00125724",2,2,0
"E00125725",0,0,0
"E00125726",2,1,1
"E00125727",0,0,0
"E00125728",0,0,0
"E00125729",6,3,3
"E00125730",0,0,0
"E00125731",2,1,1
"E00125732",3,2,1
"E00125733",8,3,5
"E00125734",3,1,2
"E00125735",1,0,1
"E00125736",1,1,0
"E00125737",3,2,1
"E00125738",1,0,1
"E00125739",1,0,1
"E00125740",2,1,1
"E00125741",6,4,2
"E00125742",2,1,1
"E00125743",2,1,1
"E00125745",3,2,1
"E00125746",3,1,2
"E00125747",2,2,0
"E00125748",0,0,0
"E00125749",1,0,1
"E00125750",4,3,1
"E00125751",0,0,0
"E00125752",2,1,1
"E00125753",2,0,2
"E00125754",2,1,1
"E00125755",1,0,1
"E00125756",1,0,1
"E00125757",4,2,2
"E00125758",4,2,2
"E00125759",3,1,2
"E00125760",1,1,0
"E00125761",0,0,0
"E00125762",1,0,1
"E00125763",1,1,0
"E00125764",3,1,2
"E00125765",8,3,5
"E00125766",9,7,2
"E00125767",6,3,3
"E00125768",4,2,2
"E00125769",3,3,0
"E00125770",6,5,1
"E00125771",4,2,2
"E00125772",3,1,2
"E00125773",3,1,2
"E00125774",1,1,0
"E00125775",3,1,2
"E00125776",4,3,1
"E00125777",6,2,4
"E00125778",16,8,8
"E00125779",1,1,0
"E00125780",6,5,1
"E00125781",2,2,0
"E00125782",12,4,8
"E00125783",4,1,3
"E00125784",3,2,1
"E00125785",5,5,0
"E00125786",10,2,8
"E00125787",6,4,2
"E00125788",4,3,1
"E00125789",8,5,3
"E00125790",6,3,3
"E00125791",6,2,4
"E00125792",6,5,1
"E00125793",5,4,1
"E00125794",3,1,2
"E00125795",12,3,9
"E00125796",0,0,0
"E00125797",7,4,3
"E00125798",4,2,2
"E00125799",8,7,1
"E00125800",1,0,1
"E00125801",2,1,1
"E00125802",7,3,4
"E00125803",9,4,5
"E00125804",5,4,1
"E00125805",1,1,0
"E00125806",5,2,3
"E00125807",15,6,9
"E00125808",6,3,3
"E00125809",1,0,1
"E00125810",7,3,4
"E00125811",30,15,15
"E00125812",10,5,5
"E00125813",4,2,2
"E00125814",6,4,2
"E00125816",17,5,12
"E00125817",8,4,4
"E00125818",10,4,6
"E00125819",9,2,7
"E00125820",14,11,3
"E00125821",8,4,4
"E00125822",1,1,0
"E00125823",8,4,4
"E00125824",2,1,1
"E00125825",10,3,7
"E00125826",1,0,1
"E00125827",16,7,9
"E00125828",17,8,9
"E00125829",6,4,2
"E00125830",24,13,11
"E00125831",9,3,6
"E00125832",13,6,7
"E00125833",3,3,0
"E00125834",7,5,2
"E00125835",14,2,12
"E00125836",5,2,3
"E00125837",9,4,5
"E00125838",15,7,8
"E00125839",16,10,6
"E00125840",12,8,4
"E00125841",10,6,4
"E00125842",2,0,2
"E00125843",12,9,3
"E00125844",22,15,7
"E00125845",13,9,4
"E00125846",4,4,0
"E00125847",4,2,2
"E00125848",9,4,5
"E00125849",5,3,2
"E00125850",4,2,2
"E00125851",1,1,0
"E00125852",2,1,1
"E00125853",3,2,1
"E00125854",3,3,0
"E00125855",4,1,3
"E00125856",1,0,1
"E00125857",3,1,2
"E00125858",10,4,6
"E00125859",3,1,2
"E00125860",3,2,1
"E00125861",9,6,3
"E00125862",11,5,6
"E00125863",14,8,6
"E00125864",4,2,2
"E00125865",6,2,4
"E00125866",3,2,1
"E00125867",6,2,4
"E00125868",8,7,1
"E00125869",5,4,1
"E00125870",10,3,7
"E00125871",15,7,8
"E00125872",11,5,6
"E00125873",6,4,2
"E00125874",2,2,0
"E00125875",1,0,1
"E00125877",5,4,1
"E00125878",8,3,5
"E00125879",19,11,8
"E00125880",8,5,3
"E00125881",6,5,1
"E00125882",17,13,4
"E00125883",7,3,4
"E00125884",0,0,0
"E00125885",16,8,8
"E00125886",7,5,2
"E00125887",6,3,3
"E00125888",30,13,17
"E00125889",2,0,2
"E00125890",8,4,4
"E00125891",0,0,0
"E00125892",4,2,2
"E00125893",4,3,1
"E00125894",0,0,0
"E00125895",7,5,2
"E00125896",11,6,5
"E00125897",12,8,4
"E00125898",1,1,0
"E00125899",20,13,7
"E00125900",13,7,6
"E00125901",9,5,4
"E00125902",18,10,8
"E00125903",6,3,3
"E00125904",0,0,0
"E00125905",14,7,7
"E00125906",8,4,4
"E00125907",17,10,7
"E00125908",16,11,5
"E00125909",9,6,3
"E00125910",12,6,6
"E00125911",13,5,8
"E00125912",4,1,3
"E00125913",8,3,5
"E00125914",11,5,6
"E00125915",1,0,1
"E00125916",12,5,7
"E00125917",17,12,5
"E00125918",30,14,16
"E00125919",1,0,1
"E00125920",17,8,9
"E00125921",17,6,11
"E00125922",11,7,4
"E00125923",5,2,3
"E00125924",7,4,3
"E00125925",0,0,0
"E00125926",4,1,3
"E00125927",9,8,1
"E00125928",2,1,1
"E00125929",12,7,5
"E00125930",17,10,7
"E00125931",5,2,3
"E00125932",6,3,3
"E00125933",3,2,1
"E00125934",14,8,6
"E00125935",7,3,4
"E00125936",5,2,3
"E00125937",1,0,1
"E00125938",5,2,3
"E00125939",3,0,3
"E00125940",0,0,0
"E00125941",5,2,3
"E00125942",1,0,1
"E00125943",5,3,2
"E00125944",2,0,2
"E00125945",2,1,1
"E00125946",9,2,7
"E00125947",6,5,1
"E00125948",3,0,3
"E00125949",0,0,0
"E00125950",4,4,0
"E00125951",7,3,4
"E00125952",16,10,6
"E00125953",2,2,0
"E00125954",12,6,6
"E00125955",7,4,3
"E00125956",1,1,0
"E00125957",1,1,0
"E00125958",3,2,1
"E00125959",0,0,0
"E00125960",9,6,3
"E00125961",3,2,1
"E00125962",8,7,1
"E00125963",11,7,4
"E00125964",13,8,5
"E00125965",9,5,4
"E00125966",7,3,4
"E00125967",18,10,8
"E00125968",4,1,3
"E00125969",13,7,6
"E00125970",6,4,2
"E00125971",21,10,11
"E00125972",10,2,8
"E00125973",6,3,3
"E00125974",11,7,4
"E00125975",3,2,1
"E00125976",6,2,4
"E00125977",14,6,8
"E00125978",8,4,4
"E00125979",16,10,6
"E00125980",7,3,4
"E00125981",4,3,1
"E00125982",3,3,0
"E00125983",5,0,5
"E00125984",7,3,4
"E00125985",4,2,2
"E00125986",2,2,0
"E00125987",0,0,0
"E00125988",8,5,3
"E00125989",6,4,2
"E00125990",8,0,8
"E00125991",2,0,2
"E00125992",0,0,0
"E00125993",6,3,3
"E00125994",13,7,6
"E00125995",3,3,0
"E00125996",9,5,4
"E00125997",6,3,3
"E00125998",19,11,8
"E00125999",19,14,5
"E00126000",10,2,8
"E00126001",6,5,1
"E00126002",3,2,1
"E00126003",6,1,5
"E00126004",5,3,2
"E00126005",1,0,1
"E00126006",9,6,3
"E00126007",4,2,2
"E00126008",7,3,4
"E00126009",4,2,2
"E00126010",16,10,6
"E00126011",5,1,4
"E00126012",3,3,0
"E00126013",19,9,10
"E00126014",4,2,2
"E00126015",1,1,0
"E00126016",11,7,4
"E00126017",3,3,0
"E00126018",10,5,5
"E00126019",10,5,5
"E00126020",4,0,4
"E00126021",3,0,3
"E00126022",13,8,5
"E00126023",7,3,4
"E00126024",5,2,3
"E00126025",8,6,2
"E00126026",7,6,1
"E00126027",2,0,2
"E00126028",3,3,0
"E00126029",3,2,1
"E00126030",7,4,3
"E00126031",2,0,2
"E00126032",3,2,1
"E00126033",13,6,7
"E00126034",4,1,3
"E00126035",4,0,4
"E00126036",6,4,2
"E00126037",2,2,0
"E00126038",3,2,1
"E00126039",4,1,3
"E00126040",0,0,0
"E00126041",7,1,6
"E00126042",3,1,2
"E00126043",11,6,5
"E00126046",0,0,0
"E00126047",9,6,3
"E00126048",4,4,0
"E00126049",3,1,2
"E00126050",13,6,7
"E00126051",4,2,2
"E00126052",2,0,2
"E00126053",4,1,3
"E00126054",5,3,2
"E00126055",2,0,2
"E00126056",4,4,0
"E00126057",4,2,2
"E00126058",4,3,1
"E00126059",15,7,8
"E00126060",10,3,7
"E00126061",3,2,1
"E00126062",6,4,2
"E00126063",3,0,3
"E00126064",5,2,3
"E00126065",5,2,3
"E00126066",4,2,2
"E00126067",2,1,1
"E00126068",18,9,9
"E00126069",9,3,6
"E00126070",6,2,4
"E00126071",6,3,3
"E00126072",5,4,1
"E00126073",15,6,9
"E00126074",11,9,2
"E00126075",6,3,3
"E00126076",13,4,9
"E00126077",8,6,2
"E00126078",13,8,5
"E00126079",8,6,2
"E00126080",0,0,0
"E00126081",15,10,5
"E00126082",1,1,0
"E00126083",5,4,1
"E00126084",3,2,1
"E00126085",4,3,1
"E00126086",4,1,3
"E00126087",3,2,1
"E00126088",1,0,1
"E00126089",1,1,0
"E00126090",1,0,1
"E00126091",2,2,0
"E00126092",7,2,5
"E00126093",4,1,3
"E00126094",1,0,1
"E00126095",3,2,1
"E00126096",1,1,0
"E00126097",3,1,2
"E00126098",2,0,2
"E00126099",3,1,2
"E00126100",4,1,3
"E00126101",2,1,1
"E00126102",7,4,3
"E00126103",6,3,3
"E00126104",4,2,2
"E00126105",4,1,3
"E00126106",0,0,0
"E00126107",7,2,5
"E00126108",1,1,0
"E00126109",2,2,0
"E00126110",6,3,3
"E00126111",4,2,2
"E00126112",9,5,4
"E00126113",5,3,2
"E00126114",2,0,2
"E00126115",10,2,8
"E00126116",8,3,5
"E00126117",6,3,3
"E00126118",3,1,2
"E00126119",3,1,2
"E00126120",2,0,2
"E00126121",5,1,4
"E00126122",2,1,1
"E00126123",4,2,2
"E00126124",5,2,3
"E00126125",7,5,2
"E00126126",6,4,2
"E00126127",15,11,4
"E00126128",7,4,3
"E00126129",8,2,6
"E00126130",11,3,8
"E00126131",7,3,4
"E00126132",0,0,0
"E00126133",1,0,1
"E00126134",10,7,3
"E00126135",3,2,1
"E00126136",1,1,0
"E00126137",11,7,4
"E00126138",5,3,2
"E00126139",5,4,1
"E00126140",14,5,9
"E00126141",9,5,4
"E00126142",0,0,0
"E00126143",6,2,4
"E00126144",10,4,6
"E00126145",6,0,6
"E00126146",15,9,6
"E00126147",8,4,4
"E00126148",3,2,1
"E00126149",8,6,2
"E00126150",18,11,7
"E00126151",16,10,6
"E00126152",0,0,0
"E00126153",12,6,6
"E00126154",8,6,2
"E00126155",17,8,9
"E00126156",17,9,8
"E00126157",3,2,1
"E00126158",8,3,5
"E00126159",11,5,6
"E00126160",0,0,0
"E00126161",8,6,2
"E00126162",0,0,0
"E00126163",0,0,0
"E00126164",3,1,2
"E00126165",1,1,0
"E00126166",3,1,2
"E00126167",1,0,1
"E00126168",3,2,1
"E00126169",4,1,3
"E00126170",0,0,0
"E00126171",1,0,1
"E00126172",4,3,1
"E00126173",0,0,0
"E00126174",6,5,1
"E00126175",2,1,1
"E00126176",0,0,0
"E00126177",1,1,0
"E00126178",3,2,1
"E00126179",3,2,1
"E00126180",0,0,0
"E00126181",0,0,0
"E00126182",5,4,1
"E00126183",4,2,2
"E00126184",4,2,2
"E00126185",7,3,4
"E00126186",3,1,2
"E00126187",19,7,12
"E00126188",4,3,1
"E00126189",5,2,3
"E00126190",7,4,3
"E00126191",1,0,1
"E00126192",5,2,3
"E00126193",1,1,0
"E00126194",1,1,0
"E00126195",2,0,2
"E00126196",0,0,0
"E00126197",3,0,3
"E00126198",5,1,4
"E00126199",8,4,4
"E00126200",0,0,0
"E00126201",4,2,2
"E00126202",2,1,1
"E00126203",2,1,1
"E00126204",5,2,3
"E00126205",3,1,2
"E00126206",3,1,2
"E00126207",0,0,0
"E00126208",5,3,2
"E00126209",1,1,0
"E00126210",0,0,0
"E00126211",0,0,0
"E00126212",3,1,2
"E00126213",2,2,0
"E00126214",4,1,3
"E00126215",1,0,1
"E00126216",4,3,1
"E00126217",3,2,1
"E00126218",2,1,1
"E00126219",0,0,0
"E00126220",0,0,0
"E00126221",2,1,1
"E00126222",5,2,3
"E00126223",3,2,1
"E00126224",3,2,1
"E00126225",12,8,4
"E00126226",4,3,1
"E00126227",10,5,5
"E00126228",3,2,1
"E00126229",1,1,0
"E00126230",3,1,2
"E00126231",1,1,0
"E00126232",1,1,0
"E00126233",2,1,1
"E00126234",3,1,2
"E00126235",9,6,3
"E00126236",2,2,0
"E00126237",2,2,0
"E00126238",4,4,0
"E00126239",0,0,0
"E00126240",0,0,0
"E00126241",3,1,2
"E00126242",1,1,0
"E00126243",1,0,1
"E00126244",0,0,0
"E00126245",4,2,2
"E00126246",5,2,3
"E00126247",7,2,5
"E00126248",2,0,2
"E00126249",1,0,1
"E00126250",2,2,0
"E00126251",3,3,0
"E00126252",5,4,1
"E00126253",0,0,0
"E00126254",2,1,1
"E00126255",9,4,5
"E00126256",10,4,6
"E00126257",6,2,4
"E00126258",8,5,3
"E00126259",3,1,2
"E00126260",2,1,1
"E00126261",11,4,7
"E00126262",5,4,1
"E00126263",9,8,1
"E00126264",1,0,1
"E00126265",1,1,0
"E00126266",0,0,0
"E00126267",7,5,2
"E00126268",5,2,3
"E00126269",2,2,0
"E00126270",2,0,2
"E00126271",5,1,4
"E00126272",1,0,1
"E00126273",15,6,9
"E00126274",2,2,0
"E00126275",10,5,5
"E00126276",0,0,0
"E00126277",4,1,3
"E00126278",1,0,1
"E00126279",1,1,0
"E00126280",3,2,1
"E00126281",0,0,0
"E00126282",3,2,1
"E00126283",1,1,0
"E00126284",2,1,1
"E00126285",0,0,0
"E00126286",1,0,1
"E00126287",3,1,2
"E00126288",3,1,2
"E00126289",1,0,1
"E00126290",2,1,1
"E00126291",1,0,1
"E00126292",3,3,0
"E00126293",1,0,1
"E00126294",1,1,0
"E00126295",3,0,3
"E00126296",0,0,0
"E00126297",5,2,3
"E00126298",1,1,0
"E00126299",2,2,0
"E00126300",0,0,0
"E00126301",0,0,0
"E00126302",10,2,8
"E00126303",0,0,0
"E00126304",7,3,4
"E00126305",1,0,1
"E00126306",7,3,4
"E00126307",4,2,2
"E00126308",2,1,1
"E00126309",0,0,0
"E00126310",5,3,2
"E00126311",1,1,0
"E00126312",0,0,0
"E00126313",2,0,2
"E00126314",2,1,1
"E00126315",3,2,1
"E00126316",2,1,1
"E00126317",5,1,4
"E00126318",1,1,0
"E00126319",2,0,2
"E00126320",3,0,3
"E00126321",5,2,3
"E00126322",6,5,1
"E00126323",1,1,0
"E00126324",8,2,6
"E00126325",3,1,2
"E00126326",0,0,0
"E00126327",3,2,1
"E00126328",4,3,1
"E00126329",5,1,4
"E00126330",0,0,0
"E00126331",1,1,0
"E00126332",4,4,0
"E00126333",2,1,1
"E00126334",7,3,4
"E00126335",1,0,1
"E00126336",1,0,1
"E00126337",0,0,0
"E00126338",2,1,1
"E00126339",2,2,0
"E00126340",3,1,2
"E00126341",2,1,1
"E00126342",1,0,1
"E00126343",1,1,0
"E00126344",4,0,4
"E00126345",0,0,0
"E00126346",1,0,1
"E00126347",0,0,0
"E00126348",1,1,0
"E00126349",8,5,3
"E00126350",2,1,1
"E00126351",2,1,1
"E00126352",2,1,1
"E00126353",5,1,4
"E00126354",4,2,2
"E00126355",3,1,2
"E00126356",3,1,2
"E00126357",2,1,1
"E00126358",7,6,1
"E00126359",1,0,1
"E00126360",1,0,1
"E00126361",1,0,1
"E00126362",4,3,1
"E00126363",1,0,1
"E00126364",3,1,2
"E00126365",0,0,0
"E00126366",0,0,0
"E00126367",3,2,1
"E00126368",0,0,0
"E00126369",0,0,0
"E00126370",2,1,1
"E00126371",0,0,0
"E00126372",2,2,0
"E00126373",0,0,0
"E00126374",7,2,5
"E00126375",5,2,3
"E00126376",0,0,0
"E00126377",1,1,0
"E00126378",8,7,1
"E00126379",4,4,0
"E00126380",0,0,0
"E00126381",3,1,2
"E00126382",0,0,0
"E00126383",2,0,2
"E00126384",1,1,0
"E00126385",1,0,1
"E00126386",1,1,0
"E00126387",1,1,0
"E00126388",0,0,0
"E00126389",3,2,1
"E00126390",8,6,2
"E00126391",3,2,1
"E00126392",3,0,3
"E00126393",2,0,2
"E00126394",1,0,1
"E00126395",0,0,0
"E00126396",2,1,1
"E00126397",2,1,1
"E00126398",4,2,2
"E00126399",3,3,0
"E00126400",19,4,15
"E00126401",9,4,5
"E00126402",4,3,1
"E00126403",2,0,2
"E00126404",0,0,0
"E00126405",11,6,5
"E00126406",6,1,5
"E00126407",1,1,0
"E00126409",2,2,0
"E00126411",5,4,1
"E00126412",2,0,2
"E00126413",1,1,0
"E00126414",2,2,0
"E00126415",5,3,2
"E00126416",0,0,0
"E00126417",2,1,1
"E00126418",0,0,0
"E00126419",0,0,0
"E00126420",5,2,3
"E00126421",1,1,0
"E00126422",0,0,0
"E00126423",0,0,0
"E00126424",2,2,0
"E00126425",1,1,0
"E00126426",0,0,0
"E00126427",0,0,0
"E00126428",3,3,0
"E00126429",1,1,0
"E00126431",5,1,4
"E00126432",1,0,1
"E00126433",0,0,0
"E00126434",0,0,0
"E00126435",0,0,0
"E00126437",8,6,2
"E00126438",6,3,3
"E00126439",4,2,2
"E00126440",5,3,2
"E00126441",3,3,0
"E00126442",11,9,2
"E00126443",1,0,1
"E00126444",1,0,1
"E00126445",0,0,0
"E00126446",2,2,0
"E00126447",9,6,3
"E00126448",2,2,0
"E00126449",5,3,2
"E00126450",7,3,4
"E00126451",1,1,0
"E00126452",5,1,4
"E00126453",12,5,7
"E00126454",8,3,5
"E00126455",0,0,0
"E00126456",1,0,1
"E00126457",1,0,1
"E00126458",2,2,0
"E00126459",1,1,0
"E00126460",3,1,2
"E00126461",1,0,1
"E00126462",0,0,0
"E00126463",1,0,1
"E00126464",2,1,1
"E00126465",1,0,1
"E00126466",5,1,4
"E00126467",0,0,0
"E00126468",4,3,1
"E00126469",3,0,3
"E00126470",0,0,0
"E00126471",7,2,5
"E00126472",0,0,0
"E00126474",1,0,1
"E00126475",3,1,2
"E00126476",8,4,4
"E00126477",3,1,2
"E00126478",4,1,3
"E00126479",0,0,0
"E00126480",9,2,7
"E00126481",8,7,1
"E00126482",0,0,0
"E00126483",2,2,0
"E00126484",0,0,0
"E00126485",6,2,4
"E00126486",8,2,6
"E00126487",2,0,2
"E00126488",4,0,4
"E00126489",2,0,2
"E00126490",1,1,0
"E00126491",0,0,0
"E00126493",4,2,2
"E00126494",4,2,2
"E00126495",2,1,1
"E00126496",8,4,4
"E00126497",2,0,2
"E00126498",11,6,5
"E00126499",6,2,4
"E00126500",0,0,0
"E00126501",5,1,4
"E00126502",2,1,1
"E00126503",1,0,1
"E00126504",3,0,3
"E00126505",2,1,1
"E00126506",2,1,1
"E00126507",8,1,7
"E00126508",5,3,2
"E00126509",3,2,1
"E00126510",4,1,3
"E00126511",9,4,5
"E00126512",5,1,4
"E00126513",1,0,1
"E00126514",2,1,1
"E00126515",0,0,0
"E00126516",12,5,7
"E00126517",1,0,1
"E00126518",0,0,0
"E00126519",2,1,1
"E00126520",6,3,3
"E00126521",4,1,3
"E00126522",0,0,0
"E00126523",1,0,1
"E00126524",2,2,0
"E00126525",5,2,3
"E00126526",1,0,1
"E00126527",1,1,0
"E00126528",3,1,2
"E00126529",0,0,0
"E00126530",0,0,0
"E00126531",1,1,0
"E00126532",4,1,3
"E00126533",0,0,0
"E00126534",0,0,0
"E00126535",2,1,1
"E00126536",1,1,0
"E00126537",2,2,0
"E00126538",3,0,3
"E00126539",0,0,0
"E00126540",1,1,0
"E00126541",2,1,1
"E00126542",0,0,0
"E00126543",0,0,0
"E00126544",3,0,3
"E00126545",1,0,1
"E00126546",0,0,0
"E00126547",1,1,0
"E00126548",1,0,1
"E00126549",8,5,3
"E00126550",3,1,2
"E00126551",3,2,1
"E00126552",7,5,2
"E00126553",6,3,3
"E00126554",4,3,1
"E00126555",1,0,1
"E00126556",0,0,0
"E00126557",1,0,1
"E00126558",3,2,1
"E00126559",10,6,4
"E00126560",5,2,3
"E00126561",4,3,1
"E00126562",1,1,0
"E00126563",6,2,4
"E00126564",3,0,3
"E00126565",6,3,3
"E00126566",0,0,0
"E00126567",2,1,1
"E00126568",2,1,1
"E00126569",1,0,1
"E00126570",11,5,6
"E00126571",2,1,1
"E00126572",1,1,0
"E00126573",2,2,0
"E00126574",2,0,2
"E00126575",1,1,0
"E00126576",10,4,6
"E00126577",9,5,4
"E00126578",3,2,1
"E00126579",1,1,0
"E00126580",6,4,2
"E00126581",0,0,0
"E00126582",3,0,3
"E00126583",8,0,8
"E00126584",1,1,0
"E00126585",5,2,3
"E00126586",0,0,0
"E00126587",2,1,1
"E00126588",2,1,1
"E00126589",3,1,2
"E00126590",7,3,4
"E00126591",1,0,1
"E00126592",2,1,1
"E00126593",7,3,4
"E00126594",10,4,6
"E00126595",2,1,1
"E00126596",0,0,0
"E00126597",5,3,2
"E00126598",2,1,1
"E00126599",1,1,0
"E00126600",1,0,1
"E00126601",0,0,0
"E00126602",4,1,3
"E00126604",0,0,0
"E00126605",1,0,1
"E00126607",0,0,0
"E00126608",4,3,1
"E00126609",5,2,3
"E00126611",0,0,0
"E00126612",3,1,2
"E00126613",2,0,2
"E00126614",2,2,0
"E00126615",1,0,1
"E00126616",1,0,1
"E00126617",0,0,0
"E00126618",0,0,0
"E00126619",0,0,0
"E00126620",0,0,0
"E00126621",7,3,4
"E00126622",4,2,2
"E00126623",7,4,3
"E00126624",4,2,2
"E00126625",4,2,2
"E00126626",8,1,7
"E00126627",6,1,5
"E00126628",2,1,1
"E00126629",5,3,2
"E00126630",2,0,2
"E00126631",6,3,3
"E00126632",16,7,9
"E00126633",2,1,1
"E00126634",1,0,1
"E00126636",5,1,4
"E00126637",2,2,0
"E00126638",6,2,4
"E00126639",6,2,4
"E00126640",4,2,2
"E00126641",0,0,0
"E00126642",2,0,2
"E00126643",2,2,0
"E00126644",8,4,4
"E00126645",5,3,2
"E00126646",5,1,4
"E00126647",4,3,1
"E00126648",3,2,1
"E00126649",1,0,1
"E00126650",1,1,0
"E00126651",6,4,2
"E00126652",0,0,0
"E00126653",3,0,3
"E00126654",2,1,1
"E00126655",0,0,0
"E00126656",3,2,1
"E00126657",3,0,3
"E00126658",2,1,1
"E00126659",0,0,0
"E00126660",4,1,3
"E00126661",1,1,0
"E00126662",3,3,0
"E00126663",0,0,0
"E00126664",2,1,1
"E00126666",6,3,3
"E00126667",5,1,4
"E00126668",3,2,1
"E00126669",3,1,2
"E00126670",12,9,3
"E00126672",0,0,0
"E00126673",1,1,0
"E00126674",6,2,4
"E00126675",1,1,0
"E00126676",4,2,2
"E00126677",1,1,0
"E00126678",5,2,3
"E00126679",7,4,3
"E00126680",2,1,1
"E00126681",1,0,1
"E00126682",3,2,1
"E00126683",3,2,1
"E00126684",3,1,2
"E00126685",4,1,3
"E00126686",0,0,0
"E00126687",0,0,0
"E00126688",0,0,0
"E00126689",2,0,2
"E00126690",1,1,0
"E00126691",3,1,2
"E00126692",2,2,0
"E00126693",3,2,1
"E00126694",0,0,0
"E00126695",0,0,0
"E00126696",4,3,1
"E00126697",3,2,1
"E00126698",4,3,1
"E00126699",4,2,2
"E00126700",3,2,1
"E00126701",3,1,2
"E00126702",5,4,1
"E00126703",7,4,3
"E00126704",3,2,1
"E00126705",4,2,2
"E00126706",5,5,0
"E00126707",5,1,4
"E00126708",1,0,1
"E00126709",7,4,3
"E00126710",0,0,0
"E00126711",5,4,1
"E00126712",6,3,3
"E00126713",5,4,1
"E00126714",11,4,7
"E00126715",5,4,1
"E00126716",1,0,1
"E00126717",6,2,4
"E00126718",4,4,0
"E00126719",6,2,4
"E00126720",9,8,1
"E00126721",1,0,1
"E00126722",1,0,1
"E00126723",5,4,1
"E00126724",1,0,1
"E00126725",9,3,6
"E00126726",7,1,6
"E00126727",8,2,6
"E00126728",4,2,2
"E00126729",2,1,1
"E00126730",0,0,0
"E00126731",4,2,2
"E00126733",1,1,0
"E00126734",5,4,1
"E00126735",7,2,5
"E00126736",5,1,4
"E00126737",1,0,1
"E00126738",4,2,2
"E00126739",6,2,4
"E00126740",5,0,5
"E00126741",7,2,5
"E00126742",5,2,3
"E00126743",1,1,0
"E00126744",4,2,2
"E00126745",4,3,1
"E00126746",3,2,1
"E00126747",7,4,3
"E00126748",3,2,1
"E00126749",7,1,6
"E00126750",0,0,0
"E00126751",5,2,3
"E00126752",5,0,5
"E00126753",5,3,2
"E00126754",2,0,2
"E00126755",5,4,1
"E00126756",5,2,3
"E00126757",6,2,4
"E00126758",11,8,3
"E00126759",2,0,2
"E00126760",5,2,3
"E00126761",3,1,2
"E00126762",4,1,3
"E00126763",7,6,1
"E00126764",4,1,3
"E00126765",5,5,0
"E00126766",4,3,1
"E00126767",2,1,1
"E00126769",11,7,4
"E00126770",10,5,5
"E00126771",5,4,1
"E00126772",8,3,5
"E00126773",3,2,1
"E00126774",1,1,0
"E00126775",10,4,6
"E00126776",3,3,0
"E00126777",3,1,2
"E00126778",5,1,4
"E00126779",5,2,3
"E00126780",16,7,9
"E00126781",5,1,4
"E00126782",2,1,1
"E00126783",1,1,0
"E00126784",10,7,3
"E00126785",6,3,3
"E00126786",6,4,2
"E00126787",5,1,4
"E00126788",3,0,3
"E00126789",5,2,3
"E00126790",18,10,8
"E00126791",13,7,6
"E00126792",4,3,1
"E00126793",7,3,4
"E00126794",4,2,2
"E00126795",0,0,0
"E00126796",12,7,5
"E00126797",5,4,1
"E00126798",0,0,0
"E00126799",16,6,10
"E00126800",11,5,6
"E00126801",6,3,3
"E00126802",5,4,1
"E00126803",2,0,2
"E00126804",3,1,2
"E00126805",8,3,5
"E00126806",1,1,0
"E00126807",2,0,2
"E00126808",7,5,2
"E00126809",10,5,5
"E00126810",9,5,4
"E00126811",8,3,5
"E00126812",3,0,3
"E00126813",7,4,3
"E00126814",1,0,1
"E00126815",4,1,3
"E00126816",5,1,4
"E00126817",2,1,1
"E00126818",4,1,3
"E00126819",3,0,3
"E00126820",3,2,1
"E00126821",0,0,0
"E00126822",5,1,4
"E00126823",1,0,1
"E00126824",2,2,0
"E00126825",1,0,1
"E00126826",0,0,0
"E00126827",8,4,4
"E00126828",2,1,1
"E00126829",0,0,0
"E00126830",3,2,1
"E00126831",5,3,2
"E00126832",2,0,2
"E00126833",3,0,3
"E00126834",4,4,0
"E00126835",5,2,3
"E00126836",1,1,0
"E00126837",7,3,4
"E00126838",8,3,5
"E00126839",4,2,2
"E00126840",2,0,2
"E00126841",1,0,1
"E00126842",4,2,2
"E00126843",2,1,1
"E00126844",3,3,0
"E00126845",4,3,1
"E00126846",2,2,0
"E00126847",4,3,1
"E00126848",3,1,2
"E00126849",3,2,1
"E00126850",1,0,1
"E00126851",0,0,0
"E00126852",4,3,1
"E00126853",7,5,2
"E00126854",3,2,1
"E00126855",5,2,3
"E00126856",9,6,3
"E00126857",4,2,2
"E00126858",12,7,5
"E00126859",9,4,5
"E00126860",5,2,3
"E00126861",3,2,1
"E00126862",6,5,1
"E00126863",8,7,1
"E00126864",7,4,3
"E00126865",6,5,1
"E00126866",9,4,5
"E00126867",9,1,8
"E00126868",8,5,3
"E00126869",7,3,4
"E00126870",2,1,1
"E00126871",3,0,3
"E00126872",1,0,1
"E00126873",7,1,6
"E00126874",7,2,5
"E00126875",3,0,3
"E00126876",5,3,2
"E00126877",2,0,2
"E00126878",4,2,2
"E00126879",2,0,2
"E00126880",4,3,1
"E00126881",2,0,2
"E00126882",8,5,3
"E00126883",3,0,3
"E00126884",4,2,2
"E00126885",5,1,4
"E00126886",0,0,0
"E00126887",0,0,0
"E00126888",9,4,5
"E00126889",3,2,1
"E00126890",4,2,2
"E00126891",8,4,4
"E00126893",1,0,1
"E00126895",2,1,1
"E00126896",1,0,1
"E00126897",0,0,0
"E00126898",5,3,2
"E00126899",4,2,2
"E00126900",7,4,3
"E00126901",5,4,1
"E00126902",6,4,2
"E00126903",3,1,2
"E00126904",2,1,1
"E00126905",3,3,0
"E00126906",4,1,3
"E00126907",0,0,0
"E00126908",2,1,1
"E00126909",4,3,1
"E00126910",1,1,0
"E00126911",4,1,3
"E00126912",0,0,0
"E00126913",3,1,2
"E00126914",4,1,3
"E00126915",0,0,0
"E00126916",4,2,2
"E00126917",1,0,1
"E00126918",0,0,0
"E00126919",3,2,1
"E00126920",5,1,4
"E00126921",2,2,0
"E00126922",0,0,0
"E00126923",4,4,0
"E00126924",4,2,2
"E00126925",4,2,2
"E00126926",3,2,1
"E00126927",1,1,0
"E00126928",1,0,1
"E00126929",11,4,7
"E00126930",5,3,2
"E00126931",0,0,0
"E00126932",3,1,2
"E00126933",1,0,1
"E00126934",5,4,1
"E00126935",3,2,1
"E00126936",14,10,4
"E00126937",2,1,1
"E00126938",6,1,5
"E00126939",2,1,1
"E00126940",3,1,2
"E00126941",4,4,0
"E00126943",2,2,0
"E00126944",1,1,0
"E00126945",5,2,3
"E00126946",1,1,0
"E00126947",4,3,1
"E00126948",2,1,1
"E00126949",2,1,1
"E00126950",3,3,0
"E00126951",4,3,1
"E00126952",8,5,3
"E00126953",8,6,2
"E00126954",6,3,3
"E00126955",1,0,1
"E00126956",5,4,1
"E00126957",1,0,1
"E00126958",2,1,1
"E00126959",1,0,1
"E00126960",4,4,0
"E00126961",3,2,1
"E00126962",6,4,2
"E00126963",5,2,3
"E00126964",3,1,2
"E00126965",4,2,2
"E00126966",3,2,1
"E00126967",7,6,1
"E00126968",0,0,0
"E00126969",4,2,2
"E00126970",13,6,7
"E00126971",1,0,1
"E00126972",6,3,3
"E00126973",2,0,2
"E00126974",2,1,1
"E00126975",5,1,4
"E00126976",10,2,8
"E00126977",0,0,0
"E00126978",3,1,2
"E00126979",13,9,4
"E00126980",8,4,4
"E00126981",4,3,1
"E00126983",0,0,0
"E00126984",2,1,1
"E00126985",2,2,0
"E00126986",5,2,3
"E00126987",8,3,5
"E00126988",10,3,7
"E00126989",9,5,4
"E00126990",8,3,5
"E00126991",4,1,3
"E00126992",1,0,1
"E00126993",17,8,9
"E00126994",11,4,7
"E00126995",1,1,0
"E00126996",5,3,2
"E00126997",16,6,10
"E00126998",1,0,1
"E00126999",2,2,0
"E00127000",5,5,0
"E00127001",4,3,1
"E00127002",7,5,2
"E00127003",1,0,1
"E00127005",6,4,2
"E00127006",9,2,7
"E00127007",0,0,0
"E00127008",0,0,0
"E00127009",4,3,1
"E00127010",4,2,2
"E00127011",5,2,3
"E00127012",5,2,3
"E00127013",7,2,5
"E00127014",5,1,4
"E00127015",1,1,0
"E00127016",2,0,2
"E00127017",4,2,2
"E00127018",4,3,1
"E00127019",4,4,0
"E00127020",5,2,3
"E00127021",9,7,2
"E00127022",5,3,2
"E00127023",6,3,3
"E00127024",14,11,3
"E00127025",7,2,5
"E00127026",8,3,5
"E00127027",9,3,6
"E00127028",3,3,0
"E00127029",8,5,3
"E00127030",8,5,3
"E00127031",8,2,6
"E00127032",4,2,2
"E00127033",2,2,0
"E00127034",4,1,3
"E00127035",2,1,1
"E00127036",2,0,2
"E00127037",6,4,2
"E00127038",0,0,0
"E00127039",3,3,0
"E00127040",6,4,2
"E00127041",4,1,3
"E00127042",7,6,1
"E00127043",0,0,0
"E00127044",4,1,3
"E00127045",5,1,4
"E00127046",6,5,1
"E00127047",6,5,1
"E00127048",5,3,2
"E00127049",0,0,0
"E00127050",0,0,0
"E00127051",3,1,2
"E00127053",4,1,3
"E00127054",4,3,1
"E00127055",3,2,1
"E00127056",0,0,0
"E00127058",3,1,2
"E00127059",1,1,0
"E00127060",4,3,1
"E00127061",4,2,2
"E00127062",5,1,4
"E00127063",8,3,5
"E00127064",2,1,1
"E00127065",2,2,0
"E00127066",2,0,2
"E00127067",3,2,1
"E00127068",9,5,4
"E00127069",0,0,0
"E00127070",1,0,1
"E00127071",4,0,4
"E00127072",4,1,3
"E00127073",1,1,0
"E00127074",0,0,0
"E00127075",5,4,1
"E00127076",6,5,1
"E00127077",2,0,2
"E00127078",0,0,0
"E00127079",4,1,3
"E00127080",0,0,0
"E00127081",2,1,1
"E00127082",4,1,3
"E00127083",5,3,2
"E00127084",4,2,2
"E00127085",4,2,2
"E00127086",6,2,4
"E00127087",3,1,2
"E00127088",0,0,0
"E00127089",11,4,7
"E00127090",4,1,3
"E00127091",10,6,4
"E00127092",1,1,0
"E00127093",2,2,0
"E00127094",1,1,0
"E00127095",2,1,1
"E00127096",7,5,2
"E00127097",1,1,0
"E00127098",1,1,0
"E00127099",1,0,1
"E00127100",3,3,0
"E00127101",0,0,0
"E00127102",3,3,0
"E00127103",1,1,0
"E00127104",2,2,0
"E00127107",3,1,2
"E00127108",1,1,0
"E00127109",0,0,0
"E00127110",12,6,6
"E00127112",1,1,0
"E00127113",1,1,0
"E00127114",1,0,1
"E00127115",4,2,2
"E00127116",0,0,0
"E00127117",2,2,0
"E00127118",0,0,0
"E00127120",0,0,0
"E00127121",0,0,0
"E00127122",2,0,2
"E00127123",2,1,1
"E00127124",4,3,1
"E00127125",3,0,3
"E00127126",1,0,1
"E00127127",5,4,1
"E00127128",6,4,2
"E00127129",1,0,1
"E00127130",6,2,4
"E00127131",7,2,5
"E00127132",5,2,3
"E00127133",3,0,3
"E00127134",0,0,0
"E00127135",1,0,1
"E00127136",3,2,1
"E00127137",3,3,0
"E00127138",0,0,0
"E00127139",2,0,2
"E00127140",3,0,3
"E00127141",3,1,2
"E00127142",2,1,1
"E00127143",6,2,4
"E00127144",3,2,1
"E00127145",2,0,2
"E00127146",11,5,6
"E00127147",1,0,1
"E00127148",0,0,0
"E00127149",3,2,1
"E00127150",0,0,0
"E00127152",8,3,5
"E00127153",4,2,2
"E00127154",3,2,1
"E00127155",1,0,1
"E00127156",3,2,1
"E00127157",3,0,3
"E00127158",0,0,0
"E00127159",4,2,2
"E00127160",3,0,3
"E00127161",3,1,2
"E00127162",3,1,2
"E00127163",0,0,0
"E00127164",0,0,0
"E00127165",1,0,1
"E00127166",3,2,1
"E00127167",0,0,0
"E00127168",3,2,1
"E00127169",3,1,2
"E00127170",0,0,0
"E00127171",1,0,1
"E00127172",2,0,2
"E00127173",2,1,1
"E00127174",2,0,2
"E00127175",0,0,0
"E00127176",2,1,1
"E00127177",1,1,0
"E00127178",0,0,0
"E00127179",0,0,0
"E00127180",0,0,0
"E00127181",2,1,1
"E00127182",1,1,0
"E00127183",4,3,1
"E00127184",1,1,0
"E00127185",0,0,0
"E00127186",3,2,1
"E00127187",0,0,0
"E00127188",0,0,0
"E00127189",0,0,0
"E00127190",3,1,2
"E00127191",6,3,3
"E00127192",0,0,0
"E00127193",4,2,2
"E00127194",3,2,1
"E00127195",1,1,0
"E00127196",4,3,1
"E00127197",1,1,0
"E00127198",3,2,1
"E00127199",1,1,0
"E00127200",4,4,0
"E00127201",5,3,2
"E00127202",9,4,5
"E00127203",0,0,0
"E00127204",2,1,1
"E00127205",0,0,0
"E00127206",0,0,0
"E00127207",1,0,1
"E00127208",1,0,1
"E00127209",6,3,3
"E00127210",6,3,3
"E00127211",3,2,1
"E00127212",6,1,5
"E00127213",0,0,0
"E00127214",8,3,5
"E00127215",3,1,2
"E00127216",4,3,1
"E00127217",0,0,0
"E00127218",5,2,3
"E00127219",4,4,0
"E00127220",0,0,0
"E00127221",1,1,0
"E00127222",8,5,3
"E00127223",3,1,2
"E00127224",0,0,0
"E00127225",4,2,2
"E00127226",1,1,0
"E00127227",0,0,0
"E00127228",2,2,0
"E00127229",2,1,1
"E00127230",0,0,0
"E00127231",2,2,0
"E00127232",0,0,0
"E00127233",5,3,2
"E00127234",0,0,0
"E00127235",1,1,0
"E00127236",1,0,1
"E00127237",2,2,0
"E00127238",1,1,0
"E00127239",0,0,0
"E00127240",3,2,1
"E00127241",5,4,1
"E00127242",4,4,0
"E00127243",6,2,4
"E00127244",0,0,0
"E00127245",0,0,0
"E00127246",4,2,2
"E00127247",1,1,0
"E00127248",0,0,0
"E00127249",0,0,0
"E00127250",1,1,0
"E00127251",2,1,1
"E00127252",2,1,1
"E00127253",3,2,1
"E00127254",1,1,0
"E00127255",1,0,1
"E00127256",2,0,2
"E00127257",0,0,0
"E00127258",3,1,2
"E00127259",4,2,2
"E00127260",1,1,0
"E00127261",6,2,4
"E00127262",4,1,3
"E00127263",2,2,0
"E00127264",2,0,2
"E00127265",1,1,0
"E00127266",3,3,0
"E00127267",0,0,0
"E00127268",9,4,5
"E00127269",3,1,2
"E00127270",1,1,0
"E00127271",5,2,3
"E00127272",0,0,0
"E00127273",5,3,2
"E00127274",2,2,0
"E00127275",3,1,2
"E00127276",1,0,1
"E00127277",1,0,1
"E00127278",7,7,0
"E00127279",5,2,3
"E00127280",4,2,2
"E00127281",0,0,0
"E00127282",1,0,1
"E00127283",0,0,0
"E00127284",2,2,0
"E00127285",5,3,2
"E00127286",0,0,0
"E00127287",1,0,1
"E00127288",8,5,3
"E00127289",0,0,0
"E00127290",1,0,1
"E00127291",3,1,2
"E00127292",2,1,1
"E00127293",1,1,0
"E00127294",0,0,0
"E00127295",5,3,2
"E00127296",4,2,2
"E00127297",4,2,2
"E00127298",1,0,1
"E00127299",1,0,1
"E00127300",6,2,4
"E00127301",0,0,0
"E00127302",0,0,0
"E00127303",3,2,1
"E00127304",1,1,0
"E00127305",2,1,1
"E00127306",0,0,0
"E00127307",6,2,4
"E00127308",0,0,0
"E00127309",0,0,0
"E00127310",2,2,0
"E00127311",2,2,0
"E00127312",1,0,1
"E00127313",4,2,2
"E00127314",1,1,0
"E00127315",3,3,0
"E00127316",1,0,1
"E00127317",3,1,2
"E00127318",0,0,0
"E00127319",7,4,3
"E00127320",0,0,0
"E00127321",2,1,1
"E00127322",3,2,1
"E00127323",2,0,2
"E00127324",0,0,0
"E00127325",4,3,1
"E00127326",2,1,1
"E00127327",5,3,2
"E00127328",6,4,2
"E00127329",7,2,5
"E00127330",3,2,1
"E00127331",7,3,4
"E00127332",3,2,1
"E00127333",2,2,0
"E00127334",4,3,1
"E00127335",1,1,0
"E00127336",3,1,2
"E00127337",8,2,6
"E00127338",5,4,1
"E00127339",1,0,1
"E00127340",5,3,2
"E00127341",7,2,5
"E00127342",0,0,0
"E00127343",0,0,0
"E00127344",4,2,2
"E00127345",5,4,1
"E00127346",1,1,0
"E00127347",0,0,0
"E00127348",1,1,0
"E00127349",1,0,1
"E00127350",7,3,4
"E00127351",3,2,1
"E00127352",2,0,2
"E00127353",11,4,7
"E00127354",3,1,2
"E00127355",4,3,1
"E00127356",10,6,4
"E00127357",4,2,2
"E00127358",8,4,4
"E00127359",7,4,3
"E00127360",3,1,2
"E00127361",0,0,0
"E00127362",8,3,5
"E00127363",6,3,3
"E00127364",5,3,2
"E00127365",4,2,2
"E00127366",5,2,3
"E00127367",10,7,3
"E00127368",2,2,0
"E00127369",3,3,0
"E00127370",2,0,2
"E00127371",1,1,0
"E00127372",3,1,2
"E00127373",3,1,2
"E00127374",1,0,1
"E00127375",4,2,2
"E00127376",0,0,0
"E00127377",6,4,2
"E00127378",1,1,0
"E00127379",7,1,6
"E00127380",7,2,5
"E00127381",10,6,4
"E00127382",9,5,4
"E00127383",3,2,1
"E00127384",0,0,0
"E00127385",10,2,8
"E00127386",11,7,4
"E00127387",12,5,7
"E00127388",5,1,4
"E00127389",3,1,2
"E00127390",1,0,1
"E00127391",3,0,3
"E00127392",4,4,0
"E00127393",3,0,3
"E00127394",4,2,2
"E00127395",2,2,0
"E00127396",3,1,2
"E00127397",3,3,0
"E00127398",6,3,3
"E00127399",7,3,4
"E00127400",5,3,2
"E00127401",13,6,7
"E00127402",0,0,0
"E00127403",2,0,2
"E00127404",1,0,1
"E00127406",0,0,0
"E00127407",6,5,1
"E00127408",7,3,4
"E00127409",5,2,3
"E00127410",3,3,0
"E00127411",8,2,6
"E00127412",7,3,4
"E00127413",6,1,5
"E00127415",8,5,3
"E00127416",8,4,4
"E00127417",6,5,1
"E00127419",1,0,1
"E00127420",4,2,2
"E00127421",0,0,0
"E00127422",6,1,5
"E00127423",6,2,4
"E00127424",0,0,0
"E00127425",5,2,3
"E00127426",7,2,5
"E00127427",1,0,1
"E00127428",3,1,2
"E00127429",6,3,3
"E00127430",5,1,4
"E00127431",10,3,7
"E00127432",8,2,6
"E00127433",4,4,0
"E00127434",1,1,0
"E00127435",1,0,1
"E00127436",1,0,1
"E00127437",2,0,2
"E00127438",0,0,0
"E00127439",4,2,2
"E00127440",0,0,0
"E00127441",0,0,0
"E00127442",4,1,3
"E00127443",2,2,0
"E00127444",0,0,0
"E00127445",3,2,1
"E00127446",4,1,3
"E00127447",1,0,1
"E00127448",3,2,1
"E00127449",5,2,3
"E00127450",4,4,0
"E00127451",1,0,1
"E00127452",1,1,0
"E00127453",2,0,2
"E00127454",1,0,1
"E00127455",2,2,0
"E00127456",5,4,1
"E00127457",0,0,0
"E00127458",0,0,0
"E00127459",4,4,0
"E00127460",3,2,1
"E00127461",0,0,0
"E00127462",1,1,0
"E00127463",3,1,2
"E00127464",9,3,6
"E00127465",2,1,1
"E00127466",0,0,0
"E00127467",3,0,3
"E00127468",1,1,0
"E00127469",2,1,1
"E00127470",6,4,2
"E00127471",0,0,0
"E00127472",1,0,1
"E00127473",2,1,1
"E00127474",1,0,1
"E00127475",4,3,1
"E00127476",2,1,1
"E00127477",1,1,0
"E00127478",2,1,1
"E00127479",1,0,1
"E00127480",0,0,0
"E00127481",4,3,1
"E00127482",0,0,0
"E00127483",3,1,2
"E00127484",3,1,2
"E00127485",4,0,4
"E00127486",3,2,1
"E00127487",5,2,3
"E00127488",0,0,0
"E00127489",4,2,2
"E00127490",4,1,3
"E00127491",0,0,0
"E00127492",0,0,0
"E00127493",2,2,0
"E00127494",3,1,2
"E00127495",5,0,5
"E00127496",2,2,0
"E00127497",4,2,2
"E00127499",1,0,1
"E00127500",3,0,3
"E00127501",3,3,0
"E00127502",3,1,2
"E00127503",2,1,1
"E00127504",4,1,3
"E00127505",5,3,2
"E00127506",2,1,1
"E00127507",2,1,1
"E00127508",3,2,1
"E00127509",1,0,1
"E00127510",9,6,3
"E00127511",5,1,4
"E00127512",1,1,0
"E00127513",2,0,2
"E00127514",3,1,2
"E00127515",0,0,0
"E00127516",3,2,1
"E00127517",18,9,9
"E00127518",6,5,1
"E00127519",7,2,5
"E00127520",7,4,3
"E00127521",3,1,2
"E00127522",5,3,2
"E00127524",4,1,3
"E00127525",3,0,3
"E00127526",10,6,4
"E00127527",5,1,4
"E00127528",4,1,3
"E00127529",3,1,2
"E00127530",3,1,2
"E00127531",4,1,3
"E00127532",2,1,1
"E00127533",0,0,0
"E00127534",1,1,0
"E00127535",0,0,0
"E00127536",0,0,0
"E00127537",12,7,5
"E00127538",8,6,2
"E00127539",0,0,0
"E00127540",3,1,2
"E00127541",3,1,2
"E00127542",3,2,1
"E00127543",3,1,2
"E00127544",3,1,2
"E00127545",2,1,1
"E00127546",7,5,2
"E00127547",8,4,4
"E00127548",1,1,0
"E00127549",9,4,5
"E00127550",5,1,4
"E00127551",1,1,0
"E00127552",4,3,1
"E00127553",5,4,1
"E00127554",1,1,0
"E00127555",10,6,4
"E00127556",1,0,1
"E00127557",13,9,4
"E00127558",4,1,3
"E00127559",15,11,4
"E00127560",3,1,2
"E00127561",3,2,1
"E00127564",0,0,0
"E00127565",7,1,6
"E00127566",2,1,1
"E00127567",2,1,1
"E00127568",2,1,1
"E00127569",1,1,0
"E00127570",1,0,1
"E00127571",1,0,1
"E00127572",3,2,1
"E00127573",2,1,1
"E00127574",7,4,3
"E00127575",1,1,0
"E00127576",0,0,0
"E00127577",1,0,1
"E00127578",2,0,2
"E00127579",3,1,2
"E00127580",1,1,0
"E00127581",0,0,0
"E00127582",0,0,0
"E00127583",0,0,0
"E00127584",1,0,1
"E00127585",1,0,1
"E00127586",0,0,0
"E00127587",1,1,0
"E00127588",0,0,0
"E00127589",3,2,1
"E00127590",2,2,0
"E00127591",1,1,0
"E00127592",2,1,1
"E00127593",0,0,0
"E00127594",0,0,0
"E00127595",0,0,0
"E00127596",2,1,1
"E00127597",6,1,5
"E00127598",6,4,2
"E00127599",2,2,0
"E00127600",6,4,2
"E00127601",5,1,4
"E00127602",8,4,4
"E00127603",2,0,2
"E00127604",3,1,2
"E00127605",8,5,3
"E00127606",0,0,0
"E00127607",6,4,2
"E00127608",5,1,4
"E00127609",2,1,1
"E00127610",2,1,1
"E00127611",9,5,4
"E00127612",13,9,4
"E00127613",17,5,12
"E00127614",2,2,0
"E00127615",0,0,0
"E00127616",17,7,10
"E00127618",6,3,3
"E00127619",5,2,3
"E00127620",2,0,2
"E00127621",6,3,3
"E00127622",3,2,1
"E00127623",0,0,0
"E00127624",5,3,2
"E00127625",4,1,3
"E00127626",4,2,2
"E00127627",0,0,0
"E00127628",2,2,0
"E00127629",7,3,4
"E00127630",1,0,1
"E00127631",6,1,5
"E00127632",3,2,1
"E00127633",6,1,5
"E00127634",6,4,2
"E00127635",5,4,1
"E00127636",4,1,3
"E00127637",2,1,1
"E00127638",4,1,3
"E00127639",9,5,4
"E00127640",2,1,1
"E00127641",3,2,1
"E00127642",2,2,0
"E00127643",5,5,0
"E00127644",1,1,0
"E00127645",1,1,0
"E00127646",0,0,0
"E00127647",6,3,3
"E00127648",7,4,3
"E00127649",7,3,4
"E00127650",4,3,1
"E00127651",2,2,0
"E00127652",0,0,0
"E00127653",3,1,2
"E00127654",2,2,0
"E00127655",2,1,1
"E00127656",1,1,0
"E00127657",4,3,1
"E00127658",3,2,1
"E00127659",2,0,2
"E00127660",4,1,3
"E00127661",1,0,1
"E00127662",7,3,4
"E00127663",3,2,1
"E00127664",0,0,0
"E00127665",0,0,0
"E00127666",2,2,0
"E00127667",3,1,2
"E00127668",3,2,1
"E00127669",8,2,6
"E00127670",3,1,2
"E00127671",3,1,2
"E00127672",2,1,1
"E00127673",0,0,0
"E00127674",2,0,2
"E00127675",0,0,0
"E00127676",1,1,0
"E00127677",4,3,1
"E00127678",2,2,0
"E00127679",0,0,0
"E00127680",10,4,6
"E00127681",1,1,0
"E00127682",2,0,2
"E00127683",1,0,1
"E00127684",1,1,0
"E00127685",3,0,3
"E00127686",0,0,0
"E00127687",8,6,2
"E00127688",6,4,2
"E00127689",2,2,0
"E00127690",4,3,1
"E00127691",11,4,7
"E00127692",5,3,2
"E00127693",4,0,4
"E00127694",8,4,4
"E00127695",6,2,4
"E00127696",4,1,3
"E00127697",3,2,1
"E00127698",5,3,2
"E00127699",4,2,2
"E00127700",2,1,1
"E00127701",2,2,0
"E00127702",2,2,0
"E00127703",5,2,3
"E00127704",3,2,1
"E00127705",1,1,0
"E00127706",3,2,1
"E00127707",2,0,2
"E00127708",6,2,4
"E00127709",5,3,2
"E00127710",1,0,1
"E00127711",2,0,2
"E00127712",4,2,2
"E00127713",0,0,0
"E00127714",5,1,4
"E00127715",3,3,0
"E00127716",5,3,2
"E00127717",3,1,2
"E00127718",1,1,0
"E00127719",6,2,4
"E00127720",4,1,3
"E00127721",5,1,4
"E00127722",5,3,2
"E00127723",11,4,7
"E00127724",1,0,1
"E00127725",10,6,4
"E00127726",1,0,1
"E00127727",2,2,0
"E00127728",2,1,1
"E00127729",7,5,2
"E00127730",2,1,1
"E00127731",6,5,1
"E00127732",8,4,4
"E00127733",9,3,6
"E00127734",10,8,2
"E00127735",0,0,0
"E00127736",4,2,2
"E00127737",2,2,0
"E00127738",2,2,0
"E00127739",5,4,1
"E00127740",1,0,1
"E00127741",4,2,2
"E00127742",0,0,0
"E00127743",4,1,3
"E00127744",5,1,4
"E00127745",0,0,0
"E00127746",6,4,2
"E00127747",6,3,3
"E00127748",1,0,1
"E00127749",1,0,1
"E00127750",0,0,0
"E00127751",2,2,0
"E00127752",1,0,1
"E00127753",1,0,1
"E00127754",2,1,1
"E00127755",1,0,1
"E00127756",0,0,0
"E00127757",1,1,0
"E00127758",2,2,0
"E00127759",0,0,0
"E00127760",2,1,1
"E00127761",2,0,2
"E00127762",0,0,0
"E00127763",0,0,0
"E00127764",1,1,0
"E00127765",5,4,1
"E00127766",2,0,2
"E00127767",5,1,4
"E00127768",4,3,1
"E00127769",8,3,5
"E00127770",3,1,2
"E00127771",5,3,2
"E00127772",5,2,3
"E00127773",4,2,2
"E00127774",2,1,1
"E00127775",8,6,2
"E00127776",2,1,1
"E00127777",1,0,1
"E00127778",6,3,3
"E00127779",5,4,1
"E00127780",2,2,0
"E00127781",4,2,2
"E00127782",2,1,1
"E00127783",3,1,2
"E00127784",5,3,2
"E00127785",2,1,1
"E00127786",1,0,1
"E00127787",13,9,4
"E00127788",5,4,1
"E00127789",3,2,1
"E00127790",6,2,4
"E00127791",7,3,4
"E00127792",5,2,3
"E00127793",4,1,3
"E00127794",4,4,0
"E00127795",2,1,1
"E00127796",2,2,0
"E00127797",12,6,6
"E00127798",6,2,4
"E00127799",4,2,2
"E00127800",4,3,1
"E00127801",5,3,2
"E00127802",0,0,0
"E00127803",4,0,4
"E00127804",2,1,1
"E00127805",4,2,2
"E00127806",0,0,0
"E00127807",3,1,2
"E00127808",2,1,1
"E00127809",8,5,3
"E00127810",0,0,0
"E00127811",8,4,4
"E00127812",1,1,0
"E00127813",4,2,2
"E00127814",0,0,0
"E00127815",0,0,0
"E00127816",1,1,0
"E00127817",5,1,4
"E00127818",1,1,0
"E00127819",1,1,0
"E00127820",2,2,0
"E00127821",2,2,0
"E00127822",5,3,2
"E00127823",1,0,1
"E00127824",2,1,1
"E00127825",1,1,0
"E00127826",3,1,2
"E00127827",1,0,1
"E00127828",7,2,5
"E00127829",2,2,0
"E00127830",1,1,0
"E00127831",5,3,2
"E00127832",5,1,4
"E00127833",0,0,0
"E00127834",2,1,1
"E00127835",1,0,1
"E00127836",1,1,0
"E00127837",2,0,2
"E00127838",1,1,0
"E00127839",3,1,2
"E00127840",0,0,0
"E00127841",8,4,4
"E00127842",0,0,0
"E00127843",3,0,3
"E00127844",2,2,0
"E00127845",5,4,1
"E00127846",6,4,2
"E00127847",3,1,2
"E00127848",2,1,1
"E00127849",0,0,0
"E00127850",1,1,0
"E00127851",2,1,1
"E00127852",5,3,2
"E00127853",1,0,1
"E00127854",5,4,1
"E00127855",1,1,0
"E00127856",6,3,3
"E00127857",2,2,0
"E00127858",1,1,0
"E00127859",4,0,4
"E00127860",0,0,0
"E00127861",1,1,0
"E00127862",4,3,1
"E00127863",3,2,1
"E00127864",2,0,2
"E00127865",4,2,2
"E00127866",7,5,2
"E00127867",6,3,3
"E00127868",4,2,2
"E00127869",2,1,1
"E00127870",1,1,0
"E00127871",5,2,3
"E00127872",5,5,0
"E00127873",1,0,1
"E00127874",5,1,4
"E00127875",2,1,1
"E00127876",1,1,0
"E00127877",2,1,1
"E00127878",1,1,0
"E00127879",2,2,0
"E00127880",1,1,0
"E00127881",2,1,1
"E00127882",0,0,0
"E00127883",5,2,3
"E00127884",3,0,3
"E00127885",1,0,1
"E00127886",1,0,1
"E00127887",1,1,0
"E00127888",0,0,0
"E00127889",5,2,3
"E00127890",0,0,0
"E00127891",3,0,3
"E00127892",2,0,2
"E00127893",4,2,2
"E00127894",3,1,2
"E00127895",1,0,1
"E00127896",0,0,0
"E00127897",4,2,2
"E00127898",0,0,0
"E00127899",9,3,6
"E00127900",2,0,2
"E00127901",4,2,2
"E00127902",4,1,3
"E00127903",7,5,2
"E00127904",2,2,0
"E00127905",4,4,0
"E00127906",1,0,1
"E00127907",3,1,2
"E00127908",6,3,3
"E00127909",2,1,1
"E00127910",2,1,1
"E00127911",2,2,0
"E00127912",4,2,2
"E00127913",3,1,2
"E00127914",2,1,1
"E00127915",6,4,2
"E00127916",2,1,1
"E00127917",0,0,0
"E00127918",6,4,2
"E00127921",7,4,3
"E00127922",4,1,3
"E00127923",2,0,2
"E00127924",2,2,0
"E00127925",4,4,0
"E00127926",5,1,4
"E00127927",5,4,1
"E00127928",5,3,2
"E00127929",6,3,3
"E00127930",6,5,1
"E00127931",4,2,2
"E00127932",6,2,4
"E00127933",5,3,2
"E00127934",1,0,1
"E00127935",1,1,0
"E00127936",1,1,0
"E00127937",1,0,1
"E00127938",1,1,0
"E00127939",1,0,1
"E00127940",3,1,2
"E00127941",3,1,2
"E00127942",1,1,0
"E00127943",2,1,1
"E00127944",3,1,2
"E00127945",0,0,0
"E00127946",0,0,0
"E00127947",3,2,1
"E00127948",1,1,0
"E00127949",0,0,0
"E00127950",4,2,2
"E00127951",4,1,3
"E00127952",1,0,1
"E00127953",2,1,1
"E00127954",1,1,0
"E00127955",4,4,0
"E00127956",0,0,0
"E00127957",7,1,6
"E00127958",1,1,0
"E00127959",7,3,4
"E00127960",5,1,4
"E00127961",5,1,4
"E00127962",0,0,0
"E00127963",1,0,1
"E00127964",4,4,0
"E00127965",6,3,3
"E00127966",2,2,0
"E00127967",5,2,3
"E00127968",4,4,0
"E00127969",6,4,2
"E00127970",1,1,0
"E00127971",13,7,6
"E00127972",0,0,0
"E00127973",8,7,1
"E00127974",2,1,1
"E00127975",3,3,0
"E00127976",5,2,3
"E00127977",4,1,3
"E00127978",4,2,2
"E00127979",9,6,3
"E00127980",7,3,4
"E00127981",4,3,1
"E00127982",5,2,3
"E00127983",4,2,2
"E00127984",8,4,4
"E00127985",1,1,0
"E00127986",2,0,2
"E00127987",0,0,0
"E00127988",3,1,2
"E00127989",2,2,0
"E00127990",4,2,2
"E00127991",1,1,0
"E00127992",3,3,0
"E00127993",2,1,1
"E00127995",1,1,0
"E00127996",4,1,3
"E00127997",0,0,0
"E00127998",2,2,0
"E00127999",0,0,0
"E00128000",6,3,3
"E00128001",0,0,0
"E00128002",1,0,1
"E00128003",0,0,0
"E00128004",4,3,1
"E00128005",1,0,1
"E00128006",10,4,6
"E00128007",4,3,1
"E00128008",2,1,1
"E00128009",2,1,1
"E00128010",3,1,2
"E00128011",6,5,1
"E00128012",3,1,2
"E00128013",0,0,0
"E00128014",1,1,0
"E00128015",1,1,0
"E00128016",2,0,2
"E00128017",0,0,0
"E00128018",4,2,2
"E00128019",1,1,0
"E00128020",6,4,2
"E00128021",1,1,0
"E00128022",0,0,0
"E00128023",3,2,1
"E00128024",3,0,3
"E00128025",1,1,0
"E00128026",2,1,1
"E00128027",4,0,4
"E00128028",1,0,1
"E00128029",5,2,3
"E00128030",2,1,1
"E00128031",0,0,0
"E00128032",6,2,4
"E00128033",3,1,2
"E00128034",12,7,5
"E00128035",0,0,0
"E00128036",0,0,0
"E00128037",2,1,1
"E00128038",7,5,2
"E00128039",4,2,2
"E00128040",2,1,1
"E00128041",1,1,0
"E00128042",2,2,0
"E00128043",0,0,0
"E00128044",1,1,0
"E00128045",3,1,2
"E00128046",6,3,3
"E00128047",2,1,1
"E00128048",2,1,1
"E00128049",4,1,3
"E00128050",0,0,0
"E00128051",0,0,0
"E00128052",3,2,1
"E00128053",10,5,5
"E00128054",4,1,3
"E00128055",10,3,7
"E00128056",4,1,3
"E00128057",8,4,4
"E00128058",1,1,0
"E00128059",6,4,2
"E00128060",3,3,0
"E00128061",1,0,1
"E00128062",4,2,2
"E00128063",8,4,4
"E00128064",4,2,2
"E00128065",10,4,6
"E00128066",1,1,0
"E00128067",4,3,1
"E00128068",5,2,3
"E00128069",3,0,3
"E00128070",5,3,2
"E00128071",1,0,1
"E00128072",0,0,0
"E00128073",0,0,0
"E00128074",2,1,1
"E00128075",2,1,1
"E00128076",7,7,0
"E00128077",0,0,0
"E00128078",1,1,0
"E00128079",2,1,1
"E00128080",3,2,1
"E00128081",2,1,1
"E00128082",1,1,0
"E00128083",1,0,1
"E00128084",0,0,0
"E00128085",3,0,3
"E00128086",0,0,0
"E00128087",0,0,0
"E00128088",2,1,1
"E00128089",0,0,0
"E00128090",1,1,0
"E00128091",1,1,0
"E00128092",3,1,2
"E00128093",2,0,2
"E00128094",0,0,0
"E00128095",0,0,0
"E00128096",4,3,1
"E00128097",1,0,1
"E00128098",1,1,0
"E00128099",1,1,0
"E00128100",0,0,0
"E00128101",3,1,2
"E00128102",1,0,1
"E00128103",8,5,3
"E00128104",12,4,8
"E00128105",8,4,4
"E00128106",9,6,3
"E00128107",1,1,0
"E00128108",4,1,3
"E00128109",6,1,5
"E00128110",1,1,0
"E00128111",3,2,1
"E00128112",2,1,1
"E00128113",4,4,0
"E00128114",5,2,3
"E00128115",4,1,3
"E00128116",0,0,0
"E00128117",11,4,7
"E00128118",6,4,2
"E00128119",4,3,1
"E00128120",5,2,3
"E00128121",15,10,5
"E00128122",9,7,2
"E00128123",4,4,0
"E00128124",3,0,3
"E00128125",2,1,1
"E00128126",2,1,1
"E00128127",10,6,4
"E00128128",9,4,5
"E00128129",4,3,1
"E00128130",7,3,4
"E00128131",0,0,0
"E00128132",6,4,2
"E00128133",2,1,1
"E00128134",1,0,1
"E00128135",0,0,0
"E00128136",0,0,0
"E00128137",2,1,1
"E00128138",2,2,0
"E00128139",8,4,4
"E00128140",0,0,0
"E00128141",1,1,0
"E00128142",2,1,1
"E00128143",3,2,1
"E00128144",0,0,0
"E00128146",3,1,2
"E00128147",0,0,0
"E00128148",0,0,0
"E00128149",3,1,2
"E00128150",3,1,2
"E00128151",2,0,2
"E00128152",1,0,1
"E00128153",2,1,1
"E00128154",0,0,0
"E00128155",0,0,0
"E00128156",4,2,2
"E00128157",0,0,0
"E00128158",1,1,0
"E00128159",0,0,0
"E00128160",5,1,4
"E00128161",14,6,8
"E00128162",3,2,1
"E00128164",8,3,5
"E00128165",12,5,7
"E00128166",4,2,2
"E00128167",4,1,3
"E00128168",5,4,1
"E00128169",7,3,4
"E00128170",1,0,1
"E00128171",8,6,2
"E00128172",3,1,2
"E00128173",1,0,1
"E00128174",3,2,1
"E00128175",0,0,0
"E00128176",4,1,3
"E00128177",5,2,3
"E00128178",1,1,0
"E00128179",1,1,0
"E00128180",12,3,9
"E00128181",6,1,5
"E00128182",17,8,9
"E00128183",8,4,4
"E00128184",1,1,0
"E00128185",10,5,5
"E00128186",1,1,0
"E00128187",13,10,3
"E00128188",8,3,5
"E00128189",3,3,0
"E00128190",9,4,5
"E00128191",2,1,1
"E00128192",8,5,3
"E00128193",6,0,6
"E00128194",7,5,2
"E00128195",11,6,5
"E00128196",2,2,0
"E00128197",4,3,1
"E00128198",7,6,1
"E00128199",4,2,2
"E00128200",3,2,1
"E00128201",0,0,0
"E00128202",11,4,7
"E00128203",4,0,4
"E00128204",1,0,1
"E00128205",5,3,2
"E00128206",7,3,4
"E00128207",0,0,0
"E00128208",4,2,2
"E00128209",1,0,1
"E00128210",0,0,0
"E00128211",0,0,0
"E00128212",15,8,7
"E00128213",1,1,0
"E00128214",0,0,0
"E00128215",3,2,1
"E00128216",4,4,0
"E00128217",3,0,3
"E00128218",1,0,1
"E00128219",2,0,2
"E00128220",4,1,3
"E00128221",1,0,1
"E00128222",3,2,1
"E00128223",1,0,1
"E00128224",2,0,2
"E00128225",0,0,0
"E00128226",6,5,1
"E00128227",0,0,0
"E00128228",1,1,0
"E00128229",3,2,1
"E00128230",2,1,1
"E00128231",1,0,1
"E00128232",2,0,2
"E00128233",3,3,0
"E00128234",2,1,1
"E00128235",1,1,0
"E00128236",2,0,2
"E00128237",3,2,1
"E00128238",0,0,0
"E00128239",1,0,1
"E00128240",3,1,2
"E00128241",2,0,2
"E00128242",0,0,0
"E00128243",0,0,0
"E00128244",0,0,0
"E00128245",1,1,0
"E00128246",0,0,0
"E00128247",2,1,1
"E00128248",4,1,3
"E00128249",5,2,3
"E00128250",2,1,1
"E00128251",1,1,0
"E00128252",4,3,1
"E00128253",1,0,1
"E00128254",1,0,1
"E00128255",11,5,6
"E00128256",0,0,0
"E00128257",6,1,5
"E00128258",9,5,4
"E00128259",10,4,6
"E00128260",11,4,7
"E00128261",7,4,3
"E00128262",4,2,2
"E00128263",8,2,6
"E00128264",2,2,0
"E00128265",6,2,4
"E00128266",4,2,2
"E00128267",5,4,1
"E00128268",7,4,3
"E00128269",5,4,1
"E00128270",1,0,1
"E00128271",1,1,0
"E00128272",6,3,3
"E00128273",6,4,2
"E00128274",3,0,3
"E00128275",8,6,2
"E00128276",4,4,0
"E00128277",0,0,0
"E00128278",4,4,0
"E00128279",2,1,1
"E00128280",3,3,0
"E00128281",1,0,1
"E00128282",3,0,3
"E00128283",0,0,0
"E00128284",0,0,0
"E00128285",2,0,2
"E00128286",0,0,0
"E00128287",1,1,0
"E00128288",0,0,0
"E00128289",8,3,5
"E00128290",9,2,7
"E00128291",5,3,2
"E00128292",5,1,4
"E00128293",7,5,2
"E00128294",8,4,4
"E00128295",4,4,0
"E00128296",12,9,3
"E00128297",6,1,5
"E00128298",5,3,2
"E00128299",9,3,6
"E00128300",7,0,7
"E00128301",9,6,3
"E00128302",2,1,1
"E00128303",10,6,4
"E00128304",9,3,6
"E00128305",3,2,1
"E00128306",7,3,4
"E00128307",1,1,0
"E00128308",1,1,0
"E00128309",10,4,6
"E00128310",15,9,6
"E00128311",9,4,5
"E00128312",5,1,4
"E00128313",7,4,3
"E00128314",6,4,2
"E00128315",5,1,4
"E00128316",5,3,2
"E00128317",1,0,1
"E00128318",3,2,1
"E00128319",12,8,4
"E00128320",11,6,5
"E00128321",7,3,4
"E00128322",7,1,6
"E00128323",6,1,5
"E00128324",3,1,2
"E00128325",4,2,2
"E00128326",3,1,2
"E00128327",0,0,0
"E00128328",0,0,0
"E00128329",1,1,0
"E00128330",0,0,0
"E00128331",0,0,0
"E00128332",2,1,1
"E00128333",1,1,0
"E00128334",0,0,0
"E00128335",2,0,2
"E00128336",1,0,1
"E00128337",2,1,1
"E00128338",1,1,0
"E00128339",7,3,4
"E00128340",1,1,0
"E00128341",0,0,0
"E00128342",3,1,2
"E00128343",6,2,4
"E00128344",4,2,2
"E00128345",1,0,1
"E00128346",2,2,0
"E00128347",8,3,5
"E00128348",5,0,5
"E00128349",0,0,0
"E00128350",2,1,1
"E00128352",0,0,0
"E00128353",2,0,2
"E00128354",2,0,2
"E00128355",2,2,0
"E00128356",5,1,4
"E00128357",0,0,0
"E00128358",0,0,0
"E00128359",5,3,2
"E00128360",11,7,4
"E00128361",1,0,1
"E00128362",2,0,2
"E00128363",1,1,0
"E00128364",6,4,2
"E00128365",6,3,3
"E00128366",1,0,1
"E00128367",3,1,2
"E00128368",3,3,0
"E00128369",0,0,0
"E00128370",6,3,3
"E00128372",10,6,4
"E00128373",3,2,1
"E00128374",0,0,0
"E00128375",2,0,2
"E00128377",1,1,0
"E00128379",0,0,0
"E00128382",2,2,0
"E00128384",5,3,2
"E00128385",0,0,0
"E00128386",4,3,1
"E00128387",0,0,0
"E00128388",2,1,1
"E00128389",4,1,3
"E00128390",1,1,0
"E00128391",1,1,0
"E00128392",4,2,2
"E00128393",2,1,1
"E00128394",4,0,4
"E00128395",0,0,0
"E00128397",4,2,2
"E00128398",2,0,2
"E00128399",0,0,0
"E00128400",0,0,0
"E00128401",2,1,1
"E00128403",1,1,0
"E00128404",1,0,1
"E00128405",1,1,0
"E00128406",2,1,1
"E00128407",2,2,0
"E00128408",6,4,2
"E00128409",0,0,0
"E00128410",6,2,4
"E00128411",15,9,6
"E00128412",0,0,0
"E00128413",3,1,2
"E00128414",1,1,0
"E00128415",5,2,3
"E00128416",3,0,3
"E00128417",10,10,0
"E00128418",4,3,1
"E00128419",2,1,1
"E00128420",7,2,5
"E00128421",2,0,2
"E00128422",1,1,0
"E00128423",4,1,3
"E00128424",2,0,2
"E00128425",1,1,0
"E00128426",2,1,1
"E00128427",4,1,3
"E00128428",4,2,2
"E00128429",3,1,2
"E00128430",1,0,1
"E00128431",1,1,0
"E00128432",2,1,1
"E00128433",0,0,0
"E00128434",0,0,0
"E00128435",1,1,0
"E00128436",0,0,0
"E00128437",1,1,0
"E00128438",0,0,0
"E00128439",1,1,0
"E00128440",8,5,3
"E00128441",7,4,3
"E00128442",5,2,3
"E00128443",2,2,0
"E00128444",0,0,0
"E00128445",0,0,0
"E00128446",2,1,1
"E00128447",0,0,0
"E00128448",6,2,4
"E00128449",5,2,3
"E00128450",1,1,0
"E00128452",0,0,0
"E00128453",1,0,1
"E00128454",1,0,1
"E00128455",2,2,0
"E00128456",0,0,0
"E00128457",0,0,0
"E00128458",5,2,3
"E00128459",2,2,0
"E00128460",2,1,1
"E00128461",1,0,1
"E00128462",2,1,1
"E00128463",3,2,1
"E00128464",0,0,0
"E00128465",4,2,2
"E00128466",0,0,0
"E00128467",0,0,0
"E00128468",2,0,2
"E00128469",0,0,0
"E00128470",0,0,0
"E00128471",6,4,2
"E00128472",6,2,4
"E00128473",2,1,1
"E00128474",0,0,0
"E00128476",5,3,2
"E00128477",2,2,0
"E00128478",2,1,1
"E00128479",0,0,0
"E00128480",0,0,0
"E00128481",9,7,2
"E00128482",5,2,3
"E00128483",0,0,0
"E00128484",1,0,1
"E00128485",24,11,13
"E00128487",1,0,1
"E00128488",1,0,1
"E00128489",12,6,6
"E00128490",8,1,7
"E00128492",5,2,3
"E00128493",5,2,3
"E00128494",7,2,5
"E00128495",5,2,3
"E00128496",11,5,6
"E00128497",10,3,7
"E00128498",2,0,2
"E00128499",9,6,3
"E00128500",3,2,1
"E00128501",4,0,4
"E00128502",0,0,0
"E00128503",3,2,1
"E00128504",7,6,1
"E00128505",3,1,2
"E00128506",3,2,1
"E00128507",16,10,6
"E00128509",6,5,1
"E00128510",3,2,1
"E00128511",2,1,1
"E00128512",10,7,3
"E00128513",3,0,3
"E00128514",9,6,3
"E00128515",7,5,2
"E00128516",5,2,3
"E00128517",3,1,2
"E00128518",2,0,2
"E00128519",2,1,1
"E00128520",3,1,2
"E00128521",4,4,0
"E00128522",4,3,1
"E00128523",6,2,4
"E00128524",2,2,0
"E00128525",5,4,1
"E00128526",10,5,5
"E00128527",4,3,1
"E00128528",4,3,1
"E00128529",12,8,4
"E00128530",14,6,8
"E00128531",5,2,3
"E00128532",5,4,1
"E00128533",5,3,2
"E00128534",2,0,2
"E00128535",5,1,4
"E00128536",0,0,0
"E00128537",3,2,1
"E00128538",1,0,1
"E00128539",2,1,1
"E00128540",2,0,2
"E00128541",5,2,3
"E00128542",3,0,3
"E00128543",4,1,3
"E00128544",1,0,1
"E00128545",2,2,0
"E00128546",7,5,2
"E00128547",3,1,2
"E00128548",1,0,1
"E00128549",3,1,2
"E00128550",2,1,1
"E00128551",3,2,1
"E00128552",4,2,2
"E00128553",11,7,4
"E00128554",10,3,7
"E00128555",2,1,1
"E00128556",3,0,3
"E00128557",2,0,2
"E00128558",1,0,1
"E00128559",0,0,0
"E00128560",0,0,0
"E00128561",4,1,3
"E00128562",3,1,2
"E00128563",2,1,1
"E00128564",3,2,1
"E00128565",2,1,1
"E00128566",4,1,3
"E00128567",6,4,2
"E00128568",7,1,6
"E00128569",4,3,1
"E00128570",11,4,7
"E00128571",3,1,2
"E00128572",21,9,12
"E00128573",2,1,1
"E00128574",3,2,1
"E00128575",6,4,2
"E00128576",8,5,3
"E00128577",4,3,1
"E00128578",5,3,2
"E00128579",3,1,2
"E00128580",6,3,3
"E00128581",4,3,1
"E00128582",15,6,9
"E00128583",3,2,1
"E00128584",0,0,0
"E00128585",0,0,0
"E00128586",3,3,0
"E00128587",6,3,3
"E00128588",1,0,1
"E00128589",13,7,6
"E00128590",6,2,4
"E00128591",10,5,5
"E00128592",3,0,3
"E00128593",3,2,1
"E00128594",13,7,6
"E00128595",6,4,2
"E00128596",4,1,3
"E00128597",4,0,4
"E00128598",5,2,3
"E00128599",1,0,1
"E00128600",2,0,2
"E00128601",2,1,1
"E00128602",2,2,0
"E00128603",8,4,4
"E00128604",4,1,3
"E00128605",1,1,0
"E00128606",3,1,2
"E00128607",8,6,2
"E00128608",1,1,0
"E00128609",4,1,3
"E00128610",10,5,5
"E00128611",5,1,4
"E00128612",5,3,2
"E00128613",8,2,6
"E00128614",7,6,1
"E00128615",10,6,4
"E00128616",5,4,1
"E00128617",7,2,5
"E00128618",5,2,3
"E00128619",7,3,4
"E00128620",11,5,6
"E00128621",2,1,1
"E00128622",6,3,3
"E00128623",4,2,2
"E00128624",3,2,1
"E00128625",3,2,1
"E00128626",6,4,2
"E00128627",2,0,2
"E00128628",8,1,7
"E00128629",5,2,3
"E00128630",19,13,6
"E00128631",7,3,4
"E00128632",2,0,2
"E00128633",4,2,2
"E00128634",5,2,3
"E00128635",2,0,2
"E00128636",9,6,3
"E00128637",7,5,2
"E00128638",6,3,3
"E00128639",7,5,2
"E00128640",8,4,4
"E00128641",2,1,1
"E00128642",5,2,3
"E00128643",0,0,0
"E00128644",0,0,0
"E00128645",9,4,5
"E00128646",5,1,4
"E00128647",9,5,4
"E00128648",11,6,5
"E00128649",9,5,4
"E00128650",10,6,4
"E00128651",2,1,1
"E00128652",1,0,1
"E00128653",2,0,2
"E00128654",3,3,0
"E00128655",14,6,8
"E00128656",8,2,6
"E00128657",6,2,4
"E00128658",8,3,5
"E00128659",1,1,0
"E00128660",1,1,0
"E00128661",2,2,0
"E00128662",5,4,1
"E00128663",5,1,4
"E00128664",1,1,0
"E00128665",6,4,2
"E00128667",6,4,2
"E00128668",11,3,8
"E00128669",6,5,1
"E00128670",10,5,5
"E00128671",7,3,4
"E00128672",6,3,3
"E00128673",9,6,3
"E00128674",10,4,6
"E00128675",7,2,5
"E00128676",6,1,5
"E00128678",10,7,3
"E00128679",14,9,5
"E00128680",5,2,3
"E00128682",1,1,0
"E00128683",12,7,5
"E00128684",10,5,5
"E00128685",4,0,4
"E00128686",7,4,3
"E00128687",2,0,2
"E00128688",3,2,1
"E00128689",5,3,2
"E00128690",8,3,5
"E00128691",0,0,0
"E00128692",8,5,3
"E00128693",4,2,2
"E00128694",4,0,4
"E00128695",2,0,2
"E00128696",14,8,6
"E00128697",7,4,3
"E00128698",0,0,0
"E00128699",10,6,4
"E00128700",4,2,2
"E00128701",14,7,7
"E00128702",3,1,2
"E00128703",6,4,2
"E00128704",11,7,4
"E00128705",1,1,0
"E00128706",4,3,1
"E00128707",5,3,2
"E00128708",0,0,0
"E00128709",5,3,2
"E00128710",0,0,0
"E00128711",1,0,1
"E00128712",7,4,3
"E00128713",6,3,3
"E00128714",6,2,4
"E00128715",3,1,2
"E00128716",8,4,4
"E00128717",4,3,1
"E00128718",8,6,2
"E00128719",2,0,2
"E00128720",1,1,0
"E00128721",5,3,2
"E00128722",7,5,2
"E00128723",5,2,3
"E00128724",6,2,4
"E00128725",21,14,7
"E00128726",1,1,0
"E00128727",1,0,1
"E00128728",0,0,0
"E00128729",4,3,1
"E00128730",5,3,2
"E00128731",1,1,0
"E00128732",3,2,1
"E00128733",3,0,3
"E00128734",1,0,1
"E00128735",3,2,1
"E00128736",10,6,4
"E00128737",12,6,6
"E00128738",4,2,2
"E00128739",7,4,3
"E00128740",3,1,2
"E00128741",1,0,1
"E00128742",5,1,4
"E00128743",13,6,7
"E00128744",12,5,7
"E00128745",0,0,0
"E00128746",6,2,4
"E00128747",4,1,3
"E00128748",2,1,1
"E00128749",5,2,3
"E00128750",2,2,0
"E00128751",9,4,5
"E00128752",12,4,8
"E00128753",8,4,4
"E00128754",2,0,2
"E00128755",2,1,1
"E00128756",1,0,1
"E00128757",0,0,0
"E00128758",1,0,1
"E00128759",1,0,1
"E00128760",3,1,2
"E00128761",9,3,6
"E00128762",5,2,3
"E00128763",5,2,3
"E00128764",1,1,0
"E00128765",5,2,3
"E00128766",1,1,0
"E00128767",1,0,1
"E00128768",3,2,1
"E00128769",2,1,1
"E00128770",7,2,5
"E00128771",7,3,4
"E00128772",0,0,0
"E00128773",4,2,2
"E00128774",0,0,0
"E00128775",2,0,2
"E00128776",13,8,5
"E00128777",5,4,1
"E00128778",3,1,2
"E00128779",3,0,3
"E00128780",8,4,4
"E00128781",1,1,0
"E00128782",5,4,1
"E00128783",1,0,1
"E00128784",4,1,3
"E00128785",5,2,3
"E00128786",2,2,0
"E00128787",2,1,1
"E00128788",10,8,2
"E00128789",0,0,0
"E00128790",0,0,0
"E00128791",2,0,2
"E00128792",1,0,1
"E00128793",0,0,0
"E00128794",4,2,2
"E00128795",8,5,3
"E00128796",10,4,6
"E00128797",6,2,4
"E00128798",13,8,5
"E00128799",4,2,2
"E00128800",2,1,1
"E00128801",3,2,1
"E00128802",8,4,4
"E00128803",8,5,3
"E00128804",2,0,2
"E00128805",0,0,0
"E00128806",2,1,1
"E00128807",4,2,2
"E00128808",4,1,3
"E00128809",0,0,0
"E00128810",4,3,1
"E00128811",1,1,0
"E00128812",7,5,2
"E00128813",4,3,1
"E00128814",8,3,5
"E00128815",4,3,1
"E00128816",2,0,2
"E00128817",2,0,2
"E00128818",0,0,0
"E00128819",1,0,1
"E00128820",0,0,0
"E00128821",2,1,1
"E00128822",1,1,0
"E00128823",2,1,1
"E00128824",3,2,1
"E00128826",0,0,0
"E00128827",5,0,5
"E00128828",1,0,1
"E00128829",3,1,2
"E00128830",11,4,7
"E00128831",6,4,2
"E00128832",11,8,3
"E00128833",0,0,0
"E00128834",0,0,0
"E00128835",3,2,1
"E00128836",5,3,2
"E00128837",6,3,3
"E00128838",11,4,7
"E00128839",14,7,7
"E00128840",4,2,2
"E00128841",3,2,1
"E00128842",3,1,2
"E00128843",1,0,1
"E00128844",1,0,1
"E00128845",1,1,0
"E00128846",4,3,1
"E00128847",1,1,0
"E00128848",5,1,4
"E00128849",2,2,0
"E00128850",4,2,2
"E00128851",3,2,1
"E00128852",1,0,1
"E00128853",0,0,0
"E00128854",1,0,1
"E00128855",6,1,5
"E00128856",2,0,2
"E00128857",0,0,0
"E00128858",3,2,1
"E00128859",1,1,0
"E00128860",2,1,1
"E00128861",1,0,1
"E00128862",1,1,0
"E00128863",9,4,5
"E00128864",4,1,3
"E00128865",1,0,1
"E00128866",6,4,2
"E00128867",1,1,0
"E00128868",1,1,0
"E00128869",7,3,4
"E00128870",1,0,1
"E00128871",3,3,0
"E00128872",1,0,1
"E00128873",2,0,2
"E00128874",1,0,1
"E00128875",0,0,0
"E00128876",2,2,0
"E00128877",2,1,1
"E00128878",2,2,0
"E00128879",2,1,1
"E00128880",6,4,2
"E00128881",0,0,0
"E00128882",1,1,0
"E00128883",0,0,0
"E00128884",0,0,0
"E00128885",3,0,3
"E00128887",1,1,0
"E00128888",1,0,1
"E00128889",5,4,1
"E00128890",5,3,2
"E00128891",4,2,2
"E00128892",6,3,3
"E00128893",2,0,2
"E00128894",2,1,1
"E00128895",2,0,2
"E00128896",4,2,2
"E00128897",2,2,0
"E00128898",1,1,0
"E00128899",2,1,1
"E00128900",1,1,0
"E00128901",0,0,0
"E00128902",7,5,2
"E00128903",1,1,0
"E00128905",1,1,0
"E00128906",3,0,3
"E00128907",3,2,1
"E00128908",2,2,0
"E00128909",4,1,3
"E00128910",2,2,0
"E00128911",0,0,0
"E00128912",6,2,4
"E00128913",3,1,2
"E00128914",3,1,2
"E00128915",9,4,5
"E00128917",4,0,4
"E00128918",6,3,3
"E00128919",0,0,0
"E00128920",1,0,1
"E00128921",3,2,1
"E00128922",2,1,1
"E00128923",3,0,3
"E00128924",4,1,3
"E00128925",0,0,0
"E00128926",3,0,3
"E00128927",0,0,0
"E00128929",7,6,1
"E00128930",1,1,0
"E00128931",0,0,0
"E00128932",0,0,0
"E00128933",0,0,0
"E00128934",2,1,1
"E00128935",0,0,0
"E00128936",3,3,0
"E00128937",3,1,2
"E00128938",3,2,1
"E00128939",5,3,2
"E00128940",3,2,1
"E00128941",3,2,1
"E00128942",7,4,3
"E00128943",7,2,5
"E00128944",3,1,2
"E00128945",2,0,2
"E00128946",7,1,6
"E00128947",3,1,2
"E00128948",6,2,4
"E00128949",7,3,4
"E00128950",6,2,4
"E00128951",1,0,1
"E00128952",11,3,8
"E00128953",17,8,9
"E00128954",2,1,1
"E00128955",3,2,1
"E00128956",0,0,0
"E00128957",2,1,1
"E00128958",1,0,1
"E00128959",2,0,2
"E00128960",2,2,0
"E00128961",7,3,4
"E00128962",3,1,2
"E00128963",2,2,0
"E00128964",1,1,0
"E00128965",1,0,1
"E00128966",3,1,2
"E00128967",5,2,3
"E00128968",11,4,7
"E00128969",5,1,4
"E00128970",1,1,0
"E00128971",6,3,3
"E00128972",3,2,1
"E00128973",3,1,2
"E00128974",3,0,3
"E00128975",4,1,3
"E00128976",3,1,2
"E00128977",0,0,0
"E00128978",4,0,4
"E00128979",1,0,1
"E00128980",9,4,5
"E00128981",1,0,1
"E00128982",0,0,0
"E00128983",3,2,1
"E00128984",0,0,0
"E00128985",7,3,4
"E00128986",2,0,2
"E00128987",1,1,0
"E00128988",0,0,0
"E00128989",7,6,1
"E00128990",2,1,1
"E00128991",2,1,1
"E00128992",1,0,1
"E00128993",1,1,0
"E00128994",1,0,1
"E00128995",2,2,0
"E00128996",6,2,4
"E00128997",1,1,0
"E00128998",2,1,1
"E00128999",0,0,0
"E00129000",1,1,0
"E00129001",1,0,1
"E00129002",7,5,2
"E00129003",5,3,2
"E00129004",4,1,3
"E00129005",2,0,2
"E00129007",8,7,1
"E00129008",3,1,2
"E00129009",3,2,1
"E00129010",0,0,0
"E00129011",2,0,2
"E00129012",5,2,3
"E00129013",0,0,0
"E00129014",2,0,2
"E00129015",0,0,0
"E00129016",0,0,0
"E00129017",1,0,1
"E00129018",0,0,0
"E00129019",8,1,7
"E00129020",4,2,2
"E00129021",1,0,1
"E00129022",2,1,1
"E00129025",1,1,0
"E00129026",3,2,1
"E00129027",5,5,0
"E00129028",3,1,2
"E00129029",10,0,10
"E00129030",7,3,4
"E00129031",8,3,5
"E00129032",7,3,4
"E00129033",3,2,1
"E00129034",9,4,5
"E00129035",7,5,2
"E00129036",9,6,3
"E00129037",5,2,3
"E00129038",5,2,3
"E00129039",0,0,0
"E00129040",0,0,0
"E00129041",0,0,0
"E00129042",6,3,3
"E00129043",6,4,2
"E00129044",4,0,4
"E00129045",1,0,1
"E00129046",0,0,0
"E00129047",0,0,0
"E00129048",0,0,0
"E00129049",5,4,1
"E00129050",5,2,3
"E00129051",3,0,3
"E00129052",4,2,2
"E00129053",3,1,2
"E00129054",1,0,1
"E00129055",3,1,2
"E00129056",5,1,4
"E00129057",2,0,2
"E00129058",1,0,1
"E00129059",4,3,1
"E00129060",3,2,1
"E00129061",2,1,1
"E00129062",2,1,1
"E00129063",5,2,3
"E00129064",7,2,5
"E00129065",0,0,0
"E00129066",1,0,1
"E00129067",4,2,2
"E00129068",5,2,3
"E00129069",0,0,0
"E00129070",8,4,4
"E00129071",5,1,4
"E00129072",2,1,1
"E00129074",1,0,1
"E00129075",0,0,0
"E00129076",0,0,0
"E00129077",3,1,2
"E00129078",6,1,5
"E00129079",2,0,2
"E00129080",4,2,2
"E00129081",7,0,7
"E00129082",2,1,1
"E00129083",0,0,0
"E00129084",5,5,0
"E00129085",4,2,2
"E00129086",4,1,3
"E00129087",11,5,6
"E00129088",8,5,3
"E00129089",5,2,3
"E00129090",0,0,0
"E00129091",8,2,6
"E00129092",3,0,3
"E00129093",3,0,3
"E00129094",2,2,0
"E00129095",10,8,2
"E00129096",3,2,1
"E00129097",8,3,5
"E00129098",2,0,2
"E00129099",6,2,4
"E00129100",7,5,2
"E00129101",6,3,3
"E00129102",3,2,1
"E00129103",6,4,2
"E00129106",2,1,1
"E00129107",23,11,12
"E00129108",4,1,3
"E00129109",5,3,2
"E00129110",9,2,7
"E00129111",10,4,6
"E00129112",6,1,5
"E00129113",6,3,3
"E00129114",3,0,3
"E00129115",4,2,2
"E00129116",7,4,3
"E00129117",4,3,1
"E00129118",1,1,0
"E00129119",3,1,2
"E00129120",4,1,3
"E00129121",4,2,2
"E00129122",0,0,0
"E00129123",3,1,2
"E00129124",2,1,1
"E00129125",0,0,0
"E00129126",1,0,1
"E00129127",2,1,1
"E00129128",3,1,2
"E00129129",1,1,0
"E00129130",1,1,0
"E00129131",1,1,0
"E00129132",2,0,2
"E00129133",0,0,0
"E00129134",3,0,3
"E00129135",3,1,2
"E00129136",1,0,1
"E00129137",9,4,5
"E00129138",7,5,2
"E00129139",4,1,3
"E00129140",1,0,1
"E00129141",4,1,3
"E00129142",2,2,0
"E00129143",2,1,1
"E00129144",0,0,0
"E00129145",1,1,0
"E00129146",4,2,2
"E00129147",4,3,1
"E00129148",2,1,1
"E00129149",5,1,4
"E00129150",8,5,3
"E00129151",1,0,1
"E00129152",2,1,1
"E00129153",0,0,0
"E00129154",1,0,1
"E00129155",10,4,6
"E00129156",1,1,0
"E00129157",9,2,7
"E00129158",1,0,1
"E00129159",2,1,1
"E00129160",0,0,0
"E00129161",6,5,1
"E00129162",2,0,2
"E00129163",5,0,5
"E00129164",2,2,0
"E00129165",5,1,4
"E00129166",8,2,6
"E00129167",0,0,0
"E00129168",1,0,1
"E00129169",5,3,2
"E00129170",3,2,1
"E00129171",1,0,1
"E00129172",4,3,1
"E00129173",0,0,0
"E00129174",1,0,1
"E00129175",7,5,2
"E00129176",16,7,9
"E00129177",0,0,0
"E00129178",1,0,1
"E00129179",10,8,2
"E00129180",1,0,1
"E00129181",4,1,3
"E00129182",2,2,0
"E00129183",6,4,2
"E00129184",22,13,9
"E00129185",9,6,3
"E00129186",5,4,1
"E00129187",5,3,2
"E00129188",4,3,1
"E00129189",3,3,0
"E00129190",0,0,0
"E00129191",2,1,1
"E00129192",1,0,1
"E00129193",2,0,2
"E00129194",1,1,0
"E00129195",2,0,2
"E00129196",2,1,1
"E00129197",7,4,3
"E00129198",9,3,6
"E00129199",6,2,4
"E00129200",3,1,2
"E00129201",7,4,3
"E00129202",4,2,2
"E00129203",4,3,1
"E00129204",2,0,2
"E00129205",2,1,1
"E00129206",6,1,5
"E00129207",1,1,0
"E00129208",2,1,1
"E00129209",0,0,0
"E00129210",0,0,0
"E00129211",0,0,0
"E00129212",1,1,0
"E00129213",6,3,3
"E00129214",1,0,1
"E00129215",1,0,1
"E00129216",6,3,3
"E00129217",4,2,2
"E00129219",7,4,3
"E00129220",0,0,0
"E00129221",3,1,2
"E00129222",5,0,5
"E00129223",0,0,0
"E00129224",1,0,1
"E00129225",0,0,0
"E00129226",4,2,2
"E00129227",14,5,9
"E00129228",4,2,2
"E00129229",8,2,6
"E00129230",2,0,2
"E00129231",0,0,0
"E00129232",0,0,0
"E00129233",7,4,3
"E00129234",0,0,0
"E00129235",3,3,0
"E00129236",1,0,1
"E00129237",8,5,3
"E00129238",9,3,6
"E00129239",6,5,1
"E00129240",7,3,4
"E00129241",0,0,0
"E00129242",9,6,3
"E00129243",0,0,0
"E00129244",2,2,0
"E00129245",3,1,2
"E00129246",5,3,2
"E00129247",5,2,3
"E00129248",1,1,0
"E00129249",8,5,3
"E00129250",0,0,0
"E00129251",3,2,1
"E00129252",7,3,4
"E00129253",11,7,4
"E00129254",3,2,1
"E00129255",8,1,7
"E00129256",6,3,3
"E00129257",6,2,4
"E00129258",3,2,1
"E00129259",3,1,2
"E00129260",3,1,2
"E00129261",0,0,0
"E00129262",4,2,2
"E00129263",4,2,2
"E00129264",3,1,2
"E00129265",5,2,3
"E00129266",1,0,1
"E00129267",4,2,2
"E00129268",4,0,4
"E00129269",2,1,1
"E00129270",8,4,4
"E00129271",8,3,5
"E00129272",4,3,1
"E00129273",4,2,2
"E00129274",6,3,3
"E00129275",6,2,4
"E00129276",10,8,2
"E00129277",5,2,3
"E00129278",7,4,3
"E00129279",1,1,0
"E00129280",8,4,4
"E00129281",6,2,4
"E00129282",4,1,3
"E00129283",5,4,1
"E00129284",5,2,3
"E00129285",5,3,2
"E00129286",4,0,4
"E00129287",3,2,1
"E00129288",18,7,11
"E00129289",6,3,3
"E00129290",9,5,4
"E00129291",1,0,1
"E00129292",4,3,1
"E00129293",8,6,2
"E00129294",7,4,3
"E00129295",7,4,3
"E00129296",9,8,1
"E00129297",16,9,7
"E00129298",1,0,1
"E00129299",3,1,2
"E00129300",4,2,2
"E00129301",5,3,2
"E00129302",4,1,3
"E00129303",6,3,3
"E00129304",4,2,2
"E00129305",7,4,3
"E00129306",1,1,0
"E00129307",0,0,0
"E00129308",1,1,0
"E00129309",1,0,1
"E00129310",3,0,3
"E00129311",0,0,0
"E00129312",0,0,0
"E00129313",4,1,3
"E00129314",1,0,1
"E00129315",1,0,1
"E00129316",3,1,2
"E00129317",0,0,0
"E00129318",1,1,0
"E00129319",2,1,1
"E00129320",0,0,0
"E00129321",1,1,0
"E00129322",1,1,0
"E00129323",2,0,2
"E00129324",9,6,3
"E00129325",5,4,1
"E00129326",4,1,3
"E00129327",4,1,3
"E00129328",8,3,5
"E00129329",2,0,2
"E00129330",0,0,0
"E00129331",7,2,5
"E00129332",1,0,1
"E00129333",0,0,0
"E00129334",10,3,7
"E00129335",2,2,0
"E00129336",6,4,2
"E00129337",1,0,1
"E00129338",6,1,5
"E00129339",1,1,0
"E00129340",0,0,0
"E00129341",7,4,3
"E00129342",2,1,1
"E00129343",2,0,2
"E00129344",2,2,0
"E00129345",3,1,2
"E00129346",8,4,4
"E00129347",6,2,4
"E00129348",1,0,1
"E00129349",3,1,2
"E00129350",2,1,1
"E00129351",7,6,1
"E00129352",3,2,1
"E00129353",11,1,10
"E00129354",9,4,5
"E00129355",5,3,2
"E00129356",6,4,2
"E00129357",5,2,3
"E00129358",21,8,13
"E00129359",12,6,6
"E00129360",4,2,2
"E00129362",0,0,0
"E00129363",5,2,3
"E00129364",5,3,2
"E00129365",15,7,8
"E00129366",0,0,0
"E00129367",2,0,2
"E00129368",7,5,2
"E00129369",1,0,1
"E00129370",0,0,0
"E00129371",3,1,2
"E00129372",2,2,0
"E00129373",1,0,1
"E00129374",0,0,0
"E00129375",0,0,0
"E00129376",4,1,3
"E00129377",1,0,1
"E00129378",0,0,0
"E00129379",2,1,1
"E00129380",6,2,4
"E00129381",2,1,1
"E00129382",5,4,1
"E00129383",6,5,1
"E00129384",6,3,3
"E00129385",1,0,1
"E00129386",4,1,3
"E00129387",3,1,2
"E00129388",0,0,0
"E00129389",9,6,3
"E00129390",1,0,1
"E00129391",2,0,2
"E00129392",1,1,0
"E00129393",12,4,8
"E00129394",4,1,3
"E00129395",2,1,1
"E00129396",3,1,2
"E00129397",3,1,2
"E00129398",4,3,1
"E00129399",0,0,0
"E00129400",6,0,6
"E00129401",0,0,0
"E00129402",0,0,0
"E00129403",2,2,0
"E00129404",4,2,2
"E00129405",1,1,0
"E00129406",1,0,1
"E00129407",5,2,3
"E00129408",4,1,3
"E00129409",3,1,2
"E00129410",0,0,0
"E00129411",2,0,2
"E00129412",8,6,2
"E00129413",3,2,1
"E00129414",7,3,4
"E00129415",5,4,1
"E00129416",5,3,2
"E00129417",5,3,2
"E00129418",4,2,2
"E00129419",7,7,0
"E00129420",2,1,1
"E00129421",2,2,0
"E00129422",1,0,1
"E00129423",0,0,0
"E00129424",1,0,1
"E00129425",1,0,1
"E00129426",3,2,1
"E00129427",0,0,0
"E00129428",5,3,2
"E00129429",0,0,0
"E00129430",0,0,0
"E00129431",2,1,1
"E00129432",2,2,0
"E00129433",5,2,3
"E00129434",4,1,3
"E00129435",6,2,4
"E00129436",8,4,4
"E00129437",17,7,10
"E00129438",5,3,2
"E00129439",1,1,0
"E00129440",2,2,0
"E00129441",10,4,6
"E00129442",1,0,1
"E00129443",4,2,2
"E00129444",2,1,1
"E00129445",5,4,1
"E00129446",2,0,2
"E00129447",0,0,0
"E00129448",7,4,3
"E00129449",5,3,2
"E00129450",3,2,1
"E00129451",3,3,0
"E00129452",10,3,7
"E00129453",4,1,3
"E00129454",8,4,4
"E00129455",7,5,2
"E00129456",3,0,3
"E00129457",7,3,4
"E00129458",3,1,2
"E00129459",0,0,0
"E00129460",2,1,1
"E00129461",3,2,1
"E00129462",10,3,7
"E00129463",7,2,5
"E00129464",6,4,2
"E00129465",9,5,4
"E00129466",11,4,7
"E00129467",7,4,3
"E00129468",3,1,2
"E00129469",3,2,1
"E00129470",5,2,3
"E00129471",6,2,4
"E00129472",5,4,1
"E00129473",1,0,1
"E00129474",3,2,1
"E00129475",1,1,0
"E00129476",3,3,0
"E00129477",1,0,1
"E00129478",0,0,0
"E00129479",4,3,1
"E00129480",8,6,2
"E00129481",2,2,0
"E00129482",4,1,3
"E00129483",0,0,0
"E00129484",2,2,0
"E00129485",6,3,3
"E00129486",3,2,1
"E00129487",2,1,1
"E00129488",6,3,3
"E00129489",1,0,1
"E00129490",1,0,1
"E00129491",3,1,2
"E00129492",2,1,1
"E00129493",6,1,5
"E00129494",6,2,4
"E00129495",6,3,3
"E00129496",8,4,4
"E00129497",10,5,5
"E00129498",1,1,0
"E00129499",4,2,2
"E00129500",4,2,2
"E00129501",3,1,2
"E00129502",2,2,0
"E00129503",6,1,5
"E00129504",0,0,0
"E00129505",4,2,2
"E00129506",0,0,0
"E00129507",1,0,1
"E00129508",4,2,2
"E00129509",0,0,0
"E00129510",0,0,0
"E00129511",1,0,1
"E00129512",7,1,6
"E00129513",0,0,0
"E00129514",3,2,1
"E00129515",3,1,2
"E00129516",0,0,0
"E00129517",0,0,0
"E00129518",0,0,0
"E00129519",5,1,4
"E00129520",0,0,0
"E00129521",1,0,1
"E00129522",4,0,4
"E00129523",2,0,2
"E00129524",2,0,2
"E00129525",2,0,2
"E00129526",3,2,1
"E00129527",0,0,0
"E00129528",3,1,2
"E00129529",1,0,1
"E00129530",5,2,3
"E00129531",0,0,0
"E00129532",3,2,1
"E00129533",1,1,0
"E00129534",0,0,0
"E00129535",11,7,4
"E00129536",0,0,0
"E00129537",0,0,0
"E00129538",4,2,2
"E00129539",2,0,2
"E00129540",2,2,0
"E00129541",0,0,0
"E00129542",3,0,3
"E00129545",3,2,1
"E00129546",0,0,0
"E00129547",1,0,1
"E00129548",3,0,3
"E00129549",11,10,1
"E00129550",4,1,3
"E00129551",5,1,4
"E00129552",3,2,1
"E00129553",2,1,1
"E00129554",8,3,5
"E00129555",5,2,3
"E00129556",5,3,2
"E00129557",4,2,2
"E00129558",5,1,4
"E00129559",1,0,1
"E00129560",2,1,1
"E00129561",2,0,2
"E00129562",9,6,3
"E00129563",1,0,1
"E00129564",0,0,0
"E00129565",6,5,1
"E00129566",4,0,4
"E00129567",0,0,0
"E00129568",2,1,1
"E00129569",4,2,2
"E00129570",5,2,3
"E00129571",6,1,5
"E00129572",1,1,0
"E00129573",2,2,0
"E00129574",3,1,2
"E00129575",9,3,6
"E00129576",3,1,2
"E00129577",1,0,1
"E00129578",5,3,2
"E00129579",2,2,0
"E00129580",0,0,0
"E00129581",6,3,3
"E00129582",3,1,2
"E00129583",2,1,1
"E00129584",1,0,1
"E00129585",1,0,1
"E00129586",4,1,3
"E00129587",6,1,5
"E00129588",3,2,1
"E00129589",5,3,2
"E00129590",7,4,3
"E00129591",0,0,0
"E00129592",1,0,1
"E00129593",1,0,1
"E00129594",11,5,6
"E00129595",5,1,4
"E00129596",12,7,5
"E00129597",0,0,0
"E00129598",5,3,2
"E00129599",6,2,4
"E00129600",8,5,3
"E00129601",3,1,2
"E00129602",1,0,1
"E00129603",4,2,2
"E00129604",3,2,1
"E00129605",2,0,2
"E00129606",8,5,3
"E00129607",1,1,0
"E00129608",6,3,3
"E00129609",0,0,0
"E00129610",6,5,1
"E00129611",1,1,0
"E00129612",2,2,0
"E00129613",2,2,0
"E00129614",1,1,0
"E00129615",4,1,3
"E00129616",3,2,1
"E00129617",7,2,5
"E00129618",5,2,3
"E00129619",2,0,2
"E00129620",2,1,1
"E00129621",4,2,2
"E00129622",11,3,8
"E00129623",1,1,0
"E00129624",6,1,5
"E00129625",3,2,1
"E00129626",5,4,1
"E00129628",9,4,5
"E00129629",8,2,6
"E00129630",2,1,1
"E00129631",1,1,0
"E00129632",8,6,2
"E00129633",7,4,3
"E00129634",5,3,2
"E00129635",8,6,2
"E00129637",2,2,0
"E00129638",0,0,0
"E00129639",2,1,1
"E00129640",2,1,1
"E00129641",3,1,2
"E00129642",0,0,0
"E00129643",2,0,2
"E00129644",3,0,3
"E00129646",8,5,3
"E00129647",5,5,0
"E00129648",14,10,4
"E00129649",5,3,2
"E00129650",7,2,5
"E00129651",7,2,5
"E00129652",5,2,3
"E00129653",7,1,6
"E00129654",0,0,0
"E00129655",0,0,0
"E00129656",8,2,6
"E00129657",2,2,0
"E00129658",4,4,0
"E00129659",4,3,1
"E00129660",6,2,4
"E00129661",3,2,1
"E00129662",5,5,0
"E00129663",5,5,0
"E00129664",2,1,1
"E00129665",6,1,5
"E00129666",10,6,4
"E00129667",9,6,3
"E00129668",3,1,2
"E00129669",7,4,3
"E00129670",5,2,3
"E00129671",6,4,2
"E00129672",0,0,0
"E00129673",3,2,1
"E00129674",0,0,0
"E00129675",2,2,0
"E00129676",0,0,0
"E00129677",0,0,0
"E00129678",1,0,1
"E00129679",0,0,0
"E00129680",1,0,1
"E00129681",2,1,1
"E00129682",0,0,0
"E00129683",2,1,1
"E00129684",1,1,0
"E00129685",1,1,0
"E00129686",2,0,2
"E00129687",6,2,4
"E00129688",5,3,2
"E00129689",1,0,1
"E00129690",7,4,3
"E00129691",4,2,2
"E00129692",3,2,1
"E00129693",10,5,5
"E00129694",2,1,1
"E00129695",5,5,0
"E00129696",8,4,4
"E00129697",5,1,4
"E00129698",2,2,0
"E00129699",4,3,1
"E00129700",4,2,2
"E00129701",1,0,1
"E00129702",3,2,1
"E00129703",0,0,0
"E00129704",0,0,0
"E00129705",6,3,3
"E00129706",6,2,4
"E00129707",6,3,3
"E00129708",4,0,4
"E00129709",2,0,2
"E00129710",2,0,2
"E00129711",5,3,2
"E00129712",8,5,3
"E00129713",10,5,5
"E00129714",4,3,1
"E00129715",3,2,1
"E00129716",5,4,1
"E00129717",7,3,4
"E00129718",2,1,1
"E00129719",5,3,2
"E00129720",5,2,3
"E00129721",7,3,4
"E00129722",5,3,2
"E00129723",3,2,1
"E00129724",4,1,3
"E00129725",1,0,1
"E00129726",1,1,0
"E00129727",4,1,3
"E00129728",0,0,0
"E00129729",4,4,0
"E00129730",5,1,4
"E00129731",0,0,0
"E00129732",4,1,3
"E00129733",8,5,3
"E00129734",3,3,0
"E00129735",16,9,7
"E00129736",10,6,4
"E00129737",1,0,1
"E00129738",4,2,2
"E00129739",10,5,5
"E00129740",3,3,0
"E00129741",4,2,2
"E00129742",2,0,2
"E00129743",11,7,4
"E00129744",9,0,9
"E00129745",3,1,2
"E00129746",10,3,7
"E00129747",1,1,0
"E00129748",5,2,3
"E00129749",0,0,0
"E00129750",2,2,0
"E00129751",4,3,1
"E00129752",2,1,1
"E00129753",1,0,1
"E00129754",3,2,1
"E00129755",4,1,3
"E00129756",4,4,0
"E00129757",1,0,1
"E00129758",3,0,3
"E00129759",0,0,0
"E00129760",8,2,6
"E00129761",2,0,2
"E00129762",4,1,3
"E00129763",5,3,2
"E00129764",1,1,0
"E00129765",0,0,0
"E00129766",2,0,2
"E00129767",1,1,0
"E00129768",0,0,0
"E00129769",1,1,0
"E00129770",2,2,0
"E00129771",1,0,1
"E00129772",4,4,0
"E00129773",0,0,0
"E00129774",3,2,1
"E00129775",3,2,1
"E00129776",2,1,1
"E00129777",1,0,1
"E00129778",0,0,0
"E00129779",0,0,0
"E00129780",1,0,1
"E00129781",1,0,1
"E00129782",1,0,1
"E00129783",3,2,1
"E00129784",6,4,2
"E00129785",1,0,1
"E00129786",2,0,2
"E00129787",1,1,0
"E00129788",4,1,3
"E00129789",1,1,0
"E00129790",0,0,0
"E00129791",1,0,1
"E00129792",0,0,0
"E00129793",2,0,2
"E00129794",4,1,3
"E00129795",3,1,2
"E00129796",5,2,3
"E00129797",2,1,1
"E00129798",6,3,3
"E00129799",4,3,1
"E00129800",5,3,2
"E00129801",2,2,0
"E00129802",1,0,1
"E00129803",2,1,1
"E00129804",2,1,1
"E00129805",7,4,3
"E00129806",0,0,0
"E00129807",4,1,3
"E00129808",0,0,0
"E00129809",2,1,1
"E00129810",1,0,1
"E00129811",5,3,2
"E00129812",3,2,1
"E00129813",1,1,0
"E00129814",7,3,4
"E00129815",4,3,1
"E00129816",1,0,1
"E00129817",0,0,0
"E00129818",1,0,1
"E00129819",1,0,1
"E00129820",0,0,0
"E00129821",6,5,1
"E00129822",0,0,0
"E00129823",0,0,0
"E00129824",1,0,1
"E00129825",0,0,0
"E00129826",6,1,5
"E00129827",2,2,0
"E00129828",1,1,0
"E00129829",0,0,0
"E00129830",2,1,1
"E00129831",3,1,2
"E00129832",4,3,1
"E00129833",4,2,2
"E00129834",1,0,1
"E00129835",2,1,1
"E00129836",3,2,1
"E00129837",2,0,2
"E00129838",1,0,1
"E00129839",2,2,0
"E00129840",8,4,4
"E00129841",6,2,4
"E00129842",6,3,3
"E00129843",3,1,2
"E00129844",3,1,2
"E00129845",0,0,0
"E00129846",4,1,3
"E00129848",4,2,2
"E00129849",3,2,1
"E00129850",1,0,1
"E00129851",0,0,0
"E00129852",7,4,3
"E00129853",2,2,0
"E00129854",6,4,2
"E00129855",3,0,3
"E00129856",4,1,3
"E00129857",1,0,1
"E00129858",3,1,2
"E00129859",5,3,2
"E00129860",0,0,0
"E00129861",1,0,1
"E00129862",1,0,1
"E00129863",0,0,0
"E00129864",3,3,0
"E00129865",4,2,2
"E00129866",0,0,0
"E00129867",0,0,0
"E00129868",2,0,2
"E00129869",5,2,3
"E00129870",6,2,4
"E00129871",3,1,2
"E00129873",3,2,1
"E00129874",1,0,1
"E00129875",0,0,0
"E00129876",1,0,1
"E00129877",0,0,0
"E00129878",1,0,1
"E00129879",0,0,0
"E00129880",1,1,0
"E00129881",1,0,1
"E00129882",1,1,0
"E00129883",4,3,1
"E00129884",0,0,0
"E00129885",1,1,0
"E00129886",3,2,1
"E00129887",13,5,8
"E00129888",3,2,1
"E00129889",7,5,2
"E00129890",3,1,2
"E00129892",1,1,0
"E00129893",4,1,3
"E00129894",6,4,2
"E00129895",0,0,0
"E00129896",5,2,3
"E00129897",2,1,1
"E00129898",3,3,0
"E00129899",4,2,2
"E00129900",1,0,1
"E00129901",5,2,3
"E00129902",4,2,2
"E00129903",4,1,3
"E00129904",2,2,0
"E00129905",8,7,1
"E00129906",4,3,1
"E00129907",4,1,3
"E00129908",11,3,8
"E00129909",1,0,1
"E00129910",4,2,2
"E00129911",7,3,4
"E00129912",0,0,0
"E00129913",2,0,2
"E00129914",4,3,1
"E00129915",1,0,1
"E00129916",8,5,3
"E00129917",10,4,6
"E00129918",3,2,1
"E00129919",0,0,0
"E00129920",4,1,3
"E00129921",0,0,0
"E00129922",4,3,1
"E00129923",3,1,2
"E00129924",5,3,2
"E00129925",1,1,0
"E00129926",9,6,3
"E00129927",5,2,3
"E00129928",3,2,1
"E00129929",3,1,2
"E00129930",3,1,2
"E00129931",5,2,3
"E00129932",7,2,5
"E00129933",3,3,0
"E00129934",10,4,6
"E00129935",3,0,3
"E00129936",5,0,5
"E00129937",8,6,2
"E00129938",5,2,3
"E00129939",0,0,0
"E00129940",8,4,4
"E00129941",2,1,1
"E00129942",3,1,2
"E00129943",3,2,1
"E00129944",5,2,3
"E00129945",6,2,4
"E00129946",3,3,0
"E00129947",1,1,0
"E00129948",1,0,1
"E00129949",4,4,0
"E00129950",3,2,1
"E00129951",2,0,2
"E00129952",7,2,5
"E00129953",0,0,0
"E00129954",1,0,1
"E00129955",4,2,2
"E00129956",0,0,0
"E00129957",0,0,0
"E00129958",5,2,3
"E00129959",1,1,0
"E00129960",3,2,1
"E00129961",8,4,4
"E00129962",7,4,3
"E00129963",9,5,4
"E00129964",6,2,4
"E00129965",7,6,1
"E00129966",3,2,1
"E00129967",4,1,3
"E00129968",3,0,3
"E00129969",5,2,3
"E00129970",6,2,4
"E00129971",2,2,0
"E00129972",2,0,2
"E00129973",4,2,2
"E00129974",2,2,0
"E00129975",1,1,0
"E00129976",4,3,1
"E00129977",3,1,2
"E00129978",3,1,2
"E00129979",6,4,2
"E00129980",3,2,1
"E00129981",1,1,0
"E00129982",7,4,3
"E00129983",3,3,0
"E00129984",10,4,6
"E00129985",7,4,3
"E00129986",0,0,0
"E00129987",2,0,2
"E00129988",8,3,5
"E00129989",10,6,4
"E00129990",4,1,3
"E00129991",9,4,5
"E00129992",3,1,2
"E00129993",1,0,1
"E00129994",11,7,4
"E00129995",7,4,3
"E00129996",3,1,2
"E00129997",8,2,6
"E00129998",5,3,2
"E00129999",1,1,0
"E00130000",6,4,2
"E00130001",4,1,3
"E00130002",6,4,2
"E00130003",1,1,0
"E00130004",1,0,1
"E00130005",4,4,0
"E00130006",7,4,3
"E00130007",5,1,4
"E00130008",5,3,2
"E00130009",5,2,3
"E00130010",6,3,3
"E00130011",4,2,2
"E00130012",12,4,8
"E00130013",1,1,0
"E00130014",8,6,2
"E00130015",3,2,1
"E00130016",5,2,3
"E00130017",5,4,1
"E00130018",6,2,4
"E00130019",3,2,1
"E00130020",0,0,0
"E00130021",4,2,2
"E00130022",3,2,1
"E00130023",1,0,1
"E00130024",0,0,0
"E00130025",0,0,0
"E00130026",1,0,1
"E00130027",3,3,0
"E00130028",3,2,1
"E00130029",7,3,4
"E00130030",8,4,4
"E00130031",3,0,3
"E00130032",7,1,6
"E00130033",5,4,1
"E00130034",5,3,2
"E00130035",1,0,1
"E00130036",0,0,0
"E00130037",7,2,5
"E00130038",5,2,3
"E00130039",3,2,1
"E00130040",2,1,1
"E00130041",4,4,0
"E00130042",4,1,3
"E00130043",1,1,0
"E00130044",3,0,3
"E00130045",4,3,1
"E00130046",1,0,1
"E00130047",3,2,1
"E00130048",0,0,0
"E00130049",5,1,4
"E00130050",1,0,1
"E00130051",0,0,0
"E00130052",1,0,1
"E00130053",3,2,1
"E00130054",5,0,5
"E00130055",0,0,0
"E00130056",2,0,2
"E00130057",4,3,1
"E00130058",5,1,4
"E00130059",12,3,9
"E00130060",0,0,0
"E00130062",2,1,1
"E00130063",1,1,0
"E00130064",3,1,2
"E00130065",5,2,3
"E00130066",2,0,2
"E00130067",5,1,4
"E00130068",1,1,0
"E00130069",6,3,3
"E00130070",2,1,1
"E00130071",4,3,1
"E00130072",4,3,1
"E00130073",0,0,0
"E00130074",0,0,0
"E00130075",6,3,3
"E00130076",2,1,1
"E00130077",7,3,4
"E00130078",1,1,0
"E00130079",1,0,1
"E00130080",6,2,4
"E00130081",6,2,4
"E00130082",12,4,8
"E00130083",17,6,11
"E00130084",11,5,6
"E00130085",5,2,3
"E00130086",9,4,5
"E00130087",3,2,1
"E00130088",4,2,2
"E00130089",8,4,4
"E00130090",8,4,4
"E00130092",3,1,2
"E00130093",2,1,1
"E00130094",4,1,3
"E00130095",4,2,2
"E00130096",4,2,2
"E00130097",2,1,1
"E00130098",1,1,0
"E00130099",2,1,1
"E00130100",9,5,4
"E00130101",7,3,4
"E00130102",9,4,5
"E00130103",2,1,1
"E00130104",2,1,1
"E00130105",3,3,0
"E00130106",6,3,3
"E00130107",8,4,4
"E00130108",14,6,8
"E00130109",1,0,1
"E00130110",3,0,3
"E00130111",6,1,5
"E00130112",1,1,0
"E00130113",4,2,2
"E00130114",0,0,0
"E00130115",3,3,0
"E00130116",6,4,2
"E00130117",0,0,0
"E00130118",2,1,1
"E00130119",4,3,1
"E00130120",3,1,2
"E00130121",4,3,1
"E00130122",3,1,2
"E00130123",3,1,2
"E00130124",5,2,3
"E00130125",6,2,4
"E00130126",9,5,4
"E00130127",3,0,3
"E00130128",0,0,0
"E00130129",3,1,2
"E00130130",6,3,3
"E00130131",7,2,5
"E00130132",5,2,3
"E00130133",4,2,2
"E00130134",4,3,1
"E00130135",6,2,4
"E00130136",8,6,2
"E00130137",8,4,4
"E00130138",6,2,4
"E00130139",4,2,2
"E00130140",5,2,3
"E00130141",4,1,3
"E00130142",3,0,3
"E00130143",1,0,1
"E00130144",4,2,2
"E00130145",3,0,3
"E00130146",6,1,5
"E00130147",11,6,5
"E00130148",5,4,1
"E00130149",6,4,2
"E00130150",2,1,1
"E00130151",5,2,3
"E00130152",1,0,1
"E00130153",4,2,2
"E00130154",5,3,2
"E00130155",11,5,6
"E00130156",0,0,0
"E00130157",1,0,1
"E00130158",1,1,0
"E00130159",11,6,5
"E00130160",5,2,3
"E00130161",6,4,2
"E00130162",12,4,8
"E00130163",6,1,5
"E00130164",7,3,4
"E00130165",6,4,2
"E00130166",4,1,3
"E00130167",3,2,1
"E00130168",3,2,1
"E00130169",5,2,3
"E00130170",2,1,1
"E00130171",7,4,3
"E00130172",5,2,3
"E00130173",1,0,1
"E00130174",1,0,1
"E00130175",4,0,4
"E00130176",5,3,2
"E00130177",6,4,2
"E00130178",4,3,1
"E00130179",2,0,2
"E00130180",4,1,3
"E00130181",2,0,2
"E00130182",2,1,1
"E00130183",1,1,0
"E00130184",1,0,1
"E00130185",5,4,1
"E00130186",1,1,0
"E00130187",3,0,3
"E00130188",0,0,0
"E00130189",7,5,2
"E00130190",6,3,3
"E00130191",3,1,2
"E00130192",5,5,0
"E00130193",2,0,2
"E00130194",3,2,1
"E00130195",2,1,1
"E00130196",5,2,3
"E00130197",6,4,2
"E00130198",10,3,7
"E00130199",5,3,2
"E00130200",2,0,2
"E00130201",5,2,3
"E00130202",10,9,1
"E00130203",3,3,0
"E00130204",4,3,1
"E00130206",9,6,3
"E00130207",9,5,4
"E00130208",2,2,0
"E00130209",4,2,2
"E00130210",4,2,2
"E00130212",4,2,2
"E00130213",6,3,3
"E00130214",0,0,0
"E00130215",6,2,4
"E00130216",0,0,0
"E00130217",1,1,0
"E00130218",3,2,1
"E00130219",0,0,0
"E00130220",2,1,1
"E00130221",0,0,0
"E00130222",1,0,1
"E00130223",10,3,7
"E00130224",2,1,1
"E00130225",2,2,0
"E00130226",9,4,5
"E00130227",8,3,5
"E00130228",4,4,0
"E00130229",7,2,5
"E00130230",3,2,1
"E00130231",3,1,2
"E00130232",2,2,0
"E00130233",0,0,0
"E00130234",4,1,3
"E00130235",4,2,2
"E00130236",3,0,3
"E00130237",9,6,3
"E00130239",2,0,2
"E00130240",9,6,3
"E00130241",2,0,2
"E00130242",0,0,0
"E00130243",3,1,2
"E00130244",3,1,2
"E00130245",0,0,0
"E00130246",5,0,5
"E00130247",1,0,1
"E00130249",3,2,1
"E00130250",0,0,0
"E00130251",1,0,1
"E00130252",2,2,0
"E00130253",2,1,1
"E00130254",4,0,4
"E00130255",4,2,2
"E00130256",3,2,1
"E00130257",4,2,2
"E00130258",3,0,3
"E00130259",5,1,4
"E00130260",4,0,4
"E00130261",0,0,0
"E00130262",2,0,2
"E00130263",2,0,2
"E00130264",4,1,3
"E00130265",7,3,4
"E00130266",9,5,4
"E00130267",3,1,2
"E00130268",2,0,2
"E00130269",2,0,2
"E00130270",1,0,1
"E00130272",0,0,0
"E00130273",3,2,1
"E00130274",3,2,1
"E00130276",0,0,0
"E00130277",9,2,7
"E00130278",10,9,1
"E00130279",1,1,0
"E00130280",6,3,3
"E00130281",0,0,0
"E00130282",8,4,4
"E00130283",5,2,3
"E00130284",4,1,3
"E00130285",1,1,0
"E00130286",0,0,0
"E00130288",3,2,1
"E00130289",5,4,1
"E00130290",6,2,4
"E00130291",6,4,2
"E00130292",5,2,3
"E00130293",7,6,1
"E00130294",0,0,0
"E00130295",9,5,4
"E00130296",9,4,5
"E00130297",5,2,3
"E00130298",5,3,2
"E00130299",3,2,1
"E00130300",10,6,4
"E00130301",5,4,1
"E00130302",7,3,4
"E00130303",5,3,2
"E00130304",9,4,5
"E00130305",7,4,3
"E00130306",12,10,2
"E00130307",9,3,6
"E00130308",3,1,2
"E00130310",5,1,4
"E00130311",0,0,0
"E00130312",3,1,2
"E00130313",9,6,3
"E00130314",10,6,4
"E00130315",6,2,4
"E00130316",5,3,2
"E00130317",0,0,0
"E00130318",2,1,1
"E00130319",2,2,0
"E00130320",2,2,0
"E00130321",1,0,1
"E00130322",1,0,1
"E00130323",3,0,3
"E00130324",2,1,1
"E00130325",3,2,1
"E00130326",5,2,3
"E00130327",6,3,3
"E00130328",1,0,1
"E00130329",4,3,1
"E00130330",8,4,4
"E00130331",2,0,2
"E00130332",7,4,3
"E00130333",7,2,5
"E00130334",1,1,0
"E00130336",2,1,1
"E00130337",10,4,6
"E00130338",5,1,4
"E00130339",9,2,7
"E00130340",11,2,9
"E00130341",7,5,2
"E00130342",6,4,2
"E00130343",6,4,2
"E00130344",7,4,3
"E00130345",2,1,1
"E00130346",6,6,0
"E00130347",3,2,1
"E00130349",12,8,4
"E00130350",5,3,2
"E00130351",6,3,3
"E00130352",3,2,1
"E00130353",4,3,1
"E00130354",2,2,0
"E00130356",68,46,22
"E00130357",2,1,1
"E00130358",2,0,2
"E00130359",0,0,0
"E00130361",7,2,5
"E00130362",0,0,0
"E00130363",5,2,3
"E00130365",5,1,4
"E00130366",5,1,4
"E00130367",7,2,5
"E00130368",10,6,4
"E00130369",6,2,4
"E00130370",4,3,1
"E00130371",4,2,2
"E00130372",3,2,1
"E00130373",0,0,0
"E00130374",5,2,3
"E00130375",0,0,0
"E00130376",5,1,4
"E00130377",3,1,2
"E00130378",4,3,1
"E00130379",5,3,2
"E00130380",1,1,0
"E00130381",5,5,0
"E00130382",2,1,1
"E00130383",0,0,0
"E00130384",6,2,4
"E00130385",8,4,4
"E00130386",5,2,3
"E00130387",12,8,4
"E00130388",4,4,0
"E00130389",12,8,4
"E00130390",8,6,2
"E00130391",0,0,0
"E00130392",4,4,0
"E00130393",1,1,0
"E00130394",1,1,0
"E00130395",7,5,2
"E00130396",7,1,6
"E00130397",9,5,4
"E00130398",11,5,6
"E00130399",0,0,0
"E00130400",6,5,1
"E00130401",3,1,2
"E00130402",3,1,2
"E00130404",1,1,0
"E00130405",1,0,1
"E00130406",1,0,1
"E00130407",1,0,1
"E00130408",1,1,0
"E00130409",9,3,6
"E00130410",5,3,2
"E00130411",5,2,3
"E00130412",3,1,2
"E00130413",3,1,2
"E00130414",3,2,1
"E00130415",0,0,0
"E00130416",0,0,0
"E00130417",4,2,2
"E00130418",1,0,1
"E00130419",8,5,3
"E00130420",2,2,0
"E00130421",5,4,1
"E00130422",1,0,1
"E00130423",15,4,11
"E00130424",1,1,0
"E00130425",1,0,1
"E00130426",3,2,1
"E00130427",4,2,2
"E00130428",3,2,1
"E00130429",6,1,5
"E00130430",5,4,1
"E00130431",1,1,0
"E00130433",6,5,1
"E00130434",3,0,3
"E00130435",1,1,0
"E00130436",0,0,0
"E00130437",5,3,2
"E00130438",10,5,5
"E00130439",7,5,2
"E00130441",6,2,4
"E00130442",0,0,0
"E00130443",7,6,1
"E00130444",11,8,3
"E00130445",8,4,4
"E00130447",8,6,2
"E00130448",7,6,1
"E00130449",2,2,0
"E00130450",6,3,3
"E00130451",14,7,7
"E00130452",13,8,5
"E00130453",9,5,4
"E00130454",3,2,1
"E00130455",10,6,4
"E00130456",1,1,0
"E00130457",4,3,1
"E00130458",26,11,15
"E00130459",1,1,0
"E00130460",4,1,3
"E00130461",6,1,5
"E00130462",1,1,0
"E00130463",12,5,7
"E00130464",4,3,1
"E00130465",3,2,1
"E00130466",6,3,3
"E00130467",8,6,2
"E00130468",6,3,3
"E00130469",5,2,3
"E00130470",1,0,1
"E00130471",1,1,0
"E00130472",14,8,6
"E00130473",0,0,0
"E00130475",3,2,1
"E00130476",3,2,1
"E00130477",2,1,1
"E00130478",8,3,5
"E00130480",3,1,2
"E00130481",0,0,0
"E00130482",1,1,0
"E00130483",3,1,2
"E00130484",4,1,3
"E00130485",0,0,0
"E00130486",2,1,1
"E00130487",5,3,2
"E00130488",7,3,4
"E00130489",2,1,1
"E00130491",5,3,2
"E00130492",3,1,2
"E00130493",14,9,5
"E00130495",5,0,5
"E00130496",7,4,3
"E00130497",4,2,2
"E00130498",0,0,0
"E00130499",10,4,6
"E00130500",9,3,6
"E00130501",10,3,7
"E00130502",9,3,6
"E00130503",3,0,3
"E00130504",9,4,5
"E00130505",7,5,2
"E00130506",1,1,0
"E00130507",1,0,1
"E00130508",0,0,0
"E00130509",5,4,1
"E00130510",0,0,0
"E00130511",6,3,3
"E00130512",6,2,4
"E00130513",1,1,0
"E00130514",1,1,0
"E00130515",5,1,4
"E00130516",1,0,1
"E00130517",6,3,3
"E00130518",5,4,1
"E00130519",2,1,1
"E00130521",4,1,3
"E00130522",1,0,1
"E00130523",5,5,0
"E00130524",15,7,8
"E00130525",3,2,1
"E00130526",2,1,1
"E00130527",4,1,3
"E00130528",5,3,2
"E00130529",2,2,0
"E00130530",5,4,1
"E00130531",4,1,3
"E00130532",7,4,3
"E00130533",0,0,0
"E00130534",3,1,2
"E00130535",0,0,0
"E00130536",3,0,3
"E00130537",1,0,1
"E00130538",7,4,3
"E00130539",0,0,0
"E00130540",0,0,0
"E00130541",1,0,1
"E00130542",2,1,1
"E00130543",2,2,0
"E00130544",3,1,2
"E00130545",2,1,1
"E00130546",0,0,0
"E00130547",7,4,3
"E00130548",7,3,4
"E00130549",7,2,5
"E00130550",8,5,3
"E00130551",3,1,2
"E00130552",5,1,4
"E00130553",6,4,2
"E00130554",2,2,0
"E00130555",4,3,1
"E00130556",7,5,2
"E00130557",0,0,0
"E00130558",9,5,4
"E00130559",11,8,3
"E00130560",10,7,3
"E00130561",1,1,0
"E00130562",10,3,7
"E00130563",14,9,5
"E00130564",3,3,0
"E00130565",7,2,5
"E00130566",3,2,1
"E00130567",7,4,3
"E00130568",6,2,4
"E00130569",3,1,2
"E00130570",1,1,0
"E00130571",2,1,1
"E00130572",3,3,0
"E00130573",8,4,4
"E00130574",9,4,5
"E00130575",6,4,2
"E00130576",2,0,2
"E00130577",6,5,1
"E00130578",2,1,1
"E00130579",23,16,7
"E00130580",8,6,2
"E00130581",16,8,8
"E00130582",13,8,5
"E00130583",9,4,5
"E00130584",6,3,3
"E00130585",0,0,0
"E00130586",10,7,3
"E00130587",11,6,5
"E00130588",6,5,1
"E00130589",1,0,1
"E00130590",11,4,7
"E00130591",5,3,2
"E00130592",5,5,0
"E00130593",5,4,1
"E00130594",5,4,1
"E00130595",6,3,3
"E00130596",5,1,4
"E00130597",3,2,1
"E00130598",1,0,1
"E00130599",0,0,0
"E00130600",4,1,3
"E00130601",4,3,1
"E00130602",6,4,2
"E00130603",1,1,0
"E00130604",4,1,3
"E00130605",8,6,2
"E00130606",6,3,3
"E00130607",3,1,2
"E00130608",10,4,6
"E00130609",7,2,5
"E00130610",0,0,0
"E00130611",7,3,4
"E00130612",2,2,0
"E00130613",3,3,0
"E00130614",7,2,5
"E00130615",2,2,0
"E00130616",1,0,1
"E00130617",5,3,2
"E00130618",4,2,2
"E00130620",1,1,0
"E00130621",6,2,4
"E00130622",7,4,3
"E00130623",9,4,5
"E00130624",3,1,2
"E00130625",7,1,6
"E00130626",1,1,0
"E00130627",5,3,2
"E00130628",3,2,1
"E00130629",0,0,0
"E00130630",4,2,2
"E00130631",2,2,0
"E00130632",1,1,0
"E00130633",2,2,0
"E00130634",2,0,2
"E00130635",2,2,0
"E00130636",6,5,1
"E00130637",2,1,1
"E00130638",5,3,2
"E00130639",3,1,2
"E00130640",3,0,3
"E00130641",1,0,1
"E00130642",4,2,2
"E00130643",5,3,2
"E00130644",2,1,1
"E00130645",9,6,3
"E00130646",9,3,6
"E00130647",1,1,0
"E00130648",3,0,3
"E00130649",4,3,1
"E00130650",2,0,2
"E00130651",4,3,1
"E00130652",4,4,0
"E00130653",8,6,2
"E00130654",2,1,1
"E00130655",4,1,3
"E00130656",2,2,0
"E00130658",3,1,2
"E00130659",5,1,4
"E00130661",10,4,6
"E00130662",6,5,1
"E00130663",1,0,1
"E00130664",2,1,1
"E00130665",0,0,0
"E00130666",2,0,2
"E00130667",2,1,1
"E00130668",5,2,3
"E00130669",4,0,4
"E00130670",1,0,1
"E00130671",0,0,0
"E00130672",2,1,1
"E00130673",1,1,0
"E00130674",1,1,0
"E00130675",3,0,3
"E00130676",2,2,0
"E00130677",3,0,3
"E00130678",8,2,6
"E00130680",10,4,6
"E00130681",11,6,5
"E00130683",8,4,4
"E00130684",0,0,0
"E00130685",3,3,0
"E00130686",7,4,3
"E00130687",0,0,0
"E00130688",1,0,1
"E00130689",0,0,0
"E00130690",3,0,3
"E00130691",0,0,0
"E00130692",5,1,4
"E00130693",3,2,1
"E00130694",0,0,0
"E00130695",4,2,2
"E00130696",12,6,6
"E00130697",10,5,5
"E00130698",4,2,2
"E00130699",10,3,7
"E00130700",6,1,5
"E00130701",11,7,4
"E00130702",13,6,7
"E00130703",7,3,4
"E00130704",5,1,4
"E00130705",3,0,3
"E00130706",11,8,3
"E00130707",8,4,4
"E00130708",0,0,0
"E00130709",3,1,2
"E00130710",0,0,0
"E00130711",2,2,0
"E00130712",0,0,0
"E00130713",3,1,2
"E00130714",1,0,1
"E00130715",7,2,5
"E00130716",1,0,1
"E00130717",0,0,0
"E00130718",7,4,3
"E00130719",1,0,1
"E00130720",5,3,2
"E00130721",6,2,4
"E00130723",5,3,2
"E00130724",2,1,1
"E00130725",2,0,2
"E00130726",0,0,0
"E00130727",6,3,3
"E00130728",5,1,4
"E00130729",5,3,2
"E00130730",6,2,4
"E00130731",6,4,2
"E00130732",2,1,1
"E00130733",4,2,2
"E00130734",6,2,4
"E00130735",6,2,4
"E00130736",10,6,4
"E00130737",4,3,1
"E00130738",10,7,3
"E00130739",5,0,5
"E00130740",3,1,2
"E00130741",8,6,2
"E00130742",3,1,2
"E00130743",11,5,6
"E00130744",4,3,1
"E00130745",8,5,3
"E00130746",9,4,5
"E00130747",6,3,3
"E00130748",7,5,2
"E00130749",5,1,4
"E00130750",9,3,6
"E00130751",3,3,0
"E00130752",2,2,0
"E00130753",1,0,1
"E00130754",9,6,3
"E00130755",10,6,4
"E00130756",0,0,0
"E00130757",11,4,7
"E00130758",17,9,8
"E00130759",3,1,2
"E00130760",6,3,3
"E00130761",1,1,0
"E00130762",2,0,2
"E00130763",3,2,1
"E00130764",6,3,3
"E00130765",4,2,2
"E00130766",8,3,5
"E00130767",7,3,4
"E00130769",6,5,1
"E00130770",14,8,6
"E00130771",14,9,5
"E00130772",3,1,2
"E00130773",4,1,3
"E00130774",7,3,4
"E00130775",3,2,1
"E00130776",0,0,0
"E00130777",2,1,1
"E00130778",3,1,2
"E00130779",6,5,1
"E00130780",3,2,1
"E00130781",6,2,4
"E00130782",4,1,3
"E00130783",8,4,4
"E00130784",2,1,1
"E00130785",7,6,1
"E00130786",10,4,6
"E00130787",1,1,0
"E00130788",4,1,3
"E00130789",6,3,3
"E00130790",9,4,5
"E00130791",8,6,2
"E00130792",3,3,0
"E00130793",6,3,3
"E00130794",2,2,0
"E00130795",2,2,0
"E00130796",8,3,5
"E00130797",2,0,2
"E00130798",5,3,2
"E00130799",4,2,2
"E00130801",5,4,1
"E00130802",5,4,1
"E00130803",8,5,3
"E00130804",2,0,2
"E00130805",9,5,4
"E00130806",3,3,0
"E00130807",14,6,8
"E00130808",5,2,3
"E00130809",3,1,2
"E00130810",4,3,1
"E00130812",22,14,8
"E00130813",5,2,3
"E00130814",10,4,6
"E00130815",2,1,1
"E00130816",7,2,5
"E00130817",5,1,4
"E00130818",9,2,7
"E00130819",17,9,8
"E00130820",2,2,0
"E00130821",10,4,6
"E00130822",2,2,0
"E00130823",8,3,5
"E00130824",7,5,2
"E00130825",4,3,1
"E00130826",7,1,6
"E00130827",5,1,4
"E00130828",5,2,3
"E00130829",11,5,6
"E00130830",2,1,1
"E00130831",1,0,1
"E00130833",2,1,1
"E00130834",4,3,1
"E00130835",17,9,8
"E00130836",3,0,3
"E00130837",7,2,5
"E00130838",7,3,4
"E00130839",6,3,3
"E00130840",3,2,1
"E00130841",10,3,7
"E00130843",7,3,4
"E00130844",4,0,4
"E00130845",12,6,6
"E00130846",5,2,3
"E00130847",3,0,3
"E00130848",15,7,8
"E00130849",3,0,3
"E00130850",8,7,1
"E00130851",11,7,4
"E00130852",14,4,10
"E00130853",0,0,0
"E00130854",3,1,2
"E00130855",4,2,2
"E00130856",1,0,1
"E00130857",8,6,2
"E00130858",3,1,2
"E00130859",6,3,3
"E00130860",4,2,2
"E00130861",3,2,1
"E00130862",3,2,1
"E00130863",7,5,2
"E00130864",7,4,3
"E00130865",0,0,0
"E00130866",4,4,0
"E00130867",1,1,0
"E00130868",0,0,0
"E00130869",6,3,3
"E00130871",4,1,3
"E00130872",3,1,2
"E00130873",2,0,2
"E00130874",3,1,2
"E00130875",1,1,0
"E00130876",7,4,3
"E00130877",13,8,5
"E00130878",4,1,3
"E00130879",3,3,0
"E00130880",5,1,4
"E00130881",3,3,0
"E00130882",4,2,2
"E00130883",12,5,7
"E00130884",2,2,0
"E00130885",7,3,4
"E00130886",2,1,1
"E00130887",5,3,2
"E00130888",2,1,1
"E00130889",3,0,3
"E00130890",3,2,1
"E00130891",3,1,2
"E00130892",8,2,6
"E00130893",5,3,2
"E00130894",9,3,6
"E00130895",12,7,5
"E00130896",4,3,1
"E00130897",6,4,2
"E00130899",3,2,1
"E00130900",6,4,2
"E00130901",0,0,0
"E00130902",4,3,1
"E00130903",5,3,2
"E00130904",3,0,3
"E00130905",1,0,1
"E00130906",8,2,6
"E00130907",6,4,2
"E00130908",4,2,2
"E00130909",2,1,1
"E00130910",1,1,0
"E00130911",11,6,5
"E00130912",2,1,1
"E00130913",2,2,0
"E00130914",0,0,0
"E00130915",20,9,11
"E00130916",6,3,3
"E00130917",3,2,1
"E00130918",15,8,7
"E00130919",0,0,0
"E00130920",7,5,2
"E00130921",5,3,2
"E00130922",11,5,6
"E00130923",9,4,5
"E00130924",4,2,2
"E00130925",0,0,0
"E00130926",6,4,2
"E00130927",5,2,3
"E00130928",2,2,0
"E00130929",5,3,2
"E00130930",4,2,2
"E00130931",7,6,1
"E00130932",0,0,0
"E00130933",2,1,1
"E00130934",2,2,0
"E00130935",2,1,1
"E00130937",2,1,1
"E00130938",3,3,0
"E00130939",5,2,3
"E00130940",1,0,1
"E00130941",2,1,1
"E00130942",1,0,1
"E00130943",0,0,0
"E00130944",13,10,3
"E00130945",9,3,6
"E00130946",18,7,11
"E00130947",12,6,6
"E00130948",5,5,0
"E00130949",1,1,0
"E00130950",17,8,9
"E00130951",12,5,7
"E00130952",11,4,7
"E00130953",9,6,3
"E00130954",8,3,5
"E00130955",11,6,5
"E00130956",13,7,6
"E00130957",16,11,5
"E00130958",8,4,4
"E00130959",8,5,3
"E00130960",8,4,4
"E00130961",5,1,4
"E00130962",5,4,1
"E00130963",8,5,3
"E00130964",9,5,4
"E00130965",5,2,3
"E00130966",15,8,7
"E00130967",13,8,5
"E00130968",6,3,3
"E00130969",2,1,1
"E00130970",6,3,3
"E00130973",5,3,2
"E00130974",5,0,5
"E00130975",3,2,1
"E00130976",8,4,4
"E00130977",4,2,2
"E00130978",9,5,4
"E00130979",5,0,5
"E00130980",2,1,1
"E00130981",9,3,6
"E00130982",3,2,1
"E00130983",18,8,10
"E00130984",10,7,3
"E00130985",12,5,7
"E00130986",17,12,5
"E00130987",13,5,8
"E00130988",4,1,3
"E00130989",4,1,3
"E00130990",4,1,3
"E00130991",7,3,4
"E00130992",6,4,2
"E00130993",6,5,1
"E00130994",18,12,6
"E00130995",9,4,5
"E00130996",0,0,0
"E00130997",8,5,3
"E00130998",4,1,3
"E00130999",1,1,0
"E00131000",4,3,1
"E00131001",6,2,4
"E00131002",7,1,6
"E00131003",2,1,1
"E00131004",5,4,1
"E00131005",6,4,2
"E00131006",0,0,0
"E00131007",13,7,6
"E00131008",5,2,3
"E00131009",2,0,2
"E00131010",4,0,4
"E00131011",5,3,2
"E00131012",8,3,5
"E00131013",5,3,2
"E00131014",6,1,5
"E00131015",4,3,1
"E00131016",9,5,4
"E00131017",3,3,0
"E00131018",4,3,1
"E00131019",2,1,1
"E00131020",4,3,1
"E00131021",6,4,2
"E00131022",3,0,3
"E00131023",3,3,0
"E00131024",0,0,0
"E00131025",1,0,1
"E00131026",0,0,0
"E00131027",0,0,0
"E00131028",1,1,0
"E00131030",1,1,0
"E00131031",1,1,0
"E00131032",4,2,2
"E00131033",1,1,0
"E00131034",5,0,5
"E00131035",2,2,0
"E00131036",0,0,0
"E00131037",0,0,0
"E00131038",0,0,0
"E00131039",1,0,1
"E00131040",1,1,0
"E00131041",5,4,1
"E00131042",3,1,2
"E00131043",4,0,4
"E00131044",3,2,1
"E00131045",1,1,0
"E00131046",3,2,1
"E00131047",8,6,2
"E00131048",3,1,2
"E00131049",6,2,4
"E00131050",3,2,1
"E00131051",3,1,2
"E00131052",3,2,1
"E00131053",3,2,1
"E00131054",1,1,0
"E00131055",4,2,2
"E00131056",1,0,1
"E00131057",1,1,0
"E00131058",0,0,0
"E00131059",4,1,3
"E00131060",1,0,1
"E00131061",3,1,2
"E00131062",3,2,1
"E00131063",5,4,1
"E00131064",3,1,2
"E00131065",2,2,0
"E00131066",2,1,1
"E00131067",0,0,0
"E00131068",5,3,2
"E00131069",2,1,1
"E00131070",0,0,0
"E00131071",4,0,4
"E00131072",0,0,0
"E00131073",2,1,1
"E00131074",5,0,5
"E00131075",5,0,5
"E00131076",3,3,0
"E00131077",16,5,11
"E00131078",3,0,3
"E00131079",6,3,3
"E00131080",4,2,2
"E00131081",1,0,1
"E00131082",4,2,2
"E00131083",1,0,1
"E00131084",4,2,2
"E00131085",3,1,2
"E00131086",8,3,5
"E00131087",8,2,6
"E00131088",6,3,3
"E00131089",1,1,0
"E00131090",16,9,7
"E00131091",3,2,1
"E00131092",1,0,1
"E00131093",4,1,3
"E00131094",3,1,2
"E00131095",2,1,1
"E00131096",5,0,5
"E00131097",1,1,0
"E00131098",6,3,3
"E00131099",4,2,2
"E00131100",8,4,4
"E00131101",4,3,1
"E00131102",0,0,0
"E00131103",4,1,3
"E00131104",15,5,10
"E00131105",4,3,1
"E00131106",15,6,9
"E00131107",2,2,0
"E00131108",8,4,4
"E00131109",7,2,5
"E00131110",12,8,4
"E00131111",6,2,4
"E00131112",4,1,3
"E00131113",6,3,3
"E00131114",11,4,7
"E00131115",3,1,2
"E00131116",2,0,2
"E00131118",1,1,0
"E00131119",5,1,4
"E00131120",3,0,3
"E00131121",3,2,1
"E00131122",2,0,2
"E00131123",4,2,2
"E00131124",0,0,0
"E00131125",3,2,1
"E00131126",4,2,2
"E00131127",1,1,0
"E00131128",0,0,0
"E00131129",1,0,1
"E00131130",1,1,0
"E00131131",2,1,1
"E00131132",1,0,1
"E00131133",2,1,1
"E00131134",0,0,0
"E00131135",0,0,0
"E00131136",3,3,0
"E00131137",0,0,0
"E00131138",4,1,3
"E00131139",2,1,1
"E00131140",2,2,0
"E00131141",3,0,3
"E00131142",3,1,2
"E00131143",0,0,0
"E00131144",2,1,1
"E00131145",5,3,2
"E00131146",11,6,5
"E00131147",2,1,1
"E00131148",1,1,0
"E00131150",17,11,6
"E00131151",2,0,2
"E00131152",5,1,4
"E00131153",1,0,1
"E00131154",0,0,0
"E00131155",2,1,1
"E00131156",6,3,3
"E00131157",2,1,1
"E00131158",3,0,3
"E00131159",4,3,1
"E00131160",3,3,0
"E00131161",6,3,3
"E00131162",9,5,4
"E00131163",8,5,3
"E00131164",7,3,4
"E00131165",2,2,0
"E00131166",3,2,1
"E00131167",1,0,1
"E00131168",10,6,4
"E00131169",3,1,2
"E00131170",5,2,3
"E00131171",2,0,2
"E00131172",7,6,1
"E00131173",2,1,1
"E00131174",1,0,1
"E00131175",2,1,1
"E00131176",1,0,1
"E00131177",2,2,0
"E00131178",6,2,4
"E00131179",4,4,0
"E00131180",0,0,0
"E00131181",0,0,0
"E00131182",0,0,0
"E00131183",0,0,0
"E00131184",4,3,1
"E00131185",1,0,1
"E00131186",0,0,0
"E00131187",1,0,1
"E00131191",2,0,2
"E00131192",1,0,1
"E00131193",4,2,2
"E00131196",2,1,1
"E00131197",0,0,0
"E00131198",1,1,0
"E00131199",7,3,4
"E00131200",2,1,1
"E00131201",3,2,1
"E00131202",3,1,2
"E00131203",4,1,3
"E00131205",3,2,1
"E00131206",3,2,1
"E00131207",3,0,3
"E00131208",1,0,1
"E00131209",2,1,1
"E00131210",4,2,2
"E00131211",1,0,1
"E00131212",4,2,2
"E00131213",7,4,3
"E00131214",13,7,6
"E00131215",7,3,4
"E00131216",9,4,5
"E00131217",0,0,0
"E00131218",2,1,1
"E00131219",6,4,2
"E00131220",6,4,2
"E00131221",3,0,3
"E00131222",3,2,1
"E00131223",10,6,4
"E00131224",4,3,1
"E00131225",5,3,2
"E00131226",10,5,5
"E00131227",2,2,0
"E00131228",6,5,1
"E00131229",4,3,1
"E00131230",3,1,2
"E00131231",2,0,2
"E00131232",4,2,2
"E00131233",4,0,4
"E00131234",2,2,0
"E00131235",1,1,0
"E00131236",0,0,0
"E00131237",1,1,0
"E00131238",1,0,1
"E00131239",5,3,2
"E00131240",1,0,1
"E00131241",8,2,6
"E00131242",2,1,1
"E00131243",0,0,0
"E00131244",2,1,1
"E00131245",1,0,1
"E00131246",0,0,0
"E00131247",2,1,1
"E00131248",0,0,0
"E00131249",2,1,1
"E00131250",2,2,0
"E00131251",5,3,2
"E00131252",1,0,1
"E00131253",0,0,0
"E00131254",1,0,1
"E00131255",3,2,1
"E00131256",4,0,4
"E00131257",3,3,0
"E00131258",0,0,0
"E00131259",0,0,0
"E00131260",1,0,1
"E00131261",1,1,0
"E00131262",1,1,0
"E00131263",8,2,6
"E00131264",4,2,2
"E00131265",5,2,3
"E00131266",10,5,5
"E00131267",8,2,6
"E00131268",4,1,3
"E00131269",4,3,1
"E00131270",3,3,0
"E00131271",0,0,0
"E00131272",1,0,1
"E00131273",1,0,1
"E00131274",3,0,3
"E00131275",4,2,2
"E00131276",2,1,1
"E00131277",0,0,0
"E00131278",4,4,0
"E00131279",9,4,5
"E00131280",5,2,3
"E00131281",5,3,2
"E00131282",9,3,6
"E00131283",12,6,6
"E00131284",3,2,1
"E00131285",1,1,0
"E00131286",7,3,4
"E00131287",5,3,2
"E00131288",2,1,1
"E00131289",1,0,1
"E00131290",6,4,2
"E00131291",9,6,3
"E00131292",1,1,0
"E00131293",2,0,2
"E00131294",0,0,0
"E00131295",3,0,3
"E00131296",5,3,2
"E00131297",0,0,0
"E00131298",4,2,2
"E00131299",6,3,3
"E00131300",0,0,0
"E00131301",4,3,1
"E00131302",0,0,0
"E00131303",2,0,2
"E00131304",5,0,5
"E00131305",13,6,7
"E00131306",11,5,6
"E00131307",3,1,2
"E00131308",2,1,1
"E00131309",7,1,6
"E00131311",4,0,4
"E00131312",3,0,3
"E00131313",2,1,1
"E00131314",4,2,2
"E00131315",3,1,2
"E00131316",2,1,1
"E00131317",3,2,1
"E00131318",1,1,0
"E00131319",8,4,4
"E00131320",1,0,1
"E00131321",1,1,0
"E00131322",6,3,3
"E00131324",2,1,1
"E00131325",2,0,2
"E00131326",3,1,2
"E00131327",5,0,5
"E00131328",3,1,2
"E00131329",4,2,2
"E00131330",2,0,2
"E00131331",11,5,6
"E00131332",8,4,4
"E00131333",7,2,5
"E00131334",9,3,6
"E00131335",4,3,1
"E00131336",3,2,1
"E00131337",1,1,0
"E00131338",6,3,3
"E00131339",3,2,1
"E00131340",1,0,1
"E00131341",2,1,1
"E00131342",7,2,5
"E00131343",2,2,0
"E00131344",3,0,3
"E00131345",2,1,1
"E00131346",2,2,0
"E00131347",0,0,0
"E00131348",3,1,2
"E00131349",8,5,3
"E00131350",2,0,2
"E00131351",2,0,2
"E00131352",12,10,2
"E00131353",4,1,3
"E00131354",6,4,2
"E00131355",4,3,1
"E00131356",6,2,4
"E00131357",0,0,0
"E00131358",6,1,5
"E00131359",5,1,4
"E00131360",6,4,2
"E00131361",12,5,7
"E00131362",1,0,1
"E00131363",4,1,3
"E00131364",16,8,8
"E00131365",15,10,5
"E00131366",9,3,6
"E00131367",5,2,3
"E00131368",6,2,4
"E00131369",4,3,1
"E00131370",3,1,2
"E00131371",12,4,8
"E00131372",10,5,5
"E00131373",5,3,2
"E00131374",9,6,3
"E00131375",9,4,5
"E00131376",9,5,4
"E00131377",6,5,1
"E00131378",4,2,2
"E00131379",3,2,1
"E00131380",7,3,4
"E00131381",7,2,5
"E00131382",7,2,5
"E00131383",4,1,3
"E00131384",8,7,1
"E00131385",8,4,4
"E00131386",6,4,2
"E00131387",4,1,3
"E00131388",0,0,0
"E00131389",4,2,2
"E00131390",8,4,4
"E00131391",5,3,2
"E00131392",2,0,2
"E00131393",4,2,2
"E00131394",0,0,0
"E00131395",9,4,5
"E00131396",0,0,0
"E00131397",2,2,0
"E00131398",0,0,0
"E00131399",0,0,0
"E00131400",14,9,5
"E00131401",0,0,0
"E00131402",5,1,4
"E00131403",4,2,2
"E00131404",2,2,0
"E00131405",3,2,1
"E00131406",0,0,0
"E00131407",3,0,3
"E00131408",6,3,3
"E00131409",1,1,0
"E00131410",7,2,5
"E00131412",2,0,2
"E00131413",6,3,3
"E00131414",0,0,0
"E00131415",4,1,3
"E00131416",3,2,1
"E00131417",0,0,0
"E00131418",2,1,1
"E00131419",0,0,0
"E00131420",0,0,0
"E00131421",1,0,1
"E00131422",1,0,1
"E00131423",4,1,3
"E00131424",1,0,1
"E00131425",3,2,1
"E00131426",5,2,3
"E00131427",1,1,0
"E00131428",0,0,0
"E00131429",1,0,1
"E00131430",0,0,0
"E00131431",3,0,3
"E00131432",4,2,2
"E00131433",3,0,3
"E00131434",2,0,2
"E00131435",6,4,2
"E00131436",4,2,2
"E00131437",3,2,1
"E00131438",1,0,1
"E00131439",2,0,2
"E00131440",3,1,2
"E00131441",0,0,0
"E00131442",5,2,3
"E00131443",1,0,1
"E00131444",4,2,2
"E00131445",7,2,5
"E00131446",9,2,7
"E00131447",6,1,5
"E00131448",3,2,1
"E00131449",4,1,3
"E00131450",0,0,0
"E00131451",3,1,2
"E00131452",6,4,2
"E00131453",0,0,0
"E00131454",3,2,1
"E00131455",2,1,1
"E00131456",0,0,0
"E00131457",4,3,1
"E00131458",2,0,2
"E00131459",7,5,2
"E00131460",2,0,2
"E00131461",2,2,0
"E00131462",8,5,3
"E00131463",4,1,3
"E00131464",5,0,5
"E00131465",4,2,2
"E00131466",5,3,2
"E00131467",15,8,7
"E00131468",2,1,1
"E00131470",4,3,1
"E00131471",0,0,0
"E00131472",1,0,1
"E00131473",2,2,0
"E00131474",3,2,1
"E00131475",6,3,3
"E00131476",3,1,2
"E00131477",4,4,0
"E00131478",14,6,8
"E00131479",7,4,3
"E00131480",4,2,2
"E00131481",18,9,9
"E00131482",12,7,5
"E00131483",10,4,6
"E00131484",3,1,2
"E00131485",5,2,3
"E00131486",5,3,2
"E00131487",10,5,5
"E00131488",5,3,2
"E00131489",4,3,1
"E00131490",2,1,1
"E00131491",5,3,2
"E00131492",5,4,1
"E00131493",12,9,3
"E00131494",6,2,4
"E00131495",6,6,0
"E00131496",2,0,2
"E00131497",12,3,9
"E00131498",11,7,4
"E00131499",0,0,0
"E00131500",6,3,3
"E00131501",7,4,3
"E00131502",1,0,1
"E00131503",3,2,1
"E00131504",13,6,7
"E00131505",8,4,4
"E00131506",13,4,9
"E00131507",13,3,10
"E00131508",17,10,7
"E00131509",9,6,3
"E00131510",8,4,4
"E00131511",3,1,2
"E00131512",8,2,6
"E00131513",4,2,2
"E00131514",2,0,2
"E00131516",1,0,1
"E00131517",17,13,4
"E00131518",2,2,0
"E00131519",5,3,2
"E00131520",4,3,1
"E00131521",1,0,1
"E00131522",1,0,1
"E00131523",2,2,0
"E00131524",3,1,2
"E00131525",5,3,2
"E00131526",9,3,6
"E00131527",3,2,1
"E00131528",7,4,3
"E00131529",6,4,2
"E00131530",4,3,1
"E00131531",0,0,0
"E00131532",7,6,1
"E00131533",9,4,5
"E00131534",1,0,1
"E00131535",6,4,2
"E00131536",2,1,1
"E00131537",1,0,1
"E00131538",6,3,3
"E00131539",12,4,8
"E00131540",3,2,1
"E00131541",3,2,1
"E00131542",6,3,3
"E00131543",8,5,3
"E00131544",5,2,3
"E00131545",2,0,2
"E00131546",9,5,4
"E00131547",4,2,2
"E00131548",1,1,0
"E00131549",6,2,4
"E00131550",2,1,1
"E00131551",1,1,0
"E00131553",6,2,4
"E00131554",10,7,3
"E00131555",11,8,3
"E00131556",9,5,4
"E00131557",7,4,3
"E00131558",7,3,4
"E00131559",9,2,7
"E00131560",9,4,5
"E00131561",4,2,2
"E00131562",1,0,1
"E00131563",16,11,5
"E00131564",7,5,2
"E00131565",3,2,1
"E00131566",4,2,2
"E00131567",3,1,2
"E00131568",1,1,0
"E00131569",1,0,1
"E00131570",3,3,0
"E00131572",4,1,3
"E00131573",4,1,3
"E00131574",1,1,0
"E00131575",5,1,4
"E00131576",5,3,2
"E00131577",5,2,3
"E00131578",1,1,0
"E00131579",6,1,5
"E00131580",0,0,0
"E00131581",6,4,2
"E00131582",3,1,2
"E00131583",12,4,8
"E00131584",6,2,4
"E00131585",1,1,0
"E00131586",0,0,0
"E00131587",2,2,0
"E00131588",0,0,0
"E00131589",3,2,1
"E00131590",3,0,3
"E00131591",4,2,2
"E00131592",0,0,0
"E00131593",2,1,1
"E00131594",1,1,0
"E00131595",6,4,2
"E00131596",0,0,0
"E00131597",0,0,0
"E00131598",4,2,2
"E00131599",0,0,0
"E00131600",1,0,1
"E00131601",3,2,1
"E00131603",1,0,1
"E00131604",1,0,1
"E00131605",1,0,1
"E00131606",2,0,2
"E00131607",8,4,4
"E00131608",3,1,2
"E00131609",1,1,0
"E00131610",0,0,0
"E00131611",1,0,1
"E00131612",0,0,0
"E00131613",7,5,2
"E00131614",0,0,0
"E00131615",0,0,0
"E00131616",0,0,0
"E00131617",0,0,0
"E00131618",0,0,0
"E00131619",3,1,2
"E00131620",3,1,2
"E00131621",3,0,3
"E00131622",3,2,1
"E00131623",5,1,4
"E00131624",0,0,0
"E00131625",4,3,1
"E00131626",6,2,4
"E00131628",4,3,1
"E00131629",5,2,3
"E00131630",3,2,1
"E00131631",1,0,1
"E00131632",1,0,1
"E00131633",5,1,4
"E00131634",2,2,0
"E00131635",1,1,0
"E00131636",1,1,0
"E00131637",3,0,3
"E00131638",1,1,0
"E00131639",5,3,2
"E00131640",11,5,6
"E00131641",3,1,2
"E00131642",6,5,1
"E00131643",0,0,0
"E00131644",5,4,1
"E00131645",5,2,3
"E00131646",7,2,5
"E00131647",0,0,0
"E00131648",0,0,0
"E00131649",0,0,0
"E00131650",10,6,4
"E00131651",4,2,2
"E00131652",2,1,1
"E00131653",0,0,0
"E00131654",6,2,4
"E00131655",1,1,0
"E00131656",0,0,0
"E00131657",0,0,0
"E00131658",9,6,3
"E00131659",2,2,0
"E00131660",8,6,2
"E00131661",5,1,4
"E00131662",9,6,3
"E00131663",0,0,0
"E00131664",5,1,4
"E00131665",6,2,4
"E00131666",4,2,2
"E00131667",11,5,6
"E00131668",6,4,2
"E00131669",5,4,1
"E00131671",3,0,3
"E00131672",4,2,2
"E00131673",0,0,0
"E00131674",2,2,0
"E00131675",0,0,0
"E00131676",2,2,0
"E00131677",2,1,1
"E00131678",0,0,0
"E00131679",1,0,1
"E00131680",1,0,1
"E00131681",4,3,1
"E00131682",3,2,1
"E00131683",5,3,2
"E00131684",5,0,5
"E00131685",3,1,2
"E00131686",4,2,2
"E00131687",0,0,0
"E00131688",2,0,2
"E00131689",1,0,1
"E00131690",3,3,0
"E00131691",1,0,1
"E00131692",9,3,6
"E00131693",4,4,0
"E00131694",5,3,2
"E00131695",7,2,5
"E00131696",0,0,0
"E00131697",2,1,1
"E00131698",2,2,0
"E00131699",6,3,3
"E00131700",5,1,4
"E00131701",0,0,0
"E00131702",0,0,0
"E00131703",0,0,0
"E00131704",5,1,4
"E00131705",0,0,0
"E00131706",9,3,6
"E00131707",5,2,3
"E00131708",1,1,0
"E00131709",2,1,1
"E00131710",6,2,4
"E00131711",3,2,1
"E00131712",7,3,4
"E00131713",9,4,5
"E00131714",3,2,1
"E00131715",8,4,4
"E00131716",1,1,0
"E00131717",3,2,1
"E00131718",9,5,4
"E00131719",0,0,0
"E00131720",1,1,0
"E00131721",0,0,0
"E00131722",2,2,0
"E00131723",1,0,1
"E00131724",4,1,3
"E00131725",1,1,0
"E00131726",1,0,1
"E00131727",1,0,1
"E00131728",4,2,2
"E00131729",1,1,0
"E00131730",8,3,5
"E00131731",1,0,1
"E00131732",3,2,1
"E00131733",0,0,0
"E00131734",12,3,9
"E00131735",4,4,0
"E00131736",6,3,3
"E00131737",3,1,2
"E00131738",2,1,1
"E00131739",4,3,1
"E00131740",1,0,1
"E00131741",0,0,0
"E00131742",1,0,1
"E00131743",8,3,5
"E00131744",1,1,0
"E00131745",0,0,0
"E00131746",5,0,5
"E00131747",2,1,1
"E00131748",0,0,0
"E00131749",1,0,1
"E00131750",11,5,6
"E00131751",6,3,3
"E00131752",11,5,6
"E00131753",12,6,6
"E00131754",7,4,3
"E00131755",1,1,0
"E00131756",3,2,1
"E00131757",2,1,1
"E00131759",8,5,3
"E00131760",5,5,0
"E00131761",4,2,2
"E00131762",5,0,5
"E00131763",10,6,4
"E00131764",4,3,1
"E00131765",9,5,4
"E00131766",6,5,1
"E00131767",5,3,2
"E00131768",1,1,0
"E00131769",1,0,1
"E00131770",1,0,1
"E00131771",0,0,0
"E00131772",5,3,2
"E00131773",1,1,0
"E00131774",7,3,4
"E00131775",4,2,2
"E00131776",1,0,1
"E00131777",6,3,3
"E00131778",3,2,1
"E00131779",1,0,1
"E00131780",4,1,3
"E00131781",0,0,0
"E00131782",5,2,3
"E00131783",4,4,0
"E00131784",6,5,1
"E00131785",12,8,4
"E00131786",6,3,3
"E00131787",5,3,2
"E00131788",7,5,2
"E00131789",13,6,7
"E00131790",2,0,2
"E00131791",10,2,8
"E00131792",8,3,5
"E00131793",7,2,5
"E00131794",3,2,1
"E00131795",7,3,4
"E00131796",4,3,1
"E00131797",5,1,4
"E00131799",13,4,9
"E00131801",13,6,7
"E00131802",9,4,5
"E00131803",2,1,1
"E00131804",4,4,0
"E00131805",7,5,2
"E00131806",9,4,5
"E00131807",11,5,6
"E00131808",27,16,11
"E00131809",8,6,2
"E00131810",7,2,5
"E00131811",5,2,3
"E00131812",10,5,5
"E00131813",4,3,1
"E00131814",0,0,0
"E00131815",0,0,0
"E00131816",5,3,2
"E00131817",1,0,1
"E00131818",1,0,1
"E00131819",6,3,3
"E00131820",5,3,2
"E00131821",8,5,3
"E00131822",2,0,2
"E00131823",2,1,1
"E00131824",1,0,1
"E00131825",9,6,3
"E00131826",8,3,5
"E00131827",7,5,2
"E00131828",9,6,3
"E00131829",4,0,4
"E00131830",8,6,2
"E00131831",3,3,0
"E00131832",15,7,8
"E00131833",13,5,8
"E00131834",12,6,6
"E00131835",11,6,5
"E00131836",6,2,4
"E00131837",4,3,1
"E00131838",15,5,10
"E00131840",20,7,13
"E00131841",5,3,2
"E00131842",13,5,8
"E00131843",20,13,7
"E00131844",14,7,7
"E00131845",10,7,3
"E00131846",10,3,7
"E00131847",5,2,3
"E00131848",5,3,2
"E00131849",8,4,4
"E00131850",6,3,3
"E00131851",1,0,1
"E00131852",1,0,1
"E00131853",2,1,1
"E00131854",2,2,0
"E00131855",1,0,1
"E00131856",3,2,1
"E00131857",0,0,0
"E00131858",0,0,0
"E00131859",1,1,0
"E00131860",2,2,0
"E00131861",1,0,1
"E00131862",2,0,2
"E00131863",0,0,0
"E00131864",2,0,2
"E00131865",1,0,1
"E00131866",2,1,1
"E00131867",5,3,2
"E00131868",1,1,0
"E00131869",1,1,0
"E00131870",1,1,0
"E00131871",3,1,2
"E00131872",1,1,0
"E00131873",2,2,0
"E00131874",0,0,0
"E00131875",1,1,0
"E00131876",4,0,4
"E00131877",8,2,6
"E00131878",8,4,4
"E00131879",0,0,0
"E00131880",0,0,0
"E00131881",2,1,1
"E00131882",4,1,3
"E00131883",4,3,1
"E00131884",4,1,3
"E00131885",2,0,2
"E00131886",5,5,0
"E00131887",5,1,4
"E00131888",3,1,2
"E00131889",0,0,0
"E00131890",1,1,0
"E00131891",2,0,2
"E00131892",2,1,1
"E00131893",0,0,0
"E00131894",5,4,1
"E00131895",1,0,1
"E00131896",4,2,2
"E00131897",5,3,2
"E00131898",2,1,1
"E00131899",7,4,3
"E00131900",6,3,3
"E00131901",1,1,0
"E00131903",2,2,0
"E00131904",3,1,2
"E00131905",4,3,1
"E00131906",3,1,2
"E00131907",0,0,0
"E00131908",3,2,1
"E00131909",3,0,3
"E00131910",7,2,5
"E00131911",2,1,1
"E00131912",0,0,0
"E00131913",4,2,2
"E00131914",1,1,0
"E00131915",0,0,0
"E00131916",0,0,0
"E00131917",3,1,2
"E00131918",0,0,0
"E00131919",1,1,0
"E00131920",1,0,1
"E00131921",10,7,3
"E00131922",4,1,3
"E00131923",5,3,2
"E00131924",1,1,0
"E00131925",4,1,3
"E00131926",2,0,2
"E00131927",6,2,4
"E00131928",8,3,5
"E00131929",4,1,3
"E00131930",6,1,5
"E00131931",2,0,2
"E00131932",4,2,2
"E00131933",3,0,3
"E00131934",0,0,0
"E00131935",5,1,4
"E00131936",4,2,2
"E00131937",7,5,2
"E00131938",3,0,3
"E00131939",2,1,1
"E00131940",6,5,1
"E00131941",2,1,1
"E00131942",0,0,0
"E00131943",5,1,4
"E00131944",0,0,0
"E00131945",1,1,0
"E00131946",7,4,3
"E00131947",1,1,0
"E00131948",2,1,1
"E00131949",1,0,1
"E00131950",6,3,3
"E00131951",1,0,1
"E00131953",2,1,1
"E00131954",0,0,0
"E00131955",5,2,3
"E00131956",13,7,6
"E00131957",4,1,3
"E00131958",5,2,3
"E00131959",4,3,1
"E00131960",2,1,1
"E00131961",1,0,1
"E00131962",4,3,1
"E00131964",1,0,1
"E00131965",2,1,1
"E00131966",6,4,2
"E00131967",2,1,1
"E00131968",4,4,0
"E00131969",3,1,2
"E00131970",3,1,2
"E00131971",3,1,2
"E00131972",0,0,0
"E00131973",9,3,6
"E00131974",5,3,2
"E00131975",0,0,0
"E00131976",6,4,2
"E00131977",3,2,1
"E00131978",5,1,4
"E00131979",3,0,3
"E00131980",0,0,0
"E00131981",0,0,0
"E00131982",1,0,1
"E00131983",1,1,0
"E00131984",0,0,0
"E00131985",3,2,1
"E00131986",2,1,1
"E00131987",1,1,0
"E00131988",4,2,2
"E00131989",2,0,2
"E00131990",2,0,2
"E00131991",2,2,0
"E00131993",3,2,1
"E00131994",4,1,3
"E00131995",12,8,4
"E00131996",8,3,5
"E00131997",1,1,0
"E00131998",3,2,1
"E00131999",1,1,0
"E00132000",0,0,0
"E00132001",1,1,0
"E00132002",3,1,2
"E00132003",1,1,0
"E00132004",7,1,6
"E00132005",0,0,0
"E00132006",8,4,4
"E00132007",4,2,2
"E00132008",4,2,2
"E00132009",2,1,1
"E00132010",3,0,3
"E00132011",0,0,0
"E00132012",9,4,5
"E00132013",3,1,2
"E00132014",2,1,1
"E00132015",1,0,1
"E00132016",3,2,1
"E00132017",1,1,0
"E00132018",4,2,2
"E00132019",3,1,2
"E00132020",10,3,7
"E00132021",0,0,0
"E00132022",4,2,2
"E00132023",2,1,1
"E00132024",3,2,1
"E00132025",7,3,4
"E00132027",3,2,1
"E00132028",3,3,0
"E00132029",10,5,5
"E00132030",4,1,3
"E00132031",6,1,5
"E00132032",1,1,0
"E00132033",7,2,5
"E00132034",2,1,1
"E00132035",3,3,0
"E00132036",6,3,3
"E00132037",8,2,6
"E00132038",7,3,4
"E00132039",2,1,1
"E00132040",5,2,3
"E00132041",3,0,3
"E00132042",7,2,5
"E00132043",13,8,5
"E00132044",6,5,1
"E00132045",6,4,2
"E00132046",2,1,1
"E00132047",11,5,6
"E00132048",2,1,1
"E00132049",3,1,2
"E00132050",4,2,2
"E00132051",2,2,0
"E00132052",10,5,5
"E00132053",4,1,3
"E00132054",5,2,3
"E00132055",5,3,2
"E00132056",0,0,0
"E00132057",5,3,2
"E00132058",3,2,1
"E00132059",2,2,0
"E00132060",3,2,1
"E00132061",1,0,1
"E00132062",7,2,5
"E00132063",4,3,1
"E00132064",4,2,2
"E00132065",0,0,0
"E00132066",2,0,2
"E00132067",2,1,1
"E00132068",4,2,2
"E00132069",1,1,0
"E00132070",2,1,1
"E00132071",1,1,0
"E00132072",1,1,0
"E00132073",1,0,1
"E00132074",4,2,2
"E00132075",1,0,1
"E00132076",6,6,0
"E00132077",4,2,2
"E00132078",3,3,0
"E00132079",3,1,2
"E00132080",0,0,0
"E00132081",3,2,1
"E00132082",1,1,0
"E00132083",3,2,1
"E00132084",2,1,1
"E00132085",0,0,0
"E00132086",7,5,2
"E00132087",10,5,5
"E00132088",4,0,4
"E00132089",1,0,1
"E00132090",4,3,1
"E00132091",7,3,4
"E00132092",5,2,3
"E00132093",0,0,0
"E00132094",1,1,0
"E00132095",1,0,1
"E00132096",1,0,1
"E00132097",2,2,0
"E00132098",3,2,1
"E00132099",4,2,2
"E00132100",4,2,2
"E00132101",1,1,0
"E00132102",3,1,2
"E00132103",0,0,0
"E00132104",1,1,0
"E00132105",1,1,0
"E00132106",1,1,0
"E00132107",1,1,0
"E00132108",0,0,0
"E00132109",1,0,1
"E00132110",5,3,2
"E00132111",3,1,2
"E00132112",1,0,1
"E00132113",6,1,5
"E00132114",9,5,4
"E00132115",5,3,2
"E00132116",6,3,3
"E00132117",1,0,1
"E00132118",2,0,2
"E00132119",3,2,1
"E00132120",0,0,0
"E00132121",5,4,1
"E00132122",4,2,2
"E00132123",3,1,2
"E00132124",10,3,7
"E00132125",7,4,3
"E00132126",4,3,1
"E00132127",1,0,1
"E00132128",3,2,1
"E00132129",3,3,0
"E00132130",2,1,1
"E00132131",3,2,1
"E00132132",1,0,1
"E00132133",7,4,3
"E00132134",3,2,1
"E00132135",1,0,1
"E00132136",1,1,0
"E00132137",0,0,0
"E00132138",3,0,3
"E00132139",0,0,0
"E00132140",4,1,3
"E00132141",5,3,2
"E00132142",0,0,0
"E00132143",2,0,2
"E00132144",1,0,1
"E00132145",1,0,1
"E00132146",2,2,0
"E00132147",2,1,1
"E00132148",2,1,1
"E00132149",4,2,2
"E00132150",1,0,1
"E00132151",5,1,4
"E00132152",8,2,6
"E00132153",5,4,1
"E00132154",5,3,2
"E00132155",7,2,5
"E00132156",2,0,2
"E00132157",2,0,2
"E00132158",3,1,2
"E00132159",1,0,1
"E00132160",1,0,1
"E00132161",4,1,3
"E00132162",0,0,0
"E00132163",5,2,3
"E00132164",1,0,1
"E00132165",5,3,2
"E00132166",2,2,0
"E00132167",3,3,0
"E00132168",3,1,2
"E00132169",1,0,1
"E00132170",4,2,2
"E00132171",4,2,2
"E00132172",1,1,0
"E00132173",5,4,1
"E00132174",7,1,6
"E00132175",5,2,3
"E00132176",1,0,1
"E00132177",5,2,3
"E00132178",0,0,0
"E00132179",4,2,2
"E00132180",2,1,1
"E00132181",0,0,0
"E00132182",3,2,1
"E00132183",4,3,1
"E00132184",5,3,2
"E00132185",1,1,0
"E00132186",1,1,0
"E00132187",3,1,2
"E00132188",1,1,0
"E00132189",3,2,1
"E00132190",0,0,0
"E00132191",0,0,0
"E00132192",0,0,0
"E00132193",1,1,0
"E00132194",1,1,0
"E00132195",2,2,0
"E00132196",0,0,0
"E00132197",3,1,2
"E00132198",3,2,1
"E00132199",0,0,0
"E00132200",3,1,2
"E00132201",0,0,0
"E00132202",1,0,1
"E00132203",0,0,0
"E00132204",3,2,1
"E00132206",12,8,4
"E00132207",0,0,0
"E00132208",1,1,0
"E00132209",1,1,0
"E00132210",8,3,5
"E00132211",1,0,1
"E00132212",1,1,0
"E00132213",9,7,2
"E00132214",5,3,2
"E00132215",6,3,3
"E00132217",1,0,1
"E00132218",2,0,2
"E00132219",4,0,4
"E00132220",5,2,3
"E00132221",0,0,0
"E00132222",3,3,0
"E00132223",10,7,3
"E00132224",6,3,3
"E00132225",1,1,0
"E00132226",3,2,1
"E00132227",4,0,4
"E00132228",4,1,3
"E00132229",4,3,1
"E00132230",5,3,2
"E00132231",8,3,5
"E00132232",9,4,5
"E00132233",7,4,3
"E00132234",0,0,0
"E00132235",7,4,3
"E00132236",5,4,1
"E00132237",2,1,1
"E00132238",2,1,1
"E00132239",4,4,0
"E00132240",3,3,0
"E00132241",1,1,0
"E00132242",11,9,2
"E00132243",7,4,3
"E00132244",0,0,0
"E00132245",8,2,6
"E00132246",4,2,2
"E00132247",4,1,3
"E00132248",5,1,4
"E00132249",1,1,0
"E00132250",9,6,3
"E00132251",1,0,1
"E00132252",2,2,0
"E00132253",5,2,3
"E00132254",5,3,2
"E00132255",12,8,4
"E00132256",9,5,4
"E00132257",2,0,2
"E00132258",1,1,0
"E00132259",3,1,2
"E00132260",5,2,3
"E00132261",2,0,2
"E00132262",4,1,3
"E00132263",2,1,1
"E00132264",6,3,3
"E00132265",2,1,1
"E00132266",2,2,0
"E00132267",9,3,6
"E00132268",3,0,3
"E00132269",1,0,1
"E00132270",1,0,1
"E00132271",2,1,1
"E00132272",6,3,3
"E00132273",0,0,0
"E00132274",1,0,1
"E00132275",10,6,4
"E00132276",0,0,0
"E00132277",5,2,3
"E00132278",0,0,0
"E00132279",0,0,0
"E00132280",2,1,1
"E00132281",3,3,0
"E00132282",3,1,2
"E00132283",1,0,1
"E00132284",2,2,0
"E00132285",4,2,2
"E00132286",7,3,4
"E00132287",3,2,1
"E00132289",2,1,1
"E00132290",3,2,1
"E00132292",4,3,1
"E00132293",3,0,3
"E00132294",4,0,4
"E00132295",0,0,0
"E00132296",1,0,1
"E00132297",1,0,1
"E00132298",0,0,0
"E00132299",1,1,0
"E00132300",2,1,1
"E00132301",0,0,0
"E00132302",0,0,0
"E00132303",3,1,2
"E00132304",7,5,2
"E00132305",2,2,0
"E00132306",2,1,1
"E00132307",4,2,2
"E00132308",4,3,1
"E00132309",6,5,1
"E00132312",3,2,1
"E00132313",3,2,1
"E00132314",2,2,0
"E00132315",3,2,1
"E00132316",2,1,1
"E00132317",3,2,1
"E00132318",5,2,3
"E00132319",6,3,3
"E00132320",3,2,1
"E00132321",1,1,0
"E00132322",0,0,0
"E00132323",1,1,0
"E00132324",1,0,1
"E00132325",2,2,0
"E00132326",0,0,0
"E00132327",4,2,2
"E00132328",1,0,1
"E00132329",0,0,0
"E00132330",1,1,0
"E00132331",0,0,0
"E00132332",3,1,2
"E00132333",1,1,0
"E00132334",0,0,0
"E00132335",3,1,2
"E00132336",2,1,1
"E00132337",3,2,1
"E00132338",3,1,2
"E00132339",3,1,2
"E00132340",0,0,0
"E00132341",4,2,2
"E00132342",2,0,2
"E00132343",1,1,0
"E00132344",4,0,4
"E00132345",4,0,4
"E00132346",4,3,1
"E00132347",1,1,0
"E00132348",8,2,6
"E00132349",4,3,1
"E00132350",4,2,2
"E00132351",5,2,3
"E00132352",6,2,4
"E00132353",2,1,1
"E00132354",5,3,2
"E00132355",1,1,0
"E00132356",1,1,0
"E00132357",5,3,2
"E00132358",3,2,1
"E00132359",3,2,1
"E00132360",8,2,6
"E00132361",5,1,4
"E00132362",2,2,0
"E00132363",1,1,0
"E00132364",2,2,0
"E00132365",2,2,0
"E00132366",0,0,0
"E00132367",1,0,1
"E00132368",3,1,2
"E00132369",7,2,5
"E00132370",1,0,1
"E00132371",2,1,1
"E00132372",1,0,1
"E00132373",0,0,0
"E00132374",0,0,0
"E00132375",4,1,3
"E00132376",4,1,3
"E00132377",6,3,3
"E00132378",6,4,2
"E00132379",4,3,1
"E00132380",2,1,1
"E00132381",4,3,1
"E00132382",2,2,0
"E00132383",7,2,5
"E00132384",1,1,0
"E00132385",0,0,0
"E00132386",1,0,1
"E00132387",0,0,0
"E00132388",2,0,2
"E00132389",4,2,2
"E00132390",6,2,4
"E00132391",10,5,5
"E00132392",3,3,0
"E00132393",4,3,1
"E00132394",3,0,3
"E00132395",3,0,3
"E00132396",3,1,2
"E00132397",3,3,0
"E00132398",9,4,5
"E00132399",7,3,4
"E00132400",9,5,4
"E00132401",0,0,0
"E00132402",0,0,0
"E00132404",1,1,0
"E00132405",0,0,0
"E00132406",0,0,0
"E00132407",1,0,1
"E00132408",0,0,0
"E00132409",0,0,0
"E00132410",0,0,0
"E00132411",0,0,0
"E00132412",0,0,0
"E00132413",7,3,4
"E00132414",1,1,0
"E00132415",2,0,2
"E00132416",2,0,2
"E00132417",0,0,0
"E00132418",1,1,0
"E00132419",0,0,0
"E00132420",0,0,0
"E00132421",3,1,2
"E00132422",2,1,1
"E00132423",5,4,1
"E00132424",7,3,4
"E00132425",5,2,3
"E00132426",2,1,1
"E00132427",2,2,0
"E00132428",9,2,7
"E00132429",3,2,1
"E00132430",1,0,1
"E00132431",1,1,0
"E00132432",2,2,0
"E00132433",0,0,0
"E00132434",9,4,5
"E00132435",11,5,6
"E00132436",1,1,0
"E00132437",6,2,4
"E00132438",7,5,2
"E00132439",6,2,4
"E00132440",7,4,3
"E00132441",1,0,1
"E00132442",0,0,0
"E00132443",11,4,7
"E00132444",0,0,0
"E00132445",5,3,2
"E00132446",2,0,2
"E00132447",5,3,2
"E00132448",5,3,2
"E00132449",4,3,1
"E00132450",6,3,3
"E00132451",5,2,3
"E00132452",5,5,0
"E00132453",5,3,2
"E00132454",1,1,0
"E00132455",0,0,0
"E00132456",1,1,0
"E00132457",0,0,0
"E00132458",1,0,1
"E00132459",2,1,1
"E00132460",1,1,0
"E00132461",0,0,0
"E00132462",1,0,1
"E00132463",2,1,1
"E00132464",1,1,0
"E00132465",2,1,1
"E00132466",1,0,1
"E00132467",3,2,1
"E00132468",0,0,0
"E00132469",4,4,0
"E00132470",3,2,1
"E00132471",4,3,1
"E00132472",3,2,1
"E00132473",0,0,0
"E00132474",1,0,1
"E00132475",5,3,2
"E00132476",2,1,1
"E00132477",7,4,3
"E00132478",3,1,2
"E00132479",8,6,2
"E00132480",7,4,3
"E00132481",12,4,8
"E00132482",5,1,4
"E00132483",1,1,0
"E00132484",1,0,1
"E00132485",1,1,0
"E00132486",14,8,6
"E00132487",3,1,2
"E00132488",5,1,4
"E00132489",3,2,1
"E00132490",1,0,1
"E00132491",1,0,1
"E00132492",7,6,1
"E00132493",8,5,3
"E00132494",1,0,1
"E00132495",3,3,0
"E00132496",1,0,1
"E00132497",5,2,3
"E00132498",2,1,1
"E00132499",5,3,2
"E00132500",1,0,1
"E00132501",4,1,3
"E00132502",0,0,0
"E00132503",1,0,1
"E00132504",1,0,1
"E00132506",5,2,3
"E00132507",2,2,0
"E00132508",1,0,1
"E00132509",3,1,2
"E00132510",2,2,0
"E00132511",0,0,0
"E00132512",7,6,1
"E00132513",9,5,4
"E00132514",8,2,6
"E00132515",4,3,1
"E00132516",0,0,0
"E00132517",0,0,0
"E00132518",5,3,2
"E00132519",3,0,3
"E00132520",1,1,0
"E00132521",4,2,2
"E00132522",1,0,1
"E00132523",3,1,2
"E00132524",1,1,0
"E00132525",5,2,3
"E00132526",7,2,5
"E00132527",0,0,0
"E00132528",1,1,0
"E00132529",1,0,1
"E00132530",1,1,0
"E00132531",1,1,0
"E00132532",2,1,1
"E00132533",2,2,0
"E00132534",3,0,3
"E00132535",5,1,4
"E00132536",6,2,4
"E00132537",2,1,1
"E00132538",5,3,2
"E00132539",7,4,3
"E00132540",7,4,3
"E00132541",13,4,9
"E00132542",2,1,1
"E00132543",2,0,2
"E00132544",3,1,2
"E00132545",12,4,8
"E00132546",11,4,7
"E00132547",4,2,2
"E00132548",5,2,3
"E00132549",1,1,0
"E00132550",8,2,6
"E00132551",6,2,4
"E00132552",2,1,1
"E00132553",3,3,0
"E00132554",9,5,4
"E00132555",5,3,2
"E00132556",0,0,0
"E00132557",0,0,0
"E00132558",0,0,0
"E00132559",0,0,0
"E00132560",3,2,1
"E00132561",0,0,0
"E00132562",0,0,0
"E00132563",2,0,2
"E00132564",6,1,5
"E00132565",2,0,2
"E00132566",0,0,0
"E00132567",1,0,1
"E00132568",9,5,4
"E00132569",1,1,0
"E00132570",2,2,0
"E00132571",2,1,1
"E00132572",2,2,0
"E00132573",0,0,0
"E00132574",6,2,4
"E00132575",3,2,1
"E00132576",1,0,1
"E00132577",1,0,1
"E00132578",0,0,0
"E00132579",3,2,1
"E00132580",3,3,0
"E00132581",4,2,2
"E00132582",0,0,0
"E00132583",4,2,2
"E00132584",1,0,1
"E00132585",3,1,2
"E00132586",0,0,0
"E00132587",2,0,2
"E00132588",4,4,0
"E00132589",2,0,2
"E00132590",3,2,1
"E00132591",1,0,1
"E00132592",3,2,1
"E00132593",0,0,0
"E00132594",9,4,5
"E00132595",12,6,6
"E00132596",2,1,1
"E00132597",4,4,0
"E00132598",0,0,0
"E00132599",2,1,1
"E00132600",2,1,1
"E00132601",2,2,0
"E00132602",2,1,1
"E00132603",9,5,4
"E00132604",7,4,3
"E00132605",2,2,0
"E00132606",5,2,3
"E00132607",5,3,2
"E00132608",1,1,0
"E00132609",4,2,2
"E00132610",6,1,5
"E00132611",10,4,6
"E00132612",4,4,0
"E00132614",12,6,6
"E00132615",5,2,3
"E00132616",7,5,2
"E00132617",4,2,2
"E00132618",11,5,6
"E00132619",2,0,2
"E00132620",1,1,0
"E00132621",2,2,0
"E00132622",5,3,2
"E00132623",6,4,2
"E00132624",2,1,1
"E00132625",0,0,0
"E00132626",2,2,0
"E00132628",0,0,0
"E00132629",1,1,0
"E00132630",3,2,1
"E00132632",0,0,0
"E00132633",12,3,9
"E00132634",9,5,4
"E00132636",1,1,0
"E00132637",5,2,3
"E00132638",5,4,1
"E00132639",3,1,2
"E00132641",1,1,0
"E00132642",0,0,0
"E00132643",0,0,0
"E00132644",1,1,0
"E00132645",2,0,2
"E00132646",1,1,0
"E00132647",2,1,1
"E00132648",5,2,3
"E00132649",6,6,0
"E00132650",0,0,0
"E00132651",3,2,1
"E00132652",3,3,0
"E00132653",0,0,0
"E00132654",2,1,1
"E00132655",0,0,0
"E00132656",2,1,1
"E00132657",0,0,0
"E00132658",0,0,0
"E00132660",5,2,3
"E00132662",6,5,1
"E00132663",4,2,2
"E00132664",6,4,2
"E00132665",0,0,0
"E00132666",0,0,0
"E00132667",3,0,3
"E00132668",0,0,0
"E00132669",3,3,0
"E00132670",0,0,0
"E00132671",3,0,3
"E00132672",1,1,0
"E00132673",1,0,1
"E00132674",2,1,1
"E00132675",6,5,1
"E00132676",4,2,2
"E00132677",4,1,3
"E00132678",8,4,4
"E00132679",0,0,0
"E00132680",0,0,0
"E00132681",4,2,2
"E00132682",0,0,0
"E00132685",2,2,0
"E00132686",4,1,3
"E00132687",2,2,0
"E00132688",0,0,0
"E00132689",2,1,1
"E00132690",1,1,0
"E00132691",2,2,0
"E00132692",6,4,2
"E00132693",0,0,0
"E00132694",0,0,0
"E00132695",3,2,1
"E00132696",3,1,2
"E00132697",2,1,1
"E00132698",3,1,2
"E00132699",3,2,1
"E00132700",0,0,0
"E00132701",0,0,0
"E00132702",0,0,0
"E00132703",5,4,1
"E00132704",3,2,1
"E00132707",2,1,1
"E00132708",0,0,0
"E00132709",12,6,6
"E00132710",2,0,2
"E00132711",4,1,3
"E00132712",1,0,1
"E00132713",3,2,1
"E00132714",11,4,7
"E00132715",2,2,0
"E00132716",5,2,3
"E00132717",2,1,1
"E00132718",9,5,4
"E00132719",0,0,0
"E00132720",6,4,2
"E00132721",0,0,0
"E00132722",5,2,3
"E00132723",1,0,1
"E00132724",1,0,1
"E00132725",1,1,0
"E00132726",5,3,2
"E00132727",3,3,0
"E00132728",5,4,1
"E00132729",0,0,0
"E00132730",5,3,2
"E00132731",1,0,1
"E00132732",6,3,3
"E00132733",7,3,4
"E00132734",2,1,1
"E00132735",10,3,7
"E00132736",4,3,1
"E00132737",3,1,2
"E00132738",4,1,3
"E00132739",3,1,2
"E00132740",3,2,1
"E00132741",6,3,3
"E00132742",7,3,4
"E00132743",4,3,1
"E00132744",8,5,3
"E00132745",6,3,3
"E00132746",4,3,1
"E00132747",8,3,5
"E00132748",1,1,0
"E00132749",1,1,0
"E00132750",2,0,2
"E00132751",3,2,1
"E00132752",15,7,8
"E00132753",16,7,9
"E00132754",3,1,2
"E00132755",0,0,0
"E00132756",7,2,5
"E00132757",11,5,6
"E00132759",10,5,5
"E00132760",5,3,2
"E00132761",2,0,2
"E00132762",2,1,1
"E00132763",3,3,0
"E00132764",2,1,1
"E00132765",1,0,1
"E00132766",0,0,0
"E00132767",1,1,0
"E00132768",0,0,0
"E00132769",0,0,0
"E00132770",4,2,2
"E00132771",4,2,2
"E00132772",2,0,2
"E00132773",0,0,0
"E00132774",4,3,1
"E00132775",0,0,0
"E00132776",2,1,1
"E00132777",1,0,1
"E00132778",6,2,4
"E00132779",2,1,1
"E00132780",3,1,2
"E00132781",1,0,1
"E00132782",0,0,0
"E00132783",1,1,0
"E00132784",0,0,0
"E00132785",0,0,0
"E00132786",1,1,0
"E00132787",2,0,2
"E00132788",2,0,2
"E00132789",9,4,5
"E00132790",0,0,0
"E00132791",2,1,1
"E00132793",3,1,2
"E00132794",2,1,1
"E00132796",5,1,4
"E00132797",2,0,2
"E00132798",3,3,0
"E00132799",0,0,0
"E00132800",5,4,1
"E00132801",1,1,0
"E00132802",4,3,1
"E00132803",1,0,1
"E00132804",2,2,0
"E00132805",0,0,0
"E00132806",0,0,0
"E00132807",0,0,0
"E00132808",0,0,0
"E00132809",7,0,7
"E00132810",3,1,2
"E00132811",0,0,0
"E00132812",7,4,3
"E00132813",1,0,1
"E00132814",6,2,4
"E00132815",2,1,1
"E00132816",3,0,3
"E00132817",3,1,2
"E00132818",1,1,0
"E00132819",1,1,0
"E00132820",1,0,1
"E00132821",3,2,1
"E00132822",0,0,0
"E00132823",0,0,0
"E00132824",0,0,0
"E00132825",3,0,3
"E00132826",1,1,0
"E00132827",2,1,1
"E00132828",0,0,0
"E00132829",5,4,1
"E00132830",4,1,3
"E00132831",0,0,0
"E00132832",2,2,0
"E00132833",1,0,1
"E00132834",2,1,1
"E00132835",3,2,1
"E00132836",5,1,4
"E00132837",4,3,1
"E00132838",2,1,1
"E00132839",1,0,1
"E00132840",2,1,1
"E00132841",2,1,1
"E00132842",1,1,0
"E00132843",0,0,0
"E00132844",2,0,2
"E00132845",0,0,0
"E00132846",0,0,0
"E00132847",0,0,0
"E00132848",0,0,0
"E00132849",2,0,2
"E00132850",1,1,0
"E00132851",2,0,2
"E00132852",1,0,1
"E00132853",3,2,1
"E00132854",1,0,1
"E00132855",0,0,0
"E00132856",3,3,0
"E00132857",1,0,1
"E00132858",0,0,0
"E00132859",4,2,2
"E00132860",12,8,4
"E00132861",16,6,10
"E00132862",9,3,6
"E00132863",5,3,2
"E00132864",6,4,2
"E00132865",7,4,3
"E00132866",4,1,3
"E00132867",12,6,6
"E00132868",6,3,3
"E00132869",6,3,3
"E00132870",2,1,1
"E00132871",5,4,1
"E00132872",7,2,5
"E00132873",1,0,1
"E00132874",5,4,1
"E00132875",5,3,2
"E00132876",4,3,1
"E00132877",0,0,0
"E00132878",0,0,0
"E00132879",2,0,2
"E00132880",2,2,0
"E00132881",7,5,2
"E00132882",4,3,1
"E00132883",0,0,0
"E00132884",5,4,1
"E00132885",2,1,1
"E00132886",2,1,1
"E00132887",3,1,2
"E00132888",1,0,1
"E00132889",1,1,0
"E00132890",2,2,0
"E00132891",0,0,0
"E00132892",3,1,2
"E00132893",3,1,2
"E00132894",2,1,1
"E00132895",3,1,2
"E00132896",2,2,0
"E00132897",1,0,1
"E00132898",4,1,3
"E00132899",2,1,1
"E00132900",2,1,1
"E00132901",2,1,1
"E00132902",1,1,0
"E00132903",0,0,0
"E00132904",0,0,0
"E00132905",2,2,0
"E00132906",4,4,0
"E00132907",0,0,0
"E00132908",6,3,3
"E00132909",0,0,0
"E00132910",2,1,1
"E00132911",1,0,1
"E00132912",6,4,2
"E00132913",1,1,0
"E00132914",0,0,0
"E00132915",3,1,2
"E00132916",2,1,1
"E00132917",0,0,0
"E00132918",7,5,2
"E00132919",3,2,1
"E00132920",0,0,0
"E00132921",2,0,2
"E00132922",1,0,1
"E00132923",6,4,2
"E00132924",1,1,0
"E00132925",5,2,3
"E00132926",11,7,4
"E00132927",5,4,1
"E00132928",5,4,1
"E00132929",9,4,5
"E00132930",4,2,2
"E00132931",4,3,1
"E00132932",9,5,4
"E00132933",3,2,1
"E00132934",7,2,5
"E00132935",9,4,5
"E00132936",1,1,0
"E00132937",10,4,6
"E00132938",1,0,1
"E00132939",12,5,7
"E00132942",8,2,6
"E00132943",2,1,1
"E00132944",0,0,0
"E00132945",2,0,2
"E00132946",3,3,0
"E00132947",6,3,3
"E00132948",1,0,1
"E00132949",0,0,0
"E00132950",1,0,1
"E00132952",10,4,6
"E00132953",7,3,4
"E00132954",14,5,9
"E00132955",1,1,0
"E00132956",9,3,6
"E00132957",1,1,0
"E00132958",1,0,1
"E00132959",0,0,0
"E00132960",1,1,0
"E00132961",1,1,0
"E00132962",3,2,1
"E00132963",12,3,9
"E00132964",8,3,5
"E00132965",0,0,0
"E00132966",2,0,2
"E00132967",8,4,4
"E00132968",0,0,0
"E00132970",2,0,2
"E00132971",13,8,5
"E00132972",3,1,2
"E00132973",1,0,1
"E00132974",3,0,3
"E00132975",3,3,0
"E00132976",6,2,4
"E00132977",0,0,0
"E00132978",0,0,0
"E00132979",6,3,3
"E00132980",5,3,2
"E00132981",2,1,1
"E00132982",7,2,5
"E00132983",1,0,1
"E00132984",0,0,0
"E00132985",7,2,5
"E00132986",6,2,4
"E00132987",5,4,1
"E00132988",8,2,6
"E00132989",5,1,4
"E00132990",13,8,5
"E00132991",6,4,2
"E00132992",1,1,0
"E00132993",4,2,2
"E00132994",14,8,6
"E00132995",10,2,8
"E00132996",3,0,3
"E00132997",4,1,3
"E00132998",8,7,1
"E00132999",4,4,0
"E00133000",6,4,2
"E00133002",19,11,8
"E00133003",5,3,2
"E00133004",6,2,4
"E00133005",9,5,4
"E00133006",4,3,1
"E00133007",6,2,4
"E00133008",7,4,3
"E00133009",7,5,2
"E00133010",7,4,3
"E00133011",4,4,0
"E00133012",0,0,0
"E00133013",9,6,3
"E00133014",8,4,4
"E00133016",8,6,2
"E00133018",7,4,3
"E00133019",5,2,3
"E00133020",2,1,1
"E00133021",6,3,3
"E00133022",8,5,3
"E00133023",2,0,2
"E00133024",5,3,2
"E00133025",11,4,7
"E00133026",0,0,0
"E00133027",3,2,1
"E00133028",2,1,1
"E00133029",0,0,0
"E00133030",5,3,2
"E00133031",5,2,3
"E00133032",4,2,2
"E00133033",2,1,1
"E00133034",8,6,2
"E00133035",3,1,2
"E00133036",3,2,1
"E00133037",4,2,2
"E00133038",0,0,0
"E00133039",6,3,3
"E00133040",6,3,3
"E00133041",7,5,2
"E00133042",4,2,2
"E00133043",3,1,2
"E00133044",11,7,4
"E00133045",3,2,1
"E00133046",10,4,6
"E00133047",2,1,1
"E00133048",2,2,0
"E00133049",7,2,5
"E00133050",6,3,3
"E00133051",0,0,0
"E00133052",0,0,0
"E00133053",2,1,1
"E00133054",4,1,3
"E00133055",7,4,3
"E00133056",4,1,3
"E00133057",4,0,4
"E00133058",2,2,0
"E00133059",2,0,2
"E00133060",1,1,0
"E00133061",2,1,1
"E00133062",2,0,2
"E00133063",2,1,1
"E00133064",6,2,4
"E00133065",2,1,1
"E00133066",4,3,1
"E00133067",5,3,2
"E00133068",3,1,2
"E00133069",1,0,1
"E00133070",7,3,4
"E00133071",6,4,2
"E00133072",2,1,1
"E00133073",5,1,4
"E00133074",1,0,1
"E00133075",6,1,5
"E00133076",5,3,2
"E00133077",2,1,1
"E00133078",2,2,0
"E00133079",4,3,1
"E00133080",3,2,1
"E00133081",4,3,1
"E00133082",3,0,3
"E00133083",4,2,2
"E00133084",3,3,0
"E00133085",2,0,2
"E00133086",2,1,1
"E00133087",0,0,0
"E00133088",6,3,3
"E00133089",4,1,3
"E00133090",1,1,0
"E00133091",4,2,2
"E00133092",6,4,2
"E00133093",18,5,13
"E00133094",6,1,5
"E00133095",5,2,3
"E00133096",7,2,5
"E00133097",0,0,0
"E00133098",2,1,1
"E00133099",7,4,3
"E00133100",4,2,2
"E00133101",2,1,1
"E00133102",2,1,1
"E00133103",6,3,3
"E00133104",3,1,2
"E00133105",4,4,0
"E00133106",4,3,1
"E00133107",7,2,5
"E00133108",13,3,10
"E00133109",0,0,0
"E00133110",2,0,2
"E00133111",3,0,3
"E00133112",6,4,2
"E00133113",1,1,0
"E00133114",6,4,2
"E00133115",5,4,1
"E00133116",2,1,1
"E00133117",4,2,2
"E00133118",0,0,0
"E00133119",5,4,1
"E00133120",3,2,1
"E00133121",1,1,0
"E00133122",2,0,2
"E00133123",0,0,0
"E00133124",1,0,1
"E00133126",4,3,1
"E00133127",1,1,0
"E00133128",2,0,2
"E00133129",1,0,1
"E00133130",6,4,2
"E00133131",2,1,1
"E00133132",2,1,1
"E00133133",0,0,0
"E00133134",0,0,0
"E00133135",2,2,0
"E00133136",5,1,4
"E00133137",2,2,0
"E00133138",2,0,2
"E00133139",2,1,1
"E00133140",3,1,2
"E00133141",4,3,1
"E00133142",3,1,2
"E00133143",1,1,0
"E00133144",1,0,1
"E00133145",0,0,0
"E00133146",1,0,1
"E00133147",2,1,1
"E00133148",3,0,3
"E00133149",5,3,2
"E00133150",6,3,3
"E00133151",4,2,2
"E00133152",3,1,2
"E00133153",3,1,2
"E00133154",7,2,5
"E00133155",4,2,2
"E00133156",10,6,4
"E00133157",6,4,2
"E00133158",4,3,1
"E00133159",1,0,1
"E00133160",8,5,3
"E00133161",5,3,2
"E00133162",1,0,1
"E00133163",1,1,0
"E00133164",3,2,1
"E00133165",6,3,3
"E00133166",0,0,0
"E00133167",5,2,3
"E00133168",3,1,2
"E00133169",2,1,1
"E00133170",5,2,3
"E00133171",4,1,3
"E00133172",9,4,5
"E00133173",1,1,0
"E00133174",15,4,11
"E00133175",1,1,0
"E00133176",0,0,0
"E00133177",0,0,0
"E00133178",3,2,1
"E00133179",0,0,0
"E00133180",4,1,3
"E00133181",3,1,2
"E00133182",3,2,1
"E00133183",4,1,3
"E00133184",2,0,2
"E00133185",5,3,2
"E00133186",0,0,0
"E00133187",2,0,2
"E00133188",7,3,4
"E00133189",1,0,1
"E00133190",3,2,1
"E00133191",4,3,1
"E00133192",2,1,1
"E00133193",3,3,0
"E00133194",2,2,0
"E00133195",0,0,0
"E00133196",3,2,1
"E00133197",0,0,0
"E00133198",13,8,5
"E00133199",2,1,1
"E00133200",2,2,0
"E00133201",14,5,9
"E00133202",3,2,1
"E00133203",3,1,2
"E00133204",1,0,1
"E00133205",4,1,3
"E00133206",9,1,8
"E00133207",2,1,1
"E00133208",6,4,2
"E00133209",10,6,4
"E00133210",10,6,4
"E00133211",4,3,1
"E00133212",1,1,0
"E00133213",13,7,6
"E00133214",3,2,1
"E00133215",3,1,2
"E00133216",1,0,1
"E00133217",1,0,1
"E00133218",1,1,0
"E00133219",11,6,5
"E00133220",7,2,5
"E00133223",9,6,3
"E00133224",6,2,4
"E00133225",21,12,9
"E00133226",2,1,1
"E00133227",0,0,0
"E00133228",6,1,5
"E00133229",2,1,1
"E00133230",5,3,2
"E00133231",3,1,2
"E00133232",3,1,2
"E00133235",2,0,2
"E00133236",3,2,1
"E00133237",14,6,8
"E00133238",6,3,3
"E00133239",2,0,2
"E00133240",5,4,1
"E00133241",5,4,1
"E00133242",5,3,2
"E00133243",3,1,2
"E00133244",3,2,1
"E00133245",0,0,0
"E00133246",2,2,0
"E00133247",1,0,1
"E00133248",3,2,1
"E00133249",6,4,2
"E00133250",4,2,2
"E00133251",7,5,2
"E00133252",4,1,3
"E00133253",7,3,4
"E00133254",0,0,0
"E00133255",3,3,0
"E00133256",6,3,3
"E00133258",3,0,3
"E00133259",5,2,3
"E00133260",3,2,1
"E00133261",4,3,1
"E00133262",2,0,2
"E00133263",5,4,1
"E00133264",4,1,3
"E00133265",3,2,1
"E00133266",1,0,1
"E00133267",4,1,3
"E00133268",3,2,1
"E00133269",6,4,2
"E00133270",4,3,1
"E00133271",2,1,1
"E00133272",5,2,3
"E00133273",1,0,1
"E00133274",3,2,1
"E00133275",4,3,1
"E00133276",9,3,6
"E00133277",7,5,2
"E00133278",3,2,1
"E00133279",1,0,1
"E00133280",2,0,2
"E00133281",1,0,1
"E00133282",3,2,1
"E00133283",3,3,0
"E00133284",4,4,0
"E00133285",7,3,4
"E00133286",1,0,1
"E00133287",7,6,1
"E00133288",3,2,1
"E00133289",0,0,0
"E00133290",2,0,2
"E00133291",1,1,0
"E00133292",0,0,0
"E00133293",1,0,1
"E00133294",2,0,2
"E00133295",6,1,5
"E00133296",4,2,2
"E00133297",6,5,1
"E00133298",4,1,3
"E00133299",0,0,0
"E00133300",2,0,2
"E00133301",2,1,1
"E00133302",1,0,1
"E00133303",3,3,0
"E00133304",0,0,0
"E00133305",6,3,3
"E00133306",2,0,2
"E00133307",3,2,1
"E00133308",5,1,4
"E00133309",0,0,0
"E00133310",0,0,0
"E00133311",1,0,1
"E00133312",0,0,0
"E00133313",2,2,0
"E00133314",4,3,1
"E00133315",3,1,2
"E00133316",5,1,4
"E00133317",3,2,1
"E00133318",2,1,1
"E00133319",1,1,0
"E00133320",2,1,1
"E00133321",6,2,4
"E00133322",3,0,3
"E00133323",1,0,1
"E00133324",2,2,0
"E00133325",1,1,0
"E00133326",2,1,1
"E00133327",1,0,1
"E00133328",0,0,0
"E00133329",5,1,4
"E00133330",2,1,1
"E00133331",0,0,0
"E00133332",5,4,1
"E00133333",6,5,1
"E00133334",0,0,0
"E00133335",3,1,2
"E00133336",0,0,0
"E00133337",1,0,1
"E00133338",7,4,3
"E00133339",7,3,4
"E00133340",2,0,2
"E00133341",0,0,0
"E00133342",1,1,0
"E00133343",3,2,1
"E00133344",3,2,1
"E00133345",0,0,0
"E00133346",1,0,1
"E00133347",3,1,2
"E00133348",0,0,0
"E00133349",2,1,1
"E00133350",1,1,0
"E00133351",2,1,1
"E00133352",4,3,1
"E00133353",4,0,4
"E00133354",1,0,1
"E00133355",1,0,1
"E00133356",2,0,2
"E00133357",3,1,2
"E00133358",4,2,2
"E00133359",4,1,3
"E00133360",4,1,3
"E00133361",5,4,1
"E00133362",4,2,2
"E00133363",2,0,2
"E00133364",1,1,0
"E00133365",2,2,0
"E00133366",2,0,2
"E00133367",2,1,1
"E00133368",6,2,4
"E00133369",1,0,1
"E00133370",1,0,1
"E00133371",5,2,3
"E00133372",8,5,3
"E00133373",2,1,1
"E00133374",6,3,3
"E00133375",4,2,2
"E00133376",4,1,3
"E00133377",4,2,2
"E00133378",0,0,0
"E00133379",3,1,2
"E00133380",16,7,9
"E00133381",7,4,3
"E00133382",2,0,2
"E00133383",0,0,0
"E00133384",9,2,7
"E00133385",5,1,4
"E00133386",4,3,1
"E00133388",6,2,4
"E00133389",2,2,0
"E00133390",4,0,4
"E00133391",1,1,0
"E00133392",5,3,2
"E00133393",1,1,0
"E00133394",3,1,2
"E00133395",4,2,2
"E00133396",2,1,1
"E00133397",1,1,0
"E00133398",2,1,1
"E00133399",5,2,3
"E00133400",3,2,1
"E00133401",5,1,4
"E00133402",6,3,3
"E00133403",5,0,5
"E00133404",6,3,3
"E00133405",5,2,3
"E00133406",0,0,0
"E00133407",3,2,1
"E00133409",8,4,4
"E00133410",5,2,3
"E00133411",2,0,2
"E00133412",4,2,2
"E00133413",5,3,2
"E00133414",0,0,0
"E00133415",6,4,2
"E00133416",3,1,2
"E00133417",3,2,1
"E00133418",7,3,4
"E00133419",2,1,1
"E00133420",4,2,2
"E00133421",0,0,0
"E00133422",0,0,0
"E00133423",4,1,3
"E00133424",1,0,1
"E00133425",9,4,5
"E00133426",4,2,2
"E00133427",3,2,1
"E00133428",4,2,2
"E00133429",2,1,1
"E00133430",4,2,2
"E00133431",1,0,1
"E00133432",1,0,1
"E00133433",0,0,0
"E00133434",0,0,0
"E00133435",5,3,2
"E00133436",1,0,1
"E00133437",3,2,1
"E00133438",5,1,4
"E00133439",7,4,3
"E00133440",5,1,4
"E00133441",2,1,1
"E00133442",4,3,1
"E00133443",3,3,0
"E00133444",5,3,2
"E00133446",4,1,3
"E00133447",9,6,3
"E00133448",5,4,1
"E00133449",0,0,0
"E00133450",5,1,4
"E00133451",3,0,3
"E00133452",9,4,5
"E00133453",10,6,4
"E00133454",1,0,1
"E00133455",1,0,1
"E00133456",1,1,0
"E00133457",4,2,2
"E00133458",1,0,1
"E00133459",1,1,0
"E00133460",4,1,3
"E00133461",9,6,3
"E00133462",3,1,2
"E00133463",5,4,1
"E00133464",0,0,0
"E00133465",6,2,4
"E00133466",1,1,0
"E00133467",1,0,1
"E00133469",2,0,2
"E00133470",2,0,2
"E00133471",2,1,1
"E00133472",2,2,0
"E00133473",0,0,0
"E00133474",0,0,0
"E00133475",3,1,2
"E00133476",1,1,0
"E00133477",0,0,0
"E00133478",1,1,0
"E00133479",5,3,2
"E00133480",0,0,0
"E00133481",7,3,4
"E00133482",4,2,2
"E00133483",2,1,1
"E00133484",7,4,3
"E00133485",0,0,0
"E00133486",12,5,7
"E00133487",2,2,0
"E00133488",3,2,1
"E00133489",3,2,1
"E00133490",6,2,4
"E00133491",1,1,0
"E00133492",4,3,1
"E00133493",7,2,5
"E00133494",3,1,2
"E00133495",2,2,0
"E00133496",11,7,4
"E00133497",9,5,4
"E00133498",1,1,0
"E00133499",2,0,2
"E00133500",4,0,4
"E00133501",3,1,2
"E00133502",4,3,1
"E00133503",3,1,2
"E00133504",4,2,2
"E00133505",5,1,4
"E00133506",6,3,3
"E00133507",0,0,0
"E00133508",2,0,2
"E00133509",3,0,3
"E00133510",0,0,0
"E00133511",7,3,4
"E00133512",0,0,0
"E00133513",8,2,6
"E00133514",2,2,0
"E00133515",2,0,2
"E00133516",8,3,5
"E00133517",1,1,0
"E00133518",3,1,2
"E00133520",8,4,4
"E00133521",3,1,2
"E00133522",2,0,2
"E00133523",0,0,0
"E00133524",3,1,2
"E00133525",4,3,1
"E00133526",2,1,1
"E00133527",6,4,2
"E00133528",6,3,3
"E00133529",4,2,2
"E00133530",9,8,1
"E00133531",1,1,0
"E00133532",9,3,6
"E00133533",4,4,0
"E00133534",8,3,5
"E00133535",4,4,0
"E00133536",12,5,7
"E00133537",5,4,1
"E00133538",8,3,5
"E00133539",7,1,6
"E00133540",3,0,3
"E00133541",4,2,2
"E00133542",6,6,0
"E00133543",6,3,3
"E00133544",3,2,1
"E00133547",2,0,2
"E00133548",2,1,1
"E00133549",0,0,0
"E00133550",4,4,0
"E00133551",1,1,0
"E00133552",0,0,0
"E00133553",10,4,6
"E00133554",1,0,1
"E00133555",14,7,7
"E00133556",7,4,3
"E00133557",9,6,3
"E00133558",8,3,5
"E00133559",6,0,6
"E00133560",7,3,4
"E00133561",5,2,3
"E00133562",7,4,3
"E00133563",11,8,3
"E00133564",2,1,1
"E00133565",4,3,1
"E00133566",9,4,5
"E00133567",5,2,3
"E00133568",5,1,4
"E00133569",1,1,0
"E00133570",0,0,0
"E00133571",8,3,5
"E00133572",1,1,0
"E00133573",0,0,0
"E00133574",2,1,1
"E00133575",6,0,6
"E00133576",6,3,3
"E00133578",3,1,2
"E00133579",4,2,2
"E00133580",6,3,3
"E00133581",7,5,2
"E00133582",7,2,5
"E00133583",12,3,9
"E00133584",11,5,6
"E00133585",7,3,4
"E00133586",4,1,3
"E00133587",11,7,4
"E00133588",4,2,2
"E00133589",7,5,2
"E00133590",1,1,0
"E00133591",8,3,5
"E00133592",5,1,4
"E00133593",7,6,1
"E00133594",5,3,2
"E00133595",3,2,1
"E00133596",7,4,3
"E00133597",5,4,1
"E00133598",4,1,3
"E00133599",8,7,1
"E00133600",4,1,3
"E00133601",5,2,3
"E00133602",8,2,6
"E00133603",11,5,6
"E00133604",3,1,2
"E00133605",4,1,3
"E00133606",12,7,5
"E00133607",1,0,1
"E00133608",12,6,6
"E00133609",3,2,1
"E00133610",4,3,1
"E00133611",6,3,3
"E00133612",4,2,2
"E00133613",5,3,2
"E00133614",3,1,2
"E00133615",3,2,1
"E00133616",8,6,2
"E00133617",2,1,1
"E00133618",7,3,4
"E00133619",0,0,0
"E00133620",1,0,1
"E00133621",3,1,2
"E00133622",1,0,1
"E00133623",11,5,6
"E00133624",2,2,0
"E00133625",1,1,0
"E00133626",5,2,3
"E00133627",1,1,0
"E00133628",2,2,0
"E00133629",2,1,1
"E00133630",1,1,0
"E00133631",4,1,3
"E00133632",4,2,2
"E00133633",1,1,0
"E00133634",4,2,2
"E00133635",1,0,1
"E00133636",2,2,0
"E00133637",1,1,0
"E00133638",1,1,0
"E00133639",0,0,0
"E00133640",2,0,2
"E00133641",6,3,3
"E00133642",2,0,2
"E00133643",2,0,2
"E00133644",6,3,3
"E00133645",7,3,4
"E00133646",7,3,4
"E00133647",5,3,2
"E00133648",12,9,3
"E00133649",5,2,3
"E00133650",2,2,0
"E00133651",5,2,3
"E00133652",6,3,3
"E00133653",0,0,0
"E00133654",3,1,2
"E00133655",2,1,1
"E00133656",1,0,1
"E00133657",9,5,4
"E00133661",13,7,6
"E00133662",9,2,7
"E00133663",7,3,4
"E00133664",7,4,3
"E00133665",15,7,8
"E00133666",5,3,2
"E00133667",1,1,0
"E00133668",3,0,3
"E00133669",2,0,2
"E00133670",1,1,0
"E00133671",0,0,0
"E00133672",5,5,0
"E00133673",1,1,0
"E00133675",4,3,1
"E00133676",6,3,3
"E00133678",4,2,2
"E00133679",5,2,3
"E00133680",4,2,2
"E00133681",3,2,1
"E00133682",7,3,4
"E00133683",2,2,0
"E00133684",10,5,5
"E00133686",4,3,1
"E00133687",7,3,4
"E00133688",3,2,1
"E00133689",8,4,4
"E00133690",4,2,2
"E00133691",4,3,1
"E00133692",9,7,2
"E00133693",8,3,5
"E00133694",4,2,2
"E00133695",4,3,1
"E00133696",1,0,1
"E00133697",0,0,0
"E00133698",4,1,3
"E00133699",4,2,2
"E00133700",3,3,0
"E00133701",8,3,5
"E00133702",5,3,2
"E00133703",3,3,0
"E00133704",8,6,2
"E00133705",5,2,3
"E00133706",0,0,0
"E00133707",4,4,0
"E00133708",0,0,0
"E00133709",8,6,2
"E00133710",4,1,3
"E00133711",2,0,2
"E00133712",0,0,0
"E00133713",6,4,2
"E00133714",0,0,0
"E00133715",3,1,2
"E00133716",2,2,0
"E00133717",1,1,0
"E00133718",7,3,4
"E00133719",0,0,0
"E00133720",3,1,2
"E00133721",7,4,3
"E00133722",0,0,0
"E00133723",1,0,1
"E00133724",2,0,2
"E00133725",0,0,0
"E00133726",0,0,0
"E00133727",8,4,4
"E00133728",7,3,4
"E00133729",0,0,0
"E00133730",4,1,3
"E00133731",3,1,2
"E00133732",1,1,0
"E00133733",2,0,2
"E00133734",7,5,2
"E00133735",6,5,1
"E00133736",23,12,11
"E00133737",12,7,5
"E00133738",11,8,3
"E00133739",10,4,6
"E00133740",16,8,8
"E00133741",4,1,3
"E00133742",9,5,4
"E00133743",17,7,10
"E00133744",1,1,0
"E00133745",0,0,0
"E00133747",1,1,0
"E00133748",7,5,2
"E00133750",11,6,5
"E00133751",11,3,8
"E00133752",4,2,2
"E00133753",8,3,5
"E00133754",7,4,3
"E00133755",4,2,2
"E00133756",1,0,1
"E00133757",7,4,3
"E00133758",5,3,2
"E00133759",8,7,1
"E00133760",15,9,6
"E00133761",6,2,4
"E00133762",10,5,5
"E00133763",6,3,3
"E00133764",13,8,5
"E00133765",8,2,6
"E00133766",5,3,2
"E00133767",16,8,8
"E00133768",1,1,0
"E00133769",10,8,2
"E00133770",2,1,1
"E00133771",1,0,1
"E00133772",1,0,1
"E00133773",1,0,1
"E00133774",13,7,6
"E00133775",8,5,3
"E00133776",11,6,5
"E00133777",4,1,3
"E00133778",1,1,0
"E00133779",16,10,6
"E00133780",14,8,6
"E00133781",6,0,6
"E00133782",3,1,2
"E00133783",14,7,7
"E00133784",7,3,4
"E00133785",10,2,8
"E00133786",5,4,1
"E00133787",16,7,9
"E00133788",3,3,0
"E00133789",0,0,0
"E00133790",5,4,1
"E00133791",3,2,1
"E00133792",0,0,0
"E00133793",4,3,1
"E00133794",2,1,1
"E00133795",7,2,5
"E00133796",4,2,2
"E00133797",2,0,2
"E00133798",4,3,1
"E00133799",4,2,2
"E00133800",8,4,4
"E00133801",10,4,6
"E00133802",5,3,2
"E00133803",8,4,4
"E00133804",5,5,0
"E00133805",6,3,3
"E00133806",3,2,1
"E00133807",3,1,2
"E00133808",6,2,4
"E00133809",10,4,6
"E00133810",0,0,0
"E00133811",7,3,4
"E00133812",8,3,5
"E00133813",4,2,2
"E00133814",1,1,0
"E00133815",2,1,1
"E00133816",5,2,3
"E00133817",2,1,1
"E00133818",2,2,0
"E00133819",7,3,4
"E00133820",2,2,0
"E00133821",1,0,1
"E00133822",2,1,1
"E00133823",5,3,2
"E00133824",5,3,2
"E00133825",1,1,0
"E00133826",0,0,0
"E00133827",5,2,3
"E00133828",1,0,1
"E00133829",1,0,1
"E00133830",8,8,0
"E00133831",3,1,2
"E00133832",1,1,0
"E00133833",8,2,6
"E00133834",5,1,4
"E00133835",3,1,2
"E00133836",2,1,1
"E00133837",2,1,1
"E00133838",10,4,6
"E00133839",3,0,3
"E00133840",0,0,0
"E00133841",5,2,3
"E00133842",11,5,6
"E00133843",0,0,0
"E00133844",1,1,0
"E00133845",3,1,2
"E00133846",2,1,1
"E00133847",3,3,0
"E00133848",6,2,4
"E00133849",4,3,1
"E00133850",4,3,1
"E00133851",2,2,0
"E00133852",7,0,7
"E00133853",5,2,3
"E00133854",3,1,2
"E00133855",14,7,7
"E00133856",4,2,2
"E00133857",4,3,1
"E00133858",2,2,0
"E00133859",11,9,2
"E00133860",1,1,0
"E00133861",0,0,0
"E00133862",2,2,0
"E00133863",10,4,6
"E00133864",14,10,4
"E00133865",3,3,0
"E00133866",4,2,2
"E00133867",4,1,3
"E00133868",3,2,1
"E00133869",13,5,8
"E00133870",6,5,1
"E00133871",7,6,1
"E00133872",4,2,2
"E00133873",10,5,5
"E00133874",13,4,9
"E00133875",3,1,2
"E00133876",10,6,4
"E00133877",7,4,3
"E00133878",3,2,1
"E00133879",2,1,1
"E00133880",4,2,2
"E00133881",4,3,1
"E00133882",14,5,9
"E00133883",6,3,3
"E00133884",5,2,3
"E00133885",4,2,2
"E00133886",4,2,2
"E00133887",4,2,2
"E00133888",7,5,2
"E00133889",3,2,1
"E00133890",5,4,1
"E00133891",12,5,7
"E00133892",7,4,3
"E00133893",6,0,6
"E00133894",8,5,3
"E00133895",7,4,3
"E00133896",9,3,6
"E00133897",5,4,1
"E00133898",12,2,10
"E00133899",1,0,1
"E00133900",1,1,0
"E00133901",8,5,3
"E00133902",6,3,3
"E00133903",18,11,7
"E00133904",3,0,3
"E00133905",8,4,4
"E00133906",5,4,1
"E00133907",2,0,2
"E00133908",3,1,2
"E00133909",4,2,2
"E00133910",4,1,3
"E00133911",4,2,2
"E00133912",6,3,3
"E00133913",9,4,5
"E00133914",12,4,8
"E00133915",15,4,11
"E00133916",6,2,4
"E00133917",12,4,8
"E00133918",11,5,6
"E00133919",10,6,4
"E00133920",15,7,8
"E00133921",6,3,3
"E00133922",6,4,2
"E00133923",2,2,0
"E00133924",9,5,4
"E00133925",4,2,2
"E00133926",2,0,2
"E00133927",2,1,1
"E00133928",12,5,7
"E00133929",0,0,0
"E00133930",5,2,3
"E00133931",8,3,5
"E00133932",10,3,7
"E00133933",4,4,0
"E00133934",15,8,7
"E00133935",11,5,6
"E00133936",8,4,4
"E00133937",2,2,0
"E00133938",2,1,1
"E00133939",0,0,0
"E00133940",2,1,1
"E00133941",0,0,0
"E00133942",1,1,0
"E00133943",6,6,0
"E00133944",5,3,2
"E00133945",7,6,1
"E00133946",3,1,2
"E00133947",6,2,4
"E00133948",3,2,1
"E00133949",4,0,4
"E00133950",5,1,4
"E00133951",6,2,4
"E00133952",4,2,2
"E00133953",7,2,5
"E00133954",2,0,2
"E00133955",3,0,3
"E00133956",0,0,0
"E00133957",4,4,0
"E00133958",0,0,0
"E00133959",4,1,3
"E00133960",7,5,2
"E00133962",1,1,0
"E00133963",6,4,2
"E00133964",5,2,3
"E00133965",4,1,3
"E00133966",3,3,0
"E00133967",8,5,3
"E00133968",2,1,1
"E00133969",7,6,1
"E00133970",4,0,4
"E00133971",10,7,3
"E00133972",5,2,3
"E00133973",1,1,0
"E00133974",2,1,1
"E00133975",7,2,5
"E00133976",1,1,0
"E00133977",1,0,1
"E00133978",1,0,1
"E00133981",2,2,0
"E00133982",3,1,2
"E00133983",2,1,1
"E00133984",4,2,2
"E00133985",0,0,0
"E00133986",0,0,0
"E00133988",2,0,2
"E00133989",7,4,3
"E00133990",0,0,0
"E00133991",1,1,0
"E00133992",0,0,0
"E00133993",2,0,2
"E00133994",2,2,0
"E00133995",1,1,0
"E00133996",1,0,1
"E00133997",0,0,0
"E00133998",3,1,2
"E00133999",1,0,1
"E00134000",2,0,2
"E00134001",3,1,2
"E00134002",3,2,1
"E00134003",1,0,1
"E00134004",2,1,1
"E00134005",9,3,6
"E00134006",2,2,0
"E00134007",4,3,1
"E00134008",4,3,1
"E00134009",6,4,2
"E00134010",0,0,0
"E00134011",0,0,0
"E00134012",0,0,0
"E00134014",4,3,1
"E00134015",6,5,1
"E00134016",4,2,2
"E00134017",3,0,3
"E00134018",5,0,5
"E00134019",10,5,5
"E00134020",5,4,1
"E00134021",3,2,1
"E00134022",1,0,1
"E00134023",1,1,0
"E00134024",1,0,1
"E00134025",3,1,2
"E00134026",1,1,0
"E00134027",2,2,0
"E00134028",1,1,0
"E00134029",0,0,0
"E00134030",3,2,1
"E00134031",2,0,2
"E00134032",1,1,0
"E00134033",0,0,0
"E00134034",1,0,1
"E00134035",1,1,0
"E00134036",3,0,3
"E00134037",0,0,0
"E00134038",1,0,1
"E00134039",1,1,0
"E00134040",4,3,1
"E00134041",0,0,0
"E00134042",3,2,1
"E00134043",6,4,2
"E00134044",3,2,1
"E00134045",1,0,1
"E00134046",7,1,6
"E00134047",6,2,4
"E00134048",1,0,1
"E00134049",4,1,3
"E00134050",1,0,1
"E00134051",2,1,1
"E00134052",7,4,3
"E00134053",12,7,5
"E00134054",4,1,3
"E00134055",11,3,8
"E00134056",5,1,4
"E00134057",2,0,2
"E00134058",8,7,1
"E00134059",10,2,8
"E00134060",3,1,2
"E00134061",7,1,6
"E00134062",4,3,1
"E00134063",2,1,1
"E00134064",4,1,3
"E00134065",5,1,4
"E00134066",0,0,0
"E00134067",11,6,5
"E00134068",8,5,3
"E00134069",1,1,0
"E00134070",1,0,1
"E00134071",2,1,1
"E00134072",2,1,1
"E00134073",5,3,2
"E00134074",3,2,1
"E00134075",2,1,1
"E00134076",0,0,0
"E00134077",1,1,0
"E00134078",5,1,4
"E00134079",8,5,3
"E00134080",3,1,2
"E00134081",0,0,0
"E00134082",7,5,2
"E00134083",7,5,2
"E00134084",13,7,6
"E00134085",8,4,4
"E00134086",6,2,4
"E00134088",8,6,2
"E00134089",5,1,4
"E00134090",1,0,1
"E00134091",3,1,2
"E00134092",8,4,4
"E00134093",6,3,3
"E00134095",1,0,1
"E00134096",8,3,5
"E00134097",5,3,2
"E00134098",8,5,3
"E00134099",6,4,2
"E00134100",8,6,2
"E00134101",3,3,0
"E00134102",6,3,3
"E00134103",4,3,1
"E00134104",3,3,0
"E00134105",6,3,3
"E00134106",3,1,2
"E00134107",11,8,3
"E00134108",2,1,1
"E00134110",6,2,4
"E00134111",1,0,1
"E00134112",8,2,6
"E00134113",4,2,2
"E00134114",1,1,0
"E00134115",6,4,2
"E00134116",4,0,4
"E00134117",1,0,1
"E00134118",5,2,3
"E00134119",0,0,0
"E00134120",2,0,2
"E00134121",7,5,2
"E00134122",5,3,2
"E00134123",0,0,0
"E00134124",2,2,0
"E00134125",5,4,1
"E00134126",1,0,1
"E00134127",9,5,4
"E00134128",7,4,3
"E00134129",4,4,0
"E00134130",4,4,0
"E00134131",6,2,4
"E00134132",7,2,5
"E00134133",4,3,1
"E00134134",5,4,1
"E00134135",8,2,6
"E00134136",3,2,1
"E00134137",3,1,2
"E00134138",5,3,2
"E00134139",6,2,4
"E00134140",3,1,2
"E00134141",4,3,1
"E00134142",7,4,3
"E00134143",5,3,2
"E00134144",3,1,2
"E00134145",1,1,0
"E00134146",1,0,1
"E00134147",11,2,9
"E00134148",3,1,2
"E00134149",2,2,0
"E00134150",7,1,6
"E00134151",8,3,5
"E00134152",11,3,8
"E00134153",14,4,10
"E00134154",6,2,4
"E00134155",2,1,1
"E00134156",5,3,2
"E00134157",3,0,3
"E00134158",9,4,5
"E00134159",6,3,3
"E00134160",2,1,1
"E00134161",10,4,6
"E00134162",10,5,5
"E00134163",9,6,3
"E00134164",12,8,4
"E00134165",5,3,2
"E00134166",4,2,2
"E00134167",3,2,1
"E00134168",5,3,2
"E00134169",8,3,5
"E00134170",1,0,1
"E00134171",3,2,1
"E00134172",0,0,0
"E00134173",4,2,2
"E00134174",6,3,3
"E00134175",3,0,3
"E00134176",7,5,2
"E00134177",3,1,2
"E00134178",8,4,4
"E00134179",6,5,1
"E00134180",0,0,0
"E00134181",0,0,0
"E00134182",4,3,1
"E00134183",9,6,3
"E00134184",4,3,1
"E00134185",11,5,6
"E00134186",6,4,2
"E00134187",1,0,1
"E00134188",2,1,1
"E00134189",3,3,0
"E00134190",4,4,0
"E00134191",2,2,0
"E00134192",2,1,1
"E00134193",8,6,2
"E00134194",2,1,1
"E00134195",7,2,5
"E00134196",10,4,6
"E00134197",11,8,3
"E00134198",18,5,13
"E00134199",6,2,4
"E00134200",11,4,7
"E00134201",8,5,3
"E00134202",3,1,2
"E00134203",6,4,2
"E00134204",9,5,4
"E00134205",10,8,2
"E00134206",5,4,1
"E00134207",10,8,2
"E00134208",6,5,1
"E00134209",9,4,5
"E00134210",5,2,3
"E00134211",5,1,4
"E00134212",7,2,5
"E00134213",5,3,2
"E00134214",3,2,1
"E00134216",5,3,2
"E00134217",4,2,2
"E00134219",9,5,4
"E00134220",8,5,3
"E00134221",4,1,3
"E00134222",5,3,2
"E00134223",2,1,1
"E00134224",2,2,0
"E00134225",0,0,0
"E00134226",9,4,5
"E00134227",5,3,2
"E00134228",1,0,1
"E00134229",5,1,4
"E00134230",8,6,2
"E00134231",6,4,2
"E00134232",4,4,0
"E00134233",6,1,5
"E00134234",14,10,4
"E00134235",7,4,3
"E00134236",8,5,3
"E00134237",2,1,1
"E00134238",1,0,1
"E00134239",3,1,2
"E00134240",2,0,2
"E00134241",3,2,1
"E00134242",4,2,2
"E00134243",4,2,2
"E00134244",0,0,0
"E00134245",0,0,0
"E00134246",0,0,0
"E00134247",1,0,1
"E00134248",5,3,2
"E00134249",2,1,1
"E00134251",5,4,1
"E00134253",3,2,1
"E00134254",3,1,2
"E00134255",0,0,0
"E00134256",4,3,1
"E00134257",6,4,2
"E00134258",0,0,0
"E00134260",0,0,0
"E00134261",1,1,0
"E00134262",5,2,3
"E00134263",8,7,1
"E00134264",1,1,0
"E00134265",3,0,3
"E00134266",2,1,1
"E00134267",1,1,0
"E00134268",1,0,1
"E00134269",0,0,0
"E00134270",2,2,0
"E00134271",7,5,2
"E00134272",11,3,8
"E00134273",0,0,0
"E00134274",1,0,1
"E00134275",4,1,3
"E00134276",2,0,2
"E00134277",3,2,1
"E00134278",6,5,1
"E00134280",0,0,0
"E00134281",8,5,3
"E00134282",2,1,1
"E00134283",2,1,1
"E00134284",6,6,0
"E00134286",3,1,2
"E00134287",5,2,3
"E00134288",0,0,0
"E00134289",1,0,1
"E00134290",6,2,4
"E00134291",2,1,1
"E00134292",2,1,1
"E00134293",7,4,3
"E00134294",4,2,2
"E00134295",1,1,0
"E00134296",0,0,0
"E00134297",2,0,2
"E00134299",3,3,0
"E00134300",0,0,0
"E00134301",4,3,1
"E00134302",3,0,3
"E00134303",2,1,1
"E00134304",1,0,1
"E00134305",0,0,0
"E00134306",2,1,1
"E00134307",6,4,2
"E00134308",3,1,2
"E00134309",0,0,0
"E00134310",1,0,1
"E00134311",3,0,3
"E00134312",3,2,1
"E00134313",5,3,2
"E00134314",8,5,3
"E00134315",3,2,1
"E00134316",7,2,5
"E00134317",2,2,0
"E00134318",10,4,6
"E00134319",12,7,5
"E00134320",7,4,3
"E00134321",4,2,2
"E00134322",0,0,0
"E00134323",2,1,1
"E00134324",5,2,3
"E00134325",8,4,4
"E00134326",11,7,4
"E00134327",0,0,0
"E00134328",9,5,4
"E00134329",12,2,10
"E00134330",2,2,0
"E00134331",1,0,1
"E00134332",7,3,4
"E00134333",5,2,3
"E00134334",2,2,0
"E00134335",4,3,1
"E00134336",8,4,4
"E00134337",1,1,0
"E00134338",3,3,0
"E00134339",8,5,3
"E00134341",4,1,3
"E00134343",0,0,0
"E00134344",13,6,7
"E00134345",0,0,0
"E00134346",7,4,3
"E00134347",0,0,0
"E00134348",2,1,1
"E00134349",2,0,2
"E00134351",1,0,1
"E00134352",5,2,3
"E00134353",1,1,0
"E00134354",7,3,4
"E00134355",4,1,3
"E00134356",7,6,1
"E00134357",6,3,3
"E00134358",0,0,0
"E00134359",0,0,0
"E00134360",1,1,0
"E00134361",5,1,4
"E00134362",3,2,1
"E00134363",10,3,7
"E00134364",5,3,2
"E00134365",4,2,2
"E00134366",2,1,1
"E00134367",6,2,4
"E00134368",9,6,3
"E00134369",0,0,0
"E00134370",5,3,2
"E00134372",5,2,3
"E00134373",2,0,2
"E00134376",7,5,2
"E00134378",2,2,0
"E00134379",6,2,4
"E00134380",0,0,0
"E00134381",0,0,0
"E00134382",2,2,0
"E00134383",3,2,1
"E00134384",4,0,4
"E00134385",0,0,0
"E00134386",10,4,6
"E00134387",2,2,0
"E00134388",1,0,1
"E00134389",4,2,2
"E00134390",5,2,3
"E00134391",6,2,4
"E00134392",0,0,0
"E00134393",0,0,0
"E00134394",0,0,0
"E00134395",2,1,1
"E00134397",5,3,2
"E00134398",0,0,0
"E00134399",3,2,1
"E00134400",1,0,1
"E00134401",3,1,2
"E00134402",5,2,3
"E00134403",8,4,4
"E00134404",1,1,0
"E00134406",0,0,0
"E00134407",1,0,1
"E00134408",8,3,5
"E00134409",0,0,0
"E00134410",2,2,0
"E00134411",4,3,1
"E00134412",6,4,2
"E00134413",3,1,2
"E00134414",0,0,0
"E00134415",3,2,1
"E00134416",2,2,0
"E00134417",11,5,6
"E00134418",8,5,3
"E00134419",5,5,0
"E00134420",3,3,0
"E00134421",2,0,2
"E00134422",4,3,1
"E00134423",5,2,3
"E00134424",4,0,4
"E00134425",2,2,0
"E00134426",8,6,2
"E00134427",5,2,3
"E00134428",1,0,1
"E00134429",0,0,0
"E00134430",2,1,1
"E00134431",4,2,2
"E00134432",0,0,0
"E00134433",9,4,5
"E00134434",4,3,1
"E00134435",10,5,5
"E00134436",6,2,4
"E00134437",9,5,4
"E00134438",1,0,1
"E00134439",2,1,1
"E00134440",5,1,4
"E00134441",1,1,0
"E00134442",6,4,2
"E00134443",6,0,6
"E00134444",3,1,2
"E00134445",0,0,0
"E00134446",0,0,0
"E00134447",0,0,0
"E00134448",4,2,2
"E00134449",0,0,0
"E00134450",4,1,3
"E00134451",3,3,0
"E00134452",2,0,2
"E00134453",4,1,3
"E00134454",2,1,1
"E00134455",9,8,1
"E00134456",2,1,1
"E00134457",0,0,0
"E00134458",2,0,2
"E00134459",4,1,3
"E00134460",2,1,1
"E00134461",1,0,1
"E00134462",0,0,0
"E00134463",1,1,0
"E00134464",0,0,0
"E00134465",0,0,0
"E00134466",1,1,0
"E00134467",3,1,2
"E00134468",4,1,3
"E00134469",13,8,5
"E00134470",6,3,3
"E00134472",8,4,4
"E00134473",4,3,1
"E00134475",0,0,0
"E00134476",5,2,3
"E00134477",2,1,1
"E00134478",2,2,0
"E00134479",9,4,5
"E00134480",0,0,0
"E00134481",5,4,1
"E00134482",5,2,3
"E00134483",3,2,1
"E00134484",3,1,2
"E00134485",6,3,3
"E00134487",2,2,0
"E00134488",7,6,1
"E00134489",0,0,0
"E00134491",3,2,1
"E00134492",4,3,1
"E00134493",2,0,2
"E00134494",2,0,2
"E00134495",2,0,2
"E00134497",4,1,3
"E00134498",3,1,2
"E00134499",3,1,2
"E00134500",2,1,1
"E00134501",6,4,2
"E00134502",4,2,2
"E00134503",2,2,0
"E00134504",4,2,2
"E00134505",3,1,2
"E00134506",1,1,0
"E00134507",0,0,0
"E00134508",0,0,0
"E00134509",3,0,3
"E00134510",2,1,1
"E00134511",0,0,0
"E00134512",0,0,0
"E00134513",2,2,0
"E00134514",1,0,1
"E00134515",1,0,1
"E00134516",3,1,2
"E00134517",2,2,0
"E00134518",1,1,0
"E00134519",5,2,3
"E00134520",2,2,0
"E00134521",2,2,0
"E00134522",2,0,2
"E00134523",0,0,0
"E00134524",3,2,1
"E00134525",2,0,2
"E00134526",0,0,0
"E00134527",2,0,2
"E00134528",0,0,0
"E00134529",2,0,2
"E00134530",3,1,2
"E00134531",2,1,1
"E00134533",1,1,0
"E00134534",2,2,0
"E00134535",3,0,3
"E00134536",3,1,2
"E00134537",0,0,0
"E00134538",8,5,3
"E00134539",9,4,5
"E00134540",2,1,1
"E00134541",3,3,0
"E00134542",1,1,0
"E00134543",4,3,1
"E00134544",0,0,0
"E00134545",1,1,0
"E00134546",1,1,0
"E00134547",1,0,1
"E00134548",3,2,1
"E00134549",0,0,0
"E00134550",1,1,0
"E00134551",4,0,4
"E00134552",0,0,0
"E00134553",3,3,0
"E00134554",1,0,1
"E00134555",2,0,2
"E00134556",4,1,3
"E00134557",0,0,0
"E00134558",1,1,0
"E00134559",3,1,2
"E00134560",7,4,3
"E00134561",1,0,1
"E00134562",1,1,0
"E00134563",1,1,0
"E00134564",4,2,2
"E00134565",4,1,3
"E00134566",4,3,1
"E00134567",0,0,0
"E00134568",5,2,3
"E00134569",5,3,2
"E00134570",6,3,3
"E00134571",1,0,1
"E00134572",8,2,6
"E00134573",2,1,1
"E00134574",4,2,2
"E00134575",7,4,3
"E00134576",11,4,7
"E00134577",1,1,0
"E00134578",6,2,4
"E00134579",6,3,3
"E00134580",6,2,4
"E00134581",3,1,2
"E00134582",4,2,2
"E00134583",1,1,0
"E00134584",6,4,2
"E00134585",12,6,6
"E00134586",8,4,4
"E00134587",10,4,6
"E00134588",10,1,9
"E00134589",2,2,0
"E00134590",3,0,3
"E00134591",4,3,1
"E00134592",1,0,1
"E00134593",5,2,3
"E00134594",7,2,5
"E00134595",1,0,1
"E00134596",0,0,0
"E00134597",2,1,1
"E00134598",0,0,0
"E00134599",2,1,1
"E00134600",3,1,2
"E00134601",0,0,0
"E00134602",2,0,2
"E00134603",1,1,0
"E00134604",0,0,0
"E00134605",5,4,1
"E00134606",1,1,0
"E00134607",4,2,2
"E00134608",6,5,1
"E00134609",2,0,2
"E00134610",5,3,2
"E00134611",1,0,1
"E00134612",0,0,0
"E00134613",2,2,0
"E00134614",0,0,0
"E00134615",0,0,0
"E00134616",1,1,0
"E00134617",8,6,2
"E00134618",3,1,2
"E00134619",1,0,1
"E00134620",1,0,1
"E00134621",10,4,6
"E00134622",2,0,2
"E00134623",3,0,3
"E00134624",2,0,2
"E00134625",0,0,0
"E00134626",1,1,0
"E00134627",1,1,0
"E00134628",3,1,2
"E00134629",3,3,0
"E00134630",1,0,1
"E00134631",4,2,2
"E00134632",4,1,3
"E00134633",1,0,1
"E00134634",2,1,1
"E00134635",3,2,1
"E00134636",4,3,1
"E00134637",3,1,2
"E00134638",4,1,3
"E00134639",0,0,0
"E00134640",3,1,2
"E00134641",0,0,0
"E00134642",1,0,1
"E00134643",2,0,2
"E00134644",1,1,0
"E00134645",4,4,0
"E00134646",6,4,2
"E00134647",1,0,1
"E00134648",7,2,5
"E00134649",2,0,2
"E00134650",1,0,1
"E00134651",0,0,0
"E00134652",0,0,0
"E00134653",2,1,1
"E00134654",3,1,2
"E00134655",1,0,1
"E00134656",12,5,7
"E00134657",2,1,1
"E00134658",0,0,0
"E00134659",1,1,0
"E00134660",15,4,11
"E00134661",6,3,3
"E00134662",6,3,3
"E00134663",8,4,4
"E00134664",1,0,1
"E00134665",8,6,2
"E00134666",1,1,0
"E00134667",5,1,4
"E00134668",11,7,4
"E00134669",0,0,0
"E00134670",8,4,4
"E00134671",4,2,2
"E00134672",3,1,2
"E00134673",3,1,2
"E00134674",1,0,1
"E00134675",5,0,5
"E00134676",0,0,0
"E00134677",4,1,3
"E00134678",4,3,1
"E00134679",5,1,4
"E00134680",0,0,0
"E00134681",5,2,3
"E00134682",2,1,1
"E00134683",4,4,0
"E00134684",1,1,0
"E00134685",6,4,2
"E00134686",6,4,2
"E00134687",4,2,2
"E00134688",3,0,3
"E00134689",3,1,2
"E00134690",2,2,0
"E00134691",4,4,0
"E00134692",6,3,3
"E00134693",2,2,0
"E00134694",8,4,4
"E00134695",4,0,4
"E00134696",5,3,2
"E00134697",8,4,4
"E00134698",9,3,6
"E00134699",7,4,3
"E00134700",5,2,3
"E00134701",12,5,7
"E00134702",4,4,0
"E00134703",5,4,1
"E00134704",3,1,2
"E00134705",5,2,3
"E00134706",8,5,3
"E00134707",0,0,0
"E00134708",6,2,4
"E00134709",7,4,3
"E00134710",5,4,1
"E00134711",9,5,4
"E00134712",1,1,0
"E00134713",0,0,0
"E00134714",8,4,4
"E00134715",4,3,1
"E00134716",7,5,2
"E00134717",4,2,2
"E00134718",7,5,2
"E00134719",3,1,2
"E00134720",2,1,1
"E00134721",5,3,2
"E00134722",0,0,0
"E00134723",2,1,1
"E00134724",6,1,5
"E00134725",2,0,2
"E00134726",3,1,2
"E00134727",2,1,1
"E00134728",5,3,2
"E00134729",4,2,2
"E00134730",8,6,2
"E00134731",6,4,2
"E00134732",1,1,0
"E00134733",3,2,1
"E00134734",2,0,2
"E00134735",0,0,0
"E00134736",3,1,2
"E00134737",4,2,2
"E00134738",3,1,2
"E00134739",7,3,4
"E00134740",1,1,0
"E00134741",6,3,3
"E00134742",0,0,0
"E00134743",0,0,0
"E00134744",5,3,2
"E00134745",1,0,1
"E00134746",0,0,0
"E00134747",8,5,3
"E00134748",8,1,7
"E00134749",9,3,6
"E00134750",5,4,1
"E00134751",2,1,1
"E00134752",1,0,1
"E00134753",4,2,2
"E00134754",1,0,1
"E00134755",0,0,0
"E00134756",2,1,1
"E00134757",2,1,1
"E00134758",0,0,0
"E00134759",1,0,1
"E00134760",4,4,0
"E00134761",3,2,1
"E00134762",1,1,0
"E00134763",4,2,2
"E00134764",7,3,4
"E00134765",3,0,3
"E00134766",4,3,1
"E00134767",8,7,1
"E00134768",1,0,1
"E00134769",0,0,0
"E00134770",4,1,3
"E00134771",2,1,1
"E00134772",2,1,1
"E00134773",13,5,8
"E00134774",2,1,1
"E00134775",3,0,3
"E00134776",4,1,3
"E00134777",6,2,4
"E00134778",5,3,2
"E00134779",4,2,2
"E00134780",1,1,0
"E00134781",4,1,3
"E00134782",6,5,1
"E00134783",10,6,4
"E00134784",3,3,0
"E00134785",12,5,7
"E00134786",3,3,0
"E00134787",4,0,4
"E00134788",5,2,3
"E00134789",2,1,1
"E00134790",6,5,1
"E00134791",0,0,0
"E00134792",7,2,5
"E00134793",0,0,0
"E00134794",0,0,0
"E00134795",0,0,0
"E00134796",0,0,0
"E00134797",0,0,0
"E00134798",2,1,1
"E00134799",2,0,2
"E00134800",0,0,0
"E00134801",2,2,0
"E00134802",2,1,1
"E00134803",2,2,0
"E00134804",1,1,0
"E00134805",1,1,0
"E00134806",3,0,3
"E00134807",3,1,2
"E00134808",2,2,0
"E00134809",0,0,0
"E00134810",2,2,0
"E00134811",3,2,1
"E00134812",1,1,0
"E00134813",0,0,0
"E00134814",1,1,0
"E00134815",2,1,1
"E00134816",3,0,3
"E00134817",1,1,0
"E00134818",4,4,0
"E00134819",1,1,0
"E00134820",4,2,2
"E00134821",1,1,0
"E00134822",2,1,1
"E00134823",0,0,0
"E00134824",5,1,4
"E00134825",1,0,1
"E00134826",6,4,2
"E00134827",3,2,1
"E00134828",10,6,4
"E00134829",3,1,2
"E00134830",1,0,1
"E00134831",4,3,1
"E00134832",2,0,2
"E00134833",1,0,1
"E00134834",0,0,0
"E00134835",5,1,4
"E00134836",3,2,1
"E00134837",2,1,1
"E00134838",5,3,2
"E00134839",3,2,1
"E00134840",4,2,2
"E00134841",0,0,0
"E00134842",7,4,3
"E00134843",2,1,1
"E00134844",2,0,2
"E00134845",6,3,3
"E00134846",3,3,0
"E00134847",1,0,1
"E00134848",3,1,2
"E00134849",7,3,4
"E00134850",10,8,2
"E00134851",9,3,6
"E00134852",5,1,4
"E00134853",1,0,1
"E00134854",0,0,0
"E00134855",2,1,1
"E00134856",6,3,3
"E00134857",2,2,0
"E00134858",3,1,2
"E00134859",1,0,1
"E00134860",2,1,1
"E00134861",5,2,3
"E00134862",8,3,5
"E00134863",4,1,3
"E00134864",1,1,0
"E00134865",5,3,2
"E00134866",7,3,4
"E00134867",1,1,0
"E00134868",1,0,1
"E00134869",0,0,0
"E00134870",7,6,1
"E00134871",0,0,0
"E00134872",3,2,1
"E00134873",4,2,2
"E00134874",3,0,3
"E00134875",3,2,1
"E00134876",0,0,0
"E00134877",1,0,1
"E00134878",5,2,3
"E00134879",1,1,0
"E00134880",2,1,1
"E00134882",1,0,1
"E00134883",2,2,0
"E00134884",2,2,0
"E00134885",13,8,5
"E00134887",1,0,1
"E00134888",3,0,3
"E00134889",0,0,0
"E00134890",0,0,0
"E00134891",0,0,0
"E00134892",10,4,6
"E00134893",5,2,3
"E00134894",7,2,5
"E00134895",0,0,0
"E00134896",8,4,4
"E00134897",8,4,4
"E00134898",3,1,2
"E00134899",8,4,4
"E00134900",6,3,3
"E00134901",6,3,3
"E00134902",5,2,3
"E00134905",0,0,0
"E00134906",1,1,0
"E00134907",7,3,4
"E00134908",0,0,0
"E00134909",0,0,0
"E00134910",0,0,0
"E00134911",2,0,2
"E00134912",3,1,2
"E00134913",3,2,1
"E00134914",2,2,0
"E00134915",2,2,0
"E00134916",3,2,1
"E00134917",0,0,0
"E00134918",0,0,0
"E00134919",4,2,2
"E00134920",3,2,1
"E00134921",0,0,0
"E00134922",3,1,2
"E00134923",1,0,1
"E00134924",0,0,0
"E00134925",7,2,5
"E00134926",1,0,1
"E00134927",5,0,5
"E00134928",0,0,0
"E00134929",4,4,0
"E00134930",6,4,2
"E00134931",1,0,1
"E00134932",5,3,2
"E00134933",7,4,3
"E00134934",4,1,3
"E00134935",2,1,1
"E00134936",1,0,1
"E00134937",2,1,1
"E00134938",1,1,0
"E00134939",0,0,0
"E00134940",1,0,1
"E00134941",1,1,0
"E00134942",5,2,3
"E00134943",0,0,0
"E00134944",0,0,0
"E00134945",2,1,1
"E00134946",0,0,0
"E00134947",2,1,1
"E00134948",7,4,3
"E00134949",0,0,0
"E00134950",2,2,0
"E00134951",2,0,2
"E00134952",6,2,4
"E00134953",0,0,0
"E00134954",3,2,1
"E00134955",1,0,1
"E00134956",2,0,2
"E00134957",4,2,2
"E00134958",5,5,0
"E00134959",2,1,1
"E00134960",0,0,0
"E00134961",6,2,4
"E00134962",4,1,3
"E00134963",1,0,1
"E00134964",0,0,0
"E00134965",0,0,0
"E00134966",8,4,4
"E00134967",1,1,0
"E00134968",7,5,2
"E00134969",2,2,0
"E00134970",2,0,2
"E00134971",10,7,3
"E00134972",1,0,1
"E00134973",1,0,1
"E00134974",4,2,2
"E00134975",3,2,1
"E00134976",1,0,1
"E00134977",2,0,2
"E00134978",5,4,1
"E00134979",3,1,2
"E00134980",3,0,3
"E00134981",3,1,2
"E00134982",0,0,0
"E00134983",10,7,3
"E00134984",3,3,0
"E00134985",3,2,1
"E00134986",2,2,0
"E00134987",2,1,1
"E00134988",3,3,0
"E00134989",0,0,0
"E00134990",7,2,5
"E00134991",6,3,3
"E00134992",0,0,0
"E00134993",13,5,8
"E00134994",10,8,2
"E00134995",1,0,1
"E00134996",6,3,3
"E00134997",4,2,2
"E00134998",6,3,3
"E00134999",2,1,1
"E00135000",6,5,1
"E00135001",1,1,0
"E00135002",2,1,1
"E00135003",3,1,2
"E00135004",7,3,4
"E00135005",3,2,1
"E00135006",1,1,0
"E00135007",8,1,7
"E00135008",2,1,1
"E00135009",0,0,0
"E00135010",3,1,2
"E00135011",5,3,2
"E00135012",0,0,0
"E00135013",0,0,0
"E00135014",1,1,0
"E00135015",0,0,0
"E00135016",1,1,0
"E00135017",0,0,0
"E00135018",2,0,2
"E00135019",2,2,0
"E00135020",4,3,1
"E00135021",3,3,0
"E00135022",0,0,0
"E00135023",3,2,1
"E00135024",7,3,4
"E00135025",0,0,0
"E00135026",0,0,0
"E00135027",6,4,2
"E00135028",7,4,3
"E00135029",1,1,0
"E00135030",4,1,3
"E00135031",4,2,2
"E00135032",7,2,5
"E00135033",0,0,0
"E00135034",4,0,4
"E00135035",5,2,3
"E00135037",0,0,0
"E00135038",12,9,3
"E00135039",3,0,3
"E00135040",8,4,4
"E00135041",7,4,3
"E00135042",7,3,4
"E00135043",7,6,1
"E00135044",1,1,0
"E00135045",1,0,1
"E00135046",10,7,3
"E00135047",6,4,2
"E00135048",4,3,1
"E00135049",0,0,0
"E00135050",7,4,3
"E00135051",1,1,0
"E00135052",4,2,2
"E00135053",10,5,5
"E00135054",5,3,2
"E00135055",4,0,4
"E00135056",1,1,0
"E00135057",0,0,0
"E00135058",4,2,2
"E00135059",2,1,1
"E00135060",2,1,1
"E00135061",3,3,0
"E00135062",7,2,5
"E00135063",3,0,3
"E00135064",1,0,1
"E00135065",4,1,3
"E00135067",0,0,0
"E00135068",2,2,0
"E00135069",0,0,0
"E00135070",6,3,3
"E00135071",2,2,0
"E00135072",0,0,0
"E00135073",2,1,1
"E00135074",7,5,2
"E00135075",2,2,0
"E00135076",0,0,0
"E00135077",0,0,0
"E00135078",0,0,0
"E00135079",0,0,0
"E00135080",0,0,0
"E00135081",1,1,0
"E00135082",1,1,0
"E00135083",0,0,0
"E00135084",3,2,1
"E00135085",0,0,0
"E00135086",6,5,1
"E00135087",2,1,1
"E00135088",2,1,1
"E00135089",1,0,1
"E00135090",1,0,1
"E00135091",4,1,3
"E00135092",0,0,0
"E00135093",5,4,1
"E00135094",0,0,0
"E00135095",0,0,0
"E00135096",1,1,0
"E00135097",0,0,0
"E00135098",5,3,2
"E00135099",4,1,3
"E00135100",1,0,1
"E00135101",2,0,2
"E00135103",1,0,1
"E00135104",0,0,0
"E00135105",3,1,2
"E00135106",3,2,1
"E00135107",8,3,5
"E00135108",0,0,0
"E00135109",4,2,2
"E00135110",2,2,0
"E00135111",4,3,1
"E00135112",1,0,1
"E00135113",3,1,2
"E00135114",6,3,3
"E00135115",2,2,0
"E00135116",1,1,0
"E00135117",1,1,0
"E00135118",2,0,2
"E00135119",2,0,2
"E00135120",2,1,1
"E00135121",3,2,1
"E00135122",4,2,2
"E00135123",3,1,2
"E00135124",2,1,1
"E00135125",1,0,1
"E00135126",1,0,1
"E00135127",0,0,0
"E00135128",0,0,0
"E00135129",1,1,0
"E00135130",1,1,0
"E00135131",0,0,0
"E00135132",4,1,3
"E00135133",1,0,1
"E00135134",4,1,3
"E00135135",6,3,3
"E00135136",2,1,1
"E00135137",1,0,1
"E00135138",1,1,0
"E00135139",1,0,1
"E00135140",1,1,0
"E00135141",0,0,0
"E00135142",1,1,0
"E00135143",0,0,0
"E00135144",2,2,0
"E00135145",1,1,0
"E00135146",1,0,1
"E00135147",0,0,0
"E00135148",0,0,0
"E00135149",0,0,0
"E00135150",0,0,0
"E00135151",0,0,0
"E00135152",0,0,0
"E00135153",1,1,0
"E00135154",2,1,1
"E00135155",0,0,0
"E00135156",0,0,0
"E00135157",1,1,0
"E00135158",1,1,0
"E00135159",0,0,0
"E00135160",3,0,3
"E00135161",1,1,0
"E00135162",3,1,2
"E00135163",0,0,0
"E00135164",0,0,0
"E00135165",0,0,0
"E00135166",0,0,0
"E00135167",3,2,1
"E00135168",1,1,0
"E00135169",6,1,5
"E00135170",3,3,0
"E00135171",4,3,1
"E00135172",0,0,0
"E00135173",8,5,3
"E00135174",1,1,0
"E00135175",0,0,0
"E00135176",1,1,0
"E00135177",0,0,0
"E00135178",3,1,2
"E00135179",1,0,1
"E00135180",0,0,0
"E00135181",2,1,1
"E00135182",1,1,0
"E00135183",0,0,0
"E00135184",0,0,0
"E00135185",0,0,0
"E00135186",0,0,0
"E00135187",5,2,3
"E00135188",0,0,0
"E00135189",4,2,2
"E00135190",4,3,1
"E00135191",3,0,3
"E00135192",1,1,0
"E00135193",2,1,1
"E00135194",0,0,0
"E00135195",8,4,4
"E00135196",2,1,1
"E00135197",7,4,3
"E00135198",3,1,2
"E00135199",0,0,0
"E00135200",9,5,4
"E00135201",4,2,2
"E00135202",5,3,2
"E00135203",5,3,2
"E00135204",4,1,3
"E00135205",11,9,2
"E00135206",1,1,0
"E00135207",4,1,3
"E00135208",7,2,5
"E00135209",1,0,1
"E00135210",2,1,1
"E00135211",2,0,2
"E00135212",5,2,3
"E00135213",4,2,2
"E00135214",0,0,0
"E00135215",3,1,2
"E00135216",1,1,0
"E00135217",15,7,8
"E00135218",5,3,2
"E00135219",3,1,2
"E00135220",3,3,0
"E00135221",2,1,1
"E00135222",0,0,0
"E00135223",6,2,4
"E00135224",2,2,0
"E00135225",4,2,2
"E00135226",1,1,0
"E00135227",0,0,0
"E00135228",8,5,3
"E00135229",3,1,2
"E00135230",1,1,0
"E00135232",2,0,2
"E00135233",9,6,3
"E00135234",0,0,0
"E00135235",10,5,5
"E00135236",1,0,1
"E00135237",7,3,4
"E00135238",4,4,0
"E00135239",3,1,2
"E00135240",4,2,2
"E00135241",2,0,2
"E00135242",3,1,2
"E00135243",2,1,1
"E00135244",0,0,0
"E00135245",1,1,0
"E00135246",3,2,1
"E00135247",4,3,1
"E00135248",6,1,5
"E00135250",1,0,1
"E00135251",2,1,1
"E00135252",5,5,0
"E00135253",0,0,0
"E00135254",1,0,1
"E00135255",4,1,3
"E00135256",3,1,2
"E00135257",1,1,0
"E00135258",4,1,3
"E00135259",2,2,0
"E00135260",1,1,0
"E00135261",0,0,0
"E00135262",5,4,1
"E00135263",2,0,2
"E00135264",2,2,0
"E00135265",0,0,0
"E00135266",3,2,1
"E00135267",0,0,0
"E00135268",1,1,0
"E00135269",1,1,0
"E00135270",1,1,0
"E00135271",4,3,1
"E00135272",2,2,0
"E00135273",2,1,1
"E00135274",0,0,0
"E00135275",0,0,0
"E00135276",0,0,0
"E00135277",1,0,1
"E00135278",4,3,1
"E00135279",2,1,1
"E00135280",2,2,0
"E00135281",1,0,1
"E00135282",3,3,0
"E00135283",3,3,0
"E00135284",3,1,2
"E00135285",3,1,2
"E00135286",1,0,1
"E00135287",0,0,0
"E00135288",3,2,1
"E00135290",3,2,1
"E00135291",0,0,0
"E00135292",1,0,1
"E00135293",2,1,1
"E00135294",1,1,0
"E00135295",1,1,0
"E00135296",1,1,0
"E00135297",1,0,1
"E00135298",0,0,0
"E00135299",2,2,0
"E00135300",0,0,0
"E00135301",0,0,0
"E00135302",0,0,0
"E00135303",2,2,0
"E00135304",0,0,0
"E00135305",3,2,1
"E00135306",4,1,3
"E00135307",4,2,2
"E00135308",10,4,6
"E00135309",2,0,2
"E00135310",0,0,0
"E00135311",8,7,1
"E00135312",1,1,0
"E00135313",6,3,3
"E00135314",8,6,2
"E00135315",4,1,3
"E00135316",0,0,0
"E00135317",3,1,2
"E00135318",5,5,0
"E00135319",3,0,3
"E00135320",6,3,3
"E00135321",1,1,0
"E00135322",3,3,0
"E00135323",4,0,4
"E00135324",0,0,0
"E00135325",4,2,2
"E00135326",2,2,0
"E00135327",2,2,0
"E00135328",0,0,0
"E00135329",2,1,1
"E00135330",0,0,0
"E00135331",4,1,3
"E00135332",0,0,0
"E00135333",4,2,2
"E00135334",2,0,2
"E00135335",2,1,1
"E00135336",4,2,2
"E00135337",0,0,0
"E00135338",0,0,0
"E00135340",2,0,2
"E00135341",2,1,1
"E00135342",3,2,1
"E00135343",1,1,0
"E00135344",1,1,0
"E00135345",7,3,4
"E00135346",0,0,0
"E00135347",1,0,1
"E00135348",6,3,3
"E00135349",0,0,0
"E00135350",0,0,0
"E00135351",1,1,0
"E00135352",1,1,0
"E00135353",6,1,5
"E00135354",7,2,5
"E00135355",1,0,1
"E00135356",1,1,0
"E00135357",0,0,0
"E00135358",0,0,0
"E00135359",8,5,3
"E00135360",2,1,1
"E00135361",3,2,1
"E00135362",4,4,0
"E00135363",3,0,3
"E00135364",2,0,2
"E00135365",3,3,0
"E00135366",6,3,3
"E00135367",6,1,5
"E00135368",2,2,0
"E00135369",3,1,2
"E00135370",1,1,0
"E00135371",1,1,0
"E00135372",3,0,3
"E00135373",1,0,1
"E00135374",3,2,1
"E00135375",4,2,2
"E00135376",0,0,0
"E00135377",0,0,0
"E00135378",2,2,0
"E00135379",5,2,3
"E00135380",1,1,0
"E00135381",2,0,2
"E00135382",1,1,0
"E00135383",3,3,0
"E00135384",0,0,0
"E00135385",7,2,5
"E00135386",4,3,1
"E00135389",36,21,15
"E00135390",6,4,2
"E00135391",7,4,3
"E00135392",9,6,3
"E00135393",9,3,6
"E00135394",3,1,2
"E00135395",0,0,0
"E00135396",2,1,1
"E00135397",2,2,0
"E00135398",4,3,1
"E00135399",2,2,0
"E00135400",5,1,4
"E00135401",9,8,1
"E00135402",6,3,3
"E00135405",7,3,4
"E00135406",7,3,4
"E00135407",3,2,1
"E00135408",0,0,0
"E00135409",8,7,1
"E00135410",0,0,0
"E00135411",1,0,1
"E00135412",6,1,5
"E00135413",3,0,3
"E00135414",4,3,1
"E00135415",6,4,2
"E00135416",1,1,0
"E00135417",3,0,3
"E00135418",3,1,2
"E00135419",1,1,0
"E00135420",2,1,1
"E00135421",0,0,0
"E00135422",4,2,2
"E00135423",2,0,2
"E00135424",0,0,0
"E00135425",6,5,1
"E00135426",2,0,2
"E00135427",6,2,4
"E00135428",5,1,4
"E00135429",2,0,2
"E00135430",2,0,2
"E00135431",4,2,2
"E00135432",2,1,1
"E00135433",4,1,3
"E00135434",0,0,0
"E00135435",1,0,1
"E00135436",1,0,1
"E00135437",7,4,3
"E00135438",2,1,1
"E00135439",2,1,1
"E00135440",3,2,1
"E00135441",2,1,1
"E00135442",2,1,1
"E00135443",2,2,0
"E00135444",5,3,2
"E00135445",1,1,0
"E00135446",1,1,0
"E00135447",1,1,0
"E00135448",1,0,1
"E00135449",2,2,0
"E00135450",1,1,0
"E00135451",0,0,0
"E00135452",3,2,1
"E00135453",1,0,1
"E00135454",3,1,2
"E00135455",7,5,2
"E00135456",0,0,0
"E00135457",0,0,0
"E00135458",0,0,0
"E00135459",2,0,2
"E00135460",5,2,3
"E00135461",2,1,1
"E00135462",6,2,4
"E00135463",0,0,0
"E00135464",4,4,0
"E00135465",5,2,3
"E00135466",7,2,5
"E00135467",0,0,0
"E00135468",6,2,4
"E00135469",3,1,2
"E00135470",10,5,5
"E00135471",5,3,2
"E00135472",7,4,3
"E00135473",1,1,0
"E00135474",0,0,0
"E00135475",7,2,5
"E00135476",3,0,3
"E00135477",6,4,2
"E00135479",4,1,3
"E00135481",1,1,0
"E00135482",7,5,2
"E00135483",6,3,3
"E00135484",3,1,2
"E00135485",0,0,0
"E00135486",2,1,1
"E00135487",4,2,2
"E00135488",5,3,2
"E00135489",1,1,0
"E00135490",3,2,1
"E00135491",2,0,2
"E00135492",3,0,3
"E00135493",2,1,1
"E00135494",4,1,3
"E00135495",4,1,3
"E00135496",2,2,0
"E00135497",2,0,2
"E00135498",1,0,1
"E00135500",3,0,3
"E00135501",4,3,1
"E00135502",1,0,1
"E00135503",3,0,3
"E00135504",0,0,0
"E00135505",1,1,0
"E00135506",1,1,0
"E00135507",4,2,2
"E00135508",3,2,1
"E00135509",3,2,1
"E00135510",1,0,1
"E00135511",0,0,0
"E00135512",1,1,0
"E00135513",0,0,0
"E00135514",2,1,1
"E00135515",4,4,0
"E00135516",2,1,1
"E00135517",8,5,3
"E00135518",4,2,2
"E00135519",0,0,0
"E00135520",4,2,2
"E00135521",8,5,3
"E00135522",5,4,1
"E00135523",9,3,6
"E00135524",6,3,3
"E00135525",2,1,1
"E00135526",7,5,2
"E00135527",4,3,1
"E00135528",1,1,0
"E00135529",4,2,2
"E00135530",3,0,3
"E00135531",1,1,0
"E00135532",1,0,1
"E00135533",5,1,4
"E00135534",1,1,0
"E00135535",1,1,0
"E00135536",0,0,0
"E00135537",6,4,2
"E00135538",3,3,0
"E00135539",3,2,1
"E00135540",7,3,4
"E00135541",1,0,1
"E00135542",5,2,3
"E00135543",6,5,1
"E00135544",3,0,3
"E00135545",10,5,5
"E00135546",5,3,2
"E00135547",4,3,1
"E00135548",7,5,2
"E00135549",3,1,2
"E00135550",0,0,0
"E00135551",2,0,2
"E00135552",0,0,0
"E00135553",5,1,4
"E00135554",1,1,0
"E00135555",2,1,1
"E00135556",1,1,0
"E00135557",1,1,0
"E00135558",4,1,3
"E00135559",3,2,1
"E00135560",3,2,1
"E00135561",6,2,4
"E00135562",5,4,1
"E00135563",3,0,3
"E00135564",0,0,0
"E00135565",2,1,1
"E00135566",6,3,3
"E00135567",2,1,1
"E00135568",11,3,8
"E00135569",1,0,1
"E00135570",0,0,0
"E00135571",4,3,1
"E00135572",8,4,4
"E00135573",2,1,1
"E00135574",1,0,1
"E00135575",0,0,0
"E00135576",3,0,3
"E00135577",6,2,4
"E00135578",2,0,2
"E00135579",1,1,0
"E00135580",4,3,1
"E00135581",5,3,2
"E00135582",0,0,0
"E00135583",2,0,2
"E00135584",4,2,2
"E00135585",1,1,0
"E00135586",3,1,2
"E00135587",3,3,0
"E00135588",3,1,2
"E00135589",6,2,4
"E00135590",3,2,1
"E00135591",5,4,1
"E00135592",4,2,2
"E00135593",7,4,3
"E00135594",5,4,1
"E00135595",6,5,1
"E00135596",7,4,3
"E00135597",8,2,6
"E00135598",5,3,2
"E00135599",6,3,3
"E00135600",8,4,4
"E00135601",2,1,1
"E00135602",0,0,0
"E00135603",0,0,0
"E00135604",4,1,3
"E00135605",0,0,0
"E00135606",2,0,2
"E00135607",2,2,0
"E00135608",1,0,1
"E00135609",1,0,1
"E00135610",2,0,2
"E00135611",5,3,2
"E00135612",3,2,1
"E00135613",1,0,1
"E00135614",4,2,2
"E00135615",7,5,2
"E00135616",19,7,12
"E00135617",3,2,1
"E00135618",4,2,2
"E00135619",8,5,3
"E00135620",0,0,0
"E00135621",4,2,2
"E00135622",5,3,2
"E00135623",0,0,0
"E00135624",3,1,2
"E00135625",1,0,1
"E00135626",1,1,0
"E00135627",3,1,2
"E00135628",1,0,1
"E00135629",1,0,1
"E00135630",3,3,0
"E00135631",1,0,1
"E00135633",1,0,1
"E00135634",3,1,2
"E00135635",1,0,1
"E00135636",3,3,0
"E00135637",2,2,0
"E00135638",0,0,0
"E00135639",4,1,3
"E00135640",0,0,0
"E00135641",1,0,1
"E00135642",0,0,0
"E00135643",4,1,3
"E00135644",3,1,2
"E00135645",2,0,2
"E00135646",2,1,1
"E00135647",1,0,1
"E00135648",1,0,1
"E00135649",0,0,0
"E00135650",2,0,2
"E00135651",2,1,1
"E00135652",1,1,0
"E00135653",2,0,2
"E00135654",19,11,8
"E00135655",19,11,8
"E00135656",3,1,2
"E00135657",10,5,5
"E00135658",19,10,9
"E00135659",6,3,3
"E00135660",3,1,2
"E00135661",2,1,1
"E00135662",5,2,3
"E00135663",1,0,1
"E00135664",1,0,1
"E00135665",0,0,0
"E00135666",1,1,0
"E00135667",2,2,0
"E00135668",6,1,5
"E00135669",4,3,1
"E00135670",4,3,1
"E00135671",1,1,0
"E00135672",7,3,4
"E00135673",3,2,1
"E00135674",5,3,2
"E00135675",12,5,7
"E00135676",1,0,1
"E00135677",11,6,5
"E00135678",8,4,4
"E00135679",3,1,2
"E00135680",6,4,2
"E00135681",5,1,4
"E00135682",4,3,1
"E00135683",1,0,1
"E00135684",0,0,0
"E00135685",2,1,1
"E00135686",2,0,2
"E00135687",5,1,4
"E00135688",0,0,0
"E00135689",10,4,6
"E00135690",2,0,2
"E00135691",2,1,1
"E00135692",3,1,2
"E00135693",0,0,0
"E00135694",1,0,1
"E00135695",2,2,0
"E00135696",4,3,1
"E00135697",0,0,0
"E00135698",0,0,0
"E00135699",0,0,0
"E00135700",0,0,0
"E00135701",0,0,0
"E00135702",1,0,1
"E00135703",0,0,0
"E00135704",1,1,0
"E00135705",3,0,3
"E00135706",0,0,0
"E00135707",1,1,0
"E00135708",0,0,0
"E00135709",0,0,0
"E00135710",2,1,1
"E00135711",4,3,1
"E00135712",9,5,4
"E00135713",1,1,0
"E00135714",14,6,8
"E00135715",4,3,1
"E00135716",2,1,1
"E00135717",1,1,0
"E00135718",7,4,3
"E00135719",6,4,2
"E00135720",0,0,0
"E00135721",3,2,1
"E00135722",1,1,0
"E00135723",1,1,0
"E00135724",5,4,1
"E00135725",0,0,0
"E00135726",2,2,0
"E00135727",2,1,1
"E00135728",1,0,1
"E00135729",5,3,2
"E00135730",1,1,0
"E00135731",1,0,1
"E00135732",3,0,3
"E00135733",1,0,1
"E00135734",1,1,0
"E00135735",8,4,4
"E00135736",4,1,3
"E00135737",1,1,0
"E00135738",3,1,2
"E00135740",0,0,0
"E00135741",1,1,0
"E00135742",4,2,2
"E00135743",0,0,0
"E00135744",1,1,0
"E00135745",0,0,0
"E00135746",8,5,3
"E00135747",4,3,1
"E00135748",8,4,4
"E00135749",6,2,4
"E00135750",13,5,8
"E00135752",4,3,1
"E00135753",3,1,2
"E00135754",6,5,1
"E00135755",5,3,2
"E00135756",9,3,6
"E00135757",6,2,4
"E00135758",7,3,4
"E00135759",2,0,2
"E00135760",3,2,1
"E00135761",0,0,0
"E00135762",1,1,0
"E00135763",6,0,6
"E00135764",2,1,1
"E00135765",3,1,2
"E00135766",8,4,4
"E00135767",2,2,0
"E00135768",2,2,0
"E00135769",2,1,1
"E00135770",5,1,4
"E00135771",2,1,1
"E00135772",1,0,1
"E00135773",2,1,1
"E00135774",4,3,1
"E00135775",5,4,1
"E00135776",12,5,7
"E00135777",7,5,2
"E00135778",5,2,3
"E00135779",4,3,1
"E00135780",3,1,2
"E00135781",6,4,2
"E00135782",3,3,0
"E00135783",7,5,2
"E00135784",3,1,2
"E00135785",1,0,1
"E00135786",3,0,3
"E00135787",8,3,5
"E00135788",3,2,1
"E00135789",0,0,0
"E00135790",4,1,3
"E00135791",3,2,1
"E00135792",4,2,2
"E00135793",3,0,3
"E00135794",5,4,1
"E00135795",8,5,3
"E00135796",8,6,2
"E00135797",2,2,0
"E00135798",6,2,4
"E00135799",5,3,2
"E00135800",4,3,1
"E00135801",7,1,6
"E00135802",3,0,3
"E00135803",2,1,1
"E00135804",2,1,1
"E00135805",4,3,1
"E00135806",7,0,7
"E00135807",6,3,3
"E00135808",3,2,1
"E00135809",7,3,4
"E00135810",0,0,0
"E00135811",10,4,6
"E00135812",1,1,0
"E00135813",3,2,1
"E00135814",5,2,3
"E00135815",6,2,4
"E00135816",7,5,2
"E00135817",3,0,3
"E00135818",0,0,0
"E00135819",3,1,2
"E00135820",3,3,0
"E00135821",4,2,2
"E00135822",1,1,0
"E00135823",3,1,2
"E00135824",0,0,0
"E00135825",4,1,3
"E00135826",6,4,2
"E00135827",5,1,4
"E00135828",6,3,3
"E00135829",9,2,7
"E00135830",5,1,4
"E00135831",4,1,3
"E00135832",3,1,2
"E00135833",2,1,1
"E00135834",2,0,2
"E00135835",10,3,7
"E00135836",1,0,1
"E00135837",0,0,0
"E00135838",0,0,0
"E00135839",1,1,0
"E00135840",3,2,1
"E00135841",4,1,3
"E00135842",12,5,7
"E00135843",2,0,2
"E00135844",5,3,2
"E00135845",2,1,1
"E00135846",1,0,1
"E00135847",11,6,5
"E00135848",5,3,2
"E00135849",1,1,0
"E00135850",6,4,2
"E00135851",7,5,2
"E00135852",5,1,4
"E00135853",0,0,0
"E00135854",7,2,5
"E00135855",6,3,3
"E00135856",6,5,1
"E00135857",0,0,0
"E00135858",2,2,0
"E00135859",3,2,1
"E00135860",8,2,6
"E00135861",7,1,6
"E00135862",10,5,5
"E00135863",2,0,2
"E00135864",5,4,1
"E00135867",1,0,1
"E00135868",5,2,3
"E00135869",10,6,4
"E00135870",3,2,1
"E00135871",0,0,0
"E00135872",1,1,0
"E00135873",3,1,2
"E00135874",4,2,2
"E00135875",1,0,1
"E00135876",6,3,3
"E00135877",4,3,1
"E00135878",1,0,1
"E00135879",4,2,2
"E00135880",4,2,2
"E00135881",1,0,1
"E00135882",16,10,6
"E00135883",1,1,0
"E00135884",4,1,3
"E00135885",0,0,0
"E00135886",5,2,3
"E00135887",2,0,2
"E00135888",4,3,1
"E00135889",1,0,1
"E00135890",3,1,2
"E00135891",5,1,4
"E00135892",7,3,4
"E00135893",4,1,3
"E00135894",2,1,1
"E00135895",0,0,0
"E00135896",5,1,4
"E00135897",0,0,0
"E00135898",2,0,2
"E00135899",1,0,1
"E00135900",2,1,1
"E00135901",1,1,0
"E00135902",5,4,1
"E00135903",3,0,3
"E00135904",5,3,2
"E00135905",3,1,2
"E00135906",2,2,0
"E00135907",1,1,0
"E00135908",3,2,1
"E00135909",2,1,1
"E00135910",1,0,1
"E00135911",0,0,0
"E00135912",6,0,6
"E00135913",6,2,4
"E00135914",5,1,4
"E00135915",5,3,2
"E00135916",3,1,2
"E00135917",8,4,4
"E00135918",8,6,2
"E00135919",5,2,3
"E00135920",4,3,1
"E00135921",2,1,1
"E00135922",7,3,4
"E00135923",5,2,3
"E00135924",5,4,1
"E00135925",4,2,2
"E00135926",4,2,2
"E00135927",2,1,1
"E00135928",0,0,0
"E00135929",2,0,2
"E00135930",3,2,1
"E00135931",9,6,3
"E00135932",9,6,3
"E00135933",15,7,8
"E00135934",0,0,0
"E00135935",2,2,0
"E00135936",7,7,0
"E00135937",4,3,1
"E00135938",2,2,0
"E00135939",1,1,0
"E00135940",2,1,1
"E00135941",6,3,3
"E00135942",2,1,1
"E00135943",2,0,2
"E00135944",6,5,1
"E00135945",6,5,1
"E00135946",6,4,2
"E00135947",6,4,2
"E00135948",3,1,2
"E00135949",8,6,2
"E00135950",1,1,0
"E00135951",6,3,3
"E00135952",3,2,1
"E00135953",0,0,0
"E00135954",1,0,1
"E00135955",2,1,1
"E00135956",4,4,0
"E00135957",14,7,7
"E00135958",1,1,0
"E00135959",5,4,1
"E00135960",2,1,1
"E00135961",1,1,0
"E00135962",16,6,10
"E00135963",1,0,1
"E00135964",2,1,1
"E00135965",8,3,5
"E00135966",1,0,1
"E00135967",1,0,1
"E00135968",3,3,0
"E00135969",3,1,2
"E00135970",0,0,0
"E00135971",0,0,0
"E00135972",0,0,0
"E00135973",3,2,1
"E00135974",2,1,1
"E00135975",2,1,1
"E00135976",0,0,0
"E00135977",6,4,2
"E00135978",1,0,1
"E00135979",3,1,2
"E00135980",4,4,0
"E00135981",1,1,0
"E00135982",7,6,1
"E00135983",3,1,2
"E00135984",1,1,0
"E00135985",2,0,2
"E00135986",3,1,2
"E00135987",3,3,0
"E00135988",0,0,0
"E00135989",1,0,1
"E00135990",1,0,1
"E00135991",0,0,0
"E00135992",2,0,2
"E00135993",2,0,2
"E00135994",3,1,2
"E00135995",1,0,1
"E00135996",2,1,1
"E00135997",2,1,1
"E00135998",0,0,0
"E00135999",3,1,2
"E00136000",0,0,0
"E00136001",5,3,2
"E00136002",0,0,0
"E00136003",4,2,2
"E00136004",2,0,2
"E00136005",2,0,2
"E00136006",6,3,3
"E00136007",0,0,0
"E00136008",1,1,0
"E00136009",1,0,1
"E00136010",4,2,2
"E00136011",5,2,3
"E00136012",7,4,3
"E00136013",3,2,1
"E00136014",6,1,5
"E00136015",4,2,2
"E00136016",2,1,1
"E00136017",1,1,0
"E00136018",0,0,0
"E00136019",5,3,2
"E00136020",2,1,1
"E00136021",2,0,2
"E00136022",3,1,2
"E00136023",3,2,1
"E00136024",0,0,0
"E00136025",3,2,1
"E00136026",1,0,1
"E00136027",1,1,0
"E00136028",0,0,0
"E00136029",7,2,5
"E00136030",2,1,1
"E00136031",1,1,0
"E00136032",1,1,0
"E00136033",5,4,1
"E00136034",3,2,1
"E00136035",3,3,0
"E00136036",1,0,1
"E00136037",4,3,1
"E00136038",4,1,3
"E00136039",1,1,0
"E00136040",1,0,1
"E00136041",1,1,0
"E00136042",2,1,1
"E00136043",2,0,2
"E00136044",2,0,2
"E00136045",5,1,4
"E00136046",2,1,1
"E00136047",8,4,4
"E00136048",1,1,0
"E00136049",1,1,0
"E00136050",6,3,3
"E00136051",1,1,0
"E00136052",3,0,3
"E00136053",1,0,1
"E00136054",1,0,1
"E00136055",1,1,0
"E00136056",4,1,3
"E00136057",0,0,0
"E00136058",3,2,1
"E00136059",1,0,1
"E00136060",8,3,5
"E00136061",3,1,2
"E00136062",0,0,0
"E00136063",7,3,4
"E00136064",2,1,1
"E00136065",2,1,1
"E00136066",1,0,1
"E00136067",0,0,0
"E00136068",6,4,2
"E00136069",3,2,1
"E00136070",10,4,6
"E00136071",4,2,2
"E00136072",5,4,1
"E00136073",0,0,0
"E00136074",11,6,5
"E00136075",4,2,2
"E00136076",0,0,0
"E00136077",3,1,2
"E00136078",1,0,1
"E00136079",2,1,1
"E00136080",2,2,0
"E00136081",2,1,1
"E00136082",3,1,2
"E00136083",0,0,0
"E00136084",5,3,2
"E00136085",5,2,3
"E00136086",10,5,5
"E00136087",0,0,0
"E00136088",0,0,0
"E00136089",4,1,3
"E00136090",2,2,0
"E00136091",3,2,1
"E00136092",9,4,5
"E00136093",6,3,3
"E00136095",0,0,0
"E00136096",0,0,0
"E00136097",2,2,0
"E00136098",1,1,0
"E00136099",2,0,2
"E00136100",0,0,0
"E00136101",2,0,2
"E00136102",9,7,2
"E00136103",8,3,5
"E00136104",6,3,3
"E00136105",4,3,1
"E00136106",0,0,0
"E00136107",3,2,1
"E00136108",5,2,3
"E00136109",2,0,2
"E00136110",3,1,2
"E00136111",1,0,1
"E00136112",3,0,3
"E00136113",1,0,1
"E00136114",4,2,2
"E00136115",7,3,4
"E00136116",2,2,0
"E00136117",2,1,1
"E00136118",6,1,5
"E00136119",6,5,1
"E00136120",1,0,1
"E00136121",2,0,2
"E00136122",9,6,3
"E00136123",2,1,1
"E00136124",5,1,4
"E00136125",6,4,2
"E00136126",2,1,1
"E00136127",6,1,5
"E00136128",9,4,5
"E00136129",7,4,3
"E00136130",0,0,0
"E00136131",0,0,0
"E00136132",0,0,0
"E00136133",5,2,3
"E00136134",1,1,0
"E00136135",4,2,2
"E00136136",6,3,3
"E00136137",2,2,0
"E00136138",2,1,1
"E00136139",2,2,0
"E00136140",7,4,3
"E00136141",0,0,0
"E00136142",3,0,3
"E00136143",2,0,2
"E00136144",1,1,0
"E00136145",0,0,0
"E00136146",1,1,0
"E00136147",3,1,2
"E00136148",1,1,0
"E00136149",7,4,3
"E00136150",1,0,1
"E00136151",1,1,0
"E00136152",3,2,1
"E00136154",0,0,0
"E00136155",0,0,0
"E00136156",0,0,0
"E00136157",3,2,1
"E00136158",1,1,0
"E00136159",8,1,7
"E00136160",2,0,2
"E00136161",7,3,4
"E00136162",1,0,1
"E00136163",0,0,0
"E00136164",1,0,1
"E00136165",3,3,0
"E00136166",0,0,0
"E00136167",4,3,1
"E00136168",7,6,1
"E00136169",2,0,2
"E00136170",1,1,0
"E00136171",7,0,7
"E00136172",6,2,4
"E00136173",0,0,0
"E00136174",2,0,2
"E00136175",1,0,1
"E00136176",0,0,0
"E00136177",3,2,1
"E00136178",9,5,4
"E00136179",3,2,1
"E00136180",8,4,4
"E00136181",2,2,0
"E00136182",8,5,3
"E00136183",5,3,2
"E00136184",3,0,3
"E00136185",8,5,3
"E00136186",3,2,1
"E00136187",1,1,0
"E00136188",2,0,2
"E00136189",4,2,2
"E00136190",3,0,3
"E00136191",4,2,2
"E00136192",6,1,5
"E00136193",4,2,2
"E00136194",2,2,0
"E00136195",2,1,1
"E00136196",4,3,1
"E00136197",2,1,1
"E00136198",3,0,3
"E00136199",6,2,4
"E00136200",1,1,0
"E00136201",0,0,0
"E00136202",5,2,3
"E00136203",2,0,2
"E00136204",1,0,1
"E00136205",0,0,0
"E00136206",2,2,0
"E00136207",3,2,1
"E00136208",1,0,1
"E00136209",12,4,8
"E00136210",6,4,2
"E00136211",6,4,2
"E00136212",4,2,2
"E00136213",2,1,1
"E00136214",0,0,0
"E00136215",2,1,1
"E00136216",3,2,1
"E00136217",5,2,3
"E00136218",2,2,0
"E00136219",5,3,2
"E00136220",8,4,4
"E00136221",4,3,1
"E00136222",8,3,5
"E00136223",5,2,3
"E00136224",3,1,2
"E00136225",5,1,4
"E00136226",4,2,2
"E00136227",1,0,1
"E00136228",6,3,3
"E00136229",4,3,1
"E00136230",2,2,0
"E00136231",1,1,0
"E00136232",6,4,2
"E00136233",1,1,0
"E00136234",3,1,2
"E00136235",3,3,0
"E00136238",3,1,2
"E00136239",1,1,0
"E00136240",3,1,2
"E00136241",2,1,1
"E00136242",4,0,4
"E00136243",2,1,1
"E00136244",0,0,0
"E00136245",1,1,0
"E00136246",3,2,1
"E00136247",1,0,1
"E00136248",1,1,0
"E00136249",4,2,2
"E00136250",1,0,1
"E00136251",5,3,2
"E00136252",2,1,1
"E00136253",6,3,3
"E00136254",0,0,0
"E00136255",1,0,1
"E00136256",1,0,1
"E00136257",7,4,3
"E00136258",4,1,3
"E00136259",0,0,0
"E00136260",1,0,1
"E00136261",0,0,0
"E00136262",3,2,1
"E00136263",3,2,1
"E00136264",2,1,1
"E00136265",6,3,3
"E00136266",3,2,1
"E00136267",2,0,2
"E00136268",3,2,1
"E00136269",5,3,2
"E00136270",5,1,4
"E00136271",2,2,0
"E00136272",2,1,1
"E00136273",2,1,1
"E00136274",1,0,1
"E00136276",0,0,0
"E00136277",1,0,1
"E00136278",2,1,1
"E00136279",2,2,0
"E00136280",0,0,0
"E00136281",2,2,0
"E00136282",0,0,0
"E00136283",0,0,0
"E00136284",0,0,0
"E00136285",3,2,1
"E00136286",6,2,4
"E00136287",0,0,0
"E00136288",4,1,3
"E00136289",2,1,1
"E00136290",1,0,1
"E00136291",3,2,1
"E00136292",0,0,0
"E00136293",2,0,2
"E00136294",0,0,0
"E00136295",5,1,4
"E00136296",0,0,0
"E00136297",1,0,1
"E00136298",1,1,0
"E00136299",0,0,0
"E00136300",0,0,0
"E00136301",1,0,1
"E00136302",2,1,1
"E00136303",0,0,0
"E00136304",1,0,1
"E00136305",4,1,3
"E00136306",1,0,1
"E00136307",1,1,0
"E00136308",1,0,1
"E00136309",1,0,1
"E00136310",2,0,2
"E00136311",0,0,0
"E00136312",0,0,0
"E00136313",2,2,0
"E00136314",0,0,0
"E00136315",1,0,1
"E00136316",0,0,0
"E00136317",2,0,2
"E00136318",2,2,0
"E00136319",1,1,0
"E00136320",1,0,1
"E00136321",2,1,1
"E00136322",3,0,3
"E00136323",3,1,2
"E00136324",6,2,4
"E00136325",0,0,0
"E00136326",0,0,0
"E00136327",3,1,2
"E00136328",1,1,0
"E00136329",0,0,0
"E00136330",4,3,1
"E00136331",9,3,6
"E00136332",5,2,3
"E00136333",6,3,3
"E00136334",2,0,2
"E00136335",18,12,6
"E00136336",12,4,8
"E00136337",15,6,9
"E00136338",2,2,0
"E00136339",7,3,4
"E00136340",17,8,9
"E00136341",6,4,2
"E00136342",3,2,1
"E00136343",2,1,1
"E00136344",7,4,3
"E00136345",6,4,2
"E00136346",4,2,2
"E00136347",4,1,3
"E00136348",9,7,2
"E00136349",8,5,3
"E00136350",4,2,2
"E00136351",4,2,2
"E00136352",11,5,6
"E00136353",12,6,6
"E00136354",5,3,2
"E00136355",13,5,8
"E00136356",4,3,1
"E00136357",5,2,3
"E00136358",15,8,7
"E00136359",8,3,5
"E00136360",2,1,1
"E00136361",2,1,1
"E00136362",3,1,2
"E00136363",1,0,1
"E00136364",2,0,2
"E00136365",2,1,1
"E00136366",2,1,1
"E00136367",1,0,1
"E00136368",1,0,1
"E00136369",0,0,0
"E00136370",0,0,0
"E00136371",3,2,1
"E00136372",2,2,0
"E00136373",0,0,0
"E00136374",0,0,0
"E00136375",2,0,2
"E00136376",0,0,0
"E00136377",1,0,1
"E00136378",3,3,0
"E00136379",5,2,3
"E00136380",1,1,0
"E00136381",2,1,1
"E00136382",2,1,1
"E00136383",4,4,0
"E00136384",3,1,2
"E00136385",0,0,0
"E00136386",2,1,1
"E00136387",0,0,0
"E00136388",3,1,2
"E00136389",3,2,1
"E00136390",4,2,2
"E00136391",1,1,0
"E00136392",1,0,1
"E00136393",2,2,0
"E00136394",0,0,0
"E00136395",4,2,2
"E00136397",0,0,0
"E00136398",0,0,0
"E00136399",0,0,0
"E00136400",5,2,3
"E00136401",1,0,1
"E00136402",5,2,3
"E00136403",0,0,0
"E00136404",0,0,0
"E00136405",0,0,0
"E00136406",1,1,0
"E00136407",1,1,0
"E00136408",0,0,0
"E00136409",0,0,0
"E00136410",0,0,0
"E00136411",0,0,0
"E00136412",6,4,2
"E00136413",8,4,4
"E00136414",1,0,1
"E00136415",0,0,0
"E00136416",0,0,0
"E00136417",2,1,1
"E00136418",0,0,0
"E00136419",2,1,1
"E00136420",0,0,0
"E00136422",0,0,0
"E00136423",3,2,1
"E00136424",3,2,1
"E00136425",0,0,0
"E00136426",5,4,1
"E00136427",0,0,0
"E00136428",3,0,3
"E00136429",0,0,0
"E00136430",1,1,0
"E00136431",0,0,0
"E00136432",4,2,2
"E00136434",2,1,1
"E00136435",0,0,0
"E00136436",0,0,0
"E00136437",2,0,2
"E00136438",0,0,0
"E00136439",0,0,0
"E00136440",0,0,0
"E00136441",8,3,5
"E00136442",0,0,0
"E00136443",0,0,0
"E00136444",1,1,0
"E00136445",1,0,1
"E00136446",0,0,0
"E00136447",3,1,2
"E00136449",3,2,1
"E00136450",0,0,0
"E00136451",3,0,3
"E00136452",2,1,1
"E00136453",3,2,1
"E00136454",1,0,1
"E00136455",0,0,0
"E00136456",0,0,0
"E00136457",0,0,0
"E00136458",1,0,1
"E00136459",2,1,1
"E00136460",1,1,0
"E00136461",3,2,1
"E00136462",0,0,0
"E00136463",0,0,0
"E00136464",1,0,1
"E00136465",3,1,2
"E00136466",0,0,0
"E00136467",1,1,0
"E00136468",0,0,0
"E00136469",11,5,6
"E00136470",8,5,3
"E00136471",2,0,2
"E00136472",5,2,3
"E00136473",4,3,1
"E00136474",3,2,1
"E00136475",4,2,2
"E00136476",3,0,3
"E00136477",6,2,4
"E00136478",7,1,6
"E00136479",1,1,0
"E00136480",2,1,1
"E00136481",6,3,3
"E00136482",0,0,0
"E00136483",3,2,1
"E00136484",5,2,3
"E00136485",3,2,1
"E00136486",11,3,8
"E00136487",3,0,3
"E00136488",10,5,5
"E00136489",0,0,0
"E00136490",16,5,11
"E00136491",1,0,1
"E00136492",9,3,6
"E00136493",13,8,5
"E00136494",10,6,4
"E00136495",7,3,4
"E00136496",2,1,1
"E00136497",6,2,4
"E00136498",0,0,0
"E00136499",4,1,3
"E00136500",0,0,0
"E00136501",4,1,3
"E00136502",1,1,0
"E00136503",0,0,0
"E00136504",1,0,1
"E00136505",0,0,0
"E00136506",0,0,0
"E00136507",0,0,0
"E00136508",1,1,0
"E00136509",2,0,2
"E00136510",1,1,0
"E00136511",0,0,0
"E00136512",5,2,3
"E00136513",2,1,1
"E00136514",0,0,0
"E00136515",2,0,2
"E00136516",1,1,0
"E00136517",0,0,0
"E00136518",1,1,0
"E00136519",0,0,0
"E00136520",4,1,3
"E00136521",2,1,1
"E00136522",1,1,0
"E00136523",0,0,0
"E00136524",2,1,1
"E00136525",5,2,3
"E00136526",0,0,0
"E00136527",1,1,0
"E00136528",0,0,0
"E00136529",0,0,0
"E00136530",0,0,0
"E00136531",0,0,0
"E00136532",0,0,0
"E00136533",1,0,1
"E00136534",0,0,0
"E00136535",3,0,3
"E00136536",2,0,2
"E00136537",0,0,0
"E00136538",2,2,0
"E00136539",1,0,1
"E00136540",7,1,6
"E00136541",2,2,0
"E00136542",0,0,0
"E00136543",3,1,2
"E00136544",1,0,1
"E00136545",1,1,0
"E00136547",0,0,0
"E00136548",1,0,1
"E00136549",4,1,3
"E00136550",0,0,0
"E00136551",0,0,0
"E00136552",3,3,0
"E00136553",0,0,0
"E00136554",4,4,0
"E00136555",6,4,2
"E00136556",4,2,2
"E00136558",1,0,1
"E00136559",3,2,1
"E00136560",0,0,0
"E00136561",2,1,1
"E00136562",2,2,0
"E00136563",0,0,0
"E00136564",2,0,2
"E00136565",1,1,0
"E00136566",8,4,4
"E00136567",2,1,1
"E00136568",2,2,0
"E00136569",5,2,3
"E00136570",2,1,1
"E00136571",2,1,1
"E00136572",5,5,0
"E00136573",4,2,2
"E00136574",9,3,6
"E00136575",3,1,2
"E00136576",0,0,0
"E00136577",2,2,0
"E00136578",10,5,5
"E00136579",8,3,5
"E00136580",7,1,6
"E00136581",5,2,3
"E00136582",0,0,0
"E00136583",7,5,2
"E00136584",1,0,1
"E00136585",0,0,0
"E00136586",3,1,2
"E00136587",3,1,2
"E00136588",5,3,2
"E00136589",3,2,1
"E00136590",3,1,2
"E00136591",9,6,3
"E00136592",6,1,5
"E00136593",3,2,1
"E00136594",3,2,1
"E00136595",2,1,1
"E00136596",1,0,1
"E00136597",4,1,3
"E00136598",3,2,1
"E00136599",0,0,0
"E00136600",7,2,5
"E00136602",5,2,3
"E00136603",3,0,3
"E00136604",4,2,2
"E00136605",8,3,5
"E00136606",4,4,0
"E00136607",3,0,3
"E00136608",4,2,2
"E00136609",8,6,2
"E00136610",3,1,2
"E00136611",1,1,0
"E00136612",1,0,1
"E00136613",0,0,0
"E00136614",3,1,2
"E00136615",2,1,1
"E00136616",4,0,4
"E00136617",1,0,1
"E00136618",0,0,0
"E00136619",2,0,2
"E00136620",5,0,5
"E00136621",13,7,6
"E00136622",4,3,1
"E00136623",3,1,2
"E00136624",7,5,2
"E00136625",6,3,3
"E00136626",5,1,4
"E00136627",0,0,0
"E00136629",9,5,4
"E00136630",4,2,2
"E00136631",8,6,2
"E00136632",2,1,1
"E00136633",3,1,2
"E00136634",1,1,0
"E00136636",5,3,2
"E00136637",2,1,1
"E00136638",0,0,0
"E00136639",5,2,3
"E00136640",7,4,3
"E00136641",0,0,0
"E00136642",0,0,0
"E00136643",2,0,2
"E00136644",3,2,1
"E00136645",3,1,2
"E00136646",1,0,1
"E00136647",1,1,0
"E00136648",1,1,0
"E00136649",5,2,3
"E00136650",0,0,0
"E00136651",4,3,1
"E00136652",0,0,0
"E00136653",0,0,0
"E00136654",3,2,1
"E00136655",0,0,0
"E00136656",1,1,0
"E00136657",0,0,0
"E00136658",0,0,0
"E00136659",0,0,0
"E00136660",0,0,0
"E00136661",0,0,0
"E00136662",11,3,8
"E00136663",2,0,2
"E00136664",1,0,1
"E00136665",3,2,1
"E00136666",4,3,1
"E00136667",5,2,3
"E00136668",10,5,5
"E00136669",1,0,1
"E00136670",0,0,0
"E00136671",6,3,3
"E00136672",8,5,3
"E00136673",9,5,4
"E00136674",1,0,1
"E00136675",3,0,3
"E00136676",3,2,1
"E00136677",0,0,0
"E00136678",4,2,2
"E00136679",2,1,1
"E00136680",3,1,2
"E00136681",5,2,3
"E00136682",2,2,0
"E00136683",0,0,0
"E00136684",8,3,5
"E00136685",5,2,3
"E00136686",0,0,0
"E00136687",1,1,0
"E00136688",3,2,1
"E00136689",5,1,4
"E00136690",12,5,7
"E00136691",8,3,5
"E00136692",2,2,0
"E00136693",0,0,0
"E00136694",7,5,2
"E00136695",3,1,2
"E00136696",10,4,6
"E00136697",10,5,5
"E00136698",3,1,2
"E00136699",4,2,2
"E00136700",5,3,2
"E00136701",0,0,0
"E00136702",8,3,5
"E00136703",4,2,2
"E00136704",3,1,2
"E00136705",7,5,2
"E00136706",6,2,4
"E00136707",2,2,0
"E00136708",9,4,5
"E00136709",5,4,1
"E00136710",3,1,2
"E00136711",4,1,3
"E00136712",3,1,2
"E00136713",6,1,5
"E00136714",10,7,3
"E00136715",5,2,3
"E00136716",3,2,1
"E00136717",8,1,7
"E00136718",9,4,5
"E00136719",11,6,5
"E00136720",6,2,4
"E00136721",7,3,4
"E00136722",9,5,4
"E00136723",2,0,2
"E00136724",6,4,2
"E00136725",11,6,5
"E00136726",3,2,1
"E00136727",11,4,7
"E00136728",10,8,2
"E00136729",4,2,2
"E00136731",9,3,6
"E00136732",4,2,2
"E00136733",1,1,0
"E00136734",2,1,1
"E00136735",7,6,1
"E00136736",9,3,6
"E00136737",1,0,1
"E00136738",5,2,3
"E00136739",1,0,1
"E00136740",8,2,6
"E00136741",2,0,2
"E00136742",5,5,0
"E00136743",5,2,3
"E00136744",7,2,5
"E00136745",0,0,0
"E00136746",5,1,4
"E00136747",1,0,1
"E00136748",11,7,4
"E00136749",1,1,0
"E00136750",2,1,1
"E00136751",5,4,1
"E00136752",5,4,1
"E00136753",2,2,0
"E00136754",1,0,1
"E00136755",3,2,1
"E00136757",1,0,1
"E00136758",1,1,0
"E00136759",4,1,3
"E00136760",1,1,0
"E00136761",1,0,1
"E00136762",6,5,1
"E00136763",2,1,1
"E00136764",2,0,2
"E00136765",0,0,0
"E00136766",1,1,0
"E00136767",4,1,3
"E00136768",3,1,2
"E00136769",1,1,0
"E00136770",0,0,0
"E00136771",3,1,2
"E00136772",5,1,4
"E00136773",2,1,1
"E00136774",0,0,0
"E00136775",2,0,2
"E00136776",1,0,1
"E00136777",3,0,3
"E00136778",2,0,2
"E00136779",2,2,0
"E00136780",7,3,4
"E00136781",4,2,2
"E00136782",3,2,1
"E00136783",1,1,0
"E00136784",9,4,5
"E00136785",5,3,2
"E00136786",6,1,5
"E00136787",4,2,2
"E00136788",7,4,3
"E00136789",6,4,2
"E00136790",1,0,1
"E00136791",5,3,2
"E00136792",2,0,2
"E00136793",4,2,2
"E00136794",9,1,8
"E00136795",4,2,2
"E00136796",2,1,1
"E00136797",7,3,4
"E00136798",1,1,0
"E00136799",4,3,1
"E00136800",2,0,2
"E00136801",3,0,3
"E00136802",13,11,2
"E00136803",3,2,1
"E00136804",14,7,7
"E00136805",2,1,1
"E00136806",4,2,2
"E00136807",10,5,5
"E00136808",0,0,0
"E00136809",9,6,3
"E00136810",1,0,1
"E00136811",8,5,3
"E00136812",11,4,7
"E00136813",4,2,2
"E00136814",0,0,0
"E00136815",2,2,0
"E00136816",7,6,1
"E00136817",9,4,5
"E00136818",2,1,1
"E00136819",1,0,1
"E00136820",5,3,2
"E00136821",2,1,1
"E00136822",3,1,2
"E00136823",6,4,2
"E00136824",2,2,0
"E00136825",3,2,1
"E00136826",2,0,2
"E00136827",1,0,1
"E00136828",6,5,1
"E00136829",2,1,1
"E00136830",2,0,2
"E00136831",1,0,1
"E00136832",0,0,0
"E00136833",5,1,4
"E00136834",3,2,1
"E00136835",4,2,2
"E00136836",4,2,2
"E00136837",0,0,0
"E00136838",2,0,2
"E00136839",1,0,1
"E00136840",0,0,0
"E00136841",1,0,1
"E00136842",7,5,2
"E00136843",12,8,4
"E00136844",1,1,0
"E00136845",1,1,0
"E00136846",10,3,7
"E00136847",8,3,5
"E00136848",6,3,3
"E00136849",3,0,3
"E00136850",4,3,1
"E00136851",4,1,3
"E00136852",3,3,0
"E00136853",8,5,3
"E00136854",6,2,4
"E00136855",4,3,1
"E00136856",7,6,1
"E00136857",3,1,2
"E00136858",4,2,2
"E00136859",1,1,0
"E00136860",1,1,0
"E00136861",2,1,1
"E00136862",6,5,1
"E00136863",3,0,3
"E00136864",7,3,4
"E00136865",10,4,6
"E00136866",0,0,0
"E00136867",1,1,0
"E00136868",15,7,8
"E00136869",8,3,5
"E00136870",6,5,1
"E00136871",11,5,6
"E00136872",6,1,5
"E00136873",2,0,2
"E00136874",7,3,4
"E00136875",4,2,2
"E00136876",6,4,2
"E00136877",1,1,0
"E00136878",6,2,4
"E00136879",1,1,0
"E00136880",4,4,0
"E00136881",5,2,3
"E00136882",10,5,5
"E00136883",7,2,5
"E00136884",5,1,4
"E00136885",0,0,0
"E00136886",9,5,4
"E00136887",0,0,0
"E00136888",5,4,1
"E00136889",3,3,0
"E00136890",7,3,4
"E00136891",10,4,6
"E00136892",1,0,1
"E00136893",6,3,3
"E00136894",7,4,3
"E00136895",5,2,3
"E00136897",1,0,1
"E00136898",10,8,2
"E00136899",5,3,2
"E00136900",1,1,0
"E00136901",7,3,4
"E00136902",7,5,2
"E00136903",6,3,3
"E00136904",2,1,1
"E00136905",1,1,0
"E00136906",0,0,0
"E00136907",0,0,0
"E00136908",1,1,0
"E00136909",4,1,3
"E00136910",1,0,1
"E00136911",2,2,0
"E00136912",1,1,0
"E00136913",0,0,0
"E00136914",1,0,1
"E00136915",0,0,0
"E00136916",5,4,1
"E00136917",2,0,2
"E00136918",3,1,2
"E00136919",1,1,0
"E00136920",4,3,1
"E00136921",2,1,1
"E00136922",5,3,2
"E00136923",8,5,3
"E00136924",3,2,1
"E00136925",2,1,1
"E00136926",2,2,0
"E00136927",5,3,2
"E00136928",15,11,4
"E00136929",4,1,3
"E00136930",4,4,0
"E00136931",4,1,3
"E00136932",6,3,3
"E00136933",0,0,0
"E00136934",1,1,0
"E00136935",3,2,1
"E00136936",1,0,1
"E00136937",12,6,6
"E00136938",2,2,0
"E00136939",7,2,5
"E00136940",1,1,0
"E00136941",9,2,7
"E00136942",2,2,0
"E00136943",3,3,0
"E00136945",1,1,0
"E00136946",0,0,0
"E00136947",0,0,0
"E00136949",1,0,1
"E00136950",2,0,2
"E00136951",1,0,1
"E00136952",1,1,0
"E00136953",3,2,1
"E00136954",3,1,2
"E00136955",0,0,0
"E00136956",8,4,4
"E00136957",5,4,1
"E00136958",5,2,3
"E00136959",9,3,6
"E00136960",1,1,0
"E00136961",5,4,1
"E00136962",2,1,1
"E00136963",10,5,5
"E00136964",5,2,3
"E00136965",6,2,4
"E00136966",3,2,1
"E00136967",5,3,2
"E00136968",3,0,3
"E00136969",1,0,1
"E00136970",3,2,1
"E00136972",0,0,0
"E00136973",0,0,0
"E00136974",2,2,0
"E00136975",1,1,0
"E00136976",6,5,1
"E00136977",3,2,1
"E00136978",3,1,2
"E00136979",7,5,2
"E00136980",11,4,7
"E00136981",7,3,4
"E00136982",3,2,1
"E00136983",5,2,3
"E00136984",2,0,2
"E00136985",3,2,1
"E00136986",5,3,2
"E00136987",3,2,1
"E00136988",0,0,0
"E00136989",1,0,1
"E00136990",7,3,4
"E00136991",8,4,4
"E00136992",2,1,1
"E00136993",8,3,5
"E00136995",0,0,0
"E00136996",3,0,3
"E00136997",1,0,1
"E00136998",5,3,2
"E00136999",1,1,0
"E00137000",8,3,5
"E00137001",1,1,0
"E00137002",4,1,3
"E00137003",2,2,0
"E00137004",5,2,3
"E00137005",0,0,0
"E00137006",1,1,0
"E00137007",5,3,2
"E00137008",1,0,1
"E00137009",4,3,1
"E00137010",2,1,1
"E00137011",1,0,1
"E00137012",15,7,8
"E00137013",15,10,5
"E00137014",7,5,2
"E00137015",9,3,6
"E00137016",11,5,6
"E00137017",9,7,2
"E00137018",5,3,2
"E00137019",2,2,0
"E00137020",1,1,0
"E00137021",1,1,0
"E00137022",1,1,0
"E00137023",1,1,0
"E00137024",3,1,2
"E00137025",2,1,1
"E00137026",1,1,0
"E00137027",6,4,2
"E00137028",8,4,4
"E00137029",4,3,1
"E00137030",3,2,1
"E00137031",3,1,2
"E00137032",11,7,4
"E00137033",0,0,0
"E00137034",1,1,0
"E00137035",15,7,8
"E00137036",5,3,2
"E00137037",7,2,5
"E00137038",16,7,9
"E00137039",1,1,0
"E00137040",4,2,2
"E00137041",6,3,3
"E00137042",3,2,1
"E00137043",1,0,1
"E00137044",7,3,4
"E00137045",5,3,2
"E00137046",6,1,5
"E00137047",3,2,1
"E00137048",4,2,2
"E00137049",3,2,1
"E00137050",8,4,4
"E00137051",4,2,2
"E00137052",3,1,2
"E00137053",2,2,0
"E00137054",13,7,6
"E00137055",2,1,1
"E00137057",11,5,6
"E00137058",1,1,0
"E00137059",5,0,5
"E00137060",6,3,3
"E00137061",7,5,2
"E00137062",5,2,3
"E00137063",9,5,4
"E00137064",7,4,3
"E00137066",6,3,3
"E00137067",8,6,2
"E00137068",1,0,1
"E00137069",14,9,5
"E00137070",5,1,4
"E00137071",0,0,0
"E00137072",0,0,0
"E00137073",0,0,0
"E00137074",5,1,4
"E00137075",0,0,0
"E00137076",2,1,1
"E00137077",1,1,0
"E00137078",0,0,0
"E00137079",0,0,0
"E00137080",0,0,0
"E00137081",1,0,1
"E00137082",5,3,2
"E00137083",3,1,2
"E00137084",0,0,0
"E00137085",7,5,2
"E00137086",6,2,4
"E00137087",1,1,0
"E00137088",2,2,0
"E00137089",3,2,1
"E00137090",10,5,5
"E00137091",0,0,0
"E00137092",8,1,7
"E00137093",9,3,6
"E00137094",6,5,1
"E00137096",0,0,0
"E00137097",7,5,2
"E00137098",2,2,0
"E00137099",4,1,3
"E00137100",5,3,2
"E00137101",5,3,2
"E00137102",2,1,1
"E00137103",0,0,0
"E00137104",3,1,2
"E00137105",1,1,0
"E00137106",2,0,2
"E00137107",0,0,0
"E00137108",0,0,0
"E00137109",0,0,0
"E00137110",1,0,1
"E00137111",1,0,1
"E00137112",0,0,0
"E00137113",4,2,2
"E00137114",2,1,1
"E00137115",0,0,0
"E00137116",1,1,0
"E00137117",3,1,2
"E00137118",1,0,1
"E00137119",6,2,4
"E00137120",6,3,3
"E00137121",3,3,0
"E00137122",0,0,0
"E00137123",1,0,1
"E00137124",0,0,0
"E00137125",0,0,0
"E00137126",3,2,1
"E00137127",0,0,0
"E00137128",1,1,0
"E00137129",2,0,2
"E00137130",4,3,1
"E00137131",1,1,0
"E00137132",2,1,1
"E00137133",0,0,0
"E00137134",1,0,1
"E00137135",1,0,1
"E00137136",4,2,2
"E00137137",0,0,0
"E00137138",2,1,1
"E00137139",7,2,5
"E00137140",0,0,0
"E00137142",0,0,0
"E00137143",0,0,0
"E00137144",2,1,1
"E00137145",3,1,2
"E00137146",6,2,4
"E00137148",4,3,1
"E00137149",4,3,1
"E00137150",1,0,1
"E00137151",3,1,2
"E00137152",0,0,0
"E00137153",3,2,1
"E00137155",3,2,1
"E00137156",2,0,2
"E00137157",2,2,0
"E00137158",1,1,0
"E00137159",2,0,2
"E00137160",1,0,1
"E00137161",2,1,1
"E00137162",6,3,3
"E00137163",4,1,3
"E00137164",0,0,0
"E00137165",2,1,1
"E00137166",2,0,2
"E00137167",5,2,3
"E00137168",0,0,0
"E00137169",6,2,4
"E00137170",3,2,1
"E00137171",2,1,1
"E00137172",1,0,1
"E00137173",4,2,2
"E00137174",0,0,0
"E00137175",3,0,3
"E00137176",1,1,0
"E00137177",2,2,0
"E00137178",0,0,0
"E00137179",1,1,0
"E00137180",3,0,3
"E00137181",2,0,2
"E00137182",2,2,0
"E00137183",10,5,5
"E00137184",5,2,3
"E00137185",4,3,1
"E00137186",0,0,0
"E00137187",4,2,2
"E00137188",1,1,0
"E00137189",6,2,4
"E00137190",2,1,1
"E00137191",0,0,0
"E00137192",5,2,3
"E00137193",2,2,0
"E00137194",3,0,3
"E00137195",3,1,2
"E00137196",1,1,0
"E00137197",5,3,2
"E00137198",6,3,3
"E00137199",2,1,1
"E00137200",2,1,1
"E00137201",4,1,3
"E00137202",0,0,0
"E00137203",0,0,0
"E00137204",0,0,0
"E00137206",3,0,3
"E00137207",4,2,2
"E00137208",8,7,1
"E00137209",6,3,3
"E00137210",4,1,3
"E00137211",0,0,0
"E00137212",9,5,4
"E00137213",4,2,2
"E00137214",5,2,3
"E00137215",6,3,3
"E00137216",9,4,5
"E00137217",2,1,1
"E00137218",3,1,2
"E00137219",8,3,5
"E00137220",2,1,1
"E00137221",6,3,3
"E00137222",8,2,6
"E00137223",10,6,4
"E00137224",3,2,1
"E00137225",3,1,2
"E00137226",0,0,0
"E00137227",0,0,0
"E00137228",2,1,1
"E00137229",3,3,0
"E00137230",6,4,2
"E00137232",2,1,1
"E00137233",0,0,0
"E00137234",4,2,2
"E00137235",0,0,0
"E00137236",0,0,0
"E00137237",8,5,3
"E00137238",1,1,0
"E00137239",9,6,3
"E00137240",7,3,4
"E00137241",1,0,1
"E00137242",4,2,2
"E00137243",2,2,0
"E00137244",2,1,1
"E00137245",4,0,4
"E00137246",1,0,1
"E00137247",7,3,4
"E00137248",4,2,2
"E00137249",4,2,2
"E00137250",0,0,0
"E00137251",0,0,0
"E00137252",0,0,0
"E00137253",4,2,2
"E00137254",9,5,4
"E00137255",5,2,3
"E00137256",8,3,5
"E00137257",4,2,2
"E00137260",0,0,0
"E00137261",3,1,2
"E00137262",0,0,0
"E00137263",6,4,2
"E00137264",0,0,0
"E00137265",0,0,0
"E00137266",0,0,0
"E00137267",4,3,1
"E00137268",3,1,2
"E00137269",5,2,3
"E00137270",5,2,3
"E00137271",0,0,0
"E00137272",0,0,0
"E00137273",0,0,0
"E00137274",0,0,0
"E00137275",0,0,0
"E00137276",8,4,4
"E00137277",3,1,2
"E00137278",0,0,0
"E00137279",4,3,1
"E00137280",4,4,0
"E00137281",2,0,2
"E00137282",2,0,2
"E00137283",12,3,9
"E00137284",3,2,1
"E00137285",17,8,9
"E00137286",11,7,4
"E00137287",7,4,3
"E00137288",4,3,1
"E00137289",9,5,4
"E00137290",5,4,1
"E00137291",5,2,3
"E00137292",11,5,6
"E00137294",7,5,2
"E00137295",6,3,3
"E00137296",6,4,2
"E00137297",10,6,4
"E00137298",2,0,2
"E00137299",5,2,3
"E00137300",15,5,10
"E00137301",10,4,6
"E00137302",7,2,5
"E00137303",4,1,3
"E00137304",7,2,5
"E00137305",8,4,4
"E00137306",7,3,4
"E00137307",6,1,5
"E00137308",10,5,5
"E00137309",7,6,1
"E00137310",11,9,2
"E00137311",12,6,6
"E00137312",6,2,4
"E00137313",4,2,2
"E00137314",4,4,0
"E00137315",1,1,0
"E00137316",2,1,1
"E00137317",7,5,2
"E00137318",5,1,4
"E00137319",9,4,5
"E00137320",19,12,7
"E00137321",3,1,2
"E00137322",9,5,4
"E00137323",6,2,4
"E00137324",10,7,3
"E00137325",5,2,3
"E00137326",6,3,3
"E00137327",5,2,3
"E00137328",10,5,5
"E00137329",8,4,4
"E00137330",7,3,4
"E00137331",11,7,4
"E00137332",8,7,1
"E00137333",10,5,5
"E00137334",16,10,6
"E00137335",11,5,6
"E00137336",11,2,9
"E00137337",6,5,1
"E00137338",10,7,3
"E00137339",1,0,1
"E00137340",8,3,5
"E00137341",18,8,10
"E00137342",9,4,5
"E00137343",14,5,9
"E00137344",8,2,6
"E00137345",8,5,3
"E00137346",6,4,2
"E00137347",8,4,4
"E00137348",1,1,0
"E00137349",8,5,3
"E00137350",7,3,4
"E00137351",1,0,1
"E00137352",13,5,8
"E00137353",19,9,10
"E00137354",5,2,3
"E00137355",0,0,0
"E00137356",3,2,1
"E00137357",1,0,1
"E00137358",1,0,1
"E00137359",2,1,1
"E00137360",3,1,2
"E00137361",2,1,1
"E00137362",3,1,2
"E00137363",0,0,0
"E00137364",3,1,2
"E00137365",4,2,2
"E00137366",10,7,3
"E00137367",2,2,0
"E00137368",8,2,6
"E00137369",0,0,0
"E00137370",1,1,0
"E00137371",4,3,1
"E00137372",2,0,2
"E00137373",4,2,2
"E00137374",7,3,4
"E00137375",2,1,1
"E00137376",8,3,5
"E00137377",7,4,3
"E00137378",10,3,7
"E00137379",12,5,7
"E00137380",9,6,3
"E00137381",4,3,1
"E00137382",2,2,0
"E00137383",5,0,5
"E00137384",2,2,0
"E00137385",0,0,0
"E00137386",0,0,0
"E00137387",8,4,4
"E00137388",2,0,2
"E00137389",1,0,1
"E00137390",3,3,0
"E00137391",2,0,2
"E00137392",2,1,1
"E00137393",2,1,1
"E00137394",4,2,2
"E00137396",8,6,2
"E00137397",6,1,5
"E00137398",7,4,3
"E00137399",4,1,3
"E00137400",7,5,2
"E00137401",4,2,2
"E00137402",0,0,0
"E00137403",0,0,0
"E00137404",6,1,5
"E00137405",6,5,1
"E00137406",9,4,5
"E00137407",14,7,7
"E00137408",1,0,1
"E00137409",2,1,1
"E00137410",9,5,4
"E00137411",3,1,2
"E00137412",4,1,3
"E00137413",2,2,0
"E00137414",5,2,3
"E00137415",5,3,2
"E00137416",4,1,3
"E00137417",7,4,3
"E00137418",8,4,4
"E00137419",17,8,9
"E00137420",3,2,1
"E00137421",2,0,2
"E00137422",0,0,0
"E00137423",7,3,4
"E00137424",4,2,2
"E00137425",10,8,2
"E00137426",15,6,9
"E00137427",7,6,1
"E00137428",13,7,6
"E00137429",6,4,2
"E00137430",18,7,11
"E00137431",0,0,0
"E00137432",9,5,4
"E00137433",4,0,4
"E00137434",0,0,0
"E00137435",16,5,11
"E00137436",2,2,0
"E00137437",1,0,1
"E00137438",10,2,8
"E00137439",8,5,3
"E00137440",11,3,8
"E00137441",1,0,1
"E00137442",9,4,5
"E00137443",9,8,1
"E00137444",4,1,3
"E00137445",1,1,0
"E00137446",8,3,5
"E00137447",11,6,5
"E00137448",4,0,4
"E00137449",3,2,1
"E00137450",3,2,1
"E00137451",9,4,5
"E00137452",5,2,3
"E00137453",4,1,3
"E00137454",0,0,0
"E00137455",17,10,7
"E00137456",4,2,2
"E00137457",20,10,10
"E00137458",9,6,3
"E00137459",5,1,4
"E00137460",8,4,4
"E00137461",13,6,7
"E00137462",6,2,4
"E00137463",14,8,6
"E00137464",13,7,6
"E00137465",6,2,4
"E00137466",7,2,5
"E00137467",13,6,7
"E00137468",5,2,3
"E00137469",6,2,4
"E00137470",1,0,1
"E00137471",1,1,0
"E00137472",13,5,8
"E00137473",5,4,1
"E00137474",6,4,2
"E00137475",1,0,1
"E00137476",5,2,3
"E00137477",5,5,0
"E00137478",4,1,3
"E00137479",13,9,4
"E00137480",1,0,1
"E00137481",18,9,9
"E00137482",3,3,0
"E00137483",6,3,3
"E00137484",7,3,4
"E00137485",9,6,3
"E00137486",17,9,8
"E00137489",16,6,10
"E00137491",16,9,7
"E00137492",6,1,5
"E00137493",6,3,3
"E00137494",21,12,9
"E00137495",9,6,3
"E00137496",1,0,1
"E00137497",4,3,1
"E00137498",2,0,2
"E00137499",1,1,0
"E00137500",10,6,4
"E00137501",17,7,10
"E00137502",8,3,5
"E00137503",7,2,5
"E00137504",0,0,0
"E00137505",11,5,6
"E00137506",9,5,4
"E00137507",7,4,3
"E00137508",2,0,2
"E00137509",2,2,0
"E00137510",1,0,1
"E00137511",5,2,3
"E00137512",6,2,4
"E00137513",3,2,1
"E00137514",2,1,1
"E00137515",1,0,1
"E00137517",1,1,0
"E00137518",4,2,2
"E00137519",0,0,0
"E00137521",4,2,2
"E00137522",4,2,2
"E00137523",1,0,1
"E00137524",11,6,5
"E00137525",4,2,2
"E00137526",8,2,6
"E00137527",1,0,1
"E00137528",5,1,4
"E00137529",5,3,2
"E00137530",1,1,0
"E00137531",2,0,2
"E00137533",6,2,4
"E00137534",6,2,4
"E00137535",1,1,0
"E00137536",7,2,5
"E00137537",1,0,1
"E00137538",3,1,2
"E00137539",5,2,3
"E00137540",1,0,1
"E00137541",0,0,0
"E00137542",4,2,2
"E00137543",2,1,1
"E00137544",3,0,3
"E00137545",0,0,0
"E00137546",5,2,3
"E00137547",1,0,1
"E00137548",5,2,3
"E00137549",0,0,0
"E00137550",7,5,2
"E00137551",3,3,0
"E00137552",4,2,2
"E00137553",3,2,1
"E00137554",13,7,6
"E00137555",6,3,3
"E00137556",4,1,3
"E00137557",5,2,3
"E00137558",4,1,3
"E00137559",5,3,2
"E00137560",11,3,8
"E00137561",3,1,2
"E00137562",10,8,2
"E00137563",1,1,0
"E00137564",6,3,3
"E00137565",6,4,2
"E00137566",6,3,3
"E00137567",11,3,8
"E00137568",3,2,1
"E00137569",6,2,4
"E00137570",2,1,1
"E00137571",11,7,4
"E00137572",8,4,4
"E00137573",11,4,7
"E00137574",0,0,0
"E00137575",2,0,2
"E00137576",11,5,6
"E00137577",4,2,2
"E00137578",5,5,0
"E00137579",6,3,3
"E00137581",12,4,8
"E00137582",3,3,0
"E00137583",11,7,4
"E00137584",4,2,2
"E00137585",8,6,2
"E00137586",18,9,9
"E00137587",2,1,1
"E00137588",24,11,13
"E00137589",5,2,3
"E00137590",7,3,4
"E00137591",13,8,5
"E00137592",8,5,3
"E00137593",6,2,4
"E00137594",1,1,0
"E00137595",5,1,4
"E00137596",12,5,7
"E00137597",11,7,4
"E00137598",6,4,2
"E00137599",9,4,5
"E00137600",5,1,4
"E00137601",1,1,0
"E00137602",7,5,2
"E00137603",5,2,3
"E00137604",1,1,0
"E00137605",6,1,5
"E00137606",3,1,2
"E00137607",4,1,3
"E00137608",3,2,1
"E00137609",5,2,3
"E00137610",0,0,0
"E00137611",6,2,4
"E00137612",1,1,0
"E00137613",3,1,2
"E00137614",5,3,2
"E00137615",6,2,4
"E00137616",0,0,0
"E00137617",6,5,1
"E00137618",0,0,0
"E00137619",3,3,0
"E00137620",0,0,0
"E00137621",0,0,0
"E00137622",7,4,3
"E00137623",3,1,2
"E00137624",3,2,1
"E00137625",10,5,5
"E00137626",2,0,2
"E00137627",3,3,0
"E00137628",6,4,2
"E00137629",9,5,4
"E00137630",0,0,0
"E00137631",6,2,4
"E00137632",2,1,1
"E00137633",7,3,4
"E00137634",5,2,3
"E00137635",1,0,1
"E00137636",0,0,0
"E00137637",0,0,0
"E00137638",3,1,2
"E00137639",1,1,0
"E00137640",3,3,0
"E00137641",1,1,0
"E00137642",1,1,0
"E00137643",3,1,2
"E00137644",1,1,0
"E00137645",0,0,0
"E00137646",3,3,0
"E00137647",0,0,0
"E00137648",8,4,4
"E00137649",2,1,1
"E00137650",4,1,3
"E00137651",0,0,0
"E00137652",1,0,1
"E00137653",5,3,2
"E00137654",6,5,1
"E00137655",6,3,3
"E00137657",1,0,1
"E00137658",2,0,2
"E00137659",0,0,0
"E00137660",4,1,3
"E00137661",8,4,4
"E00137662",2,1,1
"E00137663",1,1,0
"E00137664",0,0,0
"E00137665",3,2,1
"E00137666",4,2,2
"E00137667",3,2,1
"E00137668",1,0,1
"E00137669",0,0,0
"E00137670",1,1,0
"E00137671",1,0,1
"E00137672",4,0,4
"E00137673",12,4,8
"E00137674",2,2,0
"E00137675",5,2,3
"E00137676",2,0,2
"E00137677",5,2,3
"E00137678",0,0,0
"E00137679",3,2,1
"E00137680",5,2,3
"E00137681",2,0,2
"E00137682",2,2,0
"E00137683",3,1,2
"E00137684",3,1,2
"E00137685",3,2,1
"E00137686",1,1,0
"E00137687",1,1,0
"E00137688",8,3,5
"E00137689",1,0,1
"E00137690",2,1,1
"E00137692",5,1,4
"E00137693",4,1,3
"E00137695",6,2,4
"E00137696",3,2,1
"E00137697",1,1,0
"E00137698",3,3,0
"E00137699",2,1,1
"E00137700",1,0,1
"E00137701",2,1,1
"E00137702",1,1,0
"E00137703",1,1,0
"E00137704",5,3,2
"E00137705",2,0,2
"E00137706",5,2,3
"E00137707",4,3,1
"E00137708",2,1,1
"E00137709",0,0,0
"E00137710",1,1,0
"E00137711",0,0,0
"E00137712",4,3,1
"E00137713",1,1,0
"E00137714",0,0,0
"E00137715",2,1,1
"E00137716",2,1,1
"E00137717",3,0,3
"E00137718",0,0,0
"E00137719",3,2,1
"E00137720",7,2,5
"E00137721",7,4,3
"E00137722",0,0,0
"E00137723",8,6,2
"E00137724",10,6,4
"E00137725",2,1,1
"E00137726",14,8,6
"E00137727",4,1,3
"E00137728",6,0,6
"E00137729",3,2,1
"E00137730",6,3,3
"E00137731",3,1,2
"E00137733",7,6,1
"E00137734",2,1,1
"E00137735",1,0,1
"E00137736",2,2,0
"E00137737",5,2,3
"E00137738",6,3,3
"E00137739",6,3,3
"E00137741",1,0,1
"E00137742",10,5,5
"E00137743",7,4,3
"E00137744",2,1,1
"E00137745",11,6,5
"E00137746",8,6,2
"E00137747",5,1,4
"E00137748",3,3,0
"E00137749",9,6,3
"E00137750",5,2,3
"E00137751",5,3,2
"E00137752",3,2,1
"E00137753",3,1,2
"E00137754",6,3,3
"E00137755",5,2,3
"E00137756",6,2,4
"E00137757",7,1,6
"E00137758",8,3,5
"E00137759",0,0,0
"E00137760",0,0,0
"E00137761",1,1,0
"E00137762",0,0,0
"E00137763",1,0,1
"E00137764",1,1,0
"E00137765",0,0,0
"E00137766",2,0,2
"E00137767",1,0,1
"E00137768",6,2,4
"E00137769",1,1,0
"E00137770",3,1,2
"E00137771",2,1,1
"E00137772",0,0,0
"E00137773",2,1,1
"E00137774",4,1,3
"E00137775",3,2,1
"E00137776",4,1,3
"E00137777",1,1,0
"E00137778",7,3,4
"E00137779",0,0,0
"E00137780",1,0,1
"E00137781",17,5,12
"E00137782",6,3,3
"E00137783",3,0,3
"E00137784",12,7,5
"E00137785",8,3,5
"E00137786",0,0,0
"E00137787",5,2,3
"E00137788",4,2,2
"E00137789",12,5,7
"E00137790",6,4,2
"E00137791",13,7,6
"E00137792",1,0,1
"E00137793",8,7,1
"E00137794",3,1,2
"E00137795",5,2,3
"E00137796",3,0,3
"E00137797",6,3,3
"E00137798",6,3,3
"E00137799",3,1,2
"E00137801",16,10,6
"E00137802",3,2,1
"E00137803",7,3,4
"E00137804",2,1,1
"E00137805",5,5,0
"E00137806",3,0,3
"E00137807",7,4,3
"E00137808",2,0,2
"E00137809",1,0,1
"E00137810",5,1,4
"E00137811",6,3,3
"E00137812",3,3,0
"E00137813",0,0,0
"E00137814",6,4,2
"E00137815",2,1,1
"E00137816",1,0,1
"E00137817",0,0,0
"E00137818",10,3,7
"E00137819",3,1,2
"E00137820",3,1,2
"E00137822",7,6,1
"E00137823",4,1,3
"E00137824",0,0,0
"E00137825",7,2,5
"E00137826",7,3,4
"E00137827",1,1,0
"E00137828",5,2,3
"E00137829",0,0,0
"E00137830",0,0,0
"E00137831",0,0,0
"E00137832",0,0,0
"E00137833",11,7,4
"E00137834",1,0,1
"E00137835",5,2,3
"E00137836",5,2,3
"E00137837",4,3,1
"E00137838",5,1,4
"E00137839",0,0,0
"E00137840",5,1,4
"E00137841",0,0,0
"E00137842",5,2,3
"E00137843",5,1,4
"E00137844",2,1,1
"E00137845",10,4,6
"E00137846",0,0,0
"E00137847",4,2,2
"E00137848",6,4,2
"E00137849",0,0,0
"E00137850",2,1,1
"E00137851",8,1,7
"E00137852",4,1,3
"E00137853",1,1,0
"E00137854",8,5,3
"E00137855",6,1,5
"E00137856",3,3,0
"E00137857",0,0,0
"E00137858",3,2,1
"E00137859",8,4,4
"E00137860",7,3,4
"E00137861",5,1,4
"E00137862",2,1,1
"E00137863",1,0,1
"E00137864",3,2,1
"E00137865",6,4,2
"E00137866",1,0,1
"E00137867",5,1,4
"E00137868",1,0,1
"E00137869",4,2,2
"E00137870",0,0,0
"E00137871",3,3,0
"E00137872",4,3,1
"E00137873",4,3,1
"E00137874",0,0,0
"E00137875",2,0,2
"E00137876",0,0,0
"E00137877",0,0,0
"E00137878",0,0,0
"E00137879",1,0,1
"E00137880",3,2,1
"E00137881",1,0,1
"E00137882",0,0,0
"E00137883",1,0,1
"E00137884",1,1,0
"E00137885",2,1,1
"E00137886",2,0,2
"E00137887",2,1,1
"E00137888",0,0,0
"E00137889",3,2,1
"E00137890",8,3,5
"E00137891",7,4,3
"E00137892",0,0,0
"E00137893",1,0,1
"E00137894",1,0,1
"E00137895",5,3,2
"E00137896",2,1,1
"E00137897",2,1,1
"E00137898",2,0,2
"E00137899",4,1,3
"E00137900",6,2,4
"E00137901",7,1,6
"E00137902",2,2,0
"E00137903",0,0,0
"E00137904",0,0,0
"E00137905",0,0,0
"E00137906",2,2,0
"E00137907",1,1,0
"E00137908",0,0,0
"E00137909",0,0,0
"E00137911",0,0,0
"E00137912",3,1,2
"E00137913",5,2,3
"E00137914",4,3,1
"E00137915",4,3,1
"E00137916",5,2,3
"E00137917",3,1,2
"E00137918",3,2,1
"E00137919",0,0,0
"E00137920",2,0,2
"E00137921",2,2,0
"E00137922",4,1,3
"E00137923",5,3,2
"E00137924",8,3,5
"E00137925",6,4,2
"E00137926",6,3,3
"E00137927",10,4,6
"E00137928",5,2,3
"E00137929",1,0,1
"E00137930",6,3,3
"E00137931",4,2,2
"E00137932",8,4,4
"E00137933",7,2,5
"E00137934",14,3,11
"E00137935",6,3,3
"E00137936",1,1,0
"E00137937",6,4,2
"E00137938",4,3,1
"E00137939",2,1,1
"E00137940",6,4,2
"E00137941",11,6,5
"E00137942",1,0,1
"E00137943",12,6,6
"E00137944",2,1,1
"E00137945",4,2,2
"E00137946",4,1,3
"E00137947",6,4,2
"E00137948",1,1,0
"E00137949",6,4,2
"E00137950",11,8,3
"E00137951",6,2,4
"E00137952",8,4,4
"E00137954",7,5,2
"E00137955",8,6,2
"E00137956",13,6,7
"E00137957",1,1,0
"E00137958",10,2,8
"E00137959",2,2,0
"E00137960",16,8,8
"E00137961",6,3,3
"E00137962",7,4,3
"E00137963",12,7,5
"E00137964",12,5,7
"E00137965",10,5,5
"E00137966",8,3,5
"E00137967",16,7,9
"E00137968",4,0,4
"E00137969",5,2,3
"E00137970",3,1,2
"E00137971",6,4,2
"E00137972",7,1,6
"E00137973",4,2,2
"E00137974",1,0,1
"E00137975",4,1,3
"E00137976",1,0,1
"E00137977",6,3,3
"E00137978",2,1,1
"E00137979",2,2,0
"E00137980",2,1,1
"E00137981",0,0,0
"E00137982",3,1,2
"E00137983",6,4,2
"E00137984",5,3,2
"E00137985",8,3,5
"E00137986",3,2,1
"E00137987",4,1,3
"E00137988",0,0,0
"E00137989",3,2,1
"E00137991",5,2,3
"E00137992",4,3,1
"E00137993",3,1,2
"E00137994",6,3,3
"E00137995",1,1,0
"E00137996",2,1,1
"E00137997",0,0,0
"E00137998",2,2,0
"E00137999",0,0,0
"E00138000",3,1,2
"E00138001",4,3,1
"E00138002",10,5,5
"E00138003",0,0,0
"E00138004",4,1,3
"E00138005",1,0,1
"E00138006",8,7,1
"E00138007",14,5,9
"E00138008",4,3,1
"E00138009",10,4,6
"E00138010",5,2,3
"E00138011",4,3,1
"E00138012",9,5,4
"E00138013",1,1,0
"E00138014",5,4,1
"E00138015",0,0,0
"E00138016",0,0,0
"E00138017",0,0,0
"E00138018",2,2,0
"E00138019",1,0,1
"E00138020",2,2,0
"E00138021",4,4,0
"E00138022",4,2,2
"E00138023",2,1,1
"E00138024",8,5,3
"E00138025",4,4,0
"E00138026",7,3,4
"E00138027",4,1,3
"E00138028",0,0,0
"E00138029",0,0,0
"E00138030",4,3,1
"E00138031",0,0,0
"E00138032",0,0,0
"E00138033",3,1,2
"E00138034",1,1,0
"E00138035",8,5,3
"E00138036",8,4,4
"E00138037",5,1,4
"E00138038",7,5,2
"E00138039",4,2,2
"E00138040",4,4,0
"E00138041",0,0,0
"E00138042",2,2,0
"E00138043",3,3,0
"E00138044",4,2,2
"E00138045",3,3,0
"E00138046",3,0,3
"E00138047",2,1,1
"E00138048",4,2,2
"E00138049",1,1,0
"E00138050",2,0,2
"E00138051",4,2,2
"E00138052",4,2,2
"E00138053",7,3,4
"E00138054",2,1,1
"E00138055",1,0,1
"E00138056",1,0,1
"E00138057",5,1,4
"E00138058",3,2,1
"E00138059",0,0,0
"E00138060",1,0,1
"E00138061",3,0,3
"E00138062",0,0,0
"E00138063",1,1,0
"E00138064",4,2,2
"E00138065",5,2,3
"E00138066",2,0,2
"E00138067",2,2,0
"E00138068",7,4,3
"E00138069",5,5,0
"E00138070",6,5,1
"E00138071",1,0,1
"E00138072",3,1,2
"E00138073",3,2,1
"E00138074",1,1,0
"E00138075",7,3,4
"E00138076",0,0,0
"E00138077",7,3,4
"E00138078",3,1,2
"E00138079",5,3,2
"E00138080",9,6,3
"E00138081",7,3,4
"E00138082",4,3,1
"E00138083",3,1,2
"E00138084",6,2,4
"E00138085",5,3,2
"E00138086",2,1,1
"E00138087",0,0,0
"E00138088",8,5,3
"E00138089",1,0,1
"E00138090",0,0,0
"E00138091",3,2,1
"E00138092",1,1,0
"E00138093",1,1,0
"E00138094",0,0,0
"E00138095",6,3,3
"E00138096",5,3,2
"E00138097",1,0,1
"E00138098",1,1,0
"E00138099",2,1,1
"E00138100",2,0,2
"E00138101",4,1,3
"E00138102",7,1,6
"E00138103",4,3,1
"E00138104",5,2,3
"E00138105",3,1,2
"E00138106",3,2,1
"E00138107",1,0,1
"E00138108",0,0,0
"E00138109",1,1,0
"E00138110",0,0,0
"E00138111",10,4,6
"E00138112",8,2,6
"E00138113",2,1,1
"E00138114",6,3,3
"E00138115",5,2,3
"E00138116",1,1,0
"E00138117",1,0,1
"E00138118",2,1,1
"E00138119",0,0,0
"E00138121",0,0,0
"E00138122",1,0,1
"E00138123",0,0,0
"E00138124",1,1,0
"E00138125",2,1,1
"E00138126",1,0,1
"E00138127",0,0,0
"E00138128",0,0,0
"E00138129",3,1,2
"E00138130",1,0,1
"E00138131",0,0,0
"E00138132",3,0,3
"E00138133",0,0,0
"E00138134",1,1,0
"E00138135",0,0,0
"E00138136",6,2,4
"E00138137",0,0,0
"E00138138",9,5,4
"E00138139",3,1,2
"E00138142",1,0,1
"E00138143",1,0,1
"E00138144",0,0,0
"E00138145",1,1,0
"E00138146",0,0,0
"E00138147",1,0,1
"E00138148",0,0,0
"E00138149",4,2,2
"E00138150",1,1,0
"E00138151",0,0,0
"E00138152",0,0,0
"E00138153",1,1,0
"E00138154",2,1,1
"E00138155",6,4,2
"E00138156",4,2,2
"E00138157",4,2,2
"E00138158",2,0,2
"E00138160",1,0,1
"E00138162",0,0,0
"E00138163",4,1,3
"E00138164",6,4,2
"E00138165",4,2,2
"E00138166",5,3,2
"E00138167",1,1,0
"E00138168",0,0,0
"E00138169",3,1,2
"E00138170",2,1,1
"E00138171",2,0,2
"E00138172",0,0,0
"E00138173",1,0,1
"E00138174",2,1,1
"E00138175",2,0,2
"E00138176",1,1,0
"E00138177",3,3,0
"E00138178",2,1,1
"E00138179",5,2,3
"E00138180",0,0,0
"E00138181",0,0,0
"E00138182",5,3,2
"E00138183",4,1,3
"E00138184",5,3,2
"E00138185",1,1,0
"E00138186",3,2,1
"E00138187",2,1,1
"E00138188",1,1,0
"E00138189",2,0,2
"E00138190",2,2,0
"E00138191",7,7,0
"E00138192",5,3,2
"E00138193",5,3,2
"E00138194",4,1,3
"E00138195",12,6,6
"E00138196",7,5,2
"E00138197",8,2,6
"E00138198",10,4,6
"E00138199",4,3,1
"E00138200",14,9,5
"E00138201",4,3,1
"E00138202",2,1,1
"E00138203",5,1,4
"E00138204",0,0,0
"E00138205",6,6,0
"E00138206",0,0,0
"E00138207",5,2,3
"E00138208",2,1,1
"E00138209",5,3,2
"E00138210",10,2,8
"E00138211",1,0,1
"E00138212",3,1,2
"E00138213",2,2,0
"E00138214",0,0,0
"E00138215",2,1,1
"E00138216",2,1,1
"E00138217",1,1,0
"E00138218",0,0,0
"E00138219",5,2,3
"E00138220",5,2,3
"E00138221",4,2,2
"E00138222",1,0,1
"E00138223",5,4,1
"E00138224",2,0,2
"E00138225",3,1,2
"E00138226",8,3,5
"E00138227",7,3,4
"E00138228",8,4,4
"E00138229",7,3,4
"E00138230",4,2,2
"E00138231",1,0,1
"E00138232",7,4,3
"E00138233",0,0,0
"E00138234",6,3,3
"E00138235",0,0,0
"E00138236",0,0,0
"E00138237",4,3,1
"E00138238",1,1,0
"E00138239",3,3,0
"E00138240",3,1,2
"E00138241",1,0,1
"E00138242",2,1,1
"E00138243",3,2,1
"E00138244",4,2,2
"E00138245",6,5,1
"E00138246",2,1,1
"E00138247",11,6,5
"E00138248",6,3,3
"E00138249",1,1,0
"E00138250",8,3,5
"E00138251",2,1,1
"E00138252",6,5,1
"E00138254",3,1,2
"E00138255",1,0,1
"E00138256",3,1,2
"E00138257",6,4,2
"E00138258",3,1,2
"E00138259",14,6,8
"E00138260",2,1,1
"E00138261",1,1,0
"E00138262",2,2,0
"E00138263",0,0,0
"E00138264",0,0,0
"E00138265",2,2,0
"E00138266",0,0,0
"E00138267",3,2,1
"E00138268",0,0,0
"E00138269",3,3,0
"E00138270",4,3,1
"E00138271",0,0,0
"E00138272",4,3,1
"E00138273",1,0,1
"E00138274",1,0,1
"E00138275",3,1,2
"E00138276",0,0,0
"E00138277",7,1,6
"E00138278",4,2,2
"E00138279",0,0,0
"E00138280",4,2,2
"E00138281",1,1,0
"E00138282",1,1,0
"E00138283",2,0,2
"E00138284",11,4,7
"E00138285",5,2,3
"E00138286",2,1,1
"E00138287",5,3,2
"E00138288",4,3,1
"E00138289",10,6,4
"E00138290",1,0,1
"E00138291",4,1,3
"E00138292",6,4,2
"E00138293",6,3,3
"E00138294",6,3,3
"E00138295",0,0,0
"E00138296",0,0,0
"E00138297",4,2,2
"E00138298",3,2,1
"E00138299",1,1,0
"E00138300",10,6,4
"E00138301",0,0,0
"E00138302",1,1,0
"E00138303",3,2,1
"E00138304",4,2,2
"E00138305",2,2,0
"E00138306",1,1,0
"E00138307",2,0,2
"E00138308",5,2,3
"E00138309",4,2,2
"E00138310",1,0,1
"E00138311",0,0,0
"E00138312",7,6,1
"E00138313",1,1,0
"E00138314",0,0,0
"E00138315",20,7,13
"E00138316",13,7,6
"E00138317",5,2,3
"E00138318",7,3,4
"E00138319",7,3,4
"E00138320",3,2,1
"E00138321",4,3,1
"E00138322",0,0,0
"E00138323",2,1,1
"E00138324",6,1,5
"E00138325",7,6,1
"E00138326",2,2,0
"E00138327",7,2,5
"E00138328",2,0,2
"E00138329",3,1,2
"E00138330",2,1,1
"E00138331",4,1,3
"E00138332",4,2,2
"E00138333",1,0,1
"E00138334",3,0,3
"E00138335",1,1,0
"E00138336",3,0,3
"E00138337",1,0,1
"E00138338",0,0,0
"E00138339",2,0,2
"E00138340",10,2,8
"E00138341",3,1,2
"E00138342",3,0,3
"E00138343",3,1,2
"E00138344",1,1,0
"E00138345",2,1,1
"E00138346",2,1,1
"E00138347",3,3,0
"E00138348",0,0,0
"E00138349",5,2,3
"E00138350",2,1,1
"E00138351",7,5,2
"E00138352",3,2,1
"E00138353",7,3,4
"E00138354",1,1,0
"E00138355",0,0,0
"E00138356",5,3,2
"E00138357",4,2,2
"E00138358",4,2,2
"E00138359",2,1,1
"E00138360",0,0,0
"E00138361",0,0,0
"E00138362",11,7,4
"E00138363",4,1,3
"E00138364",0,0,0
"E00138365",0,0,0
"E00138366",8,4,4
"E00138367",0,0,0
"E00138368",1,0,1
"E00138369",2,2,0
"E00138370",2,2,0
"E00138371",0,0,0
"E00138372",2,0,2
"E00138373",4,1,3
"E00138374",1,0,1
"E00138375",5,2,3
"E00138376",5,3,2
"E00138377",7,5,2
"E00138378",6,4,2
"E00138379",7,3,4
"E00138380",6,3,3
"E00138381",4,2,2
"E00138382",1,0,1
"E00138383",1,0,1
"E00138385",9,3,6
"E00138386",1,0,1
"E00138387",4,3,1
"E00138389",5,3,2
"E00138390",6,2,4
"E00138391",15,6,9
"E00138392",6,3,3
"E00138393",1,0,1
"E00138394",13,6,7
"E00138395",4,2,2
"E00138397",4,2,2
"E00138398",5,3,2
"E00138399",5,3,2
"E00138400",4,1,3
"E00138401",6,3,3
"E00138402",6,4,2
"E00138403",2,1,1
"E00138404",8,4,4
"E00138405",3,2,1
"E00138406",6,3,3
"E00138407",2,1,1
"E00138408",4,3,1
"E00138409",0,0,0
"E00138410",2,0,2
"E00138411",0,0,0
"E00138412",8,4,4
"E00138413",2,2,0
"E00138414",2,1,1
"E00138415",1,0,1
"E00138416",1,0,1
"E00138417",5,3,2
"E00138418",2,1,1
"E00138419",7,4,3
"E00138420",7,3,4
"E00138421",5,4,1
"E00138422",7,4,3
"E00138423",0,0,0
"E00138424",1,1,0
"E00138425",1,1,0
"E00138426",0,0,0
"E00138427",0,0,0
"E00138428",1,1,0
"E00138429",2,1,1
"E00138431",0,0,0
"E00138432",0,0,0
"E00138433",0,0,0
"E00138434",7,2,5
"E00138435",8,4,4
"E00138436",5,1,4
"E00138437",0,0,0
"E00138438",6,2,4
"E00138439",2,1,1
"E00138440",3,2,1
"E00138441",1,1,0
"E00138442",1,0,1
"E00138443",1,0,1
"E00138444",3,2,1
"E00138445",10,7,3
"E00138446",4,2,2
"E00138447",4,2,2
"E00138449",1,0,1
"E00138450",0,0,0
"E00138451",8,3,5
"E00138452",1,1,0
"E00138453",1,1,0
"E00138454",2,2,0
"E00138455",1,0,1
"E00138456",1,1,0
"E00138457",3,1,2
"E00138458",4,1,3
"E00138459",11,4,7
"E00138460",2,1,1
"E00138461",0,0,0
"E00138462",3,1,2
"E00138463",5,1,4
"E00138464",1,0,1
"E00138465",2,1,1
"E00138466",2,1,1
"E00138467",5,2,3
"E00138468",2,1,1
"E00138469",1,0,1
"E00138470",1,0,1
"E00138471",2,2,0
"E00138472",0,0,0
"E00138473",3,1,2
"E00138474",4,2,2
"E00138475",5,3,2
"E00138476",6,4,2
"E00138477",1,1,0
"E00138478",2,1,1
"E00138479",5,4,1
"E00138480",3,3,0
"E00138481",0,0,0
"E00138482",1,1,0
"E00138483",5,3,2
"E00138484",0,0,0
"E00138485",4,1,3
"E00138486",3,3,0
"E00138487",1,0,1
"E00138488",2,1,1
"E00138489",3,2,1
"E00138490",1,1,0
"E00138491",1,0,1
"E00138492",1,0,1
"E00138493",1,0,1
"E00138494",3,0,3
"E00138495",4,1,3
"E00138496",2,1,1
"E00138497",1,1,0
"E00138498",2,2,0
"E00138499",1,1,0
"E00138500",1,0,1
"E00138501",0,0,0
"E00138502",0,0,0
"E00138503",3,2,1
"E00138504",0,0,0
"E00138505",2,1,1
"E00138507",3,1,2
"E00138508",0,0,0
"E00138509",1,0,1
"E00138510",0,0,0
"E00138511",3,1,2
"E00138512",6,3,3
"E00138513",1,0,1
"E00138514",0,0,0
"E00138516",3,1,2
"E00138517",1,0,1
"E00138518",6,2,4
"E00138519",0,0,0
"E00138520",1,0,1
"E00138521",0,0,0
"E00138522",1,1,0
"E00138523",2,0,2
"E00138524",3,1,2
"E00138525",1,0,1
"E00138526",0,0,0
"E00138527",1,0,1
"E00138528",3,3,0
"E00138529",1,0,1
"E00138530",0,0,0
"E00138531",4,0,4
"E00138532",6,1,5
"E00138533",0,0,0
"E00138534",1,0,1
"E00138536",0,0,0
"E00138537",3,2,1
"E00138538",2,1,1
"E00138539",4,2,2
"E00138540",4,3,1
"E00138541",4,2,2
"E00138542",1,1,0
"E00138543",0,0,0
"E00138544",4,2,2
"E00138545",2,0,2
"E00138546",1,0,1
"E00138547",1,0,1
"E00138548",4,1,3
"E00138549",3,1,2
"E00138550",4,0,4
"E00138551",0,0,0
"E00138552",0,0,0
"E00138553",2,1,1
"E00138554",3,1,2
"E00138555",1,0,1
"E00138556",0,0,0
"E00138558",4,2,2
"E00138559",6,5,1
"E00138560",2,2,0
"E00138561",3,1,2
"E00138562",0,0,0
"E00138563",0,0,0
"E00138564",1,0,1
"E00138565",2,1,1
"E00138566",2,2,0
"E00138567",0,0,0
"E00138568",3,2,1
"E00138569",11,5,6
"E00138570",1,0,1
"E00138571",2,2,0
"E00138572",3,0,3
"E00138573",3,2,1
"E00138574",2,2,0
"E00138575",0,0,0
"E00138576",1,1,0
"E00138577",0,0,0
"E00138578",2,2,0
"E00138579",4,3,1
"E00138580",0,0,0
"E00138581",0,0,0
"E00138582",2,2,0
"E00138583",1,0,1
"E00138584",2,1,1
"E00138585",0,0,0
"E00138586",2,2,0
"E00138587",1,1,0
"E00138588",1,1,0
"E00138589",3,2,1
"E00138590",2,1,1
"E00138591",1,1,0
"E00138592",1,0,1
"E00138593",3,1,2
"E00138594",4,1,3
"E00138595",5,3,2
"E00138596",4,3,1
"E00138597",2,0,2
"E00138598",4,3,1
"E00138599",1,0,1
"E00138600",0,0,0
"E00138601",0,0,0
"E00138602",1,0,1
"E00138603",1,0,1
"E00138604",3,1,2
"E00138605",1,1,0
"E00138606",3,3,0
"E00138607",3,2,1
"E00138608",0,0,0
"E00138609",4,3,1
"E00138610",5,2,3
"E00138611",4,2,2
"E00138612",2,1,1
"E00138613",7,4,3
"E00138614",1,1,0
"E00138615",5,2,3
"E00138616",4,1,3
"E00138617",1,0,1
"E00138618",1,0,1
"E00138619",0,0,0
"E00138620",4,3,1
"E00138622",0,0,0
"E00138623",4,3,1
"E00138624",0,0,0
"E00138625",7,5,2
"E00138626",2,1,1
"E00138627",1,0,1
"E00138628",6,2,4
"E00138629",7,5,2
"E00138630",7,3,4
"E00138631",15,6,9
"E00138632",6,2,4
"E00138633",3,1,2
"E00138634",12,9,3
"E00138635",7,3,4
"E00138636",17,9,8
"E00138637",5,2,3
"E00138638",3,2,1
"E00138640",4,1,3
"E00138641",1,0,1
"E00138642",6,3,3
"E00138643",4,3,1
"E00138644",7,4,3
"E00138645",9,9,0
"E00138646",7,5,2
"E00138647",5,3,2
"E00138648",6,5,1
"E00138649",8,4,4
"E00138650",9,3,6
"E00138651",19,11,8
"E00138652",9,7,2
"E00138653",2,2,0
"E00138654",3,1,2
"E00138655",11,7,4
"E00138656",0,0,0
"E00138657",7,5,2
"E00138658",10,6,4
"E00138659",5,5,0
"E00138660",1,0,1
"E00138661",16,8,8
"E00138662",10,4,6
"E00138663",16,9,7
"E00138664",5,3,2
"E00138665",5,2,3
"E00138666",5,4,1
"E00138667",7,5,2
"E00138668",4,2,2
"E00138669",5,3,2
"E00138670",11,7,4
"E00138671",5,2,3
"E00138672",3,1,2
"E00138673",5,0,5
"E00138674",1,1,0
"E00138675",6,4,2
"E00138676",4,1,3
"E00138677",1,1,0
"E00138678",4,2,2
"E00138679",13,9,4
"E00138680",7,4,3
"E00138681",16,10,6
"E00138682",9,4,5
"E00138683",5,1,4
"E00138684",10,4,6
"E00138685",17,10,7
"E00138686",3,1,2
"E00138687",5,0,5
"E00138688",0,0,0
"E00138689",5,4,1
"E00138690",1,1,0
"E00138691",0,0,0
"E00138692",1,0,1
"E00138693",13,9,4
"E00138694",9,5,4
"E00138695",16,7,9
"E00138696",6,4,2
"E00138697",8,3,5
"E00138698",1,0,1
"E00138699",2,1,1
"E00138700",4,2,2
"E00138701",4,2,2
"E00138702",4,2,2
"E00138703",4,1,3
"E00138704",4,1,3
"E00138705",6,3,3
"E00138706",1,0,1
"E00138707",5,2,3
"E00138708",0,0,0
"E00138709",1,1,0
"E00138710",2,1,1
"E00138711",12,5,7
"E00138712",3,3,0
"E00138713",1,1,0
"E00138714",7,5,2
"E00138715",8,2,6
"E00138716",1,0,1
"E00138717",9,3,6
"E00138718",6,2,4
"E00138719",2,1,1
"E00138720",5,1,4
"E00138721",9,4,5
"E00138722",7,6,1
"E00138723",6,4,2
"E00138724",4,2,2
"E00138725",9,4,5
"E00138726",2,2,0
"E00138727",4,2,2
"E00138728",8,6,2
"E00138729",17,7,10
"E00138730",7,2,5
"E00138731",4,2,2
"E00138732",4,2,2
"E00138733",5,2,3
"E00138734",4,3,1
"E00138735",5,3,2
"E00138736",6,1,5
"E00138737",6,4,2
"E00138738",0,0,0
"E00138739",14,11,3
"E00138740",12,5,7
"E00138741",5,1,4
"E00138742",12,8,4
"E00138743",6,0,6
"E00138744",7,2,5
"E00138745",3,2,1
"E00138746",1,0,1
"E00138747",8,3,5
"E00138748",6,5,1
"E00138749",6,4,2
"E00138750",5,3,2
"E00138751",0,0,0
"E00138752",8,5,3
"E00138753",11,3,8
"E00138754",4,4,0
"E00138756",4,1,3
"E00138757",10,4,6
"E00138758",7,2,5
"E00138759",11,6,5
"E00138760",7,2,5
"E00138761",9,4,5
"E00138762",1,1,0
"E00138763",4,1,3
"E00138764",6,3,3
"E00138765",0,0,0
"E00138766",3,3,0
"E00138767",3,2,1
"E00138768",3,1,2
"E00138769",4,2,2
"E00138770",6,5,1
"E00138771",18,9,9
"E00138772",4,0,4
"E00138773",0,0,0
"E00138775",3,1,2
"E00138776",5,2,3
"E00138778",5,0,5
"E00138780",1,1,0
"E00138781",6,3,3
"E00138782",6,3,3
"E00138783",0,0,0
"E00138784",13,6,7
"E00138785",9,6,3
"E00138786",5,2,3
"E00138787",3,3,0
"E00138788",3,2,1
"E00138789",10,6,4
"E00138790",14,8,6
"E00138791",8,4,4
"E00138792",7,5,2
"E00138793",0,0,0
"E00138794",13,7,6
"E00138795",14,4,10
"E00138796",7,5,2
"E00138797",11,3,8
"E00138798",7,3,4
"E00138799",9,4,5
"E00138800",6,2,4
"E00138801",7,4,3
"E00138802",5,1,4
"E00138803",3,2,1
"E00138804",1,0,1
"E00138805",3,1,2
"E00138806",8,6,2
"E00138807",3,1,2
"E00138808",1,0,1
"E00138809",8,4,4
"E00138810",3,2,1
"E00138811",6,2,4
"E00138812",0,0,0
"E00138813",11,6,5
"E00138814",3,1,2
"E00138815",3,1,2
"E00138816",2,0,2
"E00138817",1,0,1
"E00138818",5,3,2
"E00138819",8,5,3
"E00138820",3,3,0
"E00138821",11,7,4
"E00138822",4,2,2
"E00138823",6,4,2
"E00138824",8,4,4
"E00138825",6,5,1
"E00138826",10,9,1
"E00138827",6,3,3
"E00138828",7,3,4
"E00138829",6,3,3
"E00138830",3,1,2
"E00138831",9,3,6
"E00138832",8,3,5
"E00138833",8,1,7
"E00138834",15,8,7
"E00138835",4,3,1
"E00138836",9,4,5
"E00138837",8,3,5
"E00138838",7,3,4
"E00138839",15,6,9
"E00138840",9,8,1
"E00138841",3,0,3
"E00138842",6,2,4
"E00138843",5,2,3
"E00138844",1,0,1
"E00138845",6,2,4
"E00138846",9,7,2
"E00138847",4,3,1
"E00138848",3,1,2
"E00138849",4,3,1
"E00138850",1,0,1
"E00138851",6,4,2
"E00138852",8,5,3
"E00138853",7,3,4
"E00138854",1,1,0
"E00138855",4,0,4
"E00138856",14,8,6
"E00138857",2,0,2
"E00138858",4,3,1
"E00138859",10,5,5
"E00138860",8,5,3
"E00138861",13,6,7
"E00138862",4,3,1
"E00138863",0,0,0
"E00138864",5,4,1
"E00138865",21,9,12
"E00138866",3,2,1
"E00138867",7,4,3
"E00138868",10,6,4
"E00138869",9,2,7
"E00138870",4,0,4
"E00138871",10,4,6
"E00138872",14,7,7
"E00138873",8,3,5
"E00138874",9,5,4
"E00138875",7,1,6
"E00138876",2,2,0
"E00138877",17,8,9
"E00138878",4,1,3
"E00138879",3,0,3
"E00138880",6,1,5
"E00138881",1,1,0
"E00138882",6,3,3
"E00138883",10,4,6
"E00138884",1,0,1
"E00138885",6,4,2
"E00138886",8,6,2
"E00138887",5,3,2
"E00138888",8,3,5
"E00138889",3,0,3
"E00138892",1,0,1
"E00138893",7,4,3
"E00138894",2,1,1
"E00138895",4,1,3
"E00138896",4,2,2
"E00138897",1,0,1
"E00138898",0,0,0
"E00138899",3,0,3
"E00138902",11,5,6
"E00138903",12,3,9
"E00138904",11,8,3
"E00138905",15,10,5
"E00138906",6,3,3
"E00138907",10,3,7
"E00138908",6,3,3
"E00138909",1,0,1
"E00138910",3,1,2
"E00138911",11,2,9
"E00138912",17,5,12
"E00138913",6,4,2
"E00138914",16,8,8
"E00138915",16,7,9
"E00138916",10,6,4
"E00138917",12,7,5
"E00138918",15,9,6
"E00138919",16,10,6
"E00138920",3,1,2
"E00138921",8,5,3
"E00138922",2,1,1
"E00138923",1,0,1
"E00138924",7,4,3
"E00138925",7,4,3
"E00138926",18,9,9
"E00138927",5,2,3
"E00138928",6,1,5
"E00138929",6,5,1
"E00138930",1,0,1
"E00138931",5,1,4
"E00138932",6,3,3
"E00138933",9,5,4
"E00138934",1,0,1
"E00138935",3,2,1
"E00138936",3,3,0
"E00138937",0,0,0
"E00138938",5,4,1
"E00138939",9,3,6
"E00138940",7,5,2
"E00138941",1,0,1
"E00138942",1,1,0
"E00138943",3,1,2
"E00138944",3,2,1
"E00138945",1,1,0
"E00138946",1,0,1
"E00138947",0,0,0
"E00138948",1,0,1
"E00138949",8,5,3
"E00138950",0,0,0
"E00138951",1,0,1
"E00138952",5,2,3
"E00138953",5,1,4
"E00138954",6,4,2
"E00138955",2,1,1
"E00138956",4,3,1
"E00138957",8,4,4
"E00138958",0,0,0
"E00138959",6,2,4
"E00138960",2,2,0
"E00138961",1,1,0
"E00138962",6,4,2
"E00138963",4,2,2
"E00138964",3,1,2
"E00138965",0,0,0
"E00138966",2,1,1
"E00138967",1,0,1
"E00138969",0,0,0
"E00138970",4,4,0
"E00138971",2,1,1
"E00138972",6,2,4
"E00138973",4,2,2
"E00138974",5,0,5
"E00138975",1,1,0
"E00138976",5,3,2
"E00138977",0,0,0
"E00138978",2,1,1
"E00138979",3,3,0
"E00138980",3,3,0
"E00138981",4,3,1
"E00138982",4,3,1
"E00138983",0,0,0
"E00138984",5,4,1
"E00138985",3,1,2
"E00138986",3,1,2
"E00138987",4,2,2
"E00138988",0,0,0
"E00138990",2,1,1
"E00138991",0,0,0
"E00138992",2,1,1
"E00138993",6,4,2
"E00138994",9,5,4
"E00138995",1,0,1
"E00138996",0,0,0
"E00138997",3,2,1
"E00138998",4,2,2
"E00138999",7,6,1
"E00139000",10,4,6
"E00139001",5,4,1
"E00139002",1,0,1
"E00139003",6,4,2
"E00139004",4,2,2
"E00139005",3,2,1
"E00139006",1,1,0
"E00139007",5,1,4
"E00139008",7,4,3
"E00139009",5,3,2
"E00139010",2,0,2
"E00139011",7,5,2
"E00139012",8,7,1
"E00139013",5,3,2
"E00139014",2,2,0
"E00139015",10,6,4
"E00139016",3,3,0
"E00139017",0,0,0
"E00139018",7,4,3
"E00139019",6,3,3
"E00139020",0,0,0
"E00139021",1,1,0
"E00139022",0,0,0
"E00139023",0,0,0
"E00139024",3,0,3
"E00139025",4,0,4
"E00139026",4,1,3
"E00139027",0,0,0
"E00139028",2,0,2
"E00139029",5,2,3
"E00139030",3,1,2
"E00139031",3,1,2
"E00139032",10,6,4
"E00139033",4,4,0
"E00139034",0,0,0
"E00139035",1,1,0
"E00139036",4,1,3
"E00139037",4,4,0
"E00139038",2,0,2
"E00139039",2,1,1
"E00139040",4,0,4
"E00139041",10,3,7
"E00139042",3,1,2
"E00139043",5,3,2
"E00139045",5,3,2
"E00139046",3,2,1
"E00139047",2,1,1
"E00139048",4,2,2
"E00139049",1,1,0
"E00139050",0,0,0
"E00139051",0,0,0
"E00139052",0,0,0
"E00139053",2,1,1
"E00139054",9,3,6
"E00139055",0,0,0
"E00139056",0,0,0
"E00139057",8,5,3
"E00139058",1,1,0
"E00139059",5,4,1
"E00139060",3,1,2
"E00139061",2,0,2
"E00139062",1,1,0
"E00139063",0,0,0
"E00139064",4,2,2
"E00139065",3,2,1
"E00139066",0,0,0
"E00139067",4,0,4
"E00139068",2,0,2
"E00139069",5,1,4
"E00139070",3,1,2
"E00139071",6,3,3
"E00139072",4,2,2
"E00139073",3,1,2
"E00139074",2,1,1
"E00139075",11,6,5
"E00139076",9,1,8
"E00139077",6,4,2
"E00139078",3,2,1
"E00139079",6,3,3
"E00139080",1,1,0
"E00139081",9,4,5
"E00139082",4,1,3
"E00139083",5,1,4
"E00139084",3,3,0
"E00139085",0,0,0
"E00139086",1,1,0
"E00139087",0,0,0
"E00139088",4,2,2
"E00139089",1,0,1
"E00139090",1,0,1
"E00139091",0,0,0
"E00139092",1,1,0
"E00139093",4,2,2
"E00139094",0,0,0
"E00139095",2,0,2
"E00139096",4,3,1
"E00139097",2,0,2
"E00139098",1,0,1
"E00139099",0,0,0
"E00139100",1,1,0
"E00139101",0,0,0
"E00139102",7,1,6
"E00139103",1,0,1
"E00139104",2,0,2
"E00139105",6,6,0
"E00139106",12,5,7
"E00139107",3,1,2
"E00139108",2,0,2
"E00139109",4,4,0
"E00139110",0,0,0
"E00139111",1,0,1
"E00139112",1,0,1
"E00139113",6,4,2
"E00139114",6,2,4
"E00139115",1,0,1
"E00139116",11,5,6
"E00139117",4,2,2
"E00139118",3,1,2
"E00139119",6,4,2
"E00139120",9,6,3
"E00139121",8,7,1
"E00139122",5,5,0
"E00139123",3,2,1
"E00139124",10,5,5
"E00139125",7,5,2
"E00139126",9,6,3
"E00139127",4,2,2
"E00139128",2,1,1
"E00139129",3,0,3
"E00139130",1,0,1
"E00139131",4,1,3
"E00139132",2,1,1
"E00139133",2,2,0
"E00139134",0,0,0
"E00139135",9,5,4
"E00139136",1,1,0
"E00139137",0,0,0
"E00139138",0,0,0
"E00139139",2,2,0
"E00139140",9,5,4
"E00139141",3,1,2
"E00139142",10,6,4
"E00139143",1,1,0
"E00139144",1,1,0
"E00139145",6,3,3
"E00139146",7,3,4
"E00139147",13,6,7
"E00139148",0,0,0
"E00139149",1,1,0
"E00139150",1,0,1
"E00139151",3,2,1
"E00139152",5,3,2
"E00139153",2,2,0
"E00139154",2,1,1
"E00139155",0,0,0
"E00139156",1,1,0
"E00139157",1,0,1
"E00139158",3,1,2
"E00139159",11,7,4
"E00139160",10,7,3
"E00139161",0,0,0
"E00139162",4,2,2
"E00139163",5,3,2
"E00139164",10,5,5
"E00139165",4,2,2
"E00139166",0,0,0
"E00139167",5,2,3
"E00139168",5,3,2
"E00139169",0,0,0
"E00139171",7,5,2
"E00139172",6,2,4
"E00139173",5,1,4
"E00139174",3,2,1
"E00139175",4,2,2
"E00139176",1,0,1
"E00139177",6,3,3
"E00139178",7,3,4
"E00139179",8,5,3
"E00139180",6,3,3
"E00139181",5,3,2
"E00139182",2,1,1
"E00139183",3,3,0
"E00139184",0,0,0
"E00139185",3,1,2
"E00139186",6,3,3
"E00139187",2,0,2
"E00139188",10,7,3
"E00139189",5,1,4
"E00139190",0,0,0
"E00139191",7,3,4
"E00139192",2,0,2
"E00139193",5,2,3
"E00139194",2,1,1
"E00139195",6,2,4
"E00139196",0,0,0
"E00139197",1,0,1
"E00139198",1,0,1
"E00139199",4,2,2
"E00139200",5,4,1
"E00139201",3,2,1
"E00139202",6,2,4
"E00139203",5,2,3
"E00139204",2,1,1
"E00139205",7,3,4
"E00139206",5,4,1
"E00139207",6,2,4
"E00139208",4,1,3
"E00139209",1,1,0
"E00139210",2,1,1
"E00139211",2,1,1
"E00139212",4,3,1
"E00139213",2,0,2
"E00139214",2,1,1
"E00139215",3,2,1
"E00139216",2,1,1
"E00139217",3,2,1
"E00139218",1,0,1
"E00139219",1,1,0
"E00139220",0,0,0
"E00139221",1,0,1
"E00139222",0,0,0
"E00139223",3,2,1
"E00139224",2,1,1
"E00139225",4,1,3
"E00139226",2,2,0
"E00139227",4,3,1
"E00139228",11,7,4
"E00139229",2,1,1
"E00139230",4,2,2
"E00139231",1,1,0
"E00139232",1,0,1
"E00139233",2,1,1
"E00139234",4,4,0
"E00139235",7,3,4
"E00139236",4,0,4
"E00139237",6,2,4
"E00139238",3,1,2
"E00139239",5,2,3
"E00139240",7,3,4
"E00139241",6,4,2
"E00139242",3,1,2
"E00139243",8,0,8
"E00139244",6,5,1
"E00139245",5,2,3
"E00139246",6,5,1
"E00139247",7,2,5
"E00139248",4,2,2
"E00139249",7,3,4
"E00139250",3,2,1
"E00139251",7,4,3
"E00139252",5,2,3
"E00139253",7,4,3
"E00139254",6,3,3
"E00139255",3,1,2
"E00139256",9,7,2
"E00139257",4,2,2
"E00139258",6,2,4
"E00139259",2,0,2
"E00139260",6,4,2
"E00139261",1,0,1
"E00139262",2,0,2
"E00139263",3,2,1
"E00139264",5,0,5
"E00139265",1,1,0
"E00139266",6,2,4
"E00139267",3,0,3
"E00139268",7,4,3
"E00139269",12,8,4
"E00139270",8,2,6
"E00139271",4,3,1
"E00139272",4,2,2
"E00139273",8,4,4
"E00139274",5,3,2
"E00139275",3,2,1
"E00139276",4,3,1
"E00139278",1,0,1
"E00139279",5,4,1
"E00139280",6,3,3
"E00139281",2,0,2
"E00139282",4,1,3
"E00139283",7,3,4
"E00139284",7,4,3
"E00139285",3,1,2
"E00139286",7,5,2
"E00139287",6,1,5
"E00139288",9,5,4
"E00139289",12,4,8
"E00139290",4,3,1
"E00139291",4,2,2
"E00139292",6,2,4
"E00139293",4,2,2
"E00139294",1,1,0
"E00139295",4,0,4
"E00139296",3,1,2
"E00139297",4,2,2
"E00139298",7,3,4
"E00139299",11,4,7
"E00139300",6,3,3
"E00139301",8,2,6
"E00139302",4,0,4
"E00139303",2,0,2
"E00139304",1,0,1
"E00139305",11,8,3
"E00139306",5,5,0
"E00139307",5,3,2
"E00139308",2,1,1
"E00139309",2,2,0
"E00139310",4,1,3
"E00139311",5,3,2
"E00139312",0,0,0
"E00139313",2,0,2
"E00139314",6,2,4
"E00139315",6,4,2
"E00139316",3,2,1
"E00139317",7,2,5
"E00139318",5,1,4
"E00139319",5,1,4
"E00139320",1,1,0
"E00139321",2,1,1
"E00139322",3,0,3
"E00139323",6,4,2
"E00139324",12,9,3
"E00139326",6,5,1
"E00139328",0,0,0
"E00139330",15,5,10
"E00139331",3,2,1
"E00139332",5,3,2
"E00139333",6,0,6
"E00139334",9,7,2
"E00139335",1,0,1
"E00139336",1,1,0
"E00139337",10,5,5
"E00139338",6,3,3
"E00139339",3,1,2
"E00139340",3,1,2
"E00139341",2,0,2
"E00139342",2,1,1
"E00139343",3,2,1
"E00139345",9,6,3
"E00139346",8,4,4
"E00139347",3,2,1
"E00139348",11,7,4
"E00139349",8,2,6
"E00139350",10,3,7
"E00139351",0,0,0
"E00139352",4,1,3
"E00139353",1,0,1
"E00139354",0,0,0
"E00139355",2,1,1
"E00139356",2,1,1
"E00139357",3,2,1
"E00139358",2,1,1
"E00139359",4,2,2
"E00139360",3,1,2
"E00139361",2,2,0
"E00139362",3,3,0
"E00139363",2,1,1
"E00139364",2,2,0
"E00139365",2,1,1
"E00139366",1,0,1
"E00139367",1,0,1
"E00139368",1,0,1
"E00139369",2,0,2
"E00139370",1,0,1
"E00139371",0,0,0
"E00139372",3,3,0
"E00139373",3,2,1
"E00139374",1,1,0
"E00139375",4,2,2
"E00139376",4,3,1
"E00139377",1,0,1
"E00139378",1,0,1
"E00139379",0,0,0
"E00139380",6,2,4
"E00139381",6,4,2
"E00139382",2,0,2
"E00139383",2,1,1
"E00139384",4,2,2
"E00139385",0,0,0
"E00139386",0,0,0
"E00139387",3,1,2
"E00139388",5,1,4
"E00139389",1,0,1
"E00139390",0,0,0
"E00139391",3,2,1
"E00139392",4,1,3
"E00139393",0,0,0
"E00139394",0,0,0
"E00139395",0,0,0
"E00139396",0,0,0
"E00139397",1,0,1
"E00139398",4,2,2
"E00139399",2,0,2
"E00139400",2,1,1
"E00139401",0,0,0
"E00139402",1,1,0
"E00139403",0,0,0
"E00139404",3,2,1
"E00139405",0,0,0
"E00139406",0,0,0
"E00139407",0,0,0
"E00139408",1,0,1
"E00139409",2,2,0
"E00139410",4,2,2
"E00139411",0,0,0
"E00139412",4,2,2
"E00139413",2,1,1
"E00139414",0,0,0
"E00139415",2,0,2
"E00139416",2,0,2
"E00139417",0,0,0
"E00139418",2,1,1
"E00139419",0,0,0
"E00139420",1,0,1
"E00139421",0,0,0
"E00139422",4,0,4
"E00139423",3,3,0
"E00139424",0,0,0
"E00139425",3,2,1
"E00139426",1,1,0
"E00139427",0,0,0
"E00139428",2,1,1
"E00139429",4,2,2
"E00139430",3,1,2
"E00139431",5,3,2
"E00139432",0,0,0
"E00139433",0,0,0
"E00139434",1,1,0
"E00139435",3,2,1
"E00139436",4,2,2
"E00139437",7,3,4
"E00139438",1,0,1
"E00139439",3,1,2
"E00139440",0,0,0
"E00139441",4,1,3
"E00139442",6,4,2
"E00139443",3,2,1
"E00139444",6,4,2
"E00139445",2,1,1
"E00139446",6,1,5
"E00139447",4,0,4
"E00139448",4,1,3
"E00139449",7,3,4
"E00139450",0,0,0
"E00139451",6,2,4
"E00139452",14,7,7
"E00139453",8,5,3
"E00139454",3,2,1
"E00139455",4,2,2
"E00139456",6,5,1
"E00139457",0,0,0
"E00139458",4,2,2
"E00139459",2,2,0
"E00139460",3,0,3
"E00139461",4,2,2
"E00139462",5,3,2
"E00139463",2,0,2
"E00139464",3,2,1
"E00139465",4,2,2
"E00139466",1,0,1
"E00139467",3,2,1
"E00139468",2,1,1
"E00139469",2,1,1
"E00139470",0,0,0
"E00139471",3,2,1
"E00139472",1,1,0
"E00139473",0,0,0
"E00139474",2,0,2
"E00139475",4,1,3
"E00139476",2,0,2
"E00139477",2,1,1
"E00139478",3,0,3
"E00139479",3,2,1
"E00139480",1,1,0
"E00139481",3,2,1
"E00139482",0,0,0
"E00139483",1,1,0
"E00139484",1,1,0
"E00139485",2,1,1
"E00139486",2,2,0
"E00139487",1,1,0
"E00139488",0,0,0
"E00139489",3,0,3
"E00139490",2,2,0
"E00139491",1,0,1
"E00139492",1,0,1
"E00139494",5,3,2
"E00139495",2,1,1
"E00139496",1,1,0
"E00139497",0,0,0
"E00139498",0,0,0
"E00139499",6,4,2
"E00139500",0,0,0
"E00139501",1,1,0
"E00139502",1,0,1
"E00139503",1,1,0
"E00139504",0,0,0
"E00139505",1,0,1
"E00139506",0,0,0
"E00139507",5,4,1
"E00139508",2,0,2
"E00139509",2,1,1
"E00139510",3,1,2
"E00139511",0,0,0
"E00139512",2,1,1
"E00139513",2,1,1
"E00139514",3,2,1
"E00139515",3,2,1
"E00139516",0,0,0
"E00139517",3,2,1
"E00139518",1,1,0
"E00139519",1,1,0
"E00139520",0,0,0
"E00139521",1,0,1
"E00139522",2,1,1
"E00139523",3,1,2
"E00139524",1,0,1
"E00139525",0,0,0
"E00139526",3,0,3
"E00139527",0,0,0
"E00139528",2,1,1
"E00139529",1,1,0
"E00139530",3,1,2
"E00139531",4,1,3
"E00139532",3,3,0
"E00139533",0,0,0
"E00139534",1,1,0
"E00139535",0,0,0
"E00139536",6,2,4
"E00139537",0,0,0
"E00139538",2,0,2
"E00139539",0,0,0
"E00139540",2,2,0
"E00139541",0,0,0
"E00139542",1,1,0
"E00139543",0,0,0
"E00139544",5,1,4
"E00139545",2,1,1
"E00139546",0,0,0
"E00139547",0,0,0
"E00139548",2,1,1
"E00139549",3,2,1
"E00139550",0,0,0
"E00139551",2,1,1
"E00139552",2,2,0
"E00139553",0,0,0
"E00139554",2,1,1
"E00139555",0,0,0
"E00139556",1,0,1
"E00139557",1,0,1
"E00139558",0,0,0
"E00139559",0,0,0
"E00139560",2,0,2
"E00139561",3,0,3
"E00139562",0,0,0
"E00139563",0,0,0
"E00139564",1,1,0
"E00139565",1,0,1
"E00139566",1,0,1
"E00139567",1,0,1
"E00139568",3,2,1
"E00139569",4,1,3
"E00139571",0,0,0
"E00139572",0,0,0
"E00139573",1,1,0
"E00139574",0,0,0
"E00139575",2,0,2
"E00139576",0,0,0
"E00139577",0,0,0
"E00139578",2,0,2
"E00139579",1,1,0
"E00139580",4,2,2
"E00139581",1,1,0
"E00139582",1,0,1
"E00139583",0,0,0
"E00139584",3,2,1
"E00139585",4,1,3
"E00139586",0,0,0
"E00139587",1,1,0
"E00139588",0,0,0
"E00139589",1,1,0
"E00139590",3,1,2
"E00139591",0,0,0
"E00139592",0,0,0
"E00139593",1,0,1
"E00139594",1,1,0
"E00139595",0,0,0
"E00139596",2,1,1
"E00139597",3,1,2
"E00139598",0,0,0
"E00139599",3,1,2
"E00139600",2,1,1
"E00139601",1,1,0
"E00139602",1,1,0
"E00139603",1,0,1
"E00139604",1,0,1
"E00139605",1,1,0
"E00139606",1,1,0
"E00139607",0,0,0
"E00139608",4,2,2
"E00139609",0,0,0
"E00139610",0,0,0
"E00139611",0,0,0
"E00139612",1,1,0
"E00139613",0,0,0
"E00139614",1,1,0
"E00139615",0,0,0
"E00139616",1,0,1
"E00139617",3,2,1
"E00139618",0,0,0
"E00139619",2,0,2
"E00139620",3,1,2
"E00139621",2,1,1
"E00139622",0,0,0
"E00139623",0,0,0
"E00139624",1,1,0
"E00139625",0,0,0
"E00139626",0,0,0
"E00139627",0,0,0
"E00139628",1,1,0
"E00139629",1,0,1
"E00139630",0,0,0
"E00139631",3,0,3
"E00139632",1,1,0
"E00139633",0,0,0
"E00139634",5,1,4
"E00139635",2,1,1
"E00139636",0,0,0
"E00139637",3,2,1
"E00139638",2,2,0
"E00139639",3,2,1
"E00139640",5,4,1
"E00139641",2,2,0
"E00139642",2,2,0
"E00139643",3,2,1
"E00139644",1,0,1
"E00139645",1,0,1
"E00139646",2,1,1
"E00139647",3,2,1
"E00139648",1,0,1
"E00139649",1,1,0
"E00139650",7,2,5
"E00139651",0,0,0
"E00139652",0,0,0
"E00139653",1,1,0
"E00139655",2,0,2
"E00139656",5,4,1
"E00139657",1,0,1
"E00139658",1,1,0
"E00139659",1,1,0
"E00139660",6,3,3
"E00139661",1,0,1
"E00139662",0,0,0
"E00139663",1,1,0
"E00139664",3,2,1
"E00139665",1,1,0
"E00139666",0,0,0
"E00139667",0,0,0
"E00139668",1,0,1
"E00139670",1,0,1
"E00139671",4,4,0
"E00139672",5,3,2
"E00139673",1,0,1
"E00139674",2,2,0
"E00139675",0,0,0
"E00139676",2,1,1
"E00139677",6,2,4
"E00139678",1,0,1
"E00139679",3,1,2
"E00139680",2,1,1
"E00139681",3,1,2
"E00139682",1,1,0
"E00139683",5,2,3
"E00139684",8,3,5
"E00139685",4,4,0
"E00139686",4,3,1
"E00139687",2,1,1
"E00139688",5,4,1
"E00139689",13,5,8
"E00139690",7,2,5
"E00139691",5,3,2
"E00139692",7,1,6
"E00139693",8,2,6
"E00139694",0,0,0
"E00139695",11,2,9
"E00139696",2,0,2
"E00139697",13,4,9
"E00139698",19,11,8
"E00139699",4,4,0
"E00139700",10,4,6
"E00139701",2,1,1
"E00139702",3,2,1
"E00139703",5,3,2
"E00139704",8,3,5
"E00139705",7,5,2
"E00139706",5,4,1
"E00139707",8,4,4
"E00139708",12,4,8
"E00139709",6,4,2
"E00139710",9,3,6
"E00139711",4,2,2
"E00139712",1,0,1
"E00139713",0,0,0
"E00139714",1,0,1
"E00139715",2,1,1
"E00139716",7,3,4
"E00139717",0,0,0
"E00139718",5,3,2
"E00139719",5,1,4
"E00139720",3,2,1
"E00139721",2,1,1
"E00139722",3,3,0
"E00139723",3,2,1
"E00139724",3,1,2
"E00139725",0,0,0
"E00139726",6,2,4
"E00139727",15,9,6
"E00139728",2,1,1
"E00139729",2,0,2
"E00139730",8,4,4
"E00139731",0,0,0
"E00139732",1,1,0
"E00139733",2,0,2
"E00139734",12,5,7
"E00139735",9,3,6
"E00139736",4,2,2
"E00139737",7,3,4
"E00139738",8,5,3
"E00139739",4,2,2
"E00139740",10,7,3
"E00139741",9,5,4
"E00139742",6,3,3
"E00139743",9,3,6
"E00139744",13,6,7
"E00139745",13,10,3
"E00139746",3,2,1
"E00139747",2,0,2
"E00139748",4,2,2
"E00139749",7,3,4
"E00139750",2,0,2
"E00139751",6,3,3
"E00139752",13,7,6
"E00139753",13,5,8
"E00139754",9,6,3
"E00139755",4,2,2
"E00139756",3,1,2
"E00139757",4,2,2
"E00139758",1,1,0
"E00139759",1,0,1
"E00139760",2,1,1
"E00139761",4,1,3
"E00139762",8,4,4
"E00139763",5,3,2
"E00139764",2,1,1
"E00139765",4,2,2
"E00139766",6,3,3
"E00139767",10,4,6
"E00139768",2,1,1
"E00139769",2,0,2
"E00139770",1,0,1
"E00139771",0,0,0
"E00139772",2,0,2
"E00139773",2,1,1
"E00139774",2,1,1
"E00139775",1,1,0
"E00139776",2,1,1
"E00139777",4,1,3
"E00139778",5,1,4
"E00139779",5,1,4
"E00139780",0,0,0
"E00139781",10,4,6
"E00139782",6,3,3
"E00139783",3,2,1
"E00139784",9,4,5
"E00139785",4,2,2
"E00139786",7,4,3
"E00139787",4,3,1
"E00139788",4,3,1
"E00139789",10,8,2
"E00139790",13,10,3
"E00139791",6,2,4
"E00139792",5,0,5
"E00139793",6,4,2
"E00139794",5,4,1
"E00139795",7,4,3
"E00139796",10,7,3
"E00139797",11,5,6
"E00139798",17,8,9
"E00139799",10,2,8
"E00139800",7,1,6
"E00139801",10,3,7
"E00139802",7,4,3
"E00139803",8,5,3
"E00139804",5,2,3
"E00139805",10,5,5
"E00139806",11,2,9
"E00139807",4,1,3
"E00139808",13,6,7
"E00139811",8,3,5
"E00139812",7,5,2
"E00139813",3,3,0
"E00139814",2,1,1
"E00139815",10,4,6
"E00139816",9,5,4
"E00139817",7,3,4
"E00139818",3,1,2
"E00139819",5,1,4
"E00139820",3,2,1
"E00139821",1,1,0
"E00139822",7,3,4
"E00139823",9,6,3
"E00139824",7,2,5
"E00139825",1,0,1
"E00139826",5,1,4
"E00139827",6,3,3
"E00139828",0,0,0
"E00139829",4,3,1
"E00139830",1,1,0
"E00139831",4,1,3
"E00139833",3,0,3
"E00139834",1,0,1
"E00139835",1,1,0
"E00139836",6,2,4
"E00139837",3,2,1
"E00139838",5,4,1
"E00139839",9,5,4
"E00139840",6,6,0
"E00139841",3,0,3
"E00139842",5,1,4
"E00139843",10,8,2
"E00139844",9,4,5
"E00139845",8,5,3
"E00139846",6,3,3
"E00139847",6,4,2
"E00139848",1,1,0
"E00139849",7,2,5
"E00139850",7,2,5
"E00139851",8,4,4
"E00139852",7,1,6
"E00139853",4,1,3
"E00139854",6,4,2
"E00139855",13,6,7
"E00139856",4,3,1
"E00139857",17,8,9
"E00139858",18,8,10
"E00139859",4,1,3
"E00139860",10,5,5
"E00139861",8,2,6
"E00139862",0,0,0
"E00139863",9,3,6
"E00139864",2,1,1
"E00139865",7,4,3
"E00139866",4,2,2
"E00139867",10,7,3
"E00139868",2,1,1
"E00139869",5,2,3
"E00139870",14,7,7
"E00139871",7,4,3
"E00139872",8,3,5
"E00139873",9,5,4
"E00139874",22,9,13
"E00139875",6,3,3
"E00139876",9,3,6
"E00139877",3,2,1
"E00139878",3,2,1
"E00139879",3,2,1
"E00139880",1,1,0
"E00139881",4,2,2
"E00139882",7,5,2
"E00139883",0,0,0
"E00139884",0,0,0
"E00139885",2,1,1
"E00139886",4,2,2
"E00139887",1,0,1
"E00139888",3,1,2
"E00139889",5,0,5
"E00139890",5,2,3
"E00139891",7,4,3
"E00139892",3,3,0
"E00139893",5,5,0
"E00139894",7,3,4
"E00139895",13,6,7
"E00139896",3,2,1
"E00139897",3,2,1
"E00139898",3,1,2
"E00139899",14,10,4
"E00139900",9,5,4
"E00139901",2,1,1
"E00139902",1,0,1
"E00139903",1,0,1
"E00139904",6,2,4
"E00139905",17,9,8
"E00139906",13,8,5
"E00139907",3,1,2
"E00139908",10,3,7
"E00139909",10,7,3
"E00139910",19,13,6
"E00139911",2,1,1
"E00139912",2,0,2
"E00139913",2,0,2
"E00139914",5,3,2
"E00139915",8,4,4
"E00139916",4,1,3
"E00139917",12,7,5
"E00139918",14,10,4
"E00139919",11,8,3
"E00139920",12,5,7
"E00139921",15,9,6
"E00139922",7,4,3
"E00139923",12,5,7
"E00139924",9,3,6
"E00139925",10,4,6
"E00139926",12,7,5
"E00139927",2,1,1
"E00139928",1,1,0
"E00139929",5,2,3
"E00139930",4,2,2
"E00139931",1,1,0
"E00139932",6,2,4
"E00139933",0,0,0
"E00139934",13,6,7
"E00139935",3,2,1
"E00139936",4,3,1
"E00139937",11,8,3
"E00139938",1,1,0
"E00139939",12,5,7
"E00139940",6,2,4
"E00139941",11,7,4
"E00139942",3,2,1
"E00139943",5,0,5
"E00139944",2,1,1
"E00139945",11,4,7
"E00139946",3,2,1
"E00139947",0,0,0
"E00139948",4,3,1
"E00139949",2,1,1
"E00139951",5,2,3
"E00139952",2,1,1
"E00139953",0,0,0
"E00139954",1,0,1
"E00139955",2,0,2
"E00139956",2,1,1
"E00139957",1,1,0
"E00139958",3,1,2
"E00139959",0,0,0
"E00139960",0,0,0
"E00139961",3,2,1
"E00139962",0,0,0
"E00139963",1,1,0
"E00139964",4,0,4
"E00139965",7,3,4
"E00139966",1,1,0
"E00139967",6,2,4
"E00139968",3,2,1
"E00139969",3,1,2
"E00139970",0,0,0
"E00139971",0,0,0
"E00139972",6,2,4
"E00139973",1,0,1
"E00139974",1,1,0
"E00139975",2,1,1
"E00139976",3,1,2
"E00139977",17,8,9
"E00139978",4,2,2
"E00139979",7,2,5
"E00139980",9,3,6
"E00139981",5,2,3
"E00139982",6,2,4
"E00139983",28,18,10
"E00139984",15,7,8
"E00139985",5,2,3
"E00139986",6,3,3
"E00139987",22,13,9
"E00139988",10,4,6
"E00139989",8,3,5
"E00139990",0,0,0
"E00139991",3,2,1
"E00139992",8,4,4
"E00139993",8,5,3
"E00139994",6,4,2
"E00139995",12,4,8
"E00139996",5,3,2
"E00139997",2,2,0
"E00139998",1,1,0
"E00139999",9,5,4
"E00140000",14,4,10
"E00140001",14,7,7
"E00140002",6,3,3
"E00140003",15,9,6
"E00140004",6,2,4
"E00140005",3,1,2
"E00140006",8,2,6
"E00140007",0,0,0
"E00140008",5,1,4
"E00140009",3,1,2
"E00140010",16,11,5
"E00140011",5,4,1
"E00140012",4,2,2
"E00140013",3,2,1
"E00140014",6,4,2
"E00140015",1,0,1
"E00140016",4,2,2
"E00140017",6,3,3
"E00140018",8,2,6
"E00140019",7,4,3
"E00140020",0,0,0
"E00140021",2,1,1
"E00140022",3,3,0
"E00140023",5,5,0
"E00140024",3,0,3
"E00140025",4,3,1
"E00140026",1,1,0
"E00140027",4,3,1
"E00140028",7,3,4
"E00140029",9,3,6
"E00140030",3,2,1
"E00140031",4,1,3
"E00140032",13,4,9
"E00140033",3,3,0
"E00140034",4,2,2
"E00140035",4,1,3
"E00140036",3,0,3
"E00140037",0,0,0
"E00140038",0,0,0
"E00140039",0,0,0
"E00140040",3,1,2
"E00140041",0,0,0
"E00140042",7,4,3
"E00140043",2,1,1
"E00140044",8,3,5
"E00140045",0,0,0
"E00140046",1,1,0
"E00140047",5,3,2
"E00140048",0,0,0
"E00140049",2,1,1
"E00140050",1,0,1
"E00140051",0,0,0
"E00140052",0,0,0
"E00140054",1,0,1
"E00140055",0,0,0
"E00140056",0,0,0
"E00140057",2,0,2
"E00140058",4,0,4
"E00140059",0,0,0
"E00140060",0,0,0
"E00140061",0,0,0
"E00140062",4,2,2
"E00140063",0,0,0
"E00140064",0,0,0
"E00140065",1,0,1
"E00140066",1,0,1
"E00140067",7,3,4
"E00140068",1,1,0
"E00140069",1,0,1
"E00140070",5,4,1
"E00140071",8,3,5
"E00140072",5,3,2
"E00140073",5,2,3
"E00140074",9,3,6
"E00140075",6,3,3
"E00140076",6,5,1
"E00140077",3,0,3
"E00140078",1,0,1
"E00140079",0,0,0
"E00140080",0,0,0
"E00140081",0,0,0
"E00140082",0,0,0
"E00140083",1,1,0
"E00140084",1,1,0
"E00140085",1,0,1
"E00140086",3,1,2
"E00140087",2,0,2
"E00140088",2,1,1
"E00140089",1,0,1
"E00140090",7,3,4
"E00140091",2,2,0
"E00140092",6,2,4
"E00140093",3,1,2
"E00140094",3,2,1
"E00140096",3,0,3
"E00140097",0,0,0
"E00140098",0,0,0
"E00140099",0,0,0
"E00140100",1,0,1
"E00140101",4,2,2
"E00140102",1,0,1
"E00140103",3,1,2
"E00140104",5,3,2
"E00140105",0,0,0
"E00140106",1,0,1
"E00140107",5,2,3
"E00140108",1,1,0
"E00140109",0,0,0
"E00140110",1,1,0
"E00140111",3,2,1
"E00140112",0,0,0
"E00140113",2,1,1
"E00140114",1,0,1
"E00140115",3,2,1
"E00140116",4,3,1
"E00140117",0,0,0
"E00140118",0,0,0
"E00140119",3,2,1
"E00140120",4,1,3
"E00140121",2,0,2
"E00140122",4,1,3
"E00140123",1,0,1
"E00140124",0,0,0
"E00140125",0,0,0
"E00140126",1,0,1
"E00140127",1,1,0
"E00140128",2,1,1
"E00140129",1,1,0
"E00140130",4,2,2
"E00140131",0,0,0
"E00140132",4,1,3
"E00140133",0,0,0
"E00140134",0,0,0
"E00140135",2,1,1
"E00140136",0,0,0
"E00140137",1,1,0
"E00140138",1,1,0
"E00140139",3,1,2
"E00140140",0,0,0
"E00140141",0,0,0
"E00140142",1,0,1
"E00140143",2,1,1
"E00140144",8,2,6
"E00140145",3,1,2
"E00140146",2,0,2
"E00140147",1,1,0
"E00140148",1,1,0
"E00140149",1,1,0
"E00140150",3,1,2
"E00140151",2,0,2
"E00140152",1,0,1
"E00140153",11,5,6
"E00140154",5,3,2
"E00140155",2,2,0
"E00140156",5,2,3
"E00140157",3,1,2
"E00140158",0,0,0
"E00140159",3,0,3
"E00140161",0,0,0
"E00140162",0,0,0
"E00140163",7,6,1
"E00140164",12,6,6
"E00140165",2,1,1
"E00140166",2,0,2
"E00140167",0,0,0
"E00140168",0,0,0
"E00140169",1,1,0
"E00140170",1,0,1
"E00140171",2,2,0
"E00140172",0,0,0
"E00140173",0,0,0
"E00140175",0,0,0
"E00140176",2,0,2
"E00140177",0,0,0
"E00140178",4,2,2
"E00140179",2,0,2
"E00140180",1,1,0
"E00140181",0,0,0
"E00140182",2,2,0
"E00140183",1,0,1
"E00140184",2,1,1
"E00140185",0,0,0
"E00140186",0,0,0
"E00140187",1,0,1
"E00140188",2,1,1
"E00140189",6,3,3
"E00140190",1,1,0
"E00140191",2,1,1
"E00140192",3,1,2
"E00140193",0,0,0
"E00140194",0,0,0
"E00140195",1,0,1
"E00140196",0,0,0
"E00140197",1,1,0
"E00140198",2,0,2
"E00140199",3,3,0
"E00140200",1,0,1
"E00140201",3,1,2
"E00140202",3,3,0
"E00140203",0,0,0
"E00140204",1,0,1
"E00140205",0,0,0
"E00140206",1,0,1
"E00140207",1,0,1
"E00140208",1,1,0
"E00140209",0,0,0
"E00140210",0,0,0
"E00140211",2,1,1
"E00140212",2,1,1
"E00140213",1,0,1
"E00140214",2,1,1
"E00140215",5,3,2
"E00140216",0,0,0
"E00140217",2,0,2
"E00140218",1,1,0
"E00140219",2,2,0
"E00140221",4,2,2
"E00140222",2,1,1
"E00140223",0,0,0
"E00140224",4,0,4
"E00140225",0,0,0
"E00140226",0,0,0
"E00140227",1,1,0
"E00140228",0,0,0
"E00140229",0,0,0
"E00140230",0,0,0
"E00140231",1,0,1
"E00140232",1,0,1
"E00140233",5,1,4
"E00140234",6,2,4
"E00140235",7,4,3
"E00140236",2,0,2
"E00140237",0,0,0
"E00140238",2,1,1
"E00140239",0,0,0
"E00140240",6,3,3
"E00140241",1,0,1
"E00140242",1,0,1
"E00140243",4,1,3
"E00140244",1,0,1
"E00140245",0,0,0
"E00140246",2,1,1
"E00140247",0,0,0
"E00140248",4,1,3
"E00140249",7,4,3
"E00140250",7,2,5
"E00140251",11,5,6
"E00140252",7,5,2
"E00140253",2,2,0
"E00140254",2,1,1
"E00140255",4,3,1
"E00140256",8,1,7
"E00140257",10,8,2
"E00140258",8,2,6
"E00140259",0,0,0
"E00140260",7,6,1
"E00140261",16,6,10
"E00140262",4,2,2
"E00140263",5,4,1
"E00140264",3,2,1
"E00140265",2,1,1
"E00140266",7,4,3
"E00140267",12,5,7
"E00140268",8,5,3
"E00140269",4,2,2
"E00140270",8,4,4
"E00140271",9,2,7
"E00140272",4,3,1
"E00140273",7,3,4
"E00140274",9,4,5
"E00140275",6,4,2
"E00140276",2,2,0
"E00140277",13,4,9
"E00140278",1,1,0
"E00140279",6,1,5
"E00140280",5,3,2
"E00140281",8,3,5
"E00140282",4,0,4
"E00140283",5,2,3
"E00140284",6,1,5
"E00140285",10,4,6
"E00140286",7,4,3
"E00140287",4,3,1
"E00140288",4,1,3
"E00140289",0,0,0
"E00140290",9,6,3
"E00140291",6,3,3
"E00140292",7,4,3
"E00140293",5,2,3
"E00140294",10,3,7
"E00140295",4,2,2
"E00140296",13,8,5
"E00140297",7,4,3
"E00140298",5,2,3
"E00140299",5,4,1
"E00140300",7,3,4
"E00140301",1,1,0
"E00140302",1,0,1
"E00140303",3,1,2
"E00140304",7,3,4
"E00140305",10,4,6
"E00140306",5,3,2
"E00140307",4,3,1
"E00140308",4,2,2
"E00140309",0,0,0
"E00140310",3,2,1
"E00140311",6,2,4
"E00140312",1,0,1
"E00140313",3,0,3
"E00140314",4,2,2
"E00140315",13,5,8
"E00140316",2,0,2
"E00140317",7,5,2
"E00140318",6,2,4
"E00140319",3,2,1
"E00140320",4,1,3
"E00140321",2,0,2
"E00140322",6,4,2
"E00140323",4,3,1
"E00140324",4,1,3
"E00140325",5,3,2
"E00140326",2,1,1
"E00140327",4,1,3
"E00140328",10,5,5
"E00140329",4,4,0
"E00140330",2,0,2
"E00140331",3,2,1
"E00140332",10,3,7
"E00140333",8,4,4
"E00140334",6,6,0
"E00140335",8,5,3
"E00140336",12,9,3
"E00140337",5,5,0
"E00140338",2,1,1
"E00140339",6,4,2
"E00140340",12,7,5
"E00140341",4,1,3
"E00140342",3,3,0
"E00140343",0,0,0
"E00140344",1,0,1
"E00140345",10,5,5
"E00140346",7,4,3
"E00140347",11,8,3
"E00140348",5,1,4
"E00140349",4,0,4
"E00140350",23,11,12
"E00140351",2,0,2
"E00140352",6,4,2
"E00140353",6,3,3
"E00140354",11,7,4
"E00140355",7,4,3
"E00140356",0,0,0
"E00140357",8,6,2
"E00140358",1,1,0
"E00140359",1,1,0
"E00140360",4,2,2
"E00140361",11,5,6
"E00140362",4,3,1
"E00140363",8,4,4
"E00140364",4,0,4
"E00140365",6,2,4
"E00140366",1,0,1
"E00140367",3,3,0
"E00140368",2,0,2
"E00140369",5,2,3
"E00140370",4,2,2
"E00140371",5,3,2
"E00140372",4,0,4
"E00140373",6,2,4
"E00140374",2,1,1
"E00140375",0,0,0
"E00140376",4,3,1
"E00140377",2,0,2
"E00140378",5,5,0
"E00140379",3,1,2
"E00140380",1,1,0
"E00140381",6,4,2
"E00140382",13,5,8
"E00140383",18,9,9
"E00140384",12,6,6
"E00140385",15,10,5
"E00140386",8,4,4
"E00140387",16,6,10
"E00140388",4,1,3
"E00140389",18,6,12
"E00140390",4,3,1
"E00140391",4,1,3
"E00140392",3,0,3
"E00140393",3,1,2
"E00140394",3,1,2
"E00140395",1,1,0
"E00140396",0,0,0
"E00140397",0,0,0
"E00140398",4,1,3
"E00140399",0,0,0
"E00140400",4,1,3
"E00140401",0,0,0
"E00140402",1,0,1
"E00140403",4,3,1
"E00140404",7,6,1
"E00140405",0,0,0
"E00140406",0,0,0
"E00140407",4,3,1
"E00140408",3,2,1
"E00140409",7,4,3
"E00140410",0,0,0
"E00140411",4,3,1
"E00140412",5,3,2
"E00140413",3,2,1
"E00140414",3,1,2
"E00140415",2,1,1
"E00140416",5,1,4
"E00140417",15,8,7
"E00140418",2,1,1
"E00140419",4,3,1
"E00140420",8,5,3
"E00140421",8,4,4
"E00140422",1,0,1
"E00140423",2,1,1
"E00140424",3,2,1
"E00140425",1,1,0
"E00140426",4,3,1
"E00140427",6,2,4
"E00140428",4,3,1
"E00140429",5,4,1
"E00140430",7,4,3
"E00140431",4,3,1
"E00140432",12,8,4
"E00140433",1,0,1
"E00140434",1,0,1
"E00140435",4,0,4
"E00140436",15,7,8
"E00140437",2,1,1
"E00140438",6,3,3
"E00140439",18,10,8
"E00140440",2,1,1
"E00140441",3,2,1
"E00140442",7,1,6
"E00140443",10,4,6
"E00140444",6,1,5
"E00140445",15,8,7
"E00140446",9,4,5
"E00140447",6,5,1
"E00140448",5,5,0
"E00140449",1,0,1
"E00140450",5,1,4
"E00140451",7,3,4
"E00140452",2,2,0
"E00140453",0,0,0
"E00140454",0,0,0
"E00140455",1,1,0
"E00140456",2,1,1
"E00140457",1,1,0
"E00140458",2,2,0
"E00140459",2,1,1
"E00140460",2,1,1
"E00140461",2,2,0
"E00140462",7,4,3
"E00140463",12,3,9
"E00140464",4,3,1
"E00140465",2,0,2
"E00140466",7,5,2
"E00140467",2,1,1
"E00140468",3,3,0
"E00140469",10,4,6
"E00140470",9,6,3
"E00140471",7,4,3
"E00140472",8,4,4
"E00140473",4,1,3
"E00140474",8,3,5
"E00140475",10,4,6
"E00140476",7,4,3
"E00140477",6,3,3
"E00140478",2,2,0
"E00140479",1,0,1
"E00140480",8,4,4
"E00140481",6,2,4
"E00140482",5,2,3
"E00140483",11,5,6
"E00140484",10,3,7
"E00140485",4,2,2
"E00140486",4,3,1
"E00140487",14,4,10
"E00140488",13,7,6
"E00140489",9,5,4
"E00140490",6,4,2
"E00140491",10,8,2
"E00140492",10,4,6
"E00140493",5,4,1
"E00140494",6,4,2
"E00140495",6,3,3
"E00140496",0,0,0
"E00140497",1,0,1
"E00140498",1,1,0
"E00140499",5,4,1
"E00140500",14,8,6
"E00140501",0,0,0
"E00140502",7,4,3
"E00140503",9,7,2
"E00140504",4,0,4
"E00140505",5,3,2
"E00140506",9,4,5
"E00140507",6,2,4
"E00140508",3,0,3
"E00140509",4,3,1
"E00140510",3,1,2
"E00140511",6,4,2
"E00140512",0,0,0
"E00140513",3,0,3
"E00140514",5,2,3
"E00140515",0,0,0
"E00140516",5,2,3
"E00140517",2,1,1
"E00140518",6,4,2
"E00140519",3,0,3
"E00140520",10,3,7
"E00140521",5,4,1
"E00140522",4,3,1
"E00140523",7,6,1
"E00140524",2,0,2
"E00140525",3,1,2
"E00140526",6,3,3
"E00140527",14,6,8
"E00140528",4,1,3
"E00140529",7,7,0
"E00140530",5,2,3
"E00140531",2,0,2
"E00140532",6,5,1
"E00140533",5,2,3
"E00140534",11,7,4
"E00140535",11,4,7
"E00140536",4,3,1
"E00140537",4,2,2
"E00140538",7,4,3
"E00140539",5,2,3
"E00140540",13,7,6
"E00140541",1,1,0
"E00140544",5,2,3
"E00140545",6,4,2
"E00140546",4,3,1
"E00140547",9,6,3
"E00140548",5,3,2
"E00140549",9,3,6
"E00140550",8,4,4
"E00140551",11,6,5
"E00140552",2,2,0
"E00140553",4,0,4
"E00140554",3,0,3
"E00140555",4,2,2
"E00140556",4,2,2
"E00140557",4,2,2
"E00140558",3,1,2
"E00140559",8,3,5
"E00140561",9,6,3
"E00140562",5,1,4
"E00140563",3,1,2
"E00140564",10,3,7
"E00140565",6,1,5
"E00140566",10,5,5
"E00140567",5,3,2
"E00140568",7,6,1
"E00140569",8,5,3
"E00140570",1,1,0
"E00140571",0,0,0
"E00140572",1,0,1
"E00140573",0,0,0
"E00140574",4,0,4
"E00140575",3,1,2
"E00140576",1,1,0
"E00140577",3,2,1
"E00140578",1,0,1
"E00140579",2,1,1
"E00140580",5,3,2
"E00140581",7,4,3
"E00140582",2,2,0
"E00140583",3,1,2
"E00140584",4,4,0
"E00140585",9,4,5
"E00140586",2,2,0
"E00140587",6,3,3
"E00140588",8,4,4
"E00140589",0,0,0
"E00140590",1,0,1
"E00140591",2,1,1
"E00140592",1,0,1
"E00140593",3,1,2
"E00140594",3,1,2
"E00140595",0,0,0
"E00140596",0,0,0
"E00140597",3,2,1
"E00140598",8,3,5
"E00140599",11,3,8
"E00140600",13,7,6
"E00140601",3,1,2
"E00140602",9,6,3
"E00140603",4,3,1
"E00140604",2,1,1
"E00140606",5,2,3
"E00140607",10,5,5
"E00140608",10,5,5
"E00140609",1,0,1
"E00140610",2,1,1
"E00140611",0,0,0
"E00140612",1,1,0
"E00140613",3,1,2
"E00140614",2,0,2
"E00140615",1,1,0
"E00140616",5,2,3
"E00140617",10,8,2
"E00140618",6,2,4
"E00140620",8,5,3
"E00140621",6,3,3
"E00140622",4,1,3
"E00140623",11,3,8
"E00140624",13,7,6
"E00140625",7,4,3
"E00140626",0,0,0
"E00140627",12,8,4
"E00140628",2,2,0
"E00140629",7,4,3
"E00140630",18,10,8
"E00140631",3,3,0
"E00140632",3,1,2
"E00140633",0,0,0
"E00140634",10,6,4
"E00140635",0,0,0
"E00140636",4,2,2
"E00140637",6,4,2
"E00140638",5,2,3
"E00140639",13,6,7
"E00140640",8,5,3
"E00140641",6,1,5
"E00140643",7,6,1
"E00140644",7,6,1
"E00140645",4,0,4
"E00140646",0,0,0
"E00140647",2,1,1
"E00140648",5,3,2
"E00140649",9,4,5
"E00140650",7,3,4
"E00140651",4,1,3
"E00140652",3,2,1
"E00140654",14,7,7
"E00140655",3,3,0
"E00140656",5,1,4
"E00140657",4,1,3
"E00140658",4,1,3
"E00140659",2,2,0
"E00140661",3,2,1
"E00140662",7,4,3
"E00140663",8,6,2
"E00140664",10,6,4
"E00140665",10,7,3
"E00140666",9,2,7
"E00140667",1,1,0
"E00140668",3,1,2
"E00140669",7,4,3
"E00140670",1,0,1
"E00140671",6,3,3
"E00140672",9,4,5
"E00140673",10,5,5
"E00140674",10,5,5
"E00140675",10,7,3
"E00140676",1,0,1
"E00140677",1,1,0
"E00140678",1,0,1
"E00140679",11,4,7
"E00140680",14,7,7
"E00140681",4,2,2
"E00140682",8,2,6
"E00140683",7,5,2
"E00140684",11,2,9
"E00140685",3,1,2
"E00140686",11,5,6
"E00140687",12,5,7
"E00140688",4,2,2
"E00140689",5,3,2
"E00140690",7,6,1
"E00140691",3,2,1
"E00140692",3,2,1
"E00140693",2,1,1
"E00140694",5,2,3
"E00140695",2,1,1
"E00140696",7,4,3
"E00140697",13,5,8
"E00140698",0,0,0
"E00140699",0,0,0
"E00140700",0,0,0
"E00140701",3,0,3
"E00140702",1,0,1
"E00140703",1,0,1
"E00140704",0,0,0
"E00140705",6,2,4
"E00140706",0,0,0
"E00140707",0,0,0
"E00140708",5,1,4
"E00140709",6,3,3
"E00140710",5,4,1
"E00140711",5,2,3
"E00140712",0,0,0
"E00140713",5,5,0
"E00140714",7,3,4
"E00140715",2,2,0
"E00140716",5,3,2
"E00140717",3,2,1
"E00140718",2,1,1
"E00140719",13,7,6
"E00140720",7,4,3
"E00140721",13,10,3
"E00140722",6,2,4
"E00140723",6,5,1
"E00140724",19,9,10
"E00140725",8,5,3
"E00140726",4,1,3
"E00140727",9,7,2
"E00140728",8,3,5
"E00140729",2,0,2
"E00140730",21,8,13
"E00140731",5,2,3
"E00140732",6,3,3
"E00140734",8,4,4
"E00140735",2,2,0
"E00140736",2,0,2
"E00140737",7,6,1
"E00140738",19,14,5
"E00140739",3,2,1
"E00140740",9,2,7
"E00140741",6,2,4
"E00140742",6,1,5
"E00140743",8,5,3
"E00140744",4,2,2
"E00140745",1,1,0
"E00140746",9,5,4
"E00140747",5,4,1
"E00140748",10,8,2
"E00140749",2,1,1
"E00140750",1,1,0
"E00140752",10,6,4
"E00140753",11,5,6
"E00140754",4,2,2
"E00140755",1,0,1
"E00140756",25,12,13
"E00140757",4,2,2
"E00140758",5,2,3
"E00140759",2,1,1
"E00140760",3,2,1
"E00140761",0,0,0
"E00140762",4,1,3
"E00140763",2,2,0
"E00140764",2,1,1
"E00140765",5,2,3
"E00140766",1,1,0
"E00140767",4,0,4
"E00140769",9,4,5
"E00140770",8,5,3
"E00140771",2,0,2
"E00140772",3,0,3
"E00140773",15,8,7
"E00140774",3,1,2
"E00140775",5,2,3
"E00140776",14,7,7
"E00140777",8,2,6
"E00140778",4,2,2
"E00140779",5,2,3
"E00140780",8,5,3
"E00140781",4,3,1
"E00140782",5,3,2
"E00140783",2,0,2
"E00140784",13,7,6
"E00140785",3,1,2
"E00140786",5,3,2
"E00140787",5,1,4
"E00140788",1,0,1
"E00140790",10,4,6
"E00140791",5,2,3
"E00140793",4,3,1
"E00140794",19,10,9
"E00140795",7,4,3
"E00140796",4,2,2
"E00140797",6,3,3
"E00140798",3,2,1
"E00140799",9,3,6
"E00140800",6,2,4
"E00140801",12,6,6
"E00140802",4,4,0
"E00140803",5,3,2
"E00140804",4,0,4
"E00140805",7,3,4
"E00140807",2,0,2
"E00140808",3,1,2
"E00140809",3,1,2
"E00140810",2,1,1
"E00140811",4,2,2
"E00140812",1,0,1
"E00140813",4,1,3
"E00140814",7,2,5
"E00140815",2,0,2
"E00140816",3,2,1
"E00140817",6,2,4
"E00140818",6,5,1
"E00140819",3,3,0
"E00140820",3,0,3
"E00140822",14,6,8
"E00140823",11,8,3
"E00140824",13,4,9
"E00140825",2,0,2
"E00140826",10,5,5
"E00140827",10,4,6
"E00140828",9,1,8
"E00140829",8,5,3
"E00140830",12,7,5
"E00140831",9,3,6
"E00140832",2,0,2
"E00140833",9,5,4
"E00140834",0,0,0
"E00140835",1,0,1
"E00140836",0,0,0
"E00140837",7,6,1
"E00140838",2,2,0
"E00140839",7,2,5
"E00140840",5,3,2
"E00140841",1,1,0
"E00140842",2,1,1
"E00140843",1,0,1
"E00140844",7,3,4
"E00140845",2,1,1
"E00140846",6,4,2
"E00140847",1,0,1
"E00140848",1,1,0
"E00140849",1,0,1
"E00140850",6,1,5
"E00140851",3,1,2
"E00140852",4,3,1
"E00140853",5,2,3
"E00140854",0,0,0
"E00140855",9,6,3
"E00140856",2,1,1
"E00140857",4,3,1
"E00140858",3,1,2
"E00140859",2,0,2
"E00140860",5,2,3
"E00140861",4,3,1
"E00140862",9,5,4
"E00140863",11,5,6
"E00140864",4,2,2
"E00140865",1,1,0
"E00140866",2,0,2
"E00140867",0,0,0
"E00140868",1,1,0
"E00140869",12,8,4
"E00140870",12,8,4
"E00140871",6,3,3
"E00140872",16,9,7
"E00140873",9,5,4
"E00140874",6,2,4
"E00140875",2,1,1
"E00140876",0,0,0
"E00140877",5,1,4
"E00140878",5,2,3
"E00140879",7,5,2
"E00140880",4,1,3
"E00140881",3,2,1
"E00140882",4,2,2
"E00140883",6,2,4
"E00140884",2,2,0
"E00140885",12,4,8
"E00140886",8,5,3
"E00140887",1,0,1
"E00140888",9,8,1
"E00140889",6,1,5
"E00140890",5,2,3
"E00140891",2,1,1
"E00140892",8,3,5
"E00140893",24,16,8
"E00140894",4,3,1
"E00140895",3,3,0
"E00140896",4,0,4
"E00140897",6,3,3
"E00140898",6,4,2
"E00140899",13,8,5
"E00140900",9,1,8
"E00140901",11,4,7
"E00140902",10,5,5
"E00140903",2,2,0
"E00140904",0,0,0
"E00140905",9,7,2
"E00140906",8,2,6
"E00140907",8,3,5
"E00140908",2,2,0
"E00140909",5,3,2
"E00140910",4,3,1
"E00140911",8,5,3
"E00140912",0,0,0
"E00140913",0,0,0
"E00140914",2,1,1
"E00140915",4,3,1
"E00140916",1,0,1
"E00140917",6,4,2
"E00140918",2,1,1
"E00140919",2,1,1
"E00140920",11,6,5
"E00140921",5,2,3
"E00140922",6,4,2
"E00140923",9,5,4
"E00140924",13,10,3
"E00140925",5,3,2
"E00140926",0,0,0
"E00140927",12,8,4
"E00140928",4,3,1
"E00140929",2,1,1
"E00140930",5,4,1
"E00140931",10,6,4
"E00140932",7,5,2
"E00140933",8,1,7
"E00140934",24,13,11
"E00140935",8,5,3
"E00140936",6,0,6
"E00140937",14,7,7
"E00140938",14,7,7
"E00140939",10,5,5
"E00140940",5,3,2
"E00140941",3,1,2
"E00140942",5,2,3
"E00140943",7,1,6
"E00140944",2,0,2
"E00140945",3,1,2
"E00140946",1,1,0
"E00140947",17,9,8
"E00140948",8,5,3
"E00140949",11,4,7
"E00140950",1,1,0
"E00140951",1,0,1
"E00140953",9,2,7
"E00140954",0,0,0
"E00140955",3,3,0
"E00140956",9,4,5
"E00140957",3,1,2
"E00140958",3,2,1
"E00140959",1,1,0
"E00140960",1,1,0
"E00140961",0,0,0
"E00140962",2,0,2
"E00140963",4,2,2
"E00140964",7,5,2
"E00140965",9,2,7
"E00140966",4,1,3
"E00140967",5,0,5
"E00140968",7,4,3
"E00140969",6,3,3
"E00140970",9,5,4
"E00140971",2,1,1
"E00140972",2,1,1
"E00140973",2,1,1
"E00140974",6,2,4
"E00140975",5,3,2
"E00140976",7,4,3
"E00140977",5,1,4
"E00140978",1,1,0
"E00140979",8,4,4
"E00140980",5,3,2
"E00140981",9,4,5
"E00140982",8,2,6
"E00140983",24,13,11
"E00140984",5,1,4
"E00140985",5,3,2
"E00140986",24,12,12
"E00140987",10,3,7
"E00140988",6,2,4
"E00140989",6,3,3
"E00140990",9,6,3
"E00140991",6,3,3
"E00140992",4,0,4
"E00140993",2,0,2
"E00140994",6,4,2
"E00140995",4,2,2
"E00140996",3,1,2
"E00140997",5,1,4
"E00140998",10,8,2
"E00140999",4,2,2
"E00141000",0,0,0
"E00141001",6,3,3
"E00141002",1,1,0
"E00141003",3,2,1
"E00141004",4,2,2
"E00141005",4,2,2
"E00141006",6,2,4
"E00141007",6,4,2
"E00141008",8,4,4
"E00141009",9,5,4
"E00141010",2,0,2
"E00141011",0,0,0
"E00141012",4,3,1
"E00141013",5,0,5
"E00141014",0,0,0
"E00141015",18,9,9
"E00141016",0,0,0
"E00141017",5,2,3
"E00141018",2,0,2
"E00141019",2,2,0
"E00141020",5,0,5
"E00141021",5,4,1
"E00141022",1,0,1
"E00141023",2,1,1
"E00141024",6,2,4
"E00141025",9,6,3
"E00141026",6,3,3
"E00141027",3,1,2
"E00141028",2,1,1
"E00141029",1,1,0
"E00141030",3,3,0
"E00141031",3,3,0
"E00141032",4,2,2
"E00141033",4,3,1
"E00141034",5,3,2
"E00141035",3,2,1
"E00141036",1,0,1
"E00141037",1,1,0
"E00141038",9,2,7
"E00141039",11,5,6
"E00141040",4,2,2
"E00141041",8,5,3
"E00141044",2,1,1
"E00141045",5,2,3
"E00141046",13,7,6
"E00141047",11,6,5
"E00141048",5,3,2
"E00141049",9,4,5
"E00141050",6,1,5
"E00141051",17,7,10
"E00141053",6,3,3
"E00141054",6,4,2
"E00141055",1,1,0
"E00141056",2,1,1
"E00141057",3,1,2
"E00141058",8,1,7
"E00141059",1,1,0
"E00141060",17,6,11
"E00141061",14,4,10
"E00141062",14,6,8
"E00141063",10,5,5
"E00141064",18,7,11
"E00141065",10,5,5
"E00141066",18,6,12
"E00141067",15,9,6
"E00141068",14,9,5
"E00141069",20,10,10
"E00141070",6,3,3
"E00141071",6,4,2
"E00141072",5,1,4
"E00141073",0,0,0
"E00141074",8,4,4
"E00141075",0,0,0
"E00141076",1,0,1
"E00141077",6,2,4
"E00141078",3,3,0
"E00141079",5,3,2
"E00141080",3,2,1
"E00141081",6,4,2
"E00141082",4,1,3
"E00141083",3,1,2
"E00141084",3,2,1
"E00141085",0,0,0
"E00141086",1,1,0
"E00141087",5,3,2
"E00141088",8,6,2
"E00141089",12,5,7
"E00141090",0,0,0
"E00141091",9,6,3
"E00141092",3,2,1
"E00141093",9,3,6
"E00141094",6,2,4
"E00141095",2,0,2
"E00141096",4,0,4
"E00141097",2,1,1
"E00141098",1,0,1
"E00141099",10,6,4
"E00141100",4,3,1
"E00141101",4,1,3
"E00141102",0,0,0
"E00141103",1,1,0
"E00141104",5,3,2
"E00141105",3,1,2
"E00141106",0,0,0
"E00141107",1,0,1
"E00141108",1,1,0
"E00141109",10,7,3
"E00141110",6,3,3
"E00141111",0,0,0
"E00141112",2,1,1
"E00141113",5,4,1
"E00141114",1,1,0
"E00141115",3,2,1
"E00141116",1,1,0
"E00141117",1,0,1
"E00141118",3,1,2
"E00141119",0,0,0
"E00141120",3,1,2
"E00141121",4,3,1
"E00141122",2,0,2
"E00141123",2,0,2
"E00141124",0,0,0
"E00141125",3,1,2
"E00141126",1,1,0
"E00141127",4,2,2
"E00141128",0,0,0
"E00141129",2,1,1
"E00141130",2,0,2
"E00141131",6,5,1
"E00141133",4,1,3
"E00141134",12,4,8
"E00141135",3,2,1
"E00141136",3,2,1
"E00141137",7,3,4
"E00141138",7,2,5
"E00141139",10,4,6
"E00141140",5,1,4
"E00141141",13,5,8
"E00141142",8,2,6
"E00141143",9,4,5
"E00141144",8,5,3
"E00141145",0,0,0
"E00141146",1,1,0
"E00141147",5,4,1
"E00141148",5,3,2
"E00141149",9,3,6
"E00141150",2,2,0
"E00141151",5,1,4
"E00141152",6,2,4
"E00141153",9,6,3
"E00141155",5,4,1
"E00141156",12,5,7
"E00141157",10,6,4
"E00141158",12,11,1
"E00141159",10,5,5
"E00141160",9,7,2
"E00141161",5,4,1
"E00141162",8,5,3
"E00141163",2,0,2
"E00141164",8,3,5
"E00141165",3,0,3
"E00141166",1,1,0
"E00141167",5,4,1
"E00141168",2,1,1
"E00141169",4,1,3
"E00141170",0,0,0
"E00141171",0,0,0
"E00141172",1,1,0
"E00141173",1,1,0
"E00141174",3,1,2
"E00141175",2,1,1
"E00141176",3,1,2
"E00141177",8,3,5
"E00141178",3,1,2
"E00141179",1,1,0
"E00141180",1,1,0
"E00141181",4,2,2
"E00141182",0,0,0
"E00141183",1,0,1
"E00141184",10,5,5
"E00141185",1,1,0
"E00141186",4,2,2
"E00141187",17,11,6
"E00141188",4,2,2
"E00141189",7,3,4
"E00141190",1,1,0
"E00141191",11,6,5
"E00141192",6,2,4
"E00141193",4,3,1
"E00141194",5,3,2
"E00141195",15,6,9
"E00141196",3,1,2
"E00141197",15,12,3
"E00141198",2,2,0
"E00141199",0,0,0
"E00141200",4,2,2
"E00141201",1,0,1
"E00141202",2,1,1
"E00141203",4,1,3
"E00141204",4,4,0
"E00141205",4,2,2
"E00141206",1,0,1
"E00141207",7,3,4
"E00141208",1,1,0
"E00141209",3,0,3
"E00141210",8,6,2
"E00141211",2,2,0
"E00141212",2,1,1
"E00141213",3,3,0
"E00141214",2,0,2
"E00141215",1,1,0
"E00141216",1,0,1
"E00141217",2,1,1
"E00141218",8,3,5
"E00141219",8,3,5
"E00141220",10,4,6
"E00141221",21,11,10
"E00141222",8,4,4
"E00141223",4,1,3
"E00141224",0,0,0
"E00141225",6,3,3
"E00141226",4,0,4
"E00141227",0,0,0
"E00141228",5,5,0
"E00141229",15,8,7
"E00141230",13,6,7
"E00141231",14,7,7
"E00141232",13,8,5
"E00141233",6,4,2
"E00141234",10,7,3
"E00141235",7,4,3
"E00141236",8,5,3
"E00141237",1,0,1
"E00141238",1,1,0
"E00141239",2,1,1
"E00141240",7,1,6
"E00141241",8,5,3
"E00141242",5,1,4
"E00141243",0,0,0
"E00141244",11,8,3
"E00141245",11,4,7
"E00141246",16,9,7
"E00141247",6,3,3
"E00141248",8,5,3
"E00141249",4,3,1
"E00141250",6,4,2
"E00141251",9,7,2
"E00141252",4,1,3
"E00141253",5,3,2
"E00141254",6,4,2
"E00141255",4,2,2
"E00141256",10,4,6
"E00141257",4,1,3
"E00141258",5,2,3
"E00141259",1,1,0
"E00141260",5,3,2
"E00141261",3,0,3
"E00141262",2,0,2
"E00141263",2,2,0
"E00141264",5,1,4
"E00141265",4,1,3
"E00141266",0,0,0
"E00141267",0,0,0
"E00141268",0,0,0
"E00141269",0,0,0
"E00141270",3,0,3
"E00141271",0,0,0
"E00141272",7,5,2
"E00141273",2,0,2
"E00141274",3,2,1
"E00141275",0,0,0
"E00141276",2,1,1
"E00141277",1,1,0
"E00141278",0,0,0
"E00141279",4,1,3
"E00141280",5,3,2
"E00141281",10,5,5
"E00141282",6,3,3
"E00141283",4,1,3
"E00141284",1,0,1
"E00141285",1,1,0
"E00141286",4,1,3
"E00141287",11,5,6
"E00141288",4,2,2
"E00141289",4,1,3
"E00141290",6,2,4
"E00141291",4,2,2
"E00141292",3,1,2
"E00141293",0,0,0
"E00141294",6,3,3
"E00141295",3,2,1
"E00141296",11,3,8
"E00141297",4,1,3
"E00141298",6,1,5
"E00141299",12,7,5
"E00141300",2,1,1
"E00141301",6,3,3
"E00141302",4,2,2
"E00141303",5,3,2
"E00141304",4,2,2
"E00141305",9,6,3
"E00141306",10,6,4
"E00141307",2,1,1
"E00141309",7,2,5
"E00141310",5,2,3
"E00141311",5,1,4
"E00141312",0,0,0
"E00141313",6,2,4
"E00141314",2,1,1
"E00141316",6,3,3
"E00141317",2,1,1
"E00141318",3,3,0
"E00141319",1,0,1
"E00141320",0,0,0
"E00141321",5,2,3
"E00141322",0,0,0
"E00141324",6,4,2
"E00141325",11,7,4
"E00141326",5,3,2
"E00141327",9,3,6
"E00141328",9,3,6
"E00141329",5,3,2
"E00141331",4,2,2
"E00141332",5,1,4
"E00141333",4,1,3
"E00141334",7,3,4
"E00141336",6,2,4
"E00141337",4,1,3
"E00141338",2,1,1
"E00141339",2,2,0
"E00141340",4,1,3
"E00141341",4,2,2
"E00141343",4,1,3
"E00141344",3,0,3
"E00141346",4,3,1
"E00141348",31,17,14
"E00141349",4,2,2
"E00141350",7,6,1
"E00141352",8,5,3
"E00141353",4,2,2
"E00141354",8,4,4
"E00141355",2,1,1
"E00141356",2,1,1
"E00141357",4,2,2
"E00141358",6,3,3
"E00141359",1,0,1
"E00141360",2,2,0
"E00141361",7,5,2
"E00141362",1,0,1
"E00141363",6,6,0
"E00141364",1,1,0
"E00141365",11,4,7
"E00141366",6,3,3
"E00141367",0,0,0
"E00141368",8,6,2
"E00141369",13,10,3
"E00141370",11,6,5
"E00141371",8,5,3
"E00141372",6,2,4
"E00141373",7,4,3
"E00141374",6,3,3
"E00141375",2,0,2
"E00141376",3,2,1
"E00141377",9,6,3
"E00141378",9,3,6
"E00141379",6,6,0
"E00141380",6,5,1
"E00141381",7,3,4
"E00141382",5,2,3
"E00141383",3,2,1
"E00141384",6,1,5
"E00141385",4,0,4
"E00141386",1,0,1
"E00141387",12,6,6
"E00141388",7,3,4
"E00141389",5,3,2
"E00141390",2,1,1
"E00141391",2,0,2
"E00141392",2,2,0
"E00141393",9,4,5
"E00141394",10,5,5
"E00141395",2,2,0
"E00141396",1,1,0
"E00141397",6,5,1
"E00141398",1,0,1
"E00141399",13,4,9
"E00141400",5,2,3
"E00141401",8,5,3
"E00141402",7,1,6
"E00141403",3,2,1
"E00141404",8,2,6
"E00141405",9,5,4
"E00141406",6,0,6
"E00141407",1,1,0
"E00141408",7,3,4
"E00141409",12,4,8
"E00141410",5,2,3
"E00141411",8,3,5
"E00141412",16,6,10
"E00141413",7,3,4
"E00141414",5,3,2
"E00141415",7,4,3
"E00141416",13,6,7
"E00141417",11,6,5
"E00141418",1,0,1
"E00141419",1,1,0
"E00141420",0,0,0
"E00141421",12,7,5
"E00141422",1,1,0
"E00141423",3,2,1
"E00141424",3,1,2
"E00141425",6,3,3
"E00141426",4,4,0
"E00141427",3,0,3
"E00141428",7,4,3
"E00141429",6,4,2
"E00141430",3,1,2
"E00141431",9,5,4
"E00141433",4,2,2
"E00141435",6,2,4
"E00141436",6,2,4
"E00141437",1,0,1
"E00141438",14,8,6
"E00141439",9,5,4
"E00141440",5,3,2
"E00141441",0,0,0
"E00141442",2,1,1
"E00141443",7,3,4
"E00141444",3,2,1
"E00141445",8,3,5
"E00141447",7,3,4
"E00141448",1,0,1
"E00141449",7,5,2
"E00141450",20,13,7
"E00141451",4,2,2
"E00141452",4,2,2
"E00141453",5,2,3
"E00141454",6,2,4
"E00141455",2,2,0
"E00141456",3,2,1
"E00141457",5,3,2
"E00141458",2,1,1
"E00141459",3,1,2
"E00141460",8,4,4
"E00141461",3,1,2
"E00141462",9,6,3
"E00141463",7,4,3
"E00141466",3,1,2
"E00141468",6,2,4
"E00141469",0,0,0
"E00141470",4,3,1
"E00141471",7,4,3
"E00141473",8,2,6
"E00141474",3,0,3
"E00141475",8,3,5
"E00141476",10,5,5
"E00141477",1,1,0
"E00141478",4,2,2
"E00141479",9,5,4
"E00141480",1,0,1
"E00141481",2,0,2
"E00141482",5,2,3
"E00141483",4,3,1
"E00141484",2,1,1
"E00141485",7,3,4
"E00141486",1,1,0
"E00141487",3,2,1
"E00141488",0,0,0
"E00141489",5,3,2
"E00141490",7,3,4
"E00141491",11,4,7
"E00141492",9,5,4
"E00141493",6,2,4
"E00141494",15,11,4
"E00141495",12,6,6
"E00141496",5,3,2
"E00141497",11,7,4
"E00141498",5,3,2
"E00141499",0,0,0
"E00141500",5,1,4
"E00141501",8,3,5
"E00141502",4,2,2
"E00141503",1,1,0
"E00141504",1,0,1
"E00141505",6,4,2
"E00141506",1,0,1
"E00141507",2,0,2
"E00141508",0,0,0
"E00141509",3,1,2
"E00141510",10,6,4
"E00141511",2,2,0
"E00141512",8,5,3
"E00141513",0,0,0
"E00141514",7,4,3
"E00141515",0,0,0
"E00141516",1,1,0
"E00141517",0,0,0
"E00141518",5,4,1
"E00141519",0,0,0
"E00141520",6,3,3
"E00141521",7,6,1
"E00141522",7,5,2
"E00141523",2,1,1
"E00141524",1,0,1
"E00141525",2,2,0
"E00141526",1,1,0
"E00141527",2,1,1
"E00141528",4,1,3
"E00141529",11,5,6
"E00141530",6,0,6
"E00141531",1,1,0
"E00141532",2,1,1
"E00141533",4,0,4
"E00141534",1,1,0
"E00141535",1,1,0
"E00141536",0,0,0
"E00141537",0,0,0
"E00141538",0,0,0
"E00141539",2,1,1
"E00141541",2,0,2
"E00141542",2,1,1
"E00141543",5,3,2
"E00141544",1,0,1
"E00141545",4,3,1
"E00141546",6,3,3
"E00141547",7,4,3
"E00141548",2,1,1
"E00141549",6,2,4
"E00141550",6,5,1
"E00141551",5,0,5
"E00141552",1,1,0
"E00141553",8,4,4
"E00141554",6,1,5
"E00141555",6,4,2
"E00141556",10,5,5
"E00141557",9,3,6
"E00141558",4,3,1
"E00141559",3,1,2
"E00141560",0,0,0
"E00141561",3,0,3
"E00141562",1,1,0
"E00141563",1,1,0
"E00141564",1,0,1
"E00141565",3,2,1
"E00141566",11,5,6
"E00141567",5,3,2
"E00141568",3,1,2
"E00141569",2,2,0
"E00141570",1,0,1
"E00141571",3,1,2
"E00141572",1,1,0
"E00141573",7,3,4
"E00141574",0,0,0
"E00141575",8,5,3
"E00141576",5,1,4
"E00141577",0,0,0
"E00141578",1,0,1
"E00141579",0,0,0
"E00141580",3,0,3
"E00141581",2,0,2
"E00141582",4,4,0
"E00141583",0,0,0
"E00141584",9,6,3
"E00141585",3,1,2
"E00141586",7,4,3
"E00141587",4,1,3
"E00141588",10,6,4
"E00141589",8,4,4
"E00141590",5,2,3
"E00141591",8,4,4
"E00141592",7,2,5
"E00141593",2,2,0
"E00141594",3,1,2
"E00141595",4,1,3
"E00141596",1,0,1
"E00141597",0,0,0
"E00141598",6,4,2
"E00141599",10,6,4
"E00141600",9,4,5
"E00141601",9,6,3
"E00141602",8,5,3
"E00141603",4,2,2
"E00141604",4,3,1
"E00141605",6,4,2
"E00141606",8,5,3
"E00141607",0,0,0
"E00141608",2,1,1
"E00141609",6,2,4
"E00141610",9,5,4
"E00141611",18,9,9
"E00141612",6,3,3
"E00141613",7,4,3
"E00141614",7,5,2
"E00141615",18,10,8
"E00141616",0,0,0
"E00141617",9,5,4
"E00141618",5,2,3
"E00141619",8,5,3
"E00141620",5,3,2
"E00141621",1,1,0
"E00141622",1,0,1
"E00141623",9,5,4
"E00141624",1,1,0
"E00141625",1,0,1
"E00141626",3,0,3
"E00141627",4,1,3
"E00141628",8,5,3
"E00141629",8,5,3
"E00141630",6,3,3
"E00141631",5,0,5
"E00141632",5,1,4
"E00141633",0,0,0
"E00141634",0,0,0
"E00141635",1,1,0
"E00141636",0,0,0
"E00141637",0,0,0
"E00141638",1,0,1
"E00141639",1,0,1
"E00141640",6,3,3
"E00141641",4,1,3
"E00141642",0,0,0
"E00141643",1,1,0
"E00141644",4,2,2
"E00141645",2,0,2
"E00141646",1,1,0
"E00141647",2,2,0
"E00141648",2,2,0
"E00141649",0,0,0
"E00141650",1,0,1
"E00141651",2,0,2
"E00141652",3,1,2
"E00141653",5,0,5
"E00141654",1,1,0
"E00141655",3,2,1
"E00141656",2,0,2
"E00141657",1,0,1
"E00141658",6,3,3
"E00141659",3,1,2
"E00141660",3,3,0
"E00141661",3,2,1
"E00141662",1,1,0
"E00141663",0,0,0
"E00141664",2,0,2
"E00141665",1,1,0
"E00141666",1,1,0
"E00141667",6,4,2
"E00141668",7,6,1
"E00141669",4,2,2
"E00141670",0,0,0
"E00141671",5,2,3
"E00141672",1,0,1
"E00141673",2,1,1
"E00141674",2,1,1
"E00141675",0,0,0
"E00141676",5,2,3
"E00141677",2,0,2
"E00141678",7,3,4
"E00141679",3,1,2
"E00141680",5,1,4
"E00141681",3,0,3
"E00141682",1,0,1
"E00141683",10,3,7
"E00141684",20,11,9
"E00141685",10,7,3
"E00141686",9,6,3
"E00141687",9,3,6
"E00141688",1,0,1
"E00141689",11,3,8
"E00141691",9,3,6
"E00141692",7,2,5
"E00141693",2,2,0
"E00141694",3,2,1
"E00141695",3,3,0
"E00141696",2,0,2
"E00141697",9,4,5
"E00141698",1,0,1
"E00141699",5,3,2
"E00141700",7,3,4
"E00141702",7,5,2
"E00141703",3,2,1
"E00141704",3,2,1
"E00141705",1,1,0
"E00141706",4,4,0
"E00141707",2,1,1
"E00141708",2,1,1
"E00141710",0,0,0
"E00141711",1,1,0
"E00141712",2,2,0
"E00141713",1,0,1
"E00141714",3,1,2
"E00141716",1,0,1
"E00141717",3,2,1
"E00141719",0,0,0
"E00141720",0,0,0
"E00141721",1,0,1
"E00141722",2,1,1
"E00141723",4,2,2
"E00141724",1,0,1
"E00141725",4,4,0
"E00141726",3,1,2
"E00141727",5,3,2
"E00141728",5,4,1
"E00141729",5,1,4
"E00141730",2,1,1
"E00141731",4,2,2
"E00141732",10,7,3
"E00141733",9,4,5
"E00141734",2,2,0
"E00141735",0,0,0
"E00141736",1,0,1
"E00141737",8,2,6
"E00141738",3,1,2
"E00141739",0,0,0
"E00141740",8,4,4
"E00141741",3,1,2
"E00141742",1,0,1
"E00141743",1,1,0
"E00141744",4,3,1
"E00141745",2,2,0
"E00141746",3,1,2
"E00141747",3,1,2
"E00141748",3,3,0
"E00141749",1,0,1
"E00141750",8,6,2
"E00141751",4,3,1
"E00141752",1,1,0
"E00141753",2,1,1
"E00141754",4,3,1
"E00141755",3,1,2
"E00141756",4,3,1
"E00141757",5,0,5
"E00141758",0,0,0
"E00141759",0,0,0
"E00141760",4,3,1
"E00141761",4,0,4
"E00141762",1,1,0
"E00141763",3,1,2
"E00141764",1,1,0
"E00141765",4,3,1
"E00141766",2,2,0
"E00141767",3,2,1
"E00141768",1,1,0
"E00141769",4,2,2
"E00141770",0,0,0
"E00141771",2,2,0
"E00141772",5,4,1
"E00141773",3,1,2
"E00141774",2,2,0
"E00141775",2,0,2
"E00141776",2,1,1
"E00141777",0,0,0
"E00141778",6,0,6
"E00141779",4,2,2
"E00141780",0,0,0
"E00141781",4,0,4
"E00141782",6,3,3
"E00141783",2,2,0
"E00141784",7,4,3
"E00141785",3,1,2
"E00141786",9,4,5
"E00141787",3,3,0
"E00141788",0,0,0
"E00141789",6,4,2
"E00141790",5,1,4
"E00141791",5,1,4
"E00141792",3,2,1
"E00141793",3,1,2
"E00141794",3,2,1
"E00141795",3,2,1
"E00141796",4,1,3
"E00141797",1,1,0
"E00141798",4,2,2
"E00141799",3,0,3
"E00141800",5,3,2
"E00141801",0,0,0
"E00141802",4,2,2
"E00141803",2,1,1
"E00141804",6,2,4
"E00141805",6,2,4
"E00141806",2,2,0
"E00141807",4,2,2
"E00141808",7,2,5
"E00141809",4,2,2
"E00141810",3,2,1
"E00141811",13,7,6
"E00141812",11,3,8
"E00141813",3,1,2
"E00141814",5,1,4
"E00141815",2,1,1
"E00141816",3,2,1
"E00141817",4,3,1
"E00141818",0,0,0
"E00141819",0,0,0
"E00141820",4,3,1
"E00141821",1,0,1
"E00141822",12,6,6
"E00141823",1,1,0
"E00141824",4,0,4
"E00141825",4,3,1
"E00141826",5,2,3
"E00141827",6,3,3
"E00141828",2,0,2
"E00141829",8,4,4
"E00141830",1,1,0
"E00141831",3,3,0
"E00141832",1,1,0
"E00141833",2,1,1
"E00141834",8,5,3
"E00141835",4,3,1
"E00141836",0,0,0
"E00141837",4,1,3
"E00141838",1,1,0
"E00141839",0,0,0
"E00141840",5,1,4
"E00141841",3,1,2
"E00141842",2,1,1
"E00141843",0,0,0
"E00141844",5,3,2
"E00141845",3,1,2
"E00141846",5,0,5
"E00141847",4,3,1
"E00141848",1,1,0
"E00141849",7,2,5
"E00141850",5,3,2
"E00141851",6,3,3
"E00141852",3,2,1
"E00141853",3,2,1
"E00141854",10,6,4
"E00141855",3,2,1
"E00141856",4,4,0
"E00141857",9,4,5
"E00141858",2,1,1
"E00141859",4,2,2
"E00141860",1,0,1
"E00141861",2,1,1
"E00141862",8,3,5
"E00141863",3,3,0
"E00141864",1,0,1
"E00141865",1,0,1
"E00141866",1,0,1
"E00141867",3,1,2
"E00141868",4,0,4
"E00141869",2,1,1
"E00141870",4,2,2
"E00141871",1,0,1
"E00141872",2,2,0
"E00141873",6,4,2
"E00141874",1,0,1
"E00141875",3,1,2
"E00141876",5,4,1
"E00141877",3,2,1
"E00141878",6,2,4
"E00141879",3,1,2
"E00141880",9,5,4
"E00141881",1,0,1
"E00141882",7,4,3
"E00141883",3,2,1
"E00141884",6,4,2
"E00141885",2,0,2
"E00141886",4,3,1
"E00141887",3,2,1
"E00141888",4,1,3
"E00141889",2,2,0
"E00141890",5,3,2
"E00141891",2,1,1
"E00141892",11,4,7
"E00141893",3,1,2
"E00141894",0,0,0
"E00141895",7,6,1
"E00141896",8,4,4
"E00141897",2,2,0
"E00141898",2,1,1
"E00141899",4,0,4
"E00141900",2,2,0
"E00141901",2,2,0
"E00141902",1,0,1
"E00141903",4,2,2
"E00141904",1,1,0
"E00141905",1,0,1
"E00141906",2,1,1
"E00141907",1,0,1
"E00141908",0,0,0
"E00141909",4,2,2
"E00141910",2,0,2
"E00141911",7,4,3
"E00141912",7,2,5
"E00141913",7,4,3
"E00141914",13,5,8
"E00141915",8,4,4
"E00141916",5,3,2
"E00141917",1,1,0
"E00141918",7,2,5
"E00141919",0,0,0
"E00141920",5,2,3
"E00141921",6,3,3
"E00141922",2,1,1
"E00141923",3,1,2
"E00141924",6,5,1
"E00141925",6,3,3
"E00141926",4,2,2
"E00141927",3,1,2
"E00141928",5,3,2
"E00141929",0,0,0
"E00141930",13,8,5
"E00141931",5,4,1
"E00141932",7,5,2
"E00141933",0,0,0
"E00141934",5,1,4
"E00141935",5,3,2
"E00141936",5,3,2
"E00141938",1,1,0
"E00141939",0,0,0
"E00141940",1,1,0
"E00141941",0,0,0
"E00141942",5,2,3
"E00141943",6,2,4
"E00141944",1,1,0
"E00141945",2,1,1
"E00141946",3,1,2
"E00141947",6,4,2
"E00141948",6,4,2
"E00141949",1,0,1
"E00141950",6,4,2
"E00141951",9,5,4
"E00141952",3,2,1
"E00141953",1,1,0
"E00141954",1,0,1
"E00141955",5,3,2
"E00141956",3,1,2
"E00141957",2,2,0
"E00141958",3,1,2
"E00141959",2,1,1
"E00141960",2,0,2
"E00141961",1,1,0
"E00141962",6,1,5
"E00141963",2,1,1
"E00141964",10,1,9
"E00141965",6,3,3
"E00141966",0,0,0
"E00141967",3,2,1
"E00141968",2,2,0
"E00141969",1,0,1
"E00141970",2,1,1
"E00141971",4,1,3
"E00141972",1,1,0
"E00141973",5,5,0
"E00141974",0,0,0
"E00141975",8,7,1
"E00141976",8,5,3
"E00141977",5,2,3
"E00141978",9,5,4
"E00141979",5,4,1
"E00141980",1,0,1
"E00141981",2,1,1
"E00141982",0,0,0
"E00141983",6,3,3
"E00141984",5,3,2
"E00141985",2,0,2
"E00141986",1,1,0
"E00141987",4,1,3
"E00141988",1,1,0
"E00141989",5,2,3
"E00141990",3,2,1
"E00141991",1,1,0
"E00141992",0,0,0
"E00141993",1,1,0
"E00141994",3,2,1
"E00141995",1,1,0
"E00141996",1,1,0
"E00141997",3,1,2
"E00141998",5,4,1
"E00141999",6,1,5
"E00142000",0,0,0
"E00142001",2,1,1
"E00142002",3,1,2
"E00142003",1,1,0
"E00142004",0,0,0
"E00142005",5,2,3
"E00142006",29,20,9
"E00142007",4,1,3
"E00142008",6,6,0
"E00142009",0,0,0
"E00142010",0,0,0
"E00142011",1,1,0
"E00142012",0,0,0
"E00142013",4,0,4
"E00142014",6,3,3
"E00142015",11,6,5
"E00142016",9,5,4
"E00142017",9,8,1
"E00142018",5,2,3
"E00142019",2,0,2
"E00142020",3,1,2
"E00142021",5,1,4
"E00142022",1,1,0
"E00142023",0,0,0
"E00142024",4,2,2
"E00142025",5,4,1
"E00142026",2,1,1
"E00142027",1,1,0
"E00142028",1,1,0
"E00142029",4,1,3
"E00142030",1,0,1
"E00142031",2,2,0
"E00142032",3,2,1
"E00142033",8,6,2
"E00142034",4,1,3
"E00142035",4,1,3
"E00142036",0,0,0
"E00142037",6,3,3
"E00142038",3,2,1
"E00142039",2,1,1
"E00142040",10,6,4
"E00142041",8,6,2
"E00142042",6,4,2
"E00142043",10,4,6
"E00142044",5,2,3
"E00142045",2,0,2
"E00142046",5,1,4
"E00142047",5,1,4
"E00142048",2,2,0
"E00142049",2,1,1
"E00142050",3,2,1
"E00142051",3,0,3
"E00142052",2,0,2
"E00142053",3,2,1
"E00142054",4,1,3
"E00142055",4,3,1
"E00142056",6,2,4
"E00142057",5,2,3
"E00142058",6,2,4
"E00142059",0,0,0
"E00142060",1,0,1
"E00142061",9,4,5
"E00142062",3,2,1
"E00142063",9,4,5
"E00142064",1,0,1
"E00142065",6,2,4
"E00142066",4,3,1
"E00142067",0,0,0
"E00142068",6,3,3
"E00142069",4,2,2
"E00142070",0,0,0
"E00142072",4,1,3
"E00142073",2,1,1
"E00142074",8,3,5
"E00142075",6,4,2
"E00142076",7,3,4
"E00142077",1,0,1
"E00142078",3,1,2
"E00142079",5,3,2
"E00142080",1,0,1
"E00142081",6,4,2
"E00142082",2,1,1
"E00142083",8,6,2
"E00142084",7,4,3
"E00142085",3,3,0
"E00142086",4,2,2
"E00142087",6,5,1
"E00142088",0,0,0
"E00142089",2,2,0
"E00142090",0,0,0
"E00142091",4,2,2
"E00142092",2,1,1
"E00142093",0,0,0
"E00142094",1,0,1
"E00142095",0,0,0
"E00142096",2,1,1
"E00142097",3,1,2
"E00142098",0,0,0
"E00142099",3,0,3
"E00142100",0,0,0
"E00142101",4,3,1
"E00142102",7,3,4
"E00142103",3,2,1
"E00142104",5,2,3
"E00142105",1,0,1
"E00142106",0,0,0
"E00142107",2,0,2
"E00142108",6,5,1
"E00142109",9,6,3
"E00142110",0,0,0
"E00142111",6,2,4
"E00142112",2,0,2
"E00142113",1,1,0
"E00142114",2,2,0
"E00142115",2,1,1
"E00142116",9,6,3
"E00142117",1,0,1
"E00142118",6,3,3
"E00142119",2,1,1
"E00142120",6,0,6
"E00142121",6,4,2
"E00142122",6,2,4
"E00142123",5,4,1
"E00142124",3,3,0
"E00142125",6,3,3
"E00142126",8,5,3
"E00142127",5,2,3
"E00142128",3,1,2
"E00142129",6,2,4
"E00142130",1,1,0
"E00142131",1,1,0
"E00142132",4,1,3
"E00142133",1,1,0
"E00142134",5,2,3
"E00142135",12,7,5
"E00142136",8,3,5
"E00142137",10,6,4
"E00142138",4,3,1
"E00142139",7,4,3
"E00142140",3,2,1
"E00142141",6,6,0
"E00142142",2,0,2
"E00142143",8,5,3
"E00142144",2,1,1
"E00142145",7,4,3
"E00142146",10,7,3
"E00142147",4,1,3
"E00142148",7,2,5
"E00142149",10,3,7
"E00142150",12,6,6
"E00142151",11,6,5
"E00142152",7,4,3
"E00142153",5,4,1
"E00142154",6,3,3
"E00142155",17,7,10
"E00142156",5,2,3
"E00142157",4,3,1
"E00142158",4,2,2
"E00142159",3,0,3
"E00142160",1,0,1
"E00142161",4,3,1
"E00142162",1,1,0
"E00142163",4,2,2
"E00142164",10,4,6
"E00142165",4,2,2
"E00142166",4,3,1
"E00142167",14,9,5
"E00142168",0,0,0
"E00142169",8,7,1
"E00142170",2,0,2
"E00142171",9,6,3
"E00142172",4,1,3
"E00142173",0,0,0
"E00142174",0,0,0
"E00142175",6,4,2
"E00142176",2,1,1
"E00142177",6,2,4
"E00142178",2,2,0
"E00142179",1,1,0
"E00142180",0,0,0
"E00142181",3,1,2
"E00142182",2,1,1
"E00142183",0,0,0
"E00142184",2,1,1
"E00142185",3,0,3
"E00142186",3,1,2
"E00142187",1,1,0
"E00142188",2,1,1
"E00142189",1,0,1
"E00142190",0,0,0
"E00142191",2,2,0
"E00142192",2,1,1
"E00142193",1,1,0
"E00142194",2,2,0
"E00142195",1,0,1
"E00142196",0,0,0
"E00142197",3,1,2
"E00142198",2,1,1
"E00142199",0,0,0
"E00142201",3,0,3
"E00142202",3,1,2
"E00142204",0,0,0
"E00142205",2,1,1
"E00142206",8,4,4
"E00142207",6,3,3
"E00142208",15,5,10
"E00142209",4,1,3
"E00142210",0,0,0
"E00142211",4,3,1
"E00142212",3,1,2
"E00142213",3,1,2
"E00142214",0,0,0
"E00142215",2,0,2
"E00142216",12,5,7
"E00142217",5,2,3
"E00142218",5,1,4
"E00142219",7,4,3
"E00142220",4,2,2
"E00142221",4,3,1
"E00142222",11,5,6
"E00142223",10,5,5
"E00142224",11,4,7
"E00142225",7,2,5
"E00142226",4,1,3
"E00142227",6,3,3
"E00142228",2,1,1
"E00142229",2,1,1
"E00142230",0,0,0
"E00142231",3,2,1
"E00142232",4,3,1
"E00142233",4,0,4
"E00142234",1,0,1
"E00142235",4,1,3
"E00142236",0,0,0
"E00142237",1,0,1
"E00142238",8,4,4
"E00142239",7,3,4
"E00142240",8,6,2
"E00142241",9,4,5
"E00142242",1,0,1
"E00142243",4,4,0
"E00142244",6,3,3
"E00142245",5,3,2
"E00142246",3,1,2
"E00142247",4,2,2
"E00142248",12,5,7
"E00142249",2,2,0
"E00142250",4,2,2
"E00142251",2,0,2
"E00142252",8,5,3
"E00142253",11,7,4
"E00142254",1,1,0
"E00142255",3,1,2
"E00142256",0,0,0
"E00142257",11,3,8
"E00142258",9,4,5
"E00142259",0,0,0
"E00142260",1,1,0
"E00142261",10,4,6
"E00142262",3,0,3
"E00142263",2,2,0
"E00142264",8,5,3
"E00142265",2,1,1
"E00142266",0,0,0
"E00142267",2,0,2
"E00142268",4,2,2
"E00142269",3,2,1
"E00142270",0,0,0
"E00142271",4,3,1
"E00142272",2,1,1
"E00142274",5,3,2
"E00142275",0,0,0
"E00142277",1,1,0
"E00142278",3,1,2
"E00142279",4,1,3
"E00142280",6,4,2
"E00142281",5,2,3
"E00142282",3,2,1
"E00142283",6,3,3
"E00142284",3,2,1
"E00142285",1,1,0
"E00142286",3,1,2
"E00142287",0,0,0
"E00142288",2,2,0
"E00142289",0,0,0
"E00142290",0,0,0
"E00142291",2,0,2
"E00142292",1,0,1
"E00142293",0,0,0
"E00142294",0,0,0
"E00142295",1,0,1
"E00142296",1,0,1
"E00142297",1,1,0
"E00142298",2,1,1
"E00142299",3,1,2
"E00142300",0,0,0
"E00142301",7,1,6
"E00142302",1,1,0
"E00142303",0,0,0
"E00142304",5,2,3
"E00142305",0,0,0
"E00142307",3,3,0
"E00142308",6,3,3
"E00142309",0,0,0
"E00142310",4,3,1
"E00142311",2,0,2
"E00142312",0,0,0
"E00142314",1,1,0
"E00142315",2,2,0
"E00142316",6,3,3
"E00142317",3,3,0
"E00142318",1,1,0
"E00142319",0,0,0
"E00142320",7,3,4
"E00142321",0,0,0
"E00142322",2,0,2
"E00142323",2,1,1
"E00142324",3,1,2
"E00142325",4,3,1
"E00142326",5,2,3
"E00142327",0,0,0
"E00142328",1,1,0
"E00142329",5,5,0
"E00142330",1,0,1
"E00142331",4,1,3
"E00142332",7,4,3
"E00142333",1,0,1
"E00142334",3,1,2
"E00142335",1,0,1
"E00142336",1,0,1
"E00142337",2,2,0
"E00142338",0,0,0
"E00142339",1,0,1
"E00142340",2,0,2
"E00142341",2,0,2
"E00142342",3,0,3
"E00142343",4,2,2
"E00142344",1,0,1
"E00142345",3,1,2
"E00142346",2,2,0
"E00142347",3,1,2
"E00142348",2,0,2
"E00142349",4,2,2
"E00142350",2,1,1
"E00142351",1,1,0
"E00142352",6,2,4
"E00142353",0,0,0
"E00142354",2,1,1
"E00142355",4,2,2
"E00142356",0,0,0
"E00142357",2,1,1
"E00142358",3,1,2
"E00142359",2,2,0
"E00142360",4,3,1
"E00142361",0,0,0
"E00142362",3,2,1
"E00142363",2,1,1
"E00142364",5,3,2
"E00142365",1,1,0
"E00142366",4,2,2
"E00142367",2,1,1
"E00142368",0,0,0
"E00142369",3,0,3
"E00142370",0,0,0
"E00142371",0,0,0
"E00142372",6,1,5
"E00142373",2,0,2
"E00142374",7,3,4
"E00142375",1,0,1
"E00142376",2,0,2
"E00142377",0,0,0
"E00142378",0,0,0
"E00142379",0,0,0
"E00142380",4,3,1
"E00142381",0,0,0
"E00142382",0,0,0
"E00142383",5,1,4
"E00142384",4,2,2
"E00142385",4,4,0
"E00142386",1,0,1
"E00142387",5,1,4
"E00142388",3,1,2
"E00142389",1,1,0
"E00142390",2,2,0
"E00142391",2,0,2
"E00142392",4,2,2
"E00142393",1,0,1
"E00142394",3,3,0
"E00142395",1,0,1
"E00142396",3,1,2
"E00142397",5,1,4
"E00142398",1,0,1
"E00142399",0,0,0
"E00142400",3,2,1
"E00142401",1,0,1
"E00142402",1,0,1
"E00142403",0,0,0
"E00142404",2,1,1
"E00142405",4,3,1
"E00142406",3,1,2
"E00142407",0,0,0
"E00142408",4,1,3
"E00142409",1,1,0
"E00142410",3,1,2
"E00142411",3,3,0
"E00142412",0,0,0
"E00142413",7,4,3
"E00142414",0,0,0
"E00142415",1,0,1
"E00142416",1,1,0
"E00142417",7,2,5
"E00142418",2,2,0
"E00142419",2,0,2
"E00142420",2,2,0
"E00142421",1,1,0
"E00142422",1,1,0
"E00142423",1,0,1
"E00142424",2,0,2
"E00142425",3,1,2
"E00142426",0,0,0
"E00142427",2,0,2
"E00142428",1,0,1
"E00142429",3,2,1
"E00142430",12,5,7
"E00142431",6,2,4
"E00142432",1,1,0
"E00142433",2,1,1
"E00142434",1,0,1
"E00142435",7,2,5
"E00142436",0,0,0
"E00142437",1,0,1
"E00142438",4,0,4
"E00142439",1,1,0
"E00142440",3,2,1
"E00142441",4,2,2
"E00142442",0,0,0
"E00142443",4,1,3
"E00142444",3,2,1
"E00142445",3,2,1
"E00142446",2,1,1
"E00142447",0,0,0
"E00142448",3,2,1
"E00142449",9,4,5
"E00142450",2,1,1
"E00142451",1,1,0
"E00142452",1,1,0
"E00142453",1,0,1
"E00142454",1,0,1
"E00142455",3,1,2
"E00142456",4,3,1
"E00142457",0,0,0
"E00142458",1,1,0
"E00142459",1,1,0
"E00142460",0,0,0
"E00142461",0,0,0
"E00142462",0,0,0
"E00142463",2,0,2
"E00142464",0,0,0
"E00142465",2,1,1
"E00142466",0,0,0
"E00142467",0,0,0
"E00142468",2,0,2
"E00142469",2,0,2
"E00142470",3,2,1
"E00142471",2,0,2
"E00142472",1,1,0
"E00142473",2,1,1
"E00142474",5,2,3
"E00142475",1,1,0
"E00142476",1,1,0
"E00142477",0,0,0
"E00142478",3,0,3
"E00142479",1,0,1
"E00142480",1,0,1
"E00142481",1,1,0
"E00142482",0,0,0
"E00142483",0,0,0
"E00142484",1,0,1
"E00142485",2,1,1
"E00142486",0,0,0
"E00142487",4,1,3
"E00142488",0,0,0
"E00142489",0,0,0
"E00142490",1,0,1
"E00142491",1,0,1
"E00142492",3,1,2
"E00142493",1,1,0
"E00142494",1,0,1
"E00142495",2,0,2
"E00142496",5,3,2
"E00142497",2,1,1
"E00142498",0,0,0
"E00142499",4,1,3
"E00142500",2,2,0
"E00142501",1,1,0
"E00142502",3,2,1
"E00142503",3,3,0
"E00142504",0,0,0
"E00142505",1,0,1
"E00142506",1,0,1
"E00142507",8,4,4
"E00142508",1,0,1
"E00142509",1,0,1
"E00142510",3,1,2
"E00142511",5,2,3
"E00142512",0,0,0
"E00142513",0,0,0
"E00142514",1,0,1
"E00142515",1,1,0
"E00142516",1,0,1
"E00142517",3,1,2
"E00142518",1,1,0
"E00142519",4,3,1
"E00142520",0,0,0
"E00142521",3,0,3
"E00142522",1,0,1
"E00142523",5,2,3
"E00142524",2,1,1
"E00142525",0,0,0
"E00142527",0,0,0
"E00142528",1,0,1
"E00142529",3,0,3
"E00142530",4,2,2
"E00142531",3,1,2
"E00142532",15,8,7
"E00142533",0,0,0
"E00142534",1,0,1
"E00142535",2,1,1
"E00142536",2,1,1
"E00142537",1,0,1
"E00142538",0,0,0
"E00142539",0,0,0
"E00142540",3,0,3
"E00142541",1,0,1
"E00142542",0,0,0
"E00142543",0,0,0
"E00142544",1,1,0
"E00142545",1,1,0
"E00142546",2,1,1
"E00142547",2,2,0
"E00142548",3,0,3
"E00142549",3,2,1
"E00142550",1,0,1
"E00142551",2,0,2
"E00142552",0,0,0
"E00142553",5,3,2
"E00142554",0,0,0
"E00142555",0,0,0
"E00142556",3,2,1
"E00142557",2,1,1
"E00142558",2,1,1
"E00142559",1,1,0
"E00142560",0,0,0
"E00142561",2,2,0
"E00142562",1,0,1
"E00142563",2,0,2
"E00142564",0,0,0
"E00142565",2,1,1
"E00142566",4,1,3
"E00142567",0,0,0
"E00142568",3,3,0
"E00142569",0,0,0
"E00142570",2,0,2
"E00142571",3,3,0
"E00142572",4,2,2
"E00142573",2,0,2
"E00142574",0,0,0
"E00142575",1,0,1
"E00142576",3,0,3
"E00142577",0,0,0
"E00142578",3,2,1
"E00142579",1,0,1
"E00142580",0,0,0
"E00142581",3,0,3
"E00142582",5,1,4
"E00142583",2,1,1
"E00142584",2,0,2
"E00142585",6,2,4
"E00142587",6,0,6
"E00142588",1,0,1
"E00142589",7,4,3
"E00142590",0,0,0
"E00142591",2,1,1
"E00142592",6,4,2
"E00142593",3,1,2
"E00142594",0,0,0
"E00142595",0,0,0
"E00142596",3,0,3
"E00142597",3,2,1
"E00142598",0,0,0
"E00142599",5,2,3
"E00142600",1,0,1
"E00142601",1,1,0
"E00142602",1,0,1
"E00142603",3,2,1
"E00142604",3,2,1
"E00142605",1,0,1
"E00142606",3,2,1
"E00142607",4,3,1
"E00142608",2,2,0
"E00142609",0,0,0
"E00142610",0,0,0
"E00142611",2,0,2
"E00142612",0,0,0
"E00142613",1,0,1
"E00142614",1,0,1
"E00142615",1,1,0
"E00142616",2,1,1
"E00142617",3,2,1
"E00142618",1,0,1
"E00142619",0,0,0
"E00142620",1,1,0
"E00142621",2,0,2
"E00142622",4,3,1
"E00142623",2,1,1
"E00142624",5,4,1
"E00142625",4,3,1
"E00142626",4,2,2
"E00142627",5,3,2
"E00142628",2,2,0
"E00142629",1,1,0
"E00142630",3,2,1
"E00142631",0,0,0
"E00142632",3,2,1
"E00142633",2,2,0
"E00142634",2,2,0
"E00142635",0,0,0
"E00142636",3,3,0
"E00142637",5,4,1
"E00142638",1,1,0
"E00142639",1,1,0
"E00142640",1,1,0
"E00142641",2,0,2
"E00142642",0,0,0
"E00142643",0,0,0
"E00142644",1,1,0
"E00142645",0,0,0
"E00142646",3,2,1
"E00142647",1,0,1
"E00142648",1,1,0
"E00142649",1,0,1
"E00142650",7,2,5
"E00142651",0,0,0
"E00142652",3,2,1
"E00142653",7,2,5
"E00142654",4,1,3
"E00142655",9,3,6
"E00142656",4,1,3
"E00142657",5,3,2
"E00142658",5,2,3
"E00142659",7,3,4
"E00142660",6,4,2
"E00142661",3,2,1
"E00142662",3,1,2
"E00142663",7,2,5
"E00142664",5,1,4
"E00142665",12,6,6
"E00142666",3,2,1
"E00142667",2,1,1
"E00142668",3,3,0
"E00142669",4,1,3
"E00142670",3,0,3
"E00142671",4,2,2
"E00142672",6,3,3
"E00142673",3,3,0
"E00142674",2,1,1
"E00142675",1,0,1
"E00142676",2,2,0
"E00142677",0,0,0
"E00142678",0,0,0
"E00142679",3,2,1
"E00142680",3,2,1
"E00142681",1,1,0
"E00142682",1,1,0
"E00142683",3,0,3
"E00142684",0,0,0
"E00142685",1,0,1
"E00142686",5,3,2
"E00142687",1,1,0
"E00142688",5,2,3
"E00142689",4,3,1
"E00142690",4,3,1
"E00142691",0,0,0
"E00142692",11,5,6
"E00142693",4,0,4
"E00142694",4,1,3
"E00142695",3,1,2
"E00142696",6,4,2
"E00142697",7,4,3
"E00142698",8,1,7
"E00142699",2,1,1
"E00142700",16,16,0
"E00142701",3,1,2
"E00142702",3,2,1
"E00142703",2,2,0
"E00142704",0,0,0
"E00142705",9,4,5
"E00142706",15,4,11
"E00142707",3,3,0
"E00142708",6,5,1
"E00142709",2,1,1
"E00142710",2,1,1
"E00142711",8,6,2
"E00142712",18,7,11
"E00142713",6,3,3
"E00142714",5,4,1
"E00142715",4,2,2
"E00142716",7,4,3
"E00142717",6,4,2
"E00142718",10,3,7
"E00142719",3,1,2
"E00142720",4,2,2
"E00142721",0,0,0
"E00142722",3,2,1
"E00142723",4,3,1
"E00142724",0,0,0
"E00142725",0,0,0
"E00142726",4,3,1
"E00142727",2,1,1
"E00142728",13,9,4
"E00142729",3,0,3
"E00142730",0,0,0
"E00142731",0,0,0
"E00142732",5,3,2
"E00142733",4,2,2
"E00142734",0,0,0
"E00142735",5,1,4
"E00142736",3,1,2
"E00142737",6,5,1
"E00142738",0,0,0
"E00142739",1,0,1
"E00142740",6,4,2
"E00142741",5,4,1
"E00142742",1,0,1
"E00142743",2,1,1
"E00142744",6,2,4
"E00142745",0,0,0
"E00142746",2,1,1
"E00142747",5,5,0
"E00142748",2,2,0
"E00142749",4,3,1
"E00142750",1,0,1
"E00142751",6,4,2
"E00142752",0,0,0
"E00142753",0,0,0
"E00142754",1,0,1
"E00142755",2,1,1
"E00142756",0,0,0
"E00142757",7,3,4
"E00142758",7,4,3
"E00142759",0,0,0
"E00142760",1,0,1
"E00142761",2,2,0
"E00142762",1,1,0
"E00142763",0,0,0
"E00142764",0,0,0
"E00142765",1,1,0
"E00142766",5,1,4
"E00142767",0,0,0
"E00142768",4,1,3
"E00142769",10,2,8
"E00142770",7,4,3
"E00142771",1,1,0
"E00142772",8,2,6
"E00142773",3,1,2
"E00142774",0,0,0
"E00142775",3,2,1
"E00142776",4,3,1
"E00142777",8,6,2
"E00142778",6,4,2
"E00142779",5,1,4
"E00142780",15,8,7
"E00142781",8,5,3
"E00142782",11,6,5
"E00142783",13,5,8
"E00142784",12,3,9
"E00142785",1,0,1
"E00142786",0,0,0
"E00142787",2,1,1
"E00142788",4,3,1
"E00142789",1,1,0
"E00142790",1,0,1
"E00142791",3,1,2
"E00142792",8,5,3
"E00142793",1,0,1
"E00142794",1,0,1
"E00142795",4,1,3
"E00142796",0,0,0
"E00142797",0,0,0
"E00142798",0,0,0
"E00142799",0,0,0
"E00142800",3,1,2
"E00142801",1,1,0
"E00142802",0,0,0
"E00142803",3,1,2
"E00142804",4,2,2
"E00142805",2,1,1
"E00142806",1,1,0
"E00142807",0,0,0
"E00142808",3,2,1
"E00142809",0,0,0
"E00142810",1,1,0
"E00142811",2,1,1
"E00142812",5,1,4
"E00142813",0,0,0
"E00142814",1,0,1
"E00142815",2,0,2
"E00142816",0,0,0
"E00142817",0,0,0
"E00142818",0,0,0
"E00142819",4,3,1
"E00142820",3,2,1
"E00142821",5,2,3
"E00142822",10,7,3
"E00142823",4,2,2
"E00142824",4,2,2
"E00142825",2,1,1
"E00142826",4,2,2
"E00142827",2,0,2
"E00142828",7,2,5
"E00142829",6,3,3
"E00142830",0,0,0
"E00142831",3,1,2
"E00142832",8,3,5
"E00142833",5,0,5
"E00142834",3,2,1
"E00142835",17,10,7
"E00142836",1,0,1
"E00142837",8,3,5
"E00142838",6,2,4
"E00142839",1,0,1
"E00142840",12,5,7
"E00142841",5,3,2
"E00142843",3,0,3
"E00142844",5,5,0
"E00142845",2,1,1
"E00142846",14,10,4
"E00142847",5,1,4
"E00142849",12,4,8
"E00142850",14,7,7
"E00142851",4,3,1
"E00142852",6,1,5
"E00142853",7,5,2
"E00142854",8,2,6
"E00142855",1,1,0
"E00142856",10,3,7
"E00142857",1,1,0
"E00142858",3,1,2
"E00142859",7,2,5
"E00142860",6,4,2
"E00142861",2,1,1
"E00142862",5,2,3
"E00142863",4,2,2
"E00142864",0,0,0
"E00142865",11,4,7
"E00142866",4,2,2
"E00142867",1,1,0
"E00142868",1,1,0
"E00142869",2,2,0
"E00142870",8,3,5
"E00142871",3,1,2
"E00142873",4,1,3
"E00142874",4,0,4
"E00142875",0,0,0
"E00142876",3,3,0
"E00142877",0,0,0
"E00142878",1,1,0
"E00142879",1,0,1
"E00142880",1,0,1
"E00142882",1,0,1
"E00142883",1,1,0
"E00142884",3,1,2
"E00142885",2,2,0
"E00142886",0,0,0
"E00142887",4,2,2
"E00142888",3,2,1
"E00142889",4,2,2
"E00142891",3,1,2
"E00142892",1,1,0
"E00142893",1,1,0
"E00142894",1,0,1
"E00142895",2,1,1
"E00142896",0,0,0
"E00142897",1,1,0
"E00142898",2,2,0
"E00142899",0,0,0
"E00142901",3,2,1
"E00142902",0,0,0
"E00142903",0,0,0
"E00142904",1,0,1
"E00142905",0,0,0
"E00142906",2,2,0
"E00142907",10,1,9
"E00142909",2,2,0
"E00142910",6,2,4
"E00142911",2,1,1
"E00142913",3,2,1
"E00142914",7,3,4
"E00142916",3,3,0
"E00142917",7,1,6
"E00142918",2,1,1
"E00142919",0,0,0
"E00142920",2,1,1
"E00142921",0,0,0
"E00142922",7,2,5
"E00142923",1,1,0
"E00142924",0,0,0
"E00142925",2,1,1
"E00142926",5,4,1
"E00142927",1,0,1
"E00142928",5,4,1
"E00142929",0,0,0
"E00142930",4,2,2
"E00142931",8,4,4
"E00142932",5,5,0
"E00142933",6,1,5
"E00142934",2,1,1
"E00142935",0,0,0
"E00142936",1,1,0
"E00142937",1,1,0
"E00142938",4,2,2
"E00142939",7,3,4
"E00142940",7,4,3
"E00142941",0,0,0
"E00142942",4,1,3
"E00142943",1,0,1
"E00142944",0,0,0
"E00142945",1,1,0
"E00142946",1,0,1
"E00142947",2,0,2
"E00142948",0,0,0
"E00142949",4,2,2
"E00142950",9,5,4
"E00142951",0,0,0
"E00142952",1,1,0
"E00142953",1,1,0
"E00142954",6,4,2
"E00142956",1,1,0
"E00142957",0,0,0
"E00142958",4,2,2
"E00142959",0,0,0
"E00142960",3,0,3
"E00142961",2,1,1
"E00142962",1,1,0
"E00142963",0,0,0
"E00142964",2,0,2
"E00142965",0,0,0
"E00142966",1,1,0
"E00142967",3,1,2
"E00142968",0,0,0
"E00142969",8,3,5
"E00142970",5,4,1
"E00142971",1,0,1
"E00142972",1,1,0
"E00142973",1,1,0
"E00142974",1,0,1
"E00142975",1,0,1
"E00142976",2,1,1
"E00142977",13,9,4
"E00142978",0,0,0
"E00142979",4,2,2
"E00142980",5,3,2
"E00142981",5,2,3
"E00142982",7,3,4
"E00142983",0,0,0
"E00142984",8,5,3
"E00142985",1,0,1
"E00142986",1,1,0
"E00142987",2,0,2
"E00142988",4,3,1
"E00142989",8,3,5
"E00142990",7,4,3
"E00142991",9,5,4
"E00142992",5,2,3
"E00142993",7,3,4
"E00142994",4,1,3
"E00142995",4,4,0
"E00142996",2,2,0
"E00142997",4,1,3
"E00142998",2,2,0
"E00142999",6,4,2
"E00143000",1,0,1
"E00143001",2,0,2
"E00143002",2,1,1
"E00143003",0,0,0
"E00143004",1,1,0
"E00143005",1,0,1
"E00143006",0,0,0
"E00143007",2,1,1
"E00143008",0,0,0
"E00143009",0,0,0
"E00143011",1,0,1
"E00143012",1,1,0
"E00143013",2,2,0
"E00143014",0,0,0
"E00143016",1,1,0
"E00143017",2,1,1
"E00143018",0,0,0
"E00143019",1,0,1
"E00143020",0,0,0
"E00143021",2,1,1
"E00143022",3,2,1
"E00143023",0,0,0
"E00143024",3,1,2
"E00143025",0,0,0
"E00143026",1,1,0
"E00143027",1,0,1
"E00143028",0,0,0
"E00143029",4,1,3
"E00143030",5,3,2
"E00143031",3,2,1
"E00143032",5,3,2
"E00143033",5,3,2
"E00143034",6,4,2
"E00143035",4,1,3
"E00143036",0,0,0
"E00143037",0,0,0
"E00143038",1,1,0
"E00143039",3,2,1
"E00143040",3,1,2
"E00143041",2,0,2
"E00143042",0,0,0
"E00143043",1,1,0
"E00143044",1,1,0
"E00143045",0,0,0
"E00143046",5,2,3
"E00143047",3,0,3
"E00143048",4,3,1
"E00143049",4,1,3
"E00143050",6,4,2
"E00143051",3,3,0
"E00143052",1,0,1
"E00143053",6,4,2
"E00143054",0,0,0
"E00143055",4,3,1
"E00143056",1,0,1
"E00143057",2,0,2
"E00143058",3,3,0
"E00143059",1,0,1
"E00143060",0,0,0
"E00143061",2,2,0
"E00143062",5,1,4
"E00143063",2,0,2
"E00143064",6,3,3
"E00143065",0,0,0
"E00143066",2,0,2
"E00143067",5,3,2
"E00143068",4,3,1
"E00143069",1,0,1
"E00143070",8,5,3
"E00143071",1,0,1
"E00143072",3,0,3
"E00143073",0,0,0
"E00143074",10,2,8
"E00143075",0,0,0
"E00143076",7,3,4
"E00143077",3,0,3
"E00143078",4,2,2
"E00143079",0,0,0
"E00143080",4,2,2
"E00143081",0,0,0
"E00143082",2,0,2
"E00143083",3,3,0
"E00143084",0,0,0
"E00143085",0,0,0
"E00143086",2,2,0
"E00143087",4,2,2
"E00143088",0,0,0
"E00143089",1,1,0
"E00143090",3,2,1
"E00143091",0,0,0
"E00143092",1,1,0
"E00143093",1,0,1
"E00143094",11,4,7
"E00143095",6,2,4
"E00143096",0,0,0
"E00143097",0,0,0
"E00143098",0,0,0
"E00143099",3,1,2
"E00143100",4,4,0
"E00143101",2,1,1
"E00143102",5,1,4
"E00143103",7,4,3
"E00143104",5,2,3
"E00143105",4,1,3
"E00143106",0,0,0
"E00143107",2,1,1
"E00143108",1,0,1
"E00143110",4,0,4
"E00143111",1,0,1
"E00143112",8,7,1
"E00143113",0,0,0
"E00143114",4,2,2
"E00143115",4,3,1
"E00143116",8,4,4
"E00143117",13,9,4
"E00143118",8,5,3
"E00143119",1,0,1
"E00143120",4,2,2
"E00143121",11,2,9
"E00143122",3,1,2
"E00143123",6,3,3
"E00143124",9,5,4
"E00143125",3,0,3
"E00143126",5,4,1
"E00143127",5,4,1
"E00143128",2,2,0
"E00143129",10,7,3
"E00143130",2,1,1
"E00143131",6,5,1
"E00143132",2,1,1
"E00143133",4,3,1
"E00143134",4,3,1
"E00143135",4,4,0
"E00143136",6,3,3
"E00143137",6,4,2
"E00143138",12,8,4
"E00143139",6,1,5
"E00143140",9,6,3
"E00143141",2,1,1
"E00143142",3,3,0
"E00143143",4,2,2
"E00143144",1,1,0
"E00143145",2,1,1
"E00143146",2,1,1
"E00143147",0,0,0
"E00143148",0,0,0
"E00143149",3,3,0
"E00143150",4,2,2
"E00143151",8,3,5
"E00143152",1,1,0
"E00143153",2,2,0
"E00143154",8,3,5
"E00143155",8,3,5
"E00143156",12,4,8
"E00143157",3,2,1
"E00143158",3,2,1
"E00143159",4,2,2
"E00143160",5,1,4
"E00143161",6,4,2
"E00143162",0,0,0
"E00143163",7,2,5
"E00143164",10,6,4
"E00143165",4,1,3
"E00143166",1,0,1
"E00143167",6,3,3
"E00143168",3,2,1
"E00143169",5,1,4
"E00143170",0,0,0
"E00143171",4,2,2
"E00143172",2,1,1
"E00143173",5,4,1
"E00143174",1,1,0
"E00143175",6,4,2
"E00143176",5,1,4
"E00143177",0,0,0
"E00143178",1,0,1
"E00143179",1,1,0
"E00143180",1,1,0
"E00143181",4,2,2
"E00143182",14,11,3
"E00143183",11,5,6
"E00143184",6,3,3
"E00143185",4,1,3
"E00143186",2,1,1
"E00143187",17,9,8
"E00143188",3,0,3
"E00143189",0,0,0
"E00143190",0,0,0
"E00143191",6,4,2
"E00143192",6,3,3
"E00143193",0,0,0
"E00143194",1,1,0
"E00143195",7,4,3
"E00143196",6,4,2
"E00143197",0,0,0
"E00143198",2,1,1
"E00143199",6,4,2
"E00143200",7,4,3
"E00143201",6,3,3
"E00143202",5,3,2
"E00143203",6,1,5
"E00143204",6,1,5
"E00143205",1,0,1
"E00143206",6,2,4
"E00143207",2,0,2
"E00143208",5,2,3
"E00143209",0,0,0
"E00143210",3,1,2
"E00143211",0,0,0
"E00143212",2,2,0
"E00143213",4,2,2
"E00143214",1,0,1
"E00143215",0,0,0
"E00143216",6,3,3
"E00143217",1,1,0
"E00143218",1,0,1
"E00143219",0,0,0
"E00143220",10,8,2
"E00143221",6,2,4
"E00143222",2,1,1
"E00143224",3,2,1
"E00143226",0,0,0
"E00143227",2,0,2
"E00143228",1,0,1
"E00143229",0,0,0
"E00143230",0,0,0
"E00143231",4,2,2
"E00143232",4,3,1
"E00143233",2,1,1
"E00143234",4,3,1
"E00143235",1,0,1
"E00143236",0,0,0
"E00143237",1,0,1
"E00143238",0,0,0
"E00143239",1,1,0
"E00143240",3,1,2
"E00143241",0,0,0
"E00143242",3,1,2
"E00143243",1,0,1
"E00143244",1,0,1
"E00143245",0,0,0
"E00143246",4,3,1
"E00143247",1,0,1
"E00143248",2,2,0
"E00143249",1,1,0
"E00143250",1,1,0
"E00143251",1,0,1
"E00143252",1,0,1
"E00143253",1,0,1
"E00143254",3,3,0
"E00143255",0,0,0
"E00143256",7,3,4
"E00143257",0,0,0
"E00143258",3,0,3
"E00143259",3,2,1
"E00143260",2,0,2
"E00143261",1,1,0
"E00143262",7,4,3
"E00143263",1,0,1
"E00143264",0,0,0
"E00143265",1,0,1
"E00143266",0,0,0
"E00143267",0,0,0
"E00143268",2,2,0
"E00143269",3,2,1
"E00143270",3,2,1
"E00143271",0,0,0
"E00143272",2,1,1
"E00143273",2,1,1
"E00143274",3,0,3
"E00143275",1,0,1
"E00143276",2,1,1
"E00143277",2,1,1
"E00143279",10,6,4
"E00143280",7,3,4
"E00143281",9,6,3
"E00143282",3,0,3
"E00143283",2,1,1
"E00143284",2,1,1
"E00143285",4,2,2
"E00143286",2,0,2
"E00143287",1,1,0
"E00143288",4,3,1
"E00143289",1,1,0
"E00143290",6,3,3
"E00143291",6,3,3
"E00143292",5,1,4
"E00143293",16,8,8
"E00143295",2,2,0
"E00143296",0,0,0
"E00143297",4,2,2
"E00143298",0,0,0
"E00143299",2,2,0
"E00143300",4,0,4
"E00143301",6,2,4
"E00143302",2,2,0
"E00143303",1,1,0
"E00143304",4,2,2
"E00143305",6,5,1
"E00143306",3,2,1
"E00143307",0,0,0
"E00143308",1,1,0
"E00143309",0,0,0
"E00143310",1,1,0
"E00143311",0,0,0
"E00143312",0,0,0
"E00143313",1,0,1
"E00143314",1,1,0
"E00143315",0,0,0
"E00143316",1,0,1
"E00143317",3,2,1
"E00143318",0,0,0
"E00143319",2,1,1
"E00143320",2,0,2
"E00143321",0,0,0
"E00143322",7,5,2
"E00143323",7,2,5
"E00143324",1,0,1
"E00143325",3,0,3
"E00143326",1,0,1
"E00143327",4,4,0
"E00143328",1,1,0
"E00143329",4,1,3
"E00143330",8,6,2
"E00143331",2,0,2
"E00143332",0,0,0
"E00143333",4,2,2
"E00143334",5,4,1
"E00143335",2,0,2
"E00143336",7,4,3
"E00143337",3,2,1
"E00143338",11,5,6
"E00143339",7,6,1
"E00143340",0,0,0
"E00143341",4,3,1
"E00143342",3,2,1
"E00143343",1,0,1
"E00143344",4,2,2
"E00143345",4,1,3
"E00143346",2,0,2
"E00143347",1,1,0
"E00143348",5,3,2
"E00143349",2,2,0
"E00143350",0,0,0
"E00143351",0,0,0
"E00143352",3,1,2
"E00143353",3,3,0
"E00143354",0,0,0
"E00143355",1,1,0
"E00143356",0,0,0
"E00143357",5,3,2
"E00143358",2,2,0
"E00143359",0,0,0
"E00143360",8,5,3
"E00143361",0,0,0
"E00143362",2,1,1
"E00143363",12,5,7
"E00143364",7,4,3
"E00143365",7,3,4
"E00143366",6,6,0
"E00143367",4,1,3
"E00143368",2,1,1
"E00143369",3,1,2
"E00143370",3,1,2
"E00143372",12,7,5
"E00143373",0,0,0
"E00143374",3,1,2
"E00143375",12,6,6
"E00143376",0,0,0
"E00143377",5,4,1
"E00143378",4,2,2
"E00143379",5,2,3
"E00143380",2,0,2
"E00143381",11,5,6
"E00143382",12,5,7
"E00143383",8,5,3
"E00143384",4,0,4
"E00143385",3,1,2
"E00143386",5,1,4
"E00143387",4,3,1
"E00143388",4,2,2
"E00143389",2,1,1
"E00143391",0,0,0
"E00143392",2,1,1
"E00143393",2,0,2
"E00143394",3,3,0
"E00143395",6,2,4
"E00143396",0,0,0
"E00143397",0,0,0
"E00143398",7,2,5
"E00143399",1,0,1
"E00143400",4,2,2
"E00143401",1,0,1
"E00143402",0,0,0
"E00143403",3,1,2
"E00143404",2,0,2
"E00143405",0,0,0
"E00143406",2,0,2
"E00143407",1,0,1
"E00143409",4,2,2
"E00143410",1,1,0
"E00143411",0,0,0
"E00143412",7,4,3
"E00143413",2,1,1
"E00143414",4,0,4
"E00143415",3,1,2
"E00143416",2,2,0
"E00143417",1,0,1
"E00143418",4,2,2
"E00143419",1,0,1
"E00143420",3,2,1
"E00143421",0,0,0
"E00143422",6,3,3
"E00143423",6,2,4
"E00143424",8,5,3
"E00143425",3,1,2
"E00143426",5,2,3
"E00143427",4,2,2
"E00143428",3,0,3
"E00143429",5,2,3
"E00143430",0,0,0
"E00143431",5,3,2
"E00143432",0,0,0
"E00143433",6,3,3
"E00143434",0,0,0
"E00143435",0,0,0
"E00143436",2,1,1
"E00143437",0,0,0
"E00143438",6,2,4
"E00143439",7,5,2
"E00143440",8,3,5
"E00143441",3,2,1
"E00143442",2,0,2
"E00143443",6,2,4
"E00143444",1,0,1
"E00143445",1,0,1
"E00143446",5,2,3
"E00143447",2,0,2
"E00143448",3,2,1
"E00143449",5,2,3
"E00143450",2,1,1
"E00143451",4,2,2
"E00143452",2,1,1
"E00143453",2,0,2
"E00143454",4,2,2
"E00143455",1,1,0
"E00143456",0,0,0
"E00143457",1,1,0
"E00143458",4,0,4
"E00143459",1,0,1
"E00143460",2,1,1
"E00143461",5,3,2
"E00143462",1,1,0
"E00143463",5,5,0
"E00143464",5,4,1
"E00143465",0,0,0
"E00143466",1,0,1
"E00143467",1,1,0
"E00143468",0,0,0
"E00143469",0,0,0
"E00143470",0,0,0
"E00143471",2,2,0
"E00143472",4,2,2
"E00143473",3,2,1
"E00143474",2,1,1
"E00143475",3,2,1
"E00143476",2,1,1
"E00143477",0,0,0
"E00143478",7,4,3
"E00143479",1,0,1
"E00143480",1,0,1
"E00143481",1,0,1
"E00143482",1,0,1
"E00143483",7,3,4
"E00143484",1,0,1
"E00143485",0,0,0
"E00143486",1,1,0
"E00143487",3,1,2
"E00143488",6,2,4
"E00143489",1,0,1
"E00143490",0,0,0
"E00143491",3,2,1
"E00143492",1,0,1
"E00143493",0,0,0
"E00143494",3,0,3
"E00143495",2,1,1
"E00143496",3,0,3
"E00143497",0,0,0
"E00143498",0,0,0
"E00143499",0,0,0
"E00143500",3,2,1
"E00143501",4,4,0
"E00143502",3,0,3
"E00143503",0,0,0
"E00143504",1,1,0
"E00143505",3,1,2
"E00143506",0,0,0
"E00143507",0,0,0
"E00143508",0,0,0
"E00143509",2,2,0
"E00143510",0,0,0
"E00143511",2,1,1
"E00143512",0,0,0
"E00143513",3,1,2
"E00143514",0,0,0
"E00143515",2,2,0
"E00143516",1,1,0
"E00143517",0,0,0
"E00143518",3,1,2
"E00143519",1,0,1
"E00143520",1,0,1
"E00143521",2,1,1
"E00143522",3,2,1
"E00143523",6,4,2
"E00143524",8,5,3
"E00143525",6,4,2
"E00143526",0,0,0
"E00143527",2,0,2
"E00143528",5,3,2
"E00143529",4,2,2
"E00143530",6,3,3
"E00143531",1,1,0
"E00143532",1,1,0
"E00143533",3,1,2
"E00143534",6,4,2
"E00143535",1,1,0
"E00143536",3,1,2
"E00143537",3,1,2
"E00143538",7,4,3
"E00143539",3,2,1
"E00143540",6,2,4
"E00143541",6,4,2
"E00143542",1,1,0
"E00143543",9,5,4
"E00143544",1,1,0
"E00143545",0,0,0
"E00143546",0,0,0
"E00143547",2,0,2
"E00143548",3,2,1
"E00143549",0,0,0
"E00143550",0,0,0
"E00143551",2,1,1
"E00143552",1,0,1
"E00143553",0,0,0
"E00143554",7,4,3
"E00143555",2,2,0
"E00143556",4,1,3
"E00143557",3,1,2
"E00143558",7,4,3
"E00143559",5,2,3
"E00143560",2,2,0
"E00143561",7,1,6
"E00143562",1,0,1
"E00143563",6,4,2
"E00143564",12,4,8
"E00143565",0,0,0
"E00143566",8,4,4
"E00143567",0,0,0
"E00143568",5,2,3
"E00143569",2,2,0
"E00143570",14,8,6
"E00143571",0,0,0
"E00143572",1,0,1
"E00143573",1,1,0
"E00143574",4,2,2
"E00143575",3,3,0
"E00143576",2,0,2
"E00143577",7,3,4
"E00143578",6,4,2
"E00143579",6,4,2
"E00143580",11,7,4
"E00143581",6,3,3
"E00143582",5,1,4
"E00143583",0,0,0
"E00143584",1,0,1
"E00143585",6,3,3
"E00143586",0,0,0
"E00143587",8,2,6
"E00143588",0,0,0
"E00143589",3,2,1
"E00143590",1,1,0
"E00143591",6,3,3
"E00143592",4,2,2
"E00143593",2,1,1
"E00143594",1,1,0
"E00143595",3,1,2
"E00143596",4,2,2
"E00143597",1,1,0
"E00143598",2,2,0
"E00143599",6,2,4
"E00143600",2,1,1
"E00143601",0,0,0
"E00143602",2,1,1
"E00143603",1,0,1
"E00143604",0,0,0
"E00143605",3,1,2
"E00143606",2,1,1
"E00143607",3,0,3
"E00143608",0,0,0
"E00143609",0,0,0
"E00143610",4,3,1
"E00143611",3,2,1
"E00143612",2,1,1
"E00143613",0,0,0
"E00143614",0,0,0
"E00143615",0,0,0
"E00143616",1,0,1
"E00143617",0,0,0
"E00143618",4,1,3
"E00143619",3,2,1
"E00143620",1,0,1
"E00143621",0,0,0
"E00143622",3,0,3
"E00143623",0,0,0
"E00143624",0,0,0
"E00143625",1,0,1
"E00143626",5,3,2
"E00143627",3,1,2
"E00143628",1,0,1
"E00143629",9,5,4
"E00143630",0,0,0
"E00143631",5,1,4
"E00143632",8,3,5
"E00143633",1,0,1
"E00143634",0,0,0
"E00143635",2,1,1
"E00143636",2,1,1
"E00143637",2,2,0
"E00143638",1,1,0
"E00143639",3,2,1
"E00143640",0,0,0
"E00143641",5,3,2
"E00143642",1,0,1
"E00143643",0,0,0
"E00143644",1,0,1
"E00143645",1,0,1
"E00143646",0,0,0
"E00143647",0,0,0
"E00143648",0,0,0
"E00143649",3,1,2
"E00143650",4,3,1
"E00143651",6,1,5
"E00143652",1,0,1
"E00143653",1,0,1
"E00143654",4,0,4
"E00143655",10,5,5
"E00143656",2,1,1
"E00143657",5,3,2
"E00143658",6,2,4
"E00143659",2,1,1
"E00143660",7,3,4
"E00143661",1,1,0
"E00143662",4,4,0
"E00143663",0,0,0
"E00143664",1,1,0
"E00143665",2,1,1
"E00143666",3,2,1
"E00143667",7,3,4
"E00143668",0,0,0
"E00143669",3,3,0
"E00143670",1,1,0
"E00143671",2,2,0
"E00143672",8,4,4
"E00143673",0,0,0
"E00143674",1,1,0
"E00143675",9,3,6
"E00143676",8,5,3
"E00143677",11,10,1
"E00143678",7,2,5
"E00143679",5,2,3
"E00143680",7,2,5
"E00143681",2,0,2
"E00143682",13,8,5
"E00143683",8,5,3
"E00143684",4,4,0
"E00143685",8,3,5
"E00143686",5,4,1
"E00143687",6,3,3
"E00143688",7,4,3
"E00143689",2,0,2
"E00143690",1,1,0
"E00143691",6,0,6
"E00143692",5,3,2
"E00143693",4,3,1
"E00143694",0,0,0
"E00143695",1,0,1
"E00143696",1,1,0
"E00143697",2,0,2
"E00143698",2,0,2
"E00143699",0,0,0
"E00143700",0,0,0
"E00143701",2,0,2
"E00143702",4,3,1
"E00143703",1,0,1
"E00143704",5,1,4
"E00143705",1,1,0
"E00143706",1,1,0
"E00143707",1,1,0
"E00143708",0,0,0
"E00143709",1,0,1
"E00143710",5,0,5
"E00143711",5,3,2
"E00143712",2,1,1
"E00143713",4,2,2
"E00143714",8,3,5
"E00143715",1,0,1
"E00143716",6,1,5
"E00143717",1,0,1
"E00143718",6,3,3
"E00143719",8,5,3
"E00143720",0,0,0
"E00143721",3,3,0
"E00143722",1,1,0
"E00143723",2,1,1
"E00143724",3,0,3
"E00143725",3,2,1
"E00143726",0,0,0
"E00143727",1,0,1
"E00143728",1,1,0
"E00143729",0,0,0
"E00143730",2,1,1
"E00143731",1,1,0
"E00143732",6,5,1
"E00143733",3,3,0
"E00143734",4,0,4
"E00143735",1,1,0
"E00143736",0,0,0
"E00143737",0,0,0
"E00143738",0,0,0
"E00143739",5,3,2
"E00143740",4,3,1
"E00143741",2,0,2
"E00143742",6,3,3
"E00143743",1,0,1
"E00143744",1,1,0
"E00143745",10,7,3
"E00143746",3,1,2
"E00143747",10,6,4
"E00143748",2,0,2
"E00143749",8,4,4
"E00143750",15,6,9
"E00143751",1,1,0
"E00143752",1,1,0
"E00143753",7,6,1
"E00143754",1,0,1
"E00143755",4,2,2
"E00143756",4,3,1
"E00143757",7,2,5
"E00143758",3,2,1
"E00143759",13,7,6
"E00143760",11,3,8
"E00143761",0,0,0
"E00143762",5,1,4
"E00143763",9,4,5
"E00143764",7,2,5
"E00143765",12,5,7
"E00143766",3,2,1
"E00143767",10,1,9
"E00143768",7,2,5
"E00143769",2,0,2
"E00143770",8,4,4
"E00143771",11,6,5
"E00143772",2,1,1
"E00143773",8,5,3
"E00143774",2,0,2
"E00143775",7,3,4
"E00143776",4,0,4
"E00143778",2,2,0
"E00143779",7,3,4
"E00143780",2,1,1
"E00143781",3,3,0
"E00143782",2,1,1
"E00143783",3,1,2
"E00143785",7,2,5
"E00143786",6,4,2
"E00143787",4,3,1
"E00143788",7,6,1
"E00143789",7,4,3
"E00143790",2,2,0
"E00143791",0,0,0
"E00143792",6,3,3
"E00143793",5,3,2
"E00143794",3,2,1
"E00143795",1,0,1
"E00143796",3,1,2
"E00143797",3,1,2
"E00143798",4,3,1
"E00143799",1,0,1
"E00143800",2,1,1
"E00143801",0,0,0
"E00143802",1,1,0
"E00143803",3,1,2
"E00143805",4,3,1
"E00143806",5,3,2
"E00143808",2,1,1
"E00143809",1,1,0
"E00143810",1,1,0
"E00143811",9,7,2
"E00143812",3,2,1
"E00143813",0,0,0
"E00143814",2,0,2
"E00143815",0,0,0
"E00143816",1,0,1
"E00143817",0,0,0
"E00143818",8,6,2
"E00143819",0,0,0
"E00143820",0,0,0
"E00143822",0,0,0
"E00143824",0,0,0
"E00143825",3,1,2
"E00143826",2,2,0
"E00143827",0,0,0
"E00143828",2,0,2
"E00143829",0,0,0
"E00143830",1,1,0
"E00143831",5,1,4
"E00143832",0,0,0
"E00143833",0,0,0
"E00143834",1,1,0
"E00143835",0,0,0
"E00143836",3,0,3
"E00143837",0,0,0
"E00143838",0,0,0
"E00143839",0,0,0
"E00143840",0,0,0
"E00143841",2,0,2
"E00143842",0,0,0
"E00143843",0,0,0
"E00143844",1,1,0
"E00143845",3,2,1
"E00143846",1,1,0
"E00143847",1,0,1
"E00143848",2,1,1
"E00143849",5,4,1
"E00143850",1,0,1
"E00143851",0,0,0
"E00143852",3,1,2
"E00143853",1,0,1
"E00143854",1,1,0
"E00143855",4,2,2
"E00143856",0,0,0
"E00143857",6,4,2
"E00143858",6,3,3
"E00143859",5,2,3
"E00143860",3,2,1
"E00143861",1,0,1
"E00143862",0,0,0
"E00143863",4,1,3
"E00143864",0,0,0
"E00143865",1,0,1
"E00143866",1,1,0
"E00143867",3,0,3
"E00143868",0,0,0
"E00143869",2,0,2
"E00143870",6,3,3
"E00143872",3,2,1
"E00143873",2,2,0
"E00143874",0,0,0
"E00143875",0,0,0
"E00143876",1,0,1
"E00143877",1,1,0
"E00143878",3,1,2
"E00143879",3,2,1
"E00143880",2,1,1
"E00143881",2,1,1
"E00143882",4,1,3
"E00143883",6,1,5
"E00143884",1,0,1
"E00143885",3,3,0
"E00143886",9,5,4
"E00143887",6,4,2
"E00143888",0,0,0
"E00143890",2,1,1
"E00143891",4,2,2
"E00143892",0,0,0
"E00143893",5,3,2
"E00143894",2,1,1
"E00143895",2,0,2
"E00143896",0,0,0
"E00143897",1,0,1
"E00143898",9,6,3
"E00143899",1,1,0
"E00143900",1,1,0
"E00143901",2,0,2
"E00143902",4,3,1
"E00143903",3,0,3
"E00143904",1,1,0
"E00143905",0,0,0
"E00143906",2,2,0
"E00143907",3,1,2
"E00143908",0,0,0
"E00143909",5,2,3
"E00143910",8,3,5
"E00143911",1,1,0
"E00143912",2,0,2
"E00143913",5,2,3
"E00143914",1,0,1
"E00143915",2,2,0
"E00143916",1,1,0
"E00143917",2,1,1
"E00143918",0,0,0
"E00143919",1,1,0
"E00143920",1,1,0
"E00143921",0,0,0
"E00143922",3,0,3
"E00143923",0,0,0
"E00143924",0,0,0
"E00143925",5,5,0
"E00143926",2,1,1
"E00143927",0,0,0
"E00143928",4,0,4
"E00143929",2,0,2
"E00143930",2,1,1
"E00143931",1,1,0
"E00143932",3,2,1
"E00143933",4,3,1
"E00143934",4,2,2
"E00143935",8,4,4
"E00143936",1,0,1
"E00143937",2,1,1
"E00143938",6,3,3
"E00143939",1,1,0
"E00143940",6,3,3
"E00143941",0,0,0
"E00143942",4,4,0
"E00143943",0,0,0
"E00143944",7,5,2
"E00143946",5,3,2
"E00143947",2,2,0
"E00143948",6,2,4
"E00143949",1,0,1
"E00143950",9,5,4
"E00143951",1,1,0
"E00143952",2,1,1
"E00143953",3,1,2
"E00143954",1,0,1
"E00143955",2,0,2
"E00143956",4,1,3
"E00143957",1,0,1
"E00143958",4,1,3
"E00143959",7,4,3
"E00143960",1,1,0
"E00143961",2,1,1
"E00143962",1,0,1
"E00143963",5,0,5
"E00143964",2,1,1
"E00143965",0,0,0
"E00143966",6,1,5
"E00143967",3,2,1
"E00143968",0,0,0
"E00143969",5,4,1
"E00143970",6,2,4
"E00143971",1,0,1
"E00143972",0,0,0
"E00143973",2,1,1
"E00143974",2,1,1
"E00143975",1,0,1
"E00143976",1,0,1
"E00143977",3,2,1
"E00143978",1,0,1
"E00143979",2,1,1
"E00143980",2,2,0
"E00143981",0,0,0
"E00143982",2,0,2
"E00143983",0,0,0
"E00143984",0,0,0
"E00143985",1,1,0
"E00143986",1,0,1
"E00143987",6,5,1
"E00143988",1,1,0
"E00143989",1,1,0
"E00143990",4,3,1
"E00143991",3,3,0
"E00143992",0,0,0
"E00143993",1,1,0
"E00143994",7,0,7
"E00143995",3,2,1
"E00143996",3,1,2
"E00143997",2,2,0
"E00143998",6,2,4
"E00143999",4,4,0
"E00144000",5,3,2
"E00144001",1,1,0
"E00144002",8,3,5
"E00144003",0,0,0
"E00144004",0,0,0
"E00144005",1,1,0
"E00144006",1,1,0
"E00144007",3,0,3
"E00144008",2,2,0
"E00144009",6,0,6
"E00144010",3,1,2
"E00144011",0,0,0
"E00144012",2,1,1
"E00144013",2,1,1
"E00144014",2,0,2
"E00144015",3,3,0
"E00144016",5,3,2
"E00144017",5,2,3
"E00144018",4,3,1
"E00144019",0,0,0
"E00144020",4,1,3
"E00144021",0,0,0
"E00144022",3,2,1
"E00144023",3,1,2
"E00144024",1,1,0
"E00144025",2,1,1
"E00144026",1,0,1
"E00144027",2,0,2
"E00144028",6,1,5
"E00144029",0,0,0
"E00144030",3,2,1
"E00144031",3,2,1
"E00144032",4,2,2
"E00144033",5,2,3
"E00144034",0,0,0
"E00144035",0,0,0
"E00144036",1,0,1
"E00144037",1,0,1
"E00144038",13,4,9
"E00144039",1,1,0
"E00144040",9,3,6
"E00144041",6,3,3
"E00144042",7,4,3
"E00144043",7,4,3
"E00144044",6,3,3
"E00144045",1,0,1
"E00144046",1,0,1
"E00144047",7,5,2
"E00144048",2,1,1
"E00144049",1,1,0
"E00144050",4,2,2
"E00144051",6,4,2
"E00144052",2,1,1
"E00144053",2,1,1
"E00144054",0,0,0
"E00144055",1,1,0
"E00144056",0,0,0
"E00144057",1,0,1
"E00144058",3,0,3
"E00144059",3,2,1
"E00144060",4,1,3
"E00144061",2,1,1
"E00144062",0,0,0
"E00144063",2,0,2
"E00144064",2,1,1
"E00144065",4,3,1
"E00144066",2,2,0
"E00144067",4,2,2
"E00144068",2,2,0
"E00144069",2,1,1
"E00144070",1,1,0
"E00144071",1,0,1
"E00144072",0,0,0
"E00144073",2,1,1
"E00144074",0,0,0
"E00144075",2,2,0
"E00144076",4,3,1
"E00144077",4,2,2
"E00144078",1,1,0
"E00144079",0,0,0
"E00144080",9,4,5
"E00144081",0,0,0
"E00144082",0,0,0
"E00144083",2,1,1
"E00144084",6,2,4
"E00144085",5,2,3
"E00144086",0,0,0
"E00144087",3,1,2
"E00144088",0,0,0
"E00144089",2,2,0
"E00144090",1,0,1
"E00144091",1,0,1
"E00144092",0,0,0
"E00144093",5,2,3
"E00144094",0,0,0
"E00144095",0,0,0
"E00144096",8,4,4
"E00144097",6,4,2
"E00144098",2,0,2
"E00144099",6,4,2
"E00144100",1,1,0
"E00144101",2,0,2
"E00144102",2,1,1
"E00144103",1,0,1
"E00144104",1,0,1
"E00144106",7,3,4
"E00144107",3,0,3
"E00144108",5,4,1
"E00144109",3,2,1
"E00144110",5,2,3
"E00144111",0,0,0
"E00144112",1,0,1
"E00144113",4,2,2
"E00144114",1,1,0
"E00144115",5,3,2
"E00144116",6,2,4
"E00144117",1,1,0
"E00144118",3,2,1
"E00144119",0,0,0
"E00144120",4,1,3
"E00144121",0,0,0
"E00144122",1,0,1
"E00144123",0,0,0
"E00144124",0,0,0
"E00144125",0,0,0
"E00144126",2,2,0
"E00144127",0,0,0
"E00144128",0,0,0
"E00144129",7,3,4
"E00144130",3,2,1
"E00144131",1,0,1
"E00144132",2,2,0
"E00144133",2,0,2
"E00144134",1,0,1
"E00144135",5,3,2
"E00144136",1,0,1
"E00144137",5,3,2
"E00144138",1,0,1
"E00144139",4,3,1
"E00144140",6,5,1
"E00144141",3,2,1
"E00144142",6,3,3
"E00144143",1,0,1
"E00144144",6,4,2
"E00144145",7,3,4
"E00144146",0,0,0
"E00144147",1,1,0
"E00144148",1,0,1
"E00144149",3,1,2
"E00144150",2,0,2
"E00144151",1,0,1
"E00144152",1,0,1
"E00144153",4,2,2
"E00144155",3,0,3
"E00144156",6,4,2
"E00144158",5,4,1
"E00144159",1,1,0
"E00144160",8,3,5
"E00144161",2,1,1
"E00144162",0,0,0
"E00144163",1,1,0
"E00144164",0,0,0
"E00144165",1,0,1
"E00144166",0,0,0
"E00144167",4,2,2
"E00144168",3,2,1
"E00144169",1,1,0
"E00144170",1,0,1
"E00144171",1,0,1
"E00144172",0,0,0
"E00144173",3,1,2
"E00144174",10,5,5
"E00144175",1,1,0
"E00144176",1,1,0
"E00144177",0,0,0
"E00144178",5,3,2
"E00144179",2,1,1
"E00144180",1,1,0
"E00144181",1,0,1
"E00144182",0,0,0
"E00144183",1,1,0
"E00144184",0,0,0
"E00144185",3,1,2
"E00144186",4,4,0
"E00144187",5,0,5
"E00144188",5,2,3
"E00144189",3,1,2
"E00144190",0,0,0
"E00144191",3,3,0
"E00144192",3,2,1
"E00144193",0,0,0
"E00144194",4,4,0
"E00144195",6,3,3
"E00144196",4,2,2
"E00144197",2,1,1
"E00144198",3,0,3
"E00144199",3,1,2
"E00144200",2,1,1
"E00144201",4,2,2
"E00144202",2,1,1
"E00144203",3,3,0
"E00144204",2,0,2
"E00144205",3,2,1
"E00144206",3,2,1
"E00144207",0,0,0
"E00144208",1,1,0
"E00144209",8,2,6
"E00144210",1,1,0
"E00144211",4,2,2
"E00144212",0,0,0
"E00144213",6,2,4
"E00144214",3,1,2
"E00144215",1,1,0
"E00144216",6,5,1
"E00144217",4,4,0
"E00144218",5,2,3
"E00144219",1,1,0
"E00144220",1,0,1
"E00144221",1,0,1
"E00144222",0,0,0
"E00144223",4,2,2
"E00144224",4,2,2
"E00144225",6,1,5
"E00144226",5,3,2
"E00144227",3,3,0
"E00144228",2,2,0
"E00144229",4,2,2
"E00144230",5,2,3
"E00144231",1,1,0
"E00144232",0,0,0
"E00144233",0,0,0
"E00144234",2,0,2
"E00144235",1,1,0
"E00144236",1,0,1
"E00144237",5,2,3
"E00144238",0,0,0
"E00144239",0,0,0
"E00144240",3,3,0
"E00144241",4,0,4
"E00144242",1,1,0
"E00144243",2,1,1
"E00144244",5,2,3
"E00144245",4,2,2
"E00144246",4,3,1
"E00144247",6,3,3
"E00144248",2,0,2
"E00144249",11,5,6
"E00144250",11,6,5
"E00144251",5,4,1
"E00144252",16,4,12
"E00144253",7,2,5
"E00144254",2,0,2
"E00144255",11,9,2
"E00144256",4,2,2
"E00144257",3,2,1
"E00144258",2,2,0
"E00144259",1,1,0
"E00144260",2,1,1
"E00144261",10,6,4
"E00144263",1,0,1
"E00144264",2,1,1
"E00144265",1,1,0
"E00144266",11,4,7
"E00144267",6,2,4
"E00144268",1,1,0
"E00144269",4,3,1
"E00144270",7,4,3
"E00144271",4,2,2
"E00144272",1,0,1
"E00144273",4,3,1
"E00144274",4,2,2
"E00144275",9,4,5
"E00144276",3,1,2
"E00144277",5,2,3
"E00144278",0,0,0
"E00144279",2,1,1
"E00144280",1,0,1
"E00144281",3,1,2
"E00144282",4,0,4
"E00144283",1,1,0
"E00144284",4,2,2
"E00144285",0,0,0
"E00144286",0,0,0
"E00144287",1,0,1
"E00144288",2,2,0
"E00144289",3,1,2
"E00144290",1,1,0
"E00144291",2,0,2
"E00144292",10,7,3
"E00144293",0,0,0
"E00144294",0,0,0
"E00144295",4,2,2
"E00144296",0,0,0
"E00144297",3,2,1
"E00144298",1,0,1
"E00144299",0,0,0
"E00144300",1,0,1
"E00144301",0,0,0
"E00144302",2,1,1
"E00144303",5,2,3
"E00144304",4,1,3
"E00144305",3,1,2
"E00144306",6,2,4
"E00144308",1,1,0
"E00144309",3,2,1
"E00144310",1,1,0
"E00144311",1,0,1
"E00144312",1,0,1
"E00144313",0,0,0
"E00144314",1,0,1
"E00144315",1,1,0
"E00144316",2,1,1
"E00144317",0,0,0
"E00144318",1,0,1
"E00144320",7,5,2
"E00144321",0,0,0
"E00144322",11,6,5
"E00144323",6,0,6
"E00144324",1,1,0
"E00144325",3,1,2
"E00144326",5,1,4
"E00144327",6,3,3
"E00144328",2,0,2
"E00144329",3,0,3
"E00144330",4,1,3
"E00144331",1,0,1
"E00144332",2,0,2
"E00144333",8,3,5
"E00144334",4,2,2
"E00144335",10,5,5
"E00144336",11,8,3
"E00144337",4,3,1
"E00144338",6,3,3
"E00144339",2,1,1
"E00144340",11,8,3
"E00144341",4,3,1
"E00144342",3,2,1
"E00144343",6,2,4
"E00144344",7,2,5
"E00144345",8,5,3
"E00144346",3,3,0
"E00144347",19,12,7
"E00144348",16,10,6
"E00144349",11,6,5
"E00144350",6,3,3
"E00144351",14,8,6
"E00144352",4,3,1
"E00144355",5,4,1
"E00144356",3,1,2
"E00144357",5,3,2
"E00144358",10,4,6
"E00144359",2,1,1
"E00144360",19,8,11
"E00144361",7,3,4
"E00144362",1,0,1
"E00144363",4,2,2
"E00144365",5,4,1
"E00144366",5,1,4
"E00144367",6,3,3
"E00144368",1,0,1
"E00144369",6,4,2
"E00144370",0,0,0
"E00144371",0,0,0
"E00144372",1,0,1
"E00144373",4,3,1
"E00144374",1,0,1
"E00144375",5,2,3
"E00144376",3,1,2
"E00144377",0,0,0
"E00144378",0,0,0
"E00144379",2,1,1
"E00144380",4,3,1
"E00144381",3,1,2
"E00144382",4,2,2
"E00144383",13,9,4
"E00144384",3,2,1
"E00144385",1,0,1
"E00144386",9,6,3
"E00144387",7,5,2
"E00144388",4,0,4
"E00144389",5,3,2
"E00144390",4,1,3
"E00144391",16,7,9
"E00144392",1,1,0
"E00144393",1,1,0
"E00144394",4,0,4
"E00144395",1,0,1
"E00144396",7,4,3
"E00144397",4,1,3
"E00144398",0,0,0
"E00144399",3,2,1
"E00144400",2,1,1
"E00144401",0,0,0
"E00144402",3,1,2
"E00144403",0,0,0
"E00144404",0,0,0
"E00144405",2,2,0
"E00144406",4,2,2
"E00144407",1,1,0
"E00144408",1,0,1
"E00144409",0,0,0
"E00144410",3,2,1
"E00144411",4,0,4
"E00144412",0,0,0
"E00144414",1,0,1
"E00144415",4,3,1
"E00144416",1,0,1
"E00144417",1,0,1
"E00144418",7,5,2
"E00144419",1,0,1
"E00144420",4,2,2
"E00144421",9,8,1
"E00144422",0,0,0
"E00144423",1,0,1
"E00144424",2,1,1
"E00144425",1,0,1
"E00144426",0,0,0
"E00144427",3,3,0
"E00144428",5,3,2
"E00144429",0,0,0
"E00144430",1,0,1
"E00144431",2,1,1
"E00144432",12,4,8
"E00144433",3,3,0
"E00144434",13,7,6
"E00144435",4,1,3
"E00144436",7,2,5
"E00144437",12,5,7
"E00144438",6,1,5
"E00144439",11,7,4
"E00144440",3,3,0
"E00144441",8,6,2
"E00144442",10,5,5
"E00144443",6,1,5
"E00144444",2,1,1
"E00144445",13,6,7
"E00144446",10,6,4
"E00144447",13,4,9
"E00144448",6,3,3
"E00144449",9,3,6
"E00144450",8,2,6
"E00144451",7,5,2
"E00144452",14,7,7
"E00144453",13,9,4
"E00144454",7,3,4
"E00144455",7,3,4
"E00144456",14,7,7
"E00144457",9,5,4
"E00144458",2,1,1
"E00144459",6,1,5
"E00144460",5,2,3
"E00144461",4,1,3
"E00144462",10,5,5
"E00144463",18,8,10
"E00144464",6,3,3
"E00144465",14,5,9
"E00144466",7,5,2
"E00144467",14,6,8
"E00144468",16,10,6
"E00144469",0,0,0
"E00144470",6,2,4
"E00144472",10,7,3
"E00144473",2,1,1
"E00144474",8,2,6
"E00144475",5,2,3
"E00144476",5,2,3
"E00144477",6,5,1
"E00144478",6,4,2
"E00144479",4,1,3
"E00144480",3,1,2
"E00144481",10,3,7
"E00144482",15,9,6
"E00144483",9,2,7
"E00144484",3,1,2
"E00144485",1,1,0
"E00144486",2,2,0
"E00144487",3,2,1
"E00144488",0,0,0
"E00144489",10,3,7
"E00144490",3,2,1
"E00144491",1,1,0
"E00144492",7,3,4
"E00144493",5,2,3
"E00144494",3,2,1
"E00144495",5,1,4
"E00144496",0,0,0
"E00144497",7,2,5
"E00144498",7,3,4
"E00144499",3,0,3
"E00144500",10,3,7
"E00144501",4,2,2
"E00144502",6,3,3
"E00144503",10,5,5
"E00144504",4,4,0
"E00144505",3,2,1
"E00144506",1,1,0
"E00144507",6,3,3
"E00144508",2,1,1
"E00144510",2,0,2
"E00144511",2,2,0
"E00144512",5,4,1
"E00144513",1,0,1
"E00144514",3,2,1
"E00144515",1,0,1
"E00144516",4,2,2
"E00144517",12,5,7
"E00144518",3,1,2
"E00144519",0,0,0
"E00144520",3,0,3
"E00144521",2,0,2
"E00144523",16,11,5
"E00144524",4,1,3
"E00144525",14,12,2
"E00144526",11,6,5
"E00144527",5,2,3
"E00144528",7,4,3
"E00144529",5,2,3
"E00144530",11,5,6
"E00144531",16,9,7
"E00144532",0,0,0
"E00144533",1,0,1
"E00144534",21,9,12
"E00144535",0,0,0
"E00144536",4,2,2
"E00144537",3,1,2
"E00144538",3,3,0
"E00144539",1,1,0
"E00144540",6,2,4
"E00144541",4,3,1
"E00144542",1,0,1
"E00144543",1,0,1
"E00144544",2,2,0
"E00144545",2,1,1
"E00144546",4,1,3
"E00144547",2,0,2
"E00144548",3,1,2
"E00144549",0,0,0
"E00144550",4,1,3
"E00144551",1,1,0
"E00144552",2,1,1
"E00144553",0,0,0
"E00144554",5,2,3
"E00144555",6,3,3
"E00144556",7,5,2
"E00144557",1,0,1
"E00144558",6,3,3
"E00144559",4,3,1
"E00144560",3,1,2
"E00144561",4,3,1
"E00144562",6,3,3
"E00144563",3,3,0
"E00144564",0,0,0
"E00144565",13,8,5
"E00144566",9,6,3
"E00144567",9,3,6
"E00144568",5,1,4
"E00144569",2,1,1
"E00144570",11,4,7
"E00144571",5,2,3
"E00144572",3,1,2
"E00144573",6,3,3
"E00144574",8,5,3
"E00144575",10,8,2
"E00144576",3,1,2
"E00144577",1,1,0
"E00144578",6,3,3
"E00144579",5,4,1
"E00144580",10,4,6
"E00144581",5,2,3
"E00144582",13,8,5
"E00144583",0,0,0
"E00144584",3,1,2
"E00144585",11,8,3
"E00144586",7,4,3
"E00144587",5,4,1
"E00144588",8,3,5
"E00144589",6,3,3
"E00144591",5,2,3
"E00144592",1,1,0
"E00144593",4,2,2
"E00144594",5,3,2
"E00144595",3,2,1
"E00144596",3,2,1
"E00144597",5,3,2
"E00144598",4,4,0
"E00144599",4,4,0
"E00144600",0,0,0
"E00144601",0,0,0
"E00144602",6,3,3
"E00144603",11,8,3
"E00144604",0,0,0
"E00144605",11,6,5
"E00144606",6,2,4
"E00144607",3,1,2
"E00144608",4,2,2
"E00144609",0,0,0
"E00144610",5,2,3
"E00144611",5,3,2
"E00144612",0,0,0
"E00144613",2,1,1
"E00144614",8,4,4
"E00144615",4,1,3
"E00144616",1,1,0
"E00144617",5,3,2
"E00144618",4,2,2
"E00144619",3,1,2
"E00144620",4,2,2
"E00144621",8,3,5
"E00144622",3,3,0
"E00144623",4,3,1
"E00144624",2,1,1
"E00144625",3,1,2
"E00144626",10,4,6
"E00144627",7,6,1
"E00144628",12,6,6
"E00144629",4,2,2
"E00144630",4,2,2
"E00144631",5,2,3
"E00144632",8,4,4
"E00144633",12,9,3
"E00144634",7,5,2
"E00144635",7,4,3
"E00144636",2,2,0
"E00144637",8,6,2
"E00144638",3,2,1
"E00144639",9,9,0
"E00144640",6,4,2
"E00144641",6,3,3
"E00144642",4,3,1
"E00144643",9,4,5
"E00144644",0,0,0
"E00144645",1,1,0
"E00144646",4,2,2
"E00144647",3,2,1
"E00144648",2,0,2
"E00144649",6,3,3
"E00144650",3,1,2
"E00144651",3,1,2
"E00144652",3,2,1
"E00144653",7,3,4
"E00144654",11,7,4
"E00144655",5,2,3
"E00144656",4,1,3
"E00144657",10,4,6
"E00144658",9,2,7
"E00144659",5,4,1
"E00144660",4,2,2
"E00144661",15,7,8
"E00144662",10,7,3
"E00144663",3,1,2
"E00144664",2,1,1
"E00144665",5,2,3
"E00144666",2,0,2
"E00144667",2,2,0
"E00144668",4,3,1
"E00144669",9,5,4
"E00144670",0,0,0
"E00144671",6,2,4
"E00144672",4,2,2
"E00144673",0,0,0
"E00144674",2,0,2
"E00144675",3,2,1
"E00144676",7,3,4
"E00144677",13,11,2
"E00144678",8,2,6
"E00144679",10,1,9
"E00144680",3,0,3
"E00144681",13,9,4
"E00144682",5,1,4
"E00144683",3,1,2
"E00144684",1,0,1
"E00144685",1,0,1
"E00144686",5,1,4
"E00144687",6,4,2
"E00144688",19,7,12
"E00144689",1,1,0
"E00144690",0,0,0
"E00144691",5,2,3
"E00144692",2,1,1
"E00144693",7,4,3
"E00144694",11,4,7
"E00144695",0,0,0
"E00144696",3,2,1
"E00144697",19,9,10
"E00144698",13,7,6
"E00144699",9,5,4
"E00144700",7,2,5
"E00144701",0,0,0
"E00144702",1,1,0
"E00144703",12,5,7
"E00144704",15,6,9
"E00144705",11,8,3
"E00144706",13,8,5
"E00144707",5,3,2
"E00144708",17,9,8
"E00144709",5,2,3
"E00144710",8,3,5
"E00144711",13,6,7
"E00144712",16,5,11
"E00144713",5,2,3
"E00144714",9,6,3
"E00144715",8,3,5
"E00144716",1,1,0
"E00144717",2,1,1
"E00144718",5,4,1
"E00144719",1,0,1
"E00144720",17,11,6
"E00144721",7,3,4
"E00144722",8,5,3
"E00144723",15,6,9
"E00144724",3,3,0
"E00144725",4,2,2
"E00144726",9,6,3
"E00144727",10,6,4
"E00144728",3,1,2
"E00144729",2,1,1
"E00144730",3,2,1
"E00144731",1,1,0
"E00144732",12,9,3
"E00144733",10,5,5
"E00144734",3,2,1
"E00144735",2,1,1
"E00144736",7,2,5
"E00144737",0,0,0
"E00144738",3,1,2
"E00144739",8,3,5
"E00144740",0,0,0
"E00144741",3,1,2
"E00144742",6,3,3
"E00144743",12,6,6
"E00144744",9,2,7
"E00144745",0,0,0
"E00144747",13,9,4
"E00144748",3,2,1
"E00144749",1,0,1
"E00144750",7,3,4
"E00144751",16,10,6
"E00144752",0,0,0
"E00144753",6,4,2
"E00144754",4,2,2
"E00144756",6,3,3
"E00144757",1,0,1
"E00144758",16,8,8
"E00144759",2,1,1
"E00144760",10,6,4
"E00144761",11,6,5
"E00144762",3,1,2
"E00144763",7,3,4
"E00144764",8,5,3
"E00144765",16,9,7
"E00144766",14,7,7
"E00144767",4,2,2
"E00144768",2,1,1
"E00144769",5,1,4
"E00144770",14,7,7
"E00144771",6,3,3
"E00144772",10,3,7
"E00144773",10,3,7
"E00144774",8,4,4
"E00144775",3,2,1
"E00144776",4,3,1
"E00144777",4,3,1
"E00144778",3,2,1
"E00144779",9,4,5
"E00144780",7,5,2
"E00144781",3,1,2
"E00144782",5,2,3
"E00144783",4,2,2
"E00144784",2,0,2
"E00144785",0,0,0
"E00144786",7,3,4
"E00144787",4,1,3
"E00144788",5,3,2
"E00144789",3,0,3
"E00144790",2,2,0
"E00144791",7,5,2
"E00144792",4,3,1
"E00144793",4,2,2
"E00144794",4,2,2
"E00144795",7,5,2
"E00144796",9,4,5
"E00144797",4,3,1
"E00144798",2,1,1
"E00144799",0,0,0
"E00144800",9,4,5
"E00144801",1,1,0
"E00144802",2,2,0
"E00144803",0,0,0
"E00144805",7,6,1
"E00144806",1,1,0
"E00144807",6,3,3
"E00144808",1,0,1
"E00144809",8,2,6
"E00144810",4,1,3
"E00144811",2,2,0
"E00144813",12,6,6
"E00144814",6,4,2
"E00144815",4,1,3
"E00144816",3,2,1
"E00144817",8,5,3
"E00144819",9,6,3
"E00144821",4,2,2
"E00144822",11,2,9
"E00144823",2,1,1
"E00144824",5,3,2
"E00144825",6,3,3
"E00144826",10,6,4
"E00144827",8,4,4
"E00144828",12,7,5
"E00144829",9,6,3
"E00144830",3,1,2
"E00144831",0,0,0
"E00144832",15,7,8
"E00144833",5,1,4
"E00144834",5,2,3
"E00144835",3,1,2
"E00144836",11,7,4
"E00144837",5,3,2
"E00144838",7,4,3
"E00144839",6,1,5
"E00144840",8,6,2
"E00144841",8,5,3
"E00144843",18,9,9
"E00144844",5,2,3
"E00144845",2,1,1
"E00144848",10,6,4
"E00144849",4,1,3
"E00144850",13,9,4
"E00144851",3,2,1
"E00144852",3,2,1
"E00144853",6,5,1
"E00144854",4,0,4
"E00144855",3,2,1
"E00144856",0,0,0
"E00144857",1,1,0
"E00144858",4,4,0
"E00144859",5,3,2
"E00144860",5,2,3
"E00144861",4,2,2
"E00144862",2,2,0
"E00144863",3,3,0
"E00144864",3,3,0
"E00144865",3,0,3
"E00144866",10,7,3
"E00144867",10,6,4
"E00144868",2,1,1
"E00144869",5,4,1
"E00144870",5,3,2
"E00144871",2,0,2
"E00144872",2,2,0
"E00144873",0,0,0
"E00144874",3,3,0
"E00144875",0,0,0
"E00144876",4,3,1
"E00144877",4,2,2
"E00144878",7,2,5
"E00144879",3,3,0
"E00144880",7,3,4
"E00144881",5,3,2
"E00144882",5,3,2
"E00144883",6,3,3
"E00144884",3,1,2
"E00144885",3,1,2
"E00144886",0,0,0
"E00144887",7,3,4
"E00144888",4,3,1
"E00144889",6,2,4
"E00144890",3,3,0
"E00144891",3,1,2
"E00144892",3,2,1
"E00144894",1,1,0
"E00144895",1,1,0
"E00144896",3,1,2
"E00144897",2,2,0
"E00144899",6,3,3
"E00144900",3,1,2
"E00144901",6,3,3
"E00144902",3,1,2
"E00144903",2,2,0
"E00144904",2,2,0
"E00144905",3,2,1
"E00144906",3,0,3
"E00144907",1,0,1
"E00144908",2,1,1
"E00144909",3,1,2
"E00144910",2,1,1
"E00144911",1,1,0
"E00144912",0,0,0
"E00144913",3,0,3
"E00144914",2,2,0
"E00144915",1,0,1
"E00144916",1,1,0
"E00144917",2,0,2
"E00144918",3,1,2
"E00144920",0,0,0
"E00144921",0,0,0
"E00144922",1,1,0
"E00144923",0,0,0
"E00144924",3,1,2
"E00144925",0,0,0
"E00144926",5,3,2
"E00144927",0,0,0
"E00144928",2,1,1
"E00144929",3,1,2
"E00144930",4,4,0
"E00144931",3,2,1
"E00144932",6,2,4
"E00144933",4,3,1
"E00144934",7,1,6
"E00144936",5,2,3
"E00144937",1,1,0
"E00144938",1,1,0
"E00144940",0,0,0
"E00144941",2,2,0
"E00144942",2,1,1
"E00144943",2,1,1
"E00144944",5,2,3
"E00144945",3,1,2
"E00144946",3,1,2
"E00144947",6,2,4
"E00144948",3,2,1
"E00144949",4,2,2
"E00144950",0,0,0
"E00144951",3,2,1
"E00144952",0,0,0
"E00144953",1,1,0
"E00144954",5,2,3
"E00144955",2,2,0
"E00144956",5,3,2
"E00144957",6,0,6
"E00144958",3,1,2
"E00144959",1,0,1
"E00144960",2,2,0
"E00144961",3,2,1
"E00144962",0,0,0
"E00144963",0,0,0
"E00144964",2,0,2
"E00144965",1,1,0
"E00144966",4,2,2
"E00144967",2,1,1
"E00144968",6,3,3
"E00144969",0,0,0
"E00144970",0,0,0
"E00144971",2,2,0
"E00144972",11,6,5
"E00144973",2,2,0
"E00144974",2,1,1
"E00144975",2,0,2
"E00144976",0,0,0
"E00144977",2,2,0
"E00144978",1,0,1
"E00144979",2,0,2
"E00144980",3,1,2
"E00144981",0,0,0
"E00144982",4,3,1
"E00144983",5,1,4
"E00144984",2,2,0
"E00144985",0,0,0
"E00144986",3,3,0
"E00144987",4,2,2
"E00144988",5,4,1
"E00144989",2,0,2
"E00144990",3,0,3
"E00144991",1,1,0
"E00144992",1,0,1
"E00144993",5,1,4
"E00144994",8,3,5
"E00144995",7,4,3
"E00144996",6,2,4
"E00144997",1,0,1
"E00144998",0,0,0
"E00144999",6,2,4
"E00145000",1,0,1
"E00145001",1,1,0
"E00145002",3,1,2
"E00145003",4,1,3
"E00145004",2,0,2
"E00145005",7,3,4
"E00145006",3,1,2
"E00145007",2,0,2
"E00145008",8,5,3
"E00145009",4,1,3
"E00145010",2,1,1
"E00145011",2,0,2
"E00145012",5,4,1
"E00145013",4,2,2
"E00145014",1,0,1
"E00145015",5,2,3
"E00145016",2,0,2
"E00145017",0,0,0
"E00145018",2,0,2
"E00145019",7,2,5
"E00145021",2,1,1
"E00145022",6,5,1
"E00145023",7,4,3
"E00145024",2,1,1
"E00145025",3,2,1
"E00145026",8,3,5
"E00145027",1,0,1
"E00145028",5,2,3
"E00145029",3,2,1
"E00145030",4,1,3
"E00145031",6,3,3
"E00145032",2,1,1
"E00145033",4,2,2
"E00145034",4,1,3
"E00145035",2,1,1
"E00145036",0,0,0
"E00145037",1,0,1
"E00145039",4,3,1
"E00145040",4,2,2
"E00145041",3,2,1
"E00145042",1,1,0
"E00145043",1,1,0
"E00145044",2,1,1
"E00145045",5,2,3
"E00145046",2,1,1
"E00145047",1,1,0
"E00145048",2,2,0
"E00145049",1,1,0
"E00145050",1,0,1
"E00145051",4,2,2
"E00145052",3,2,1
"E00145053",0,0,0
"E00145054",2,2,0
"E00145055",0,0,0
"E00145056",2,1,1
"E00145057",1,1,0
"E00145058",0,0,0
"E00145059",6,1,5
"E00145060",1,1,0
"E00145061",5,1,4
"E00145062",1,0,1
"E00145063",0,0,0
"E00145064",2,1,1
"E00145065",6,1,5
"E00145066",0,0,0
"E00145067",3,0,3
"E00145068",5,2,3
"E00145069",1,0,1
"E00145070",3,1,2
"E00145071",6,6,0
"E00145072",2,2,0
"E00145073",1,1,0
"E00145074",7,3,4
"E00145075",2,2,0
"E00145076",3,1,2
"E00145077",5,2,3
"E00145078",2,1,1
"E00145079",1,0,1
"E00145080",1,0,1
"E00145081",2,1,1
"E00145082",6,1,5
"E00145083",4,2,2
"E00145084",4,3,1
"E00145085",8,3,5
"E00145086",19,9,10
"E00145087",19,11,8
"E00145088",12,7,5
"E00145089",21,14,7
"E00145090",15,7,8
"E00145091",8,2,6
"E00145092",14,4,10
"E00145093",13,10,3
"E00145094",8,6,2
"E00145095",3,1,2
"E00145096",14,7,7
"E00145097",2,1,1
"E00145098",9,5,4
"E00145099",1,1,0
"E00145100",5,4,1
"E00145101",5,0,5
"E00145102",5,4,1
"E00145103",3,1,2
"E00145104",4,3,1
"E00145105",7,3,4
"E00145106",6,3,3
"E00145107",5,2,3
"E00145108",6,2,4
"E00145109",2,1,1
"E00145110",10,5,5
"E00145111",4,2,2
"E00145112",9,6,3
"E00145113",0,0,0
"E00145114",8,5,3
"E00145115",5,4,1
"E00145116",3,1,2
"E00145117",7,3,4
"E00145118",4,1,3
"E00145119",6,0,6
"E00145120",9,5,4
"E00145121",5,3,2
"E00145122",17,9,8
"E00145123",1,0,1
"E00145124",2,2,0
"E00145125",5,2,3
"E00145126",5,3,2
"E00145127",7,5,2
"E00145128",14,7,7
"E00145129",3,1,2
"E00145130",3,2,1
"E00145131",7,5,2
"E00145132",10,3,7
"E00145133",3,0,3
"E00145134",10,6,4
"E00145137",16,12,4
"E00145138",18,9,9
"E00145139",6,3,3
"E00145140",10,3,7
"E00145141",13,10,3
"E00145142",1,0,1
"E00145143",8,2,6
"E00145144",7,2,5
"E00145145",12,8,4
"E00145146",4,2,2
"E00145147",3,2,1
"E00145148",11,7,4
"E00145149",1,0,1
"E00145150",6,4,2
"E00145151",5,2,3
"E00145152",0,0,0
"E00145153",12,5,7
"E00145154",7,5,2
"E00145155",2,2,0
"E00145156",1,1,0
"E00145157",4,3,1
"E00145158",1,0,1
"E00145159",7,6,1
"E00145160",2,1,1
"E00145161",4,3,1
"E00145162",4,4,0
"E00145163",5,0,5
"E00145164",3,1,2
"E00145165",6,1,5
"E00145166",9,3,6
"E00145167",5,3,2
"E00145168",1,0,1
"E00145169",3,2,1
"E00145170",7,3,4
"E00145171",5,1,4
"E00145172",10,4,6
"E00145173",6,3,3
"E00145174",4,0,4
"E00145175",5,2,3
"E00145176",6,2,4
"E00145177",0,0,0
"E00145178",2,1,1
"E00145179",4,1,3
"E00145180",4,2,2
"E00145181",1,0,1
"E00145182",1,0,1
"E00145183",5,2,3
"E00145184",0,0,0
"E00145185",3,2,1
"E00145186",1,1,0
"E00145187",3,2,1
"E00145188",3,2,1
"E00145189",8,3,5
"E00145190",5,4,1
"E00145191",2,1,1
"E00145192",3,0,3
"E00145193",8,4,4
"E00145194",5,2,3
"E00145195",12,7,5
"E00145196",12,7,5
"E00145197",4,2,2
"E00145198",21,8,13
"E00145199",11,5,6
"E00145200",5,3,2
"E00145202",1,1,0
"E00145203",11,6,5
"E00145204",3,2,1
"E00145205",7,3,4
"E00145206",2,1,1
"E00145207",4,3,1
"E00145208",7,4,3
"E00145209",3,1,2
"E00145210",11,6,5
"E00145211",20,10,10
"E00145212",16,10,6
"E00145213",5,2,3
"E00145214",5,0,5
"E00145215",16,9,7
"E00145216",5,3,2
"E00145217",5,2,3
"E00145218",16,6,10
"E00145219",4,1,3
"E00145220",28,12,16
"E00145221",14,9,5
"E00145222",8,4,4
"E00145223",8,6,2
"E00145224",14,10,4
"E00145225",14,8,6
"E00145226",13,8,5
"E00145227",5,2,3
"E00145228",4,2,2
"E00145229",8,4,4
"E00145230",0,0,0
"E00145231",7,3,4
"E00145232",6,4,2
"E00145233",13,8,5
"E00145234",3,1,2
"E00145235",10,6,4
"E00145236",11,8,3
"E00145237",5,2,3
"E00145238",5,3,2
"E00145239",0,0,0
"E00145240",0,0,0
"E00145241",5,4,1
"E00145242",9,5,4
"E00145243",13,7,6
"E00145244",7,3,4
"E00145245",24,11,13
"E00145246",11,5,6
"E00145247",7,3,4
"E00145248",8,4,4
"E00145249",5,2,3
"E00145250",4,2,2
"E00145251",4,3,1
"E00145252",5,3,2
"E00145253",4,2,2
"E00145254",7,4,3
"E00145255",0,0,0
"E00145256",7,5,2
"E00145257",20,12,8
"E00145258",11,4,7
"E00145259",7,4,3
"E00145260",8,3,5
"E00145261",5,4,1
"E00145262",1,0,1
"E00145263",4,2,2
"E00145264",7,3,4
"E00145265",1,0,1
"E00145266",4,2,2
"E00145267",4,2,2
"E00145268",4,2,2
"E00145269",3,1,2
"E00145270",4,1,3
"E00145271",4,2,2
"E00145272",4,2,2
"E00145273",6,2,4
"E00145274",3,2,1
"E00145275",3,2,1
"E00145277",1,1,0
"E00145278",2,0,2
"E00145279",6,3,3
"E00145280",4,2,2
"E00145281",7,5,2
"E00145282",1,0,1
"E00145283",2,1,1
"E00145284",0,0,0
"E00145285",3,1,2
"E00145286",1,1,0
"E00145287",0,0,0
"E00145288",2,0,2
"E00145289",0,0,0
"E00145290",1,1,0
"E00145291",2,0,2
"E00145292",1,0,1
"E00145293",1,1,0
"E00145294",0,0,0
"E00145295",3,0,3
"E00145296",0,0,0
"E00145297",2,0,2
"E00145298",3,0,3
"E00145299",3,1,2
"E00145300",1,1,0
"E00145301",22,12,10
"E00145302",4,1,3
"E00145303",51,32,19
"E00145304",15,6,9
"E00145307",0,0,0
"E00145308",8,6,2
"E00145309",2,0,2
"E00145310",1,1,0
"E00145311",3,1,2
"E00145312",7,6,1
"E00145313",13,5,8
"E00145314",2,2,0
"E00145315",38,26,12
"E00145316",7,3,4
"E00145317",9,6,3
"E00145318",9,6,3
"E00145319",0,0,0
"E00145320",0,0,0
"E00145321",2,1,1
"E00145322",0,0,0
"E00145323",1,1,0
"E00145324",3,1,2
"E00145325",9,2,7
"E00145326",2,2,0
"E00145327",4,3,1
"E00145328",5,1,4
"E00145329",3,2,1
"E00145330",3,2,1
"E00145331",1,1,0
"E00145332",2,1,1
"E00145333",1,0,1
"E00145334",0,0,0
"E00145335",2,0,2
"E00145336",1,0,1
"E00145337",3,1,2
"E00145338",6,5,1
"E00145339",2,1,1
"E00145340",1,0,1
"E00145341",5,2,3
"E00145342",2,1,1
"E00145343",2,1,1
"E00145344",4,2,2
"E00145345",8,3,5
"E00145346",3,1,2
"E00145348",4,1,3
"E00145349",1,1,0
"E00145350",0,0,0
"E00145351",1,1,0
"E00145352",4,0,4
"E00145354",1,0,1
"E00145355",2,0,2
"E00145356",3,1,2
"E00145357",7,2,5
"E00145359",6,4,2
"E00145360",2,2,0
"E00145361",2,0,2
"E00145362",5,2,3
"E00145363",2,0,2
"E00145364",0,0,0
"E00145365",5,2,3
"E00145366",5,4,1
"E00145367",2,1,1
"E00145368",4,3,1
"E00145369",3,3,0
"E00145370",9,5,4
"E00145371",12,9,3
"E00145372",12,5,7
"E00145373",0,0,0
"E00145374",3,1,2
"E00145375",11,7,4
"E00145377",4,2,2
"E00145378",9,4,5
"E00145379",7,5,2
"E00145380",1,1,0
"E00145381",4,3,1
"E00145382",3,0,3
"E00145383",2,1,1
"E00145384",7,4,3
"E00145385",0,0,0
"E00145386",5,3,2
"E00145387",1,1,0
"E00145388",1,0,1
"E00145389",5,3,2
"E00145390",19,11,8
"E00145391",7,2,5
"E00145392",7,3,4
"E00145393",7,4,3
"E00145395",5,3,2
"E00145396",4,4,0
"E00145397",9,5,4
"E00145398",1,0,1
"E00145399",2,1,1
"E00145400",10,5,5
"E00145401",4,0,4
"E00145402",5,2,3
"E00145403",6,2,4
"E00145404",3,1,2
"E00145405",0,0,0
"E00145406",1,1,0
"E00145407",2,2,0
"E00145408",0,0,0
"E00145409",7,2,5
"E00145410",4,3,1
"E00145411",4,1,3
"E00145412",7,3,4
"E00145413",1,0,1
"E00145414",13,8,5
"E00145415",6,4,2
"E00145416",1,0,1
"E00145417",40,22,18
"E00145420",2,2,0
"E00145421",5,1,4
"E00145422",2,1,1
"E00145423",1,1,0
"E00145424",12,3,9
"E00145425",9,6,3
"E00145426",2,2,0
"E00145427",4,4,0
"E00145428",3,3,0
"E00145429",15,7,8
"E00145430",3,1,2
"E00145431",3,2,1
"E00145432",2,1,1
"E00145433",2,1,1
"E00145434",7,4,3
"E00145435",2,0,2
"E00145436",6,5,1
"E00145437",2,2,0
"E00145438",1,0,1
"E00145439",5,1,4
"E00145440",2,0,2
"E00145441",4,1,3
"E00145442",5,4,1
"E00145443",1,0,1
"E00145444",2,1,1
"E00145446",4,3,1
"E00145447",1,1,0
"E00145448",2,0,2
"E00145449",5,4,1
"E00145450",6,4,2
"E00145451",0,0,0
"E00145452",4,3,1
"E00145454",1,1,0
"E00145455",4,1,3
"E00145456",1,0,1
"E00145457",2,1,1
"E00145458",0,0,0
"E00145459",3,1,2
"E00145460",7,4,3
"E00145461",1,0,1
"E00145462",4,3,1
"E00145463",4,2,2
"E00145464",1,1,0
"E00145465",0,0,0
"E00145466",5,3,2
"E00145467",0,0,0
"E00145468",1,0,1
"E00145469",3,1,2
"E00145470",3,2,1
"E00145471",1,0,1
"E00145472",1,0,1
"E00145473",2,2,0
"E00145474",1,0,1
"E00145475",2,1,1
"E00145476",1,0,1
"E00145477",4,0,4
"E00145478",1,0,1
"E00145479",1,0,1
"E00145480",1,0,1
"E00145481",4,1,3
"E00145482",3,2,1
"E00145483",2,1,1
"E00145484",3,1,2
"E00145485",2,0,2
"E00145486",3,1,2
"E00145487",0,0,0
"E00145488",8,3,5
"E00145489",2,0,2
"E00145490",3,3,0
"E00145491",3,0,3
"E00145492",5,3,2
"E00145493",3,2,1
"E00145494",6,2,4
"E00145495",1,1,0
"E00145497",6,3,3
"E00145498",2,1,1
"E00145499",6,3,3
"E00145500",8,5,3
"E00145501",3,3,0
"E00145502",3,2,1
"E00145503",5,1,4
"E00145504",5,3,2
"E00145505",6,4,2
"E00145506",1,1,0
"E00145507",3,1,2
"E00145508",7,1,6
"E00145509",4,2,2
"E00145510",0,0,0
"E00145511",9,6,3
"E00145512",14,6,8
"E00145513",8,4,4
"E00145514",8,5,3
"E00145515",9,5,4
"E00145516",6,0,6
"E00145517",20,17,3
"E00145518",4,2,2
"E00145521",4,4,0
"E00145522",10,5,5
"E00145523",9,5,4
"E00145524",5,5,0
"E00145525",5,2,3
"E00145526",13,4,9
"E00145527",7,4,3
"E00145528",18,10,8
"E00145529",6,4,2
"E00145530",20,11,9
"E00145531",1,0,1
"E00145532",2,2,0
"E00145533",0,0,0
"E00145534",0,0,0
"E00145535",0,0,0
"E00145536",1,0,1
"E00145537",1,1,0
"E00145538",0,0,0
"E00145539",1,0,1
"E00145540",0,0,0
"E00145541",5,2,3
"E00145542",0,0,0
"E00145543",1,1,0
"E00145544",1,1,0
"E00145545",5,4,1
"E00145546",2,2,0
"E00145547",2,1,1
"E00145548",1,0,1
"E00145549",2,2,0
"E00145550",0,0,0
"E00145551",3,1,2
"E00145552",2,2,0
"E00145553",7,3,4
"E00145554",1,1,0
"E00145555",3,0,3
"E00145556",4,3,1
"E00145557",7,4,3
"E00145558",1,0,1
"E00145559",7,4,3
"E00145560",6,3,3
"E00145561",0,0,0
"E00145562",4,1,3
"E00145563",3,1,2
"E00145564",5,2,3
"E00145565",5,0,5
"E00145566",0,0,0
"E00145567",5,1,4
"E00145568",5,2,3
"E00145569",3,0,3
"E00145570",2,1,1
"E00145571",7,1,6
"E00145572",6,3,3
"E00145573",4,2,2
"E00145574",3,2,1
"E00145575",2,2,0
"E00145576",6,5,1
"E00145577",14,8,6
"E00145578",0,0,0
"E00145579",1,0,1
"E00145580",14,7,7
"E00145581",7,4,3
"E00145582",3,3,0
"E00145583",1,0,1
"E00145584",0,0,0
"E00145585",0,0,0
"E00145586",5,2,3
"E00145587",4,2,2
"E00145588",3,2,1
"E00145589",6,4,2
"E00145590",1,1,0
"E00145591",16,8,8
"E00145592",11,6,5
"E00145593",3,0,3
"E00145594",7,3,4
"E00145595",1,0,1
"E00145596",20,14,6
"E00145597",5,3,2
"E00145598",5,1,4
"E00145599",3,0,3
"E00145600",0,0,0
"E00145601",9,3,6
"E00145602",0,0,0
"E00145603",0,0,0
"E00145604",0,0,0
"E00145605",3,1,2
"E00145606",9,2,7
"E00145607",8,6,2
"E00145608",6,4,2
"E00145609",18,10,8
"E00145610",21,9,12
"E00145612",11,4,7
"E00145615",13,2,11
"E00145616",11,7,4
"E00145617",8,4,4
"E00145618",10,7,3
"E00145619",7,3,4
"E00145620",25,11,14
"E00145621",4,3,1
"E00145622",4,1,3
"E00145623",9,4,5
"E00145624",2,1,1
"E00145625",3,3,0
"E00145626",4,3,1
"E00145627",12,2,10
"E00145628",8,7,1
"E00145629",3,2,1
"E00145630",5,1,4
"E00145631",9,3,6
"E00145632",5,3,2
"E00145633",4,2,2
"E00145634",3,2,1
"E00145635",12,7,5
"E00145636",0,0,0
"E00145637",15,8,7
"E00145638",0,0,0
"E00145639",6,3,3
"E00145640",12,12,0
"E00145641",8,5,3
"E00145642",11,6,5
"E00145643",12,4,8
"E00145644",9,4,5
"E00145645",19,8,11
"E00145646",13,8,5
"E00145647",8,3,5
"E00145648",9,4,5
"E00145649",8,4,4
"E00145650",11,6,5
"E00145652",14,8,6
"E00145653",3,2,1
"E00145654",2,1,1
"E00145655",2,1,1
"E00145656",11,8,3
"E00145657",4,2,2
"E00145658",6,3,3
"E00145659",7,4,3
"E00145660",3,2,1
"E00145661",10,3,7
"E00145662",11,5,6
"E00145663",8,5,3
"E00145664",11,7,4
"E00145665",5,3,2
"E00145666",6,1,5
"E00145667",0,0,0
"E00145668",3,2,1
"E00145669",11,6,5
"E00145670",10,3,7
"E00145671",7,5,2
"E00145672",10,6,4
"E00145673",1,1,0
"E00145674",22,11,11
"E00145675",0,0,0
"E00145676",8,3,5
"E00145677",14,6,8
"E00145678",14,9,5
"E00145679",12,7,5
"E00145680",4,0,4
"E00145681",9,4,5
"E00145682",11,5,6
"E00145683",12,4,8
"E00145684",8,5,3
"E00145685",8,6,2
"E00145686",4,2,2
"E00145687",6,4,2
"E00145688",2,0,2
"E00145689",7,4,3
"E00145690",3,0,3
"E00145691",9,5,4
"E00145693",8,4,4
"E00145694",2,1,1
"E00145695",0,0,0
"E00145696",4,2,2
"E00145697",2,1,1
"E00145698",20,10,10
"E00145699",9,6,3
"E00145700",11,9,2
"E00145701",14,6,8
"E00145702",9,7,2
"E00145703",0,0,0
"E00145704",2,2,0
"E00145705",0,0,0
"E00145706",0,0,0
"E00145707",2,1,1
"E00145708",0,0,0
"E00145709",1,0,1
"E00145710",6,2,4
"E00145711",3,2,1
"E00145712",4,3,1
"E00145713",2,0,2
"E00145714",5,1,4
"E00145715",9,5,4
"E00145716",4,3,1
"E00145717",3,2,1
"E00145718",9,2,7
"E00145719",11,6,5
"E00145720",19,13,6
"E00145721",9,3,6
"E00145722",5,2,3
"E00145723",18,8,10
"E00145724",11,4,7
"E00145725",7,4,3
"E00145727",13,4,9
"E00145729",10,6,4
"E00145730",3,1,2
"E00145731",9,6,3
"E00145732",0,0,0
"E00145733",6,4,2
"E00145734",2,1,1
"E00145735",6,4,2
"E00145736",3,2,1
"E00145737",2,0,2
"E00145738",1,1,0
"E00145739",3,2,1
"E00145740",4,1,3
"E00145741",6,3,3
"E00145742",8,5,3
"E00145743",9,4,5
"E00145744",14,2,12
"E00145745",18,9,9
"E00145746",9,4,5
"E00145747",8,5,3
"E00145748",14,8,6
"E00145749",20,13,7
"E00145750",1,0,1
"E00145751",9,6,3
"E00145752",7,2,5
"E00145753",3,1,2
"E00145754",5,3,2
"E00145755",6,2,4
"E00145756",4,1,3
"E00145757",2,1,1
"E00145758",6,3,3
"E00145759",5,3,2
"E00145760",5,3,2
"E00145761",5,3,2
"E00145762",10,3,7
"E00145763",6,3,3
"E00145764",3,2,1
"E00145765",9,4,5
"E00145766",7,2,5
"E00145767",2,0,2
"E00145768",4,1,3
"E00145769",7,5,2
"E00145770",3,2,1
"E00145771",7,3,4
"E00145772",5,3,2
"E00145773",4,1,3
"E00145774",19,7,12
"E00145775",7,5,2
"E00145776",6,2,4
"E00145777",9,5,4
"E00145778",6,4,2
"E00145779",12,8,4
"E00145780",7,6,1
"E00145781",7,5,2
"E00145783",13,9,4
"E00145784",3,1,2
"E00145785",4,1,3
"E00145786",3,2,1
"E00145787",4,2,2
"E00145788",2,2,0
"E00145789",5,4,1
"E00145790",9,8,1
"E00145792",7,4,3
"E00145794",4,1,3
"E00145795",5,2,3
"E00145796",1,0,1
"E00145797",3,2,1
"E00145798",1,0,1
"E00145799",1,0,1
"E00145800",8,4,4
"E00145802",3,2,1
"E00145803",5,2,3
"E00145804",2,2,0
"E00145805",3,1,2
"E00145806",0,0,0
"E00145807",10,3,7
"E00145808",5,2,3
"E00145809",3,2,1
"E00145810",7,1,6
"E00145811",2,2,0
"E00145812",15,10,5
"E00145813",3,2,1
"E00145814",3,2,1
"E00145815",3,1,2
"E00145816",0,0,0
"E00145817",2,1,1
"E00145818",1,0,1
"E00145819",2,1,1
"E00145820",5,2,3
"E00145821",6,4,2
"E00145822",0,0,0
"E00145823",12,8,4
"E00145824",3,1,2
"E00145825",2,1,1
"E00145826",1,0,1
"E00145827",2,1,1
"E00145828",4,0,4
"E00145829",2,2,0
"E00145830",11,5,6
"E00145831",2,0,2
"E00145832",4,2,2
"E00145833",6,5,1
"E00145835",1,0,1
"E00145836",6,3,3
"E00145837",1,1,0
"E00145838",4,2,2
"E00145839",1,1,0
"E00145841",2,1,1
"E00145842",4,3,1
"E00145843",0,0,0
"E00145844",3,1,2
"E00145845",1,1,0
"E00145846",4,2,2
"E00145847",3,1,2
"E00145848",0,0,0
"E00145849",5,4,1
"E00145850",4,2,2
"E00145851",7,4,3
"E00145852",3,1,2
"E00145853",2,1,1
"E00145854",0,0,0
"E00145855",1,1,0
"E00145856",3,0,3
"E00145857",3,1,2
"E00145858",0,0,0
"E00145859",1,0,1
"E00145860",7,3,4
"E00145861",7,1,6
"E00145862",4,1,3
"E00145863",4,2,2
"E00145864",6,3,3
"E00145865",6,4,2
"E00145866",2,1,1
"E00145867",5,3,2
"E00145868",6,2,4
"E00145869",6,3,3
"E00145870",18,9,9
"E00145871",8,2,6
"E00145872",11,5,6
"E00145873",6,2,4
"E00145874",7,1,6
"E00145875",2,2,0
"E00145876",22,16,6
"E00145877",0,0,0
"E00145878",14,8,6
"E00145879",14,8,6
"E00145880",3,2,1
"E00145881",0,0,0
"E00145882",3,0,3
"E00145883",5,1,4
"E00145884",4,3,1
"E00145885",0,0,0
"E00145886",6,2,4
"E00145887",8,3,5
"E00145888",4,4,0
"E00145889",5,0,5
"E00145890",7,1,6
"E00145891",5,3,2
"E00145892",14,8,6
"E00145893",6,4,2
"E00145894",5,5,0
"E00145895",9,4,5
"E00145896",5,3,2
"E00145897",11,6,5
"E00145898",10,6,4
"E00145899",10,7,3
"E00145900",13,5,8
"E00145901",6,6,0
"E00145902",10,6,4
"E00145903",15,10,5
"E00145904",10,3,7
"E00145905",13,11,2
"E00145906",12,9,3
"E00145907",4,3,1
"E00145908",11,4,7
"E00145909",6,3,3
"E00145910",4,1,3
"E00145911",8,4,4
"E00145912",4,3,1
"E00145913",11,3,8
"E00145914",2,1,1
"E00145915",22,8,14
"E00145916",2,2,0
"E00145917",8,6,2
"E00145918",10,4,6
"E00145919",18,12,6
"E00145920",8,4,4
"E00145921",11,5,6
"E00145922",13,6,7
"E00145923",4,1,3
"E00145924",2,2,0
"E00145925",15,11,4
"E00145926",16,6,10
"E00145927",4,2,2
"E00145928",5,3,2
"E00145929",5,5,0
"E00145930",1,1,0
"E00145931",10,6,4
"E00145932",3,1,2
"E00145933",4,3,1
"E00145934",1,0,1
"E00145935",1,1,0
"E00145936",4,2,2
"E00145937",5,3,2
"E00145938",4,4,0
"E00145939",5,1,4
"E00145940",3,1,2
"E00145941",3,2,1
"E00145942",3,0,3
"E00145943",1,0,1
"E00145944",3,1,2
"E00145945",28,14,14
"E00145946",0,0,0
"E00145947",0,0,0
"E00145948",1,1,0
"E00145949",1,1,0
"E00145950",8,7,1
"E00145951",10,2,8
"E00145952",19,9,10
"E00145953",3,1,2
"E00145954",4,0,4
"E00145955",18,11,7
"E00145956",5,1,4
"E00145957",5,2,3
"E00145958",3,2,1
"E00145959",3,2,1
"E00145960",16,10,6
"E00145961",13,7,6
"E00145962",2,2,0
"E00145963",6,2,4
"E00145964",2,0,2
"E00145965",13,7,6
"E00145966",4,1,3
"E00145967",3,1,2
"E00145968",9,6,3
"E00145969",8,5,3
"E00145970",12,5,7
"E00145971",14,8,6
"E00145972",5,4,1
"E00145973",4,2,2
"E00145974",5,2,3
"E00145975",0,0,0
"E00145976",2,2,0
"E00145977",1,1,0
"E00145978",18,9,9
"E00145979",24,13,11
"E00145980",10,5,5
"E00145981",5,2,3
"E00145982",16,11,5
"E00145983",9,8,1
"E00145984",12,3,9
"E00145985",10,5,5
"E00145986",11,6,5
"E00145987",12,3,9
"E00145989",4,2,2
"E00145990",13,9,4
"E00145991",15,8,7
"E00145992",8,2,6
"E00145993",11,7,4
"E00145994",13,6,7
"E00145995",17,10,7
"E00145996",12,6,6
"E00145997",17,7,10
"E00145998",11,5,6
"E00145999",12,10,2
"E00146000",10,7,3
"E00146001",1,0,1
"E00146002",4,3,1
"E00146003",3,1,2
"E00146004",7,5,2
"E00146005",0,0,0
"E00146006",6,5,1
"E00146007",10,4,6
"E00146008",5,2,3
"E00146009",8,4,4
"E00146010",5,4,1
"E00146011",6,3,3
"E00146012",6,3,3
"E00146013",6,4,2
"E00146014",8,1,7
"E00146015",7,4,3
"E00146016",8,4,4
"E00146017",13,9,4
"E00146018",4,2,2
"E00146019",7,2,5
"E00146020",19,9,10
"E00146021",5,2,3
"E00146022",15,11,4
"E00146023",9,5,4
"E00146024",6,2,4
"E00146025",0,0,0
"E00146026",7,1,6
"E00146027",5,2,3
"E00146028",0,0,0
"E00146029",3,1,2
"E00146030",9,6,3
"E00146031",7,3,4
"E00146032",17,7,10
"E00146033",11,7,4
"E00146034",5,3,2
"E00146035",7,4,3
"E00146036",0,0,0
"E00146037",17,12,5
"E00146038",0,0,0
"E00146039",8,6,2
"E00146040",3,2,1
"E00146041",6,2,4
"E00146042",9,2,7
"E00146043",5,4,1
"E00146044",1,0,1
"E00146045",17,10,7
"E00146046",3,1,2
"E00146047",0,0,0
"E00146048",3,2,1
"E00146049",2,1,1
"E00146050",1,0,1
"E00146051",1,1,0
"E00146052",3,1,2
"E00146053",3,1,2
"E00146054",5,0,5
"E00146055",6,3,3
"E00146056",6,3,3
"E00146057",5,1,4
"E00146058",4,0,4
"E00146059",2,0,2
"E00146060",5,4,1
"E00146061",4,1,3
"E00146062",11,5,6
"E00146063",6,1,5
"E00146064",1,1,0
"E00146065",12,7,5
"E00146066",4,1,3
"E00146067",10,2,8
"E00146068",14,5,9
"E00146069",6,5,1
"E00146070",10,6,4
"E00146071",12,9,3
"E00146072",9,5,4
"E00146073",7,3,4
"E00146074",14,10,4
"E00146075",13,5,8
"E00146076",12,6,6
"E00146077",2,1,1
"E00146078",7,4,3
"E00146079",5,2,3
"E00146080",3,0,3
"E00146081",4,2,2
"E00146082",11,3,8
"E00146083",10,4,6
"E00146084",3,2,1
"E00146085",10,7,3
"E00146086",6,5,1
"E00146087",5,3,2
"E00146088",3,3,0
"E00146089",4,2,2
"E00146090",4,2,2
"E00146091",11,4,7
"E00146092",4,2,2
"E00146093",11,6,5
"E00146094",8,3,5
"E00146095",4,3,1
"E00146096",6,4,2
"E00146097",7,3,4
"E00146098",5,2,3
"E00146099",11,3,8
"E00146100",2,1,1
"E00146101",9,4,5
"E00146102",6,3,3
"E00146103",9,5,4
"E00146104",7,3,4
"E00146105",9,4,5
"E00146106",8,5,3
"E00146107",43,35,8
"E00146108",3,1,2
"E00146109",4,2,2
"E00146110",5,2,3
"E00146111",5,3,2
"E00146112",2,2,0
"E00146113",2,1,1
"E00146114",4,3,1
"E00146115",6,2,4
"E00146117",3,2,1
"E00146118",15,9,6
"E00146119",11,5,6
"E00146120",7,3,4
"E00146122",1,0,1
"E00146123",2,1,1
"E00146124",1,1,0
"E00146125",4,0,4
"E00146126",0,0,0
"E00146127",4,2,2
"E00146128",2,1,1
"E00146129",2,1,1
"E00146130",0,0,0
"E00146131",1,0,1
"E00146132",4,2,2
"E00146133",2,1,1
"E00146134",6,4,2
"E00146135",1,1,0
"E00146136",2,0,2
"E00146137",4,2,2
"E00146138",11,4,7
"E00146139",13,5,8
"E00146140",9,6,3
"E00146141",1,1,0
"E00146142",1,1,0
"E00146143",5,5,0
"E00146144",7,4,3
"E00146145",11,6,5
"E00146146",13,7,6
"E00146147",4,1,3
"E00146148",2,2,0
"E00146149",7,6,1
"E00146150",5,2,3
"E00146151",15,5,10
"E00146152",16,9,7
"E00146153",10,6,4
"E00146154",7,5,2
"E00146155",13,6,7
"E00146156",18,10,8
"E00146157",2,0,2
"E00146158",4,1,3
"E00146159",2,0,2
"E00146160",7,6,1
"E00146161",0,0,0
"E00146162",4,0,4
"E00146163",12,7,5
"E00146164",6,3,3
"E00146165",0,0,0
"E00146166",10,6,4
"E00146167",5,3,2
"E00146168",2,2,0
"E00146169",3,0,3
"E00146170",14,7,7
"E00146171",6,1,5
"E00146172",4,1,3
"E00146173",11,7,4
"E00146174",1,0,1
"E00146175",3,1,2
"E00146176",10,3,7
"E00146177",1,0,1
"E00146178",8,5,3
"E00146179",6,2,4
"E00146180",2,1,1
"E00146181",4,2,2
"E00146182",4,3,1
"E00146183",4,3,1
"E00146184",6,2,4
"E00146185",5,3,2
"E00146186",1,1,0
"E00146187",5,3,2
"E00146188",8,5,3
"E00146189",4,1,3
"E00146190",1,1,0
"E00146191",5,1,4
"E00146192",10,4,6
"E00146193",6,4,2
"E00146194",3,1,2
"E00146195",4,3,1
"E00146196",3,2,1
"E00146197",5,2,3
"E00146198",7,4,3
"E00146199",4,2,2
"E00146200",8,7,1
"E00146201",3,1,2
"E00146202",1,1,0
"E00146203",8,2,6
"E00146204",7,7,0
"E00146205",6,2,4
"E00146206",3,2,1
"E00146207",3,2,1
"E00146208",16,7,9
"E00146209",7,4,3
"E00146210",12,9,3
"E00146211",4,4,0
"E00146212",11,6,5
"E00146213",4,3,1
"E00146214",2,1,1
"E00146215",9,1,8
"E00146216",5,1,4
"E00146217",9,4,5
"E00146218",1,1,0
"E00146219",12,5,7
"E00146220",1,1,0
"E00146221",6,3,3
"E00146222",5,3,2
"E00146223",12,6,6
"E00146224",9,3,6
"E00146225",5,4,1
"E00146226",22,8,14
"E00146227",11,7,4
"E00146228",6,3,3
"E00146229",11,6,5
"E00146230",16,8,8
"E00146231",14,9,5
"E00146232",11,6,5
"E00146233",1,1,0
"E00146234",6,1,5
"E00146235",4,1,3
"E00146236",10,2,8
"E00146237",9,4,5
"E00146238",15,6,9
"E00146239",4,2,2
"E00146240",6,1,5
"E00146241",4,2,2
"E00146242",7,2,5
"E00146243",19,10,9
"E00146244",22,14,8
"E00146245",16,7,9
"E00146246",2,2,0
"E00146247",20,13,7
"E00146248",7,3,4
"E00146249",3,1,2
"E00146250",12,7,5
"E00146251",12,3,9
"E00146252",2,1,1
"E00146253",13,6,7
"E00146254",5,2,3
"E00146255",3,1,2
"E00146256",3,2,1
"E00146257",15,8,7
"E00146258",3,1,2
"E00146259",5,1,4
"E00146260",9,4,5
"E00146261",5,3,2
"E00146262",2,1,1
"E00146263",2,0,2
"E00146264",2,1,1
"E00146265",4,1,3
"E00146266",1,1,0
"E00146267",1,0,1
"E00146269",3,2,1
"E00146270",2,2,0
"E00146271",8,3,5
"E00146272",13,9,4
"E00146273",13,9,4
"E00146274",7,5,2
"E00146275",7,3,4
"E00146276",1,0,1
"E00146277",14,9,5
"E00146278",3,1,2
"E00146279",11,9,2
"E00146280",1,0,1
"E00146281",5,3,2
"E00146282",7,3,4
"E00146283",6,1,5
"E00146284",6,4,2
"E00146285",14,7,7
"E00146286",9,4,5
"E00146287",2,1,1
"E00146288",7,5,2
"E00146289",4,2,2
"E00146290",7,4,3
"E00146291",6,4,2
"E00146292",0,0,0
"E00146293",6,4,2
"E00146294",3,2,1
"E00146295",8,2,6
"E00146296",2,2,0
"E00146297",3,1,2
"E00146298",4,2,2
"E00146299",3,3,0
"E00146300",7,3,4
"E00146301",4,1,3
"E00146302",4,2,2
"E00146303",7,4,3
"E00146304",6,3,3
"E00146305",7,2,5
"E00146306",0,0,0
"E00146307",1,0,1
"E00146308",4,0,4
"E00146309",5,3,2
"E00146310",6,2,4
"E00146311",7,3,4
"E00146312",12,5,7
"E00146313",6,3,3
"E00146314",13,3,10
"E00146315",9,4,5
"E00146316",7,5,2
"E00146317",14,9,5
"E00146318",10,6,4
"E00146319",2,2,0
"E00146320",8,5,3
"E00146321",14,6,8
"E00146322",5,3,2
"E00146323",15,9,6
"E00146324",5,2,3
"E00146325",9,3,6
"E00146326",4,3,1
"E00146327",5,4,1
"E00146328",7,5,2
"E00146329",7,4,3
"E00146330",4,0,4
"E00146331",0,0,0
"E00146332",9,6,3
"E00146333",13,7,6
"E00146334",5,4,1
"E00146335",17,8,9
"E00146336",17,11,6
"E00146337",4,2,2
"E00146338",4,4,0
"E00146339",8,4,4
"E00146340",0,0,0
"E00146341",2,2,0
"E00146342",4,0,4
"E00146343",14,10,4
"E00146344",10,5,5
"E00146345",10,4,6
"E00146346",19,9,10
"E00146347",9,7,2
"E00146348",5,3,2
"E00146349",5,3,2
"E00146350",11,5,6
"E00146351",15,12,3
"E00146352",6,4,2
"E00146353",0,0,0
"E00146354",3,1,2
"E00146355",8,5,3
"E00146356",11,4,7
"E00146357",3,2,1
"E00146358",1,1,0
"E00146359",4,3,1
"E00146360",19,8,11
"E00146361",11,5,6
"E00146362",7,3,4
"E00146363",12,6,6
"E00146364",1,1,0
"E00146365",14,9,5
"E00146366",9,4,5
"E00146367",15,10,5
"E00146368",13,6,7
"E00146369",9,5,4
"E00146370",7,4,3
"E00146371",6,2,4
"E00146372",9,4,5
"E00146373",20,15,5
"E00146374",13,5,8
"E00146375",6,5,1
"E00146376",14,8,6
"E00146377",9,3,6
"E00146378",3,2,1
"E00146379",3,0,3
"E00146380",9,7,2
"E00146381",9,2,7
"E00146382",3,1,2
"E00146384",6,3,3
"E00146385",32,16,16
"E00146386",3,1,2
"E00146387",8,4,4
"E00146388",11,8,3
"E00146389",1,1,0
"E00146390",0,0,0
"E00146391",7,2,5
"E00146392",5,4,1
"E00146393",9,7,2
"E00146394",1,0,1
"E00146395",5,3,2
"E00146396",6,4,2
"E00146397",3,1,2
"E00146398",7,2,5
"E00146399",20,6,14
"E00146400",6,3,3
"E00146401",7,3,4
"E00146402",6,4,2
"E00146404",19,11,8
"E00146405",6,5,1
"E00146406",6,5,1
"E00146407",1,0,1
"E00146408",3,2,1
"E00146409",9,5,4
"E00146410",17,9,8
"E00146411",7,4,3
"E00146412",44,23,21
"E00146413",10,7,3
"E00146414",7,6,1
"E00146415",9,6,3
"E00146416",1,0,1
"E00146417",4,1,3
"E00146418",15,6,9
"E00146419",4,2,2
"E00146420",34,16,18
"E00146421",11,4,7
"E00146422",6,1,5
"E00146423",4,1,3
"E00146424",30,17,13
"E00146425",6,1,5
"E00146426",8,3,5
"E00146427",15,7,8
"E00146428",2,0,2
"E00146429",5,3,2
"E00146430",4,1,3
"E00146431",3,1,2
"E00146432",8,6,2
"E00146433",4,3,1
"E00146434",1,1,0
"E00146435",5,4,1
"E00146436",14,5,9
"E00146437",1,0,1
"E00146438",2,1,1
"E00146439",12,6,6
"E00146440",1,0,1
"E00146441",21,15,6
"E00146443",2,1,1
"E00146444",16,5,11
"E00146445",6,2,4
"E00146446",4,0,4
"E00146447",4,2,2
"E00146448",12,8,4
"E00146449",10,3,7
"E00146450",2,1,1
"E00146451",4,3,1
"E00146452",11,5,6
"E00146453",3,1,2
"E00146454",18,6,12
"E00146455",14,6,8
"E00146456",12,5,7
"E00146457",5,1,4
"E00146458",5,2,3
"E00146459",5,3,2
"E00146460",12,5,7
"E00146461",11,4,7
"E00146462",6,4,2
"E00146463",5,1,4
"E00146464",1,0,1
"E00146465",2,1,1
"E00146466",5,2,3
"E00146468",10,7,3
"E00146469",4,1,3
"E00146470",10,7,3
"E00146471",0,0,0
"E00146472",1,0,1
"E00146474",3,1,2
"E00146475",1,1,0
"E00146476",6,4,2
"E00146477",6,3,3
"E00146478",12,5,7
"E00146479",3,2,1
"E00146480",2,1,1
"E00146481",6,2,4
"E00146482",6,3,3
"E00146483",2,2,0
"E00146484",7,3,4
"E00146485",9,5,4
"E00146486",3,1,2
"E00146487",3,0,3
"E00146488",5,3,2
"E00146489",5,2,3
"E00146490",11,3,8
"E00146491",11,7,4
"E00146492",11,8,3
"E00146493",15,7,8
"E00146494",2,0,2
"E00146495",16,8,8
"E00146496",14,7,7
"E00146497",3,1,2
"E00146498",6,3,3
"E00146499",10,5,5
"E00146500",4,2,2
"E00146501",9,5,4
"E00146502",2,1,1
"E00146503",5,2,3
"E00146504",7,4,3
"E00146505",3,1,2
"E00146506",5,3,2
"E00146507",1,0,1
"E00146508",5,2,3
"E00146509",4,1,3
"E00146510",2,2,0
"E00146511",6,3,3
"E00146512",10,5,5
"E00146513",6,5,1
"E00146514",2,2,0
"E00146515",11,5,6
"E00146516",12,4,8
"E00146517",7,2,5
"E00146518",8,4,4
"E00146519",7,2,5
"E00146520",13,8,5
"E00146521",9,5,4
"E00146522",12,8,4
"E00146523",7,5,2
"E00146524",1,0,1
"E00146525",1,1,0
"E00146526",3,1,2
"E00146527",0,0,0
"E00146529",3,2,1
"E00146530",6,4,2
"E00146533",1,1,0
"E00146535",5,0,5
"E00146536",1,0,1
"E00146537",1,0,1
"E00146538",2,0,2
"E00146540",5,4,1
"E00146541",0,0,0
"E00146542",2,1,1
"E00146543",0,0,0
"E00146544",1,0,1
"E00146545",6,3,3
"E00146546",3,0,3
"E00146547",10,5,5
"E00146548",9,4,5
"E00146549",1,0,1
"E00146550",2,0,2
"E00146551",3,1,2
"E00146552",4,0,4
"E00146553",8,6,2
"E00146554",6,6,0
"E00146555",9,4,5
"E00146556",3,1,2
"E00146558",5,2,3
"E00146559",4,2,2
"E00146560",4,2,2
"E00146561",4,2,2
"E00146562",6,4,2
"E00146563",5,2,3
"E00146564",5,3,2
"E00146565",5,3,2
"E00146566",4,2,2
"E00146567",0,0,0
"E00146568",12,6,6
"E00146569",4,4,0
"E00146570",6,2,4
"E00146571",20,11,9
"E00146572",11,5,6
"E00146573",10,6,4
"E00146574",17,7,10
"E00146575",1,1,0
"E00146576",9,7,2
"E00146577",7,3,4
"E00146578",3,1,2
"E00146579",15,10,5
"E00146580",12,8,4
"E00146581",10,5,5
"E00146582",2,1,1
"E00146583",18,11,7
"E00146584",2,1,1
"E00146585",7,4,3
"E00146586",5,4,1
"E00146587",3,2,1
"E00146588",7,1,6
"E00146589",5,3,2
"E00146590",3,3,0
"E00146591",3,2,1
"E00146592",5,2,3
"E00146593",6,5,1
"E00146594",3,0,3
"E00146595",7,4,3
"E00146596",2,1,1
"E00146597",1,1,0
"E00146598",0,0,0
"E00146599",4,3,1
"E00146600",0,0,0
"E00146601",6,4,2
"E00146602",7,3,4
"E00146603",5,2,3
"E00146605",4,1,3
"E00146606",5,2,3
"E00146607",7,5,2
"E00146608",4,2,2
"E00146609",2,2,0
"E00146610",0,0,0
"E00146611",4,3,1
"E00146612",10,6,4
"E00146613",9,7,2
"E00146614",5,3,2
"E00146615",5,2,3
"E00146616",5,2,3
"E00146617",12,5,7
"E00146618",5,3,2
"E00146619",4,3,1
"E00146620",0,0,0
"E00146621",5,3,2
"E00146622",10,6,4
"E00146623",10,5,5
"E00146624",8,5,3
"E00146625",4,3,1
"E00146626",2,1,1
"E00146627",5,3,2
"E00146628",4,2,2
"E00146629",6,2,4
"E00146630",9,5,4
"E00146631",6,3,3
"E00146632",4,1,3
"E00146633",2,2,0
"E00146634",12,8,4
"E00146635",11,7,4
"E00146636",8,4,4
"E00146637",8,5,3
"E00146638",9,4,5
"E00146639",2,1,1
"E00146640",9,3,6
"E00146641",11,4,7
"E00146642",10,5,5
"E00146643",3,3,0
"E00146644",8,2,6
"E00146645",2,2,0
"E00146646",10,5,5
"E00146647",6,2,4
"E00146648",7,5,2
"E00146649",10,6,4
"E00146650",8,2,6
"E00146651",4,3,1
"E00146652",7,3,4
"E00146653",8,3,5
"E00146654",12,7,5
"E00146655",5,3,2
"E00146656",9,6,3
"E00146657",6,3,3
"E00146658",0,0,0
"E00146659",0,0,0
"E00146660",4,3,1
"E00146661",7,3,4
"E00146662",5,3,2
"E00146663",8,4,4
"E00146664",5,2,3
"E00146665",5,2,3
"E00146666",2,1,1
"E00146667",5,2,3
"E00146668",8,3,5
"E00146669",22,9,13
"E00146670",20,10,10
"E00146671",4,2,2
"E00146672",6,2,4
"E00146673",15,8,7
"E00146674",1,1,0
"E00146675",11,1,10
"E00146676",8,4,4
"E00146677",10,5,5
"E00146678",6,1,5
"E00146679",7,3,4
"E00146680",5,4,1
"E00146681",7,6,1
"E00146682",0,0,0
"E00146683",5,3,2
"E00146684",1,0,1
"E00146685",7,5,2
"E00146686",1,1,0
"E00146687",10,7,3
"E00146688",20,12,8
"E00146689",9,6,3
"E00146690",10,5,5
"E00146691",16,7,9
"E00146692",6,3,3
"E00146693",3,2,1
"E00146694",13,5,8
"E00146695",13,6,7
"E00146696",3,0,3
"E00146697",10,8,2
"E00146698",9,5,4
"E00146699",10,5,5
"E00146700",13,5,8
"E00146701",18,8,10
"E00146702",9,5,4
"E00146703",9,5,4
"E00146704",6,3,3
"E00146705",1,1,0
"E00146706",10,7,3
"E00146707",9,4,5
"E00146708",3,1,2
"E00146709",6,0,6
"E00146710",6,3,3
"E00146711",6,2,4
"E00146712",16,11,5
"E00146713",6,6,0
"E00146714",9,3,6
"E00146715",7,1,6
"E00146716",10,7,3
"E00146717",2,0,2
"E00146718",4,3,1
"E00146719",2,2,0
"E00146720",6,2,4
"E00146721",3,2,1
"E00146722",10,3,7
"E00146723",6,3,3
"E00146724",1,1,0
"E00146726",2,0,2
"E00146728",5,4,1
"E00146729",9,4,5
"E00146730",6,5,1
"E00146731",1,1,0
"E00146732",5,3,2
"E00146733",5,3,2
"E00146734",7,2,5
"E00146736",10,6,4
"E00146737",7,3,4
"E00146738",3,2,1
"E00146739",4,3,1
"E00146740",4,2,2
"E00146741",2,0,2
"E00146742",4,2,2
"E00146743",11,6,5
"E00146744",10,5,5
"E00146745",7,4,3
"E00146746",7,4,3
"E00146747",2,0,2
"E00146749",5,2,3
"E00146750",9,4,5
"E00146751",8,6,2
"E00146752",7,3,4
"E00146753",4,3,1
"E00146754",5,4,1
"E00146755",2,1,1
"E00146756",3,1,2
"E00146757",16,6,10
"E00146758",3,1,2
"E00146759",2,1,1
"E00146760",12,7,5
"E00146761",4,3,1
"E00146762",7,2,5
"E00146763",9,1,8
"E00146764",1,1,0
"E00146765",3,2,1
"E00146766",4,1,3
"E00146767",6,3,3
"E00146768",2,1,1
"E00146769",6,4,2
"E00146770",3,1,2
"E00146771",6,4,2
"E00146772",1,0,1
"E00146773",5,5,0
"E00146774",6,4,2
"E00146775",1,0,1
"E00146776",6,3,3
"E00146777",1,0,1
"E00146778",6,1,5
"E00146779",5,3,2
"E00146780",3,2,1
"E00146781",4,1,3
"E00146782",3,0,3
"E00146783",10,5,5
"E00146784",7,4,3
"E00146785",13,7,6
"E00146786",3,2,1
"E00146787",0,0,0
"E00146788",8,4,4
"E00146789",8,1,7
"E00146790",6,0,6
"E00146791",4,2,2
"E00146792",8,2,6
"E00146793",1,1,0
"E00146794",10,6,4
"E00146795",5,0,5
"E00146796",10,4,6
"E00146797",7,4,3
"E00146798",1,0,1
"E00146799",4,3,1
"E00146800",5,2,3
"E00146801",5,3,2
"E00146802",0,0,0
"E00146803",3,1,2
"E00146804",4,1,3
"E00146805",6,2,4
"E00146806",6,4,2
"E00146807",2,2,0
"E00146808",5,4,1
"E00146809",6,1,5
"E00146810",8,5,3
"E00146811",1,0,1
"E00146812",4,1,3
"E00146813",2,2,0
"E00146814",4,3,1
"E00146815",6,3,3
"E00146816",10,8,2
"E00146817",1,0,1
"E00146818",1,0,1
"E00146819",2,1,1
"E00146820",7,2,5
"E00146821",3,0,3
"E00146822",6,2,4
"E00146823",4,2,2
"E00146824",3,1,2
"E00146825",6,4,2
"E00146826",3,2,1
"E00146827",9,3,6
"E00146828",6,2,4
"E00146829",3,1,2
"E00146830",1,1,0
"E00146831",3,1,2
"E00146832",5,2,3
"E00146833",8,7,1
"E00146834",1,0,1
"E00146835",5,3,2
"E00146836",6,2,4
"E00146837",8,5,3
"E00146838",3,1,2
"E00146839",7,3,4
"E00146840",9,3,6
"E00146841",7,3,4
"E00146842",2,1,1
"E00146843",4,2,2
"E00146844",0,0,0
"E00146845",3,2,1
"E00146846",7,3,4
"E00146847",2,2,0
"E00146848",3,2,1
"E00146849",5,4,1
"E00146850",4,3,1
"E00146851",11,4,7
"E00146852",4,1,3
"E00146853",4,2,2
"E00146854",5,4,1
"E00146855",4,1,3
"E00146856",5,3,2
"E00146857",2,1,1
"E00146858",7,3,4
"E00146859",9,3,6
"E00146860",5,2,3
"E00146861",2,2,0
"E00146862",11,7,4
"E00146863",5,3,2
"E00146864",4,2,2
"E00146865",9,6,3
"E00146866",5,3,2
"E00146867",1,1,0
"E00146868",4,2,2
"E00146869",2,1,1
"E00146870",6,4,2
"E00146871",0,0,0
"E00146872",0,0,0
"E00146873",6,4,2
"E00146874",12,8,4
"E00146875",4,3,1
"E00146876",0,0,0
"E00146877",6,3,3
"E00146878",7,3,4
"E00146879",2,0,2
"E00146880",0,0,0
"E00146881",2,1,1
"E00146882",4,3,1
"E00146883",4,4,0
"E00146884",7,5,2
"E00146885",1,1,0
"E00146886",4,2,2
"E00146887",1,0,1
"E00146888",0,0,0
"E00146889",6,5,1
"E00146890",5,4,1
"E00146891",12,7,5
"E00146892",4,4,0
"E00146893",4,2,2
"E00146894",13,6,7
"E00146895",11,6,5
"E00146896",3,0,3
"E00146897",4,2,2
"E00146898",8,2,6
"E00146899",5,3,2
"E00146900",4,1,3
"E00146901",5,2,3
"E00146902",3,0,3
"E00146903",9,4,5
"E00146904",4,3,1
"E00146905",5,2,3
"E00146906",14,5,9
"E00146907",1,0,1
"E00146909",2,0,2
"E00146910",5,3,2
"E00146911",4,3,1
"E00146912",5,3,2
"E00146913",2,1,1
"E00146914",3,2,1
"E00146915",8,5,3
"E00146916",10,4,6
"E00146917",1,0,1
"E00146918",5,3,2
"E00146919",6,3,3
"E00146920",6,2,4
"E00146921",9,4,5
"E00146922",6,1,5
"E00146923",6,4,2
"E00146924",5,4,1
"E00146925",7,3,4
"E00146926",2,1,1
"E00146927",2,0,2
"E00146928",6,3,3
"E00146929",2,2,0
"E00146930",4,0,4
"E00146931",4,3,1
"E00146932",5,2,3
"E00146933",3,2,1
"E00146934",2,2,0
"E00146935",8,5,3
"E00146936",11,7,4
"E00146937",2,1,1
"E00146938",16,8,8
"E00146940",4,2,2
"E00146941",8,4,4
"E00146942",6,3,3
"E00146943",3,0,3
"E00146944",2,2,0
"E00146945",7,1,6
"E00146946",3,3,0
"E00146947",6,3,3
"E00146948",4,2,2
"E00146949",3,1,2
"E00146950",11,3,8
"E00146951",2,2,0
"E00146952",11,4,7
"E00146953",4,2,2
"E00146954",1,0,1
"E00146955",6,3,3
"E00146956",4,2,2
"E00146957",0,0,0
"E00146958",0,0,0
"E00146959",3,2,1
"E00146960",7,4,3
"E00146961",9,4,5
"E00146962",11,6,5
"E00146963",6,2,4
"E00146964",6,3,3
"E00146965",6,3,3
"E00146966",4,2,2
"E00146967",7,4,3
"E00146968",5,3,2
"E00146969",7,3,4
"E00146970",9,3,6
"E00146971",4,2,2
"E00146972",1,0,1
"E00146973",3,0,3
"E00146974",0,0,0
"E00146975",0,0,0
"E00146976",3,2,1
"E00146978",13,7,6
"E00146979",14,5,9
"E00146980",5,2,3
"E00146981",11,6,5
"E00146982",15,5,10
"E00146983",4,2,2
"E00146984",7,6,1
"E00146985",4,0,4
"E00146986",7,2,5
"E00146987",9,4,5
"E00146988",9,1,8
"E00146989",10,5,5
"E00146990",12,4,8
"E00146991",6,3,3
"E00146992",4,1,3
"E00146993",6,3,3
"E00146994",3,1,2
"E00146995",7,4,3
"E00146996",1,1,0
"E00146997",5,2,3
"E00146998",5,2,3
"E00146999",13,5,8
"E00147000",17,10,7
"E00147001",7,2,5
"E00147002",12,2,10
"E00147003",1,0,1
"E00147004",7,3,4
"E00147005",6,4,2
"E00147006",5,1,4
"E00147007",13,7,6
"E00147008",7,4,3
"E00147009",2,0,2
"E00147010",3,2,1
"E00147011",5,3,2
"E00147012",2,1,1
"E00147013",1,0,1
"E00147014",4,2,2
"E00147015",2,1,1
"E00147016",4,3,1
"E00147017",2,0,2
"E00147018",4,2,2
"E00147019",8,6,2
"E00147020",11,6,5
"E00147021",8,6,2
"E00147022",4,1,3
"E00147023",6,3,3
"E00147024",7,2,5
"E00147025",8,2,6
"E00147026",8,4,4
"E00147027",6,1,5
"E00147028",6,4,2
"E00147029",13,6,7
"E00147030",9,1,8
"E00147031",5,4,1
"E00147032",0,0,0
"E00147033",7,2,5
"E00147034",5,3,2
"E00147035",6,4,2
"E00147036",4,2,2
"E00147037",9,6,3
"E00147038",12,9,3
"E00147039",9,6,3
"E00147040",11,9,2
"E00147041",6,4,2
"E00147042",11,5,6
"E00147043",7,2,5
"E00147044",0,0,0
"E00147045",5,2,3
"E00147046",0,0,0
"E00147047",2,0,2
"E00147048",3,0,3
"E00147049",2,1,1
"E00147050",0,0,0
"E00147051",4,3,1
"E00147052",0,0,0
"E00147053",4,3,1
"E00147054",2,2,0
"E00147055",7,4,3
"E00147056",2,1,1
"E00147057",1,0,1
"E00147058",0,0,0
"E00147059",6,4,2
"E00147060",1,0,1
"E00147062",3,3,0
"E00147063",8,3,5
"E00147064",1,0,1
"E00147065",6,2,4
"E00147066",4,4,0
"E00147067",6,3,3
"E00147068",3,2,1
"E00147069",3,2,1
"E00147070",2,0,2
"E00147071",7,4,3
"E00147072",2,0,2
"E00147073",3,1,2
"E00147074",1,0,1
"E00147075",3,1,2
"E00147076",0,0,0
"E00147077",3,1,2
"E00147078",15,8,7
"E00147079",1,0,1
"E00147080",2,1,1
"E00147081",3,1,2
"E00147082",17,10,7
"E00147083",3,3,0
"E00147084",6,4,2
"E00147085",4,2,2
"E00147086",8,2,6
"E00147087",8,3,5
"E00147088",4,4,0
"E00147089",2,1,1
"E00147090",11,7,4
"E00147091",7,3,4
"E00147092",6,4,2
"E00147093",6,2,4
"E00147094",2,0,2
"E00147095",5,3,2
"E00147096",3,2,1
"E00147097",4,2,2
"E00147098",2,1,1
"E00147100",9,5,4
"E00147101",3,1,2
"E00147104",1,0,1
"E00147105",7,4,3
"E00147106",11,3,8
"E00147107",0,0,0
"E00147108",9,3,6
"E00147109",1,0,1
"E00147110",0,0,0
"E00147111",6,4,2
"E00147112",3,2,1
"E00147113",2,0,2
"E00147114",1,0,1
"E00147115",1,0,1
"E00147116",4,3,1
"E00147117",13,4,9
"E00147118",7,4,3
"E00147119",10,5,5
"E00147120",9,2,7
"E00147121",5,2,3
"E00147122",8,5,3
"E00147123",1,0,1
"E00147124",2,1,1
"E00147125",3,1,2
"E00147126",8,2,6
"E00147127",11,1,10
"E00147128",6,2,4
"E00147129",8,2,6
"E00147130",1,0,1
"E00147131",0,0,0
"E00147132",1,0,1
"E00147133",5,2,3
"E00147134",2,1,1
"E00147135",7,5,2
"E00147136",2,0,2
"E00147137",1,0,1
"E00147138",0,0,0
"E00147139",1,0,1
"E00147140",4,3,1
"E00147141",0,0,0
"E00147142",7,4,3
"E00147143",9,8,1
"E00147144",6,4,2
"E00147145",3,1,2
"E00147146",6,3,3
"E00147147",2,1,1
"E00147148",4,2,2
"E00147149",4,1,3
"E00147150",2,0,2
"E00147151",4,1,3
"E00147152",1,0,1
"E00147153",9,4,5
"E00147154",7,4,3
"E00147155",3,2,1
"E00147156",8,6,2
"E00147157",2,2,0
"E00147158",1,0,1
"E00147159",1,1,0
"E00147160",3,2,1
"E00147161",1,0,1
"E00147162",6,4,2
"E00147163",4,2,2
"E00147164",7,3,4
"E00147165",3,2,1
"E00147166",2,0,2
"E00147167",12,6,6
"E00147168",5,1,4
"E00147169",4,2,2
"E00147170",4,2,2
"E00147171",6,2,4
"E00147172",7,3,4
"E00147173",3,2,1
"E00147174",11,5,6
"E00147175",15,10,5
"E00147176",1,0,1
"E00147177",4,3,1
"E00147178",2,0,2
"E00147179",10,2,8
"E00147180",2,1,1
"E00147181",4,3,1
"E00147182",2,0,2
"E00147183",0,0,0
"E00147184",4,3,1
"E00147185",2,1,1
"E00147186",1,0,1
"E00147187",5,4,1
"E00147188",2,1,1
"E00147189",2,0,2
"E00147190",6,5,1
"E00147191",2,0,2
"E00147192",1,0,1
"E00147193",0,0,0
"E00147194",1,0,1
"E00147195",2,1,1
"E00147196",4,1,3
"E00147197",1,0,1
"E00147198",2,1,1
"E00147199",7,2,5
"E00147200",0,0,0
"E00147201",5,3,2
"E00147202",8,6,2
"E00147203",2,1,1
"E00147204",4,3,1
"E00147205",0,0,0
"E00147206",2,0,2
"E00147207",4,3,1
"E00147208",0,0,0
"E00147209",5,3,2
"E00147210",12,7,5
"E00147211",17,8,9
"E00147212",3,1,2
"E00147213",3,1,2
"E00147214",1,1,0
"E00147215",4,2,2
"E00147216",0,0,0
"E00147217",1,1,0
"E00147218",3,2,1
"E00147219",3,2,1
"E00147220",0,0,0
"E00147221",3,0,3
"E00147222",1,1,0
"E00147223",2,1,1
"E00147224",4,2,2
"E00147225",4,3,1
"E00147226",3,2,1
"E00147227",1,0,1
"E00147228",7,3,4
"E00147229",5,3,2
"E00147230",10,8,2
"E00147231",0,0,0
"E00147232",6,3,3
"E00147233",1,1,0
"E00147234",3,2,1
"E00147235",8,3,5
"E00147236",4,3,1
"E00147237",9,5,4
"E00147238",3,1,2
"E00147239",4,1,3
"E00147240",3,1,2
"E00147241",4,2,2
"E00147242",0,0,0
"E00147243",5,2,3
"E00147244",2,1,1
"E00147245",4,3,1
"E00147246",1,0,1
"E00147247",6,1,5
"E00147248",7,5,2
"E00147249",2,1,1
"E00147250",2,1,1
"E00147251",6,4,2
"E00147252",8,2,6
"E00147253",3,1,2
"E00147254",4,3,1
"E00147255",5,4,1
"E00147256",9,4,5
"E00147257",16,10,6
"E00147258",11,5,6
"E00147259",8,5,3
"E00147260",6,3,3
"E00147261",5,2,3
"E00147262",11,4,7
"E00147263",1,1,0
"E00147264",4,2,2
"E00147265",5,3,2
"E00147266",4,1,3
"E00147267",3,1,2
"E00147268",2,2,0
"E00147269",4,0,4
"E00147270",5,3,2
"E00147271",4,0,4
"E00147272",8,3,5
"E00147273",9,6,3
"E00147274",6,4,2
"E00147275",5,2,3
"E00147276",5,1,4
"E00147277",9,7,2
"E00147278",4,1,3
"E00147279",6,3,3
"E00147280",6,3,3
"E00147281",8,6,2
"E00147282",5,2,3
"E00147284",3,1,2
"E00147285",4,1,3
"E00147286",3,2,1
"E00147287",14,9,5
"E00147288",2,1,1
"E00147289",4,1,3
"E00147290",2,0,2
"E00147291",2,1,1
"E00147292",9,3,6
"E00147293",8,2,6
"E00147294",6,5,1
"E00147295",3,2,1
"E00147296",3,2,1
"E00147297",3,1,2
"E00147298",1,0,1
"E00147299",3,3,0
"E00147300",5,2,3
"E00147301",4,3,1
"E00147302",3,1,2
"E00147303",3,2,1
"E00147304",3,3,0
"E00147305",4,1,3
"E00147306",2,2,0
"E00147307",3,2,1
"E00147308",1,0,1
"E00147309",6,3,3
"E00147310",5,2,3
"E00147311",5,4,1
"E00147312",1,0,1
"E00147313",3,1,2
"E00147314",1,0,1
"E00147316",5,1,4
"E00147317",4,3,1
"E00147318",1,1,0
"E00147319",4,2,2
"E00147320",1,0,1
"E00147321",3,1,2
"E00147322",0,0,0
"E00147323",0,0,0
"E00147324",1,0,1
"E00147325",6,4,2
"E00147326",1,1,0
"E00147327",3,0,3
"E00147328",0,0,0
"E00147329",3,0,3
"E00147330",1,1,0
"E00147331",1,1,0
"E00147332",9,6,3
"E00147333",12,7,5
"E00147334",2,2,0
"E00147335",3,3,0
"E00147336",4,3,1
"E00147337",6,3,3
"E00147338",2,1,1
"E00147339",10,5,5
"E00147340",9,5,4
"E00147341",6,2,4
"E00147342",7,2,5
"E00147343",7,5,2
"E00147344",5,1,4
"E00147345",6,4,2
"E00147346",3,2,1
"E00147347",4,2,2
"E00147348",5,3,2
"E00147349",10,2,8
"E00147350",0,0,0
"E00147351",3,2,1
"E00147352",4,3,1
"E00147353",7,5,2
"E00147354",6,2,4
"E00147355",7,3,4
"E00147356",4,2,2
"E00147357",9,6,3
"E00147358",3,0,3
"E00147359",3,1,2
"E00147360",7,4,3
"E00147361",10,4,6
"E00147362",8,5,3
"E00147363",4,1,3
"E00147364",4,3,1
"E00147365",4,1,3
"E00147366",8,5,3
"E00147367",9,8,1
"E00147368",1,0,1
"E00147369",14,5,9
"E00147370",10,4,6
"E00147371",2,2,0
"E00147372",9,3,6
"E00147373",10,8,2
"E00147374",0,0,0
"E00147375",1,0,1
"E00147376",2,1,1
"E00147377",5,4,1
"E00147378",1,0,1
"E00147379",3,3,0
"E00147380",3,1,2
"E00147381",0,0,0
"E00147382",10,7,3
"E00147383",1,1,0
"E00147384",2,1,1
"E00147385",2,1,1
"E00147386",4,2,2
"E00147387",0,0,0
"E00147388",2,1,1
"E00147389",1,1,0
"E00147390",3,1,2
"E00147391",1,0,1
"E00147393",2,0,2
"E00147394",7,4,3
"E00147395",5,1,4
"E00147396",0,0,0
"E00147397",7,2,5
"E00147398",10,6,4
"E00147399",7,3,4
"E00147400",2,2,0
"E00147401",0,0,0
"E00147402",1,1,0
"E00147403",5,1,4
"E00147404",6,4,2
"E00147405",13,9,4
"E00147406",3,3,0
"E00147407",12,9,3
"E00147408",1,0,1
"E00147409",3,2,1
"E00147410",3,2,1
"E00147411",3,1,2
"E00147412",7,2,5
"E00147413",9,2,7
"E00147414",2,1,1
"E00147415",5,3,2
"E00147416",3,2,1
"E00147417",6,5,1
"E00147418",4,3,1
"E00147419",4,3,1
"E00147420",12,6,6
"E00147421",2,0,2
"E00147422",7,4,3
"E00147423",2,2,0
"E00147424",16,8,8
"E00147425",4,3,1
"E00147426",2,1,1
"E00147427",4,2,2
"E00147428",9,5,4
"E00147429",6,1,5
"E00147430",16,7,9
"E00147431",0,0,0
"E00147432",10,5,5
"E00147433",6,4,2
"E00147434",0,0,0
"E00147435",9,3,6
"E00147436",5,2,3
"E00147437",14,6,8
"E00147438",13,8,5
"E00147439",5,2,3
"E00147440",8,5,3
"E00147441",6,3,3
"E00147442",4,2,2
"E00147443",5,1,4
"E00147444",7,5,2
"E00147445",10,8,2
"E00147446",12,5,7
"E00147447",10,3,7
"E00147448",8,0,8
"E00147449",2,1,1
"E00147450",0,0,0
"E00147451",2,0,2
"E00147452",0,0,0
"E00147453",3,1,2
"E00147454",3,1,2
"E00147455",3,2,1
"E00147456",1,0,1
"E00147457",0,0,0
"E00147458",2,1,1
"E00147459",6,4,2
"E00147460",4,3,1
"E00147461",0,0,0
"E00147462",1,1,0
"E00147463",1,1,0
"E00147464",4,1,3
"E00147465",5,1,4
"E00147466",1,1,0
"E00147467",6,2,4
"E00147468",5,3,2
"E00147469",10,7,3
"E00147470",5,3,2
"E00147471",2,0,2
"E00147472",20,8,12
"E00147473",7,2,5
"E00147474",13,5,8
"E00147475",7,4,3
"E00147476",15,10,5
"E00147477",18,9,9
"E00147478",7,4,3
"E00147479",5,2,3
"E00147480",2,1,1
"E00147481",5,3,2
"E00147482",4,2,2
"E00147483",6,4,2
"E00147484",15,9,6
"E00147485",9,7,2
"E00147486",8,6,2
"E00147487",1,1,0
"E00147488",6,3,3
"E00147489",3,2,1
"E00147490",5,2,3
"E00147491",2,1,1
"E00147492",4,0,4
"E00147493",7,5,2
"E00147494",15,7,8
"E00147495",6,5,1
"E00147496",10,5,5
"E00147497",4,2,2
"E00147498",6,3,3
"E00147499",1,1,0
"E00147500",4,2,2
"E00147501",3,0,3
"E00147502",1,0,1
"E00147503",5,2,3
"E00147504",2,0,2
"E00147505",0,0,0
"E00147506",12,6,6
"E00147507",0,0,0
"E00147508",4,1,3
"E00147509",1,1,0
"E00147510",5,1,4
"E00147511",1,1,0
"E00147512",1,0,1
"E00147513",1,1,0
"E00147514",1,0,1
"E00147515",8,4,4
"E00147516",1,0,1
"E00147517",12,7,5
"E00147518",14,11,3
"E00147519",8,5,3
"E00147520",9,3,6
"E00147521",10,7,3
"E00147522",3,3,0
"E00147523",12,4,8
"E00147524",6,2,4
"E00147525",3,1,2
"E00147526",5,0,5
"E00147527",7,5,2
"E00147528",2,1,1
"E00147529",7,4,3
"E00147530",2,0,2
"E00147531",2,1,1
"E00147532",1,1,0
"E00147533",8,3,5
"E00147534",9,5,4
"E00147535",16,6,10
"E00147536",4,3,1
"E00147537",5,4,1
"E00147538",5,3,2
"E00147539",5,0,5
"E00147540",3,1,2
"E00147541",8,4,4
"E00147542",19,12,7
"E00147543",4,0,4
"E00147544",4,2,2
"E00147545",13,7,6
"E00147546",14,7,7
"E00147547",12,7,5
"E00147549",8,6,2
"E00147550",6,4,2
"E00147551",5,4,1
"E00147552",3,1,2
"E00147553",4,4,0
"E00147554",2,0,2
"E00147555",2,1,1
"E00147556",5,2,3
"E00147557",24,22,2
"E00147558",7,5,2
"E00147559",12,5,7
"E00147560",9,4,5
"E00147561",4,1,3
"E00147562",2,1,1
"E00147563",11,5,6
"E00147564",6,3,3
"E00147565",1,1,0
"E00147566",6,3,3
"E00147567",10,4,6
"E00147568",7,2,5
"E00147569",1,0,1
"E00147570",4,2,2
"E00147571",1,1,0
"E00147572",4,0,4
"E00147573",12,9,3
"E00147574",8,4,4
"E00147575",7,6,1
"E00147576",3,3,0
"E00147577",6,4,2
"E00147578",1,0,1
"E00147579",1,0,1
"E00147580",4,4,0
"E00147581",8,6,2
"E00147582",13,7,6
"E00147583",3,1,2
"E00147584",2,1,1
"E00147585",0,0,0
"E00147586",4,4,0
"E00147587",5,2,3
"E00147588",0,0,0
"E00147589",2,1,1
"E00147590",2,2,0
"E00147591",1,1,0
"E00147592",0,0,0
"E00147593",3,1,2
"E00147594",3,2,1
"E00147595",2,1,1
"E00147596",6,4,2
"E00147597",3,2,1
"E00147598",0,0,0
"E00147599",0,0,0
"E00147600",4,1,3
"E00147601",2,1,1
"E00147602",6,1,5
"E00147603",1,1,0
"E00147604",8,4,4
"E00147605",3,1,2
"E00147606",9,6,3
"E00147607",1,1,0
"E00147608",3,1,2
"E00147609",5,1,4
"E00147610",8,6,2
"E00147611",0,0,0
"E00147612",3,1,2
"E00147613",4,3,1
"E00147614",3,1,2
"E00147615",4,2,2
"E00147616",11,7,4
"E00147617",2,1,1
"E00147618",6,4,2
"E00147619",9,5,4
"E00147620",3,1,2
"E00147621",9,2,7
"E00147622",3,0,3
"E00147623",2,2,0
"E00147624",7,3,4
"E00147625",10,4,6
"E00147626",3,1,2
"E00147627",2,2,0
"E00147628",3,2,1
"E00147629",0,0,0
"E00147630",10,2,8
"E00147631",1,1,0
"E00147632",0,0,0
"E00147633",1,0,1
"E00147634",2,0,2
"E00147635",4,3,1
"E00147636",14,11,3
"E00147637",7,3,4
"E00147638",7,5,2
"E00147639",2,1,1
"E00147640",6,1,5
"E00147641",1,1,0
"E00147642",3,1,2
"E00147643",10,5,5
"E00147644",5,1,4
"E00147645",2,1,1
"E00147646",2,0,2
"E00147647",3,1,2
"E00147648",6,2,4
"E00147649",3,1,2
"E00147650",3,2,1
"E00147651",11,7,4
"E00147652",8,4,4
"E00147653",5,2,3
"E00147654",6,4,2
"E00147655",8,3,5
"E00147656",3,1,2
"E00147657",5,2,3
"E00147658",3,1,2
"E00147659",8,5,3
"E00147660",0,0,0
"E00147661",4,2,2
"E00147662",1,0,1
"E00147663",20,8,12
"E00147664",13,7,6
"E00147665",7,2,5
"E00147666",6,5,1
"E00147667",9,4,5
"E00147668",6,3,3
"E00147669",5,3,2
"E00147670",8,5,3
"E00147671",7,1,6
"E00147672",2,1,1
"E00147673",8,4,4
"E00147674",6,5,1
"E00147675",4,0,4
"E00147676",2,2,0
"E00147677",2,1,1
"E00147678",1,0,1
"E00147679",4,2,2
"E00147680",1,1,0
"E00147681",5,1,4
"E00147682",10,8,2
"E00147683",3,1,2
"E00147684",6,2,4
"E00147685",9,3,6
"E00147686",0,0,0
"E00147689",1,1,0
"E00147690",4,1,3
"E00147691",7,2,5
"E00147692",4,1,3
"E00147693",9,6,3
"E00147694",7,3,4
"E00147695",7,4,3
"E00147696",9,4,5
"E00147697",2,1,1
"E00147698",3,2,1
"E00147699",2,0,2
"E00147700",0,0,0
"E00147701",10,5,5
"E00147702",11,6,5
"E00147703",11,5,6
"E00147704",9,6,3
"E00147705",6,6,0
"E00147706",7,2,5
"E00147707",0,0,0
"E00147708",3,1,2
"E00147709",4,2,2
"E00147710",4,3,1
"E00147711",8,6,2
"E00147712",0,0,0
"E00147713",3,0,3
"E00147714",11,5,6
"E00147715",17,9,8
"E00147716",4,2,2
"E00147717",5,0,5
"E00147718",16,5,11
"E00147719",3,1,2
"E00147720",0,0,0
"E00147721",7,4,3
"E00147722",1,1,0
"E00147723",6,2,4
"E00147724",5,3,2
"E00147725",3,0,3
"E00147726",0,0,0
"E00147727",6,2,4
"E00147728",8,7,1
"E00147729",3,1,2
"E00147730",3,2,1
"E00147731",12,6,6
"E00147732",5,2,3
"E00147733",0,0,0
"E00147734",7,2,5
"E00147735",3,2,1
"E00147736",1,0,1
"E00147737",1,0,1
"E00147738",2,1,1
"E00147739",6,4,2
"E00147740",2,2,0
"E00147741",1,1,0
"E00147742",6,2,4
"E00147743",3,0,3
"E00147744",2,1,1
"E00147745",4,3,1
"E00147747",7,5,2
"E00147748",0,0,0
"E00147749",3,1,2
"E00147750",1,0,1
"E00147751",7,5,2
"E00147752",1,1,0
"E00147753",5,2,3
"E00147754",5,4,1
"E00147755",0,0,0
"E00147756",4,2,2
"E00147757",4,2,2
"E00147758",1,0,1
"E00147759",4,2,2
"E00147760",1,0,1
"E00147761",4,4,0
"E00147762",1,1,0
"E00147763",7,1,6
"E00147764",7,3,4
"E00147765",3,1,2
"E00147766",10,3,7
"E00147767",11,6,5
"E00147768",18,7,11
"E00147769",4,2,2
"E00147770",8,5,3
"E00147771",13,8,5
"E00147772",11,2,9
"E00147773",2,0,2
"E00147774",7,4,3
"E00147775",12,7,5
"E00147776",4,1,3
"E00147777",3,3,0
"E00147778",7,4,3
"E00147779",4,4,0
"E00147780",11,8,3
"E00147781",5,4,1
"E00147782",5,1,4
"E00147783",6,3,3
"E00147784",0,0,0
"E00147785",12,7,5
"E00147786",9,4,5
"E00147787",10,6,4
"E00147788",11,5,6
"E00147789",2,1,1
"E00147790",6,2,4
"E00147791",4,0,4
"E00147792",7,5,2
"E00147793",8,5,3
"E00147794",7,4,3
"E00147795",13,7,6
"E00147796",9,5,4
"E00147797",4,2,2
"E00147798",9,6,3
"E00147799",10,6,4
"E00147800",2,2,0
"E00147801",3,2,1
"E00147802",5,4,1
"E00147803",4,3,1
"E00147804",2,0,2
"E00147805",7,3,4
"E00147806",3,2,1
"E00147807",0,0,0
"E00147808",10,5,5
"E00147809",11,4,7
"E00147810",12,9,3
"E00147811",11,7,4
"E00147812",9,6,3
"E00147813",6,4,2
"E00147814",10,5,5
"E00147815",4,3,1
"E00147816",5,3,2
"E00147817",9,7,2
"E00147818",12,7,5
"E00147819",6,4,2
"E00147820",8,6,2
"E00147821",1,1,0
"E00147822",4,1,3
"E00147823",3,0,3
"E00147824",3,2,1
"E00147825",3,1,2
"E00147826",3,1,2
"E00147827",5,1,4
"E00147828",8,6,2
"E00147829",9,5,4
"E00147830",15,7,8
"E00147831",5,1,4
"E00147832",0,0,0
"E00147833",3,2,1
"E00147834",7,5,2
"E00147835",1,0,1
"E00147836",3,2,1
"E00147837",11,5,6
"E00147838",1,1,0
"E00147839",5,2,3
"E00147840",2,0,2
"E00147841",5,4,1
"E00147842",8,2,6
"E00147843",1,0,1
"E00147844",3,3,0
"E00147845",3,3,0
"E00147846",2,1,1
"E00147847",4,3,1
"E00147848",1,0,1
"E00147849",6,2,4
"E00147850",8,4,4
"E00147851",3,1,2
"E00147852",0,0,0
"E00147853",5,0,5
"E00147854",4,1,3
"E00147855",2,0,2
"E00147856",6,0,6
"E00147857",0,0,0
"E00147858",3,3,0
"E00147859",4,0,4
"E00147860",3,2,1
"E00147861",2,1,1
"E00147862",4,3,1
"E00147863",6,4,2
"E00147864",3,2,1
"E00147865",6,4,2
"E00147866",0,0,0
"E00147867",2,1,1
"E00147868",2,0,2
"E00147869",1,1,0
"E00147870",3,3,0
"E00147871",15,7,8
"E00147872",5,2,3
"E00147873",6,4,2
"E00147874",2,2,0
"E00147875",7,3,4
"E00147876",5,2,3
"E00147877",3,1,2
"E00147878",6,3,3
"E00147879",3,3,0
"E00147880",3,2,1
"E00147881",4,2,2
"E00147882",2,1,1
"E00147883",4,2,2
"E00147884",4,3,1
"E00147885",3,2,1
"E00147886",5,3,2
"E00147887",5,2,3
"E00147888",1,0,1
"E00147889",4,0,4
"E00147890",0,0,0
"E00147891",2,1,1
"E00147892",10,3,7
"E00147893",0,0,0
"E00147894",0,0,0
"E00147895",1,1,0
"E00147896",3,3,0
"E00147897",2,1,1
"E00147898",6,4,2
"E00147899",8,3,5
"E00147900",1,1,0
"E00147901",2,1,1
"E00147902",0,0,0
"E00147903",3,1,2
"E00147904",3,3,0
"E00147905",2,1,1
"E00147906",9,6,3
"E00147907",2,2,0
"E00147908",2,1,1
"E00147909",5,3,2
"E00147910",5,3,2
"E00147912",6,3,3
"E00147913",0,0,0
"E00147915",1,0,1
"E00147916",3,1,2
"E00147917",4,3,1
"E00147918",1,0,1
"E00147919",4,1,3
"E00147920",4,2,2
"E00147921",6,4,2
"E00147922",1,0,1
"E00147923",3,0,3
"E00147924",2,1,1
"E00147925",5,5,0
"E00147926",3,0,3
"E00147927",4,2,2
"E00147928",7,3,4
"E00147929",0,0,0
"E00147930",4,2,2
"E00147931",4,3,1
"E00147932",5,3,2
"E00147933",6,4,2
"E00147934",5,4,1
"E00147935",12,5,7
"E00147936",3,1,2
"E00147937",3,3,0
"E00147938",5,1,4
"E00147939",4,1,3
"E00147940",8,2,6
"E00147941",7,4,3
"E00147942",0,0,0
"E00147943",12,5,7
"E00147944",4,3,1
"E00147945",6,4,2
"E00147946",5,3,2
"E00147947",4,3,1
"E00147948",10,5,5
"E00147949",15,4,11
"E00147950",8,3,5
"E00147951",6,2,4
"E00147952",1,1,0
"E00147953",4,2,2
"E00147954",9,8,1
"E00147955",10,5,5
"E00147956",8,2,6
"E00147957",4,1,3
"E00147958",8,2,6
"E00147959",5,2,3
"E00147960",11,6,5
"E00147961",4,1,3
"E00147962",9,6,3
"E00147963",5,2,3
"E00147964",1,0,1
"E00147965",3,1,2
"E00147966",4,3,1
"E00147967",15,8,7
"E00147968",4,2,2
"E00147969",3,0,3
"E00147970",5,2,3
"E00147971",1,1,0
"E00147972",0,0,0
"E00147973",6,5,1
"E00147974",12,10,2
"E00147975",11,3,8
"E00147976",16,5,11
"E00147977",15,10,5
"E00147978",0,0,0
"E00147979",1,1,0
"E00147980",10,4,6
"E00147981",6,6,0
"E00147982",2,1,1
"E00147983",5,4,1
"E00147984",3,2,1
"E00147985",2,1,1
"E00147986",10,3,7
"E00147987",8,4,4
"E00147988",16,10,6
"E00147989",2,0,2
"E00147990",2,1,1
"E00147991",0,0,0
"E00147992",9,6,3
"E00147993",18,11,7
"E00147994",16,8,8
"E00147995",10,6,4
"E00147996",2,1,1
"E00147997",16,11,5
"E00147998",5,5,0
"E00147999",8,1,7
"E00148000",8,3,5
"E00148001",3,1,2
"E00148002",5,2,3
"E00148003",7,2,5
"E00148004",7,2,5
"E00148005",4,3,1
"E00148006",11,4,7
"E00148007",8,6,2
"E00148008",6,3,3
"E00148009",8,3,5
"E00148010",7,5,2
"E00148011",7,2,5
"E00148012",13,7,6
"E00148013",6,3,3
"E00148014",7,3,4
"E00148015",0,0,0
"E00148016",8,4,4
"E00148017",2,0,2
"E00148018",1,1,0
"E00148019",0,0,0
"E00148020",2,0,2
"E00148021",4,1,3
"E00148022",4,2,2
"E00148023",0,0,0
"E00148024",4,2,2
"E00148026",1,0,1
"E00148027",0,0,0
"E00148028",7,4,3
"E00148029",5,3,2
"E00148030",5,0,5
"E00148031",5,4,1
"E00148032",0,0,0
"E00148033",1,0,1
"E00148034",4,2,2
"E00148035",1,0,1
"E00148036",3,1,2
"E00148037",0,0,0
"E00148038",1,1,0
"E00148039",2,0,2
"E00148040",3,2,1
"E00148041",5,2,3
"E00148042",4,4,0
"E00148043",1,0,1
"E00148044",9,4,5
"E00148045",4,1,3
"E00148046",8,4,4
"E00148047",2,0,2
"E00148048",4,3,1
"E00148049",8,3,5
"E00148051",2,0,2
"E00148052",0,0,0
"E00148053",3,1,2
"E00148054",1,0,1
"E00148055",4,3,1
"E00148056",1,1,0
"E00148057",1,1,0
"E00148058",0,0,0
"E00148059",0,0,0
"E00148060",0,0,0
"E00148061",0,0,0
"E00148062",7,3,4
"E00148063",7,4,3
"E00148064",1,0,1
"E00148065",5,3,2
"E00148066",0,0,0
"E00148067",5,3,2
"E00148069",11,6,5
"E00148071",5,5,0
"E00148072",3,2,1
"E00148073",1,0,1
"E00148074",8,2,6
"E00148075",2,0,2
"E00148076",0,0,0
"E00148077",9,4,5
"E00148078",1,1,0
"E00148079",1,0,1
"E00148080",1,0,1
"E00148081",6,2,4
"E00148082",0,0,0
"E00148083",7,3,4
"E00148084",3,1,2
"E00148085",0,0,0
"E00148086",5,3,2
"E00148087",0,0,0
"E00148088",0,0,0
"E00148089",15,10,5
"E00148090",12,3,9
"E00148091",10,6,4
"E00148092",6,4,2
"E00148093",16,10,6
"E00148094",17,10,7
"E00148095",0,0,0
"E00148096",0,0,0
"E00148097",4,2,2
"E00148098",4,2,2
"E00148099",5,3,2
"E00148100",6,1,5
"E00148101",1,1,0
"E00148102",9,7,2
"E00148103",4,3,1
"E00148104",12,6,6
"E00148105",3,2,1
"E00148106",5,1,4
"E00148107",0,0,0
"E00148108",7,5,2
"E00148109",9,6,3
"E00148110",2,0,2
"E00148111",8,5,3
"E00148112",8,2,6
"E00148113",4,3,1
"E00148114",4,2,2
"E00148115",1,1,0
"E00148116",0,0,0
"E00148117",5,2,3
"E00148118",5,3,2
"E00148119",1,0,1
"E00148120",8,7,1
"E00148121",3,3,0
"E00148122",2,2,0
"E00148123",3,2,1
"E00148124",8,5,3
"E00148125",15,9,6
"E00148126",5,4,1
"E00148127",24,8,16
"E00148128",7,4,3
"E00148129",2,0,2
"E00148130",3,2,1
"E00148131",5,0,5
"E00148132",4,1,3
"E00148133",2,2,0
"E00148134",8,3,5
"E00148135",6,0,6
"E00148136",9,3,6
"E00148137",15,12,3
"E00148138",9,5,4
"E00148139",15,9,6
"E00148140",9,6,3
"E00148141",5,2,3
"E00148142",5,3,2
"E00148143",7,3,4
"E00148144",8,1,7
"E00148145",5,3,2
"E00148146",3,1,2
"E00148147",2,1,1
"E00148148",2,1,1
"E00148149",0,0,0
"E00148150",1,1,0
"E00148151",3,3,0
"E00148152",3,2,1
"E00148153",14,11,3
"E00148154",10,6,4
"E00148155",8,5,3
"E00148156",9,5,4
"E00148157",4,4,0
"E00148158",16,8,8
"E00148159",0,0,0
"E00148160",4,0,4
"E00148161",2,1,1
"E00148162",0,0,0
"E00148163",0,0,0
"E00148164",1,1,0
"E00148165",0,0,0
"E00148166",2,1,1
"E00148167",2,0,2
"E00148168",0,0,0
"E00148169",5,2,3
"E00148170",2,1,1
"E00148171",7,2,5
"E00148172",5,1,4
"E00148173",0,0,0
"E00148174",0,0,0
"E00148175",0,0,0
"E00148176",0,0,0
"E00148177",1,0,1
"E00148178",0,0,0
"E00148179",5,3,2
"E00148180",0,0,0
"E00148181",1,1,0
"E00148182",1,0,1
"E00148183",1,1,0
"E00148184",5,1,4
"E00148185",3,2,1
"E00148186",3,1,2
"E00148187",0,0,0
"E00148188",3,2,1
"E00148189",1,0,1
"E00148190",1,1,0
"E00148191",8,4,4
"E00148192",2,0,2
"E00148193",1,0,1
"E00148194",0,0,0
"E00148195",0,0,0
"E00148196",2,0,2
"E00148197",1,1,0
"E00148198",1,0,1
"E00148199",6,4,2
"E00148200",3,1,2
"E00148201",0,0,0
"E00148202",3,1,2
"E00148203",2,0,2
"E00148204",0,0,0
"E00148205",1,0,1
"E00148206",3,2,1
"E00148207",4,4,0
"E00148208",5,3,2
"E00148209",4,1,3
"E00148210",1,1,0
"E00148211",1,1,0
"E00148212",1,1,0
"E00148213",2,1,1
"E00148214",0,0,0
"E00148215",3,0,3
"E00148216",1,0,1
"E00148217",1,0,1
"E00148218",2,1,1
"E00148219",3,1,2
"E00148220",6,5,1
"E00148221",5,3,2
"E00148222",5,2,3
"E00148223",2,1,1
"E00148224",0,0,0
"E00148225",1,1,0
"E00148226",5,4,1
"E00148227",3,2,1
"E00148228",1,1,0
"E00148229",2,2,0
"E00148230",7,4,3
"E00148231",2,1,1
"E00148232",5,2,3
"E00148233",2,1,1
"E00148234",1,0,1
"E00148235",1,0,1
"E00148236",6,3,3
"E00148237",8,5,3
"E00148238",1,0,1
"E00148239",4,2,2
"E00148240",0,0,0
"E00148241",1,1,0
"E00148242",2,1,1
"E00148243",1,0,1
"E00148244",3,2,1
"E00148245",3,2,1
"E00148246",3,2,1
"E00148247",0,0,0
"E00148248",1,0,1
"E00148249",1,0,1
"E00148250",0,0,0
"E00148251",1,0,1
"E00148252",0,0,0
"E00148253",2,0,2
"E00148254",0,0,0
"E00148255",1,1,0
"E00148256",5,3,2
"E00148257",2,0,2
"E00148258",2,1,1
"E00148259",1,1,0
"E00148260",4,3,1
"E00148261",2,2,0
"E00148262",0,0,0
"E00148263",0,0,0
"E00148264",1,0,1
"E00148265",8,6,2
"E00148266",0,0,0
"E00148267",0,0,0
"E00148269",1,1,0
"E00148270",0,0,0
"E00148272",1,1,0
"E00148273",0,0,0
"E00148274",0,0,0
"E00148275",3,0,3
"E00148276",0,0,0
"E00148277",6,2,4
"E00148278",3,1,2
"E00148279",4,2,2
"E00148280",0,0,0
"E00148281",1,0,1
"E00148282",5,2,3
"E00148283",3,1,2
"E00148284",1,0,1
"E00148285",0,0,0
"E00148286",0,0,0
"E00148287",3,2,1
"E00148288",9,4,5
"E00148289",0,0,0
"E00148290",6,2,4
"E00148291",0,0,0
"E00148292",2,2,0
"E00148293",0,0,0
"E00148294",1,0,1
"E00148295",0,0,0
"E00148296",5,3,2
"E00148297",6,2,4
"E00148298",0,0,0
"E00148299",1,1,0
"E00148300",2,2,0
"E00148301",2,0,2
"E00148302",1,0,1
"E00148303",4,3,1
"E00148304",2,2,0
"E00148305",0,0,0
"E00148306",3,2,1
"E00148307",0,0,0
"E00148308",1,1,0
"E00148309",3,1,2
"E00148310",0,0,0
"E00148311",0,0,0
"E00148312",1,1,0
"E00148313",3,1,2
"E00148314",6,3,3
"E00148315",0,0,0
"E00148316",3,1,2
"E00148317",8,5,3
"E00148318",0,0,0
"E00148319",1,0,1
"E00148320",1,0,1
"E00148321",4,2,2
"E00148322",8,4,4
"E00148323",2,1,1
"E00148324",7,6,1
"E00148325",3,3,0
"E00148326",2,1,1
"E00148327",5,4,1
"E00148328",3,0,3
"E00148329",3,2,1
"E00148330",9,6,3
"E00148331",1,1,0
"E00148332",7,3,4
"E00148333",10,4,6
"E00148334",9,1,8
"E00148335",3,1,2
"E00148336",7,4,3
"E00148337",1,1,0
"E00148338",2,0,2
"E00148339",4,2,2
"E00148340",4,0,4
"E00148341",2,1,1
"E00148342",1,0,1
"E00148343",15,7,8
"E00148344",5,2,3
"E00148345",10,4,6
"E00148346",11,5,6
"E00148347",0,0,0
"E00148348",0,0,0
"E00148349",17,7,10
"E00148350",16,12,4
"E00148351",7,4,3
"E00148352",0,0,0
"E00148353",6,5,1
"E00148354",9,3,6
"E00148355",11,3,8
"E00148356",7,3,4
"E00148357",6,2,4
"E00148358",9,5,4
"E00148359",3,2,1
"E00148360",6,4,2
"E00148361",3,3,0
"E00148362",3,2,1
"E00148363",4,4,0
"E00148364",0,0,0
"E00148365",3,2,1
"E00148366",7,2,5
"E00148367",9,2,7
"E00148368",7,7,0
"E00148369",6,5,1
"E00148370",7,5,2
"E00148371",11,5,6
"E00148372",7,3,4
"E00148373",10,6,4
"E00148374",14,11,3
"E00148375",4,3,1
"E00148376",3,2,1
"E00148377",3,2,1
"E00148378",2,1,1
"E00148379",2,1,1
"E00148380",3,2,1
"E00148381",2,1,1
"E00148382",2,1,1
"E00148383",1,1,0
"E00148384",4,2,2
"E00148385",2,0,2
"E00148386",2,1,1
"E00148387",1,0,1
"E00148388",3,3,0
"E00148389",4,3,1
"E00148390",0,0,0
"E00148391",0,0,0
"E00148392",0,0,0
"E00148393",1,1,0
"E00148394",4,2,2
"E00148395",1,0,1
"E00148396",2,2,0
"E00148397",4,3,1
"E00148398",7,4,3
"E00148399",5,2,3
"E00148400",0,0,0
"E00148401",9,5,4
"E00148402",0,0,0
"E00148403",3,2,1
"E00148404",1,0,1
"E00148405",1,1,0
"E00148406",3,0,3
"E00148407",0,0,0
"E00148408",4,1,3
"E00148409",2,2,0
"E00148410",8,4,4
"E00148411",15,8,7
"E00148412",7,5,2
"E00148413",5,1,4
"E00148414",5,3,2
"E00148415",5,3,2
"E00148416",6,5,1
"E00148417",2,0,2
"E00148418",2,1,1
"E00148419",0,0,0
"E00148420",5,3,2
"E00148421",2,0,2
"E00148422",7,3,4
"E00148423",1,1,0
"E00148424",11,4,7
"E00148425",7,5,2
"E00148426",5,5,0
"E00148427",2,1,1
"E00148428",4,2,2
"E00148429",3,0,3
"E00148431",5,4,1
"E00148432",2,0,2
"E00148433",5,2,3
"E00148434",12,9,3
"E00148435",5,3,2
"E00148436",2,0,2
"E00148437",5,2,3
"E00148438",5,3,2
"E00148439",3,2,1
"E00148440",8,4,4
"E00148441",3,2,1
"E00148442",4,2,2
"E00148443",3,2,1
"E00148444",0,0,0
"E00148446",10,4,6
"E00148447",3,2,1
"E00148449",1,1,0
"E00148450",8,3,5
"E00148451",8,5,3
"E00148452",1,1,0
"E00148453",1,0,1
"E00148454",1,1,0
"E00148455",3,1,2
"E00148456",4,2,2
"E00148457",2,1,1
"E00148458",2,1,1
"E00148459",7,4,3
"E00148461",9,6,3
"E00148462",9,5,4
"E00148463",3,0,3
"E00148464",1,1,0
"E00148465",14,9,5
"E00148466",10,6,4
"E00148467",2,1,1
"E00148468",2,1,1
"E00148469",10,7,3
"E00148470",7,3,4
"E00148471",9,5,4
"E00148472",4,3,1
"E00148473",9,6,3
"E00148474",8,3,5
"E00148475",12,4,8
"E00148476",10,5,5
"E00148477",6,4,2
"E00148478",13,7,6
"E00148479",5,2,3
"E00148480",6,3,3
"E00148481",6,2,4
"E00148482",8,5,3
"E00148483",10,6,4
"E00148484",8,2,6
"E00148485",6,5,1
"E00148486",5,2,3
"E00148487",0,0,0
"E00148488",2,0,2
"E00148489",1,0,1
"E00148490",3,1,2
"E00148491",0,0,0
"E00148492",3,1,2
"E00148493",4,2,2
"E00148494",6,2,4
"E00148495",7,4,3
"E00148496",0,0,0
"E00148497",4,1,3
"E00148498",8,2,6
"E00148499",3,2,1
"E00148500",5,2,3
"E00148501",1,1,0
"E00148502",3,1,2
"E00148503",3,2,1
"E00148504",0,0,0
"E00148505",8,2,6
"E00148506",4,1,3
"E00148507",4,3,1
"E00148508",9,5,4
"E00148509",13,6,7
"E00148510",5,4,1
"E00148511",9,5,4
"E00148512",2,0,2
"E00148513",7,3,4
"E00148514",1,1,0
"E00148515",12,6,6
"E00148516",4,2,2
"E00148517",4,2,2
"E00148518",13,7,6
"E00148519",10,5,5
"E00148520",1,0,1
"E00148521",8,4,4
"E00148522",10,4,6
"E00148523",3,0,3
"E00148524",4,3,1
"E00148525",4,2,2
"E00148526",2,2,0
"E00148527",6,3,3
"E00148528",27,15,12
"E00148529",8,4,4
"E00148530",28,11,17
"E00148531",4,1,3
"E00148533",0,0,0
"E00148534",11,7,4
"E00148535",6,3,3
"E00148537",4,2,2
"E00148538",1,1,0
"E00148539",8,4,4
"E00148540",1,0,1
"E00148542",4,2,2
"E00148543",1,0,1
"E00148544",0,0,0
"E00148545",5,3,2
"E00148546",3,0,3
"E00148547",15,9,6
"E00148548",9,6,3
"E00148549",4,3,1
"E00148550",7,4,3
"E00148551",17,7,10
"E00148552",12,5,7
"E00148553",5,1,4
"E00148554",1,1,0
"E00148555",4,2,2
"E00148556",1,0,1
"E00148557",6,1,5
"E00148558",7,5,2
"E00148559",1,1,0
"E00148560",4,2,2
"E00148561",10,3,7
"E00148562",8,4,4
"E00148563",9,2,7
"E00148564",3,3,0
"E00148565",8,5,3
"E00148566",1,1,0
"E00148567",8,5,3
"E00148568",8,5,3
"E00148569",0,0,0
"E00148570",3,1,2
"E00148571",1,1,0
"E00148572",11,8,3
"E00148573",5,2,3
"E00148574",6,3,3
"E00148575",2,2,0
"E00148576",1,0,1
"E00148577",10,6,4
"E00148578",0,0,0
"E00148579",2,1,1
"E00148580",1,0,1
"E00148581",5,5,0
"E00148582",5,3,2
"E00148583",17,10,7
"E00148584",10,4,6
"E00148585",10,6,4
"E00148586",5,3,2
"E00148587",3,2,1
"E00148588",16,10,6
"E00148589",3,3,0
"E00148590",1,1,0
"E00148591",4,3,1
"E00148592",0,0,0
"E00148593",3,0,3
"E00148594",6,5,1
"E00148595",4,2,2
"E00148596",1,0,1
"E00148597",3,2,1
"E00148598",4,3,1
"E00148599",5,1,4
"E00148600",4,3,1
"E00148601",1,0,1
"E00148602",6,2,4
"E00148603",0,0,0
"E00148604",2,2,0
"E00148605",3,0,3
"E00148606",3,1,2
"E00148607",5,3,2
"E00148608",5,0,5
"E00148609",1,1,0
"E00148610",1,1,0
"E00148611",1,0,1
"E00148612",7,4,3
"E00148613",0,0,0
"E00148614",0,0,0
"E00148615",0,0,0
"E00148616",3,1,2
"E00148617",1,0,1
"E00148619",9,4,5
"E00148620",3,0,3
"E00148621",1,0,1
"E00148622",3,2,1
"E00148623",3,1,2
"E00148624",7,1,6
"E00148625",2,1,1
"E00148626",0,0,0
"E00148627",1,0,1
"E00148628",2,1,1
"E00148629",3,2,1
"E00148630",5,3,2
"E00148631",1,0,1
"E00148632",1,1,0
"E00148633",2,0,2
"E00148634",5,5,0
"E00148635",2,1,1
"E00148636",5,5,0
"E00148637",4,2,2
"E00148638",9,3,6
"E00148639",3,1,2
"E00148640",2,1,1
"E00148641",8,4,4
"E00148642",4,1,3
"E00148643",11,7,4
"E00148644",3,2,1
"E00148645",0,0,0
"E00148646",1,0,1
"E00148647",3,1,2
"E00148648",9,6,3
"E00148649",9,5,4
"E00148650",12,8,4
"E00148651",9,3,6
"E00148652",5,4,1
"E00148653",2,1,1
"E00148654",3,2,1
"E00148655",4,2,2
"E00148656",2,0,2
"E00148657",4,2,2
"E00148658",4,2,2
"E00148659",1,1,0
"E00148660",2,1,1
"E00148661",0,0,0
"E00148662",1,1,0
"E00148663",2,2,0
"E00148664",5,2,3
"E00148665",0,0,0
"E00148666",3,2,1
"E00148667",2,2,0
"E00148668",1,1,0
"E00148669",3,1,2
"E00148670",0,0,0
"E00148671",0,0,0
"E00148672",1,0,1
"E00148673",3,2,1
"E00148674",3,3,0
"E00148675",2,1,1
"E00148676",4,3,1
"E00148677",5,3,2
"E00148678",4,3,1
"E00148679",13,6,7
"E00148680",7,5,2
"E00148681",6,3,3
"E00148682",3,2,1
"E00148683",0,0,0
"E00148686",4,0,4
"E00148687",6,3,3
"E00148688",9,7,2
"E00148689",3,1,2
"E00148690",3,2,1
"E00148691",6,4,2
"E00148692",2,2,0
"E00148693",0,0,0
"E00148694",0,0,0
"E00148695",8,4,4
"E00148696",5,4,1
"E00148697",0,0,0
"E00148698",7,4,3
"E00148699",14,10,4
"E00148700",7,2,5
"E00148701",5,2,3
"E00148702",0,0,0
"E00148703",1,1,0
"E00148704",3,1,2
"E00148705",5,1,4
"E00148706",2,1,1
"E00148707",1,1,0
"E00148708",2,0,2
"E00148709",0,0,0
"E00148710",4,1,3
"E00148711",3,0,3
"E00148712",7,6,1
"E00148713",6,5,1
"E00148714",0,0,0
"E00148715",2,1,1
"E00148716",5,2,3
"E00148717",1,1,0
"E00148718",1,1,0
"E00148719",0,0,0
"E00148723",7,3,4
"E00148724",5,3,2
"E00148725",2,0,2
"E00148726",2,1,1
"E00148727",5,3,2
"E00148728",5,4,1
"E00148729",3,0,3
"E00148730",3,2,1
"E00148731",2,1,1
"E00148732",4,1,3
"E00148733",2,1,1
"E00148734",2,1,1
"E00148735",10,3,7
"E00148736",0,0,0
"E00148737",5,1,4
"E00148738",6,2,4
"E00148739",2,1,1
"E00148740",26,16,10
"E00148741",14,9,5
"E00148742",5,2,3
"E00148743",5,2,3
"E00148744",7,3,4
"E00148745",4,3,1
"E00148746",23,14,9
"E00148747",8,7,1
"E00148748",1,1,0
"E00148750",2,1,1
"E00148751",2,1,1
"E00148752",5,3,2
"E00148753",1,0,1
"E00148754",8,3,5
"E00148755",9,3,6
"E00148756",3,0,3
"E00148757",3,1,2
"E00148758",0,0,0
"E00148759",1,0,1
"E00148760",6,3,3
"E00148761",5,2,3
"E00148762",10,4,6
"E00148763",4,4,0
"E00148764",0,0,0
"E00148765",8,4,4
"E00148766",6,4,2
"E00148767",5,1,4
"E00148768",2,1,1
"E00148769",3,1,2
"E00148770",4,2,2
"E00148771",5,2,3
"E00148772",0,0,0
"E00148773",5,5,0
"E00148774",4,2,2
"E00148775",2,0,2
"E00148776",9,5,4
"E00148777",4,2,2
"E00148778",4,1,3
"E00148779",7,4,3
"E00148780",4,0,4
"E00148781",3,2,1
"E00148782",5,0,5
"E00148783",4,2,2
"E00148784",7,3,4
"E00148785",7,5,2
"E00148786",7,2,5
"E00148787",8,2,6
"E00148788",3,2,1
"E00148789",3,1,2
"E00148790",5,1,4
"E00148791",6,3,3
"E00148792",4,1,3
"E00148793",2,2,0
"E00148794",10,6,4
"E00148795",2,2,0
"E00148796",5,4,1
"E00148797",19,12,7
"E00148798",11,4,7
"E00148799",5,2,3
"E00148800",7,2,5
"E00148801",15,5,10
"E00148802",6,2,4
"E00148803",7,4,3
"E00148804",8,3,5
"E00148805",5,5,0
"E00148806",5,1,4
"E00148807",4,2,2
"E00148808",4,2,2
"E00148809",5,3,2
"E00148810",35,25,10
"E00148811",1,1,0
"E00148812",4,1,3
"E00148813",3,1,2
"E00148814",7,2,5
"E00148815",4,1,3
"E00148816",3,2,1
"E00148817",4,3,1
"E00148818",5,2,3
"E00148819",6,4,2
"E00148820",4,2,2
"E00148821",6,2,4
"E00148822",5,4,1
"E00148823",5,3,2
"E00148824",3,2,1
"E00148825",4,2,2
"E00148826",6,4,2
"E00148827",14,8,6
"E00148828",4,2,2
"E00148829",3,3,0
"E00148830",3,2,1
"E00148831",0,0,0
"E00148832",5,2,3
"E00148833",6,3,3
"E00148834",5,4,1
"E00148835",2,0,2
"E00148836",3,1,2
"E00148837",6,4,2
"E00148838",4,1,3
"E00148839",6,2,4
"E00148840",6,5,1
"E00148841",5,3,2
"E00148842",0,0,0
"E00148843",0,0,0
"E00148844",5,2,3
"E00148845",1,1,0
"E00148846",5,2,3
"E00148847",27,17,10
"E00148848",26,8,18
"E00148849",11,4,7
"E00148850",7,5,2
"E00148851",20,7,13
"E00148852",5,3,2
"E00148853",17,11,6
"E00148854",6,2,4
"E00148855",7,5,2
"E00148856",9,3,6
"E00148857",12,3,9
"E00148858",9,5,4
"E00148859",9,6,3
"E00148860",9,7,2
"E00148861",4,2,2
"E00148862",5,4,1
"E00148863",11,5,6
"E00148864",5,2,3
"E00148865",5,1,4
"E00148866",3,3,0
"E00148867",4,2,2
"E00148868",4,4,0
"E00148869",7,4,3
"E00148870",8,5,3
"E00148871",3,2,1
"E00148872",6,2,4
"E00148873",5,2,3
"E00148874",6,2,4
"E00148875",5,1,4
"E00148876",12,4,8
"E00148877",6,3,3
"E00148878",3,0,3
"E00148879",1,1,0
"E00148880",2,0,2
"E00148881",4,2,2
"E00148882",4,1,3
"E00148883",11,7,4
"E00148884",8,4,4
"E00148885",4,2,2
"E00148886",3,1,2
"E00148887",5,3,2
"E00148888",3,0,3
"E00148889",1,0,1
"E00148890",5,2,3
"E00148891",7,6,1
"E00148892",8,7,1
"E00148893",5,3,2
"E00148894",10,5,5
"E00148895",1,0,1
"E00148896",2,1,1
"E00148897",0,0,0
"E00148898",9,2,7
"E00148899",1,0,1
"E00148900",8,2,6
"E00148901",6,2,4
"E00148902",9,4,5
"E00148903",8,2,6
"E00148904",5,4,1
"E00148905",7,3,4
"E00148906",0,0,0
"E00148907",4,0,4
"E00148908",3,1,2
"E00148909",0,0,0
"E00148910",3,1,2
"E00148911",1,0,1
"E00148912",15,9,6
"E00148913",2,2,0
"E00148914",0,0,0
"E00148915",1,0,1
"E00148916",2,1,1
"E00148917",4,3,1
"E00148918",5,3,2
"E00148919",4,0,4
"E00148920",5,1,4
"E00148921",9,6,3
"E00148922",4,0,4
"E00148923",4,2,2
"E00148924",13,6,7
"E00148925",2,1,1
"E00148926",4,2,2
"E00148927",0,0,0
"E00148928",2,1,1
"E00148929",11,7,4
"E00148930",1,1,0
"E00148931",1,0,1
"E00148932",4,2,2
"E00148933",8,4,4
"E00148934",3,2,1
"E00148935",6,4,2
"E00148936",0,0,0
"E00148937",0,0,0
"E00148938",1,1,0
"E00148939",3,1,2
"E00148940",0,0,0
"E00148941",5,1,4
"E00148942",3,2,1
"E00148943",4,2,2
"E00148944",3,1,2
"E00148945",3,1,2
"E00148946",4,1,3
"E00148947",1,0,1
"E00148948",4,1,3
"E00148949",0,0,0
"E00148950",3,1,2
"E00148951",0,0,0
"E00148952",8,4,4
"E00148953",4,2,2
"E00148954",5,3,2
"E00148955",0,0,0
"E00148956",2,1,1
"E00148957",1,1,0
"E00148958",6,2,4
"E00148959",1,0,1
"E00148960",8,5,3
"E00148961",14,7,7
"E00148962",2,0,2
"E00148963",1,0,1
"E00148964",13,7,6
"E00148965",1,0,1
"E00148967",0,0,0
"E00148968",3,2,1
"E00148969",1,1,0
"E00148970",0,0,0
"E00148973",1,0,1
"E00148974",0,0,0
"E00148975",1,1,0
"E00148976",1,0,1
"E00148977",6,4,2
"E00148978",5,2,3
"E00148979",3,1,2
"E00148980",6,4,2
"E00148981",7,3,4
"E00148982",3,1,2
"E00148983",3,2,1
"E00148984",2,1,1
"E00148985",2,0,2
"E00148986",4,3,1
"E00148987",5,3,2
"E00148988",3,0,3
"E00148989",2,0,2
"E00148990",3,2,1
"E00148991",4,2,2
"E00148992",3,2,1
"E00148993",10,3,7
"E00148994",2,2,0
"E00148995",12,8,4
"E00148996",5,2,3
"E00148997",0,0,0
"E00148998",3,1,2
"E00148999",1,1,0
"E00149000",6,3,3
"E00149001",5,2,3
"E00149002",0,0,0
"E00149003",1,1,0
"E00149004",2,1,1
"E00149005",0,0,0
"E00149006",1,1,0
"E00149007",6,2,4
"E00149008",7,5,2
"E00149009",7,4,3
"E00149010",1,0,1
"E00149011",0,0,0
"E00149012",4,3,1
"E00149013",7,5,2
"E00149014",6,3,3
"E00149015",3,1,2
"E00149016",3,2,1
"E00149017",4,3,1
"E00149018",2,1,1
"E00149019",3,1,2
"E00149020",0,0,0
"E00149021",3,0,3
"E00149022",4,1,3
"E00149023",4,2,2
"E00149024",1,0,1
"E00149025",5,1,4
"E00149026",7,5,2
"E00149027",4,2,2
"E00149028",10,6,4
"E00149029",2,2,0
"E00149030",2,1,1
"E00149031",7,5,2
"E00149032",7,4,3
"E00149033",2,2,0
"E00149034",5,3,2
"E00149035",5,0,5
"E00149036",1,1,0
"E00149037",3,2,1
"E00149038",4,2,2
"E00149039",6,4,2
"E00149040",4,4,0
"E00149041",9,5,4
"E00149042",6,4,2
"E00149043",2,2,0
"E00149044",6,2,4
"E00149045",2,2,0
"E00149046",1,0,1
"E00149048",10,4,6
"E00149050",3,1,2
"E00149051",10,2,8
"E00149052",1,1,0
"E00149053",0,0,0
"E00149054",9,7,2
"E00149055",9,7,2
"E00149056",2,1,1
"E00149057",1,0,1
"E00149058",7,3,4
"E00149059",4,3,1
"E00149060",3,2,1
"E00149061",13,1,12
"E00149062",10,6,4
"E00149063",6,3,3
"E00149064",5,4,1
"E00149065",9,5,4
"E00149066",11,8,3
"E00149067",4,3,1
"E00149068",7,1,6
"E00149069",8,5,3
"E00149070",5,3,2
"E00149071",11,6,5
"E00149072",7,5,2
"E00149073",4,3,1
"E00149074",13,7,6
"E00149075",2,0,2
"E00149076",11,6,5
"E00149077",6,5,1
"E00149078",5,3,2
"E00149079",4,2,2
"E00149080",3,1,2
"E00149081",6,5,1
"E00149082",4,2,2
"E00149083",6,1,5
"E00149084",7,5,2
"E00149085",5,2,3
"E00149086",3,1,2
"E00149087",2,1,1
"E00149088",3,3,0
"E00149089",2,1,1
"E00149090",7,2,5
"E00149091",10,5,5
"E00149092",2,0,2
"E00149093",2,0,2
"E00149094",5,4,1
"E00149095",0,0,0
"E00149096",8,5,3
"E00149097",7,3,4
"E00149098",6,5,1
"E00149099",7,3,4
"E00149100",7,5,2
"E00149101",4,3,1
"E00149102",8,3,5
"E00149103",14,8,6
"E00149104",16,9,7
"E00149105",6,2,4
"E00149106",4,3,1
"E00149107",9,6,3
"E00149108",9,4,5
"E00149109",10,3,7
"E00149110",8,4,4
"E00149111",2,1,1
"E00149112",11,4,7
"E00149114",14,9,5
"E00149116",3,2,1
"E00149117",5,2,3
"E00149118",4,2,2
"E00149119",5,2,3
"E00149120",9,7,2
"E00149121",5,4,1
"E00149122",1,1,0
"E00149123",9,2,7
"E00149124",6,2,4
"E00149125",7,2,5
"E00149126",7,3,4
"E00149127",4,1,3
"E00149128",5,3,2
"E00149129",5,3,2
"E00149130",3,2,1
"E00149131",1,1,0
"E00149132",0,0,0
"E00149134",15,8,7
"E00149136",4,2,2
"E00149137",5,5,0
"E00149138",8,5,3
"E00149139",8,4,4
"E00149140",0,0,0
"E00149141",1,1,0
"E00149142",0,0,0
"E00149143",4,1,3
"E00149144",1,0,1
"E00149145",3,0,3
"E00149146",5,2,3
"E00149147",2,0,2
"E00149148",1,1,0
"E00149149",1,0,1
"E00149150",4,3,1
"E00149151",11,5,6
"E00149152",4,3,1
"E00149154",6,3,3
"E00149155",5,2,3
"E00149156",22,14,8
"E00149157",7,1,6
"E00149158",7,3,4
"E00149160",10,9,1
"E00149161",4,2,2
"E00149162",0,0,0
"E00149163",0,0,0
"E00149164",5,4,1
"E00149165",4,2,2
"E00149166",2,0,2
"E00149167",6,5,1
"E00149168",8,4,4
"E00149169",2,1,1
"E00149170",3,1,2
"E00149171",1,1,0
"E00149172",4,0,4
"E00149173",3,0,3
"E00149174",0,0,0
"E00149175",0,0,0
"E00149176",0,0,0
"E00149177",1,0,1
"E00149178",1,1,0
"E00149179",3,1,2
"E00149180",5,4,1
"E00149181",3,2,1
"E00149182",7,3,4
"E00149183",0,0,0
"E00149184",0,0,0
"E00149185",12,7,5
"E00149186",2,1,1
"E00149187",0,0,0
"E00149188",2,1,1
"E00149189",4,1,3
"E00149190",2,0,2
"E00149191",1,0,1
"E00149193",4,3,1
"E00149194",1,1,0
"E00149195",2,2,0
"E00149196",9,5,4
"E00149197",3,1,2
"E00149198",6,1,5
"E00149199",1,0,1
"E00149200",1,0,1
"E00149202",3,2,1
"E00149203",0,0,0
"E00149204",1,0,1
"E00149205",1,0,1
"E00149206",3,2,1
"E00149207",6,3,3
"E00149208",0,0,0
"E00149209",2,0,2
"E00149210",4,2,2
"E00149211",1,0,1
"E00149212",4,4,0
"E00149213",2,1,1
"E00149214",4,1,3
"E00149215",2,1,1
"E00149216",5,3,2
"E00149217",8,5,3
"E00149218",1,0,1
"E00149219",5,3,2
"E00149220",1,1,0
"E00149221",3,1,2
"E00149222",1,1,0
"E00149223",12,6,6
"E00149224",8,4,4
"E00149225",2,2,0
"E00149226",6,5,1
"E00149227",14,6,8
"E00149228",2,1,1
"E00149229",2,0,2
"E00149230",6,1,5
"E00149231",0,0,0
"E00149232",3,3,0
"E00149233",4,0,4
"E00149234",7,4,3
"E00149235",0,0,0
"E00149236",0,0,0
"E00149237",1,1,0
"E00149238",0,0,0
"E00149239",1,0,1
"E00149241",4,3,1
"E00149242",4,1,3
"E00149243",0,0,0
"E00149244",0,0,0
"E00149245",1,1,0
"E00149246",5,3,2
"E00149247",3,0,3
"E00149248",1,1,0
"E00149249",3,1,2
"E00149250",6,3,3
"E00149251",8,8,0
"E00149252",17,9,8
"E00149253",5,2,3
"E00149254",10,7,3
"E00149255",5,2,3
"E00149256",4,4,0
"E00149257",4,2,2
"E00149258",3,2,1
"E00149259",4,2,2
"E00149260",4,1,3
"E00149261",0,0,0
"E00149262",3,1,2
"E00149263",2,1,1
"E00149264",1,0,1
"E00149265",3,2,1
"E00149266",3,2,1
"E00149267",5,2,3
"E00149268",1,1,0
"E00149269",2,1,1
"E00149270",7,4,3
"E00149271",1,0,1
"E00149272",4,2,2
"E00149273",3,1,2
"E00149275",2,1,1
"E00149276",7,3,4
"E00149277",1,1,0
"E00149278",0,0,0
"E00149279",4,2,2
"E00149280",3,1,2
"E00149281",19,10,9
"E00149282",5,3,2
"E00149283",7,2,5
"E00149284",0,0,0
"E00149285",6,3,3
"E00149286",2,2,0
"E00149287",1,1,0
"E00149288",10,7,3
"E00149289",9,3,6
"E00149290",8,2,6
"E00149291",4,2,2
"E00149292",5,1,4
"E00149293",5,3,2
"E00149294",2,0,2
"E00149295",5,3,2
"E00149296",8,6,2
"E00149297",12,8,4
"E00149298",1,0,1
"E00149299",3,3,0
"E00149300",6,2,4
"E00149301",0,0,0
"E00149302",2,1,1
"E00149303",2,0,2
"E00149304",13,8,5
"E00149305",3,1,2
"E00149306",4,1,3
"E00149307",1,0,1
"E00149308",2,2,0
"E00149309",0,0,0
"E00149310",1,0,1
"E00149311",0,0,0
"E00149312",0,0,0
"E00149313",2,2,0
"E00149314",1,1,0
"E00149315",0,0,0
"E00149316",2,1,1
"E00149317",4,4,0
"E00149318",1,0,1
"E00149319",9,3,6
"E00149320",4,1,3
"E00149321",10,7,3
"E00149322",7,3,4
"E00149323",24,5,19
"E00149324",8,2,6
"E00149325",12,7,5
"E00149326",6,3,3
"E00149327",3,2,1
"E00149329",3,3,0
"E00149330",0,0,0
"E00149331",2,1,1
"E00149332",7,6,1
"E00149333",2,1,1
"E00149334",2,0,2
"E00149335",12,7,5
"E00149336",1,1,0
"E00149337",3,0,3
"E00149338",9,4,5
"E00149339",5,5,0
"E00149340",2,2,0
"E00149341",1,1,0
"E00149342",1,1,0
"E00149343",1,0,1
"E00149344",6,4,2
"E00149345",2,2,0
"E00149346",1,1,0
"E00149347",4,3,1
"E00149348",3,1,2
"E00149349",3,1,2
"E00149350",8,4,4
"E00149351",10,6,4
"E00149352",0,0,0
"E00149353",1,0,1
"E00149354",13,3,10
"E00149355",1,1,0
"E00149356",1,1,0
"E00149357",4,3,1
"E00149358",10,6,4
"E00149359",3,2,1
"E00149360",4,1,3
"E00149361",6,3,3
"E00149362",4,4,0
"E00149363",8,4,4
"E00149364",2,0,2
"E00149365",0,0,0
"E00149366",3,3,0
"E00149367",1,1,0
"E00149368",2,2,0
"E00149369",1,1,0
"E00149370",10,8,2
"E00149371",3,2,1
"E00149372",9,6,3
"E00149373",0,0,0
"E00149374",0,0,0
"E00149375",11,7,4
"E00149376",9,2,7
"E00149377",10,5,5
"E00149378",7,4,3
"E00149379",14,8,6
"E00149380",1,1,0
"E00149381",14,5,9
"E00149382",3,1,2
"E00149383",4,3,1
"E00149384",5,4,1
"E00149385",6,4,2
"E00149386",9,7,2
"E00149387",6,3,3
"E00149388",8,6,2
"E00149389",4,4,0
"E00149390",6,4,2
"E00149391",4,2,2
"E00149392",9,5,4
"E00149393",2,0,2
"E00149394",2,2,0
"E00149395",8,4,4
"E00149396",3,1,2
"E00149397",6,3,3
"E00149399",0,0,0
"E00149400",0,0,0
"E00149401",0,0,0
"E00149402",2,1,1
"E00149403",4,2,2
"E00149404",1,0,1
"E00149405",2,1,1
"E00149406",3,2,1
"E00149407",1,0,1
"E00149408",0,0,0
"E00149409",2,0,2
"E00149410",5,3,2
"E00149411",1,0,1
"E00149412",9,6,3
"E00149413",3,2,1
"E00149414",1,1,0
"E00149415",2,1,1
"E00149416",8,2,6
"E00149417",15,6,9
"E00149418",4,2,2
"E00149419",9,5,4
"E00149420",3,1,2
"E00149421",1,1,0
"E00149422",1,0,1
"E00149423",1,1,0
"E00149424",10,6,4
"E00149425",11,4,7
"E00149426",5,3,2
"E00149427",4,0,4
"E00149428",1,0,1
"E00149429",1,1,0
"E00149430",1,1,0
"E00149431",0,0,0
"E00149432",2,0,2
"E00149433",7,2,5
"E00149434",1,1,0
"E00149435",9,5,4
"E00149436",1,1,0
"E00149437",6,3,3
"E00149438",4,4,0
"E00149439",6,2,4
"E00149440",2,2,0
"E00149441",1,0,1
"E00149442",2,0,2
"E00149443",5,2,3
"E00149444",0,0,0
"E00149445",1,1,0
"E00149446",2,1,1
"E00149447",0,0,0
"E00149448",0,0,0
"E00149450",6,3,3
"E00149451",3,2,1
"E00149452",2,2,0
"E00149453",3,3,0
"E00149454",1,1,0
"E00149455",2,1,1
"E00149456",3,1,2
"E00149457",1,0,1
"E00149458",2,0,2
"E00149459",0,0,0
"E00149460",4,3,1
"E00149461",6,3,3
"E00149462",2,1,1
"E00149463",1,0,1
"E00149464",0,0,0
"E00149465",6,5,1
"E00149466",4,1,3
"E00149467",1,1,0
"E00149468",1,0,1
"E00149469",9,7,2
"E00149470",3,0,3
"E00149471",3,1,2
"E00149472",5,4,1
"E00149473",10,2,8
"E00149474",1,0,1
"E00149475",1,0,1
"E00149476",1,0,1
"E00149477",6,2,4
"E00149478",4,2,2
"E00149479",1,1,0
"E00149480",5,3,2
"E00149481",2,2,0
"E00149482",0,0,0
"E00149483",1,1,0
"E00149484",4,1,3
"E00149485",5,2,3
"E00149486",6,4,2
"E00149487",4,2,2
"E00149488",9,7,2
"E00149489",1,0,1
"E00149490",4,3,1
"E00149491",2,2,0
"E00149492",5,2,3
"E00149493",2,1,1
"E00149494",2,1,1
"E00149495",4,3,1
"E00149496",11,3,8
"E00149497",5,4,1
"E00149498",2,2,0
"E00149499",2,1,1
"E00149500",2,1,1
"E00149501",2,1,1
"E00149502",4,4,0
"E00149503",4,2,2
"E00149504",4,2,2
"E00149505",6,3,3
"E00149506",2,0,2
"E00149507",0,0,0
"E00149508",6,2,4
"E00149509",2,2,0
"E00149510",1,1,0
"E00149511",1,1,0
"E00149512",15,8,7
"E00149513",1,1,0
"E00149514",12,9,3
"E00149515",9,6,3
"E00149516",5,2,3
"E00149517",3,2,1
"E00149518",2,1,1
"E00149519",5,3,2
"E00149520",4,2,2
"E00149521",0,0,0
"E00149522",7,4,3
"E00149523",0,0,0
"E00149524",6,3,3
"E00149525",0,0,0
"E00149526",0,0,0
"E00149527",6,2,4
"E00149528",1,0,1
"E00149529",1,0,1
"E00149530",2,1,1
"E00149531",4,2,2
"E00149532",1,1,0
"E00149533",1,0,1
"E00149534",1,1,0
"E00149535",2,0,2
"E00149536",3,1,2
"E00149537",1,1,0
"E00149538",1,1,0
"E00149539",3,2,1
"E00149540",0,0,0
"E00149541",0,0,0
"E00149542",1,1,0
"E00149543",3,1,2
"E00149544",0,0,0
"E00149545",2,2,0
"E00149546",0,0,0
"E00149547",5,3,2
"E00149548",3,1,2
"E00149549",0,0,0
"E00149550",3,0,3
"E00149551",1,1,0
"E00149552",1,1,0
"E00149553",3,3,0
"E00149554",1,1,0
"E00149555",0,0,0
"E00149556",0,0,0
"E00149557",0,0,0
"E00149558",1,1,0
"E00149559",1,1,0
"E00149560",1,0,1
"E00149561",2,1,1
"E00149562",4,2,2
"E00149563",1,1,0
"E00149564",0,0,0
"E00149565",3,2,1
"E00149566",0,0,0
"E00149567",3,0,3
"E00149568",2,0,2
"E00149569",5,2,3
"E00149570",4,1,3
"E00149571",1,0,1
"E00149572",2,1,1
"E00149573",4,1,3
"E00149574",2,1,1
"E00149575",2,1,1
"E00149576",0,0,0
"E00149577",1,1,0
"E00149578",2,0,2
"E00149579",1,1,0
"E00149580",2,1,1
"E00149581",1,1,0
"E00149582",0,0,0
"E00149583",2,1,1
"E00149584",0,0,0
"E00149585",1,1,0
"E00149586",0,0,0
"E00149587",4,1,3
"E00149588",1,0,1
"E00149589",2,1,1
"E00149590",3,1,2
"E00149591",1,0,1
"E00149592",0,0,0
"E00149593",3,0,3
"E00149594",0,0,0
"E00149595",3,0,3
"E00149596",0,0,0
"E00149597",0,0,0
"E00149598",0,0,0
"E00149599",5,2,3
"E00149600",5,3,2
"E00149601",0,0,0
"E00149602",0,0,0
"E00149603",3,1,2
"E00149604",1,0,1
"E00149605",1,0,1
"E00149606",0,0,0
"E00149607",4,2,2
"E00149608",3,1,2
"E00149609",0,0,0
"E00149610",1,1,0
"E00149611",1,1,0
"E00149612",2,0,2
"E00149613",3,2,1
"E00149614",1,1,0
"E00149615",0,0,0
"E00149616",1,0,1
"E00149617",1,0,1
"E00149618",4,1,3
"E00149619",1,1,0
"E00149620",5,3,2
"E00149621",3,2,1
"E00149622",5,1,4
"E00149623",3,1,2
"E00149624",6,5,1
"E00149625",3,2,1
"E00149626",0,0,0
"E00149627",2,0,2
"E00149628",6,2,4
"E00149629",3,1,2
"E00149630",0,0,0
"E00149631",4,3,1
"E00149632",4,2,2
"E00149633",4,0,4
"E00149634",0,0,0
"E00149635",4,3,1
"E00149636",6,2,4
"E00149637",2,1,1
"E00149638",4,2,2
"E00149639",2,1,1
"E00149640",3,1,2
"E00149641",6,4,2
"E00149642",6,1,5
"E00149643",1,1,0
"E00149644",5,0,5
"E00149645",4,2,2
"E00149646",1,0,1
"E00149647",4,3,1
"E00149648",4,0,4
"E00149649",2,1,1
"E00149650",6,2,4
"E00149651",5,3,2
"E00149652",4,1,3
"E00149653",2,1,1
"E00149654",0,0,0
"E00149655",0,0,0
"E00149656",9,4,5
"E00149657",5,4,1
"E00149658",2,2,0
"E00149659",5,4,1
"E00149660",1,1,0
"E00149661",6,4,2
"E00149662",0,0,0
"E00149663",3,2,1
"E00149665",1,1,0
"E00149667",2,1,1
"E00149668",1,0,1
"E00149669",4,2,2
"E00149670",2,1,1
"E00149671",1,1,0
"E00149672",5,3,2
"E00149674",2,0,2
"E00149675",5,1,4
"E00149676",0,0,0
"E00149677",5,2,3
"E00149679",9,4,5
"E00149680",4,2,2
"E00149681",0,0,0
"E00149682",3,1,2
"E00149683",5,2,3
"E00149684",1,1,0
"E00149685",7,4,3
"E00149686",6,3,3
"E00149687",2,1,1
"E00149688",11,5,6
"E00149689",3,3,0
"E00149690",3,1,2
"E00149691",4,3,1
"E00149692",5,1,4
"E00149694",5,3,2
"E00149695",0,0,0
"E00149696",3,2,1
"E00149697",0,0,0
"E00149698",4,2,2
"E00149699",4,2,2
"E00149700",3,1,2
"E00149701",1,0,1
"E00149702",7,5,2
"E00149703",2,2,0
"E00149704",2,1,1
"E00149705",9,3,6
"E00149706",0,0,0
"E00149707",1,0,1
"E00149708",3,3,0
"E00149709",3,1,2
"E00149710",5,3,2
"E00149711",0,0,0
"E00149712",3,2,1
"E00149713",1,0,1
"E00149714",1,1,0
"E00149715",2,1,1
"E00149716",2,2,0
"E00149717",1,0,1
"E00149719",5,2,3
"E00149720",1,1,0
"E00149721",1,0,1
"E00149722",6,2,4
"E00149723",5,4,1
"E00149724",2,0,2
"E00149725",4,3,1
"E00149726",3,0,3
"E00149727",2,1,1
"E00149728",4,3,1
"E00149729",5,2,3
"E00149730",2,1,1
"E00149731",4,1,3
"E00149732",0,0,0
"E00149733",1,0,1
"E00149734",0,0,0
"E00149735",5,2,3
"E00149736",0,0,0
"E00149737",2,2,0
"E00149738",1,0,1
"E00149739",1,1,0
"E00149740",2,1,1
"E00149741",4,3,1
"E00149742",1,1,0
"E00149743",0,0,0
"E00149744",0,0,0
"E00149745",4,1,3
"E00149746",1,0,1
"E00149747",0,0,0
"E00149748",0,0,0
"E00149749",2,1,1
"E00149750",4,1,3
"E00149751",5,0,5
"E00149752",0,0,0
"E00149753",1,0,1
"E00149754",3,1,2
"E00149755",4,1,3
"E00149756",7,2,5
"E00149757",1,0,1
"E00149758",0,0,0
"E00149759",5,2,3
"E00149760",0,0,0
"E00149761",7,3,4
"E00149762",3,2,1
"E00149763",1,1,0
"E00149764",1,0,1
"E00149765",2,1,1
"E00149766",3,1,2
"E00149767",1,0,1
"E00149768",1,1,0
"E00149769",0,0,0
"E00149771",5,3,2
"E00149772",5,3,2
"E00149773",1,0,1
"E00149774",0,0,0
"E00149775",1,0,1
"E00149776",2,1,1
"E00149777",3,1,2
"E00149778",2,1,1
"E00149779",4,3,1
"E00149780",1,1,0
"E00149781",1,0,1
"E00149782",0,0,0
"E00149783",2,1,1
"E00149785",1,1,0
"E00149786",2,0,2
"E00149787",3,0,3
"E00149788",1,0,1
"E00149789",1,1,0
"E00149790",2,2,0
"E00149791",2,2,0
"E00149792",3,1,2
"E00149793",2,0,2
"E00149794",2,1,1
"E00149795",5,2,3
"E00149796",8,2,6
"E00149797",3,0,3
"E00149798",1,0,1
"E00149799",2,1,1
"E00149800",5,4,1
"E00149801",11,7,4
"E00149802",2,1,1
"E00149803",1,1,0
"E00149804",1,1,0
"E00149805",1,1,0
"E00149806",2,2,0
"E00149807",1,0,1
"E00149808",0,0,0
"E00149809",1,1,0
"E00149810",1,1,0
"E00149811",1,0,1
"E00149812",3,2,1
"E00149813",0,0,0
"E00149814",1,1,0
"E00149815",0,0,0
"E00149816",0,0,0
"E00149817",3,0,3
"E00149818",0,0,0
"E00149819",3,0,3
"E00149820",0,0,0
"E00149821",0,0,0
"E00149822",0,0,0
"E00149823",4,2,2
"E00149824",3,0,3
"E00149825",7,5,2
"E00149826",5,3,2
"E00149827",5,3,2
"E00149828",7,3,4
"E00149829",8,4,4
"E00149830",1,1,0
"E00149831",6,5,1
"E00149832",10,5,5
"E00149833",8,6,2
"E00149834",2,1,1
"E00149835",1,0,1
"E00149836",2,1,1
"E00149837",0,0,0
"E00149838",1,0,1
"E00149839",2,1,1
"E00149840",4,2,2
"E00149841",0,0,0
"E00149842",2,2,0
"E00149843",8,6,2
"E00149844",1,0,1
"E00149845",3,2,1
"E00149846",1,1,0
"E00149847",1,1,0
"E00149848",1,0,1
"E00149849",7,4,3
"E00149850",1,0,1
"E00149852",13,8,5
"E00149853",13,3,10
"E00149854",12,3,9
"E00149855",8,4,4
"E00149856",6,1,5
"E00149857",5,2,3
"E00149858",1,1,0
"E00149859",6,2,4
"E00149860",2,0,2
"E00149861",4,2,2
"E00149862",0,0,0
"E00149863",5,3,2
"E00149864",5,5,0
"E00149865",2,1,1
"E00149866",5,3,2
"E00149867",5,2,3
"E00149868",2,1,1
"E00149869",1,0,1
"E00149870",2,2,0
"E00149871",5,2,3
"E00149872",4,1,3
"E00149873",8,2,6
"E00149874",1,1,0
"E00149875",5,2,3
"E00149876",0,0,0
"E00149877",5,2,3
"E00149878",3,1,2
"E00149879",2,1,1
"E00149880",5,3,2
"E00149881",5,2,3
"E00149882",5,2,3
"E00149883",5,2,3
"E00149884",4,2,2
"E00149885",3,1,2
"E00149886",1,1,0
"E00149887",9,4,5
"E00149888",9,5,4
"E00149889",7,5,2
"E00149891",7,3,4
"E00149892",4,3,1
"E00149893",7,6,1
"E00149894",3,3,0
"E00149895",5,2,3
"E00149896",2,1,1
"E00149897",1,1,0
"E00149898",10,9,1
"E00149899",4,2,2
"E00149900",0,0,0
"E00149903",1,0,1
"E00149904",0,0,0
"E00149905",4,2,2
"E00149906",3,2,1
"E00149907",3,0,3
"E00149908",1,0,1
"E00149909",8,4,4
"E00149910",15,5,10
"E00149911",12,7,5
"E00149912",0,0,0
"E00149913",1,1,0
"E00149914",2,1,1
"E00149915",4,1,3
"E00149916",7,3,4
"E00149917",4,1,3
"E00149918",6,1,5
"E00149919",2,1,1
"E00149920",2,1,1
"E00149921",5,2,3
"E00149922",0,0,0
"E00149923",9,5,4
"E00149924",5,1,4
"E00149925",6,2,4
"E00149927",2,1,1
"E00149928",4,3,1
"E00149929",2,0,2
"E00149930",1,0,1
"E00149931",0,0,0
"E00149932",1,0,1
"E00149933",1,0,1
"E00149934",6,4,2
"E00149935",8,2,6
"E00149936",3,2,1
"E00149937",6,4,2
"E00149938",1,1,0
"E00149939",3,2,1
"E00149940",1,1,0
"E00149941",0,0,0
"E00149942",1,1,0
"E00149943",4,2,2
"E00149944",2,2,0
"E00149945",2,1,1
"E00149946",4,2,2
"E00149947",1,1,0
"E00149948",4,3,1
"E00149949",3,3,0
"E00149950",9,6,3
"E00149951",3,2,1
"E00149952",3,2,1
"E00149953",2,1,1
"E00149954",5,2,3
"E00149955",2,1,1
"E00149956",1,1,0
"E00149957",4,1,3
"E00149958",7,1,6
"E00149959",2,2,0
"E00149960",2,2,0
"E00149961",2,1,1
"E00149962",1,1,0
"E00149963",4,3,1
"E00149964",1,0,1
"E00149965",6,2,4
"E00149966",2,1,1
"E00149967",0,0,0
"E00149968",1,1,0
"E00149969",0,0,0
"E00149971",0,0,0
"E00149972",3,1,2
"E00149973",2,1,1
"E00149974",4,2,2
"E00149975",2,1,1
"E00149976",1,0,1
"E00149977",2,1,1
"E00149978",3,3,0
"E00149979",3,3,0
"E00149980",0,0,0
"E00149981",2,2,0
"E00149982",2,0,2
"E00149983",0,0,0
"E00149984",0,0,0
"E00149985",5,4,1
"E00149986",1,1,0
"E00149987",3,2,1
"E00149988",4,4,0
"E00149989",2,1,1
"E00149990",1,1,0
"E00149991",5,3,2
"E00149992",6,0,6
"E00149993",9,6,3
"E00149994",9,8,1
"E00149995",2,0,2
"E00149996",7,6,1
"E00149997",7,4,3
"E00149998",15,7,8
"E00149999",4,2,2
"E00150000",11,7,4
"E00150001",6,4,2
"E00150002",3,1,2
"E00150003",6,4,2
"E00150004",5,3,2
"E00150005",6,2,4
"E00150008",4,2,2
"E00150009",6,2,4
"E00150010",7,2,5
"E00150011",4,2,2
"E00150012",9,4,5
"E00150013",4,3,1
"E00150014",6,3,3
"E00150015",7,2,5
"E00150016",12,8,4
"E00150017",10,3,7
"E00150018",0,0,0
"E00150019",3,1,2
"E00150020",8,4,4
"E00150021",3,2,1
"E00150022",2,1,1
"E00150023",1,0,1
"E00150024",0,0,0
"E00150025",3,3,0
"E00150027",4,1,3
"E00150028",0,0,0
"E00150029",5,1,4
"E00150030",1,1,0
"E00150031",1,0,1
"E00150032",2,1,1
"E00150033",7,2,5
"E00150034",3,1,2
"E00150035",4,3,1
"E00150036",4,1,3
"E00150037",3,2,1
"E00150038",3,2,1
"E00150039",0,0,0
"E00150040",6,2,4
"E00150041",0,0,0
"E00150042",0,0,0
"E00150043",3,1,2
"E00150044",3,1,2
"E00150045",4,0,4
"E00150046",2,2,0
"E00150047",0,0,0
"E00150048",2,1,1
"E00150049",3,1,2
"E00150050",0,0,0
"E00150051",0,0,0
"E00150052",0,0,0
"E00150053",4,2,2
"E00150054",3,2,1
"E00150055",0,0,0
"E00150056",2,2,0
"E00150057",1,0,1
"E00150058",1,0,1
"E00150059",5,4,1
"E00150060",0,0,0
"E00150061",1,0,1
"E00150062",2,0,2
"E00150063",2,1,1
"E00150064",6,1,5
"E00150065",0,0,0
"E00150066",2,2,0
"E00150067",0,0,0
"E00150068",19,7,12
"E00150069",1,0,1
"E00150070",6,1,5
"E00150071",4,2,2
"E00150072",7,2,5
"E00150073",6,1,5
"E00150074",2,2,0
"E00150075",6,3,3
"E00150076",6,2,4
"E00150077",1,1,0
"E00150078",7,5,2
"E00150079",4,2,2
"E00150080",0,0,0
"E00150081",8,4,4
"E00150082",7,4,3
"E00150083",0,0,0
"E00150084",0,0,0
"E00150085",2,1,1
"E00150086",0,0,0
"E00150087",1,0,1
"E00150088",2,2,0
"E00150089",0,0,0
"E00150090",4,2,2
"E00150091",3,1,2
"E00150092",3,1,2
"E00150093",6,1,5
"E00150094",8,4,4
"E00150095",4,2,2
"E00150096",1,1,0
"E00150097",1,1,0
"E00150098",1,0,1
"E00150100",3,3,0
"E00150101",3,1,2
"E00150102",3,2,1
"E00150103",3,1,2
"E00150104",11,5,6
"E00150105",5,4,1
"E00150106",7,1,6
"E00150107",24,9,15
"E00150108",1,1,0
"E00150109",10,7,3
"E00150110",10,8,2
"E00150111",1,0,1
"E00150112",1,0,1
"E00150113",18,10,8
"E00150114",4,2,2
"E00150115",3,1,2
"E00150116",10,6,4
"E00150117",4,2,2
"E00150118",6,3,3
"E00150119",3,2,1
"E00150120",0,0,0
"E00150121",1,0,1
"E00150122",3,1,2
"E00150123",9,4,5
"E00150124",5,3,2
"E00150125",5,3,2
"E00150126",3,2,1
"E00150127",2,2,0
"E00150128",4,2,2
"E00150129",7,1,6
"E00150130",1,1,0
"E00150131",14,11,3
"E00150132",4,1,3
"E00150133",2,2,0
"E00150134",0,0,0
"E00150135",7,4,3
"E00150136",2,2,0
"E00150137",4,2,2
"E00150138",6,4,2
"E00150139",4,3,1
"E00150140",0,0,0
"E00150141",5,3,2
"E00150142",3,0,3
"E00150143",1,1,0
"E00150144",2,2,0
"E00150145",0,0,0
"E00150146",2,0,2
"E00150147",2,0,2
"E00150148",1,0,1
"E00150149",4,1,3
"E00150150",1,0,1
"E00150151",1,1,0
"E00150152",0,0,0
"E00150153",0,0,0
"E00150154",13,5,8
"E00150155",6,5,1
"E00150156",6,3,3
"E00150157",7,4,3
"E00150158",3,3,0
"E00150159",0,0,0
"E00150160",2,1,1
"E00150161",8,4,4
"E00150162",0,0,0
"E00150163",3,1,2
"E00150164",2,0,2
"E00150165",2,0,2
"E00150166",18,6,12
"E00150167",7,4,3
"E00150168",11,4,7
"E00150169",3,1,2
"E00150170",10,7,3
"E00150171",8,2,6
"E00150172",3,2,1
"E00150173",1,0,1
"E00150174",1,0,1
"E00150175",4,4,0
"E00150176",1,1,0
"E00150177",5,2,3
"E00150178",0,0,0
"E00150179",0,0,0
"E00150180",2,1,1
"E00150181",2,1,1
"E00150182",2,0,2
"E00150183",3,3,0
"E00150184",0,0,0
"E00150186",0,0,0
"E00150187",8,5,3
"E00150188",6,2,4
"E00150189",10,4,6
"E00150190",2,1,1
"E00150191",9,3,6
"E00150192",14,9,5
"E00150193",5,1,4
"E00150194",4,2,2
"E00150195",8,5,3
"E00150196",8,4,4
"E00150198",7,4,3
"E00150199",1,0,1
"E00150200",2,2,0
"E00150201",3,3,0
"E00150202",6,4,2
"E00150203",0,0,0
"E00150204",3,2,1
"E00150205",2,0,2
"E00150206",1,0,1
"E00150207",1,0,1
"E00150208",5,3,2
"E00150209",3,1,2
"E00150210",3,3,0
"E00150211",2,0,2
"E00150212",6,3,3
"E00150213",10,6,4
"E00150214",3,2,1
"E00150215",0,0,0
"E00150216",10,5,5
"E00150217",12,5,7
"E00150218",11,6,5
"E00150219",4,3,1
"E00150220",11,4,7
"E00150221",2,0,2
"E00150222",3,1,2
"E00150223",13,6,7
"E00150224",6,3,3
"E00150225",3,2,1
"E00150226",9,3,6
"E00150227",21,11,10
"E00150228",3,1,2
"E00150229",15,10,5
"E00150230",12,4,8
"E00150231",1,0,1
"E00150232",2,0,2
"E00150233",0,0,0
"E00150234",4,3,1
"E00150235",3,0,3
"E00150236",3,2,1
"E00150237",1,0,1
"E00150238",5,1,4
"E00150239",1,0,1
"E00150240",2,1,1
"E00150241",8,3,5
"E00150242",3,1,2
"E00150243",8,3,5
"E00150244",2,0,2
"E00150245",11,4,7
"E00150247",2,2,0
"E00150248",4,1,3
"E00150249",1,0,1
"E00150250",0,0,0
"E00150251",1,0,1
"E00150252",4,3,1
"E00150253",2,1,1
"E00150254",3,0,3
"E00150255",3,2,1
"E00150256",4,2,2
"E00150257",3,3,0
"E00150258",4,1,3
"E00150259",8,4,4
"E00150260",0,0,0
"E00150261",6,3,3
"E00150262",3,1,2
"E00150263",5,3,2
"E00150264",4,3,1
"E00150265",2,1,1
"E00150266",2,1,1
"E00150267",0,0,0
"E00150268",5,4,1
"E00150269",2,1,1
"E00150270",5,3,2
"E00150271",5,2,3
"E00150272",3,0,3
"E00150273",1,1,0
"E00150274",0,0,0
"E00150275",0,0,0
"E00150276",4,1,3
"E00150277",1,0,1
"E00150278",4,3,1
"E00150279",0,0,0
"E00150280",10,3,7
"E00150281",0,0,0
"E00150282",4,1,3
"E00150283",6,2,4
"E00150284",3,2,1
"E00150285",4,3,1
"E00150286",1,1,0
"E00150287",2,2,0
"E00150288",1,1,0
"E00150289",1,0,1
"E00150290",3,3,0
"E00150291",1,0,1
"E00150292",0,0,0
"E00150293",0,0,0
"E00150294",1,1,0
"E00150295",2,1,1
"E00150296",2,0,2
"E00150297",7,4,3
"E00150298",8,2,6
"E00150299",10,4,6
"E00150300",8,2,6
"E00150301",4,1,3
"E00150302",6,4,2
"E00150303",10,3,7
"E00150304",6,5,1
"E00150305",1,0,1
"E00150306",2,0,2
"E00150307",2,1,1
"E00150308",1,1,0
"E00150309",5,1,4
"E00150310",5,3,2
"E00150311",4,2,2
"E00150312",3,3,0
"E00150313",0,0,0
"E00150314",1,1,0
"E00150315",2,0,2
"E00150316",0,0,0
"E00150317",1,0,1
"E00150318",0,0,0
"E00150319",2,2,0
"E00150320",3,1,2
"E00150321",7,2,5
"E00150322",7,3,4
"E00150323",5,2,3
"E00150324",0,0,0
"E00150325",4,3,1
"E00150326",3,2,1
"E00150327",3,0,3
"E00150328",1,1,0
"E00150329",5,2,3
"E00150330",0,0,0
"E00150331",8,7,1
"E00150332",0,0,0
"E00150333",2,0,2
"E00150334",0,0,0
"E00150335",0,0,0
"E00150336",6,3,3
"E00150337",6,4,2
"E00150338",0,0,0
"E00150339",0,0,0
"E00150340",5,3,2
"E00150341",4,2,2
"E00150342",1,1,0
"E00150343",2,1,1
"E00150344",6,1,5
"E00150345",1,1,0
"E00150346",5,2,3
"E00150347",10,6,4
"E00150348",8,6,2
"E00150350",2,2,0
"E00150352",6,3,3
"E00150353",3,1,2
"E00150354",1,0,1
"E00150355",3,1,2
"E00150356",7,4,3
"E00150357",7,3,4
"E00150358",9,7,2
"E00150359",7,3,4
"E00150360",5,2,3
"E00150361",1,0,1
"E00150362",7,4,3
"E00150363",2,1,1
"E00150364",9,2,7
"E00150365",9,4,5
"E00150366",1,0,1
"E00150367",0,0,0
"E00150368",0,0,0
"E00150369",5,2,3
"E00150370",3,2,1
"E00150373",4,3,1
"E00150374",10,9,1
"E00150375",3,3,0
"E00150376",3,1,2
"E00150377",0,0,0
"E00150378",15,6,9
"E00150379",9,6,3
"E00150380",13,7,6
"E00150381",12,4,8
"E00150382",11,7,4
"E00150383",13,5,8
"E00150384",3,3,0
"E00150385",5,4,1
"E00150386",11,3,8
"E00150387",9,1,8
"E00150388",5,2,3
"E00150389",0,0,0
"E00150390",7,1,6
"E00150391",10,5,5
"E00150392",8,3,5
"E00150393",4,1,3
"E00150394",8,5,3
"E00150395",0,0,0
"E00150396",7,4,3
"E00150397",4,2,2
"E00150398",4,1,3
"E00150399",4,3,1
"E00150400",10,4,6
"E00150401",2,0,2
"E00150402",0,0,0
"E00150403",10,6,4
"E00150404",4,2,2
"E00150405",12,7,5
"E00150406",10,6,4
"E00150407",9,6,3
"E00150408",13,4,9
"E00150409",11,7,4
"E00150410",7,5,2
"E00150412",7,5,2
"E00150413",11,8,3
"E00150414",8,6,2
"E00150415",4,3,1
"E00150416",5,0,5
"E00150417",9,5,4
"E00150418",8,3,5
"E00150419",6,3,3
"E00150420",2,1,1
"E00150421",10,7,3
"E00150422",7,3,4
"E00150423",3,2,1
"E00150424",3,2,1
"E00150425",12,7,5
"E00150426",8,2,6
"E00150427",3,0,3
"E00150428",2,1,1
"E00150429",11,5,6
"E00150430",7,6,1
"E00150431",8,4,4
"E00150432",1,1,0
"E00150433",6,5,1
"E00150434",4,2,2
"E00150435",7,2,5
"E00150436",6,3,3
"E00150437",4,1,3
"E00150438",5,2,3
"E00150439",3,2,1
"E00150440",4,3,1
"E00150441",0,0,0
"E00150442",3,2,1
"E00150443",2,1,1
"E00150444",0,0,0
"E00150445",4,2,2
"E00150446",3,1,2
"E00150447",4,2,2
"E00150448",0,0,0
"E00150449",0,0,0
"E00150450",0,0,0
"E00150451",6,2,4
"E00150452",7,4,3
"E00150453",5,0,5
"E00150454",0,0,0
"E00150455",1,1,0
"E00150456",0,0,0
"E00150457",4,1,3
"E00150458",7,3,4
"E00150459",1,1,0
"E00150460",1,1,0
"E00150461",1,1,0
"E00150462",1,0,1
"E00150463",2,1,1
"E00150464",3,1,2
"E00150465",3,0,3
"E00150466",4,3,1
"E00150467",1,1,0
"E00150468",5,4,1
"E00150469",2,2,0
"E00150470",2,1,1
"E00150471",7,5,2
"E00150472",18,12,6
"E00150473",3,0,3
"E00150474",4,3,1
"E00150475",12,5,7
"E00150476",4,2,2
"E00150477",2,0,2
"E00150478",4,3,1
"E00150479",3,0,3
"E00150480",2,2,0
"E00150481",2,1,1
"E00150482",2,2,0
"E00150483",1,0,1
"E00150484",2,1,1
"E00150485",1,0,1
"E00150486",2,1,1
"E00150487",2,1,1
"E00150488",1,1,0
"E00150489",0,0,0
"E00150490",1,1,0
"E00150491",3,2,1
"E00150492",4,2,2
"E00150493",1,1,0
"E00150494",1,0,1
"E00150495",1,1,0
"E00150496",2,1,1
"E00150497",1,1,0
"E00150498",5,3,2
"E00150499",2,0,2
"E00150500",0,0,0
"E00150501",5,3,2
"E00150502",1,0,1
"E00150503",0,0,0
"E00150504",1,1,0
"E00150505",4,3,1
"E00150506",1,1,0
"E00150507",1,0,1
"E00150508",4,2,2
"E00150509",1,1,0
"E00150510",7,4,3
"E00150511",0,0,0
"E00150512",2,1,1
"E00150513",3,2,1
"E00150514",1,1,0
"E00150515",1,1,0
"E00150516",3,1,2
"E00150517",5,4,1
"E00150518",0,0,0
"E00150519",0,0,0
"E00150520",2,2,0
"E00150521",0,0,0
"E00150522",0,0,0
"E00150523",0,0,0
"E00150524",5,2,3
"E00150525",2,0,2
"E00150526",2,1,1
"E00150527",2,1,1
"E00150528",1,1,0
"E00150529",1,0,1
"E00150530",3,1,2
"E00150531",1,1,0
"E00150532",3,1,2
"E00150533",5,3,2
"E00150534",2,0,2
"E00150535",1,0,1
"E00150536",4,2,2
"E00150537",3,1,2
"E00150538",0,0,0
"E00150539",0,0,0
"E00150540",1,1,0
"E00150541",2,1,1
"E00150542",2,1,1
"E00150543",5,3,2
"E00150544",1,1,0
"E00150545",0,0,0
"E00150546",0,0,0
"E00150547",0,0,0
"E00150548",2,2,0
"E00150549",6,2,4
"E00150550",1,1,0
"E00150551",6,2,4
"E00150552",5,4,1
"E00150553",1,1,0
"E00150554",0,0,0
"E00150555",0,0,0
"E00150556",4,1,3
"E00150557",4,3,1
"E00150558",0,0,0
"E00150559",3,1,2
"E00150560",2,1,1
"E00150561",0,0,0
"E00150562",5,1,4
"E00150563",2,2,0
"E00150564",0,0,0
"E00150565",2,1,1
"E00150566",5,3,2
"E00150567",3,2,1
"E00150568",1,0,1
"E00150569",1,0,1
"E00150570",8,5,3
"E00150572",4,3,1
"E00150573",5,2,3
"E00150574",3,1,2
"E00150575",2,1,1
"E00150576",0,0,0
"E00150577",4,2,2
"E00150578",4,0,4
"E00150579",0,0,0
"E00150580",2,1,1
"E00150581",0,0,0
"E00150582",0,0,0
"E00150583",4,1,3
"E00150584",2,2,0
"E00150585",0,0,0
"E00150586",2,1,1
"E00150587",3,2,1
"E00150588",3,1,2
"E00150589",2,1,1
"E00150590",0,0,0
"E00150591",1,0,1
"E00150592",0,0,0
"E00150596",3,2,1
"E00150597",0,0,0
"E00150598",5,3,2
"E00150599",4,1,3
"E00150600",6,4,2
"E00150601",3,2,1
"E00150602",1,0,1
"E00150603",1,1,0
"E00150604",0,0,0
"E00150605",1,1,0
"E00150606",0,0,0
"E00150607",1,1,0
"E00150608",4,1,3
"E00150609",10,6,4
"E00150610",5,4,1
"E00150611",3,3,0
"E00150612",1,0,1
"E00150613",2,0,2
"E00150614",0,0,0
"E00150615",1,1,0
"E00150616",0,0,0
"E00150617",0,0,0
"E00150618",1,0,1
"E00150619",2,2,0
"E00150620",1,1,0
"E00150621",0,0,0
"E00150622",3,2,1
"E00150623",2,0,2
"E00150624",1,0,1
"E00150625",0,0,0
"E00150627",1,1,0
"E00150629",0,0,0
"E00150630",3,2,1
"E00150631",1,0,1
"E00150632",4,2,2
"E00150633",9,6,3
"E00150634",2,1,1
"E00150635",1,1,0
"E00150636",2,1,1
"E00150637",1,1,0
"E00150638",0,0,0
"E00150639",3,1,2
"E00150640",2,1,1
"E00150641",1,0,1
"E00150642",5,1,4
"E00150643",1,1,0
"E00150644",0,0,0
"E00150645",2,2,0
"E00150646",0,0,0
"E00150647",1,0,1
"E00150648",4,2,2
"E00150649",3,2,1
"E00150650",1,0,1
"E00150651",2,1,1
"E00150652",2,0,2
"E00150653",1,0,1
"E00150654",6,3,3
"E00150655",1,0,1
"E00150656",2,2,0
"E00150657",0,0,0
"E00150658",5,3,2
"E00150659",4,1,3
"E00150660",2,1,1
"E00150661",1,1,0
"E00150662",0,0,0
"E00150663",0,0,0
"E00150664",0,0,0
"E00150665",9,3,6
"E00150666",5,3,2
"E00150667",9,5,4
"E00150668",6,1,5
"E00150669",11,5,6
"E00150671",14,4,10
"E00150672",11,7,4
"E00150673",4,1,3
"E00150674",2,0,2
"E00150675",5,1,4
"E00150676",3,3,0
"E00150677",8,4,4
"E00150678",4,2,2
"E00150679",5,5,0
"E00150680",4,1,3
"E00150681",9,5,4
"E00150682",2,0,2
"E00150683",10,4,6
"E00150684",4,0,4
"E00150685",5,2,3
"E00150686",7,0,7
"E00150687",13,7,6
"E00150688",3,2,1
"E00150689",8,1,7
"E00150690",8,2,6
"E00150691",6,4,2
"E00150692",2,0,2
"E00150693",9,6,3
"E00150694",12,5,7
"E00150695",2,1,1
"E00150696",2,0,2
"E00150697",6,3,3
"E00150698",1,0,1
"E00150699",0,0,0
"E00150700",2,1,1
"E00150701",10,7,3
"E00150702",5,4,1
"E00150703",4,3,1
"E00150704",3,0,3
"E00150705",5,4,1
"E00150706",8,4,4
"E00150707",0,0,0
"E00150708",0,0,0
"E00150709",0,0,0
"E00150710",0,0,0
"E00150711",4,1,3
"E00150712",2,0,2
"E00150713",5,3,2
"E00150714",1,1,0
"E00150715",1,0,1
"E00150716",4,3,1
"E00150717",4,2,2
"E00150718",3,1,2
"E00150719",4,1,3
"E00150720",5,2,3
"E00150721",3,1,2
"E00150722",7,4,3
"E00150723",2,1,1
"E00150724",2,2,0
"E00150725",2,2,0
"E00150726",3,1,2
"E00150727",1,1,0
"E00150728",1,1,0
"E00150729",2,2,0
"E00150730",5,1,4
"E00150731",3,1,2
"E00150732",2,0,2
"E00150733",2,1,1
"E00150734",6,4,2
"E00150735",5,3,2
"E00150736",2,1,1
"E00150737",4,3,1
"E00150738",2,1,1
"E00150739",1,0,1
"E00150740",1,0,1
"E00150741",3,1,2
"E00150742",3,3,0
"E00150743",0,0,0
"E00150744",0,0,0
"E00150745",0,0,0
"E00150746",2,2,0
"E00150747",3,3,0
"E00150748",2,0,2
"E00150749",2,1,1
"E00150751",2,0,2
"E00150752",1,0,1
"E00150753",2,0,2
"E00150754",2,1,1
"E00150755",2,2,0
"E00150756",0,0,0
"E00150757",6,3,3
"E00150758",1,1,0
"E00150759",3,1,2
"E00150760",5,4,1
"E00150761",3,2,1
"E00150762",2,1,1
"E00150763",2,0,2
"E00150764",8,3,5
"E00150765",3,1,2
"E00150766",2,0,2
"E00150767",3,2,1
"E00150768",0,0,0
"E00150769",2,2,0
"E00150770",1,0,1
"E00150771",2,1,1
"E00150772",0,0,0
"E00150773",4,2,2
"E00150774",8,6,2
"E00150775",5,3,2
"E00150776",5,1,4
"E00150777",4,2,2
"E00150778",5,2,3
"E00150779",3,2,1
"E00150780",1,0,1
"E00150781",2,0,2
"E00150782",3,1,2
"E00150783",10,1,9
"E00150784",0,0,0
"E00150785",6,6,0
"E00150786",1,0,1
"E00150787",2,2,0
"E00150788",4,4,0
"E00150789",0,0,0
"E00150790",1,1,0
"E00150791",4,2,2
"E00150792",4,2,2
"E00150793",1,0,1
"E00150794",0,0,0
"E00150795",0,0,0
"E00150796",1,1,0
"E00150797",1,1,0
"E00150798",2,2,0
"E00150799",0,0,0
"E00150800",2,1,1
"E00150801",4,1,3
"E00150802",1,1,0
"E00150803",3,1,2
"E00150804",1,1,0
"E00150805",1,1,0
"E00150806",4,3,1
"E00150807",2,1,1
"E00150808",1,1,0
"E00150809",2,1,1
"E00150810",0,0,0
"E00150811",4,1,3
"E00150812",0,0,0
"E00150813",3,2,1
"E00150814",0,0,0
"E00150815",2,0,2
"E00150816",1,1,0
"E00150817",3,1,2
"E00150818",3,2,1
"E00150819",4,0,4
"E00150820",3,1,2
"E00150821",2,2,0
"E00150822",2,1,1
"E00150823",3,0,3
"E00150824",5,2,3
"E00150825",4,0,4
"E00150826",0,0,0
"E00150827",11,1,10
"E00150828",5,4,1
"E00150829",1,0,1
"E00150830",0,0,0
"E00150831",6,2,4
"E00150832",1,1,0
"E00150833",3,3,0
"E00150834",0,0,0
"E00150835",4,1,3
"E00150836",2,1,1
"E00150837",4,2,2
"E00150838",0,0,0
"E00150839",0,0,0
"E00150840",0,0,0
"E00150841",1,1,0
"E00150842",2,1,1
"E00150844",5,4,1
"E00150845",4,3,1
"E00150846",1,0,1
"E00150847",3,2,1
"E00150848",3,1,2
"E00150849",3,0,3
"E00150850",12,7,5
"E00150851",7,3,4
"E00150852",6,0,6
"E00150853",2,1,1
"E00150854",9,5,4
"E00150855",4,1,3
"E00150856",9,2,7
"E00150857",7,3,4
"E00150858",2,0,2
"E00150859",4,3,1
"E00150860",8,4,4
"E00150861",12,4,8
"E00150862",8,5,3
"E00150863",3,3,0
"E00150864",7,5,2
"E00150865",1,1,0
"E00150866",16,6,10
"E00150867",4,2,2
"E00150868",6,4,2
"E00150869",3,3,0
"E00150870",5,2,3
"E00150871",1,0,1
"E00150872",2,2,0
"E00150873",2,2,0
"E00150874",2,1,1
"E00150875",10,7,3
"E00150876",1,1,0
"E00150877",3,1,2
"E00150878",6,2,4
"E00150879",0,0,0
"E00150880",0,0,0
"E00150881",2,1,1
"E00150882",8,3,5
"E00150883",2,1,1
"E00150884",1,1,0
"E00150885",0,0,0
"E00150886",2,0,2
"E00150887",0,0,0
"E00150888",0,0,0
"E00150889",3,2,1
"E00150890",1,1,0
"E00150891",0,0,0
"E00150892",0,0,0
"E00150893",1,0,1
"E00150894",0,0,0
"E00150895",2,2,0
"E00150896",2,0,2
"E00150897",5,4,1
"E00150898",2,0,2
"E00150899",4,3,1
"E00150900",1,1,0
"E00150901",0,0,0
"E00150902",3,2,1
"E00150903",2,1,1
"E00150905",5,2,3
"E00150906",6,5,1
"E00150907",9,7,2
"E00150908",2,1,1
"E00150909",0,0,0
"E00150910",5,0,5
"E00150911",6,3,3
"E00150912",4,1,3
"E00150913",1,1,0
"E00150914",3,3,0
"E00150915",4,1,3
"E00150916",3,1,2
"E00150917",11,1,10
"E00150918",1,1,0
"E00150919",5,3,2
"E00150920",5,2,3
"E00150921",0,0,0
"E00150922",6,5,1
"E00150923",6,5,1
"E00150924",7,3,4
"E00150925",1,0,1
"E00150926",4,2,2
"E00150927",2,1,1
"E00150928",5,4,1
"E00150929",0,0,0
"E00150930",0,0,0
"E00150931",0,0,0
"E00150932",1,0,1
"E00150933",6,4,2
"E00150934",5,2,3
"E00150935",1,1,0
"E00150936",1,1,0
"E00150937",1,1,0
"E00150938",2,1,1
"E00150939",3,1,2
"E00150940",0,0,0
"E00150941",5,2,3
"E00150942",4,1,3
"E00150943",5,2,3
"E00150944",8,5,3
"E00150945",1,0,1
"E00150946",8,4,4
"E00150947",0,0,0
"E00150948",3,3,0
"E00150949",4,4,0
"E00150950",1,1,0
"E00150951",2,2,0
"E00150952",1,1,0
"E00150953",4,3,1
"E00150954",0,0,0
"E00150955",2,1,1
"E00150956",3,2,1
"E00150957",4,2,2
"E00150958",6,4,2
"E00150959",9,4,5
"E00150960",13,6,7
"E00150961",9,3,6
"E00150962",4,1,3
"E00150963",3,2,1
"E00150964",2,2,0
"E00150965",4,4,0
"E00150966",6,4,2
"E00150967",3,2,1
"E00150968",9,6,3
"E00150969",5,3,2
"E00150970",11,6,5
"E00150971",10,2,8
"E00150972",7,3,4
"E00150973",8,3,5
"E00150974",2,1,1
"E00150975",8,3,5
"E00150976",3,2,1
"E00150977",4,1,3
"E00150978",8,0,8
"E00150979",6,3,3
"E00150980",1,0,1
"E00150981",7,1,6
"E00150982",8,2,6
"E00150983",0,0,0
"E00150984",5,1,4
"E00150985",8,4,4
"E00150986",7,4,3
"E00150987",3,1,2
"E00150988",6,5,1
"E00150989",1,1,0
"E00150990",0,0,0
"E00150991",2,1,1
"E00150992",3,2,1
"E00150993",0,0,0
"E00150994",5,2,3
"E00150995",4,1,3
"E00150996",9,5,4
"E00150997",2,1,1
"E00150998",5,2,3
"E00151000",5,3,2
"E00151001",2,1,1
"E00151002",3,1,2
"E00151003",1,0,1
"E00151004",2,2,0
"E00151005",0,0,0
"E00151006",0,0,0
"E00151007",5,3,2
"E00151008",5,1,4
"E00151009",1,0,1
"E00151010",6,0,6
"E00151011",2,0,2
"E00151012",1,0,1
"E00151013",3,3,0
"E00151014",2,2,0
"E00151015",10,5,5
"E00151016",4,3,1
"E00151017",0,0,0
"E00151018",3,2,1
"E00151019",1,1,0
"E00151020",1,1,0
"E00151021",0,0,0
"E00151022",4,3,1
"E00151023",2,1,1
"E00151024",3,2,1
"E00151025",5,4,1
"E00151026",1,0,1
"E00151027",6,5,1
"E00151028",4,1,3
"E00151029",0,0,0
"E00151030",6,1,5
"E00151031",1,1,0
"E00151032",0,0,0
"E00151033",8,2,6
"E00151034",4,3,1
"E00151035",1,1,0
"E00151036",2,1,1
"E00151037",0,0,0
"E00151038",0,0,0
"E00151039",4,2,2
"E00151040",4,1,3
"E00151041",4,2,2
"E00151042",2,2,0
"E00151043",4,1,3
"E00151044",2,0,2
"E00151045",2,1,1
"E00151046",1,0,1
"E00151047",5,3,2
"E00151048",5,2,3
"E00151049",0,0,0
"E00151050",0,0,0
"E00151051",9,3,6
"E00151052",2,1,1
"E00151053",0,0,0
"E00151054",3,2,1
"E00151055",5,1,4
"E00151057",3,0,3
"E00151058",1,1,0
"E00151059",10,2,8
"E00151060",2,2,0
"E00151061",0,0,0
"E00151062",1,0,1
"E00151063",1,0,1
"E00151064",2,1,1
"E00151065",4,2,2
"E00151066",3,0,3
"E00151067",13,8,5
"E00151068",3,2,1
"E00151069",4,4,0
"E00151070",3,0,3
"E00151071",3,1,2
"E00151072",6,4,2
"E00151073",11,8,3
"E00151074",8,4,4
"E00151075",7,6,1
"E00151076",7,5,2
"E00151077",8,5,3
"E00151078",3,1,2
"E00151079",18,6,12
"E00151080",5,2,3
"E00151081",4,3,1
"E00151082",4,2,2
"E00151083",7,4,3
"E00151084",11,7,4
"E00151085",1,0,1
"E00151086",9,5,4
"E00151087",10,7,3
"E00151088",6,1,5
"E00151089",7,5,2
"E00151090",15,12,3
"E00151091",3,1,2
"E00151092",7,6,1
"E00151093",4,2,2
"E00151094",3,2,1
"E00151095",5,2,3
"E00151096",10,3,7
"E00151097",3,2,1
"E00151098",1,1,0
"E00151099",9,4,5
"E00151100",3,2,1
"E00151101",4,2,2
"E00151102",1,0,1
"E00151103",4,4,0
"E00151104",1,0,1
"E00151105",0,0,0
"E00151106",3,2,1
"E00151107",2,2,0
"E00151108",2,2,0
"E00151109",9,4,5
"E00151110",3,2,1
"E00151111",7,2,5
"E00151112",0,0,0
"E00151113",4,3,1
"E00151114",0,0,0
"E00151115",1,0,1
"E00151116",4,0,4
"E00151117",3,0,3
"E00151118",2,1,1
"E00151119",8,2,6
"E00151121",3,1,2
"E00151122",6,4,2
"E00151123",2,2,0
"E00151124",3,1,2
"E00151125",8,6,2
"E00151126",7,4,3
"E00151127",3,2,1
"E00151128",0,0,0
"E00151129",2,2,0
"E00151130",3,1,2
"E00151131",11,2,9
"E00151132",6,4,2
"E00151133",4,3,1
"E00151134",10,5,5
"E00151135",6,4,2
"E00151136",7,3,4
"E00151137",4,2,2
"E00151138",1,0,1
"E00151139",0,0,0
"E00151140",4,3,1
"E00151141",6,3,3
"E00151142",9,1,8
"E00151143",5,2,3
"E00151144",4,2,2
"E00151145",9,6,3
"E00151146",3,1,2
"E00151147",2,2,0
"E00151148",5,5,0
"E00151149",4,2,2
"E00151150",9,6,3
"E00151151",0,0,0
"E00151152",2,2,0
"E00151153",3,0,3
"E00151154",1,0,1
"E00151155",0,0,0
"E00151156",9,5,4
"E00151157",6,4,2
"E00151158",10,5,5
"E00151159",5,4,1
"E00151160",2,1,1
"E00151161",4,2,2
"E00151162",11,7,4
"E00151163",3,2,1
"E00151164",0,0,0
"E00151165",8,2,6
"E00151166",1,0,1
"E00151167",8,3,5
"E00151168",6,4,2
"E00151169",3,2,1
"E00151170",7,5,2
"E00151171",5,4,1
"E00151172",10,3,7
"E00151173",7,3,4
"E00151174",8,3,5
"E00151175",6,4,2
"E00151176",6,2,4
"E00151177",1,1,0
"E00151178",7,1,6
"E00151179",6,6,0
"E00151180",5,3,2
"E00151181",6,1,5
"E00151182",0,0,0
"E00151183",5,3,2
"E00151184",6,4,2
"E00151185",4,3,1
"E00151186",8,5,3
"E00151187",6,4,2
"E00151188",1,1,0
"E00151189",5,2,3
"E00151190",1,1,0
"E00151191",11,5,6
"E00151192",9,1,8
"E00151193",1,0,1
"E00151194",1,1,0
"E00151195",4,2,2
"E00151196",4,0,4
"E00151197",0,0,0
"E00151198",12,4,8
"E00151199",0,0,0
"E00151200",3,1,2
"E00151201",18,8,10
"E00151202",3,1,2
"E00151203",2,1,1
"E00151204",6,2,4
"E00151205",4,3,1
"E00151206",0,0,0
"E00151207",2,2,0
"E00151208",1,1,0
"E00151209",3,1,2
"E00151210",4,1,3
"E00151211",0,0,0
"E00151212",5,3,2
"E00151213",0,0,0
"E00151214",7,4,3
"E00151215",5,3,2
"E00151216",3,2,1
"E00151217",0,0,0
"E00151218",1,1,0
"E00151219",12,6,6
"E00151220",1,0,1
"E00151221",3,1,2
"E00151222",6,4,2
"E00151223",0,0,0
"E00151224",9,5,4
"E00151225",0,0,0
"E00151226",2,0,2
"E00151227",8,4,4
"E00151228",4,1,3
"E00151229",4,4,0
"E00151230",4,1,3
"E00151231",2,0,2
"E00151232",2,1,1
"E00151233",0,0,0
"E00151234",3,1,2
"E00151235",7,0,7
"E00151236",1,1,0
"E00151237",1,0,1
"E00151238",4,3,1
"E00151239",6,2,4
"E00151240",0,0,0
"E00151241",3,2,1
"E00151242",6,1,5
"E00151243",3,1,2
"E00151244",0,0,0
"E00151245",4,1,3
"E00151246",8,7,1
"E00151247",8,5,3
"E00151248",8,6,2
"E00151249",7,3,4
"E00151250",2,0,2
"E00151251",3,2,1
"E00151252",7,3,4
"E00151253",6,2,4
"E00151254",14,7,7
"E00151255",7,4,3
"E00151256",5,2,3
"E00151257",3,1,2
"E00151258",7,3,4
"E00151259",9,5,4
"E00151260",7,4,3
"E00151261",11,6,5
"E00151262",0,0,0
"E00151263",8,7,1
"E00151264",11,7,4
"E00151265",16,8,8
"E00151266",3,2,1
"E00151267",8,2,6
"E00151268",10,3,7
"E00151269",7,2,5
"E00151270",5,2,3
"E00151271",5,3,2
"E00151272",6,2,4
"E00151273",7,5,2
"E00151274",3,1,2
"E00151275",5,3,2
"E00151276",5,3,2
"E00151277",6,4,2
"E00151278",0,0,0
"E00151279",1,1,0
"E00151280",3,2,1
"E00151281",0,0,0
"E00151282",2,2,0
"E00151283",0,0,0
"E00151284",6,4,2
"E00151285",2,1,1
"E00151286",3,2,1
"E00151287",1,1,0
"E00151288",0,0,0
"E00151289",0,0,0
"E00151290",1,1,0
"E00151291",1,0,1
"E00151292",2,0,2
"E00151293",1,0,1
"E00151294",4,3,1
"E00151295",0,0,0
"E00151296",2,1,1
"E00151298",2,1,1
"E00151299",3,2,1
"E00151300",1,0,1
"E00151301",9,3,6
"E00151302",0,0,0
"E00151303",3,1,2
"E00151304",18,14,4
"E00151305",21,12,9
"E00151306",9,4,5
"E00151307",20,7,13
"E00151308",6,2,4
"E00151309",8,3,5
"E00151310",14,9,5
"E00151311",4,4,0
"E00151312",2,0,2
"E00151313",11,6,5
"E00151314",4,4,0
"E00151315",4,2,2
"E00151316",10,6,4
"E00151317",3,1,2
"E00151318",3,1,2
"E00151319",9,4,5
"E00151320",5,3,2
"E00151321",9,6,3
"E00151322",7,2,5
"E00151323",8,2,6
"E00151324",11,5,6
"E00151326",0,0,0
"E00151327",0,0,0
"E00151328",5,2,3
"E00151329",2,2,0
"E00151330",8,3,5
"E00151331",4,2,2
"E00151332",0,0,0
"E00151333",0,0,0
"E00151334",0,0,0
"E00151335",9,6,3
"E00151336",0,0,0
"E00151338",1,1,0
"E00151339",7,3,4
"E00151340",0,0,0
"E00151341",4,2,2
"E00151342",4,2,2
"E00151343",1,1,0
"E00151344",9,3,6
"E00151345",1,0,1
"E00151346",1,0,1
"E00151347",4,3,1
"E00151349",12,7,5
"E00151350",5,3,2
"E00151351",1,0,1
"E00151352",4,2,2
"E00151353",6,4,2
"E00151354",1,0,1
"E00151355",3,2,1
"E00151356",4,3,1
"E00151357",2,1,1
"E00151358",5,3,2
"E00151359",1,0,1
"E00151360",8,4,4
"E00151361",3,0,3
"E00151362",0,0,0
"E00151363",11,3,8
"E00151364",3,1,2
"E00151365",12,6,6
"E00151366",6,2,4
"E00151367",11,6,5
"E00151368",1,1,0
"E00151369",7,3,4
"E00151370",7,6,1
"E00151371",3,3,0
"E00151372",0,0,0
"E00151373",9,4,5
"E00151374",9,8,1
"E00151375",8,4,4
"E00151376",9,3,6
"E00151377",5,3,2
"E00151378",4,0,4
"E00151379",10,3,7
"E00151380",11,6,5
"E00151381",0,0,0
"E00151382",4,2,2
"E00151383",6,6,0
"E00151384",1,0,1
"E00151385",1,1,0
"E00151386",5,1,4
"E00151387",5,4,1
"E00151388",1,1,0
"E00151389",3,0,3
"E00151390",5,1,4
"E00151391",11,5,6
"E00151392",3,2,1
"E00151393",5,4,1
"E00151394",7,4,3
"E00151395",5,1,4
"E00151396",6,3,3
"E00151397",7,4,3
"E00151398",3,1,2
"E00151399",6,3,3
"E00151400",3,2,1
"E00151401",5,4,1
"E00151402",13,8,5
"E00151403",1,1,0
"E00151404",3,1,2
"E00151405",1,0,1
"E00151406",0,0,0
"E00151407",2,0,2
"E00151408",1,0,1
"E00151409",2,0,2
"E00151410",8,5,3
"E00151411",3,3,0
"E00151412",3,2,1
"E00151413",0,0,0
"E00151414",5,2,3
"E00151415",7,2,5
"E00151416",1,0,1
"E00151417",2,0,2
"E00151418",4,1,3
"E00151419",2,0,2
"E00151420",5,4,1
"E00151421",0,0,0
"E00151422",0,0,0
"E00151423",0,0,0
"E00151424",4,3,1
"E00151425",1,0,1
"E00151426",2,1,1
"E00151427",7,1,6
"E00151428",1,0,1
"E00151429",3,2,1
"E00151430",2,0,2
"E00151431",1,1,0
"E00151432",8,3,5
"E00151433",1,1,0
"E00151434",3,2,1
"E00151435",3,2,1
"E00151436",0,0,0
"E00151437",7,5,2
"E00151438",3,1,2
"E00151439",2,0,2
"E00151440",4,3,1
"E00151441",1,0,1
"E00151442",8,4,4
"E00151443",1,0,1
"E00151444",9,6,3
"E00151445",2,1,1
"E00151446",3,0,3
"E00151447",0,0,0
"E00151448",6,3,3
"E00151449",12,6,6
"E00151451",9,6,3
"E00151452",3,2,1
"E00151453",3,2,1
"E00151454",5,1,4
"E00151455",5,4,1
"E00151456",7,4,3
"E00151457",4,4,0
"E00151458",8,5,3
"E00151459",15,7,8
"E00151460",1,0,1
"E00151461",5,5,0
"E00151462",0,0,0
"E00151463",7,4,3
"E00151464",6,4,2
"E00151465",2,1,1
"E00151466",3,1,2
"E00151467",0,0,0
"E00151468",0,0,0
"E00151469",0,0,0
"E00151470",0,0,0
"E00151471",3,2,1
"E00151472",0,0,0
"E00151473",3,2,1
"E00151474",0,0,0
"E00151475",0,0,0
"E00151476",2,1,1
"E00151477",6,3,3
"E00151478",2,1,1
"E00151479",0,0,0
"E00151480",2,2,0
"E00151481",0,0,0
"E00151482",3,2,1
"E00151483",1,0,1
"E00151484",3,0,3
"E00151485",0,0,0
"E00151487",4,2,2
"E00151488",2,1,1
"E00151489",12,5,7
"E00151490",10,5,5
"E00151491",17,7,10
"E00151492",16,10,6
"E00151493",4,2,2
"E00151494",10,6,4
"E00151496",3,2,1
"E00151497",0,0,0
"E00151498",9,4,5
"E00151499",7,6,1
"E00151500",5,3,2
"E00151501",5,4,1
"E00151502",10,5,5
"E00151503",6,5,1
"E00151504",11,7,4
"E00151505",1,0,1
"E00151506",4,3,1
"E00151509",6,2,4
"E00151510",2,2,0
"E00151511",4,1,3
"E00151512",3,2,1
"E00151513",4,2,2
"E00151514",1,1,0
"E00151515",2,1,1
"E00151516",3,2,1
"E00151517",1,1,0
"E00151518",7,3,4
"E00151519",8,4,4
"E00151520",12,6,6
"E00151521",18,8,10
"E00151522",3,2,1
"E00151523",7,6,1
"E00151524",2,1,1
"E00151525",7,4,3
"E00151526",6,3,3
"E00151527",8,4,4
"E00151528",9,4,5
"E00151529",4,2,2
"E00151530",9,4,5
"E00151531",12,7,5
"E00151532",5,4,1
"E00151533",4,1,3
"E00151534",5,4,1
"E00151535",3,0,3
"E00151536",13,7,6
"E00151537",7,4,3
"E00151538",8,3,5
"E00151539",9,6,3
"E00151540",9,3,6
"E00151541",4,2,2
"E00151542",4,2,2
"E00151543",1,1,0
"E00151544",2,1,1
"E00151545",6,3,3
"E00151546",4,3,1
"E00151547",3,2,1
"E00151548",3,2,1
"E00151549",7,4,3
"E00151550",5,1,4
"E00151551",0,0,0
"E00151552",6,2,4
"E00151553",2,1,1
"E00151554",4,3,1
"E00151555",3,1,2
"E00151556",1,0,1
"E00151557",9,3,6
"E00151558",2,1,1
"E00151559",4,2,2
"E00151560",6,3,3
"E00151561",7,4,3
"E00151562",1,0,1
"E00151563",2,1,1
"E00151564",3,1,2
"E00151566",4,1,3
"E00151567",2,1,1
"E00151568",0,0,0
"E00151569",4,2,2
"E00151570",4,1,3
"E00151571",2,1,1
"E00151572",1,1,0
"E00151573",5,3,2
"E00151574",6,3,3
"E00151575",7,3,4
"E00151576",10,6,4
"E00151577",10,8,2
"E00151578",16,6,10
"E00151579",1,1,0
"E00151580",6,3,3
"E00151581",4,3,1
"E00151582",4,1,3
"E00151583",3,0,3
"E00151584",8,5,3
"E00151585",4,1,3
"E00151586",7,3,4
"E00151587",4,2,2
"E00151588",2,1,1
"E00151589",1,0,1
"E00151591",2,0,2
"E00151592",3,3,0
"E00151593",0,0,0
"E00151594",5,1,4
"E00151595",1,0,1
"E00151596",3,3,0
"E00151597",3,0,3
"E00151598",7,3,4
"E00151599",5,2,3
"E00151600",0,0,0
"E00151601",0,0,0
"E00151602",1,0,1
"E00151603",2,2,0
"E00151604",1,0,1
"E00151605",0,0,0
"E00151606",10,5,5
"E00151607",3,1,2
"E00151608",1,1,0
"E00151609",4,3,1
"E00151610",5,2,3
"E00151611",4,2,2
"E00151612",0,0,0
"E00151613",8,3,5
"E00151614",6,4,2
"E00151615",4,4,0
"E00151616",1,1,0
"E00151617",1,1,0
"E00151618",0,0,0
"E00151619",1,0,1
"E00151621",6,3,3
"E00151622",5,3,2
"E00151623",0,0,0
"E00151624",3,1,2
"E00151625",6,3,3
"E00151626",7,3,4
"E00151627",3,2,1
"E00151628",0,0,0
"E00151629",7,5,2
"E00151630",10,5,5
"E00151631",8,6,2
"E00151632",7,0,7
"E00151633",8,5,3
"E00151634",12,4,8
"E00151635",5,3,2
"E00151636",6,3,3
"E00151637",9,7,2
"E00151638",0,0,0
"E00151639",1,1,0
"E00151640",6,2,4
"E00151641",5,2,3
"E00151642",2,1,1
"E00151643",8,5,3
"E00151644",3,2,1
"E00151645",6,2,4
"E00151646",4,2,2
"E00151647",3,2,1
"E00151648",5,5,0
"E00151649",4,4,0
"E00151650",3,1,2
"E00151651",11,3,8
"E00151652",2,1,1
"E00151653",1,0,1
"E00151654",1,1,0
"E00151655",2,1,1
"E00151656",1,1,0
"E00151657",0,0,0
"E00151658",3,2,1
"E00151659",5,3,2
"E00151660",2,1,1
"E00151661",1,1,0
"E00151662",1,1,0
"E00151663",0,0,0
"E00151664",4,1,3
"E00151665",2,1,1
"E00151666",2,1,1
"E00151667",5,3,2
"E00151668",4,3,1
"E00151669",2,0,2
"E00151670",1,0,1
"E00151671",1,0,1
"E00151672",2,0,2
"E00151673",1,1,0
"E00151674",6,1,5
"E00151675",4,2,2
"E00151676",8,3,5
"E00151677",3,0,3
"E00151678",5,3,2
"E00151679",6,4,2
"E00151680",4,2,2
"E00151681",0,0,0
"E00151682",3,2,1
"E00151683",4,3,1
"E00151684",4,2,2
"E00151685",7,6,1
"E00151686",2,1,1
"E00151687",2,1,1
"E00151688",0,0,0
"E00151689",1,1,0
"E00151690",2,1,1
"E00151691",0,0,0
"E00151692",0,0,0
"E00151693",3,1,2
"E00151694",1,1,0
"E00151695",1,1,0
"E00151696",4,3,1
"E00151697",1,0,1
"E00151698",5,3,2
"E00151699",5,2,3
"E00151700",2,0,2
"E00151701",3,3,0
"E00151702",4,2,2
"E00151703",8,4,4
"E00151704",3,0,3
"E00151705",5,1,4
"E00151706",6,4,2
"E00151707",1,0,1
"E00151708",0,0,0
"E00151709",1,0,1
"E00151710",4,0,4
"E00151711",4,3,1
"E00151712",1,0,1
"E00151713",0,0,0
"E00151714",3,0,3
"E00151715",2,1,1
"E00151716",3,2,1
"E00151717",1,0,1
"E00151718",4,2,2
"E00151719",5,3,2
"E00151720",2,1,1
"E00151721",2,1,1
"E00151722",1,0,1
"E00151723",3,1,2
"E00151724",3,0,3
"E00151725",9,1,8
"E00151726",2,1,1
"E00151727",7,5,2
"E00151728",12,7,5
"E00151729",2,0,2
"E00151730",4,2,2
"E00151731",6,1,5
"E00151732",4,1,3
"E00151733",0,0,0
"E00151734",3,2,1
"E00151735",5,2,3
"E00151736",8,3,5
"E00151737",4,1,3
"E00151738",1,0,1
"E00151739",2,0,2
"E00151740",2,1,1
"E00151741",2,2,0
"E00151742",1,0,1
"E00151743",2,0,2
"E00151744",3,3,0
"E00151745",8,3,5
"E00151746",0,0,0
"E00151747",1,1,0
"E00151748",1,0,1
"E00151749",4,3,1
"E00151750",2,2,0
"E00151751",4,2,2
"E00151752",3,3,0
"E00151753",3,3,0
"E00151754",1,0,1
"E00151755",2,2,0
"E00151756",1,0,1
"E00151757",2,2,0
"E00151758",3,1,2
"E00151759",2,2,0
"E00151760",2,1,1
"E00151761",4,2,2
"E00151762",4,4,0
"E00151763",1,0,1
"E00151764",6,6,0
"E00151765",1,1,0
"E00151766",1,0,1
"E00151767",0,0,0
"E00151768",2,1,1
"E00151769",3,1,2
"E00151770",10,6,4
"E00151771",1,0,1
"E00151772",4,2,2
"E00151773",2,1,1
"E00151774",5,1,4
"E00151775",2,1,1
"E00151776",3,0,3
"E00151777",3,0,3
"E00151778",4,2,2
"E00151779",2,0,2
"E00151780",3,2,1
"E00151781",1,1,0
"E00151782",3,0,3
"E00151783",6,4,2
"E00151784",5,2,3
"E00151785",7,3,4
"E00151786",14,4,10
"E00151787",4,1,3
"E00151788",3,3,0
"E00151789",3,1,2
"E00151790",7,5,2
"E00151791",6,2,4
"E00151792",8,5,3
"E00151793",3,0,3
"E00151794",9,4,5
"E00151795",10,8,2
"E00151796",4,3,1
"E00151797",1,1,0
"E00151798",6,5,1
"E00151799",10,4,6
"E00151800",0,0,0
"E00151801",4,3,1
"E00151802",3,1,2
"E00151803",2,1,1
"E00151804",2,0,2
"E00151805",1,1,0
"E00151806",2,1,1
"E00151807",4,2,2
"E00151808",5,1,4
"E00151809",5,5,0
"E00151810",2,1,1
"E00151811",0,0,0
"E00151812",1,1,0
"E00151813",4,4,0
"E00151814",6,3,3
"E00151815",3,0,3
"E00151816",2,0,2
"E00151817",7,5,2
"E00151819",4,2,2
"E00151820",2,2,0
"E00151821",6,4,2
"E00151822",1,0,1
"E00151823",8,4,4
"E00151824",4,1,3
"E00151825",5,3,2
"E00151826",2,1,1
"E00151827",2,1,1
"E00151828",1,1,0
"E00151829",5,3,2
"E00151830",3,1,2
"E00151831",5,2,3
"E00151832",0,0,0
"E00151833",6,5,1
"E00151834",4,0,4
"E00151835",5,1,4
"E00151836",7,6,1
"E00151837",5,2,3
"E00151838",1,0,1
"E00151839",6,4,2
"E00151840",3,1,2
"E00151841",1,1,0
"E00151842",0,0,0
"E00151843",5,0,5
"E00151844",2,1,1
"E00151845",0,0,0
"E00151846",2,2,0
"E00151847",1,1,0
"E00151848",3,2,1
"E00151849",2,2,0
"E00151850",2,0,2
"E00151851",0,0,0
"E00151852",3,0,3
"E00151853",5,2,3
"E00151854",1,1,0
"E00151855",5,1,4
"E00151858",6,6,0
"E00151859",9,1,8
"E00151860",3,1,2
"E00151862",6,1,5
"E00151863",9,4,5
"E00151864",7,3,4
"E00151865",8,5,3
"E00151866",11,6,5
"E00151867",2,0,2
"E00151868",1,0,1
"E00151869",8,3,5
"E00151870",9,7,2
"E00151871",5,3,2
"E00151872",6,2,4
"E00151873",0,0,0
"E00151874",4,2,2
"E00151875",4,3,1
"E00151876",3,0,3
"E00151877",6,1,5
"E00151878",8,2,6
"E00151879",6,3,3
"E00151880",0,0,0
"E00151881",2,2,0
"E00151882",6,5,1
"E00151883",7,4,3
"E00151884",3,1,2
"E00151885",9,6,3
"E00151886",0,0,0
"E00151887",6,3,3
"E00151888",6,3,3
"E00151889",2,0,2
"E00151890",2,1,1
"E00151891",1,0,1
"E00151892",3,0,3
"E00151893",4,2,2
"E00151894",4,3,1
"E00151895",7,4,3
"E00151896",3,1,2
"E00151897",0,0,0
"E00151898",4,1,3
"E00151899",1,1,0
"E00151900",0,0,0
"E00151901",3,2,1
"E00151902",1,1,0
"E00151903",0,0,0
"E00151904",5,5,0
"E00151905",0,0,0
"E00151906",0,0,0
"E00151907",0,0,0
"E00151908",5,2,3
"E00151909",2,1,1
"E00151910",3,1,2
"E00151912",5,2,3
"E00151913",1,0,1
"E00151914",2,0,2
"E00151915",0,0,0
"E00151916",2,1,1
"E00151917",2,0,2
"E00151918",5,2,3
"E00151919",1,0,1
"E00151920",3,1,2
"E00151921",1,0,1
"E00151922",4,3,1
"E00151923",4,3,1
"E00151924",7,4,3
"E00151925",2,2,0
"E00151926",4,2,2
"E00151927",2,1,1
"E00151928",7,2,5
"E00151929",3,2,1
"E00151930",3,2,1
"E00151931",2,1,1
"E00151932",5,3,2
"E00151933",10,4,6
"E00151934",8,3,5
"E00151935",5,1,4
"E00151936",4,3,1
"E00151937",2,0,2
"E00151938",7,5,2
"E00151939",1,1,0
"E00151940",0,0,0
"E00151941",1,1,0
"E00151942",1,1,0
"E00151943",3,3,0
"E00151944",4,4,0
"E00151945",1,0,1
"E00151946",2,2,0
"E00151947",4,2,2
"E00151948",5,3,2
"E00151949",1,1,0
"E00151950",4,3,1
"E00151951",4,0,4
"E00151952",5,2,3
"E00151953",7,4,3
"E00151954",3,1,2
"E00151955",0,0,0
"E00151956",2,0,2
"E00151959",3,1,2
"E00151960",2,1,1
"E00151961",4,3,1
"E00151962",4,3,1
"E00151963",2,0,2
"E00151964",3,2,1
"E00151965",2,2,0
"E00151966",4,0,4
"E00151967",2,0,2
"E00151968",10,2,8
"E00151971",5,3,2
"E00151972",3,1,2
"E00151973",6,3,3
"E00151974",4,2,2
"E00151975",3,1,2
"E00151976",4,3,1
"E00151977",3,1,2
"E00151978",4,4,0
"E00151979",2,2,0
"E00151980",1,0,1
"E00151981",2,0,2
"E00151982",3,0,3
"E00151983",3,2,1
"E00151984",0,0,0
"E00151985",0,0,0
"E00151986",1,1,0
"E00151987",2,0,2
"E00151988",4,3,1
"E00151989",5,3,2
"E00151990",2,1,1
"E00151991",2,1,1
"E00151992",0,0,0
"E00151993",1,1,0
"E00151994",4,2,2
"E00151995",3,2,1
"E00151996",3,2,1
"E00151997",3,1,2
"E00151998",1,1,0
"E00151999",2,1,1
"E00152000",1,0,1
"E00152001",1,1,0
"E00152002",0,0,0
"E00152003",3,2,1
"E00152005",1,0,1
"E00152006",3,0,3
"E00152007",2,2,0
"E00152008",0,0,0
"E00152009",4,2,2
"E00152010",1,0,1
"E00152011",11,4,7
"E00152012",0,0,0
"E00152013",5,2,3
"E00152014",9,4,5
"E00152015",0,0,0
"E00152016",3,1,2
"E00152017",0,0,0
"E00152018",2,2,0
"E00152019",1,1,0
"E00152020",0,0,0
"E00152021",4,2,2
"E00152022",2,1,1
"E00152023",0,0,0
"E00152024",1,0,1
"E00152025",2,2,0
"E00152026",0,0,0
"E00152027",3,1,2
"E00152028",3,2,1
"E00152029",3,2,1
"E00152030",1,1,0
"E00152031",2,1,1
"E00152032",3,1,2
"E00152033",2,0,2
"E00152034",5,2,3
"E00152036",3,1,2
"E00152037",1,0,1
"E00152038",3,2,1
"E00152039",0,0,0
"E00152040",1,0,1
"E00152041",2,1,1
"E00152042",4,1,3
"E00152043",0,0,0
"E00152044",2,2,0
"E00152045",0,0,0
"E00152046",0,0,0
"E00152047",0,0,0
"E00152048",6,4,2
"E00152049",1,0,1
"E00152050",0,0,0
"E00152051",3,1,2
"E00152052",2,2,0
"E00152053",6,2,4
"E00152054",1,1,0
"E00152055",0,0,0
"E00152056",1,1,0
"E00152057",0,0,0
"E00152058",0,0,0
"E00152059",6,5,1
"E00152060",0,0,0
"E00152061",0,0,0
"E00152062",1,1,0
"E00152063",0,0,0
"E00152064",1,1,0
"E00152065",3,2,1
"E00152066",0,0,0
"E00152067",1,0,1
"E00152068",3,1,2
"E00152069",0,0,0
"E00152070",1,1,0
"E00152071",3,1,2
"E00152072",0,0,0
"E00152073",2,1,1
"E00152074",1,0,1
"E00152075",4,0,4
"E00152076",2,1,1
"E00152077",1,0,1
"E00152078",8,3,5
"E00152079",1,1,0
"E00152080",2,2,0
"E00152081",1,0,1
"E00152082",0,0,0
"E00152083",0,0,0
"E00152084",0,0,0
"E00152085",7,4,3
"E00152086",2,1,1
"E00152087",0,0,0
"E00152088",1,1,0
"E00152089",2,0,2
"E00152090",3,1,2
"E00152091",4,2,2
"E00152092",3,2,1
"E00152093",3,2,1
"E00152094",6,2,4
"E00152095",5,2,3
"E00152096",1,1,0
"E00152097",3,2,1
"E00152098",3,3,0
"E00152099",1,0,1
"E00152100",5,3,2
"E00152101",5,4,1
"E00152102",1,1,0
"E00152103",6,4,2
"E00152104",0,0,0
"E00152105",1,0,1
"E00152106",3,1,2
"E00152107",0,0,0
"E00152108",4,1,3
"E00152109",6,2,4
"E00152110",9,8,1
"E00152111",2,2,0
"E00152112",3,1,2
"E00152113",1,0,1
"E00152114",4,3,1
"E00152115",3,2,1
"E00152116",8,4,4
"E00152117",0,0,0
"E00152118",7,5,2
"E00152119",6,3,3
"E00152120",9,6,3
"E00152121",3,1,2
"E00152122",6,3,3
"E00152124",2,2,0
"E00152125",2,1,1
"E00152126",3,3,0
"E00152127",2,2,0
"E00152128",5,0,5
"E00152129",2,0,2
"E00152130",8,3,5
"E00152131",3,3,0
"E00152132",0,0,0
"E00152133",2,1,1
"E00152134",1,1,0
"E00152135",1,0,1
"E00152136",2,1,1
"E00152137",1,0,1
"E00152138",3,2,1
"E00152139",1,0,1
"E00152140",1,1,0
"E00152141",2,1,1
"E00152142",1,0,1
"E00152143",2,0,2
"E00152144",6,5,1
"E00152145",1,1,0
"E00152146",4,3,1
"E00152147",3,0,3
"E00152148",3,1,2
"E00152149",1,0,1
"E00152150",5,2,3
"E00152151",0,0,0
"E00152152",1,0,1
"E00152153",2,1,1
"E00152154",6,2,4
"E00152155",5,3,2
"E00152156",9,6,3
"E00152157",4,2,2
"E00152158",1,0,1
"E00152159",4,3,1
"E00152160",7,3,4
"E00152161",3,0,3
"E00152162",6,3,3
"E00152163",1,0,1
"E00152164",2,2,0
"E00152165",4,0,4
"E00152166",10,4,6
"E00152167",4,0,4
"E00152168",10,6,4
"E00152169",2,2,0
"E00152170",0,0,0
"E00152171",2,0,2
"E00152172",1,0,1
"E00152173",2,0,2
"E00152174",10,4,6
"E00152175",12,4,8
"E00152176",9,3,6
"E00152177",13,6,7
"E00152178",1,0,1
"E00152179",7,5,2
"E00152181",3,0,3
"E00152182",5,3,2
"E00152183",0,0,0
"E00152184",3,2,1
"E00152185",2,1,1
"E00152186",6,4,2
"E00152188",2,1,1
"E00152189",4,1,3
"E00152190",2,1,1
"E00152191",1,1,0
"E00152192",7,3,4
"E00152193",0,0,0
"E00152194",2,0,2
"E00152195",2,0,2
"E00152196",1,0,1
"E00152197",2,1,1
"E00152198",4,3,1
"E00152199",1,0,1
"E00152200",5,2,3
"E00152201",3,1,2
"E00152202",1,0,1
"E00152203",5,2,3
"E00152204",1,0,1
"E00152205",6,5,1
"E00152206",6,2,4
"E00152207",7,4,3
"E00152208",6,1,5
"E00152209",12,8,4
"E00152210",3,2,1
"E00152211",17,8,9
"E00152212",9,5,4
"E00152213",3,1,2
"E00152214",2,1,1
"E00152215",0,0,0
"E00152216",1,0,1
"E00152217",7,4,3
"E00152218",7,3,4
"E00152219",5,3,2
"E00152220",2,1,1
"E00152221",0,0,0
"E00152222",1,0,1
"E00152223",2,2,0
"E00152224",2,0,2
"E00152225",4,3,1
"E00152226",3,2,1
"E00152227",7,2,5
"E00152228",5,4,1
"E00152229",6,5,1
"E00152230",3,1,2
"E00152231",8,1,7
"E00152232",4,1,3
"E00152233",6,4,2
"E00152234",14,10,4
"E00152235",14,10,4
"E00152236",11,9,2
"E00152237",6,0,6
"E00152238",8,4,4
"E00152239",2,0,2
"E00152240",7,4,3
"E00152241",12,8,4
"E00152242",12,10,2
"E00152243",8,6,2
"E00152244",0,0,0
"E00152245",2,2,0
"E00152246",6,4,2
"E00152247",10,1,9
"E00152248",7,6,1
"E00152249",7,1,6
"E00152250",14,9,5
"E00152251",0,0,0
"E00152252",0,0,0
"E00152253",3,1,2
"E00152254",2,2,0
"E00152255",10,6,4
"E00152256",2,1,1
"E00152257",9,7,2
"E00152258",9,4,5
"E00152259",3,0,3
"E00152260",22,10,12
"E00152261",12,3,9
"E00152262",2,1,1
"E00152263",2,2,0
"E00152264",3,2,1
"E00152265",2,1,1
"E00152266",11,5,6
"E00152267",11,3,8
"E00152268",8,4,4
"E00152269",3,3,0
"E00152270",16,9,7
"E00152271",14,7,7
"E00152272",5,3,2
"E00152273",1,0,1
"E00152274",14,7,7
"E00152275",5,3,2
"E00152276",3,2,1
"E00152277",7,4,3
"E00152278",11,5,6
"E00152279",12,6,6
"E00152280",8,5,3
"E00152281",1,1,0
"E00152282",0,0,0
"E00152283",2,2,0
"E00152284",0,0,0
"E00152285",5,2,3
"E00152286",2,1,1
"E00152287",3,2,1
"E00152288",6,3,3
"E00152289",1,0,1
"E00152290",1,0,1
"E00152291",3,0,3
"E00152292",2,1,1
"E00152293",7,3,4
"E00152294",10,7,3
"E00152295",7,3,4
"E00152296",4,0,4
"E00152297",2,2,0
"E00152298",4,2,2
"E00152299",2,0,2
"E00152301",3,2,1
"E00152302",0,0,0
"E00152303",0,0,0
"E00152304",3,3,0
"E00152305",1,1,0
"E00152306",4,0,4
"E00152307",1,1,0
"E00152308",7,2,5
"E00152310",2,1,1
"E00152311",3,2,1
"E00152312",1,1,0
"E00152313",3,1,2
"E00152314",9,6,3
"E00152315",11,7,4
"E00152316",8,3,5
"E00152317",4,1,3
"E00152318",0,0,0
"E00152319",6,3,3
"E00152320",6,4,2
"E00152321",2,1,1
"E00152322",4,2,2
"E00152323",4,2,2
"E00152324",1,0,1
"E00152325",0,0,0
"E00152327",7,5,2
"E00152328",6,1,5
"E00152329",1,1,0
"E00152330",5,3,2
"E00152331",0,0,0
"E00152332",4,1,3
"E00152333",1,1,0
"E00152334",0,0,0
"E00152335",11,6,5
"E00152336",1,1,0
"E00152337",2,1,1
"E00152338",9,5,4
"E00152339",9,2,7
"E00152340",7,2,5
"E00152341",13,5,8
"E00152342",6,2,4
"E00152343",4,4,0
"E00152344",0,0,0
"E00152345",9,4,5
"E00152346",10,6,4
"E00152347",8,2,6
"E00152349",9,5,4
"E00152350",8,4,4
"E00152351",8,2,6
"E00152352",7,3,4
"E00152353",7,2,5
"E00152354",2,1,1
"E00152355",1,0,1
"E00152356",4,1,3
"E00152357",6,2,4
"E00152358",6,4,2
"E00152359",5,0,5
"E00152360",1,1,0
"E00152361",14,9,5
"E00152362",0,0,0
"E00152363",8,5,3
"E00152364",4,1,3
"E00152365",9,6,3
"E00152366",7,4,3
"E00152367",5,3,2
"E00152368",2,2,0
"E00152369",2,0,2
"E00152370",3,2,1
"E00152371",6,3,3
"E00152372",4,4,0
"E00152373",8,5,3
"E00152374",2,1,1
"E00152375",3,1,2
"E00152376",2,2,0
"E00152377",2,0,2
"E00152378",0,0,0
"E00152379",0,0,0
"E00152380",11,4,7
"E00152381",20,14,6
"E00152382",4,3,1
"E00152383",12,4,8
"E00152384",8,6,2
"E00152385",15,8,7
"E00152386",8,6,2
"E00152387",11,6,5
"E00152388",5,2,3
"E00152389",6,3,3
"E00152390",5,2,3
"E00152391",5,0,5
"E00152392",5,5,0
"E00152393",3,2,1
"E00152394",3,2,1
"E00152395",7,4,3
"E00152396",5,1,4
"E00152397",3,1,2
"E00152398",3,1,2
"E00152399",6,4,2
"E00152400",6,5,1
"E00152401",10,6,4
"E00152402",10,5,5
"E00152403",9,5,4
"E00152404",7,4,3
"E00152405",17,8,9
"E00152406",13,5,8
"E00152407",12,4,8
"E00152408",8,2,6
"E00152409",1,1,0
"E00152410",11,6,5
"E00152411",2,1,1
"E00152412",5,3,2
"E00152413",12,9,3
"E00152414",4,1,3
"E00152415",3,2,1
"E00152416",8,6,2
"E00152417",7,4,3
"E00152419",5,2,3
"E00152420",2,1,1
"E00152421",0,0,0
"E00152422",3,2,1
"E00152423",4,2,2
"E00152424",1,0,1
"E00152425",3,1,2
"E00152426",0,0,0
"E00152427",4,2,2
"E00152428",3,3,0
"E00152429",5,2,3
"E00152430",11,3,8
"E00152431",2,1,1
"E00152432",5,3,2
"E00152433",3,2,1
"E00152434",9,4,5
"E00152435",2,0,2
"E00152436",9,7,2
"E00152437",8,2,6
"E00152438",12,8,4
"E00152439",5,3,2
"E00152440",5,2,3
"E00152441",0,0,0
"E00152442",0,0,0
"E00152443",10,6,4
"E00152444",1,1,0
"E00152445",1,0,1
"E00152446",2,1,1
"E00152447",0,0,0
"E00152448",0,0,0
"E00152449",6,3,3
"E00152450",0,0,0
"E00152451",2,1,1
"E00152452",1,0,1
"E00152453",1,0,1
"E00152454",12,5,7
"E00152455",3,0,3
"E00152456",1,0,1
"E00152457",5,3,2
"E00152458",1,0,1
"E00152460",5,2,3
"E00152461",4,1,3
"E00152462",7,0,7
"E00152463",1,1,0
"E00152464",4,2,2
"E00152465",2,0,2
"E00152466",0,0,0
"E00152467",4,2,2
"E00152468",4,1,3
"E00152469",1,1,0
"E00152470",7,3,4
"E00152471",5,3,2
"E00152472",0,0,0
"E00152473",3,2,1
"E00152474",0,0,0
"E00152475",7,2,5
"E00152476",0,0,0
"E00152477",2,1,1
"E00152478",5,2,3
"E00152479",3,1,2
"E00152480",1,1,0
"E00152481",5,3,2
"E00152482",2,1,1
"E00152483",3,1,2
"E00152484",2,1,1
"E00152485",7,3,4
"E00152486",3,0,3
"E00152487",4,1,3
"E00152488",3,1,2
"E00152489",11,6,5
"E00152490",8,2,6
"E00152491",5,4,1
"E00152492",1,0,1
"E00152493",8,6,2
"E00152494",10,3,7
"E00152495",5,4,1
"E00152496",1,1,0
"E00152497",1,0,1
"E00152498",2,1,1
"E00152499",0,0,0
"E00152500",6,5,1
"E00152501",5,2,3
"E00152502",3,1,2
"E00152503",2,2,0
"E00152504",2,0,2
"E00152506",3,2,1
"E00152507",2,1,1
"E00152508",0,0,0
"E00152509",0,0,0
"E00152510",0,0,0
"E00152511",1,0,1
"E00152512",1,0,1
"E00152513",0,0,0
"E00152514",1,0,1
"E00152515",1,0,1
"E00152516",1,1,0
"E00152517",4,3,1
"E00152518",0,0,0
"E00152519",3,0,3
"E00152520",4,3,1
"E00152521",0,0,0
"E00152522",3,0,3
"E00152523",4,3,1
"E00152524",4,2,2
"E00152525",3,1,2
"E00152526",3,2,1
"E00152527",0,0,0
"E00152528",2,2,0
"E00152529",2,1,1
"E00152530",0,0,0
"E00152531",5,3,2
"E00152532",0,0,0
"E00152533",1,0,1
"E00152534",1,0,1
"E00152535",3,3,0
"E00152536",1,0,1
"E00152537",0,0,0
"E00152538",3,2,1
"E00152539",2,2,0
"E00152540",1,0,1
"E00152541",0,0,0
"E00152548",2,0,2
"E00152550",0,0,0
"E00152552",5,1,4
"E00152556",4,3,1
"E00152557",1,1,0
"E00152558",0,0,0
"E00152562",2,1,1
"E00152563",0,0,0
"E00152564",3,1,2
"E00152566",0,0,0
"E00152567",5,3,2
"E00152568",6,3,3
"E00152569",1,0,1
"E00152570",10,6,4
"E00152571",1,1,0
"E00152572",4,3,1
"E00152573",2,0,2
"E00152574",5,1,4
"E00152575",6,1,5
"E00152576",0,0,0
"E00152577",2,1,1
"E00152578",0,0,0
"E00152579",2,1,1
"E00152580",6,3,3
"E00152581",11,6,5
"E00152582",3,2,1
"E00152583",3,2,1
"E00152584",3,2,1
"E00152585",2,1,1
"E00152586",3,1,2
"E00152587",0,0,0
"E00152588",2,0,2
"E00152589",0,0,0
"E00152590",6,3,3
"E00152591",1,0,1
"E00152592",4,3,1
"E00152593",9,4,5
"E00152594",4,3,1
"E00152595",1,1,0
"E00152596",1,0,1
"E00152597",2,0,2
"E00152598",4,1,3
"E00152599",0,0,0
"E00152600",1,0,1
"E00152601",3,1,2
"E00152602",0,0,0
"E00152603",3,1,2
"E00152604",5,4,1
"E00152605",1,0,1
"E00152606",3,2,1
"E00152607",3,1,2
"E00152608",0,0,0
"E00152609",2,1,1
"E00152610",0,0,0
"E00152611",5,3,2
"E00152612",1,0,1
"E00152613",6,2,4
"E00152614",1,1,0
"E00152615",4,1,3
"E00152616",5,1,4
"E00152617",3,0,3
"E00152618",4,3,1
"E00152619",3,2,1
"E00152620",0,0,0
"E00152621",2,2,0
"E00152623",4,2,2
"E00152624",1,0,1
"E00152625",2,1,1
"E00152626",4,2,2
"E00152627",3,1,2
"E00152628",1,0,1
"E00152629",5,1,4
"E00152630",5,4,1
"E00152631",5,2,3
"E00152632",3,0,3
"E00152634",1,0,1
"E00152635",0,0,0
"E00152636",1,1,0
"E00152637",5,5,0
"E00152638",2,1,1
"E00152639",1,0,1
"E00152640",2,1,1
"E00152641",6,3,3
"E00152642",3,0,3
"E00152643",5,0,5
"E00152644",0,0,0
"E00152645",0,0,0
"E00152646",2,0,2
"E00152647",0,0,0
"E00152648",0,0,0
"E00152649",0,0,0
"E00152650",0,0,0
"E00152651",0,0,0
"E00152652",0,0,0
"E00152653",4,1,3
"E00152654",0,0,0
"E00152655",1,1,0
"E00152656",4,2,2
"E00152657",3,1,2
"E00152658",1,1,0
"E00152659",0,0,0
"E00152660",3,2,1
"E00152661",1,1,0
"E00152662",3,1,2
"E00152663",5,4,1
"E00152664",2,0,2
"E00152665",6,5,1
"E00152666",6,2,4
"E00152667",2,2,0
"E00152668",4,1,3
"E00152669",6,2,4
"E00152670",7,4,3
"E00152672",2,1,1
"E00152673",3,2,1
"E00152674",1,1,0
"E00152675",3,1,2
"E00152676",3,2,1
"E00152677",7,2,5
"E00152678",10,2,8
"E00152679",3,1,2
"E00152680",4,2,2
"E00152681",2,0,2
"E00152682",8,4,4
"E00152683",2,0,2
"E00152685",4,0,4
"E00152686",4,2,2
"E00152688",5,1,4
"E00152690",1,1,0
"E00152691",2,2,0
"E00152692",9,4,5
"E00152693",1,1,0
"E00152694",4,1,3
"E00152695",4,1,3
"E00152696",3,1,2
"E00152697",2,0,2
"E00152698",3,1,2
"E00152699",0,0,0
"E00152700",2,1,1
"E00152701",8,5,3
"E00152702",4,1,3
"E00152703",0,0,0
"E00152704",6,4,2
"E00152705",3,3,0
"E00152706",8,3,5
"E00152707",5,5,0
"E00152708",11,3,8
"E00152709",5,4,1
"E00152710",4,1,3
"E00152711",7,4,3
"E00152712",2,0,2
"E00152713",7,1,6
"E00152714",0,0,0
"E00152715",3,1,2
"E00152718",3,1,2
"E00152719",5,4,1
"E00152720",3,2,1
"E00152721",1,0,1
"E00152722",7,5,2
"E00152723",4,3,1
"E00152724",6,3,3
"E00152725",3,3,0
"E00152726",4,3,1
"E00152727",1,1,0
"E00152728",7,2,5
"E00152729",7,3,4
"E00152730",9,4,5
"E00152731",5,3,2
"E00152732",3,1,2
"E00152733",2,0,2
"E00152734",6,2,4
"E00152735",6,3,3
"E00152736",7,4,3
"E00152737",4,2,2
"E00152738",1,1,0
"E00152739",4,1,3
"E00152740",2,1,1
"E00152741",1,0,1
"E00152743",0,0,0
"E00152744",1,1,0
"E00152745",0,0,0
"E00152746",4,3,1
"E00152747",2,2,0
"E00152748",6,2,4
"E00152749",3,2,1
"E00152751",1,1,0
"E00152752",3,1,2
"E00152753",5,3,2
"E00152754",1,0,1
"E00152755",4,3,1
"E00152756",4,3,1
"E00152757",4,2,2
"E00152758",1,1,0
"E00152759",1,0,1
"E00152760",1,1,0
"E00152761",1,1,0
"E00152762",2,1,1
"E00152763",4,3,1
"E00152764",11,2,9
"E00152765",3,1,2
"E00152766",1,1,0
"E00152767",1,0,1
"E00152768",5,2,3
"E00152769",2,1,1
"E00152770",6,2,4
"E00152771",9,5,4
"E00152772",6,5,1
"E00152773",1,1,0
"E00152774",1,1,0
"E00152775",3,1,2
"E00152776",5,3,2
"E00152777",1,1,0
"E00152778",8,2,6
"E00152779",2,1,1
"E00152780",5,3,2
"E00152781",7,3,4
"E00152782",9,5,4
"E00152783",3,1,2
"E00152784",5,2,3
"E00152785",3,2,1
"E00152786",0,0,0
"E00152787",5,3,2
"E00152788",2,0,2
"E00152789",3,2,1
"E00152790",4,2,2
"E00152791",1,1,0
"E00152792",0,0,0
"E00152793",4,2,2
"E00152794",0,0,0
"E00152795",2,0,2
"E00152796",1,1,0
"E00152797",1,1,0
"E00152798",1,1,0
"E00152799",0,0,0
"E00152800",0,0,0
"E00152801",2,2,0
"E00152802",1,1,0
"E00152803",1,1,0
"E00152804",3,1,2
"E00152805",1,1,0
"E00152806",3,2,1
"E00152807",0,0,0
"E00152808",2,0,2
"E00152809",2,1,1
"E00152810",0,0,0
"E00152811",4,3,1
"E00152812",0,0,0
"E00152813",2,0,2
"E00152814",1,0,1
"E00152815",1,0,1
"E00152816",2,1,1
"E00152817",3,1,2
"E00152818",1,1,0
"E00152819",2,0,2
"E00152820",1,1,0
"E00152821",1,0,1
"E00152822",4,2,2
"E00152823",1,1,0
"E00152824",0,0,0
"E00152825",3,2,1
"E00152826",0,0,0
"E00152827",0,0,0
"E00152828",1,1,0
"E00152829",3,2,1
"E00152830",1,1,0
"E00152831",0,0,0
"E00152833",1,1,0
"E00152834",3,1,2
"E00152835",3,1,2
"E00152836",2,0,2
"E00152837",0,0,0
"E00152838",0,0,0
"E00152839",3,1,2
"E00152840",5,4,1
"E00152841",5,4,1
"E00152842",1,1,0
"E00152843",2,1,1
"E00152844",4,0,4
"E00152845",2,2,0
"E00152847",0,0,0
"E00152848",2,1,1
"E00152849",2,1,1
"E00152850",5,3,2
"E00152851",6,4,2
"E00152852",2,1,1
"E00152853",1,1,0
"E00152854",0,0,0
"E00152855",4,3,1
"E00152856",2,1,1
"E00152857",1,1,0
"E00152858",0,0,0
"E00152859",8,3,5
"E00152860",3,1,2
"E00152861",3,1,2
"E00152862",4,1,3
"E00152863",0,0,0
"E00152864",2,1,1
"E00152865",2,0,2
"E00152866",1,0,1
"E00152867",1,0,1
"E00152869",3,0,3
"E00152870",1,0,1
"E00152871",0,0,0
"E00152872",2,2,0
"E00152873",6,3,3
"E00152874",6,1,5
"E00152875",1,0,1
"E00152876",2,2,0
"E00152877",14,6,8
"E00152878",1,0,1
"E00152879",5,3,2
"E00152880",7,3,4
"E00152881",13,6,7
"E00152882",6,5,1
"E00152883",5,3,2
"E00152884",1,1,0
"E00152885",2,1,1
"E00152886",7,3,4
"E00152887",0,0,0
"E00152888",0,0,0
"E00152889",4,1,3
"E00152890",4,1,3
"E00152891",3,0,3
"E00152892",4,2,2
"E00152893",3,2,1
"E00152894",6,5,1
"E00152895",7,3,4
"E00152896",0,0,0
"E00152897",4,2,2
"E00152898",5,2,3
"E00152899",7,5,2
"E00152900",4,3,1
"E00152901",0,0,0
"E00152902",2,1,1
"E00152903",0,0,0
"E00152904",3,1,2
"E00152905",5,3,2
"E00152906",10,7,3
"E00152907",4,2,2
"E00152908",1,1,0
"E00152909",0,0,0
"E00152910",8,5,3
"E00152911",3,1,2
"E00152912",1,0,1
"E00152913",0,0,0
"E00152914",2,0,2
"E00152915",3,1,2
"E00152916",6,4,2
"E00152917",5,4,1
"E00152918",0,0,0
"E00152919",1,0,1
"E00152920",1,0,1
"E00152921",3,1,2
"E00152922",7,5,2
"E00152923",2,0,2
"E00152925",4,0,4
"E00152926",0,0,0
"E00152927",1,0,1
"E00152928",0,0,0
"E00152929",2,1,1
"E00152930",13,9,4
"E00152931",11,8,3
"E00152932",15,8,7
"E00152933",24,10,14
"E00152934",20,10,10
"E00152935",7,3,4
"E00152936",6,4,2
"E00152937",9,5,4
"E00152938",1,0,1
"E00152939",13,6,7
"E00152940",4,2,2
"E00152941",12,4,8
"E00152942",11,6,5
"E00152943",12,6,6
"E00152944",10,3,7
"E00152945",3,0,3
"E00152946",3,2,1
"E00152947",3,2,1
"E00152948",2,2,0
"E00152949",3,1,2
"E00152950",8,2,6
"E00152951",4,2,2
"E00152952",9,3,6
"E00152953",1,1,0
"E00152954",8,4,4
"E00152955",2,1,1
"E00152956",5,0,5
"E00152957",0,0,0
"E00152958",1,0,1
"E00152959",0,0,0
"E00152960",1,0,1
"E00152961",2,1,1
"E00152962",1,1,0
"E00152963",2,2,0
"E00152964",0,0,0
"E00152965",0,0,0
"E00152966",5,4,1
"E00152967",2,0,2
"E00152968",3,0,3
"E00152969",2,0,2
"E00152970",4,2,2
"E00152971",1,0,1
"E00152972",3,1,2
"E00152973",0,0,0
"E00152974",2,2,0
"E00152975",0,0,0
"E00152976",0,0,0
"E00152977",0,0,0
"E00152978",0,0,0
"E00152979",0,0,0
"E00152980",0,0,0
"E00152981",3,1,2
"E00152982",0,0,0
"E00152983",2,2,0
"E00152984",1,0,1
"E00152985",5,1,4
"E00152986",2,0,2
"E00152987",5,4,1
"E00152988",6,3,3
"E00152989",4,1,3
"E00152990",3,2,1
"E00152991",0,0,0
"E00152992",1,0,1
"E00152993",0,0,0
"E00152994",10,4,6
"E00152995",2,2,0
"E00152996",3,1,2
"E00152997",1,0,1
"E00152998",5,4,1
"E00152999",3,1,2
"E00153000",3,0,3
"E00153001",0,0,0
"E00153002",1,0,1
"E00153003",1,0,1
"E00153004",1,1,0
"E00153005",0,0,0
"E00153006",5,3,2
"E00153007",5,3,2
"E00153008",3,2,1
"E00153009",4,3,1
"E00153010",0,0,0
"E00153011",0,0,0
"E00153012",0,0,0
"E00153013",3,0,3
"E00153014",4,0,4
"E00153015",1,0,1
"E00153016",0,0,0
"E00153017",0,0,0
"E00153018",0,0,0
"E00153019",3,0,3
"E00153020",4,3,1
"E00153021",1,0,1
"E00153022",2,0,2
"E00153023",2,1,1
"E00153024",4,2,2
"E00153025",0,0,0
"E00153026",6,1,5
"E00153027",4,3,1
"E00153030",1,0,1
"E00153031",0,0,0
"E00153032",2,1,1
"E00153033",0,0,0
"E00153034",0,0,0
"E00153036",4,2,2
"E00153037",5,2,3
"E00153038",4,4,0
"E00153039",1,0,1
"E00153040",0,0,0
"E00153041",4,1,3
"E00153042",2,0,2
"E00153043",1,0,1
"E00153044",2,2,0
"E00153045",0,0,0
"E00153046",2,1,1
"E00153048",2,0,2
"E00153049",3,2,1
"E00153050",0,0,0
"E00153051",1,0,1
"E00153053",2,0,2
"E00153054",2,0,2
"E00153055",5,1,4
"E00153056",1,0,1
"E00153057",3,1,2
"E00153058",1,1,0
"E00153059",0,0,0
"E00153060",1,0,1
"E00153061",1,0,1
"E00153062",0,0,0
"E00153063",1,0,1
"E00153064",2,1,1
"E00153065",2,2,0
"E00153066",1,1,0
"E00153067",0,0,0
"E00153068",3,2,1
"E00153069",0,0,0
"E00153070",0,0,0
"E00153071",2,0,2
"E00153072",3,2,1
"E00153073",4,1,3
"E00153074",0,0,0
"E00153075",7,5,2
"E00153076",3,1,2
"E00153077",0,0,0
"E00153078",2,2,0
"E00153079",2,2,0
"E00153080",2,1,1
"E00153081",2,2,0
"E00153082",3,2,1
"E00153083",4,2,2
"E00153084",7,1,6
"E00153085",10,6,4
"E00153086",5,2,3
"E00153087",5,3,2
"E00153088",3,3,0
"E00153089",3,0,3
"E00153090",5,2,3
"E00153091",5,3,2
"E00153092",5,2,3
"E00153093",11,7,4
"E00153094",9,4,5
"E00153095",12,5,7
"E00153096",18,7,11
"E00153097",2,1,1
"E00153098",4,4,0
"E00153099",8,6,2
"E00153100",7,2,5
"E00153101",13,7,6
"E00153102",8,3,5
"E00153103",9,5,4
"E00153104",6,1,5
"E00153105",3,2,1
"E00153106",8,3,5
"E00153107",9,6,3
"E00153108",2,0,2
"E00153109",1,1,0
"E00153110",2,1,1
"E00153111",2,2,0
"E00153112",0,0,0
"E00153113",7,4,3
"E00153114",1,1,0
"E00153115",0,0,0
"E00153116",2,2,0
"E00153117",6,4,2
"E00153118",4,1,3
"E00153119",3,0,3
"E00153120",6,4,2
"E00153121",3,1,2
"E00153122",6,1,5
"E00153123",3,1,2
"E00153124",1,1,0
"E00153125",3,1,2
"E00153126",5,2,3
"E00153127",2,2,0
"E00153128",1,1,0
"E00153129",8,4,4
"E00153130",4,1,3
"E00153131",5,4,1
"E00153132",8,3,5
"E00153133",2,1,1
"E00153134",0,0,0
"E00153135",5,3,2
"E00153136",13,6,7
"E00153137",6,5,1
"E00153138",5,3,2
"E00153139",12,6,6
"E00153140",7,3,4
"E00153141",6,3,3
"E00153142",2,2,0
"E00153143",4,3,1
"E00153144",1,1,0
"E00153145",8,5,3
"E00153146",6,4,2
"E00153147",8,5,3
"E00153148",6,2,4
"E00153149",3,2,1
"E00153150",8,4,4
"E00153151",2,2,0
"E00153152",6,2,4
"E00153153",4,1,3
"E00153154",7,4,3
"E00153155",20,8,12
"E00153156",14,7,7
"E00153157",1,0,1
"E00153158",8,5,3
"E00153159",7,5,2
"E00153160",1,1,0
"E00153161",4,2,2
"E00153162",0,0,0
"E00153163",4,1,3
"E00153164",7,3,4
"E00153165",3,2,1
"E00153166",1,0,1
"E00153167",6,3,3
"E00153168",5,2,3
"E00153169",5,3,2
"E00153170",5,3,2
"E00153171",5,3,2
"E00153172",4,3,1
"E00153173",11,7,4
"E00153174",5,3,2
"E00153175",13,8,5
"E00153176",6,2,4
"E00153177",4,1,3
"E00153178",6,3,3
"E00153179",2,0,2
"E00153180",5,3,2
"E00153181",5,3,2
"E00153182",4,3,1
"E00153183",9,4,5
"E00153184",6,2,4
"E00153185",9,6,3
"E00153186",9,3,6
"E00153187",9,5,4
"E00153188",2,2,0
"E00153189",5,4,1
"E00153190",9,3,6
"E00153191",5,2,3
"E00153192",1,0,1
"E00153193",8,3,5
"E00153194",2,0,2
"E00153195",2,2,0
"E00153196",0,0,0
"E00153197",9,3,6
"E00153198",9,3,6
"E00153199",2,2,0
"E00153200",2,1,1
"E00153201",8,6,2
"E00153202",11,5,6
"E00153203",3,2,1
"E00153204",0,0,0
"E00153205",2,0,2
"E00153206",4,2,2
"E00153207",16,7,9
"E00153208",5,0,5
"E00153209",4,4,0
"E00153210",2,1,1
"E00153211",2,2,0
"E00153212",0,0,0
"E00153213",0,0,0
"E00153214",4,3,1
"E00153215",3,1,2
"E00153216",3,2,1
"E00153217",6,6,0
"E00153218",4,4,0
"E00153219",4,3,1
"E00153220",1,0,1
"E00153221",4,1,3
"E00153222",3,2,1
"E00153223",5,2,3
"E00153224",1,0,1
"E00153225",18,11,7
"E00153226",0,0,0
"E00153227",7,5,2
"E00153228",1,1,0
"E00153230",4,2,2
"E00153232",7,5,2
"E00153233",7,5,2
"E00153234",2,1,1
"E00153235",7,2,5
"E00153236",3,2,1
"E00153237",4,3,1
"E00153238",6,4,2
"E00153239",3,2,1
"E00153240",13,8,5
"E00153241",9,5,4
"E00153242",4,3,1
"E00153243",7,2,5
"E00153244",5,2,3
"E00153245",1,0,1
"E00153247",5,3,2
"E00153248",8,3,5
"E00153249",4,1,3
"E00153250",3,2,1
"E00153252",10,3,7
"E00153253",7,4,3
"E00153254",2,1,1
"E00153256",9,4,5
"E00153257",3,1,2
"E00153258",2,1,1
"E00153259",6,4,2
"E00153260",6,1,5
"E00153261",21,9,12
"E00153262",10,3,7
"E00153263",12,8,4
"E00153264",7,4,3
"E00153266",9,5,4
"E00153267",5,3,2
"E00153268",2,1,1
"E00153269",4,2,2
"E00153270",3,1,2
"E00153271",4,2,2
"E00153272",5,2,3
"E00153273",1,1,0
"E00153274",3,2,1
"E00153275",2,2,0
"E00153276",1,0,1
"E00153277",5,2,3
"E00153278",2,0,2
"E00153279",4,1,3
"E00153280",0,0,0
"E00153281",1,0,1
"E00153282",1,0,1
"E00153283",3,2,1
"E00153284",6,2,4
"E00153285",3,2,1
"E00153287",7,5,2
"E00153288",2,1,1
"E00153289",1,1,0
"E00153290",0,0,0
"E00153292",2,0,2
"E00153293",2,2,0
"E00153294",3,0,3
"E00153295",3,3,0
"E00153296",4,2,2
"E00153297",9,4,5
"E00153298",2,1,1
"E00153299",4,2,2
"E00153300",9,4,5
"E00153301",1,0,1
"E00153302",7,3,4
"E00153303",5,3,2
"E00153304",5,3,2
"E00153305",2,0,2
"E00153306",5,3,2
"E00153307",5,2,3
"E00153308",0,0,0
"E00153309",3,2,1
"E00153310",1,1,0
"E00153311",4,3,1
"E00153312",4,2,2
"E00153313",2,1,1
"E00153314",6,4,2
"E00153315",1,0,1
"E00153316",1,0,1
"E00153317",5,2,3
"E00153318",3,1,2
"E00153319",1,0,1
"E00153320",5,2,3
"E00153321",3,0,3
"E00153322",8,4,4
"E00153323",4,1,3
"E00153324",6,5,1
"E00153325",7,3,4
"E00153326",1,1,0
"E00153327",6,5,1
"E00153328",5,3,2
"E00153329",7,4,3
"E00153330",9,2,7
"E00153331",9,4,5
"E00153332",2,0,2
"E00153333",5,2,3
"E00153334",2,1,1
"E00153335",6,5,1
"E00153336",13,6,7
"E00153337",9,4,5
"E00153338",8,4,4
"E00153339",9,7,2
"E00153340",4,3,1
"E00153341",10,2,8
"E00153342",14,8,6
"E00153343",10,2,8
"E00153344",6,3,3
"E00153345",9,7,2
"E00153346",3,2,1
"E00153347",5,2,3
"E00153348",7,4,3
"E00153349",12,2,10
"E00153350",12,3,9
"E00153351",10,8,2
"E00153352",4,3,1
"E00153353",12,7,5
"E00153354",9,7,2
"E00153355",3,3,0
"E00153356",13,7,6
"E00153357",3,3,0
"E00153358",3,0,3
"E00153359",7,5,2
"E00153360",8,5,3
"E00153361",7,5,2
"E00153362",11,7,4
"E00153363",6,3,3
"E00153364",6,1,5
"E00153365",7,4,3
"E00153366",3,2,1
"E00153367",5,5,0
"E00153368",6,1,5
"E00153369",8,5,3
"E00153370",1,1,0
"E00153371",10,4,6
"E00153372",7,3,4
"E00153373",12,7,5
"E00153375",5,3,2
"E00153376",6,4,2
"E00153378",13,8,5
"E00153379",6,2,4
"E00153380",4,2,2
"E00153381",5,3,2
"E00153382",9,4,5
"E00153383",5,1,4
"E00153384",6,2,4
"E00153385",2,0,2
"E00153386",2,1,1
"E00153387",7,5,2
"E00153388",4,2,2
"E00153389",0,0,0
"E00153390",5,3,2
"E00153391",1,0,1
"E00153392",3,2,1
"E00153393",1,0,1
"E00153394",8,6,2
"E00153395",8,4,4
"E00153396",8,5,3
"E00153397",1,1,0
"E00153398",4,1,3
"E00153399",9,6,3
"E00153400",3,2,1
"E00153401",5,2,3
"E00153402",5,3,2
"E00153403",5,3,2
"E00153404",0,0,0
"E00153405",5,2,3
"E00153406",5,3,2
"E00153407",5,3,2
"E00153408",3,2,1
"E00153409",10,6,4
"E00153410",5,3,2
"E00153411",2,0,2
"E00153412",2,1,1
"E00153413",6,3,3
"E00153414",0,0,0
"E00153415",0,0,0
"E00153416",7,4,3
"E00153417",7,5,2
"E00153418",3,1,2
"E00153419",5,4,1
"E00153420",6,2,4
"E00153421",4,3,1
"E00153422",4,0,4
"E00153423",5,2,3
"E00153424",9,5,4
"E00153425",2,1,1
"E00153426",7,4,3
"E00153427",3,0,3
"E00153428",3,2,1
"E00153429",10,2,8
"E00153430",0,0,0
"E00153431",7,3,4
"E00153432",2,2,0
"E00153433",0,0,0
"E00153434",0,0,0
"E00153435",4,3,1
"E00153436",5,3,2
"E00153437",0,0,0
"E00153438",5,0,5
"E00153439",7,3,4
"E00153440",6,4,2
"E00153441",6,4,2
"E00153442",15,8,7
"E00153443",7,4,3
"E00153444",6,5,1
"E00153445",1,0,1
"E00153446",4,0,4
"E00153447",6,2,4
"E00153448",6,4,2
"E00153449",6,3,3
"E00153450",1,1,0
"E00153451",2,2,0
"E00153452",0,0,0
"E00153453",8,6,2
"E00153454",5,1,4
"E00153455",5,4,1
"E00153456",5,1,4
"E00153457",3,1,2
"E00153458",1,0,1
"E00153459",6,2,4
"E00153460",4,2,2
"E00153461",2,1,1
"E00153462",4,1,3
"E00153463",9,3,6
"E00153464",11,7,4
"E00153465",8,7,1
"E00153466",8,4,4
"E00153467",3,0,3
"E00153468",8,6,2
"E00153469",0,0,0
"E00153470",4,4,0
"E00153471",10,6,4
"E00153472",5,3,2
"E00153473",3,1,2
"E00153474",3,2,1
"E00153475",0,0,0
"E00153476",1,0,1
"E00153477",4,4,0
"E00153478",3,2,1
"E00153479",0,0,0
"E00153480",2,2,0
"E00153481",0,0,0
"E00153483",1,1,0
"E00153484",2,0,2
"E00153485",1,1,0
"E00153486",0,0,0
"E00153487",4,2,2
"E00153488",1,1,0
"E00153489",4,2,2
"E00153490",4,3,1
"E00153491",0,0,0
"E00153492",1,1,0
"E00153493",4,3,1
"E00153494",4,1,3
"E00153496",1,0,1
"E00153497",10,6,4
"E00153498",6,3,3
"E00153499",3,0,3
"E00153500",7,3,4
"E00153501",7,1,6
"E00153502",1,0,1
"E00153503",3,2,1
"E00153504",1,0,1
"E00153506",2,0,2
"E00153507",0,0,0
"E00153508",1,1,0
"E00153509",4,2,2
"E00153510",2,1,1
"E00153511",3,0,3
"E00153512",0,0,0
"E00153513",1,1,0
"E00153514",1,1,0
"E00153516",0,0,0
"E00153517",0,0,0
"E00153518",4,1,3
"E00153519",2,0,2
"E00153520",2,2,0
"E00153521",4,1,3
"E00153522",9,2,7
"E00153523",2,2,0
"E00153524",1,1,0
"E00153525",0,0,0
"E00153526",3,1,2
"E00153527",0,0,0
"E00153528",4,1,3
"E00153529",1,1,0
"E00153530",4,1,3
"E00153531",3,1,2
"E00153532",5,3,2
"E00153533",2,2,0
"E00153534",3,0,3
"E00153535",1,1,0
"E00153536",1,0,1
"E00153537",2,1,1
"E00153538",7,3,4
"E00153539",5,4,1
"E00153540",3,1,2
"E00153542",4,4,0
"E00153543",3,1,2
"E00153544",2,0,2
"E00153545",2,1,1
"E00153546",3,2,1
"E00153547",5,2,3
"E00153548",8,6,2
"E00153549",5,3,2
"E00153550",12,7,5
"E00153551",3,2,1
"E00153552",4,4,0
"E00153553",1,1,0
"E00153554",1,1,0
"E00153556",2,1,1
"E00153557",5,4,1
"E00153558",4,3,1
"E00153559",7,6,1
"E00153560",6,2,4
"E00153561",9,4,5
"E00153562",14,3,11
"E00153563",0,0,0
"E00153564",4,4,0
"E00153565",7,5,2
"E00153566",4,2,2
"E00153567",5,2,3
"E00153568",5,2,3
"E00153569",0,0,0
"E00153570",0,0,0
"E00153571",4,1,3
"E00153572",0,0,0
"E00153573",1,0,1
"E00153574",3,0,3
"E00153575",14,7,7
"E00153576",4,2,2
"E00153577",1,1,0
"E00153578",1,1,0
"E00153579",0,0,0
"E00153580",1,0,1
"E00153581",1,0,1
"E00153582",5,2,3
"E00153583",5,0,5
"E00153584",5,0,5
"E00153585",5,4,1
"E00153586",12,6,6
"E00153587",3,3,0
"E00153588",9,5,4
"E00153589",4,3,1
"E00153590",10,6,4
"E00153591",7,4,3
"E00153592",9,5,4
"E00153594",10,4,6
"E00153595",2,1,1
"E00153596",2,2,0
"E00153597",3,0,3
"E00153598",0,0,0
"E00153599",5,3,2
"E00153600",3,3,0
"E00153601",17,9,8
"E00153602",2,1,1
"E00153603",8,5,3
"E00153604",5,3,2
"E00153605",9,4,5
"E00153606",6,4,2
"E00153607",3,3,0
"E00153608",3,3,0
"E00153609",3,1,2
"E00153610",0,0,0
"E00153611",5,1,4
"E00153612",1,1,0
"E00153613",3,2,1
"E00153614",0,0,0
"E00153615",2,1,1
"E00153616",2,1,1
"E00153618",0,0,0
"E00153619",10,4,6
"E00153620",5,2,3
"E00153621",0,0,0
"E00153622",0,0,0
"E00153623",6,3,3
"E00153624",2,1,1
"E00153625",17,6,11
"E00153626",3,1,2
"E00153627",2,0,2
"E00153628",4,2,2
"E00153629",6,3,3
"E00153630",3,1,2
"E00153631",12,6,6
"E00153632",3,1,2
"E00153633",9,4,5
"E00153634",5,4,1
"E00153635",6,1,5
"E00153636",4,4,0
"E00153637",3,0,3
"E00153638",7,2,5
"E00153639",6,2,4
"E00153640",4,2,2
"E00153641",6,2,4
"E00153642",3,0,3
"E00153644",7,3,4
"E00153645",1,1,0
"E00153646",2,1,1
"E00153648",1,0,1
"E00153649",8,5,3
"E00153650",0,0,0
"E00153651",12,5,7
"E00153652",5,2,3
"E00153653",14,7,7
"E00153654",4,3,1
"E00153655",3,2,1
"E00153656",0,0,0
"E00153657",1,1,0
"E00153658",0,0,0
"E00153659",4,2,2
"E00153660",0,0,0
"E00153661",2,0,2
"E00153662",3,2,1
"E00153663",0,0,0
"E00153664",1,0,1
"E00153665",4,2,2
"E00153666",6,2,4
"E00153667",5,3,2
"E00153668",0,0,0
"E00153669",2,2,0
"E00153670",1,0,1
"E00153671",1,0,1
"E00153672",13,11,2
"E00153673",7,4,3
"E00153674",2,1,1
"E00153675",5,2,3
"E00153676",2,2,0
"E00153677",8,6,2
"E00153678",2,1,1
"E00153679",19,6,13
"E00153680",2,0,2
"E00153681",6,3,3
"E00153682",8,3,5
"E00153683",2,1,1
"E00153684",4,1,3
"E00153685",8,4,4
"E00153686",9,3,6
"E00153687",1,0,1
"E00153688",2,0,2
"E00153689",6,0,6
"E00153690",7,4,3
"E00153691",4,2,2
"E00153692",1,0,1
"E00153693",0,0,0
"E00153694",3,1,2
"E00153695",1,0,1
"E00153696",7,3,4
"E00153697",6,2,4
"E00153698",2,1,1
"E00153699",6,3,3
"E00153700",9,4,5
"E00153701",3,1,2
"E00153702",3,1,2
"E00153703",8,1,7
"E00153704",4,3,1
"E00153705",5,3,2
"E00153706",7,1,6
"E00153707",0,0,0
"E00153708",13,7,6
"E00153709",7,4,3
"E00153710",3,3,0
"E00153711",11,6,5
"E00153712",3,0,3
"E00153713",4,2,2
"E00153714",11,8,3
"E00153715",9,1,8
"E00153716",12,7,5
"E00153717",14,9,5
"E00153718",5,3,2
"E00153719",5,3,2
"E00153720",6,2,4
"E00153721",3,1,2
"E00153722",18,12,6
"E00153723",0,0,0
"E00153724",5,2,3
"E00153725",1,1,0
"E00153726",8,3,5
"E00153727",4,1,3
"E00153728",0,0,0
"E00153729",2,1,1
"E00153730",2,0,2
"E00153731",1,0,1
"E00153732",1,1,0
"E00153733",4,2,2
"E00153734",4,2,2
"E00153735",5,4,1
"E00153736",0,0,0
"E00153737",6,5,1
"E00153738",7,3,4
"E00153739",14,6,8
"E00153740",5,3,2
"E00153741",16,6,10
"E00153742",4,2,2
"E00153743",4,3,1
"E00153744",8,4,4
"E00153745",9,6,3
"E00153746",1,1,0
"E00153747",8,2,6
"E00153748",11,5,6
"E00153749",0,0,0
"E00153750",4,3,1
"E00153751",5,2,3
"E00153752",7,5,2
"E00153753",7,7,0
"E00153754",7,3,4
"E00153755",1,0,1
"E00153756",4,3,1
"E00153757",3,1,2
"E00153758",6,3,3
"E00153759",3,1,2
"E00153760",8,3,5
"E00153761",1,1,0
"E00153762",4,2,2
"E00153763",1,1,0
"E00153764",0,0,0
"E00153765",1,0,1
"E00153766",7,5,2
"E00153767",3,1,2
"E00153768",4,2,2
"E00153769",1,0,1
"E00153770",2,1,1
"E00153771",1,1,0
"E00153772",0,0,0
"E00153773",1,1,0
"E00153774",8,4,4
"E00153775",7,3,4
"E00153776",7,1,6
"E00153777",5,3,2
"E00153778",1,0,1
"E00153779",1,1,0
"E00153780",3,2,1
"E00153781",1,0,1
"E00153782",6,2,4
"E00153783",2,1,1
"E00153784",9,5,4
"E00153785",6,0,6
"E00153786",4,2,2
"E00153787",6,2,4
"E00153788",2,2,0
"E00153789",1,0,1
"E00153790",0,0,0
"E00153791",4,1,3
"E00153792",0,0,0
"E00153793",2,2,0
"E00153794",4,1,3
"E00153795",3,1,2
"E00153796",3,3,0
"E00153797",0,0,0
"E00153798",3,3,0
"E00153799",9,1,8
"E00153800",8,2,6
"E00153801",5,5,0
"E00153802",3,2,1
"E00153803",4,3,1
"E00153804",3,1,2
"E00153805",4,1,3
"E00153806",10,7,3
"E00153807",3,0,3
"E00153808",6,1,5
"E00153809",13,5,8
"E00153810",1,1,0
"E00153811",5,3,2
"E00153812",12,4,8
"E00153813",6,4,2
"E00153814",4,2,2
"E00153815",3,1,2
"E00153816",1,0,1
"E00153817",5,4,1
"E00153818",1,1,0
"E00153819",4,1,3
"E00153820",2,0,2
"E00153821",4,2,2
"E00153822",2,0,2
"E00153823",2,2,0
"E00153824",2,0,2
"E00153825",4,3,1
"E00153826",2,1,1
"E00153827",0,0,0
"E00153828",2,2,0
"E00153829",1,1,0
"E00153830",0,0,0
"E00153831",2,1,1
"E00153832",1,0,1
"E00153833",3,2,1
"E00153834",8,7,1
"E00153835",0,0,0
"E00153836",2,0,2
"E00153837",1,1,0
"E00153838",5,1,4
"E00153839",9,3,6
"E00153840",11,5,6
"E00153841",5,2,3
"E00153842",5,3,2
"E00153843",5,4,1
"E00153844",20,9,11
"E00153845",10,8,2
"E00153846",1,0,1
"E00153847",4,2,2
"E00153848",7,2,5
"E00153849",6,3,3
"E00153850",4,3,1
"E00153851",11,5,6
"E00153852",8,3,5
"E00153853",11,5,6
"E00153854",10,6,4
"E00153855",3,3,0
"E00153856",4,2,2
"E00153857",14,6,8
"E00153858",2,1,1
"E00153859",21,8,13
"E00153860",4,2,2
"E00153861",0,0,0
"E00153862",3,3,0
"E00153863",6,5,1
"E00153864",0,0,0
"E00153865",7,4,3
"E00153866",13,3,10
"E00153867",6,2,4
"E00153868",5,3,2
"E00153869",3,3,0
"E00153873",6,4,2
"E00153875",2,1,1
"E00153876",8,3,5
"E00153877",3,2,1
"E00153878",14,6,8
"E00153879",8,5,3
"E00153880",1,0,1
"E00153881",4,3,1
"E00153882",2,1,1
"E00153883",8,4,4
"E00153884",8,3,5
"E00153885",2,1,1
"E00153886",13,8,5
"E00153887",12,3,9
"E00153888",7,4,3
"E00153890",4,2,2
"E00153891",6,5,1
"E00153892",8,4,4
"E00153895",5,2,3
"E00153896",3,1,2
"E00153897",2,0,2
"E00153898",5,2,3
"E00153899",1,0,1
"E00153900",1,0,1
"E00153901",0,0,0
"E00153902",3,3,0
"E00153903",3,0,3
"E00153904",3,1,2
"E00153905",5,1,4
"E00153906",1,1,0
"E00153907",3,1,2
"E00153908",1,1,0
"E00153909",5,5,0
"E00153910",6,2,4
"E00153911",0,0,0
"E00153912",4,2,2
"E00153913",6,3,3
"E00153914",2,1,1
"E00153915",8,2,6
"E00153916",1,1,0
"E00153917",6,3,3
"E00153918",7,4,3
"E00153919",4,3,1
"E00153920",2,0,2
"E00153921",1,0,1
"E00153922",6,4,2
"E00153923",3,2,1
"E00153924",7,3,4
"E00153925",2,0,2
"E00153926",2,2,0
"E00153927",0,0,0
"E00153928",0,0,0
"E00153929",4,2,2
"E00153930",10,2,8
"E00153931",0,0,0
"E00153932",1,1,0
"E00153933",3,1,2
"E00153934",3,2,1
"E00153935",4,2,2
"E00153936",1,0,1
"E00153937",4,1,3
"E00153938",4,1,3
"E00153939",2,1,1
"E00153941",6,3,3
"E00153942",3,2,1
"E00153943",4,2,2
"E00153944",5,5,0
"E00153946",7,5,2
"E00153947",9,5,4
"E00153948",2,2,0
"E00153949",11,8,3
"E00153950",8,4,4
"E00153951",8,2,6
"E00153952",8,5,3
"E00153953",13,6,7
"E00153954",9,5,4
"E00153955",1,1,0
"E00153956",3,2,1
"E00153957",6,1,5
"E00153958",8,3,5
"E00153959",9,5,4
"E00153960",1,1,0
"E00153961",1,1,0
"E00153962",0,0,0
"E00153963",5,4,1
"E00153964",8,5,3
"E00153965",14,7,7
"E00153966",5,2,3
"E00153967",16,9,7
"E00153968",10,6,4
"E00153969",13,6,7
"E00153970",4,2,2
"E00153971",11,4,7
"E00153972",10,3,7
"E00153973",4,0,4
"E00153974",9,6,3
"E00153975",5,4,1
"E00153976",11,6,5
"E00153977",4,1,3
"E00153978",11,4,7
"E00153979",9,4,5
"E00153980",1,0,1
"E00153981",0,0,0
"E00153982",23,13,10
"E00153983",7,3,4
"E00153984",8,2,6
"E00153985",4,4,0
"E00153986",14,7,7
"E00153987",7,5,2
"E00153988",5,3,2
"E00153989",4,3,1
"E00153990",1,0,1
"E00153991",9,5,4
"E00153992",3,1,2
"E00153993",5,3,2
"E00153994",4,2,2
"E00153995",5,4,1
"E00153996",8,3,5
"E00153997",9,5,4
"E00153998",8,6,2
"E00153999",0,0,0
"E00154000",19,8,11
"E00154001",5,3,2
"E00154002",7,2,5
"E00154003",4,2,2
"E00154004",8,5,3
"E00154005",11,6,5
"E00154006",4,2,2
"E00154007",2,1,1
"E00154008",0,0,0
"E00154009",5,2,3
"E00154010",7,6,1
"E00154011",9,4,5
"E00154012",2,0,2
"E00154013",6,3,3
"E00154014",5,3,2
"E00154015",4,4,0
"E00154016",1,1,0
"E00154017",3,1,2
"E00154019",10,4,6
"E00154020",7,3,4
"E00154021",5,5,0
"E00154022",11,8,3
"E00154023",7,1,6
"E00154024",5,2,3
"E00154025",16,10,6
"E00154026",8,6,2
"E00154027",8,4,4
"E00154028",11,4,7
"E00154029",4,3,1
"E00154030",5,3,2
"E00154031",5,1,4
"E00154032",10,3,7
"E00154033",16,6,10
"E00154034",4,3,1
"E00154035",18,9,9
"E00154036",6,5,1
"E00154037",14,8,6
"E00154038",1,0,1
"E00154039",5,2,3
"E00154040",3,0,3
"E00154041",15,9,6
"E00154042",4,2,2
"E00154043",3,1,2
"E00154044",4,3,1
"E00154045",8,4,4
"E00154046",0,0,0
"E00154047",8,4,4
"E00154048",1,0,1
"E00154049",4,2,2
"E00154050",1,0,1
"E00154051",4,1,3
"E00154052",2,0,2
"E00154054",3,1,2
"E00154055",0,0,0
"E00154056",2,0,2
"E00154057",2,2,0
"E00154058",4,0,4
"E00154059",7,4,3
"E00154060",6,2,4
"E00154061",5,3,2
"E00154062",6,4,2
"E00154063",5,1,4
"E00154064",10,6,4
"E00154065",0,0,0
"E00154066",1,0,1
"E00154067",6,5,1
"E00154068",4,2,2
"E00154069",9,5,4
"E00154070",3,2,1
"E00154071",12,7,5
"E00154072",9,4,5
"E00154073",4,0,4
"E00154074",2,1,1
"E00154075",0,0,0
"E00154076",5,1,4
"E00154077",8,3,5
"E00154078",15,3,12
"E00154079",9,7,2
"E00154080",6,3,3
"E00154081",5,3,2
"E00154083",6,4,2
"E00154084",7,2,5
"E00154085",1,0,1
"E00154086",6,3,3
"E00154087",5,2,3
"E00154088",6,4,2
"E00154089",4,1,3
"E00154090",7,3,4
"E00154091",1,1,0
"E00154092",2,0,2
"E00154093",3,3,0
"E00154094",4,4,0
"E00154095",5,1,4
"E00154096",7,3,4
"E00154097",3,2,1
"E00154098",3,2,1
"E00154099",4,3,1
"E00154100",4,1,3
"E00154101",10,8,2
"E00154102",6,2,4
"E00154103",0,0,0
"E00154104",1,0,1
"E00154105",0,0,0
"E00154106",2,1,1
"E00154107",4,1,3
"E00154108",5,4,1
"E00154109",2,2,0
"E00154110",14,8,6
"E00154111",4,2,2
"E00154112",4,2,2
"E00154113",9,4,5
"E00154114",12,6,6
"E00154115",0,0,0
"E00154116",1,0,1
"E00154117",3,0,3
"E00154118",3,2,1
"E00154119",5,1,4
"E00154120",4,4,0
"E00154121",1,1,0
"E00154122",1,0,1
"E00154123",4,1,3
"E00154124",4,2,2
"E00154125",9,3,6
"E00154126",14,10,4
"E00154127",14,4,10
"E00154128",3,2,1
"E00154129",11,10,1
"E00154130",5,3,2
"E00154131",7,3,4
"E00154132",0,0,0
"E00154133",2,1,1
"E00154134",5,2,3
"E00154135",1,1,0
"E00154136",12,6,6
"E00154137",3,0,3
"E00154138",2,1,1
"E00154139",1,0,1
"E00154140",5,2,3
"E00154141",1,1,0
"E00154142",0,0,0
"E00154143",0,0,0
"E00154144",2,0,2
"E00154145",0,0,0
"E00154146",4,2,2
"E00154147",1,1,0
"E00154148",1,1,0
"E00154149",2,0,2
"E00154150",5,2,3
"E00154151",3,1,2
"E00154152",0,0,0
"E00154153",1,0,1
"E00154154",3,1,2
"E00154155",9,6,3
"E00154156",5,3,2
"E00154157",5,1,4
"E00154158",1,0,1
"E00154159",1,0,1
"E00154160",9,4,5
"E00154161",0,0,0
"E00154162",2,2,0
"E00154163",4,2,2
"E00154164",3,1,2
"E00154165",2,2,0
"E00154166",1,1,0
"E00154167",0,0,0
"E00154168",6,2,4
"E00154169",0,0,0
"E00154170",6,3,3
"E00154171",5,4,1
"E00154172",3,2,1
"E00154173",7,4,3
"E00154174",7,3,4
"E00154175",1,0,1
"E00154176",2,2,0
"E00154177",1,0,1
"E00154178",1,0,1
"E00154179",3,2,1
"E00154180",1,1,0
"E00154181",4,1,3
"E00154182",0,0,0
"E00154183",4,1,3
"E00154184",5,1,4
"E00154185",3,2,1
"E00154186",0,0,0
"E00154187",3,3,0
"E00154188",4,3,1
"E00154189",2,1,1
"E00154190",1,0,1
"E00154191",4,1,3
"E00154192",7,3,4
"E00154193",4,4,0
"E00154194",4,1,3
"E00154195",4,3,1
"E00154196",0,0,0
"E00154197",0,0,0
"E00154198",1,1,0
"E00154199",8,1,7
"E00154200",1,1,0
"E00154201",3,2,1
"E00154202",0,0,0
"E00154203",3,2,1
"E00154204",7,3,4
"E00154205",5,2,3
"E00154206",3,1,2
"E00154207",1,0,1
"E00154208",2,1,1
"E00154209",1,1,0
"E00154210",5,4,1
"E00154211",2,0,2
"E00154212",1,1,0
"E00154213",6,3,3
"E00154214",3,2,1
"E00154216",3,2,1
"E00154217",7,7,0
"E00154218",2,2,0
"E00154220",3,1,2
"E00154221",6,2,4
"E00154222",3,2,1
"E00154223",6,2,4
"E00154225",3,2,1
"E00154226",0,0,0
"E00154227",2,0,2
"E00154228",2,0,2
"E00154229",6,3,3
"E00154230",7,7,0
"E00154231",3,2,1
"E00154232",0,0,0
"E00154233",0,0,0
"E00154234",0,0,0
"E00154235",6,2,4
"E00154236",9,3,6
"E00154237",1,1,0
"E00154238",0,0,0
"E00154239",4,0,4
"E00154240",5,1,4
"E00154241",3,0,3
"E00154242",3,1,2
"E00154243",3,2,1
"E00154244",5,2,3
"E00154245",5,3,2
"E00154246",1,1,0
"E00154247",0,0,0
"E00154248",3,2,1
"E00154249",1,1,0
"E00154250",3,0,3
"E00154251",3,1,2
"E00154252",0,0,0
"E00154253",0,0,0
"E00154254",4,2,2
"E00154255",3,3,0
"E00154256",5,1,4
"E00154257",4,3,1
"E00154258",5,3,2
"E00154259",2,1,1
"E00154260",2,1,1
"E00154261",1,1,0
"E00154262",3,2,1
"E00154263",3,2,1
"E00154264",5,4,1
"E00154265",5,2,3
"E00154266",3,1,2
"E00154267",2,1,1
"E00154268",4,3,1
"E00154269",0,0,0
"E00154270",2,2,0
"E00154271",1,1,0
"E00154272",1,1,0
"E00154273",2,1,1
"E00154274",3,3,0
"E00154275",0,0,0
"E00154276",0,0,0
"E00154277",3,3,0
"E00154278",7,5,2
"E00154279",0,0,0
"E00154280",5,4,1
"E00154281",5,4,1
"E00154282",0,0,0
"E00154283",2,2,0
"E00154284",2,2,0
"E00154285",1,0,1
"E00154286",4,2,2
"E00154287",2,1,1
"E00154288",5,3,2
"E00154289",1,1,0
"E00154290",0,0,0
"E00154291",3,2,1
"E00154292",4,1,3
"E00154293",0,0,0
"E00154294",3,3,0
"E00154295",4,0,4
"E00154296",5,2,3
"E00154297",1,0,1
"E00154298",8,4,4
"E00154299",5,1,4
"E00154301",1,0,1
"E00154302",5,3,2
"E00154303",1,1,0
"E00154304",1,0,1
"E00154305",0,0,0
"E00154306",2,1,1
"E00154307",2,0,2
"E00154308",6,4,2
"E00154309",5,5,0
"E00154310",4,2,2
"E00154311",2,1,1
"E00154312",2,2,0
"E00154313",1,1,0
"E00154314",0,0,0
"E00154315",10,5,5
"E00154316",1,0,1
"E00154317",1,0,1
"E00154318",2,1,1
"E00154319",4,2,2
"E00154320",4,2,2
"E00154321",6,3,3
"E00154322",1,1,0
"E00154323",0,0,0
"E00154324",2,1,1
"E00154325",4,2,2
"E00154326",3,0,3
"E00154327",3,2,1
"E00154328",1,0,1
"E00154329",3,3,0
"E00154330",6,5,1
"E00154331",2,1,1
"E00154332",0,0,0
"E00154333",3,1,2
"E00154334",4,3,1
"E00154335",1,0,1
"E00154336",2,0,2
"E00154337",1,1,0
"E00154338",2,2,0
"E00154339",7,3,4
"E00154340",5,1,4
"E00154341",8,7,1
"E00154343",8,3,5
"E00154344",2,2,0
"E00154345",5,1,4
"E00154346",4,2,2
"E00154347",5,1,4
"E00154348",0,0,0
"E00154349",0,0,0
"E00154350",1,0,1
"E00154351",1,1,0
"E00154352",1,0,1
"E00154353",0,0,0
"E00154354",0,0,0
"E00154355",0,0,0
"E00154356",4,2,2
"E00154357",1,0,1
"E00154358",2,1,1
"E00154359",1,0,1
"E00154360",0,0,0
"E00154361",2,0,2
"E00154362",0,0,0
"E00154363",1,1,0
"E00154364",0,0,0
"E00154365",1,1,0
"E00154366",0,0,0
"E00154367",1,0,1
"E00154368",1,0,1
"E00154369",1,0,1
"E00154370",0,0,0
"E00154371",4,2,2
"E00154372",1,0,1
"E00154373",6,4,2
"E00154374",10,4,6
"E00154375",3,2,1
"E00154376",4,2,2
"E00154377",6,4,2
"E00154378",3,0,3
"E00154379",0,0,0
"E00154380",1,1,0
"E00154381",2,2,0
"E00154382",0,0,0
"E00154383",5,2,3
"E00154384",2,1,1
"E00154385",3,2,1
"E00154386",2,1,1
"E00154387",3,1,2
"E00154388",2,1,1
"E00154389",2,0,2
"E00154390",7,3,4
"E00154391",0,0,0
"E00154392",1,1,0
"E00154393",5,5,0
"E00154394",3,3,0
"E00154395",1,0,1
"E00154396",0,0,0
"E00154397",0,0,0
"E00154398",2,0,2
"E00154399",2,1,1
"E00154400",4,2,2
"E00154401",0,0,0
"E00154402",2,1,1
"E00154403",4,2,2
"E00154404",7,5,2
"E00154405",1,1,0
"E00154406",7,4,3
"E00154407",5,3,2
"E00154408",1,1,0
"E00154409",1,0,1
"E00154410",3,1,2
"E00154411",2,1,1
"E00154412",2,2,0
"E00154413",3,1,2
"E00154414",2,1,1
"E00154415",1,0,1
"E00154416",2,1,1
"E00154417",11,5,6
"E00154418",0,0,0
"E00154419",1,1,0
"E00154420",2,2,0
"E00154421",0,0,0
"E00154422",0,0,0
"E00154423",5,2,3
"E00154424",8,5,3
"E00154425",1,0,1
"E00154426",0,0,0
"E00154427",5,2,3
"E00154428",0,0,0
"E00154429",2,1,1
"E00154430",8,6,2
"E00154431",1,1,0
"E00154432",0,0,0
"E00154433",6,4,2
"E00154434",2,0,2
"E00154435",1,0,1
"E00154436",6,5,1
"E00154437",0,0,0
"E00154438",1,1,0
"E00154439",1,1,0
"E00154440",3,1,2
"E00154441",1,0,1
"E00154442",9,4,5
"E00154443",2,2,0
"E00154444",1,0,1
"E00154445",1,0,1
"E00154446",3,2,1
"E00154447",2,1,1
"E00154448",0,0,0
"E00154449",2,1,1
"E00154450",1,1,0
"E00154451",3,1,2
"E00154453",5,1,4
"E00154454",6,3,3
"E00154455",1,0,1
"E00154456",4,4,0
"E00154457",1,1,0
"E00154458",0,0,0
"E00154459",7,3,4
"E00154460",4,3,1
"E00154461",0,0,0
"E00154462",0,0,0
"E00154463",4,4,0
"E00154464",2,2,0
"E00154465",1,0,1
"E00154466",5,3,2
"E00154467",3,2,1
"E00154468",1,1,0
"E00154469",4,3,1
"E00154470",3,0,3
"E00154471",8,4,4
"E00154472",8,4,4
"E00154473",2,1,1
"E00154474",6,3,3
"E00154475",5,4,1
"E00154476",4,2,2
"E00154477",2,1,1
"E00154478",3,1,2
"E00154479",4,1,3
"E00154480",6,2,4
"E00154481",7,6,1
"E00154482",1,1,0
"E00154483",1,0,1
"E00154484",10,3,7
"E00154485",3,1,2
"E00154486",2,2,0
"E00154487",0,0,0
"E00154488",4,3,1
"E00154489",3,2,1
"E00154490",3,2,1
"E00154491",1,1,0
"E00154492",5,3,2
"E00154493",0,0,0
"E00154494",0,0,0
"E00154495",1,1,0
"E00154496",4,2,2
"E00154497",0,0,0
"E00154498",3,2,1
"E00154499",0,0,0
"E00154500",3,2,1
"E00154501",1,0,1
"E00154502",1,0,1
"E00154503",3,1,2
"E00154504",0,0,0
"E00154505",1,1,0
"E00154506",5,0,5
"E00154507",0,0,0
"E00154508",0,0,0
"E00154509",2,1,1
"E00154510",0,0,0
"E00154511",3,2,1
"E00154512",1,1,0
"E00154513",3,2,1
"E00154514",0,0,0
"E00154515",2,2,0
"E00154516",3,1,2
"E00154517",0,0,0
"E00154518",4,2,2
"E00154519",9,4,5
"E00154520",10,6,4
"E00154521",0,0,0
"E00154523",5,2,3
"E00154524",0,0,0
"E00154525",7,5,2
"E00154526",2,1,1
"E00154527",1,1,0
"E00154528",1,0,1
"E00154529",0,0,0
"E00154530",4,2,2
"E00154531",3,1,2
"E00154532",12,6,6
"E00154533",4,1,3
"E00154534",10,7,3
"E00154535",4,2,2
"E00154536",3,3,0
"E00154537",4,4,0
"E00154538",3,3,0
"E00154539",1,1,0
"E00154540",19,9,10
"E00154541",9,4,5
"E00154542",15,5,10
"E00154543",6,5,1
"E00154544",12,6,6
"E00154545",5,5,0
"E00154546",11,8,3
"E00154547",6,4,2
"E00154548",2,0,2
"E00154549",16,9,7
"E00154550",10,6,4
"E00154551",16,7,9
"E00154552",13,3,10
"E00154553",7,4,3
"E00154554",8,5,3
"E00154555",13,7,6
"E00154556",11,7,4
"E00154557",14,5,9
"E00154558",5,3,2
"E00154559",3,0,3
"E00154560",4,3,1
"E00154561",6,4,2
"E00154562",10,6,4
"E00154563",8,2,6
"E00154564",12,5,7
"E00154565",18,7,11
"E00154566",2,1,1
"E00154567",0,0,0
"E00154568",5,4,1
"E00154569",10,5,5
"E00154570",17,8,9
"E00154571",0,0,0
"E00154572",5,3,2
"E00154573",29,13,16
"E00154574",8,3,5
"E00154575",10,4,6
"E00154576",8,3,5
"E00154577",12,7,5
"E00154578",3,2,1
"E00154579",9,5,4
"E00154580",18,9,9
"E00154581",7,4,3
"E00154582",18,9,9
"E00154583",31,23,8
"E00154584",16,7,9
"E00154585",2,2,0
"E00154586",3,3,0
"E00154587",31,17,14
"E00154588",23,8,15
"E00154589",4,3,1
"E00154590",2,1,1
"E00154591",12,5,7
"E00154592",1,1,0
"E00154593",2,2,0
"E00154594",26,17,9
"E00154595",17,10,7
"E00154596",18,11,7
"E00154597",0,0,0
"E00154598",2,0,2
"E00154599",25,15,10
"E00154600",35,24,11
"E00154601",1,1,0
"E00154602",5,2,3
"E00154603",6,3,3
"E00154604",2,1,1
"E00154605",10,5,5
"E00154606",12,7,5
"E00154607",6,5,1
"E00154608",23,12,11
"E00154609",13,8,5
"E00154610",2,1,1
"E00154611",14,8,6
"E00154612",15,9,6
"E00154613",22,14,8
"E00154614",26,16,10
"E00154615",0,0,0
"E00154616",8,4,4
"E00154617",5,3,2
"E00154618",7,4,3
"E00154619",3,2,1
"E00154620",3,3,0
"E00154621",4,4,0
"E00154622",6,3,3
"E00154623",0,0,0
"E00154624",3,2,1
"E00154625",4,3,1
"E00154626",5,2,3
"E00154627",7,2,5
"E00154628",7,5,2
"E00154629",4,2,2
"E00154630",7,2,5
"E00154631",3,1,2
"E00154632",9,6,3
"E00154633",9,5,4
"E00154634",0,0,0
"E00154635",4,1,3
"E00154636",4,0,4
"E00154637",19,14,5
"E00154638",14,10,4
"E00154639",1,0,1
"E00154640",2,2,0
"E00154641",7,4,3
"E00154642",2,2,0
"E00154643",0,0,0
"E00154644",5,4,1
"E00154645",3,3,0
"E00154646",3,2,1
"E00154647",11,7,4
"E00154648",3,2,1
"E00154649",2,1,1
"E00154650",2,0,2
"E00154651",3,2,1
"E00154652",8,5,3
"E00154653",18,9,9
"E00154654",0,0,0
"E00154655",6,5,1
"E00154656",19,10,9
"E00154657",5,4,1
"E00154658",12,10,2
"E00154659",11,6,5
"E00154660",11,8,3
"E00154661",9,5,4
"E00154662",10,3,7
"E00154663",11,5,6
"E00154664",14,7,7
"E00154665",12,9,3
"E00154667",3,2,1
"E00154668",2,2,0
"E00154669",14,6,8
"E00154670",4,2,2
"E00154671",7,3,4
"E00154672",14,3,11
"E00154673",7,2,5
"E00154674",2,0,2
"E00154675",5,3,2
"E00154676",10,7,3
"E00154677",3,2,1
"E00154678",0,0,0
"E00154679",8,5,3
"E00154680",7,4,3
"E00154681",9,5,4
"E00154682",4,0,4
"E00154683",8,3,5
"E00154684",14,8,6
"E00154685",18,6,12
"E00154686",9,9,0
"E00154687",19,12,7
"E00154688",6,3,3
"E00154689",9,7,2
"E00154690",10,3,7
"E00154691",6,4,2
"E00154692",6,2,4
"E00154693",19,11,8
"E00154694",4,4,0
"E00154695",18,12,6
"E00154696",3,2,1
"E00154697",7,3,4
"E00154698",14,8,6
"E00154699",14,7,7
"E00154700",3,2,1
"E00154701",2,1,1
"E00154702",4,3,1
"E00154703",6,5,1
"E00154704",5,2,3
"E00154705",8,6,2
"E00154706",5,2,3
"E00154707",2,1,1
"E00154708",0,0,0
"E00154709",7,4,3
"E00154710",1,0,1
"E00154711",1,1,0
"E00154712",12,9,3
"E00154713",1,1,0
"E00154714",3,0,3
"E00154715",2,0,2
"E00154716",4,2,2
"E00154717",8,6,2
"E00154718",10,2,8
"E00154719",9,3,6
"E00154720",3,1,2
"E00154721",1,0,1
"E00154722",4,0,4
"E00154723",6,2,4
"E00154724",5,2,3
"E00154725",7,4,3
"E00154726",1,0,1
"E00154727",4,2,2
"E00154728",3,2,1
"E00154729",0,0,0
"E00154730",1,0,1
"E00154731",9,5,4
"E00154732",2,1,1
"E00154733",3,0,3
"E00154734",4,1,3
"E00154735",7,3,4
"E00154736",3,0,3
"E00154737",0,0,0
"E00154738",6,3,3
"E00154739",1,1,0
"E00154740",0,0,0
"E00154741",0,0,0
"E00154742",0,0,0
"E00154743",2,1,1
"E00154744",3,2,1
"E00154745",2,1,1
"E00154746",4,2,2
"E00154747",0,0,0
"E00154748",6,3,3
"E00154749",4,2,2
"E00154750",8,3,5
"E00154751",9,2,7
"E00154752",17,9,8
"E00154753",4,2,2
"E00154754",9,3,6
"E00154755",7,5,2
"E00154757",12,7,5
"E00154759",8,4,4
"E00154760",11,6,5
"E00154761",1,1,0
"E00154762",4,2,2
"E00154763",12,7,5
"E00154764",7,3,4
"E00154765",0,0,0
"E00154766",5,2,3
"E00154767",4,3,1
"E00154768",5,3,2
"E00154769",7,4,3
"E00154770",22,11,11
"E00154771",8,7,1
"E00154772",7,2,5
"E00154773",9,5,4
"E00154774",18,10,8
"E00154775",6,2,4
"E00154776",20,11,9
"E00154777",41,25,16
"E00154778",26,10,16
"E00154779",12,10,2
"E00154780",27,15,12
"E00154781",6,3,3
"E00154782",5,3,2
"E00154783",3,3,0
"E00154784",9,5,4
"E00154785",18,11,7
"E00154786",18,9,9
"E00154787",29,20,9
"E00154788",7,5,2
"E00154789",5,4,1
"E00154790",5,2,3
"E00154791",16,9,7
"E00154792",10,7,3
"E00154793",1,0,1
"E00154794",20,12,8
"E00154795",11,7,4
"E00154796",11,6,5
"E00154797",17,9,8
"E00154798",8,3,5
"E00154799",36,19,17
"E00154800",6,3,3
"E00154801",18,12,6
"E00154802",8,7,1
"E00154803",5,3,2
"E00154804",2,1,1
"E00154805",16,9,7
"E00154806",2,1,1
"E00154807",3,0,3
"E00154808",10,6,4
"E00154809",12,8,4
"E00154810",17,12,5
"E00154811",8,5,3
"E00154812",4,0,4
"E00154813",14,3,11
"E00154814",8,3,5
"E00154815",13,5,8
"E00154816",8,3,5
"E00154817",1,0,1
"E00154818",6,2,4
"E00154819",6,5,1
"E00154820",2,1,1
"E00154821",2,1,1
"E00154822",4,2,2
"E00154823",13,6,7
"E00154824",9,4,5
"E00154825",11,9,2
"E00154826",11,7,4
"E00154827",4,2,2
"E00154828",6,3,3
"E00154829",5,1,4
"E00154830",0,0,0
"E00154831",7,3,4
"E00154832",6,3,3
"E00154833",1,1,0
"E00154834",2,0,2
"E00154835",3,2,1
"E00154836",10,5,5
"E00154837",2,1,1
"E00154838",5,0,5
"E00154839",13,3,10
"E00154840",18,10,8
"E00154841",2,1,1
"E00154842",7,5,2
"E00154843",3,1,2
"E00154844",4,3,1
"E00154845",4,3,1
"E00154846",3,3,0
"E00154847",2,2,0
"E00154849",5,2,3
"E00154850",2,2,0
"E00154851",11,7,4
"E00154852",7,4,3
"E00154853",7,5,2
"E00154854",3,1,2
"E00154855",3,0,3
"E00154856",16,9,7
"E00154857",9,6,3
"E00154858",9,6,3
"E00154859",5,3,2
"E00154860",1,1,0
"E00154861",4,3,1
"E00154862",0,0,0
"E00154863",0,0,0
"E00154864",3,2,1
"E00154865",3,0,3
"E00154866",3,1,2
"E00154867",9,2,7
"E00154868",5,2,3
"E00154869",2,1,1
"E00154870",3,2,1
"E00154871",0,0,0
"E00154872",3,1,2
"E00154873",0,0,0
"E00154874",4,3,1
"E00154875",4,3,1
"E00154876",2,2,0
"E00154877",6,3,3
"E00154878",0,0,0
"E00154879",5,2,3
"E00154880",5,4,1
"E00154881",2,0,2
"E00154882",15,5,10
"E00154883",7,5,2
"E00154884",12,4,8
"E00154885",15,9,6
"E00154886",2,1,1
"E00154887",2,1,1
"E00154888",3,2,1
"E00154889",9,3,6
"E00154890",2,1,1
"E00154891",7,5,2
"E00154892",5,4,1
"E00154893",1,1,0
"E00154894",5,3,2
"E00154895",9,5,4
"E00154896",9,6,3
"E00154897",12,6,6
"E00154898",2,1,1
"E00154899",10,3,7
"E00154900",8,4,4
"E00154901",3,2,1
"E00154902",4,2,2
"E00154903",15,6,9
"E00154904",12,3,9
"E00154905",4,1,3
"E00154906",15,6,9
"E00154907",15,6,9
"E00154908",7,5,2
"E00154909",6,4,2
"E00154910",12,6,6
"E00154911",17,13,4
"E00154912",6,2,4
"E00154913",7,5,2
"E00154914",3,3,0
"E00154915",2,1,1
"E00154916",4,4,0
"E00154917",0,0,0
"E00154918",1,0,1
"E00154919",9,7,2
"E00154920",0,0,0
"E00154921",6,2,4
"E00154922",5,1,4
"E00154923",5,2,3
"E00154924",7,5,2
"E00154925",9,6,3
"E00154926",8,2,6
"E00154927",0,0,0
"E00154928",5,5,0
"E00154929",11,6,5
"E00154930",2,2,0
"E00154931",5,3,2
"E00154932",5,3,2
"E00154933",2,1,1
"E00154934",8,5,3
"E00154935",0,0,0
"E00154936",5,2,3
"E00154937",4,2,2
"E00154938",7,5,2
"E00154939",2,1,1
"E00154940",9,6,3
"E00154941",1,1,0
"E00154942",2,0,2
"E00154943",9,2,7
"E00154944",7,4,3
"E00154945",1,1,0
"E00154946",7,4,3
"E00154947",4,2,2
"E00154948",6,3,3
"E00154949",6,5,1
"E00154950",1,1,0
"E00154951",5,3,2
"E00154952",1,0,1
"E00154953",9,6,3
"E00154954",3,1,2
"E00154955",8,3,5
"E00154956",6,2,4
"E00154957",2,1,1
"E00154958",14,5,9
"E00154959",0,0,0
"E00154960",15,7,8
"E00154961",6,2,4
"E00154962",2,1,1
"E00154963",11,3,8
"E00154964",10,6,4
"E00154965",15,13,2
"E00154966",13,11,2
"E00154967",13,5,8
"E00154968",4,3,1
"E00154969",13,5,8
"E00154970",5,3,2
"E00154971",5,3,2
"E00154972",12,8,4
"E00154973",5,3,2
"E00154974",6,0,6
"E00154975",0,0,0
"E00154976",7,2,5
"E00154977",3,3,0
"E00154978",9,5,4
"E00154979",2,0,2
"E00154981",6,3,3
"E00154982",1,0,1
"E00154983",4,3,1
"E00154985",6,4,2
"E00154986",3,1,2
"E00154987",6,4,2
"E00154988",20,10,10
"E00154989",2,2,0
"E00154990",3,2,1
"E00154991",2,0,2
"E00154992",1,0,1
"E00154993",2,0,2
"E00154994",4,2,2
"E00154995",9,6,3
"E00154996",10,6,4
"E00154997",11,7,4
"E00154998",5,2,3
"E00154999",5,3,2
"E00155000",7,5,2
"E00155001",6,2,4
"E00155002",4,1,3
"E00155003",3,0,3
"E00155004",8,5,3
"E00155005",3,3,0
"E00155006",2,1,1
"E00155007",2,1,1
"E00155008",7,3,4
"E00155009",3,2,1
"E00155010",4,1,3
"E00155011",2,2,0
"E00155012",3,2,1
"E00155013",9,4,5
"E00155014",2,1,1
"E00155015",5,2,3
"E00155016",8,4,4
"E00155017",11,4,7
"E00155018",7,4,3
"E00155019",1,1,0
"E00155020",0,0,0
"E00155021",10,6,4
"E00155022",8,5,3
"E00155023",2,0,2
"E00155024",8,2,6
"E00155025",0,0,0
"E00155026",5,2,3
"E00155027",2,1,1
"E00155028",14,5,9
"E00155029",9,7,2
"E00155030",8,3,5
"E00155031",8,5,3
"E00155032",6,5,1
"E00155033",2,0,2
"E00155034",1,0,1
"E00155035",4,3,1
"E00155036",5,2,3
"E00155037",3,2,1
"E00155038",6,3,3
"E00155039",1,1,0
"E00155040",1,0,1
"E00155041",9,2,7
"E00155042",14,6,8
"E00155043",11,8,3
"E00155044",11,9,2
"E00155045",8,6,2
"E00155046",7,5,2
"E00155047",10,5,5
"E00155048",10,7,3
"E00155049",16,9,7
"E00155050",14,9,5
"E00155052",3,3,0
"E00155053",10,8,2
"E00155054",20,8,12
"E00155055",9,4,5
"E00155056",5,2,3
"E00155057",6,5,1
"E00155058",0,0,0
"E00155059",3,1,2
"E00155060",1,1,0
"E00155061",5,2,3
"E00155062",0,0,0
"E00155063",0,0,0
"E00155064",2,1,1
"E00155066",3,0,3
"E00155067",5,3,2
"E00155068",4,1,3
"E00155069",6,3,3
"E00155070",1,0,1
"E00155071",8,2,6
"E00155072",3,1,2
"E00155073",0,0,0
"E00155074",5,2,3
"E00155075",3,2,1
"E00155076",4,1,3
"E00155077",5,1,4
"E00155078",13,7,6
"E00155079",6,4,2
"E00155080",11,9,2
"E00155081",2,0,2
"E00155082",3,1,2
"E00155083",10,6,4
"E00155084",2,2,0
"E00155085",0,0,0
"E00155086",3,1,2
"E00155087",2,1,1
"E00155088",6,4,2
"E00155089",5,4,1
"E00155090",5,1,4
"E00155091",5,4,1
"E00155092",3,1,2
"E00155093",13,7,6
"E00155094",3,2,1
"E00155095",4,2,2
"E00155096",4,2,2
"E00155097",10,5,5
"E00155098",6,3,3
"E00155099",10,5,5
"E00155100",7,4,3
"E00155101",7,0,7
"E00155102",7,4,3
"E00155103",4,2,2
"E00155104",11,5,6
"E00155105",3,3,0
"E00155106",7,5,2
"E00155107",5,3,2
"E00155108",0,0,0
"E00155109",1,0,1
"E00155110",1,0,1
"E00155111",1,0,1
"E00155112",5,4,1
"E00155113",1,0,1
"E00155114",1,0,1
"E00155115",3,3,0
"E00155116",10,4,6
"E00155117",6,3,3
"E00155118",14,8,6
"E00155119",1,1,0
"E00155120",4,2,2
"E00155122",7,3,4
"E00155124",0,0,0
"E00155125",6,5,1
"E00155126",13,5,8
"E00155127",0,0,0
"E00155128",8,2,6
"E00155129",0,0,0
"E00155130",1,0,1
"E00155131",1,1,0
"E00155132",1,0,1
"E00155133",4,3,1
"E00155134",8,2,6
"E00155135",2,1,1
"E00155136",6,2,4
"E00155137",7,3,4
"E00155138",1,1,0
"E00155139",8,4,4
"E00155140",4,3,1
"E00155141",7,4,3
"E00155142",6,2,4
"E00155143",3,3,0
"E00155145",11,7,4
"E00155146",1,0,1
"E00155147",3,1,2
"E00155148",22,13,9
"E00155149",8,6,2
"E00155150",2,1,1
"E00155151",14,10,4
"E00155152",10,6,4
"E00155153",9,7,2
"E00155154",9,4,5
"E00155155",5,2,3
"E00155156",6,4,2
"E00155157",10,4,6
"E00155158",5,2,3
"E00155159",7,2,5
"E00155160",2,1,1
"E00155161",7,4,3
"E00155162",2,1,1
"E00155163",0,0,0
"E00155164",6,2,4
"E00155165",1,1,0
"E00155166",3,1,2
"E00155167",1,1,0
"E00155168",1,0,1
"E00155169",4,1,3
"E00155170",7,5,2
"E00155171",1,0,1
"E00155172",1,1,0
"E00155173",0,0,0
"E00155174",3,0,3
"E00155175",5,1,4
"E00155176",4,1,3
"E00155177",1,1,0
"E00155178",3,1,2
"E00155179",3,1,2
"E00155180",1,1,0
"E00155181",6,4,2
"E00155182",2,1,1
"E00155183",3,2,1
"E00155184",0,0,0
"E00155185",2,0,2
"E00155186",0,0,0
"E00155187",6,4,2
"E00155188",1,0,1
"E00155189",1,1,0
"E00155190",3,1,2
"E00155191",5,4,1
"E00155192",1,1,0
"E00155193",4,2,2
"E00155194",6,6,0
"E00155195",1,0,1
"E00155196",4,4,0
"E00155197",1,1,0
"E00155198",4,0,4
"E00155199",6,4,2
"E00155200",5,3,2
"E00155201",0,0,0
"E00155202",1,0,1
"E00155203",1,0,1
"E00155204",1,0,1
"E00155205",1,0,1
"E00155206",0,0,0
"E00155207",1,0,1
"E00155208",3,2,1
"E00155209",2,0,2
"E00155210",1,1,0
"E00155211",0,0,0
"E00155212",4,4,0
"E00155213",2,1,1
"E00155214",2,0,2
"E00155215",3,1,2
"E00155216",1,0,1
"E00155217",0,0,0
"E00155218",0,0,0
"E00155219",0,0,0
"E00155220",1,1,0
"E00155221",3,2,1
"E00155222",2,1,1
"E00155223",0,0,0
"E00155224",7,4,3
"E00155225",3,0,3
"E00155226",3,2,1
"E00155227",3,1,2
"E00155228",1,1,0
"E00155229",2,2,0
"E00155230",6,2,4
"E00155231",8,4,4
"E00155232",1,1,0
"E00155233",9,4,5
"E00155234",2,1,1
"E00155235",1,0,1
"E00155236",4,1,3
"E00155237",12,5,7
"E00155238",11,4,7
"E00155239",9,5,4
"E00155240",10,7,3
"E00155241",3,1,2
"E00155242",5,3,2
"E00155243",12,8,4
"E00155244",5,1,4
"E00155245",8,2,6
"E00155246",5,2,3
"E00155247",2,1,1
"E00155248",7,2,5
"E00155249",1,0,1
"E00155250",12,5,7
"E00155251",14,5,9
"E00155252",7,3,4
"E00155253",8,5,3
"E00155254",7,2,5
"E00155255",9,4,5
"E00155256",13,9,4
"E00155257",8,5,3
"E00155258",15,5,10
"E00155259",2,1,1
"E00155260",14,8,6
"E00155261",9,3,6
"E00155262",16,7,9
"E00155263",18,8,10
"E00155264",11,6,5
"E00155265",12,8,4
"E00155266",17,8,9
"E00155267",8,6,2
"E00155268",7,3,4
"E00155269",11,5,6
"E00155270",13,7,6
"E00155271",15,9,6
"E00155272",9,7,2
"E00155273",18,11,7
"E00155274",9,4,5
"E00155275",16,6,10
"E00155276",31,13,18
"E00155277",11,6,5
"E00155278",11,5,6
"E00155279",24,12,12
"E00155280",13,7,6
"E00155281",4,4,0
"E00155282",10,3,7
"E00155283",7,6,1
"E00155284",9,5,4
"E00155285",5,3,2
"E00155286",5,4,1
"E00155287",21,14,7
"E00155288",13,6,7
"E00155289",8,5,3
"E00155290",5,3,2
"E00155291",14,8,6
"E00155292",16,10,6
"E00155293",12,10,2
"E00155294",25,11,14
"E00155295",13,6,7
"E00155296",8,3,5
"E00155297",14,7,7
"E00155298",6,2,4
"E00155299",10,5,5
"E00155300",11,6,5
"E00155301",7,5,2
"E00155302",2,2,0
"E00155303",1,0,1
"E00155304",5,2,3
"E00155305",0,0,0
"E00155306",1,1,0
"E00155307",0,0,0
"E00155308",1,0,1
"E00155309",1,1,0
"E00155310",5,3,2
"E00155311",1,1,0
"E00155312",1,1,0
"E00155313",0,0,0
"E00155314",2,2,0
"E00155315",1,0,1
"E00155316",6,3,3
"E00155317",9,4,5
"E00155318",3,3,0
"E00155319",6,3,3
"E00155320",10,6,4
"E00155321",12,6,6
"E00155322",6,5,1
"E00155323",5,3,2
"E00155324",16,9,7
"E00155325",8,2,6
"E00155326",10,5,5
"E00155327",8,3,5
"E00155328",1,0,1
"E00155329",7,4,3
"E00155330",11,3,8
"E00155331",7,4,3
"E00155332",12,3,9
"E00155333",4,1,3
"E00155334",3,2,1
"E00155335",20,12,8
"E00155336",23,9,14
"E00155337",3,3,0
"E00155338",7,2,5
"E00155339",12,7,5
"E00155340",0,0,0
"E00155341",9,3,6
"E00155342",24,11,13
"E00155343",14,10,4
"E00155344",4,1,3
"E00155345",2,1,1
"E00155346",8,2,6
"E00155347",5,4,1
"E00155348",2,0,2
"E00155349",9,3,6
"E00155350",3,1,2
"E00155351",0,0,0
"E00155352",3,3,0
"E00155353",7,3,4
"E00155354",20,8,12
"E00155355",7,3,4
"E00155356",0,0,0
"E00155357",14,7,7
"E00155358",3,1,2
"E00155359",4,3,1
"E00155360",7,3,4
"E00155361",3,2,1
"E00155362",3,0,3
"E00155363",9,4,5
"E00155364",4,3,1
"E00155365",2,2,0
"E00155366",11,6,5
"E00155367",2,2,0
"E00155368",14,5,9
"E00155369",12,6,6
"E00155370",4,2,2
"E00155371",8,5,3
"E00155372",11,8,3
"E00155373",7,3,4
"E00155374",4,3,1
"E00155375",9,5,4
"E00155376",3,0,3
"E00155377",15,9,6
"E00155378",9,6,3
"E00155379",2,1,1
"E00155380",0,0,0
"E00155381",15,6,9
"E00155382",5,2,3
"E00155383",12,3,9
"E00155384",13,3,10
"E00155385",5,3,2
"E00155386",11,5,6
"E00155387",12,8,4
"E00155388",3,0,3
"E00155389",13,9,4
"E00155390",5,1,4
"E00155391",15,9,6
"E00155392",3,1,2
"E00155393",7,5,2
"E00155394",11,5,6
"E00155395",1,1,0
"E00155396",3,0,3
"E00155397",7,5,2
"E00155398",14,9,5
"E00155399",11,8,3
"E00155400",5,1,4
"E00155401",3,3,0
"E00155402",8,4,4
"E00155403",0,0,0
"E00155404",8,4,4
"E00155405",17,8,9
"E00155406",13,7,6
"E00155407",8,3,5
"E00155409",6,4,2
"E00155410",5,2,3
"E00155412",1,1,0
"E00155413",5,2,3
"E00155414",5,2,3
"E00155415",9,5,4
"E00155416",9,5,4
"E00155417",6,5,1
"E00155418",0,0,0
"E00155419",15,10,5
"E00155420",10,3,7
"E00155421",15,9,6
"E00155422",7,3,4
"E00155423",8,3,5
"E00155424",9,4,5
"E00155425",17,10,7
"E00155426",11,9,2
"E00155427",5,2,3
"E00155428",7,3,4
"E00155429",19,10,9
"E00155430",10,7,3
"E00155432",4,0,4
"E00155433",6,3,3
"E00155434",11,9,2
"E00155435",6,1,5
"E00155436",4,3,1
"E00155437",10,4,6
"E00155438",3,0,3
"E00155439",6,5,1
"E00155440",11,5,6
"E00155441",1,1,0
"E00155442",12,9,3
"E00155443",3,1,2
"E00155444",10,3,7
"E00155445",5,2,3
"E00155446",6,4,2
"E00155447",5,2,3
"E00155448",10,5,5
"E00155449",15,9,6
"E00155450",3,3,0
"E00155451",3,1,2
"E00155452",8,4,4
"E00155453",4,2,2
"E00155454",13,6,7
"E00155455",19,6,13
"E00155456",5,3,2
"E00155457",6,3,3
"E00155458",8,3,5
"E00155459",6,6,0
"E00155460",8,3,5
"E00155461",10,4,6
"E00155462",3,1,2
"E00155463",12,4,8
"E00155464",3,1,2
"E00155465",2,2,0
"E00155466",3,2,1
"E00155467",5,3,2
"E00155468",5,2,3
"E00155469",0,0,0
"E00155470",18,8,10
"E00155471",0,0,0
"E00155472",2,1,1
"E00155473",1,1,0
"E00155474",0,0,0
"E00155475",0,0,0
"E00155476",1,1,0
"E00155477",1,0,1
"E00155478",3,3,0
"E00155479",0,0,0
"E00155480",6,3,3
"E00155481",4,2,2
"E00155482",4,3,1
"E00155483",6,4,2
"E00155484",6,4,2
"E00155485",1,1,0
"E00155486",1,0,1
"E00155487",1,1,0
"E00155488",5,2,3
"E00155489",2,2,0
"E00155490",3,2,1
"E00155491",4,2,2
"E00155492",13,8,5
"E00155493",5,1,4
"E00155495",6,3,3
"E00155497",5,3,2
"E00155498",0,0,0
"E00155499",6,4,2
"E00155501",7,5,2
"E00155502",8,4,4
"E00155503",4,1,3
"E00155504",6,3,3
"E00155505",5,2,3
"E00155506",11,3,8
"E00155507",0,0,0
"E00155508",0,0,0
"E00155509",0,0,0
"E00155510",5,2,3
"E00155511",0,0,0
"E00155512",2,1,1
"E00155513",10,3,7
"E00155514",1,1,0
"E00155515",3,0,3
"E00155516",12,4,8
"E00155517",5,3,2
"E00155518",7,5,2
"E00155519",10,5,5
"E00155520",13,9,4
"E00155521",10,8,2
"E00155522",2,0,2
"E00155523",4,1,3
"E00155524",5,2,3
"E00155525",5,4,1
"E00155526",9,9,0
"E00155527",5,4,1
"E00155528",3,2,1
"E00155529",8,2,6
"E00155530",4,2,2
"E00155531",15,7,8
"E00155532",7,3,4
"E00155533",3,1,2
"E00155534",24,14,10
"E00155535",5,2,3
"E00155536",6,4,2
"E00155537",0,0,0
"E00155538",0,0,0
"E00155539",0,0,0
"E00155540",1,1,0
"E00155541",4,0,4
"E00155542",0,0,0
"E00155543",4,0,4
"E00155544",3,2,1
"E00155545",4,3,1
"E00155546",0,0,0
"E00155547",1,0,1
"E00155548",0,0,0
"E00155549",2,1,1
"E00155550",7,1,6
"E00155551",5,1,4
"E00155552",11,5,6
"E00155553",2,1,1
"E00155554",3,1,2
"E00155555",4,4,0
"E00155556",6,3,3
"E00155557",1,0,1
"E00155558",7,7,0
"E00155559",2,1,1
"E00155560",5,3,2
"E00155561",0,0,0
"E00155562",6,1,5
"E00155563",9,3,6
"E00155564",6,3,3
"E00155565",2,0,2
"E00155566",0,0,0
"E00155567",16,7,9
"E00155568",0,0,0
"E00155569",5,2,3
"E00155570",3,3,0
"E00155571",0,0,0
"E00155572",1,0,1
"E00155573",4,3,1
"E00155574",6,2,4
"E00155575",9,7,2
"E00155576",11,5,6
"E00155577",5,3,2
"E00155578",4,3,1
"E00155579",9,4,5
"E00155580",22,10,12
"E00155581",3,2,1
"E00155582",0,0,0
"E00155583",4,1,3
"E00155584",0,0,0
"E00155585",1,0,1
"E00155586",7,5,2
"E00155587",7,3,4
"E00155588",3,2,1
"E00155589",4,0,4
"E00155590",5,2,3
"E00155591",9,6,3
"E00155592",8,2,6
"E00155593",8,4,4
"E00155594",10,5,5
"E00155595",8,5,3
"E00155596",4,4,0
"E00155597",6,5,1
"E00155598",4,3,1
"E00155599",14,5,9
"E00155600",0,0,0
"E00155601",10,2,8
"E00155602",8,4,4
"E00155603",19,11,8
"E00155604",20,11,9
"E00155605",16,6,10
"E00155606",14,8,6
"E00155607",13,8,5
"E00155608",4,2,2
"E00155609",7,1,6
"E00155610",21,3,18
"E00155611",8,3,5
"E00155612",3,3,0
"E00155613",4,2,2
"E00155614",3,0,3
"E00155615",6,3,3
"E00155616",2,1,1
"E00155617",7,3,4
"E00155618",10,6,4
"E00155619",11,6,5
"E00155620",5,2,3
"E00155621",4,3,1
"E00155622",8,4,4
"E00155623",9,4,5
"E00155624",6,2,4
"E00155625",13,8,5
"E00155626",12,7,5
"E00155627",10,2,8
"E00155628",10,6,4
"E00155629",12,6,6
"E00155630",12,5,7
"E00155631",9,5,4
"E00155632",10,8,2
"E00155633",1,1,0
"E00155634",9,5,4
"E00155635",5,3,2
"E00155636",5,4,1
"E00155637",1,0,1
"E00155638",3,1,2
"E00155639",2,2,0
"E00155640",6,1,5
"E00155641",0,0,0
"E00155642",14,7,7
"E00155643",6,4,2
"E00155644",13,5,8
"E00155645",14,8,6
"E00155646",25,11,14
"E00155647",0,0,0
"E00155648",12,6,6
"E00155649",1,1,0
"E00155650",4,1,3
"E00155651",8,4,4
"E00155652",7,6,1
"E00155653",3,0,3
"E00155654",11,9,2
"E00155655",1,0,1
"E00155656",4,3,1
"E00155657",12,7,5
"E00155658",8,6,2
"E00155659",5,3,2
"E00155660",16,6,10
"E00155661",9,5,4
"E00155662",12,7,5
"E00155663",5,2,3
"E00155664",4,2,2
"E00155665",1,0,1
"E00155666",17,10,7
"E00155667",5,4,1
"E00155668",11,2,9
"E00155669",4,3,1
"E00155670",1,1,0
"E00155671",0,0,0
"E00155672",9,3,6
"E00155673",4,3,1
"E00155674",13,5,8
"E00155675",9,5,4
"E00155676",9,5,4
"E00155677",0,0,0
"E00155678",0,0,0
"E00155679",1,1,0
"E00155680",4,2,2
"E00155681",0,0,0
"E00155682",3,1,2
"E00155683",7,4,3
"E00155684",15,9,6
"E00155685",13,6,7
"E00155686",11,3,8
"E00155687",8,3,5
"E00155688",8,1,7
"E00155689",7,3,4
"E00155690",11,7,4
"E00155691",5,3,2
"E00155692",0,0,0
"E00155693",7,4,3
"E00155694",0,0,0
"E00155695",6,2,4
"E00155696",12,6,6
"E00155697",6,1,5
"E00155698",6,4,2
"E00155699",8,2,6
"E00155700",8,4,4
"E00155701",5,2,3
"E00155702",3,0,3
"E00155703",3,1,2
"E00155704",0,0,0
"E00155705",11,5,6
"E00155706",16,6,10
"E00155707",8,5,3
"E00155708",9,3,6
"E00155709",6,3,3
"E00155710",13,8,5
"E00155711",10,6,4
"E00155712",7,4,3
"E00155713",8,0,8
"E00155714",5,2,3
"E00155715",12,6,6
"E00155716",5,1,4
"E00155717",3,1,2
"E00155718",12,6,6
"E00155719",5,2,3
"E00155720",1,0,1
"E00155721",0,0,0
"E00155722",9,4,5
"E00155723",6,2,4
"E00155724",5,2,3
"E00155725",16,8,8
"E00155726",5,4,1
"E00155727",8,6,2
"E00155728",11,4,7
"E00155729",4,2,2
"E00155730",5,3,2
"E00155731",0,0,0
"E00155732",8,2,6
"E00155733",7,5,2
"E00155734",6,3,3
"E00155735",13,7,6
"E00155736",11,2,9
"E00155737",1,0,1
"E00155738",25,19,6
"E00155739",17,9,8
"E00155740",10,7,3
"E00155741",7,5,2
"E00155742",0,0,0
"E00155743",4,1,3
"E00155744",9,2,7
"E00155745",5,1,4
"E00155746",7,1,6
"E00155747",5,3,2
"E00155748",0,0,0
"E00155749",6,4,2
"E00155750",4,0,4
"E00155751",9,6,3
"E00155752",14,7,7
"E00155753",6,3,3
"E00155754",17,8,9
"E00155755",8,6,2
"E00155756",6,2,4
"E00155757",6,2,4
"E00155758",23,16,7
"E00155759",16,6,10
"E00155760",2,0,2
"E00155761",9,6,3
"E00155762",4,1,3
"E00155763",12,9,3
"E00155764",13,8,5
"E00155765",13,9,4
"E00155766",6,1,5
"E00155767",12,7,5
"E00155768",6,3,3
"E00155769",18,9,9
"E00155770",8,4,4
"E00155771",13,6,7
"E00155772",9,6,3
"E00155773",18,7,11
"E00155774",6,2,4
"E00155775",6,3,3
"E00155776",8,5,3
"E00155777",5,3,2
"E00155778",6,2,4
"E00155779",3,2,1
"E00155780",5,1,4
"E00155781",2,1,1
"E00155782",5,2,3
"E00155783",9,4,5
"E00155784",6,3,3
"E00155785",6,3,3
"E00155786",11,6,5
"E00155787",0,0,0
"E00155788",1,1,0
"E00155789",2,0,2
"E00155790",0,0,0
"E00155791",1,1,0
"E00155792",2,2,0
"E00155793",3,2,1
"E00155794",3,3,0
"E00155795",1,1,0
"E00155796",2,1,1
"E00155797",11,5,6
"E00155798",1,0,1
"E00155799",14,8,6
"E00155800",12,4,8
"E00155801",8,4,4
"E00155802",0,0,0
"E00155803",0,0,0
"E00155804",6,3,3
"E00155805",1,0,1
"E00155806",0,0,0
"E00155807",2,1,1
"E00155808",2,1,1
"E00155809",1,0,1
"E00155810",5,4,1
"E00155811",0,0,0
"E00155812",1,1,0
"E00155815",0,0,0
"E00155816",2,0,2
"E00155817",10,8,2
"E00155818",4,2,2
"E00155819",2,1,1
"E00155820",2,0,2
"E00155821",1,0,1
"E00155822",10,6,4
"E00155823",1,1,0
"E00155824",8,4,4
"E00155825",2,0,2
"E00155826",14,7,7
"E00155827",1,1,0
"E00155828",2,1,1
"E00155829",7,6,1
"E00155830",11,7,4
"E00155831",7,5,2
"E00155832",30,14,16
"E00155833",21,10,11
"E00155834",9,4,5
"E00155835",3,3,0
"E00155836",0,0,0
"E00155837",7,3,4
"E00155838",2,2,0
"E00155839",14,8,6
"E00155840",12,7,5
"E00155841",5,4,1
"E00155842",9,7,2
"E00155843",14,8,6
"E00155844",10,5,5
"E00155845",22,14,8
"E00155846",7,5,2
"E00155847",11,9,2
"E00155848",1,1,0
"E00155849",1,1,0
"E00155850",23,11,12
"E00155851",16,9,7
"E00155852",15,9,6
"E00155853",15,6,9
"E00155854",6,3,3
"E00155855",11,5,6
"E00155856",9,4,5
"E00155857",9,5,4
"E00155858",3,1,2
"E00155859",7,5,2
"E00155860",1,1,0
"E00155861",4,3,1
"E00155862",17,10,7
"E00155863",16,10,6
"E00155864",1,0,1
"E00155865",5,3,2
"E00155866",8,1,7
"E00155867",8,3,5
"E00155868",3,2,1
"E00155869",8,6,2
"E00155870",10,4,6
"E00155871",3,2,1
"E00155872",5,4,1
"E00155873",14,9,5
"E00155875",10,5,5
"E00155876",12,3,9
"E00155877",0,0,0
"E00155878",2,1,1
"E00155879",4,3,1
"E00155880",9,4,5
"E00155881",3,0,3
"E00155882",2,0,2
"E00155883",4,2,2
"E00155884",11,5,6
"E00155885",7,4,3
"E00155886",0,0,0
"E00155887",2,1,1
"E00155888",11,3,8
"E00155889",14,9,5
"E00155890",7,4,3
"E00155891",4,2,2
"E00155892",5,5,0
"E00155893",8,4,4
"E00155894",9,8,1
"E00155895",5,3,2
"E00155896",10,7,3
"E00155897",7,2,5
"E00155898",11,3,8
"E00155899",3,1,2
"E00155900",5,3,2
"E00155901",9,6,3
"E00155902",10,5,5
"E00155903",8,4,4
"E00155904",13,9,4
"E00155906",3,3,0
"E00155907",2,1,1
"E00155908",10,4,6
"E00155909",9,3,6
"E00155910",5,3,2
"E00155911",4,2,2
"E00155912",3,0,3
"E00155914",0,0,0
"E00155915",2,1,1
"E00155916",0,0,0
"E00155917",7,1,6
"E00155918",3,2,1
"E00155919",4,4,0
"E00155920",4,4,0
"E00155921",4,2,2
"E00155922",2,0,2
"E00155923",5,3,2
"E00155924",2,1,1
"E00155925",0,0,0
"E00155926",4,1,3
"E00155927",4,1,3
"E00155928",5,4,1
"E00155929",1,0,1
"E00155930",0,0,0
"E00155931",2,2,0
"E00155932",3,1,2
"E00155933",2,2,0
"E00155934",9,4,5
"E00155935",3,2,1
"E00155936",2,1,1
"E00155937",6,3,3
"E00155938",8,4,4
"E00155939",9,5,4
"E00155940",1,0,1
"E00155941",2,1,1
"E00155942",5,3,2
"E00155943",9,2,7
"E00155944",5,2,3
"E00155945",2,1,1
"E00155946",1,1,0
"E00155947",0,0,0
"E00155948",0,0,0
"E00155949",3,1,2
"E00155950",0,0,0
"E00155951",4,1,3
"E00155952",6,1,5
"E00155953",4,0,4
"E00155954",1,0,1
"E00155955",5,3,2
"E00155956",2,0,2
"E00155957",1,1,0
"E00155958",0,0,0
"E00155959",3,1,2
"E00155960",1,0,1
"E00155961",0,0,0
"E00155962",0,0,0
"E00155963",0,0,0
"E00155964",5,2,3
"E00155965",4,2,2
"E00155966",2,0,2
"E00155967",7,3,4
"E00155968",0,0,0
"E00155969",2,1,1
"E00155970",6,4,2
"E00155971",4,1,3
"E00155972",2,1,1
"E00155974",11,5,6
"E00155975",1,0,1
"E00155976",2,1,1
"E00155977",2,1,1
"E00155978",6,1,5
"E00155979",6,5,1
"E00155980",4,1,3
"E00155981",5,2,3
"E00155982",1,0,1
"E00155983",5,2,3
"E00155984",5,4,1
"E00155985",4,2,2
"E00155986",7,2,5
"E00155987",3,2,1
"E00155988",5,3,2
"E00155989",3,2,1
"E00155990",2,1,1
"E00155991",6,2,4
"E00155992",3,0,3
"E00155993",6,5,1
"E00155994",3,3,0
"E00155995",3,2,1
"E00155996",10,4,6
"E00155997",5,1,4
"E00155998",0,0,0
"E00155999",1,1,0
"E00156000",2,1,1
"E00156001",2,2,0
"E00156002",3,2,1
"E00156003",2,2,0
"E00156004",6,2,4
"E00156005",3,2,1
"E00156006",1,1,0
"E00156007",6,3,3
"E00156008",7,5,2
"E00156009",17,8,9
"E00156012",9,2,7
"E00156013",2,1,1
"E00156014",0,0,0
"E00156015",8,5,3
"E00156016",8,4,4
"E00156017",7,2,5
"E00156018",4,1,3
"E00156019",7,3,4
"E00156020",6,2,4
"E00156021",6,4,2
"E00156022",14,10,4
"E00156023",15,11,4
"E00156024",18,12,6
"E00156025",6,4,2
"E00156026",13,5,8
"E00156027",8,6,2
"E00156028",7,6,1
"E00156029",5,2,3
"E00156030",9,7,2
"E00156031",7,3,4
"E00156032",4,1,3
"E00156033",15,6,9
"E00156034",4,4,0
"E00156035",7,5,2
"E00156036",5,3,2
"E00156037",8,5,3
"E00156038",7,3,4
"E00156039",8,2,6
"E00156040",0,0,0
"E00156041",5,3,2
"E00156042",1,1,0
"E00156043",18,14,4
"E00156044",8,4,4
"E00156045",2,1,1
"E00156046",6,4,2
"E00156047",0,0,0
"E00156048",8,6,2
"E00156049",17,6,11
"E00156050",11,7,4
"E00156051",9,4,5
"E00156052",1,0,1
"E00156053",1,0,1
"E00156054",6,4,2
"E00156055",6,1,5
"E00156056",2,2,0
"E00156057",3,3,0
"E00156058",7,2,5
"E00156059",1,0,1
"E00156060",1,0,1
"E00156061",0,0,0
"E00156062",1,0,1
"E00156063",4,2,2
"E00156064",0,0,0
"E00156065",7,3,4
"E00156066",7,1,6
"E00156067",9,3,6
"E00156068",3,1,2
"E00156069",3,2,1
"E00156070",1,1,0
"E00156071",0,0,0
"E00156072",5,4,1
"E00156073",1,0,1
"E00156074",2,0,2
"E00156075",8,5,3
"E00156076",1,0,1
"E00156077",7,2,5
"E00156078",12,4,8
"E00156079",10,4,6
"E00156080",11,6,5
"E00156081",9,6,3
"E00156082",4,1,3
"E00156083",10,4,6
"E00156084",11,7,4
"E00156085",2,1,1
"E00156086",11,5,6
"E00156087",9,8,1
"E00156088",1,1,0
"E00156089",18,10,8
"E00156090",5,4,1
"E00156091",8,2,6
"E00156092",10,2,8
"E00156093",19,8,11
"E00156094",6,5,1
"E00156095",4,1,3
"E00156096",6,4,2
"E00156097",9,5,4
"E00156098",5,3,2
"E00156099",0,0,0
"E00156100",5,2,3
"E00156101",0,0,0
"E00156102",4,3,1
"E00156103",3,1,2
"E00156104",8,6,2
"E00156105",1,0,1
"E00156106",3,2,1
"E00156107",0,0,0
"E00156108",2,2,0
"E00156110",0,0,0
"E00156111",7,4,3
"E00156112",8,3,5
"E00156113",2,1,1
"E00156114",3,2,1
"E00156115",3,1,2
"E00156116",4,1,3
"E00156117",0,0,0
"E00156118",9,5,4
"E00156119",3,2,1
"E00156120",6,3,3
"E00156121",0,0,0
"E00156123",7,5,2
"E00156124",6,5,1
"E00156126",6,5,1
"E00156127",5,3,2
"E00156128",3,2,1
"E00156129",11,10,1
"E00156130",1,1,0
"E00156131",2,2,0
"E00156132",5,1,4
"E00156133",1,1,0
"E00156134",4,2,2
"E00156135",0,0,0
"E00156136",6,2,4
"E00156137",2,2,0
"E00156138",10,3,7
"E00156139",7,2,5
"E00156140",6,2,4
"E00156141",2,1,1
"E00156142",5,3,2
"E00156143",5,3,2
"E00156144",4,1,3
"E00156145",1,1,0
"E00156146",1,1,0
"E00156147",3,3,0
"E00156148",1,0,1
"E00156149",2,1,1
"E00156150",4,2,2
"E00156151",4,4,0
"E00156152",4,4,0
"E00156153",2,1,1
"E00156154",2,1,1
"E00156155",6,1,5
"E00156156",3,3,0
"E00156157",0,0,0
"E00156158",7,4,3
"E00156159",11,7,4
"E00156160",6,4,2
"E00156161",8,3,5
"E00156162",2,0,2
"E00156163",8,4,4
"E00156164",3,1,2
"E00156165",6,4,2
"E00156166",1,0,1
"E00156167",5,2,3
"E00156168",3,2,1
"E00156169",0,0,0
"E00156170",8,6,2
"E00156171",0,0,0
"E00156172",5,4,1
"E00156173",6,3,3
"E00156174",3,3,0
"E00156175",9,5,4
"E00156176",4,2,2
"E00156177",11,6,5
"E00156178",3,3,0
"E00156179",3,1,2
"E00156180",9,4,5
"E00156181",7,2,5
"E00156182",9,6,3
"E00156184",7,3,4
"E00156185",12,4,8
"E00156186",4,2,2
"E00156187",1,1,0
"E00156188",8,3,5
"E00156189",12,11,1
"E00156190",9,5,4
"E00156191",6,3,3
"E00156192",5,4,1
"E00156193",5,3,2
"E00156194",1,0,1
"E00156195",0,0,0
"E00156196",8,6,2
"E00156197",3,0,3
"E00156198",5,1,4
"E00156199",7,2,5
"E00156201",5,2,3
"E00156202",8,5,3
"E00156203",0,0,0
"E00156204",8,6,2
"E00156205",8,5,3
"E00156206",5,2,3
"E00156207",6,1,5
"E00156208",4,3,1
"E00156209",2,1,1
"E00156210",0,0,0
"E00156211",1,1,0
"E00156212",5,4,1
"E00156213",6,3,3
"E00156214",5,2,3
"E00156215",7,1,6
"E00156216",2,1,1
"E00156217",1,1,0
"E00156218",0,0,0
"E00156219",2,1,1
"E00156220",0,0,0
"E00156221",3,1,2
"E00156222",2,1,1
"E00156223",6,3,3
"E00156224",5,3,2
"E00156225",4,2,2
"E00156226",2,2,0
"E00156227",3,1,2
"E00156228",3,1,2
"E00156229",2,1,1
"E00156230",0,0,0
"E00156231",7,2,5
"E00156232",8,5,3
"E00156233",12,4,8
"E00156234",10,7,3
"E00156235",11,5,6
"E00156236",3,1,2
"E00156237",8,4,4
"E00156238",4,3,1
"E00156239",9,4,5
"E00156240",6,3,3
"E00156241",0,0,0
"E00156242",9,4,5
"E00156243",5,0,5
"E00156244",7,2,5
"E00156245",7,5,2
"E00156246",3,1,2
"E00156247",10,1,9
"E00156248",5,4,1
"E00156249",10,4,6
"E00156250",22,11,11
"E00156251",17,10,7
"E00156252",11,3,8
"E00156253",3,2,1
"E00156254",13,8,5
"E00156255",2,1,1
"E00156256",2,1,1
"E00156257",5,4,1
"E00156258",0,0,0
"E00156259",0,0,0
"E00156260",18,11,7
"E00156261",6,3,3
"E00156262",4,3,1
"E00156263",8,5,3
"E00156264",7,2,5
"E00156265",2,1,1
"E00156266",3,2,1
"E00156267",4,2,2
"E00156268",0,0,0
"E00156269",0,0,0
"E00156270",3,0,3
"E00156271",2,1,1
"E00156272",0,0,0
"E00156273",4,1,3
"E00156274",4,2,2
"E00156275",3,2,1
"E00156276",2,1,1
"E00156277",2,1,1
"E00156278",11,3,8
"E00156279",6,2,4
"E00156280",9,5,4
"E00156281",4,2,2
"E00156282",0,0,0
"E00156283",5,2,3
"E00156284",1,0,1
"E00156285",6,3,3
"E00156286",2,0,2
"E00156287",0,0,0
"E00156288",3,0,3
"E00156289",5,2,3
"E00156290",3,1,2
"E00156291",3,3,0
"E00156292",1,0,1
"E00156293",3,1,2
"E00156294",2,0,2
"E00156295",5,3,2
"E00156296",0,0,0
"E00156297",6,1,5
"E00156298",2,1,1
"E00156299",8,6,2
"E00156300",1,0,1
"E00156301",1,0,1
"E00156302",3,1,2
"E00156303",3,2,1
"E00156304",8,3,5
"E00156305",0,0,0
"E00156306",0,0,0
"E00156307",5,2,3
"E00156308",5,2,3
"E00156309",9,3,6
"E00156310",4,3,1
"E00156311",4,1,3
"E00156312",7,4,3
"E00156313",2,0,2
"E00156314",3,2,1
"E00156315",4,2,2
"E00156316",2,2,0
"E00156317",3,3,0
"E00156318",2,1,1
"E00156319",0,0,0
"E00156320",0,0,0
"E00156321",2,1,1
"E00156322",4,2,2
"E00156323",4,2,2
"E00156324",4,2,2
"E00156326",7,2,5
"E00156327",11,7,4
"E00156328",2,1,1
"E00156329",2,1,1
"E00156330",4,3,1
"E00156331",2,1,1
"E00156332",1,1,0
"E00156333",2,2,0
"E00156335",1,0,1
"E00156337",2,0,2
"E00156338",0,0,0
"E00156339",2,1,1
"E00156340",0,0,0
"E00156341",4,0,4
"E00156342",0,0,0
"E00156343",0,0,0
"E00156344",5,3,2
"E00156345",4,2,2
"E00156346",3,2,1
"E00156347",2,1,1
"E00156349",3,2,1
"E00156350",1,1,0
"E00156351",6,2,4
"E00156352",5,5,0
"E00156353",1,0,1
"E00156354",0,0,0
"E00156355",6,3,3
"E00156356",2,1,1
"E00156357",4,2,2
"E00156358",8,4,4
"E00156359",5,2,3
"E00156360",2,2,0
"E00156361",3,0,3
"E00156362",8,5,3
"E00156363",3,0,3
"E00156364",7,3,4
"E00156365",6,4,2
"E00156366",1,1,0
"E00156367",12,6,6
"E00156368",5,5,0
"E00156369",0,0,0
"E00156370",0,0,0
"E00156371",2,2,0
"E00156372",2,2,0
"E00156373",3,3,0
"E00156374",2,0,2
"E00156375",3,2,1
"E00156376",10,6,4
"E00156377",3,1,2
"E00156378",1,0,1
"E00156379",12,5,7
"E00156380",3,2,1
"E00156381",4,0,4
"E00156382",6,1,5
"E00156383",0,0,0
"E00156384",2,2,0
"E00156385",1,0,1
"E00156386",2,1,1
"E00156387",4,2,2
"E00156388",4,1,3
"E00156389",3,0,3
"E00156390",3,0,3
"E00156391",1,1,0
"E00156392",4,2,2
"E00156393",3,1,2
"E00156394",5,3,2
"E00156395",2,2,0
"E00156396",1,1,0
"E00156397",5,3,2
"E00156398",2,1,1
"E00156399",1,1,0
"E00156400",7,4,3
"E00156401",6,1,5
"E00156402",0,0,0
"E00156403",2,1,1
"E00156404",2,2,0
"E00156405",4,1,3
"E00156407",2,1,1
"E00156408",0,0,0
"E00156409",4,2,2
"E00156410",1,0,1
"E00156411",11,4,7
"E00156412",1,0,1
"E00156413",1,1,0
"E00156414",3,2,1
"E00156415",3,2,1
"E00156416",0,0,0
"E00156417",5,2,3
"E00156418",9,6,3
"E00156419",5,3,2
"E00156420",2,0,2
"E00156421",12,4,8
"E00156422",3,1,2
"E00156423",56,22,34
"E00156424",4,1,3
"E00156425",6,2,4
"E00156426",7,3,4
"E00156427",14,12,2
"E00156429",19,8,11
"E00156430",10,6,4
"E00156431",1,1,0
"E00156432",7,3,4
"E00156433",0,0,0
"E00156434",3,1,2
"E00156435",1,1,0
"E00156436",1,0,1
"E00156437",2,0,2
"E00156438",23,15,8
"E00156439",4,3,1
"E00156440",16,11,5
"E00156441",3,3,0
"E00156442",8,3,5
"E00156443",4,2,2
"E00156444",0,0,0
"E00156445",4,4,0
"E00156446",8,4,4
"E00156447",3,1,2
"E00156448",7,4,3
"E00156449",3,2,1
"E00156450",7,4,3
"E00156451",5,3,2
"E00156452",7,4,3
"E00156453",0,0,0
"E00156454",15,11,4
"E00156455",6,5,1
"E00156456",6,5,1
"E00156457",5,1,4
"E00156458",9,4,5
"E00156459",3,2,1
"E00156462",1,0,1
"E00156463",5,2,3
"E00156464",0,0,0
"E00156465",2,1,1
"E00156466",8,4,4
"E00156467",1,0,1
"E00156468",1,1,0
"E00156469",2,0,2
"E00156470",6,4,2
"E00156471",7,3,4
"E00156472",3,2,1
"E00156473",1,1,0
"E00156474",10,4,6
"E00156475",8,2,6
"E00156476",4,2,2
"E00156477",6,2,4
"E00156478",14,7,7
"E00156479",7,3,4
"E00156480",3,1,2
"E00156481",4,1,3
"E00156482",1,0,1
"E00156483",2,1,1
"E00156484",3,2,1
"E00156485",10,4,6
"E00156486",10,5,5
"E00156487",7,2,5
"E00156488",1,1,0
"E00156489",5,1,4
"E00156490",4,3,1
"E00156491",4,2,2
"E00156492",13,8,5
"E00156493",6,2,4
"E00156494",5,2,3
"E00156495",2,0,2
"E00156496",0,0,0
"E00156497",3,3,0
"E00156498",4,1,3
"E00156499",3,1,2
"E00156500",8,5,3
"E00156501",7,5,2
"E00156502",6,2,4
"E00156503",21,12,9
"E00156504",9,6,3
"E00156505",8,5,3
"E00156506",7,2,5
"E00156507",9,4,5
"E00156508",11,6,5
"E00156509",11,1,10
"E00156510",12,10,2
"E00156511",14,11,3
"E00156512",9,1,8
"E00156513",9,2,7
"E00156514",12,6,6
"E00156515",8,5,3
"E00156516",14,8,6
"E00156517",4,3,1
"E00156518",6,4,2
"E00156519",8,6,2
"E00156520",8,4,4
"E00156521",11,6,5
"E00156522",14,9,5
"E00156523",10,5,5
"E00156524",4,1,3
"E00156525",13,6,7
"E00156526",9,5,4
"E00156527",4,1,3
"E00156528",8,3,5
"E00156529",4,2,2
"E00156530",4,2,2
"E00156531",0,0,0
"E00156532",4,2,2
"E00156533",5,4,1
"E00156534",8,7,1
"E00156535",4,2,2
"E00156536",0,0,0
"E00156537",2,1,1
"E00156538",3,1,2
"E00156539",2,1,1
"E00156540",3,1,2
"E00156541",5,4,1
"E00156542",4,2,2
"E00156543",0,0,0
"E00156544",1,0,1
"E00156545",1,0,1
"E00156546",4,2,2
"E00156547",4,2,2
"E00156548",0,0,0
"E00156549",0,0,0
"E00156550",3,1,2
"E00156551",6,3,3
"E00156552",2,0,2
"E00156553",1,0,1
"E00156554",3,0,3
"E00156555",4,2,2
"E00156556",6,5,1
"E00156557",0,0,0
"E00156558",4,3,1
"E00156559",3,2,1
"E00156560",7,1,6
"E00156561",3,3,0
"E00156562",2,0,2
"E00156563",3,1,2
"E00156564",3,2,1
"E00156565",1,1,0
"E00156566",1,0,1
"E00156567",1,1,0
"E00156568",5,3,2
"E00156569",0,0,0
"E00156570",4,2,2
"E00156571",2,0,2
"E00156572",3,0,3
"E00156573",1,1,0
"E00156574",1,1,0
"E00156575",4,2,2
"E00156576",4,2,2
"E00156577",3,2,1
"E00156578",9,4,5
"E00156579",5,2,3
"E00156580",1,1,0
"E00156581",3,2,1
"E00156582",4,2,2
"E00156583",4,2,2
"E00156584",3,3,0
"E00156585",7,3,4
"E00156586",1,0,1
"E00156587",3,2,1
"E00156588",6,0,6
"E00156589",5,4,1
"E00156590",7,5,2
"E00156591",1,0,1
"E00156592",3,0,3
"E00156594",0,0,0
"E00156595",1,1,0
"E00156596",2,1,1
"E00156597",0,0,0
"E00156598",1,1,0
"E00156599",1,1,0
"E00156600",2,2,0
"E00156601",1,0,1
"E00156602",1,1,0
"E00156603",0,0,0
"E00156604",4,2,2
"E00156605",6,2,4
"E00156606",1,1,0
"E00156607",1,1,0
"E00156608",2,1,1
"E00156609",1,0,1
"E00156610",2,1,1
"E00156611",0,0,0
"E00156612",2,2,0
"E00156613",4,0,4
"E00156614",6,3,3
"E00156615",3,3,0
"E00156616",3,2,1
"E00156617",9,6,3
"E00156618",6,3,3
"E00156619",2,0,2
"E00156620",8,2,6
"E00156621",2,1,1
"E00156622",5,3,2
"E00156623",1,1,0
"E00156624",5,1,4
"E00156625",5,3,2
"E00156626",0,0,0
"E00156627",6,5,1
"E00156628",7,6,1
"E00156629",5,2,3
"E00156630",5,2,3
"E00156631",5,1,4
"E00156632",3,1,2
"E00156633",3,2,1
"E00156634",5,2,3
"E00156635",0,0,0
"E00156636",6,2,4
"E00156637",4,3,1
"E00156638",5,3,2
"E00156639",10,4,6
"E00156640",0,0,0
"E00156641",9,4,5
"E00156642",6,0,6
"E00156643",2,1,1
"E00156644",5,2,3
"E00156645",2,2,0
"E00156646",0,0,0
"E00156647",3,0,3
"E00156648",4,3,1
"E00156649",4,2,2
"E00156650",4,3,1
"E00156651",2,1,1
"E00156652",0,0,0
"E00156653",5,3,2
"E00156654",1,1,0
"E00156655",6,6,0
"E00156656",1,0,1
"E00156657",6,3,3
"E00156658",5,3,2
"E00156659",1,0,1
"E00156660",4,3,1
"E00156661",8,6,2
"E00156662",0,0,0
"E00156663",4,3,1
"E00156664",4,2,2
"E00156665",0,0,0
"E00156666",4,1,3
"E00156667",0,0,0
"E00156668",6,2,4
"E00156669",2,1,1
"E00156670",1,0,1
"E00156672",2,2,0
"E00156673",1,0,1
"E00156674",3,0,3
"E00156675",3,3,0
"E00156676",0,0,0
"E00156677",1,1,0
"E00156678",6,3,3
"E00156679",2,1,1
"E00156680",8,5,3
"E00156681",0,0,0
"E00156682",5,2,3
"E00156683",5,4,1
"E00156684",4,2,2
"E00156685",2,1,1
"E00156686",7,3,4
"E00156687",4,2,2
"E00156688",5,0,5
"E00156689",5,3,2
"E00156690",8,6,2
"E00156691",1,0,1
"E00156692",6,3,3
"E00156693",2,2,0
"E00156694",2,0,2
"E00156695",5,2,3
"E00156696",2,1,1
"E00156697",6,4,2
"E00156698",7,6,1
"E00156699",3,2,1
"E00156700",1,0,1
"E00156701",3,1,2
"E00156702",4,1,3
"E00156703",3,1,2
"E00156704",1,1,0
"E00156705",9,3,6
"E00156706",10,5,5
"E00156707",0,0,0
"E00156708",0,0,0
"E00156709",3,2,1
"E00156710",0,0,0
"E00156711",8,4,4
"E00156712",2,1,1
"E00156713",10,5,5
"E00156714",7,4,3
"E00156715",6,3,3
"E00156716",6,2,4
"E00156717",6,3,3
"E00156718",5,4,1
"E00156719",1,1,0
"E00156720",2,1,1
"E00156721",1,0,1
"E00156722",9,5,4
"E00156723",2,1,1
"E00156724",5,3,2
"E00156725",4,3,1
"E00156726",9,3,6
"E00156727",0,0,0
"E00156728",1,1,0
"E00156729",2,1,1
"E00156730",5,2,3
"E00156731",0,0,0
"E00156732",2,0,2
"E00156733",4,2,2
"E00156734",0,0,0
"E00156735",3,2,1
"E00156736",2,1,1
"E00156737",5,3,2
"E00156738",0,0,0
"E00156739",0,0,0
"E00156740",3,3,0
"E00156741",2,0,2
"E00156742",4,4,0
"E00156743",0,0,0
"E00156744",2,1,1
"E00156745",4,3,1
"E00156746",0,0,0
"E00156747",14,11,3
"E00156748",4,2,2
"E00156749",4,2,2
"E00156750",2,1,1
"E00156751",2,0,2
"E00156752",0,0,0
"E00156753",6,2,4
"E00156754",1,1,0
"E00156755",3,1,2
"E00156756",4,2,2
"E00156757",1,0,1
"E00156758",3,3,0
"E00156759",1,0,1
"E00156760",0,0,0
"E00156761",1,1,0
"E00156762",4,4,0
"E00156763",0,0,0
"E00156764",3,1,2
"E00156765",5,2,3
"E00156766",1,0,1
"E00156767",4,3,1
"E00156768",3,2,1
"E00156769",3,1,2
"E00156770",1,0,1
"E00156771",2,1,1
"E00156772",4,3,1
"E00156773",2,1,1
"E00156774",1,1,0
"E00156775",4,0,4
"E00156776",0,0,0
"E00156777",5,2,3
"E00156778",1,0,1
"E00156779",3,1,2
"E00156780",1,1,0
"E00156781",4,2,2
"E00156782",5,2,3
"E00156783",0,0,0
"E00156784",0,0,0
"E00156785",6,4,2
"E00156786",0,0,0
"E00156787",3,2,1
"E00156788",4,2,2
"E00156789",0,0,0
"E00156790",0,0,0
"E00156791",5,3,2
"E00156792",1,0,1
"E00156793",1,0,1
"E00156794",2,0,2
"E00156795",0,0,0
"E00156796",6,3,3
"E00156797",3,0,3
"E00156798",0,0,0
"E00156799",1,1,0
"E00156800",2,1,1
"E00156801",3,0,3
"E00156802",0,0,0
"E00156803",1,0,1
"E00156804",0,0,0
"E00156805",0,0,0
"E00156806",2,2,0
"E00156807",0,0,0
"E00156808",5,3,2
"E00156809",3,1,2
"E00156810",6,2,4
"E00156811",3,2,1
"E00156812",2,2,0
"E00156813",2,2,0
"E00156814",7,2,5
"E00156815",1,1,0
"E00156816",5,3,2
"E00156817",5,1,4
"E00156818",0,0,0
"E00156819",2,1,1
"E00156820",4,2,2
"E00156821",0,0,0
"E00156822",4,3,1
"E00156823",2,1,1
"E00156824",8,5,3
"E00156825",0,0,0
"E00156826",5,2,3
"E00156827",5,1,4
"E00156828",7,3,4
"E00156829",7,5,2
"E00156830",8,6,2
"E00156831",3,1,2
"E00156832",6,3,3
"E00156833",1,0,1
"E00156834",3,3,0
"E00156835",9,4,5
"E00156836",4,3,1
"E00156837",2,2,0
"E00156838",8,4,4
"E00156839",2,1,1
"E00156840",17,8,9
"E00156841",2,1,1
"E00156842",3,2,1
"E00156843",3,1,2
"E00156844",3,2,1
"E00156845",11,6,5
"E00156846",8,4,4
"E00156847",5,1,4
"E00156848",6,4,2
"E00156849",7,1,6
"E00156850",4,1,3
"E00156851",8,4,4
"E00156852",1,0,1
"E00156853",2,1,1
"E00156854",3,2,1
"E00156855",3,3,0
"E00156856",12,9,3
"E00156857",8,2,6
"E00156858",6,4,2
"E00156859",5,4,1
"E00156860",4,4,0
"E00156861",6,4,2
"E00156862",7,4,3
"E00156863",0,0,0
"E00156864",1,0,1
"E00156865",6,2,4
"E00156866",0,0,0
"E00156867",4,3,1
"E00156868",6,2,4
"E00156869",12,3,9
"E00156870",2,1,1
"E00156871",4,2,2
"E00156872",6,3,3
"E00156874",9,5,4
"E00156875",4,1,3
"E00156876",13,6,7
"E00156877",7,3,4
"E00156878",4,2,2
"E00156879",6,4,2
"E00156880",5,3,2
"E00156881",16,8,8
"E00156882",1,0,1
"E00156883",8,6,2
"E00156884",12,5,7
"E00156885",10,6,4
"E00156886",12,9,3
"E00156887",6,5,1
"E00156888",8,3,5
"E00156889",0,0,0
"E00156890",3,2,1
"E00156891",6,3,3
"E00156892",2,1,1
"E00156893",5,2,3
"E00156894",4,1,3
"E00156895",7,4,3
"E00156896",8,4,4
"E00156897",7,1,6
"E00156898",10,7,3
"E00156899",11,8,3
"E00156900",4,2,2
"E00156901",0,0,0
"E00156902",2,0,2
"E00156903",2,1,1
"E00156904",1,0,1
"E00156905",4,3,1
"E00156906",1,1,0
"E00156907",4,2,2
"E00156908",5,3,2
"E00156909",17,11,6
"E00156910",5,2,3
"E00156911",10,7,3
"E00156912",6,3,3
"E00156913",8,5,3
"E00156914",3,2,1
"E00156915",0,0,0
"E00156916",2,0,2
"E00156917",7,4,3
"E00156918",2,1,1
"E00156919",5,3,2
"E00156920",7,4,3
"E00156921",2,2,0
"E00156922",8,2,6
"E00156923",2,2,0
"E00156924",19,10,9
"E00156925",5,0,5
"E00156926",13,8,5
"E00156927",7,5,2
"E00156928",12,5,7
"E00156929",12,6,6
"E00156930",12,5,7
"E00156931",7,3,4
"E00156932",9,5,4
"E00156933",5,3,2
"E00156934",16,8,8
"E00156935",8,7,1
"E00156936",11,4,7
"E00156937",7,6,1
"E00156938",13,6,7
"E00156939",9,2,7
"E00156940",7,5,2
"E00156941",0,0,0
"E00156942",3,3,0
"E00156943",8,3,5
"E00156944",7,3,4
"E00156945",7,5,2
"E00156946",9,7,2
"E00156947",6,5,1
"E00156948",2,1,1
"E00156949",6,3,3
"E00156950",11,9,2
"E00156951",4,3,1
"E00156952",5,2,3
"E00156953",6,3,3
"E00156954",4,3,1
"E00156955",5,1,4
"E00156956",7,4,3
"E00156957",18,10,8
"E00156958",12,9,3
"E00156959",16,9,7
"E00156960",10,4,6
"E00156961",1,0,1
"E00156962",2,1,1
"E00156963",6,3,3
"E00156964",6,5,1
"E00156965",8,6,2
"E00156966",0,0,0
"E00156967",3,2,1
"E00156968",4,3,1
"E00156970",12,6,6
"E00156971",7,4,3
"E00156972",6,3,3
"E00156973",4,2,2
"E00156974",2,0,2
"E00156975",4,3,1
"E00156976",2,0,2
"E00156977",0,0,0
"E00156978",3,1,2
"E00156979",6,4,2
"E00156980",4,2,2
"E00156981",2,1,1
"E00156982",5,2,3
"E00156983",6,3,3
"E00156984",3,3,0
"E00156985",7,4,3
"E00156986",17,8,9
"E00156987",1,0,1
"E00156988",3,2,1
"E00156989",5,2,3
"E00156990",8,5,3
"E00156991",1,0,1
"E00156992",1,0,1
"E00156993",2,1,1
"E00156994",2,1,1
"E00156995",4,3,1
"E00156996",3,1,2
"E00156997",4,1,3
"E00156998",3,2,1
"E00156999",0,0,0
"E00157000",14,9,5
"E00157001",5,3,2
"E00157002",6,3,3
"E00157003",13,3,10
"E00157004",10,6,4
"E00157005",9,4,5
"E00157006",6,1,5
"E00157007",0,0,0
"E00157008",7,1,6
"E00157009",4,3,1
"E00157010",4,2,2
"E00157011",4,1,3
"E00157012",9,2,7
"E00157013",6,4,2
"E00157014",11,8,3
"E00157015",10,5,5
"E00157016",10,8,2
"E00157017",9,5,4
"E00157018",4,2,2
"E00157019",18,10,8
"E00157020",2,2,0
"E00157021",6,4,2
"E00157022",3,2,1
"E00157023",6,2,4
"E00157024",2,1,1
"E00157025",3,2,1
"E00157026",5,2,3
"E00157027",2,1,1
"E00157028",1,0,1
"E00157029",4,4,0
"E00157031",2,2,0
"E00157032",7,3,4
"E00157033",15,8,7
"E00157034",5,1,4
"E00157035",5,1,4
"E00157036",8,5,3
"E00157037",12,7,5
"E00157038",9,6,3
"E00157039",12,4,8
"E00157040",13,6,7
"E00157041",12,7,5
"E00157042",12,6,6
"E00157043",11,8,3
"E00157044",7,3,4
"E00157045",10,5,5
"E00157046",9,6,3
"E00157047",5,3,2
"E00157048",11,3,8
"E00157049",9,2,7
"E00157050",0,0,0
"E00157051",3,2,1
"E00157053",10,5,5
"E00157054",7,4,3
"E00157055",6,0,6
"E00157056",1,0,1
"E00157057",4,2,2
"E00157058",5,1,4
"E00157059",18,11,7
"E00157061",11,3,8
"E00157062",3,1,2
"E00157063",1,1,0
"E00157064",9,6,3
"E00157065",8,3,5
"E00157066",10,4,6
"E00157067",8,6,2
"E00157068",3,3,0
"E00157069",8,6,2
"E00157070",2,2,0
"E00157071",7,2,5
"E00157072",1,0,1
"E00157073",4,3,1
"E00157074",3,0,3
"E00157075",1,1,0
"E00157076",4,1,3
"E00157077",7,5,2
"E00157078",16,11,5
"E00157079",8,6,2
"E00157080",14,7,7
"E00157081",5,2,3
"E00157082",11,6,5
"E00157083",3,1,2
"E00157084",4,0,4
"E00157085",13,9,4
"E00157086",9,2,7
"E00157087",0,0,0
"E00157088",4,2,2
"E00157089",6,5,1
"E00157090",16,13,3
"E00157091",18,12,6
"E00157092",8,3,5
"E00157093",10,6,4
"E00157094",12,7,5
"E00157095",9,5,4
"E00157096",14,6,8
"E00157097",11,6,5
"E00157098",11,3,8
"E00157099",4,1,3
"E00157100",7,4,3
"E00157101",10,8,2
"E00157102",5,1,4
"E00157103",17,10,7
"E00157104",14,6,8
"E00157105",2,1,1
"E00157106",0,0,0
"E00157107",6,4,2
"E00157108",5,4,1
"E00157109",8,3,5
"E00157110",4,2,2
"E00157111",14,10,4
"E00157112",11,6,5
"E00157113",12,6,6
"E00157114",4,1,3
"E00157115",4,2,2
"E00157116",7,4,3
"E00157117",5,3,2
"E00157118",0,0,0
"E00157119",5,4,1
"E00157120",4,4,0
"E00157121",2,1,1
"E00157122",15,8,7
"E00157123",2,2,0
"E00157124",2,1,1
"E00157125",4,1,3
"E00157126",1,1,0
"E00157127",3,2,1
"E00157128",4,1,3
"E00157129",0,0,0
"E00157130",3,2,1
"E00157131",2,1,1
"E00157132",6,3,3
"E00157133",5,2,3
"E00157134",10,7,3
"E00157135",2,1,1
"E00157136",7,2,5
"E00157137",2,0,2
"E00157138",2,1,1
"E00157139",4,2,2
"E00157140",5,0,5
"E00157141",1,1,0
"E00157142",12,8,4
"E00157143",6,3,3
"E00157144",6,2,4
"E00157145",6,3,3
"E00157146",5,2,3
"E00157147",12,6,6
"E00157148",14,9,5
"E00157149",15,5,10
"E00157150",3,3,0
"E00157151",5,4,1
"E00157152",15,8,7
"E00157153",12,5,7
"E00157154",7,4,3
"E00157155",6,2,4
"E00157156",6,2,4
"E00157157",3,2,1
"E00157158",4,2,2
"E00157159",9,4,5
"E00157160",7,5,2
"E00157161",9,3,6
"E00157162",10,3,7
"E00157163",15,7,8
"E00157164",6,2,4
"E00157165",5,3,2
"E00157166",6,4,2
"E00157167",1,0,1
"E00157168",1,0,1
"E00157169",2,0,2
"E00157170",3,1,2
"E00157171",1,1,0
"E00157172",5,3,2
"E00157173",1,1,0
"E00157174",7,4,3
"E00157175",11,5,6
"E00157176",2,1,1
"E00157177",0,0,0
"E00157178",3,0,3
"E00157179",7,2,5
"E00157180",6,2,4
"E00157181",6,4,2
"E00157182",7,3,4
"E00157183",3,2,1
"E00157184",3,2,1
"E00157185",3,2,1
"E00157186",0,0,0
"E00157187",4,3,1
"E00157188",1,0,1
"E00157189",5,2,3
"E00157190",10,3,7
"E00157191",8,4,4
"E00157192",11,7,4
"E00157193",4,3,1
"E00157194",5,2,3
"E00157195",6,2,4
"E00157196",4,0,4
"E00157197",2,2,0
"E00157198",11,5,6
"E00157199",12,4,8
"E00157200",6,2,4
"E00157201",17,9,8
"E00157202",11,6,5
"E00157203",5,3,2
"E00157204",7,3,4
"E00157205",14,7,7
"E00157206",11,5,6
"E00157207",30,3,27
"E00157208",18,11,7
"E00157209",10,7,3
"E00157210",13,7,6
"E00157211",6,2,4
"E00157212",11,8,3
"E00157213",7,1,6
"E00157214",5,2,3
"E00157215",13,8,5
"E00157216",7,4,3
"E00157217",2,0,2
"E00157218",1,0,1
"E00157219",4,2,2
"E00157220",0,0,0
"E00157221",5,3,2
"E00157222",7,4,3
"E00157223",1,1,0
"E00157224",7,4,3
"E00157225",1,0,1
"E00157226",9,6,3
"E00157227",13,6,7
"E00157228",4,2,2
"E00157229",5,2,3
"E00157230",7,3,4
"E00157232",9,5,4
"E00157233",4,3,1
"E00157234",6,2,4
"E00157235",3,3,0
"E00157236",12,6,6
"E00157237",2,1,1
"E00157238",8,3,5
"E00157239",11,6,5
"E00157240",5,3,2
"E00157241",6,3,3
"E00157242",10,2,8
"E00157244",11,2,9
"E00157245",6,4,2
"E00157247",7,3,4
"E00157248",3,1,2
"E00157249",4,2,2
"E00157250",3,1,2
"E00157251",6,2,4
"E00157252",18,10,8
"E00157253",25,16,9
"E00157254",13,5,8
"E00157255",1,0,1
"E00157256",6,3,3
"E00157257",0,0,0
"E00157258",1,0,1
"E00157259",3,1,2
"E00157260",2,1,1
"E00157261",0,0,0
"E00157262",3,2,1
"E00157263",7,4,3
"E00157264",4,2,2
"E00157265",35,32,3
"E00157266",4,2,2
"E00157267",3,3,0
"E00157268",1,1,0
"E00157270",12,4,8
"E00157271",6,2,4
"E00157272",8,5,3
"E00157273",4,2,2
"E00157274",2,0,2
"E00157275",1,1,0
"E00157276",18,12,6
"E00157277",5,2,3
"E00157278",5,2,3
"E00157279",12,6,6
"E00157280",14,9,5
"E00157281",1,0,1
"E00157282",7,5,2
"E00157283",8,6,2
"E00157284",3,1,2
"E00157285",2,1,1
"E00157286",4,0,4
"E00157287",2,0,2
"E00157288",3,3,0
"E00157289",12,7,5
"E00157290",6,0,6
"E00157291",6,3,3
"E00157293",10,5,5
"E00157294",0,0,0
"E00157295",5,2,3
"E00157296",4,2,2
"E00157297",7,6,1
"E00157298",8,4,4
"E00157299",6,3,3
"E00157300",11,5,6
"E00157301",1,1,0
"E00157302",2,1,1
"E00157303",3,2,1
"E00157304",3,2,1
"E00157305",2,1,1
"E00157306",4,1,3
"E00157308",4,1,3
"E00157309",4,4,0
"E00157310",9,6,3
"E00157311",10,5,5
"E00157312",1,1,0
"E00157313",0,0,0
"E00157314",1,1,0
"E00157315",11,3,8
"E00157316",2,2,0
"E00157317",0,0,0
"E00157318",9,6,3
"E00157319",6,3,3
"E00157320",6,4,2
"E00157321",1,1,0
"E00157322",7,5,2
"E00157323",6,5,1
"E00157324",10,4,6
"E00157325",7,1,6
"E00157326",6,2,4
"E00157327",3,1,2
"E00157328",5,3,2
"E00157329",8,3,5
"E00157330",17,11,6
"E00157331",2,0,2
"E00157332",12,4,8
"E00157333",9,2,7
"E00157334",5,3,2
"E00157335",4,1,3
"E00157336",1,0,1
"E00157337",0,0,0
"E00157338",1,0,1
"E00157339",8,4,4
"E00157340",3,0,3
"E00157341",2,1,1
"E00157343",1,1,0
"E00157344",3,1,2
"E00157345",3,2,1
"E00157346",0,0,0
"E00157347",1,1,0
"E00157348",2,0,2
"E00157349",1,1,0
"E00157350",0,0,0
"E00157352",3,0,3
"E00157353",1,1,0
"E00157354",0,0,0
"E00157355",2,0,2
"E00157356",5,2,3
"E00157357",10,8,2
"E00157358",12,8,4
"E00157359",18,5,13
"E00157360",10,9,1
"E00157361",13,6,7
"E00157362",9,5,4
"E00157363",12,5,7
"E00157364",2,0,2
"E00157365",5,2,3
"E00157366",6,3,3
"E00157367",6,3,3
"E00157368",0,0,0
"E00157369",12,7,5
"E00157370",7,2,5
"E00157371",7,0,7
"E00157372",15,9,6
"E00157373",5,1,4
"E00157374",9,2,7
"E00157375",23,11,12
"E00157376",9,4,5
"E00157377",29,12,17
"E00157378",1,0,1
"E00157379",12,8,4
"E00157380",7,5,2
"E00157381",4,4,0
"E00157382",20,10,10
"E00157383",14,6,8
"E00157384",5,3,2
"E00157385",12,7,5
"E00157386",12,3,9
"E00157387",1,0,1
"E00157388",14,11,3
"E00157389",26,18,8
"E00157390",12,7,5
"E00157391",11,5,6
"E00157392",3,2,1
"E00157393",10,7,3
"E00157394",11,6,5
"E00157395",15,11,4
"E00157396",24,16,8
"E00157397",12,4,8
"E00157398",17,7,10
"E00157399",11,4,7
"E00157400",2,1,1
"E00157401",23,13,10
"E00157402",7,3,4
"E00157403",11,5,6
"E00157404",5,4,1
"E00157405",3,0,3
"E00157406",16,10,6
"E00157407",9,5,4
"E00157408",6,2,4
"E00157409",2,1,1
"E00157410",8,5,3
"E00157411",3,1,2
"E00157412",0,0,0
"E00157413",0,0,0
"E00157414",5,1,4
"E00157415",3,2,1
"E00157416",16,8,8
"E00157417",0,0,0
"E00157418",6,3,3
"E00157419",4,1,3
"E00157420",8,2,6
"E00157421",11,9,2
"E00157422",5,3,2
"E00157423",7,4,3
"E00157424",16,7,9
"E00157425",4,1,3
"E00157426",13,5,8
"E00157428",2,1,1
"E00157429",5,2,3
"E00157430",6,5,1
"E00157431",5,3,2
"E00157432",7,4,3
"E00157433",3,1,2
"E00157434",5,2,3
"E00157435",3,3,0
"E00157436",6,2,4
"E00157437",11,5,6
"E00157438",9,7,2
"E00157439",4,3,1
"E00157440",3,1,2
"E00157441",1,0,1
"E00157442",8,5,3
"E00157443",10,3,7
"E00157444",13,9,4
"E00157445",11,5,6
"E00157446",9,4,5
"E00157447",16,12,4
"E00157448",16,10,6
"E00157449",9,6,3
"E00157450",8,7,1
"E00157451",16,12,4
"E00157452",13,5,8
"E00157453",8,3,5
"E00157454",15,6,9
"E00157455",5,2,3
"E00157456",8,2,6
"E00157457",2,1,1
"E00157458",12,7,5
"E00157459",14,4,10
"E00157460",12,6,6
"E00157461",14,10,4
"E00157462",15,6,9
"E00157463",3,2,1
"E00157464",11,8,3
"E00157465",14,8,6
"E00157466",12,5,7
"E00157467",8,5,3
"E00157468",12,6,6
"E00157469",17,9,8
"E00157470",6,3,3
"E00157471",5,1,4
"E00157472",14,5,9
"E00157473",4,2,2
"E00157474",0,0,0
"E00157475",1,1,0
"E00157476",4,1,3
"E00157477",18,13,5
"E00157478",1,1,0
"E00157479",13,4,9
"E00157480",2,1,1
"E00157481",8,5,3
"E00157482",1,0,1
"E00157483",5,3,2
"E00157484",7,3,4
"E00157485",8,4,4
"E00157486",7,2,5
"E00157487",15,6,9
"E00157488",2,1,1
"E00157489",3,3,0
"E00157490",7,5,2
"E00157491",1,0,1
"E00157492",2,1,1
"E00157493",3,0,3
"E00157494",9,5,4
"E00157495",12,7,5
"E00157496",8,6,2
"E00157497",4,1,3
"E00157498",11,3,8
"E00157499",0,0,0
"E00157500",11,7,4
"E00157501",3,3,0
"E00157502",4,2,2
"E00157503",2,1,1
"E00157504",4,2,2
"E00157505",3,1,2
"E00157506",4,4,0
"E00157507",2,2,0
"E00157508",2,1,1
"E00157509",4,2,2
"E00157510",11,7,4
"E00157511",0,0,0
"E00157512",18,11,7
"E00157513",19,14,5
"E00157514",15,6,9
"E00157515",15,5,10
"E00157516",5,0,5
"E00157517",10,6,4
"E00157518",7,4,3
"E00157519",1,1,0
"E00157520",9,2,7
"E00157521",3,2,1
"E00157522",5,1,4
"E00157523",8,7,1
"E00157524",8,2,6
"E00157525",4,2,2
"E00157526",3,2,1
"E00157527",1,1,0
"E00157528",4,3,1
"E00157529",7,5,2
"E00157530",6,2,4
"E00157531",2,0,2
"E00157532",9,3,6
"E00157533",11,7,4
"E00157534",10,3,7
"E00157535",11,6,5
"E00157536",15,7,8
"E00157537",11,4,7
"E00157538",6,5,1
"E00157539",14,7,7
"E00157540",7,2,5
"E00157541",5,0,5
"E00157542",7,4,3
"E00157543",3,1,2
"E00157544",8,4,4
"E00157545",7,3,4
"E00157546",10,7,3
"E00157547",6,5,1
"E00157548",7,2,5
"E00157549",3,1,2
"E00157550",1,0,1
"E00157551",3,1,2
"E00157552",11,7,4
"E00157553",1,0,1
"E00157554",5,1,4
"E00157555",6,2,4
"E00157556",2,1,1
"E00157557",0,0,0
"E00157558",3,2,1
"E00157559",2,2,0
"E00157560",8,3,5
"E00157561",4,2,2
"E00157562",3,2,1
"E00157563",4,1,3
"E00157564",3,2,1
"E00157565",4,3,1
"E00157566",0,0,0
"E00157567",8,5,3
"E00157568",2,1,1
"E00157569",4,3,1
"E00157570",7,2,5
"E00157571",4,2,2
"E00157572",5,1,4
"E00157573",5,4,1
"E00157574",7,4,3
"E00157575",8,5,3
"E00157576",14,4,10
"E00157577",7,5,2
"E00157578",13,7,6
"E00157579",6,2,4
"E00157582",22,13,9
"E00157583",7,5,2
"E00157584",15,6,9
"E00157585",8,5,3
"E00157586",8,5,3
"E00157587",16,10,6
"E00157588",24,12,12
"E00157589",8,5,3
"E00157590",10,4,6
"E00157591",14,7,7
"E00157592",19,10,9
"E00157593",0,0,0
"E00157594",4,3,1
"E00157595",2,0,2
"E00157596",3,1,2
"E00157597",1,0,1
"E00157598",1,1,0
"E00157599",3,1,2
"E00157600",2,1,1
"E00157601",4,4,0
"E00157602",6,4,2
"E00157603",0,0,0
"E00157604",4,1,3
"E00157605",12,7,5
"E00157606",3,2,1
"E00157607",4,2,2
"E00157608",6,3,3
"E00157609",5,3,2
"E00157610",2,2,0
"E00157611",5,3,2
"E00157612",5,3,2
"E00157613",1,0,1
"E00157614",1,0,1
"E00157615",10,7,3
"E00157616",4,2,2
"E00157617",7,3,4
"E00157618",3,2,1
"E00157619",2,1,1
"E00157620",4,2,2
"E00157621",6,3,3
"E00157622",2,1,1
"E00157623",13,6,7
"E00157625",2,1,1
"E00157626",5,3,2
"E00157627",8,6,2
"E00157628",8,5,3
"E00157629",4,4,0
"E00157630",12,6,6
"E00157631",3,1,2
"E00157632",3,2,1
"E00157633",1,1,0
"E00157634",3,1,2
"E00157635",3,2,1
"E00157636",3,2,1
"E00157637",0,0,0
"E00157638",9,4,5
"E00157639",0,0,0
"E00157640",2,2,0
"E00157641",1,0,1
"E00157642",8,2,6
"E00157643",4,1,3
"E00157644",5,4,1
"E00157645",3,1,2
"E00157646",0,0,0
"E00157647",4,2,2
"E00157648",4,4,0
"E00157649",10,5,5
"E00157650",18,11,7
"E00157651",14,6,8
"E00157652",13,9,4
"E00157653",20,10,10
"E00157654",21,13,8
"E00157655",22,17,5
"E00157656",13,6,7
"E00157657",20,11,9
"E00157658",13,7,6
"E00157659",6,2,4
"E00157660",18,10,8
"E00157661",12,8,4
"E00157662",5,1,4
"E00157663",15,6,9
"E00157664",2,0,2
"E00157665",14,9,5
"E00157666",2,1,1
"E00157667",4,4,0
"E00157668",5,4,1
"E00157669",5,2,3
"E00157670",6,2,4
"E00157671",3,1,2
"E00157672",7,5,2
"E00157673",10,4,6
"E00157674",7,3,4
"E00157675",13,6,7
"E00157676",2,1,1
"E00157677",4,1,3
"E00157678",5,3,2
"E00157679",6,2,4
"E00157680",6,4,2
"E00157681",3,0,3
"E00157682",29,20,9
"E00157683",9,7,2
"E00157684",7,3,4
"E00157685",4,3,1
"E00157686",15,10,5
"E00157687",0,0,0
"E00157689",4,1,3
"E00157690",1,0,1
"E00157691",12,2,10
"E00157692",11,5,6
"E00157693",12,6,6
"E00157694",6,4,2
"E00157695",13,6,7
"E00157696",18,11,7
"E00157697",6,5,1
"E00157698",4,2,2
"E00157699",13,7,6
"E00157700",3,1,2
"E00157702",3,2,1
"E00157703",11,7,4
"E00157704",4,2,2
"E00157705",4,3,1
"E00157706",5,2,3
"E00157707",11,6,5
"E00157708",9,7,2
"E00157709",6,4,2
"E00157710",5,2,3
"E00157711",11,6,5
"E00157712",3,1,2
"E00157714",15,8,7
"E00157715",7,5,2
"E00157716",11,5,6
"E00157717",5,3,2
"E00157718",0,0,0
"E00157719",13,8,5
"E00157720",3,0,3
"E00157721",0,0,0
"E00157722",5,2,3
"E00157723",4,2,2
"E00157724",4,1,3
"E00157725",0,0,0
"E00157726",1,0,1
"E00157727",10,4,6
"E00157728",1,0,1
"E00157729",7,3,4
"E00157730",9,7,2
"E00157731",5,1,4
"E00157732",14,10,4
"E00157733",1,0,1
"E00157734",12,8,4
"E00157735",4,2,2
"E00157736",17,8,9
"E00157737",17,7,10
"E00157738",14,10,4
"E00157739",9,7,2
"E00157740",24,16,8
"E00157741",5,1,4
"E00157743",7,3,4
"E00157744",25,15,10
"E00157745",12,6,6
"E00157746",3,2,1
"E00157747",0,0,0
"E00157748",2,2,0
"E00157749",6,5,1
"E00157750",7,5,2
"E00157751",3,2,1
"E00157752",8,4,4
"E00157753",1,0,1
"E00157754",7,3,4
"E00157755",8,2,6
"E00157756",4,2,2
"E00157757",7,2,5
"E00157758",24,12,12
"E00157759",0,0,0
"E00157760",2,0,2
"E00157761",7,5,2
"E00157762",1,1,0
"E00157763",7,4,3
"E00157764",0,0,0
"E00157765",0,0,0
"E00157766",2,2,0
"E00157767",3,1,2
"E00157768",3,2,1
"E00157769",1,1,0
"E00157770",5,3,2
"E00157771",0,0,0
"E00157772",0,0,0
"E00157773",0,0,0
"E00157774",2,1,1
"E00157775",4,2,2
"E00157776",1,1,0
"E00157777",5,2,3
"E00157778",5,3,2
"E00157779",4,3,1
"E00157780",0,0,0
"E00157781",7,3,4
"E00157782",2,1,1
"E00157783",7,4,3
"E00157784",1,0,1
"E00157785",1,1,0
"E00157786",5,2,3
"E00157787",12,3,9
"E00157788",8,3,5
"E00157789",4,3,1
"E00157790",3,2,1
"E00157791",5,3,2
"E00157792",1,0,1
"E00157793",8,5,3
"E00157794",4,2,2
"E00157795",5,2,3
"E00157796",3,1,2
"E00157797",1,1,0
"E00157798",0,0,0
"E00157799",2,2,0
"E00157800",3,1,2
"E00157801",0,0,0
"E00157802",0,0,0
"E00157803",3,2,1
"E00157804",4,1,3
"E00157805",0,0,0
"E00157806",0,0,0
"E00157807",1,1,0
"E00157808",7,4,3
"E00157809",0,0,0
"E00157810",3,2,1
"E00157811",1,0,1
"E00157812",4,0,4
"E00157813",9,6,3
"E00157814",3,2,1
"E00157815",4,3,1
"E00157816",4,2,2
"E00157817",4,3,1
"E00157818",6,6,0
"E00157819",2,1,1
"E00157820",1,0,1
"E00157821",0,0,0
"E00157822",6,6,0
"E00157823",4,4,0
"E00157824",4,2,2
"E00157825",2,1,1
"E00157826",4,2,2
"E00157827",11,6,5
"E00157828",4,2,2
"E00157829",5,3,2
"E00157830",3,0,3
"E00157831",8,5,3
"E00157832",3,0,3
"E00157833",4,3,1
"E00157834",1,1,0
"E00157835",3,2,1
"E00157836",0,0,0
"E00157837",4,2,2
"E00157838",4,2,2
"E00157839",1,0,1
"E00157840",10,4,6
"E00157841",3,2,1
"E00157842",5,3,2
"E00157843",1,1,0
"E00157844",6,2,4
"E00157845",13,7,6
"E00157846",16,8,8
"E00157847",15,6,9
"E00157848",16,10,6
"E00157849",14,9,5
"E00157850",12,7,5
"E00157851",16,12,4
"E00157852",8,4,4
"E00157853",3,3,0
"E00157854",4,3,1
"E00157855",7,3,4
"E00157856",6,1,5
"E00157857",16,8,8
"E00157858",1,1,0
"E00157859",13,9,4
"E00157860",6,1,5
"E00157861",10,6,4
"E00157862",7,3,4
"E00157863",7,3,4
"E00157864",17,9,8
"E00157865",4,3,1
"E00157866",11,9,2
"E00157867",7,4,3
"E00157868",3,2,1
"E00157869",0,0,0
"E00157870",9,4,5
"E00157871",13,8,5
"E00157872",14,5,9
"E00157873",7,3,4
"E00157874",0,0,0
"E00157875",4,1,3
"E00157876",4,1,3
"E00157877",3,2,1
"E00157878",8,1,7
"E00157879",9,4,5
"E00157880",0,0,0
"E00157881",2,1,1
"E00157882",3,1,2
"E00157883",1,0,1
"E00157884",6,4,2
"E00157885",5,4,1
"E00157886",5,1,4
"E00157887",1,0,1
"E00157888",2,2,0
"E00157889",6,2,4
"E00157890",8,4,4
"E00157891",3,2,1
"E00157892",0,0,0
"E00157893",5,3,2
"E00157894",0,0,0
"E00157895",9,5,4
"E00157896",3,3,0
"E00157897",1,1,0
"E00157898",6,2,4
"E00157899",7,3,4
"E00157900",4,2,2
"E00157901",3,2,1
"E00157902",2,0,2
"E00157903",7,3,4
"E00157904",2,2,0
"E00157906",0,0,0
"E00157907",15,6,9
"E00157908",6,5,1
"E00157909",7,4,3
"E00157910",4,2,2
"E00157911",8,3,5
"E00157912",4,1,3
"E00157914",8,2,6
"E00157915",6,0,6
"E00157916",7,3,4
"E00157917",10,5,5
"E00157918",0,0,0
"E00157919",3,1,2
"E00157920",1,1,0
"E00157921",1,0,1
"E00157922",5,4,1
"E00157923",7,5,2
"E00157924",4,2,2
"E00157925",1,1,0
"E00157926",0,0,0
"E00157927",5,2,3
"E00157928",3,1,2
"E00157929",1,1,0
"E00157930",5,0,5
"E00157931",8,5,3
"E00157932",1,0,1
"E00157933",8,5,3
"E00157934",1,1,0
"E00157935",8,5,3
"E00157936",3,1,2
"E00157937",1,1,0
"E00157938",2,2,0
"E00157939",9,7,2
"E00157940",1,1,0
"E00157941",3,1,2
"E00157942",1,0,1
"E00157943",1,0,1
"E00157944",7,5,2
"E00157945",4,1,3
"E00157946",5,3,2
"E00157947",4,1,3
"E00157948",1,1,0
"E00157949",4,2,2
"E00157950",1,1,0
"E00157951",7,5,2
"E00157952",4,2,2
"E00157953",13,5,8
"E00157954",6,3,3
"E00157955",13,7,6
"E00157956",8,4,4
"E00157957",11,4,7
"E00157958",10,7,3
"E00157959",13,9,4
"E00157960",13,7,6
"E00157961",13,7,6
"E00157962",8,5,3
"E00157963",6,3,3
"E00157964",14,4,10
"E00157965",9,3,6
"E00157966",19,11,8
"E00157967",20,14,6
"E00157968",14,7,7
"E00157969",0,0,0
"E00157970",4,2,2
"E00157971",6,5,1
"E00157972",5,3,2
"E00157973",7,3,4
"E00157974",9,4,5
"E00157975",5,1,4
"E00157976",1,1,0
"E00157977",2,2,0
"E00157978",4,1,3
"E00157979",0,0,0
"E00157980",2,0,2
"E00157981",4,1,3
"E00157982",7,5,2
"E00157983",1,0,1
"E00157984",1,0,1
"E00157985",0,0,0
"E00157986",2,1,1
"E00157987",4,3,1
"E00157988",5,2,3
"E00157989",12,6,6
"E00157990",9,4,5
"E00157991",2,1,1
"E00157992",5,1,4
"E00157994",5,1,4
"E00157995",4,3,1
"E00157996",5,1,4
"E00157997",5,0,5
"E00157998",3,0,3
"E00157999",4,4,0
"E00158001",0,0,0
"E00158002",6,4,2
"E00158003",8,4,4
"E00158004",11,4,7
"E00158005",5,3,2
"E00158006",5,4,1
"E00158007",2,1,1
"E00158008",3,2,1
"E00158009",9,4,5
"E00158010",13,6,7
"E00158011",0,0,0
"E00158012",8,5,3
"E00158013",11,6,5
"E00158014",10,3,7
"E00158015",5,3,2
"E00158016",13,8,5
"E00158017",6,3,3
"E00158018",6,5,1
"E00158019",0,0,0
"E00158020",1,0,1
"E00158021",19,12,7
"E00158022",2,2,0
"E00158023",9,3,6
"E00158024",3,1,2
"E00158025",14,8,6
"E00158026",2,2,0
"E00158027",3,1,2
"E00158028",5,2,3
"E00158029",19,10,9
"E00158030",12,7,5
"E00158031",17,7,10
"E00158032",7,2,5
"E00158033",8,4,4
"E00158034",15,10,5
"E00158035",19,10,9
"E00158036",9,8,1
"E00158037",13,5,8
"E00158038",1,1,0
"E00158039",17,11,6
"E00158040",7,5,2
"E00158041",3,1,2
"E00158042",7,3,4
"E00158043",27,12,15
"E00158044",8,4,4
"E00158045",15,9,6
"E00158046",2,0,2
"E00158047",0,0,0
"E00158048",4,2,2
"E00158049",25,13,12
"E00158050",2,1,1
"E00158051",1,0,1
"E00158052",1,1,0
"E00158053",0,0,0
"E00158054",2,0,2
"E00158055",0,0,0
"E00158056",4,3,1
"E00158057",3,2,1
"E00158058",3,2,1
"E00158059",4,1,3
"E00158060",2,1,1
"E00158061",5,2,3
"E00158062",1,0,1
"E00158063",0,0,0
"E00158064",2,1,1
"E00158065",0,0,0
"E00158066",3,1,2
"E00158067",0,0,0
"E00158068",2,1,1
"E00158069",1,1,0
"E00158070",5,2,3
"E00158071",2,1,1
"E00158072",0,0,0
"E00158073",0,0,0
"E00158074",1,0,1
"E00158075",3,1,2
"E00158076",3,1,2
"E00158077",1,0,1
"E00158078",4,3,1
"E00158079",1,1,0
"E00158080",4,4,0
"E00158081",0,0,0
"E00158082",0,0,0
"E00158083",0,0,0
"E00158084",5,4,1
"E00158085",11,4,7
"E00158086",5,4,1
"E00158087",0,0,0
"E00158088",0,0,0
"E00158089",1,1,0
"E00158090",2,0,2
"E00158091",1,0,1
"E00158092",1,0,1
"E00158093",2,1,1
"E00158094",8,3,5
"E00158095",2,1,1
"E00158096",3,1,2
"E00158097",9,3,6
"E00158098",5,0,5
"E00158099",3,1,2
"E00158100",1,1,0
"E00158101",1,0,1
"E00158102",2,2,0
"E00158103",5,2,3
"E00158104",2,1,1
"E00158105",0,0,0
"E00158106",4,2,2
"E00158107",1,1,0
"E00158108",7,1,6
"E00158109",1,1,0
"E00158110",2,1,1
"E00158111",1,0,1
"E00158112",4,3,1
"E00158113",1,0,1
"E00158114",10,3,7
"E00158115",3,1,2
"E00158116",5,3,2
"E00158117",2,1,1
"E00158118",3,3,0
"E00158119",4,2,2
"E00158120",5,2,3
"E00158121",3,3,0
"E00158122",1,0,1
"E00158123",1,1,0
"E00158124",4,4,0
"E00158125",0,0,0
"E00158126",0,0,0
"E00158127",1,0,1
"E00158128",1,1,0
"E00158129",1,1,0
"E00158130",2,0,2
"E00158131",4,3,1
"E00158132",0,0,0
"E00158133",7,4,3
"E00158134",3,1,2
"E00158135",3,2,1
"E00158136",5,2,3
"E00158137",6,4,2
"E00158138",2,0,2
"E00158139",7,1,6
"E00158140",1,0,1
"E00158141",1,1,0
"E00158142",3,2,1
"E00158143",1,1,0
"E00158144",6,1,5
"E00158145",5,2,3
"E00158146",0,0,0
"E00158147",3,1,2
"E00158148",4,1,3
"E00158151",3,3,0
"E00158152",8,6,2
"E00158153",11,8,3
"E00158154",5,3,2
"E00158155",8,5,3
"E00158156",2,2,0
"E00158157",8,7,1
"E00158158",7,6,1
"E00158159",2,1,1
"E00158160",5,3,2
"E00158161",1,0,1
"E00158162",0,0,0
"E00158163",5,3,2
"E00158164",4,2,2
"E00158165",1,0,1
"E00158166",2,2,0
"E00158167",0,0,0
"E00158168",4,1,3
"E00158169",7,3,4
"E00158170",5,1,4
"E00158171",2,0,2
"E00158172",8,5,3
"E00158173",0,0,0
"E00158174",1,1,0
"E00158175",4,4,0
"E00158176",1,0,1
"E00158177",3,2,1
"E00158178",3,2,1
"E00158179",1,1,0
"E00158180",4,2,2
"E00158181",5,4,1
"E00158182",3,2,1
"E00158183",0,0,0
"E00158184",2,0,2
"E00158185",3,3,0
"E00158186",1,0,1
"E00158187",5,2,3
"E00158188",2,1,1
"E00158189",0,0,0
"E00158190",0,0,0
"E00158191",4,2,2
"E00158192",4,2,2
"E00158193",2,2,0
"E00158194",2,1,1
"E00158196",6,3,3
"E00158197",2,1,1
"E00158198",0,0,0
"E00158199",1,0,1
"E00158200",0,0,0
"E00158201",2,1,1
"E00158202",3,3,0
"E00158203",4,2,2
"E00158204",0,0,0
"E00158205",2,2,0
"E00158206",1,0,1
"E00158207",3,2,1
"E00158208",0,0,0
"E00158209",6,1,5
"E00158210",1,1,0
"E00158211",8,4,4
"E00158212",1,0,1
"E00158213",7,4,3
"E00158214",1,1,0
"E00158215",7,4,3
"E00158216",14,7,7
"E00158217",14,7,7
"E00158218",7,3,4
"E00158219",8,4,4
"E00158220",10,6,4
"E00158221",4,2,2
"E00158222",3,1,2
"E00158223",7,2,5
"E00158224",5,2,3
"E00158225",2,1,1
"E00158226",3,1,2
"E00158227",5,4,1
"E00158228",6,2,4
"E00158229",0,0,0
"E00158230",2,1,1
"E00158231",2,1,1
"E00158232",3,0,3
"E00158233",4,1,3
"E00158234",1,0,1
"E00158235",4,1,3
"E00158236",3,1,2
"E00158237",5,3,2
"E00158238",1,0,1
"E00158239",3,1,2
"E00158240",1,0,1
"E00158241",1,1,0
"E00158242",9,5,4
"E00158243",8,3,5
"E00158244",6,2,4
"E00158245",1,0,1
"E00158246",0,0,0
"E00158247",1,1,0
"E00158248",7,2,5
"E00158249",4,2,2
"E00158250",5,3,2
"E00158251",5,2,3
"E00158252",3,2,1
"E00158253",4,1,3
"E00158254",0,0,0
"E00158255",1,1,0
"E00158256",1,1,0
"E00158257",10,7,3
"E00158258",0,0,0
"E00158259",6,3,3
"E00158260",4,1,3
"E00158261",1,0,1
"E00158262",0,0,0
"E00158263",3,1,2
"E00158264",1,1,0
"E00158265",1,0,1
"E00158266",7,3,4
"E00158267",0,0,0
"E00158268",1,1,0
"E00158269",0,0,0
"E00158270",11,2,9
"E00158271",5,2,3
"E00158272",0,0,0
"E00158273",6,4,2
"E00158274",2,0,2
"E00158275",5,3,2
"E00158276",3,2,1
"E00158277",9,3,6
"E00158278",2,0,2
"E00158279",2,1,1
"E00158280",2,2,0
"E00158281",1,0,1
"E00158282",1,1,0
"E00158283",5,1,4
"E00158284",1,1,0
"E00158285",0,0,0
"E00158286",3,1,2
"E00158287",1,0,1
"E00158288",1,1,0
"E00158289",4,0,4
"E00158290",3,0,3
"E00158291",0,0,0
"E00158292",4,1,3
"E00158293",2,0,2
"E00158294",9,3,6
"E00158295",7,5,2
"E00158297",1,1,0
"E00158298",2,1,1
"E00158299",0,0,0
"E00158300",5,4,1
"E00158302",1,1,0
"E00158303",0,0,0
"E00158304",6,3,3
"E00158305",4,1,3
"E00158306",8,3,5
"E00158307",3,2,1
"E00158308",1,0,1
"E00158309",3,3,0
"E00158310",4,2,2
"E00158311",6,3,3
"E00158312",2,1,1
"E00158313",1,1,0
"E00158314",0,0,0
"E00158315",0,0,0
"E00158316",4,3,1
"E00158317",1,0,1
"E00158318",0,0,0
"E00158319",2,1,1
"E00158320",3,0,3
"E00158321",3,1,2
"E00158322",4,1,3
"E00158323",5,3,2
"E00158324",5,3,2
"E00158325",4,4,0
"E00158326",1,1,0
"E00158327",1,1,0
"E00158328",4,3,1
"E00158329",1,0,1
"E00158330",1,1,0
"E00158331",2,0,2
"E00158332",3,2,1
"E00158333",2,2,0
"E00158334",0,0,0
"E00158335",0,0,0
"E00158336",2,1,1
"E00158337",4,4,0
"E00158338",8,2,6
"E00158339",1,1,0
"E00158340",2,2,0
"E00158341",3,2,1
"E00158342",1,1,0
"E00158343",1,0,1
"E00158344",2,2,0
"E00158345",1,1,0
"E00158346",1,0,1
"E00158347",2,0,2
"E00158348",1,0,1
"E00158349",0,0,0
"E00158350",5,2,3
"E00158351",6,5,1
"E00158352",2,1,1
"E00158353",2,1,1
"E00158354",3,2,1
"E00158355",1,1,0
"E00158356",1,0,1
"E00158357",0,0,0
"E00158358",2,1,1
"E00158359",2,1,1
"E00158360",1,0,1
"E00158361",1,0,1
"E00158362",8,4,4
"E00158363",0,0,0
"E00158364",2,2,0
"E00158365",3,1,2
"E00158366",6,3,3
"E00158367",1,1,0
"E00158368",2,1,1
"E00158369",3,3,0
"E00158370",3,1,2
"E00158371",0,0,0
"E00158372",2,0,2
"E00158373",1,0,1
"E00158374",0,0,0
"E00158375",1,1,0
"E00158376",0,0,0
"E00158377",4,2,2
"E00158378",5,4,1
"E00158379",7,5,2
"E00158380",2,0,2
"E00158381",0,0,0
"E00158382",0,0,0
"E00158383",2,1,1
"E00158384",0,0,0
"E00158385",13,3,10
"E00158386",0,0,0
"E00158387",2,1,1
"E00158388",2,1,1
"E00158389",2,1,1
"E00158390",0,0,0
"E00158391",0,0,0
"E00158392",2,2,0
"E00158393",1,0,1
"E00158394",2,0,2
"E00158395",3,2,1
"E00158396",4,0,4
"E00158397",4,2,2
"E00158398",3,2,1
"E00158399",1,1,0
"E00158400",0,0,0
"E00158401",3,1,2
"E00158402",1,0,1
"E00158403",3,1,2
"E00158404",0,0,0
"E00158405",1,0,1
"E00158406",0,0,0
"E00158407",0,0,0
"E00158408",0,0,0
"E00158410",0,0,0
"E00158411",0,0,0
"E00158412",1,0,1
"E00158413",3,2,1
"E00158414",0,0,0
"E00158416",2,1,1
"E00158417",2,1,1
"E00158418",1,0,1
"E00158419",2,1,1
"E00158420",0,0,0
"E00158421",3,1,2
"E00158423",0,0,0
"E00158424",2,1,1
"E00158425",0,0,0
"E00158426",0,0,0
"E00158427",0,0,0
"E00158428",0,0,0
"E00158429",0,0,0
"E00158430",4,3,1
"E00158431",3,2,1
"E00158432",7,3,4
"E00158434",4,2,2
"E00158435",0,0,0
"E00158436",6,5,1
"E00158437",6,4,2
"E00158438",4,1,3
"E00158439",0,0,0
"E00158440",4,1,3
"E00158441",4,0,4
"E00158442",0,0,0
"E00158443",0,0,0
"E00158444",6,4,2
"E00158445",2,1,1
"E00158446",5,4,1
"E00158447",0,0,0
"E00158448",9,4,5
"E00158449",4,1,3
"E00158450",0,0,0
"E00158451",14,9,5
"E00158452",2,2,0
"E00158455",2,2,0
"E00158456",3,2,1
"E00158457",3,2,1
"E00158458",6,2,4
"E00158459",7,4,3
"E00158460",8,4,4
"E00158461",1,1,0
"E00158462",2,0,2
"E00158463",2,2,0
"E00158464",2,1,1
"E00158465",2,1,1
"E00158466",0,0,0
"E00158467",6,4,2
"E00158468",4,3,1
"E00158469",5,2,3
"E00158470",0,0,0
"E00158471",3,2,1
"E00158472",2,1,1
"E00158474",1,1,0
"E00158475",1,1,0
"E00158476",3,1,2
"E00158477",7,2,5
"E00158478",1,1,0
"E00158479",0,0,0
"E00158480",1,0,1
"E00158481",0,0,0
"E00158482",5,3,2
"E00158483",3,1,2
"E00158484",3,1,2
"E00158485",3,2,1
"E00158486",1,1,0
"E00158487",3,1,2
"E00158488",4,3,1
"E00158489",0,0,0
"E00158491",0,0,0
"E00158492",2,1,1
"E00158493",0,0,0
"E00158494",1,1,0
"E00158495",0,0,0
"E00158496",1,1,0
"E00158497",0,0,0
"E00158498",1,1,0
"E00158499",2,0,2
"E00158500",2,1,1
"E00158501",3,0,3
"E00158502",3,2,1
"E00158503",4,3,1
"E00158504",2,1,1
"E00158505",2,2,0
"E00158506",3,2,1
"E00158507",1,0,1
"E00158508",0,0,0
"E00158509",4,2,2
"E00158510",0,0,0
"E00158511",0,0,0
"E00158512",2,2,0
"E00158513",0,0,0
"E00158514",5,2,3
"E00158515",3,2,1
"E00158516",2,0,2
"E00158517",2,1,1
"E00158518",6,3,3
"E00158520",0,0,0
"E00158521",0,0,0
"E00158522",4,1,3
"E00158523",5,3,2
"E00158524",3,1,2
"E00158525",5,2,3
"E00158526",6,4,2
"E00158527",3,2,1
"E00158528",4,1,3
"E00158529",0,0,0
"E00158530",4,2,2
"E00158531",0,0,0
"E00158532",0,0,0
"E00158533",3,1,2
"E00158534",1,1,0
"E00158535",14,7,7
"E00158536",7,5,2
"E00158537",13,5,8
"E00158538",7,6,1
"E00158539",3,2,1
"E00158540",15,8,7
"E00158541",0,0,0
"E00158542",9,3,6
"E00158543",4,2,2
"E00158544",6,1,5
"E00158545",6,2,4
"E00158546",4,2,2
"E00158547",4,3,1
"E00158548",4,2,2
"E00158549",7,6,1
"E00158550",4,1,3
"E00158551",8,3,5
"E00158552",9,4,5
"E00158553",9,5,4
"E00158554",6,3,3
"E00158555",10,3,7
"E00158556",1,0,1
"E00158557",4,3,1
"E00158558",6,3,3
"E00158559",5,3,2
"E00158560",8,4,4
"E00158561",2,0,2
"E00158562",2,1,1
"E00158563",0,0,0
"E00158564",1,1,0
"E00158565",4,2,2
"E00158566",3,1,2
"E00158567",3,0,3
"E00158568",2,0,2
"E00158569",1,1,0
"E00158570",0,0,0
"E00158571",4,2,2
"E00158572",1,1,0
"E00158573",3,2,1
"E00158574",0,0,0
"E00158575",0,0,0
"E00158576",0,0,0
"E00158577",1,0,1
"E00158578",0,0,0
"E00158579",1,1,0
"E00158580",1,1,0
"E00158581",8,5,3
"E00158582",7,4,3
"E00158583",4,1,3
"E00158584",16,7,9
"E00158585",0,0,0
"E00158586",0,0,0
"E00158587",0,0,0
"E00158588",1,1,0
"E00158589",6,1,5
"E00158590",8,5,3
"E00158591",6,2,4
"E00158592",3,3,0
"E00158593",0,0,0
"E00158594",4,1,3
"E00158595",2,1,1
"E00158596",12,7,5
"E00158597",5,1,4
"E00158598",2,2,0
"E00158599",8,4,4
"E00158600",5,3,2
"E00158601",4,2,2
"E00158602",6,3,3
"E00158603",5,2,3
"E00158604",7,6,1
"E00158605",0,0,0
"E00158606",0,0,0
"E00158607",1,0,1
"E00158608",4,1,3
"E00158609",1,1,0
"E00158610",1,0,1
"E00158611",1,0,1
"E00158612",0,0,0
"E00158613",1,0,1
"E00158614",7,3,4
"E00158615",3,1,2
"E00158616",4,1,3
"E00158617",4,2,2
"E00158618",3,2,1
"E00158619",6,3,3
"E00158620",0,0,0
"E00158621",2,0,2
"E00158622",0,0,0
"E00158623",4,3,1
"E00158624",0,0,0
"E00158625",1,0,1
"E00158626",3,0,3
"E00158627",1,1,0
"E00158628",0,0,0
"E00158629",3,2,1
"E00158630",6,4,2
"E00158631",5,3,2
"E00158632",7,3,4
"E00158633",7,4,3
"E00158634",8,3,5
"E00158635",3,3,0
"E00158636",8,3,5
"E00158637",9,5,4
"E00158638",8,4,4
"E00158639",7,3,4
"E00158640",3,1,2
"E00158641",1,1,0
"E00158642",10,7,3
"E00158643",8,2,6
"E00158644",7,3,4
"E00158645",2,2,0
"E00158646",11,3,8
"E00158647",8,6,2
"E00158648",4,1,3
"E00158649",8,2,6
"E00158650",8,6,2
"E00158651",6,3,3
"E00158652",8,4,4
"E00158653",7,3,4
"E00158654",5,2,3
"E00158655",3,1,2
"E00158656",0,0,0
"E00158657",6,3,3
"E00158658",8,6,2
"E00158659",3,1,2
"E00158660",6,2,4
"E00158661",5,4,1
"E00158662",2,0,2
"E00158663",1,0,1
"E00158664",5,1,4
"E00158665",2,1,1
"E00158668",1,1,0
"E00158669",2,2,0
"E00158670",1,0,1
"E00158671",6,3,3
"E00158672",0,0,0
"E00158673",4,1,3
"E00158674",8,4,4
"E00158676",5,4,1
"E00158677",7,1,6
"E00158678",7,4,3
"E00158679",2,2,0
"E00158680",8,4,4
"E00158681",5,3,2
"E00158682",6,2,4
"E00158683",0,0,0
"E00158684",1,1,0
"E00158685",6,3,3
"E00158686",4,1,3
"E00158687",0,0,0
"E00158688",0,0,0
"E00158689",1,1,0
"E00158690",2,1,1
"E00158691",1,0,1
"E00158692",0,0,0
"E00158693",2,1,1
"E00158694",8,4,4
"E00158695",10,7,3
"E00158696",5,0,5
"E00158697",4,3,1
"E00158698",1,1,0
"E00158699",4,2,2
"E00158700",3,2,1
"E00158701",8,6,2
"E00158702",5,2,3
"E00158703",8,7,1
"E00158704",4,2,2
"E00158705",5,4,1
"E00158706",6,3,3
"E00158707",1,0,1
"E00158708",1,0,1
"E00158709",4,3,1
"E00158710",4,2,2
"E00158711",7,5,2
"E00158712",4,1,3
"E00158713",6,3,3
"E00158714",1,1,0
"E00158715",9,5,4
"E00158716",13,8,5
"E00158717",5,3,2
"E00158718",3,0,3
"E00158719",0,0,0
"E00158720",1,0,1
"E00158721",2,1,1
"E00158722",0,0,0
"E00158723",7,4,3
"E00158724",11,6,5
"E00158725",4,2,2
"E00158726",9,2,7
"E00158727",10,5,5
"E00158728",10,5,5
"E00158729",8,3,5
"E00158730",0,0,0
"E00158731",6,3,3
"E00158732",1,1,0
"E00158733",2,1,1
"E00158734",1,1,0
"E00158735",1,1,0
"E00158736",3,2,1
"E00158737",3,2,1
"E00158738",3,1,2
"E00158740",1,0,1
"E00158741",10,6,4
"E00158742",8,3,5
"E00158743",9,3,6
"E00158744",3,3,0
"E00158745",3,0,3
"E00158746",4,2,2
"E00158747",1,1,0
"E00158748",0,0,0
"E00158749",13,5,8
"E00158750",6,3,3
"E00158751",2,0,2
"E00158752",5,4,1
"E00158754",9,8,1
"E00158755",6,3,3
"E00158756",4,2,2
"E00158757",2,1,1
"E00158758",1,0,1
"E00158759",5,3,2
"E00158760",7,5,2
"E00158762",14,5,9
"E00158763",6,4,2
"E00158764",14,8,6
"E00158765",3,1,2
"E00158766",7,3,4
"E00158767",12,7,5
"E00158768",16,9,7
"E00158769",12,4,8
"E00158770",8,5,3
"E00158771",3,0,3
"E00158772",6,2,4
"E00158773",5,4,1
"E00158774",2,1,1
"E00158776",5,4,1
"E00158778",13,7,6
"E00158779",4,3,1
"E00158780",4,2,2
"E00158781",4,2,2
"E00158782",2,1,1
"E00158783",6,4,2
"E00158784",4,0,4
"E00158785",4,3,1
"E00158786",1,1,0
"E00158787",2,1,1
"E00158788",4,3,1
"E00158789",8,4,4
"E00158790",4,1,3
"E00158791",6,3,3
"E00158793",5,4,1
"E00158794",2,0,2
"E00158795",3,0,3
"E00158796",4,1,3
"E00158797",11,7,4
"E00158798",5,3,2
"E00158799",3,2,1
"E00158800",15,6,9
"E00158801",2,1,1
"E00158802",6,3,3
"E00158803",5,3,2
"E00158804",1,0,1
"E00158805",5,3,2
"E00158806",7,4,3
"E00158807",11,6,5
"E00158808",7,4,3
"E00158809",3,2,1
"E00158810",10,4,6
"E00158811",4,3,1
"E00158812",6,1,5
"E00158813",7,4,3
"E00158814",2,2,0
"E00158815",4,2,2
"E00158816",6,4,2
"E00158817",6,2,4
"E00158818",4,1,3
"E00158819",2,0,2
"E00158820",6,4,2
"E00158821",0,0,0
"E00158822",4,3,1
"E00158823",8,3,5
"E00158824",0,0,0
"E00158825",7,4,3
"E00158826",8,4,4
"E00158827",2,1,1
"E00158828",5,0,5
"E00158829",8,5,3
"E00158830",2,1,1
"E00158831",5,2,3
"E00158832",0,0,0
"E00158833",1,1,0
"E00158834",2,1,1
"E00158835",4,3,1
"E00158836",1,0,1
"E00158837",4,3,1
"E00158838",0,0,0
"E00158839",5,1,4
"E00158840",0,0,0
"E00158841",4,3,1
"E00158842",7,5,2
"E00158843",10,4,6
"E00158844",3,2,1
"E00158845",0,0,0
"E00158846",1,0,1
"E00158847",0,0,0
"E00158848",1,0,1
"E00158849",11,5,6
"E00158850",4,4,0
"E00158851",1,0,1
"E00158852",6,5,1
"E00158853",6,4,2
"E00158854",4,2,2
"E00158855",0,0,0
"E00158856",8,7,1
"E00158857",1,0,1
"E00158858",5,3,2
"E00158859",6,4,2
"E00158860",6,2,4
"E00158861",10,5,5
"E00158862",8,3,5
"E00158863",7,3,4
"E00158864",15,10,5
"E00158865",3,1,2
"E00158866",3,1,2
"E00158867",7,6,1
"E00158868",4,3,1
"E00158869",0,0,0
"E00158870",0,0,0
"E00158871",2,2,0
"E00158873",12,4,8
"E00158876",2,1,1
"E00158877",4,2,2
"E00158878",4,1,3
"E00158879",0,0,0
"E00158880",1,1,0
"E00158881",0,0,0
"E00158882",6,2,4
"E00158883",0,0,0
"E00158884",0,0,0
"E00158885",0,0,0
"E00158886",1,0,1
"E00158887",0,0,0
"E00158888",1,1,0
"E00158889",1,0,1
"E00158890",2,1,1
"E00158891",2,1,1
"E00158892",3,2,1
"E00158893",3,1,2
"E00158894",7,3,4
"E00158895",3,2,1
"E00158896",0,0,0
"E00158897",1,1,0
"E00158898",4,2,2
"E00158899",4,1,3
"E00158900",3,1,2
"E00158901",5,2,3
"E00158902",3,2,1
"E00158903",2,2,0
"E00158904",0,0,0
"E00158905",0,0,0
"E00158906",4,4,0
"E00158907",7,5,2
"E00158908",9,6,3
"E00158909",3,0,3
"E00158910",1,0,1
"E00158911",3,1,2
"E00158912",0,0,0
"E00158913",7,3,4
"E00158914",0,0,0
"E00158915",6,2,4
"E00158916",6,6,0
"E00158917",6,3,3
"E00158918",3,2,1
"E00158919",1,1,0
"E00158920",3,0,3
"E00158921",1,1,0
"E00158922",1,1,0
"E00158923",2,1,1
"E00158924",8,2,6
"E00158925",3,2,1
"E00158926",7,5,2
"E00158927",0,0,0
"E00158928",2,2,0
"E00158929",7,2,5
"E00158930",9,5,4
"E00158931",5,3,2
"E00158932",6,2,4
"E00158933",3,2,1
"E00158934",4,3,1
"E00158935",2,2,0
"E00158936",3,1,2
"E00158937",3,0,3
"E00158938",10,6,4
"E00158939",5,3,2
"E00158940",2,1,1
"E00158941",2,0,2
"E00158942",6,4,2
"E00158943",11,8,3
"E00158944",16,8,8
"E00158945",3,1,2
"E00158946",3,1,2
"E00158947",7,4,3
"E00158948",3,0,3
"E00158950",4,2,2
"E00158951",9,6,3
"E00158952",2,1,1
"E00158953",8,2,6
"E00158954",1,0,1
"E00158955",4,1,3
"E00158956",12,6,6
"E00158957",5,2,3
"E00158958",15,10,5
"E00158959",4,1,3
"E00158960",1,0,1
"E00158961",1,1,0
"E00158962",0,0,0
"E00158963",4,2,2
"E00158964",3,2,1
"E00158965",12,5,7
"E00158966",3,3,0
"E00158967",0,0,0
"E00158968",2,1,1
"E00158969",0,0,0
"E00158970",10,6,4
"E00158971",6,3,3
"E00158972",2,1,1
"E00158973",6,2,4
"E00158974",8,2,6
"E00158975",4,2,2
"E00158976",1,0,1
"E00158977",2,2,0
"E00158978",9,4,5
"E00158979",12,6,6
"E00158980",7,3,4
"E00158981",9,3,6
"E00158982",0,0,0
"E00158984",4,2,2
"E00158985",9,3,6
"E00158986",9,4,5
"E00158987",5,3,2
"E00158988",3,0,3
"E00158989",8,6,2
"E00158990",0,0,0
"E00158991",7,4,3
"E00158992",8,4,4
"E00158993",10,5,5
"E00158994",5,2,3
"E00158995",4,3,1
"E00158996",0,0,0
"E00158997",2,0,2
"E00158998",0,0,0
"E00158999",5,3,2
"E00159000",0,0,0
"E00159001",3,2,1
"E00159002",5,3,2
"E00159003",1,0,1
"E00159004",7,5,2
"E00159005",10,6,4
"E00159006",2,1,1
"E00159007",1,0,1
"E00159008",5,1,4
"E00159009",7,3,4
"E00159010",1,1,0
"E00159011",2,2,0
"E00159012",14,5,9
"E00159013",8,4,4
"E00159014",3,2,1
"E00159015",11,6,5
"E00159016",9,4,5
"E00159017",1,0,1
"E00159018",4,1,3
"E00159020",5,3,2
"E00159021",4,2,2
"E00159022",11,7,4
"E00159023",6,3,3
"E00159024",0,0,0
"E00159025",8,1,7
"E00159026",9,4,5
"E00159027",11,4,7
"E00159028",10,3,7
"E00159029",16,9,7
"E00159030",3,1,2
"E00159031",8,3,5
"E00159032",9,4,5
"E00159033",9,5,4
"E00159034",9,7,2
"E00159035",10,3,7
"E00159036",6,3,3
"E00159037",6,3,3
"E00159038",11,3,8
"E00159039",3,1,2
"E00159040",6,3,3
"E00159041",4,2,2
"E00159042",4,2,2
"E00159043",4,1,3
"E00159044",2,0,2
"E00159045",13,8,5
"E00159046",4,2,2
"E00159047",4,1,3
"E00159048",14,11,3
"E00159049",6,4,2
"E00159050",5,2,3
"E00159051",1,1,0
"E00159052",5,3,2
"E00159053",3,2,1
"E00159054",4,1,3
"E00159055",2,2,0
"E00159056",3,1,2
"E00159057",2,2,0
"E00159058",1,1,0
"E00159059",3,2,1
"E00159060",6,2,4
"E00159061",8,5,3
"E00159062",6,3,3
"E00159063",9,3,6
"E00159064",4,3,1
"E00159065",6,2,4
"E00159066",5,2,3
"E00159067",9,4,5
"E00159068",5,2,3
"E00159069",6,5,1
"E00159070",4,2,2
"E00159071",5,2,3
"E00159072",6,5,1
"E00159073",2,2,0
"E00159074",2,1,1
"E00159075",2,1,1
"E00159076",11,6,5
"E00159077",2,2,0
"E00159078",4,2,2
"E00159079",0,0,0
"E00159080",6,2,4
"E00159081",2,0,2
"E00159082",6,2,4
"E00159083",9,3,6
"E00159084",4,2,2
"E00159085",16,7,9
"E00159086",10,6,4
"E00159087",4,2,2
"E00159088",12,9,3
"E00159089",8,4,4
"E00159090",8,2,6
"E00159091",0,0,0
"E00159092",6,5,1
"E00159093",7,1,6
"E00159094",4,2,2
"E00159095",0,0,0
"E00159096",6,4,2
"E00159097",9,7,2
"E00159098",13,5,8
"E00159099",1,0,1
"E00159100",2,1,1
"E00159101",3,3,0
"E00159102",0,0,0
"E00159103",8,4,4
"E00159104",10,5,5
"E00159105",11,5,6
"E00159107",14,9,5
"E00159109",4,2,2
"E00159110",1,0,1
"E00159111",4,2,2
"E00159112",2,2,0
"E00159113",18,11,7
"E00159114",2,1,1
"E00159115",2,1,1
"E00159116",14,4,10
"E00159118",5,3,2
"E00159119",5,2,3
"E00159120",3,1,2
"E00159121",8,2,6
"E00159124",17,7,10
"E00159125",7,2,5
"E00159126",2,2,0
"E00159128",1,1,0
"E00159129",2,2,0
"E00159130",1,0,1
"E00159131",1,1,0
"E00159133",5,3,2
"E00159134",5,1,4
"E00159135",3,0,3
"E00159136",8,5,3
"E00159137",2,0,2
"E00159139",5,2,3
"E00159140",5,3,2
"E00159141",2,0,2
"E00159142",5,1,4
"E00159143",5,2,3
"E00159144",1,1,0
"E00159145",4,2,2
"E00159146",3,1,2
"E00159147",0,0,0
"E00159148",3,0,3
"E00159149",5,1,4
"E00159150",4,2,2
"E00159151",6,3,3
"E00159152",10,3,7
"E00159153",7,4,3
"E00159155",0,0,0
"E00159156",5,3,2
"E00159157",14,7,7
"E00159158",7,4,3
"E00159159",7,2,5
"E00159160",10,4,6
"E00159161",9,5,4
"E00159162",4,1,3
"E00159163",8,7,1
"E00159164",9,7,2
"E00159165",8,3,5
"E00159166",6,2,4
"E00159167",0,0,0
"E00159168",1,1,0
"E00159169",1,0,1
"E00159170",12,6,6
"E00159171",10,6,4
"E00159172",1,0,1
"E00159173",5,3,2
"E00159174",3,2,1
"E00159175",6,1,5
"E00159176",4,2,2
"E00159177",6,5,1
"E00159178",1,0,1
"E00159179",6,1,5
"E00159180",3,1,2
"E00159181",4,1,3
"E00159182",4,1,3
"E00159183",6,3,3
"E00159184",4,3,1
"E00159185",11,6,5
"E00159186",7,1,6
"E00159187",12,10,2
"E00159188",6,4,2
"E00159189",7,4,3
"E00159190",1,0,1
"E00159191",9,4,5
"E00159192",7,6,1
"E00159193",3,2,1
"E00159194",9,5,4
"E00159195",9,6,3
"E00159196",7,3,4
"E00159197",3,2,1
"E00159198",3,0,3
"E00159199",1,1,0
"E00159200",11,8,3
"E00159201",9,5,4
"E00159202",6,2,4
"E00159204",2,1,1
"E00159205",8,3,5
"E00159206",13,8,5
"E00159207",11,4,7
"E00159208",14,8,6
"E00159210",11,7,4
"E00159211",3,2,1
"E00159212",2,1,1
"E00159213",0,0,0
"E00159214",8,4,4
"E00159215",8,6,2
"E00159216",3,1,2
"E00159217",2,0,2
"E00159218",5,4,1
"E00159219",1,1,0
"E00159220",2,2,0
"E00159221",3,1,2
"E00159222",4,1,3
"E00159223",1,1,0
"E00159224",1,0,1
"E00159225",1,0,1
"E00159227",2,1,1
"E00159228",8,3,5
"E00159229",2,1,1
"E00159230",3,1,2
"E00159231",5,1,4
"E00159232",7,4,3
"E00159233",0,0,0
"E00159234",1,0,1
"E00159235",3,3,0
"E00159236",2,1,1
"E00159237",6,2,4
"E00159238",3,2,1
"E00159239",3,3,0
"E00159240",9,1,8
"E00159241",10,3,7
"E00159242",1,0,1
"E00159243",6,2,4
"E00159244",1,0,1
"E00159245",6,1,5
"E00159246",10,3,7
"E00159247",1,0,1
"E00159248",1,1,0
"E00159249",2,0,2
"E00159250",3,1,2
"E00159252",6,1,5
"E00159253",2,0,2
"E00159254",3,3,0
"E00159255",0,0,0
"E00159256",5,1,4
"E00159257",19,11,8
"E00159258",4,2,2
"E00159259",6,5,1
"E00159260",2,0,2
"E00159261",0,0,0
"E00159262",2,0,2
"E00159263",3,3,0
"E00159264",8,6,2
"E00159265",1,0,1
"E00159266",4,3,1
"E00159267",1,1,0
"E00159268",7,3,4
"E00159269",4,3,1
"E00159270",1,0,1
"E00159271",2,1,1
"E00159272",2,1,1
"E00159273",2,0,2
"E00159274",5,1,4
"E00159275",3,1,2
"E00159276",0,0,0
"E00159277",6,3,3
"E00159278",4,1,3
"E00159279",5,1,4
"E00159280",0,0,0
"E00159281",6,2,4
"E00159282",1,1,0
"E00159283",3,1,2
"E00159284",1,0,1
"E00159285",5,2,3
"E00159286",3,1,2
"E00159287",1,0,1
"E00159288",5,3,2
"E00159289",1,0,1
"E00159290",6,2,4
"E00159291",4,2,2
"E00159292",3,1,2
"E00159293",7,4,3
"E00159294",0,0,0
"E00159295",9,7,2
"E00159296",1,0,1
"E00159297",5,2,3
"E00159298",5,3,2
"E00159299",10,4,6
"E00159300",10,7,3
"E00159301",16,6,10
"E00159302",7,4,3
"E00159303",2,0,2
"E00159304",9,4,5
"E00159305",5,2,3
"E00159306",11,7,4
"E00159307",7,3,4
"E00159308",1,0,1
"E00159309",2,0,2
"E00159310",19,11,8
"E00159311",1,1,0
"E00159312",2,2,0
"E00159313",22,10,12
"E00159314",6,3,3
"E00159315",10,6,4
"E00159316",8,4,4
"E00159317",14,5,9
"E00159318",5,2,3
"E00159319",5,2,3
"E00159320",11,5,6
"E00159321",5,2,3
"E00159322",5,2,3
"E00159323",11,7,4
"E00159324",0,0,0
"E00159325",13,7,6
"E00159326",7,4,3
"E00159327",14,5,9
"E00159328",7,1,6
"E00159329",8,4,4
"E00159330",6,6,0
"E00159331",1,1,0
"E00159332",4,1,3
"E00159333",40,23,17
"E00159334",13,6,7
"E00159335",8,2,6
"E00159336",3,2,1
"E00159337",1,0,1
"E00159338",5,3,2
"E00159339",8,3,5
"E00159340",6,1,5
"E00159341",6,4,2
"E00159342",5,3,2
"E00159343",3,0,3
"E00159344",2,2,0
"E00159345",5,4,1
"E00159346",8,5,3
"E00159347",5,2,3
"E00159348",3,3,0
"E00159349",1,1,0
"E00159350",5,1,4
"E00159351",3,1,2
"E00159352",2,1,1
"E00159353",0,0,0
"E00159354",10,6,4
"E00159355",8,5,3
"E00159356",4,2,2
"E00159357",7,3,4
"E00159358",6,3,3
"E00159359",6,3,3
"E00159360",12,7,5
"E00159361",11,6,5
"E00159362",2,1,1
"E00159363",1,0,1
"E00159364",7,4,3
"E00159365",4,4,0
"E00159366",8,5,3
"E00159367",3,2,1
"E00159368",3,3,0
"E00159369",5,1,4
"E00159370",8,5,3
"E00159371",18,8,10
"E00159372",5,1,4
"E00159373",1,1,0
"E00159374",3,1,2
"E00159375",10,7,3
"E00159376",5,3,2
"E00159377",3,1,2
"E00159378",1,0,1
"E00159379",15,8,7
"E00159380",7,3,4
"E00159381",21,9,12
"E00159382",2,1,1
"E00159383",4,1,3
"E00159384",5,2,3
"E00159385",5,1,4
"E00159386",14,4,10
"E00159387",0,0,0
"E00159388",8,6,2
"E00159389",1,1,0
"E00159390",2,0,2
"E00159391",3,1,2
"E00159392",5,2,3
"E00159393",6,3,3
"E00159394",0,0,0
"E00159395",6,5,1
"E00159396",1,0,1
"E00159397",4,3,1
"E00159398",3,0,3
"E00159399",4,3,1
"E00159400",4,2,2
"E00159401",7,6,1
"E00159402",0,0,0
"E00159403",4,1,3
"E00159404",2,1,1
"E00159405",3,2,1
"E00159406",6,1,5
"E00159407",4,2,2
"E00159408",1,1,0
"E00159409",1,1,0
"E00159410",0,0,0
"E00159411",2,1,1
"E00159412",1,1,0
"E00159413",1,0,1
"E00159414",6,4,2
"E00159415",0,0,0
"E00159416",3,3,0
"E00159417",0,0,0
"E00159418",2,1,1
"E00159419",6,2,4
"E00159420",7,2,5
"E00159421",7,3,4
"E00159422",3,3,0
"E00159423",7,4,3
"E00159424",9,5,4
"E00159425",1,0,1
"E00159426",4,1,3
"E00159427",0,0,0
"E00159428",5,4,1
"E00159429",11,8,3
"E00159430",8,4,4
"E00159431",4,4,0
"E00159432",10,7,3
"E00159434",3,0,3
"E00159435",5,1,4
"E00159436",14,11,3
"E00159437",11,4,7
"E00159438",8,4,4
"E00159439",12,7,5
"E00159440",3,3,0
"E00159441",3,1,2
"E00159442",3,2,1
"E00159443",4,2,2
"E00159444",6,3,3
"E00159445",4,4,0
"E00159446",11,8,3
"E00159447",2,1,1
"E00159449",3,1,2
"E00159450",4,1,3
"E00159451",5,4,1
"E00159453",8,3,5
"E00159454",2,2,0
"E00159455",1,0,1
"E00159456",0,0,0
"E00159457",1,0,1
"E00159458",5,3,2
"E00159459",0,0,0
"E00159460",2,1,1
"E00159461",2,0,2
"E00159462",2,2,0
"E00159463",13,10,3
"E00159464",2,1,1
"E00159465",0,0,0
"E00159466",4,1,3
"E00159467",3,3,0
"E00159468",3,3,0
"E00159469",1,0,1
"E00159470",1,1,0
"E00159471",1,0,1
"E00159472",5,4,1
"E00159473",4,3,1
"E00159474",1,0,1
"E00159475",1,0,1
"E00159476",3,2,1
"E00159477",4,1,3
"E00159478",6,3,3
"E00159479",9,6,3
"E00159480",9,6,3
"E00159481",2,2,0
"E00159482",1,0,1
"E00159483",7,4,3
"E00159484",1,1,0
"E00159485",9,6,3
"E00159486",1,1,0
"E00159487",5,3,2
"E00159488",5,2,3
"E00159489",4,2,2
"E00159490",2,2,0
"E00159491",2,1,1
"E00159492",8,4,4
"E00159493",4,2,2
"E00159494",8,5,3
"E00159495",2,0,2
"E00159496",9,5,4
"E00159497",9,6,3
"E00159498",0,0,0
"E00159499",19,11,8
"E00159500",22,9,13
"E00159501",6,1,5
"E00159502",7,2,5
"E00159503",1,0,1
"E00159504",9,5,4
"E00159505",22,12,10
"E00159506",10,5,5
"E00159507",3,1,2
"E00159508",10,7,3
"E00159509",5,0,5
"E00159510",14,8,6
"E00159511",18,8,10
"E00159512",8,4,4
"E00159513",1,1,0
"E00159514",12,10,2
"E00159515",5,1,4
"E00159516",1,1,0
"E00159517",0,0,0
"E00159518",16,7,9
"E00159519",7,1,6
"E00159520",3,1,2
"E00159521",0,0,0
"E00159522",0,0,0
"E00159523",0,0,0
"E00159524",3,1,2
"E00159525",4,2,2
"E00159526",7,3,4
"E00159527",7,5,2
"E00159528",7,3,4
"E00159529",5,2,3
"E00159530",10,2,8
"E00159531",9,4,5
"E00159532",5,2,3
"E00159533",3,2,1
"E00159534",4,1,3
"E00159535",8,1,7
"E00159536",4,2,2
"E00159537",4,2,2
"E00159538",2,2,0
"E00159539",16,7,9
"E00159540",4,1,3
"E00159541",1,0,1
"E00159542",7,6,1
"E00159543",3,2,1
"E00159544",6,1,5
"E00159545",0,0,0
"E00159546",7,2,5
"E00159547",1,1,0
"E00159548",0,0,0
"E00159549",4,2,2
"E00159550",5,3,2
"E00159551",4,2,2
"E00159552",6,5,1
"E00159553",0,0,0
"E00159554",17,11,6
"E00159555",4,2,2
"E00159556",7,2,5
"E00159557",5,3,2
"E00159558",2,2,0
"E00159559",11,3,8
"E00159560",4,2,2
"E00159561",11,8,3
"E00159562",5,4,1
"E00159563",7,2,5
"E00159564",0,0,0
"E00159565",3,1,2
"E00159566",5,2,3
"E00159567",1,0,1
"E00159568",0,0,0
"E00159569",3,1,2
"E00159570",9,4,5
"E00159571",7,4,3
"E00159572",3,3,0
"E00159573",3,3,0
"E00159574",6,5,1
"E00159575",3,0,3
"E00159576",11,4,7
"E00159577",5,2,3
"E00159578",18,10,8
"E00159579",4,1,3
"E00159580",5,2,3
"E00159581",10,4,6
"E00159582",4,2,2
"E00159583",1,1,0
"E00159584",0,0,0
"E00159585",1,0,1
"E00159586",6,3,3
"E00159587",6,4,2
"E00159588",8,3,5
"E00159589",5,3,2
"E00159590",5,4,1
"E00159591",8,4,4
"E00159592",8,3,5
"E00159593",5,5,0
"E00159594",0,0,0
"E00159595",10,6,4
"E00159596",9,5,4
"E00159597",19,11,8
"E00159598",17,6,11
"E00159599",5,4,1
"E00159600",18,10,8
"E00159601",0,0,0
"E00159602",7,3,4
"E00159603",11,8,3
"E00159604",16,10,6
"E00159605",2,1,1
"E00159606",7,4,3
"E00159607",7,3,4
"E00159608",3,0,3
"E00159609",1,0,1
"E00159610",10,7,3
"E00159611",5,4,1
"E00159612",2,1,1
"E00159613",4,2,2
"E00159614",7,1,6
"E00159615",3,3,0
"E00159616",5,5,0
"E00159617",11,7,4
"E00159618",15,7,8
"E00159619",6,4,2
"E00159620",4,3,1
"E00159621",6,0,6
"E00159622",5,3,2
"E00159623",3,3,0
"E00159624",12,5,7
"E00159625",5,4,1
"E00159626",4,2,2
"E00159627",11,7,4
"E00159628",6,3,3
"E00159629",2,1,1
"E00159630",14,9,5
"E00159631",8,4,4
"E00159632",7,4,3
"E00159633",5,1,4
"E00159634",2,2,0
"E00159635",6,3,3
"E00159636",8,6,2
"E00159637",0,0,0
"E00159638",7,3,4
"E00159639",3,2,1
"E00159640",1,0,1
"E00159641",12,6,6
"E00159642",2,1,1
"E00159643",38,27,11
"E00159644",9,2,7
"E00159645",11,6,5
"E00159646",4,3,1
"E00159647",3,1,2
"E00159648",5,3,2
"E00159649",3,2,1
"E00159650",11,4,7
"E00159651",0,0,0
"E00159652",3,2,1
"E00159653",0,0,0
"E00159654",2,1,1
"E00159655",1,0,1
"E00159656",6,3,3
"E00159657",3,3,0
"E00159658",1,1,0
"E00159659",3,1,2
"E00159660",4,1,3
"E00159661",3,1,2
"E00159662",3,0,3
"E00159663",3,2,1
"E00159664",1,1,0
"E00159665",9,5,4
"E00159666",1,1,0
"E00159667",5,4,1
"E00159668",1,1,0
"E00159669",5,3,2
"E00159670",9,6,3
"E00159671",1,1,0
"E00159672",5,2,3
"E00159673",2,0,2
"E00159674",1,1,0
"E00159675",4,2,2
"E00159676",1,1,0
"E00159677",4,3,1
"E00159678",4,4,0
"E00159679",1,1,0
"E00159680",5,5,0
"E00159681",9,2,7
"E00159682",1,1,0
"E00159683",9,4,5
"E00159684",0,0,0
"E00159685",6,3,3
"E00159686",13,3,10
"E00159687",13,7,6
"E00159688",11,6,5
"E00159689",14,9,5
"E00159690",1,0,1
"E00159691",7,4,3
"E00159692",11,3,8
"E00159694",7,2,5
"E00159695",8,5,3
"E00159696",4,2,2
"E00159697",12,4,8
"E00159698",0,0,0
"E00159699",11,7,4
"E00159700",8,3,5
"E00159701",1,0,1
"E00159702",5,4,1
"E00159703",14,7,7
"E00159704",5,3,2
"E00159705",2,1,1
"E00159706",2,0,2
"E00159707",1,1,0
"E00159708",0,0,0
"E00159709",5,0,5
"E00159710",1,0,1
"E00159711",1,0,1
"E00159712",0,0,0
"E00159714",2,1,1
"E00159715",3,1,2
"E00159716",1,1,0
"E00159717",0,0,0
"E00159719",2,1,1
"E00159720",5,3,2
"E00159721",1,0,1
"E00159722",8,5,3
"E00159723",4,3,1
"E00159724",2,2,0
"E00159725",0,0,0
"E00159726",2,2,0
"E00159728",4,2,2
"E00159729",9,6,3
"E00159730",2,1,1
"E00159731",2,1,1
"E00159732",1,1,0
"E00159733",2,0,2
"E00159734",2,1,1
"E00159735",2,1,1
"E00159736",6,3,3
"E00159737",0,0,0
"E00159739",2,0,2
"E00159740",3,2,1
"E00159741",3,1,2
"E00159742",2,0,2
"E00159743",1,0,1
"E00159744",9,2,7
"E00159745",3,1,2
"E00159747",5,0,5
"E00159748",7,3,4
"E00159750",7,5,2
"E00159751",4,3,1
"E00159752",6,4,2
"E00159753",9,4,5
"E00159754",7,4,3
"E00159755",3,1,2
"E00159756",9,4,5
"E00159757",3,2,1
"E00159758",2,1,1
"E00159760",5,2,3
"E00159761",0,0,0
"E00159762",4,1,3
"E00159763",1,1,0
"E00159764",6,4,2
"E00159765",5,4,1
"E00159766",8,4,4
"E00159767",8,3,5
"E00159768",2,0,2
"E00159769",8,5,3
"E00159770",1,0,1
"E00159771",1,0,1
"E00159772",0,0,0
"E00159773",1,1,0
"E00159774",0,0,0
"E00159775",2,0,2
"E00159776",4,2,2
"E00159777",2,1,1
"E00159778",1,0,1
"E00159779",0,0,0
"E00159780",0,0,0
"E00159781",3,1,2
"E00159782",4,2,2
"E00159783",5,3,2
"E00159784",1,1,0
"E00159785",3,2,1
"E00159786",4,3,1
"E00159787",1,0,1
"E00159788",2,0,2
"E00159789",2,2,0
"E00159790",4,2,2
"E00159791",2,0,2
"E00159792",6,2,4
"E00159793",4,3,1
"E00159794",6,1,5
"E00159795",3,1,2
"E00159796",0,0,0
"E00159797",2,0,2
"E00159798",6,6,0
"E00159799",9,5,4
"E00159800",3,1,2
"E00159801",6,4,2
"E00159802",5,2,3
"E00159803",2,2,0
"E00159804",1,1,0
"E00159805",2,0,2
"E00159806",4,0,4
"E00159807",1,0,1
"E00159808",0,0,0
"E00159809",0,0,0
"E00159810",2,0,2
"E00159811",1,1,0
"E00159812",0,0,0
"E00159813",4,3,1
"E00159814",0,0,0
"E00159815",1,1,0
"E00159816",1,1,0
"E00159817",6,3,3
"E00159818",0,0,0
"E00159819",1,1,0
"E00159820",2,2,0
"E00159821",1,0,1
"E00159822",1,1,0
"E00159823",1,0,1
"E00159824",5,4,1
"E00159825",3,1,2
"E00159826",4,3,1
"E00159827",0,0,0
"E00159828",3,1,2
"E00159829",4,2,2
"E00159830",1,0,1
"E00159831",1,0,1
"E00159832",0,0,0
"E00159833",1,0,1
"E00159834",2,1,1
"E00159835",0,0,0
"E00159836",6,4,2
"E00159837",5,1,4
"E00159838",0,0,0
"E00159839",1,1,0
"E00159840",3,0,3
"E00159841",1,0,1
"E00159842",0,0,0
"E00159843",5,1,4
"E00159844",3,1,2
"E00159845",6,4,2
"E00159846",0,0,0
"E00159847",0,0,0
"E00159848",1,1,0
"E00159849",4,1,3
"E00159850",0,0,0
"E00159851",4,1,3
"E00159852",3,1,2
"E00159853",0,0,0
"E00159854",2,2,0
"E00159855",4,2,2
"E00159856",5,5,0
"E00159857",3,1,2
"E00159858",3,2,1
"E00159859",3,0,3
"E00159860",1,0,1
"E00159861",1,1,0
"E00159862",40,32,8
"E00159863",9,5,4
"E00159864",1,0,1
"E00159865",0,0,0
"E00159866",5,2,3
"E00159867",0,0,0
"E00159868",3,1,2
"E00159869",2,1,1
"E00159870",0,0,0
"E00159871",3,2,1
"E00159872",5,3,2
"E00159873",4,3,1
"E00159874",0,0,0
"E00159875",6,2,4
"E00159876",4,2,2
"E00159877",5,2,3
"E00159878",3,3,0
"E00159879",0,0,0
"E00159880",2,1,1
"E00159881",3,0,3
"E00159883",8,4,4
"E00159884",3,0,3
"E00159885",7,2,5
"E00159886",5,2,3
"E00159887",6,2,4
"E00159888",1,1,0
"E00159889",1,1,0
"E00159890",9,1,8
"E00159891",3,2,1
"E00159892",1,1,0
"E00159893",1,1,0
"E00159894",0,0,0
"E00159895",5,1,4
"E00159896",0,0,0
"E00159897",2,1,1
"E00159898",2,1,1
"E00159899",4,2,2
"E00159900",6,3,3
"E00159901",0,0,0
"E00159902",1,0,1
"E00159903",0,0,0
"E00159904",3,2,1
"E00159905",1,0,1
"E00159906",3,0,3
"E00159907",2,1,1
"E00159908",3,1,2
"E00159909",3,0,3
"E00159910",0,0,0
"E00159911",0,0,0
"E00159912",2,0,2
"E00159913",0,0,0
"E00159914",5,4,1
"E00159915",1,0,1
"E00159916",5,2,3
"E00159917",1,1,0
"E00159918",2,2,0
"E00159919",2,1,1
"E00159920",4,3,1
"E00159921",4,1,3
"E00159922",9,7,2
"E00159923",2,2,0
"E00159924",1,1,0
"E00159925",4,2,2
"E00159926",4,1,3
"E00159927",1,1,0
"E00159929",1,1,0
"E00159930",4,2,2
"E00159931",3,1,2
"E00159932",1,0,1
"E00159933",3,1,2
"E00159934",4,2,2
"E00159935",7,5,2
"E00159936",1,0,1
"E00159937",6,5,1
"E00159938",2,2,0
"E00159939",1,0,1
"E00159940",4,0,4
"E00159941",2,2,0
"E00159942",4,2,2
"E00159943",2,0,2
"E00159944",6,4,2
"E00159945",4,3,1
"E00159946",1,0,1
"E00159947",1,1,0
"E00159948",5,3,2
"E00159949",2,1,1
"E00159950",1,0,1
"E00159951",1,1,0
"E00159952",2,1,1
"E00159953",0,0,0
"E00159954",3,1,2
"E00159955",3,1,2
"E00159956",0,0,0
"E00159957",1,0,1
"E00159958",2,1,1
"E00159959",5,4,1
"E00159960",1,0,1
"E00159961",4,1,3
"E00159962",3,1,2
"E00159963",2,0,2
"E00159964",10,6,4
"E00159965",1,0,1
"E00159966",1,1,0
"E00159967",2,0,2
"E00159968",1,0,1
"E00159969",0,0,0
"E00159970",0,0,0
"E00159971",3,1,2
"E00159972",2,1,1
"E00159973",0,0,0
"E00159974",0,0,0
"E00159975",3,1,2
"E00159976",0,0,0
"E00159977",0,0,0
"E00159978",2,1,1
"E00159979",4,0,4
"E00159980",0,0,0
"E00159981",3,2,1
"E00159982",1,0,1
"E00159983",0,0,0
"E00159984",0,0,0
"E00159985",0,0,0
"E00159986",2,1,1
"E00159987",0,0,0
"E00159988",1,1,0
"E00159989",4,3,1
"E00159990",1,0,1
"E00159991",3,3,0
"E00159992",2,2,0
"E00159993",2,1,1
"E00159994",1,1,0
"E00159995",0,0,0
"E00159996",1,0,1
"E00159997",0,0,0
"E00159998",3,0,3
"E00159999",5,3,2
"E00160000",9,4,5
"E00160001",0,0,0
"E00160002",0,0,0
"E00160003",7,3,4
"E00160004",4,2,2
"E00160005",7,4,3
"E00160006",1,0,1
"E00160007",7,2,5
"E00160008",1,1,0
"E00160009",1,1,0
"E00160010",4,3,1
"E00160011",3,0,3
"E00160012",2,0,2
"E00160013",0,0,0
"E00160014",0,0,0
"E00160015",5,2,3
"E00160016",5,2,3
"E00160017",0,0,0
"E00160018",1,1,0
"E00160019",7,4,3
"E00160020",0,0,0
"E00160021",2,2,0
"E00160022",4,2,2
"E00160023",3,2,1
"E00160024",1,1,0
"E00160025",0,0,0
"E00160026",6,4,2
"E00160027",2,1,1
"E00160028",6,4,2
"E00160029",0,0,0
"E00160030",2,1,1
"E00160031",2,2,0
"E00160032",6,2,4
"E00160033",3,0,3
"E00160034",8,6,2
"E00160035",0,0,0
"E00160037",6,4,2
"E00160038",4,1,3
"E00160040",1,1,0
"E00160041",0,0,0
"E00160042",4,1,3
"E00160043",2,1,1
"E00160044",3,2,1
"E00160045",4,2,2
"E00160046",0,0,0
"E00160047",6,5,1
"E00160048",2,1,1
"E00160049",2,0,2
"E00160050",3,2,1
"E00160051",4,3,1
"E00160052",2,0,2
"E00160053",3,2,1
"E00160054",2,1,1
"E00160055",0,0,0
"E00160056",0,0,0
"E00160057",1,0,1
"E00160058",1,0,1
"E00160059",6,5,1
"E00160060",7,4,3
"E00160061",2,1,1
"E00160062",0,0,0
"E00160063",1,0,1
"E00160064",5,1,4
"E00160065",5,2,3
"E00160066",7,3,4
"E00160067",8,6,2
"E00160068",0,0,0
"E00160069",3,1,2
"E00160070",0,0,0
"E00160071",6,4,2
"E00160072",7,1,6
"E00160073",8,3,5
"E00160074",0,0,0
"E00160075",0,0,0
"E00160076",2,1,1
"E00160077",9,6,3
"E00160078",0,0,0
"E00160079",9,6,3
"E00160080",10,4,6
"E00160081",8,6,2
"E00160082",6,4,2
"E00160083",7,3,4
"E00160084",8,2,6
"E00160085",12,4,8
"E00160086",2,2,0
"E00160087",0,0,0
"E00160088",7,2,5
"E00160089",5,2,3
"E00160090",1,1,0
"E00160091",4,3,1
"E00160092",9,4,5
"E00160093",2,0,2
"E00160094",10,4,6
"E00160095",12,4,8
"E00160096",7,3,4
"E00160097",8,4,4
"E00160098",4,3,1
"E00160099",0,0,0
"E00160100",4,3,1
"E00160101",4,4,0
"E00160102",0,0,0
"E00160103",6,1,5
"E00160104",2,1,1
"E00160105",2,1,1
"E00160106",0,0,0
"E00160107",1,1,0
"E00160108",0,0,0
"E00160109",6,2,4
"E00160110",4,1,3
"E00160111",4,2,2
"E00160112",1,1,0
"E00160113",0,0,0
"E00160114",0,0,0
"E00160115",0,0,0
"E00160116",2,1,1
"E00160117",5,3,2
"E00160118",0,0,0
"E00160119",1,1,0
"E00160120",2,1,1
"E00160121",2,0,2
"E00160122",0,0,0
"E00160123",2,2,0
"E00160124",8,5,3
"E00160125",2,0,2
"E00160126",8,3,5
"E00160127",0,0,0
"E00160128",4,1,3
"E00160129",2,1,1
"E00160130",3,0,3
"E00160131",3,2,1
"E00160132",0,0,0
"E00160133",0,0,0
"E00160134",1,1,0
"E00160135",0,0,0
"E00160136",1,0,1
"E00160137",0,0,0
"E00160138",1,1,0
"E00160139",1,1,0
"E00160140",3,3,0
"E00160141",0,0,0
"E00160142",1,1,0
"E00160143",1,0,1
"E00160144",10,6,4
"E00160145",6,2,4
"E00160146",2,2,0
"E00160147",1,0,1
"E00160148",3,2,1
"E00160149",4,1,3
"E00160150",8,3,5
"E00160152",3,1,2
"E00160153",0,0,0
"E00160154",0,0,0
"E00160155",5,4,1
"E00160156",1,1,0
"E00160157",2,0,2
"E00160158",1,1,0
"E00160159",0,0,0
"E00160160",2,2,0
"E00160161",3,1,2
"E00160162",1,1,0
"E00160163",5,4,1
"E00160164",4,4,0
"E00160165",2,1,1
"E00160166",1,1,0
"E00160167",9,6,3
"E00160168",4,3,1
"E00160169",0,0,0
"E00160170",1,1,0
"E00160171",2,0,2
"E00160172",1,1,0
"E00160173",2,0,2
"E00160174",4,3,1
"E00160175",1,1,0
"E00160176",3,1,2
"E00160177",3,0,3
"E00160178",1,1,0
"E00160179",3,2,1
"E00160180",3,1,2
"E00160181",1,0,1
"E00160182",3,0,3
"E00160183",4,1,3
"E00160184",11,2,9
"E00160185",0,0,0
"E00160186",1,1,0
"E00160187",6,3,3
"E00160188",9,4,5
"E00160189",5,1,4
"E00160190",4,3,1
"E00160191",0,0,0
"E00160192",1,1,0
"E00160193",2,2,0
"E00160194",4,2,2
"E00160195",4,1,3
"E00160196",3,2,1
"E00160197",2,2,0
"E00160198",1,0,1
"E00160199",5,3,2
"E00160200",3,2,1
"E00160201",1,1,0
"E00160202",4,4,0
"E00160203",6,5,1
"E00160204",1,0,1
"E00160205",4,4,0
"E00160206",5,2,3
"E00160207",7,3,4
"E00160208",2,1,1
"E00160209",5,3,2
"E00160210",9,4,5
"E00160211",0,0,0
"E00160212",2,0,2
"E00160213",6,2,4
"E00160214",2,2,0
"E00160215",3,0,3
"E00160216",1,0,1
"E00160217",0,0,0
"E00160218",4,1,3
"E00160219",1,1,0
"E00160220",4,2,2
"E00160221",6,3,3
"E00160222",1,1,0
"E00160223",2,0,2
"E00160224",2,2,0
"E00160225",6,3,3
"E00160226",2,1,1
"E00160227",4,4,0
"E00160228",1,1,0
"E00160229",0,0,0
"E00160230",4,1,3
"E00160231",6,2,4
"E00160232",5,3,2
"E00160233",4,1,3
"E00160234",3,1,2
"E00160235",0,0,0
"E00160236",3,2,1
"E00160237",2,2,0
"E00160238",4,2,2
"E00160239",7,5,2
"E00160240",1,0,1
"E00160241",2,1,1
"E00160242",4,3,1
"E00160243",6,3,3
"E00160244",1,1,0
"E00160245",7,7,0
"E00160246",2,2,0
"E00160247",5,2,3
"E00160248",4,2,2
"E00160249",5,3,2
"E00160250",3,1,2
"E00160251",2,1,1
"E00160252",3,2,1
"E00160253",0,0,0
"E00160254",6,5,1
"E00160255",3,1,2
"E00160256",4,3,1
"E00160257",0,0,0
"E00160258",0,0,0
"E00160259",1,1,0
"E00160260",2,0,2
"E00160261",1,1,0
"E00160262",0,0,0
"E00160263",3,2,1
"E00160264",1,1,0
"E00160265",2,0,2
"E00160266",0,0,0
"E00160267",0,0,0
"E00160268",0,0,0
"E00160269",1,1,0
"E00160270",2,2,0
"E00160271",0,0,0
"E00160273",0,0,0
"E00160274",1,0,1
"E00160275",0,0,0
"E00160276",0,0,0
"E00160277",2,2,0
"E00160278",0,0,0
"E00160279",1,1,0
"E00160280",0,0,0
"E00160281",6,4,2
"E00160282",2,0,2
"E00160283",2,0,2
"E00160284",6,2,4
"E00160285",1,0,1
"E00160286",3,2,1
"E00160287",2,1,1
"E00160288",1,1,0
"E00160289",1,0,1
"E00160290",0,0,0
"E00160291",0,0,0
"E00160292",2,0,2
"E00160293",0,0,0
"E00160294",0,0,0
"E00160295",1,1,0
"E00160296",1,1,0
"E00160297",7,6,1
"E00160298",0,0,0
"E00160299",1,1,0
"E00160300",2,0,2
"E00160301",1,1,0
"E00160302",4,3,1
"E00160303",0,0,0
"E00160304",3,2,1
"E00160305",0,0,0
"E00160306",3,2,1
"E00160307",0,0,0
"E00160308",0,0,0
"E00160309",9,4,5
"E00160310",4,2,2
"E00160311",2,1,1
"E00160312",3,2,1
"E00160313",6,3,3
"E00160314",6,4,2
"E00160315",1,1,0
"E00160316",1,0,1
"E00160317",1,0,1
"E00160318",3,2,1
"E00160319",0,0,0
"E00160320",5,1,4
"E00160321",7,2,5
"E00160322",0,0,0
"E00160323",2,2,0
"E00160324",7,5,2
"E00160325",1,0,1
"E00160326",5,3,2
"E00160327",0,0,0
"E00160328",3,0,3
"E00160329",0,0,0
"E00160330",8,3,5
"E00160331",0,0,0
"E00160332",3,2,1
"E00160333",1,1,0
"E00160334",5,3,2
"E00160335",1,1,0
"E00160336",4,2,2
"E00160337",3,0,3
"E00160338",0,0,0
"E00160339",3,1,2
"E00160340",7,3,4
"E00160341",1,1,0
"E00160342",1,0,1
"E00160343",1,1,0
"E00160344",2,2,0
"E00160345",2,2,0
"E00160346",2,0,2
"E00160347",2,0,2
"E00160348",2,0,2
"E00160349",4,2,2
"E00160350",0,0,0
"E00160351",4,3,1
"E00160352",5,3,2
"E00160353",0,0,0
"E00160354",4,2,2
"E00160355",1,1,0
"E00160356",0,0,0
"E00160357",1,0,1
"E00160358",1,1,0
"E00160359",6,4,2
"E00160360",0,0,0
"E00160361",1,0,1
"E00160362",1,1,0
"E00160363",0,0,0
"E00160364",2,1,1
"E00160365",0,0,0
"E00160366",3,2,1
"E00160367",4,1,3
"E00160368",5,3,2
"E00160369",1,1,0
"E00160370",0,0,0
"E00160371",1,0,1
"E00160372",1,1,0
"E00160373",3,1,2
"E00160374",2,2,0
"E00160375",6,3,3
"E00160376",1,0,1
"E00160377",0,0,0
"E00160378",3,1,2
"E00160379",0,0,0
"E00160380",3,3,0
"E00160381",2,1,1
"E00160382",1,1,0
"E00160383",3,2,1
"E00160384",7,4,3
"E00160385",2,1,1
"E00160386",1,1,0
"E00160387",2,0,2
"E00160388",0,0,0
"E00160389",3,2,1
"E00160390",5,4,1
"E00160391",3,1,2
"E00160392",0,0,0
"E00160393",1,0,1
"E00160394",1,0,1
"E00160395",3,2,1
"E00160396",4,2,2
"E00160397",5,3,2
"E00160398",2,2,0
"E00160399",3,3,0
"E00160400",2,0,2
"E00160401",5,2,3
"E00160402",3,2,1
"E00160403",1,0,1
"E00160404",0,0,0
"E00160405",8,5,3
"E00160406",1,0,1
"E00160407",2,1,1
"E00160408",4,3,1
"E00160409",0,0,0
"E00160410",1,0,1
"E00160411",3,2,1
"E00160412",1,0,1
"E00160413",1,0,1
"E00160414",10,8,2
"E00160415",5,4,1
"E00160416",0,0,0
"E00160417",2,1,1
"E00160418",3,1,2
"E00160419",4,3,1
"E00160420",0,0,0
"E00160421",4,3,1
"E00160422",3,1,2
"E00160423",5,1,4
"E00160424",4,2,2
"E00160425",0,0,0
"E00160426",4,3,1
"E00160427",0,0,0
"E00160428",4,3,1
"E00160429",0,0,0
"E00160430",1,0,1
"E00160431",3,1,2
"E00160432",3,1,2
"E00160433",1,1,0
"E00160434",2,2,0
"E00160435",0,0,0
"E00160436",1,1,0
"E00160437",3,0,3
"E00160438",1,1,0
"E00160439",0,0,0
"E00160440",6,2,4
"E00160441",0,0,0
"E00160442",1,0,1
"E00160443",0,0,0
"E00160444",3,2,1
"E00160445",6,5,1
"E00160446",0,0,0
"E00160447",8,5,3
"E00160448",3,2,1
"E00160449",2,2,0
"E00160450",1,0,1
"E00160451",0,0,0
"E00160452",2,2,0
"E00160453",1,1,0
"E00160454",2,0,2
"E00160455",2,1,1
"E00160456",1,0,1
"E00160457",0,0,0
"E00160458",2,1,1
"E00160459",6,1,5
"E00160460",4,1,3
"E00160461",3,1,2
"E00160462",3,2,1
"E00160463",8,7,1
"E00160464",2,1,1
"E00160465",1,1,0
"E00160466",14,7,7
"E00160467",2,1,1
"E00160468",2,1,1
"E00160469",7,3,4
"E00160470",3,3,0
"E00160471",1,0,1
"E00160472",1,1,0
"E00160473",3,1,2
"E00160474",0,0,0
"E00160475",1,1,0
"E00160476",3,0,3
"E00160477",4,3,1
"E00160478",0,0,0
"E00160479",1,0,1
"E00160480",4,1,3
"E00160481",3,1,2
"E00160482",1,1,0
"E00160483",2,1,1
"E00160484",5,2,3
"E00160486",0,0,0
"E00160487",7,4,3
"E00160488",0,0,0
"E00160489",2,2,0
"E00160490",1,0,1
"E00160492",3,0,3
"E00160493",8,4,4
"E00160494",1,1,0
"E00160495",4,2,2
"E00160496",8,4,4
"E00160497",4,3,1
"E00160498",5,3,2
"E00160499",5,2,3
"E00160500",2,1,1
"E00160501",7,4,3
"E00160502",2,1,1
"E00160503",1,0,1
"E00160504",18,9,9
"E00160505",2,1,1
"E00160506",3,1,2
"E00160507",10,6,4
"E00160508",2,1,1
"E00160509",9,6,3
"E00160510",6,3,3
"E00160511",13,6,7
"E00160512",11,5,6
"E00160513",5,2,3
"E00160514",3,1,2
"E00160515",7,5,2
"E00160516",13,9,4
"E00160517",3,1,2
"E00160518",12,4,8
"E00160519",10,4,6
"E00160520",6,4,2
"E00160521",11,4,7
"E00160522",4,3,1
"E00160523",3,2,1
"E00160524",9,4,5
"E00160525",4,2,2
"E00160526",9,3,6
"E00160528",11,5,6
"E00160529",15,9,6
"E00160530",12,4,8
"E00160531",21,18,3
"E00160532",18,12,6
"E00160533",11,8,3
"E00160535",10,2,8
"E00160536",0,0,0
"E00160537",1,0,1
"E00160538",0,0,0
"E00160540",1,1,0
"E00160541",0,0,0
"E00160542",0,0,0
"E00160543",1,0,1
"E00160544",6,3,3
"E00160545",2,0,2
"E00160546",5,1,4
"E00160547",0,0,0
"E00160548",4,4,0
"E00160549",0,0,0
"E00160550",6,5,1
"E00160551",5,3,2
"E00160552",2,1,1
"E00160553",5,3,2
"E00160554",0,0,0
"E00160555",1,1,0
"E00160556",0,0,0
"E00160557",1,1,0
"E00160558",6,6,0
"E00160559",2,2,0
"E00160560",3,1,2
"E00160561",6,3,3
"E00160562",8,0,8
"E00160563",8,0,8
"E00160564",6,4,2
"E00160565",2,1,1
"E00160566",3,2,1
"E00160567",3,2,1
"E00160568",12,4,8
"E00160569",3,0,3
"E00160570",3,1,2
"E00160571",11,4,7
"E00160572",11,3,8
"E00160573",4,2,2
"E00160574",3,2,1
"E00160575",8,5,3
"E00160576",5,0,5
"E00160577",12,5,7
"E00160578",11,6,5
"E00160579",0,0,0
"E00160580",3,1,2
"E00160581",1,0,1
"E00160582",2,1,1
"E00160583",27,9,18
"E00160584",3,3,0
"E00160585",1,0,1
"E00160586",4,2,2
"E00160587",6,2,4
"E00160588",4,1,3
"E00160589",13,5,8
"E00160590",5,5,0
"E00160591",3,2,1
"E00160592",0,0,0
"E00160593",4,1,3
"E00160594",1,0,1
"E00160595",5,3,2
"E00160596",5,2,3
"E00160597",2,2,0
"E00160598",0,0,0
"E00160599",7,4,3
"E00160600",0,0,0
"E00160601",5,3,2
"E00160602",1,1,0
"E00160603",1,0,1
"E00160604",0,0,0
"E00160605",7,5,2
"E00160606",0,0,0
"E00160607",0,0,0
"E00160608",3,1,2
"E00160609",4,2,2
"E00160610",1,1,0
"E00160611",4,1,3
"E00160612",3,3,0
"E00160613",3,2,1
"E00160614",6,2,4
"E00160615",1,1,0
"E00160616",4,2,2
"E00160617",7,5,2
"E00160618",0,0,0
"E00160619",5,4,1
"E00160620",6,2,4
"E00160621",9,5,4
"E00160622",2,2,0
"E00160623",3,3,0
"E00160624",10,4,6
"E00160625",7,3,4
"E00160626",5,3,2
"E00160627",9,7,2
"E00160628",9,5,4
"E00160629",8,4,4
"E00160630",3,1,2
"E00160631",7,2,5
"E00160632",6,5,1
"E00160633",13,5,8
"E00160634",14,10,4
"E00160635",21,12,9
"E00160636",16,12,4
"E00160637",13,7,6
"E00160638",11,7,4
"E00160639",7,1,6
"E00160640",7,4,3
"E00160641",0,0,0
"E00160642",5,3,2
"E00160643",0,0,0
"E00160644",5,3,2
"E00160645",5,2,3
"E00160646",2,1,1
"E00160647",4,3,1
"E00160648",2,0,2
"E00160649",3,2,1
"E00160650",3,3,0
"E00160651",0,0,0
"E00160652",4,1,3
"E00160653",10,5,5
"E00160654",14,9,5
"E00160655",17,9,8
"E00160656",8,4,4
"E00160657",19,12,7
"E00160658",7,2,5
"E00160659",5,4,1
"E00160660",3,1,2
"E00160661",0,0,0
"E00160662",6,5,1
"E00160663",15,6,9
"E00160664",6,3,3
"E00160665",38,24,14
"E00160666",8,5,3
"E00160667",4,2,2
"E00160668",6,3,3
"E00160669",13,4,9
"E00160670",0,0,0
"E00160671",7,0,7
"E00160672",5,2,3
"E00160673",9,5,4
"E00160674",14,8,6
"E00160675",5,3,2
"E00160676",25,14,11
"E00160677",7,5,2
"E00160678",1,1,0
"E00160679",8,5,3
"E00160680",17,10,7
"E00160681",4,1,3
"E00160682",6,2,4
"E00160683",15,6,9
"E00160684",16,6,10
"E00160685",33,15,18
"E00160686",10,4,6
"E00160687",11,7,4
"E00160688",0,0,0
"E00160689",12,5,7
"E00160690",12,4,8
"E00160691",4,2,2
"E00160692",0,0,0
"E00160693",3,1,2
"E00160694",9,7,2
"E00160695",12,5,7
"E00160697",7,2,5
"E00160698",0,0,0
"E00160699",1,0,1
"E00160700",4,3,1
"E00160701",4,4,0
"E00160702",7,3,4
"E00160703",1,1,0
"E00160704",7,5,2
"E00160705",3,2,1
"E00160706",3,1,2
"E00160707",1,1,0
"E00160708",3,2,1
"E00160709",6,2,4
"E00160710",1,0,1
"E00160711",3,2,1
"E00160712",0,0,0
"E00160713",6,5,1
"E00160714",3,2,1
"E00160715",2,1,1
"E00160716",4,2,2
"E00160717",7,2,5
"E00160718",8,5,3
"E00160719",13,8,5
"E00160720",1,1,0
"E00160721",7,4,3
"E00160722",14,11,3
"E00160723",16,5,11
"E00160724",9,4,5
"E00160725",1,0,1
"E00160726",12,5,7
"E00160727",10,8,2
"E00160728",9,4,5
"E00160729",3,1,2
"E00160730",2,2,0
"E00160731",12,3,9
"E00160732",4,0,4
"E00160733",2,0,2
"E00160734",6,4,2
"E00160735",4,2,2
"E00160736",2,1,1
"E00160737",0,0,0
"E00160738",2,2,0
"E00160739",5,4,1
"E00160740",5,4,1
"E00160741",7,6,1
"E00160742",18,11,7
"E00160743",10,6,4
"E00160744",19,11,8
"E00160745",7,5,2
"E00160746",22,13,9
"E00160747",5,3,2
"E00160748",5,2,3
"E00160749",1,0,1
"E00160750",12,6,6
"E00160751",24,8,16
"E00160752",10,6,4
"E00160753",0,0,0
"E00160754",15,7,8
"E00160755",13,11,2
"E00160756",15,6,9
"E00160757",12,3,9
"E00160758",21,9,12
"E00160759",4,3,1
"E00160760",2,1,1
"E00160761",26,12,14
"E00160762",10,6,4
"E00160763",18,5,13
"E00160764",2,1,1
"E00160765",0,0,0
"E00160766",2,0,2
"E00160767",0,0,0
"E00160768",5,3,2
"E00160769",2,1,1
"E00160770",1,0,1
"E00160771",0,0,0
"E00160772",3,0,3
"E00160773",0,0,0
"E00160774",1,1,0
"E00160775",3,0,3
"E00160777",1,1,0
"E00160778",1,0,1
"E00160779",1,0,1
"E00160780",4,1,3
"E00160781",4,2,2
"E00160782",0,0,0
"E00160783",2,0,2
"E00160784",0,0,0
"E00160785",2,0,2
"E00160786",4,1,3
"E00160787",4,2,2
"E00160788",0,0,0
"E00160789",2,0,2
"E00160790",3,1,2
"E00160791",1,0,1
"E00160792",3,2,1
"E00160793",7,4,3
"E00160794",0,0,0
"E00160795",3,1,2
"E00160796",6,6,0
"E00160797",5,3,2
"E00160798",1,1,0
"E00160799",0,0,0
"E00160800",1,1,0
"E00160801",5,2,3
"E00160802",0,0,0
"E00160803",6,3,3
"E00160804",2,0,2
"E00160805",8,3,5
"E00160806",11,8,3
"E00160807",3,2,1
"E00160808",12,11,1
"E00160809",6,3,3
"E00160810",6,5,1
"E00160811",8,2,6
"E00160812",7,3,4
"E00160813",1,1,0
"E00160814",5,3,2
"E00160815",5,2,3
"E00160816",1,0,1
"E00160817",0,0,0
"E00160818",0,0,0
"E00160819",4,3,1
"E00160820",5,3,2
"E00160821",4,2,2
"E00160822",1,0,1
"E00160823",7,6,1
"E00160824",2,2,0
"E00160825",8,4,4
"E00160826",2,1,1
"E00160827",13,6,7
"E00160828",3,1,2
"E00160829",3,0,3
"E00160831",0,0,0
"E00160832",10,8,2
"E00160833",1,0,1
"E00160834",9,7,2
"E00160835",11,5,6
"E00160836",11,7,4
"E00160837",29,18,11
"E00160838",2,2,0
"E00160839",6,2,4
"E00160840",7,4,3
"E00160841",5,4,1
"E00160842",1,1,0
"E00160844",0,0,0
"E00160845",4,4,0
"E00160846",6,4,2
"E00160847",2,2,0
"E00160848",4,1,3
"E00160849",10,5,5
"E00160850",10,4,6
"E00160851",3,3,0
"E00160852",3,1,2
"E00160853",6,3,3
"E00160854",17,6,11
"E00160856",4,3,1
"E00160857",1,0,1
"E00160858",0,0,0
"E00160859",7,5,2
"E00160861",2,2,0
"E00160862",6,4,2
"E00160863",22,11,11
"E00160864",0,0,0
"E00160865",0,0,0
"E00160866",4,3,1
"E00160867",13,7,6
"E00160868",3,2,1
"E00160869",5,4,1
"E00160870",7,3,4
"E00160871",0,0,0
"E00160872",4,1,3
"E00160873",21,13,8
"E00160874",0,0,0
"E00160875",13,9,4
"E00160876",2,0,2
"E00160877",1,1,0
"E00160878",15,9,6
"E00160879",12,8,4
"E00160880",9,5,4
"E00160881",4,4,0
"E00160882",5,3,2
"E00160883",4,4,0
"E00160884",5,2,3
"E00160885",5,2,3
"E00160886",4,1,3
"E00160887",4,1,3
"E00160888",7,2,5
"E00160889",0,0,0
"E00160890",7,2,5
"E00160891",5,2,3
"E00160892",2,1,1
"E00160893",7,3,4
"E00160894",4,1,3
"E00160895",4,1,3
"E00160896",6,4,2
"E00160897",4,2,2
"E00160898",2,1,1
"E00160899",3,2,1
"E00160900",5,3,2
"E00160901",2,2,0
"E00160902",4,4,0
"E00160903",0,0,0
"E00160904",5,1,4
"E00160905",2,1,1
"E00160906",4,2,2
"E00160907",11,8,3
"E00160908",5,3,2
"E00160909",1,1,0
"E00160910",8,3,5
"E00160911",7,3,4
"E00160912",3,0,3
"E00160913",4,0,4
"E00160914",1,1,0
"E00160915",2,0,2
"E00160916",0,0,0
"E00160917",0,0,0
"E00160918",5,1,4
"E00160919",4,2,2
"E00160920",0,0,0
"E00160921",6,3,3
"E00160922",4,2,2
"E00160923",0,0,0
"E00160924",2,0,2
"E00160925",5,4,1
"E00160926",0,0,0
"E00160927",5,3,2
"E00160928",1,0,1
"E00160929",0,0,0
"E00160930",0,0,0
"E00160931",1,0,1
"E00160932",2,0,2
"E00160933",6,4,2
"E00160934",0,0,0
"E00160935",4,4,0
"E00160936",2,2,0
"E00160937",4,1,3
"E00160938",1,1,0
"E00160939",5,2,3
"E00160940",3,3,0
"E00160941",0,0,0
"E00160942",3,1,2
"E00160943",4,3,1
"E00160944",4,2,2
"E00160945",3,1,2
"E00160946",5,2,3
"E00160947",6,2,4
"E00160948",1,0,1
"E00160949",4,4,0
"E00160950",9,4,5
"E00160951",10,6,4
"E00160952",0,0,0
"E00160953",4,0,4
"E00160954",1,1,0
"E00160955",1,1,0
"E00160956",4,3,1
"E00160957",5,2,3
"E00160958",4,3,1
"E00160959",6,4,2
"E00160960",2,0,2
"E00160961",2,1,1
"E00160962",2,2,0
"E00160963",0,0,0
"E00160964",5,3,2
"E00160965",0,0,0
"E00160966",2,0,2
"E00160967",5,4,1
"E00160968",5,3,2
"E00160969",8,4,4
"E00160970",5,3,2
"E00160971",3,1,2
"E00160972",2,1,1
"E00160973",4,2,2
"E00160974",1,1,0
"E00160975",5,2,3
"E00160976",2,1,1
"E00160977",2,0,2
"E00160978",1,0,1
"E00160979",6,2,4
"E00160980",2,1,1
"E00160981",3,2,1
"E00160982",2,1,1
"E00160983",3,2,1
"E00160984",3,1,2
"E00160985",3,0,3
"E00160986",1,0,1
"E00160987",5,3,2
"E00160988",1,0,1
"E00160989",1,0,1
"E00160990",0,0,0
"E00160991",1,0,1
"E00160992",5,2,3
"E00160993",6,3,3
"E00160994",0,0,0
"E00160995",3,1,2
"E00160996",1,0,1
"E00160997",9,5,4
"E00160998",0,0,0
"E00160999",4,2,2
"E00161000",6,5,1
"E00161001",1,0,1
"E00161002",5,2,3
"E00161003",3,0,3
"E00161004",1,1,0
"E00161005",4,1,3
"E00161006",0,0,0
"E00161007",3,1,2
"E00161008",1,0,1
"E00161009",1,1,0
"E00161010",1,1,0
"E00161011",4,4,0
"E00161012",0,0,0
"E00161013",2,1,1
"E00161014",1,0,1
"E00161015",2,1,1
"E00161017",9,5,4
"E00161018",3,0,3
"E00161019",1,0,1
"E00161020",1,1,0
"E00161021",5,3,2
"E00161022",3,1,2
"E00161023",1,0,1
"E00161024",1,1,0
"E00161025",1,0,1
"E00161026",7,3,4
"E00161027",1,1,0
"E00161028",4,1,3
"E00161029",0,0,0
"E00161030",3,1,2
"E00161031",2,1,1
"E00161032",4,1,3
"E00161033",2,1,1
"E00161034",6,2,4
"E00161035",0,0,0
"E00161036",5,4,1
"E00161037",7,2,5
"E00161038",7,2,5
"E00161039",0,0,0
"E00161040",4,1,3
"E00161041",11,5,6
"E00161043",3,2,1
"E00161044",1,0,1
"E00161045",4,2,2
"E00161046",4,2,2
"E00161047",8,4,4
"E00161048",4,0,4
"E00161049",1,1,0
"E00161050",3,2,1
"E00161051",4,3,1
"E00161052",0,0,0
"E00161053",1,0,1
"E00161054",2,1,1
"E00161055",1,0,1
"E00161056",8,6,2
"E00161057",3,2,1
"E00161058",1,0,1
"E00161059",1,1,0
"E00161060",0,0,0
"E00161062",0,0,0
"E00161063",4,0,4
"E00161064",4,1,3
"E00161065",3,1,2
"E00161066",2,0,2
"E00161067",5,1,4
"E00161068",2,1,1
"E00161069",1,0,1
"E00161070",4,2,2
"E00161071",3,3,0
"E00161072",3,1,2
"E00161073",0,0,0
"E00161074",6,4,2
"E00161075",3,2,1
"E00161076",3,2,1
"E00161077",1,1,0
"E00161078",10,5,5
"E00161079",3,2,1
"E00161080",5,0,5
"E00161081",4,0,4
"E00161082",3,1,2
"E00161083",11,7,4
"E00161084",2,1,1
"E00161085",5,2,3
"E00161086",2,1,1
"E00161087",10,7,3
"E00161088",2,0,2
"E00161089",2,1,1
"E00161090",7,2,5
"E00161091",4,1,3
"E00161092",6,2,4
"E00161093",8,6,2
"E00161094",5,2,3
"E00161095",7,2,5
"E00161096",6,3,3
"E00161097",3,2,1
"E00161098",4,2,2
"E00161099",8,5,3
"E00161100",5,3,2
"E00161101",4,2,2
"E00161102",1,1,0
"E00161103",1,0,1
"E00161104",2,0,2
"E00161106",0,0,0
"E00161107",5,3,2
"E00161108",16,6,10
"E00161109",1,1,0
"E00161110",2,2,0
"E00161111",1,0,1
"E00161112",3,1,2
"E00161114",5,2,3
"E00161115",9,5,4
"E00161116",6,2,4
"E00161117",0,0,0
"E00161118",11,7,4
"E00161119",6,3,3
"E00161120",10,3,7
"E00161121",2,1,1
"E00161122",6,3,3
"E00161123",4,2,2
"E00161124",3,2,1
"E00161125",2,0,2
"E00161126",1,0,1
"E00161127",1,0,1
"E00161128",0,0,0
"E00161129",2,2,0
"E00161130",3,0,3
"E00161131",3,0,3
"E00161132",7,2,5
"E00161133",2,1,1
"E00161134",8,2,6
"E00161135",1,0,1
"E00161136",4,2,2
"E00161137",2,2,0
"E00161138",4,1,3
"E00161139",1,1,0
"E00161140",0,0,0
"E00161141",3,1,2
"E00161142",6,5,1
"E00161143",3,2,1
"E00161144",2,2,0
"E00161145",3,2,1
"E00161146",2,1,1
"E00161147",0,0,0
"E00161148",2,0,2
"E00161149",3,1,2
"E00161150",5,3,2
"E00161151",2,1,1
"E00161152",2,2,0
"E00161153",5,2,3
"E00161155",6,4,2
"E00161156",3,2,1
"E00161157",4,2,2
"E00161158",3,1,2
"E00161159",1,1,0
"E00161160",4,2,2
"E00161161",3,1,2
"E00161162",0,0,0
"E00161163",1,0,1
"E00161164",1,0,1
"E00161165",2,0,2
"E00161166",2,1,1
"E00161167",7,5,2
"E00161168",4,3,1
"E00161169",4,0,4
"E00161170",1,0,1
"E00161171",2,0,2
"E00161172",4,3,1
"E00161173",4,2,2
"E00161174",1,0,1
"E00161175",3,0,3
"E00161176",4,3,1
"E00161177",5,2,3
"E00161178",1,1,0
"E00161179",0,0,0
"E00161180",2,1,1
"E00161181",2,2,0
"E00161182",1,0,1
"E00161183",0,0,0
"E00161184",0,0,0
"E00161185",2,2,0
"E00161186",4,3,1
"E00161187",1,0,1
"E00161188",1,0,1
"E00161189",3,2,1
"E00161190",0,0,0
"E00161191",0,0,0
"E00161192",3,2,1
"E00161193",0,0,0
"E00161194",3,1,2
"E00161195",2,1,1
"E00161196",0,0,0
"E00161197",3,1,2
"E00161198",4,2,2
"E00161199",5,2,3
"E00161200",1,1,0
"E00161201",2,0,2
"E00161202",1,0,1
"E00161203",2,1,1
"E00161204",1,1,0
"E00161205",6,4,2
"E00161207",5,3,2
"E00161208",6,4,2
"E00161209",11,3,8
"E00161211",4,3,1
"E00161212",12,4,8
"E00161213",30,17,13
"E00161214",2,0,2
"E00161215",7,1,6
"E00161216",8,5,3
"E00161217",6,3,3
"E00161218",4,2,2
"E00161219",3,1,2
"E00161220",6,4,2
"E00161221",3,2,1
"E00161222",10,7,3
"E00161223",4,2,2
"E00161224",10,3,7
"E00161225",13,6,7
"E00161226",18,13,5
"E00161227",8,4,4
"E00161228",3,1,2
"E00161229",11,5,6
"E00161230",2,2,0
"E00161231",3,1,2
"E00161232",10,6,4
"E00161233",5,2,3
"E00161234",5,5,0
"E00161235",3,2,1
"E00161236",6,2,4
"E00161237",4,1,3
"E00161238",4,4,0
"E00161239",1,0,1
"E00161240",5,4,1
"E00161241",4,2,2
"E00161242",4,2,2
"E00161243",5,2,3
"E00161244",6,6,0
"E00161245",6,3,3
"E00161246",5,1,4
"E00161247",9,4,5
"E00161248",5,3,2
"E00161249",4,0,4
"E00161250",2,2,0
"E00161251",7,3,4
"E00161252",10,3,7
"E00161253",7,5,2
"E00161254",6,5,1
"E00161255",9,4,5
"E00161256",4,1,3
"E00161257",3,0,3
"E00161258",5,1,4
"E00161259",7,2,5
"E00161260",7,1,6
"E00161261",4,2,2
"E00161262",9,3,6
"E00161263",5,3,2
"E00161264",7,3,4
"E00161265",21,12,9
"E00161266",6,3,3
"E00161267",8,4,4
"E00161268",5,1,4
"E00161269",9,5,4
"E00161270",13,7,6
"E00161271",11,7,4
"E00161272",16,7,9
"E00161273",10,4,6
"E00161274",10,7,3
"E00161275",2,2,0
"E00161276",6,4,2
"E00161277",11,9,2
"E00161278",5,3,2
"E00161279",5,3,2
"E00161280",7,6,1
"E00161281",4,3,1
"E00161282",8,2,6
"E00161283",5,3,2
"E00161284",4,4,0
"E00161285",3,2,1
"E00161286",6,5,1
"E00161287",4,1,3
"E00161288",10,5,5
"E00161289",10,5,5
"E00161290",2,1,1
"E00161291",3,2,1
"E00161292",2,0,2
"E00161293",7,3,4
"E00161294",8,6,2
"E00161295",0,0,0
"E00161296",2,1,1
"E00161297",6,2,4
"E00161298",4,4,0
"E00161299",2,1,1
"E00161300",1,1,0
"E00161301",7,4,3
"E00161302",1,1,0
"E00161303",1,0,1
"E00161304",6,3,3
"E00161305",0,0,0
"E00161306",9,4,5
"E00161307",3,2,1
"E00161309",7,4,3
"E00161310",10,7,3
"E00161311",2,1,1
"E00161312",7,0,7
"E00161313",11,9,2
"E00161314",11,7,4
"E00161315",4,1,3
"E00161316",1,0,1
"E00161317",4,1,3
"E00161318",11,7,4
"E00161319",8,5,3
"E00161320",7,2,5
"E00161321",15,7,8
"E00161322",10,4,6
"E00161323",9,3,6
"E00161324",7,5,2
"E00161325",0,0,0
"E00161326",10,5,5
"E00161327",6,2,4
"E00161328",5,0,5
"E00161330",4,2,2
"E00161331",4,3,1
"E00161332",8,3,5
"E00161333",3,1,2
"E00161334",5,3,2
"E00161335",3,1,2
"E00161336",5,3,2
"E00161337",1,1,0
"E00161338",1,0,1
"E00161339",6,4,2
"E00161340",10,6,4
"E00161341",0,0,0
"E00161342",4,2,2
"E00161343",10,6,4
"E00161344",1,0,1
"E00161345",2,2,0
"E00161346",3,0,3
"E00161347",12,6,6
"E00161349",7,1,6
"E00161350",12,9,3
"E00161351",4,2,2
"E00161352",10,4,6
"E00161354",6,3,3
"E00161355",7,3,4
"E00161356",8,4,4
"E00161357",0,0,0
"E00161358",6,3,3
"E00161359",12,6,6
"E00161360",6,3,3
"E00161361",2,0,2
"E00161362",3,1,2
"E00161363",5,4,1
"E00161364",4,1,3
"E00161365",5,4,1
"E00161366",3,3,0
"E00161367",8,4,4
"E00161368",8,4,4
"E00161369",6,1,5
"E00161370",6,4,2
"E00161371",1,1,0
"E00161372",6,3,3
"E00161373",3,3,0
"E00161374",9,6,3
"E00161375",5,3,2
"E00161376",12,6,6
"E00161377",17,7,10
"E00161378",1,0,1
"E00161379",20,13,7
"E00161380",7,2,5
"E00161381",9,4,5
"E00161382",2,1,1
"E00161383",8,3,5
"E00161384",5,2,3
"E00161385",3,2,1
"E00161386",8,2,6
"E00161387",0,0,0
"E00161388",8,5,3
"E00161389",5,3,2
"E00161390",5,2,3
"E00161391",5,0,5
"E00161392",6,3,3
"E00161393",6,3,3
"E00161394",3,0,3
"E00161395",6,5,1
"E00161396",0,0,0
"E00161398",2,1,1
"E00161399",2,2,0
"E00161400",11,5,6
"E00161401",0,0,0
"E00161402",2,1,1
"E00161403",2,0,2
"E00161404",10,4,6
"E00161405",8,2,6
"E00161406",6,4,2
"E00161407",2,0,2
"E00161408",6,2,4
"E00161409",4,2,2
"E00161410",4,1,3
"E00161411",3,1,2
"E00161412",7,6,1
"E00161413",7,2,5
"E00161414",4,3,1
"E00161415",12,6,6
"E00161416",4,2,2
"E00161417",0,0,0
"E00161418",8,5,3
"E00161419",6,4,2
"E00161420",5,4,1
"E00161421",3,2,1
"E00161422",3,2,1
"E00161423",6,2,4
"E00161424",3,0,3
"E00161425",2,0,2
"E00161426",6,3,3
"E00161427",3,1,2
"E00161428",3,2,1
"E00161429",3,2,1
"E00161430",1,1,0
"E00161431",6,3,3
"E00161432",4,2,2
"E00161433",2,0,2
"E00161434",4,3,1
"E00161435",2,0,2
"E00161436",7,4,3
"E00161437",6,4,2
"E00161438",22,13,9
"E00161439",7,3,4
"E00161440",13,8,5
"E00161441",4,1,3
"E00161442",4,2,2
"E00161443",15,8,7
"E00161444",13,7,6
"E00161445",11,8,3
"E00161446",12,8,4
"E00161447",4,1,3
"E00161448",1,1,0
"E00161449",4,1,3
"E00161450",12,9,3
"E00161451",20,9,11
"E00161452",11,7,4
"E00161453",7,3,4
"E00161454",11,5,6
"E00161455",9,8,1
"E00161456",17,11,6
"E00161457",7,3,4
"E00161458",7,3,4
"E00161459",1,0,1
"E00161460",11,5,6
"E00161461",5,4,1
"E00161462",14,8,6
"E00161463",6,2,4
"E00161464",2,0,2
"E00161465",2,0,2
"E00161466",2,1,1
"E00161467",12,9,3
"E00161468",13,9,4
"E00161469",1,0,1
"E00161470",12,3,9
"E00161471",19,11,8
"E00161473",7,2,5
"E00161474",16,8,8
"E00161475",6,2,4
"E00161476",6,5,1
"E00161477",1,1,0
"E00161478",4,2,2
"E00161479",3,3,0
"E00161480",4,1,3
"E00161481",3,2,1
"E00161482",8,3,5
"E00161483",6,1,5
"E00161484",5,2,3
"E00161485",3,3,0
"E00161486",5,2,3
"E00161487",0,0,0
"E00161488",7,3,4
"E00161489",4,1,3
"E00161490",5,0,5
"E00161491",4,4,0
"E00161492",4,3,1
"E00161493",0,0,0
"E00161494",1,0,1
"E00161495",4,2,2
"E00161496",2,1,1
"E00161497",6,3,3
"E00161498",1,1,0
"E00161499",3,1,2
"E00161500",5,2,3
"E00161501",1,0,1
"E00161502",5,1,4
"E00161503",2,1,1
"E00161504",4,4,0
"E00161505",1,1,0
"E00161506",5,3,2
"E00161507",5,2,3
"E00161508",9,8,1
"E00161509",5,3,2
"E00161510",5,3,2
"E00161511",9,4,5
"E00161512",2,1,1
"E00161513",5,2,3
"E00161514",2,1,1
"E00161515",2,0,2
"E00161516",3,1,2
"E00161517",4,3,1
"E00161518",4,2,2
"E00161519",0,0,0
"E00161520",1,0,1
"E00161521",3,2,1
"E00161522",16,9,7
"E00161523",13,6,7
"E00161524",14,3,11
"E00161525",6,3,3
"E00161526",15,10,5
"E00161527",11,2,9
"E00161528",4,1,3
"E00161529",17,9,8
"E00161530",10,3,7
"E00161531",7,3,4
"E00161532",8,4,4
"E00161533",7,4,3
"E00161534",7,4,3
"E00161535",3,1,2
"E00161536",5,3,2
"E00161537",13,8,5
"E00161539",7,1,6
"E00161540",10,7,3
"E00161541",2,1,1
"E00161542",0,0,0
"E00161543",9,5,4
"E00161544",6,3,3
"E00161545",5,3,2
"E00161546",3,2,1
"E00161547",8,4,4
"E00161548",1,1,0
"E00161549",11,6,5
"E00161550",4,2,2
"E00161551",20,12,8
"E00161552",6,1,5
"E00161553",11,5,6
"E00161554",12,7,5
"E00161555",2,1,1
"E00161556",1,0,1
"E00161557",1,0,1
"E00161558",3,2,1
"E00161559",6,3,3
"E00161560",8,3,5
"E00161561",7,4,3
"E00161562",10,5,5
"E00161563",21,13,8
"E00161564",3,2,1
"E00161565",10,5,5
"E00161566",8,5,3
"E00161567",15,11,4
"E00161568",10,5,5
"E00161569",9,6,3
"E00161570",4,2,2
"E00161571",1,1,0
"E00161572",0,0,0
"E00161573",8,4,4
"E00161574",3,2,1
"E00161575",3,1,2
"E00161576",19,12,7
"E00161577",2,1,1
"E00161578",2,1,1
"E00161579",1,1,0
"E00161580",0,0,0
"E00161581",12,6,6
"E00161582",3,0,3
"E00161583",3,2,1
"E00161584",8,5,3
"E00161585",7,3,4
"E00161586",8,4,4
"E00161587",2,1,1
"E00161588",4,2,2
"E00161589",6,4,2
"E00161590",6,4,2
"E00161591",4,2,2
"E00161592",3,3,0
"E00161593",8,4,4
"E00161594",18,8,10
"E00161595",8,4,4
"E00161596",0,0,0
"E00161597",5,1,4
"E00161598",4,1,3
"E00161600",7,4,3
"E00161601",9,6,3
"E00161602",5,1,4
"E00161603",4,3,1
"E00161604",4,1,3
"E00161605",9,4,5
"E00161606",7,4,3
"E00161607",7,3,4
"E00161608",5,3,2
"E00161609",4,3,1
"E00161611",5,2,3
"E00161612",6,2,4
"E00161613",15,3,12
"E00161614",12,10,2
"E00161615",7,5,2
"E00161616",3,2,1
"E00161617",6,2,4
"E00161618",1,0,1
"E00161619",3,2,1
"E00161620",6,1,5
"E00161622",6,4,2
"E00161623",6,2,4
"E00161624",6,4,2
"E00161625",7,5,2
"E00161626",16,12,4
"E00161627",8,4,4
"E00161628",8,3,5
"E00161629",10,6,4
"E00161630",2,1,1
"E00161631",5,2,3
"E00161632",9,8,1
"E00161633",7,3,4
"E00161634",18,9,9
"E00161635",8,4,4
"E00161636",11,4,7
"E00161637",13,7,6
"E00161638",12,7,5
"E00161639",14,8,6
"E00161640",1,1,0
"E00161641",7,3,4
"E00161642",7,6,1
"E00161643",3,2,1
"E00161644",6,2,4
"E00161645",4,3,1
"E00161646",3,1,2
"E00161647",4,2,2
"E00161648",8,3,5
"E00161649",6,3,3
"E00161650",2,0,2
"E00161651",5,3,2
"E00161652",2,1,1
"E00161653",4,2,2
"E00161654",6,2,4
"E00161655",1,1,0
"E00161656",12,5,7
"E00161657",1,0,1
"E00161658",7,3,4
"E00161659",9,4,5
"E00161660",11,2,9
"E00161661",9,4,5
"E00161662",8,6,2
"E00161663",2,1,1
"E00161664",7,1,6
"E00161665",1,1,0
"E00161666",3,2,1
"E00161667",7,4,3
"E00161668",9,5,4
"E00161669",4,1,3
"E00161670",2,1,1
"E00161671",2,2,0
"E00161672",4,2,2
"E00161673",1,1,0
"E00161674",1,1,0
"E00161675",2,0,2
"E00161676",5,5,0
"E00161677",5,3,2
"E00161678",2,1,1
"E00161679",6,5,1
"E00161680",10,4,6
"E00161681",7,2,5
"E00161682",3,1,2
"E00161683",5,3,2
"E00161684",5,2,3
"E00161685",6,2,4
"E00161686",4,2,2
"E00161687",3,1,2
"E00161688",3,2,1
"E00161689",3,1,2
"E00161690",11,6,5
"E00161691",4,4,0
"E00161692",2,2,0
"E00161693",0,0,0
"E00161694",6,2,4
"E00161695",0,0,0
"E00161696",3,2,1
"E00161697",0,0,0
"E00161698",1,1,0
"E00161699",3,3,0
"E00161700",4,2,2
"E00161701",1,1,0
"E00161702",8,6,2
"E00161703",4,1,3
"E00161704",4,2,2
"E00161705",0,0,0
"E00161706",1,0,1
"E00161707",1,0,1
"E00161708",0,0,0
"E00161709",1,1,0
"E00161710",4,0,4
"E00161711",3,3,0
"E00161712",9,5,4
"E00161713",5,2,3
"E00161714",1,1,0
"E00161715",4,0,4
"E00161716",4,2,2
"E00161717",0,0,0
"E00161718",8,3,5
"E00161719",10,7,3
"E00161720",9,6,3
"E00161721",2,1,1
"E00161722",0,0,0
"E00161723",3,2,1
"E00161724",8,4,4
"E00161725",0,0,0
"E00161726",7,3,4
"E00161727",0,0,0
"E00161728",1,0,1
"E00161729",2,0,2
"E00161730",2,0,2
"E00161731",3,0,3
"E00161732",11,6,5
"E00161733",5,2,3
"E00161734",4,1,3
"E00161735",3,3,0
"E00161736",6,2,4
"E00161737",7,3,4
"E00161738",7,6,1
"E00161739",3,1,2
"E00161740",4,3,1
"E00161741",3,2,1
"E00161742",7,2,5
"E00161743",4,0,4
"E00161744",11,6,5
"E00161745",8,4,4
"E00161746",0,0,0
"E00161747",6,4,2
"E00161748",6,2,4
"E00161749",7,3,4
"E00161750",1,0,1
"E00161751",23,19,4
"E00161752",4,1,3
"E00161753",1,0,1
"E00161754",6,2,4
"E00161755",9,4,5
"E00161756",6,3,3
"E00161757",1,0,1
"E00161758",3,2,1
"E00161759",7,5,2
"E00161760",6,4,2
"E00161761",12,8,4
"E00161762",8,4,4
"E00161763",3,2,1
"E00161764",5,2,3
"E00161765",3,3,0
"E00161766",16,8,8
"E00161767",9,6,3
"E00161768",3,2,1
"E00161769",9,6,3
"E00161770",9,3,6
"E00161771",7,1,6
"E00161772",18,9,9
"E00161773",2,1,1
"E00161774",4,1,3
"E00161775",4,1,3
"E00161776",15,8,7
"E00161777",9,5,4
"E00161778",8,5,3
"E00161779",13,7,6
"E00161780",8,3,5
"E00161781",11,7,4
"E00161782",5,3,2
"E00161783",13,8,5
"E00161784",11,8,3
"E00161785",7,6,1
"E00161786",4,4,0
"E00161787",2,0,2
"E00161788",10,6,4
"E00161789",4,3,1
"E00161790",4,2,2
"E00161791",6,2,4
"E00161792",3,2,1
"E00161793",7,4,3
"E00161794",2,1,1
"E00161795",4,1,3
"E00161796",3,1,2
"E00161797",2,0,2
"E00161798",3,2,1
"E00161799",5,4,1
"E00161800",2,0,2
"E00161801",7,3,4
"E00161802",10,3,7
"E00161803",1,0,1
"E00161804",9,3,6
"E00161805",7,4,3
"E00161806",3,1,2
"E00161807",5,1,4
"E00161808",9,2,7
"E00161809",7,4,3
"E00161810",3,1,2
"E00161811",3,1,2
"E00161812",6,3,3
"E00161813",6,5,1
"E00161814",5,1,4
"E00161815",2,2,0
"E00161816",9,4,5
"E00161817",4,1,3
"E00161818",14,8,6
"E00161819",8,3,5
"E00161820",9,6,3
"E00161821",10,4,6
"E00161822",8,4,4
"E00161823",3,3,0
"E00161824",6,4,2
"E00161825",8,6,2
"E00161826",6,2,4
"E00161827",4,1,3
"E00161828",12,9,3
"E00161829",11,5,6
"E00161830",5,3,2
"E00161831",12,11,1
"E00161832",4,1,3
"E00161833",12,6,6
"E00161834",7,2,5
"E00161835",5,1,4
"E00161836",10,6,4
"E00161837",10,5,5
"E00161838",3,2,1
"E00161839",9,6,3
"E00161840",7,5,2
"E00161841",8,4,4
"E00161842",3,1,2
"E00161843",7,4,3
"E00161844",14,5,9
"E00161845",11,10,1
"E00161846",4,2,2
"E00161847",5,1,4
"E00161848",8,4,4
"E00161849",2,0,2
"E00161850",2,1,1
"E00161851",15,6,9
"E00161852",6,4,2
"E00161853",3,3,0
"E00161854",1,1,0
"E00161855",4,1,3
"E00161856",3,0,3
"E00161857",3,1,2
"E00161858",7,5,2
"E00161859",2,1,1
"E00161861",2,1,1
"E00161862",3,2,1
"E00161863",5,2,3
"E00161864",2,1,1
"E00161865",4,2,2
"E00161866",7,4,3
"E00161867",9,5,4
"E00161868",5,2,3
"E00161869",10,6,4
"E00161870",6,2,4
"E00161871",7,5,2
"E00161872",6,2,4
"E00161873",3,2,1
"E00161874",4,1,3
"E00161875",0,0,0
"E00161876",6,2,4
"E00161877",9,4,5
"E00161878",3,1,2
"E00161879",5,3,2
"E00161880",3,2,1
"E00161881",6,5,1
"E00161882",6,4,2
"E00161883",1,0,1
"E00161884",3,1,2
"E00161885",12,2,10
"E00161886",1,0,1
"E00161887",2,2,0
"E00161888",5,3,2
"E00161889",3,1,2
"E00161890",0,0,0
"E00161891",3,1,2
"E00161892",3,0,3
"E00161893",4,4,0
"E00161894",0,0,0
"E00161895",4,2,2
"E00161896",2,0,2
"E00161897",5,3,2
"E00161898",5,1,4
"E00161899",7,1,6
"E00161900",3,0,3
"E00161901",1,0,1
"E00161902",1,1,0
"E00161903",7,2,5
"E00161904",6,1,5
"E00161905",2,1,1
"E00161906",4,2,2
"E00161907",0,0,0
"E00161908",4,2,2
"E00161909",3,1,2
"E00161910",7,3,4
"E00161913",2,1,1
"E00161914",8,4,4
"E00161915",10,1,9
"E00161916",0,0,0
"E00161917",1,1,0
"E00161918",1,0,1
"E00161919",4,1,3
"E00161920",2,1,1
"E00161921",2,1,1
"E00161922",9,3,6
"E00161923",7,4,3
"E00161924",7,3,4
"E00161925",6,2,4
"E00161926",1,0,1
"E00161927",2,0,2
"E00161928",14,6,8
"E00161929",5,5,0
"E00161930",12,7,5
"E00161931",10,4,6
"E00161932",1,1,0
"E00161933",1,0,1
"E00161934",2,1,1
"E00161935",7,3,4
"E00161936",3,3,0
"E00161937",7,3,4
"E00161938",5,3,2
"E00161939",5,3,2
"E00161940",10,4,6
"E00161941",4,2,2
"E00161942",4,2,2
"E00161943",6,2,4
"E00161944",4,2,2
"E00161945",3,2,1
"E00161946",4,2,2
"E00161947",3,0,3
"E00161948",4,4,0
"E00161949",0,0,0
"E00161950",4,1,3
"E00161951",2,2,0
"E00161952",15,8,7
"E00161953",7,3,4
"E00161954",6,3,3
"E00161955",14,6,8
"E00161957",10,3,7
"E00161958",0,0,0
"E00161959",7,3,4
"E00161960",1,1,0
"E00161961",1,1,0
"E00161962",19,8,11
"E00161963",20,9,11
"E00161964",3,2,1
"E00161965",5,3,2
"E00161966",4,2,2
"E00161967",12,7,5
"E00161968",7,6,1
"E00161969",8,3,5
"E00161970",15,7,8
"E00161971",8,3,5
"E00161972",6,4,2
"E00161973",12,8,4
"E00161974",9,5,4
"E00161975",4,1,3
"E00161976",11,2,9
"E00161977",6,2,4
"E00161978",5,4,1
"E00161979",15,7,8
"E00161980",13,7,6
"E00161981",13,9,4
"E00161982",15,9,6
"E00161983",6,3,3
"E00161984",5,4,1
"E00161985",10,4,6
"E00161986",8,3,5
"E00161987",3,2,1
"E00161988",4,2,2
"E00161989",5,1,4
"E00161990",7,4,3
"E00161991",33,23,10
"E00161992",2,0,2
"E00161993",3,2,1
"E00161994",5,4,1
"E00161995",2,2,0
"E00161996",1,0,1
"E00161997",9,5,4
"E00161998",7,4,3
"E00161999",6,4,2
"E00162000",2,1,1
"E00162001",2,1,1
"E00162002",6,3,3
"E00162003",1,0,1
"E00162004",3,1,2
"E00162005",5,2,3
"E00162006",4,2,2
"E00162007",12,7,5
"E00162008",14,9,5
"E00162009",2,1,1
"E00162010",7,5,2
"E00162011",3,3,0
"E00162012",5,3,2
"E00162013",9,4,5
"E00162014",6,3,3
"E00162015",15,9,6
"E00162016",5,2,3
"E00162017",4,3,1
"E00162018",8,4,4
"E00162019",6,5,1
"E00162020",12,8,4
"E00162021",4,1,3
"E00162022",5,2,3
"E00162023",3,3,0
"E00162024",3,1,2
"E00162025",4,1,3
"E00162026",15,8,7
"E00162027",3,1,2
"E00162028",7,5,2
"E00162029",9,2,7
"E00162030",3,1,2
"E00162031",1,0,1
"E00162032",4,2,2
"E00162033",1,1,0
"E00162034",3,2,1
"E00162035",2,1,1
"E00162036",2,1,1
"E00162037",1,1,0
"E00162038",5,3,2
"E00162039",6,2,4
"E00162040",1,0,1
"E00162041",2,0,2
"E00162042",7,1,6
"E00162043",1,1,0
"E00162044",0,0,0
"E00162045",1,1,0
"E00162046",1,1,0
"E00162047",3,0,3
"E00162048",7,4,3
"E00162049",0,0,0
"E00162050",0,0,0
"E00162051",5,3,2
"E00162052",5,3,2
"E00162053",4,2,2
"E00162054",3,1,2
"E00162055",1,1,0
"E00162056",3,1,2
"E00162057",1,1,0
"E00162058",0,0,0
"E00162059",2,1,1
"E00162060",7,4,3
"E00162061",2,1,1
"E00162062",2,1,1
"E00162063",0,0,0
"E00162064",3,1,2
"E00162065",4,3,1
"E00162066",2,0,2
"E00162067",2,2,0
"E00162068",0,0,0
"E00162069",0,0,0
"E00162070",1,0,1
"E00162071",6,4,2
"E00162072",7,1,6
"E00162073",1,1,0
"E00162074",0,0,0
"E00162075",2,2,0
"E00162076",4,2,2
"E00162077",1,1,0
"E00162078",0,0,0
"E00162079",0,0,0
"E00162080",2,2,0
"E00162081",0,0,0
"E00162082",2,2,0
"E00162083",2,2,0
"E00162084",1,0,1
"E00162085",3,1,2
"E00162086",1,0,1
"E00162087",0,0,0
"E00162088",1,0,1
"E00162089",1,1,0
"E00162090",3,2,1
"E00162091",2,1,1
"E00162092",0,0,0
"E00162093",1,0,1
"E00162094",3,2,1
"E00162095",2,1,1
"E00162096",6,2,4
"E00162097",4,3,1
"E00162098",7,3,4
"E00162099",5,1,4
"E00162100",6,2,4
"E00162101",1,0,1
"E00162102",7,4,3
"E00162103",3,1,2
"E00162104",1,0,1
"E00162105",0,0,0
"E00162106",4,4,0
"E00162107",4,4,0
"E00162108",3,2,1
"E00162109",1,1,0
"E00162110",4,2,2
"E00162111",2,2,0
"E00162112",0,0,0
"E00162113",1,0,1
"E00162114",0,0,0
"E00162115",8,0,8
"E00162116",0,0,0
"E00162117",1,1,0
"E00162118",3,2,1
"E00162119",2,0,2
"E00162120",0,0,0
"E00162121",0,0,0
"E00162122",0,0,0
"E00162123",1,1,0
"E00162124",2,1,1
"E00162125",3,0,3
"E00162126",0,0,0
"E00162127",0,0,0
"E00162128",0,0,0
"E00162129",0,0,0
"E00162130",5,2,3
"E00162131",3,2,1
"E00162132",6,3,3
"E00162133",0,0,0
"E00162134",1,1,0
"E00162135",4,3,1
"E00162136",0,0,0
"E00162137",2,1,1
"E00162138",6,2,4
"E00162139",0,0,0
"E00162140",8,3,5
"E00162141",0,0,0
"E00162142",1,1,0
"E00162143",0,0,0
"E00162144",2,1,1
"E00162145",1,1,0
"E00162146",4,2,2
"E00162147",4,2,2
"E00162148",4,3,1
"E00162149",1,1,0
"E00162150",2,1,1
"E00162151",5,3,2
"E00162152",3,2,1
"E00162153",6,3,3
"E00162154",5,1,4
"E00162155",0,0,0
"E00162156",6,2,4
"E00162157",0,0,0
"E00162158",8,4,4
"E00162159",4,2,2
"E00162160",8,5,3
"E00162161",6,3,3
"E00162162",2,0,2
"E00162163",3,1,2
"E00162164",5,2,3
"E00162165",0,0,0
"E00162166",6,3,3
"E00162167",2,1,1
"E00162168",8,3,5
"E00162169",4,4,0
"E00162170",9,5,4
"E00162171",3,2,1
"E00162172",5,3,2
"E00162173",4,1,3
"E00162174",4,1,3
"E00162175",3,2,1
"E00162176",3,2,1
"E00162177",6,1,5
"E00162178",2,2,0
"E00162179",5,2,3
"E00162180",2,0,2
"E00162181",4,2,2
"E00162182",3,1,2
"E00162183",1,1,0
"E00162184",1,1,0
"E00162185",1,1,0
"E00162186",0,0,0
"E00162187",3,2,1
"E00162188",3,1,2
"E00162189",0,0,0
"E00162190",0,0,0
"E00162191",1,1,0
"E00162192",3,2,1
"E00162193",1,0,1
"E00162194",1,0,1
"E00162195",3,2,1
"E00162196",0,0,0
"E00162197",6,2,4
"E00162198",5,3,2
"E00162199",1,1,0
"E00162200",0,0,0
"E00162201",1,1,0
"E00162202",6,3,3
"E00162203",0,0,0
"E00162204",0,0,0
"E00162205",1,0,1
"E00162206",4,2,2
"E00162207",1,1,0
"E00162208",5,1,4
"E00162209",2,1,1
"E00162210",3,2,1
"E00162211",4,3,1
"E00162212",6,3,3
"E00162213",3,1,2
"E00162214",4,2,2
"E00162215",5,3,2
"E00162216",0,0,0
"E00162217",3,2,1
"E00162218",0,0,0
"E00162219",1,1,0
"E00162220",0,0,0
"E00162221",0,0,0
"E00162222",0,0,0
"E00162223",1,1,0
"E00162224",7,3,4
"E00162225",0,0,0
"E00162226",6,2,4
"E00162227",5,2,3
"E00162228",1,0,1
"E00162229",4,3,1
"E00162230",5,3,2
"E00162231",1,1,0
"E00162232",7,3,4
"E00162233",3,1,2
"E00162234",10,6,4
"E00162235",1,0,1
"E00162236",2,2,0
"E00162237",0,0,0
"E00162238",5,2,3
"E00162239",1,0,1
"E00162240",3,1,2
"E00162241",1,1,0
"E00162242",2,0,2
"E00162243",5,0,5
"E00162244",0,0,0
"E00162245",6,3,3
"E00162246",2,1,1
"E00162247",5,4,1
"E00162248",4,1,3
"E00162249",2,1,1
"E00162250",3,1,2
"E00162251",9,3,6
"E00162252",1,1,0
"E00162253",3,3,0
"E00162254",1,1,0
"E00162255",3,1,2
"E00162256",6,2,4
"E00162257",2,1,1
"E00162258",0,0,0
"E00162259",1,1,0
"E00162260",3,1,2
"E00162261",4,3,1
"E00162262",0,0,0
"E00162263",10,5,5
"E00162264",0,0,0
"E00162265",9,1,8
"E00162266",0,0,0
"E00162267",2,0,2
"E00162268",1,1,0
"E00162269",3,1,2
"E00162270",4,3,1
"E00162271",12,3,9
"E00162272",5,3,2
"E00162273",5,2,3
"E00162274",2,0,2
"E00162275",2,2,0
"E00162276",16,10,6
"E00162277",6,2,4
"E00162278",2,0,2
"E00162279",12,5,7
"E00162280",11,8,3
"E00162281",3,2,1
"E00162282",1,1,0
"E00162283",2,0,2
"E00162284",5,4,1
"E00162285",4,3,1
"E00162286",1,1,0
"E00162287",0,0,0
"E00162288",3,0,3
"E00162289",4,1,3
"E00162290",7,2,5
"E00162291",6,3,3
"E00162292",1,1,0
"E00162293",2,1,1
"E00162294",16,9,7
"E00162295",2,1,1
"E00162296",2,1,1
"E00162297",7,3,4
"E00162298",6,3,3
"E00162299",5,3,2
"E00162300",3,2,1
"E00162301",1,0,1
"E00162302",2,0,2
"E00162303",2,2,0
"E00162304",2,1,1
"E00162305",0,0,0
"E00162306",3,2,1
"E00162307",2,0,2
"E00162308",4,2,2
"E00162309",9,3,6
"E00162310",5,2,3
"E00162311",3,1,2
"E00162312",3,1,2
"E00162313",0,0,0
"E00162314",0,0,0
"E00162315",2,0,2
"E00162316",0,0,0
"E00162317",1,1,0
"E00162318",3,1,2
"E00162319",5,1,4
"E00162320",1,1,0
"E00162321",4,3,1
"E00162322",5,3,2
"E00162323",7,2,5
"E00162324",6,3,3
"E00162325",2,2,0
"E00162326",0,0,0
"E00162327",5,2,3
"E00162328",0,0,0
"E00162329",6,4,2
"E00162330",2,1,1
"E00162331",4,1,3
"E00162332",0,0,0
"E00162333",0,0,0
"E00162334",4,3,1
"E00162335",1,1,0
"E00162336",1,1,0
"E00162337",4,3,1
"E00162338",1,0,1
"E00162339",1,1,0
"E00162340",2,2,0
"E00162341",0,0,0
"E00162342",5,1,4
"E00162343",2,1,1
"E00162344",6,2,4
"E00162345",3,3,0
"E00162346",4,1,3
"E00162347",2,0,2
"E00162348",4,2,2
"E00162349",4,2,2
"E00162350",1,0,1
"E00162351",4,3,1
"E00162352",0,0,0
"E00162353",6,4,2
"E00162354",5,0,5
"E00162355",9,6,3
"E00162356",7,4,3
"E00162357",0,0,0
"E00162358",6,4,2
"E00162359",4,2,2
"E00162360",6,3,3
"E00162361",4,0,4
"E00162362",3,2,1
"E00162363",10,4,6
"E00162364",0,0,0
"E00162365",0,0,0
"E00162366",4,1,3
"E00162367",1,0,1
"E00162368",2,1,1
"E00162369",8,3,5
"E00162370",4,1,3
"E00162371",4,2,2
"E00162372",7,5,2
"E00162373",0,0,0
"E00162374",3,2,1
"E00162375",4,2,2
"E00162376",2,0,2
"E00162377",4,3,1
"E00162378",3,0,3
"E00162379",8,3,5
"E00162380",0,0,0
"E00162381",6,3,3
"E00162382",2,0,2
"E00162383",18,9,9
"E00162384",5,1,4
"E00162385",8,5,3
"E00162386",6,3,3
"E00162387",9,7,2
"E00162388",3,2,1
"E00162389",13,9,4
"E00162390",4,3,1
"E00162391",3,0,3
"E00162392",7,5,2
"E00162393",5,2,3
"E00162394",9,4,5
"E00162395",6,2,4
"E00162396",5,4,1
"E00162397",9,7,2
"E00162398",3,3,0
"E00162399",7,4,3
"E00162400",11,9,2
"E00162401",3,0,3
"E00162402",16,6,10
"E00162403",12,4,8
"E00162404",0,0,0
"E00162405",5,1,4
"E00162406",12,7,5
"E00162407",11,3,8
"E00162408",7,4,3
"E00162409",11,5,6
"E00162410",15,7,8
"E00162411",6,0,6
"E00162412",4,1,3
"E00162413",7,2,5
"E00162414",4,3,1
"E00162415",9,2,7
"E00162416",4,2,2
"E00162417",2,1,1
"E00162418",0,0,0
"E00162419",9,5,4
"E00162420",9,4,5
"E00162421",15,7,8
"E00162422",7,4,3
"E00162423",13,5,8
"E00162424",1,1,0
"E00162425",4,1,3
"E00162427",8,3,5
"E00162428",4,1,3
"E00162429",11,6,5
"E00162430",9,4,5
"E00162431",12,7,5
"E00162432",8,4,4
"E00162433",8,5,3
"E00162434",2,1,1
"E00162435",10,4,6
"E00162436",10,6,4
"E00162437",8,3,5
"E00162439",6,1,5
"E00162440",4,2,2
"E00162441",1,0,1
"E00162442",5,1,4
"E00162443",4,1,3
"E00162444",0,0,0
"E00162445",8,2,6
"E00162446",4,1,3
"E00162447",2,0,2
"E00162448",2,0,2
"E00162449",5,3,2
"E00162450",1,1,0
"E00162451",7,2,5
"E00162452",4,1,3
"E00162453",2,0,2
"E00162454",2,1,1
"E00162455",3,2,1
"E00162456",4,3,1
"E00162457",2,2,0
"E00162458",3,2,1
"E00162459",1,1,0
"E00162460",14,7,7
"E00162461",16,8,8
"E00162462",0,0,0
"E00162463",6,4,2
"E00162464",0,0,0
"E00162465",3,0,3
"E00162466",5,2,3
"E00162467",0,0,0
"E00162468",3,1,2
"E00162469",3,1,2
"E00162470",1,0,1
"E00162471",5,4,1
"E00162472",11,8,3
"E00162473",2,0,2
"E00162474",8,5,3
"E00162475",7,3,4
"E00162476",7,6,1
"E00162477",4,2,2
"E00162478",7,2,5
"E00162479",5,1,4
"E00162480",7,5,2
"E00162481",14,8,6
"E00162482",9,5,4
"E00162483",13,7,6
"E00162484",8,5,3
"E00162486",15,8,7
"E00162487",3,2,1
"E00162488",2,0,2
"E00162489",0,0,0
"E00162490",6,3,3
"E00162491",2,1,1
"E00162492",3,3,0
"E00162493",0,0,0
"E00162494",1,0,1
"E00162495",3,0,3
"E00162496",1,0,1
"E00162497",2,0,2
"E00162498",1,1,0
"E00162499",1,1,0
"E00162500",14,5,9
"E00162501",4,3,1
"E00162502",4,2,2
"E00162503",1,1,0
"E00162504",5,2,3
"E00162505",2,2,0
"E00162506",4,4,0
"E00162507",19,13,6
"E00162508",6,3,3
"E00162509",0,0,0
"E00162510",5,0,5
"E00162511",12,3,9
"E00162512",21,9,12
"E00162513",8,2,6
"E00162514",1,1,0
"E00162515",4,2,2
"E00162516",10,5,5
"E00162517",15,7,8
"E00162518",1,0,1
"E00162520",0,0,0
"E00162521",15,9,6
"E00162522",2,1,1
"E00162523",14,8,6
"E00162524",11,7,4
"E00162525",14,8,6
"E00162526",12,7,5
"E00162527",9,5,4
"E00162528",7,5,2
"E00162529",6,2,4
"E00162530",11,5,6
"E00162531",8,5,3
"E00162532",12,5,7
"E00162533",2,1,1
"E00162534",10,5,5
"E00162535",0,0,0
"E00162536",14,8,6
"E00162537",23,12,11
"E00162538",16,9,7
"E00162539",11,6,5
"E00162540",19,8,11
"E00162541",5,2,3
"E00162542",12,4,8
"E00162543",0,0,0
"E00162544",6,4,2
"E00162545",7,0,7
"E00162546",6,3,3
"E00162547",1,0,1
"E00162548",2,1,1
"E00162549",7,4,3
"E00162550",1,0,1
"E00162551",5,3,2
"E00162552",5,4,1
"E00162553",3,2,1
"E00162554",14,5,9
"E00162555",12,8,4
"E00162556",17,14,3
"E00162557",29,13,16
"E00162558",6,5,1
"E00162559",19,9,10
"E00162560",7,2,5
"E00162561",8,4,4
"E00162562",8,2,6
"E00162563",3,0,3
"E00162564",11,5,6
"E00162565",8,4,4
"E00162566",11,7,4
"E00162567",4,2,2
"E00162568",6,4,2
"E00162569",14,8,6
"E00162570",4,4,0
"E00162571",19,9,10
"E00162572",9,5,4
"E00162573",10,5,5
"E00162574",11,6,5
"E00162575",4,3,1
"E00162578",5,4,1
"E00162579",4,3,1
"E00162580",9,5,4
"E00162582",8,4,4
"E00162583",4,2,2
"E00162584",7,4,3
"E00162585",8,4,4
"E00162586",4,2,2
"E00162587",22,13,9
"E00162588",11,7,4
"E00162589",7,5,2
"E00162590",3,2,1
"E00162591",19,8,11
"E00162592",16,10,6
"E00162593",11,5,6
"E00162595",2,2,0
"E00162596",4,3,1
"E00162597",3,1,2
"E00162600",1,0,1
"E00162601",6,1,5
"E00162602",4,2,2
"E00162603",15,11,4
"E00162604",0,0,0
"E00162605",5,4,1
"E00162606",1,0,1
"E00162607",1,1,0
"E00162608",10,5,5
"E00162609",5,3,2
"E00162610",2,0,2
"E00162611",3,2,1
"E00162614",8,7,1
"E00162615",23,12,11
"E00162616",7,3,4
"E00162617",31,16,15
"E00162618",0,0,0
"E00162619",6,2,4
"E00162620",3,3,0
"E00162621",1,1,0
"E00162622",10,5,5
"E00162623",11,3,8
"E00162624",8,3,5
"E00162625",3,0,3
"E00162626",11,4,7
"E00162627",6,3,3
"E00162628",2,0,2
"E00162629",8,4,4
"E00162630",8,6,2
"E00162631",11,6,5
"E00162632",15,7,8
"E00162633",4,1,3
"E00162634",4,2,2
"E00162635",11,10,1
"E00162636",14,8,6
"E00162637",18,8,10
"E00162638",6,2,4
"E00162639",6,1,5
"E00162640",23,18,5
"E00162641",17,12,5
"E00162642",10,6,4
"E00162643",10,4,6
"E00162644",10,4,6
"E00162645",10,5,5
"E00162646",19,9,10
"E00162647",6,1,5
"E00162648",13,8,5
"E00162649",7,3,4
"E00162650",8,4,4
"E00162651",10,4,6
"E00162652",6,3,3
"E00162653",9,4,5
"E00162654",10,7,3
"E00162655",23,16,7
"E00162656",0,0,0
"E00162657",8,2,6
"E00162658",4,1,3
"E00162659",5,1,4
"E00162660",11,7,4
"E00162661",1,0,1
"E00162663",7,6,1
"E00162664",8,4,4
"E00162665",5,2,3
"E00162666",14,6,8
"E00162667",7,1,6
"E00162668",11,4,7
"E00162669",7,3,4
"E00162670",10,7,3
"E00162671",8,5,3
"E00162672",10,9,1
"E00162673",13,10,3
"E00162674",6,4,2
"E00162675",8,2,6
"E00162676",16,6,10
"E00162677",10,7,3
"E00162678",7,2,5
"E00162679",11,5,6
"E00162680",4,2,2
"E00162681",7,4,3
"E00162682",15,9,6
"E00162683",10,4,6
"E00162684",5,3,2
"E00162685",9,6,3
"E00162686",4,2,2
"E00162687",1,0,1
"E00162688",2,2,0
"E00162689",5,3,2
"E00162690",0,0,0
"E00162691",3,2,1
"E00162692",4,2,2
"E00162693",0,0,0
"E00162694",3,2,1
"E00162695",3,2,1
"E00162696",5,0,5
"E00162697",4,1,3
"E00162699",14,4,10
"E00162701",1,0,1
"E00162704",4,3,1
"E00162705",7,5,2
"E00162706",5,4,1
"E00162707",7,5,2
"E00162708",15,8,7
"E00162709",0,0,0
"E00162710",0,0,0
"E00162711",1,1,0
"E00162712",2,1,1
"E00162713",5,3,2
"E00162714",0,0,0
"E00162715",5,4,1
"E00162716",7,1,6
"E00162717",1,0,1
"E00162718",2,0,2
"E00162719",5,2,3
"E00162720",6,5,1
"E00162721",1,0,1
"E00162722",5,2,3
"E00162723",0,0,0
"E00162724",0,0,0
"E00162725",5,3,2
"E00162726",4,1,3
"E00162727",12,4,8
"E00162728",3,2,1
"E00162729",3,2,1
"E00162730",5,1,4
"E00162731",14,8,6
"E00162732",11,6,5
"E00162733",12,8,4
"E00162734",5,4,1
"E00162735",6,4,2
"E00162736",8,5,3
"E00162737",1,0,1
"E00162738",2,2,0
"E00162739",4,1,3
"E00162740",7,2,5
"E00162741",4,1,3
"E00162742",20,14,6
"E00162743",6,4,2
"E00162744",14,6,8
"E00162745",18,7,11
"E00162746",0,0,0
"E00162747",4,3,1
"E00162748",8,6,2
"E00162749",19,11,8
"E00162750",7,4,3
"E00162751",5,4,1
"E00162752",11,7,4
"E00162753",6,3,3
"E00162754",7,3,4
"E00162756",0,0,0
"E00162757",7,4,3
"E00162758",6,2,4
"E00162759",6,2,4
"E00162760",2,1,1
"E00162761",3,2,1
"E00162762",1,0,1
"E00162763",3,1,2
"E00162764",5,2,3
"E00162765",2,2,0
"E00162766",6,3,3
"E00162767",2,1,1
"E00162768",5,2,3
"E00162769",1,1,0
"E00162770",8,4,4
"E00162771",2,1,1
"E00162772",2,1,1
"E00162773",1,1,0
"E00162775",12,7,5
"E00162776",2,1,1
"E00162777",1,1,0
"E00162778",3,0,3
"E00162779",3,2,1
"E00162780",5,2,3
"E00162781",6,3,3
"E00162782",5,3,2
"E00162783",3,0,3
"E00162784",2,0,2
"E00162785",1,1,0
"E00162786",7,2,5
"E00162787",7,3,4
"E00162788",2,1,1
"E00162789",0,0,0
"E00162790",4,3,1
"E00162791",11,7,4
"E00162792",5,4,1
"E00162793",8,6,2
"E00162794",0,0,0
"E00162795",9,3,6
"E00162796",6,2,4
"E00162797",0,0,0
"E00162798",8,4,4
"E00162800",7,3,4
"E00162801",14,7,7
"E00162802",3,1,2
"E00162803",8,5,3
"E00162804",4,1,3
"E00162805",3,2,1
"E00162806",6,2,4
"E00162807",2,2,0
"E00162808",8,3,5
"E00162809",3,0,3
"E00162810",12,9,3
"E00162811",6,3,3
"E00162813",7,5,2
"E00162814",8,5,3
"E00162815",4,3,1
"E00162816",9,6,3
"E00162817",14,8,6
"E00162818",0,0,0
"E00162819",3,2,1
"E00162820",4,4,0
"E00162821",14,6,8
"E00162822",8,2,6
"E00162823",16,8,8
"E00162824",13,3,10
"E00162825",2,1,1
"E00162826",5,2,3
"E00162827",2,2,0
"E00162828",3,1,2
"E00162829",4,2,2
"E00162830",4,2,2
"E00162831",1,0,1
"E00162832",5,2,3
"E00162833",4,2,2
"E00162834",4,4,0
"E00162835",2,0,2
"E00162836",1,1,0
"E00162837",1,1,0
"E00162838",6,3,3
"E00162839",5,3,2
"E00162840",7,4,3
"E00162841",0,0,0
"E00162842",5,2,3
"E00162843",12,7,5
"E00162844",7,6,1
"E00162846",1,1,0
"E00162847",10,4,6
"E00162848",4,3,1
"E00162849",2,1,1
"E00162850",8,3,5
"E00162851",11,6,5
"E00162852",1,0,1
"E00162853",5,3,2
"E00162854",3,1,2
"E00162855",9,1,8
"E00162856",10,2,8
"E00162857",7,3,4
"E00162858",4,3,1
"E00162859",1,0,1
"E00162860",7,3,4
"E00162861",4,2,2
"E00162862",5,4,1
"E00162863",9,5,4
"E00162864",6,4,2
"E00162865",7,1,6
"E00162866",5,2,3
"E00162867",4,1,3
"E00162868",7,1,6
"E00162869",5,3,2
"E00162870",8,5,3
"E00162871",5,3,2
"E00162872",3,2,1
"E00162873",7,2,5
"E00162874",9,7,2
"E00162875",8,2,6
"E00162876",2,0,2
"E00162877",0,0,0
"E00162878",4,1,3
"E00162879",10,7,3
"E00162880",8,5,3
"E00162881",2,1,1
"E00162882",16,9,7
"E00162883",12,8,4
"E00162884",2,1,1
"E00162885",13,7,6
"E00162886",4,2,2
"E00162887",6,3,3
"E00162888",1,0,1
"E00162889",5,2,3
"E00162890",9,3,6
"E00162891",8,3,5
"E00162892",2,1,1
"E00162893",16,5,11
"E00162894",6,2,4
"E00162895",8,5,3
"E00162896",9,6,3
"E00162897",11,4,7
"E00162898",16,8,8
"E00162899",3,3,0
"E00162900",4,2,2
"E00162901",10,4,6
"E00162902",5,3,2
"E00162903",13,4,9
"E00162904",5,1,4
"E00162905",9,4,5
"E00162906",14,9,5
"E00162907",7,6,1
"E00162908",11,6,5
"E00162909",12,8,4
"E00162910",7,1,6
"E00162911",4,0,4
"E00162912",16,13,3
"E00162913",11,6,5
"E00162914",16,9,7
"E00162915",2,1,1
"E00162916",7,1,6
"E00162917",3,0,3
"E00162918",4,0,4
"E00162919",5,2,3
"E00162920",0,0,0
"E00162921",2,0,2
"E00162922",10,3,7
"E00162923",4,1,3
"E00162924",4,2,2
"E00162926",5,3,2
"E00162927",1,0,1
"E00162928",9,5,4
"E00162929",5,4,1
"E00162930",8,3,5
"E00162931",5,2,3
"E00162932",2,1,1
"E00162933",5,4,1
"E00162934",0,0,0
"E00162935",7,4,3
"E00162936",11,6,5
"E00162938",12,5,7
"E00162939",1,1,0
"E00162940",4,2,2
"E00162941",10,5,5
"E00162942",3,0,3
"E00162943",9,5,4
"E00162944",4,3,1
"E00162945",3,1,2
"E00162946",4,1,3
"E00162947",6,0,6
"E00162948",8,3,5
"E00162949",17,10,7
"E00162950",12,4,8
"E00162951",10,6,4
"E00162952",16,9,7
"E00162953",4,2,2
"E00162955",11,4,7
"E00162956",11,5,6
"E00162957",1,0,1
"E00162958",3,2,1
"E00162959",0,0,0
"E00162960",4,4,0
"E00162961",1,0,1
"E00162962",3,1,2
"E00162963",1,1,0
"E00162964",6,5,1
"E00162965",5,2,3
"E00162966",3,3,0
"E00162967",10,3,7
"E00162968",7,3,4
"E00162969",10,4,6
"E00162970",7,0,7
"E00162971",9,7,2
"E00162972",9,2,7
"E00162973",6,4,2
"E00162974",5,5,0
"E00162975",0,0,0
"E00162976",5,3,2
"E00162977",2,1,1
"E00162978",9,4,5
"E00162979",9,5,4
"E00162980",17,14,3
"E00162981",5,2,3
"E00162982",10,8,2
"E00162983",14,9,5
"E00162984",9,4,5
"E00162985",16,6,10
"E00162986",11,6,5
"E00162987",2,2,0
"E00162988",3,1,2
"E00162989",5,4,1
"E00162990",5,2,3
"E00162991",2,1,1
"E00162992",11,2,9
"E00162993",13,5,8
"E00162994",6,2,4
"E00162995",12,4,8
"E00162996",9,4,5
"E00162997",9,6,3
"E00162998",2,0,2
"E00162999",7,1,6
"E00163000",14,8,6
"E00163001",12,7,5
"E00163002",9,5,4
"E00163003",10,6,4
"E00163004",2,0,2
"E00163005",12,7,5
"E00163006",16,8,8
"E00163007",3,2,1
"E00163008",7,2,5
"E00163009",2,2,0
"E00163010",6,4,2
"E00163011",14,8,6
"E00163012",4,3,1
"E00163013",4,1,3
"E00163014",3,2,1
"E00163015",5,2,3
"E00163016",9,5,4
"E00163017",1,0,1
"E00163018",2,0,2
"E00163019",3,2,1
"E00163020",3,0,3
"E00163021",5,2,3
"E00163022",4,2,2
"E00163023",13,6,7
"E00163024",9,3,6
"E00163025",15,9,6
"E00163026",11,4,7
"E00163027",8,6,2
"E00163028",11,5,6
"E00163029",8,3,5
"E00163030",3,1,2
"E00163031",1,0,1
"E00163032",2,1,1
"E00163033",3,3,0
"E00163034",5,2,3
"E00163035",4,2,2
"E00163036",5,4,1
"E00163037",13,5,8
"E00163038",10,7,3
"E00163039",2,1,1
"E00163040",3,2,1
"E00163041",3,2,1
"E00163042",10,8,2
"E00163043",3,2,1
"E00163044",7,4,3
"E00163045",4,1,3
"E00163046",2,2,0
"E00163047",19,11,8
"E00163048",19,11,8
"E00163049",5,1,4
"E00163050",1,1,0
"E00163051",3,0,3
"E00163052",20,11,9
"E00163053",9,4,5
"E00163054",8,4,4
"E00163055",3,2,1
"E00163056",9,6,3
"E00163057",4,0,4
"E00163058",8,3,5
"E00163059",0,0,0
"E00163060",8,3,5
"E00163061",16,7,9
"E00163062",8,2,6
"E00163063",16,9,7
"E00163064",10,3,7
"E00163065",5,2,3
"E00163066",4,2,2
"E00163067",4,3,1
"E00163068",6,2,4
"E00163069",5,3,2
"E00163071",4,3,1
"E00163073",3,1,2
"E00163074",5,1,4
"E00163075",1,0,1
"E00163076",0,0,0
"E00163077",1,1,0
"E00163078",1,1,0
"E00163079",4,3,1
"E00163080",3,2,1
"E00163081",0,0,0
"E00163082",2,1,1
"E00163083",6,2,4
"E00163084",2,1,1
"E00163085",3,0,3
"E00163086",4,3,1
"E00163087",5,4,1
"E00163088",8,3,5
"E00163089",6,3,3
"E00163090",1,0,1
"E00163091",4,4,0
"E00163092",4,2,2
"E00163093",2,1,1
"E00163094",2,1,1
"E00163095",2,2,0
"E00163096",3,1,2
"E00163097",3,1,2
"E00163098",7,1,6
"E00163099",2,2,0
"E00163100",1,0,1
"E00163101",3,0,3
"E00163102",3,1,2
"E00163103",1,1,0
"E00163104",9,5,4
"E00163105",3,2,1
"E00163106",2,2,0
"E00163107",4,2,2
"E00163108",2,1,1
"E00163109",6,3,3
"E00163110",1,0,1
"E00163111",2,0,2
"E00163112",1,0,1
"E00163113",1,1,0
"E00163114",1,1,0
"E00163115",4,1,3
"E00163116",4,2,2
"E00163117",1,0,1
"E00163118",5,2,3
"E00163119",1,1,0
"E00163120",3,1,2
"E00163121",21,7,14
"E00163122",2,1,1
"E00163123",9,5,4
"E00163124",0,0,0
"E00163125",9,2,7
"E00163126",14,5,9
"E00163127",14,7,7
"E00163129",0,0,0
"E00163130",2,1,1
"E00163132",10,5,5
"E00163133",2,0,2
"E00163135",7,4,3
"E00163136",0,0,0
"E00163137",17,8,9
"E00163138",7,3,4
"E00163139",4,3,1
"E00163140",10,3,7
"E00163141",8,4,4
"E00163142",7,4,3
"E00163143",8,4,4
"E00163144",0,0,0
"E00163145",8,2,6
"E00163146",16,7,9
"E00163147",16,8,8
"E00163148",13,7,6
"E00163149",14,5,9
"E00163150",15,8,7
"E00163151",7,3,4
"E00163152",9,4,5
"E00163153",20,5,15
"E00163154",17,13,4
"E00163155",11,4,7
"E00163156",2,2,0
"E00163157",4,2,2
"E00163158",5,2,3
"E00163159",5,2,3
"E00163160",0,0,0
"E00163161",5,2,3
"E00163162",11,5,6
"E00163163",10,5,5
"E00163164",5,2,3
"E00163165",3,1,2
"E00163166",2,1,1
"E00163167",6,2,4
"E00163168",12,5,7
"E00163169",4,2,2
"E00163170",7,3,4
"E00163171",13,7,6
"E00163172",4,4,0
"E00163173",14,7,7
"E00163174",0,0,0
"E00163175",8,3,5
"E00163176",5,3,2
"E00163177",0,0,0
"E00163178",11,7,4
"E00163179",3,2,1
"E00163180",6,0,6
"E00163181",4,3,1
"E00163183",0,0,0
"E00163184",6,3,3
"E00163185",14,4,10
"E00163187",7,3,4
"E00163188",6,3,3
"E00163189",5,3,2
"E00163190",4,2,2
"E00163191",3,2,1
"E00163192",6,4,2
"E00163193",1,1,0
"E00163194",3,1,2
"E00163195",2,0,2
"E00163196",3,1,2
"E00163197",8,2,6
"E00163198",12,6,6
"E00163199",9,6,3
"E00163200",9,3,6
"E00163201",7,4,3
"E00163202",17,10,7
"E00163203",15,6,9
"E00163204",4,1,3
"E00163205",2,1,1
"E00163206",0,0,0
"E00163207",2,2,0
"E00163208",2,0,2
"E00163209",3,0,3
"E00163210",7,1,6
"E00163211",4,2,2
"E00163212",0,0,0
"E00163213",5,4,1
"E00163214",4,2,2
"E00163215",10,6,4
"E00163216",0,0,0
"E00163217",1,0,1
"E00163218",3,2,1
"E00163219",0,0,0
"E00163222",2,2,0
"E00163223",7,3,4
"E00163224",10,8,2
"E00163225",6,3,3
"E00163226",16,6,10
"E00163227",6,4,2
"E00163228",3,3,0
"E00163229",14,8,6
"E00163230",2,1,1
"E00163231",3,1,2
"E00163232",14,6,8
"E00163233",11,5,6
"E00163234",8,4,4
"E00163235",2,2,0
"E00163236",7,2,5
"E00163237",9,4,5
"E00163238",13,3,10
"E00163239",8,5,3
"E00163240",12,5,7
"E00163241",8,6,2
"E00163242",18,11,7
"E00163243",5,3,2
"E00163244",6,3,3
"E00163245",5,2,3
"E00163246",4,3,1
"E00163247",1,0,1
"E00163248",1,0,1
"E00163249",6,1,5
"E00163250",3,2,1
"E00163251",3,1,2
"E00163252",1,0,1
"E00163253",4,3,1
"E00163254",7,4,3
"E00163255",13,5,8
"E00163256",12,6,6
"E00163257",10,8,2
"E00163258",12,5,7
"E00163259",14,8,6
"E00163260",15,8,7
"E00163261",27,13,14
"E00163262",4,3,1
"E00163263",10,9,1
"E00163265",3,1,2
"E00163266",25,14,11
"E00163267",4,2,2
"E00163268",7,3,4
"E00163269",5,2,3
"E00163270",7,1,6
"E00163271",3,1,2
"E00163272",5,5,0
"E00163273",4,1,3
"E00163274",2,1,1
"E00163275",1,1,0
"E00163276",12,8,4
"E00163277",9,2,7
"E00163278",6,3,3
"E00163279",7,3,4
"E00163280",5,2,3
"E00163281",9,2,7
"E00163282",7,3,4
"E00163283",4,4,0
"E00163284",4,3,1
"E00163285",7,2,5
"E00163286",3,3,0
"E00163287",9,4,5
"E00163288",10,4,6
"E00163289",10,7,3
"E00163290",10,9,1
"E00163291",12,5,7
"E00163292",1,0,1
"E00163293",9,3,6
"E00163294",8,6,2
"E00163295",4,2,2
"E00163296",4,2,2
"E00163297",4,2,2
"E00163298",2,1,1
"E00163299",1,1,0
"E00163300",11,3,8
"E00163301",13,7,6
"E00163302",17,10,7
"E00163303",24,13,11
"E00163304",8,6,2
"E00163305",13,5,8
"E00163306",3,2,1
"E00163307",5,2,3
"E00163308",10,6,4
"E00163309",7,2,5
"E00163310",1,0,1
"E00163311",10,4,6
"E00163312",2,2,0
"E00163313",10,7,3
"E00163314",2,1,1
"E00163315",1,0,1
"E00163316",9,4,5
"E00163317",5,2,3
"E00163318",14,8,6
"E00163319",0,0,0
"E00163320",10,2,8
"E00163321",4,3,1
"E00163322",8,4,4
"E00163323",5,1,4
"E00163324",1,0,1
"E00163325",6,4,2
"E00163326",0,0,0
"E00163327",7,4,3
"E00163328",1,0,1
"E00163329",1,1,0
"E00163330",8,3,5
"E00163331",3,2,1
"E00163332",3,2,1
"E00163333",4,2,2
"E00163334",1,0,1
"E00163335",1,1,0
"E00163336",6,4,2
"E00163337",5,3,2
"E00163338",2,2,0
"E00163339",3,1,2
"E00163340",2,0,2
"E00163342",3,1,2
"E00163343",10,8,2
"E00163344",3,2,1
"E00163345",4,1,3
"E00163346",1,1,0
"E00163347",4,3,1
"E00163348",2,1,1
"E00163349",1,1,0
"E00163350",0,0,0
"E00163351",1,0,1
"E00163352",10,5,5
"E00163353",7,4,3
"E00163354",9,5,4
"E00163355",7,2,5
"E00163356",9,4,5
"E00163357",2,0,2
"E00163358",10,5,5
"E00163359",15,10,5
"E00163360",12,5,7
"E00163361",20,8,12
"E00163362",7,3,4
"E00163363",10,5,5
"E00163364",4,1,3
"E00163365",14,8,6
"E00163366",3,2,1
"E00163367",10,4,6
"E00163368",0,0,0
"E00163369",5,2,3
"E00163370",9,7,2
"E00163371",5,3,2
"E00163372",5,3,2
"E00163373",2,2,0
"E00163374",5,1,4
"E00163375",1,1,0
"E00163376",26,12,14
"E00163377",2,0,2
"E00163378",5,3,2
"E00163379",18,7,11
"E00163380",12,5,7
"E00163381",4,2,2
"E00163382",12,5,7
"E00163383",13,4,9
"E00163384",5,1,4
"E00163385",9,2,7
"E00163386",11,6,5
"E00163387",5,0,5
"E00163388",3,1,2
"E00163389",5,2,3
"E00163390",6,5,1
"E00163391",8,4,4
"E00163392",10,3,7
"E00163393",12,6,6
"E00163394",9,4,5
"E00163395",1,1,0
"E00163396",1,0,1
"E00163397",16,9,7
"E00163398",6,4,2
"E00163399",4,1,3
"E00163400",1,1,0
"E00163401",5,3,2
"E00163402",12,3,9
"E00163403",13,8,5
"E00163404",9,4,5
"E00163405",4,2,2
"E00163406",4,2,2
"E00163407",1,1,0
"E00163408",7,1,6
"E00163409",12,6,6
"E00163410",7,3,4
"E00163411",12,7,5
"E00163412",8,5,3
"E00163413",4,2,2
"E00163414",8,4,4
"E00163415",3,2,1
"E00163416",42,23,19
"E00163417",1,1,0
"E00163418",9,7,2
"E00163419",2,2,0
"E00163420",4,2,2
"E00163421",1,1,0
"E00163422",4,2,2
"E00163423",7,5,2
"E00163424",5,2,3
"E00163425",1,0,1
"E00163426",4,1,3
"E00163427",8,5,3
"E00163428",7,5,2
"E00163429",12,7,5
"E00163430",4,3,1
"E00163431",6,5,1
"E00163432",13,5,8
"E00163433",17,11,6
"E00163434",13,8,5
"E00163435",8,6,2
"E00163436",6,2,4
"E00163437",11,6,5
"E00163438",9,5,4
"E00163439",18,5,13
"E00163440",3,3,0
"E00163441",13,5,8
"E00163442",3,2,1
"E00163443",3,2,1
"E00163444",0,0,0
"E00163445",10,5,5
"E00163446",0,0,0
"E00163447",6,5,1
"E00163448",6,3,3
"E00163449",8,5,3
"E00163450",8,4,4
"E00163451",5,3,2
"E00163452",4,2,2
"E00163453",4,1,3
"E00163454",15,9,6
"E00163455",9,2,7
"E00163456",5,2,3
"E00163457",4,4,0
"E00163458",10,5,5
"E00163459",2,0,2
"E00163460",9,4,5
"E00163461",6,4,2
"E00163462",8,6,2
"E00163463",3,2,1
"E00163464",4,1,3
"E00163465",8,4,4
"E00163466",1,0,1
"E00163467",6,4,2
"E00163468",12,7,5
"E00163469",1,1,0
"E00163470",1,0,1
"E00163471",4,1,3
"E00163472",3,1,2
"E00163473",7,3,4
"E00163474",0,0,0
"E00163475",4,3,1
"E00163476",1,0,1
"E00163477",3,2,1
"E00163478",7,3,4
"E00163479",10,7,3
"E00163480",16,11,5
"E00163481",11,7,4
"E00163482",16,6,10
"E00163483",17,7,10
"E00163484",2,2,0
"E00163485",12,4,8
"E00163487",3,1,2
"E00163488",8,3,5
"E00163490",10,7,3
"E00163491",4,2,2
"E00163492",0,0,0
"E00163493",1,0,1
"E00163494",5,4,1
"E00163495",1,1,0
"E00163496",7,5,2
"E00163497",7,4,3
"E00163498",8,3,5
"E00163499",10,8,2
"E00163500",11,7,4
"E00163501",7,5,2
"E00163502",1,1,0
"E00163503",5,2,3
"E00163504",8,3,5
"E00163505",10,6,4
"E00163506",9,4,5
"E00163507",4,2,2
"E00163508",5,1,4
"E00163509",4,3,1
"E00163510",12,4,8
"E00163511",8,4,4
"E00163512",6,3,3
"E00163513",6,1,5
"E00163514",12,5,7
"E00163515",12,6,6
"E00163516",6,4,2
"E00163517",12,5,7
"E00163518",15,9,6
"E00163519",7,2,5
"E00163520",2,0,2
"E00163521",6,2,4
"E00163522",0,0,0
"E00163523",5,4,1
"E00163524",5,4,1
"E00163525",9,4,5
"E00163526",11,6,5
"E00163527",9,2,7
"E00163528",6,3,3
"E00163529",9,3,6
"E00163530",11,7,4
"E00163531",2,0,2
"E00163532",1,1,0
"E00163533",5,5,0
"E00163534",0,0,0
"E00163535",3,1,2
"E00163536",1,0,1
"E00163537",2,1,1
"E00163538",3,1,2
"E00163539",10,6,4
"E00163540",1,0,1
"E00163541",1,1,0
"E00163542",1,0,1
"E00163543",4,2,2
"E00163544",0,0,0
"E00163545",4,3,1
"E00163546",3,1,2
"E00163547",1,1,0
"E00163548",1,0,1
"E00163549",1,0,1
"E00163550",0,0,0
"E00163551",3,3,0
"E00163552",1,0,1
"E00163553",2,0,2
"E00163554",5,3,2
"E00163555",4,2,2
"E00163556",0,0,0
"E00163557",2,0,2
"E00163558",7,3,4
"E00163559",3,2,1
"E00163560",1,0,1
"E00163561",0,0,0
"E00163562",3,3,0
"E00163563",3,1,2
"E00163564",5,3,2
"E00163565",7,2,5
"E00163566",10,5,5
"E00163567",12,4,8
"E00163568",4,2,2
"E00163569",7,4,3
"E00163570",6,2,4
"E00163571",2,2,0
"E00163573",0,0,0
"E00163574",4,0,4
"E00163576",0,0,0
"E00163577",4,2,2
"E00163578",1,0,1
"E00163579",4,1,3
"E00163580",7,2,5
"E00163581",5,2,3
"E00163582",13,5,8
"E00163583",6,2,4
"E00163584",1,0,1
"E00163585",11,6,5
"E00163586",1,1,0
"E00163587",0,0,0
"E00163588",4,0,4
"E00163589",1,1,0
"E00163590",0,0,0
"E00163591",4,0,4
"E00163592",2,2,0
"E00163593",6,4,2
"E00163594",1,1,0
"E00163595",3,2,1
"E00163596",8,4,4
"E00163597",9,5,4
"E00163598",8,4,4
"E00163599",4,3,1
"E00163600",13,4,9
"E00163601",13,4,9
"E00163602",19,12,7
"E00163603",8,4,4
"E00163604",6,4,2
"E00163605",4,3,1
"E00163606",3,2,1
"E00163607",6,4,2
"E00163608",10,9,1
"E00163609",1,0,1
"E00163610",1,1,0
"E00163611",2,1,1
"E00163612",0,0,0
"E00163613",0,0,0
"E00163614",4,3,1
"E00163615",11,5,6
"E00163616",9,4,5
"E00163617",12,5,7
"E00163618",6,3,3
"E00163619",3,1,2
"E00163620",5,0,5
"E00163621",6,4,2
"E00163622",0,0,0
"E00163623",3,2,1
"E00163626",5,1,4
"E00163627",6,3,3
"E00163628",17,10,7
"E00163629",13,10,3
"E00163630",4,2,2
"E00163631",11,2,9
"E00163632",8,6,2
"E00163633",24,14,10
"E00163634",1,0,1
"E00163635",6,3,3
"E00163636",8,5,3
"E00163637",4,0,4
"E00163638",2,0,2
"E00163639",3,0,3
"E00163640",1,1,0
"E00163641",11,6,5
"E00163642",7,5,2
"E00163643",7,5,2
"E00163644",9,5,4
"E00163645",4,1,3
"E00163646",3,1,2
"E00163647",3,2,1
"E00163649",5,3,2
"E00163650",3,1,2
"E00163651",0,0,0
"E00163652",0,0,0
"E00163654",6,4,2
"E00163655",2,1,1
"E00163656",8,5,3
"E00163657",2,2,0
"E00163658",3,3,0
"E00163659",2,2,0
"E00163660",0,0,0
"E00163661",1,0,1
"E00163662",0,0,0
"E00163663",4,1,3
"E00163664",3,1,2
"E00163665",3,2,1
"E00163666",1,0,1
"E00163667",5,4,1
"E00163668",0,0,0
"E00163669",0,0,0
"E00163670",7,4,3
"E00163671",3,1,2
"E00163672",4,4,0
"E00163673",1,0,1
"E00163674",1,0,1
"E00163675",2,0,2
"E00163676",1,1,0
"E00163677",0,0,0
"E00163678",7,4,3
"E00163679",0,0,0
"E00163680",4,2,2
"E00163681",3,3,0
"E00163682",3,1,2
"E00163683",1,0,1
"E00163684",3,1,2
"E00163685",5,2,3
"E00163686",6,1,5
"E00163687",1,1,0
"E00163688",3,2,1
"E00163689",4,3,1
"E00163691",6,4,2
"E00163692",1,0,1
"E00163693",1,1,0
"E00163694",4,0,4
"E00163695",1,0,1
"E00163696",1,0,1
"E00163697",3,1,2
"E00163698",3,0,3
"E00163699",2,0,2
"E00163700",7,3,4
"E00163701",10,4,6
"E00163702",0,0,0
"E00163703",5,3,2
"E00163704",3,2,1
"E00163705",4,2,2
"E00163706",2,2,0
"E00163707",3,2,1
"E00163708",3,0,3
"E00163709",11,4,7
"E00163710",9,5,4
"E00163711",5,0,5
"E00163712",7,4,3
"E00163713",6,3,3
"E00163714",3,2,1
"E00163715",6,3,3
"E00163716",3,2,1
"E00163717",12,9,3
"E00163718",2,2,0
"E00163719",5,3,2
"E00163720",2,0,2
"E00163721",4,2,2
"E00163722",5,3,2
"E00163723",3,1,2
"E00163724",2,0,2
"E00163725",4,4,0
"E00163727",0,0,0
"E00163728",3,1,2
"E00163729",7,4,3
"E00163731",3,0,3
"E00163732",2,1,1
"E00163733",0,0,0
"E00163734",4,3,1
"E00163735",11,3,8
"E00163736",2,2,0
"E00163737",0,0,0
"E00163738",7,2,5
"E00163739",0,0,0
"E00163740",5,1,4
"E00163741",1,1,0
"E00163742",4,2,2
"E00163743",3,3,0
"E00163744",5,3,2
"E00163745",8,6,2
"E00163746",3,3,0
"E00163747",1,0,1
"E00163748",40,22,18
"E00163749",3,3,0
"E00163750",3,0,3
"E00163751",2,1,1
"E00163752",6,1,5
"E00163753",8,4,4
"E00163754",14,9,5
"E00163755",4,2,2
"E00163756",3,1,2
"E00163757",3,1,2
"E00163758",1,0,1
"E00163759",1,1,0
"E00163760",1,0,1
"E00163761",0,0,0
"E00163762",4,2,2
"E00163763",8,5,3
"E00163764",8,3,5
"E00163765",6,2,4
"E00163766",4,4,0
"E00163767",6,5,1
"E00163768",8,3,5
"E00163769",6,3,3
"E00163770",9,6,3
"E00163771",5,4,1
"E00163772",11,2,9
"E00163773",5,2,3
"E00163774",4,2,2
"E00163775",9,4,5
"E00163776",1,0,1
"E00163777",6,2,4
"E00163778",4,3,1
"E00163779",2,0,2
"E00163780",4,2,2
"E00163781",2,1,1
"E00163782",4,3,1
"E00163783",14,7,7
"E00163784",4,2,2
"E00163785",1,1,0
"E00163786",2,1,1
"E00163787",6,2,4
"E00163788",1,0,1
"E00163789",3,0,3
"E00163790",7,4,3
"E00163791",3,2,1
"E00163792",3,2,1
"E00163793",2,2,0
"E00163794",2,0,2
"E00163795",5,4,1
"E00163796",9,2,7
"E00163797",3,2,1
"E00163798",1,0,1
"E00163799",2,2,0
"E00163800",12,6,6
"E00163801",6,2,4
"E00163802",5,2,3
"E00163803",6,3,3
"E00163805",2,1,1
"E00163806",1,0,1
"E00163807",2,0,2
"E00163809",4,2,2
"E00163810",0,0,0
"E00163811",2,1,1
"E00163812",0,0,0
"E00163813",1,1,0
"E00163814",2,2,0
"E00163815",2,1,1
"E00163816",2,2,0
"E00163817",0,0,0
"E00163818",3,1,2
"E00163819",13,7,6
"E00163820",1,1,0
"E00163821",0,0,0
"E00163822",1,0,1
"E00163824",4,2,2
"E00163825",4,3,1
"E00163826",0,0,0
"E00163827",2,1,1
"E00163828",3,1,2
"E00163829",3,2,1
"E00163830",5,3,2
"E00163831",4,2,2
"E00163832",0,0,0
"E00163833",6,3,3
"E00163834",2,1,1
"E00163835",15,6,9
"E00163836",1,1,0
"E00163837",0,0,0
"E00163839",3,3,0
"E00163840",3,2,1
"E00163841",5,5,0
"E00163842",14,8,6
"E00163843",0,0,0
"E00163844",0,0,0
"E00163845",10,5,5
"E00163846",4,2,2
"E00163847",3,2,1
"E00163848",4,3,1
"E00163849",3,1,2
"E00163850",4,2,2
"E00163851",2,1,1
"E00163852",3,2,1
"E00163853",4,3,1
"E00163854",3,2,1
"E00163855",11,8,3
"E00163856",6,5,1
"E00163857",10,6,4
"E00163858",6,4,2
"E00163859",3,2,1
"E00163860",2,2,0
"E00163861",4,2,2
"E00163864",3,2,1
"E00163865",5,2,3
"E00163866",1,1,0
"E00163867",5,2,3
"E00163868",4,2,2
"E00163869",5,1,4
"E00163870",6,3,3
"E00163871",11,6,5
"E00163872",1,0,1
"E00163873",2,1,1
"E00163874",1,0,1
"E00163875",3,1,2
"E00163876",1,0,1
"E00163877",1,0,1
"E00163878",12,8,4
"E00163879",4,1,3
"E00163880",7,2,5
"E00163881",1,0,1
"E00163882",0,0,0
"E00163883",5,3,2
"E00163884",0,0,0
"E00163885",2,2,0
"E00163886",10,5,5
"E00163887",1,0,1
"E00163888",0,0,0
"E00163890",0,0,0
"E00163891",4,3,1
"E00163892",1,0,1
"E00163893",0,0,0
"E00163894",4,3,1
"E00163895",4,3,1
"E00163896",2,1,1
"E00163897",0,0,0
"E00163898",4,1,3
"E00163899",2,2,0
"E00163900",0,0,0
"E00163901",5,3,2
"E00163902",6,3,3
"E00163903",0,0,0
"E00163904",6,5,1
"E00163905",7,3,4
"E00163906",1,1,0
"E00163907",3,3,0
"E00163908",1,1,0
"E00163909",4,2,2
"E00163910",6,4,2
"E00163911",3,1,2
"E00163912",1,1,0
"E00163913",14,6,8
"E00163914",3,2,1
"E00163915",0,0,0
"E00163916",1,0,1
"E00163917",4,1,3
"E00163918",6,4,2
"E00163919",4,0,4
"E00163920",15,12,3
"E00163921",1,0,1
"E00163922",5,2,3
"E00163923",15,8,7
"E00163924",2,0,2
"E00163925",8,2,6
"E00163926",10,6,4
"E00163927",11,3,8
"E00163928",7,3,4
"E00163929",9,5,4
"E00163930",9,5,4
"E00163931",1,1,0
"E00163932",20,7,13
"E00163933",8,5,3
"E00163934",10,4,6
"E00163935",5,3,2
"E00163936",12,6,6
"E00163937",3,3,0
"E00163938",2,1,1
"E00163939",8,2,6
"E00163940",9,6,3
"E00163941",5,4,1
"E00163942",6,3,3
"E00163943",12,5,7
"E00163944",15,8,7
"E00163945",10,4,6
"E00163946",10,4,6
"E00163947",5,1,4
"E00163948",5,2,3
"E00163949",9,3,6
"E00163950",3,2,1
"E00163951",11,7,4
"E00163952",16,8,8
"E00163953",15,9,6
"E00163954",11,6,5
"E00163955",6,5,1
"E00163956",0,0,0
"E00163957",9,5,4
"E00163958",18,8,10
"E00163959",8,3,5
"E00163960",4,3,1
"E00163961",5,3,2
"E00163962",5,3,2
"E00163963",3,2,1
"E00163964",6,3,3
"E00163965",5,3,2
"E00163966",3,1,2
"E00163967",4,3,1
"E00163968",3,2,1
"E00163969",5,2,3
"E00163970",6,1,5
"E00163971",7,4,3
"E00163972",5,4,1
"E00163973",4,3,1
"E00163974",4,3,1
"E00163975",7,4,3
"E00163976",8,4,4
"E00163977",9,5,4
"E00163978",13,6,7
"E00163979",12,5,7
"E00163980",15,13,2
"E00163981",6,4,2
"E00163982",0,0,0
"E00163983",1,0,1
"E00163984",4,2,2
"E00163985",1,0,1
"E00163986",1,1,0
"E00163987",0,0,0
"E00163988",1,1,0
"E00163989",5,3,2
"E00163990",9,2,7
"E00163991",0,0,0
"E00163992",7,5,2
"E00163993",5,2,3
"E00163994",1,0,1
"E00163995",6,5,1
"E00163996",10,2,8
"E00163997",3,1,2
"E00163998",6,3,3
"E00164000",1,1,0
"E00164001",2,0,2
"E00164002",7,4,3
"E00164003",6,6,0
"E00164004",7,3,4
"E00164005",4,3,1
"E00164006",1,0,1
"E00164007",2,0,2
"E00164008",5,1,4
"E00164009",4,2,2
"E00164010",1,0,1
"E00164011",0,0,0
"E00164012",7,5,2
"E00164013",2,1,1
"E00164014",2,1,1
"E00164015",4,4,0
"E00164016",8,3,5
"E00164017",5,3,2
"E00164018",0,0,0
"E00164019",2,0,2
"E00164021",3,1,2
"E00164022",12,8,4
"E00164023",4,3,1
"E00164024",0,0,0
"E00164025",3,2,1
"E00164026",7,3,4
"E00164027",0,0,0
"E00164028",9,5,4
"E00164029",1,1,0
"E00164030",2,2,0
"E00164031",2,1,1
"E00164032",5,2,3
"E00164033",0,0,0
"E00164034",4,3,1
"E00164035",4,3,1
"E00164036",4,1,3
"E00164037",4,1,3
"E00164038",1,1,0
"E00164039",8,4,4
"E00164040",0,0,0
"E00164041",0,0,0
"E00164042",2,2,0
"E00164043",9,6,3
"E00164044",8,2,6
"E00164045",5,5,0
"E00164047",6,4,2
"E00164048",12,5,7
"E00164049",1,1,0
"E00164050",1,1,0
"E00164051",4,1,3
"E00164052",5,3,2
"E00164054",4,3,1
"E00164055",13,5,8
"E00164056",5,2,3
"E00164057",11,3,8
"E00164058",9,2,7
"E00164059",12,8,4
"E00164060",11,5,6
"E00164061",0,0,0
"E00164062",4,2,2
"E00164063",1,0,1
"E00164064",9,1,8
"E00164065",1,1,0
"E00164066",2,0,2
"E00164067",0,0,0
"E00164068",4,0,4
"E00164069",9,6,3
"E00164070",7,4,3
"E00164072",6,3,3
"E00164073",4,1,3
"E00164074",12,8,4
"E00164075",1,1,0
"E00164076",4,1,3
"E00164077",7,3,4
"E00164078",3,2,1
"E00164079",9,6,3
"E00164080",8,5,3
"E00164081",5,1,4
"E00164082",3,1,2
"E00164083",8,5,3
"E00164084",2,2,0
"E00164085",0,0,0
"E00164086",2,0,2
"E00164087",4,2,2
"E00164088",3,2,1
"E00164089",3,1,2
"E00164090",2,0,2
"E00164091",6,2,4
"E00164092",2,1,1
"E00164093",4,2,2
"E00164094",2,0,2
"E00164095",1,0,1
"E00164096",6,4,2
"E00164097",9,6,3
"E00164098",2,2,0
"E00164099",6,5,1
"E00164100",5,3,2
"E00164101",6,3,3
"E00164102",4,1,3
"E00164103",5,1,4
"E00164104",5,0,5
"E00164105",5,1,4
"E00164106",4,1,3
"E00164107",1,1,0
"E00164108",3,1,2
"E00164109",1,0,1
"E00164110",1,0,1
"E00164111",5,4,1
"E00164112",1,1,0
"E00164113",1,0,1
"E00164114",13,5,8
"E00164115",5,2,3
"E00164116",1,1,0
"E00164117",12,3,9
"E00164118",12,4,8
"E00164119",4,4,0
"E00164120",8,2,6
"E00164121",3,2,1
"E00164122",0,0,0
"E00164123",9,3,6
"E00164124",2,1,1
"E00164125",6,3,3
"E00164126",8,4,4
"E00164127",13,6,7
"E00164128",4,2,2
"E00164129",10,7,3
"E00164130",5,4,1
"E00164131",12,7,5
"E00164132",10,4,6
"E00164133",7,3,4
"E00164134",9,6,3
"E00164135",3,2,1
"E00164136",4,2,2
"E00164137",16,8,8
"E00164138",1,0,1
"E00164139",6,3,3
"E00164140",12,4,8
"E00164141",3,2,1
"E00164142",2,1,1
"E00164143",9,4,5
"E00164144",6,3,3
"E00164145",7,5,2
"E00164146",2,1,1
"E00164147",9,5,4
"E00164148",2,2,0
"E00164149",8,4,4
"E00164150",4,2,2
"E00164151",6,2,4
"E00164152",7,4,3
"E00164153",6,2,4
"E00164154",1,1,0
"E00164155",1,0,1
"E00164156",5,3,2
"E00164157",1,0,1
"E00164158",2,2,0
"E00164159",6,1,5
"E00164160",7,4,3
"E00164161",8,4,4
"E00164162",3,2,1
"E00164163",9,4,5
"E00164164",4,3,1
"E00164165",3,2,1
"E00164166",2,2,0
"E00164167",6,3,3
"E00164168",2,0,2
"E00164169",11,7,4
"E00164170",4,2,2
"E00164171",0,0,0
"E00164172",6,2,4
"E00164173",7,5,2
"E00164174",5,0,5
"E00164175",6,2,4
"E00164176",2,1,1
"E00164178",4,2,2
"E00164179",1,1,0
"E00164180",7,5,2
"E00164181",2,0,2
"E00164182",1,1,0
"E00164183",3,2,1
"E00164184",3,0,3
"E00164185",5,2,3
"E00164186",9,6,3
"E00164187",15,7,8
"E00164188",3,1,2
"E00164189",6,2,4
"E00164190",7,4,3
"E00164191",1,1,0
"E00164192",5,1,4
"E00164193",8,7,1
"E00164194",5,1,4
"E00164195",6,2,4
"E00164196",7,1,6
"E00164197",9,1,8
"E00164198",3,1,2
"E00164199",4,2,2
"E00164200",5,4,1
"E00164201",10,5,5
"E00164202",13,5,8
"E00164203",9,4,5
"E00164204",4,4,0
"E00164205",6,5,1
"E00164206",1,0,1
"E00164207",6,2,4
"E00164208",10,6,4
"E00164209",11,8,3
"E00164210",3,2,1
"E00164211",8,3,5
"E00164212",2,1,1
"E00164213",6,3,3
"E00164214",3,0,3
"E00164215",3,1,2
"E00164216",1,1,0
"E00164217",2,0,2
"E00164218",2,1,1
"E00164219",2,1,1
"E00164220",6,3,3
"E00164221",8,5,3
"E00164222",2,2,0
"E00164223",5,4,1
"E00164224",5,3,2
"E00164225",3,1,2
"E00164226",5,1,4
"E00164227",0,0,0
"E00164228",5,3,2
"E00164229",4,2,2
"E00164230",7,3,4
"E00164231",13,2,11
"E00164232",1,1,0
"E00164233",7,4,3
"E00164234",10,3,7
"E00164235",8,5,3
"E00164236",7,3,4
"E00164237",19,8,11
"E00164238",7,5,2
"E00164239",0,0,0
"E00164240",12,4,8
"E00164241",10,4,6
"E00164242",4,0,4
"E00164243",2,1,1
"E00164244",11,8,3
"E00164245",7,2,5
"E00164246",10,7,3
"E00164247",7,4,3
"E00164248",6,3,3
"E00164249",8,3,5
"E00164250",11,5,6
"E00164251",5,3,2
"E00164252",1,1,0
"E00164253",1,1,0
"E00164254",4,1,3
"E00164255",3,2,1
"E00164256",5,1,4
"E00164257",1,0,1
"E00164258",4,2,2
"E00164259",0,0,0
"E00164260",3,3,0
"E00164261",10,6,4
"E00164262",6,4,2
"E00164263",6,4,2
"E00164264",10,6,4
"E00164265",1,1,0
"E00164266",3,0,3
"E00164267",0,0,0
"E00164268",3,2,1
"E00164269",2,1,1
"E00164270",1,1,0
"E00164271",0,0,0
"E00164272",2,2,0
"E00164273",8,1,7
"E00164274",7,3,4
"E00164275",3,3,0
"E00164276",4,3,1
"E00164277",10,3,7
"E00164278",3,2,1
"E00164279",11,6,5
"E00164280",6,4,2
"E00164281",1,0,1
"E00164282",0,0,0
"E00164283",12,7,5
"E00164284",1,0,1
"E00164285",8,4,4
"E00164286",15,11,4
"E00164287",6,2,4
"E00164288",3,2,1
"E00164289",7,2,5
"E00164290",13,8,5
"E00164291",2,0,2
"E00164292",5,2,3
"E00164293",13,7,6
"E00164294",5,3,2
"E00164295",1,0,1
"E00164296",4,1,3
"E00164298",10,3,7
"E00164299",8,2,6
"E00164300",5,1,4
"E00164301",6,4,2
"E00164302",1,1,0
"E00164303",2,1,1
"E00164304",4,2,2
"E00164305",4,2,2
"E00164306",3,3,0
"E00164307",3,2,1
"E00164308",6,3,3
"E00164309",6,3,3
"E00164310",7,4,3
"E00164311",1,1,0
"E00164312",3,1,2
"E00164313",2,1,1
"E00164314",3,1,2
"E00164315",4,2,2
"E00164316",1,1,0
"E00164317",6,2,4
"E00164318",3,1,2
"E00164319",11,9,2
"E00164320",0,0,0
"E00164321",2,1,1
"E00164322",8,2,6
"E00164323",2,1,1
"E00164324",2,1,1
"E00164325",3,1,2
"E00164326",9,3,6
"E00164327",8,4,4
"E00164328",4,1,3
"E00164329",5,4,1
"E00164330",1,1,0
"E00164331",16,10,6
"E00164332",0,0,0
"E00164333",4,0,4
"E00164334",4,2,2
"E00164335",2,0,2
"E00164336",9,4,5
"E00164337",3,2,1
"E00164338",0,0,0
"E00164339",1,1,0
"E00164340",9,5,4
"E00164341",0,0,0
"E00164342",8,0,8
"E00164343",3,1,2
"E00164344",10,4,6
"E00164345",7,2,5
"E00164346",6,3,3
"E00164347",1,1,0
"E00164348",9,7,2
"E00164349",10,6,4
"E00164350",1,0,1
"E00164351",5,1,4
"E00164352",9,6,3
"E00164353",12,6,6
"E00164354",3,2,1
"E00164355",6,3,3
"E00164356",3,2,1
"E00164357",5,3,2
"E00164358",15,4,11
"E00164359",2,1,1
"E00164360",7,2,5
"E00164361",0,0,0
"E00164362",8,2,6
"E00164363",6,5,1
"E00164364",8,5,3
"E00164365",2,1,1
"E00164366",11,6,5
"E00164367",15,8,7
"E00164368",7,3,4
"E00164369",0,0,0
"E00164370",7,4,3
"E00164371",14,9,5
"E00164372",11,7,4
"E00164373",5,3,2
"E00164374",4,1,3
"E00164375",14,12,2
"E00164376",8,4,4
"E00164377",9,6,3
"E00164378",6,5,1
"E00164379",3,1,2
"E00164380",6,2,4
"E00164381",1,0,1
"E00164383",4,1,3
"E00164384",0,0,0
"E00164385",4,3,1
"E00164386",2,0,2
"E00164387",1,0,1
"E00164388",0,0,0
"E00164389",5,2,3
"E00164390",4,1,3
"E00164392",0,0,0
"E00164393",2,1,1
"E00164394",4,2,2
"E00164395",7,5,2
"E00164396",7,4,3
"E00164397",2,1,1
"E00164398",2,0,2
"E00164399",3,2,1
"E00164400",2,2,0
"E00164401",3,2,1
"E00164402",4,2,2
"E00164403",2,1,1
"E00164404",11,3,8
"E00164405",2,1,1
"E00164406",3,3,0
"E00164407",11,8,3
"E00164408",4,3,1
"E00164409",6,3,3
"E00164410",13,8,5
"E00164411",10,4,6
"E00164412",1,0,1
"E00164414",6,4,2
"E00164415",1,1,0
"E00164416",5,1,4
"E00164417",1,1,0
"E00164418",1,1,0
"E00164419",0,0,0
"E00164420",3,0,3
"E00164421",0,0,0
"E00164422",2,1,1
"E00164423",6,5,1
"E00164424",0,0,0
"E00164425",5,2,3
"E00164426",6,4,2
"E00164427",0,0,0
"E00164428",0,0,0
"E00164429",1,0,1
"E00164430",0,0,0
"E00164431",0,0,0
"E00164432",0,0,0
"E00164434",1,0,1
"E00164435",5,1,4
"E00164436",4,1,3
"E00164437",1,0,1
"E00164438",6,6,0
"E00164439",0,0,0
"E00164440",7,2,5
"E00164441",2,0,2
"E00164442",3,2,1
"E00164443",4,1,3
"E00164444",3,3,0
"E00164445",0,0,0
"E00164446",8,7,1
"E00164447",2,1,1
"E00164448",3,2,1
"E00164449",6,2,4
"E00164450",6,1,5
"E00164451",4,1,3
"E00164452",1,1,0
"E00164453",0,0,0
"E00164454",3,1,2
"E00164455",0,0,0
"E00164456",1,1,0
"E00164457",2,0,2
"E00164458",1,0,1
"E00164459",1,1,0
"E00164460",0,0,0
"E00164461",1,1,0
"E00164462",2,1,1
"E00164463",0,0,0
"E00164464",2,2,0
"E00164465",0,0,0
"E00164466",1,1,0
"E00164467",3,1,2
"E00164468",2,2,0
"E00164469",0,0,0
"E00164470",0,0,0
"E00164471",5,1,4
"E00164472",2,1,1
"E00164473",2,0,2
"E00164474",0,0,0
"E00164475",3,2,1
"E00164476",7,4,3
"E00164477",0,0,0
"E00164478",0,0,0
"E00164479",10,6,4
"E00164480",2,1,1
"E00164481",12,4,8
"E00164482",3,2,1
"E00164483",7,4,3
"E00164484",3,1,2
"E00164485",7,6,1
"E00164486",4,4,0
"E00164487",2,2,0
"E00164488",5,2,3
"E00164489",5,3,2
"E00164490",1,1,0
"E00164491",1,0,1
"E00164492",6,5,1
"E00164493",2,2,0
"E00164494",6,2,4
"E00164495",1,0,1
"E00164496",3,2,1
"E00164497",1,0,1
"E00164499",2,0,2
"E00164500",5,3,2
"E00164501",4,1,3
"E00164502",2,1,1
"E00164503",5,2,3
"E00164504",0,0,0
"E00164505",0,0,0
"E00164506",1,1,0
"E00164507",6,6,0
"E00164508",6,4,2
"E00164509",1,0,1
"E00164510",5,4,1
"E00164511",3,2,1
"E00164512",2,1,1
"E00164513",2,1,1
"E00164514",2,1,1
"E00164515",1,0,1
"E00164516",3,0,3
"E00164517",1,0,1
"E00164518",0,0,0
"E00164519",0,0,0
"E00164520",4,2,2
"E00164521",4,1,3
"E00164522",1,1,0
"E00164523",7,3,4
"E00164524",0,0,0
"E00164525",3,1,2
"E00164526",5,1,4
"E00164527",2,1,1
"E00164528",4,2,2
"E00164529",5,1,4
"E00164530",0,0,0
"E00164531",0,0,0
"E00164532",0,0,0
"E00164533",0,0,0
"E00164534",0,0,0
"E00164535",5,2,3
"E00164536",5,2,3
"E00164537",6,3,3
"E00164538",5,2,3
"E00164539",2,1,1
"E00164540",4,2,2
"E00164541",2,0,2
"E00164542",7,2,5
"E00164543",4,1,3
"E00164544",2,0,2
"E00164545",7,2,5
"E00164546",6,3,3
"E00164547",6,2,4
"E00164548",3,3,0
"E00164549",3,2,1
"E00164550",5,3,2
"E00164551",1,0,1
"E00164552",1,1,0
"E00164553",5,5,0
"E00164554",2,0,2
"E00164555",2,0,2
"E00164556",0,0,0
"E00164557",1,1,0
"E00164558",1,1,0
"E00164559",3,1,2
"E00164560",1,1,0
"E00164561",4,3,1
"E00164562",1,1,0
"E00164563",3,2,1
"E00164564",0,0,0
"E00164565",1,0,1
"E00164566",2,1,1
"E00164567",4,2,2
"E00164568",2,1,1
"E00164569",1,0,1
"E00164570",4,1,3
"E00164571",2,2,0
"E00164572",1,1,0
"E00164573",2,1,1
"E00164574",2,2,0
"E00164575",11,6,5
"E00164576",0,0,0
"E00164577",3,3,0
"E00164578",6,3,3
"E00164579",1,1,0
"E00164580",1,0,1
"E00164581",4,2,2
"E00164582",4,3,1
"E00164583",1,0,1
"E00164584",7,3,4
"E00164585",4,2,2
"E00164586",2,0,2
"E00164587",16,8,8
"E00164588",9,5,4
"E00164589",10,4,6
"E00164590",3,2,1
"E00164591",0,0,0
"E00164592",9,4,5
"E00164593",4,2,2
"E00164594",6,1,5
"E00164595",2,1,1
"E00164596",7,1,6
"E00164597",7,2,5
"E00164598",5,3,2
"E00164599",2,1,1
"E00164600",5,2,3
"E00164601",9,5,4
"E00164602",0,0,0
"E00164603",8,4,4
"E00164604",0,0,0
"E00164605",0,0,0
"E00164606",3,1,2
"E00164607",0,0,0
"E00164608",3,3,0
"E00164609",8,4,4
"E00164610",0,0,0
"E00164611",0,0,0
"E00164612",3,1,2
"E00164613",1,0,1
"E00164614",1,0,1
"E00164615",2,2,0
"E00164616",7,3,4
"E00164617",1,1,0
"E00164618",0,0,0
"E00164619",2,0,2
"E00164620",1,1,0
"E00164621",5,3,2
"E00164622",2,0,2
"E00164623",2,2,0
"E00164624",5,1,4
"E00164625",8,5,3
"E00164626",3,2,1
"E00164627",2,1,1
"E00164628",9,5,4
"E00164629",4,0,4
"E00164630",4,3,1
"E00164631",1,0,1
"E00164632",4,2,2
"E00164633",5,1,4
"E00164634",5,3,2
"E00164635",1,1,0
"E00164636",5,3,2
"E00164637",1,0,1
"E00164638",1,0,1
"E00164639",1,1,0
"E00164640",8,5,3
"E00164641",3,2,1
"E00164642",1,0,1
"E00164643",2,1,1
"E00164644",1,1,0
"E00164645",1,0,1
"E00164646",0,0,0
"E00164647",0,0,0
"E00164648",1,0,1
"E00164649",2,1,1
"E00164650",0,0,0
"E00164651",7,3,4
"E00164652",6,2,4
"E00164653",14,8,6
"E00164654",4,2,2
"E00164655",5,3,2
"E00164656",7,6,1
"E00164657",0,0,0
"E00164658",7,2,5
"E00164659",1,0,1
"E00164660",4,2,2
"E00164661",7,3,4
"E00164662",10,5,5
"E00164663",1,1,0
"E00164664",7,4,3
"E00164665",5,4,1
"E00164666",5,1,4
"E00164667",1,1,0
"E00164668",2,2,0
"E00164669",4,2,2
"E00164670",4,3,1
"E00164671",7,3,4
"E00164672",2,1,1
"E00164673",3,1,2
"E00164674",7,2,5
"E00164675",2,1,1
"E00164676",0,0,0
"E00164677",6,5,1
"E00164678",3,2,1
"E00164679",2,2,0
"E00164680",5,3,2
"E00164681",4,1,3
"E00164682",5,5,0
"E00164683",4,3,1
"E00164684",1,1,0
"E00164685",5,3,2
"E00164686",3,2,1
"E00164687",2,1,1
"E00164688",7,4,3
"E00164689",5,4,1
"E00164690",5,2,3
"E00164691",5,2,3
"E00164692",5,3,2
"E00164693",4,4,0
"E00164694",12,5,7
"E00164695",1,0,1
"E00164697",4,4,0
"E00164698",8,3,5
"E00164700",1,0,1
"E00164701",5,2,3
"E00164702",5,3,2
"E00164704",2,1,1
"E00164705",0,0,0
"E00164706",1,0,1
"E00164709",0,0,0
"E00164710",2,1,1
"E00164711",0,0,0
"E00164712",6,3,3
"E00164713",6,2,4
"E00164714",2,1,1
"E00164715",1,0,1
"E00164716",1,0,1
"E00164717",4,1,3
"E00164718",4,1,3
"E00164719",3,3,0
"E00164720",5,3,2
"E00164721",4,3,1
"E00164722",13,7,6
"E00164723",9,4,5
"E00164724",7,5,2
"E00164725",5,3,2
"E00164726",5,3,2
"E00164727",7,4,3
"E00164728",11,4,7
"E00164729",3,3,0
"E00164730",3,2,1
"E00164731",9,4,5
"E00164732",5,3,2
"E00164733",4,1,3
"E00164734",1,0,1
"E00164735",2,0,2
"E00164736",4,3,1
"E00164737",4,2,2
"E00164738",5,4,1
"E00164739",2,1,1
"E00164740",6,2,4
"E00164741",0,0,0
"E00164742",0,0,0
"E00164743",1,0,1
"E00164744",5,3,2
"E00164745",1,0,1
"E00164746",2,2,0
"E00164747",5,2,3
"E00164748",0,0,0
"E00164749",0,0,0
"E00164750",2,1,1
"E00164751",6,2,4
"E00164752",0,0,0
"E00164753",0,0,0
"E00164754",2,1,1
"E00164755",0,0,0
"E00164756",2,0,2
"E00164757",1,1,0
"E00164758",0,0,0
"E00164759",3,3,0
"E00164760",3,2,1
"E00164761",2,1,1
"E00164762",2,1,1
"E00164763",1,1,0
"E00164764",2,1,1
"E00164765",0,0,0
"E00164766",0,0,0
"E00164767",0,0,0
"E00164768",1,1,0
"E00164769",0,0,0
"E00164770",2,0,2
"E00164771",1,1,0
"E00164772",0,0,0
"E00164773",1,0,1
"E00164774",0,0,0
"E00164775",4,0,4
"E00164776",2,1,1
"E00164777",4,3,1
"E00164778",0,0,0
"E00164779",1,0,1
"E00164780",1,1,0
"E00164781",5,2,3
"E00164782",6,3,3
"E00164783",11,6,5
"E00164784",4,1,3
"E00164785",1,1,0
"E00164786",0,0,0
"E00164787",1,1,0
"E00164788",2,2,0
"E00164789",3,1,2
"E00164790",2,0,2
"E00164791",4,0,4
"E00164792",1,0,1
"E00164793",3,1,2
"E00164794",3,2,1
"E00164795",4,3,1
"E00164796",4,3,1
"E00164797",0,0,0
"E00164798",0,0,0
"E00164799",0,0,0
"E00164800",3,1,2
"E00164801",3,1,2
"E00164802",5,3,2
"E00164803",1,1,0
"E00164804",3,2,1
"E00164805",0,0,0
"E00164806",4,2,2
"E00164807",3,2,1
"E00164808",0,0,0
"E00164809",0,0,0
"E00164810",5,2,3
"E00164811",2,0,2
"E00164812",0,0,0
"E00164813",2,1,1
"E00164814",5,2,3
"E00164815",3,3,0
"E00164816",6,2,4
"E00164818",1,1,0
"E00164819",8,2,6
"E00164820",5,0,5
"E00164821",6,4,2
"E00164822",10,4,6
"E00164823",1,1,0
"E00164824",9,4,5
"E00164825",3,2,1
"E00164826",2,0,2
"E00164827",3,2,1
"E00164828",5,2,3
"E00164829",0,0,0
"E00164830",1,1,0
"E00164831",0,0,0
"E00164832",2,1,1
"E00164833",3,2,1
"E00164834",1,1,0
"E00164835",0,0,0
"E00164836",4,1,3
"E00164837",3,3,0
"E00164838",9,3,6
"E00164839",1,0,1
"E00164840",0,0,0
"E00164841",4,1,3
"E00164842",6,4,2
"E00164843",0,0,0
"E00164844",1,1,0
"E00164845",1,1,0
"E00164846",6,2,4
"E00164847",1,0,1
"E00164848",0,0,0
"E00164849",5,4,1
"E00164850",1,1,0
"E00164851",6,5,1
"E00164852",2,2,0
"E00164853",1,1,0
"E00164854",3,1,2
"E00164855",5,2,3
"E00164856",7,4,3
"E00164857",7,1,6
"E00164858",4,4,0
"E00164859",6,2,4
"E00164860",11,4,7
"E00164861",4,4,0
"E00164862",2,0,2
"E00164863",5,1,4
"E00164864",1,0,1
"E00164865",5,2,3
"E00164866",4,1,3
"E00164867",0,0,0
"E00164868",1,0,1
"E00164869",5,1,4
"E00164870",3,3,0
"E00164871",10,7,3
"E00164872",4,1,3
"E00164873",7,3,4
"E00164874",5,3,2
"E00164875",3,3,0
"E00164876",1,0,1
"E00164877",0,0,0
"E00164878",3,1,2
"E00164879",7,5,2
"E00164880",6,2,4
"E00164881",8,2,6
"E00164882",3,1,2
"E00164883",3,0,3
"E00164884",17,9,8
"E00164885",3,1,2
"E00164886",2,1,1
"E00164887",4,1,3
"E00164888",5,4,1
"E00164889",5,4,1
"E00164890",1,0,1
"E00164891",6,2,4
"E00164892",1,0,1
"E00164893",2,1,1
"E00164895",2,1,1
"E00164896",0,0,0
"E00164897",4,2,2
"E00164898",2,0,2
"E00164899",1,1,0
"E00164900",1,0,1
"E00164901",1,1,0
"E00164902",2,2,0
"E00164903",0,0,0
"E00164904",1,0,1
"E00164905",3,2,1
"E00164906",0,0,0
"E00164907",1,0,1
"E00164908",1,0,1
"E00164909",4,3,1
"E00164910",0,0,0
"E00164911",1,1,0
"E00164912",0,0,0
"E00164913",1,1,0
"E00164914",3,2,1
"E00164915",0,0,0
"E00164916",9,3,6
"E00164917",6,2,4
"E00164918",7,3,4
"E00164919",4,0,4
"E00164920",7,3,4
"E00164921",4,3,1
"E00164922",1,1,0
"E00164923",4,1,3
"E00164924",6,3,3
"E00164925",5,1,4
"E00164926",2,1,1
"E00164927",4,3,1
"E00164928",1,1,0
"E00164929",3,2,1
"E00164930",7,4,3
"E00164931",3,2,1
"E00164932",4,1,3
"E00164933",2,2,0
"E00164934",8,4,4
"E00164935",0,0,0
"E00164936",3,0,3
"E00164937",4,2,2
"E00164938",0,0,0
"E00164939",7,3,4
"E00164940",6,5,1
"E00164941",4,3,1
"E00164942",1,0,1
"E00164943",8,4,4
"E00164944",0,0,0
"E00164945",4,2,2
"E00164946",6,4,2
"E00164947",5,4,1
"E00164948",4,3,1
"E00164949",3,0,3
"E00164950",2,2,0
"E00164951",3,3,0
"E00164952",9,7,2
"E00164953",4,1,3
"E00164954",6,2,4
"E00164955",4,2,2
"E00164956",0,0,0
"E00164957",2,1,1
"E00164958",5,3,2
"E00164959",0,0,0
"E00164960",2,2,0
"E00164961",9,4,5
"E00164962",3,3,0
"E00164964",3,0,3
"E00164965",5,3,2
"E00164966",1,1,0
"E00164967",4,1,3
"E00164968",9,3,6
"E00164969",0,0,0
"E00164970",4,2,2
"E00164971",6,4,2
"E00164972",1,1,0
"E00164973",6,3,3
"E00164974",15,9,6
"E00164975",9,5,4
"E00164976",2,1,1
"E00164977",12,3,9
"E00164978",4,1,3
"E00164979",5,3,2
"E00164980",6,2,4
"E00164981",6,2,4
"E00164982",9,7,2
"E00164983",5,2,3
"E00164984",10,5,5
"E00164985",6,1,5
"E00164986",3,1,2
"E00164987",9,7,2
"E00164988",7,4,3
"E00164989",3,3,0
"E00164990",4,2,2
"E00164991",12,6,6
"E00164992",3,2,1
"E00164993",4,2,2
"E00164994",0,0,0
"E00164995",2,0,2
"E00164996",7,4,3
"E00164997",3,0,3
"E00164998",4,1,3
"E00164999",4,3,1
"E00165000",4,3,1
"E00165001",3,2,1
"E00165002",6,4,2
"E00165003",0,0,0
"E00165004",2,1,1
"E00165005",4,3,1
"E00165006",3,0,3
"E00165007",11,4,7
"E00165008",1,1,0
"E00165009",3,0,3
"E00165010",3,1,2
"E00165011",6,1,5
"E00165012",4,2,2
"E00165013",4,0,4
"E00165014",1,0,1
"E00165015",3,0,3
"E00165016",4,3,1
"E00165017",0,0,0
"E00165018",4,2,2
"E00165019",3,1,2
"E00165020",2,1,1
"E00165021",6,4,2
"E00165022",1,1,0
"E00165023",6,2,4
"E00165024",17,10,7
"E00165025",1,1,0
"E00165026",4,3,1
"E00165027",2,0,2
"E00165028",0,0,0
"E00165029",6,4,2
"E00165030",6,4,2
"E00165031",12,6,6
"E00165032",2,1,1
"E00165033",1,0,1
"E00165034",0,0,0
"E00165035",6,4,2
"E00165036",3,2,1
"E00165037",1,0,1
"E00165038",2,2,0
"E00165039",1,1,0
"E00165040",4,3,1
"E00165041",2,1,1
"E00165042",6,2,4
"E00165043",8,4,4
"E00165044",0,0,0
"E00165045",9,4,5
"E00165046",1,0,1
"E00165047",1,1,0
"E00165048",1,0,1
"E00165049",2,0,2
"E00165050",0,0,0
"E00165051",1,1,0
"E00165052",0,0,0
"E00165053",0,0,0
"E00165054",0,0,0
"E00165055",1,0,1
"E00165056",12,5,7
"E00165057",6,3,3
"E00165058",3,1,2
"E00165059",2,2,0
"E00165060",7,4,3
"E00165061",7,7,0
"E00165062",11,6,5
"E00165063",8,6,2
"E00165064",14,10,4
"E00165065",7,4,3
"E00165066",8,3,5
"E00165067",14,8,6
"E00165069",6,3,3
"E00165070",3,2,1
"E00165071",7,4,3
"E00165072",3,1,2
"E00165073",9,6,3
"E00165074",6,5,1
"E00165075",1,1,0
"E00165076",0,0,0
"E00165077",7,3,4
"E00165078",5,2,3
"E00165079",0,0,0
"E00165080",6,3,3
"E00165081",2,2,0
"E00165082",9,3,6
"E00165083",2,1,1
"E00165084",12,8,4
"E00165085",7,3,4
"E00165086",11,8,3
"E00165087",0,0,0
"E00165088",1,0,1
"E00165089",1,0,1
"E00165090",0,0,0
"E00165091",10,8,2
"E00165092",7,3,4
"E00165093",3,0,3
"E00165094",0,0,0
"E00165095",1,0,1
"E00165096",0,0,0
"E00165097",2,0,2
"E00165098",1,1,0
"E00165099",1,1,0
"E00165100",0,0,0
"E00165101",0,0,0
"E00165102",12,4,8
"E00165103",4,2,2
"E00165104",8,3,5
"E00165105",0,0,0
"E00165106",0,0,0
"E00165107",1,1,0
"E00165108",5,2,3
"E00165109",15,9,6
"E00165110",6,4,2
"E00165111",7,3,4
"E00165112",6,4,2
"E00165113",11,7,4
"E00165114",13,5,8
"E00165115",7,4,3
"E00165116",2,0,2
"E00165117",9,5,4
"E00165118",4,3,1
"E00165119",3,1,2
"E00165120",11,9,2
"E00165121",7,3,4
"E00165122",2,1,1
"E00165123",6,5,1
"E00165124",7,2,5
"E00165125",17,8,9
"E00165126",12,5,7
"E00165127",1,0,1
"E00165128",1,0,1
"E00165129",1,1,0
"E00165130",1,1,0
"E00165131",1,0,1
"E00165132",0,0,0
"E00165133",0,0,0
"E00165134",6,4,2
"E00165135",8,4,4
"E00165136",4,0,4
"E00165137",2,2,0
"E00165138",9,4,5
"E00165139",5,2,3
"E00165140",8,3,5
"E00165141",0,0,0
"E00165142",0,0,0
"E00165143",3,2,1
"E00165144",0,0,0
"E00165146",6,4,2
"E00165147",4,1,3
"E00165148",2,2,0
"E00165149",8,1,7
"E00165150",6,2,4
"E00165151",2,1,1
"E00165152",4,3,1
"E00165153",1,0,1
"E00165154",3,2,1
"E00165155",2,2,0
"E00165156",5,2,3
"E00165157",12,9,3
"E00165158",1,0,1
"E00165159",0,0,0
"E00165160",5,3,2
"E00165161",4,2,2
"E00165162",6,2,4
"E00165163",1,1,0
"E00165164",13,6,7
"E00165165",0,0,0
"E00165166",4,2,2
"E00165167",7,2,5
"E00165168",5,1,4
"E00165169",2,0,2
"E00165170",1,0,1
"E00165171",2,2,0
"E00165172",0,0,0
"E00165173",1,1,0
"E00165174",0,0,0
"E00165175",2,1,1
"E00165176",3,1,2
"E00165177",5,3,2
"E00165178",4,2,2
"E00165179",3,1,2
"E00165180",4,3,1
"E00165181",11,6,5
"E00165182",0,0,0
"E00165183",3,3,0
"E00165184",6,6,0
"E00165185",5,5,0
"E00165186",6,2,4
"E00165187",6,4,2
"E00165188",4,3,1
"E00165189",5,3,2
"E00165190",5,1,4
"E00165191",6,5,1
"E00165192",6,2,4
"E00165193",5,4,1
"E00165194",8,5,3
"E00165195",0,0,0
"E00165196",1,1,0
"E00165197",1,0,1
"E00165198",1,0,1
"E00165199",3,3,0
"E00165200",0,0,0
"E00165201",8,6,2
"E00165202",8,4,4
"E00165203",3,1,2
"E00165204",1,1,0
"E00165205",5,1,4
"E00165206",9,5,4
"E00165207",17,11,6
"E00165208",4,3,1
"E00165209",9,6,3
"E00165210",4,3,1
"E00165211",3,1,2
"E00165212",9,6,3
"E00165213",6,5,1
"E00165214",2,0,2
"E00165215",6,4,2
"E00165216",8,3,5
"E00165217",8,2,6
"E00165218",6,4,2
"E00165219",14,7,7
"E00165220",6,4,2
"E00165221",5,2,3
"E00165222",18,7,11
"E00165223",3,2,1
"E00165224",15,6,9
"E00165225",12,3,9
"E00165226",1,1,0
"E00165227",9,3,6
"E00165228",2,1,1
"E00165229",3,1,2
"E00165230",4,1,3
"E00165231",2,2,0
"E00165232",2,2,0
"E00165233",6,4,2
"E00165234",9,5,4
"E00165235",2,2,0
"E00165236",3,2,1
"E00165237",4,1,3
"E00165238",3,2,1
"E00165239",1,1,0
"E00165240",7,2,5
"E00165241",2,1,1
"E00165242",4,3,1
"E00165243",8,5,3
"E00165244",2,1,1
"E00165245",13,9,4
"E00165246",7,5,2
"E00165247",3,0,3
"E00165248",11,5,6
"E00165249",9,7,2
"E00165250",7,4,3
"E00165251",1,1,0
"E00165252",0,0,0
"E00165253",2,1,1
"E00165254",0,0,0
"E00165255",6,3,3
"E00165256",6,3,3
"E00165257",0,0,0
"E00165258",10,6,4
"E00165259",15,6,9
"E00165260",10,5,5
"E00165261",12,7,5
"E00165262",6,3,3
"E00165263",6,2,4
"E00165264",8,2,6
"E00165265",7,3,4
"E00165266",0,0,0
"E00165267",1,0,1
"E00165268",8,0,8
"E00165269",6,3,3
"E00165270",4,2,2
"E00165271",4,3,1
"E00165272",12,10,2
"E00165273",9,6,3
"E00165274",4,2,2
"E00165275",9,6,3
"E00165276",1,1,0
"E00165277",6,1,5
"E00165278",4,1,3
"E00165279",1,1,0
"E00165280",2,1,1
"E00165281",3,3,0
"E00165282",6,4,2
"E00165283",4,0,4
"E00165284",1,1,0
"E00165285",5,2,3
"E00165286",1,0,1
"E00165287",0,0,0
"E00165288",3,2,1
"E00165289",4,0,4
"E00165290",2,1,1
"E00165291",5,3,2
"E00165292",6,4,2
"E00165293",4,1,3
"E00165294",1,1,0
"E00165295",4,2,2
"E00165296",5,3,2
"E00165297",3,2,1
"E00165298",2,1,1
"E00165299",3,0,3
"E00165300",2,0,2
"E00165301",2,0,2
"E00165302",4,2,2
"E00165303",0,0,0
"E00165304",13,9,4
"E00165305",3,3,0
"E00165306",9,7,2
"E00165307",3,2,1
"E00165308",10,6,4
"E00165309",0,0,0
"E00165310",4,2,2
"E00165311",11,6,5
"E00165312",3,3,0
"E00165313",10,4,6
"E00165314",7,4,3
"E00165315",10,4,6
"E00165316",3,1,2
"E00165317",6,3,3
"E00165318",2,2,0
"E00165319",7,3,4
"E00165320",5,3,2
"E00165321",8,2,6
"E00165322",4,3,1
"E00165323",2,1,1
"E00165324",7,0,7
"E00165325",4,2,2
"E00165326",3,1,2
"E00165327",7,5,2
"E00165329",7,5,2
"E00165330",5,3,2
"E00165331",7,3,4
"E00165332",6,4,2
"E00165333",7,2,5
"E00165334",10,4,6
"E00165335",5,2,3
"E00165336",11,9,2
"E00165337",0,0,0
"E00165338",7,5,2
"E00165339",6,2,4
"E00165340",8,3,5
"E00165341",2,2,0
"E00165342",5,3,2
"E00165343",5,3,2
"E00165344",4,1,3
"E00165345",0,0,0
"E00165346",1,1,0
"E00165347",1,0,1
"E00165348",3,1,2
"E00165349",1,0,1
"E00165350",2,2,0
"E00165351",0,0,0
"E00165352",1,1,0
"E00165353",2,2,0
"E00165354",3,3,0
"E00165355",6,5,1
"E00165356",7,4,3
"E00165357",6,4,2
"E00165358",1,0,1
"E00165359",9,5,4
"E00165360",7,3,4
"E00165361",13,7,6
"E00165362",9,4,5
"E00165363",2,2,0
"E00165364",1,1,0
"E00165365",1,1,0
"E00165366",2,0,2
"E00165367",2,0,2
"E00165368",5,3,2
"E00165369",4,4,0
"E00165370",3,3,0
"E00165371",0,0,0
"E00165372",1,1,0
"E00165373",1,0,1
"E00165374",2,2,0
"E00165375",4,3,1
"E00165376",2,1,1
"E00165377",1,0,1
"E00165378",1,1,0
"E00165379",3,1,2
"E00165380",8,4,4
"E00165381",0,0,0
"E00165382",1,0,1
"E00165383",6,4,2
"E00165384",4,2,2
"E00165385",2,2,0
"E00165386",8,7,1
"E00165387",5,2,3
"E00165388",1,1,0
"E00165389",4,1,3
"E00165390",8,5,3
"E00165391",5,4,1
"E00165392",4,3,1
"E00165393",2,2,0
"E00165394",10,3,7
"E00165395",0,0,0
"E00165396",3,3,0
"E00165397",9,5,4
"E00165398",7,4,3
"E00165399",10,9,1
"E00165400",4,3,1
"E00165401",5,2,3
"E00165402",3,2,1
"E00165403",8,6,2
"E00165404",4,1,3
"E00165405",9,5,4
"E00165406",0,0,0
"E00165407",6,3,3
"E00165408",14,10,4
"E00165409",4,3,1
"E00165410",7,3,4
"E00165411",10,7,3
"E00165412",7,3,4
"E00165413",0,0,0
"E00165414",4,3,1
"E00165415",2,1,1
"E00165416",5,3,2
"E00165417",4,1,3
"E00165418",1,1,0
"E00165419",1,1,0
"E00165420",1,0,1
"E00165421",2,0,2
"E00165422",2,0,2
"E00165423",5,4,1
"E00165424",0,0,0
"E00165425",4,3,1
"E00165426",1,1,0
"E00165427",2,1,1
"E00165428",3,1,2
"E00165429",1,0,1
"E00165430",2,1,1
"E00165431",1,0,1
"E00165432",1,0,1
"E00165433",3,2,1
"E00165434",1,0,1
"E00165435",1,1,0
"E00165436",2,1,1
"E00165437",3,0,3
"E00165438",4,1,3
"E00165439",0,0,0
"E00165440",0,0,0
"E00165441",3,2,1
"E00165442",9,4,5
"E00165443",1,0,1
"E00165444",2,1,1
"E00165445",2,1,1
"E00165446",3,2,1
"E00165447",6,4,2
"E00165448",1,0,1
"E00165449",3,3,0
"E00165450",4,2,2
"E00165451",7,3,4
"E00165452",1,0,1
"E00165453",5,3,2
"E00165454",0,0,0
"E00165455",5,2,3
"E00165456",3,2,1
"E00165457",2,2,0
"E00165458",1,0,1
"E00165459",1,0,1
"E00165460",3,2,1
"E00165461",2,0,2
"E00165462",1,0,1
"E00165463",3,0,3
"E00165464",6,5,1
"E00165465",2,1,1
"E00165466",2,1,1
"E00165467",2,2,0
"E00165468",3,0,3
"E00165469",4,2,2
"E00165470",2,0,2
"E00165471",1,0,1
"E00165472",3,2,1
"E00165473",2,0,2
"E00165474",5,3,2
"E00165475",2,1,1
"E00165476",2,1,1
"E00165477",0,0,0
"E00165478",5,2,3
"E00165479",3,2,1
"E00165480",0,0,0
"E00165481",3,3,0
"E00165482",2,2,0
"E00165483",1,1,0
"E00165484",4,3,1
"E00165485",0,0,0
"E00165486",4,4,0
"E00165488",0,0,0
"E00165489",8,6,2
"E00165490",5,4,1
"E00165491",1,1,0
"E00165492",0,0,0
"E00165493",5,2,3
"E00165494",4,2,2
"E00165495",4,2,2
"E00165496",2,2,0
"E00165497",0,0,0
"E00165498",6,4,2
"E00165499",9,6,3
"E00165500",1,1,0
"E00165501",1,0,1
"E00165502",3,1,2
"E00165503",5,1,4
"E00165504",7,2,5
"E00165505",1,0,1
"E00165506",1,1,0
"E00165507",7,4,3
"E00165508",6,3,3
"E00165509",6,2,4
"E00165510",3,3,0
"E00165511",1,0,1
"E00165512",5,2,3
"E00165513",11,6,5
"E00165514",5,4,1
"E00165515",3,0,3
"E00165516",3,2,1
"E00165517",5,3,2
"E00165518",2,0,2
"E00165519",2,2,0
"E00165520",2,2,0
"E00165521",0,0,0
"E00165522",0,0,0
"E00165523",0,0,0
"E00165524",1,0,1
"E00165525",5,1,4
"E00165526",0,0,0
"E00165527",5,4,1
"E00165528",5,3,2
"E00165529",4,1,3
"E00165530",0,0,0
"E00165531",9,1,8
"E00165532",1,0,1
"E00165533",1,1,0
"E00165534",1,0,1
"E00165535",1,0,1
"E00165536",1,1,0
"E00165537",4,3,1
"E00165538",3,2,1
"E00165539",3,2,1
"E00165540",1,1,0
"E00165541",2,1,1
"E00165542",2,1,1
"E00165543",2,2,0
"E00165544",7,5,2
"E00165545",4,2,2
"E00165546",0,0,0
"E00165547",0,0,0
"E00165548",9,3,6
"E00165549",10,5,5
"E00165550",3,1,2
"E00165551",3,1,2
"E00165552",0,0,0
"E00165554",3,0,3
"E00165555",3,1,2
"E00165556",1,0,1
"E00165558",0,0,0
"E00165559",0,0,0
"E00165560",0,0,0
"E00165561",5,2,3
"E00165562",2,2,0
"E00165563",0,0,0
"E00165564",0,0,0
"E00165565",1,1,0
"E00165566",2,1,1
"E00165567",2,0,2
"E00165568",3,1,2
"E00165569",0,0,0
"E00165570",1,1,0
"E00165571",0,0,0
"E00165572",1,1,0
"E00165573",4,2,2
"E00165574",0,0,0
"E00165575",2,1,1
"E00165576",8,4,4
"E00165577",5,4,1
"E00165578",5,1,4
"E00165579",7,2,5
"E00165580",3,2,1
"E00165581",3,1,2
"E00165582",9,3,6
"E00165583",4,4,0
"E00165584",1,1,0
"E00165585",1,0,1
"E00165586",1,0,1
"E00165587",3,2,1
"E00165588",1,1,0
"E00165589",0,0,0
"E00165590",3,2,1
"E00165591",1,0,1
"E00165592",1,0,1
"E00165593",0,0,0
"E00165594",1,1,0
"E00165595",5,1,4
"E00165596",2,0,2
"E00165597",1,0,1
"E00165598",1,1,0
"E00165599",6,4,2
"E00165600",5,2,3
"E00165601",0,0,0
"E00165602",1,1,0
"E00165603",0,0,0
"E00165604",0,0,0
"E00165605",0,0,0
"E00165606",1,0,1
"E00165607",1,1,0
"E00165608",0,0,0
"E00165609",2,2,0
"E00165610",3,3,0
"E00165611",6,5,1
"E00165612",7,4,3
"E00165613",5,2,3
"E00165614",4,1,3
"E00165615",2,0,2
"E00165616",3,3,0
"E00165617",3,2,1
"E00165618",13,5,8
"E00165619",3,2,1
"E00165620",1,1,0
"E00165621",2,2,0
"E00165622",3,2,1
"E00165623",1,1,0
"E00165624",1,0,1
"E00165625",0,0,0
"E00165626",4,4,0
"E00165627",2,2,0
"E00165628",1,0,1
"E00165629",7,3,4
"E00165630",2,2,0
"E00165631",0,0,0
"E00165632",2,1,1
"E00165633",5,5,0
"E00165634",1,1,0
"E00165635",2,0,2
"E00165636",3,3,0
"E00165637",1,0,1
"E00165638",2,1,1
"E00165639",1,1,0
"E00165640",7,4,3
"E00165641",1,0,1
"E00165642",3,2,1
"E00165643",5,2,3
"E00165644",0,0,0
"E00165645",2,1,1
"E00165646",1,0,1
"E00165647",11,6,5
"E00165648",2,1,1
"E00165649",5,4,1
"E00165650",8,4,4
"E00165651",0,0,0
"E00165652",6,3,3
"E00165653",7,2,5
"E00165654",6,3,3
"E00165655",4,2,2
"E00165656",6,1,5
"E00165657",3,2,1
"E00165658",13,4,9
"E00165659",8,5,3
"E00165660",0,0,0
"E00165661",6,2,4
"E00165662",3,0,3
"E00165663",1,0,1
"E00165664",4,4,0
"E00165665",5,1,4
"E00165666",1,0,1
"E00165667",4,3,1
"E00165669",0,0,0
"E00165671",2,2,0
"E00165672",0,0,0
"E00165673",3,1,2
"E00165674",1,1,0
"E00165675",1,0,1
"E00165676",1,1,0
"E00165677",10,6,4
"E00165678",1,0,1
"E00165679",4,1,3
"E00165680",1,1,0
"E00165681",1,0,1
"E00165682",0,0,0
"E00165683",2,1,1
"E00165684",1,1,0
"E00165685",3,2,1
"E00165686",6,4,2
"E00165687",3,1,2
"E00165688",5,1,4
"E00165689",0,0,0
"E00165690",0,0,0
"E00165691",4,2,2
"E00165692",0,0,0
"E00165693",5,2,3
"E00165694",4,0,4
"E00165695",7,5,2
"E00165696",2,1,1
"E00165699",1,0,1
"E00165700",1,0,1
"E00165701",12,3,9
"E00165702",1,1,0
"E00165703",2,2,0
"E00165704",0,0,0
"E00165705",5,3,2
"E00165706",0,0,0
"E00165707",2,0,2
"E00165708",4,2,2
"E00165709",1,1,0
"E00165710",0,0,0
"E00165711",1,1,0
"E00165712",2,1,1
"E00165713",0,0,0
"E00165714",2,0,2
"E00165715",3,1,2
"E00165716",0,0,0
"E00165717",5,2,3
"E00165718",1,1,0
"E00165719",7,4,3
"E00165720",4,2,2
"E00165721",2,2,0
"E00165722",1,1,0
"E00165723",2,2,0
"E00165724",0,0,0
"E00165725",3,3,0
"E00165726",3,1,2
"E00165727",0,0,0
"E00165729",0,0,0
"E00165730",4,1,3
"E00165731",4,1,3
"E00165732",2,1,1
"E00165733",5,3,2
"E00165735",0,0,0
"E00165736",2,1,1
"E00165738",0,0,0
"E00165739",9,3,6
"E00165740",1,0,1
"E00165741",2,0,2
"E00165742",1,0,1
"E00165743",0,0,0
"E00165745",1,1,0
"E00165746",4,2,2
"E00165747",0,0,0
"E00165748",1,0,1
"E00165749",0,0,0
"E00165750",1,1,0
"E00165751",0,0,0
"E00165752",3,2,1
"E00165754",3,0,3
"E00165755",2,2,0
"E00165756",2,1,1
"E00165757",2,1,1
"E00165758",8,3,5
"E00165759",3,2,1
"E00165760",0,0,0
"E00165762",2,2,0
"E00165763",0,0,0
"E00165764",3,3,0
"E00165765",3,2,1
"E00165766",6,3,3
"E00165767",0,0,0
"E00165768",5,3,2
"E00165770",3,2,1
"E00165771",2,1,1
"E00165772",3,2,1
"E00165773",2,1,1
"E00165774",1,1,0
"E00165775",0,0,0
"E00165776",2,0,2
"E00165777",1,0,1
"E00165778",2,2,0
"E00165779",2,0,2
"E00165780",1,1,0
"E00165781",0,0,0
"E00165782",1,0,1
"E00165783",0,0,0
"E00165784",4,2,2
"E00165785",3,0,3
"E00165786",1,0,1
"E00165787",7,2,5
"E00165788",2,1,1
"E00165789",0,0,0
"E00165790",4,0,4
"E00165791",3,1,2
"E00165792",1,0,1
"E00165793",0,0,0
"E00165794",6,1,5
"E00165795",5,4,1
"E00165796",10,5,5
"E00165797",2,2,0
"E00165798",3,3,0
"E00165799",1,1,0
"E00165800",4,3,1
"E00165801",6,1,5
"E00165802",2,2,0
"E00165804",4,2,2
"E00165805",0,0,0
"E00165806",5,4,1
"E00165807",0,0,0
"E00165808",1,0,1
"E00165809",2,1,1
"E00165810",3,2,1
"E00165811",0,0,0
"E00165813",6,4,2
"E00165814",2,1,1
"E00165815",12,8,4
"E00165816",9,2,7
"E00165817",7,2,5
"E00165818",5,2,3
"E00165819",5,5,0
"E00165820",4,1,3
"E00165821",4,3,1
"E00165822",3,0,3
"E00165823",3,2,1
"E00165824",1,1,0
"E00165825",10,4,6
"E00165826",6,2,4
"E00165827",9,3,6
"E00165828",6,1,5
"E00165829",3,0,3
"E00165830",3,1,2
"E00165831",4,2,2
"E00165832",5,1,4
"E00165833",4,2,2
"E00165834",6,4,2
"E00165835",8,5,3
"E00165836",5,3,2
"E00165837",9,3,6
"E00165838",3,0,3
"E00165839",0,0,0
"E00165840",1,0,1
"E00165841",2,0,2
"E00165842",1,1,0
"E00165843",3,0,3
"E00165844",1,0,1
"E00165845",0,0,0
"E00165846",1,1,0
"E00165847",4,2,2
"E00165848",4,2,2
"E00165849",12,5,7
"E00165851",3,1,2
"E00165852",9,6,3
"E00165853",20,6,14
"E00165854",9,5,4
"E00165855",12,6,6
"E00165856",1,0,1
"E00165857",4,3,1
"E00165858",2,0,2
"E00165859",4,2,2
"E00165860",2,1,1
"E00165861",2,2,0
"E00165862",14,9,5
"E00165863",2,2,0
"E00165864",5,3,2
"E00165865",5,4,1
"E00165866",44,28,16
"E00165867",5,3,2
"E00165868",5,2,3
"E00165869",4,1,3
"E00165870",2,1,1
"E00165871",3,0,3
"E00165872",4,1,3
"E00165873",5,1,4
"E00165874",2,0,2
"E00165875",3,0,3
"E00165876",4,3,1
"E00165877",1,1,0
"E00165878",2,2,0
"E00165879",0,0,0
"E00165880",1,0,1
"E00165881",0,0,0
"E00165882",1,0,1
"E00165883",0,0,0
"E00165884",1,0,1
"E00165885",1,0,1
"E00165886",7,3,4
"E00165887",2,0,2
"E00165888",2,2,0
"E00165889",2,0,2
"E00165890",1,0,1
"E00165891",8,6,2
"E00165892",2,1,1
"E00165893",2,2,0
"E00165894",9,5,4
"E00165895",6,4,2
"E00165896",2,2,0
"E00165897",4,2,2
"E00165898",8,5,3
"E00165899",0,0,0
"E00165900",0,0,0
"E00165901",4,3,1
"E00165902",12,5,7
"E00165903",7,5,2
"E00165904",5,4,1
"E00165905",9,5,4
"E00165906",2,2,0
"E00165907",1,1,0
"E00165908",2,2,0
"E00165909",6,2,4
"E00165910",3,0,3
"E00165911",1,1,0
"E00165912",0,0,0
"E00165913",0,0,0
"E00165914",1,1,0
"E00165915",1,1,0
"E00165916",3,0,3
"E00165917",5,3,2
"E00165918",6,3,3
"E00165919",2,2,0
"E00165920",3,1,2
"E00165921",4,4,0
"E00165922",2,1,1
"E00165923",0,0,0
"E00165924",0,0,0
"E00165925",8,4,4
"E00165926",3,2,1
"E00165927",4,3,1
"E00165928",4,2,2
"E00165929",5,4,1
"E00165930",14,8,6
"E00165931",2,0,2
"E00165932",3,1,2
"E00165933",6,5,1
"E00165934",3,3,0
"E00165935",3,1,2
"E00165936",4,2,2
"E00165937",3,0,3
"E00165938",6,1,5
"E00165940",5,3,2
"E00165941",1,1,0
"E00165943",2,0,2
"E00165945",2,2,0
"E00165946",11,6,5
"E00165949",0,0,0
"E00165950",4,2,2
"E00165951",5,4,1
"E00165953",2,2,0
"E00165954",5,4,1
"E00165956",0,0,0
"E00165958",9,5,4
"E00165959",1,1,0
"E00165962",4,0,4
"E00165963",3,1,2
"E00165964",2,2,0
"E00165966",3,2,1
"E00165967",7,1,6
"E00165969",0,0,0
"E00165971",1,1,0
"E00165972",1,1,0
"E00165974",3,2,1
"E00165975",3,2,1
"E00165977",0,0,0
"E00165979",5,4,1
"E00165980",2,1,1
"E00165982",6,2,4
"E00165984",2,1,1
"E00165986",8,3,5
"E00165987",3,1,2
"E00165988",11,3,8
"E00165991",3,1,2
"E00165992",4,2,2
"E00165993",4,2,2
"E00165995",6,4,2
"E00165997",4,2,2
"E00165998",2,0,2
"E00165999",1,0,1
"E00166000",5,3,2
"E00166001",4,2,2
"E00166002",4,1,3
"E00166003",3,2,1
"E00166004",9,7,2
"E00166005",8,4,4
"E00166006",5,3,2
"E00166007",8,2,6
"E00166008",4,2,2
"E00166009",2,2,0
"E00166010",3,1,2
"E00166011",6,3,3
"E00166012",2,0,2
"E00166013",0,0,0
"E00166014",6,4,2
"E00166015",2,0,2
"E00166016",1,0,1
"E00166017",3,0,3
"E00166018",8,5,3
"E00166019",2,0,2
"E00166020",0,0,0
"E00166021",3,1,2
"E00166023",1,1,0
"E00166024",10,5,5
"E00166026",14,6,8
"E00166027",3,2,1
"E00166029",0,0,0
"E00166031",0,0,0
"E00166032",3,2,1
"E00166034",3,1,2
"E00166036",2,1,1
"E00166037",5,3,2
"E00166039",0,0,0
"E00166040",2,1,1
"E00166042",0,0,0
"E00166044",0,0,0
"E00166045",5,4,1
"E00166047",10,4,6
"E00166049",2,1,1
"E00166050",3,1,2
"E00166052",3,1,2
"E00166053",2,1,1
"E00166055",6,2,4
"E00166057",5,2,3
"E00166058",0,0,0
"E00166060",12,5,7
"E00166062",0,0,0
"E00166063",1,1,0
"E00166065",0,0,0
"E00166066",0,0,0
"E00166068",0,0,0
"E00166070",3,3,0
"E00166071",7,4,3
"E00166073",0,0,0
"E00166075",4,2,2
"E00166076",3,3,0
"E00166077",0,0,0
"E00166078",1,1,0
"E00166079",2,0,2
"E00166080",34,14,20
"E00166081",2,0,2
"E00166082",5,2,3
"E00166083",5,2,3
"E00166084",3,3,0
"E00166085",2,1,1
"E00166086",3,2,1
"E00166087",0,0,0
"E00166088",4,2,2
"E00166089",2,2,0
"E00166090",7,5,2
"E00166091",2,2,0
"E00166092",0,0,0
"E00166093",4,2,2
"E00166094",3,2,1
"E00166095",5,1,4
"E00166096",8,5,3
"E00166097",2,0,2
"E00166098",4,3,1
"E00166099",4,2,2
"E00166100",8,6,2
"E00166101",0,0,0
"E00166102",5,3,2
"E00166104",4,3,1
"E00166105",0,0,0
"E00166107",3,2,1
"E00166109",0,0,0
"E00166110",4,1,3
"E00166112",7,2,5
"E00166114",13,6,7
"E00166115",10,7,3
"E00166117",2,1,1
"E00166118",4,1,3
"E00166120",0,0,0
"E00166122",0,0,0
"E00166123",0,0,0
"E00166125",0,0,0
"E00166127",4,0,4
"E00166128",5,2,3
"E00166130",3,2,1
"E00166131",2,2,0
"E00166133",0,0,0
"E00166135",1,0,1
"E00166136",1,0,1
"E00166138",1,1,0
"E00166140",0,0,0
"E00166141",0,0,0
"E00166143",0,0,0
"E00166144",3,2,1
"E00166146",0,0,0
"E00166148",1,1,0
"E00166149",0,0,0
"E00166151",2,2,0
"E00166153",4,2,2
"E00166154",0,0,0
"E00166156",4,0,4
"E00166157",4,3,1
"E00166159",2,2,0
"E00166161",3,2,1
"E00166162",1,0,1
"E00166164",2,1,1
"E00166166",4,4,0
"E00166167",1,0,1
"E00166169",7,2,5
"E00166170",1,1,0
"E00166172",0,0,0
"E00166174",0,0,0
"E00166175",0,0,0
"E00166177",1,0,1
"E00166179",1,0,1
"E00166180",0,0,0
"E00166182",4,4,0
"E00166183",5,2,3
"E00166185",2,1,1
"E00166187",1,0,1
"E00166188",3,1,2
"E00166190",2,2,0
"E00166192",0,0,0
"E00166193",1,0,1
"E00166195",0,0,0
"E00166196",0,0,0
"E00166198",0,0,0
"E00166200",0,0,0
"E00166201",12,8,4
"E00166203",0,0,0
"E00166205",0,0,0
"E00166206",0,0,0
"E00166208",23,18,5
"E00166209",9,6,3
"E00166211",0,0,0
"E00166213",9,8,1
"E00166214",0,0,0
"E00166216",3,1,2
"E00166218",10,7,3
"E00166219",1,0,1
"E00166221",1,0,1
"E00166222",0,0,0
"E00166224",3,3,0
"E00166226",2,1,1
"E00166227",0,0,0
"E00166229",0,0,0
"E00166231",2,0,2
"E00166232",0,0,0
"E00166234",0,0,0
"E00166235",5,1,4
"E00166237",3,1,2
"E00166239",5,2,3
"E00166240",0,0,0
"E00166242",4,0,4
"E00166244",0,0,0
"E00166245",2,0,2
"E00166247",5,2,3
"E00166248",1,1,0
"E00166250",0,0,0
"E00166252",5,2,3
"E00166253",0,0,0
"E00166255",5,2,3
"E00166257",1,0,1
"E00166258",3,0,3
"E00166259",4,4,0
"E00166260",2,1,1
"E00166261",4,0,4
"E00166262",4,3,1
"E00166263",3,2,1
"E00166264",2,1,1
"E00166265",1,1,0
"E00166266",8,2,6
"E00166267",0,0,0
"E00166268",0,0,0
"E00166269",3,0,3
"E00166270",2,1,1
"E00166271",0,0,0
"E00166272",2,1,1
"E00166273",1,1,0
"E00166274",0,0,0
"E00166275",1,1,0
"E00166276",0,0,0
"E00166277",1,1,0
"E00166278",1,0,1
"E00166279",2,1,1
"E00166280",3,2,1
"E00166281",3,2,1
"E00166282",0,0,0
"E00166283",1,0,1
"E00166284",2,1,1
"E00166285",1,1,0
"E00166286",0,0,0
"E00166287",0,0,0
"E00166288",1,1,0
"E00166289",4,2,2
"E00166290",1,0,1
"E00166291",2,1,1
"E00166292",3,1,2
"E00166293",2,2,0
"E00166294",0,0,0
"E00166295",4,4,0
"E00166296",5,1,4
"E00166297",3,1,2
"E00166298",2,1,1
"E00166299",3,1,2
"E00166300",8,3,5
"E00166301",4,4,0
"E00166302",1,1,0
"E00166303",2,1,1
"E00166304",1,0,1
"E00166305",2,1,1
"E00166306",0,0,0
"E00166307",1,0,1
"E00166308",2,1,1
"E00166309",2,0,2
"E00166310",4,3,1
"E00166311",7,4,3
"E00166312",0,0,0
"E00166313",2,0,2
"E00166314",2,1,1
"E00166315",2,1,1
"E00166316",4,2,2
"E00166317",9,5,4
"E00166318",7,3,4
"E00166319",3,1,2
"E00166320",3,0,3
"E00166321",20,18,2
"E00166322",8,3,5
"E00166323",1,1,0
"E00166324",2,1,1
"E00166325",3,2,1
"E00166326",2,2,0
"E00166327",1,0,1
"E00166328",2,1,1
"E00166329",0,0,0
"E00166330",4,2,2
"E00166331",0,0,0
"E00166332",0,0,0
"E00166333",5,2,3
"E00166334",2,1,1
"E00166335",0,0,0
"E00166336",2,1,1
"E00166337",7,2,5
"E00166338",3,2,1
"E00166339",3,0,3
"E00166340",9,4,5
"E00166341",7,6,1
"E00166342",3,2,1
"E00166343",5,1,4
"E00166344",3,2,1
"E00166345",3,2,1
"E00166346",0,0,0
"E00166347",3,3,0
"E00166348",0,0,0
"E00166349",4,1,3
"E00166350",2,1,1
"E00166351",14,11,3
"E00166352",3,2,1
"E00166353",3,2,1
"E00166354",1,0,1
"E00166355",4,2,2
"E00166356",2,2,0
"E00166357",6,2,4
"E00166358",4,2,2
"E00166359",8,4,4
"E00166360",13,7,6
"E00166361",4,1,3
"E00166362",2,1,1
"E00166363",8,4,4
"E00166364",2,1,1
"E00166365",0,0,0
"E00166366",2,2,0
"E00166367",2,0,2
"E00166368",6,4,2
"E00166369",7,4,3
"E00166370",1,0,1
"E00166371",5,2,3
"E00166372",4,3,1
"E00166373",5,4,1
"E00166374",5,3,2
"E00166375",2,0,2
"E00166376",0,0,0
"E00166377",0,0,0
"E00166378",0,0,0
"E00166379",0,0,0
"E00166380",2,1,1
"E00166381",21,14,7
"E00166382",1,0,1
"E00166383",2,1,1
"E00166384",8,3,5
"E00166385",1,0,1
"E00166386",0,0,0
"E00166387",0,0,0
"E00166388",5,3,2
"E00166389",9,3,6
"E00166390",13,7,6
"E00166391",3,2,1
"E00166392",20,10,10
"E00166393",5,4,1
"E00166394",6,3,3
"E00166395",6,3,3
"E00166396",6,1,5
"E00166397",2,2,0
"E00166398",6,3,3
"E00166399",1,1,0
"E00166400",1,0,1
"E00166401",1,1,0
"E00166402",1,1,0
"E00166403",0,0,0
"E00166404",3,3,0
"E00166405",2,1,1
"E00166406",4,2,2
"E00166407",2,2,0
"E00166408",2,1,1
"E00166409",4,1,3
"E00166410",3,1,2
"E00166411",11,7,4
"E00166412",3,0,3
"E00166413",10,3,7
"E00166414",5,2,3
"E00166415",6,3,3
"E00166416",5,3,2
"E00166417",4,2,2
"E00166418",2,1,1
"E00166419",7,3,4
"E00166420",22,13,9
"E00166421",22,12,10
"E00166422",1,0,1
"E00166423",8,4,4
"E00166424",21,14,7
"E00166425",1,1,0
"E00166426",19,9,10
"E00166427",5,1,4
"E00166428",5,3,2
"E00166429",8,5,3
"E00166430",12,4,8
"E00166431",4,1,3
"E00166432",3,1,2
"E00166433",32,18,14
"E00166434",0,0,0
"E00166435",0,0,0
"E00166436",7,4,3
"E00166437",2,1,1
"E00166438",2,2,0
"E00166439",4,2,2
"E00166440",12,6,6
"E00166441",6,3,3
"E00166442",2,1,1
"E00166443",8,8,0
"E00166444",2,1,1
"E00166445",7,5,2
"E00166446",3,1,2
"E00166447",4,1,3
"E00166448",8,6,2
"E00166449",0,0,0
"E00166450",0,0,0
"E00166451",18,11,7
"E00166452",1,1,0
"E00166453",10,4,6
"E00166454",2,1,1
"E00166455",2,1,1
"E00166456",10,6,4
"E00166457",3,1,2
"E00166458",5,5,0
"E00166459",4,3,1
"E00166460",6,3,3
"E00166461",11,6,5
"E00166462",7,5,2
"E00166463",5,3,2
"E00166464",12,6,6
"E00166465",11,7,4
"E00166466",9,8,1
"E00166467",0,0,0
"E00166468",0,0,0
"E00166469",3,2,1
"E00166470",0,0,0
"E00166471",0,0,0
"E00166472",0,0,0
"E00166473",0,0,0
"E00166474",2,1,1
"E00166475",3,1,2
"E00166476",0,0,0
"E00166477",0,0,0
"E00166478",0,0,0
"E00166479",0,0,0
"E00166480",4,2,2
"E00166481",0,0,0
"E00166482",0,0,0
"E00166483",3,1,2
"E00166484",3,1,2
"E00166485",4,3,1
"E00166486",4,2,2
"E00166487",12,4,8
"E00166488",6,4,2
"E00166489",1,0,1
"E00166490",12,8,4
"E00166491",1,0,1
"E00166492",1,1,0
"E00166493",0,0,0
"E00166494",2,1,1
"E00166495",0,0,0
"E00166496",1,1,0
"E00166497",1,0,1
"E00166498",1,0,1
"E00166499",0,0,0
"E00166500",0,0,0
"E00166501",0,0,0
"E00166502",1,1,0
"E00166503",4,2,2
"E00166504",5,2,3
"E00166505",3,1,2
"E00166506",1,0,1
"E00166507",2,1,1
"E00166508",0,0,0
"E00166509",2,2,0
"E00166510",2,1,1
"E00166511",14,8,6
"E00166512",5,3,2
"E00166513",1,0,1
"E00166514",0,0,0
"E00166515",0,0,0
"E00166516",3,1,2
"E00166517",2,2,0
"E00166518",3,1,2
"E00166519",3,0,3
"E00166520",4,2,2
"E00166521",0,0,0
"E00166522",0,0,0
"E00166523",1,0,1
"E00166524",2,2,0
"E00166525",1,1,0
"E00166526",0,0,0
"E00166527",3,1,2
"E00166528",1,0,1
"E00166529",3,2,1
"E00166530",1,0,1
"E00166531",2,2,0
"E00166532",0,0,0
"E00166533",1,0,1
"E00166534",2,2,0
"E00166535",2,1,1
"E00166536",3,0,3
"E00166537",0,0,0
"E00166538",0,0,0
"E00166539",2,2,0
"E00166540",3,0,3
"E00166541",0,0,0
"E00166542",1,1,0
"E00166543",0,0,0
"E00166544",0,0,0
"E00166545",1,0,1
"E00166546",1,1,0
"E00166547",0,0,0
"E00166548",1,0,1
"E00166549",6,3,3
"E00166550",3,1,2
"E00166551",3,2,1
"E00166552",1,1,0
"E00166553",2,1,1
"E00166554",0,0,0
"E00166555",0,0,0
"E00166556",4,0,4
"E00166557",1,0,1
"E00166558",1,1,0
"E00166559",0,0,0
"E00166560",3,3,0
"E00166561",0,0,0
"E00166562",0,0,0
"E00166563",1,0,1
"E00166564",0,0,0
"E00166565",4,2,2
"E00166566",2,1,1
"E00166567",2,1,1
"E00166568",0,0,0
"E00166569",0,0,0
"E00166570",3,0,3
"E00166571",0,0,0
"E00166572",4,3,1
"E00166573",2,1,1
"E00166574",3,1,2
"E00166575",3,1,2
"E00166576",0,0,0
"E00166577",2,1,1
"E00166578",0,0,0
"E00166579",0,0,0
"E00166580",3,0,3
"E00166581",1,0,1
"E00166582",2,0,2
"E00166583",1,0,1
"E00166584",0,0,0
"E00166585",3,0,3
"E00166586",3,2,1
"E00166587",4,4,0
"E00166588",2,0,2
"E00166589",10,3,7
"E00166590",2,0,2
"E00166591",1,1,0
"E00166592",0,0,0
"E00166593",15,8,7
"E00166595",1,0,1
"E00166596",0,0,0
"E00166598",3,0,3
"E00166599",3,1,2
"E00166601",14,7,7
"E00166602",5,2,3
"E00166604",7,3,4
"E00166605",3,1,2
"E00166607",8,3,5
"E00166609",5,1,4
"E00166610",17,6,11
"E00166612",6,3,3
"E00166613",15,6,9
"E00166615",2,0,2
"E00166616",7,6,1
"E00166618",9,5,4
"E00166619",0,0,0
"E00166621",1,0,1
"E00166623",5,4,1
"E00166624",13,9,4
"E00166626",4,1,3
"E00166627",6,2,4
"E00166629",1,0,1
"E00166630",9,4,5
"E00166632",8,6,2
"E00166633",0,0,0
"E00166635",1,0,1
"E00166637",3,1,2
"E00166638",1,1,0
"E00166640",0,0,0
"E00166641",0,0,0
"E00166643",9,5,4
"E00166644",0,0,0
"E00166645",0,0,0
"E00166646",4,3,1
"E00166647",5,2,3
"E00166648",8,1,7
"E00166649",2,2,0
"E00166650",4,3,1
"E00166651",1,0,1
"E00166652",5,2,3
"E00166653",19,10,9
"E00166654",0,0,0
"E00166655",0,0,0
"E00166656",5,3,2
"E00166657",3,1,2
"E00166658",0,0,0
"E00166659",5,5,0
"E00166660",63,43,20
"E00166661",8,8,0
"E00166662",0,0,0
"E00166663",0,0,0
"E00166664",2,1,1
"E00166665",5,4,1
"E00166666",0,0,0
"E00166667",3,0,3
"E00166668",2,1,1
"E00166669",4,1,3
"E00166670",4,4,0
"E00166671",6,4,2
"E00166672",1,0,1
"E00166673",5,3,2
"E00166674",0,0,0
"E00166675",0,0,0
"E00166676",11,7,4
"E00166677",0,0,0
"E00166678",4,3,1
"E00166679",5,2,3
"E00166680",2,1,1
"E00166681",0,0,0
"E00166682",4,1,3
"E00166683",0,0,0
"E00166684",0,0,0
"E00166685",0,0,0
"E00166686",3,3,0
"E00166687",0,0,0
"E00166688",0,0,0
"E00166689",5,4,1
"E00166690",1,0,1
"E00166691",0,0,0
"E00166692",5,3,2
"E00166693",1,0,1
"E00166694",1,1,0
"E00166695",1,1,0
"E00166696",0,0,0
"E00166697",4,2,2
"E00166698",7,2,5
"E00166699",2,2,0
"E00166700",0,0,0
"E00166701",2,2,0
"E00166702",4,0,4
"E00166703",4,2,2
"E00166704",5,3,2
"E00166705",1,0,1
"E00166706",3,0,3
"E00166707",2,2,0
"E00166708",0,0,0
"E00166709",3,1,2
"E00166710",1,0,1
"E00166711",3,2,1
"E00166712",5,4,1
"E00166713",3,1,2
"E00166714",1,0,1
"E00166715",4,2,2
"E00166716",1,1,0
"E00166717",1,0,1
"E00166718",1,0,1
"E00166719",8,1,7
"E00166720",5,2,3
"E00166721",25,6,19
"E00166722",18,12,6
"E00166723",4,2,2
"E00166724",1,0,1
"E00166725",35,29,6
"E00166726",10,7,3
"E00166727",4,3,1
"E00166728",3,1,2
"E00166729",0,0,0
"E00166730",0,0,0
"E00166731",0,0,0
"E00166732",0,0,0
"E00166733",1,0,1
"E00166734",30,16,14
"E00166735",2,1,1
"E00166737",7,2,5
"E00166738",8,4,4
"E00166740",1,0,1
"E00166741",2,0,2
"E00166743",15,11,4
"E00166744",3,2,1
"E00166746",1,1,0
"E00166748",1,0,1
"E00166749",10,4,6
"E00166751",4,2,2
"E00166752",3,1,2
"E00166754",4,2,2
"E00166755",2,2,0
"E00166756",1,0,1
"E00166757",1,0,1
"E00166758",0,0,0
"E00166759",1,1,0
"E00166760",5,3,2
"E00166761",5,3,2
"E00166762",5,2,3
"E00166763",5,4,1
"E00166764",5,4,1
"E00166765",1,0,1
"E00166766",14,7,7
"E00166767",1,0,1
"E00166768",2,1,1
"E00166769",1,0,1
"E00166770",1,0,1
"E00166771",4,3,1
"E00166772",5,2,3
"E00166773",1,1,0
"E00166774",3,2,1
"E00166775",2,0,2
"E00166776",1,0,1
"E00166777",1,1,0
"E00166778",1,0,1
"E00166779",0,0,0
"E00166780",8,4,4
"E00166781",0,0,0
"E00166782",0,0,0
"E00166783",1,0,1
"E00166784",5,3,2
"E00166785",6,2,4
"E00166786",0,0,0
"E00166787",0,0,0
"E00166788",3,1,2
"E00166789",1,0,1
"E00166790",4,2,2
"E00166791",3,3,0
"E00166792",3,0,3
"E00166793",6,1,5
"E00166794",1,1,0
"E00166795",2,1,1
"E00166796",0,0,0
"E00166797",2,1,1
"E00166799",4,1,3
"E00166800",5,4,1
"E00166802",5,3,2
"E00166804",2,0,2
"E00166805",2,0,2
"E00166807",1,1,0
"E00166808",8,4,4
"E00166810",6,2,4
"E00166811",3,3,0
"E00166813",1,1,0
"E00166814",3,2,1
"E00166816",2,0,2
"E00166817",7,3,4
"E00166818",7,3,4
"E00166819",4,2,2
"E00166820",5,2,3
"E00166821",8,1,7
"E00166822",0,0,0
"E00166823",0,0,0
"E00166824",0,0,0
"E00166825",0,0,0
"E00166826",0,0,0
"E00166827",2,1,1
"E00166828",2,0,2
"E00166829",2,1,1
"E00166830",4,2,2
"E00166831",0,0,0
"E00166832",0,0,0
"E00166833",1,0,1
"E00166834",1,0,1
"E00166835",0,0,0
"E00166836",0,0,0
"E00166837",1,1,0
"E00166838",0,0,0
"E00166839",1,1,0
"E00166840",1,1,0
"E00166841",3,3,0
"E00166842",2,1,1
"E00166843",0,0,0
"E00166844",1,1,0
"E00166845",7,6,1
"E00166846",2,2,0
"E00166847",5,2,3
"E00166848",0,0,0
"E00166849",5,1,4
"E00166850",1,1,0
"E00166851",3,3,0
"E00166852",2,1,1
"E00166853",0,0,0
"E00166854",1,0,1
"E00166855",1,0,1
"E00166856",5,3,2
"E00166857",6,3,3
"E00166858",0,0,0
"E00166859",3,1,2
"E00166860",8,4,4
"E00166861",1,1,0
"E00166862",1,1,0
"E00166863",1,1,0
"E00166864",2,0,2
"E00166865",6,1,5
"E00166866",1,0,1
"E00166867",0,0,0
"E00166868",1,1,0
"E00166869",1,1,0
"E00166870",1,1,0
"E00166872",1,0,1
"E00166874",3,2,1
"E00166875",3,0,3
"E00166877",0,0,0
"E00166878",3,1,2
"E00166880",1,1,0
"E00166881",0,0,0
"E00166883",0,0,0
"E00166884",0,0,0
"E00166886",3,0,3
"E00166888",4,2,2
"E00166889",0,0,0
"E00166891",5,1,4
"E00166892",0,0,0
"E00166894",1,1,0
"E00166895",1,1,0
"E00166897",1,0,1
"E00166898",3,2,1
"E00166900",4,2,2
"E00166902",2,1,1
"E00166903",4,3,1
"E00166905",0,0,0
"E00166906",2,0,2
"E00166908",4,1,3
"E00166909",3,2,1
"E00166911",4,1,3
"E00166912",7,4,3
"E00166914",4,4,0
"E00166916",1,0,1
"E00166917",7,6,1
"E00166919",1,0,1
"E00166920",2,1,1
"E00166922",0,0,0
"E00166923",4,2,2
"E00166925",1,0,1
"E00166926",1,1,0
"E00166928",0,0,0
"E00166930",6,2,4
"E00166931",1,0,1
"E00166933",0,0,0
"E00166934",0,0,0
"E00166936",0,0,0
"E00166937",1,1,0
"E00166939",3,2,1
"E00166940",1,0,1
"E00166942",0,0,0
"E00166944",5,2,3
"E00166945",0,0,0
"E00166947",1,1,0
"E00166948",5,3,2
"E00166950",11,5,6
"E00166951",7,2,5
"E00166953",1,0,1
"E00166954",0,0,0
"E00166956",0,0,0
"E00166958",13,10,3
"E00166959",0,0,0
"E00166961",0,0,0
"E00166962",0,0,0
"E00166964",0,0,0
"E00166965",2,1,1
"E00166967",0,0,0
"E00166968",0,0,0
"E00166970",2,2,0
"E00166972",5,1,4
"E00166973",0,0,0
"E00166975",2,1,1
"E00166976",8,4,4
"E00166978",0,0,0
"E00166979",0,0,0
"E00166981",1,1,0
"E00166982",0,0,0
"E00166984",1,1,0
"E00166986",1,0,1
"E00166987",13,4,9
"E00166989",15,7,8
"E00166990",2,1,1
"E00166992",3,3,0
"E00166993",12,9,3
"E00166995",1,0,1
"E00166996",18,9,9
"E00166998",0,0,0
"E00167000",0,0,0
"E00167001",3,1,2
"E00167003",10,5,5
"E00167004",1,1,0
"E00167006",0,0,0
"E00167007",0,0,0
"E00167009",4,2,2
"E00167010",0,0,0
"E00167012",0,0,0
"E00167014",13,8,5
"E00167015",1,1,0
"E00167017",3,2,1
"E00167018",30,11,19
"E00167020",1,1,0
"E00167021",0,0,0
"E00167023",0,0,0
"E00167024",1,0,1
"E00167026",1,0,1
"E00167028",2,1,1
"E00167029",0,0,0
"E00167030",4,1,3
"E00167031",4,1,3
"E00167032",5,1,4
"E00167033",3,0,3
"E00167034",0,0,0
"E00167035",2,1,1
"E00167036",2,2,0
"E00167037",2,1,1
"E00167038",0,0,0
"E00167039",3,0,3
"E00167040",7,4,3
"E00167041",8,5,3
"E00167042",3,1,2
"E00167043",2,1,1
"E00167044",7,2,5
"E00167045",0,0,0
"E00167046",6,3,3
"E00167047",4,1,3
"E00167048",2,1,1
"E00167049",2,2,0
"E00167050",5,2,3
"E00167051",8,4,4
"E00167052",2,0,2
"E00167053",3,1,2
"E00167054",2,2,0
"E00167055",4,3,1
"E00167056",13,11,2
"E00167057",8,6,2
"E00167058",1,1,0
"E00167059",3,0,3
"E00167060",4,3,1
"E00167061",0,0,0
"E00167062",6,5,1
"E00167063",0,0,0
"E00167064",4,1,3
"E00167065",0,0,0
"E00167066",3,2,1
"E00167067",15,1,14
"E00167068",0,0,0
"E00167069",0,0,0
"E00167070",4,3,1
"E00167071",8,4,4
"E00167072",0,0,0
"E00167073",13,10,3
"E00167074",7,2,5
"E00167075",43,25,18
"E00167076",16,9,7
"E00167077",18,9,9
"E00167078",8,3,5
"E00167079",0,0,0
"E00167080",2,2,0
"E00167081",2,0,2
"E00167082",0,0,0
"E00167083",4,1,3
"E00167084",2,1,1
"E00167085",0,0,0
"E00167086",2,1,1
"E00167087",3,2,1
"E00167088",2,1,1
"E00167089",0,0,0
"E00167090",4,2,2
"E00167091",3,2,1
"E00167092",1,0,1
"E00167093",0,0,0
"E00167094",0,0,0
"E00167095",0,0,0
"E00167096",0,0,0
"E00167097",2,0,2
"E00167098",1,0,1
"E00167099",0,0,0
"E00167100",0,0,0
"E00167101",0,0,0
"E00167102",0,0,0
"E00167103",0,0,0
"E00167104",2,1,1
"E00167105",3,2,1
"E00167106",1,1,0
"E00167107",0,0,0
"E00167108",2,2,0
"E00167109",1,0,1
"E00167110",3,0,3
"E00167111",0,0,0
"E00167112",3,1,2
"E00167113",2,1,1
"E00167114",3,2,1
"E00167115",2,0,2
"E00167116",0,0,0
"E00167117",1,0,1
"E00167118",1,1,0
"E00167119",0,0,0
"E00167120",3,2,1
"E00167121",1,1,0
"E00167122",2,2,0
"E00167123",4,1,3
"E00167124",6,5,1
"E00167125",1,1,0
"E00167126",1,0,1
"E00167127",3,1,2
"E00167128",6,3,3
"E00167129",4,3,1
"E00167130",4,1,3
"E00167131",2,1,1
"E00167132",1,0,1
"E00167133",0,0,0
"E00167134",0,0,0
"E00167135",1,1,0
"E00167136",2,1,1
"E00167137",1,1,0
"E00167138",0,0,0
"E00167139",0,0,0
"E00167140",1,0,1
"E00167141",2,1,1
"E00167142",0,0,0
"E00167143",4,2,2
"E00167144",10,7,3
"E00167145",1,1,0
"E00167146",0,0,0
"E00167147",2,2,0
"E00167148",1,0,1
"E00167149",0,0,0
"E00167150",0,0,0
"E00167151",0,0,0
"E00167152",2,1,1
"E00167153",4,3,1
"E00167154",2,1,1
"E00167155",0,0,0
"E00167156",2,2,0
"E00167157",1,0,1
"E00167158",2,0,2
"E00167159",4,1,3
"E00167160",3,3,0
"E00167161",4,2,2
"E00167162",1,0,1
"E00167163",0,0,0
"E00167164",2,0,2
"E00167165",0,0,0
"E00167166",1,1,0
"E00167167",0,0,0
"E00167168",7,4,3
"E00167169",0,0,0
"E00167170",0,0,0
"E00167171",1,1,0
"E00167172",1,1,0
"E00167173",3,3,0
"E00167174",4,2,2
"E00167175",1,0,1
"E00167176",2,0,2
"E00167177",2,0,2
"E00167178",6,2,4
"E00167179",0,0,0
"E00167180",3,2,1
"E00167181",0,0,0
"E00167182",0,0,0
"E00167183",0,0,0
"E00167184",0,0,0
"E00167185",4,1,3
"E00167186",2,0,2
"E00167187",3,1,2
"E00167188",0,0,0
"E00167189",1,1,0
"E00167190",6,1,5
"E00167191",1,1,0
"E00167192",3,3,0
"E00167193",1,1,0
"E00167194",1,0,1
"E00167195",0,0,0
"E00167196",0,0,0
"E00167197",2,2,0
"E00167198",0,0,0
"E00167199",0,0,0
"E00167200",0,0,0
"E00167201",1,1,0
"E00167202",0,0,0
"E00167203",4,2,2
"E00167204",3,1,2
"E00167205",8,3,5
"E00167206",3,2,1
"E00167207",6,3,3
"E00167208",1,0,1
"E00167209",1,1,0
"E00167210",0,0,0
"E00167211",10,2,8
"E00167212",4,0,4
"E00167213",0,0,0
"E00167214",1,1,0
"E00167215",3,0,3
"E00167216",1,1,0
"E00167217",2,2,0
"E00167218",4,2,2
"E00167219",1,0,1
"E00167220",0,0,0
"E00167221",1,1,0
"E00167222",1,1,0
"E00167223",2,2,0
"E00167224",1,0,1
"E00167225",1,0,1
"E00167226",0,0,0
"E00167227",0,0,0
"E00167228",0,0,0
"E00167229",6,1,5
"E00167230",1,0,1
"E00167231",2,0,2
"E00167232",5,3,2
"E00167233",1,0,1
"E00167234",9,2,7
"E00167235",3,2,1
"E00167236",0,0,0
"E00167237",0,0,0
"E00167238",2,1,1
"E00167239",2,1,1
"E00167240",3,2,1
"E00167241",9,8,1
"E00167242",5,3,2
"E00167243",0,0,0
"E00167244",1,1,0
"E00167245",0,0,0
"E00167246",1,1,0
"E00167247",1,0,1
"E00167248",4,2,2
"E00167249",1,0,1
"E00167250",4,4,0
"E00167251",27,12,15
"E00167252",1,1,0
"E00167253",1,1,0
"E00167254",2,1,1
"E00167255",2,2,0
"E00167256",1,1,0
"E00167257",3,2,1
"E00167258",1,1,0
"E00167259",0,0,0
"E00167260",3,2,1
"E00167261",3,3,0
"E00167262",0,0,0
"E00167263",1,0,1
"E00167264",2,2,0
"E00167265",3,1,2
"E00167266",1,1,0
"E00167267",7,4,3
"E00167268",6,1,5
"E00167269",4,2,2
"E00167270",0,0,0
"E00167271",7,4,3
"E00167272",4,2,2
"E00167273",4,2,2
"E00167274",11,5,6
"E00167275",4,4,0
"E00167276",4,2,2
"E00167277",3,1,2
"E00167278",3,2,1
"E00167279",1,1,0
"E00167280",2,2,0
"E00167281",1,1,0
"E00167282",2,2,0
"E00167283",1,1,0
"E00167284",1,1,0
"E00167285",0,0,0
"E00167286",0,0,0
"E00167287",1,1,0
"E00167288",3,3,0
"E00167289",1,0,1
"E00167290",4,2,2
"E00167291",1,0,1
"E00167292",0,0,0
"E00167293",0,0,0
"E00167294",0,0,0
"E00167295",2,1,1
"E00167296",6,2,4
"E00167297",1,1,0
"E00167298",7,4,3
"E00167300",4,2,2
"E00167301",5,3,2
"E00167303",4,3,1
"E00167304",11,8,3
"E00167306",3,3,0
"E00167307",7,4,3
"E00167309",1,0,1
"E00167311",3,2,1
"E00167312",0,0,0
"E00167314",2,0,2
"E00167315",2,1,1
"E00167317",6,3,3
"E00167318",1,0,1
"E00167320",0,0,0
"E00167321",0,0,0
"E00167323",26,13,13
"E00167325",0,0,0
"E00167326",0,0,0
"E00167328",0,0,0
"E00167329",2,0,2
"E00167331",6,4,2
"E00167332",1,0,1
"E00167334",1,1,0
"E00167335",0,0,0
"E00167337",2,1,1
"E00167339",1,1,0
"E00167340",3,2,1
"E00167342",1,0,1
"E00167343",0,0,0
"E00167345",2,1,1
"E00167346",1,1,0
"E00167348",0,0,0
"E00167349",2,1,1
"E00167351",0,0,0
"E00167353",6,6,0
"E00167354",7,3,4
"E00167356",13,8,5
"E00167357",11,5,6
"E00167359",9,5,4
"E00167360",7,5,2
"E00167362",8,4,4
"E00167363",0,0,0
"E00167365",3,1,2
"E00167367",2,1,1
"E00167368",8,4,4
"E00167370",7,3,4
"E00167371",8,6,2
"E00167373",12,5,7
"E00167374",7,3,4
"E00167376",1,0,1
"E00167377",0,0,0
"E00167379",3,2,1
"E00167381",8,3,5
"E00167382",1,1,0
"E00167383",1,1,0
"E00167384",3,3,0
"E00167385",0,0,0
"E00167386",1,1,0
"E00167387",23,14,9
"E00167388",3,3,0
"E00167389",1,1,0
"E00167390",2,1,1
"E00167391",1,0,1
"E00167392",0,0,0
"E00167393",4,4,0
"E00167394",4,3,1
"E00167395",1,1,0
"E00167396",3,3,0
"E00167397",1,1,0
"E00167398",3,2,1
"E00167399",5,4,1
"E00167400",1,1,0
"E00167401",0,0,0
"E00167402",7,3,4
"E00167403",5,3,2
"E00167404",2,1,1
"E00167405",1,1,0
"E00167406",5,3,2
"E00167407",2,1,1
"E00167408",3,1,2
"E00167409",0,0,0
"E00167410",1,0,1
"E00167411",0,0,0
"E00167412",2,1,1
"E00167413",2,1,1
"E00167414",0,0,0
"E00167415",0,0,0
"E00167416",1,0,1
"E00167417",0,0,0
"E00167418",0,0,0
"E00167419",0,0,0
"E00167420",11,10,1
"E00167421",3,2,1
"E00167422",3,1,2
"E00167423",7,4,3
"E00167424",3,1,2
"E00167425",4,2,2
"E00167426",0,0,0
"E00167427",2,1,1
"E00167428",0,0,0
"E00167429",0,0,0
"E00167430",1,0,1
"E00167431",3,1,2
"E00167432",0,0,0
"E00167433",2,2,0
"E00167434",2,0,2
"E00167435",3,0,3
"E00167436",1,1,0
"E00167437",0,0,0
"E00167438",6,0,6
"E00167439",0,0,0
"E00167440",0,0,0
"E00167441",4,3,1
"E00167442",0,0,0
"E00167443",6,2,4
"E00167444",2,1,1
"E00167445",0,0,0
"E00167446",3,2,1
"E00167447",0,0,0
"E00167448",0,0,0
"E00167449",7,4,3
"E00167450",0,0,0
"E00167451",5,2,3
"E00167452",1,0,1
"E00167453",4,2,2
"E00167454",6,1,5
"E00167455",5,2,3
"E00167456",3,2,1
"E00167457",0,0,0
"E00167458",2,1,1
"E00167459",1,1,0
"E00167460",0,0,0
"E00167461",2,2,0
"E00167462",5,4,1
"E00167463",2,1,1
"E00167464",0,0,0
"E00167465",6,4,2
"E00167466",1,1,0
"E00167467",1,1,0
"E00167468",1,1,0
"E00167469",2,1,1
"E00167470",2,1,1
"E00167471",0,0,0
"E00167472",0,0,0
"E00167473",5,2,3
"E00167474",1,1,0
"E00167475",1,1,0
"E00167476",12,6,6
"E00167477",2,1,1
"E00167478",5,3,2
"E00167479",0,0,0
"E00167480",3,2,1
"E00167481",1,0,1
"E00167482",19,9,10
"E00167483",0,0,0
"E00167484",4,1,3
"E00167485",2,2,0
"E00167486",3,1,2
"E00167487",6,4,2
"E00167488",3,2,1
"E00167489",0,0,0
"E00167490",0,0,0
"E00167491",5,4,1
"E00167492",1,0,1
"E00167494",2,1,1
"E00167496",0,0,0
"E00167497",3,1,2
"E00167499",5,4,1
"E00167500",0,0,0
"E00167502",1,1,0
"E00167503",5,0,5
"E00167505",0,0,0
"E00167506",0,0,0
"E00167508",1,0,1
"E00167510",1,1,0
"E00167511",6,4,2
"E00167513",0,0,0
"E00167514",28,13,15
"E00167516",2,1,1
"E00167517",0,0,0
"E00167519",0,0,0
"E00167520",3,1,2
"E00167521",6,2,4
"E00167522",1,0,1
"E00167523",3,1,2
"E00167524",7,2,5
"E00167525",4,3,1
"E00167526",0,0,0
"E00167527",1,1,0
"E00167528",2,2,0
"E00167529",5,3,2
"E00167530",3,3,0
"E00167531",3,0,3
"E00167532",3,2,1
"E00167533",5,2,3
"E00167534",5,2,3
"E00167535",2,0,2
"E00167536",0,0,0
"E00167537",0,0,0
"E00167538",2,2,0
"E00167539",2,0,2
"E00167540",3,1,2
"E00167541",13,7,6
"E00167542",18,5,13
"E00167543",5,1,4
"E00167544",8,4,4
"E00167545",2,1,1
"E00167546",5,1,4
"E00167547",2,1,1
"E00167548",4,2,2
"E00167549",0,0,0
"E00167550",5,3,2
"E00167551",1,0,1
"E00167552",3,3,0
"E00167553",9,5,4
"E00167554",17,13,4
"E00167555",0,0,0
"E00167556",6,2,4
"E00167557",88,51,37
"E00167558",4,0,4
"E00167559",5,2,3
"E00167560",8,2,6
"E00167561",4,3,1
"E00167562",0,0,0
"E00167563",5,3,2
"E00167564",3,2,1
"E00167565",5,5,0
"E00167566",4,2,2
"E00167567",3,0,3
"E00167568",0,0,0
"E00167569",0,0,0
"E00167570",1,0,1
"E00167571",10,3,7
"E00167572",2,0,2
"E00167573",3,1,2
"E00167574",0,0,0
"E00167575",6,4,2
"E00167576",4,2,2
"E00167577",1,1,0
"E00167578",2,2,0
"E00167579",2,0,2
"E00167580",6,3,3
"E00167581",1,1,0
"E00167582",2,2,0
"E00167583",4,2,2
"E00167584",2,2,0
"E00167585",3,2,1
"E00167586",3,2,1
"E00167587",1,1,0
"E00167588",6,4,2
"E00167589",6,2,4
"E00167590",10,6,4
"E00167591",9,3,6
"E00167592",6,3,3
"E00167593",0,0,0
"E00167594",4,2,2
"E00167595",2,1,1
"E00167596",4,3,1
"E00167597",6,3,3
"E00167598",0,0,0
"E00167599",3,0,3
"E00167600",6,3,3
"E00167601",3,1,2
"E00167602",3,2,1
"E00167603",1,0,1
"E00167604",11,4,7
"E00167605",7,2,5
"E00167606",0,0,0
"E00167607",1,1,0
"E00167608",0,0,0
"E00167609",3,3,0
"E00167610",3,3,0
"E00167611",6,3,3
"E00167612",2,1,1
"E00167613",3,2,1
"E00167614",5,3,2
"E00167615",1,0,1
"E00167616",0,0,0
"E00167617",3,2,1
"E00167618",6,3,3
"E00167619",3,3,0
"E00167620",2,1,1
"E00167621",1,1,0
"E00167622",1,1,0
"E00167623",3,2,1
"E00167624",5,3,2
"E00167625",1,1,0
"E00167626",0,0,0
"E00167627",4,3,1
"E00167628",3,1,2
"E00167629",0,0,0
"E00167630",1,0,1
"E00167631",7,3,4
"E00167632",7,3,4
"E00167633",27,23,4
"E00167634",2,2,0
"E00167635",3,3,0
"E00167636",1,1,0
"E00167637",7,3,4
"E00167638",11,5,6
"E00167639",3,1,2
"E00167640",2,1,1
"E00167641",4,0,4
"E00167642",2,1,1
"E00167643",0,0,0
"E00167644",6,4,2
"E00167645",0,0,0
"E00167646",0,0,0
"E00167647",1,1,0
"E00167648",3,1,2
"E00167649",3,1,2
"E00167650",1,0,1
"E00167651",1,1,0
"E00167652",0,0,0
"E00167653",4,1,3
"E00167654",5,3,2
"E00167655",2,2,0
"E00167656",0,0,0
"E00167657",5,3,2
"E00167658",3,3,0
"E00167659",2,0,2
"E00167660",0,0,0
"E00167661",5,4,1
"E00167662",0,0,0
"E00167663",4,0,4
"E00167664",1,1,0
"E00167665",1,1,0
"E00167666",1,0,1
"E00167667",2,1,1
"E00167668",1,1,0
"E00167669",0,0,0
"E00167670",3,2,1
"E00167671",12,4,8
"E00167672",1,0,1
"E00167673",5,3,2
"E00167674",5,2,3
"E00167675",2,1,1
"E00167676",0,0,0
"E00167678",0,0,0
"E00167679",1,1,0
"E00167681",0,0,0
"E00167682",3,2,1
"E00167684",1,1,0
"E00167685",0,0,0
"E00167687",0,0,0
"E00167688",1,0,1
"E00167689",0,0,0
"E00167690",0,0,0
"E00167691",1,1,0
"E00167692",1,0,1
"E00167693",1,0,1
"E00167694",3,2,1
"E00167695",2,1,1
"E00167696",2,1,1
"E00167697",4,2,2
"E00167698",1,0,1
"E00167699",1,0,1
"E00167700",2,1,1
"E00167701",2,2,0
"E00167702",4,2,2
"E00167703",0,0,0
"E00167704",3,1,2
"E00167705",1,1,0
"E00167706",5,4,1
"E00167707",2,0,2
"E00167708",5,2,3
"E00167709",27,18,9
"E00167710",32,21,11
"E00167711",5,1,4
"E00167712",4,4,0
"E00167713",5,0,5
"E00167714",4,4,0
"E00167715",0,0,0
"E00167716",1,1,0
"E00167717",22,10,12
"E00167718",0,0,0
"E00167719",1,1,0
"E00167720",2,2,0
"E00167721",0,0,0
"E00167722",6,3,3
"E00167723",5,3,2
"E00167724",1,1,0
"E00167725",5,2,3
"E00167726",14,8,6
"E00167727",7,1,6
"E00167728",2,1,1
"E00167729",3,1,2
"E00167730",2,1,1
"E00167731",0,0,0
"E00167732",4,2,2
"E00167733",4,2,2
"E00167734",0,0,0
"E00167735",5,1,4
"E00167736",0,0,0
"E00167737",5,4,1
"E00167738",9,4,5
"E00167739",13,10,3
"E00167740",7,4,3
"E00167741",2,0,2
"E00167742",2,0,2
"E00167743",4,2,2
"E00167744",1,1,0
"E00167745",1,0,1
"E00167746",3,1,2
"E00167747",0,0,0
"E00167748",2,2,0
"E00167749",1,1,0
"E00167750",0,0,0
"E00167751",0,0,0
"E00167752",6,4,2
"E00167754",0,0,0
"E00167755",0,0,0
"E00167757",0,0,0
"E00167758",4,2,2
"E00167760",2,0,2
"E00167762",6,4,2
"E00167763",5,3,2
"E00167765",4,2,2
"E00167766",1,0,1
"E00167768",10,3,7
"E00167769",11,5,6
"E00167770",4,1,3
"E00167771",1,1,0
"E00167772",7,3,4
"E00167773",12,8,4
"E00167774",3,0,3
"E00167775",5,2,3
"E00167776",7,5,2
"E00167777",3,2,1
"E00167778",5,3,2
"E00167779",24,10,14
"E00167780",54,27,27
"E00167781",9,4,5
"E00167782",35,15,20
"E00167783",9,3,6
"E00167784",38,28,10
"E00167785",9,6,3
"E00167786",60,51,9
"E00167787",14,9,5
"E00167788",13,9,4
"E00167789",2,1,1
"E00167790",1,0,1
"E00167791",1,1,0
"E00167792",3,1,2
"E00167793",3,2,1
"E00167794",11,5,6
"E00167795",0,0,0
"E00167796",4,1,3
"E00167797",0,0,0
"E00167798",1,1,0
"E00167799",6,3,3
"E00167800",2,1,1
"E00167801",0,0,0
"E00167802",1,1,0
"E00167803",0,0,0
"E00167804",2,2,0
"E00167805",3,1,2
"E00167806",2,1,1
"E00167807",22,11,11
"E00167808",1,1,0
"E00167809",4,3,1
"E00167810",17,10,7
"E00167811",0,0,0
"E00167812",3,1,2
"E00167813",11,4,7
"E00167814",7,2,5
"E00167815",7,0,7
"E00167816",2,1,1
"E00167817",0,0,0
"E00167818",7,3,4
"E00167819",3,2,1
"E00167820",0,0,0
"E00167821",0,0,0
"E00167822",0,0,0
"E00167823",0,0,0
"E00167824",0,0,0
"E00167825",6,4,2
"E00167826",0,0,0
"E00167827",2,0,2
"E00167828",6,2,4
"E00167829",5,3,2
"E00167830",4,0,4
"E00167831",1,0,1
"E00167832",4,2,2
"E00167833",3,0,3
"E00167834",2,1,1
"E00167835",1,0,1
"E00167836",1,0,1
"E00167837",0,0,0
"E00167838",1,1,0
"E00167839",1,1,0
"E00167840",0,0,0
"E00167841",0,0,0
"E00167842",2,2,0
"E00167843",1,1,0
"E00167844",0,0,0
"E00167845",4,1,3
"E00167846",2,0,2
"E00167847",1,1,0
"E00167848",0,0,0
"E00167849",1,1,0
"E00167850",6,1,5
"E00167851",5,2,3
"E00167852",3,2,1
"E00167853",3,1,2
"E00167854",3,2,1
"E00167855",1,1,0
"E00167856",0,0,0
"E00167857",2,1,1
"E00167858",0,0,0
"E00167859",1,1,0
"E00167860",2,1,1
"E00167861",0,0,0
"E00167862",1,0,1
"E00167863",4,2,2
"E00167864",1,0,1
"E00167865",2,1,1
"E00167866",3,1,2
"E00167867",7,3,4
"E00167868",3,1,2
"E00167869",1,0,1
"E00167870",7,2,5
"E00167871",4,2,2
"E00167872",7,3,4
"E00167873",6,2,4
"E00167874",1,0,1
"E00167875",4,3,1
"E00167876",2,1,1
"E00167877",1,0,1
"E00167878",3,1,2
"E00167879",1,1,0
"E00167880",0,0,0
"E00167881",0,0,0
"E00167882",12,8,4
"E00167883",2,1,1
"E00167884",5,3,2
"E00167885",3,3,0
"E00167886",11,6,5
"E00167887",4,3,1
"E00167888",5,3,2
"E00167889",7,4,3
"E00167890",0,0,0
"E00167891",8,3,5
"E00167892",0,0,0
"E00167893",4,1,3
"E00167894",2,2,0
"E00167895",10,5,5
"E00167896",0,0,0
"E00167897",7,1,6
"E00167898",2,0,2
"E00167899",10,4,6
"E00167900",1,1,0
"E00167901",0,0,0
"E00167902",11,8,3
"E00167903",0,0,0
"E00167904",1,0,1
"E00167905",23,11,12
"E00167906",0,0,0
"E00167907",5,2,3
"E00167908",5,2,3
"E00167909",13,10,3
"E00167910",2,1,1
"E00167911",4,2,2
"E00167912",2,0,2
"E00167913",1,1,0
"E00167914",6,1,5
"E00167915",5,2,3
"E00167916",1,1,0
"E00167917",3,2,1
"E00167918",1,1,0
"E00167919",5,2,3
"E00167920",6,2,4
"E00167921",1,0,1
"E00167922",27,16,11
"E00167923",3,2,1
"E00167924",4,2,2
"E00167925",14,5,9
"E00167926",7,4,3
"E00167927",2,1,1
"E00167928",4,1,3
"E00167929",4,2,2
"E00167930",1,1,0
"E00167931",3,2,1
"E00167932",0,0,0
"E00167933",1,0,1
"E00167934",1,1,0
"E00167935",2,1,1
"E00167936",0,0,0
"E00167937",5,4,1
"E00167938",6,3,3
"E00167939",1,1,0
"E00167940",10,4,6
"E00167941",1,0,1
"E00167942",1,1,0
"E00167943",1,1,0
"E00167944",7,4,3
"E00167945",0,0,0
"E00167946",1,1,0
"E00167947",7,4,3
"E00167948",15,7,8
"E00167949",3,1,2
"E00167950",4,2,2
"E00167951",5,4,1
"E00167952",0,0,0
"E00167953",5,5,0
"E00167954",6,5,1
"E00167955",2,0,2
"E00167956",1,0,1
"E00167957",0,0,0
"E00167958",27,18,9
"E00167959",4,2,2
"E00167960",12,7,5
"E00167961",7,5,2
"E00167962",7,3,4
"E00167963",1,0,1
"E00167964",2,1,1
"E00167965",0,0,0
"E00167966",5,1,4
"E00167967",0,0,0
"E00167968",4,3,1
"E00167969",2,2,0
"E00167970",2,2,0
"E00167971",1,1,0
"E00167972",1,0,1
"E00167973",12,8,4
"E00167974",83,82,1
"E00167975",1,1,0
"E00167976",2,0,2
"E00167978",2,2,0
"E00167979",9,2,7
"E00167981",0,0,0
"E00167982",1,0,1
"E00167984",3,1,2
"E00167985",2,0,2
"E00167987",1,1,0
"E00167989",0,0,0
"E00167990",4,2,2
"E00167992",0,0,0
"E00167993",0,0,0
"E00167995",0,0,0
"E00167996",4,1,3
"E00167998",13,6,7
"E00167999",3,0,3
"E00168001",0,0,0
"E00168003",0,0,0
"E00168004",9,3,6
"E00168006",4,1,3
"E00168007",2,0,2
"E00168009",4,3,1
"E00168010",5,2,3
"E00168012",3,1,2
"E00168013",2,2,0
"E00168015",3,1,2
"E00168017",1,1,0
"E00168018",4,2,2
"E00168020",0,0,0
"E00168021",0,0,0
"E00168023",0,0,0
"E00168024",0,0,0
"E00168026",0,0,0
"E00168027",0,0,0
"E00168029",0,0,0
"E00168030",4,3,1
"E00168031",3,2,1
"E00168032",1,1,0
"E00168033",0,0,0
"E00168034",0,0,0
"E00168035",5,3,2
"E00168036",3,1,2
"E00168037",1,1,0
"E00168038",1,1,0
"E00168039",0,0,0
"E00168040",1,0,1
"E00168041",0,0,0
"E00168042",0,0,0
"E00168043",2,1,1
"E00168044",3,2,1
"E00168045",3,2,1
"E00168046",0,0,0
"E00168047",3,2,1
"E00168048",0,0,0
"E00168049",1,0,1
"E00168050",5,3,2
"E00168051",0,0,0
"E00168052",2,1,1
"E00168053",7,4,3
"E00168054",1,1,0
"E00168055",1,1,0
"E00168056",1,1,0
"E00168057",4,2,2
"E00168058",2,0,2
"E00168059",0,0,0
"E00168060",14,6,8
"E00168061",3,1,2
"E00168062",8,4,4
"E00168063",4,0,4
"E00168064",5,1,4
"E00168065",3,1,2
"E00168066",2,1,1
"E00168067",2,1,1
"E00168068",6,6,0
"E00168069",1,0,1
"E00168070",4,1,3
"E00168071",7,6,1
"E00168072",2,1,1
"E00168073",12,6,6
"E00168074",37,17,20
"E00168075",5,5,0
"E00168076",12,7,5
"E00168077",1,1,0
"E00168078",17,11,6
"E00168079",5,1,4
"E00168080",1,1,0
"E00168082",12,8,4
"E00168083",2,1,1
"E00168085",4,3,1
"E00168087",6,4,2
"E00168088",5,2,3
"E00168090",0,0,0
"E00168091",6,1,5
"E00168093",6,1,5
"E00168094",0,0,0
"E00168096",14,6,8
"E00168097",2,2,0
"E00168099",0,0,0
"E00168101",1,0,1
"E00168102",1,1,0
"E00168104",8,6,2
"E00168105",0,0,0
"E00168107",1,1,0
"E00168108",2,0,2
"E00168110",3,2,1
"E00168111",5,2,3
"E00168112",0,0,0
"E00168113",2,1,1
"E00168114",4,2,2
"E00168115",2,1,1
"E00168116",3,1,2
"E00168117",0,0,0
"E00168118",3,2,1
"E00168119",2,1,1
"E00168120",0,0,0
"E00168121",7,4,3
"E00168122",1,0,1
"E00168123",2,0,2
"E00168124",1,1,0
"E00168125",2,0,2
"E00168126",0,0,0
"E00168127",3,1,2
"E00168128",4,2,2
"E00168129",0,0,0
"E00168130",0,0,0
"E00168131",1,0,1
"E00168132",0,0,0
"E00168133",0,0,0
"E00168134",0,0,0
"E00168135",6,2,4
"E00168136",4,2,2
"E00168137",3,1,2
"E00168138",6,0,6
"E00168139",7,1,6
"E00168140",4,2,2
"E00168141",5,2,3
"E00168142",1,1,0
"E00168143",36,21,15
"E00168144",6,3,3
"E00168145",5,4,1
"E00168146",3,1,2
"E00168147",1,0,1
"E00168148",0,0,0
"E00168149",1,1,0
"E00168150",3,3,0
"E00168151",1,0,1
"E00168152",1,0,1
"E00168153",1,1,0
"E00168154",0,0,0
"E00168155",0,0,0
"E00168156",1,1,0
"E00168157",1,0,1
"E00168158",1,1,0
"E00168159",0,0,0
"E00168160",0,0,0
"E00168161",0,0,0
"E00168162",1,1,0
"E00168163",0,0,0
"E00168164",0,0,0
"E00168165",4,2,2
"E00168166",3,2,1
"E00168167",0,0,0
"E00168168",4,1,3
"E00168169",4,2,2
"E00168170",0,0,0
"E00168171",13,5,8
"E00168172",3,2,1
"E00168173",0,0,0
"E00168174",3,2,1
"E00168175",1,0,1
"E00168176",4,3,1
"E00168177",5,1,4
"E00168178",2,1,1
"E00168179",1,0,1
"E00168180",1,0,1
"E00168181",0,0,0
"E00168182",1,0,1
"E00168183",0,0,0
"E00168184",1,1,0
"E00168185",3,1,2
"E00168186",0,0,0
"E00168187",0,0,0
"E00168188",0,0,0
"E00168189",1,1,0
"E00168190",0,0,0
"E00168191",0,0,0
"E00168192",32,14,18
"E00168193",3,2,1
"E00168194",0,0,0
"E00168195",1,0,1
"E00168196",2,0,2
"E00168197",0,0,0
"E00168198",0,0,0
"E00168199",1,0,1
"E00168200",5,2,3
"E00168201",2,1,1
"E00168202",7,3,4
"E00168203",2,1,1
"E00168204",5,3,2
"E00168205",3,2,1
"E00168206",0,0,0
"E00168207",2,1,1
"E00168208",3,2,1
"E00168209",0,0,0
"E00168210",1,1,0
"E00168211",0,0,0
"E00168212",0,0,0
"E00168213",0,0,0
"E00168214",1,1,0
"E00168215",3,0,3
"E00168216",2,1,1
"E00168217",0,0,0
"E00168218",1,0,1
"E00168219",3,2,1
"E00168220",0,0,0
"E00168221",2,1,1
"E00168222",1,0,1
"E00168223",3,2,1
"E00168224",8,4,4
"E00168225",1,0,1
"E00168226",0,0,0
"E00168227",0,0,0
"E00168228",0,0,0
"E00168229",7,3,4
"E00168230",2,2,0
"E00168231",7,2,5
"E00168232",1,0,1
"E00168233",0,0,0
"E00168234",1,1,0
"E00168235",0,0,0
"E00168236",1,1,0
"E00168237",3,0,3
"E00168238",4,4,0
"E00168239",15,7,8
"E00168240",1,1,0
"E00168241",2,1,1
"E00168242",0,0,0
"E00168243",0,0,0
"E00168244",3,1,2
"E00168245",3,2,1
"E00168246",1,1,0
"E00168247",5,4,1
"E00168248",6,3,3
"E00168249",1,1,0
"E00168250",1,1,0
"E00168251",3,3,0
"E00168252",2,0,2
"E00168253",5,0,5
"E00168254",3,2,1
"E00168255",2,2,0
"E00168256",0,0,0
"E00168257",0,0,0
"E00168258",1,1,0
"E00168259",0,0,0
"E00168260",3,1,2
"E00168261",5,0,5
"E00168262",1,0,1
"E00168263",10,3,7
"E00168264",3,2,1
"E00168265",3,2,1
"E00168266",11,9,2
"E00168267",6,1,5
"E00168268",7,3,4
"E00168269",0,0,0
"E00168270",0,0,0
"E00168271",1,0,1
"E00168272",0,0,0
"E00168273",3,2,1
"E00168274",0,0,0
"E00168275",14,6,8
"E00168276",2,2,0
"E00168277",2,0,2
"E00168278",0,0,0
"E00168279",3,2,1
"E00168280",0,0,0
"E00168281",2,1,1
"E00168282",0,0,0
"E00168283",8,7,1
"E00168284",2,1,1
"E00168285",0,0,0
"E00168286",3,1,2
"E00168287",2,0,2
"E00168288",2,1,1
"E00168289",0,0,0
"E00168290",0,0,0
"E00168291",8,6,2
"E00168292",3,1,2
"E00168293",1,0,1
"E00168294",10,5,5
"E00168295",7,4,3
"E00168296",10,3,7
"E00168297",1,1,0
"E00168298",0,0,0
"E00168299",3,1,2
"E00168300",5,3,2
"E00168301",0,0,0
"E00168302",0,0,0
"E00168303",3,2,1
"E00168304",1,0,1
"E00168305",1,1,0
"E00168306",4,1,3
"E00168307",8,3,5
"E00168308",5,3,2
"E00168309",6,0,6
"E00168310",0,0,0
"E00168311",2,2,0
"E00168312",1,0,1
"E00168313",8,6,2
"E00168314",5,3,2
"E00168315",4,2,2
"E00168316",10,4,6
"E00168317",7,4,3
"E00168318",4,2,2
"E00168319",1,0,1
"E00168320",9,2,7
"E00168321",5,1,4
"E00168322",4,0,4
"E00168323",1,0,1
"E00168324",8,4,4
"E00168325",0,0,0
"E00168326",12,7,5
"E00168327",1,1,0
"E00168328",5,3,2
"E00168329",2,0,2
"E00168330",1,1,0
"E00168331",0,0,0
"E00168332",0,0,0
"E00168333",0,0,0
"E00168334",1,0,1
"E00168335",8,4,4
"E00168336",2,1,1
"E00168337",27,22,5
"E00168338",0,0,0
"E00168339",6,4,2
"E00168340",7,5,2
"E00168341",5,4,1
"E00168342",0,0,0
"E00168343",5,2,3
"E00168344",11,8,3
"E00168345",6,4,2
"E00168346",0,0,0
"E00168347",3,2,1
"E00168348",3,1,2
"E00168349",0,0,0
"E00168350",3,1,2
"E00168351",0,0,0
"E00168352",0,0,0
"E00168353",1,1,0
"E00168354",4,3,1
"E00168355",0,0,0
"E00168356",4,2,2
"E00168357",1,0,1
"E00168358",3,3,0
"E00168359",1,1,0
"E00168360",2,2,0
"E00168361",6,3,3
"E00168362",1,1,0
"E00168363",3,1,2
"E00168364",6,3,3
"E00168365",1,0,1
"E00168366",0,0,0
"E00168367",3,2,1
"E00168368",1,1,0
"E00168369",3,1,2
"E00168370",1,0,1
"E00168371",5,4,1
"E00168372",4,1,3
"E00168373",9,5,4
"E00168374",3,1,2
"E00168375",10,9,1
"E00168376",3,1,2
"E00168377",5,0,5
"E00168378",10,4,6
"E00168379",2,1,1
"E00168380",7,2,5
"E00168381",4,1,3
"E00168382",6,2,4
"E00168383",9,6,3
"E00168384",8,2,6
"E00168385",3,1,2
"E00168386",1,1,0
"E00168387",1,1,0
"E00168388",1,0,1
"E00168389",9,4,5
"E00168390",7,3,4
"E00168391",3,1,2
"E00168392",5,3,2
"E00168393",12,6,6
"E00168394",1,0,1
"E00168395",0,0,0
"E00168396",0,0,0
"E00168397",3,2,1
"E00168398",1,1,0
"E00168399",3,1,2
"E00168400",0,0,0
"E00168401",0,0,0
"E00168402",1,0,1
"E00168403",3,1,2
"E00168404",6,6,0
"E00168405",4,2,2
"E00168406",4,1,3
"E00168407",0,0,0
"E00168408",3,2,1
"E00168409",0,0,0
"E00168410",7,1,6
"E00168411",0,0,0
"E00168412",1,1,0
"E00168413",4,1,3
"E00168414",0,0,0
"E00168415",0,0,0
"E00168416",6,3,3
"E00168417",2,2,0
"E00168418",3,2,1
"E00168419",4,3,1
"E00168420",3,1,2
"E00168421",0,0,0
"E00168422",0,0,0
"E00168423",2,1,1
"E00168424",4,2,2
"E00168425",0,0,0
"E00168426",0,0,0
"E00168427",1,1,0
"E00168428",0,0,0
"E00168429",1,0,1
"E00168430",3,0,3
"E00168431",3,1,2
"E00168432",4,4,0
"E00168433",3,2,1
"E00168434",1,0,1
"E00168435",2,0,2
"E00168436",2,1,1
"E00168437",2,1,1
"E00168438",0,0,0
"E00168439",1,0,1
"E00168440",3,3,0
"E00168441",8,5,3
"E00168442",9,7,2
"E00168443",1,1,0
"E00168444",0,0,0
"E00168445",5,4,1
"E00168446",2,1,1
"E00168447",0,0,0
"E00168448",1,0,1
"E00168449",2,0,2
"E00168450",5,1,4
"E00168451",3,1,2
"E00168452",1,0,1
"E00168453",2,0,2
"E00168454",0,0,0
"E00168455",2,0,2
"E00168456",0,0,0
"E00168457",0,0,0
"E00168458",1,0,1
"E00168459",1,1,0
"E00168460",1,1,0
"E00168461",2,2,0
"E00168462",1,0,1
"E00168463",0,0,0
"E00168464",2,2,0
"E00168465",5,3,2
"E00168466",2,1,1
"E00168467",0,0,0
"E00168468",1,1,0
"E00168469",1,1,0
"E00168470",1,0,1
"E00168471",0,0,0
"E00168472",0,0,0
"E00168473",1,1,0
"E00168474",0,0,0
"E00168475",1,1,0
"E00168476",1,0,1
"E00168477",2,1,1
"E00168478",0,0,0
"E00168479",4,3,1
"E00168480",8,4,4
"E00168481",2,2,0
"E00168482",3,1,2
"E00168483",5,3,2
"E00168484",4,2,2
"E00168485",1,1,0
"E00168486",7,1,6
"E00168487",5,2,3
"E00168488",1,0,1
"E00168489",3,3,0
"E00168490",4,2,2
"E00168491",4,3,1
"E00168492",0,0,0
"E00168493",10,6,4
"E00168494",3,3,0
"E00168496",5,3,2
"E00168497",7,7,0
"E00168499",0,0,0
"E00168500",2,0,2
"E00168502",3,1,2
"E00168503",4,4,0
"E00168505",6,5,1
"E00168506",10,7,3
"E00168508",10,3,7
"E00168510",1,0,1
"E00168511",5,2,3
"E00168513",5,1,4
"E00168514",13,10,3
"E00168516",1,0,1
"E00168517",3,2,1
"E00168519",3,2,1
"E00168520",1,0,1
"E00168522",3,1,2
"E00168524",8,6,2
"E00168525",1,0,1
"E00168527",3,1,2
"E00168528",2,1,1
"E00168530",7,3,4
"E00168531",4,3,1
"E00168533",14,4,10
"E00168534",9,5,4
"E00168536",7,4,3
"E00168538",5,1,4
"E00168539",9,4,5
"E00168541",4,4,0
"E00168542",5,1,4
"E00168544",5,4,1
"E00168545",0,0,0
"E00168547",13,3,10
"E00168548",8,6,2
"E00168550",6,1,5
"E00168552",3,3,0
"E00168553",0,0,0
"E00168554",1,0,1
"E00168555",3,2,1
"E00168556",1,0,1
"E00168557",1,1,0
"E00168558",3,1,2
"E00168559",0,0,0
"E00168560",1,1,0
"E00168561",3,2,1
"E00168562",1,1,0
"E00168563",1,1,0
"E00168564",2,2,0
"E00168565",2,0,2
"E00168566",4,1,3
"E00168567",1,0,1
"E00168568",2,0,2
"E00168569",6,3,3
"E00168570",3,1,2
"E00168571",5,3,2
"E00168572",5,1,4
"E00168573",3,3,0
"E00168574",6,2,4
"E00168575",1,1,0
"E00168576",2,2,0
"E00168577",0,0,0
"E00168578",1,1,0
"E00168579",0,0,0
"E00168580",2,1,1
"E00168581",1,0,1
"E00168582",3,2,1
"E00168583",3,2,1
"E00168584",0,0,0
"E00168585",0,0,0
"E00168586",1,0,1
"E00168587",5,3,2
"E00168588",2,1,1
"E00168589",0,0,0
"E00168590",4,2,2
"E00168591",3,1,2
"E00168592",19,12,7
"E00168593",10,5,5
"E00168594",2,1,1
"E00168595",4,3,1
"E00168596",1,1,0
"E00168597",3,2,1
"E00168598",1,0,1
"E00168599",1,1,0
"E00168600",2,2,0
"E00168601",0,0,0
"E00168602",2,0,2
"E00168603",1,0,1
"E00168604",3,3,0
"E00168605",3,1,2
"E00168606",0,0,0
"E00168607",0,0,0
"E00168608",3,2,1
"E00168609",3,0,3
"E00168610",6,4,2
"E00168611",1,1,0
"E00168612",2,2,0
"E00168613",3,2,1
"E00168614",2,1,1
"E00168615",0,0,0
"E00168616",7,4,3
"E00168617",5,3,2
"E00168618",1,0,1
"E00168619",0,0,0
"E00168620",4,4,0
"E00168621",0,0,0
"E00168622",3,2,1
"E00168623",1,0,1
"E00168624",3,2,1
"E00168625",4,1,3
"E00168626",0,0,0
"E00168627",1,0,1
"E00168628",0,0,0
"E00168629",1,0,1
"E00168630",1,1,0
"E00168631",0,0,0
"E00168632",2,1,1
"E00168633",5,2,3
"E00168634",1,1,0
"E00168635",4,2,2
"E00168636",2,1,1
"E00168637",0,0,0
"E00168638",6,4,2
"E00168639",0,0,0
"E00168640",0,0,0
"E00168641",1,0,1
"E00168642",0,0,0
"E00168643",0,0,0
"E00168644",4,2,2
"E00168645",3,2,1
"E00168646",3,3,0
"E00168647",0,0,0
"E00168648",1,1,0
"E00168649",2,1,1
"E00168650",7,2,5
"E00168651",2,1,1
"E00168652",5,4,1
"E00168653",7,4,3
"E00168654",1,1,0
"E00168655",0,0,0
"E00168656",1,1,0
"E00168657",6,3,3
"E00168658",1,0,1
"E00168659",2,1,1
"E00168660",3,1,2
"E00168661",8,1,7
"E00168662",7,2,5
"E00168663",7,6,1
"E00168664",3,1,2
"E00168665",1,0,1
"E00168666",3,0,3
"E00168667",6,1,5
"E00168668",9,2,7
"E00168669",3,2,1
"E00168670",1,0,1
"E00168671",0,0,0
"E00168672",5,0,5
"E00168673",1,1,0
"E00168674",7,5,2
"E00168675",2,2,0
"E00168676",2,1,1
"E00168677",0,0,0
"E00168678",4,2,2
"E00168679",2,2,0
"E00168680",8,6,2
"E00168681",3,1,2
"E00168682",5,2,3
"E00168683",12,7,5
"E00168684",2,0,2
"E00168685",1,0,1
"E00168686",2,0,2
"E00168687",0,0,0
"E00168688",3,1,2
"E00168689",5,2,3
"E00168690",0,0,0
"E00168691",1,1,0
"E00168692",3,2,1
"E00168693",1,1,0
"E00168694",0,0,0
"E00168695",5,1,4
"E00168696",0,0,0
"E00168697",0,0,0
"E00168698",2,1,1
"E00168699",1,1,0
"E00168700",1,0,1
"E00168701",1,1,0
"E00168702",0,0,0
"E00168703",2,0,2
"E00168704",1,0,1
"E00168705",1,0,1
"E00168706",2,1,1
"E00168707",2,1,1
"E00168708",1,0,1
"E00168709",5,3,2
"E00168710",0,0,0
"E00168711",1,1,0
"E00168712",1,1,0
"E00168713",1,1,0
"E00168714",2,1,1
"E00168715",3,2,1
"E00168716",0,0,0
"E00168717",1,0,1
"E00168718",5,2,3
"E00168719",3,1,2
"E00168720",3,1,2
"E00168721",1,0,1
"E00168722",2,2,0
"E00168723",6,1,5
"E00168724",0,0,0
"E00168725",2,2,0
"E00168726",1,0,1
"E00168727",1,0,1
"E00168728",0,0,0
"E00168729",2,1,1
"E00168730",0,0,0
"E00168731",8,3,5
"E00168732",1,0,1
"E00168733",7,5,2
"E00168734",3,1,2
"E00168735",1,0,1
"E00168736",0,0,0
"E00168737",0,0,0
"E00168738",3,1,2
"E00168739",5,5,0
"E00168740",0,0,0
"E00168741",2,1,1
"E00168742",7,3,4
"E00168743",1,1,0
"E00168744",1,0,1
"E00168745",7,3,4
"E00168746",5,4,1
"E00168747",5,3,2
"E00168748",4,3,1
"E00168749",7,3,4
"E00168750",1,0,1
"E00168751",1,1,0
"E00168752",2,1,1
"E00168753",0,0,0
"E00168754",0,0,0
"E00168755",0,0,0
"E00168756",0,0,0
"E00168757",2,1,1
"E00168758",0,0,0
"E00168759",2,0,2
"E00168760",2,2,0
"E00168761",1,1,0
"E00168762",5,2,3
"E00168763",2,0,2
"E00168764",3,0,3
"E00168765",0,0,0
"E00168766",2,1,1
"E00168767",0,0,0
"E00168768",6,1,5
"E00168769",1,0,1
"E00168770",1,0,1
"E00168771",4,1,3
"E00168772",0,0,0
"E00168773",6,4,2
"E00168774",2,0,2
"E00168775",2,2,0
"E00168776",0,0,0
"E00168777",6,2,4
"E00168778",2,2,0
"E00168779",0,0,0
"E00168780",0,0,0
"E00168781",2,1,1
"E00168782",8,6,2
"E00168783",1,0,1
"E00168784",5,2,3
"E00168785",2,0,2
"E00168786",2,0,2
"E00168787",3,3,0
"E00168788",7,2,5
"E00168789",6,4,2
"E00168790",0,0,0
"E00168791",2,1,1
"E00168792",1,1,0
"E00168793",1,0,1
"E00168794",2,1,1
"E00168795",2,2,0
"E00168796",1,0,1
"E00168797",0,0,0
"E00168798",3,1,2
"E00168799",1,1,0
"E00168800",3,1,2
"E00168801",6,4,2
"E00168802",4,1,3
"E00168803",3,1,2
"E00168804",5,4,1
"E00168805",0,0,0
"E00168806",4,2,2
"E00168807",2,2,0
"E00168808",6,3,3
"E00168809",4,3,1
"E00168810",0,0,0
"E00168811",2,0,2
"E00168812",6,4,2
"E00168813",2,2,0
"E00168814",4,3,1
"E00168815",0,0,0
"E00168816",1,0,1
"E00168817",24,10,14
"E00168818",1,0,1
"E00168819",2,0,2
"E00168820",3,1,2
"E00168821",0,0,0
"E00168822",2,2,0
"E00168823",6,3,3
"E00168824",10,4,6
"E00168825",5,2,3
"E00168826",2,0,2
"E00168827",1,1,0
"E00168828",4,1,3
"E00168829",1,0,1
"E00168830",0,0,0
"E00168831",0,0,0
"E00168832",1,1,0
"E00168833",0,0,0
"E00168834",0,0,0
"E00168835",4,3,1
"E00168836",1,0,1
"E00168837",0,0,0
"E00168838",5,3,2
"E00168839",0,0,0
"E00168840",3,2,1
"E00168841",1,0,1
"E00168842",5,5,0
"E00168843",11,8,3
"E00168844",0,0,0
"E00168845",5,1,4
"E00168846",12,6,6
"E00168847",7,4,3
"E00168848",7,2,5
"E00168849",10,5,5
"E00168850",1,1,0
"E00168852",1,0,1
"E00168853",2,1,1
"E00168855",0,0,0
"E00168856",3,0,3
"E00168858",0,0,0
"E00168859",1,0,1
"E00168861",0,0,0
"E00168863",1,1,0
"E00168864",0,0,0
"E00168866",3,1,2
"E00168867",7,4,3
"E00168869",2,1,1
"E00168870",0,0,0
"E00168872",0,0,0
"E00168873",2,2,0
"E00168875",2,2,0
"E00168877",1,1,0
"E00168878",3,2,1
"E00168880",9,6,3
"E00168881",3,2,1
"E00168883",1,1,0
"E00168884",5,3,2
"E00168886",0,0,0
"E00168887",1,1,0
"E00168889",0,0,0
"E00168891",3,0,3
"E00168892",1,1,0
"E00168894",4,2,2
"E00168895",2,0,2
"E00168897",0,0,0
"E00168898",0,0,0
"E00168900",3,1,2
"E00168901",4,3,1
"E00168903",4,1,3
"E00168905",0,0,0
"E00168906",2,1,1
"E00168907",1,0,1
"E00168908",0,0,0
"E00168909",1,0,1
"E00168910",7,1,6
"E00168911",2,1,1
"E00168912",4,4,0
"E00168913",2,0,2
"E00168914",4,3,1
"E00168915",2,2,0
"E00168916",1,1,0
"E00168917",6,2,4
"E00168918",0,0,0
"E00168919",1,0,1
"E00168920",2,2,0
"E00168921",0,0,0
"E00168922",18,14,4
"E00168923",6,4,2
"E00168924",1,0,1
"E00168925",1,1,0
"E00168926",4,3,1
"E00168927",1,0,1
"E00168928",8,4,4
"E00168929",5,2,3
"E00168930",3,2,1
"E00168931",0,0,0
"E00168932",1,0,1
"E00168933",5,3,2
"E00168934",12,7,5
"E00168935",11,6,5
"E00168936",0,0,0
"E00168937",51,28,23
"E00168938",2,0,2
"E00168939",1,1,0
"E00168940",0,0,0
"E00168941",0,0,0
"E00168942",1,1,0
"E00168943",5,2,3
"E00168944",0,0,0
"E00168945",0,0,0
"E00168946",3,2,1
"E00168947",4,1,3
"E00168948",5,3,2
"E00168949",11,5,6
"E00168950",2,0,2
"E00168951",4,2,2
"E00168952",7,2,5
"E00168953",7,1,6
"E00168954",5,4,1
"E00168955",6,2,4
"E00168956",3,1,2
"E00168957",0,0,0
"E00168958",0,0,0
"E00168959",1,0,1
"E00168960",2,0,2
"E00168961",2,0,2
"E00168962",6,2,4
"E00168963",2,1,1
"E00168964",2,1,1
"E00168965",0,0,0
"E00168966",4,1,3
"E00168967",10,4,6
"E00168968",7,1,6
"E00168969",0,0,0
"E00168970",2,1,1
"E00168971",3,2,1
"E00168972",0,0,0
"E00168973",3,0,3
"E00168974",7,2,5
"E00168975",5,4,1
"E00168976",3,2,1
"E00168977",4,2,2
"E00168978",1,0,1
"E00168979",0,0,0
"E00168980",9,2,7
"E00168981",2,0,2
"E00168982",1,0,1
"E00168983",0,0,0
"E00168984",7,3,4
"E00168985",3,2,1
"E00168986",2,0,2
"E00168987",2,0,2
"E00168988",4,1,3
"E00168989",5,4,1
"E00168990",7,5,2
"E00168991",5,4,1
"E00168992",0,0,0
"E00168993",3,2,1
"E00168994",7,1,6
"E00168995",4,1,3
"E00168996",1,0,1
"E00168997",1,1,0
"E00168998",4,2,2
"E00168999",1,0,1
"E00169000",0,0,0
"E00169001",7,3,4
"E00169002",7,4,3
"E00169003",5,4,1
"E00169004",1,0,1
"E00169005",15,6,9
"E00169006",8,5,3
"E00169007",0,0,0
"E00169008",1,1,0
"E00169009",2,1,1
"E00169010",1,0,1
"E00169011",2,0,2
"E00169012",1,1,0
"E00169013",3,0,3
"E00169014",5,3,2
"E00169015",1,1,0
"E00169016",3,1,2
"E00169017",3,1,2
"E00169018",5,2,3
"E00169019",2,0,2
"E00169020",2,2,0
"E00169021",2,2,0
"E00169022",3,1,2
"E00169023",4,0,4
"E00169024",3,2,1
"E00169025",0,0,0
"E00169026",4,2,2
"E00169027",2,0,2
"E00169028",0,0,0
"E00169029",5,1,4
"E00169030",0,0,0
"E00169031",1,1,0
"E00169032",1,1,0
"E00169033",5,2,3
"E00169034",1,0,1
"E00169035",14,7,7
"E00169036",7,1,6
"E00169037",6,3,3
"E00169038",0,0,0
"E00169040",4,3,1
"E00169041",3,3,0
"E00169043",4,1,3
"E00169044",0,0,0
"E00169046",5,2,3
"E00169048",0,0,0
"E00169049",3,2,1
"E00169051",6,2,4
"E00169052",5,2,3
"E00169054",6,3,3
"E00169055",3,2,1
"E00169057",0,0,0
"E00169058",2,2,0
"E00169060",5,4,1
"E00169062",4,2,2
"E00169063",5,3,2
"E00169065",5,4,1
"E00169066",0,0,0
"E00169067",0,0,0
"E00169068",5,4,1
"E00169069",5,2,3
"E00169070",2,1,1
"E00169071",9,2,7
"E00169072",18,10,8
"E00169073",2,2,0
"E00169074",3,2,1
"E00169075",5,2,3
"E00169076",7,3,4
"E00169077",0,0,0
"E00169078",5,3,2
"E00169079",5,5,0
"E00169080",3,1,2
"E00169081",5,2,3
"E00169082",0,0,0
"E00169083",10,3,7
"E00169084",12,9,3
"E00169085",4,3,1
"E00169086",4,2,2
"E00169087",4,2,2
"E00169088",4,3,1
"E00169089",5,3,2
"E00169090",0,0,0
"E00169091",6,2,4
"E00169092",1,0,1
"E00169093",5,2,3
"E00169094",6,4,2
"E00169095",0,0,0
"E00169096",0,0,0
"E00169097",5,3,2
"E00169098",4,0,4
"E00169099",0,0,0
"E00169100",3,0,3
"E00169101",3,1,2
"E00169102",4,3,1
"E00169103",7,4,3
"E00169104",3,1,2
"E00169105",13,4,9
"E00169106",12,7,5
"E00169107",1,1,0
"E00169108",5,3,2
"E00169109",0,0,0
"E00169110",3,1,2
"E00169111",6,1,5
"E00169112",0,0,0
"E00169113",2,2,0
"E00169114",1,0,1
"E00169115",3,1,2
"E00169116",0,0,0
"E00169117",9,2,7
"E00169118",1,0,1
"E00169119",0,0,0
"E00169120",0,0,0
"E00169121",0,0,0
"E00169122",5,4,1
"E00169123",1,1,0
"E00169124",4,2,2
"E00169125",7,3,4
"E00169126",9,5,4
"E00169127",6,3,3
"E00169128",7,4,3
"E00169129",8,5,3
"E00169130",4,1,3
"E00169131",0,0,0
"E00169132",4,1,3
"E00169133",0,0,0
"E00169134",4,3,1
"E00169135",0,0,0
"E00169136",3,3,0
"E00169137",1,0,1
"E00169138",14,9,5
"E00169139",0,0,0
"E00169140",12,6,6
"E00169141",1,1,0
"E00169142",10,7,3
"E00169143",3,1,2
"E00169144",15,7,8
"E00169145",11,4,7
"E00169146",0,0,0
"E00169147",3,2,1
"E00169148",0,0,0
"E00169149",2,1,1
"E00169150",2,0,2
"E00169151",8,6,2
"E00169152",7,3,4
"E00169153",5,4,1
"E00169154",0,0,0
"E00169155",4,3,1
"E00169156",9,4,5
"E00169157",64,45,19
"E00169158",3,2,1
"E00169159",11,5,6
"E00169160",2,1,1
"E00169161",3,1,2
"E00169162",2,0,2
"E00169163",11,5,6
"E00169164",3,2,1
"E00169165",3,2,1
"E00169166",5,2,3
"E00169167",3,2,1
"E00169168",2,2,0
"E00169169",2,0,2
"E00169170",0,0,0
"E00169171",4,3,1
"E00169172",4,3,1
"E00169173",2,2,0
"E00169174",3,2,1
"E00169175",3,2,1
"E00169176",4,0,4
"E00169177",4,2,2
"E00169178",6,3,3
"E00169179",2,1,1
"E00169180",2,0,2
"E00169181",0,0,0
"E00169182",1,1,0
"E00169183",1,0,1
"E00169184",3,1,2
"E00169185",1,1,0
"E00169186",3,2,1
"E00169187",2,1,1
"E00169188",0,0,0
"E00169189",0,0,0
"E00169190",1,1,0
"E00169191",4,3,1
"E00169192",2,1,1
"E00169193",0,0,0
"E00169194",0,0,0
"E00169195",5,2,3
"E00169196",5,3,2
"E00169197",0,0,0
"E00169198",0,0,0
"E00169199",6,3,3
"E00169200",4,3,1
"E00169201",6,4,2
"E00169202",4,2,2
"E00169203",0,0,0
"E00169204",3,2,1
"E00169205",5,4,1
"E00169206",3,0,3
"E00169207",0,0,0
"E00169208",5,3,2
"E00169209",7,4,3
"E00169210",2,1,1
"E00169211",3,0,3
"E00169212",1,0,1
"E00169213",0,0,0
"E00169214",6,4,2
"E00169215",2,2,0
"E00169216",3,2,1
"E00169217",1,0,1
"E00169218",2,0,2
"E00169219",4,0,4
"E00169220",3,1,2
"E00169221",9,5,4
"E00169222",0,0,0
"E00169223",0,0,0
"E00169224",4,2,2
"E00169225",1,0,1
"E00169226",0,0,0
"E00169227",3,1,2
"E00169228",3,1,2
"E00169229",2,1,1
"E00169230",0,0,0
"E00169231",3,1,2
"E00169232",0,0,0
"E00169233",7,3,4
"E00169234",1,1,0
"E00169235",4,2,2
"E00169236",0,0,0
"E00169237",3,1,2
"E00169238",3,1,2
"E00169239",1,0,1
"E00169240",2,2,0
"E00169241",0,0,0
"E00169242",1,1,0
"E00169243",1,1,0
"E00169244",2,0,2
"E00169245",1,0,1
"E00169246",5,3,2
"E00169247",1,0,1
"E00169248",10,5,5
"E00169249",7,1,6
"E00169250",7,3,4
"E00169251",8,5,3
"E00169252",4,3,1
"E00169253",2,2,0
"E00169254",0,0,0
"E00169255",0,0,0
"E00169256",0,0,0
"E00169257",0,0,0
"E00169258",0,0,0
"E00169259",3,2,1
"E00169260",0,0,0
"E00169261",2,0,2
"E00169262",1,1,0
"E00169263",0,0,0
"E00169264",0,0,0
"E00169265",0,0,0
"E00169266",1,0,1
"E00169267",3,0,3
"E00169268",1,0,1
"E00169269",2,2,0
"E00169270",4,2,2
"E00169271",1,1,0
"E00169272",3,0,3
"E00169273",6,1,5
"E00169274",0,0,0
"E00169275",0,0,0
"E00169276",1,1,0
"E00169277",4,0,4
"E00169278",5,4,1
"E00169279",0,0,0
"E00169280",58,25,33
"E00169281",1,0,1
"E00169282",2,2,0
"E00169283",3,1,2
"E00169284",0,0,0
"E00169285",4,2,2
"E00169286",6,2,4
"E00169287",9,2,7
"E00169288",4,1,3
"E00169289",9,7,2
"E00169290",6,2,4
"E00169291",3,1,2
"E00169292",2,1,1
"E00169293",2,1,1
"E00169294",0,0,0
"E00169295",2,1,1
"E00169296",0,0,0
"E00169297",5,2,3
"E00169298",3,0,3
"E00169299",7,4,3
"E00169300",3,3,0
"E00169301",1,0,1
"E00169302",7,2,5
"E00169303",9,5,4
"E00169304",5,1,4
"E00169305",5,3,2
"E00169306",4,2,2
"E00169307",1,0,1
"E00169308",7,4,3
"E00169309",4,3,1
"E00169310",9,5,4
"E00169311",4,2,2
"E00169312",4,3,1
"E00169313",6,5,1
"E00169314",0,0,0
"E00169315",6,4,2
"E00169316",0,0,0
"E00169317",2,2,0
"E00169318",4,2,2
"E00169319",10,5,5
"E00169320",3,2,1
"E00169321",6,5,1
"E00169322",0,0,0
"E00169323",0,0,0
"E00169324",1,0,1
"E00169325",1,0,1
"E00169326",5,3,2
"E00169327",3,3,0
"E00169328",6,4,2
"E00169329",8,3,5
"E00169330",0,0,0
"E00169331",0,0,0
"E00169332",2,1,1
"E00169333",0,0,0
"E00169334",3,3,0
"E00169335",2,2,0
"E00169336",3,2,1
"E00169337",0,0,0
"E00169338",1,1,0
"E00169339",2,0,2
"E00169340",8,1,7
"E00169341",3,2,1
"E00169342",1,0,1
"E00169343",0,0,0
"E00169344",9,4,5
"E00169345",1,1,0
"E00169346",0,0,0
"E00169347",0,0,0
"E00169348",2,2,0
"E00169349",4,2,2
"E00169350",4,1,3
"E00169351",9,4,5
"E00169352",1,0,1
"E00169353",2,0,2
"E00169354",5,2,3
"E00169355",6,2,4
"E00169356",1,0,1
"E00169357",3,0,3
"E00169358",3,1,2
"E00169359",2,0,2
"E00169360",1,1,0
"E00169361",4,3,1
"E00169362",3,2,1
"E00169363",4,3,1
"E00169364",3,1,2
"E00169365",1,0,1
"E00169366",0,0,0
"E00169367",6,4,2
"E00169368",6,3,3
"E00169369",2,2,0
"E00169370",4,0,4
"E00169371",3,2,1
"E00169372",12,5,7
"E00169373",2,0,2
"E00169374",8,2,6
"E00169375",9,5,4
"E00169376",10,4,6
"E00169377",6,1,5
"E00169378",4,3,1
"E00169379",6,2,4
"E00169380",5,3,2
"E00169381",2,2,0
"E00169382",5,3,2
"E00169383",1,1,0
"E00169384",3,2,1
"E00169385",4,0,4
"E00169386",3,0,3
"E00169387",4,0,4
"E00169388",2,1,1
"E00169389",0,0,0
"E00169390",0,0,0
"E00169391",0,0,0
"E00169392",4,3,1
"E00169393",2,2,0
"E00169394",0,0,0
"E00169395",0,0,0
"E00169396",4,2,2
"E00169397",1,0,1
"E00169398",4,2,2
"E00169399",1,0,1
"E00169400",6,3,3
"E00169401",9,3,6
"E00169402",9,4,5
"E00169403",4,3,1
"E00169404",7,4,3
"E00169405",8,5,3
"E00169406",3,0,3
"E00169407",0,0,0
"E00169408",6,2,4
"E00169409",6,1,5
"E00169410",2,2,0
"E00169411",3,1,2
"E00169412",4,3,1
"E00169413",3,1,2
"E00169414",0,0,0
"E00169415",2,0,2
"E00169416",2,1,1
"E00169417",5,2,3
"E00169418",2,2,0
"E00169419",8,3,5
"E00169420",13,9,4
"E00169421",15,8,7
"E00169422",22,11,11
"E00169423",3,1,2
"E00169424",5,0,5
"E00169425",6,4,2
"E00169427",4,2,2
"E00169429",8,5,3
"E00169430",2,1,1
"E00169432",2,0,2
"E00169433",44,35,9
"E00169435",2,0,2
"E00169436",0,0,0
"E00169438",0,0,0
"E00169439",3,2,1
"E00169441",1,0,1
"E00169443",1,0,1
"E00169444",13,5,8
"E00169446",11,2,9
"E00169447",0,0,0
"E00169449",2,2,0
"E00169450",0,0,0
"E00169452",0,0,0
"E00169453",1,0,1
"E00169455",4,3,1
"E00169457",0,0,0
"E00169458",15,8,7
"E00169460",0,0,0
"E00169461",2,2,0
"E00169463",2,1,1
"E00169464",1,1,0
"E00169466",6,1,5
"E00169467",1,0,1
"E00169469",4,4,0
"E00169471",0,0,0
"E00169472",0,0,0
"E00169474",5,3,2
"E00169475",0,0,0
"E00169477",1,1,0
"E00169478",5,5,0
"E00169480",1,1,0
"E00169481",9,5,4
"E00169483",1,0,1
"E00169485",1,0,1
"E00169486",0,0,0
"E00169488",6,3,3
"E00169489",0,0,0
"E00169491",1,0,1
"E00169492",4,1,3
"E00169494",1,0,1
"E00169495",1,0,1
"E00169497",1,0,1
"E00169499",0,0,0
"E00169500",1,0,1
"E00169502",4,2,2
"E00169503",4,3,1
"E00169505",1,0,1
"E00169506",3,1,2
"E00169508",1,0,1
"E00169509",1,1,0
"E00169511",4,0,4
"E00169513",1,0,1
"E00169514",3,3,0
"E00169516",5,2,3
"E00169517",5,3,2
"E00169519",1,1,0
"E00169520",0,0,0
"E00169522",3,1,2
"E00169523",7,5,2
"E00169525",0,0,0
"E00169527",1,0,1
"E00169528",0,0,0
"E00169530",0,0,0
"E00169531",8,4,4
"E00169533",0,0,0
"E00169534",1,1,0
"E00169536",1,0,1
"E00169537",6,4,2
"E00169539",4,0,4
"E00169541",1,1,0
"E00169542",3,2,1
"E00169544",6,1,5
"E00169545",1,1,0
"E00169547",7,3,4
"E00169548",5,2,3
"E00169550",1,1,0
"E00169551",0,0,0
"E00169553",18,10,8
"E00169555",6,3,3
"E00169556",10,7,3
"E00169558",6,3,3
"E00169559",0,0,0
"E00169561",3,2,1
"E00169562",0,0,0
"E00169564",25,7,18
"E00169565",1,0,1
"E00169567",13,3,10
"E00169569",8,2,6
"E00169570",7,2,5
"E00169572",7,1,6
"E00169573",1,1,0
"E00169575",14,6,8
"E00169576",0,0,0
"E00169578",5,2,3
"E00169579",10,7,3
"E00169581",2,1,1
"E00169583",22,9,13
"E00169584",1,0,1
"E00169586",0,0,0
"E00169587",0,0,0
"E00169589",8,4,4
"E00169590",7,3,4
"E00169592",0,0,0
"E00169593",4,1,3
"E00169595",0,0,0
"E00169597",12,5,7
"E00169598",1,1,0
"E00169600",2,2,0
"E00169601",23,15,8
"E00169603",9,7,2
"E00169604",1,1,0
"E00169606",0,0,0
"E00169607",2,2,0
"E00169609",17,11,6
"E00169611",12,5,7
"E00169612",4,2,2
"E00169614",61,21,40
"E00169615",11,5,6
"E00169617",8,5,3
"E00169618",3,3,0
"E00169620",2,0,2
"E00169621",0,0,0
"E00169623",0,0,0
"E00169625",1,0,1
"E00169626",6,3,3
"E00169628",0,0,0
"E00169629",3,3,0
"E00169631",5,2,3
"E00169632",1,1,0
"E00169633",2,1,1
"E00169634",2,1,1
"E00169635",1,1,0
"E00169636",3,1,2
"E00169637",13,7,6
"E00169638",0,0,0
"E00169639",2,1,1
"E00169640",4,1,3
"E00169641",0,0,0
"E00169642",7,3,4
"E00169643",0,0,0
"E00169644",0,0,0
"E00169645",7,4,3
"E00169646",5,3,2
"E00169647",0,0,0
"E00169648",7,4,3
"E00169649",3,0,3
"E00169650",1,1,0
"E00169651",7,1,6
"E00169652",1,0,1
"E00169653",0,0,0
"E00169654",4,1,3
"E00169655",4,1,3
"E00169656",4,2,2
"E00169657",2,0,2
"E00169658",4,2,2
"E00169659",4,2,2
"E00169660",2,1,1
"E00169661",6,3,3
"E00169662",2,1,1
"E00169663",0,0,0
"E00169664",2,2,0
"E00169665",0,0,0
"E00169666",1,0,1
"E00169667",0,0,0
"E00169668",4,1,3
"E00169669",2,0,2
"E00169670",0,0,0
"E00169671",1,1,0
"E00169672",5,2,3
"E00169673",4,3,1
"E00169674",3,1,2
"E00169675",2,1,1
"E00169676",10,4,6
"E00169677",1,1,0
"E00169678",4,1,3
"E00169679",0,0,0
"E00169680",1,1,0
"E00169681",1,0,1
"E00169682",6,5,1
"E00169683",2,1,1
"E00169684",5,2,3
"E00169685",3,0,3
"E00169686",0,0,0
"E00169687",3,1,2
"E00169688",3,1,2
"E00169689",0,0,0
"E00169690",0,0,0
"E00169691",1,1,0
"E00169692",6,2,4
"E00169693",0,0,0
"E00169694",2,2,0
"E00169695",1,0,1
"E00169696",2,1,1
"E00169697",9,5,4
"E00169698",3,3,0
"E00169699",10,7,3
"E00169700",0,0,0
"E00169701",2,1,1
"E00169702",3,0,3
"E00169703",0,0,0
"E00169704",1,1,0
"E00169705",4,0,4
"E00169706",2,2,0
"E00169707",3,2,1
"E00169708",0,0,0
"E00169709",0,0,0
"E00169710",3,0,3
"E00169711",2,2,0
"E00169712",17,10,7
"E00169713",0,0,0
"E00169714",1,1,0
"E00169715",4,4,0
"E00169716",0,0,0
"E00169717",0,0,0
"E00169718",0,0,0
"E00169719",3,2,1
"E00169720",2,0,2
"E00169721",0,0,0
"E00169722",0,0,0
"E00169723",4,2,2
"E00169724",3,1,2
"E00169725",1,0,1
"E00169726",1,0,1
"E00169727",10,5,5
"E00169728",3,1,2
"E00169729",0,0,0
"E00169730",8,4,4
"E00169731",5,4,1
"E00169732",1,0,1
"E00169733",0,0,0
"E00169734",3,1,2
"E00169735",2,2,0
"E00169736",6,3,3
"E00169737",8,6,2
"E00169738",0,0,0
"E00169739",4,4,0
"E00169740",10,7,3
"E00169741",2,0,2
"E00169742",2,2,0
"E00169743",15,6,9
"E00169744",0,0,0
"E00169745",2,1,1
"E00169746",14,5,9
"E00169747",8,3,5
"E00169748",12,6,6
"E00169749",4,2,2
"E00169750",3,1,2
"E00169751",4,0,4
"E00169752",3,1,2
"E00169753",2,2,0
"E00169754",0,0,0
"E00169755",7,2,5
"E00169756",12,6,6
"E00169757",5,3,2
"E00169758",4,1,3
"E00169759",0,0,0
"E00169760",0,0,0
"E00169761",0,0,0
"E00169762",2,2,0
"E00169763",1,0,1
"E00169764",4,2,2
"E00169765",5,4,1
"E00169766",16,6,10
"E00169767",4,3,1
"E00169768",13,4,9
"E00169769",4,2,2
"E00169770",1,1,0
"E00169771",0,0,0
"E00169772",1,0,1
"E00169773",0,0,0
"E00169774",3,2,1
"E00169775",6,3,3
"E00169776",1,1,0
"E00169777",4,3,1
"E00169778",6,3,3
"E00169780",1,0,1
"E00169782",3,2,1
"E00169783",0,0,0
"E00169785",51,25,26
"E00169786",0,0,0
"E00169788",6,4,2
"E00169789",4,3,1
"E00169791",0,0,0
"E00169792",0,0,0
"E00169794",1,1,0
"E00169796",1,1,0
"E00169797",1,0,1
"E00169799",0,0,0
"E00169800",0,0,0
"E00169802",0,0,0
"E00169803",2,1,1
"E00169805",1,1,0
"E00169806",1,0,1
"E00169808",3,1,2
"E00169810",3,1,2
"E00169811",3,1,2
"E00169813",5,2,3
"E00169814",1,0,1
"E00169816",0,0,0
"E00169817",0,0,0
"E00169818",2,1,1
"E00169819",4,2,2
"E00169820",4,4,0
"E00169821",6,2,4
"E00169822",6,3,3
"E00169823",1,1,0
"E00169824",6,4,2
"E00169825",2,1,1
"E00169826",4,1,3
"E00169827",0,0,0
"E00169828",1,0,1
"E00169829",2,1,1
"E00169830",2,1,1
"E00169831",3,2,1
"E00169832",3,1,2
"E00169833",4,1,3
"E00169834",3,1,2
"E00169835",1,1,0
"E00169836",2,1,1
"E00169837",0,0,0
"E00169838",3,2,1
"E00169839",0,0,0
"E00169840",6,2,4
"E00169841",1,0,1
"E00169842",0,0,0
"E00169843",0,0,0
"E00169844",2,0,2
"E00169845",0,0,0
"E00169846",3,3,0
"E00169847",2,1,1
"E00169848",2,1,1
"E00169849",0,0,0
"E00169850",5,0,5
"E00169851",3,1,2
"E00169852",0,0,0
"E00169853",0,0,0
"E00169854",0,0,0
"E00169855",0,0,0
"E00169856",8,3,5
"E00169857",2,0,2
"E00169858",3,3,0
"E00169859",6,1,5
"E00169860",0,0,0
"E00169861",3,1,2
"E00169862",5,1,4
"E00169863",10,7,3
"E00169864",1,1,0
"E00169865",3,3,0
"E00169866",7,1,6
"E00169867",4,2,2
"E00169868",12,7,5
"E00169869",3,1,2
"E00169870",1,1,0
"E00169871",0,0,0
"E00169872",6,3,3
"E00169873",3,2,1
"E00169874",7,4,3
"E00169875",1,0,1
"E00169876",5,4,1
"E00169877",10,4,6
"E00169878",0,0,0
"E00169879",3,2,1
"E00169880",0,0,0
"E00169881",1,1,0
"E00169882",5,1,4
"E00169883",3,1,2
"E00169884",6,3,3
"E00169885",2,2,0
"E00169886",1,0,1
"E00169887",0,0,0
"E00169888",0,0,0
"E00169889",2,1,1
"E00169890",4,3,1
"E00169891",1,1,0
"E00169892",7,7,0
"E00169893",5,3,2
"E00169894",4,1,3
"E00169895",1,0,1
"E00169896",0,0,0
"E00169897",5,3,2
"E00169898",3,1,2
"E00169899",4,1,3
"E00169900",1,0,1
"E00169901",0,0,0
"E00169902",5,1,4
"E00169903",5,2,3
"E00169904",8,7,1
"E00169905",8,3,5
"E00169906",3,2,1
"E00169907",7,3,4
"E00169908",3,2,1
"E00169909",2,1,1
"E00169910",7,5,2
"E00169911",1,1,0
"E00169912",1,1,0
"E00169913",4,1,3
"E00169914",1,1,0
"E00169915",2,2,0
"E00169916",3,1,2
"E00169917",2,2,0
"E00169918",36,24,12
"E00169919",3,1,2
"E00169920",3,1,2
"E00169921",9,3,6
"E00169922",8,4,4
"E00169923",1,0,1
"E00169924",4,2,2
"E00169925",0,0,0
"E00169926",2,0,2
"E00169927",1,0,1
"E00169928",1,0,1
"E00169929",4,1,3
"E00169930",2,1,1
"E00169931",2,1,1
"E00169932",0,0,0
"E00169933",1,1,0
"E00169934",1,0,1
"E00169935",0,0,0
"E00169936",1,0,1
"E00169937",21,9,12
"E00169938",4,0,4
"E00169939",1,0,1
"E00169940",7,3,4
"E00169941",3,2,1
"E00169942",8,4,4
"E00169943",4,3,1
"E00169944",0,0,0
"E00169945",3,1,2
"E00169946",4,1,3
"E00169947",0,0,0
"E00169948",2,1,1
"E00169949",1,1,0
"E00169950",2,1,1
"E00169951",3,0,3
"E00169952",0,0,0
"E00169953",0,0,0
"E00169954",2,1,1
"E00169955",1,1,0
"E00169956",2,1,1
"E00169957",1,1,0
"E00169958",3,1,2
"E00169959",0,0,0
"E00169960",2,2,0
"E00169961",4,4,0
"E00169962",3,2,1
"E00169963",1,1,0
"E00169964",10,7,3
"E00169965",4,2,2
"E00169966",4,2,2
"E00169967",0,0,0
"E00169968",5,3,2
"E00169969",12,6,6
"E00169970",8,4,4
"E00169971",2,1,1
"E00169972",1,0,1
"E00169973",0,0,0
"E00169974",1,0,1
"E00169975",1,1,0
"E00169976",3,1,2
"E00169977",2,1,1
"E00169978",5,1,4
"E00169979",6,4,2
"E00169980",6,2,4
"E00169981",11,6,5
"E00169982",12,6,6
"E00169983",1,0,1
"E00169984",1,0,1
"E00169985",7,3,4
"E00169986",1,0,1
"E00169987",9,5,4
"E00169988",6,4,2
"E00169989",8,3,5
"E00169990",4,2,2
"E00169991",2,1,1
"E00169992",7,3,4
"E00169993",1,1,0
"E00169994",2,2,0
"E00169995",5,3,2
"E00169996",0,0,0
"E00169997",2,2,0
"E00169998",2,1,1
"E00169999",2,2,0
"E00170000",3,1,2
"E00170001",1,1,0
"E00170002",7,5,2
"E00170003",1,0,1
"E00170004",1,1,0
"E00170005",2,1,1
"E00170006",3,1,2
"E00170007",0,0,0
"E00170008",1,0,1
"E00170009",1,1,0
"E00170010",0,0,0
"E00170012",3,2,1
"E00170013",0,0,0
"E00170015",3,1,2
"E00170016",2,2,0
"E00170018",0,0,0
"E00170020",3,1,2
"E00170021",2,0,2
"E00170023",1,0,1
"E00170024",4,2,2
"E00170026",7,4,3
"E00170027",1,0,1
"E00170029",9,7,2
"E00170030",1,0,1
"E00170032",0,0,0
"E00170034",2,2,0
"E00170035",0,0,0
"E00170037",2,0,2
"E00170038",9,3,6
"E00170040",0,0,0
"E00170041",0,0,0
"E00170043",0,0,0
"E00170044",0,0,0
"E00170046",0,0,0
"E00170048",0,0,0
"E00170049",1,0,1
"E00170051",1,0,1
"E00170052",0,0,0
"E00170054",0,0,0
"E00170055",0,0,0
"E00170057",0,0,0
"E00170058",4,1,3
"E00170060",3,1,2
"E00170061",6,5,1
"E00170062",0,0,0
"E00170063",3,0,3
"E00170064",3,2,1
"E00170065",0,0,0
"E00170066",0,0,0
"E00170067",0,0,0
"E00170068",9,5,4
"E00170069",1,0,1
"E00170070",4,1,3
"E00170071",3,0,3
"E00170072",0,0,0
"E00170073",2,2,0
"E00170074",2,1,1
"E00170075",4,1,3
"E00170076",6,2,4
"E00170077",0,0,0
"E00170078",2,2,0
"E00170079",2,1,1
"E00170080",3,2,1
"E00170081",4,1,3
"E00170082",1,0,1
"E00170083",0,0,0
"E00170084",4,2,2
"E00170085",0,0,0
"E00170086",4,2,2
"E00170087",2,1,1
"E00170088",3,1,2
"E00170089",1,1,0
"E00170090",1,0,1
"E00170091",8,4,4
"E00170092",2,0,2
"E00170093",7,3,4
"E00170094",6,3,3
"E00170095",1,1,0
"E00170096",6,3,3
"E00170097",2,0,2
"E00170098",7,3,4
"E00170099",2,1,1
"E00170100",1,1,0
"E00170101",1,1,0
"E00170102",10,4,6
"E00170103",20,12,8
"E00170104",5,4,1
"E00170105",3,2,1
"E00170106",6,3,3
"E00170107",4,1,3
"E00170108",10,3,7
"E00170109",27,18,9
"E00170110",6,2,4
"E00170111",0,0,0
"E00170112",1,0,1
"E00170113",6,3,3
"E00170114",0,0,0
"E00170115",6,4,2
"E00170116",4,2,2
"E00170117",1,1,0
"E00170118",2,0,2
"E00170119",3,1,2
"E00170120",2,0,2
"E00170121",3,0,3
"E00170122",13,7,6
"E00170123",34,19,15
"E00170124",6,4,2
"E00170125",1,0,1
"E00170126",2,0,2
"E00170127",1,1,0
"E00170128",4,2,2
"E00170129",1,0,1
"E00170130",2,2,0
"E00170131",0,0,0
"E00170132",0,0,0
"E00170133",0,0,0
"E00170134",1,1,0
"E00170135",8,3,5
"E00170136",4,3,1
"E00170137",0,0,0
"E00170138",3,2,1
"E00170139",1,1,0
"E00170140",2,1,1
"E00170141",1,0,1
"E00170142",3,0,3
"E00170143",1,0,1
"E00170144",5,1,4
"E00170145",1,0,1
"E00170146",3,2,1
"E00170147",1,0,1
"E00170148",1,0,1
"E00170149",0,0,0
"E00170150",2,1,1
"E00170151",1,1,0
"E00170152",5,4,1
"E00170153",7,3,4
"E00170154",4,1,3
"E00170155",4,1,3
"E00170156",10,5,5
"E00170157",9,5,4
"E00170158",40,4,36
"E00170159",4,3,1
"E00170160",2,1,1
"E00170161",1,0,1
"E00170162",6,2,4
"E00170163",17,9,8
"E00170164",3,2,1
"E00170165",4,1,3
"E00170166",2,2,0
"E00170167",0,0,0
"E00170168",56,24,32
"E00170169",1,1,0
"E00170170",44,20,24
"E00170171",9,4,5
"E00170172",3,1,2
"E00170173",3,0,3
"E00170174",5,3,2
"E00170175",6,2,4
"E00170176",11,8,3
"E00170177",1,0,1
"E00170178",33,26,7
"E00170179",5,3,2
"E00170180",1,1,0
"E00170181",8,5,3
"E00170182",6,3,3
"E00170183",4,4,0
"E00170184",5,3,2
"E00170185",2,1,1
"E00170186",2,0,2
"E00170187",2,1,1
"E00170188",0,0,0
"E00170189",0,0,0
"E00170190",2,0,2
"E00170191",0,0,0
"E00170192",0,0,0
"E00170193",2,0,2
"E00170194",1,1,0
"E00170195",1,1,0
"E00170196",5,4,1
"E00170197",3,2,1
"E00170198",5,4,1
"E00170199",1,0,1
"E00170200",7,3,4
"E00170201",2,2,0
"E00170202",4,0,4
"E00170203",1,1,0
"E00170204",2,0,2
"E00170205",0,0,0
"E00170206",1,0,1
"E00170207",5,3,2
"E00170208",2,1,1
"E00170209",7,4,3
"E00170210",1,0,1
"E00170211",2,0,2
"E00170212",0,0,0
"E00170213",1,1,0
"E00170214",5,4,1
"E00170215",4,1,3
"E00170216",1,1,0
"E00170217",3,2,1
"E00170218",4,3,1
"E00170219",0,0,0
"E00170220",0,0,0
"E00170221",1,0,1
"E00170222",0,0,0
"E00170223",2,2,0
"E00170224",1,1,0
"E00170225",1,1,0
"E00170226",0,0,0
"E00170227",4,0,4
"E00170228",1,0,1
"E00170229",1,1,0
"E00170230",14,8,6
"E00170231",2,0,2
"E00170232",3,2,1
"E00170233",0,0,0
"E00170234",2,1,1
"E00170235",2,1,1
"E00170236",0,0,0
"E00170237",0,0,0
"E00170238",0,0,0
"E00170239",1,0,1
"E00170240",2,2,0
"E00170241",0,0,0
"E00170242",0,0,0
"E00170243",0,0,0
"E00170244",1,1,0
"E00170245",1,0,1
"E00170246",4,1,3
"E00170247",0,0,0
"E00170248",0,0,0
"E00170249",0,0,0
"E00170250",1,1,0
"E00170251",4,1,3
"E00170252",15,7,8
"E00170253",6,5,1
"E00170254",36,15,21
"E00170255",9,4,5
"E00170256",0,0,0
"E00170257",6,3,3
"E00170259",0,0,0
"E00170261",1,0,1
"E00170262",1,0,1
"E00170264",2,1,1
"E00170265",0,0,0
"E00170267",1,0,1
"E00170268",0,0,0
"E00170270",3,1,2
"E00170271",1,0,1
"E00170273",0,0,0
"E00170275",1,0,1
"E00170276",1,0,1
"E00170278",0,0,0
"E00170279",0,0,0
"E00170281",0,0,0
"E00170282",0,0,0
"E00170284",0,0,0
"E00170285",1,0,1
"E00170287",2,2,0
"E00170289",0,0,0
"E00170290",4,3,1
"E00170292",0,0,0
"E00170293",0,0,0
"E00170295",7,3,4
"E00170296",8,3,5
"E00170297",5,2,3
"E00170298",0,0,0
"E00170299",9,4,5
"E00170300",0,0,0
"E00170301",0,0,0
"E00170302",0,0,0
"E00170303",5,2,3
"E00170304",0,0,0
"E00170305",2,0,2
"E00170306",5,2,3
"E00170307",1,1,0
"E00170308",0,0,0
"E00170309",5,0,5
"E00170310",3,2,1
"E00170311",0,0,0
"E00170312",0,0,0
"E00170313",0,0,0
"E00170314",0,0,0
"E00170315",1,1,0
"E00170316",1,1,0
"E00170317",4,2,2
"E00170318",0,0,0
"E00170319",4,3,1
"E00170320",1,0,1
"E00170321",1,0,1
"E00170322",6,4,2
"E00170323",4,1,3
"E00170324",4,2,2
"E00170326",1,1,0
"E00170327",1,1,0
"E00170329",0,0,0
"E00170331",0,0,0
"E00170332",0,0,0
"E00170334",3,1,2
"E00170335",5,2,3
"E00170336",0,0,0
"E00170337",2,1,1
"E00170338",1,1,0
"E00170339",6,2,4
"E00170340",4,3,1
"E00170341",2,1,1
"E00170342",9,5,4
"E00170343",7,3,4
"E00170344",5,3,2
"E00170345",6,4,2
"E00170346",0,0,0
"E00170347",0,0,0
"E00170348",0,0,0
"E00170349",2,1,1
"E00170350",3,3,0
"E00170351",1,0,1
"E00170352",4,2,2
"E00170353",3,2,1
"E00170354",5,3,2
"E00170355",4,4,0
"E00170356",3,2,1
"E00170357",1,0,1
"E00170358",2,2,0
"E00170359",6,3,3
"E00170360",3,1,2
"E00170361",0,0,0
"E00170362",0,0,0
"E00170363",0,0,0
"E00170364",0,0,0
"E00170365",1,1,0
"E00170366",0,0,0
"E00170367",3,3,0
"E00170368",1,0,1
"E00170369",2,2,0
"E00170370",6,3,3
"E00170371",6,3,3
"E00170372",1,1,0
"E00170373",6,4,2
"E00170374",7,2,5
"E00170375",6,4,2
"E00170376",1,1,0
"E00170377",0,0,0
"E00170378",5,3,2
"E00170379",0,0,0
"E00170380",0,0,0
"E00170381",4,0,4
"E00170382",3,1,2
"E00170383",2,0,2
"E00170384",1,0,1
"E00170385",1,1,0
"E00170386",0,0,0
"E00170387",3,1,2
"E00170388",3,2,1
"E00170389",0,0,0
"E00170390",3,1,2
"E00170391",5,0,5
"E00170392",1,1,0
"E00170393",12,6,6
"E00170394",4,2,2
"E00170395",81,68,13
"E00170396",2,1,1
"E00170397",5,1,4
"E00170398",0,0,0
"E00170399",5,3,2
"E00170400",2,0,2
"E00170401",2,1,1
"E00170402",13,9,4
"E00170403",4,1,3
"E00170404",2,1,1
"E00170405",1,0,1
"E00170406",5,3,2
"E00170407",5,2,3
"E00170408",4,4,0
"E00170409",3,2,1
"E00170410",3,3,0
"E00170411",4,3,1
"E00170412",3,1,2
"E00170413",1,1,0
"E00170414",3,3,0
"E00170415",3,3,0
"E00170416",3,2,1
"E00170417",10,5,5
"E00170418",5,1,4
"E00170419",7,4,3
"E00170420",2,0,2
"E00170421",5,3,2
"E00170422",0,0,0
"E00170423",4,4,0
"E00170424",3,2,1
"E00170425",5,2,3
"E00170426",2,2,0
"E00170427",6,4,2
"E00170428",3,0,3
"E00170429",2,0,2
"E00170430",0,0,0
"E00170431",5,1,4
"E00170432",11,5,6
"E00170433",1,0,1
"E00170435",5,2,3
"E00170436",0,0,0
"E00170438",0,0,0
"E00170439",1,1,0
"E00170441",1,1,0
"E00170443",1,1,0
"E00170444",2,1,1
"E00170446",0,0,0
"E00170447",7,4,3
"E00170449",0,0,0
"E00170450",2,2,0
"E00170452",2,1,1
"E00170453",0,0,0
"E00170455",1,0,1
"E00170457",0,0,0
"E00170458",0,0,0
"E00170459",1,0,1
"E00170460",1,1,0
"E00170461",0,0,0
"E00170462",1,0,1
"E00170463",1,0,1
"E00170464",0,0,0
"E00170465",0,0,0
"E00170466",4,3,1
"E00170467",2,2,0
"E00170468",0,0,0
"E00170469",2,1,1
"E00170470",1,1,0
"E00170471",2,0,2
"E00170472",1,0,1
"E00170473",4,3,1
"E00170474",0,0,0
"E00170475",0,0,0
"E00170476",2,0,2
"E00170477",8,4,4
"E00170478",1,1,0
"E00170479",0,0,0
"E00170480",0,0,0
"E00170481",0,0,0
"E00170482",0,0,0
"E00170483",2,1,1
"E00170484",1,1,0
"E00170485",1,1,0
"E00170486",0,0,0
"E00170487",0,0,0
"E00170488",4,3,1
"E00170489",0,0,0
"E00170490",2,2,0
"E00170491",2,2,0
"E00170492",5,3,2
"E00170493",1,0,1
"E00170494",1,1,0
"E00170495",3,3,0
"E00170496",1,1,0
"E00170497",2,0,2
"E00170498",0,0,0
"E00170499",4,3,1
"E00170500",4,1,3
"E00170501",2,0,2
"E00170502",1,0,1
"E00170503",1,0,1
"E00170504",5,2,3
"E00170505",2,1,1
"E00170506",0,0,0
"E00170507",5,3,2
"E00170508",2,2,0
"E00170509",1,1,0
"E00170510",1,0,1
"E00170511",13,8,5
"E00170512",5,2,3
"E00170513",0,0,0
"E00170514",3,2,1
"E00170515",7,4,3
"E00170516",4,1,3
"E00170517",6,4,2
"E00170518",8,5,3
"E00170519",7,2,5
"E00170520",5,1,4
"E00170521",2,1,1
"E00170522",2,0,2
"E00170523",6,4,2
"E00170524",1,1,0
"E00170525",2,0,2
"E00170526",0,0,0
"E00170527",0,0,0
"E00170528",0,0,0
"E00170529",4,3,1
"E00170530",3,3,0
"E00170531",2,1,1
"E00170532",5,1,4
"E00170533",3,1,2
"E00170534",5,3,2
"E00170535",5,3,2
"E00170536",5,3,2
"E00170537",1,0,1
"E00170538",4,4,0
"E00170539",2,1,1
"E00170540",2,1,1
"E00170541",1,0,1
"E00170542",3,2,1
"E00170543",0,0,0
"E00170544",2,1,1
"E00170545",6,0,6
"E00170546",4,1,3
"E00170547",3,2,1
"E00170548",1,0,1
"E00170549",3,1,2
"E00170550",0,0,0
"E00170551",1,1,0
"E00170552",4,1,3
"E00170553",1,0,1
"E00170554",6,4,2
"E00170555",5,3,2
"E00170556",0,0,0
"E00170557",9,3,6
"E00170558",2,1,1
"E00170559",3,1,2
"E00170560",1,0,1
"E00170561",12,7,5
"E00170562",6,5,1
"E00170563",3,0,3
"E00170564",0,0,0
"E00170565",4,1,3
"E00170567",5,4,1
"E00170568",2,1,1
"E00170570",9,5,4
"E00170572",1,0,1
"E00170573",0,0,0
"E00170575",7,4,3
"E00170576",0,0,0
"E00170578",0,0,0
"E00170579",2,1,1
"E00170581",18,8,10
"E00170582",4,2,2
"E00170584",5,1,4
"E00170586",2,1,1
"E00170587",0,0,0
"E00170589",0,0,0
"E00170590",1,1,0
"E00170592",4,2,2
"E00170593",4,2,2
"E00170595",7,1,6
"E00170596",0,0,0
"E00170598",0,0,0
"E00170600",1,1,0
"E00170601",2,1,1
"E00170603",2,1,1
"E00170604",0,0,0
"E00170606",0,0,0
"E00170607",0,0,0
"E00170609",1,0,1
"E00170610",1,1,0
"E00170612",2,2,0
"E00170614",3,1,2
"E00170615",4,2,2
"E00170617",1,0,1
"E00170618",2,1,1
"E00170620",0,0,0
"E00170621",9,5,4
"E00170623",0,0,0
"E00170624",3,1,2
"E00170625",2,1,1
"E00170626",2,0,2
"E00170627",7,3,4
"E00170628",0,0,0
"E00170629",0,0,0
"E00170630",5,3,2
"E00170631",2,0,2
"E00170632",1,1,0
"E00170633",1,1,0
"E00170634",6,2,4
"E00170635",5,2,3
"E00170636",6,3,3
"E00170637",2,1,1
"E00170638",2,2,0
"E00170639",7,3,4
"E00170640",6,3,3
"E00170641",1,1,0
"E00170642",9,3,6
"E00170643",1,0,1
"E00170644",14,6,8
"E00170645",0,0,0
"E00170646",6,6,0
"E00170647",11,7,4
"E00170648",2,1,1
"E00170649",6,6,0
"E00170650",7,4,3
"E00170651",3,2,1
"E00170652",8,4,4
"E00170653",1,1,0
"E00170654",4,3,1
"E00170655",9,4,5
"E00170656",9,6,3
"E00170657",2,0,2
"E00170658",7,2,5
"E00170659",0,0,0
"E00170660",5,1,4
"E00170661",3,1,2
"E00170662",4,1,3
"E00170663",1,0,1
"E00170664",0,0,0
"E00170665",3,1,2
"E00170666",0,0,0
"E00170667",2,0,2
"E00170668",1,0,1
"E00170669",0,0,0
"E00170670",7,4,3
"E00170671",1,0,1
"E00170672",2,1,1
"E00170673",0,0,0
"E00170674",1,1,0
"E00170675",0,0,0
"E00170676",4,4,0
"E00170677",7,4,3
"E00170678",2,1,1
"E00170679",2,1,1
"E00170680",1,1,0
"E00170681",6,3,3
"E00170682",1,1,0
"E00170683",1,0,1
"E00170684",1,1,0
"E00170685",0,0,0
"E00170686",0,0,0
"E00170687",3,2,1
"E00170688",2,1,1
"E00170689",5,4,1
"E00170690",1,0,1
"E00170691",3,0,3
"E00170692",0,0,0
"E00170693",2,1,1
"E00170694",2,1,1
"E00170695",4,2,2
"E00170696",5,2,3
"E00170697",1,0,1
"E00170698",5,0,5
"E00170699",0,0,0
"E00170700",4,2,2
"E00170701",0,0,0
"E00170702",3,2,1
"E00170703",0,0,0
"E00170704",2,1,1
"E00170705",5,3,2
"E00170706",0,0,0
"E00170707",6,1,5
"E00170708",5,4,1
"E00170709",6,1,5
"E00170710",4,1,3
"E00170711",2,1,1
"E00170712",6,2,4
"E00170713",1,1,0
"E00170714",5,4,1
"E00170715",6,0,6
"E00170716",5,1,4
"E00170717",3,2,1
"E00170718",0,0,0
"E00170719",0,0,0
"E00170720",1,0,1
"E00170721",0,0,0
"E00170722",1,0,1
"E00170723",6,3,3
"E00170724",1,1,0
"E00170725",3,2,1
"E00170726",0,0,0
"E00170727",1,0,1
"E00170728",0,0,0
"E00170729",3,0,3
"E00170730",5,2,3
"E00170731",1,1,0
"E00170732",4,3,1
"E00170733",0,0,0
"E00170734",0,0,0
"E00170735",6,2,4
"E00170736",5,1,4
"E00170737",9,4,5
"E00170738",4,1,3
"E00170739",4,2,2
"E00170740",6,3,3
"E00170741",0,0,0
"E00170742",1,1,0
"E00170743",0,0,0
"E00170744",28,22,6
"E00170745",0,0,0
"E00170746",0,0,0
"E00170747",1,1,0
"E00170748",2,0,2
"E00170749",13,5,8
"E00170750",6,5,1
"E00170751",4,3,1
"E00170752",1,0,1
"E00170753",2,1,1
"E00170754",3,1,2
"E00170755",6,1,5
"E00170756",0,0,0
"E00170757",6,3,3
"E00170758",2,2,0
"E00170759",3,1,2
"E00170760",3,1,2
"E00170761",0,0,0
"E00170762",0,0,0
"E00170763",4,1,3
"E00170764",0,0,0
"E00170765",0,0,0
"E00170766",2,2,0
"E00170767",3,1,2
"E00170768",1,1,0
"E00170769",2,0,2
"E00170770",2,1,1
"E00170771",1,0,1
"E00170772",2,1,1
"E00170773",1,1,0
"E00170774",1,1,0
"E00170775",2,0,2
"E00170776",2,0,2
"E00170777",2,1,1
"E00170778",0,0,0
"E00170779",9,4,5
"E00170780",0,0,0
"E00170781",4,3,1
"E00170782",6,2,4
"E00170783",2,1,1
"E00170784",1,0,1
"E00170785",1,1,0
"E00170786",0,0,0
"E00170787",0,0,0
"E00170788",12,6,6
"E00170789",10,2,8
"E00170790",3,1,2
"E00170791",1,0,1
"E00170792",5,3,2
"E00170793",0,0,0
"E00170794",0,0,0
"E00170795",1,1,0
"E00170796",0,0,0
"E00170797",5,0,5
"E00170798",5,4,1
"E00170799",4,1,3
"E00170800",0,0,0
"E00170801",8,4,4
"E00170802",4,1,3
"E00170803",6,2,4
"E00170804",0,0,0
"E00170805",0,0,0
"E00170806",6,3,3
"E00170807",3,1,2
"E00170808",5,3,2
"E00170809",7,4,3
"E00170810",5,2,3
"E00170811",2,0,2
"E00170812",2,2,0
"E00170813",1,0,1
"E00170814",3,1,2
"E00170815",5,2,3
"E00170816",6,4,2
"E00170817",1,1,0
"E00170818",8,3,5
"E00170819",4,4,0
"E00170820",9,3,6
"E00170821",5,5,0
"E00170822",4,1,3
"E00170823",6,4,2
"E00170824",4,2,2
"E00170825",3,1,2
"E00170826",4,1,3
"E00170827",3,2,1
"E00170828",7,4,3
"E00170829",5,3,2
"E00170830",8,5,3
"E00170831",0,0,0
"E00170832",5,1,4
"E00170833",6,4,2
"E00170834",2,0,2
"E00170835",2,1,1
"E00170836",5,5,0
"E00170837",2,2,0
"E00170838",2,0,2
"E00170839",1,1,0
"E00170840",0,0,0
"E00170841",0,0,0
"E00170842",0,0,0
"E00170843",3,2,1
"E00170844",17,6,11
"E00170845",0,0,0
"E00170846",0,0,0
"E00170847",0,0,0
"E00170848",0,0,0
"E00170849",1,1,0
"E00170850",2,0,2
"E00170851",0,0,0
"E00170852",1,1,0
"E00170853",1,0,1
"E00170854",0,0,0
"E00170855",4,1,3
"E00170856",1,0,1
"E00170857",1,0,1
"E00170858",2,1,1
"E00170859",0,0,0
"E00170860",0,0,0
"E00170861",0,0,0
"E00170862",0,0,0
"E00170863",5,5,0
"E00170864",0,0,0
"E00170865",0,0,0
"E00170866",8,3,5
"E00170867",3,1,2
"E00170868",0,0,0
"E00170869",0,0,0
"E00170870",1,0,1
"E00170871",2,1,1
"E00170872",2,1,1
"E00170873",3,2,1
"E00170874",0,0,0
"E00170875",0,0,0
"E00170876",0,0,0
"E00170877",3,3,0
"E00170878",0,0,0
"E00170879",3,1,2
"E00170880",0,0,0
"E00170881",1,0,1
"E00170882",0,0,0
"E00170883",2,0,2
"E00170884",2,1,1
"E00170885",0,0,0
"E00170886",0,0,0
"E00170887",3,1,2
"E00170888",1,0,1
"E00170889",10,7,3
"E00170890",2,0,2
"E00170891",11,10,1
"E00170892",7,2,5
"E00170893",8,4,4
"E00170894",0,0,0
"E00170895",0,0,0
"E00170896",10,5,5
"E00170897",14,5,9
"E00170898",5,2,3
"E00170899",10,7,3
"E00170900",0,0,0
"E00170901",5,1,4
"E00170902",3,2,1
"E00170903",22,6,16
"E00170904",2,2,0
"E00170905",3,1,2
"E00170906",12,2,10
"E00170907",8,5,3
"E00170908",3,1,2
"E00170909",10,4,6
"E00170910",7,4,3
"E00170911",7,2,5
"E00170912",1,0,1
"E00170913",0,0,0
"E00170914",0,0,0
"E00170915",0,0,0
"E00170916",3,2,1
"E00170917",0,0,0
"E00170918",1,0,1
"E00170919",1,0,1
"E00170920",2,2,0
"E00170921",0,0,0
"E00170923",0,0,0
"E00170925",10,2,8
"E00170926",0,0,0
"E00170928",0,0,0
"E00170929",1,1,0
"E00170931",4,1,3
"E00170932",0,0,0
"E00170934",2,1,1
"E00170935",1,0,1
"E00170937",1,0,1
"E00170939",1,0,1
"E00170940",3,2,1
"E00170942",0,0,0
"E00170943",4,2,2
"E00170945",4,2,2
"E00170946",0,0,0
"E00170948",0,0,0
"E00170949",6,3,3
"E00170951",0,0,0
"E00170953",2,1,1
"E00170954",0,0,0
"E00170956",0,0,0
"E00170957",4,0,4
"E00170959",2,0,2
"E00170960",1,0,1
"E00170962",4,3,1
"E00170963",4,3,1
"E00170965",0,0,0
"E00170967",0,0,0
"E00170968",2,0,2
"E00170970",2,1,1
"E00170971",0,0,0
"E00170973",0,0,0
"E00170974",2,2,0
"E00170975",0,0,0
"E00170976",0,0,0
"E00170977",1,0,1
"E00170978",4,2,2
"E00170979",5,5,0
"E00170980",20,11,9
"E00170981",0,0,0
"E00170982",0,0,0
"E00170983",1,0,1
"E00170984",5,3,2
"E00170985",6,5,1
"E00170986",1,1,0
"E00170987",0,0,0
"E00170988",0,0,0
"E00170989",15,8,7
"E00170990",5,3,2
"E00170991",7,2,5
"E00170992",5,2,3
"E00170993",0,0,0
"E00170994",0,0,0
"E00170995",12,7,5
"E00170996",6,3,3
"E00170997",2,2,0
"E00170998",2,2,0
"E00170999",4,2,2
"E00171000",16,8,8
"E00171001",5,2,3
"E00171002",7,3,4
"E00171003",2,2,0
"E00171004",8,4,4
"E00171005",8,3,5
"E00171006",12,6,6
"E00171007",4,2,2
"E00171008",1,1,0
"E00171009",2,1,1
"E00171010",2,2,0
"E00171011",6,3,3
"E00171012",2,1,1
"E00171013",6,4,2
"E00171014",3,0,3
"E00171015",12,8,4
"E00171016",12,2,10
"E00171017",4,4,0
"E00171018",25,12,13
"E00171019",8,3,5
"E00171020",4,2,2
"E00171021",10,2,8
"E00171022",0,0,0
"E00171023",0,0,0
"E00171024",3,2,1
"E00171025",3,2,1
"E00171026",8,4,4
"E00171027",2,1,1
"E00171028",18,11,7
"E00171029",5,4,1
"E00171030",0,0,0
"E00171031",1,0,1
"E00171032",3,1,2
"E00171033",13,9,4
"E00171034",2,1,1
"E00171035",1,1,0
"E00171036",0,0,0
"E00171037",0,0,0
"E00171038",1,1,0
"E00171040",4,2,2
"E00171041",3,0,3
"E00171043",5,1,4
"E00171044",1,1,0
"E00171046",3,2,1
"E00171047",0,0,0
"E00171049",1,0,1
"E00171051",1,1,0
"E00171052",2,1,1
"E00171054",1,1,0
"E00171055",1,1,0
"E00171057",0,0,0
"E00171058",1,0,1
"E00171060",4,2,2
"E00171061",12,8,4
"E00171063",1,0,1
"E00171065",6,4,2
"E00171066",0,0,0
"E00171068",1,0,1
"E00171069",6,5,1
"E00171071",1,0,1
"E00171072",0,0,0
"E00171074",1,1,0
"E00171075",0,0,0
"E00171077",0,0,0
"E00171079",2,1,1
"E00171080",2,0,2
"E00171082",3,1,2
"E00171083",1,0,1
"E00171085",3,1,2
"E00171086",0,0,0
"E00171088",0,0,0
"E00171089",9,6,3
"E00171091",8,4,4
"E00171093",11,5,6
"E00171094",7,4,3
"E00171096",14,6,8
"E00171097",6,2,4
"E00171099",5,4,1
"E00171100",1,0,1
"E00171102",2,0,2
"E00171103",4,4,0
"E00171105",8,5,3
"E00171107",0,0,0
"E00171108",1,0,1
"E00171110",6,4,2
"E00171111",0,0,0
"E00171113",5,4,1
"E00171114",10,8,2
"E00171116",0,0,0
"E00171117",6,2,4
"E00171119",3,2,1
"E00171120",0,0,0
"E00171121",3,0,3
"E00171122",6,3,3
"E00171123",0,0,0
"E00171124",2,1,1
"E00171125",4,2,2
"E00171126",6,2,4
"E00171127",13,6,7
"E00171128",2,1,1
"E00171130",1,0,1
"E00171131",6,2,4
"E00171133",3,1,2
"E00171135",0,0,0
"E00171136",1,0,1
"E00171138",2,0,2
"E00171139",8,2,6
"E00171141",10,7,3
"E00171142",1,0,1
"E00171144",1,0,1
"E00171145",2,0,2
"E00171147",3,0,3
"E00171149",8,6,2
"E00171150",5,5,0
"E00171152",1,0,1
"E00171153",2,0,2
"E00171155",2,2,0
"E00171156",0,0,0
"E00171158",2,0,2
"E00171159",1,1,0
"E00171161",3,3,0
"E00171163",2,1,1
"E00171164",3,3,0
"E00171166",7,4,3
"E00171167",16,5,11
"E00171169",9,4,5
"E00171170",6,4,2
"E00171172",4,1,3
"E00171173",6,4,2
"E00171175",1,0,1
"E00171177",0,0,0
"E00171178",1,1,0
"E00171180",2,2,0
"E00171181",11,6,5
"E00171183",6,4,2
"E00171184",6,1,5
"E00171185",0,0,0
"E00171186",1,1,0
"E00171187",0,0,0
"E00171188",0,0,0
"E00171189",5,3,2
"E00171190",4,3,1
"E00171191",0,0,0
"E00171192",0,0,0
"E00171193",0,0,0
"E00171194",3,1,2
"E00171195",4,2,2
"E00171196",2,0,2
"E00171197",13,5,8
"E00171198",2,0,2
"E00171199",0,0,0
"E00171200",0,0,0
"E00171201",3,1,2
"E00171202",2,1,1
"E00171203",1,1,0
"E00171204",2,1,1
"E00171205",3,1,2
"E00171206",0,0,0
"E00171207",1,1,0
"E00171208",3,2,1
"E00171209",10,4,6
"E00171210",5,2,3
"E00171211",4,0,4
"E00171212",0,0,0
"E00171213",4,3,1
"E00171214",11,8,3
"E00171215",5,1,4
"E00171216",5,1,4
"E00171217",15,7,8
"E00171218",0,0,0
"E00171219",1,1,0
"E00171220",0,0,0
"E00171221",4,2,2
"E00171222",0,0,0
"E00171223",0,0,0
"E00171224",2,1,1
"E00171225",2,1,1
"E00171226",2,1,1
"E00171227",3,1,2
"E00171228",0,0,0
"E00171229",0,0,0
"E00171230",0,0,0
"E00171231",1,1,0
"E00171232",0,0,0
"E00171233",2,1,1
"E00171234",8,2,6
"E00171235",14,5,9
"E00171236",10,7,3
"E00171237",8,3,5
"E00171238",4,3,1
"E00171239",4,1,3
"E00171240",10,5,5
"E00171241",13,5,8
"E00171242",10,3,7
"E00171243",6,4,2
"E00171244",0,0,0
"E00171245",1,0,1
"E00171246",0,0,0
"E00171247",1,1,0
"E00171248",2,1,1
"E00171249",7,4,3
"E00171250",0,0,0
"E00171251",2,2,0
"E00171252",1,1,0
"E00171253",1,1,0
"E00171254",1,0,1
"E00171255",0,0,0
"E00171256",1,0,1
"E00171257",2,1,1
"E00171258",0,0,0
"E00171259",1,1,0
"E00171260",0,0,0
"E00171261",0,0,0
"E00171262",4,3,1
"E00171263",2,0,2
"E00171264",0,0,0
"E00171265",2,2,0
"E00171266",0,0,0
"E00171267",0,0,0
"E00171268",3,3,0
"E00171269",2,1,1
"E00171270",2,1,1
"E00171271",1,1,0
"E00171272",3,1,2
"E00171273",0,0,0
"E00171274",0,0,0
"E00171275",4,2,2
"E00171276",0,0,0
"E00171277",5,3,2
"E00171278",0,0,0
"E00171279",1,0,1
"E00171280",1,0,1
"E00171281",4,3,1
"E00171282",6,2,4
"E00171283",0,0,0
"E00171284",3,1,2
"E00171285",0,0,0
"E00171286",2,1,1
"E00171287",0,0,0
"E00171288",0,0,0
"E00171289",8,4,4
"E00171290",0,0,0
"E00171291",1,1,0
"E00171292",0,0,0
"E00171293",2,1,1
"E00171294",0,0,0
"E00171295",0,0,0
"E00171296",0,0,0
"E00171297",1,0,1
"E00171298",2,2,0
"E00171299",1,0,1
"E00171300",0,0,0
"E00171301",0,0,0
"E00171302",0,0,0
"E00171303",8,2,6
"E00171304",2,2,0
"E00171305",2,2,0
"E00171306",3,3,0
"E00171307",3,1,2
"E00171308",0,0,0
"E00171309",4,1,3
"E00171310",2,1,1
"E00171311",3,2,1
"E00171312",0,0,0
"E00171313",2,0,2
"E00171314",2,0,2
"E00171315",1,1,0
"E00171316",0,0,0
"E00171317",0,0,0
"E00171318",0,0,0
"E00171319",3,0,3
"E00171320",3,2,1
"E00171321",1,0,1
"E00171322",2,1,1
"E00171323",2,2,0
"E00171324",4,1,3
"E00171325",3,1,2
"E00171326",6,3,3
"E00171327",4,1,3
"E00171328",6,2,4
"E00171329",3,1,2
"E00171330",0,0,0
"E00171331",5,2,3
"E00171332",2,2,0
"E00171333",8,1,7
"E00171334",15,5,10
"E00171335",4,4,0
"E00171336",8,3,5
"E00171337",3,1,2
"E00171338",7,3,4
"E00171339",0,0,0
"E00171340",4,2,2
"E00171341",2,1,1
"E00171342",5,4,1
"E00171343",6,1,5
"E00171344",3,2,1
"E00171345",5,0,5
"E00171346",2,2,0
"E00171347",6,3,3
"E00171348",3,1,2
"E00171349",4,1,3
"E00171350",6,3,3
"E00171351",4,2,2
"E00171352",4,3,1
"E00171353",3,3,0
"E00171354",6,3,3
"E00171355",3,3,0
"E00171356",4,2,2
"E00171357",3,2,1
"E00171358",0,0,0
"E00171359",1,0,1
"E00171360",2,2,0
"E00171361",0,0,0
"E00171362",0,0,0
"E00171363",3,2,1
"E00171364",1,1,0
"E00171365",0,0,0
"E00171366",0,0,0
"E00171367",6,3,3
"E00171368",2,0,2
"E00171369",0,0,0
"E00171370",5,3,2
"E00171371",5,3,2
"E00171372",8,2,6
"E00171373",5,4,1
"E00171374",1,0,1
"E00171375",6,2,4
"E00171376",3,1,2
"E00171377",0,0,0
"E00171378",5,3,2
"E00171379",0,0,0
"E00171380",3,0,3
"E00171381",2,1,1
"E00171382",1,1,0
"E00171383",1,0,1
"E00171384",5,1,4
"E00171385",5,3,2
"E00171386",4,1,3
"E00171387",6,2,4
"E00171388",23,9,14
"E00171389",7,6,1
"E00171390",4,3,1
"E00171391",7,3,4
"E00171392",5,4,1
"E00171393",0,0,0
"E00171394",4,1,3
"E00171395",0,0,0
"E00171396",5,2,3
"E00171397",1,0,1
"E00171398",4,2,2
"E00171399",3,0,3
"E00171400",2,2,0
"E00171401",1,1,0
"E00171402",3,1,2
"E00171403",0,0,0
"E00171404",2,1,1
"E00171405",1,1,0
"E00171406",2,0,2
"E00171407",0,0,0
"E00171408",6,1,5
"E00171409",4,1,3
"E00171410",5,0,5
"E00171411",3,2,1
"E00171412",3,2,1
"E00171413",3,2,1
"E00171414",5,0,5
"E00171415",1,0,1
"E00171416",9,5,4
"E00171417",4,2,2
"E00171418",2,1,1
"E00171419",8,4,4
"E00171421",1,1,0
"E00171422",1,0,1
"E00171424",0,0,0
"E00171425",1,1,0
"E00171427",0,0,0
"E00171428",1,0,1
"E00171430",2,2,0
"E00171432",3,2,1
"E00171433",5,3,2
"E00171435",1,0,1
"E00171436",1,1,0
"E00171438",1,1,0
"E00171439",3,1,2
"E00171441",2,0,2
"E00171442",4,2,2
"E00171444",1,0,1
"E00171446",3,1,2
"E00171447",1,0,1
"E00171449",0,0,0
"E00171450",0,0,0
"E00171451",2,1,1
"E00171452",6,3,3
"E00171453",2,0,2
"E00171454",1,1,0
"E00171455",5,1,4
"E00171456",1,0,1
"E00171457",2,1,1
"E00171458",0,0,0
"E00171459",0,0,0
"E00171460",2,0,2
"E00171461",2,2,0
"E00171462",3,3,0
"E00171463",1,0,1
"E00171464",9,6,3
"E00171465",5,4,1
"E00171466",4,0,4
"E00171467",1,1,0
"E00171468",1,0,1
"E00171469",2,0,2
"E00171470",2,1,1
"E00171471",5,3,2
"E00171472",1,0,1
"E00171473",2,1,1
"E00171474",0,0,0
"E00171475",0,0,0
"E00171476",2,0,2
"E00171477",3,1,2
"E00171478",1,1,0
"E00171479",3,1,2
"E00171480",4,1,3
"E00171481",0,0,0
"E00171483",2,0,2
"E00171484",0,0,0
"E00171486",1,0,1
"E00171488",0,0,0
"E00171489",0,0,0
"E00171491",3,1,2
"E00171492",1,1,0
"E00171494",6,3,3
"E00171495",7,2,5
"E00171497",7,4,3
"E00171498",2,0,2
"E00171500",2,1,1
"E00171502",9,5,4
"E00171503",0,0,0
"E00171505",5,3,2
"E00171506",2,0,2
"E00171508",0,0,0
"E00171509",0,0,0
"E00171511",3,2,1
"E00171512",1,0,1
"E00171514",0,0,0
"E00171516",1,1,0
"E00171517",1,1,0
"E00171519",0,0,0
"E00171520",4,3,1
"E00171521",5,3,2
"E00171522",2,2,0
"E00171523",3,2,1
"E00171524",1,1,0
"E00171525",1,0,1
"E00171526",0,0,0
"E00171527",0,0,0
"E00171528",0,0,0
"E00171529",0,0,0
"E00171530",0,0,0
"E00171531",3,1,2
"E00171532",5,2,3
"E00171533",17,3,14
"E00171534",5,3,2
"E00171535",3,0,3
"E00171536",4,0,4
"E00171537",1,0,1
"E00171538",5,1,4
"E00171539",0,0,0
"E00171540",4,2,2
"E00171541",6,2,4
"E00171542",2,0,2
"E00171543",0,0,0
"E00171544",1,0,1
"E00171545",1,0,1
"E00171546",0,0,0
"E00171547",8,2,6
"E00171548",5,3,2
"E00171549",0,0,0
"E00171550",0,0,0
"E00171551",1,1,0
"E00171552",0,0,0
"E00171553",5,2,3
"E00171554",3,1,2
"E00171555",0,0,0
"E00171556",6,2,4
"E00171557",13,9,4
"E00171558",2,0,2
"E00171559",0,0,0
"E00171560",1,0,1
"E00171561",3,3,0
"E00171562",0,0,0
"E00171563",3,1,2
"E00171564",5,3,2
"E00171565",4,3,1
"E00171566",5,4,1
"E00171567",5,1,4
"E00171568",2,1,1
"E00171569",4,3,1
"E00171570",16,7,9
"E00171571",1,0,1
"E00171572",2,1,1
"E00171573",1,1,0
"E00171574",0,0,0
"E00171575",1,1,0
"E00171576",1,0,1
"E00171577",6,2,4
"E00171578",2,2,0
"E00171579",4,2,2
"E00171580",4,1,3
"E00171581",4,3,1
"E00171582",6,5,1
"E00171583",2,0,2
"E00171584",0,0,0
"E00171585",4,1,3
"E00171586",6,5,1
"E00171587",1,0,1
"E00171588",0,0,0
"E00171589",0,0,0
"E00171590",2,0,2
"E00171591",4,1,3
"E00171592",2,0,2
"E00171593",4,1,3
"E00171594",3,2,1
"E00171595",3,2,1
"E00171596",1,0,1
"E00171597",6,2,4
"E00171598",5,4,1
"E00171599",2,0,2
"E00171600",0,0,0
"E00171601",1,1,0
"E00171602",5,3,2
"E00171603",5,1,4
"E00171604",0,0,0
"E00171605",0,0,0
"E00171606",0,0,0
"E00171607",0,0,0
"E00171608",3,1,2
"E00171609",5,2,3
"E00171610",2,2,0
"E00171611",3,2,1
"E00171612",4,3,1
"E00171613",4,2,2
"E00171614",1,0,1
"E00171615",6,5,1
"E00171616",1,0,1
"E00171617",11,4,7
"E00171618",1,1,0
"E00171619",1,1,0
"E00171620",4,1,3
"E00171621",3,1,2
"E00171622",0,0,0
"E00171623",9,4,5
"E00171624",2,2,0
"E00171625",0,0,0
"E00171626",1,0,1
"E00171627",7,2,5
"E00171628",3,1,2
"E00171629",3,3,0
"E00171630",1,0,1
"E00171631",1,0,1
"E00171632",2,1,1
"E00171633",1,0,1
"E00171634",1,1,0
"E00171635",0,0,0
"E00171636",2,2,0
"E00171637",4,1,3
"E00171638",3,1,2
"E00171639",4,3,1
"E00171640",0,0,0
"E00171641",2,1,1
"E00171642",5,2,3
"E00171643",0,0,0
"E00171644",0,0,0
"E00171645",1,0,1
"E00171646",2,2,0
"E00171647",3,2,1
"E00171648",1,0,1
"E00171649",4,0,4
"E00171650",1,1,0
"E00171651",16,5,11
"E00171652",1,0,1
"E00171653",3,1,2
"E00171654",5,2,3
"E00171655",0,0,0
"E00171656",5,3,2
"E00171657",1,0,1
"E00171658",23,13,10
"E00171659",0,0,0
"E00171660",4,1,3
"E00171661",0,0,0
"E00171662",0,0,0
"E00171663",3,0,3
"E00171664",1,1,0
"E00171665",0,0,0
"E00171666",0,0,0
"E00171667",4,4,0
"E00171668",13,8,5
"E00171669",1,0,1
"E00171670",0,0,0
"E00171671",1,0,1
"E00171672",11,7,4
"E00171673",0,0,0
"E00171674",2,1,1
"E00171675",3,2,1
"E00171676",0,0,0
"E00171677",0,0,0
"E00171678",4,1,3
"E00171679",3,3,0
"E00171680",0,0,0
"E00171681",2,1,1
"E00171682",0,0,0
"E00171683",3,1,2
"E00171684",6,3,3
"E00171685",0,0,0
"E00171686",3,1,2
"E00171687",2,0,2
"E00171688",2,1,1
"E00171689",3,0,3
"E00171690",0,0,0
"E00171691",4,3,1
"E00171692",0,0,0
"E00171693",10,6,4
"E00171694",7,3,4
"E00171695",0,0,0
"E00171696",2,0,2
"E00171697",3,2,1
"E00171698",9,4,5
"E00171699",2,0,2
"E00171700",2,0,2
"E00171701",6,5,1
"E00171702",3,1,2
"E00171703",0,0,0
"E00171704",0,0,0
"E00171705",10,2,8
"E00171706",3,3,0
"E00171707",15,9,6
"E00171708",2,0,2
"E00171709",4,1,3
"E00171710",11,7,4
"E00171711",1,0,1
"E00171712",0,0,0
"E00171713",2,1,1
"E00171714",3,0,3
"E00171715",10,5,5
"E00171716",8,4,4
"E00171717",1,1,0
"E00171718",2,0,2
"E00171719",8,5,3
"E00171721",0,0,0
"E00171722",0,0,0
"E00171724",3,2,1
"E00171725",1,1,0
"E00171727",1,1,0
"E00171729",0,0,0
"E00171730",1,0,1
"E00171732",1,1,0
"E00171733",19,11,8
"E00171735",14,6,8
"E00171736",0,0,0
"E00171738",3,1,2
"E00171739",6,1,5
"E00171741",2,1,1
"E00171743",8,7,1
"E00171744",2,2,0
"E00171746",2,0,2
"E00171747",2,1,1
"E00171749",4,3,1
"E00171750",7,2,5
"E00171752",6,4,2
"E00171753",5,1,4
"E00171755",3,2,1
"E00171757",7,3,4
"E00171758",1,1,0
"E00171760",1,0,1
"E00171761",3,2,1
"E00171763",4,2,2
"E00171764",0,0,0
"E00171766",4,3,1
"E00171767",12,7,5
"E00171769",5,2,3
"E00171771",25,18,7
"E00171772",5,3,2
"E00171774",0,0,0
"E00171775",5,3,2
"E00171777",3,1,2
"E00171778",1,1,0
"E00171780",0,0,0
"E00171781",0,0,0
"E00171783",3,2,1
"E00171785",1,1,0
"E00171786",1,0,1
"E00171788",1,0,1
"E00171789",1,1,0
"E00171791",1,1,0
"E00171792",1,1,0
"E00171794",25,12,13
"E00171795",6,4,2
"E00171797",2,0,2
"E00171799",11,6,5
"E00171800",2,1,1
"E00171802",2,2,0
"E00171803",0,0,0
"E00171805",4,3,1
"E00171806",2,1,1
"E00171808",2,2,0
"E00171809",0,0,0
"E00171811",3,2,1
"E00171813",3,1,2
"E00171814",1,1,0
"E00171816",4,2,2
"E00171817",9,3,6
"E00171819",0,0,0
"E00171820",1,1,0
"E00171822",2,0,2
"E00171823",0,0,0
"E00171825",8,2,6
"E00171827",1,0,1
"E00171828",5,4,1
"E00171830",0,0,0
"E00171831",3,3,0
"E00171833",3,2,1
"E00171834",1,0,1
"E00171836",3,2,1
"E00171837",3,1,2
"E00171839",1,1,0
"E00171841",0,0,0
"E00171842",1,0,1
"E00171844",3,2,1
"E00171845",1,1,0
"E00171847",1,0,1
"E00171848",6,3,3
"E00171850",11,6,5
"E00171851",6,5,1
"E00171853",0,0,0
"E00171855",9,7,2
"E00171856",9,4,5
"E00171858",2,1,1
"E00171859",5,2,3
"E00171861",0,0,0
"E00171862",4,1,3
"E00171864",2,2,0
"E00171865",4,0,4
"E00171867",3,3,0
"E00171869",2,2,0
"E00171870",3,2,1
"E00171872",10,7,3
"E00171873",3,0,3
"E00171875",2,1,1
"E00171876",18,8,10
"E00171878",1,0,1
"E00171879",3,1,2
"E00171881",7,3,4
"E00171882",2,2,0
"E00171883",0,0,0
"E00171884",1,0,1
"E00171885",3,3,0
"E00171886",18,9,9
"E00171887",2,1,1
"E00171888",1,0,1
"E00171889",7,1,6
"E00171890",7,1,6
"E00171891",0,0,0
"E00171892",5,3,2
"E00171893",1,1,0
"E00171894",1,1,0
"E00171895",0,0,0
"E00171896",2,0,2
"E00171897",6,1,5
"E00171898",0,0,0
"E00171899",7,5,2
"E00171900",2,1,1
"E00171901",2,0,2
"E00171902",5,3,2
"E00171903",3,3,0
"E00171904",3,2,1
"E00171905",1,1,0
"E00171906",1,0,1
"E00171907",6,3,3
"E00171908",2,1,1
"E00171909",3,2,1
"E00171910",1,0,1
"E00171911",0,0,0
"E00171912",1,0,1
"E00171913",3,3,0
"E00171914",3,1,2
"E00171915",6,1,5
"E00171916",3,0,3
"E00171917",2,1,1
"E00171918",2,1,1
"E00171919",8,4,4
"E00171920",5,3,2
"E00171921",2,1,1
"E00171922",0,0,0
"E00171923",6,3,3
"E00171924",1,0,1
"E00171925",4,3,1
"E00171926",6,4,2
"E00171927",30,12,18
"E00171928",5,2,3
"E00171929",4,0,4
"E00171930",5,1,4
"E00171931",9,4,5
"E00171932",0,0,0
"E00171933",6,1,5
"E00171934",0,0,0
"E00171935",0,0,0
"E00171936",3,1,2
"E00171937",6,4,2
"E00171938",2,2,0
"E00171939",3,0,3
"E00171940",0,0,0
"E00171942",0,0,0
"E00171943",12,6,6
"E00171945",4,1,3
"E00171946",2,0,2
"E00171948",2,2,0
"E00171949",6,3,3
"E00171951",1,1,0
"E00171953",18,9,9
"E00171954",1,1,0
"E00171956",1,1,0
"E00171957",1,1,0
"E00171959",1,1,0
"E00171960",0,0,0
"E00171962",15,9,6
"E00171963",2,1,1
"E00171965",17,8,9
"E00171967",2,2,0
"E00171968",0,0,0
"E00171970",0,0,0
"E00171971",0,0,0
"E00171973",0,0,0
"E00171974",1,0,1
"E00171976",0,0,0
"E00171977",1,1,0
"E00171978",0,0,0
"E00171979",0,0,0
"E00171980",3,3,0
"E00171981",0,0,0
"E00171982",2,1,1
"E00171983",0,0,0
"E00171984",3,2,1
"E00171985",3,0,3
"E00171986",3,2,1
"E00171987",1,1,0
"E00171988",3,3,0
"E00171989",0,0,0
"E00171990",2,1,1
"E00171991",1,0,1
"E00171992",0,0,0
"E00171993",0,0,0
"E00171994",0,0,0
"E00171995",10,6,4
"E00171996",0,0,0
"E00171997",0,0,0
"E00171998",1,0,1
"E00171999",1,0,1
"E00172000",0,0,0
"E00172001",12,4,8
"E00172002",7,4,3
"E00172003",4,3,1
"E00172004",3,2,1
"E00172005",13,6,7
"E00172006",15,7,8
"E00172007",2,1,1
"E00172008",9,3,6
"E00172009",3,2,1
"E00172010",0,0,0
"E00172011",0,0,0
"E00172012",3,1,2
"E00172013",0,0,0
"E00172014",0,0,0
"E00172015",3,2,1
"E00172016",1,1,0
"E00172017",3,3,0
"E00172018",6,4,2
"E00172019",2,0,2
"E00172020",5,1,4
"E00172021",3,1,2
"E00172022",1,1,0
"E00172023",1,0,1
"E00172024",1,1,0
"E00172025",0,0,0
"E00172026",0,0,0
"E00172027",1,1,0
"E00172028",0,0,0
"E00172029",0,0,0
"E00172030",2,1,1
"E00172031",3,1,2
"E00172032",0,0,0
"E00172033",0,0,0
"E00172034",1,0,1
"E00172035",0,0,0
"E00172036",1,1,0
"E00172037",3,1,2
"E00172038",1,1,0
"E00172039",5,4,1
"E00172040",0,0,0
"E00172041",0,0,0
"E00172042",2,2,0
"E00172043",5,4,1
"E00172044",1,1,0
"E00172045",3,1,2
"E00172046",2,0,2
"E00172047",0,0,0
"E00172048",1,0,1
"E00172049",0,0,0
"E00172050",17,13,4
"E00172051",2,0,2
"E00172052",0,0,0
"E00172053",0,0,0
"E00172054",1,0,1
"E00172055",0,0,0
"E00172056",1,1,0
"E00172057",0,0,0
"E00172058",13,4,9
"E00172059",6,4,2
"E00172060",0,0,0
"E00172061",0,0,0
"E00172062",0,0,0
"E00172063",1,0,1
"E00172064",1,0,1
"E00172065",3,2,1
"E00172066",7,4,3
"E00172067",5,3,2
"E00172068",8,5,3
"E00172069",0,0,0
"E00172070",0,0,0
"E00172071",2,0,2
"E00172072",16,6,10
"E00172073",3,1,2
"E00172074",0,0,0
"E00172075",1,1,0
"E00172076",6,3,3
"E00172077",0,0,0
"E00172078",6,4,2
"E00172079",3,2,1
"E00172080",4,2,2
"E00172081",2,1,1
"E00172082",0,0,0
"E00172083",2,2,0
"E00172084",4,2,2
"E00172085",1,0,1
"E00172086",1,1,0
"E00172087",2,2,0
"E00172088",1,1,0
"E00172089",11,6,5
"E00172090",1,1,0
"E00172091",2,1,1
"E00172092",2,1,1
"E00172093",0,0,0
"E00172094",1,0,1
"E00172095",10,6,4
"E00172096",1,1,0
"E00172097",1,0,1
"E00172098",0,0,0
"E00172099",2,2,0
"E00172100",2,0,2
"E00172101",1,0,1
"E00172102",3,2,1
"E00172103",1,1,0
"E00172104",3,3,0
"E00172105",10,6,4
"E00172106",1,1,0
"E00172107",3,1,2
"E00172108",4,3,1
"E00172109",1,1,0
"E00172110",0,0,0
"E00172111",1,1,0
"E00172112",0,0,0
"E00172113",22,13,9
"E00172114",15,7,8
"E00172115",15,11,4
"E00172116",0,0,0
"E00172117",1,1,0
"E00172118",0,0,0
"E00172119",2,1,1
"E00172120",0,0,0
"E00172121",0,0,0
"E00172122",4,2,2
"E00172123",0,0,0
"E00172124",6,4,2
"E00172125",0,0,0
"E00172126",6,3,3
"E00172127",3,2,1
"E00172128",1,0,1
"E00172130",2,2,0
"E00172131",3,1,2
"E00172133",12,5,7
"E00172134",1,0,1
"E00172135",5,1,4
"E00172136",8,5,3
"E00172137",4,2,2
"E00172138",5,2,3
"E00172139",4,3,1
"E00172140",16,12,4
"E00172141",5,2,3
"E00172142",6,3,3
"E00172143",1,1,0
"E00172144",3,3,0
"E00172145",6,1,5
"E00172146",1,1,0
"E00172147",13,9,4
"E00172148",11,6,5
"E00172149",11,9,2
"E00172150",73,39,34
"E00172151",9,4,5
"E00172152",0,0,0
"E00172153",5,1,4
"E00172154",5,2,3
"E00172155",2,2,0
"E00172156",0,0,0
"E00172157",0,0,0
"E00172158",6,2,4
"E00172159",4,1,3
"E00172160",0,0,0
"E00172161",5,2,3
"E00172162",3,2,1
"E00172163",8,2,6
"E00172164",3,3,0
"E00172165",1,1,0
"E00172166",5,2,3
"E00172167",8,3,5
"E00172168",19,10,9
"E00172169",8,5,3
"E00172170",10,6,4
"E00172171",8,6,2
"E00172172",3,3,0
"E00172173",1,1,0
"E00172174",0,0,0
"E00172175",0,0,0
"E00172176",2,2,0
"E00172177",3,2,1
"E00172178",0,0,0
"E00172179",1,1,0
"E00172180",5,2,3
"E00172181",9,7,2
"E00172182",0,0,0
"E00172183",21,12,9
"E00172184",7,3,4
"E00172185",0,0,0
"E00172186",10,2,8
"E00172187",12,6,6
"E00172188",8,3,5
"E00172189",7,4,3
"E00172190",4,3,1
"E00172191",6,1,5
"E00172192",0,0,0
"E00172193",9,6,3
"E00172194",5,3,2
"E00172195",0,0,0
"E00172196",3,0,3
"E00172197",1,0,1
"E00172198",4,2,2
"E00172199",20,13,7
"E00172200",3,0,3
"E00172201",3,2,1
"E00172202",2,2,0
"E00172203",1,0,1
"E00172204",1,1,0
"E00172205",5,3,2
"E00172206",0,0,0
"E00172207",4,4,0
"E00172208",0,0,0
"E00172209",16,4,12
"E00172210",0,0,0
"E00172211",0,0,0
"E00172212",4,2,2
"E00172213",0,0,0
"E00172214",5,2,3
"E00172215",25,21,4
"E00172216",1,0,1
"E00172217",0,0,0
"E00172218",7,4,3
"E00172219",5,4,1
"E00172220",4,3,1
"E00172221",5,0,5
"E00172222",3,1,2
"E00172223",2,1,1
"E00172224",11,7,4
"E00172225",10,7,3
"E00172226",9,3,6
"E00172227",0,0,0
"E00172228",4,1,3
"E00172229",1,0,1
"E00172230",4,0,4
"E00172231",3,1,2
"E00172232",8,2,6
"E00172233",21,11,10
"E00172234",8,3,5
"E00172235",5,2,3
"E00172236",5,2,3
"E00172237",0,0,0
"E00172238",6,2,4
"E00172239",10,4,6
"E00172240",5,1,4
"E00172241",2,1,1
"E00172242",6,3,3
"E00172243",4,3,1
"E00172244",0,0,0
"E00172245",3,1,2
"E00172246",29,21,8
"E00172247",5,3,2
"E00172248",7,5,2
"E00172249",3,1,2
"E00172250",4,2,2
"E00172251",0,0,0
"E00172252",1,1,0
"E00172253",17,6,11
"E00172254",7,4,3
"E00172255",1,0,1
"E00172256",0,0,0
"E00172257",37,22,15
"E00172258",3,2,1
"E00172259",0,0,0
"E00172260",1,0,1
"E00172261",1,1,0
"E00172262",2,0,2
"E00172263",0,0,0
"E00172264",0,0,0
"E00172265",0,0,0
"E00172266",0,0,0
"E00172267",2,1,1
"E00172268",7,4,3
"E00172269",4,2,2
"E00172270",5,3,2
"E00172271",4,3,1
"E00172272",0,0,0
"E00172273",4,1,3
"E00172274",3,1,2
"E00172275",3,3,0
"E00172276",13,7,6
"E00172277",5,3,2
"E00172278",1,0,1
"E00172279",7,3,4
"E00172280",3,1,2
"E00172281",1,0,1
"E00172282",4,0,4
"E00172283",0,0,0
"E00172284",9,3,6
"E00172285",12,6,6
"E00172286",3,1,2
"E00172287",4,3,1
"E00172288",2,1,1
"E00172289",6,3,3
"E00172290",2,0,2
"E00172291",7,3,4
"E00172292",8,4,4
"E00172293",2,1,1
"E00172294",2,1,1
"E00172295",8,6,2
"E00172296",11,5,6
"E00172297",4,4,0
"E00172298",10,6,4
"E00172299",0,0,0
"E00172300",5,4,1
"E00172301",4,2,2
"E00172302",3,0,3
"E00172303",1,1,0
"E00172304",1,1,0
"E00172305",1,0,1
"E00172306",5,1,4
"E00172307",0,0,0
"E00172308",3,1,2
"E00172309",1,0,1
"E00172310",0,0,0
"E00172311",0,0,0
"E00172312",13,7,6
"E00172313",6,4,2
"E00172314",2,1,1
"E00172315",2,1,1
"E00172316",0,0,0
"E00172317",2,2,0
"E00172318",1,1,0
"E00172319",2,0,2
"E00172320",2,0,2
"E00172321",3,1,2
"E00172322",3,1,2
"E00172323",0,0,0
"E00172324",3,2,1
"E00172325",4,3,1
"E00172326",2,1,1
"E00172327",4,3,1
"E00172328",13,8,5
"E00172329",4,4,0
"E00172330",0,0,0
"E00172331",2,1,1
"E00172332",2,2,0
"E00172333",11,5,6
"E00172334",3,2,1
"E00172335",3,0,3
"E00172336",3,2,1
"E00172337",11,8,3
"E00172338",3,2,1
"E00172339",1,1,0
"E00172340",2,1,1
"E00172341",5,2,3
"E00172342",9,5,4
"E00172343",3,2,1
"E00172344",6,3,3
"E00172345",3,2,1
"E00172346",3,1,2
"E00172347",0,0,0
"E00172348",1,0,1
"E00172349",3,1,2
"E00172350",10,4,6
"E00172351",0,0,0
"E00172352",6,3,3
"E00172353",4,1,3
"E00172354",44,20,24
"E00172355",15,7,8
"E00172356",17,8,9
"E00172357",3,2,1
"E00172358",2,1,1
"E00172359",3,0,3
"E00172360",2,1,1
"E00172361",0,0,0
"E00172362",2,1,1
"E00172363",4,2,2
"E00172364",0,0,0
"E00172365",0,0,0
"E00172366",0,0,0
"E00172367",2,1,1
"E00172368",1,0,1
"E00172369",7,2,5
"E00172370",3,1,2
"E00172371",0,0,0
"E00172372",7,5,2
"E00172373",3,1,2
"E00172374",0,0,0
"E00172375",13,6,7
"E00172376",2,1,1
"E00172377",0,0,0
"E00172378",0,0,0
"E00172379",2,1,1
"E00172380",3,0,3
"E00172381",5,2,3
"E00172382",7,7,0
"E00172383",1,0,1
"E00172384",2,2,0
"E00172385",2,2,0
"E00172386",3,3,0
"E00172387",1,0,1
"E00172388",3,1,2
"E00172389",3,1,2
"E00172390",7,5,2
"E00172391",6,5,1
"E00172392",1,0,1
"E00172393",0,0,0
"E00172394",0,0,0
"E00172395",7,3,4
"E00172396",0,0,0
"E00172397",3,1,2
"E00172398",3,2,1
"E00172399",1,0,1
"E00172400",3,2,1
"E00172401",1,0,1
"E00172402",6,4,2
"E00172403",7,5,2
"E00172404",0,0,0
"E00172405",0,0,0
"E00172406",3,1,2
"E00172407",2,0,2
"E00172408",5,3,2
"E00172409",0,0,0
"E00172410",1,1,0
"E00172411",3,2,1
"E00172412",0,0,0
"E00172413",8,4,4
"E00172414",0,0,0
"E00172415",0,0,0
"E00172416",7,5,2
"E00172417",0,0,0
"E00172418",0,0,0
"E00172419",0,0,0
"E00172420",2,1,1
"E00172421",0,0,0
"E00172422",2,2,0
"E00172423",3,1,2
"E00172424",5,2,3
"E00172425",1,1,0
"E00172426",1,0,1
"E00172427",1,1,0
"E00172428",3,2,1
"E00172429",0,0,0
"E00172430",4,2,2
"E00172431",2,1,1
"E00172432",1,0,1
"E00172433",0,0,0
"E00172434",0,0,0
"E00172435",5,1,4
"E00172436",5,2,3
"E00172437",1,0,1
"E00172438",0,0,0
"E00172439",0,0,0
"E00172440",1,1,0
"E00172441",0,0,0
"E00172442",0,0,0
"E00172443",0,0,0
"E00172444",13,7,6
"E00172445",0,0,0
"E00172446",1,1,0
"E00172447",3,1,2
"E00172448",11,6,5
"E00172449",12,5,7
"E00172450",0,0,0
"E00172451",1,1,0
"E00172452",1,1,0
"E00172453",2,0,2
"E00172454",10,5,5
"E00172455",2,1,1
"E00172456",3,1,2
"E00172457",0,0,0
"E00172458",5,4,1
"E00172459",0,0,0
"E00172460",2,1,1
"E00172461",5,1,4
"E00172462",2,2,0
"E00172463",2,2,0
"E00172464",1,1,0
"E00172465",1,0,1
"E00172466",1,0,1
"E00172467",0,0,0
"E00172468",5,2,3
"E00172469",0,0,0
"E00172470",1,0,1
"E00172471",1,1,0
"E00172472",3,1,2
"E00172473",2,1,1
"E00172474",0,0,0
"E00172475",0,0,0
"E00172476",0,0,0
"E00172477",0,0,0
"E00172478",2,0,2
"E00172479",2,1,1
"E00172480",2,0,2
"E00172481",9,4,5
"E00172482",5,3,2
"E00172483",6,3,3
"E00172484",3,0,3
"E00172485",5,2,3
"E00172486",3,0,3
"E00172487",1,1,0
"E00172488",2,1,1
"E00172489",1,1,0
"E00172490",3,2,1
"E00172491",3,2,1
"E00172492",0,0,0
"E00172493",1,1,0
"E00172494",1,1,0
"E00172495",10,2,8
"E00172496",1,0,1
"E00172497",0,0,0
"E00172498",6,2,4
"E00172499",6,4,2
"E00172500",0,0,0
"E00172501",5,5,0
"E00172502",12,2,10
"E00172503",11,6,5
"E00172504",5,3,2
"E00172505",4,2,2
"E00172506",2,1,1
"E00172507",1,0,1
"E00172508",9,3,6
"E00172509",0,0,0
"E00172510",12,9,3
"E00172511",6,5,1
"E00172512",4,2,2
"E00172513",1,0,1
"E00172514",0,0,0
"E00172515",0,0,0
"E00172516",6,3,3
"E00172517",3,0,3
"E00172518",5,3,2
"E00172519",6,4,2
"E00172520",7,4,3
"E00172521",1,1,0
"E00172522",5,1,4
"E00172523",0,0,0
"E00172524",0,0,0
"E00172525",0,0,0
"E00172526",0,0,0
"E00172527",1,0,1
"E00172528",1,1,0
"E00172529",4,3,1
"E00172530",1,1,0
"E00172531",0,0,0
"E00172532",7,3,4
"E00172533",14,5,9
"E00172534",5,3,2
"E00172535",2,2,0
"E00172536",0,0,0
"E00172537",3,1,2
"E00172538",4,1,3
"E00172539",2,2,0
"E00172540",15,6,9
"E00172541",9,4,5
"E00172542",8,6,2
"E00172543",3,2,1
"E00172544",5,1,4
"E00172545",4,3,1
"E00172546",2,2,0
"E00172547",3,0,3
"E00172548",9,5,4
"E00172549",7,4,3
"E00172550",10,2,8
"E00172551",2,2,0
"E00172552",5,3,2
"E00172553",5,4,1
"E00172554",2,1,1
"E00172555",0,0,0
"E00172556",2,2,0
"E00172557",1,0,1
"E00172559",4,2,2
"E00172561",1,1,0
"E00172562",49,23,26
"E00172564",36,20,16
"E00172565",8,4,4
"E00172567",87,49,38
"E00172568",8,6,2
"E00172570",20,6,14
"E00172571",47,22,25
"E00172573",1,0,1
"E00172575",5,3,2
"E00172576",4,1,3
"E00172578",2,0,2
"E00172579",3,1,2
"E00172581",2,1,1
"E00172582",3,1,2
"E00172584",8,3,5
"E00172585",7,4,3
"E00172587",2,1,1
"E00172589",2,0,2
"E00172590",6,3,3
"E00172592",5,4,1
"E00172593",8,5,3
"E00172595",6,4,2
"E00172596",13,5,8
"E00172598",10,5,5
"E00172599",16,10,6
"E00172600",16,7,9
"E00172601",7,3,4
"E00172602",1,0,1
"E00172603",3,1,2
"E00172604",0,0,0
"E00172605",6,3,3
"E00172606",6,4,2
"E00172607",0,0,0
"E00172608",12,1,11
"E00172609",25,13,12
"E00172610",49,28,21
"E00172611",13,11,2
"E00172612",1,1,0
"E00172613",2,0,2
"E00172614",2,0,2
"E00172615",0,0,0
"E00172616",0,0,0
"E00172617",2,2,0
"E00172618",3,2,1
"E00172619",6,5,1
"E00172620",20,11,9
"E00172621",11,6,5
"E00172622",0,0,0
"E00172623",9,5,4
"E00172624",13,12,1
"E00172625",7,4,3
"E00172626",1,0,1
"E00172627",2,1,1
"E00172628",3,2,1
"E00172629",5,3,2
"E00172631",2,1,1
"E00172632",3,1,2
"E00172634",1,0,1
"E00172635",4,2,2
"E00172637",0,0,0
"E00172638",2,1,1
"E00172640",3,2,1
"E00172641",0,0,0
"E00172643",1,1,0
"E00172645",4,1,3
"E00172646",5,4,1
"E00172648",2,2,0
"E00172649",0,0,0
"E00172651",7,3,4
"E00172652",3,1,2
"E00172654",14,11,3
"E00172655",7,4,3
"E00172657",6,4,2
"E00172659",7,5,2
"E00172660",17,7,10
"E00172662",0,0,0
"E00172663",4,1,3
"E00172665",14,8,6
"E00172666",4,0,4
"E00172668",6,3,3
"E00172669",0,0,0
"E00172671",2,0,2
"E00172673",2,0,2
"E00172674",22,14,8
"E00172676",8,6,2
"E00172677",8,4,4
"E00172679",2,1,1
"E00172680",1,0,1
"E00172682",6,4,2
"E00172683",4,1,3
"E00172685",9,2,7
"E00172687",7,5,2
"E00172688",14,5,9
"E00172690",0,0,0
"E00172691",13,2,11
"E00172693",13,7,6
"E00172694",1,1,0
"E00172696",2,2,0
"E00172697",0,0,0
"E00172699",0,0,0
"E00172701",4,1,3
"E00172702",3,1,2
"E00172704",3,0,3
"E00172705",2,2,0
"E00172707",1,0,1
"E00172708",5,3,2
"E00172710",0,0,0
"E00172711",4,2,2
"E00172713",0,0,0
"E00172715",0,0,0
"E00172716",2,2,0
"E00172718",2,1,1
"E00172719",6,2,4
"E00172721",5,4,1
"E00172722",2,2,0
"E00172724",1,1,0
"E00172725",0,0,0
"E00172727",0,0,0
"E00172729",4,4,0
"E00172730",4,2,2
"E00172732",0,0,0
"E00172733",0,0,0
"E00172735",2,1,1
"E00172736",1,0,1
"E00172738",0,0,0
"E00172739",13,4,9
"E00172741",0,0,0
"E00172743",1,1,0
"E00172744",0,0,0
"E00172745",2,1,1
"E00172746",1,0,1
"E00172747",1,1,0
"E00172748",0,0,0
"E00172749",2,1,1
"E00172750",0,0,0
"E00172751",0,0,0
"E00172752",17,9,8
"E00172753",2,2,0
"E00172754",2,1,1
"E00172755",1,1,0
"E00172756",0,0,0
"E00172757",4,3,1
"E00172758",1,1,0
"E00172759",0,0,0
"E00172760",2,2,0
"E00172761",1,1,0
"E00172762",0,0,0
"E00172763",1,0,1
"E00172764",5,2,3
"E00172765",3,2,1
"E00172766",5,1,4
"E00172767",5,3,2
"E00172768",1,0,1
"E00172769",3,2,1
"E00172770",7,5,2
"E00172771",10,3,7
"E00172772",4,3,1
"E00172773",6,4,2
"E00172774",7,3,4
"E00172775",3,2,1
"E00172776",4,2,2
"E00172777",4,1,3
"E00172778",5,3,2
"E00172779",4,2,2
"E00172780",4,1,3
"E00172781",2,1,1
"E00172782",3,2,1
"E00172783",0,0,0
"E00172784",3,3,0
"E00172785",1,0,1
"E00172786",8,5,3
"E00172787",2,0,2
"E00172788",1,0,1
"E00172789",2,0,2
"E00172790",10,7,3
"E00172791",7,5,2
"E00172792",3,0,3
"E00172793",6,2,4
"E00172794",0,0,0
"E00172795",3,2,1
"E00172796",0,0,0
"E00172797",4,1,3
"E00172798",2,0,2
"E00172799",2,1,1
"E00172800",7,3,4
"E00172801",0,0,0
"E00172802",2,1,1
"E00172803",7,2,5
"E00172804",7,3,4
"E00172805",2,0,2
"E00172806",7,2,5
"E00172807",1,0,1
"E00172808",0,0,0
"E00172809",1,0,1
"E00172810",3,0,3
"E00172811",5,3,2
"E00172812",2,1,1
"E00172813",4,0,4
"E00172814",1,0,1
"E00172815",18,10,8
"E00172816",1,1,0
"E00172817",1,1,0
"E00172818",0,0,0
"E00172819",10,7,3
"E00172820",4,2,2
"E00172821",3,0,3
"E00172822",5,2,3
"E00172823",4,3,1
"E00172824",6,3,3
"E00172825",3,0,3
"E00172826",1,0,1
"E00172828",5,3,2
"E00172830",5,2,3
"E00172831",0,0,0
"E00172833",1,1,0
"E00172834",6,4,2
"E00172836",7,5,2
"E00172837",5,1,4
"E00172839",1,0,1
"E00172840",1,1,0
"E00172842",1,1,0
"E00172844",1,1,0
"E00172845",6,3,3
"E00172847",3,2,1
"E00172848",2,1,1
"E00172850",3,0,3
"E00172851",6,3,3
"E00172853",6,2,4
"E00172854",6,5,1
"E00172856",6,3,3
"E00172858",6,3,3
"E00172859",1,1,0
"E00172861",2,2,0
"E00172862",0,0,0
"E00172864",7,3,4
"E00172865",0,0,0
"E00172867",1,0,1
"E00172868",1,1,0
"E00172870",1,1,0
"E00172872",2,0,2
"E00172873",0,0,0
"E00172875",0,0,0
"E00172876",12,6,6
"E00172878",7,5,2
"E00172879",3,1,2
"E00172881",6,3,3
"E00172882",2,1,1
"E00172884",2,1,1
"E00172886",0,0,0
"E00172887",6,5,1
"E00172889",4,3,1
"E00172890",4,2,2
"E00172892",1,0,1
"E00172893",11,3,8
"E00172895",1,0,1
"E00172896",3,3,0
"E00172898",2,0,2
"E00172899",1,0,1
"E00172900",0,0,0
"E00172901",3,2,1
"E00172902",14,2,12
"E00172903",2,2,0
"E00172904",0,0,0
"E00172905",11,4,7
"E00172906",2,0,2
"E00172907",0,0,0
"E00172908",3,2,1
"E00172909",3,1,2
"E00172910",3,1,2
"E00172911",3,1,2
"E00172912",2,1,1
"E00172913",11,3,8
"E00172914",19,6,13
"E00172915",3,3,0
"E00172916",10,5,5
"E00172917",72,24,48
"E00172918",1,0,1
"E00172920",0,0,0
"E00172921",2,1,1
"E00172923",0,0,0
"E00172924",0,0,0
"E00172926",25,14,11
"E00172928",1,0,1
"E00172929",0,0,0
"E00172931",1,0,1
"E00172932",0,0,0
"E00172934",2,1,1
"E00172935",3,0,3
"E00172937",3,2,1
"E00172938",0,0,0
"E00172940",0,0,0
"E00172942",2,2,0
"E00172943",1,1,0
"E00172945",0,0,0
"E00172946",1,1,0
"E00172948",0,0,0
"E00172949",0,0,0
"E00172951",0,0,0
"E00172952",0,0,0
"E00172954",2,0,2
"E00172956",0,0,0
"E00172957",4,2,2
"E00172959",0,0,0
"E00172960",2,1,1
"E00172962",2,1,1
"E00172963",2,2,0
"E00172965",0,0,0
"E00172966",0,0,0
"E00172968",1,0,1
"E00172970",8,4,4
"E00172971",0,0,0
"E00172973",0,0,0
"E00172974",0,0,0
"E00172976",0,0,0
"E00172977",1,1,0
"E00172979",0,0,0
"E00172980",0,0,0
"E00172982",4,3,1
"E00172984",1,1,0
"E00172985",0,0,0
"E00172987",0,0,0
"E00172988",0,0,0
"E00172990",0,0,0
"E00172991",0,0,0
"E00172993",0,0,0
"E00172994",0,0,0
"E00172996",0,0,0
"E00172998",15,9,6
"E00172999",0,0,0
"E00173001",0,0,0
"E00173002",1,1,0
"E00173004",0,0,0
"E00173005",0,0,0
"E00173007",17,11,6
"E00173008",31,21,10
"E00173010",4,3,1
"E00173012",1,1,0
"E00173013",66,44,22
"E00173015",11,6,5
"E00173016",1,0,1
"E00173018",32,19,13
"E00173019",0,0,0
"E00173021",3,2,1
"E00173022",0,0,0
"E00173024",0,0,0
"E00173026",1,1,0
"E00173027",19,9,10
"E00173029",1,1,0
"E00173030",5,3,2
"E00173032",3,1,2
"E00173033",0,0,0
"E00173035",2,1,1
"E00173036",39,25,14
"E00173038",25,10,15
"E00173040",6,4,2
"E00173041",2,2,0
"E00173043",2,0,2
"E00173044",1,1,0
"E00173046",6,3,3
"E00173047",6,4,2
"E00173049",4,3,1
"E00173050",1,0,1
"E00173052",0,0,0
"E00173054",53,21,32
"E00173055",2,2,0
"E00173057",0,0,0
"E00173058",1,0,1
"E00173060",1,1,0
"E00173061",0,0,0
"E00173063",1,1,0
"E00173064",6,2,4
"E00173066",2,1,1
"E00173068",4,1,3
"E00173069",0,0,0
"E00173071",2,0,2
"E00173072",2,1,1
"E00173074",2,1,1
"E00173075",2,2,0
"E00173077",8,2,6
"E00173078",5,2,3
"E00173080",3,1,2
"E00173082",0,0,0
"E00173083",4,2,2
"E00173085",4,2,2
"E00173086",6,1,5
"E00173088",2,1,1
"E00173089",30,16,14
"E00173091",5,1,4
"E00173092",7,3,4
"E00173094",1,1,0
"E00173096",3,3,0
"E00173097",1,0,1
"E00173099",3,0,3
"E00173100",1,1,0
"E00173102",2,0,2
"E00173103",2,2,0
"E00173105",4,4,0
"E00173106",2,1,1
"E00173108",1,1,0
"E00173110",2,1,1
"E00173111",3,1,2
"E00173113",2,1,1
"E00173114",1,1,0
"E00173116",1,0,1
"E00173117",1,0,1
"E00173119",2,0,2
"E00173120",3,3,0
"E00173122",1,0,1
"E00173124",7,3,4
"E00173125",6,1,5
"E00173126",0,0,0
"E00173127",3,1,2
"E00173128",0,0,0
"E00173129",4,1,3
"E00173130",3,3,0
"E00173131",8,6,2
"E00173132",0,0,0
"E00173133",1,0,1
"E00173134",10,6,4
"E00173135",25,18,7
"E00173136",4,3,1
"E00173137",3,1,2
"E00173138",1,1,0
"E00173139",4,2,2
"E00173140",2,1,1
"E00173141",1,1,0
"E00173142",0,0,0
"E00173143",0,0,0
"E00173144",0,0,0
"E00173145",4,3,1
"E00173146",2,1,1
"E00173147",5,3,2
"E00173148",3,3,0
"E00173149",0,0,0
"E00173150",0,0,0
"E00173151",0,0,0
"E00173152",4,2,2
"E00173153",6,4,2
"E00173154",6,2,4
"E00173155",5,2,3
"E00173156",3,0,3
"E00173157",0,0,0
"E00173158",0,0,0
"E00173159",3,1,2
"E00173160",1,0,1
"E00173161",0,0,0
"E00173162",4,2,2
"E00173163",2,1,1
"E00173164",3,2,1
"E00173165",1,0,1
"E00173166",9,5,4
"E00173167",0,0,0
"E00173168",10,5,5
"E00173169",0,0,0
"E00173170",18,3,15
"E00173171",0,0,0
"E00173172",6,5,1
"E00173173",0,0,0
"E00173174",10,4,6
"E00173175",0,0,0
"E00173176",2,2,0
"E00173177",1,0,1
"E00173178",0,0,0
"E00173179",11,5,6
"E00173180",8,6,2
"E00173181",31,28,3
"E00173182",6,3,3
"E00173183",4,3,1
"E00173184",4,3,1
"E00173185",10,9,1
"E00173186",13,7,6
"E00173187",9,4,5
"E00173188",13,8,5
"E00173189",8,5,3
"E00173190",5,0,5
"E00173191",5,4,1
"E00173192",0,0,0
"E00173193",0,0,0
"E00173194",3,2,1
"E00173195",2,1,1
"E00173196",1,0,1
"E00173197",1,0,1
"E00173198",7,3,4
"E00173199",5,1,4
"E00173200",0,0,0
"E00173201",3,3,0
"E00173202",3,0,3
"E00173203",1,0,1
"E00173204",4,3,1
"E00173205",12,4,8
"E00173206",2,1,1
"E00173207",52,46,6
"E00173209",8,6,2
"E00173211",0,0,0
"E00173212",5,4,1
"E00173214",1,0,1
"E00173215",8,3,5
"E00173217",0,0,0
"E00173218",3,1,2
"E00173220",4,2,2
"E00173221",0,0,0
"E00173223",1,0,1
"E00173225",2,0,2
"E00173226",1,1,0
"E00173228",2,0,2
"E00173229",30,13,17
"E00173231",3,0,3
"E00173232",0,0,0
"E00173234",1,1,0
"E00173235",7,3,4
"E00173237",2,1,1
"E00173239",1,1,0
"E00173240",3,2,1
"E00173242",4,2,2
"E00173243",0,0,0
"E00173245",4,4,0
"E00173246",4,0,4
"E00173248",5,3,2
"E00173249",3,0,3
"E00173251",3,2,1
"E00173253",2,2,0
"E00173254",6,2,4
"E00173256",1,1,0
"E00173257",1,0,1
"E00173259",12,6,6
"E00173260",2,0,2
"E00173262",0,0,0
"E00173263",4,0,4
"E00173265",2,1,1
"E00173267",2,0,2
"E00173268",3,0,3
"E00173270",7,3,4
"E00173271",3,1,2
"E00173273",8,4,4
"E00173274",0,0,0
"E00173276",6,3,3
"E00173277",6,4,2
"E00173279",7,4,3
"E00173281",5,4,1
"E00173282",2,1,1
"E00173284",0,0,0
"E00173285",3,2,1
"E00173287",3,1,2
"E00173288",0,0,0
"E00173290",0,0,0
"E00173291",1,1,0
"E00173293",4,3,1
"E00173294",0,0,0
"E00173295",0,0,0
"E00173296",1,0,1
"E00173297",13,11,2
"E00173298",11,4,7
"E00173299",9,6,3
"E00173300",9,5,4
"E00173301",5,0,5
"E00173302",6,4,2
"E00173303",2,1,1
"E00173304",1,1,0
"E00173305",1,1,0
"E00173306",3,2,1
"E00173307",2,1,1
"E00173308",7,6,1
"E00173309",0,0,0
"E00173310",4,2,2
"E00173311",5,2,3
"E00173312",2,0,2
"E00173313",5,3,2
"E00173314",5,2,3
"E00173315",3,1,2
"E00173316",5,3,2
"E00173317",3,1,2
"E00173318",36,29,7
"E00173319",16,10,6
"E00173320",14,9,5
"E00173321",1,1,0
"E00173322",16,9,7
"E00173323",4,4,0
"E00173324",14,9,5
"E00173325",3,3,0
"E00173326",4,1,3
"E00173327",2,1,1
"E00173328",0,0,0
"E00173329",0,0,0
"E00173330",3,2,1
"E00173331",8,5,3
"E00173332",6,4,2
"E00173333",1,1,0
"E00173334",5,2,3
"E00173335",1,1,0
"E00173336",5,2,3
"E00173337",1,1,0
"E00173338",5,1,4
"E00173339",2,1,1
"E00173340",17,11,6
"E00173341",2,1,1
"E00173342",11,6,5
"E00173343",2,1,1
"E00173344",3,2,1
"E00173345",0,0,0
"E00173346",7,5,2
"E00173347",0,0,0
"E00173348",8,4,4
"E00173349",6,4,2
"E00173350",8,4,4
"E00173351",0,0,0
"E00173352",8,4,4
"E00173353",0,0,0
"E00173354",0,0,0
"E00173355",2,2,0
"E00173356",4,2,2
"E00173357",0,0,0
"E00173358",0,0,0
"E00173359",0,0,0
"E00173360",8,5,3
"E00173361",1,1,0
"E00173362",3,0,3
"E00173363",0,0,0
"E00173364",1,0,1
"E00173365",5,3,2
"E00173366",3,0,3
"E00173367",1,0,1
"E00173368",5,1,4
"E00173369",3,0,3
"E00173370",3,1,2
"E00173371",0,0,0
"E00173372",1,0,1
"E00173373",0,0,0
"E00173374",2,2,0
"E00173375",2,0,2
"E00173376",3,1,2
"E00173377",2,1,1
"E00173378",0,0,0
"E00173379",1,0,1
"E00173380",1,1,0
"E00173381",6,2,4
"E00173382",3,1,2
"E00173383",5,3,2
"E00173384",6,3,3
"E00173385",7,4,3
"E00173386",8,6,2
"E00173387",2,2,0
"E00173388",2,2,0
"E00173389",6,3,3
"E00173390",6,2,4
"E00173391",4,1,3
"E00173392",7,3,4
"E00173393",6,5,1
"E00173394",0,0,0
"E00173395",0,0,0
"E00173396",5,2,3
"E00173397",2,0,2
"E00173398",11,4,7
"E00173399",3,2,1
"E00173400",1,1,0
"E00173401",3,2,1
"E00173402",6,3,3
"E00173403",0,0,0
"E00173404",1,1,0
"E00173405",1,1,0
"E00173406",9,4,5
"E00173407",4,0,4
"E00173408",12,6,6
"E00173409",4,0,4
"E00173410",7,5,2
"E00173411",1,0,1
"E00173412",0,0,0
"E00173413",4,3,1
"E00173414",0,0,0
"E00173415",1,0,1
"E00173416",0,0,0
"E00173417",4,2,2
"E00173418",3,1,2
"E00173419",6,5,1
"E00173420",3,0,3
"E00173421",3,2,1
"E00173422",1,1,0
"E00173423",2,1,1
"E00173424",7,2,5
"E00173425",2,1,1
"E00173426",5,2,3
"E00173427",3,0,3
"E00173428",4,2,2
"E00173429",3,1,2
"E00173430",3,2,1
"E00173431",5,2,3
"E00173432",1,0,1
"E00173433",7,6,1
"E00173434",13,8,5
"E00173435",5,3,2
"E00173436",0,0,0
"E00173437",5,2,3
"E00173438",0,0,0
"E00173439",3,2,1
"E00173440",3,1,2
"E00173441",6,4,2
"E00173442",3,0,3
"E00173443",7,2,5
"E00173444",8,5,3
"E00173445",5,4,1
"E00173446",7,5,2
"E00173447",1,1,0
"E00173448",12,4,8
"E00173449",0,0,0
"E00173450",0,0,0
"E00173451",1,1,0
"E00173452",4,3,1
"E00173453",0,0,0
"E00173454",2,1,1
"E00173455",2,1,1
"E00173456",2,0,2
"E00173457",1,0,1
"E00173458",0,0,0
"E00173459",0,0,0
"E00173460",0,0,0
"E00173461",3,0,3
"E00173462",1,1,0
"E00173463",0,0,0
"E00173464",0,0,0
"E00173465",0,0,0
"E00173466",2,1,1
"E00173467",2,1,1
"E00173468",0,0,0
"E00173469",1,1,0
"E00173470",1,0,1
"E00173471",0,0,0
"E00173472",6,2,4
"E00173473",4,3,1
"E00173474",3,1,2
"E00173475",1,1,0
"E00173476",0,0,0
"E00173477",2,1,1
"E00173478",0,0,0
"E00173479",0,0,0
"E00173480",4,1,3
"E00173481",0,0,0
"E00173482",7,3,4
"E00173483",2,1,1
"E00173484",0,0,0
"E00173485",7,2,5
"E00173486",0,0,0
"E00173487",1,0,1
"E00173488",2,0,2
"E00173489",0,0,0
"E00173490",6,3,3
"E00173491",2,1,1
"E00173492",1,0,1
"E00173493",1,0,1
"E00173494",30,18,12
"E00173495",0,0,0
"E00173496",3,3,0
"E00173497",2,0,2
"E00173498",0,0,0
"E00173499",2,0,2
"E00173500",13,8,5
"E00173501",36,19,17
"E00173502",8,3,5
"E00173503",1,1,0
"E00173504",24,14,10
"E00173505",0,0,0
"E00173506",2,0,2
"E00173507",3,2,1
"E00173508",4,4,0
"E00173509",1,0,1
"E00173510",2,0,2
"E00173511",1,1,0
"E00173512",7,3,4
"E00173513",0,0,0
"E00173514",0,0,0
"E00173515",36,22,14
"E00173516",7,6,1
"E00173517",2,2,0
"E00173518",1,1,0
"E00173519",0,0,0
"E00173520",1,0,1
"E00173521",3,3,0
"E00173522",1,0,1
"E00173523",1,0,1
"E00173524",2,1,1
"E00173525",0,0,0
"E00173526",0,0,0
"E00173527",0,0,0
"E00173528",4,2,2
"E00173529",5,1,4
"E00173530",2,1,1
"E00173531",0,0,0
"E00173532",1,1,0
"E00173533",54,36,18
"E00173534",0,0,0
"E00173535",1,1,0
"E00173536",2,1,1
"E00173537",4,4,0
"E00173538",7,3,4
"E00173539",6,2,4
"E00173540",25,16,9
"E00173541",0,0,0
"E00173542",4,3,1
"E00173543",18,8,10
"E00173544",10,3,7
"E00173545",10,5,5
"E00173546",2,0,2
"E00173547",2,0,2
"E00173548",0,0,0
"E00173549",5,3,2
"E00173550",0,0,0
"E00173551",4,4,0
"E00173552",22,13,9
"E00173553",0,0,0
"E00173554",2,0,2
"E00173555",28,10,18
"E00173556",0,0,0
"E00173557",25,15,10
"E00173558",0,0,0
"E00173559",0,0,0
"E00173560",8,5,3
"E00173561",5,3,2
"E00173562",3,1,2
"E00173563",7,4,3
"E00173564",5,2,3
"E00173565",5,2,3
"E00173566",3,2,1
"E00173567",2,0,2
"E00173568",0,0,0
"E00173569",0,0,0
"E00173570",0,0,0
"E00173571",0,0,0
"E00173572",5,2,3
"E00173573",2,2,0
"E00173574",7,2,5
"E00173575",16,3,13
"E00173576",1,0,1
"E00173577",4,3,1
"E00173578",0,0,0
"E00173579",6,3,3
"E00173580",3,2,1
"E00173581",1,0,1
"E00173582",6,2,4
"E00173583",4,1,3
"E00173584",3,3,0
"E00173585",14,9,5
"E00173586",13,4,9
"E00173587",0,0,0
"E00173588",0,0,0
"E00173589",3,1,2
"E00173590",0,0,0
"E00173591",9,4,5
"E00173592",8,6,2
"E00173593",2,1,1
"E00173594",3,0,3
"E00173595",7,1,6
"E00173596",5,2,3
"E00173597",5,3,2
"E00173598",3,2,1
"E00173599",8,5,3
"E00173600",1,1,0
"E00173601",3,1,2
"E00173602",1,1,0
"E00173603",7,3,4
"E00173604",3,2,1
"E00173606",2,1,1
"E00173607",1,0,1
"E00173609",0,0,0
"E00173610",3,2,1
"E00173612",0,0,0
"E00173613",3,2,1
"E00173615",2,0,2
"E00173616",0,0,0
"E00173618",1,0,1
"E00173620",0,0,0
"E00173621",2,2,0
"E00173623",1,0,1
"E00173624",4,3,1
"E00173626",2,1,1
"E00173627",4,3,1
"E00173629",5,2,3
"E00173630",0,0,0
"E00173631",7,3,4
"E00173632",42,20,22
"E00173633",2,0,2
"E00173634",41,25,16
"E00173635",5,0,5
"E00173636",0,0,0
"E00173637",4,3,1
"E00173638",0,0,0
"E00173639",1,1,0
"E00173640",4,2,2
"E00173641",8,3,5
"E00173642",4,3,1
"E00173643",6,4,2
"E00173644",0,0,0
"E00173645",1,1,0
"E00173646",0,0,0
"E00173647",0,0,0
"E00173648",2,2,0
"E00173649",0,0,0
"E00173650",3,2,1
"E00173651",1,1,0
"E00173652",1,0,1
"E00173653",1,1,0
"E00173654",8,5,3
"E00173655",4,2,2
"E00173657",2,0,2
"E00173658",3,3,0
"E00173660",2,0,2
"E00173662",0,0,0
"E00173663",1,1,0
"E00173665",0,0,0
"E00173666",7,4,3
"E00173668",3,1,2
"E00173669",5,4,1
"E00173671",4,3,1
"E00173672",11,4,7
"E00173674",14,5,9
"E00173676",1,1,0
"E00173677",0,0,0
"E00173679",1,1,0
"E00173680",1,0,1
"E00173682",1,1,0
"E00173683",3,1,2
"E00173685",6,3,3
"E00173686",3,1,2
"E00173688",4,3,1
"E00173690",5,3,2
"E00173691",5,2,3
"E00173693",0,0,0
"E00173694",4,1,3
"E00173696",18,10,8
"E00173697",4,3,1
"E00173699",6,3,3
"E00173700",4,1,3
"E00173702",3,2,1
"E00173704",2,1,1
"E00173705",0,0,0
"E00173707",2,0,2
"E00173708",2,1,1
"E00173710",1,1,0
"E00173711",6,5,1
"E00173712",5,3,2
"E00173713",0,0,0
"E00173714",5,3,2
"E00173715",0,0,0
"E00173716",0,0,0
"E00173717",4,0,4
"E00173718",7,2,5
"E00173719",1,1,0
"E00173720",0,0,0
"E00173721",1,0,1
"E00173722",3,1,2
"E00173723",3,1,2
"E00173724",4,2,2
"E00173725",6,1,5
"E00173726",3,0,3
"E00173727",3,2,1
"E00173728",1,0,1
"E00173729",8,4,4
"E00173730",0,0,0
"E00173731",2,1,1
"E00173732",3,1,2
"E00173733",3,2,1
"E00173734",2,1,1
"E00173735",2,1,1
"E00173736",3,2,1
"E00173737",1,1,0
"E00173738",0,0,0
"E00173739",1,0,1
"E00173740",3,1,2
"E00173741",6,2,4
"E00173742",4,3,1
"E00173743",0,0,0
"E00173744",3,2,1
"E00173745",10,5,5
"E00173746",6,3,3
"E00173747",10,4,6
"E00173748",0,0,0
"E00173749",8,3,5
"E00173750",10,1,9
"E00173751",11,6,5
"E00173752",4,2,2
"E00173753",2,0,2
"E00173754",2,1,1
"E00173755",9,2,7
"E00173756",7,4,3
"E00173757",3,0,3
"E00173758",2,0,2
"E00173759",3,2,1
"E00173760",4,3,1
"E00173761",0,0,0
"E00173762",3,1,2
"E00173763",6,4,2
"E00173764",1,0,1
"E00173765",2,0,2
"E00173766",0,0,0
"E00173767",5,2,3
"E00173768",21,10,11
"E00173769",2,1,1
"E00173770",0,0,0
"E00173771",6,2,4
"E00173772",1,1,0
"E00173773",1,0,1
"E00173774",6,3,3
"E00173775",7,3,4
"E00173776",4,3,1
"E00173777",1,1,0
"E00173778",4,1,3
"E00173779",9,6,3
"E00173780",8,5,3
"E00173781",8,5,3
"E00173782",1,0,1
"E00173783",10,6,4
"E00173784",1,1,0
"E00173785",5,3,2
"E00173786",2,2,0
"E00173787",4,3,1
"E00173788",3,2,1
"E00173789",2,1,1
"E00173790",1,0,1
"E00173791",10,5,5
"E00173792",1,1,0
"E00173793",7,2,5
"E00173794",4,4,0
"E00173795",1,1,0
"E00173796",11,5,6
"E00173797",2,1,1
"E00173798",1,0,1
"E00173799",3,1,2
"E00173800",2,0,2
"E00173801",2,0,2
"E00173802",1,0,1
"E00173803",5,5,0
"E00173804",3,2,1
"E00173805",5,5,0
"E00173806",7,4,3
"E00173807",4,1,3
"E00173808",5,3,2
"E00173809",6,2,4
"E00173810",0,0,0
"E00173811",3,1,2
"E00173812",1,1,0
"E00173813",2,2,0
"E00173814",0,0,0
"E00173815",5,2,3
"E00173816",2,1,1
"E00173817",0,0,0
"E00173818",2,0,2
"E00173819",7,3,4
"E00173820",10,5,5
"E00173821",8,4,4
"E00173822",3,1,2
"E00173823",2,1,1
"E00173824",8,5,3
"E00173825",5,2,3
"E00173826",8,5,3
"E00173827",2,0,2
"E00173828",4,2,2
"E00173829",4,3,1
"E00173830",0,0,0
"E00173831",6,3,3
"E00173832",2,1,1
"E00173833",9,6,3
"E00173834",4,1,3
"E00173835",1,0,1
"E00173836",3,1,2
"E00173837",1,0,1
"E00173838",8,2,6
"E00173839",99,42,57
"E00173840",1,0,1
"E00173841",0,0,0
"E00173842",5,3,2
"E00173843",3,0,3
"E00173844",5,2,3
"E00173845",7,3,4
"E00173846",6,2,4
"E00173847",0,0,0
"E00173848",3,1,2
"E00173849",2,1,1
"E00173850",2,1,1
"E00173851",0,0,0
"E00173852",2,2,0
"E00173853",1,1,0
"E00173854",1,1,0
"E00173855",3,1,2
"E00173856",5,3,2
"E00173857",0,0,0
"E00173858",1,0,1
"E00173859",0,0,0
"E00173860",0,0,0
"E00173861",1,1,0
"E00173862",7,3,4
"E00173863",7,4,3
"E00173864",3,2,1
"E00173865",0,0,0
"E00173866",2,0,2
"E00173867",1,0,1
"E00173868",1,0,1
"E00173869",4,3,1
"E00173870",3,2,1
"E00173871",2,0,2
"E00173872",1,0,1
"E00173873",5,2,3
"E00173874",1,1,0
"E00173875",10,6,4
"E00173876",4,2,2
"E00173877",1,1,0
"E00173878",3,2,1
"E00173879",8,3,5
"E00173880",2,0,2
"E00173881",4,2,2
"E00173882",0,0,0
"E00173883",7,1,6
"E00173884",9,4,5
"E00173885",0,0,0
"E00173886",5,3,2
"E00173887",1,0,1
"E00173888",5,2,3
"E00173889",0,0,0
"E00173890",1,1,0
"E00173891",4,3,1
"E00173892",2,1,1
"E00173893",1,0,1
"E00173894",9,3,6
"E00173895",4,3,1
"E00173896",1,1,0
"E00173897",1,0,1
"E00173898",7,6,1
"E00173899",3,2,1
"E00173900",0,0,0
"E00173901",4,1,3
"E00173902",1,0,1
"E00173903",1,0,1
"E00173904",4,1,3
"E00173905",3,1,2
"E00173906",2,1,1
"E00173907",0,0,0
"E00173908",4,4,0
"E00173909",4,1,3
"E00173910",4,3,1
"E00173911",1,0,1
"E00173912",6,3,3
"E00173913",1,1,0
"E00173914",7,4,3
"E00173915",0,0,0
"E00173916",1,1,0
"E00173917",1,1,0
"E00173918",0,0,0
"E00173919",6,3,3
"E00173920",1,0,1
"E00173921",2,0,2
"E00173922",1,0,1
"E00173923",0,0,0
"E00173924",4,2,2
"E00173925",0,0,0
"E00173926",8,3,5
"E00173927",0,0,0
"E00173928",3,1,2
"E00173929",0,0,0
"E00173930",0,0,0
"E00173931",1,0,1
"E00173932",6,1,5
"E00173933",1,0,1
"E00173934",1,1,0
"E00173935",0,0,0
"E00173936",2,2,0
"E00173937",0,0,0
"E00173938",1,1,0
"E00173939",1,0,1
"E00173940",9,6,3
"E00173941",12,5,7
"E00173942",2,2,0
"E00173943",1,1,0
"E00173944",2,0,2
"E00173945",1,0,1
"E00173946",2,1,1
"E00173947",5,2,3
"E00173948",7,3,4
"E00173949",6,4,2
"E00173950",4,2,2
"E00173951",9,5,4
"E00173952",0,0,0
"E00173953",0,0,0
"E00173954",4,3,1
"E00173955",2,1,1
"E00173956",0,0,0
"E00173957",2,1,1
"E00173958",2,2,0
"E00173959",2,2,0
"E00173960",0,0,0
"E00173961",5,3,2
"E00173962",3,1,2
"E00173963",6,3,3
"E00173964",0,0,0
"E00173965",2,2,0
"E00173966",1,1,0
"E00173967",1,0,1
"E00173968",1,1,0
"E00173969",1,1,0
"E00173970",1,0,1
"E00173971",6,2,4
"E00173972",3,2,1
"E00173973",0,0,0
"E00173974",0,0,0
"E00173975",3,2,1
"E00173976",0,0,0
"E00173977",4,3,1
"E00173978",5,4,1
"E00173979",6,1,5
"E00173980",2,1,1
"E00173981",2,0,2
"E00173982",5,3,2
"E00173983",1,1,0
"E00173984",3,2,1
"E00173985",4,1,3
"E00173986",4,3,1
"E00173987",7,6,1
"E00173988",1,0,1
"E00173989",2,2,0
"E00173990",4,1,3
"E00173991",2,0,2
"E00173992",4,4,0
"E00173993",6,4,2
"E00173994",1,1,0
"E00173995",3,2,1
"E00173996",6,4,2
"E00173997",2,0,2
"E00173998",2,1,1
"E00173999",0,0,0
"E00174000",1,0,1
"E00174001",0,0,0
"E00174002",0,0,0
"E00174003",0,0,0
"E00174004",5,3,2
"E00174005",3,0,3
"E00174006",6,3,3
"E00174007",4,2,2
"E00174008",0,0,0
"E00174010",0,0,0
"E00174011",0,0,0
"E00174013",3,3,0
"E00174015",2,2,0
"E00174016",1,0,1
"E00174018",3,1,2
"E00174019",0,0,0
"E00174021",0,0,0
"E00174022",5,4,1
"E00174024",1,1,0
"E00174025",1,1,0
"E00174027",0,0,0
"E00174029",0,0,0
"E00174030",0,0,0
"E00174032",0,0,0
"E00174033",1,1,0
"E00174035",0,0,0
"E00174036",2,0,2
"E00174038",0,0,0
"E00174039",11,9,2
"E00174041",0,0,0
"E00174043",7,3,4
"E00174044",4,2,2
"E00174046",0,0,0
"E00174047",3,1,2
"E00174049",0,0,0
"E00174050",4,2,2
"E00174052",1,0,1
"E00174053",1,0,1
"E00174055",14,8,6
"E00174057",5,1,4
"E00174058",0,0,0
"E00174060",2,1,1
"E00174061",2,0,2
"E00174062",0,0,0
"E00174063",0,0,0
"E00174064",1,1,0
"E00174065",2,1,1
"E00174066",3,2,1
"E00174067",7,5,2
"E00174068",5,1,4
"E00174069",14,4,10
"E00174070",15,7,8
"E00174071",1,0,1
"E00174072",1,0,1
"E00174073",0,0,0
"E00174074",10,5,5
"E00174075",3,1,2
"E00174076",5,2,3
"E00174077",12,8,4
"E00174078",4,3,1
"E00174079",7,4,3
"E00174080",20,15,5
"E00174081",18,14,4
"E00174082",2,1,1
"E00174083",2,1,1
"E00174084",1,0,1
"E00174085",1,0,1
"E00174086",1,1,0
"E00174087",1,0,1
"E00174088",0,0,0
"E00174089",9,4,5
"E00174090",3,1,2
"E00174091",6,4,2
"E00174092",1,1,0
"E00174093",2,2,0
"E00174094",1,1,0
"E00174095",3,0,3
"E00174096",0,0,0
"E00174097",12,6,6
"E00174098",0,0,0
"E00174099",5,1,4
"E00174100",1,0,1
"E00174101",0,0,0
"E00174102",2,1,1
"E00174103",3,1,2
"E00174104",5,2,3
"E00174105",2,1,1
"E00174106",0,0,0
"E00174107",0,0,0
"E00174108",1,1,0
"E00174109",2,1,1
"E00174110",3,3,0
"E00174111",14,9,5
"E00174112",2,2,0
"E00174113",1,0,1
"E00174114",2,2,0
"E00174115",2,0,2
"E00174116",1,1,0
"E00174117",1,0,1
"E00174118",2,1,1
"E00174119",21,7,14
"E00174120",4,2,2
"E00174121",2,1,1
"E00174122",0,0,0
"E00174123",2,1,1
"E00174124",0,0,0
"E00174125",1,0,1
"E00174126",7,3,4
"E00174127",11,3,8
"E00174128",1,0,1
"E00174129",2,0,2
"E00174130",3,0,3
"E00174131",5,3,2
"E00174132",6,2,4
"E00174133",2,1,1
"E00174134",5,1,4
"E00174135",0,0,0
"E00174136",12,6,6
"E00174137",0,0,0
"E00174138",0,0,0
"E00174139",2,1,1
"E00174140",5,3,2
"E00174141",3,1,2
"E00174142",5,1,4
"E00174143",0,0,0
"E00174144",0,0,0
"E00174145",3,0,3
"E00174146",12,5,7
"E00174147",7,5,2
"E00174148",0,0,0
"E00174149",0,0,0
"E00174150",3,2,1
"E00174151",4,2,2
"E00174152",1,1,0
"E00174153",0,0,0
"E00174154",1,0,1
"E00174155",1,1,0
"E00174156",1,0,1
"E00174157",2,0,2
"E00174158",3,1,2
"E00174159",2,1,1
"E00174160",3,1,2
"E00174161",1,0,1
"E00174162",5,3,2
"E00174163",5,4,1
"E00174164",1,0,1
"E00174165",1,1,0
"E00174166",0,0,0
"E00174167",7,4,3
"E00174168",1,0,1
"E00174169",7,5,2
"E00174170",0,0,0
"E00174171",13,4,9
"E00174172",3,0,3
"E00174173",0,0,0
"E00174174",8,3,5
"E00174175",4,1,3
"E00174176",6,1,5
"E00174177",7,1,6
"E00174178",1,1,0
"E00174179",5,2,3
"E00174180",7,3,4
"E00174181",5,3,2
"E00174182",4,3,1
"E00174183",7,4,3
"E00174184",9,6,3
"E00174185",10,5,5
"E00174186",4,2,2
"E00174187",0,0,0
"E00174188",17,7,10
"E00174189",3,2,1
"E00174190",5,2,3
"E00174191",3,1,2
"E00174192",3,1,2
"E00174193",0,0,0
"E00174194",0,0,0
"E00174195",6,3,3
"E00174196",4,0,4
"E00174197",1,0,1
"E00174198",3,0,3
"E00174199",2,0,2
"E00174200",2,2,0
"E00174201",4,2,2
"E00174202",7,3,4
"E00174203",2,0,2
"E00174204",5,3,2
"E00174205",7,6,1
"E00174206",3,2,1
"E00174207",7,4,3
"E00174208",5,2,3
"E00174209",2,0,2
"E00174210",0,0,0
"E00174211",2,2,0
"E00174212",1,1,0
"E00174213",5,2,3
"E00174214",0,0,0
"E00174215",0,0,0
"E00174217",0,0,0
"E00174218",1,1,0
"E00174220",8,6,2
"E00174221",0,0,0
"E00174223",0,0,0
"E00174225",0,0,0
"E00174226",0,0,0
"E00174228",4,2,2
"E00174229",2,1,1
"E00174231",0,0,0
"E00174232",0,0,0
"E00174234",0,0,0
"E00174235",0,0,0
"E00174237",0,0,0
"E00174239",0,0,0
"E00174240",1,0,1
"E00174242",0,0,0
"E00174243",6,3,3
"E00174245",0,0,0
"E00174246",0,0,0
"E00174248",0,0,0
"E00174249",0,0,0
"E00174251",0,0,0
"E00174253",0,0,0
"E00174254",3,2,1
"E00174256",0,0,0
"E00174257",0,0,0
"E00174259",4,2,2
"E00174260",0,0,0
"E00174262",1,1,0
"E00174263",2,2,0
"E00174265",22,12,10
"E00174266",16,5,11
"E00174267",26,14,12
"E00174268",12,5,7
"E00174269",16,9,7
"E00174270",12,4,8
"E00174271",1,0,1
"E00174272",2,2,0
"E00174273",0,0,0
"E00174274",2,2,0
"E00174275",3,1,2
"E00174276",0,0,0
"E00174277",1,1,0
"E00174278",0,0,0
"E00174279",0,0,0
"E00174280",0,0,0
"E00174281",8,3,5
"E00174282",0,0,0
"E00174283",0,0,0
"E00174284",3,1,2
"E00174285",0,0,0
"E00174286",1,0,1
"E00174287",0,0,0
"E00174288",6,2,4
"E00174289",1,0,1
"E00174290",0,0,0
"E00174291",2,1,1
"E00174292",0,0,0
"E00174293",1,1,0
"E00174294",1,1,0
"E00174295",8,5,3
"E00174296",0,0,0
"E00174297",0,0,0
"E00174298",0,0,0
"E00174299",0,0,0
"E00174300",0,0,0
"E00174301",1,1,0
"E00174302",0,0,0
"E00174303",0,0,0
"E00174304",0,0,0
"E00174305",0,0,0
"E00174306",3,0,3
"E00174307",8,5,3
"E00174308",1,1,0
"E00174309",5,4,1
"E00174310",3,2,1
"E00174311",0,0,0
"E00174312",0,0,0
"E00174313",2,1,1
"E00174314",1,0,1
"E00174315",4,2,2
"E00174316",2,1,1
"E00174317",0,0,0
"E00174318",0,0,0
"E00174319",0,0,0
"E00174320",0,0,0
"E00174321",3,2,1
"E00174322",0,0,0
"E00174323",9,4,5
"E00174324",1,1,0
"E00174325",0,0,0
"E00174326",0,0,0
"E00174327",2,2,0
"E00174328",0,0,0
"E00174329",1,0,1
"E00174330",47,22,25
"E00174331",0,0,0
"E00174332",0,0,0
"E00174333",6,3,3
"E00174334",8,5,3
"E00174335",2,2,0
"E00174336",4,3,1
"E00174337",20,10,10
"E00174338",11,4,7
"E00174339",8,3,5
"E00174340",0,0,0
"E00174341",4,2,2
"E00174342",2,1,1
"E00174343",1,1,0
"E00174344",6,4,2
"E00174345",17,10,7
"E00174346",2,1,1
"E00174347",5,1,4
"E00174348",4,3,1
"E00174349",2,0,2
"E00174350",0,0,0
"E00174352",1,1,0
"E00174354",5,3,2
"E00174355",2,2,0
"E00174357",1,1,0
"E00174358",8,4,4
"E00174360",7,2,5
"E00174361",1,1,0
"E00174363",8,5,3
"E00174364",2,2,0
"E00174366",7,4,3
"E00174368",6,2,4
"E00174369",7,4,3
"E00174371",5,1,4
"E00174372",4,4,0
"E00174374",2,1,1
"E00174375",1,1,0
"E00174377",0,0,0
"E00174378",1,1,0
"E00174380",0,0,0
"E00174382",3,2,1
"E00174383",2,1,1
"E00174385",1,1,0
"E00174386",0,0,0
"E00174388",1,0,1
"E00174389",10,5,5
"E00174391",4,2,2
"E00174392",3,2,1
"E00174394",39,22,17
"E00174396",3,1,2
"E00174397",7,3,4
"E00174399",0,0,0
"E00174400",1,0,1
"E00174402",5,1,4
"E00174403",1,1,0
"E00174405",3,3,0
"E00174406",1,0,1
"E00174408",3,1,2
"E00174410",1,0,1
"E00174411",8,5,3
"E00174413",9,3,6
"E00174414",1,0,1
"E00174416",3,2,1
"E00174417",0,0,0
"E00174419",5,2,3
"E00174420",7,1,6
"E00174422",0,0,0
"E00174424",3,3,0
"E00174425",11,7,4
"E00174427",0,0,0
"E00174428",0,0,0
"E00174430",0,0,0
"E00174431",0,0,0
"E00174433",0,0,0
"E00174434",5,4,1
"E00174436",2,2,0
"E00174438",0,0,0
"E00174439",0,0,0
"E00174441",4,3,1
"E00174442",3,0,3
"E00174444",0,0,0
"E00174445",59,37,22
"E00174447",2,2,0
"E00174448",5,3,2
"E00174450",3,1,2
"E00174452",4,1,3
"E00174453",2,1,1
"E00174455",3,1,2
"E00174456",2,2,0
"E00174458",0,0,0
"E00174459",11,7,4
"E00174461",2,1,1
"E00174462",0,0,0
"E00174464",0,0,0
"E00174466",0,0,0
"E00174467",2,2,0
"E00174469",0,0,0
"E00174470",0,0,0
"E00174472",20,10,10
"E00174473",37,20,17
"E00174475",10,4,6
"E00174476",11,9,2
"E00174478",13,6,7
"E00174480",9,3,6
"E00174481",0,0,0
"E00174483",0,0,0
"E00174484",1,0,1
"E00174486",1,1,0
"E00174487",0,0,0
"E00174489",0,0,0
"E00174490",2,1,1
"E00174492",2,2,0
"E00174494",0,0,0
"E00174495",1,1,0
"E00174497",5,3,2
"E00174498",0,0,0
"E00174500",4,2,2
"E00174501",5,4,1
"E00174503",2,1,1
"E00174504",0,0,0
"E00174506",0,0,0
"E00174508",0,0,0
"E00174509",0,0,0
"E00174511",0,0,0
"E00174512",0,0,0
"E00174514",3,3,0
"E00174515",2,2,0
"E00174517",0,0,0
"E00174518",0,0,0
"E00174520",2,1,1
"E00174522",1,0,1
"E00174523",0,0,0
"E00174525",6,2,4
"E00174526",0,0,0
"E00174528",3,2,1
"E00174529",2,1,1
"E00174531",1,0,1
"E00174532",4,1,3
"E00174534",1,1,0
"E00174536",0,0,0
"E00174537",3,2,1
"E00174539",2,1,1
"E00174540",0,0,0
"E00174542",4,3,1
"E00174543",1,1,0
"E00174545",1,0,1
"E00174546",2,2,0
"E00174548",5,3,2
"E00174550",0,0,0
"E00174551",0,0,0
"E00174553",7,5,2
"E00174554",7,1,6
"E00174556",4,1,3
"E00174557",5,2,3
"E00174558",17,11,6
"E00174559",1,1,0
"E00174560",9,5,4
"E00174561",1,1,0
"E00174562",0,0,0
"E00174563",0,0,0
"E00174564",15,9,6
"E00174565",5,3,2
"E00174566",1,0,1
"E00174567",1,1,0
"E00174568",5,1,4
"E00174569",5,2,3
"E00174570",2,1,1
"E00174571",8,4,4
"E00174572",3,3,0
"E00174573",4,3,1
"E00174574",41,35,6
"E00174575",0,0,0
"E00174576",3,2,1
"E00174577",5,0,5
"E00174578",1,0,1
"E00174579",4,4,0
"E00174580",7,4,3
"E00174581",0,0,0
"E00174582",4,2,2
"E00174583",1,1,0
"E00174584",4,3,1
"E00174585",1,0,1
"E00174586",1,0,1
"E00174587",4,2,2
"E00174588",6,3,3
"E00174589",2,0,2
"E00174590",0,0,0
"E00174591",4,0,4
"E00174592",2,2,0
"E00174593",5,2,3
"E00174594",2,0,2
"E00174595",1,1,0
"E00174596",1,1,0
"E00174597",2,0,2
"E00174598",1,1,0
"E00174599",2,1,1
"E00174600",2,0,2
"E00174601",10,4,6
"E00174602",3,2,1
"E00174603",0,0,0
"E00174604",4,2,2
"E00174605",3,0,3
"E00174606",5,3,2
"E00174607",7,5,2
"E00174608",2,2,0
"E00174609",0,0,0
"E00174610",5,5,0
"E00174611",16,7,9
"E00174612",1,1,0
"E00174613",1,0,1
"E00174614",6,4,2
"E00174615",6,3,3
"E00174616",0,0,0
"E00174617",6,3,3
"E00174618",7,5,2
"E00174619",4,1,3
"E00174620",0,0,0
"E00174621",9,3,6
"E00174622",1,1,0
"E00174623",2,1,1
"E00174624",1,1,0
"E00174625",2,2,0
"E00174626",3,1,2
"E00174627",1,1,0
"E00174628",0,0,0
"E00174629",4,0,4
"E00174630",5,2,3
"E00174631",2,0,2
"E00174632",0,0,0
"E00174633",2,1,1
"E00174634",5,3,2
"E00174635",4,2,2
"E00174636",4,3,1
"E00174637",3,1,2
"E00174638",1,0,1
"E00174639",2,1,1
"E00174640",10,4,6
"E00174641",9,5,4
"E00174642",4,1,3
"E00174643",24,14,10
"E00174644",2,1,1
"E00174645",7,2,5
"E00174646",5,4,1
"E00174647",2,2,0
"E00174648",5,3,2
"E00174649",5,1,4
"E00174650",6,2,4
"E00174651",14,9,5
"E00174652",0,0,0
"E00174653",5,1,4
"E00174654",7,3,4
"E00174655",0,0,0
"E00174656",0,0,0
"E00174657",2,1,1
"E00174658",0,0,0
"E00174659",2,0,2
"E00174660",3,1,2
"E00174661",8,4,4
"E00174662",0,0,0
"E00174663",0,0,0
"E00174664",0,0,0
"E00174665",0,0,0
"E00174666",5,3,2
"E00174667",1,0,1
"E00174668",7,4,3
"E00174669",7,4,3
"E00174670",1,1,0
"E00174671",4,1,3
"E00174672",0,0,0
"E00174673",0,0,0
"E00174674",0,0,0
"E00174675",0,0,0
"E00174676",0,0,0
"E00174677",3,0,3
"E00174678",1,1,0
"E00174679",6,2,4
"E00174680",3,1,2
"E00174681",0,0,0
"E00174682",1,1,0
"E00174683",4,0,4
"E00174684",4,1,3
"E00174685",2,2,0
"E00174686",0,0,0
"E00174687",2,1,1
"E00174688",0,0,0
"E00174689",4,1,3
"E00174690",1,0,1
"E00174691",2,1,1
"E00174692",5,2,3
"E00174693",7,5,2
"E00174694",2,2,0
"E00174695",14,5,9
"E00174696",1,0,1
"E00174697",5,2,3
"E00174698",3,2,1
"E00174699",4,3,1
"E00174700",0,0,0
"E00174701",6,4,2
"E00174702",9,7,2
"E00174703",5,3,2
"E00174704",0,0,0
"E00174705",1,0,1
"E00174706",0,0,0
"E00174707",1,1,0
"E00174708",2,2,0
"E00174709",0,0,0
"E00174710",1,1,0
"E00174711",0,0,0
"E00174712",2,1,1
"E00174713",7,4,3
"E00174714",3,1,2
"E00174715",3,2,1
"E00174716",0,0,0
"E00174717",2,1,1
"E00174718",3,1,2
"E00174719",1,1,0
"E00174720",2,1,1
"E00174721",4,3,1
"E00174722",4,2,2
"E00174723",2,1,1
"E00174724",4,2,2
"E00174725",5,3,2
"E00174726",15,7,8
"E00174727",8,3,5
"E00174728",3,2,1
"E00174729",7,4,3
"E00174730",0,0,0
"E00174731",6,1,5
"E00174733",4,2,2
"E00174735",0,0,0
"E00174736",4,2,2
"E00174738",5,1,4
"E00174739",10,2,8
"E00174741",5,2,3
"E00174742",1,1,0
"E00174744",2,1,1
"E00174745",1,0,1
"E00174747",1,0,1
"E00174749",3,3,0
"E00174750",2,1,1
"E00174752",1,0,1
"E00174753",2,0,2
"E00174755",0,0,0
"E00174756",5,1,4
"E00174758",3,1,2
"E00174759",2,1,1
"E00174761",2,2,0
"E00174763",1,1,0
"E00174764",4,2,2
"E00174766",1,0,1
"E00174767",0,0,0
"E00174769",1,1,0
"E00174770",0,0,0
"E00174772",0,0,0
"E00174773",0,0,0
"E00174775",3,1,2
"E00174777",0,0,0
"E00174778",0,0,0
"E00174780",8,5,3
"E00174781",1,0,1
"E00174783",0,0,0
"E00174784",0,0,0
"E00174786",15,8,7
"E00174787",0,0,0
"E00174789",1,0,1
"E00174791",2,0,2
"E00174792",4,3,1
"E00174794",1,0,1
"E00174795",4,3,1
"E00174797",1,1,0
"E00174798",11,1,10
"E00174800",1,0,1
"E00174801",1,0,1
"E00174803",0,0,0
"E00174805",0,0,0
"E00174806",0,0,0
"E00174808",0,0,0
"E00174809",0,0,0
"E00174811",6,2,4
"E00174812",0,0,0
"E00174814",3,2,1
"E00174815",4,3,1
"E00174817",3,1,2
"E00174819",3,1,2
"E00174820",2,1,1
"E00174822",0,0,0
"E00174823",1,0,1
"E00174825",8,1,7
"E00174826",1,1,0
"E00174828",1,1,0
"E00174829",2,1,1
"E00174831",0,0,0
"E00174833",0,0,0
"E00174834",2,0,2
"E00174836",4,1,3
"E00174837",0,0,0
"E00174839",0,0,0
"E00174840",2,0,2
"E00174842",0,0,0
"E00174843",29,9,20
"E00174845",1,1,0
"E00174847",0,0,0
"E00174848",4,0,4
"E00174850",6,5,1
"E00174851",6,5,1
"E00174853",17,6,11
"E00174854",1,0,1
"E00174856",4,3,1
"E00174857",0,0,0
"E00174859",0,0,0
"E00174861",5,2,3
"E00174862",5,2,3
"E00174864",3,1,2
"E00174865",2,0,2
"E00174866",2,2,0
"E00174867",30,16,14
"E00174868",7,2,5
"E00174869",3,2,1
"E00174870",0,0,0
"E00174871",0,0,0
"E00174872",0,0,0
"E00174873",4,2,2
"E00174874",9,6,3
"E00174875",5,1,4
"E00174876",3,2,1
"E00174877",17,8,9
"E00174878",3,0,3
"E00174879",0,0,0
"E00174880",5,2,3
"E00174881",0,0,0
"E00174882",3,0,3
"E00174883",1,0,1
"E00174884",22,13,9
"E00174885",5,1,4
"E00174886",0,0,0
"E00174887",4,2,2
"E00174888",8,6,2
"E00174889",5,4,1
"E00174890",13,7,6
"E00174891",3,2,1
"E00174892",12,7,5
"E00174893",7,3,4
"E00174894",0,0,0
"E00174895",3,1,2
"E00174896",13,7,6
"E00174897",1,0,1
"E00174898",7,4,3
"E00174899",9,4,5
"E00174900",9,5,4
"E00174901",3,2,1
"E00174902",2,2,0
"E00174903",3,1,2
"E00174904",5,4,1
"E00174905",1,0,1
"E00174906",4,3,1
"E00174907",7,4,3
"E00174908",1,0,1
"E00174909",1,1,0
"E00174910",11,6,5
"E00174911",7,5,2
"E00174912",4,2,2
"E00174913",8,3,5
"E00174914",0,0,0
"E00174915",2,1,1
"E00174916",3,3,0
"E00174917",1,1,0
"E00174918",4,2,2
"E00174919",5,4,1
"E00174920",5,1,4
"E00174921",4,3,1
"E00174922",4,3,1
"E00174923",1,0,1
"E00174924",1,1,0
"E00174925",0,0,0
"E00174926",0,0,0
"E00174927",2,0,2
"E00174928",4,1,3
"E00174929",2,0,2
"E00174930",0,0,0
"E00174931",0,0,0
"E00174932",1,0,1
"E00174933",0,0,0
"E00174934",2,2,0
"E00174935",1,0,1
"E00174936",0,0,0
"E00174937",4,1,3
"E00174938",0,0,0
"E00174939",0,0,0
"E00174940",4,1,3
"E00174941",0,0,0
"E00174942",2,1,1
"E00174943",1,1,0
"E00174944",10,3,7
"E00174945",3,2,1
"E00174946",0,0,0
"E00174947",2,2,0
"E00174948",3,0,3
"E00174949",3,0,3
"E00174950",7,4,3
"E00174951",4,2,2
"E00174952",5,3,2
"E00174953",5,5,0
"E00174954",1,0,1
"E00174955",0,0,0
"E00174956",1,0,1
"E00174957",4,2,2
"E00174958",5,3,2
"E00174959",8,3,5
"E00174960",0,0,0
"E00174961",1,1,0
"E00174962",0,0,0
"E00174963",2,0,2
"E00174964",0,0,0
"E00174965",1,0,1
"E00174966",0,0,0
"E00174967",1,0,1
"E00174968",4,2,2
"E00174969",2,1,1
"E00174970",0,0,0
"E00174971",0,0,0
"E00174972",5,3,2
"E00174973",0,0,0
"E00174974",6,5,1
"E00174975",2,0,2
"E00174976",0,0,0
"E00174977",3,0,3
"E00174978",7,2,5
"E00174979",4,2,2
"E00174980",4,2,2
"E00174981",4,1,3
"E00174982",5,2,3
"E00174983",7,5,2
"E00174984",1,1,0
"E00174985",0,0,0
"E00174986",5,1,4
"E00174987",0,0,0
"E00174988",2,2,0
"E00174989",3,1,2
"E00174990",4,2,2
"E00174991",3,1,2
"E00174992",0,0,0
"E00174993",0,0,0
"E00174994",2,2,0
"E00174995",2,1,1
"E00174996",5,3,2
"E00174997",1,0,1
"E00174998",0,0,0
"E00174999",0,0,0
"E00175000",2,1,1
"E00175001",0,0,0
"E00175002",1,0,1
"E00175003",0,0,0
"E00175004",9,4,5
"E00175005",0,0,0
"E00175006",5,4,1
"E00175007",3,2,1
"E00175008",3,2,1
"E00175009",6,2,4
"E00175010",6,4,2
"E00175011",3,2,1
"E00175012",0,0,0
"E00175013",3,2,1
"E00175014",1,1,0
"E00175015",4,2,2
"E00175016",0,0,0
"E00175017",1,1,0
"E00175018",1,0,1
"E00175019",4,3,1
"E00175020",2,1,1
"E00175021",1,1,0
"E00175022",1,0,1
"E00175023",0,0,0
"E00175024",0,0,0
"E00175025",0,0,0
"E00175026",3,1,2
"E00175027",4,1,3
"E00175028",0,0,0
"E00175029",2,1,1
"E00175030",0,0,0
"E00175031",8,5,3
"E00175032",0,0,0
"E00175033",1,1,0
"E00175034",4,2,2
"E00175035",3,3,0
"E00175036",4,0,4
"E00175037",4,3,1
"E00175038",7,5,2
"E00175039",0,0,0
"E00175040",1,1,0
"E00175041",1,1,0
"E00175042",3,1,2
"E00175043",4,1,3
"E00175044",0,0,0
"E00175045",3,3,0
"E00175046",1,0,1
"E00175047",1,1,0
"E00175048",2,1,1
"E00175049",5,3,2
"E00175050",1,1,0
"E00175051",0,0,0
"E00175052",0,0,0
"E00175053",0,0,0
"E00175054",3,3,0
"E00175055",0,0,0
"E00175056",1,0,1
"E00175057",4,2,2
"E00175058",0,0,0
"E00175059",9,4,5
"E00175060",0,0,0
"E00175061",0,0,0
"E00175062",5,3,2
"E00175063",0,0,0
"E00175064",3,2,1
"E00175065",3,2,1
"E00175066",14,4,10
"E00175067",0,0,0
"E00175068",5,3,2
"E00175069",1,1,0
"E00175070",0,0,0
"E00175071",2,1,1
"E00175072",3,0,3
"E00175073",0,0,0
"E00175074",0,0,0
"E00175075",5,1,4
"E00175076",1,1,0
"E00175077",0,0,0
"E00175078",1,1,0
"E00175079",0,0,0
"E00175080",2,1,1
"E00175081",0,0,0
"E00175082",3,1,2
"E00175083",3,2,1
"E00175084",5,2,3
"E00175085",0,0,0
"E00175086",6,4,2
"E00175087",0,0,0
"E00175088",10,6,4
"E00175089",8,3,5
"E00175090",6,3,3
"E00175091",0,0,0
"E00175092",2,2,0
"E00175093",2,0,2
"E00175094",0,0,0
"E00175095",4,1,3
"E00175096",7,3,4
"E00175097",11,4,7
"E00175098",1,1,0
"E00175099",0,0,0
"E00175100",5,4,1
"E00175101",5,2,3
"E00175102",3,1,2
"E00175103",3,3,0
"E00175104",8,1,7
"E00175105",4,1,3
"E00175106",0,0,0
"E00175107",3,2,1
"E00175108",0,0,0
"E00175109",0,0,0
"E00175110",2,0,2
"E00175111",0,0,0
"E00175112",0,0,0
"E00175113",4,3,1
"E00175114",4,1,3
"E00175115",6,4,2
"E00175116",1,1,0
"E00175117",0,0,0
"E00175118",2,2,0
"E00175119",0,0,0
"E00175120",0,0,0
"E00175121",0,0,0
"E00175122",2,2,0
"E00175123",1,1,0
"E00175124",0,0,0
"E00175125",2,2,0
"E00175126",2,2,0
"E00175127",10,8,2
"E00175128",0,0,0
"E00175129",7,6,1
"E00175130",3,0,3
"E00175131",0,0,0
"E00175132",5,3,2
"E00175133",2,1,1
"E00175134",0,0,0
"E00175135",5,3,2
"E00175136",6,1,5
"E00175137",4,3,1
"E00175138",3,2,1
"E00175139",2,2,0
"E00175140",1,0,1
"E00175141",6,1,5
"E00175142",0,0,0
"E00175143",1,0,1
"E00175144",0,0,0
"E00175145",1,1,0
"E00175146",1,0,1
"E00175147",0,0,0
"E00175148",0,0,0
"E00175149",2,0,2
"E00175150",9,3,6
"E00175151",2,1,1
"E00175152",2,0,2
"E00175153",2,1,1
"E00175154",1,1,0
"E00175155",3,2,1
"E00175156",1,0,1
"E00175157",1,0,1
"E00175158",0,0,0
"E00175159",8,6,2
"E00175160",6,4,2
"E00175161",0,0,0
"E00175162",1,0,1
"E00175163",0,0,0
"E00175164",4,0,4
"E00175165",0,0,0
"E00175166",12,5,7
"E00175167",5,3,2
"E00175168",0,0,0
"E00175169",4,1,3
"E00175170",2,0,2
"E00175171",1,0,1
"E00175172",4,2,2
"E00175173",0,0,0
"E00175174",4,3,1
"E00175175",4,2,2
"E00175176",11,6,5
"E00175177",5,2,3
"E00175178",6,2,4
"E00175179",2,1,1
"E00175180",7,3,4
"E00175181",1,0,1
"E00175182",2,0,2
"E00175183",4,1,3
"E00175184",10,3,7
"E00175185",1,1,0
"E00175186",0,0,0
"E00175187",17,1,16
"E00175188",1,1,0
"E00175189",0,0,0
"E00175190",0,0,0
"E00175191",0,0,0
"E00175192",4,2,2
"E00175193",0,0,0
"E00175194",0,0,0
"E00175195",0,0,0
"E00175196",2,0,2
"E00175197",1,0,1
"E00175198",9,6,3
"E00175199",0,0,0
"E00175200",6,3,3
"E00175201",3,0,3
"E00175202",4,2,2
"E00175203",1,0,1
"E00175204",1,1,0
"E00175205",4,3,1
"E00175206",15,8,7
"E00175207",12,7,5
"E00175208",6,4,2
"E00175209",0,0,0
"E00175210",9,7,2
"E00175211",9,3,6
"E00175212",0,0,0
"E00175213",0,0,0
"E00175214",2,0,2
"E00175215",1,1,0
"E00175216",3,1,2
"E00175217",4,2,2
"E00175218",0,0,0
"E00175219",0,0,0
"E00175220",3,1,2
"E00175221",2,1,1
"E00175222",1,0,1
"E00175223",2,1,1
"E00175224",4,2,2
"E00175225",0,0,0
"E00175226",7,4,3
"E00175227",1,1,0
"E00175228",9,5,4
"E00175229",3,2,1
"E00175230",6,2,4
"E00175231",0,0,0
"E00175232",0,0,0
"E00175233",1,1,0
"E00175234",4,3,1
"E00175235",7,2,5
"E00175236",2,2,0
"E00175237",4,1,3
"E00175238",0,0,0
"E00175239",4,3,1
"E00175240",2,1,1
"E00175241",1,0,1
"E00175242",2,0,2
"E00175243",3,3,0
"E00175244",0,0,0
"E00175245",5,4,1
"E00175246",2,1,1
"E00175247",8,6,2
"E00175248",5,3,2
"E00175249",2,1,1
"E00175250",14,9,5
"E00175251",2,2,0
"E00175252",1,0,1
"E00175253",7,4,3
"E00175254",2,1,1
"E00175255",2,2,0
"E00175256",1,0,1
"E00175257",5,2,3
"E00175258",2,1,1
"E00175259",8,2,6
"E00175260",2,1,1
"E00175261",5,3,2
"E00175262",3,1,2
"E00175263",2,2,0
"E00175264",7,3,4
"E00175265",4,1,3
"E00175266",4,2,2
"E00175267",0,0,0
"E00175268",2,0,2
"E00175269",3,1,2
"E00175270",3,1,2
"E00175271",0,0,0
"E00175272",2,2,0
"E00175273",9,6,3
"E00175274",2,1,1
"E00175275",4,2,2
"E00175276",4,1,3
"E00175277",1,0,1
"E00175278",0,0,0
"E00175279",3,0,3
"E00175280",8,6,2
"E00175281",3,2,1
"E00175282",5,1,4
"E00175283",1,0,1
"E00175284",4,2,2
"E00175285",2,1,1
"E00175286",1,1,0
"E00175287",1,0,1
"E00175288",2,1,1
"E00175289",1,1,0
"E00175290",0,0,0
"E00175291",7,5,2
"E00175292",4,2,2
"E00175293",1,1,0
"E00175294",5,2,3
"E00175295",9,4,5
"E00175296",3,1,2
"E00175297",0,0,0
"E00175298",7,4,3
"E00175299",0,0,0
"E00175300",1,1,0
"E00175301",1,1,0
"E00175302",1,0,1
"E00175303",0,0,0
"E00175304",7,4,3
"E00175305",2,0,2
"E00175306",2,1,1
"E00175307",4,3,1
"E00175308",4,2,2
"E00175309",0,0,0
"E00175310",4,0,4
"E00175311",5,2,3
"E00175312",7,5,2
"E00175313",3,0,3
"E00175314",0,0,0
"E00175315",0,0,0
"E00175316",2,0,2
"E00175317",2,2,0
"E00175318",3,1,2
"E00175319",3,1,2
"E00175320",7,5,2
"E00175321",12,7,5
"E00175322",5,2,3
"E00175323",0,0,0
"E00175324",2,1,1
"E00175325",3,1,2
"E00175326",13,5,8
"E00175327",0,0,0
"E00175328",5,2,3
"E00175329",7,5,2
"E00175330",1,1,0
"E00175331",4,2,2
"E00175332",8,2,6
"E00175333",3,2,1
"E00175334",4,1,3
"E00175335",1,0,1
"E00175336",3,1,2
"E00175337",1,1,0
"E00175338",2,2,0
"E00175339",5,2,3
"E00175340",3,0,3
"E00175341",0,0,0
"E00175342",1,0,1
"E00175343",2,1,1
"E00175344",1,0,1
"E00175345",8,4,4
"E00175346",6,5,1
"E00175347",1,1,0
"E00175348",2,2,0
"E00175349",0,0,0
"E00175350",44,26,18
"E00175351",4,2,2
"E00175352",5,3,2
"E00175353",7,2,5
"E00175354",7,3,4
"E00175355",7,4,3
"E00175356",7,3,4
"E00175357",4,3,1
"E00175358",9,2,7
"E00175359",1,0,1
"E00175360",7,2,5
"E00175361",2,1,1
"E00175362",10,7,3
"E00175363",1,0,1
"E00175364",2,2,0
"E00175365",1,0,1
"E00175366",1,0,1
"E00175367",0,0,0
"E00175368",4,2,2
"E00175369",1,0,1
"E00175370",3,1,2
"E00175371",1,1,0
"E00175372",0,0,0
"E00175373",2,1,1
"E00175374",7,4,3
"E00175375",6,0,6
"E00175376",0,0,0
"E00175377",4,1,3
"E00175378",4,1,3
"E00175379",7,1,6
"E00175380",5,1,4
"E00175381",2,2,0
"E00175382",0,0,0
"E00175383",0,0,0
"E00175384",3,1,2
"E00175385",2,2,0
"E00175386",5,1,4
"E00175387",0,0,0
"E00175388",2,1,1
"E00175389",0,0,0
"E00175390",0,0,0
"E00175391",6,4,2
"E00175392",5,3,2
"E00175393",1,0,1
"E00175394",1,0,1
"E00175395",1,1,0
"E00175396",0,0,0
"E00175397",0,0,0
"E00175398",1,1,0
"E00175399",2,1,1
"E00175400",3,1,2
"E00175401",2,1,1
"E00175402",1,0,1
"E00175403",3,1,2
"E00175404",0,0,0
"E00175405",13,7,6
"E00175406",13,4,9
"E00175407",0,0,0
"E00175408",2,1,1
"E00175409",7,5,2
"E00175410",4,0,4
"E00175411",3,0,3
"E00175412",6,1,5
"E00175413",6,3,3
"E00175414",5,3,2
"E00175415",7,5,2
"E00175416",3,2,1
"E00175417",4,2,2
"E00175418",0,0,0
"E00175419",1,0,1
"E00175420",4,2,2
"E00175421",0,0,0
"E00175422",2,1,1
"E00175423",4,1,3
"E00175424",5,5,0
"E00175425",5,2,3
"E00175426",0,0,0
"E00175427",4,2,2
"E00175428",0,0,0
"E00175429",5,3,2
"E00175430",2,0,2
"E00175431",3,1,2
"E00175432",2,2,0
"E00175433",1,0,1
"E00175434",2,2,0
"E00175435",0,0,0
"E00175436",9,4,5
"E00175437",2,1,1
"E00175438",0,0,0
"E00175439",3,1,2
"E00175440",0,0,0
"E00175441",1,0,1
"E00175442",4,3,1
"E00175443",5,2,3
"E00175444",3,2,1
"E00175445",7,4,3
"E00175446",8,6,2
"E00175447",6,1,5
"E00175448",0,0,0
"E00175449",0,0,0
"E00175450",3,2,1
"E00175451",1,0,1
"E00175452",2,0,2
"E00175453",2,1,1
"E00175454",0,0,0
"E00175455",9,4,5
"E00175456",3,1,2
"E00175457",1,1,0
"E00175458",2,2,0
"E00175459",0,0,0
"E00175460",2,0,2
"E00175461",1,1,0
"E00175462",3,1,2
"E00175463",5,1,4
"E00175464",3,2,1
"E00175465",5,1,4
"E00175466",7,2,5
"E00175467",3,0,3
"E00175468",10,7,3
"E00175469",14,3,11
"E00175470",7,6,1
"E00175471",5,4,1
"E00175472",7,2,5
"E00175473",5,3,2
"E00175474",5,1,4
"E00175475",0,0,0
"E00175476",2,1,1
"E00175477",5,1,4
"E00175478",15,7,8
"E00175479",0,0,0
"E00175480",1,0,1
"E00175481",4,2,2
"E00175482",1,0,1
"E00175483",4,2,2
"E00175484",1,0,1
"E00175485",7,3,4
"E00175486",2,1,1
"E00175487",3,0,3
"E00175488",5,4,1
"E00175489",3,1,2
"E00175490",1,0,1
"E00175491",3,3,0
"E00175492",3,2,1
"E00175493",3,2,1
"E00175494",6,3,3
"E00175495",0,0,0
"E00175496",2,1,1
"E00175497",4,3,1
"E00175498",2,2,0
"E00175499",3,3,0
"E00175500",3,2,1
"E00175501",4,2,2
"E00175502",4,1,3
"E00175503",6,4,2
"E00175504",6,5,1
"E00175505",7,2,5
"E00175506",6,1,5
"E00175507",0,0,0
"E00175508",1,0,1
"E00175509",2,1,1
"E00175510",4,0,4
"E00175511",4,3,1
"E00175512",2,1,1
"E00175513",0,0,0
"E00175514",0,0,0
"E00175515",2,2,0
"E00175516",0,0,0
"E00175517",0,0,0
"E00175518",0,0,0
"E00175519",1,0,1
"E00175520",5,3,2
"E00175521",0,0,0
"E00175522",12,7,5
"E00175523",0,0,0
"E00175524",0,0,0
"E00175525",0,0,0
"E00175526",5,2,3
"E00175527",2,1,1
"E00175528",9,6,3
"E00175529",2,2,0
"E00175530",4,3,1
"E00175531",1,0,1
"E00175532",1,1,0
"E00175533",5,3,2
"E00175534",1,0,1
"E00175535",3,1,2
"E00175536",4,3,1
"E00175537",1,1,0
"E00175538",3,2,1
"E00175539",0,0,0
"E00175540",1,0,1
"E00175541",1,1,0
"E00175542",5,1,4
"E00175543",0,0,0
"E00175544",3,0,3
"E00175545",3,1,2
"E00175546",2,0,2
"E00175547",0,0,0
"E00175548",1,0,1
"E00175549",0,0,0
"E00175550",0,0,0
"E00175551",0,0,0
"E00175552",0,0,0
"E00175553",6,4,2
"E00175554",5,2,3
"E00175555",3,1,2
"E00175556",0,0,0
"E00175557",1,1,0
"E00175558",1,1,0
"E00175559",5,1,4
"E00175560",1,0,1
"E00175561",7,5,2
"E00175562",1,1,0
"E00175563",1,0,1
"E00175564",10,2,8
"E00175565",7,4,3
"E00175566",0,0,0
"E00175567",5,4,1
"E00175568",8,3,5
"E00175569",2,1,1
"E00175570",12,8,4
"E00175571",5,1,4
"E00175572",0,0,0
"E00175573",6,1,5
"E00175574",23,11,12
"E00175575",3,1,2
"E00175576",0,0,0
"E00175577",2,1,1
"E00175578",24,15,9
"E00175579",0,0,0
"E00175580",0,0,0
"E00175581",1,0,1
"E00175582",0,0,0
"E00175583",0,0,0
"E00175584",49,27,22
"E00175585",1,1,0
"E00175586",0,0,0
"E00175587",0,0,0
"E00175588",0,0,0
"E00175589",10,5,5
"E00175590",0,0,0
"E00175591",4,3,1
"E00175592",0,0,0
"E00175593",14,8,6
"E00175594",4,2,2
"E00175595",0,0,0
"E00175596",0,0,0
"E00175597",1,0,1
"E00175598",11,4,7
"E00175599",1,1,0
"E00175600",0,0,0
"E00175601",0,0,0
"E00175602",0,0,0
"E00175603",0,0,0
"E00175604",0,0,0
"E00175605",0,0,0
"E00175606",0,0,0
"E00175607",0,0,0
"E00175608",0,0,0
"E00175609",4,2,2
"E00175610",0,0,0
"E00175611",1,0,1
"E00175612",1,1,0
"E00175613",0,0,0
"E00175614",17,9,8
"E00175615",3,3,0
"E00175616",0,0,0
"E00175617",0,0,0
"E00175618",2,2,0
"E00175619",1,0,1
"E00175620",1,1,0
"E00175621",0,0,0
"E00175622",1,0,1
"E00175623",3,1,2
"E00175624",0,0,0
"E00175625",0,0,0
"E00175626",0,0,0
"E00175627",3,2,1
"E00175628",0,0,0
"E00175629",20,11,9
"E00175630",0,0,0
"E00175631",1,1,0
"E00175632",0,0,0
"E00175633",0,0,0
"E00175634",0,0,0
"E00175635",1,0,1
"E00175636",2,1,1
"E00175637",0,0,0
"E00175638",0,0,0
"E00175639",2,1,1
"E00175640",0,0,0
"E00175641",1,0,1
"E00175642",10,2,8
"E00175643",0,0,0
"E00175644",1,0,1
"E00175645",0,0,0
"E00175646",4,3,1
"E00175647",0,0,0
"E00175648",0,0,0
"E00175649",32,18,14
"E00175650",0,0,0
"E00175651",4,2,2
"E00175652",0,0,0
"E00175653",0,0,0
"E00175654",0,0,0
"E00175655",0,0,0
"E00175656",1,1,0
"E00175657",2,2,0
"E00175658",0,0,0
"E00175659",0,0,0
"E00175660",1,0,1
"E00175661",21,7,14
"E00175662",9,6,3
"E00175663",2,1,1
"E00175664",0,0,0
"E00175665",3,1,2
"E00175666",0,0,0
"E00175667",0,0,0
"E00175668",1,0,1
"E00175669",2,0,2
"E00175670",3,1,2
"E00175671",6,2,4
"E00175672",23,17,6
"E00175673",1,1,0
"E00175674",1,1,0
"E00175675",0,0,0
"E00175676",0,0,0
"E00175677",2,2,0
"E00175678",1,0,1
"E00175679",1,1,0
"E00175680",0,0,0
"E00175681",1,1,0
"E00175682",1,1,0
"E00175683",0,0,0
"E00175684",1,1,0
"E00175685",3,1,2
"E00175686",3,0,3
"E00175687",16,5,11
"E00175688",0,0,0
"E00175689",7,4,3
"E00175690",0,0,0
"E00175691",3,1,2
"E00175692",3,1,2
"E00175693",1,0,1
"E00175694",3,1,2
"E00175695",2,2,0
"E00175696",0,0,0
"E00175697",3,2,1
"E00175698",4,2,2
"E00175699",0,0,0
"E00175700",0,0,0
"E00175701",0,0,0
"E00175702",0,0,0
"E00175703",3,2,1
"E00175704",1,0,1
"E00175705",1,0,1
"E00175706",0,0,0
"E00175707",0,0,0
"E00175708",1,1,0
"E00175709",0,0,0
"E00175710",6,4,2
"E00175711",7,3,4
"E00175712",9,5,4
"E00175713",30,18,12
"E00175714",3,2,1
"E00175715",1,1,0
"E00175716",0,0,0
"E00175717",0,0,0
"E00175718",34,14,20
"E00175719",2,1,1
"E00175720",4,2,2
"E00175721",2,2,0
"E00175722",7,1,6
"E00175723",0,0,0
"E00175724",5,1,4
"E00175725",1,1,0
"E00175726",5,2,3
"E00175727",1,1,0
"E00175728",0,0,0
"E00175729",10,4,6
"E00175730",0,0,0
"E00175731",2,2,0
"E00175732",1,1,0
"E00175733",0,0,0
"E00175734",3,2,1
"E00175735",0,0,0
"E00175736",2,1,1
"E00175737",0,0,0
"E00175738",2,1,1
"E00175739",4,1,3
"E00175740",10,6,4
"E00175741",4,3,1
"E00175742",2,0,2
"E00175743",2,1,1
"E00175744",6,2,4
"E00175745",0,0,0
"E00175746",0,0,0
"E00175747",3,1,2
"E00175748",3,3,0
"E00175749",4,2,2
"E00175750",0,0,0
"E00175751",1,1,0
"E00175752",1,1,0
"E00175753",0,0,0
"E00175754",7,2,5
"E00175755",0,0,0
"E00175756",0,0,0
"E00175757",0,0,0
"E00175758",8,3,5
"E00175759",0,0,0
"E00175760",1,1,0
"E00175761",8,6,2
"E00175762",0,0,0
"E00175763",0,0,0
"E00175764",2,2,0
"E00175765",3,0,3
"E00175766",2,1,1
"E00175767",2,1,1
"E00175768",13,6,7
"E00175769",16,9,7
"E00175770",0,0,0
"E00175771",1,0,1
"E00175772",3,3,0
"E00175773",2,1,1
"E00175774",1,1,0
"E00175775",0,0,0
"E00175776",6,6,0
"E00175777",8,4,4
"E00175778",1,0,1
"E00175779",0,0,0
"E00175780",0,0,0
"E00175781",26,9,17
"E00175782",0,0,0
"E00175783",21,11,10
"E00175784",3,3,0
"E00175785",6,4,2
"E00175786",17,10,7
"E00175787",4,1,3
"E00175788",0,0,0
"E00175789",5,2,3
"E00175790",3,1,2
"E00175791",2,0,2
"E00175792",0,0,0
"E00175793",10,3,7
"E00175794",8,5,3
"E00175795",4,3,1
"E00175796",2,0,2
"E00175797",8,5,3
"E00175798",7,5,2
"E00175799",0,0,0
"E00175800",6,2,4
"E00175801",0,0,0
"E00175802",1,0,1
"E00175803",0,0,0
"E00175804",0,0,0
"E00175805",6,3,3
"E00175806",22,5,17
"E00175807",4,3,1
"E00175808",23,9,14
"E00175809",6,1,5
"E00175810",1,1,0
"E00175811",14,7,7
"E00175812",8,5,3
"E00175813",1,0,1
"E00175814",7,3,4
"E00175815",1,0,1
"E00175816",0,0,0
"E00175817",5,1,4
"E00175818",7,4,3
"E00175819",45,26,19
"E00175820",6,3,3
"E00175821",1,0,1
"E00175822",5,2,3
"E00175823",1,1,0
"E00175824",7,5,2
"E00175825",12,7,5
"E00175826",1,1,0
"E00175827",6,2,4
"E00175828",0,0,0
"E00175829",4,4,0
"E00175830",5,2,3
"E00175831",0,0,0
"E00175832",1,1,0
"E00175833",2,0,2
"E00175834",4,2,2
"E00175835",14,10,4
"E00175836",3,2,1
"E00175837",8,2,6
"E00175838",3,1,2
"E00175839",3,1,2
"E00175840",0,0,0
"E00175841",3,1,2
"E00175842",0,0,0
"E00175843",1,0,1
"E00175844",1,1,0
"E00175845",0,0,0
"E00175846",0,0,0
"E00175847",1,1,0
"E00175848",0,0,0
"E00175849",2,1,1
"E00175850",1,1,0
"E00175851",1,1,0
"E00175852",4,2,2
"E00175853",3,0,3
"E00175854",0,0,0
"E00175855",0,0,0
"E00175856",0,0,0
"E00175857",0,0,0
"E00175858",0,0,0
"E00175859",2,0,2
"E00175860",0,0,0
"E00175861",3,1,2
"E00175862",0,0,0
"E00175863",4,2,2
"E00175864",0,0,0
"E00175865",0,0,0
"E00175866",0,0,0
"E00175867",0,0,0
"E00175868",0,0,0
"E00175869",2,0,2
"E00175870",1,0,1
"E00175871",3,2,1
"E00175872",1,0,1
"E00175873",1,1,0
"E00175874",0,0,0
"E00175875",2,2,0
"E00175876",0,0,0
"E00175877",1,0,1
"E00175878",4,1,3
"E00175879",2,0,2
"E00175880",4,2,2
"E00175881",4,2,2
"E00175882",4,1,3
"E00175883",0,0,0
"E00175884",0,0,0
"E00175885",0,0,0
"E00175886",0,0,0
"E00175887",1,0,1
"E00175888",1,0,1
"E00175889",3,2,1
"E00175890",3,2,1
"E00175891",3,1,2
"E00175892",0,0,0
"E00175893",1,0,1
"E00175894",3,3,0
"E00175895",1,0,1
"E00175896",0,0,0
"E00175897",2,0,2
"E00175898",2,1,1
"E00175899",2,1,1
"E00175900",3,1,2
"E00175901",1,0,1
"E00175902",2,1,1
"E00175903",1,1,0
"E00175904",6,6,0
"E00175905",1,0,1
"E00175906",1,1,0
"E00175907",4,3,1
"E00175908",0,0,0
"E00175909",2,1,1
"E00175910",1,1,0
"E00175911",0,0,0
"E00175912",0,0,0
"E00175913",2,1,1
"E00175914",0,0,0
"E00175915",1,0,1
"E00175916",1,1,0
"E00175917",1,1,0
"E00175918",0,0,0
"E00175919",3,2,1
"E00175920",0,0,0
"E00175921",1,1,0
"E00175922",1,0,1
"E00175923",3,1,2
"E00175924",1,1,0
"E00175925",1,0,1
"E00175926",1,0,1
"E00175927",0,0,0
"E00175928",0,0,0
"E00175929",2,1,1
"E00175930",2,1,1
"E00175931",0,0,0
"E00175932",2,0,2
"E00175933",0,0,0
"E00175934",1,1,0
"E00175935",2,0,2
"E00175936",4,0,4
"E00175937",0,0,0
"E00175938",0,0,0
"E00175939",3,1,2
"E00175940",1,0,1
"E00175941",2,2,0
"E00175942",4,3,1
"E00175943",8,7,1
"E00175944",0,0,0
"E00175945",3,3,0
"E00175946",1,0,1
"E00175947",0,0,0
"E00175948",0,0,0
"E00175949",5,4,1
"E00175950",0,0,0
"E00175951",3,1,2
"E00175952",2,1,1
"E00175953",2,0,2
"E00175954",6,2,4
"E00175955",2,2,0
"E00175956",0,0,0
"E00175957",10,3,7
"E00175958",0,0,0
"E00175959",2,1,1
"E00175960",1,0,1
"E00175961",1,0,1
"E00175962",0,0,0
"E00175963",0,0,0
"E00175964",4,1,3
"E00175965",0,0,0
"E00175966",0,0,0
"E00175967",1,0,1
"E00175968",0,0,0
"E00175969",1,1,0
"E00175970",1,0,1
"E00175971",2,1,1
"E00175972",16,4,12
"E00175973",1,0,1
"E00175974",1,0,1
"E00175975",9,1,8
"E00175976",6,5,1
"E00175977",3,2,1
"E00175978",1,0,1
"E00175979",0,0,0
"E00175980",2,1,1
"E00175981",1,1,0
"E00175982",1,0,1
"E00175983",1,1,0
"E00175984",1,1,0
"E00175985",0,0,0
"E00175986",0,0,0
"E00175987",2,0,2
"E00175988",0,0,0
"E00175989",0,0,0
"E00175990",0,0,0
"E00175991",3,1,2
"E00175992",10,4,6
"E00175993",0,0,0
"E00175994",3,2,1
"E00175995",0,0,0
"E00175996",0,0,0
"E00175997",0,0,0
"E00175998",0,0,0
"E00175999",1,1,0
"E00176000",2,2,0
"E00176001",5,2,3
"E00176002",1,0,1
"E00176003",1,1,0
"E00176004",0,0,0
"E00176005",7,4,3
"E00176006",3,3,0
"E00176007",0,0,0
"E00176008",3,2,1
"E00176009",11,8,3
"E00176010",2,0,2
"E00176011",3,2,1
"E00176012",3,1,2
"E00176013",2,0,2
"E00176014",1,0,1
"E00176015",3,1,2
"E00176016",2,1,1
"E00176017",0,0,0
"E00176018",4,1,3
"E00176019",3,0,3
"E00176020",4,0,4
"E00176021",5,2,3
"E00176022",0,0,0
"E00176023",0,0,0
"E00176024",1,0,1
"E00176025",0,0,0
"E00176026",0,0,0
"E00176027",35,17,18
"E00176028",0,0,0
"E00176029",0,0,0
"E00176030",18,10,8
"E00176031",0,0,0
"E00176032",0,0,0
"E00176033",1,1,0
"E00176034",0,0,0
"E00176035",1,0,1
"E00176036",1,1,0
"E00176037",0,0,0
"E00176038",11,4,7
"E00176039",2,2,0
"E00176040",0,0,0
"E00176041",9,4,5
"E00176042",4,2,2
"E00176043",0,0,0
"E00176044",4,3,1
"E00176045",0,0,0
"E00176046",22,14,8
"E00176047",2,2,0
"E00176048",0,0,0
"E00176049",1,0,1
"E00176050",0,0,0
"E00176051",0,0,0
"E00176052",0,0,0
"E00176053",0,0,0
"E00176054",0,0,0
"E00176055",1,1,0
"E00176056",0,0,0
"E00176057",3,2,1
"E00176058",0,0,0
"E00176059",1,1,0
"E00176060",1,0,1
"E00176061",0,0,0
"E00176062",2,1,1
"E00176063",1,0,1
"E00176064",1,0,1
"E00176065",3,1,2
"E00176066",0,0,0
"E00176067",3,1,2
"E00176068",0,0,0
"E00176069",1,0,1
"E00176070",0,0,0
"E00176071",0,0,0
"E00176072",4,2,2
"E00176073",1,1,0
"E00176074",0,0,0
"E00176075",1,1,0
"E00176076",0,0,0
"E00176077",0,0,0
"E00176078",1,1,0
"E00176079",0,0,0
"E00176080",1,1,0
"E00176081",1,0,1
"E00176082",26,13,13
"E00176083",2,0,2
"E00176084",2,1,1
"E00176085",6,4,2
"E00176086",0,0,0
"E00176087",1,1,0
"E00176088",0,0,0
"E00176089",0,0,0
"E00176090",0,0,0
"E00176091",14,7,7
"E00176092",0,0,0
"E00176093",1,0,1
"E00176094",0,0,0
"E00176095",3,0,3
"E00176096",4,3,1
"E00176097",4,2,2
"E00176098",0,0,0
"E00176099",0,0,0
"E00176100",1,0,1
"E00176101",3,0,3
"E00176102",4,3,1
"E00176103",3,1,2
"E00176104",0,0,0
"E00176105",3,2,1
"E00176106",1,0,1
"E00176107",0,0,0
"E00176108",1,1,0
"E00176109",0,0,0
"E00176110",0,0,0
"E00176111",1,0,1
"E00176112",12,10,2
"E00176113",0,0,0
"E00176114",6,4,2
"E00176115",33,14,19
"E00176116",0,0,0
"E00176117",2,1,1
"E00176118",0,0,0
"E00176119",3,2,1
"E00176120",0,0,0
"E00176121",0,0,0
"E00176122",0,0,0
"E00176123",0,0,0
"E00176124",6,3,3
"E00176125",20,8,12
"E00176126",2,0,2
"E00176127",3,2,1
"E00176128",1,0,1
"E00176129",0,0,0
"E00176130",1,0,1
"E00176131",2,2,0
"E00176132",1,0,1
"E00176133",0,0,0
"E00176134",2,1,1
"E00176135",1,1,0
"E00176136",0,0,0
"E00176137",0,0,0
"E00176138",2,1,1
"E00176139",0,0,0
"E00176140",1,1,0
"E00176141",2,2,0
"E00176142",5,1,4
"E00176143",1,1,0
"E00176144",3,1,2
"E00176145",3,1,2
"E00176146",0,0,0
"E00176147",5,4,1
"E00176148",2,0,2
"E00176149",0,0,0
"E00176150",7,3,4
"E00176151",3,1,2
"E00176152",5,3,2
"E00176153",0,0,0
"E00176154",1,1,0
"E00176155",3,1,2
"E00176156",4,1,3
"E00176157",5,4,1
"E00176158",1,0,1
"E00176159",7,1,6
"E00176160",0,0,0
"E00176161",1,0,1
"E00176162",0,0,0
"E00176163",7,1,6
"E00176164",4,3,1
"E00176165",3,1,2
"E00176166",7,4,3
"E00176167",3,1,2
"E00176168",0,0,0
"E00176169",0,0,0
"E00176170",1,0,1
"E00176171",0,0,0
"E00176172",2,2,0
"E00176173",3,3,0
"E00176174",0,0,0
"E00176175",0,0,0
"E00176176",4,3,1
"E00176177",0,0,0
"E00176178",6,3,3
"E00176179",9,3,6
"E00176180",3,2,1
"E00176181",4,1,3
"E00176182",2,0,2
"E00176183",3,2,1
"E00176184",15,9,6
"E00176185",2,0,2
"E00176186",1,1,0
"E00176187",0,0,0
"E00176188",2,1,1
"E00176189",2,2,0
"E00176190",4,2,2
"E00176191",0,0,0
"E00176192",0,0,0
"E00176193",3,3,0
"E00176194",2,2,0
"E00176195",0,0,0
"E00176196",4,1,3
"E00176197",3,2,1
"E00176198",3,0,3
"E00176199",0,0,0
"E00176200",0,0,0
"E00176201",0,0,0
"E00176202",2,2,0
"E00176203",17,13,4
"E00176204",10,6,4
"E00176205",14,8,6
"E00176206",4,2,2
"E00176207",3,2,1
"E00176208",2,2,0
"E00176209",0,0,0
"E00176210",4,3,1
"E00176211",1,1,0
"E00176212",5,3,2
"E00176213",0,0,0
"E00176214",6,5,1
"E00176215",2,1,1
"E00176216",3,2,1
"E00176217",3,1,2
"E00176218",0,0,0
"E00176219",0,0,0
"E00176220",1,0,1
"E00176221",2,2,0
"E00176222",0,0,0
"E00176223",1,0,1
"E00176224",3,1,2
"E00176225",1,1,0
"E00176226",6,3,3
"E00176227",4,3,1
"E00176228",5,3,2
"E00176229",2,2,0
"E00176230",2,1,1
"E00176231",0,0,0
"E00176232",0,0,0
"E00176233",3,1,2
"E00176234",1,0,1
"E00176235",0,0,0
"E00176236",0,0,0
"E00176237",2,0,2
"E00176238",0,0,0
"E00176239",0,0,0
"E00176240",0,0,0
"E00176241",0,0,0
"E00176242",0,0,0
"E00176243",0,0,0
"E00176244",0,0,0
"E00176245",4,2,2
"E00176246",3,2,1
"E00176247",7,4,3
"E00176248",1,0,1
"E00176249",3,1,2
"E00176250",0,0,0
"E00176251",0,0,0
"E00176252",0,0,0
"E00176253",1,0,1
"E00176254",7,4,3
"E00176255",0,0,0
"E00176256",0,0,0
"E00176257",3,1,2
"E00176258",4,2,2
"E00176259",1,0,1
"E00176260",1,1,0
"E00176261",0,0,0
"E00176262",2,1,1
"E00176263",0,0,0
"E00176264",0,0,0
"E00176265",1,1,0
"E00176266",1,0,1
"E00176267",7,3,4
"E00176268",0,0,0
"E00176269",1,1,0
"E00176270",0,0,0
"E00176271",0,0,0
"E00176272",3,2,1
"E00176273",1,0,1
"E00176274",2,0,2
"E00176275",3,1,2
"E00176276",0,0,0
"E00176277",0,0,0
"E00176278",1,0,1
"E00176279",0,0,0
"E00176280",4,2,2
"E00176281",6,4,2
"E00176282",0,0,0
"E00176283",3,2,1
"E00176284",10,8,2
"E00176285",0,0,0
"E00176286",5,2,3
"E00176287",0,0,0
"E00176288",0,0,0
"E00176289",1,1,0
"E00176290",3,2,1
"E00176291",3,1,2
"E00176292",8,5,3
"E00176293",6,6,0
"E00176294",1,1,0
"E00176295",0,0,0
"E00176296",11,10,1
"E00176297",8,6,2
"E00176298",0,0,0
"E00176299",7,2,5
"E00176300",0,0,0
"E00176301",0,0,0
"E00176302",0,0,0
"E00176303",5,2,3
"E00176304",0,0,0
"E00176305",0,0,0
"E00176306",0,0,0
"E00176307",0,0,0
"E00176308",2,1,1
"E00176309",0,0,0
"E00176310",0,0,0
"E00176311",0,0,0
"E00176312",0,0,0
"E00176313",0,0,0
"E00176314",1,0,1
"E00176315",2,1,1
"E00176316",5,3,2
"E00176317",0,0,0
"E00176318",3,1,2
"E00176319",5,4,1
"E00176320",0,0,0
"E00176321",1,1,0
"E00176322",0,0,0
"E00176323",1,0,1
"E00176324",2,1,1
"E00176325",1,1,0
"E00176326",3,2,1
"E00176327",4,1,3
"E00176328",0,0,0
"E00176329",0,0,0
"E00176330",3,2,1
"E00176331",0,0,0
"E00176332",0,0,0
"E00176333",1,0,1
"E00176334",5,2,3
"E00176335",0,0,0
"E00176336",0,0,0
"E00176337",0,0,0
"E00176338",6,2,4
"E00176339",5,2,3
"E00176340",2,0,2
"E00176341",6,2,4
"E00176342",3,1,2
"E00176343",3,1,2
"E00176344",0,0,0
"E00176345",1,1,0
"E00176346",3,2,1
"E00176347",8,4,4
"E00176348",5,3,2
"E00176349",4,3,1
"E00176350",0,0,0
"E00176351",1,0,1
"E00176352",7,3,4
"E00176353",4,0,4
"E00176354",3,1,2
"E00176355",1,1,0
"E00176356",5,4,1
"E00176357",4,3,1
"E00176358",5,3,2
"E00176359",6,3,3
"E00176360",2,1,1
"E00176361",5,2,3
"E00176362",4,0,4
"E00176363",4,3,1
"E00176364",3,3,0
"E00176365",6,2,4
"E00176366",0,0,0
"E00176367",1,0,1
"E00176368",3,2,1
"E00176369",0,0,0
"E00176370",15,9,6
"E00176371",2,1,1
"E00176372",3,2,1
"E00176373",4,1,3
"E00176374",2,2,0
"E00176375",2,0,2
"E00176376",1,0,1
"E00176377",2,1,1
"E00176378",7,3,4
"E00176379",6,1,5
"E00176380",2,2,0
"E00176381",5,3,2
"E00176382",2,1,1
"E00176383",2,0,2
"E00176384",0,0,0
"E00176385",0,0,0
"E00176386",0,0,0
"E00176387",2,2,0
"E00176388",4,3,1
"E00176389",1,1,0
"E00176390",2,1,1
"E00176391",4,1,3
"E00176392",0,0,0
"E00176393",4,4,0
"E00176394",2,0,2
"E00176395",4,2,2
"E00176396",4,3,1
"E00176397",10,3,7
"E00176398",3,1,2
"E00176399",1,0,1
"E00176400",1,0,1
"E00176401",6,2,4
"E00176402",1,0,1
"E00176403",8,1,7
"E00176404",0,0,0
"E00176405",2,0,2
"E00176406",2,2,0
"E00176407",1,0,1
"E00176408",1,0,1
"E00176409",4,3,1
"E00176410",6,4,2
"E00176411",5,2,3
"E00176412",6,4,2
"E00176413",6,4,2
"E00176414",5,2,3
"E00176415",2,1,1
"E00176416",4,3,1
"E00176417",1,1,0
"E00176418",2,0,2
"E00176419",2,2,0
"E00176420",2,2,0
"E00176421",2,0,2
"E00176422",17,9,8
"E00176423",3,1,2
"E00176424",1,0,1
"E00176425",0,0,0
"E00176426",0,0,0
"E00176427",2,1,1
"E00176428",4,3,1
"E00176429",0,0,0
"E00176430",3,3,0
"E00176431",0,0,0
"E00176432",1,1,0
"E00176433",0,0,0
"E00176434",0,0,0
"E00176435",2,1,1
"E00176436",3,2,1
"E00176437",1,1,0
"E00176438",0,0,0
"E00176439",7,4,3
"E00176440",8,4,4
"E00176441",0,0,0
"E00176442",3,0,3
"E00176443",1,1,0
"E00176444",0,0,0
"E00176445",0,0,0
"E00176446",2,1,1
"E00176447",1,1,0
"E00176448",2,1,1
"E00176449",2,1,1
"E00176450",2,2,0
"E00176451",1,0,1
"E00176452",8,3,5
"E00176453",0,0,0
"E00176454",3,2,1
"E00176455",6,3,3
"E00176456",56,29,27
"E00176457",0,0,0
"E00176458",11,4,7
"E00176459",7,3,4
"E00176460",7,1,6
"E00176461",0,0,0
"E00176462",3,0,3
"E00176463",2,1,1
"E00176464",3,1,2
"E00176465",3,1,2
"E00176466",1,0,1
"E00176467",6,2,4
"E00176468",3,2,1
"E00176469",3,1,2
"E00176470",7,6,1
"E00176471",1,0,1
"E00176472",2,1,1
"E00176473",2,0,2
"E00176474",3,3,0
"E00176475",1,1,0
"E00176476",0,0,0
"E00176477",1,0,1
"E00176478",1,1,0
"E00176479",8,5,3
"E00176480",1,0,1
"E00176481",0,0,0
"E00176482",9,5,4
"E00176483",3,2,1
"E00176484",7,4,3
"E00176485",4,3,1
"E00176486",1,1,0
"E00176487",1,0,1
"E00176488",1,1,0
"E00176489",0,0,0
"E00176490",33,21,12
"E00176491",1,1,0
"E00176492",16,6,10
"E00176493",2,1,1
"E00176494",0,0,0
"E00176495",0,0,0
"E00176496",3,0,3
"E00176497",0,0,0
"E00176498",2,2,0
"E00176499",0,0,0
"E00176500",2,1,1
"E00176501",0,0,0
"E00176502",2,1,1
"E00176503",0,0,0
"E00176504",0,0,0
"E00176505",3,0,3
"E00176506",6,2,4
"E00176507",2,1,1
"E00176508",2,2,0
"E00176509",0,0,0
"E00176510",1,1,0
"E00176511",0,0,0
"E00176512",0,0,0
"E00176513",0,0,0
"E00176514",2,2,0
"E00176515",1,0,1
"E00176516",1,0,1
"E00176517",0,0,0
"E00176518",6,4,2
"E00176519",0,0,0
"E00176520",1,1,0
"E00176521",7,1,6
"E00176522",0,0,0
"E00176523",4,2,2
"E00176524",5,4,1
"E00176525",1,0,1
"E00176526",0,0,0
"E00176527",8,6,2
"E00176528",1,0,1
"E00176529",3,1,2
"E00176530",2,2,0
"E00176531",0,0,0
"E00176532",0,0,0
"E00176533",7,5,2
"E00176534",1,1,0
"E00176535",5,3,2
"E00176536",6,2,4
"E00176537",2,1,1
"E00176538",0,0,0
"E00176539",3,0,3
"E00176540",2,2,0
"E00176541",3,1,2
"E00176542",1,1,0
"E00176543",3,2,1
"E00176544",0,0,0
"E00176545",2,1,1
"E00176546",2,1,1
"E00176547",0,0,0
"E00176548",0,0,0
"E00176549",6,2,4
"E00176550",3,2,1
"E00176551",5,2,3
"E00176552",11,3,8
"E00176553",0,0,0
"E00176554",1,1,0
"E00176555",0,0,0
"E00176556",2,1,1
"E00176557",4,2,2
"E00176558",7,3,4
"E00176559",0,0,0
"E00176560",0,0,0
"E00176561",5,2,3
"E00176562",3,2,1
"E00176563",8,1,7
"E00176564",2,1,1
"E00176565",4,2,2
"E00176566",3,3,0
"E00176567",1,1,0
"E00176568",1,1,0
"E00176569",4,3,1
"E00176570",3,1,2
"E00176571",2,0,2
"E00176572",3,2,1
"E00176573",3,2,1
"E00176574",2,2,0
"E00176575",0,0,0
"E00176576",4,3,1
"E00176577",0,0,0
"E00176578",0,0,0
"E00176579",0,0,0
"E00176580",0,0,0
"E00176581",5,3,2
"E00176582",1,0,1
"E00176583",3,2,1
"E00176584",2,0,2
"E00176585",1,0,1
"E00176586",0,0,0
"E00176587",13,6,7
"E00176588",1,0,1
"E00176589",2,2,0
"E00176590",0,0,0
"E00176591",1,0,1
"E00176592",2,1,1
"E00176593",11,5,6
"E00176594",10,5,5
"E00176595",2,1,1
"E00176596",0,0,0
"E00176597",0,0,0
"E00176598",0,0,0
"E00176599",1,0,1
"E00176600",2,2,0
"E00176601",7,1,6
"E00176602",0,0,0
"E00176603",2,2,0
"E00176604",0,0,0
"E00176605",0,0,0
"E00176606",1,0,1
"E00176607",0,0,0
"E00176608",0,0,0
"E00176609",2,1,1
"E00176610",1,1,0
"E00176611",1,1,0
"E00176612",2,1,1
"E00176613",3,2,1
"E00176614",5,3,2
"E00176615",1,0,1
"E00176616",12,4,8
"E00176617",10,5,5
"E00176618",0,0,0
"E00176619",1,1,0
"E00176620",1,0,1
"E00176621",0,0,0
"E00176622",1,0,1
"E00176623",0,0,0
"E00176624",40,24,16
"E00176625",0,0,0
"E00176626",2,0,2
"E00176627",1,0,1
"E00176628",2,2,0
"E00176629",0,0,0
"E00176630",1,0,1
"E00176631",1,1,0
"E00176632",0,0,0
"E00176633",0,0,0
"E00176634",11,2,9
"E00176635",2,0,2
"E00176636",0,0,0
"E00176637",0,0,0
"E00176638",0,0,0
"E00176639",21,9,12
"E00176640",0,0,0
"E00176641",2,1,1
"E00176642",0,0,0
"E00176643",0,0,0
"E00176644",1,0,1
"E00176645",0,0,0
"E00176646",4,4,0
"E00176647",0,0,0
"E00176648",1,1,0
"E00176649",1,1,0
"E00176650",2,1,1
"E00176651",2,1,1
"E00176652",3,1,2
"E00176653",0,0,0
"E00176654",0,0,0
"E00176655",6,2,4
"E00176656",0,0,0
"E00176657",1,1,0
"E00176658",0,0,0
"E00176659",6,5,1
"E00176660",1,1,0
"E00176661",2,1,1
"E00176662",1,0,1
"E00176663",1,0,1
"E00176664",1,1,0
"E00176665",0,0,0
"E00176666",21,12,9
"E00176667",14,10,4
"E00176668",5,3,2
"E00176669",3,2,1
"E00176670",0,0,0
"E00176671",0,0,0
"E00176672",0,0,0
"E00176673",1,0,1
"E00176674",4,4,0
"E00176675",9,6,3
"E00176676",2,2,0
"E00176677",0,0,0
"E00176678",1,1,0
"E00176679",0,0,0
"E00176680",0,0,0
"E00176681",0,0,0
"E00176682",0,0,0
"E00176683",1,1,0
"E00176684",2,1,1
"E00176685",0,0,0
"E00176686",0,0,0
"E00176687",46,24,22
"E00176688",30,11,19
"E00176689",24,11,13
"E00176690",12,8,4
"E00176691",0,0,0
"E00176692",0,0,0
"E00176693",2,2,0
"E00176694",6,3,3
"E00176695",7,4,3
"E00176696",3,3,0
"E00176697",0,0,0
"E00176698",28,13,15
"E00176699",0,0,0
"E00176700",0,0,0
"E00176701",2,2,0
"E00176702",3,1,2
"E00176703",4,3,1
"E00176704",1,0,1
"E00176705",0,0,0
"E00176706",1,1,0
"E00176707",5,3,2
"E00176708",1,1,0
"E00176709",6,4,2
"E00176710",2,1,1
"E00176711",7,5,2
"E00176712",9,1,8
"E00176713",7,2,5
"E00176714",3,3,0
"E00176715",0,0,0
"E00176716",0,0,0
"E00176717",1,1,0
"E00176718",2,1,1
"E00176719",0,0,0
"E00176720",5,4,1
"E00176721",2,0,2
"E00176722",2,0,2
"E00176723",15,6,9
"E00176724",0,0,0
"E00176725",2,1,1
"E00176726",3,3,0
"E00176727",0,0,0
"E00176728",1,0,1
"E00176729",0,0,0
"E00176730",0,0,0
"E00176731",0,0,0
"E00176732",6,2,4
"E00176733",3,1,2
"E00176734",1,0,1
"E00176735",4,3,1
"E00176736",0,0,0
"E00176737",0,0,0
"E00176738",2,0,2
"E00176739",0,0,0
"E00176740",19,8,11
"E00176741",0,0,0
"E00176742",0,0,0
"E00176743",0,0,0
"E00176744",7,6,1
"E00176745",1,1,0
"E00176746",1,1,0
"E00176747",0,0,0
"E00176748",1,0,1
"E00176749",0,0,0
"E00176750",2,1,1
"E00176751",0,0,0
"E00176752",0,0,0
"E00176753",1,0,1
"E00176754",0,0,0
"E00176755",0,0,0
"E00176756",0,0,0
"E00176757",0,0,0
"E00176758",22,10,12
"E00176759",0,0,0
"E00176760",1,0,1
"E00176761",0,0,0
"E00176762",0,0,0
"E00176763",0,0,0
"E00176764",0,0,0
"E00176765",0,0,0
"E00176766",0,0,0
"E00176767",0,0,0
"E00176768",2,2,0
"E00176769",0,0,0
"E00176770",0,0,0
"E00176771",22,7,15
"E00176772",7,5,2
"E00176773",0,0,0
"E00176774",0,0,0
"S00088956",1,1,0
"S00088957",1,0,1
"S00088958",2,0,2
"S00088959",0,0,0
"S00088960",3,1,2
"S00088961",0,0,0
"S00088962",1,0,1
"S00088963",2,0,2
"S00088964",3,1,2
"S00088965",2,2,0
"S00088966",1,1,0
"S00088967",0,0,0
"S00088968",3,2,1
"S00088969",0,0,0
"S00088970",1,1,0
"S00088971",1,1,0
"S00088972",0,0,0
"S00088973",0,0,0
"S00088974",0,0,0
"S00088975",1,1,0
"S00088976",0,0,0
"S00088977",0,0,0
"S00088978",0,0,0
"S00088979",0,0,0
"S00088980",1,0,1
"S00088981",0,0,0
"S00088982",2,1,1
"S00088983",0,0,0
"S00088984",0,0,0
"S00088985",0,0,0
"S00088986",0,0,0
"S00088987",1,0,1
"S00088988",0,0,0
"S00088989",0,0,0
"S00088990",0,0,0
"S00088991",2,2,0
"S00088992",5,1,4
"S00088993",0,0,0
"S00088994",0,0,0
"S00088995",3,0,3
"S00088996",1,0,1
"S00088997",5,4,1
"S00088998",0,0,0
"S00088999",0,0,0
"S00089000",1,1,0
"S00089001",0,0,0
"S00089002",2,1,1
"S00089003",0,0,0
"S00089004",1,1,0
"S00089005",1,0,1
"S00089006",2,1,1
"S00089007",1,1,0
"S00089008",0,0,0
"S00089009",0,0,0
"S00089010",0,0,0
"S00089011",0,0,0
"S00089012",0,0,0
"S00089013",0,0,0
"S00089014",0,0,0
"S00089015",1,1,0
"S00089016",0,0,0
"S00089017",0,0,0
"S00089018",3,2,1
"S00089019",0,0,0
"S00089020",1,0,1
"S00089021",0,0,0
"S00089022",0,0,0
"S00089023",0,0,0
"S00089024",0,0,0
"S00089025",0,0,0
"S00089026",0,0,0
"S00089027",1,1,0
"S00089028",0,0,0
"S00089029",0,0,0
"S00089030",0,0,0
"S00089031",0,0,0
"S00089032",2,1,1
"S00089033",0,0,0
"S00089034",0,0,0
"S00089035",0,0,0
"S00089036",0,0,0
"S00089037",0,0,0
"S00089038",0,0,0
"S00089039",0,0,0
"S00089040",1,0,1
"S00089041",1,1,0
"S00089042",0,0,0
"S00089043",0,0,0
"S00089044",2,2,0
"S00089045",0,0,0
"S00089046",0,0,0
"S00089047",0,0,0
"S00089048",0,0,0
"S00089049",0,0,0
"S00089050",0,0,0
"S00089051",0,0,0
"S00089052",0,0,0
"S00089053",4,3,1
"S00089054",0,0,0
"S00089055",0,0,0
"S00089056",0,0,0
"S00089057",1,0,1
"S00089058",0,0,0
"S00089059",0,0,0
"S00089060",0,0,0
"S00089061",0,0,0
"S00089062",0,0,0
"S00089063",0,0,0
"S00089064",0,0,0
"S00089065",0,0,0
"S00089066",0,0,0
"S00089067",0,0,0
"S00089068",0,0,0
"S00089069",0,0,0
"S00089070",0,0,0
"S00089071",0,0,0
"S00089072",0,0,0
"S00089073",0,0,0
"S00089074",0,0,0
"S00089075",0,0,0
"S00089076",1,1,0
"S00089077",1,0,1
"S00089078",0,0,0
"S00089079",0,0,0
"S00089080",0,0,0
"S00089081",0,0,0
"S00089082",0,0,0
"S00089083",0,0,0
"S00089084",1,0,1
"S00089085",0,0,0
"S00089086",0,0,0
"S00089087",1,1,0
"S00089088",0,0,0
"S00089089",0,0,0
"S00089090",0,0,0
"S00089091",0,0,0
"S00089092",2,2,0
"S00089093",0,0,0
"S00089094",0,0,0
"S00089095",1,1,0
"S00089096",0,0,0
"S00089097",1,0,1
"S00089098",0,0,0
"S00089099",0,0,0
"S00089100",0,0,0
"S00089101",0,0,0
"S00089102",0,0,0
"S00089103",0,0,0
"S00089104",0,0,0
"S00089105",0,0,0
"S00089106",2,0,2
"S00089107",1,1,0
"S00089108",0,0,0
"S00089109",0,0,0
"S00089110",0,0,0
"S00089111",1,0,1
"S00089112",0,0,0
"S00089113",0,0,0
"S00089114",0,0,0
"S00089115",0,0,0
"S00089116",0,0,0
"S00089117",1,1,0
"S00089118",0,0,0
"S00089119",1,1,0
"S00089120",0,0,0
"S00089121",0,0,0
"S00089122",0,0,0
"S00089123",0,0,0
"S00089124",0,0,0
"S00089125",0,0,0
"S00089126",1,1,0
"S00089127",1,1,0
"S00089128",0,0,0
"S00089129",0,0,0
"S00089130",0,0,0
"S00089131",0,0,0
"S00089132",0,0,0
"S00089133",0,0,0
"S00089134",1,1,0
"S00089135",4,2,2
"S00089136",0,0,0
"S00089137",1,0,1
"S00089138",0,0,0
"S00089139",0,0,0
"S00089140",0,0,0
"S00089141",0,0,0
"S00089142",0,0,0
"S00089143",0,0,0
"S00089144",0,0,0
"S00089145",0,0,0
"S00089146",0,0,0
"S00089147",0,0,0
"S00089148",0,0,0
"S00089149",0,0,0
"S00089150",0,0,0
"S00089151",0,0,0
"S00089152",0,0,0
"S00089153",0,0,0
"S00089154",0,0,0
"S00089155",2,0,2
"S00089156",0,0,0
"S00089157",0,0,0
"S00089158",1,1,0
"S00089159",0,0,0
"S00089160",0,0,0
"S00089161",0,0,0
"S00089162",0,0,0
"S00089163",1,0,1
"S00089164",0,0,0
"S00089165",0,0,0
"S00089166",0,0,0
"S00089167",0,0,0
"S00089168",0,0,0
"S00089169",1,0,1
"S00089170",0,0,0
"S00089171",0,0,0
"S00089172",0,0,0
"S00089173",0,0,0
"S00089174",0,0,0
"S00089175",1,1,0
"S00089176",1,0,1
"S00089177",0,0,0
"S00089178",0,0,0
"S00089179",0,0,0
"S00089180",0,0,0
"S00089181",0,0,0
"S00089182",0,0,0
"S00089183",0,0,0
"S00089184",7,4,3
"S00089185",4,2,2
"S00089186",1,0,1
"S00089187",1,0,1
"S00089188",0,0,0
"S00089189",6,3,3
"S00089190",4,1,3
"S00089191",0,0,0
"S00089192",0,0,0
"S00089193",0,0,0
"S00089194",5,3,2
"S00089195",3,2,1
"S00089196",3,1,2
"S00089197",4,1,3
"S00089198",0,0,0
"S00089199",0,0,0
"S00089200",0,0,0
"S00089201",5,2,3
"S00089202",2,0,2
"S00089203",2,1,1
"S00089204",3,0,3
"S00089205",0,0,0
"S00089206",2,0,2
"S00089207",1,0,1
"S00089208",0,0,0
"S00089209",1,1,0
"S00089210",0,0,0
"S00089211",0,0,0
"S00089212",0,0,0
"S00089213",0,0,0
"S00089214",0,0,0
"S00089215",0,0,0
"S00089216",0,0,0
"S00089217",0,0,0
"S00089218",0,0,0
"S00089219",0,0,0
"S00089220",0,0,0
"S00089221",0,0,0
"S00089222",1,1,0
"S00089223",0,0,0
"S00089224",0,0,0
"S00089225",0,0,0
"S00089226",0,0,0
"S00089227",0,0,0
"S00089228",1,0,1
"S00089229",5,3,2
"S00089230",1,1,0
"S00089231",0,0,0
"S00089232",3,1,2
"S00089233",1,1,0
"S00089234",0,0,0
"S00089235",0,0,0
"S00089236",0,0,0
"S00089237",0,0,0
"S00089238",0,0,0
"S00089239",5,2,3
"S00089240",1,1,0
"S00089241",2,2,0
"S00089242",1,1,0
"S00089243",4,1,3
"S00089244",0,0,0
"S00089245",3,1,2
"S00089246",2,2,0
"S00089247",0,0,0
"S00089248",0,0,0
"S00089249",3,2,1
"S00089250",1,0,1
"S00089251",1,0,1
"S00089252",1,0,1
"S00089253",4,3,1
"S00089254",1,1,0
"S00089255",1,0,1
"S00089256",1,0,1
"S00089257",1,1,0
"S00089258",2,1,1
"S00089259",3,0,3
"S00089260",0,0,0
"S00089261",1,0,1
"S00089262",0,0,0
"S00089263",0,0,0
"S00089264",1,1,0
"S00089265",0,0,0
"S00089266",0,0,0
"S00089267",0,0,0
"S00089268",1,0,1
"S00089269",1,0,1
"S00089270",1,1,0
"S00089271",4,1,3
"S00089272",0,0,0
"S00089273",0,0,0
"S00089274",3,2,1
"S00089275",0,0,0
"S00089276",0,0,0
"S00089277",1,0,1
"S00089278",0,0,0
"S00089279",1,1,0
"S00089280",0,0,0
"S00089281",0,0,0
"S00089282",0,0,0
"S00089283",1,1,0
"S00089284",3,1,2
"S00089285",0,0,0
"S00089286",0,0,0
"S00089287",0,0,0
"S00089288",1,0,1
"S00089289",1,1,0
"S00089290",0,0,0
"S00089291",0,0,0
"S00089292",0,0,0
"S00089293",2,0,2
"S00089294",3,1,2
"S00089295",2,0,2
"S00089296",2,0,2
"S00089297",0,0,0
"S00089298",1,0,1
"S00089299",0,0,0
"S00089300",0,0,0
"S00089301",0,0,0
"S00089302",0,0,0
"S00089303",0,0,0
"S00089304",0,0,0
"S00089305",0,0,0
"S00089306",0,0,0
"S00089307",2,1,1
"S00089308",0,0,0
"S00089309",0,0,0
"S00089310",0,0,0
"S00089311",0,0,0
"S00089312",1,1,0
"S00089313",0,0,0
"S00089314",2,2,0
"S00089315",0,0,0
"S00089316",1,0,1
"S00089317",0,0,0
"S00089318",1,1,0
"S00089319",1,1,0
"S00089320",0,0,0
"S00089321",0,0,0
"S00089322",1,1,0
"S00089323",1,0,1
"S00089324",0,0,0
"S00089325",2,0,2
"S00089326",1,0,1
"S00089327",3,2,1
"S00089328",3,1,2
"S00089329",2,1,1
"S00089330",5,1,4
"S00089331",0,0,0
"S00089332",1,0,1
"S00089333",0,0,0
"S00089334",0,0,0
"S00089335",1,0,1
"S00089336",0,0,0
"S00089337",0,0,0
"S00089338",1,0,1
"S00089339",0,0,0
"S00089340",1,0,1
"S00089341",0,0,0
"S00089342",0,0,0
"S00089343",0,0,0
"S00089344",0,0,0
"S00089345",1,0,1
"S00089346",2,2,0
"S00089347",2,1,1
"S00089348",1,0,1
"S00089349",1,1,0
"S00089350",4,3,1
"S00089351",2,2,0
"S00089352",0,0,0
"S00089353",1,0,1
"S00089354",2,1,1
"S00089355",0,0,0
"S00089356",0,0,0
"S00089357",0,0,0
"S00089358",0,0,0
"S00089359",1,0,1
"S00089360",0,0,0
"S00089361",0,0,0
"S00089362",0,0,0
"S00089363",2,0,2
"S00089364",1,0,1
"S00089365",0,0,0
"S00089366",0,0,0
"S00089367",1,0,1
"S00089368",0,0,0
"S00089369",1,0,1
"S00089370",0,0,0
"S00089371",0,0,0
"S00089372",0,0,0
"S00089373",0,0,0
"S00089374",0,0,0
"S00089375",0,0,0
"S00089376",0,0,0
"S00089377",0,0,0
"S00089378",0,0,0
"S00089379",5,1,4
"S00089380",1,1,0
"S00089381",0,0,0
"S00089382",1,0,1
"S00089383",1,0,1
"S00089384",4,1,3
"S00089385",0,0,0
"S00089386",6,3,3
"S00089387",4,1,3
"S00089388",2,0,2
"S00089389",1,0,1
"S00089390",0,0,0
"S00089391",0,0,0
"S00089392",0,0,0
"S00089393",0,0,0
"S00089394",0,0,0
"S00089395",1,0,1
"S00089396",0,0,0
"S00089397",0,0,0
"S00089398",1,0,1
"S00089399",0,0,0
"S00089400",1,0,1
"S00089401",0,0,0
"S00089402",0,0,0
"S00089403",5,2,3
"S00089404",1,1,0
"S00089405",3,2,1
"S00089406",10,2,8
"S00089407",1,1,0
"S00089408",0,0,0
"S00089409",2,2,0
"S00089410",4,2,2
"S00089411",5,3,2
"S00089412",7,3,4
"S00089413",11,6,5
"S00089414",0,0,0
"S00089415",0,0,0
"S00089416",4,2,2
"S00089417",7,3,4
"S00089418",7,3,4
"S00089419",0,0,0
"S00089420",8,2,6
"S00089421",5,3,2
"S00089422",0,0,0
"S00089423",5,3,2
"S00089424",4,3,1
"S00089425",5,2,3
"S00089426",0,0,0
"S00089427",3,2,1
"S00089428",1,1,0
"S00089429",0,0,0
"S00089430",0,0,0
"S00089431",1,0,1
"S00089432",3,1,2
"S00089433",0,0,0
"S00089434",2,1,1
"S00089435",6,4,2
"S00089436",5,1,4
"S00089437",3,2,1
"S00089438",4,1,3
"S00089439",10,7,3
"S00089440",0,0,0
"S00089441",0,0,0
"S00089442",4,4,0
"S00089443",0,0,0
"S00089444",1,0,1
"S00089445",0,0,0
"S00089446",0,0,0
"S00089447",0,0,0
"S00089448",0,0,0
"S00089449",0,0,0
"S00089450",0,0,0
"S00089451",0,0,0
"S00089452",0,0,0
"S00089453",0,0,0
"S00089454",0,0,0
"S00089455",0,0,0
"S00089456",0,0,0
"S00089457",0,0,0
"S00089458",0,0,0
"S00089459",0,0,0
"S00089460",0,0,0
"S00089461",1,1,0
"S00089462",0,0,0
"S00089463",0,0,0
"S00089464",0,0,0
"S00089465",0,0,0
"S00089466",0,0,0
"S00089467",1,1,0
"S00089468",0,0,0
"S00089469",0,0,0
"S00089470",0,0,0
"S00089471",0,0,0
"S00089472",0,0,0
"S00089473",0,0,0
"S00089474",1,0,1
"S00089475",2,2,0
"S00089476",0,0,0
"S00089477",0,0,0
"S00089478",3,0,3
"S00089479",0,0,0
"S00089480",0,0,0
"S00089481",0,0,0
"S00089482",0,0,0
"S00089483",0,0,0
"S00089484",0,0,0
"S00089485",0,0,0
"S00089486",0,0,0
"S00089487",2,1,1
"S00089488",2,1,1
"S00089489",0,0,0
"S00089490",0,0,0
"S00089491",0,0,0
"S00089492",1,1,0
"S00089493",0,0,0
"S00089494",0,0,0
"S00089495",0,0,0
"S00089496",0,0,0
"S00089497",0,0,0
"S00089498",3,0,3
"S00089499",1,0,1
"S00089500",0,0,0
"S00089501",2,0,2
"S00089502",1,1,0
"S00089503",0,0,0
"S00089504",0,0,0
"S00089505",0,0,0
"S00089506",0,0,0
"S00089507",1,0,1
"S00089508",1,0,1
"S00089509",0,0,0
"S00089510",0,0,0
"S00089511",0,0,0
"S00089512",0,0,0
"S00089513",0,0,0
"S00089514",0,0,0
"S00089515",0,0,0
"S00089516",2,0,2
"S00089517",0,0,0
"S00089518",1,1,0
"S00089519",1,0,1
"S00089520",0,0,0
"S00089521",1,0,1
"S00089522",0,0,0
"S00089523",0,0,0
"S00089524",1,0,1
"S00089525",0,0,0
"S00089526",0,0,0
"S00089527",0,0,0
"S00089528",0,0,0
"S00089529",0,0,0
"S00089530",0,0,0
"S00089531",1,1,0
"S00089532",1,1,0
"S00089533",0,0,0
"S00089534",0,0,0
"S00089535",0,0,0
"S00089536",2,2,0
"S00089537",0,0,0
"S00089538",0,0,0
"S00089539",1,0,1
"S00089540",0,0,0
"S00089541",0,0,0
"S00089542",0,0,0
"S00089543",0,0,0
"S00089544",0,0,0
"S00089545",0,0,0
"S00089546",0,0,0
"S00089547",1,0,1
"S00089548",1,1,0
"S00089549",0,0,0
"S00089550",1,1,0
"S00089551",0,0,0
"S00089552",1,0,1
"S00089553",0,0,0
"S00089554",0,0,0
"S00089555",0,0,0
"S00089556",1,1,0
"S00089557",1,0,1
"S00089558",0,0,0
"S00089559",0,0,0
"S00089560",0,0,0
"S00089561",0,0,0
"S00089562",0,0,0
"S00089563",0,0,0
"S00089564",0,0,0
"S00089565",1,1,0
"S00089566",0,0,0
"S00089567",0,0,0
"S00089568",2,0,2
"S00089569",0,0,0
"S00089570",2,0,2
"S00089571",2,1,1
"S00089572",0,0,0
"S00089573",0,0,0
"S00089574",0,0,0
"S00089575",0,0,0
"S00089576",0,0,0
"S00089577",0,0,0
"S00089578",0,0,0
"S00089579",0,0,0
"S00089580",0,0,0
"S00089581",1,0,1
"S00089582",0,0,0
"S00089583",0,0,0
"S00089584",0,0,0
"S00089585",0,0,0
"S00089586",0,0,0
"S00089587",1,0,1
"S00089588",1,0,1
"S00089589",0,0,0
"S00089590",0,0,0
"S00089591",0,0,0
"S00089592",0,0,0
"S00089593",0,0,0
"S00089594",1,0,1
"S00089595",1,1,0
"S00089596",0,0,0
"S00089597",0,0,0
"S00089598",0,0,0
"S00089599",0,0,0
"S00089600",0,0,0
"S00089601",0,0,0
"S00089602",0,0,0
"S00089603",0,0,0
"S00089604",1,1,0
"S00089605",0,0,0
"S00089606",0,0,0
"S00089607",1,0,1
"S00089608",0,0,0
"S00089609",0,0,0
"S00089610",0,0,0
"S00089611",0,0,0
"S00089612",0,0,0
"S00089613",0,0,0
"S00089614",1,1,0
"S00089615",0,0,0
"S00089616",1,1,0
"S00089617",0,0,0
"S00089618",0,0,0
"S00089619",0,0,0
"S00089620",0,0,0
"S00089621",0,0,0
"S00089622",0,0,0
"S00089623",0,0,0
"S00089624",1,0,1
"S00089625",0,0,0
"S00089626",4,4,0
"S00089627",1,0,1
"S00089628",0,0,0
"S00089629",1,1,0
"S00089630",3,0,3
"S00089631",0,0,0
"S00089632",2,2,0
"S00089633",2,1,1
"S00089634",0,0,0
"S00089635",0,0,0
"S00089636",0,0,0
"S00089637",0,0,0
"S00089638",0,0,0
"S00089639",0,0,0
"S00089640",0,0,0
"S00089641",0,0,0
"S00089642",0,0,0
"S00089643",1,1,0
"S00089644",0,0,0
"S00089645",0,0,0
"S00089646",1,1,0
"S00089647",2,1,1
"S00089648",0,0,0
"S00089649",0,0,0
"S00089650",0,0,0
"S00089651",4,1,3
"S00089652",3,0,3
"S00089653",1,0,1
"S00089654",0,0,0
"S00089655",0,0,0
"S00089656",0,0,0
"S00089657",0,0,0
"S00089658",0,0,0
"S00089659",0,0,0
"S00089660",0,0,0
"S00089661",0,0,0
"S00089662",2,0,2
"S00089663",1,1,0
"S00089664",0,0,0
"S00089665",0,0,0
"S00089666",0,0,0
"S00089667",0,0,0
"S00089668",4,4,0
"S00089669",1,1,0
"S00089670",2,0,2
"S00089671",1,0,1
"S00089672",0,0,0
"S00089673",0,0,0
"S00089674",1,0,1
"S00089675",1,1,0
"S00089676",0,0,0
"S00089677",0,0,0
"S00089678",0,0,0
"S00089679",0,0,0
"S00089680",1,1,0
"S00089681",0,0,0
"S00089682",0,0,0
"S00089683",1,0,1
"S00089684",0,0,0
"S00089685",0,0,0
"S00089686",0,0,0
"S00089687",0,0,0
"S00089688",0,0,0
"S00089689",0,0,0
"S00089690",0,0,0
"S00089691",0,0,0
"S00089692",0,0,0
"S00089693",0,0,0
"S00089694",0,0,0
"S00089695",0,0,0
"S00089696",1,0,1
"S00089697",1,0,1
"S00089698",0,0,0
"S00089699",0,0,0
"S00089700",0,0,0
"S00089701",1,0,1
"S00089702",0,0,0
"S00089703",4,2,2
"S00089704",5,1,4
"S00089705",2,1,1
"S00089706",4,2,2
"S00089707",1,0,1
"S00089708",0,0,0
"S00089709",2,0,2
"S00089710",0,0,0
"S00089711",1,0,1
"S00089712",1,0,1
"S00089713",1,1,0
"S00089714",6,1,5
"S00089715",0,0,0
"S00089716",2,1,1
"S00089717",5,2,3
"S00089718",3,2,1
"S00089719",8,5,3
"S00089720",3,1,2
"S00089721",2,0,2
"S00089722",0,0,0
"S00089723",2,2,0
"S00089724",0,0,0
"S00089725",2,1,1
"S00089726",0,0,0
"S00089727",2,2,0
"S00089728",3,2,1
"S00089729",4,2,2
"S00089730",0,0,0
"S00089731",0,0,0
"S00089732",9,3,6
"S00089733",0,0,0
"S00089734",1,0,1
"S00089735",0,0,0
"S00089736",0,0,0
"S00089737",1,0,1
"S00089738",1,0,1
"S00089739",3,0,3
"S00089740",1,1,0
"S00089741",6,2,4
"S00089742",2,1,1
"S00089743",8,2,6
"S00089744",3,0,3
"S00089745",8,4,4
"S00089746",7,2,5
"S00089747",0,0,0
"S00089748",1,0,1
"S00089749",2,0,2
"S00089750",3,2,1
"S00089751",3,1,2
"S00089752",8,4,4
"S00089753",7,2,5
"S00089754",3,2,1
"S00089755",1,0,1
"S00089756",0,0,0
"S00089757",1,0,1
"S00089758",1,0,1
"S00089759",4,4,0
"S00089760",0,0,0
"S00089761",1,1,0
"S00089762",0,0,0
"S00089763",4,1,3
"S00089764",0,0,0
"S00089765",3,2,1
"S00089766",0,0,0
"S00089767",0,0,0
"S00089768",1,1,0
"S00089769",1,1,0
"S00089770",2,0,2
"S00089771",0,0,0
"S00089772",0,0,0
"S00089773",0,0,0
"S00089774",0,0,0
"S00089775",0,0,0
"S00089776",1,0,1
"S00089777",0,0,0
"S00089778",0,0,0
"S00089779",0,0,0
"S00089780",1,0,1
"S00089781",0,0,0
"S00089782",0,0,0
"S00089783",0,0,0
"S00089784",0,0,0
"S00089785",2,1,1
"S00089786",0,0,0
"S00089787",1,1,0
"S00089788",0,0,0
"S00089789",0,0,0
"S00089790",1,1,0
"S00089791",0,0,0
"S00089792",0,0,0
"S00089793",1,0,1
"S00089794",5,4,1
"S00089795",0,0,0
"S00089796",3,1,2
"S00089797",0,0,0
"S00089798",0,0,0
"S00089799",1,0,1
"S00089800",0,0,0
"S00089801",0,0,0
"S00089802",0,0,0
"S00089803",0,0,0
"S00089804",0,0,0
"S00089805",0,0,0
"S00089806",0,0,0
"S00089807",2,1,1
"S00089808",0,0,0
"S00089809",0,0,0
"S00089810",0,0,0
"S00089811",0,0,0
"S00089812",0,0,0
"S00089813",1,0,1
"S00089814",0,0,0
"S00089815",1,1,0
"S00089816",0,0,0
"S00089817",1,0,1
"S00089818",0,0,0
"S00089819",2,2,0
"S00089820",1,1,0
"S00089821",0,0,0
"S00089822",0,0,0
"S00089823",0,0,0
"S00089824",0,0,0
"S00089825",1,0,1
"S00089826",0,0,0
"S00089827",0,0,0
"S00089828",0,0,0
"S00089829",0,0,0
"S00089830",1,1,0
"S00089831",0,0,0
"S00089832",0,0,0
"S00089833",0,0,0
"S00089834",0,0,0
"S00089835",0,0,0
"S00089836",0,0,0
"S00089837",0,0,0
"S00089838",0,0,0
"S00089839",0,0,0
"S00089840",0,0,0
"S00089841",0,0,0
"S00089842",0,0,0
"S00089843",0,0,0
"S00089844",0,0,0
"S00089845",0,0,0
"S00089846",0,0,0
"S00089847",1,0,1
"S00089848",1,0,1
"S00089849",0,0,0
"S00089850",0,0,0
"S00089851",0,0,0
"S00089852",0,0,0
"S00089853",0,0,0
"S00089854",0,0,0
"S00089855",0,0,0
"S00089856",0,0,0
"S00089857",0,0,0
"S00089858",0,0,0
"S00089859",0,0,0
"S00089860",0,0,0
"S00089861",0,0,0
"S00089862",0,0,0
"S00089863",2,1,1
"S00089864",0,0,0
"S00089865",1,0,1
"S00089866",1,0,1
"S00089867",0,0,0
"S00089868",0,0,0
"S00089869",0,0,0
"S00089870",0,0,0
"S00089871",1,1,0
"S00089872",0,0,0
"S00089873",1,1,0
"S00089874",1,0,1
"S00089875",2,1,1
"S00089876",1,0,1
"S00089877",0,0,0
"S00089878",0,0,0
"S00089879",1,0,1
"S00089880",2,1,1
"S00089881",3,2,1
"S00089882",1,1,0
"S00089883",0,0,0
"S00089884",3,1,2
"S00089885",0,0,0
"S00089886",0,0,0
"S00089887",0,0,0
"S00089888",0,0,0
"S00089889",0,0,0
"S00089890",0,0,0
"S00089891",1,0,1
"S00089892",0,0,0
"S00089893",1,0,1
"S00089894",1,1,0
"S00089895",1,1,0
"S00089896",0,0,0
"S00089897",0,0,0
"S00089898",2,0,2
"S00089899",2,2,0
"S00089900",2,0,2
"S00089901",0,0,0
"S00089902",0,0,0
"S00089903",1,1,0
"S00089904",0,0,0
"S00089905",2,1,1
"S00089906",0,0,0
"S00089907",1,0,1
"S00089908",2,2,0
"S00089909",0,0,0
"S00089910",0,0,0
"S00089911",1,1,0
"S00089912",0,0,0
"S00089913",1,1,0
"S00089914",0,0,0
"S00089915",1,0,1
"S00089916",0,0,0
"S00089917",0,0,0
"S00089918",0,0,0
"S00089919",0,0,0
"S00089920",1,0,1
"S00089921",0,0,0
"S00089922",0,0,0
"S00089923",0,0,0
"S00089924",0,0,0
"S00089925",0,0,0
"S00089926",0,0,0
"S00089927",0,0,0
"S00089928",1,1,0
"S00089929",0,0,0
"S00089930",2,0,2
"S00089931",0,0,0
"S00089932",1,1,0
"S00089933",0,0,0
"S00089934",0,0,0
"S00089935",0,0,0
"S00089936",0,0,0
"S00089937",1,0,1
"S00089938",1,0,1
"S00089939",0,0,0
"S00089940",0,0,0
"S00089941",1,0,1
"S00089942",0,0,0
"S00089943",0,0,0
"S00089944",0,0,0
"S00089945",0,0,0
"S00089946",0,0,0
"S00089947",0,0,0
"S00089948",0,0,0
"S00089949",0,0,0
"S00089950",0,0,0
"S00089951",2,0,2
"S00089952",0,0,0
"S00089953",0,0,0
"S00089954",0,0,0
"S00089955",0,0,0
"S00089956",0,0,0
"S00089957",1,0,1
"S00089958",0,0,0
"S00089959",0,0,0
"S00089960",1,0,1
"S00089961",0,0,0
"S00089962",0,0,0
"S00089963",0,0,0
"S00089964",0,0,0
"S00089965",0,0,0
"S00089966",1,1,0
"S00089967",1,0,1
"S00089968",0,0,0
"S00089969",0,0,0
"S00089970",0,0,0
"S00089971",0,0,0
"S00089972",0,0,0
"S00089973",0,0,0
"S00089974",0,0,0
"S00089975",0,0,0
"S00089976",0,0,0
"S00089977",1,0,1
"S00089978",0,0,0
"S00089979",0,0,0
"S00089980",0,0,0
"S00089981",0,0,0
"S00089982",0,0,0
"S00089983",0,0,0
"S00089984",2,0,2
"S00089985",0,0,0
"S00089986",0,0,0
"S00089987",0,0,0
"S00089988",0,0,0
"S00089989",0,0,0
"S00089990",0,0,0
"S00089991",0,0,0
"S00089992",0,0,0
"S00089993",2,2,0
"S00089994",3,1,2
"S00089995",1,0,1
"S00089996",0,0,0
"S00089997",1,0,1
"S00089998",0,0,0
"S00089999",1,0,1
"S00090000",3,0,3
"S00090001",0,0,0
"S00090002",0,0,0
"S00090003",0,0,0
"S00090004",0,0,0
"S00090005",0,0,0
"S00090006",1,1,0
"S00090007",2,0,2
"S00090008",0,0,0
"S00090009",0,0,0
"S00090010",0,0,0
"S00090011",0,0,0
"S00090012",1,1,0
"S00090013",0,0,0
"S00090014",0,0,0
"S00090015",0,0,0
"S00090016",2,2,0
"S00090017",0,0,0
"S00090018",2,0,2
"S00090019",0,0,0
"S00090020",0,0,0
"S00090021",0,0,0
"S00090022",0,0,0
"S00090023",0,0,0
"S00090024",0,0,0
"S00090025",2,0,2
"S00090026",0,0,0
"S00090027",2,1,1
"S00090028",2,1,1
"S00090029",0,0,0
"S00090030",0,0,0
"S00090031",0,0,0
"S00090032",0,0,0
"S00090033",1,1,0
"S00090034",1,1,0
"S00090035",3,1,2
"S00090036",0,0,0
"S00090037",0,0,0
"S00090038",0,0,0
"S00090039",0,0,0
"S00090040",0,0,0
"S00090041",0,0,0
"S00090042",0,0,0
"S00090043",0,0,0
"S00090044",1,0,1
"S00090045",0,0,0
"S00090046",0,0,0
"S00090047",0,0,0
"S00090048",1,0,1
"S00090049",2,0,2
"S00090050",0,0,0
"S00090051",0,0,0
"S00090052",0,0,0
"S00090053",0,0,0
"S00090054",0,0,0
"S00090055",0,0,0
"S00090056",0,0,0
"S00090057",0,0,0
"S00090058",0,0,0
"S00090059",1,1,0
"S00090060",1,0,1
"S00090061",1,1,0
"S00090062",0,0,0
"S00090063",0,0,0
"S00090064",2,1,1
"S00090065",0,0,0
"S00090066",0,0,0
"S00090067",0,0,0
"S00090068",1,0,1
"S00090069",0,0,0
"S00090070",0,0,0
"S00090071",0,0,0
"S00090072",1,1,0
"S00090073",0,0,0
"S00090074",0,0,0
"S00090075",1,0,1
"S00090076",1,1,0
"S00090077",0,0,0
"S00090078",0,0,0
"S00090079",0,0,0
"S00090080",1,1,0
"S00090081",1,0,1
"S00090082",0,0,0
"S00090083",0,0,0
"S00090084",0,0,0
"S00090085",0,0,0
"S00090086",1,1,0
"S00090087",0,0,0
"S00090088",0,0,0
"S00090089",0,0,0
"S00090090",0,0,0
"S00090091",0,0,0
"S00090092",1,1,0
"S00090093",0,0,0
"S00090094",1,1,0
"S00090095",0,0,0
"S00090096",3,2,1
"S00090097",0,0,0
"S00090098",0,0,0
"S00090099",1,1,0
"S00090100",2,0,2
"S00090101",0,0,0
"S00090102",1,1,0
"S00090103",1,0,1
"S00090104",0,0,0
"S00090105",0,0,0
"S00090106",0,0,0
"S00090107",2,1,1
"S00090108",1,1,0
"S00090109",2,2,0
"S00090110",0,0,0
"S00090111",0,0,0
"S00090112",1,0,1
"S00090113",0,0,0
"S00090114",3,3,0
"S00090115",1,1,0
"S00090116",1,0,1
"S00090117",0,0,0
"S00090118",0,0,0
"S00090119",1,0,1
"S00090120",3,0,3
"S00090121",2,0,2
"S00090122",0,0,0
"S00090123",0,0,0
"S00090124",0,0,0
"S00090125",0,0,0
"S00090126",0,0,0
"S00090127",0,0,0
"S00090128",0,0,0
"S00090129",1,1,0
"S00090130",1,0,1
"S00090131",1,1,0
"S00090132",3,1,2
"S00090133",0,0,0
"S00090134",0,0,0
"S00090135",0,0,0
"S00090136",0,0,0
"S00090137",1,0,1
"S00090138",0,0,0
"S00090139",1,1,0
"S00090140",0,0,0
"S00090141",0,0,0
"S00090142",0,0,0
"S00090143",0,0,0
"S00090144",0,0,0
"S00090145",1,0,1
"S00090146",1,1,0
"S00090147",0,0,0
"S00090148",0,0,0
"S00090149",0,0,0
"S00090150",0,0,0
"S00090151",1,0,1
"S00090152",0,0,0
"S00090153",0,0,0
"S00090154",0,0,0
"S00090155",0,0,0
"S00090156",0,0,0
"S00090157",1,0,1
"S00090158",0,0,0
"S00090159",0,0,0
"S00090160",2,1,1
"S00090161",1,0,1
"S00090162",0,0,0
"S00090163",0,0,0
"S00090164",0,0,0
"S00090165",0,0,0
"S00090166",0,0,0
"S00090167",0,0,0
"S00090168",0,0,0
"S00090169",1,0,1
"S00090170",0,0,0
"S00090171",1,0,1
"S00090172",0,0,0
"S00090173",0,0,0
"S00090174",1,0,1
"S00090175",0,0,0
"S00090176",0,0,0
"S00090177",0,0,0
"S00090178",1,1,0
"S00090179",0,0,0
"S00090180",3,1,2
"S00090181",0,0,0
"S00090182",0,0,0
"S00090183",0,0,0
"S00090184",2,1,1
"S00090185",2,1,1
"S00090186",2,1,1
"S00090187",0,0,0
"S00090188",0,0,0
"S00090189",0,0,0
"S00090190",0,0,0
"S00090191",1,0,1
"S00090192",3,1,2
"S00090193",0,0,0
"S00090194",0,0,0
"S00090195",0,0,0
"S00090196",0,0,0
"S00090197",1,1,0
"S00090198",0,0,0
"S00090199",1,1,0
"S00090200",0,0,0
"S00090201",0,0,0
"S00090202",0,0,0
"S00090203",0,0,0
"S00090204",0,0,0
"S00090205",0,0,0
"S00090206",0,0,0
"S00090207",1,0,1
"S00090208",0,0,0
"S00090209",0,0,0
"S00090210",0,0,0
"S00090211",0,0,0
"S00090212",0,0,0
"S00090213",0,0,0
"S00090214",0,0,0
"S00090215",0,0,0
"S00090216",0,0,0
"S00090217",0,0,0
"S00090218",0,0,0
"S00090219",0,0,0
"S00090220",1,0,1
"S00090221",0,0,0
"S00090222",3,2,1
"S00090223",0,0,0
"S00090224",0,0,0
"S00090225",1,0,1
"S00090226",0,0,0
"S00090227",0,0,0
"S00090228",0,0,0
"S00090229",0,0,0
"S00090230",0,0,0
"S00090231",0,0,0
"S00090232",1,0,1
"S00090233",2,1,1
"S00090234",0,0,0
"S00090235",0,0,0
"S00090236",3,0,3
"S00090237",2,0,2
"S00090238",0,0,0
"S00090239",0,0,0
"S00090240",1,1,0
"S00090241",0,0,0
"S00090242",0,0,0
"S00090243",0,0,0
"S00090244",0,0,0
"S00090245",0,0,0
"S00090246",0,0,0
"S00090247",1,1,0
"S00090248",0,0,0
"S00090249",1,1,0
"S00090250",0,0,0
"S00090251",0,0,0
"S00090252",0,0,0
"S00090253",0,0,0
"S00090254",0,0,0
"S00090255",0,0,0
"S00090256",1,0,1
"S00090257",0,0,0
"S00090258",1,0,1
"S00090259",1,0,1
"S00090260",1,1,0
"S00090261",0,0,0
"S00090262",0,0,0
"S00090263",0,0,0
"S00090264",0,0,0
"S00090265",1,1,0
"S00090266",0,0,0
"S00090267",1,0,1
"S00090268",0,0,0
"S00090269",0,0,0
"S00090270",0,0,0
"S00090271",0,0,0
"S00090272",0,0,0
"S00090273",0,0,0
"S00090274",0,0,0
"S00090275",0,0,0
"S00090276",0,0,0
"S00090277",1,1,0
"S00090278",0,0,0
"S00090279",1,0,1
"S00090280",0,0,0
"S00090281",1,1,0
"S00090282",0,0,0
"S00090283",0,0,0
"S00090284",1,1,0
"S00090285",0,0,0
"S00090286",1,1,0
"S00090287",0,0,0
"S00090288",0,0,0
"S00090289",0,0,0
"S00090290",5,2,3
"S00090291",0,0,0
"S00090292",0,0,0
"S00090293",0,0,0
"S00090294",1,1,0
"S00090295",2,1,1
"S00090296",1,1,0
"S00090297",0,0,0
"S00090298",0,0,0
"S00090299",1,0,1
"S00090300",1,0,1
"S00090301",0,0,0
"S00090302",0,0,0
"S00090303",8,5,3
"S00090304",0,0,0
"S00090305",10,5,5
"S00090306",6,5,1
"S00090307",7,3,4
"S00090308",1,1,0
"S00090309",9,5,4
"S00090310",2,1,1
"S00090311",3,1,2
"S00090312",1,1,0
"S00090313",3,2,1
"S00090314",3,2,1
"S00090315",2,0,2
"S00090316",2,0,2
"S00090317",3,3,0
"S00090318",0,0,0
"S00090319",1,1,0
"S00090320",0,0,0
"S00090321",1,1,0
"S00090322",0,0,0
"S00090323",0,0,0
"S00090324",0,0,0
"S00090325",0,0,0
"S00090326",0,0,0
"S00090327",3,1,2
"S00090328",0,0,0
"S00090329",0,0,0
"S00090330",1,1,0
"S00090331",5,1,4
"S00090332",1,0,1
"S00090333",0,0,0
"S00090334",2,0,2
"S00090335",2,0,2
"S00090336",0,0,0
"S00090337",0,0,0
"S00090338",0,0,0
"S00090339",1,1,0
"S00090340",0,0,0
"S00090341",0,0,0
"S00090342",0,0,0
"S00090343",0,0,0
"S00090344",0,0,0
"S00090345",3,3,0
"S00090346",0,0,0
"S00090347",2,2,0
"S00090348",0,0,0
"S00090349",0,0,0
"S00090350",0,0,0
"S00090351",0,0,0
"S00090352",0,0,0
"S00090353",0,0,0
"S00090354",0,0,0
"S00090355",0,0,0
"S00090356",0,0,0
"S00090357",2,0,2
"S00090358",1,1,0
"S00090359",1,0,1
"S00090360",0,0,0
"S00090361",0,0,0
"S00090362",1,1,0
"S00090363",0,0,0
"S00090364",0,0,0
"S00090365",0,0,0
"S00090366",1,1,0
"S00090367",0,0,0
"S00090368",0,0,0
"S00090369",0,0,0
"S00090370",0,0,0
"S00090371",0,0,0
"S00090372",2,0,2
"S00090373",1,0,1
"S00090374",0,0,0
"S00090375",1,1,0
"S00090376",2,2,0
"S00090377",1,1,0
"S00090378",0,0,0
"S00090379",1,1,0
"S00090380",0,0,0
"S00090381",2,2,0
"S00090382",1,0,1
"S00090383",0,0,0
"S00090384",1,1,0
"S00090385",3,2,1
"S00090386",0,0,0
"S00090387",0,0,0
"S00090388",0,0,0
"S00090389",3,2,1
"S00090390",0,0,0
"S00090391",0,0,0
"S00090392",0,0,0
"S00090393",0,0,0
"S00090394",4,2,2
"S00090395",7,1,6
"S00090396",2,0,2
"S00090397",0,0,0
"S00090398",1,1,0
"S00090399",9,7,2
"S00090400",3,1,2
"S00090401",1,1,0
"S00090402",3,1,2
"S00090403",0,0,0
"S00090404",0,0,0
"S00090405",0,0,0
"S00090406",0,0,0
"S00090407",0,0,0
"S00090408",0,0,0
"S00090409",1,1,0
"S00090410",0,0,0
"S00090411",0,0,0
"S00090412",0,0,0
"S00090413",1,1,0
"S00090414",0,0,0
"S00090415",3,1,2
"S00090416",4,3,1
"S00090417",0,0,0
"S00090418",2,0,2
"S00090419",1,0,1
"S00090420",1,0,1
"S00090421",2,1,1
"S00090422",0,0,0
"S00090423",3,3,0
"S00090424",1,0,1
"S00090425",1,0,1
"S00090426",0,0,0
"S00090427",0,0,0
"S00090428",6,4,2
"S00090429",7,4,3
"S00090430",3,1,2
"S00090431",7,3,4
"S00090432",7,2,5
"S00090433",0,0,0
"S00090434",6,4,2
"S00090435",0,0,0
"S00090436",0,0,0
"S00090437",0,0,0
"S00090438",0,0,0
"S00090439",0,0,0
"S00090440",8,4,4
"S00090441",1,0,1
"S00090442",1,1,0
"S00090443",0,0,0
"S00090444",1,0,1
"S00090445",3,1,2
"S00090446",0,0,0
"S00090447",1,0,1
"S00090448",0,0,0
"S00090449",1,1,0
"S00090450",0,0,0
"S00090451",0,0,0
"S00090452",0,0,0
"S00090453",0,0,0
"S00090454",1,1,0
"S00090455",0,0,0
"S00090456",0,0,0
"S00090457",0,0,0
"S00090458",0,0,0
"S00090459",0,0,0
"S00090460",0,0,0
"S00090461",0,0,0
"S00090462",5,4,1
"S00090463",4,1,3
"S00090464",0,0,0
"S00090465",0,0,0
"S00090466",0,0,0
"S00090467",0,0,0
"S00090468",3,2,1
"S00090469",0,0,0
"S00090470",0,0,0
"S00090471",0,0,0
"S00090472",2,0,2
"S00090473",0,0,0
"S00090474",1,1,0
"S00090475",1,1,0
"S00090476",2,2,0
"S00090477",0,0,0
"S00090478",0,0,0
"S00090479",0,0,0
"S00090480",0,0,0
"S00090481",0,0,0
"S00090482",1,1,0
"S00090483",0,0,0
"S00090484",1,0,1
"S00090485",0,0,0
"S00090486",0,0,0
"S00090487",0,0,0
"S00090488",0,0,0
"S00090489",0,0,0
"S00090490",0,0,0
"S00090491",0,0,0
"S00090492",0,0,0
"S00090493",0,0,0
"S00090494",0,0,0
"S00090495",0,0,0
"S00090496",1,0,1
"S00090497",1,0,1
"S00090498",0,0,0
"S00090499",2,1,1
"S00090500",0,0,0
"S00090501",1,1,0
"S00090502",0,0,0
"S00090503",0,0,0
"S00090504",2,1,1
"S00090505",1,1,0
"S00090506",0,0,0
"S00090507",0,0,0
"S00090508",0,0,0
"S00090509",8,4,4
"S00090510",5,3,2
"S00090511",1,1,0
"S00090512",2,2,0
"S00090513",0,0,0
"S00090514",0,0,0
"S00090515",1,0,1
"S00090516",0,0,0
"S00090517",2,1,1
"S00090518",0,0,0
"S00090519",0,0,0
"S00090520",0,0,0
"S00090521",0,0,0
"S00090522",1,0,1
"S00090523",4,2,2
"S00090524",1,1,0
"S00090525",0,0,0
"S00090526",0,0,0
"S00090527",1,1,0
"S00090528",2,0,2
"S00090529",0,0,0
"S00090530",3,1,2
"S00090531",0,0,0
"S00090532",0,0,0
"S00090533",0,0,0
"S00090534",0,0,0
"S00090535",1,0,1
"S00090536",0,0,0
"S00090537",0,0,0
"S00090538",0,0,0
"S00090539",0,0,0
"S00090540",0,0,0
"S00090541",1,1,0
"S00090542",1,0,1
"S00090543",1,0,1
"S00090544",0,0,0
"S00090545",2,0,2
"S00090546",0,0,0
"S00090547",0,0,0
"S00090548",1,0,1
"S00090549",0,0,0
"S00090550",0,0,0
"S00090551",0,0,0
"S00090552",0,0,0
"S00090553",0,0,0
"S00090554",0,0,0
"S00090555",1,1,0
"S00090556",6,5,1
"S00090557",0,0,0
"S00090558",0,0,0
"S00090559",0,0,0
"S00090560",0,0,0
"S00090561",0,0,0
"S00090562",0,0,0
"S00090563",1,0,1
"S00090564",0,0,0
"S00090565",1,0,1
"S00090566",0,0,0
"S00090567",0,0,0
"S00090568",1,1,0
"S00090569",3,1,2
"S00090570",0,0,0
"S00090571",0,0,0
"S00090572",1,1,0
"S00090573",0,0,0
"S00090574",0,0,0
"S00090575",0,0,0
"S00090576",2,0,2
"S00090577",1,1,0
"S00090578",0,0,0
"S00090579",0,0,0
"S00090580",1,0,1
"S00090581",0,0,0
"S00090582",1,1,0
"S00090583",0,0,0
"S00090584",3,3,0
"S00090585",5,4,1
"S00090586",0,0,0
"S00090587",2,0,2
"S00090588",1,1,0
"S00090589",0,0,0
"S00090590",0,0,0
"S00090591",0,0,0
"S00090592",0,0,0
"S00090593",0,0,0
"S00090594",0,0,0
"S00090595",0,0,0
"S00090596",0,0,0
"S00090597",0,0,0
"S00090598",0,0,0
"S00090599",0,0,0
"S00090600",0,0,0
"S00090601",0,0,0
"S00090602",0,0,0
"S00090603",1,1,0
"S00090604",0,0,0
"S00090605",1,1,0
"S00090606",0,0,0
"S00090607",0,0,0
"S00090608",0,0,0
"S00090609",0,0,0
"S00090610",0,0,0
"S00090611",0,0,0
"S00090612",0,0,0
"S00090613",0,0,0
"S00090614",0,0,0
"S00090615",2,2,0
"S00090616",0,0,0
"S00090617",0,0,0
"S00090618",0,0,0
"S00090619",0,0,0
"S00090620",0,0,0
"S00090621",0,0,0
"S00090622",0,0,0
"S00090623",0,0,0
"S00090624",0,0,0
"S00090625",1,0,1
"S00090626",5,4,1
"S00090627",0,0,0
"S00090628",1,0,1
"S00090629",0,0,0
"S00090630",0,0,0
"S00090631",0,0,0
"S00090632",0,0,0
"S00090633",2,2,0
"S00090634",0,0,0
"S00090635",0,0,0
"S00090636",0,0,0
"S00090637",0,0,0
"S00090638",0,0,0
"S00090639",2,2,0
"S00090640",0,0,0
"S00090641",0,0,0
"S00090642",0,0,0
"S00090643",0,0,0
"S00090644",0,0,0
"S00090645",0,0,0
"S00090646",0,0,0
"S00090647",0,0,0
"S00090648",0,0,0
"S00090649",0,0,0
"S00090650",0,0,0
"S00090651",0,0,0
"S00090652",2,2,0
"S00090653",0,0,0
"S00090654",4,3,1
"S00090655",0,0,0
"S00090656",0,0,0
"S00090657",0,0,0
"S00090658",1,1,0
"S00090659",0,0,0
"S00090660",1,1,0
"S00090661",0,0,0
"S00090662",0,0,0
"S00090663",9,1,8
"S00090664",7,3,4
"S00090665",5,2,3
"S00090666",5,4,1
"S00090667",6,4,2
"S00090668",11,7,4
"S00090669",4,2,2
"S00090670",1,1,0
"S00090671",0,0,0
"S00090672",1,0,1
"S00090673",0,0,0
"S00090674",0,0,0
"S00090675",2,1,1
"S00090676",0,0,0
"S00090677",0,0,0
"S00090678",0,0,0
"S00090679",0,0,0
"S00090680",0,0,0
"S00090681",0,0,0
"S00090682",0,0,0
"S00090683",1,1,0
"S00090684",0,0,0
"S00090685",1,0,1
"S00090686",0,0,0
"S00090687",0,0,0
"S00090688",0,0,0
"S00090689",0,0,0
"S00090690",4,2,2
"S00090691",0,0,0
"S00090692",2,2,0
"S00090693",0,0,0
"S00090694",0,0,0
"S00090695",0,0,0
"S00090696",1,0,1
"S00090697",0,0,0
"S00090698",0,0,0
"S00090699",0,0,0
"S00090700",0,0,0
"S00090701",16,7,9
"S00090702",0,0,0
"S00090703",0,0,0
"S00090704",0,0,0
"S00090705",0,0,0
"S00090706",0,0,0
"S00090707",0,0,0
"S00090708",0,0,0
"S00090709",0,0,0
"S00090710",0,0,0
"S00090711",0,0,0
"S00090712",1,0,1
"S00090713",3,2,1
"S00090714",1,0,1
"S00090715",2,2,0
"S00090716",0,0,0
"S00090717",0,0,0
"S00090718",0,0,0
"S00090719",2,0,2
"S00090720",0,0,0
"S00090721",0,0,0
"S00090722",0,0,0
"S00090723",0,0,0
"S00090724",0,0,0
"S00090725",0,0,0
"S00090726",0,0,0
"S00090727",2,2,0
"S00090728",0,0,0
"S00090729",1,1,0
"S00090730",0,0,0
"S00090731",0,0,0
"S00090732",2,0,2
"S00090733",0,0,0
"S00090734",0,0,0
"S00090735",0,0,0
"S00090736",0,0,0
"S00090737",0,0,0
"S00090738",0,0,0
"S00090739",0,0,0
"S00090740",0,0,0
"S00090741",1,1,0
"S00090742",0,0,0
"S00090743",0,0,0
"S00090744",0,0,0
"S00090745",0,0,0
"S00090746",0,0,0
"S00090747",1,0,1
"S00090748",1,1,0
"S00090749",1,1,0
"S00090750",0,0,0
"S00090751",0,0,0
"S00090752",4,2,2
"S00090753",11,6,5
"S00090754",5,4,1
"S00090755",9,7,2
"S00090756",0,0,0
"S00090757",1,0,1
"S00090758",0,0,0
"S00090759",0,0,0
"S00090760",3,1,2
"S00090761",0,0,0
"S00090762",3,0,3
"S00090763",1,1,0
"S00090764",1,0,1
"S00090765",0,0,0
"S00090766",2,1,1
"S00090767",2,0,2
"S00090768",2,0,2
"S00090769",1,0,1
"S00090770",0,0,0
"S00090771",0,0,0
"S00090772",0,0,0
"S00090773",0,0,0
"S00090774",0,0,0
"S00090775",0,0,0
"S00090776",0,0,0
"S00090777",1,0,1
"S00090778",0,0,0
"S00090779",0,0,0
"S00090780",0,0,0
"S00090781",0,0,0
"S00090782",0,0,0
"S00090783",0,0,0
"S00090784",0,0,0
"S00090785",0,0,0
"S00090786",0,0,0
"S00090787",0,0,0
"S00090788",1,0,1
"S00090789",0,0,0
"S00090790",0,0,0
"S00090791",0,0,0
"S00090792",0,0,0
"S00090793",0,0,0
"S00090794",0,0,0
"S00090795",0,0,0
"S00090796",0,0,0
"S00090797",0,0,0
"S00090798",0,0,0
"S00090799",0,0,0
"S00090800",0,0,0
"S00090801",0,0,0
"S00090802",2,0,2
"S00090803",0,0,0
"S00090804",0,0,0
"S00090805",0,0,0
"S00090806",0,0,0
"S00090807",0,0,0
"S00090808",1,1,0
"S00090809",0,0,0
"S00090810",0,0,0
"S00090811",0,0,0
"S00090812",1,0,1
"S00090813",0,0,0
"S00090814",0,0,0
"S00090815",0,0,0
"S00090816",2,2,0
"S00090817",3,1,2
"S00090818",0,0,0
"S00090819",0,0,0
"S00090820",0,0,0
"S00090821",0,0,0
"S00090822",1,1,0
"S00090823",3,0,3
"S00090824",0,0,0
"S00090825",4,2,2
"S00090826",1,0,1
"S00090827",0,0,0
"S00090828",1,1,0
"S00090829",1,1,0
"S00090830",1,0,1
"S00090831",0,0,0
"S00090832",0,0,0
"S00090833",0,0,0
"S00090834",0,0,0
"S00090835",1,1,0
"S00090836",0,0,0
"S00090837",3,3,0
"S00090838",2,2,0
"S00090839",0,0,0
"S00090840",1,0,1
"S00090841",1,0,1
"S00090842",0,0,0
"S00090843",0,0,0
"S00090844",0,0,0
"S00090845",0,0,0
"S00090846",1,1,0
"S00090847",1,0,1
"S00090848",0,0,0
"S00090849",1,0,1
"S00090850",0,0,0
"S00090851",2,1,1
"S00090852",0,0,0
"S00090853",0,0,0
"S00090854",1,0,1
"S00090855",1,0,1
"S00090856",2,1,1
"S00090857",0,0,0
"S00090858",0,0,0
"S00090859",0,0,0
"S00090860",0,0,0
"S00090861",0,0,0
"S00090862",0,0,0
"S00090863",0,0,0
"S00090864",0,0,0
"S00090865",1,0,1
"S00090866",0,0,0
"S00090867",1,1,0
"S00090868",0,0,0
"S00090869",0,0,0
"S00090870",1,1,0
"S00090871",1,1,0
"S00090872",1,0,1
"S00090873",0,0,0
"S00090874",0,0,0
"S00090875",0,0,0
"S00090876",0,0,0
"S00090877",0,0,0
"S00090878",0,0,0
"S00090879",0,0,0
"S00090880",1,1,0
"S00090881",0,0,0
"S00090882",1,1,0
"S00090883",0,0,0
"S00090884",0,0,0
"S00090885",0,0,0
"S00090886",0,0,0
"S00090887",1,1,0
"S00090888",3,2,1
"S00090889",1,0,1
"S00090890",8,5,3
"S00090891",1,0,1
"S00090892",1,0,1
"S00090893",1,1,0
"S00090894",1,0,1
"S00090895",2,1,1
"S00090896",5,3,2
"S00090897",0,0,0
"S00090898",1,0,1
"S00090899",5,4,1
"S00090900",3,1,2
"S00090901",1,0,1
"S00090902",0,0,0
"S00090903",0,0,0
"S00090904",5,2,3
"S00090905",1,1,0
"S00090906",0,0,0
"S00090907",1,1,0
"S00090908",1,1,0
"S00090909",0,0,0
"S00090910",0,0,0
"S00090911",0,0,0
"S00090912",1,1,0
"S00090913",0,0,0
"S00090914",0,0,0
"S00090915",0,0,0
"S00090916",3,3,0
"S00090917",3,2,1
"S00090918",0,0,0
"S00090919",0,0,0
"S00090920",2,0,2
"S00090921",0,0,0
"S00090922",1,0,1
"S00090923",2,1,1
"S00090924",8,2,6
"S00090925",0,0,0
"S00090926",0,0,0
"S00090927",0,0,0
"S00090928",0,0,0
"S00090929",1,0,1
"S00090930",2,1,1
"S00090931",0,0,0
"S00090932",0,0,0
"S00090933",0,0,0
"S00090934",0,0,0
"S00090935",0,0,0
"S00090936",0,0,0
"S00090937",1,1,0
"S00090938",4,2,2
"S00090939",0,0,0
"S00090940",2,0,2
"S00090941",2,0,2
"S00090942",1,0,1
"S00090943",1,1,0
"S00090944",0,0,0
"S00090945",1,0,1
"S00090946",2,1,1
"S00090947",3,2,1
"S00090948",0,0,0
"S00090949",6,1,5
"S00090950",3,1,2
"S00090951",2,1,1
"S00090952",3,0,3
"S00090953",3,2,1
"S00090954",0,0,0
"S00090955",2,2,0
"S00090956",0,0,0
"S00090957",0,0,0
"S00090958",8,4,4
"S00090959",2,0,2
"S00090960",4,0,4
"S00090961",1,0,1
"S00090962",2,0,2
"S00090963",1,1,0
"S00090964",0,0,0
"S00090965",0,0,0
"S00090966",0,0,0
"S00090967",0,0,0
"S00090968",1,0,1
"S00090969",1,0,1
"S00090970",0,0,0
"S00090971",0,0,0
"S00090972",1,0,1
"S00090973",0,0,0
"S00090974",0,0,0
"S00090975",1,1,0
"S00090976",0,0,0
"S00090977",1,1,0
"S00090978",3,2,1
"S00090979",2,1,1
"S00090980",2,1,1
"S00090981",0,0,0
"S00090982",1,0,1
"S00090983",1,1,0
"S00090984",3,0,3
"S00090985",1,1,0
"S00090986",0,0,0
"S00090987",0,0,0
"S00090988",0,0,0
"S00090989",0,0,0
"S00090990",1,0,1
"S00090991",4,1,3
"S00090992",5,2,3
"S00090993",0,0,0
"S00090994",5,2,3
"S00090995",3,2,1
"S00090996",4,1,3
"S00090997",0,0,0
"S00090998",4,2,2
"S00090999",1,0,1
"S00091000",0,0,0
"S00091001",2,1,1
"S00091002",0,0,0
"S00091003",4,1,3
"S00091004",0,0,0
"S00091005",2,1,1
"S00091006",1,0,1
"S00091007",2,1,1
"S00091008",2,0,2
"S00091009",0,0,0
"S00091010",3,2,1
"S00091011",1,1,0
"S00091012",0,0,0
"S00091013",1,0,1
"S00091014",1,0,1
"S00091015",2,1,1
"S00091016",1,0,1
"S00091017",0,0,0
"S00091018",0,0,0
"S00091019",1,1,0
"S00091020",0,0,0
"S00091021",0,0,0
"S00091022",0,0,0
"S00091023",1,0,1
"S00091024",3,1,2
"S00091025",2,0,2
"S00091026",2,1,1
"S00091027",0,0,0
"S00091028",5,4,1
"S00091029",2,0,2
"S00091030",0,0,0
"S00091031",5,3,2
"S00091032",3,1,2
"S00091033",0,0,0
"S00091034",1,0,1
"S00091035",0,0,0
"S00091036",4,2,2
"S00091037",2,1,1
"S00091038",2,1,1
"S00091039",1,1,0
"S00091040",2,1,1
"S00091041",2,0,2
"S00091042",0,0,0
"S00091043",3,1,2
"S00091044",1,1,0
"S00091045",0,0,0
"S00091046",1,1,0
"S00091047",3,2,1
"S00091048",1,1,0
"S00091049",1,1,0
"S00091050",2,2,0
"S00091051",2,2,0
"S00091052",2,1,1
"S00091053",3,2,1
"S00091054",0,0,0
"S00091055",0,0,0
"S00091056",1,0,1
"S00091057",1,0,1
"S00091058",1,1,0
"S00091059",4,1,3
"S00091060",0,0,0
"S00091061",0,0,0
"S00091062",6,2,4
"S00091063",7,3,4
"S00091064",0,0,0
"S00091065",1,0,1
"S00091066",1,0,1
"S00091067",1,0,1
"S00091068",1,1,0
"S00091069",0,0,0
"S00091070",1,0,1
"S00091071",0,0,0
"S00091072",4,2,2
"S00091073",4,2,2
"S00091074",3,2,1
"S00091075",0,0,0
"S00091076",1,1,0
"S00091077",3,2,1
"S00091078",0,0,0
"S00091079",3,2,1
"S00091080",1,0,1
"S00091081",3,1,2
"S00091082",4,3,1
"S00091083",3,3,0
"S00091084",0,0,0
"S00091085",0,0,0
"S00091086",1,1,0
"S00091087",1,0,1
"S00091088",1,0,1
"S00091089",2,1,1
"S00091090",5,3,2
"S00091091",0,0,0
"S00091092",3,0,3
"S00091093",1,1,0
"S00091094",0,0,0
"S00091095",1,0,1
"S00091096",1,0,1
"S00091097",0,0,0
"S00091098",2,0,2
"S00091099",2,0,2
"S00091100",2,0,2
"S00091101",0,0,0
"S00091102",0,0,0
"S00091103",0,0,0
"S00091104",0,0,0
"S00091105",1,0,1
"S00091106",0,0,0
"S00091107",3,3,0
"S00091108",2,0,2
"S00091109",0,0,0
"S00091110",1,1,0
"S00091111",1,1,0
"S00091112",0,0,0
"S00091113",0,0,0
"S00091114",0,0,0
"S00091115",2,0,2
"S00091116",2,1,1
"S00091117",3,3,0
"S00091118",7,3,4
"S00091119",1,1,0
"S00091120",2,0,2
"S00091121",3,1,2
"S00091122",0,0,0
"S00091123",0,0,0
"S00091124",0,0,0
"S00091125",5,2,3
"S00091126",5,1,4
"S00091127",0,0,0
"S00091128",0,0,0
"S00091129",0,0,0
"S00091130",3,3,0
"S00091131",6,4,2
"S00091132",2,0,2
"S00091133",3,3,0
"S00091134",3,0,3
"S00091135",1,1,0
"S00091136",7,5,2
"S00091137",10,6,4
"S00091138",7,3,4
"S00091139",1,1,0
"S00091140",4,0,4
"S00091141",0,0,0
"S00091142",2,1,1
"S00091143",3,3,0
"S00091144",0,0,0
"S00091145",7,4,3
"S00091146",1,0,1
"S00091147",6,5,1
"S00091148",0,0,0
"S00091149",5,2,3
"S00091150",0,0,0
"S00091151",7,4,3
"S00091152",0,0,0
"S00091153",3,0,3
"S00091154",1,1,0
"S00091155",3,1,2
"S00091156",2,0,2
"S00091157",6,4,2
"S00091158",5,1,4
"S00091159",3,0,3
"S00091160",5,1,4
"S00091161",1,0,1
"S00091162",0,0,0
"S00091163",1,1,0
"S00091164",0,0,0
"S00091165",3,2,1
"S00091166",3,1,2
"S00091167",1,0,1
"S00091168",3,1,2
"S00091169",3,2,1
"S00091170",6,2,4
"S00091171",4,2,2
"S00091172",1,0,1
"S00091173",4,1,3
"S00091174",3,2,1
"S00091175",2,1,1
"S00091176",2,0,2
"S00091177",0,0,0
"S00091178",1,1,0
"S00091179",0,0,0
"S00091180",0,0,0
"S00091181",2,0,2
"S00091182",0,0,0
"S00091183",0,0,0
"S00091184",0,0,0
"S00091185",4,2,2
"S00091186",7,5,2
"S00091187",0,0,0
"S00091188",1,0,1
"S00091189",0,0,0
"S00091190",0,0,0
"S00091191",12,7,5
"S00091192",1,1,0
"S00091193",0,0,0
"S00091194",1,0,1
"S00091195",0,0,0
"S00091196",3,1,2
"S00091197",4,1,3
"S00091198",0,0,0
"S00091199",1,0,1
"S00091200",0,0,0
"S00091201",6,3,3
"S00091202",3,3,0
"S00091203",5,2,3
"S00091204",1,1,0
"S00091205",0,0,0
"S00091206",0,0,0
"S00091207",2,1,1
"S00091208",2,1,1
"S00091209",2,0,2
"S00091210",3,1,2
"S00091211",5,2,3
"S00091212",0,0,0
"S00091213",2,0,2
"S00091214",2,1,1
"S00091215",2,1,1
"S00091216",3,2,1
"S00091217",1,0,1
"S00091218",4,2,2
"S00091219",0,0,0
"S00091220",2,1,1
"S00091221",4,2,2
"S00091222",0,0,0
"S00091223",2,0,2
"S00091224",2,0,2
"S00091225",3,0,3
"S00091226",5,4,1
"S00091227",9,5,4
"S00091228",9,6,3
"S00091229",1,0,1
"S00091230",4,2,2
"S00091231",4,0,4
"S00091232",0,0,0
"S00091233",0,0,0
"S00091234",3,2,1
"S00091235",3,0,3
"S00091236",0,0,0
"S00091237",0,0,0
"S00091238",0,0,0
"S00091239",0,0,0
"S00091240",0,0,0
"S00091241",0,0,0
"S00091242",0,0,0
"S00091243",1,0,1
"S00091244",3,2,1
"S00091245",0,0,0
"S00091246",1,0,1
"S00091247",2,2,0
"S00091248",0,0,0
"S00091249",1,1,0
"S00091250",2,1,1
"S00091251",1,1,0
"S00091252",2,2,0
"S00091253",3,2,1
"S00091254",0,0,0
"S00091255",1,0,1
"S00091256",3,0,3
"S00091257",0,0,0
"S00091258",0,0,0
"S00091259",7,1,6
"S00091260",2,2,0
"S00091261",0,0,0
"S00091262",0,0,0
"S00091263",1,0,1
"S00091264",0,0,0
"S00091265",3,1,2
"S00091266",0,0,0
"S00091267",1,0,1
"S00091268",0,0,0
"S00091269",1,0,1
"S00091270",5,1,4
"S00091271",2,1,1
"S00091272",3,2,1
"S00091273",3,3,0
"S00091274",2,0,2
"S00091275",1,0,1
"S00091276",1,0,1
"S00091277",1,1,0
"S00091278",0,0,0
"S00091279",2,1,1
"S00091280",5,4,1
"S00091281",0,0,0
"S00091282",0,0,0
"S00091283",1,0,1
"S00091284",3,0,3
"S00091285",3,2,1
"S00091286",4,3,1
"S00091287",1,1,0
"S00091288",4,3,1
"S00091289",3,1,2
"S00091290",2,1,1
"S00091291",5,1,4
"S00091292",0,0,0
"S00091293",2,1,1
"S00091294",1,1,0
"S00091295",2,2,0
"S00091296",1,0,1
"S00091297",1,0,1
"S00091298",0,0,0
"S00091299",1,1,0
"S00091300",2,0,2
"S00091301",0,0,0
"S00091302",2,1,1
"S00091303",1,0,1
"S00091304",1,0,1
"S00091305",2,0,2
"S00091306",1,1,0
"S00091307",1,0,1
"S00091308",0,0,0
"S00091309",0,0,0
"S00091310",0,0,0
"S00091311",1,0,1
"S00091312",2,1,1
"S00091313",1,1,0
"S00091314",0,0,0
"S00091315",3,0,3
"S00091316",0,0,0
"S00091317",6,1,5
"S00091318",6,5,1
"S00091319",6,2,4
"S00091320",8,4,4
"S00091321",6,2,4
"S00091322",4,3,1
"S00091323",0,0,0
"S00091324",1,1,0
"S00091325",0,0,0
"S00091326",2,2,0
"S00091327",1,1,0
"S00091328",2,1,1
"S00091329",4,3,1
"S00091330",3,1,2
"S00091331",2,2,0
"S00091332",3,1,2
"S00091333",8,4,4
"S00091334",0,0,0
"S00091335",0,0,0
"S00091336",0,0,0
"S00091337",0,0,0
"S00091338",5,0,5
"S00091339",0,0,0
"S00091340",1,0,1
"S00091341",1,1,0
"S00091342",4,1,3
"S00091343",8,4,4
"S00091344",1,0,1
"S00091345",2,2,0
"S00091346",4,4,0
"S00091347",0,0,0
"S00091348",0,0,0
"S00091349",6,2,4
"S00091350",1,0,1
"S00091351",3,2,1
"S00091352",2,0,2
"S00091353",0,0,0
"S00091354",0,0,0
"S00091355",1,1,0
"S00091356",2,2,0
"S00091357",1,0,1
"S00091358",1,0,1
"S00091359",1,1,0
"S00091360",1,0,1
"S00091361",0,0,0
"S00091362",1,1,0
"S00091363",1,1,0
"S00091364",0,0,0
"S00091365",2,2,0
"S00091366",5,3,2
"S00091367",2,1,1
"S00091368",2,0,2
"S00091369",5,4,1
"S00091370",2,2,0
"S00091371",4,2,2
"S00091372",2,0,2
"S00091373",3,1,2
"S00091374",1,0,1
"S00091375",0,0,0
"S00091376",2,1,1
"S00091377",4,1,3
"S00091378",7,1,6
"S00091379",5,2,3
"S00091380",8,4,4
"S00091381",3,2,1
"S00091382",9,8,1
"S00091383",15,10,5
"S00091384",1,1,0
"S00091385",0,0,0
"S00091386",6,5,1
"S00091387",2,2,0
"S00091388",10,5,5
"S00091389",0,0,0
"S00091390",1,0,1
"S00091391",2,1,1
"S00091392",8,2,6
"S00091393",2,1,1
"S00091394",3,2,1
"S00091395",6,1,5
"S00091396",7,1,6
"S00091397",1,0,1
"S00091398",2,2,0
"S00091399",1,0,1
"S00091400",3,0,3
"S00091401",8,4,4
"S00091402",1,1,0
"S00091403",3,1,2
"S00091404",1,0,1
"S00091405",3,0,3
"S00091406",3,3,0
"S00091407",8,5,3
"S00091408",4,1,3
"S00091409",5,4,1
"S00091410",2,1,1
"S00091411",2,1,1
"S00091412",1,1,0
"S00091413",6,2,4
"S00091414",5,2,3
"S00091415",2,2,0
"S00091416",2,2,0
"S00091417",2,1,1
"S00091418",2,1,1
"S00091419",0,0,0
"S00091420",2,2,0
"S00091421",2,1,1
"S00091422",1,1,0
"S00091423",3,3,0
"S00091424",7,2,5
"S00091425",1,0,1
"S00091426",2,0,2
"S00091427",2,2,0
"S00091428",1,0,1
"S00091429",2,2,0
"S00091430",0,0,0
"S00091431",0,0,0
"S00091432",5,4,1
"S00091433",0,0,0
"S00091434",1,0,1
"S00091435",0,0,0
"S00091436",1,0,1
"S00091437",1,0,1
"S00091438",2,0,2
"S00091439",2,1,1
"S00091440",5,0,5
"S00091441",1,0,1
"S00091442",0,0,0
"S00091443",0,0,0
"S00091444",3,2,1
"S00091445",6,3,3
"S00091446",1,0,1
"S00091447",1,1,0
"S00091448",0,0,0
"S00091449",2,2,0
"S00091450",2,2,0
"S00091451",1,0,1
"S00091452",0,0,0
"S00091453",1,0,1
"S00091454",2,1,1
"S00091455",0,0,0
"S00091456",3,0,3
"S00091457",2,0,2
"S00091458",3,3,0
"S00091459",0,0,0
"S00091460",0,0,0
"S00091461",0,0,0
"S00091462",1,1,0
"S00091463",0,0,0
"S00091464",0,0,0
"S00091465",1,1,0
"S00091466",0,0,0
"S00091467",0,0,0
"S00091468",0,0,0
"S00091469",1,0,1
"S00091470",1,0,1
"S00091471",0,0,0
"S00091472",0,0,0
"S00091473",0,0,0
"S00091474",4,0,4
"S00091475",2,2,0
"S00091476",0,0,0
"S00091477",1,1,0
"S00091478",1,0,1
"S00091479",0,0,0
"S00091480",0,0,0
"S00091481",0,0,0
"S00091482",0,0,0
"S00091483",3,1,2
"S00091484",6,2,4
"S00091485",1,0,1
"S00091486",0,0,0
"S00091487",1,1,0
"S00091488",1,0,1
"S00091489",1,0,1
"S00091490",1,0,1
"S00091491",2,1,1
"S00091492",0,0,0
"S00091493",2,0,2
"S00091494",4,1,3
"S00091495",8,4,4
"S00091496",2,2,0
"S00091497",4,0,4
"S00091498",0,0,0
"S00091499",3,0,3
"S00091500",0,0,0
"S00091501",0,0,0
"S00091502",0,0,0
"S00091503",0,0,0
"S00091504",2,1,1
"S00091505",3,1,2
"S00091506",1,0,1
"S00091507",0,0,0
"S00091508",1,0,1
"S00091509",3,0,3
"S00091510",3,1,2
"S00091511",0,0,0
"S00091512",2,0,2
"S00091513",3,2,1
"S00091514",0,0,0
"S00091515",2,1,1
"S00091516",1,0,1
"S00091517",0,0,0
"S00091518",0,0,0
"S00091519",1,1,0
"S00091520",0,0,0
"S00091521",0,0,0
"S00091522",0,0,0
"S00091523",2,0,2
"S00091524",1,0,1
"S00091525",4,2,2
"S00091526",0,0,0
"S00091527",0,0,0
"S00091528",1,1,0
"S00091529",0,0,0
"S00091530",5,1,4
"S00091531",2,0,2
"S00091532",4,1,3
"S00091533",1,0,1
"S00091534",2,1,1
"S00091535",1,0,1
"S00091536",0,0,0
"S00091537",2,0,2
"S00091538",0,0,0
"S00091539",0,0,0
"S00091540",0,0,0
"S00091541",2,0,2
"S00091542",1,1,0
"S00091543",4,2,2
"S00091544",3,1,2
"S00091545",0,0,0
"S00091546",0,0,0
"S00091547",2,0,2
"S00091548",1,1,0
"S00091549",9,5,4
"S00091550",3,0,3
"S00091551",1,1,0
"S00091552",2,1,1
"S00091553",2,0,2
"S00091554",7,3,4
"S00091555",6,3,3
"S00091556",1,0,1
"S00091557",3,0,3
"S00091558",1,0,1
"S00091559",4,1,3
"S00091560",1,0,1
"S00091561",1,0,1
"S00091562",1,0,1
"S00091563",3,3,0
"S00091564",0,0,0
"S00091565",2,2,0
"S00091566",2,2,0
"S00091567",3,2,1
"S00091568",0,0,0
"S00091569",7,3,4
"S00091570",0,0,0
"S00091571",1,1,0
"S00091572",0,0,0
"S00091573",0,0,0
"S00091574",14,8,6
"S00091575",0,0,0
"S00091576",0,0,0
"S00091577",1,1,0
"S00091578",0,0,0
"S00091579",2,0,2
"S00091580",1,0,1
"S00091581",0,0,0
"S00091582",1,1,0
"S00091583",0,0,0
"S00091584",2,1,1
"S00091585",1,1,0
"S00091586",1,1,0
"S00091587",1,1,0
"S00091588",2,2,0
"S00091589",1,0,1
"S00091590",0,0,0
"S00091591",3,1,2
"S00091592",0,0,0
"S00091593",0,0,0
"S00091594",0,0,0
"S00091595",1,1,0
"S00091596",0,0,0
"S00091597",1,0,1
"S00091598",1,0,1
"S00091599",0,0,0
"S00091600",1,0,1
"S00091601",8,4,4
"S00091602",9,3,6
"S00091603",0,0,0
"S00091604",9,7,2
"S00091605",4,1,3
"S00091606",0,0,0
"S00091607",5,3,2
"S00091608",0,0,0
"S00091609",4,0,4
"S00091610",0,0,0
"S00091611",2,1,1
"S00091612",1,1,0
"S00091613",0,0,0
"S00091614",3,2,1
"S00091615",0,0,0
"S00091616",0,0,0
"S00091617",1,1,0
"S00091618",0,0,0
"S00091619",4,2,2
"S00091620",0,0,0
"S00091621",1,1,0
"S00091622",0,0,0
"S00091623",8,4,4
"S00091624",1,1,0
"S00091625",0,0,0
"S00091626",2,2,0
"S00091627",3,2,1
"S00091628",2,2,0
"S00091629",2,1,1
"S00091630",5,0,5
"S00091631",2,2,0
"S00091632",4,2,2
"S00091633",1,0,1
"S00091634",7,4,3
"S00091635",3,3,0
"S00091636",0,0,0
"S00091637",1,0,1
"S00091638",2,0,2
"S00091639",2,1,1
"S00091640",0,0,0
"S00091641",0,0,0
"S00091642",2,1,1
"S00091643",0,0,0
"S00091644",2,0,2
"S00091645",1,0,1
"S00091646",3,2,1
"S00091647",0,0,0
"S00091648",0,0,0
"S00091649",2,1,1
"S00091650",0,0,0
"S00091651",1,0,1
"S00091652",0,0,0
"S00091653",0,0,0
"S00091654",0,0,0
"S00091655",1,0,1
"S00091656",0,0,0
"S00091657",0,0,0
"S00091658",1,1,0
"S00091659",3,3,0
"S00091660",0,0,0
"S00091661",1,0,1
"S00091662",2,1,1
"S00091663",0,0,0
"S00091664",2,1,1
"S00091665",0,0,0
"S00091666",1,1,0
"S00091667",0,0,0
"S00091668",1,1,0
"S00091669",4,0,4
"S00091670",1,0,1
"S00091671",0,0,0
"S00091672",0,0,0
"S00091673",0,0,0
"S00091674",0,0,0
"S00091675",0,0,0
"S00091676",1,1,0
"S00091677",5,4,1
"S00091678",2,2,0
"S00091679",0,0,0
"S00091680",2,1,1
"S00091681",0,0,0
"S00091682",1,1,0
"S00091683",2,0,2
"S00091684",0,0,0
"S00091685",0,0,0
"S00091686",1,1,0
"S00091687",1,0,1
"S00091688",0,0,0
"S00091689",0,0,0
"S00091690",2,0,2
"S00091691",3,0,3
"S00091692",2,0,2
"S00091693",0,0,0
"S00091694",1,1,0
"S00091695",0,0,0
"S00091696",1,1,0
"S00091697",2,1,1
"S00091698",1,1,0
"S00091699",3,1,2
"S00091700",0,0,0
"S00091701",1,1,0
"S00091702",1,0,1
"S00091703",0,0,0
"S00091704",0,0,0
"S00091705",0,0,0
"S00091706",0,0,0
"S00091707",0,0,0
"S00091708",0,0,0
"S00091709",3,2,1
"S00091710",1,1,0
"S00091711",0,0,0
"S00091712",5,3,2
"S00091713",1,0,1
"S00091714",1,1,0
"S00091715",0,0,0
"S00091716",0,0,0
"S00091717",0,0,0
"S00091718",0,0,0
"S00091719",0,0,0
"S00091720",3,3,0
"S00091721",0,0,0
"S00091722",0,0,0
"S00091723",3,1,2
"S00091724",0,0,0
"S00091725",0,0,0
"S00091726",4,1,3
"S00091727",1,1,0
"S00091728",0,0,0
"S00091729",2,2,0
"S00091730",0,0,0
"S00091731",0,0,0
"S00091732",0,0,0
"S00091733",0,0,0
"S00091734",1,0,1
"S00091735",1,0,1
"S00091736",0,0,0
"S00091737",1,0,1
"S00091738",2,1,1
"S00091739",0,0,0
"S00091740",1,0,1
"S00091741",1,0,1
"S00091742",0,0,0
"S00091743",0,0,0
"S00091744",1,0,1
"S00091745",2,1,1
"S00091746",1,0,1
"S00091747",0,0,0
"S00091748",0,0,0
"S00091749",0,0,0
"S00091750",1,0,1
"S00091751",2,1,1
"S00091752",1,1,0
"S00091753",3,1,2
"S00091754",0,0,0
"S00091755",1,1,0
"S00091756",2,1,1
"S00091757",3,2,1
"S00091758",2,1,1
"S00091759",0,0,0
"S00091760",5,3,2
"S00091761",5,1,4
"S00091762",5,2,3
"S00091763",0,0,0
"S00091764",0,0,0
"S00091765",6,2,4
"S00091766",0,0,0
"S00091767",0,0,0
"S00091768",5,3,2
"S00091769",3,2,1
"S00091770",4,1,3
"S00091771",2,0,2
"S00091772",1,1,0
"S00091773",0,0,0
"S00091774",0,0,0
"S00091775",4,2,2
"S00091776",1,0,1
"S00091777",1,1,0
"S00091778",0,0,0
"S00091779",3,1,2
"S00091780",0,0,0
"S00091781",0,0,0
"S00091782",0,0,0
"S00091783",0,0,0
"S00091784",1,0,1
"S00091785",3,2,1
"S00091786",2,1,1
"S00091787",0,0,0
"S00091788",1,0,1
"S00091789",1,1,0
"S00091790",0,0,0
"S00091791",0,0,0
"S00091792",0,0,0
"S00091793",4,2,2
"S00091794",1,1,0
"S00091795",0,0,0
"S00091796",0,0,0
"S00091797",1,1,0
"S00091798",2,1,1
"S00091799",1,0,1
"S00091800",2,1,1
"S00091801",1,0,1
"S00091802",0,0,0
"S00091803",0,0,0
"S00091804",0,0,0
"S00091805",4,1,3
"S00091806",1,0,1
"S00091807",0,0,0
"S00091808",0,0,0
"S00091809",4,2,2
"S00091810",0,0,0
"S00091811",1,0,1
"S00091812",0,0,0
"S00091813",1,0,1
"S00091814",0,0,0
"S00091815",0,0,0
"S00091816",0,0,0
"S00091817",5,2,3
"S00091818",0,0,0
"S00091819",0,0,0
"S00091820",1,1,0
"S00091821",0,0,0
"S00091822",1,1,0
"S00091823",1,1,0
"S00091824",1,0,1
"S00091825",0,0,0
"S00091826",1,0,1
"S00091827",2,1,1
"S00091828",0,0,0
"S00091829",0,0,0
"S00091830",0,0,0
"S00091831",1,0,1
"S00091832",3,2,1
"S00091833",1,1,0
"S00091834",0,0,0
"S00091835",1,0,1
"S00091836",1,0,1
"S00091837",0,0,0
"S00091838",1,0,1
"S00091839",0,0,0
"S00091840",1,1,0
"S00091841",0,0,0
"S00091842",1,0,1
"S00091843",0,0,0
"S00091844",6,5,1
"S00091845",4,2,2
"S00091846",0,0,0
"S00091847",1,0,1
"S00091848",1,0,1
"S00091849",0,0,0
"S00091850",0,0,0
"S00091851",0,0,0
"S00091852",1,0,1
"S00091853",0,0,0
"S00091854",4,3,1
"S00091855",0,0,0
"S00091856",2,0,2
"S00091857",0,0,0
"S00091858",0,0,0
"S00091859",0,0,0
"S00091860",3,1,2
"S00091861",1,1,0
"S00091862",2,1,1
"S00091863",0,0,0
"S00091864",3,0,3
"S00091865",0,0,0
"S00091866",1,1,0
"S00091867",0,0,0
"S00091868",1,1,0
"S00091869",0,0,0
"S00091870",0,0,0
"S00091871",1,1,0
"S00091872",1,0,1
"S00091873",0,0,0
"S00091874",0,0,0
"S00091875",0,0,0
"S00091876",1,1,0
"S00091877",0,0,0
"S00091878",0,0,0
"S00091879",0,0,0
"S00091880",1,1,0
"S00091881",0,0,0
"S00091882",0,0,0
"S00091883",1,0,1
"S00091884",2,1,1
"S00091885",0,0,0
"S00091886",1,0,1
"S00091887",0,0,0
"S00091888",0,0,0
"S00091889",0,0,0
"S00091890",0,0,0
"S00091891",3,2,1
"S00091892",3,2,1
"S00091893",0,0,0
"S00091894",0,0,0
"S00091895",0,0,0
"S00091896",0,0,0
"S00091897",0,0,0
"S00091898",1,1,0
"S00091899",1,0,1
"S00091900",0,0,0
"S00091901",0,0,0
"S00091902",0,0,0
"S00091903",0,0,0
"S00091904",0,0,0
"S00091905",1,0,1
"S00091906",1,1,0
"S00091907",0,0,0
"S00091908",0,0,0
"S00091909",0,0,0
"S00091910",0,0,0
"S00091911",0,0,0
"S00091912",0,0,0
"S00091913",1,1,0
"S00091914",0,0,0
"S00091915",0,0,0
"S00091916",0,0,0
"S00091917",0,0,0
"S00091918",0,0,0
"S00091919",0,0,0
"S00091920",0,0,0
"S00091921",0,0,0
"S00091922",0,0,0
"S00091923",0,0,0
"S00091924",2,1,1
"S00091925",0,0,0
"S00091926",1,0,1
"S00091927",2,1,1
"S00091928",2,2,0
"S00091929",0,0,0
"S00091930",0,0,0
"S00091931",0,0,0
"S00091932",0,0,0
"S00091933",0,0,0
"S00091934",0,0,0
"S00091935",1,1,0
"S00091936",0,0,0
"S00091937",1,1,0
"S00091938",2,2,0
"S00091939",0,0,0
"S00091940",0,0,0
"S00091941",2,0,2
"S00091942",0,0,0
"S00091943",0,0,0
"S00091944",0,0,0
"S00091945",0,0,0
"S00091946",1,0,1
"S00091947",1,0,1
"S00091948",0,0,0
"S00091949",0,0,0
"S00091950",0,0,0
"S00091951",0,0,0
"S00091952",0,0,0
"S00091953",3,2,1
"S00091954",1,1,0
"S00091955",0,0,0
"S00091956",0,0,0
"S00091957",0,0,0
"S00091958",0,0,0
"S00091959",1,0,1
"S00091960",0,0,0
"S00091961",0,0,0
"S00091962",0,0,0
"S00091963",0,0,0
"S00091964",1,1,0
"S00091965",0,0,0
"S00091966",0,0,0
"S00091967",0,0,0
"S00091968",1,0,1
"S00091969",0,0,0
"S00091970",1,1,0
"S00091971",0,0,0
"S00091972",1,0,1
"S00091973",0,0,0
"S00091974",0,0,0
"S00091975",3,1,2
"S00091976",1,0,1
"S00091977",0,0,0
"S00091978",0,0,0
"S00091979",0,0,0
"S00091980",0,0,0
"S00091981",1,0,1
"S00091982",0,0,0
"S00091983",0,0,0
"S00091984",0,0,0
"S00091985",3,2,1
"S00091986",0,0,0
"S00091987",0,0,0
"S00091988",0,0,0
"S00091989",0,0,0
"S00091990",1,0,1
"S00091991",1,0,1
"S00091992",3,2,1
"S00091993",0,0,0
"S00091994",3,0,3
"S00091995",1,0,1
"S00091996",4,1,3
"S00091997",0,0,0
"S00091998",0,0,0
"S00091999",4,2,2
"S00092000",0,0,0
"S00092001",0,0,0
"S00092002",0,0,0
"S00092003",1,0,1
"S00092004",0,0,0
"S00092005",3,1,2
"S00092006",1,0,1
"S00092007",0,0,0
"S00092008",1,0,1
"S00092009",1,0,1
"S00092010",0,0,0
"S00092011",0,0,0
"S00092012",9,5,4
"S00092013",1,1,0
"S00092014",0,0,0
"S00092015",0,0,0
"S00092016",0,0,0
"S00092017",0,0,0
"S00092018",1,0,1
"S00092019",0,0,0
"S00092020",3,2,1
"S00092021",0,0,0
"S00092022",2,1,1
"S00092023",2,0,2
"S00092024",1,0,1
"S00092025",1,1,0
"S00092026",1,0,1
"S00092027",0,0,0
"S00092028",0,0,0
"S00092029",0,0,0
"S00092030",0,0,0
"S00092031",1,0,1
"S00092032",2,1,1
"S00092033",0,0,0
"S00092034",0,0,0
"S00092035",0,0,0
"S00092036",0,0,0
"S00092037",0,0,0
"S00092038",2,1,1
"S00092039",1,0,1
"S00092040",1,1,0
"S00092041",0,0,0
"S00092042",1,0,1
"S00092043",1,0,1
"S00092044",0,0,0
"S00092045",0,0,0
"S00092046",0,0,0
"S00092047",1,0,1
"S00092048",2,0,2
"S00092049",1,1,0
"S00092050",0,0,0
"S00092051",5,1,4
"S00092052",0,0,0
"S00092053",2,0,2
"S00092054",0,0,0
"S00092055",6,2,4
"S00092056",0,0,0
"S00092057",2,1,1
"S00092058",1,0,1
"S00092059",0,0,0
"S00092060",0,0,0
"S00092061",0,0,0
"S00092062",1,0,1
"S00092063",1,1,0
"S00092064",0,0,0
"S00092065",0,0,0
"S00092066",0,0,0
"S00092067",0,0,0
"S00092068",1,0,1
"S00092069",0,0,0
"S00092070",0,0,0
"S00092071",0,0,0
"S00092072",0,0,0
"S00092073",4,1,3
"S00092074",2,1,1
"S00092075",0,0,0
"S00092076",1,0,1
"S00092077",2,2,0
"S00092078",0,0,0
"S00092079",0,0,0
"S00092080",3,3,0
"S00092081",0,0,0
"S00092082",5,2,3
"S00092083",0,0,0
"S00092084",2,1,1
"S00092085",1,0,1
"S00092086",1,0,1
"S00092087",2,2,0
"S00092088",1,1,0
"S00092089",0,0,0
"S00092090",0,0,0
"S00092091",1,1,0
"S00092092",1,0,1
"S00092093",0,0,0
"S00092094",0,0,0
"S00092095",0,0,0
"S00092096",4,3,1
"S00092097",0,0,0
"S00092098",0,0,0
"S00092099",3,0,3
"S00092100",0,0,0
"S00092101",0,0,0
"S00092102",0,0,0
"S00092103",1,1,0
"S00092104",0,0,0
"S00092105",0,0,0
"S00092106",2,1,1
"S00092107",1,1,0
"S00092108",3,1,2
"S00092109",1,1,0
"S00092110",1,1,0
"S00092111",0,0,0
"S00092112",1,1,0
"S00092113",0,0,0
"S00092114",0,0,0
"S00092115",1,1,0
"S00092116",0,0,0
"S00092117",0,0,0
"S00092118",2,1,1
"S00092119",1,0,1
"S00092120",1,1,0
"S00092121",0,0,0
"S00092122",0,0,0
"S00092123",1,1,0
"S00092124",0,0,0
"S00092125",1,0,1
"S00092126",2,1,1
"S00092127",1,0,1
"S00092128",1,0,1
"S00092129",0,0,0
"S00092130",1,1,0
"S00092131",0,0,0
"S00092132",3,2,1
"S00092133",0,0,0
"S00092134",1,1,0
"S00092135",2,0,2
"S00092136",0,0,0
"S00092137",0,0,0
"S00092138",0,0,0
"S00092139",0,0,0
"S00092140",0,0,0
"S00092141",0,0,0
"S00092142",5,2,3
"S00092143",0,0,0
"S00092144",3,1,2
"S00092145",1,0,1
"S00092146",3,2,1
"S00092147",2,2,0
"S00092148",0,0,0
"S00092149",0,0,0
"S00092150",0,0,0
"S00092151",2,1,1
"S00092152",0,0,0
"S00092153",0,0,0
"S00092154",1,1,0
"S00092155",1,0,1
"S00092156",0,0,0
"S00092157",0,0,0
"S00092158",0,0,0
"S00092159",0,0,0
"S00092160",0,0,0
"S00092161",3,0,3
"S00092162",0,0,0
"S00092163",0,0,0
"S00092164",0,0,0
"S00092165",1,1,0
"S00092166",0,0,0
"S00092167",2,2,0
"S00092168",1,0,1
"S00092169",0,0,0
"S00092170",1,0,1
"S00092171",0,0,0
"S00092172",5,3,2
"S00092173",0,0,0
"S00092174",0,0,0
"S00092175",0,0,0
"S00092176",0,0,0
"S00092177",4,1,3
"S00092178",2,1,1
"S00092179",0,0,0
"S00092180",1,0,1
"S00092181",0,0,0
"S00092182",0,0,0
"S00092183",0,0,0
"S00092184",1,1,0
"S00092185",2,1,1
"S00092186",0,0,0
"S00092187",4,0,4
"S00092188",0,0,0
"S00092189",1,1,0
"S00092190",0,0,0
"S00092191",1,1,0
"S00092192",0,0,0
"S00092193",4,2,2
"S00092194",1,0,1
"S00092195",0,0,0
"S00092196",1,0,1
"S00092197",0,0,0
"S00092198",0,0,0
"S00092199",0,0,0
"S00092200",0,0,0
"S00092201",0,0,0
"S00092202",2,0,2
"S00092203",2,1,1
"S00092204",0,0,0
"S00092205",1,0,1
"S00092206",0,0,0
"S00092207",5,3,2
"S00092208",0,0,0
"S00092209",2,1,1
"S00092210",0,0,0
"S00092211",0,0,0
"S00092212",1,1,0
"S00092213",0,0,0
"S00092214",1,1,0
"S00092215",0,0,0
"S00092216",2,0,2
"S00092217",0,0,0
"S00092218",1,1,0
"S00092219",2,2,0
"S00092220",0,0,0
"S00092221",4,3,1
"S00092222",4,3,1
"S00092223",1,0,1
"S00092224",0,0,0
"S00092225",0,0,0
"S00092226",2,1,1
"S00092227",3,1,2
"S00092228",1,0,1
"S00092229",0,0,0
"S00092230",0,0,0
"S00092231",0,0,0
"S00092232",0,0,0
"S00092233",3,1,2
"S00092234",1,0,1
"S00092235",2,1,1
"S00092236",8,4,4
"S00092237",2,1,1
"S00092238",6,3,3
"S00092239",5,3,2
"S00092240",1,0,1
"S00092241",1,0,1
"S00092242",0,0,0
"S00092243",0,0,0
"S00092244",0,0,0
"S00092245",2,2,0
"S00092246",4,0,4
"S00092247",2,1,1
"S00092248",1,0,1
"S00092249",2,0,2
"S00092250",0,0,0
"S00092251",0,0,0
"S00092252",3,2,1
"S00092253",0,0,0
"S00092254",0,0,0
"S00092255",0,0,0
"S00092256",0,0,0
"S00092257",0,0,0
"S00092258",0,0,0
"S00092259",0,0,0
"S00092260",1,0,1
"S00092261",1,0,1
"S00092262",5,1,4
"S00092263",2,0,2
"S00092264",0,0,0
"S00092265",2,2,0
"S00092266",3,1,2
"S00092267",2,2,0
"S00092268",1,1,0
"S00092269",0,0,0
"S00092270",1,1,0
"S00092271",2,0,2
"S00092272",1,0,1
"S00092273",0,0,0
"S00092274",3,0,3
"S00092275",3,1,2
"S00092276",1,1,0
"S00092277",3,2,1
"S00092278",1,0,1
"S00092279",0,0,0
"S00092280",0,0,0
"S00092281",0,0,0
"S00092282",0,0,0
"S00092283",2,0,2
"S00092284",1,0,1
"S00092285",0,0,0
"S00092286",2,1,1
"S00092287",3,1,2
"S00092288",0,0,0
"S00092289",1,0,1
"S00092290",0,0,0
"S00092291",1,0,1
"S00092292",2,1,1
"S00092293",0,0,0
"S00092294",0,0,0
"S00092295",0,0,0
"S00092296",0,0,0
"S00092297",0,0,0
"S00092298",5,1,4
"S00092299",1,0,1
"S00092300",0,0,0
"S00092301",0,0,0
"S00092302",1,1,0
"S00092303",3,1,2
"S00092304",0,0,0
"S00092305",0,0,0
"S00092306",1,1,0
"S00092307",1,0,1
"S00092308",0,0,0
"S00092309",0,0,0
"S00092310",0,0,0
"S00092311",0,0,0
"S00092312",3,0,3
"S00092313",0,0,0
"S00092314",0,0,0
"S00092315",0,0,0
"S00092316",1,1,0
"S00092317",5,2,3
"S00092318",1,0,1
"S00092319",1,1,0
"S00092320",1,0,1
"S00092321",0,0,0
"S00092322",5,3,2
"S00092323",0,0,0
"S00092324",2,2,0
"S00092325",3,0,3
"S00092326",1,0,1
"S00092327",0,0,0
"S00092328",1,0,1
"S00092329",1,1,0
"S00092330",1,0,1
"S00092331",1,1,0
"S00092332",1,1,0
"S00092333",0,0,0
"S00092334",0,0,0
"S00092335",0,0,0
"S00092336",0,0,0
"S00092337",0,0,0
"S00092338",1,0,1
"S00092339",1,0,1
"S00092340",0,0,0
"S00092341",2,0,2
"S00092342",5,1,4
"S00092343",3,2,1
"S00092344",0,0,0
"S00092345",2,1,1
"S00092346",4,3,1
"S00092347",0,0,0
"S00092348",0,0,0
"S00092349",2,2,0
"S00092350",2,1,1
"S00092351",1,0,1
"S00092352",3,2,1
"S00092353",2,1,1
"S00092354",1,1,0
"S00092355",2,2,0
"S00092356",0,0,0
"S00092357",1,1,0
"S00092358",1,0,1
"S00092359",2,1,1
"S00092360",4,0,4
"S00092361",0,0,0
"S00092362",0,0,0
"S00092363",1,0,1
"S00092364",3,2,1
"S00092365",1,0,1
"S00092366",6,3,3
"S00092367",2,1,1
"S00092368",3,2,1
"S00092369",1,0,1
"S00092370",3,1,2
"S00092371",1,1,0
"S00092372",0,0,0
"S00092373",0,0,0
"S00092374",1,1,0
"S00092375",2,1,1
"S00092376",2,1,1
"S00092377",1,0,1
"S00092378",1,1,0
"S00092379",0,0,0
"S00092380",0,0,0
"S00092381",0,0,0
"S00092382",1,0,1
"S00092383",0,0,0
"S00092384",1,0,1
"S00092385",0,0,0
"S00092386",4,3,1
"S00092387",1,0,1
"S00092388",3,1,2
"S00092389",0,0,0
"S00092390",0,0,0
"S00092391",0,0,0
"S00092392",4,1,3
"S00092393",0,0,0
"S00092394",3,1,2
"S00092395",1,0,1
"S00092396",0,0,0
"S00092397",1,1,0
"S00092398",2,1,1
"S00092399",6,4,2
"S00092400",10,7,3
"S00092401",6,1,5
"S00092402",1,0,1
"S00092403",0,0,0
"S00092404",0,0,0
"S00092405",1,0,1
"S00092406",3,2,1
"S00092407",7,3,4
"S00092408",3,1,2
"S00092409",1,1,0
"S00092410",1,0,1
"S00092411",0,0,0
"S00092412",5,1,4
"S00092413",1,0,1
"S00092414",5,3,2
"S00092415",4,2,2
"S00092416",5,4,1
"S00092417",3,2,1
"S00092418",9,6,3
"S00092419",0,0,0
"S00092420",2,1,1
"S00092421",1,0,1
"S00092422",2,1,1
"S00092423",0,0,0
"S00092424",0,0,0
"S00092425",5,2,3
"S00092426",3,0,3
"S00092427",0,0,0
"S00092428",1,1,0
"S00092429",1,0,1
"S00092430",0,0,0
"S00092431",4,2,2
"S00092432",1,1,0
"S00092433",1,1,0
"S00092434",1,1,0
"S00092435",0,0,0
"S00092436",1,1,0
"S00092437",1,0,1
"S00092438",0,0,0
"S00092439",0,0,0
"S00092440",1,1,0
"S00092441",6,1,5
"S00092442",0,0,0
"S00092443",0,0,0
"S00092444",1,1,0
"S00092445",0,0,0
"S00092446",5,2,3
"S00092447",0,0,0
"S00092448",1,0,1
"S00092449",5,3,2
"S00092450",14,7,7
"S00092451",0,0,0
"S00092452",0,0,0
"S00092453",1,0,1
"S00092454",0,0,0
"S00092455",1,1,0
"S00092456",0,0,0
"S00092457",0,0,0
"S00092458",5,1,4
"S00092459",0,0,0
"S00092460",1,1,0
"S00092461",0,0,0
"S00092462",0,0,0
"S00092463",0,0,0
"S00092464",0,0,0
"S00092465",0,0,0
"S00092466",3,2,1
"S00092467",1,0,1
"S00092468",1,0,1
"S00092469",0,0,0
"S00092470",1,1,0
"S00092471",1,1,0
"S00092472",0,0,0
"S00092473",1,1,0
"S00092474",0,0,0
"S00092475",0,0,0
"S00092476",0,0,0
"S00092477",6,4,2
"S00092478",0,0,0
"S00092479",1,0,1
"S00092480",0,0,0
"S00092481",0,0,0
"S00092482",1,0,1
"S00092483",3,1,2
"S00092484",1,1,0
"S00092485",0,0,0
"S00092486",0,0,0
"S00092487",1,0,1
"S00092488",0,0,0
"S00092489",3,0,3
"S00092490",0,0,0
"S00092491",0,0,0
"S00092492",1,1,0
"S00092493",1,1,0
"S00092494",4,3,1
"S00092495",0,0,0
"S00092496",3,1,2
"S00092497",0,0,0
"S00092498",0,0,0
"S00092499",1,0,1
"S00092500",2,1,1
"S00092501",1,0,1
"S00092502",3,1,2
"S00092503",2,1,1
"S00092504",1,0,1
"S00092505",0,0,0
"S00092506",8,3,5
"S00092507",5,3,2
"S00092508",3,2,1
"S00092509",3,1,2
"S00092510",4,2,2
"S00092511",1,0,1
"S00092512",1,0,1
"S00092513",0,0,0
"S00092514",0,0,0
"S00092515",0,0,0
"S00092516",0,0,0
"S00092517",4,3,1
"S00092518",1,1,0
"S00092519",1,1,0
"S00092520",1,0,1
"S00092521",1,0,1
"S00092522",1,0,1
"S00092523",2,0,2
"S00092524",1,1,0
"S00092525",0,0,0
"S00092526",0,0,0
"S00092527",0,0,0
"S00092528",4,0,4
"S00092529",1,0,1
"S00092530",1,0,1
"S00092531",1,0,1
"S00092532",5,2,3
"S00092533",1,0,1
"S00092534",7,2,5
"S00092535",6,4,2
"S00092536",0,0,0
"S00092537",4,3,1
"S00092538",2,1,1
"S00092539",10,4,6
"S00092540",2,1,1
"S00092541",3,2,1
"S00092542",0,0,0
"S00092543",0,0,0
"S00092544",0,0,0
"S00092545",2,0,2
"S00092546",2,0,2
"S00092547",4,1,3
"S00092548",0,0,0
"S00092549",1,0,1
"S00092550",2,1,1
"S00092551",1,1,0
"S00092552",0,0,0
"S00092553",3,1,2
"S00092554",1,1,0
"S00092555",3,2,1
"S00092556",0,0,0
"S00092557",6,3,3
"S00092558",0,0,0
"S00092559",0,0,0
"S00092560",1,1,0
"S00092561",1,0,1
"S00092562",1,1,0
"S00092563",1,1,0
"S00092564",0,0,0
"S00092565",2,2,0
"S00092566",0,0,0
"S00092567",0,0,0
"S00092568",2,2,0
"S00092569",4,1,3
"S00092570",2,2,0
"S00092571",2,1,1
"S00092572",1,1,0
"S00092573",6,2,4
"S00092574",1,0,1
"S00092575",5,2,3
"S00092576",0,0,0
"S00092577",0,0,0
"S00092578",3,2,1
"S00092579",1,1,0
"S00092580",4,3,1
"S00092581",1,1,0
"S00092582",0,0,0
"S00092583",2,0,2
"S00092584",1,1,0
"S00092585",3,1,2
"S00092586",7,4,3
"S00092587",3,1,2
"S00092588",8,6,2
"S00092589",2,0,2
"S00092590",4,1,3
"S00092591",2,1,1
"S00092592",3,2,1
"S00092593",1,1,0
"S00092594",0,0,0
"S00092595",3,1,2
"S00092596",1,0,1
"S00092597",0,0,0
"S00092598",0,0,0
"S00092599",0,0,0
"S00092600",1,0,1
"S00092601",2,0,2
"S00092602",4,1,3
"S00092603",4,3,1
"S00092604",4,2,2
"S00092605",0,0,0
"S00092606",3,1,2
"S00092607",0,0,0
"S00092608",1,0,1
"S00092609",1,0,1
"S00092610",2,0,2
"S00092611",4,2,2
"S00092612",5,3,2
"S00092613",1,0,1
"S00092614",1,1,0
"S00092615",1,1,0
"S00092616",1,1,0
"S00092617",0,0,0
"S00092618",3,0,3
"S00092619",2,2,0
"S00092620",2,0,2
"S00092621",2,0,2
"S00092622",0,0,0
"S00092623",1,1,0
"S00092624",1,0,1
"S00092625",1,1,0
"S00092626",1,0,1
"S00092627",3,1,2
"S00092628",1,0,1
"S00092629",0,0,0
"S00092630",2,1,1
"S00092631",1,0,1
"S00092632",1,0,1
"S00092633",1,0,1
"S00092634",1,0,1
"S00092635",0,0,0
"S00092636",0,0,0
"S00092637",0,0,0
"S00092638",3,1,2
"S00092639",6,3,3
"S00092640",2,0,2
"S00092641",6,0,6
"S00092642",2,2,0
"S00092643",3,2,1
"S00092644",1,0,1
"S00092645",0,0,0
"S00092646",4,3,1
"S00092647",14,6,8
"S00092648",4,3,1
"S00092649",10,5,5
"S00092650",4,4,0
"S00092651",7,3,4
"S00092652",0,0,0
"S00092653",0,0,0
"S00092654",0,0,0
"S00092655",0,0,0
"S00092656",1,1,0
"S00092657",0,0,0
"S00092658",1,0,1
"S00092659",0,0,0
"S00092660",0,0,0
"S00092661",0,0,0
"S00092662",1,0,1
"S00092663",0,0,0
"S00092664",2,2,0
"S00092665",1,1,0
"S00092666",0,0,0
"S00092667",3,1,2
"S00092668",1,1,0
"S00092669",0,0,0
"S00092670",1,1,0
"S00092671",2,0,2
"S00092672",2,0,2
"S00092673",0,0,0
"S00092674",1,1,0
"S00092675",0,0,0
"S00092676",4,2,2
"S00092677",0,0,0
"S00092678",4,2,2
"S00092679",0,0,0
"S00092680",2,1,1
"S00092681",0,0,0
"S00092682",0,0,0
"S00092683",2,2,0
"S00092684",0,0,0
"S00092685",0,0,0
"S00092686",1,0,1
"S00092687",2,2,0
"S00092688",2,0,2
"S00092689",0,0,0
"S00092690",4,2,2
"S00092691",2,0,2
"S00092692",0,0,0
"S00092693",0,0,0
"S00092694",0,0,0
"S00092695",0,0,0
"S00092696",0,0,0
"S00092697",3,2,1
"S00092698",2,1,1
"S00092699",2,1,1
"S00092700",2,0,2
"S00092701",2,2,0
"S00092702",0,0,0
"S00092703",1,1,0
"S00092704",3,1,2
"S00092705",0,0,0
"S00092706",1,1,0
"S00092707",0,0,0
"S00092708",1,1,0
"S00092709",0,0,0
"S00092710",3,2,1
"S00092711",3,2,1
"S00092712",0,0,0
"S00092713",1,0,1
"S00092714",0,0,0
"S00092715",0,0,0
"S00092716",1,1,0
"S00092717",3,1,2
"S00092718",1,0,1
"S00092719",1,0,1
"S00092720",0,0,0
"S00092721",0,0,0
"S00092722",0,0,0
"S00092723",0,0,0
"S00092724",3,1,2
"S00092725",0,0,0
"S00092726",6,2,4
"S00092727",0,0,0
"S00092728",1,0,1
"S00092729",4,1,3
"S00092730",3,3,0
"S00092731",1,1,0
"S00092732",0,0,0
"S00092733",4,1,3
"S00092734",0,0,0
"S00092735",0,0,0
"S00092736",0,0,0
"S00092737",0,0,0
"S00092738",3,2,1
"S00092739",0,0,0
"S00092740",0,0,0
"S00092741",1,0,1
"S00092742",0,0,0
"S00092743",2,0,2
"S00092744",1,0,1
"S00092745",1,1,0
"S00092746",0,0,0
"S00092747",2,0,2
"S00092748",1,1,0
"S00092749",2,0,2
"S00092750",1,0,1
"S00092751",0,0,0
"S00092752",0,0,0
"S00092753",1,0,1
"S00092754",1,0,1
"S00092755",2,2,0
"S00092756",2,2,0
"S00092757",0,0,0
"S00092758",0,0,0
"S00092759",0,0,0
"S00092760",1,0,1
"S00092761",0,0,0
"S00092762",1,1,0
"S00092763",2,0,2
"S00092764",2,2,0
"S00092765",0,0,0
"S00092766",1,0,1
"S00092767",1,0,1
"S00092768",1,0,1
"S00092769",0,0,0
"S00092770",2,0,2
"S00092771",5,1,4
"S00092772",0,0,0
"S00092773",1,1,0
"S00092774",0,0,0
"S00092775",1,0,1
"S00092776",0,0,0
"S00092777",0,0,0
"S00092778",0,0,0
"S00092779",2,2,0
"S00092780",1,1,0
"S00092781",3,0,3
"S00092782",3,2,1
"S00092783",4,2,2
"S00092784",0,0,0
"S00092785",1,0,1
"S00092786",1,0,1
"S00092787",3,1,2
"S00092788",0,0,0
"S00092789",0,0,0
"S00092790",1,1,0
"S00092791",0,0,0
"S00092792",1,1,0
"S00092793",0,0,0
"S00092794",0,0,0
"S00092795",0,0,0
"S00092796",0,0,0
"S00092797",0,0,0
"S00092798",0,0,0
"S00092799",2,1,1
"S00092800",2,2,0
"S00092801",3,2,1
"S00092802",0,0,0
"S00092803",0,0,0
"S00092804",0,0,0
"S00092805",0,0,0
"S00092806",3,0,3
"S00092807",1,0,1
"S00092808",3,2,1
"S00092809",0,0,0
"S00092810",2,0,2
"S00092811",2,1,1
"S00092812",1,0,1
"S00092813",5,1,4
"S00092814",1,1,0
"S00092815",0,0,0
"S00092816",2,2,0
"S00092817",0,0,0
"S00092818",0,0,0
"S00092819",2,1,1
"S00092820",1,0,1
"S00092821",0,0,0
"S00092822",1,0,1
"S00092823",1,0,1
"S00092824",0,0,0
"S00092825",0,0,0
"S00092826",0,0,0
"S00092827",0,0,0
"S00092828",0,0,0
"S00092829",0,0,0
"S00092830",1,1,0
"S00092831",1,0,1
"S00092832",0,0,0
"S00092833",0,0,0
"S00092834",2,1,1
"S00092835",0,0,0
"S00092836",2,2,0
"S00092837",1,1,0
"S00092838",0,0,0
"S00092839",0,0,0
"S00092840",1,0,1
"S00092841",2,1,1
"S00092842",1,1,0
"S00092843",0,0,0
"S00092844",1,0,1
"S00092845",0,0,0
"S00092846",0,0,0
"S00092847",0,0,0
"S00092848",0,0,0
"S00092849",0,0,0
"S00092850",2,1,1
"S00092851",2,1,1
"S00092852",2,0,2
"S00092853",0,0,0
"S00092854",2,1,1
"S00092855",3,0,3
"S00092856",0,0,0
"S00092857",1,1,0
"S00092858",0,0,0
"S00092859",0,0,0
"S00092860",3,3,0
"S00092861",1,0,1
"S00092862",1,0,1
"S00092863",0,0,0
"S00092864",0,0,0
"S00092865",2,2,0
"S00092866",0,0,0
"S00092867",0,0,0
"S00092868",0,0,0
"S00092869",0,0,0
"S00092870",0,0,0
"S00092871",0,0,0
"S00092872",0,0,0
"S00092873",0,0,0
"S00092874",2,1,1
"S00092875",2,2,0
"S00092876",0,0,0
"S00092877",1,0,1
"S00092878",3,0,3
"S00092879",0,0,0
"S00092880",0,0,0
"S00092881",0,0,0
"S00092882",0,0,0
"S00092883",2,2,0
"S00092884",1,0,1
"S00092885",0,0,0
"S00092886",0,0,0
"S00092887",0,0,0
"S00092888",0,0,0
"S00092889",2,0,2
"S00092890",2,1,1
"S00092891",2,2,0
"S00092892",0,0,0
"S00092893",3,2,1
"S00092894",1,1,0
"S00092895",2,0,2
"S00092896",1,0,1
"S00092897",1,1,0
"S00092898",0,0,0
"S00092899",2,0,2
"S00092900",0,0,0
"S00092901",1,0,1
"S00092902",2,1,1
"S00092903",5,4,1
"S00092904",1,0,1
"S00092905",1,1,0
"S00092906",0,0,0
"S00092907",0,0,0
"S00092908",0,0,0
"S00092909",2,1,1
"S00092910",3,2,1
"S00092911",1,0,1
"S00092912",0,0,0
"S00092913",0,0,0
"S00092914",0,0,0
"S00092915",2,2,0
"S00092916",0,0,0
"S00092917",4,1,3
"S00092918",0,0,0
"S00092919",2,0,2
"S00092920",7,5,2
"S00092921",2,1,1
"S00092922",0,0,0
"S00092923",1,0,1
"S00092924",0,0,0
"S00092925",1,0,1
"S00092926",0,0,0
"S00092927",0,0,0
"S00092928",0,0,0
"S00092929",0,0,0
"S00092930",1,0,1
"S00092931",0,0,0
"S00092932",1,0,1
"S00092933",0,0,0
"S00092934",1,0,1
"S00092935",0,0,0
"S00092936",0,0,0
"S00092937",1,1,0
"S00092938",0,0,0
"S00092939",0,0,0
"S00092940",4,1,3
"S00092941",4,1,3
"S00092942",4,3,1
"S00092943",0,0,0
"S00092944",0,0,0
"S00092945",0,0,0
"S00092946",2,1,1
"S00092947",1,0,1
"S00092948",2,1,1
"S00092949",2,0,2
"S00092950",0,0,0
"S00092951",2,2,0
"S00092952",1,1,0
"S00092953",0,0,0
"S00092954",0,0,0
"S00092955",0,0,0
"S00092956",0,0,0
"S00092957",0,0,0
"S00092958",4,2,2
"S00092959",5,4,1
"S00092960",0,0,0
"S00092961",3,3,0
"S00092962",1,0,1
"S00092963",1,0,1
"S00092964",1,1,0
"S00092965",3,3,0
"S00092966",1,0,1
"S00092967",3,1,2
"S00092968",0,0,0
"S00092969",1,0,1
"S00092970",1,1,0
"S00092971",1,1,0
"S00092972",0,0,0
"S00092973",4,1,3
"S00092974",0,0,0
"S00092975",3,2,1
"S00092976",3,2,1
"S00092977",3,1,2
"S00092978",0,0,0
"S00092979",0,0,0
"S00092980",0,0,0
"S00092981",0,0,0
"S00092982",2,1,1
"S00092983",2,1,1
"S00092984",5,3,2
"S00092985",2,1,1
"S00092986",1,1,0
"S00092987",2,1,1
"S00092988",0,0,0
"S00092989",1,0,1
"S00092990",1,1,0
"S00092991",1,0,1
"S00092992",5,1,4
"S00092993",1,1,0
"S00092994",2,2,0
"S00092995",1,0,1
"S00092996",2,0,2
"S00092997",0,0,0
"S00092998",4,4,0
"S00092999",1,0,1
"S00093000",4,1,3
"S00093001",1,0,1
"S00093002",9,4,5
"S00093003",1,0,1
"S00093004",1,0,1
"S00093005",1,1,0
"S00093006",0,0,0
"S00093007",0,0,0
"S00093008",0,0,0
"S00093009",0,0,0
"S00093010",1,0,1
"S00093011",0,0,0
"S00093012",2,2,0
"S00093013",9,3,6
"S00093014",0,0,0
"S00093015",0,0,0
"S00093016",2,0,2
"S00093017",3,2,1
"S00093018",1,1,0
"S00093019",3,1,2
"S00093020",1,0,1
"S00093021",5,2,3
"S00093022",1,0,1
"S00093023",0,0,0
"S00093024",0,0,0
"S00093025",0,0,0
"S00093026",0,0,0
"S00093027",4,2,2
"S00093028",4,2,2
"S00093029",3,0,3
"S00093030",1,1,0
"S00093031",0,0,0
"S00093032",2,0,2
"S00093033",1,1,0
"S00093034",4,2,2
"S00093035",0,0,0
"S00093036",0,0,0
"S00093037",1,0,1
"S00093038",0,0,0
"S00093039",5,3,2
"S00093040",2,1,1
"S00093041",0,0,0
"S00093042",2,1,1
"S00093043",3,2,1
"S00093044",2,1,1
"S00093045",2,1,1
"S00093046",0,0,0
"S00093047",5,4,1
"S00093048",2,2,0
"S00093049",0,0,0
"S00093050",1,0,1
"S00093051",0,0,0
"S00093052",0,0,0
"S00093053",3,1,2
"S00093054",5,3,2
"S00093055",8,3,5
"S00093056",0,0,0
"S00093057",1,0,1
"S00093058",1,0,1
"S00093059",6,4,2
"S00093060",0,0,0
"S00093061",0,0,0
"S00093062",2,2,0
"S00093063",2,1,1
"S00093064",1,1,0
"S00093065",4,3,1
"S00093066",2,1,1
"S00093067",3,2,1
"S00093068",0,0,0
"S00093069",1,1,0
"S00093070",1,0,1
"S00093071",3,1,2
"S00093072",3,3,0
"S00093073",3,0,3
"S00093074",0,0,0
"S00093075",1,1,0
"S00093076",1,1,0
"S00093077",3,0,3
"S00093078",2,0,2
"S00093079",2,0,2
"S00093080",2,2,0
"S00093081",2,1,1
"S00093082",3,0,3
"S00093083",6,2,4
"S00093084",2,1,1
"S00093085",5,4,1
"S00093086",1,0,1
"S00093087",2,2,0
"S00093088",0,0,0
"S00093089",5,3,2
"S00093090",3,1,2
"S00093091",0,0,0
"S00093092",2,0,2
"S00093093",3,2,1
"S00093094",0,0,0
"S00093095",2,1,1
"S00093096",2,1,1
"S00093097",4,3,1
"S00093098",1,1,0
"S00093099",5,1,4
"S00093100",4,1,3
"S00093101",5,3,2
"S00093102",10,6,4
"S00093103",2,2,0
"S00093104",2,1,1
"S00093105",5,2,3
"S00093106",0,0,0
"S00093107",1,0,1
"S00093108",0,0,0
"S00093109",0,0,0
"S00093110",0,0,0
"S00093111",1,0,1
"S00093112",0,0,0
"S00093113",0,0,0
"S00093114",0,0,0
"S00093115",0,0,0
"S00093116",3,2,1
"S00093117",1,0,1
"S00093118",0,0,0
"S00093119",1,1,0
"S00093120",0,0,0
"S00093121",0,0,0
"S00093122",0,0,0
"S00093123",0,0,0
"S00093124",1,0,1
"S00093125",1,0,1
"S00093126",0,0,0
"S00093127",1,0,1
"S00093128",0,0,0
"S00093129",2,0,2
"S00093130",3,1,2
"S00093131",0,0,0
"S00093132",0,0,0
"S00093133",3,2,1
"S00093134",2,1,1
"S00093135",0,0,0
"S00093136",3,1,2
"S00093137",0,0,0
"S00093138",1,0,1
"S00093139",0,0,0
"S00093140",1,0,1
"S00093141",0,0,0
"S00093142",4,2,2
"S00093143",1,0,1
"S00093144",1,1,0
"S00093145",0,0,0
"S00093146",0,0,0
"S00093147",0,0,0
"S00093148",0,0,0
"S00093149",2,1,1
"S00093150",0,0,0
"S00093151",1,1,0
"S00093152",0,0,0
"S00093153",0,0,0
"S00093154",2,1,1
"S00093155",0,0,0
"S00093156",3,1,2
"S00093157",0,0,0
"S00093158",2,2,0
"S00093159",0,0,0
"S00093160",0,0,0
"S00093161",0,0,0
"S00093162",3,2,1
"S00093163",0,0,0
"S00093164",0,0,0
"S00093165",0,0,0
"S00093166",1,0,1
"S00093167",3,1,2
"S00093168",0,0,0
"S00093169",2,1,1
"S00093170",0,0,0
"S00093171",1,0,1
"S00093172",1,0,1
"S00093173",1,0,1
"S00093174",4,1,3
"S00093175",0,0,0
"S00093176",0,0,0
"S00093177",0,0,0
"S00093178",0,0,0
"S00093179",1,1,0
"S00093180",2,2,0
"S00093181",2,1,1
"S00093182",1,0,1
"S00093183",2,0,2
"S00093184",2,0,2
"S00093185",0,0,0
"S00093186",0,0,0
"S00093187",7,3,4
"S00093188",0,0,0
"S00093189",0,0,0
"S00093190",2,1,1
"S00093191",0,0,0
"S00093192",2,1,1
"S00093193",1,0,1
"S00093194",4,1,3
"S00093195",2,1,1
"S00093196",6,4,2
"S00093197",1,0,1
"S00093198",0,0,0
"S00093199",3,2,1
"S00093200",1,0,1
"S00093201",2,0,2
"S00093202",0,0,0
"S00093203",0,0,0
"S00093204",2,1,1
"S00093205",0,0,0
"S00093206",0,0,0
"S00093207",0,0,0
"S00093208",0,0,0
"S00093209",0,0,0
"S00093210",0,0,0
"S00093211",0,0,0
"S00093212",0,0,0
"S00093213",0,0,0
"S00093214",0,0,0
"S00093215",1,1,0
"S00093216",0,0,0
"S00093217",0,0,0
"S00093218",0,0,0
"S00093219",0,0,0
"S00093220",0,0,0
"S00093221",0,0,0
"S00093222",0,0,0
"S00093223",0,0,0
"S00093224",1,1,0
"S00093225",0,0,0
"S00093226",2,1,1
"S00093227",0,0,0
"S00093228",0,0,0
"S00093229",2,1,1
"S00093230",1,0,1
"S00093231",0,0,0
"S00093232",0,0,0
"S00093233",0,0,0
"S00093234",1,1,0
"S00093235",0,0,0
"S00093236",2,1,1
"S00093237",0,0,0
"S00093238",1,0,1
"S00093239",0,0,0
"S00093240",0,0,0
"S00093241",0,0,0
"S00093242",0,0,0
"S00093243",0,0,0
"S00093244",1,0,1
"S00093245",1,1,0
"S00093246",1,0,1
"S00093247",3,1,2
"S00093248",1,0,1
"S00093249",1,1,0
"S00093250",1,0,1
"S00093251",2,2,0
"S00093252",1,0,1
"S00093253",1,0,1
"S00093254",0,0,0
"S00093255",0,0,0
"S00093256",0,0,0
"S00093257",1,1,0
"S00093258",1,1,0
"S00093259",0,0,0
"S00093260",0,0,0
"S00093261",1,0,1
"S00093262",0,0,0
"S00093263",0,0,0
"S00093264",1,0,1
"S00093265",0,0,0
"S00093266",2,0,2
"S00093267",0,0,0
"S00093268",0,0,0
"S00093269",0,0,0
"S00093270",1,0,1
"S00093271",0,0,0
"S00093272",0,0,0
"S00093273",0,0,0
"S00093274",1,1,0
"S00093275",0,0,0
"S00093276",0,0,0
"S00093277",3,1,2
"S00093278",0,0,0
"S00093279",1,1,0
"S00093280",0,0,0
"S00093281",1,1,0
"S00093282",0,0,0
"S00093283",1,0,1
"S00093284",1,1,0
"S00093285",0,0,0
"S00093286",0,0,0
"S00093287",0,0,0
"S00093288",0,0,0
"S00093289",2,0,2
"S00093290",0,0,0
"S00093291",0,0,0
"S00093292",1,0,1
"S00093293",1,1,0
"S00093294",2,2,0
"S00093295",0,0,0
"S00093296",1,1,0
"S00093297",1,0,1
"S00093298",0,0,0
"S00093299",0,0,0
"S00093300",0,0,0
"S00093301",0,0,0
"S00093302",2,1,1
"S00093303",0,0,0
"S00093304",0,0,0
"S00093305",0,0,0
"S00093306",0,0,0
"S00093307",3,1,2
"S00093308",2,1,1
"S00093309",3,1,2
"S00093310",2,1,1
"S00093311",5,2,3
"S00093312",1,1,0
"S00093313",1,0,1
"S00093314",6,3,3
"S00093315",0,0,0
"S00093316",6,5,1
"S00093317",1,1,0
"S00093318",0,0,0
"S00093319",2,1,1
"S00093320",1,0,1
"S00093321",0,0,0
"S00093322",2,1,1
"S00093323",1,1,0
"S00093324",1,0,1
"S00093325",0,0,0
"S00093326",3,0,3
"S00093327",0,0,0
"S00093328",0,0,0
"S00093329",2,1,1
"S00093330",0,0,0
"S00093331",0,0,0
"S00093332",1,1,0
"S00093333",1,1,0
"S00093334",0,0,0
"S00093335",2,1,1
"S00093336",1,0,1
"S00093337",0,0,0
"S00093338",0,0,0
"S00093339",1,1,0
"S00093340",0,0,0
"S00093341",0,0,0
"S00093342",1,0,1
"S00093343",0,0,0
"S00093344",4,2,2
"S00093345",0,0,0
"S00093346",1,1,0
"S00093347",0,0,0
"S00093348",0,0,0
"S00093349",5,2,3
"S00093350",0,0,0
"S00093351",0,0,0
"S00093352",1,0,1
"S00093353",0,0,0
"S00093354",0,0,0
"S00093355",1,1,0
"S00093356",0,0,0
"S00093357",0,0,0
"S00093358",0,0,0
"S00093359",0,0,0
"S00093360",0,0,0
"S00093361",0,0,0
"S00093362",1,1,0
"S00093363",0,0,0
"S00093364",0,0,0
"S00093365",1,0,1
"S00093366",0,0,0
"S00093367",1,0,1
"S00093368",2,1,1
"S00093369",0,0,0
"S00093370",0,0,0
"S00093371",0,0,0
"S00093372",0,0,0
"S00093373",0,0,0
"S00093374",3,3,0
"S00093375",0,0,0
"S00093376",0,0,0
"S00093377",4,3,1
"S00093378",0,0,0
"S00093379",0,0,0
"S00093380",1,1,0
"S00093381",0,0,0
"S00093382",0,0,0
"S00093383",1,1,0
"S00093384",0,0,0
"S00093385",0,0,0
"S00093386",0,0,0
"S00093387",2,2,0
"S00093388",1,1,0
"S00093389",1,1,0
"S00093390",0,0,0
"S00093391",3,1,2
"S00093392",0,0,0
"S00093393",0,0,0
"S00093394",2,0,2
"S00093395",0,0,0
"S00093396",0,0,0
"S00093397",1,0,1
"S00093398",0,0,0
"S00093399",1,0,1
"S00093400",1,1,0
"S00093401",0,0,0
"S00093402",0,0,0
"S00093403",1,0,1
"S00093404",1,0,1
"S00093405",0,0,0
"S00093406",2,2,0
"S00093407",0,0,0
"S00093408",0,0,0
"S00093409",0,0,0
"S00093410",2,0,2
"S00093411",1,1,0
"S00093412",0,0,0
"S00093413",0,0,0
"S00093414",1,0,1
"S00093415",0,0,0
"S00093416",0,0,0
"S00093417",0,0,0
"S00093418",0,0,0
"S00093419",0,0,0
"S00093420",2,1,1
"S00093421",0,0,0
"S00093422",0,0,0
"S00093423",0,0,0
"S00093424",0,0,0
"S00093425",0,0,0
"S00093426",1,0,1
"S00093427",2,0,2
"S00093428",0,0,0
"S00093429",1,0,1
"S00093430",1,0,1
"S00093431",3,1,2
"S00093432",0,0,0
"S00093433",0,0,0
"S00093434",1,0,1
"S00093435",1,0,1
"S00093436",1,0,1
"S00093437",0,0,0
"S00093438",0,0,0
"S00093439",0,0,0
"S00093440",1,0,1
"S00093441",0,0,0
"S00093442",0,0,0
"S00093443",1,0,1
"S00093444",1,0,1
"S00093445",0,0,0
"S00093446",1,0,1
"S00093447",1,1,0
"S00093448",0,0,0
"S00093449",2,1,1
"S00093450",0,0,0
"S00093451",3,1,2
"S00093452",0,0,0
"S00093453",1,1,0
"S00093454",0,0,0
"S00093455",2,1,1
"S00093456",0,0,0
"S00093457",0,0,0
"S00093458",0,0,0
"S00093459",1,1,0
"S00093460",0,0,0
"S00093461",1,1,0
"S00093462",0,0,0
"S00093463",0,0,0
"S00093464",0,0,0
"S00093465",0,0,0
"S00093466",0,0,0
"S00093467",0,0,0
"S00093468",0,0,0
"S00093469",0,0,0
"S00093470",2,0,2
"S00093471",0,0,0
"S00093472",0,0,0
"S00093473",0,0,0
"S00093474",0,0,0
"S00093475",3,1,2
"S00093476",0,0,0
"S00093477",0,0,0
"S00093478",0,0,0
"S00093479",0,0,0
"S00093480",3,2,1
"S00093481",4,2,2
"S00093482",0,0,0
"S00093483",1,1,0
"S00093484",0,0,0
"S00093485",1,1,0
"S00093486",3,2,1
"S00093487",3,2,1
"S00093488",2,0,2
"S00093489",0,0,0
"S00093490",1,1,0
"S00093491",3,1,2
"S00093492",1,0,1
"S00093493",0,0,0
"S00093494",0,0,0
"S00093495",0,0,0
"S00093496",0,0,0
"S00093497",0,0,0
"S00093498",0,0,0
"S00093499",2,1,1
"S00093500",0,0,0
"S00093501",0,0,0
"S00093502",0,0,0
"S00093503",2,0,2
"S00093504",1,0,1
"S00093505",3,2,1
"S00093506",1,0,1
"S00093507",1,1,0
"S00093508",1,1,0
"S00093509",1,1,0
"S00093510",2,1,1
"S00093511",0,0,0
"S00093512",0,0,0
"S00093513",0,0,0
"S00093514",0,0,0
"S00093515",3,1,2
"S00093516",0,0,0
"S00093517",0,0,0
"S00093518",1,1,0
"S00093519",0,0,0
"S00093520",1,1,0
"S00093521",3,0,3
"S00093522",2,1,1
"S00093523",2,0,2
"S00093524",2,0,2
"S00093525",1,0,1
"S00093526",2,2,0
"S00093527",1,0,1
"S00093528",1,0,1
"S00093529",1,0,1
"S00093530",0,0,0
"S00093531",1,0,1
"S00093532",1,0,1
"S00093533",0,0,0
"S00093534",0,0,0
"S00093535",1,1,0
"S00093536",0,0,0
"S00093537",0,0,0
"S00093538",1,0,1
"S00093539",0,0,0
"S00093540",1,1,0
"S00093541",1,0,1
"S00093542",0,0,0
"S00093543",1,1,0
"S00093544",1,0,1
"S00093545",1,0,1
"S00093546",0,0,0
"S00093547",1,1,0
"S00093548",0,0,0
"S00093549",2,1,1
"S00093550",1,0,1
"S00093551",1,1,0
"S00093552",2,2,0
"S00093553",2,2,0
"S00093554",1,0,1
"S00093555",2,0,2
"S00093556",1,1,0
"S00093557",0,0,0
"S00093558",0,0,0
"S00093559",0,0,0
"S00093560",0,0,0
"S00093561",1,0,1
"S00093562",3,2,1
"S00093563",0,0,0
"S00093564",1,1,0
"S00093565",0,0,0
"S00093566",0,0,0
"S00093567",0,0,0
"S00093568",0,0,0
"S00093569",3,0,3
"S00093570",0,0,0
"S00093571",0,0,0
"S00093572",2,1,1
"S00093573",0,0,0
"S00093574",0,0,0
"S00093575",0,0,0
"S00093576",2,0,2
"S00093577",0,0,0
"S00093578",0,0,0
"S00093579",0,0,0
"S00093580",0,0,0
"S00093581",0,0,0
"S00093582",0,0,0
"S00093583",0,0,0
"S00093584",0,0,0
"S00093585",1,1,0
"S00093586",3,2,1
"S00093587",0,0,0
"S00093588",0,0,0
"S00093589",0,0,0
"S00093590",0,0,0
"S00093591",0,0,0
"S00093592",0,0,0
"S00093593",0,0,0
"S00093594",0,0,0
"S00093595",0,0,0
"S00093596",0,0,0
"S00093597",1,1,0
"S00093598",0,0,0
"S00093599",0,0,0
"S00093600",0,0,0
"S00093601",1,0,1
"S00093602",2,0,2
"S00093603",2,1,1
"S00093604",0,0,0
"S00093605",1,0,1
"S00093606",1,1,0
"S00093607",0,0,0
"S00093608",1,1,0
"S00093609",0,0,0
"S00093610",1,1,0
"S00093611",1,1,0
"S00093612",3,2,1
"S00093613",1,1,0
"S00093614",0,0,0
"S00093615",0,0,0
"S00093616",0,0,0
"S00093617",1,1,0
"S00093618",1,1,0
"S00093619",1,0,1
"S00093620",1,1,0
"S00093621",5,3,2
"S00093622",0,0,0
"S00093623",1,0,1
"S00093624",0,0,0
"S00093625",0,0,0
"S00093626",0,0,0
"S00093627",0,0,0
"S00093628",0,0,0
"S00093629",0,0,0
"S00093630",1,1,0
"S00093631",0,0,0
"S00093632",1,0,1
"S00093633",0,0,0
"S00093634",0,0,0
"S00093635",0,0,0
"S00093636",0,0,0
"S00093637",0,0,0
"S00093638",3,1,2
"S00093639",0,0,0
"S00093640",0,0,0
"S00093641",0,0,0
"S00093642",0,0,0
"S00093643",0,0,0
"S00093644",2,1,1
"S00093645",1,1,0
"S00093646",0,0,0
"S00093647",3,0,3
"S00093648",5,3,2
"S00093649",3,0,3
"S00093650",3,3,0
"S00093651",1,1,0
"S00093652",6,3,3
"S00093653",0,0,0
"S00093654",0,0,0
"S00093655",0,0,0
"S00093656",1,0,1
"S00093657",2,0,2
"S00093658",0,0,0
"S00093659",1,0,1
"S00093660",0,0,0
"S00093661",0,0,0
"S00093662",0,0,0
"S00093663",0,0,0
"S00093664",0,0,0
"S00093665",0,0,0
"S00093666",0,0,0
"S00093667",0,0,0
"S00093668",1,0,1
"S00093669",1,1,0
"S00093670",2,1,1
"S00093671",1,1,0
"S00093672",1,1,0
"S00093673",0,0,0
"S00093674",1,1,0
"S00093675",1,1,0
"S00093676",1,1,0
"S00093677",0,0,0
"S00093678",5,1,4
"S00093679",0,0,0
"S00093680",0,0,0
"S00093681",0,0,0
"S00093682",1,0,1
"S00093683",1,1,0
"S00093684",0,0,0
"S00093685",0,0,0
"S00093686",1,0,1
"S00093687",0,0,0
"S00093688",0,0,0
"S00093689",0,0,0
"S00093690",2,1,1
"S00093691",1,0,1
"S00093692",0,0,0
"S00093693",0,0,0
"S00093694",2,1,1
"S00093695",0,0,0
"S00093696",0,0,0
"S00093697",1,0,1
"S00093698",0,0,0
"S00093699",0,0,0
"S00093700",1,0,1
"S00093701",0,0,0
"S00093702",2,0,2
"S00093703",1,1,0
"S00093704",0,0,0
"S00093705",1,0,1
"S00093706",1,0,1
"S00093707",0,0,0
"S00093708",0,0,0
"S00093709",0,0,0
"S00093710",1,1,0
"S00093711",0,0,0
"S00093712",0,0,0
"S00093713",1,1,0
"S00093714",0,0,0
"S00093715",0,0,0
"S00093716",0,0,0
"S00093717",0,0,0
"S00093718",0,0,0
"S00093719",0,0,0
"S00093720",2,1,1
"S00093721",3,1,2
"S00093722",1,0,1
"S00093723",1,1,0
"S00093724",0,0,0
"S00093725",1,1,0
"S00093726",0,0,0
"S00093727",0,0,0
"S00093728",0,0,0
"S00093729",5,5,0
"S00093730",0,0,0
"S00093731",1,0,1
"S00093732",0,0,0
"S00093733",0,0,0
"S00093734",0,0,0
"S00093735",2,1,1
"S00093736",1,0,1
"S00093737",1,1,0
"S00093738",0,0,0
"S00093739",1,1,0
"S00093740",3,0,3
"S00093741",5,2,3
"S00093742",2,0,2
"S00093743",0,0,0
"S00093744",0,0,0
"S00093745",0,0,0
"S00093746",2,0,2
"S00093747",2,1,1
"S00093748",4,2,2
"S00093749",1,0,1
"S00093750",1,1,0
"S00093751",0,0,0
"S00093752",0,0,0
"S00093753",7,3,4
"S00093754",0,0,0
"S00093755",3,1,2
"S00093756",0,0,0
"S00093757",8,6,2
"S00093758",3,1,2
"S00093759",0,0,0
"S00093760",0,0,0
"S00093761",1,1,0
"S00093762",1,1,0
"S00093763",1,1,0
"S00093764",0,0,0
"S00093765",1,0,1
"S00093766",1,1,0
"S00093767",0,0,0
"S00093768",4,4,0
"S00093769",1,0,1
"S00093770",0,0,0
"S00093771",2,1,1
"S00093772",1,1,0
"S00093773",0,0,0
"S00093774",0,0,0
"S00093775",0,0,0
"S00093776",0,0,0
"S00093777",0,0,0
"S00093778",0,0,0
"S00093779",0,0,0
"S00093780",0,0,0
"S00093781",1,1,0
"S00093782",0,0,0
"S00093783",0,0,0
"S00093784",0,0,0
"S00093785",3,2,1
"S00093786",1,0,1
"S00093787",1,1,0
"S00093788",3,3,0
"S00093789",0,0,0
"S00093790",0,0,0
"S00093791",0,0,0
"S00093792",0,0,0
"S00093793",0,0,0
"S00093794",2,1,1
"S00093795",0,0,0
"S00093796",4,2,2
"S00093797",1,0,1
"S00093798",2,0,2
"S00093799",0,0,0
"S00093800",2,0,2
"S00093801",2,0,2
"S00093802",2,0,2
"S00093803",1,0,1
"S00093804",0,0,0
"S00093805",0,0,0
"S00093806",1,0,1
"S00093807",1,0,1
"S00093808",0,0,0
"S00093809",0,0,0
"S00093810",0,0,0
"S00093811",1,0,1
"S00093812",0,0,0
"S00093813",0,0,0
"S00093814",1,1,0
"S00093815",1,0,1
"S00093816",0,0,0
"S00093817",1,1,0
"S00093818",0,0,0
"S00093819",0,0,0
"S00093820",0,0,0
"S00093821",0,0,0
"S00093822",3,1,2
"S00093823",0,0,0
"S00093824",0,0,0
"S00093825",2,1,1
"S00093826",4,1,3
"S00093827",0,0,0
"S00093828",0,0,0
"S00093829",1,0,1
"S00093830",1,1,0
"S00093831",1,0,1
"S00093832",0,0,0
"S00093833",2,1,1
"S00093834",0,0,0
"S00093835",0,0,0
"S00093836",3,1,2
"S00093837",2,0,2
"S00093838",4,0,4
"S00093839",1,0,1
"S00093840",2,1,1
"S00093841",1,0,1
"S00093842",0,0,0
"S00093843",0,0,0
"S00093844",0,0,0
"S00093845",0,0,0
"S00093846",1,0,1
"S00093847",0,0,0
"S00093848",1,0,1
"S00093849",3,2,1
"S00093850",0,0,0
"S00093851",1,1,0
"S00093852",0,0,0
"S00093853",2,1,1
"S00093854",0,0,0
"S00093855",4,2,2
"S00093856",0,0,0
"S00093857",2,1,1
"S00093858",1,0,1
"S00093859",0,0,0
"S00093860",2,2,0
"S00093861",2,1,1
"S00093862",1,0,1
"S00093863",0,0,0
"S00093864",1,0,1
"S00093865",5,1,4
"S00093866",6,4,2
"S00093867",1,0,1
"S00093868",2,0,2
"S00093869",0,0,0
"S00093870",2,2,0
"S00093871",2,2,0
"S00093872",0,0,0
"S00093873",2,1,1
"S00093874",1,1,0
"S00093875",0,0,0
"S00093876",2,1,1
"S00093877",3,1,2
"S00093878",0,0,0
"S00093879",1,1,0
"S00093880",1,0,1
"S00093881",1,0,1
"S00093882",0,0,0
"S00093883",1,1,0
"S00093884",0,0,0
"S00093885",2,1,1
"S00093886",4,4,0
"S00093887",1,0,1
"S00093888",4,1,3
"S00093889",1,1,0
"S00093890",0,0,0
"S00093891",0,0,0
"S00093892",1,0,1
"S00093893",1,0,1
"S00093894",0,0,0
"S00093895",0,0,0
"S00093896",0,0,0
"S00093897",1,1,0
"S00093898",2,2,0
"S00093899",0,0,0
"S00093900",1,0,1
"S00093901",0,0,0
"S00093902",0,0,0
"S00093903",0,0,0
"S00093904",0,0,0
"S00093905",2,1,1
"S00093906",3,1,2
"S00093907",0,0,0
"S00093908",0,0,0
"S00093909",1,0,1
"S00093910",0,0,0
"S00093911",0,0,0
"S00093912",1,1,0
"S00093913",0,0,0
"S00093914",0,0,0
"S00093915",0,0,0
"S00093916",0,0,0
"S00093917",0,0,0
"S00093918",0,0,0
"S00093919",0,0,0
"S00093920",3,2,1
"S00093921",2,1,1
"S00093922",1,1,0
"S00093923",0,0,0
"S00093924",1,0,1
"S00093925",1,0,1
"S00093926",0,0,0
"S00093927",0,0,0
"S00093928",1,0,1
"S00093929",0,0,0
"S00093930",0,0,0
"S00093931",0,0,0
"S00093932",0,0,0
"S00093933",0,0,0
"S00093934",1,0,1
"S00093935",1,1,0
"S00093936",1,1,0
"S00093937",0,0,0
"S00093938",2,2,0
"S00093939",1,0,1
"S00093940",3,2,1
"S00093941",2,1,1
"S00093942",1,0,1
"S00093943",3,2,1
"S00093944",3,0,3
"S00093945",0,0,0
"S00093946",1,0,1
"S00093947",0,0,0
"S00093948",0,0,0
"S00093949",0,0,0
"S00093950",0,0,0
"S00093951",0,0,0
"S00093952",1,0,1
"S00093953",2,0,2
"S00093954",0,0,0
"S00093955",0,0,0
"S00093956",1,0,1
"S00093957",0,0,0
"S00093958",0,0,0
"S00093959",0,0,0
"S00093960",3,1,2
"S00093961",2,1,1
"S00093962",0,0,0
"S00093963",0,0,0
"S00093964",1,1,0
"S00093965",4,4,0
"S00093966",3,2,1
"S00093967",2,1,1
"S00093968",2,1,1
"S00093969",2,0,2
"S00093970",1,0,1
"S00093971",0,0,0
"S00093972",1,0,1
"S00093973",6,2,4
"S00093974",1,0,1
"S00093975",0,0,0
"S00093976",2,1,1
"S00093977",3,1,2
"S00093978",5,2,3
"S00093979",2,1,1
"S00093980",0,0,0
"S00093981",1,1,0
"S00093982",2,1,1
"S00093983",2,1,1
"S00093984",0,0,0
"S00093985",1,0,1
"S00093986",2,0,2
"S00093987",2,1,1
"S00093988",0,0,0
"S00093989",4,3,1
"S00093990",0,0,0
"S00093991",2,0,2
"S00093992",1,1,0
"S00093993",2,2,0
"S00093994",0,0,0
"S00093995",1,0,1
"S00093996",0,0,0
"S00093997",0,0,0
"S00093998",2,0,2
"S00093999",1,0,1
"S00094000",3,3,0
"S00094001",0,0,0
"S00094002",0,0,0
"S00094003",1,0,1
"S00094004",2,1,1
"S00094005",1,1,0
"S00094006",6,2,4
"S00094007",3,2,1
"S00094008",2,1,1
"S00094009",2,1,1
"S00094010",2,2,0
"S00094011",1,0,1
"S00094012",1,0,1
"S00094013",4,2,2
"S00094014",0,0,0
"S00094015",2,1,1
"S00094016",4,2,2
"S00094017",2,0,2
"S00094018",3,0,3
"S00094019",1,1,0
"S00094020",5,2,3
"S00094021",7,5,2
"S00094022",4,3,1
"S00094023",7,3,4
"S00094024",2,1,1
"S00094025",3,3,0
"S00094026",3,1,2
"S00094027",4,4,0
"S00094028",0,0,0
"S00094029",0,0,0
"S00094030",3,0,3
"S00094031",2,1,1
"S00094032",2,1,1
"S00094033",0,0,0
"S00094034",0,0,0
"S00094035",4,1,3
"S00094036",1,0,1
"S00094037",1,1,0
"S00094038",2,1,1
"S00094039",0,0,0
"S00094040",2,1,1
"S00094041",3,0,3
"S00094042",6,1,5
"S00094043",0,0,0
"S00094044",2,2,0
"S00094045",2,1,1
"S00094046",1,1,0
"S00094047",3,1,2
"S00094048",4,1,3
"S00094049",6,1,5
"S00094050",7,3,4
"S00094051",1,1,0
"S00094052",7,6,1
"S00094053",5,2,3
"S00094054",3,1,2
"S00094055",2,1,1
"S00094056",2,0,2
"S00094057",0,0,0
"S00094058",1,1,0
"S00094059",1,0,1
"S00094060",5,3,2
"S00094061",3,3,0
"S00094062",0,0,0
"S00094063",2,2,0
"S00094064",1,1,0
"S00094065",1,1,0
"S00094066",0,0,0
"S00094067",2,0,2
"S00094068",1,1,0
"S00094069",1,0,1
"S00094070",8,4,4
"S00094071",5,4,1
"S00094072",2,0,2
"S00094073",1,0,1
"S00094074",0,0,0
"S00094075",4,0,4
"S00094076",0,0,0
"S00094077",13,6,7
"S00094078",2,0,2
"S00094079",1,1,0
"S00094080",7,4,3
"S00094081",1,0,1
"S00094082",1,1,0
"S00094083",1,1,0
"S00094084",3,1,2
"S00094085",5,4,1
"S00094086",7,5,2
"S00094087",0,0,0
"S00094088",1,1,0
"S00094089",0,0,0
"S00094090",1,1,0
"S00094091",3,2,1
"S00094092",5,2,3
"S00094093",1,1,0
"S00094094",3,0,3
"S00094095",3,1,2
"S00094096",2,2,0
"S00094097",7,3,4
"S00094098",0,0,0
"S00094099",0,0,0
"S00094100",0,0,0
"S00094101",1,0,1
"S00094102",6,2,4
"S00094103",0,0,0
"S00094104",3,2,1
"S00094105",3,0,3
"S00094106",0,0,0
"S00094107",0,0,0
"S00094108",0,0,0
"S00094109",3,1,2
"S00094110",0,0,0
"S00094111",0,0,0
"S00094112",3,2,1
"S00094113",0,0,0
"S00094114",1,0,1
"S00094115",2,0,2
"S00094116",2,0,2
"S00094117",1,1,0
"S00094118",2,2,0
"S00094119",8,5,3
"S00094120",2,2,0
"S00094121",0,0,0
"S00094122",4,2,2
"S00094123",1,1,0
"S00094124",0,0,0
"S00094125",2,2,0
"S00094126",1,0,1
"S00094127",2,1,1
"S00094128",2,1,1
"S00094129",3,0,3
"S00094130",0,0,0
"S00094131",2,2,0
"S00094132",2,1,1
"S00094133",13,6,7
"S00094134",2,1,1
"S00094135",0,0,0
"S00094136",3,3,0
"S00094137",0,0,0
"S00094138",1,1,0
"S00094139",3,3,0
"S00094140",2,1,1
"S00094141",2,1,1
"S00094142",1,0,1
"S00094143",0,0,0
"S00094144",2,0,2
"S00094145",3,2,1
"S00094146",1,1,0
"S00094147",2,0,2
"S00094148",3,0,3
"S00094149",1,1,0
"S00094150",2,0,2
"S00094151",0,0,0
"S00094152",3,3,0
"S00094153",0,0,0
"S00094154",0,0,0
"S00094155",1,1,0
"S00094156",0,0,0
"S00094157",6,2,4
"S00094158",2,0,2
"S00094159",0,0,0
"S00094160",0,0,0
"S00094161",0,0,0
"S00094162",2,0,2
"S00094163",2,1,1
"S00094164",0,0,0
"S00094165",0,0,0
"S00094166",1,0,1
"S00094167",1,1,0
"S00094168",0,0,0
"S00094169",2,0,2
"S00094170",1,1,0
"S00094171",0,0,0
"S00094172",1,0,1
"S00094173",0,0,0
"S00094174",0,0,0
"S00094175",1,0,1
"S00094176",3,2,1
"S00094177",6,4,2
"S00094178",3,2,1
"S00094179",2,2,0
"S00094180",2,2,0
"S00094181",1,0,1
"S00094182",0,0,0
"S00094183",2,1,1
"S00094184",1,0,1
"S00094185",0,0,0
"S00094186",0,0,0
"S00094187",0,0,0
"S00094188",0,0,0
"S00094189",2,0,2
"S00094190",0,0,0
"S00094191",0,0,0
"S00094192",2,2,0
"S00094193",5,1,4
"S00094194",5,2,3
"S00094195",2,1,1
"S00094196",0,0,0
"S00094197",0,0,0
"S00094198",1,1,0
"S00094199",2,0,2
"S00094200",1,0,1
"S00094201",1,1,0
"S00094202",3,0,3
"S00094203",0,0,0
"S00094204",2,2,0
"S00094205",0,0,0
"S00094206",1,1,0
"S00094207",1,0,1
"S00094208",0,0,0
"S00094209",1,1,0
"S00094210",4,1,3
"S00094211",1,1,0
"S00094212",1,0,1
"S00094213",0,0,0
"S00094214",2,1,1
"S00094215",0,0,0
"S00094216",2,1,1
"S00094217",4,3,1
"S00094218",4,2,2
"S00094219",1,0,1
"S00094220",3,1,2
"S00094221",1,0,1
"S00094222",1,1,0
"S00094223",2,0,2
"S00094224",4,2,2
"S00094225",3,1,2
"S00094226",0,0,0
"S00094227",0,0,0
"S00094228",0,0,0
"S00094229",1,0,1
"S00094230",0,0,0
"S00094231",0,0,0
"S00094232",0,0,0
"S00094233",0,0,0
"S00094234",6,3,3
"S00094235",0,0,0
"S00094236",1,1,0
"S00094237",0,0,0
"S00094238",0,0,0
"S00094239",4,2,2
"S00094240",0,0,0
"S00094241",2,2,0
"S00094242",5,1,4
"S00094243",0,0,0
"S00094244",1,0,1
"S00094245",0,0,0
"S00094246",1,1,0
"S00094247",2,2,0
"S00094248",0,0,0
"S00094249",1,0,1
"S00094250",2,1,1
"S00094251",6,4,2
"S00094252",0,0,0
"S00094253",0,0,0
"S00094254",3,2,1
"S00094255",3,2,1
"S00094256",1,1,0
"S00094257",3,1,2
"S00094258",0,0,0
"S00094259",0,0,0
"S00094260",0,0,0
"S00094261",0,0,0
"S00094262",5,2,3
"S00094263",1,1,0
"S00094264",3,1,2
"S00094265",4,0,4
"S00094266",4,2,2
"S00094267",0,0,0
"S00094268",0,0,0
"S00094269",0,0,0
"S00094270",2,1,1
"S00094271",0,0,0
"S00094272",1,0,1
"S00094273",0,0,0
"S00094274",1,0,1
"S00094275",0,0,0
"S00094276",2,2,0
"S00094277",1,0,1
"S00094278",2,1,1
"S00094279",0,0,0
"S00094280",0,0,0
"S00094281",3,0,3
"S00094282",3,2,1
"S00094283",0,0,0
"S00094284",0,0,0
"S00094285",0,0,0
"S00094286",1,1,0
"S00094287",0,0,0
"S00094288",1,0,1
"S00094289",3,0,3
"S00094290",2,2,0
"S00094291",0,0,0
"S00094292",0,0,0
"S00094293",1,1,0
"S00094294",1,1,0
"S00094295",3,2,1
"S00094296",0,0,0
"S00094297",1,1,0
"S00094298",0,0,0
"S00094299",2,0,2
"S00094300",3,3,0
"S00094301",1,1,0
"S00094302",2,2,0
"S00094303",1,0,1
"S00094304",0,0,0
"S00094305",0,0,0
"S00094306",1,0,1
"S00094307",3,0,3
"S00094308",6,3,3
"S00094309",1,1,0
"S00094310",0,0,0
"S00094311",0,0,0
"S00094312",1,1,0
"S00094313",0,0,0
"S00094314",1,0,1
"S00094315",0,0,0
"S00094316",0,0,0
"S00094317",1,0,1
"S00094318",1,1,0
"S00094319",0,0,0
"S00094320",0,0,0
"S00094321",0,0,0
"S00094322",0,0,0
"S00094323",3,2,1
"S00094324",0,0,0
"S00094325",0,0,0
"S00094326",0,0,0
"S00094327",1,0,1
"S00094328",4,2,2
"S00094329",1,0,1
"S00094330",0,0,0
"S00094331",3,1,2
"S00094332",0,0,0
"S00094333",1,0,1
"S00094334",0,0,0
"S00094335",3,1,2
"S00094336",1,0,1
"S00094337",1,1,0
"S00094338",0,0,0
"S00094339",0,0,0
"S00094340",1,0,1
"S00094341",1,1,0
"S00094342",3,0,3
"S00094343",0,0,0
"S00094344",1,0,1
"S00094345",0,0,0
"S00094346",2,2,0
"S00094347",1,0,1
"S00094348",2,1,1
"S00094349",0,0,0
"S00094350",0,0,0
"S00094351",4,3,1
"S00094352",0,0,0
"S00094353",0,0,0
"S00094354",0,0,0
"S00094355",2,2,0
"S00094356",0,0,0
"S00094357",1,0,1
"S00094358",0,0,0
"S00094359",1,0,1
"S00094360",1,0,1
"S00094361",3,1,2
"S00094362",8,1,7
"S00094363",0,0,0
"S00094364",4,2,2
"S00094365",0,0,0
"S00094366",1,1,0
"S00094367",1,0,1
"S00094368",3,2,1
"S00094369",0,0,0
"S00094370",0,0,0
"S00094371",1,1,0
"S00094372",0,0,0
"S00094373",2,1,1
"S00094374",1,0,1
"S00094375",1,0,1
"S00094376",3,2,1
"S00094377",2,1,1
"S00094378",4,2,2
"S00094379",0,0,0
"S00094380",0,0,0
"S00094381",0,0,0
"S00094382",0,0,0
"S00094383",0,0,0
"S00094384",0,0,0
"S00094385",0,0,0
"S00094386",0,0,0
"S00094387",0,0,0
"S00094388",0,0,0
"S00094389",0,0,0
"S00094390",0,0,0
"S00094391",0,0,0
"S00094392",0,0,0
"S00094393",0,0,0
"S00094394",5,3,2
"S00094395",0,0,0
"S00094396",2,2,0
"S00094397",2,0,2
"S00094398",0,0,0
"S00094399",0,0,0
"S00094400",2,0,2
"S00094401",1,0,1
"S00094402",0,0,0
"S00094403",0,0,0
"S00094404",0,0,0
"S00094405",1,0,1
"S00094406",0,0,0
"S00094407",0,0,0
"S00094408",0,0,0
"S00094409",0,0,0
"S00094410",0,0,0
"S00094411",0,0,0
"S00094412",0,0,0
"S00094413",3,3,0
"S00094414",0,0,0
"S00094415",0,0,0
"S00094416",0,0,0
"S00094417",1,1,0
"S00094418",2,1,1
"S00094419",1,0,1
"S00094420",2,2,0
"S00094421",0,0,0
"S00094422",1,1,0
"S00094423",1,0,1
"S00094424",6,2,4
"S00094425",2,1,1
"S00094426",1,1,0
"S00094427",1,1,0
"S00094428",0,0,0
"S00094429",1,0,1
"S00094430",0,0,0
"S00094431",0,0,0
"S00094432",2,0,2
"S00094433",4,3,1
"S00094434",2,1,1
"S00094435",0,0,0
"S00094436",0,0,0
"S00094437",1,1,0
"S00094438",0,0,0
"S00094439",1,1,0
"S00094440",4,2,2
"S00094441",0,0,0
"S00094442",0,0,0
"S00094443",4,2,2
"S00094444",8,3,5
"S00094445",2,0,2
"S00094446",4,2,2
"S00094447",0,0,0
"S00094448",0,0,0
"S00094449",2,1,1
"S00094450",3,1,2
"S00094451",4,3,1
"S00094452",2,1,1
"S00094453",0,0,0
"S00094454",3,1,2
"S00094455",11,4,7
"S00094456",5,3,2
"S00094457",6,1,5
"S00094458",3,1,2
"S00094459",0,0,0
"S00094460",8,5,3
"S00094461",2,0,2
"S00094462",6,0,6
"S00094463",2,2,0
"S00094464",6,2,4
"S00094465",5,2,3
"S00094466",0,0,0
"S00094467",3,1,2
"S00094468",0,0,0
"S00094469",4,2,2
"S00094470",0,0,0
"S00094471",12,1,11
"S00094472",0,0,0
"S00094473",2,0,2
"S00094474",0,0,0
"S00094475",0,0,0
"S00094476",0,0,0
"S00094477",0,0,0
"S00094478",7,5,2
"S00094479",2,0,2
"S00094480",2,1,1
"S00094481",3,2,1
"S00094482",3,1,2
"S00094483",1,1,0
"S00094484",0,0,0
"S00094485",0,0,0
"S00094486",2,1,1
"S00094487",9,4,5
"S00094488",3,2,1
"S00094489",3,2,1
"S00094490",0,0,0
"S00094491",3,2,1
"S00094492",1,1,0
"S00094493",1,0,1
"S00094494",0,0,0
"S00094495",8,3,5
"S00094496",1,1,0
"S00094497",0,0,0
"S00094498",0,0,0
"S00094499",0,0,0
"S00094500",0,0,0
"S00094501",0,0,0
"S00094502",1,0,1
"S00094503",2,0,2
"S00094504",2,0,2
"S00094505",2,1,1
"S00094506",1,0,1
"S00094507",1,1,0
"S00094508",1,1,0
"S00094509",3,3,0
"S00094510",2,2,0
"S00094511",2,1,1
"S00094512",3,2,1
"S00094513",2,2,0
"S00094514",5,3,2
"S00094515",0,0,0
"S00094516",0,0,0
"S00094517",0,0,0
"S00094518",0,0,0
"S00094519",2,0,2
"S00094520",1,0,1
"S00094521",0,0,0
"S00094522",0,0,0
"S00094523",0,0,0
"S00094524",0,0,0
"S00094525",0,0,0
"S00094526",0,0,0
"S00094527",1,0,1
"S00094528",0,0,0
"S00094529",1,0,1
"S00094530",3,3,0
"S00094531",0,0,0
"S00094532",0,0,0
"S00094533",1,1,0
"S00094534",0,0,0
"S00094535",1,1,0
"S00094536",0,0,0
"S00094537",0,0,0
"S00094538",3,2,1
"S00094539",1,1,0
"S00094540",4,3,1
"S00094541",1,0,1
"S00094542",1,0,1
"S00094543",1,1,0
"S00094544",0,0,0
"S00094545",1,1,0
"S00094546",1,1,0
"S00094547",1,1,0
"S00094548",0,0,0
"S00094549",1,1,0
"S00094550",0,0,0
"S00094551",1,1,0
"S00094552",0,0,0
"S00094553",2,1,1
"S00094554",0,0,0
"S00094555",0,0,0
"S00094556",5,3,2
"S00094557",2,1,1
"S00094558",1,0,1
"S00094559",2,0,2
"S00094560",2,1,1
"S00094561",10,4,6
"S00094562",0,0,0
"S00094563",0,0,0
"S00094564",0,0,0
"S00094565",0,0,0
"S00094566",0,0,0
"S00094567",2,1,1
"S00094568",0,0,0
"S00094569",1,1,0
"S00094570",0,0,0
"S00094571",0,0,0
"S00094572",1,1,0
"S00094573",0,0,0
"S00094574",2,0,2
"S00094575",1,0,1
"S00094576",3,1,2
"S00094577",3,3,0
"S00094578",2,1,1
"S00094579",2,1,1
"S00094580",2,0,2
"S00094581",2,1,1
"S00094582",2,1,1
"S00094583",8,6,2
"S00094584",2,0,2
"S00094585",4,0,4
"S00094586",1,1,0
"S00094587",5,2,3
"S00094588",2,0,2
"S00094589",2,1,1
"S00094590",2,0,2
"S00094591",13,7,6
"S00094592",4,2,2
"S00094593",0,0,0
"S00094594",2,2,0
"S00094595",5,3,2
"S00094596",5,3,2
"S00094597",5,3,2
"S00094598",4,2,2
"S00094599",2,1,1
"S00094600",3,1,2
"S00094601",5,2,3
"S00094602",0,0,0
"S00094603",3,2,1
"S00094604",1,0,1
"S00094605",3,1,2
"S00094606",3,0,3
"S00094607",0,0,0
"S00094608",3,1,2
"S00094609",0,0,0
"S00094610",3,0,3
"S00094611",0,0,0
"S00094612",3,2,1
"S00094613",0,0,0
"S00094614",2,1,1
"S00094615",1,1,0
"S00094616",0,0,0
"S00094617",2,1,1
"S00094618",1,0,1
"S00094619",1,0,1
"S00094620",0,0,0
"S00094621",1,1,0
"S00094622",0,0,0
"S00094623",0,0,0
"S00094624",1,0,1
"S00094625",1,1,0
"S00094626",0,0,0
"S00094627",0,0,0
"S00094628",3,0,3
"S00094629",0,0,0
"S00094630",0,0,0
"S00094631",4,3,1
"S00094632",0,0,0
"S00094633",2,0,2
"S00094634",1,1,0
"S00094635",1,1,0
"S00094636",1,1,0
"S00094637",2,1,1
"S00094638",2,0,2
"S00094639",1,1,0
"S00094640",3,0,3
"S00094641",1,0,1
"S00094642",1,1,0
"S00094643",3,1,2
"S00094644",1,1,0
"S00094645",0,0,0
"S00094646",0,0,0
"S00094647",5,3,2
"S00094648",1,0,1
"S00094649",3,2,1
"S00094650",4,1,3
"S00094651",3,0,3
"S00094652",0,0,0
"S00094653",0,0,0
"S00094654",1,0,1
"S00094655",1,1,0
"S00094656",2,2,0
"S00094657",4,1,3
"S00094658",0,0,0
"S00094659",2,1,1
"S00094660",0,0,0
"S00094661",6,2,4
"S00094662",1,0,1
"S00094663",0,0,0
"S00094664",1,1,0
"S00094665",2,1,1
"S00094666",0,0,0
"S00094667",3,0,3
"S00094668",1,0,1
"S00094669",4,4,0
"S00094670",2,1,1
"S00094671",1,0,1
"S00094672",4,2,2
"S00094673",4,3,1
"S00094674",1,0,1
"S00094675",5,2,3
"S00094676",1,0,1
"S00094677",1,0,1
"S00094678",0,0,0
"S00094679",1,0,1
"S00094680",3,0,3
"S00094681",0,0,0
"S00094682",1,0,1
"S00094683",2,2,0
"S00094684",0,0,0
"S00094685",0,0,0
"S00094686",3,3,0
"S00094687",0,0,0
"S00094688",2,1,1
"S00094689",2,1,1
"S00094690",3,2,1
"S00094691",1,0,1
"S00094692",0,0,0
"S00094693",1,1,0
"S00094694",4,2,2
"S00094695",0,0,0
"S00094696",1,0,1
"S00094697",0,0,0
"S00094698",4,1,3
"S00094699",3,1,2
"S00094700",1,1,0
"S00094701",3,1,2
"S00094702",9,5,4
"S00094703",0,0,0
"S00094704",4,4,0
"S00094705",2,2,0
"S00094706",6,2,4
"S00094707",2,1,1
"S00094708",4,1,3
"S00094709",1,0,1
"S00094710",0,0,0
"S00094711",7,3,4
"S00094712",3,3,0
"S00094713",1,0,1
"S00094714",3,2,1
"S00094715",3,2,1
"S00094716",0,0,0
"S00094717",3,3,0
"S00094718",10,4,6
"S00094719",5,4,1
"S00094720",1,0,1
"S00094721",0,0,0
"S00094722",4,2,2
"S00094723",2,1,1
"S00094724",6,2,4
"S00094725",0,0,0
"S00094726",5,1,4
"S00094727",0,0,0
"S00094728",1,1,0
"S00094729",0,0,0
"S00094730",0,0,0
"S00094731",2,1,1
"S00094732",0,0,0
"S00094733",2,1,1
"S00094734",1,1,0
"S00094735",0,0,0
"S00094736",3,3,0
"S00094737",0,0,0
"S00094738",0,0,0
"S00094739",1,0,1
"S00094740",1,1,0
"S00094741",0,0,0
"S00094742",0,0,0
"S00094743",0,0,0
"S00094744",0,0,0
"S00094745",0,0,0
"S00094746",3,2,1
"S00094747",0,0,0
"S00094748",1,1,0
"S00094749",2,0,2
"S00094750",0,0,0
"S00094751",1,0,1
"S00094752",2,0,2
"S00094753",2,0,2
"S00094754",0,0,0
"S00094755",1,1,0
"S00094756",0,0,0
"S00094757",3,2,1
"S00094758",0,0,0
"S00094759",0,0,0
"S00094760",1,1,0
"S00094761",0,0,0
"S00094762",1,0,1
"S00094763",0,0,0
"S00094764",1,0,1
"S00094765",0,0,0
"S00094766",1,0,1
"S00094767",3,0,3
"S00094768",1,0,1
"S00094769",2,0,2
"S00094770",0,0,0
"S00094771",0,0,0
"S00094772",2,1,1
"S00094773",7,4,3
"S00094774",6,2,4
"S00094775",6,1,5
"S00094776",2,1,1
"S00094777",2,1,1
"S00094778",0,0,0
"S00094779",0,0,0
"S00094780",3,3,0
"S00094781",3,2,1
"S00094782",2,2,0
"S00094783",0,0,0
"S00094784",1,0,1
"S00094785",0,0,0
"S00094786",4,1,3
"S00094787",3,2,1
"S00094788",1,0,1
"S00094789",1,0,1
"S00094790",2,0,2
"S00094791",1,0,1
"S00094792",2,0,2
"S00094793",0,0,0
"S00094794",2,0,2
"S00094795",1,1,0
"S00094796",0,0,0
"S00094797",0,0,0
"S00094798",3,2,1
"S00094799",3,2,1
"S00094800",8,3,5
"S00094801",3,1,2
"S00094802",1,1,0
"S00094803",4,2,2
"S00094804",1,0,1
"S00094805",4,1,3
"S00094806",1,1,0
"S00094807",0,0,0
"S00094808",3,1,2
"S00094809",0,0,0
"S00094810",2,0,2
"S00094811",3,2,1
"S00094812",0,0,0
"S00094813",3,2,1
"S00094814",5,3,2
"S00094815",3,2,1
"S00094816",2,1,1
"S00094817",0,0,0
"S00094818",9,4,5
"S00094819",0,0,0
"S00094820",5,3,2
"S00094821",1,0,1
"S00094822",4,0,4
"S00094823",2,0,2
"S00094824",4,3,1
"S00094825",0,0,0
"S00094826",3,2,1
"S00094827",6,4,2
"S00094828",5,2,3
"S00094829",2,1,1
"S00094830",1,1,0
"S00094831",2,1,1
"S00094832",6,3,3
"S00094833",1,1,0
"S00094834",3,2,1
"S00094835",5,1,4
"S00094836",0,0,0
"S00094837",1,1,0
"S00094838",0,0,0
"S00094839",0,0,0
"S00094840",3,3,0
"S00094841",0,0,0
"S00094842",4,2,2
"S00094843",0,0,0
"S00094844",5,3,2
"S00094845",0,0,0
"S00094846",5,4,1
"S00094847",1,1,0
"S00094848",1,1,0
"S00094849",3,2,1
"S00094850",7,5,2
"S00094851",0,0,0
"S00094852",2,2,0
"S00094853",0,0,0
"S00094854",2,1,1
"S00094855",2,1,1
"S00094856",1,0,1
"S00094857",3,1,2
"S00094858",5,4,1
"S00094859",0,0,0
"S00094860",3,2,1
"S00094861",2,1,1
"S00094862",0,0,0
"S00094863",0,0,0
"S00094864",0,0,0
"S00094865",4,2,2
"S00094866",5,2,3
"S00094867",0,0,0
"S00094868",4,3,1
"S00094869",6,4,2
"S00094870",3,1,2
"S00094871",0,0,0
"S00094872",2,2,0
"S00094873",5,3,2
"S00094874",0,0,0
"S00094875",9,2,7
"S00094876",4,2,2
"S00094877",0,0,0
"S00094878",6,3,3
"S00094879",5,1,4
"S00094880",4,3,1
"S00094881",3,2,1
"S00094882",3,2,1
"S00094883",6,4,2
"S00094884",1,0,1
"S00094885",2,2,0
"S00094886",7,5,2
"S00094887",2,1,1
"S00094888",4,2,2
"S00094889",3,1,2
"S00094890",0,0,0
"S00094891",2,1,1
"S00094892",0,0,0
"S00094893",2,0,2
"S00094894",5,2,3
"S00094895",4,2,2
"S00094896",4,3,1
"S00094897",2,1,1
"S00094898",3,2,1
"S00094899",1,0,1
"S00094900",3,2,1
"S00094901",2,1,1
"S00094902",1,1,0
"S00094903",5,4,1
"S00094904",2,1,1
"S00094905",3,3,0
"S00094906",4,4,0
"S00094907",8,6,2
"S00094908",5,2,3
"S00094909",1,1,0
"S00094910",1,0,1
"S00094911",6,1,5
"S00094912",5,4,1
"S00094913",2,1,1
"S00094914",2,2,0
"S00094915",4,2,2
"S00094916",7,3,4
"S00094917",4,2,2
"S00094918",3,2,1
"S00094919",7,3,4
"S00094920",5,2,3
"S00094921",2,2,0
"S00094922",0,0,0
"S00094923",0,0,0
"S00094924",1,0,1
"S00094925",0,0,0
"S00094926",3,0,3
"S00094927",3,2,1
"S00094928",3,3,0
"S00094929",7,2,5
"S00094930",2,2,0
"S00094931",2,2,0
"S00094932",1,0,1
"S00094933",0,0,0
"S00094934",1,1,0
"S00094935",2,1,1
"S00094936",11,6,5
"S00094937",6,3,3
"S00094938",7,5,2
"S00094939",0,0,0
"S00094940",6,3,3
"S00094941",5,3,2
"S00094942",5,2,3
"S00094943",6,2,4
"S00094944",3,1,2
"S00094945",11,8,3
"S00094946",0,0,0
"S00094947",2,1,1
"S00094948",0,0,0
"S00094949",0,0,0
"S00094950",0,0,0
"S00094951",0,0,0
"S00094952",0,0,0
"S00094953",4,2,2
"S00094954",4,1,3
"S00094955",4,3,1
"S00094956",0,0,0
"S00094957",1,0,1
"S00094958",2,0,2
"S00094959",2,1,1
"S00094960",6,3,3
"S00094961",2,0,2
"S00094962",1,1,0
"S00094963",3,1,2
"S00094964",0,0,0
"S00094965",0,0,0
"S00094966",0,0,0
"S00094967",0,0,0
"S00094968",2,2,0
"S00094969",0,0,0
"S00094970",4,2,2
"S00094971",8,5,3
"S00094972",1,0,1
"S00094973",3,1,2
"S00094974",4,3,1
"S00094975",1,1,0
"S00094976",0,0,0
"S00094977",0,0,0
"S00094978",3,1,2
"S00094979",5,2,3
"S00094980",2,1,1
"S00094981",0,0,0
"S00094982",3,2,1
"S00094983",9,4,5
"S00094984",1,0,1
"S00094985",2,1,1
"S00094986",5,3,2
"S00094987",4,1,3
"S00094988",2,1,1
"S00094989",9,4,5
"S00094990",1,1,0
"S00094991",2,2,0
"S00094992",0,0,0
"S00094993",1,0,1
"S00094994",5,1,4
"S00094995",1,0,1
"S00094996",1,1,0
"S00094997",2,1,1
"S00094998",7,2,5
"S00094999",2,1,1
"S00095000",0,0,0
"S00095001",2,2,0
"S00095002",1,1,0
"S00095003",3,2,1
"S00095004",3,3,0
"S00095005",0,0,0
"S00095006",3,0,3
"S00095007",1,0,1
"S00095008",0,0,0
"S00095009",7,4,3
"S00095010",1,0,1
"S00095011",0,0,0
"S00095012",0,0,0
"S00095013",5,2,3
"S00095014",2,0,2
"S00095015",2,1,1
"S00095016",0,0,0
"S00095017",5,3,2
"S00095018",6,3,3
"S00095019",8,5,3
"S00095020",4,3,1
"S00095021",5,2,3
"S00095022",11,3,8
"S00095023",3,2,1
"S00095024",1,0,1
"S00095025",2,1,1
"S00095026",6,4,2
"S00095027",2,1,1
"S00095028",3,1,2
"S00095029",7,5,2
"S00095030",3,1,2
"S00095031",2,1,1
"S00095032",0,0,0
"S00095033",2,0,2
"S00095034",1,1,0
"S00095035",5,2,3
"S00095036",5,4,1
"S00095037",1,0,1
"S00095038",3,2,1
"S00095039",1,1,0
"S00095040",0,0,0
"S00095041",1,1,0
"S00095042",0,0,0
"S00095043",1,0,1
"S00095044",0,0,0
"S00095045",1,0,1
"S00095046",0,0,0
"S00095047",0,0,0
"S00095048",3,1,2
"S00095049",0,0,0
"S00095050",0,0,0
"S00095051",1,0,1
"S00095052",4,1,3
"S00095053",0,0,0
"S00095054",0,0,0
"S00095055",0,0,0
"S00095056",2,0,2
"S00095057",0,0,0
"S00095058",0,0,0
"S00095059",0,0,0
"S00095060",1,0,1
"S00095061",5,2,3
"S00095062",0,0,0
"S00095063",1,0,1
"S00095064",1,0,1
"S00095065",2,2,0
"S00095066",1,1,0
"S00095067",0,0,0
"S00095068",0,0,0
"S00095069",0,0,0
"S00095070",1,1,0
"S00095071",0,0,0
"S00095072",0,0,0
"S00095073",0,0,0
"S00095074",0,0,0
"S00095075",0,0,0
"S00095076",0,0,0
"S00095077",1,0,1
"S00095078",1,1,0
"S00095079",1,1,0
"S00095080",2,1,1
"S00095081",0,0,0
"S00095082",1,0,1
"S00095083",1,0,1
"S00095084",0,0,0
"S00095085",0,0,0
"S00095086",1,0,1
"S00095087",0,0,0
"S00095088",0,0,0
"S00095089",1,0,1
"S00095090",0,0,0
"S00095091",0,0,0
"S00095092",0,0,0
"S00095093",0,0,0
"S00095094",0,0,0
"S00095095",1,0,1
"S00095096",0,0,0
"S00095097",0,0,0
"S00095098",0,0,0
"S00095099",0,0,0
"S00095100",3,1,2
"S00095101",0,0,0
"S00095102",1,1,0
"S00095103",1,1,0
"S00095104",1,0,1
"S00095105",1,1,0
"S00095106",2,0,2
"S00095107",0,0,0
"S00095108",0,0,0
"S00095109",0,0,0
"S00095110",0,0,0
"S00095111",0,0,0
"S00095112",0,0,0
"S00095113",2,2,0
"S00095114",0,0,0
"S00095115",0,0,0
"S00095116",0,0,0
"S00095117",0,0,0
"S00095118",0,0,0
"S00095119",1,0,1
"S00095120",2,2,0
"S00095121",0,0,0
"S00095122",1,1,0
"S00095123",1,0,1
"S00095124",0,0,0
"S00095125",0,0,0
"S00095126",1,0,1
"S00095127",3,2,1
"S00095128",1,0,1
"S00095129",0,0,0
"S00095130",1,1,0
"S00095131",5,4,1
"S00095132",0,0,0
"S00095133",0,0,0
"S00095134",0,0,0
"S00095135",0,0,0
"S00095136",0,0,0
"S00095137",0,0,0
"S00095138",0,0,0
"S00095139",0,0,0
"S00095140",0,0,0
"S00095141",1,1,0
"S00095142",0,0,0
"S00095143",1,0,1
"S00095144",0,0,0
"S00095145",0,0,0
"S00095146",0,0,0
"S00095147",3,1,2
"S00095148",1,0,1
"S00095149",0,0,0
"S00095150",0,0,0
"S00095151",0,0,0
"S00095152",1,1,0
"S00095153",2,1,1
"S00095154",1,1,0
"S00095155",2,1,1
"S00095156",0,0,0
"S00095157",0,0,0
"S00095158",0,0,0
"S00095159",1,0,1
"S00095160",4,2,2
"S00095161",0,0,0
"S00095162",0,0,0
"S00095163",1,0,1
"S00095164",0,0,0
"S00095165",0,0,0
"S00095166",5,3,2
"S00095167",4,3,1
"S00095168",3,2,1
"S00095169",2,0,2
"S00095170",1,0,1
"S00095171",0,0,0
"S00095172",0,0,0
"S00095173",0,0,0
"S00095174",1,1,0
"S00095175",2,0,2
"S00095176",2,2,0
"S00095177",0,0,0
"S00095178",0,0,0
"S00095179",0,0,0
"S00095180",0,0,0
"S00095181",6,5,1
"S00095182",4,1,3
"S00095183",1,0,1
"S00095184",0,0,0
"S00095185",4,3,1
"S00095186",0,0,0
"S00095187",0,0,0
"S00095188",0,0,0
"S00095189",3,1,2
"S00095190",2,1,1
"S00095191",3,1,2
"S00095192",2,0,2
"S00095193",0,0,0
"S00095194",0,0,0
"S00095195",2,2,0
"S00095196",5,2,3
"S00095197",0,0,0
"S00095198",4,2,2
"S00095199",0,0,0
"S00095200",0,0,0
"S00095201",0,0,0
"S00095202",0,0,0
"S00095203",1,1,0
"S00095204",2,0,2
"S00095205",0,0,0
"S00095206",1,1,0
"S00095207",0,0,0
"S00095208",2,1,1
"S00095209",1,1,0
"S00095210",0,0,0
"S00095211",2,0,2
"S00095212",0,0,0
"S00095213",4,2,2
"S00095214",0,0,0
"S00095215",1,1,0
"S00095216",5,2,3
"S00095217",2,2,0
"S00095218",0,0,0
"S00095219",4,1,3
"S00095220",0,0,0
"S00095221",1,0,1
"S00095222",7,3,4
"S00095223",0,0,0
"S00095224",2,0,2
"S00095225",2,2,0
"S00095226",1,1,0
"S00095227",0,0,0
"S00095228",1,1,0
"S00095229",0,0,0
"S00095230",0,0,0
"S00095231",0,0,0
"S00095232",0,0,0
"S00095233",1,1,0
"S00095234",0,0,0
"S00095235",0,0,0
"S00095236",0,0,0
"S00095237",3,1,2
"S00095238",2,1,1
"S00095239",0,0,0
"S00095240",2,0,2
"S00095241",2,1,1
"S00095242",0,0,0
"S00095243",1,0,1
"S00095244",9,6,3
"S00095245",3,1,2
"S00095246",0,0,0
"S00095247",0,0,0
"S00095248",2,1,1
"S00095249",0,0,0
"S00095250",0,0,0
"S00095251",0,0,0
"S00095252",3,3,0
"S00095253",1,1,0
"S00095254",1,1,0
"S00095255",0,0,0
"S00095256",1,0,1
"S00095257",2,1,1
"S00095258",10,6,4
"S00095259",3,2,1
"S00095260",5,2,3
"S00095261",0,0,0
"S00095262",3,0,3
"S00095263",4,1,3
"S00095264",0,0,0
"S00095265",0,0,0
"S00095266",3,0,3
"S00095267",1,1,0
"S00095268",1,0,1
"S00095269",0,0,0
"S00095270",4,0,4
"S00095271",0,0,0
"S00095272",0,0,0
"S00095273",0,0,0
"S00095274",4,1,3
"S00095275",1,1,0
"S00095276",1,0,1
"S00095277",0,0,0
"S00095278",3,1,2
"S00095279",0,0,0
"S00095280",2,0,2
"S00095281",0,0,0
"S00095282",3,2,1
"S00095283",1,0,1
"S00095284",0,0,0
"S00095285",0,0,0
"S00095286",1,1,0
"S00095287",0,0,0
"S00095288",1,0,1
"S00095289",1,0,1
"S00095290",0,0,0
"S00095291",0,0,0
"S00095292",0,0,0
"S00095293",0,0,0
"S00095294",0,0,0
"S00095295",1,1,0
"S00095296",1,0,1
"S00095297",0,0,0
"S00095298",2,0,2
"S00095299",3,2,1
"S00095300",3,0,3
"S00095301",3,2,1
"S00095302",5,2,3
"S00095303",1,0,1
"S00095304",0,0,0
"S00095305",1,0,1
"S00095306",0,0,0
"S00095307",2,1,1
"S00095308",1,1,0
"S00095309",0,0,0
"S00095310",0,0,0
"S00095311",2,1,1
"S00095312",3,3,0
"S00095313",2,1,1
"S00095314",3,0,3
"S00095315",3,1,2
"S00095316",1,0,1
"S00095317",0,0,0
"S00095318",2,1,1
"S00095319",3,2,1
"S00095320",3,0,3
"S00095321",3,3,0
"S00095322",0,0,0
"S00095323",0,0,0
"S00095324",0,0,0
"S00095325",0,0,0
"S00095326",1,0,1
"S00095327",1,1,0
"S00095328",0,0,0
"S00095329",0,0,0
"S00095330",1,0,1
"S00095331",1,0,1
"S00095332",0,0,0
"S00095333",0,0,0
"S00095334",0,0,0
"S00095335",1,1,0
"S00095336",4,3,1
"S00095337",0,0,0
"S00095338",0,0,0
"S00095339",3,1,2
"S00095340",0,0,0
"S00095341",2,1,1
"S00095342",2,0,2
"S00095343",0,0,0
"S00095344",0,0,0
"S00095345",5,1,4
"S00095346",0,0,0
"S00095347",3,0,3
"S00095348",2,0,2
"S00095349",0,0,0
"S00095350",0,0,0
"S00095351",5,0,5
"S00095352",5,3,2
"S00095353",1,0,1
"S00095354",1,0,1
"S00095355",2,2,0
"S00095356",0,0,0
"S00095357",0,0,0
"S00095358",3,1,2
"S00095359",0,0,0
"S00095360",0,0,0
"S00095361",0,0,0
"S00095362",4,3,1
"S00095363",0,0,0
"S00095364",0,0,0
"S00095365",0,0,0
"S00095366",1,0,1
"S00095367",2,2,0
"S00095368",3,2,1
"S00095369",4,1,3
"S00095370",3,0,3
"S00095371",2,1,1
"S00095372",0,0,0
"S00095373",5,3,2
"S00095374",0,0,0
"S00095375",1,0,1
"S00095376",0,0,0
"S00095377",2,0,2
"S00095378",0,0,0
"S00095379",4,2,2
"S00095380",5,3,2
"S00095381",3,2,1
"S00095382",0,0,0
"S00095383",1,0,1
"S00095384",0,0,0
"S00095385",0,0,0
"S00095386",1,0,1
"S00095387",1,0,1
"S00095388",2,1,1
"S00095389",2,1,1
"S00095390",1,1,0
"S00095391",0,0,0
"S00095392",0,0,0
"S00095393",0,0,0
"S00095394",0,0,0
"S00095395",0,0,0
"S00095396",1,0,1
"S00095397",6,3,3
"S00095398",3,1,2
"S00095399",0,0,0
"S00095400",4,1,3
"S00095401",0,0,0
"S00095402",1,1,0
"S00095403",0,0,0
"S00095404",0,0,0
"S00095405",3,0,3
"S00095406",0,0,0
"S00095407",0,0,0
"S00095408",3,2,1
"S00095409",2,2,0
"S00095410",0,0,0
"S00095411",1,1,0
"S00095412",3,2,1
"S00095413",8,3,5
"S00095414",3,2,1
"S00095415",0,0,0
"S00095416",0,0,0
"S00095417",1,0,1
"S00095418",2,0,2
"S00095419",0,0,0
"S00095420",0,0,0
"S00095421",0,0,0
"S00095422",0,0,0
"S00095423",2,1,1
"S00095424",2,1,1
"S00095425",1,0,1
"S00095426",2,1,1
"S00095427",2,1,1
"S00095428",0,0,0
"S00095429",0,0,0
"S00095430",4,1,3
"S00095431",0,0,0
"S00095432",0,0,0
"S00095433",5,3,2
"S00095434",2,1,1
"S00095435",0,0,0
"S00095436",0,0,0
"S00095437",0,0,0
"S00095438",0,0,0
"S00095439",0,0,0
"S00095440",1,0,1
"S00095441",1,1,0
"S00095442",1,1,0
"S00095443",8,4,4
"S00095444",1,1,0
"S00095445",2,1,1
"S00095446",0,0,0
"S00095447",0,0,0
"S00095448",6,6,0
"S00095449",5,5,0
"S00095450",0,0,0
"S00095451",0,0,0
"S00095452",7,4,3
"S00095453",1,1,0
"S00095454",0,0,0
"S00095455",3,1,2
"S00095456",1,1,0
"S00095457",0,0,0
"S00095458",3,1,2
"S00095459",6,3,3
"S00095460",0,0,0
"S00095461",0,0,0
"S00095462",2,1,1
"S00095463",1,1,0
"S00095464",1,0,1
"S00095465",0,0,0
"S00095466",5,2,3
"S00095467",0,0,0
"S00095468",0,0,0
"S00095469",0,0,0
"S00095470",0,0,0
"S00095471",0,0,0
"S00095472",3,2,1
"S00095473",3,1,2
"S00095474",2,1,1
"S00095475",0,0,0
"S00095476",3,0,3
"S00095477",3,1,2
"S00095478",4,1,3
"S00095479",2,1,1
"S00095480",0,0,0
"S00095481",1,0,1
"S00095482",0,0,0
"S00095483",0,0,0
"S00095484",3,3,0
"S00095485",0,0,0
"S00095486",2,0,2
"S00095487",0,0,0
"S00095488",4,1,3
"S00095489",2,0,2
"S00095490",0,0,0
"S00095491",7,4,3
"S00095492",1,1,0
"S00095493",1,1,0
"S00095494",1,1,0
"S00095495",0,0,0
"S00095496",0,0,0
"S00095497",0,0,0
"S00095498",0,0,0
"S00095499",0,0,0
"S00095500",0,0,0
"S00095501",0,0,0
"S00095502",3,2,1
"S00095503",4,1,3
"S00095504",0,0,0
"S00095505",4,1,3
"S00095506",3,2,1
"S00095507",2,2,0
"S00095508",7,3,4
"S00095509",0,0,0
"S00095510",0,0,0
"S00095511",1,0,1
"S00095512",7,3,4
"S00095513",0,0,0
"S00095514",0,0,0
"S00095515",1,0,1
"S00095516",0,0,0
"S00095517",0,0,0
"S00095518",1,0,1
"S00095519",0,0,0
"S00095520",3,3,0
"S00095521",3,1,2
"S00095522",0,0,0
"S00095523",2,0,2
"S00095524",1,0,1
"S00095525",3,0,3
"S00095526",11,6,5
"S00095527",4,2,2
"S00095528",2,0,2
"S00095529",0,0,0
"S00095530",4,3,1
"S00095531",0,0,0
"S00095532",1,0,1
"S00095533",0,0,0
"S00095534",2,1,1
"S00095535",0,0,0
"S00095536",1,0,1
"S00095537",2,0,2
"S00095538",3,3,0
"S00095539",2,2,0
"S00095540",1,0,1
"S00095541",1,1,0
"S00095542",1,1,0
"S00095543",1,0,1
"S00095544",0,0,0
"S00095545",1,0,1
"S00095546",1,0,1
"S00095547",1,1,0
"S00095548",0,0,0
"S00095549",0,0,0
"S00095550",1,0,1
"S00095551",0,0,0
"S00095552",0,0,0
"S00095553",0,0,0
"S00095554",1,1,0
"S00095555",0,0,0
"S00095556",0,0,0
"S00095557",0,0,0
"S00095558",3,2,1
"S00095559",0,0,0
"S00095560",5,2,3
"S00095561",0,0,0
"S00095562",0,0,0
"S00095563",3,1,2
"S00095564",5,2,3
"S00095565",2,2,0
"S00095566",1,1,0
"S00095567",3,2,1
"S00095568",4,2,2
"S00095569",0,0,0
"S00095570",0,0,0
"S00095571",2,2,0
"S00095572",0,0,0
"S00095573",0,0,0
"S00095574",0,0,0
"S00095575",0,0,0
"S00095576",0,0,0
"S00095577",0,0,0
"S00095578",0,0,0
"S00095579",0,0,0
"S00095580",0,0,0
"S00095581",1,1,0
"S00095582",0,0,0
"S00095583",0,0,0
"S00095584",0,0,0
"S00095585",0,0,0
"S00095586",1,1,0
"S00095587",3,1,2
"S00095588",1,0,1
"S00095589",3,2,1
"S00095590",0,0,0
"S00095591",3,1,2
"S00095592",2,1,1
"S00095593",6,3,3
"S00095594",0,0,0
"S00095595",7,6,1
"S00095596",1,1,0
"S00095597",0,0,0
"S00095598",0,0,0
"S00095599",3,1,2
"S00095600",0,0,0
"S00095601",0,0,0
"S00095602",0,0,0
"S00095603",2,2,0
"S00095604",3,1,2
"S00095605",0,0,0
"S00095606",0,0,0
"S00095607",3,0,3
"S00095608",2,1,1
"S00095609",0,0,0
"S00095610",2,1,1
"S00095611",4,1,3
"S00095612",0,0,0
"S00095613",4,2,2
"S00095614",3,1,2
"S00095615",4,2,2
"S00095616",9,5,4
"S00095617",2,0,2
"S00095618",0,0,0
"S00095619",5,4,1
"S00095620",2,0,2
"S00095621",2,2,0
"S00095622",1,1,0
"S00095623",3,1,2
"S00095624",0,0,0
"S00095625",8,2,6
"S00095626",9,5,4
"S00095627",0,0,0
"S00095628",1,0,1
"S00095629",1,0,1
"S00095630",4,2,2
"S00095631",0,0,0
"S00095632",1,1,0
"S00095633",0,0,0
"S00095634",0,0,0
"S00095635",1,1,0
"S00095636",2,1,1
"S00095637",0,0,0
"S00095638",3,1,2
"S00095639",0,0,0
"S00095640",0,0,0
"S00095641",3,1,2
"S00095642",0,0,0
"S00095643",0,0,0
"S00095644",0,0,0
"S00095645",1,0,1
"S00095646",0,0,0
"S00095647",8,3,5
"S00095648",0,0,0
"S00095649",2,1,1
"S00095650",0,0,0
"S00095651",2,1,1
"S00095652",0,0,0
"S00095653",0,0,0
"S00095654",1,0,1
"S00095655",3,1,2
"S00095656",3,2,1
"S00095657",2,0,2
"S00095658",0,0,0
"S00095659",0,0,0
"S00095660",0,0,0
"S00095661",2,0,2
"S00095662",5,3,2
"S00095663",3,1,2
"S00095664",0,0,0
"S00095665",0,0,0
"S00095666",0,0,0
"S00095667",3,1,2
"S00095668",7,3,4
"S00095669",3,3,0
"S00095670",2,1,1
"S00095671",1,1,0
"S00095672",3,2,1
"S00095673",2,1,1
"S00095674",0,0,0
"S00095675",0,0,0
"S00095676",0,0,0
"S00095677",0,0,0
"S00095678",1,1,0
"S00095679",4,2,2
"S00095680",0,0,0
"S00095681",0,0,0
"S00095682",2,1,1
"S00095683",0,0,0
"S00095684",3,2,1
"S00095685",2,2,0
"S00095686",1,0,1
"S00095687",0,0,0
"S00095688",0,0,0
"S00095689",0,0,0
"S00095690",0,0,0
"S00095691",0,0,0
"S00095692",0,0,0
"S00095693",1,0,1
"S00095694",3,1,2
"S00095695",0,0,0
"S00095696",0,0,0
"S00095697",3,1,2
"S00095698",5,2,3
"S00095699",3,0,3
"S00095700",2,1,1
"S00095701",3,3,0
"S00095702",3,3,0
"S00095703",0,0,0
"S00095704",5,3,2
"S00095705",0,0,0
"S00095706",1,1,0
"S00095707",3,2,1
"S00095708",4,3,1
"S00095709",7,6,1
"S00095710",1,0,1
"S00095711",3,2,1
"S00095712",1,0,1
"S00095713",0,0,0
"S00095714",3,1,2
"S00095715",3,1,2
"S00095716",4,0,4
"S00095717",1,0,1
"S00095718",4,2,2
"S00095719",2,1,1
"S00095720",1,1,0
"S00095721",1,0,1
"S00095722",3,2,1
"S00095723",2,0,2
"S00095724",0,0,0
"S00095725",5,1,4
"S00095726",1,1,0
"S00095727",0,0,0
"S00095728",1,0,1
"S00095729",5,3,2
"S00095730",0,0,0
"S00095731",6,4,2
"S00095732",5,4,1
"S00095733",2,1,1
"S00095734",2,2,0
"S00095735",4,3,1
"S00095736",3,1,2
"S00095737",1,0,1
"S00095738",1,0,1
"S00095739",5,2,3
"S00095740",0,0,0
"S00095741",0,0,0
"S00095742",1,0,1
"S00095743",1,0,1
"S00095744",0,0,0
"S00095745",0,0,0
"S00095746",0,0,0
"S00095747",0,0,0
"S00095748",0,0,0
"S00095749",0,0,0
"S00095750",1,1,0
"S00095751",4,4,0
"S00095752",1,0,1
"S00095753",0,0,0
"S00095754",0,0,0
"S00095755",0,0,0
"S00095756",0,0,0
"S00095757",0,0,0
"S00095758",0,0,0
"S00095759",0,0,0
"S00095760",4,2,2
"S00095761",2,0,2
"S00095762",0,0,0
"S00095763",0,0,0
"S00095764",0,0,0
"S00095765",1,0,1
"S00095766",3,2,1
"S00095767",0,0,0
"S00095768",0,0,0
"S00095769",0,0,0
"S00095770",0,0,0
"S00095771",1,0,1
"S00095772",2,1,1
"S00095773",0,0,0
"S00095774",3,2,1
"S00095775",0,0,0
"S00095776",0,0,0
"S00095777",0,0,0
"S00095778",3,2,1
"S00095779",1,1,0
"S00095780",0,0,0
"S00095781",0,0,0
"S00095782",2,1,1
"S00095783",3,3,0
"S00095784",1,1,0
"S00095785",2,0,2
"S00095786",0,0,0
"S00095787",0,0,0
"S00095788",5,2,3
"S00095789",0,0,0
"S00095790",0,0,0
"S00095791",2,1,1
"S00095792",1,1,0
"S00095793",0,0,0
"S00095794",1,1,0
"S00095795",0,0,0
"S00095796",0,0,0
"S00095797",1,1,0
"S00095798",0,0,0
"S00095799",0,0,0
"S00095800",3,1,2
"S00095801",2,1,1
"S00095802",0,0,0
"S00095803",3,2,1
"S00095804",8,6,2
"S00095805",4,1,3
"S00095806",0,0,0
"S00095807",0,0,0
"S00095808",4,1,3
"S00095809",0,0,0
"S00095810",0,0,0
"S00095811",0,0,0
"S00095812",0,0,0
"S00095813",2,1,1
"S00095814",6,2,4
"S00095815",1,1,0
"S00095816",7,3,4
"S00095817",1,0,1
"S00095818",5,3,2
"S00095819",0,0,0
"S00095820",0,0,0
"S00095821",1,1,0
"S00095822",4,1,3
"S00095823",0,0,0
"S00095824",1,1,0
"S00095825",2,0,2
"S00095826",0,0,0
"S00095827",0,0,0
"S00095828",1,1,0
"S00095829",0,0,0
"S00095830",0,0,0
"S00095831",1,0,1
"S00095832",11,5,6
"S00095833",0,0,0
"S00095834",0,0,0
"S00095835",0,0,0
"S00095836",0,0,0
"S00095837",2,0,2
"S00095838",2,0,2
"S00095839",1,0,1
"S00095840",2,1,1
"S00095841",7,3,4
"S00095842",3,2,1
"S00095843",7,3,4
"S00095844",6,5,1
"S00095845",6,3,3
"S00095846",2,2,0
"S00095847",0,0,0
"S00095848",0,0,0
"S00095849",3,3,0
"S00095850",0,0,0
"S00095851",0,0,0
"S00095852",1,0,1
"S00095853",1,0,1
"S00095854",0,0,0
"S00095855",0,0,0
"S00095856",0,0,0
"S00095857",0,0,0
"S00095858",0,0,0
"S00095859",0,0,0
"S00095860",0,0,0
"S00095861",0,0,0
"S00095862",0,0,0
"S00095863",0,0,0
"S00095864",1,1,0
"S00095865",4,3,1
"S00095866",3,2,1
"S00095867",1,1,0
"S00095868",1,1,0
"S00095869",1,0,1
"S00095870",0,0,0
"S00095871",2,2,0
"S00095872",1,1,0
"S00095873",5,2,3
"S00095874",2,1,1
"S00095875",0,0,0
"S00095876",1,0,1
"S00095877",1,0,1
"S00095878",2,1,1
"S00095879",1,1,0
"S00095880",0,0,0
"S00095881",0,0,0
"S00095882",2,2,0
"S00095883",0,0,0
"S00095884",1,0,1
"S00095885",1,1,0
"S00095886",0,0,0
"S00095887",0,0,0
"S00095888",0,0,0
"S00095889",0,0,0
"S00095890",1,1,0
"S00095891",0,0,0
"S00095892",4,2,2
"S00095893",0,0,0
"S00095894",2,1,1
"S00095895",0,0,0
"S00095896",2,2,0
"S00095897",1,1,0
"S00095898",0,0,0
"S00095899",0,0,0
"S00095900",0,0,0
"S00095901",0,0,0
"S00095902",0,0,0
"S00095903",0,0,0
"S00095904",1,1,0
"S00095905",0,0,0
"S00095906",0,0,0
"S00095907",1,0,1
"S00095908",0,0,0
"S00095909",0,0,0
"S00095910",2,2,0
"S00095911",0,0,0
"S00095912",5,3,2
"S00095913",0,0,0
"S00095914",0,0,0
"S00095915",0,0,0
"S00095916",1,0,1
"S00095917",3,3,0
"S00095918",0,0,0
"S00095919",0,0,0
"S00095920",1,1,0
"S00095921",0,0,0
"S00095922",0,0,0
"S00095923",1,0,1
"S00095924",0,0,0
"S00095925",0,0,0
"S00095926",1,1,0
"S00095927",0,0,0
"S00095928",5,3,2
"S00095929",1,0,1
"S00095930",0,0,0
"S00095931",0,0,0
"S00095932",0,0,0
"S00095933",1,0,1
"S00095934",0,0,0
"S00095935",0,0,0
"S00095936",1,0,1
"S00095937",0,0,0
"S00095938",1,0,1
"S00095939",2,0,2
"S00095940",0,0,0
"S00095941",0,0,0
"S00095942",2,0,2
"S00095943",0,0,0
"S00095944",0,0,0
"S00095945",0,0,0
"S00095946",1,0,1
"S00095947",0,0,0
"S00095948",0,0,0
"S00095949",0,0,0
"S00095950",1,1,0
"S00095951",1,1,0
"S00095952",0,0,0
"S00095953",0,0,0
"S00095954",0,0,0
"S00095955",0,0,0
"S00095956",0,0,0
"S00095957",0,0,0
"S00095958",2,1,1
"S00095959",2,1,1
"S00095960",0,0,0
"S00095961",0,0,0
"S00095962",0,0,0
"S00095963",0,0,0
"S00095964",1,0,1
"S00095965",0,0,0
"S00095966",0,0,0
"S00095967",4,4,0
"S00095968",0,0,0
"S00095969",1,0,1
"S00095970",1,0,1
"S00095971",0,0,0
"S00095972",0,0,0
"S00095973",0,0,0
"S00095974",0,0,0
"S00095975",1,1,0
"S00095976",1,0,1
"S00095977",1,0,1
"S00095978",0,0,0
"S00095979",2,0,2
"S00095980",1,1,0
"S00095981",0,0,0
"S00095982",3,1,2
"S00095983",0,0,0
"S00095984",4,1,3
"S00095985",2,1,1
"S00095986",0,0,0
"S00095987",0,0,0
"S00095988",1,1,0
"S00095989",0,0,0
"S00095990",2,1,1
"S00095991",0,0,0
"S00095992",0,0,0
"S00095993",1,1,0
"S00095994",0,0,0
"S00095995",0,0,0
"S00095996",1,0,1
"S00095997",0,0,0
"S00095998",1,0,1
"S00095999",0,0,0
"S00096000",0,0,0
"S00096001",1,0,1
"S00096002",0,0,0
"S00096003",0,0,0
"S00096004",0,0,0
"S00096005",1,0,1
"S00096006",1,0,1
"S00096007",0,0,0
"S00096008",0,0,0
"S00096009",1,0,1
"S00096010",0,0,0
"S00096011",0,0,0
"S00096012",0,0,0
"S00096013",1,1,0
"S00096014",0,0,0
"S00096015",0,0,0
"S00096016",1,0,1
"S00096017",2,1,1
"S00096018",2,1,1
"S00096019",0,0,0
"S00096020",2,2,0
"S00096021",0,0,0
"S00096022",0,0,0
"S00096023",0,0,0
"S00096024",0,0,0
"S00096025",0,0,0
"S00096026",0,0,0
"S00096027",1,0,1
"S00096028",1,0,1
"S00096029",2,0,2
"S00096030",0,0,0
"S00096031",0,0,0
"S00096032",0,0,0
"S00096033",0,0,0
"S00096034",0,0,0
"S00096035",0,0,0
"S00096036",4,1,3
"S00096037",0,0,0
"S00096038",1,0,1
"S00096039",2,1,1
"S00096040",0,0,0
"S00096041",1,0,1
"S00096042",0,0,0
"S00096043",0,0,0
"S00096044",4,2,2
"S00096045",2,1,1
"S00096046",1,0,1
"S00096047",0,0,0
"S00096048",1,1,0
"S00096049",9,3,6
"S00096050",2,1,1
"S00096051",1,0,1
"S00096052",3,1,2
"S00096053",4,0,4
"S00096054",2,0,2
"S00096055",0,0,0
"S00096056",1,1,0
"S00096057",0,0,0
"S00096058",0,0,0
"S00096059",0,0,0
"S00096060",0,0,0
"S00096061",0,0,0
"S00096062",1,1,0
"S00096063",0,0,0
"S00096064",1,1,0
"S00096065",0,0,0
"S00096066",0,0,0
"S00096067",0,0,0
"S00096068",1,1,0
"S00096069",3,1,2
"S00096070",1,0,1
"S00096071",2,2,0
"S00096072",0,0,0
"S00096073",2,0,2
"S00096074",0,0,0
"S00096075",0,0,0
"S00096076",0,0,0
"S00096077",3,2,1
"S00096078",3,1,2
"S00096079",0,0,0
"S00096080",3,1,2
"S00096081",1,1,0
"S00096082",4,2,2
"S00096083",1,0,1
"S00096084",0,0,0
"S00096085",0,0,0
"S00096086",0,0,0
"S00096087",0,0,0
"S00096088",3,2,1
"S00096089",2,2,0
"S00096090",0,0,0
"S00096091",3,1,2
"S00096092",2,0,2
"S00096093",0,0,0
"S00096094",1,0,1
"S00096095",0,0,0
"S00096096",1,0,1
"S00096097",1,0,1
"S00096098",3,1,2
"S00096099",1,0,1
"S00096100",1,0,1
"S00096101",3,3,0
"S00096102",3,2,1
"S00096103",0,0,0
"S00096104",2,1,1
"S00096105",10,4,6
"S00096106",8,6,2
"S00096107",7,3,4
"S00096108",0,0,0
"S00096109",1,0,1
"S00096110",4,3,1
"S00096111",0,0,0
"S00096112",9,3,6
"S00096113",4,3,1
"S00096114",6,4,2
"S00096115",6,2,4
"S00096116",0,0,0
"S00096117",3,2,1
"S00096118",2,0,2
"S00096119",0,0,0
"S00096120",4,4,0
"S00096121",1,1,0
"S00096122",0,0,0
"S00096123",2,1,1
"S00096124",0,0,0
"S00096125",1,0,1
"S00096126",0,0,0
"S00096127",0,0,0
"S00096128",2,2,0
"S00096129",5,1,4
"S00096130",2,0,2
"S00096131",2,2,0
"S00096132",1,0,1
"S00096133",0,0,0
"S00096134",0,0,0
"S00096135",6,3,3
"S00096136",0,0,0
"S00096137",1,1,0
"S00096138",1,1,0
"S00096139",3,1,2
"S00096140",6,2,4
"S00096141",0,0,0
"S00096142",3,1,2
"S00096143",0,0,0
"S00096144",1,1,0
"S00096145",0,0,0
"S00096146",0,0,0
"S00096147",0,0,0
"S00096148",0,0,0
"S00096149",1,0,1
"S00096150",5,2,3
"S00096151",2,1,1
"S00096152",6,2,4
"S00096153",4,2,2
"S00096154",0,0,0
"S00096155",0,0,0
"S00096156",3,2,1
"S00096157",2,1,1
"S00096158",0,0,0
"S00096159",4,3,1
"S00096160",1,1,0
"S00096161",0,0,0
"S00096162",0,0,0
"S00096163",0,0,0
"S00096164",0,0,0
"S00096165",1,1,0
"S00096166",1,0,1
"S00096167",6,2,4
"S00096168",0,0,0
"S00096169",0,0,0
"S00096170",0,0,0
"S00096171",1,0,1
"S00096172",1,1,0
"S00096173",0,0,0
"S00096174",0,0,0
"S00096175",0,0,0
"S00096176",0,0,0
"S00096177",2,0,2
"S00096178",0,0,0
"S00096179",0,0,0
"S00096180",1,0,1
"S00096181",0,0,0
"S00096182",0,0,0
"S00096183",0,0,0
"S00096184",0,0,0
"S00096185",0,0,0
"S00096186",0,0,0
"S00096187",0,0,0
"S00096188",0,0,0
"S00096189",0,0,0
"S00096190",0,0,0
"S00096191",0,0,0
"S00096192",0,0,0
"S00096193",2,0,2
"S00096194",6,4,2
"S00096195",0,0,0
"S00096196",1,1,0
"S00096197",0,0,0
"S00096198",1,0,1
"S00096199",0,0,0
"S00096200",2,2,0
"S00096201",0,0,0
"S00096202",0,0,0
"S00096203",0,0,0
"S00096204",0,0,0
"S00096205",0,0,0
"S00096206",0,0,0
"S00096207",0,0,0
"S00096208",1,0,1
"S00096209",0,0,0
"S00096210",1,0,1
"S00096211",0,0,0
"S00096212",0,0,0
"S00096213",1,0,1
"S00096214",0,0,0
"S00096215",0,0,0
"S00096216",1,1,0
"S00096217",1,1,0
"S00096218",1,0,1
"S00096219",4,2,2
"S00096220",0,0,0
"S00096221",0,0,0
"S00096222",0,0,0
"S00096223",0,0,0
"S00096224",0,0,0
"S00096225",1,0,1
"S00096226",1,0,1
"S00096227",0,0,0
"S00096228",2,0,2
"S00096229",0,0,0
"S00096230",0,0,0
"S00096231",0,0,0
"S00096232",0,0,0
"S00096233",0,0,0
"S00096234",0,0,0
"S00096235",3,2,1
"S00096236",0,0,0
"S00096237",0,0,0
"S00096238",1,1,0
"S00096239",2,0,2
"S00096240",0,0,0
"S00096241",1,1,0
"S00096242",2,0,2
"S00096243",0,0,0
"S00096244",1,0,1
"S00096245",5,2,3
"S00096246",3,0,3
"S00096247",3,1,2
"S00096248",11,6,5
"S00096249",6,4,2
"S00096250",1,0,1
"S00096251",0,0,0
"S00096252",1,0,1
"S00096253",1,0,1
"S00096254",1,0,1
"S00096255",2,1,1
"S00096256",0,0,0
"S00096257",0,0,0
"S00096258",0,0,0
"S00096259",0,0,0
"S00096260",0,0,0
"S00096261",1,1,0
"S00096262",3,1,2
"S00096263",2,0,2
"S00096264",0,0,0
"S00096265",1,0,1
"S00096266",1,1,0
"S00096267",0,0,0
"S00096268",1,1,0
"S00096269",2,2,0
"S00096270",0,0,0
"S00096271",0,0,0
"S00096272",0,0,0
"S00096273",0,0,0
"S00096274",2,1,1
"S00096275",0,0,0
"S00096276",1,1,0
"S00096277",0,0,0
"S00096278",0,0,0
"S00096279",0,0,0
"S00096280",0,0,0
"S00096281",1,0,1
"S00096282",0,0,0
"S00096283",0,0,0
"S00096284",0,0,0
"S00096285",0,0,0
"S00096286",0,0,0
"S00096287",0,0,0
"S00096288",0,0,0
"S00096289",0,0,0
"S00096290",0,0,0
"S00096291",0,0,0
"S00096292",0,0,0
"S00096293",0,0,0
"S00096294",1,0,1
"S00096295",1,0,1
"S00096296",0,0,0
"S00096297",0,0,0
"S00096298",3,1,2
"S00096299",0,0,0
"S00096300",0,0,0
"S00096301",0,0,0
"S00096302",2,1,1
"S00096303",0,0,0
"S00096304",0,0,0
"S00096305",0,0,0
"S00096306",2,0,2
"S00096307",1,0,1
"S00096308",0,0,0
"S00096309",1,0,1
"S00096310",1,0,1
"S00096311",0,0,0
"S00096312",0,0,0
"S00096313",0,0,0
"S00096314",0,0,0
"S00096315",0,0,0
"S00096316",1,0,1
"S00096317",1,1,0
"S00096318",2,1,1
"S00096319",2,1,1
"S00096320",0,0,0
"S00096321",0,0,0
"S00096322",0,0,0
"S00096323",0,0,0
"S00096324",0,0,0
"S00096325",0,0,0
"S00096326",0,0,0
"S00096327",0,0,0
"S00096328",0,0,0
"S00096329",1,0,1
"S00096330",1,1,0
"S00096331",0,0,0
"S00096332",1,1,0
"S00096333",0,0,0
"S00096334",0,0,0
"S00096335",1,0,1
"S00096336",1,0,1
"S00096337",0,0,0
"S00096338",0,0,0
"S00096339",0,0,0
"S00096340",0,0,0
"S00096341",1,0,1
"S00096342",0,0,0
"S00096343",0,0,0
"S00096344",0,0,0
"S00096345",0,0,0
"S00096346",0,0,0
"S00096347",2,1,1
"S00096348",0,0,0
"S00096349",0,0,0
"S00096350",1,0,1
"S00096351",0,0,0
"S00096352",1,0,1
"S00096353",0,0,0
"S00096354",0,0,0
"S00096355",0,0,0
"S00096356",0,0,0
"S00096357",0,0,0
"S00096358",0,0,0
"S00096359",0,0,0
"S00096360",0,0,0
"S00096361",0,0,0
"S00096362",0,0,0
"S00096363",0,0,0
"S00096364",0,0,0
"S00096365",0,0,0
"S00096366",0,0,0
"S00096367",0,0,0
"S00096368",0,0,0
"S00096369",1,1,0
"S00096370",0,0,0
"S00096371",1,0,1
"S00096372",0,0,0
"S00096373",0,0,0
"S00096374",1,0,1
"S00096375",0,0,0
"S00096376",1,1,0
"S00096377",0,0,0
"S00096378",0,0,0
"S00096379",0,0,0
"S00096380",1,1,0
"S00096381",0,0,0
"S00096382",0,0,0
"S00096383",0,0,0
"S00096384",0,0,0
"S00096385",0,0,0
"S00096386",0,0,0
"S00096387",0,0,0
"S00096388",1,0,1
"S00096389",0,0,0
"S00096390",1,0,1
"S00096391",0,0,0
"S00096392",0,0,0
"S00096393",0,0,0
"S00096394",0,0,0
"S00096395",3,1,2
"S00096396",0,0,0
"S00096397",0,0,0
"S00096398",0,0,0
"S00096399",0,0,0
"S00096400",0,0,0
"S00096401",2,1,1
"S00096402",0,0,0
"S00096403",0,0,0
"S00096404",0,0,0
"S00096405",0,0,0
"S00096406",0,0,0
"S00096407",0,0,0
"S00096408",0,0,0
"S00096409",0,0,0
"S00096410",0,0,0
"S00096411",0,0,0
"S00096412",0,0,0
"S00096413",1,1,0
"S00096414",0,0,0
"S00096415",0,0,0
"S00096416",0,0,0
"S00096417",0,0,0
"S00096418",0,0,0
"S00096419",0,0,0
"S00096420",0,0,0
"S00096421",0,0,0
"S00096422",0,0,0
"S00096423",0,0,0
"S00096424",0,0,0
"S00096425",0,0,0
"S00096426",1,0,1
"S00096427",1,1,0
"S00096428",0,0,0
"S00096429",0,0,0
"S00096430",0,0,0
"S00096431",0,0,0
"S00096432",0,0,0
"S00096433",0,0,0
"S00096434",0,0,0
"S00096435",0,0,0
"S00096436",1,0,1
"S00096437",0,0,0
"S00096438",0,0,0
"S00096439",0,0,0
"S00096440",0,0,0
"S00096441",0,0,0
"S00096442",0,0,0
"S00096443",0,0,0
"S00096444",0,0,0
"S00096445",0,0,0
"S00096446",0,0,0
"S00096447",0,0,0
"S00096448",0,0,0
"S00096449",0,0,0
"S00096450",0,0,0
"S00096451",1,0,1
"S00096452",0,0,0
"S00096453",0,0,0
"S00096454",1,0,1
"S00096455",2,1,1
"S00096456",1,0,1
"S00096457",0,0,0
"S00096458",0,0,0
"S00096459",1,0,1
"S00096460",0,0,0
"S00096461",0,0,0
"S00096462",0,0,0
"S00096463",0,0,0
"S00096464",0,0,0
"S00096465",1,1,0
"S00096466",0,0,0
"S00096467",0,0,0
"S00096468",0,0,0
"S00096469",0,0,0
"S00096470",0,0,0
"S00096471",1,0,1
"S00096472",1,1,0
"S00096473",0,0,0
"S00096474",1,1,0
"S00096475",0,0,0
"S00096476",1,0,1
"S00096477",0,0,0
"S00096478",0,0,0
"S00096479",1,0,1
"S00096480",2,0,2
"S00096481",0,0,0
"S00096482",0,0,0
"S00096483",0,0,0
"S00096484",0,0,0
"S00096485",0,0,0
"S00096486",2,1,1
"S00096487",0,0,0
"S00096488",0,0,0
"S00096489",0,0,0
"S00096490",1,1,0
"S00096491",1,1,0
"S00096492",0,0,0
"S00096493",0,0,0
"S00096494",0,0,0
"S00096495",1,0,1
"S00096496",0,0,0
"S00096497",0,0,0
"S00096498",0,0,0
"S00096499",0,0,0
"S00096500",0,0,0
"S00096501",0,0,0
"S00096502",0,0,0
"S00096503",0,0,0
"S00096504",1,0,1
"S00096505",1,1,0
"S00096506",0,0,0
"S00096507",0,0,0
"S00096508",0,0,0
"S00096509",0,0,0
"S00096510",0,0,0
"S00096511",0,0,0
"S00096512",0,0,0
"S00096513",2,0,2
"S00096514",0,0,0
"S00096515",0,0,0
"S00096516",0,0,0
"S00096517",0,0,0
"S00096518",0,0,0
"S00096519",0,0,0
"S00096520",0,0,0
"S00096521",1,0,1
"S00096522",0,0,0
"S00096523",0,0,0
"S00096524",0,0,0
"S00096525",0,0,0
"S00096526",0,0,0
"S00096527",0,0,0
"S00096528",2,2,0
"S00096529",0,0,0
"S00096530",3,2,1
"S00096531",0,0,0
"S00096532",0,0,0
"S00096533",0,0,0
"S00096534",0,0,0
"S00096535",0,0,0
"S00096536",1,1,0
"S00096537",2,2,0
"S00096538",1,0,1
"S00096539",0,0,0
"S00096540",0,0,0
"S00096541",0,0,0
"S00096542",1,0,1
"S00096543",0,0,0
"S00096544",0,0,0
"S00096545",0,0,0
"S00096546",0,0,0
"S00096547",0,0,0
"S00096548",0,0,0
"S00096549",0,0,0
"S00096550",0,0,0
"S00096551",0,0,0
"S00096552",0,0,0
"S00096553",0,0,0
"S00096554",0,0,0
"S00096555",0,0,0
"S00096556",0,0,0
"S00096557",0,0,0
"S00096558",3,2,1
"S00096559",0,0,0
"S00096560",1,0,1
"S00096561",0,0,0
"S00096562",0,0,0
"S00096563",3,0,3
"S00096564",0,0,0
"S00096565",0,0,0
"S00096566",1,1,0
"S00096567",0,0,0
"S00096568",1,0,1
"S00096569",0,0,0
"S00096570",1,0,1
"S00096571",1,1,0
"S00096572",0,0,0
"S00096573",2,0,2
"S00096574",0,0,0
"S00096575",0,0,0
"S00096576",0,0,0
"S00096577",1,1,0
"S00096578",0,0,0
"S00096579",0,0,0
"S00096580",3,3,0
"S00096581",0,0,0
"S00096582",5,4,1
"S00096583",1,0,1
"S00096584",1,1,0
"S00096585",0,0,0
"S00096586",1,0,1
"S00096587",3,1,2
"S00096588",0,0,0
"S00096589",0,0,0
"S00096590",1,0,1
"S00096591",0,0,0
"S00096592",0,0,0
"S00096593",0,0,0
"S00096594",0,0,0
"S00096595",0,0,0
"S00096596",1,0,1
"S00096597",0,0,0
"S00096598",0,0,0
"S00096599",0,0,0
"S00096600",0,0,0
"S00096601",0,0,0
"S00096602",0,0,0
"S00096603",0,0,0
"S00096604",1,0,1
"S00096605",0,0,0
"S00096606",0,0,0
"S00096607",0,0,0
"S00096608",0,0,0
"S00096609",0,0,0
"S00096610",0,0,0
"S00096611",2,1,1
"S00096612",0,0,0
"S00096613",0,0,0
"S00096614",0,0,0
"S00096615",0,0,0
"S00096616",1,0,1
"S00096617",0,0,0
"S00096618",2,1,1
"S00096619",0,0,0
"S00096620",0,0,0
"S00096621",0,0,0
"S00096622",0,0,0
"S00096623",1,0,1
"S00096624",0,0,0
"S00096625",0,0,0
"S00096626",0,0,0
"S00096627",1,1,0
"S00096628",1,0,1
"S00096629",0,0,0
"S00096630",0,0,0
"S00096631",0,0,0
"S00096632",0,0,0
"S00096633",0,0,0
"S00096634",0,0,0
"S00096635",0,0,0
"S00096636",0,0,0
"S00096637",0,0,0
"S00096638",0,0,0
"S00096639",0,0,0
"S00096640",0,0,0
"S00096641",0,0,0
"S00096642",1,0,1
"S00096643",0,0,0
"S00096644",0,0,0
"S00096645",0,0,0
"S00096646",0,0,0
"S00096647",1,0,1
"S00096648",0,0,0
"S00096649",0,0,0
"S00096650",0,0,0
"S00096651",4,1,3
"S00096652",0,0,0
"S00096653",0,0,0
"S00096654",1,1,0
"S00096655",0,0,0
"S00096656",2,0,2
"S00096657",0,0,0
"S00096658",0,0,0
"S00096659",0,0,0
"S00096660",1,0,1
"S00096661",0,0,0
"S00096662",1,1,0
"S00096663",0,0,0
"S00096664",0,0,0
"S00096665",1,1,0
"S00096666",0,0,0
"S00096667",0,0,0
"S00096668",0,0,0
"S00096669",0,0,0
"S00096670",0,0,0
"S00096671",1,0,1
"S00096672",1,0,1
"S00096673",0,0,0
"S00096674",0,0,0
"S00096675",1,0,1
"S00096676",0,0,0
"S00096677",0,0,0
"S00096678",0,0,0
"S00096679",0,0,0
"S00096680",0,0,0
"S00096681",0,0,0
"S00096682",1,1,0
"S00096683",0,0,0
"S00096684",2,0,2
"S00096685",0,0,0
"S00096686",0,0,0
"S00096687",0,0,0
"S00096688",1,0,1
"S00096689",0,0,0
"S00096690",0,0,0
"S00096691",1,1,0
"S00096692",0,0,0
"S00096693",0,0,0
"S00096694",1,0,1
"S00096695",0,0,0
"S00096696",0,0,0
"S00096697",0,0,0
"S00096698",1,1,0
"S00096699",0,0,0
"S00096700",0,0,0
"S00096701",0,0,0
"S00096702",0,0,0
"S00096703",0,0,0
"S00096704",0,0,0
"S00096705",0,0,0
"S00096706",1,1,0
"S00096707",1,1,0
"S00096708",0,0,0
"S00096709",0,0,0
"S00096710",0,0,0
"S00096711",0,0,0
"S00096712",0,0,0
"S00096713",1,1,0
"S00096714",0,0,0
"S00096715",2,1,1
"S00096716",2,1,1
"S00096717",0,0,0
"S00096718",0,0,0
"S00096719",1,0,1
"S00096720",0,0,0
"S00096721",0,0,0
"S00096722",0,0,0
"S00096723",0,0,0
"S00096724",0,0,0
"S00096725",0,0,0
"S00096726",0,0,0
"S00096727",0,0,0
"S00096728",1,1,0
"S00096729",1,1,0
"S00096730",0,0,0
"S00096731",0,0,0
"S00096732",0,0,0
"S00096733",1,1,0
"S00096734",0,0,0
"S00096735",1,1,0
"S00096736",0,0,0
"S00096737",0,0,0
"S00096738",0,0,0
"S00096739",0,0,0
"S00096740",0,0,0
"S00096741",0,0,0
"S00096742",0,0,0
"S00096743",2,2,0
"S00096744",0,0,0
"S00096745",0,0,0
"S00096746",0,0,0
"S00096747",0,0,0
"S00096748",0,0,0
"S00096749",0,0,0
"S00096750",0,0,0
"S00096751",0,0,0
"S00096752",0,0,0
"S00096753",0,0,0
"S00096754",0,0,0
"S00096755",0,0,0
"S00096756",0,0,0
"S00096757",0,0,0
"S00096758",0,0,0
"S00096759",0,0,0
"S00096760",0,0,0
"S00096761",0,0,0
"S00096762",0,0,0
"S00096763",0,0,0
"S00096764",0,0,0
"S00096765",0,0,0
"S00096766",0,0,0
"S00096767",0,0,0
"S00096768",2,2,0
"S00096769",0,0,0
"S00096770",0,0,0
"S00096771",0,0,0
"S00096772",0,0,0
"S00096773",0,0,0
"S00096774",1,1,0
"S00096775",0,0,0
"S00096776",0,0,0
"S00096777",0,0,0
"S00096778",0,0,0
"S00096779",0,0,0
"S00096780",0,0,0
"S00096781",0,0,0
"S00096782",0,0,0
"S00096783",0,0,0
"S00096784",0,0,0
"S00096785",0,0,0
"S00096786",0,0,0
"S00096787",1,0,1
"S00096788",0,0,0
"S00096789",0,0,0
"S00096790",0,0,0
"S00096791",0,0,0
"S00096792",0,0,0
"S00096793",0,0,0
"S00096794",0,0,0
"S00096795",0,0,0
"S00096796",0,0,0
"S00096797",0,0,0
"S00096798",0,0,0
"S00096799",0,0,0
"S00096800",0,0,0
"S00096801",0,0,0
"S00096802",0,0,0
"S00096803",0,0,0
"S00096804",0,0,0
"S00096805",0,0,0
"S00096806",0,0,0
"S00096807",0,0,0
"S00096808",2,1,1
"S00096809",0,0,0
"S00096810",0,0,0
"S00096811",0,0,0
"S00096812",1,0,1
"S00096813",0,0,0
"S00096814",0,0,0
"S00096815",0,0,0
"S00096816",1,1,0
"S00096817",0,0,0
"S00096818",0,0,0
"S00096819",0,0,0
"S00096820",1,1,0
"S00096821",0,0,0
"S00096822",0,0,0
"S00096823",0,0,0
"S00096824",1,1,0
"S00096825",1,1,0
"S00096826",0,0,0
"S00096827",0,0,0
"S00096828",0,0,0
"S00096829",0,0,0
"S00096830",0,0,0
"S00096831",0,0,0
"S00096832",0,0,0
"S00096833",0,0,0
"S00096834",0,0,0
"S00096835",0,0,0
"S00096836",0,0,0
"S00096837",0,0,0
"S00096838",0,0,0
"S00096839",0,0,0
"S00096840",0,0,0
"S00096841",0,0,0
"S00096842",0,0,0
"S00096843",0,0,0
"S00096844",0,0,0
"S00096845",0,0,0
"S00096846",0,0,0
"S00096847",0,0,0
"S00096848",0,0,0
"S00096849",0,0,0
"S00096850",0,0,0
"S00096851",0,0,0
"S00096852",0,0,0
"S00096853",0,0,0
"S00096854",1,1,0
"S00096855",2,1,1
"S00096856",0,0,0
"S00096857",0,0,0
"S00096858",0,0,0
"S00096859",0,0,0
"S00096860",0,0,0
"S00096861",0,0,0
"S00096862",0,0,0
"S00096863",0,0,0
"S00096864",2,1,1
"S00096865",0,0,0
"S00096866",0,0,0
"S00096867",0,0,0
"S00096868",1,0,1
"S00096869",0,0,0
"S00096870",0,0,0
"S00096871",0,0,0
"S00096872",1,0,1
"S00096873",0,0,0
"S00096874",0,0,0
"S00096875",0,0,0
"S00096876",2,2,0
"S00096877",0,0,0
"S00096878",0,0,0
"S00096879",0,0,0
"S00096880",1,1,0
"S00096881",0,0,0
"S00096882",0,0,0
"S00096883",0,0,0
"S00096884",0,0,0
"S00096885",0,0,0
"S00096886",0,0,0
"S00096887",0,0,0
"S00096888",0,0,0
"S00096889",0,0,0
"S00096890",2,1,1
"S00096891",0,0,0
"S00096892",0,0,0
"S00096893",0,0,0
"S00096894",0,0,0
"S00096895",0,0,0
"S00096896",1,0,1
"S00096897",0,0,0
"S00096898",0,0,0
"S00096899",2,1,1
"S00096900",0,0,0
"S00096901",0,0,0
"S00096902",0,0,0
"S00096903",0,0,0
"S00096904",0,0,0
"S00096905",3,0,3
"S00096906",0,0,0
"S00096907",0,0,0
"S00096908",0,0,0
"S00096909",0,0,0
"S00096910",0,0,0
"S00096911",1,1,0
"S00096912",0,0,0
"S00096913",0,0,0
"S00096914",0,0,0
"S00096915",1,1,0
"S00096916",0,0,0
"S00096917",0,0,0
"S00096918",0,0,0
"S00096919",0,0,0
"S00096920",0,0,0
"S00096921",0,0,0
"S00096922",0,0,0
"S00096923",0,0,0
"S00096924",0,0,0
"S00096925",0,0,0
"S00096926",1,0,1
"S00096927",1,1,0
"S00096928",0,0,0
"S00096929",0,0,0
"S00096930",0,0,0
"S00096931",0,0,0
"S00096932",0,0,0
"S00096933",0,0,0
"S00096934",0,0,0
"S00096935",1,0,1
"S00096936",1,0,1
"S00096937",0,0,0
"S00096938",1,1,0
"S00096939",0,0,0
"S00096940",0,0,0
"S00096941",0,0,0
"S00096942",0,0,0
"S00096943",1,0,1
"S00096944",0,0,0
"S00096945",0,0,0
"S00096946",0,0,0
"S00096947",0,0,0
"S00096948",0,0,0
"S00096949",0,0,0
"S00096950",0,0,0
"S00096951",0,0,0
"S00096952",0,0,0
"S00096953",0,0,0
"S00096954",1,0,1
"S00096955",0,0,0
"S00096956",0,0,0
"S00096957",0,0,0
"S00096958",0,0,0
"S00096959",0,0,0
"S00096960",0,0,0
"S00096961",0,0,0
"S00096962",0,0,0
"S00096963",0,0,0
"S00096964",0,0,0
"S00096965",1,1,0
"S00096966",0,0,0
"S00096967",0,0,0
"S00096968",0,0,0
"S00096969",0,0,0
"S00096970",0,0,0
"S00096971",0,0,0
"S00096972",1,0,1
"S00096973",0,0,0
"S00096974",0,0,0
"S00096975",0,0,0
"S00096976",0,0,0
"S00096977",0,0,0
"S00096978",0,0,0
"S00096979",0,0,0
"S00096980",1,0,1
"S00096981",3,0,3
"S00096982",0,0,0
"S00096983",1,0,1
"S00096984",0,0,0
"S00096985",0,0,0
"S00096986",0,0,0
"S00096987",0,0,0
"S00096988",0,0,0
"S00096989",0,0,0
"S00096990",0,0,0
"S00096991",0,0,0
"S00096992",0,0,0
"S00096993",0,0,0
"S00096994",0,0,0
"S00096995",0,0,0
"S00096996",0,0,0
"S00096997",1,1,0
"S00096998",0,0,0
"S00096999",2,2,0
"S00097000",0,0,0
"S00097001",0,0,0
"S00097002",1,0,1
"S00097003",1,1,0
"S00097004",0,0,0
"S00097005",0,0,0
"S00097006",0,0,0
"S00097007",0,0,0
"S00097008",0,0,0
"S00097009",0,0,0
"S00097010",1,0,1
"S00097011",2,2,0
"S00097012",2,1,1
"S00097013",0,0,0
"S00097014",0,0,0
"S00097015",0,0,0
"S00097016",0,0,0
"S00097017",0,0,0
"S00097018",0,0,0
"S00097019",0,0,0
"S00097020",0,0,0
"S00097021",0,0,0
"S00097022",0,0,0
"S00097023",0,0,0
"S00097024",1,1,0
"S00097025",0,0,0
"S00097026",0,0,0
"S00097027",0,0,0
"S00097028",0,0,0
"S00097029",0,0,0
"S00097030",0,0,0
"S00097031",0,0,0
"S00097032",0,0,0
"S00097033",0,0,0
"S00097034",0,0,0
"S00097035",0,0,0
"S00097036",0,0,0
"S00097037",0,0,0
"S00097038",1,1,0
"S00097039",1,0,1
"S00097040",0,0,0
"S00097041",0,0,0
"S00097042",0,0,0
"S00097043",0,0,0
"S00097044",0,0,0
"S00097045",1,0,1
"S00097046",0,0,0
"S00097047",1,1,0
"S00097048",0,0,0
"S00097049",1,0,1
"S00097050",1,0,1
"S00097051",0,0,0
"S00097052",0,0,0
"S00097053",0,0,0
"S00097054",0,0,0
"S00097055",0,0,0
"S00097056",0,0,0
"S00097057",2,2,0
"S00097058",0,0,0
"S00097059",0,0,0
"S00097060",0,0,0
"S00097061",0,0,0
"S00097062",0,0,0
"S00097063",0,0,0
"S00097064",0,0,0
"S00097065",0,0,0
"S00097066",0,0,0
"S00097067",0,0,0
"S00097068",0,0,0
"S00097069",0,0,0
"S00097070",1,1,0
"S00097071",0,0,0
"S00097072",0,0,0
"S00097073",0,0,0
"S00097074",1,0,1
"S00097075",0,0,0
"S00097076",0,0,0
"S00097077",0,0,0
"S00097078",0,0,0
"S00097079",0,0,0
"S00097080",1,1,0
"S00097081",0,0,0
"S00097082",0,0,0
"S00097083",0,0,0
"S00097084",0,0,0
"S00097085",0,0,0
"S00097086",0,0,0
"S00097087",1,0,1
"S00097088",0,0,0
"S00097089",0,0,0
"S00097090",1,0,1
"S00097091",1,1,0
"S00097092",0,0,0
"S00097093",0,0,0
"S00097094",0,0,0
"S00097095",1,0,1
"S00097096",1,1,0
"S00097097",0,0,0
"S00097098",0,0,0
"S00097099",0,0,0
"S00097100",0,0,0
"S00097101",0,0,0
"S00097102",2,1,1
"S00097103",1,1,0
"S00097104",0,0,0
"S00097105",0,0,0
"S00097106",1,0,1
"S00097107",0,0,0
"S00097108",0,0,0
"S00097109",0,0,0
"S00097110",0,0,0
"S00097111",0,0,0
"S00097112",0,0,0
"S00097113",1,0,1
"S00097114",0,0,0
"S00097115",0,0,0
"S00097116",1,0,1
"S00097117",0,0,0
"S00097118",1,0,1
"S00097119",1,0,1
"S00097120",0,0,0
"S00097121",1,1,0
"S00097122",4,1,3
"S00097123",3,0,3
"S00097124",1,1,0
"S00097125",2,2,0
"S00097126",1,0,1
"S00097127",3,1,2
"S00097128",8,2,6
"S00097129",0,0,0
"S00097130",0,0,0
"S00097131",0,0,0
"S00097132",5,3,2
"S00097133",3,3,0
"S00097134",4,1,3
"S00097135",2,1,1
"S00097136",3,1,2
"S00097137",5,4,1
"S00097138",0,0,0
"S00097139",3,1,2
"S00097140",4,3,1
"S00097141",3,1,2
"S00097142",4,1,3
"S00097143",2,0,2
"S00097144",0,0,0
"S00097145",1,1,0
"S00097146",3,2,1
"S00097147",3,0,3
"S00097148",7,6,1
"S00097149",1,0,1
"S00097150",0,0,0
"S00097151",1,1,0
"S00097152",2,1,1
"S00097153",2,2,0
"S00097154",0,0,0
"S00097155",0,0,0
"S00097156",1,0,1
"S00097157",2,1,1
"S00097158",0,0,0
"S00097159",4,2,2
"S00097160",1,0,1
"S00097161",1,0,1
"S00097162",1,0,1
"S00097163",1,0,1
"S00097164",3,1,2
"S00097165",0,0,0
"S00097166",1,1,0
"S00097167",0,0,0
"S00097168",0,0,0
"S00097169",1,0,1
"S00097170",2,1,1
"S00097171",3,0,3
"S00097172",2,1,1
"S00097173",1,0,1
"S00097174",2,2,0
"S00097175",1,1,0
"S00097176",0,0,0
"S00097177",1,1,0
"S00097178",2,0,2
"S00097179",1,1,0
"S00097180",0,0,0
"S00097181",2,2,0
"S00097182",2,2,0
"S00097183",2,1,1
"S00097184",3,2,1
"S00097185",5,2,3
"S00097186",0,0,0
"S00097187",2,0,2
"S00097188",0,0,0
"S00097189",0,0,0
"S00097190",0,0,0
"S00097191",0,0,0
"S00097192",3,2,1
"S00097193",3,2,1
"S00097194",1,0,1
"S00097195",1,1,0
"S00097196",0,0,0
"S00097197",0,0,0
"S00097198",4,0,4
"S00097199",0,0,0
"S00097200",4,2,2
"S00097201",2,1,1
"S00097202",0,0,0
"S00097203",5,4,1
"S00097204",2,1,1
"S00097205",4,3,1
"S00097206",6,5,1
"S00097207",2,0,2
"S00097208",2,0,2
"S00097209",7,5,2
"S00097210",1,0,1
"S00097211",1,0,1
"S00097212",3,2,1
"S00097213",0,0,0
"S00097214",6,1,5
"S00097215",1,0,1
"S00097216",4,2,2
"S00097217",3,3,0
"S00097218",6,3,3
"S00097219",0,0,0
"S00097220",3,3,0
"S00097221",1,0,1
"S00097222",1,1,0
"S00097223",6,5,1
"S00097224",1,0,1
"S00097225",2,1,1
"S00097226",3,1,2
"S00097227",4,2,2
"S00097228",2,0,2
"S00097229",1,0,1
"S00097230",4,3,1
"S00097231",0,0,0
"S00097232",0,0,0
"S00097233",1,1,0
"S00097234",0,0,0
"S00097235",1,0,1
"S00097236",4,1,3
"S00097237",2,0,2
"S00097238",5,2,3
"S00097239",1,1,0
"S00097240",0,0,0
"S00097241",2,1,1
"S00097242",0,0,0
"S00097243",1,1,0
"S00097244",1,1,0
"S00097245",3,2,1
"S00097246",0,0,0
"S00097247",0,0,0
"S00097248",3,2,1
"S00097249",4,3,1
"S00097250",0,0,0
"S00097251",9,5,4
"S00097252",4,2,2
"S00097253",4,2,2
"S00097254",6,5,1
"S00097255",3,2,1
"S00097256",1,1,0
"S00097257",2,2,0
"S00097258",5,3,2
"S00097259",2,1,1
"S00097260",1,1,0
"S00097261",0,0,0
"S00097262",0,0,0
"S00097263",1,0,1
"S00097264",0,0,0
"S00097265",2,0,2
"S00097266",3,1,2
"S00097267",0,0,0
"S00097268",3,2,1
"S00097269",0,0,0
"S00097270",0,0,0
"S00097271",0,0,0
"S00097272",0,0,0
"S00097273",2,0,2
"S00097274",0,0,0
"S00097275",0,0,0
"S00097276",4,1,3
"S00097277",10,6,4
"S00097278",0,0,0
"S00097279",2,1,1
"S00097280",1,1,0
"S00097281",1,0,1
"S00097282",0,0,0
"S00097283",0,0,0
"S00097284",0,0,0
"S00097285",2,0,2
"S00097286",4,1,3
"S00097287",3,2,1
"S00097288",0,0,0
"S00097289",5,3,2
"S00097290",2,2,0
"S00097291",1,1,0
"S00097292",0,0,0
"S00097293",7,4,3
"S00097294",3,2,1
"S00097295",1,1,0
"S00097296",6,4,2
"S00097297",0,0,0
"S00097298",8,5,3
"S00097299",2,1,1
"S00097300",3,3,0
"S00097301",0,0,0
"S00097302",0,0,0
"S00097303",2,1,1
"S00097304",5,2,3
"S00097305",1,1,0
"S00097306",3,2,1
"S00097307",0,0,0
"S00097308",1,0,1
"S00097309",5,1,4
"S00097310",2,2,0
"S00097311",0,0,0
"S00097312",3,1,2
"S00097313",0,0,0
"S00097314",0,0,0
"S00097315",4,2,2
"S00097316",0,0,0
"S00097317",3,2,1
"S00097318",1,0,1
"S00097319",3,2,1
"S00097320",2,1,1
"S00097321",0,0,0
"S00097322",5,2,3
"S00097323",2,2,0
"S00097324",4,3,1
"S00097325",3,1,2
"S00097326",1,1,0
"S00097327",1,0,1
"S00097328",4,2,2
"S00097329",2,1,1
"S00097330",1,0,1
"S00097331",6,2,4
"S00097332",3,0,3
"S00097333",1,1,0
"S00097334",1,0,1
"S00097335",4,2,2
"S00097336",5,2,3
"S00097337",0,0,0
"S00097338",2,1,1
"S00097339",1,1,0
"S00097340",3,2,1
"S00097341",1,1,0
"S00097342",0,0,0
"S00097343",7,5,2
"S00097344",5,0,5
"S00097345",4,1,3
"S00097346",2,0,2
"S00097347",3,0,3
"S00097348",6,1,5
"S00097349",1,1,0
"S00097350",2,0,2
"S00097351",3,2,1
"S00097352",0,0,0
"S00097353",6,3,3
"S00097354",2,1,1
"S00097355",0,0,0
"S00097356",0,0,0
"S00097357",0,0,0
"S00097358",0,0,0
"S00097359",0,0,0
"S00097360",4,1,3
"S00097361",2,1,1
"S00097362",1,0,1
"S00097363",1,1,0
"S00097364",4,2,2
"S00097365",5,1,4
"S00097366",2,1,1
"S00097367",1,0,1
"S00097368",2,1,1
"S00097369",0,0,0
"S00097370",2,2,0
"S00097371",2,2,0
"S00097372",0,0,0
"S00097373",4,2,2
"S00097374",4,1,3
"S00097375",2,2,0
"S00097376",2,2,0
"S00097377",0,0,0
"S00097378",1,0,1
"S00097379",5,1,4
"S00097380",3,1,2
"S00097381",1,1,0
"S00097382",6,4,2
"S00097383",1,0,1
"S00097384",3,0,3
"S00097385",3,1,2
"S00097386",1,1,0
"S00097387",3,0,3
"S00097388",2,0,2
"S00097389",1,1,0
"S00097390",3,3,0
"S00097391",1,1,0
"S00097392",7,2,5
"S00097393",3,0,3
"S00097394",2,1,1
"S00097395",0,0,0
"S00097396",0,0,0
"S00097397",1,1,0
"S00097398",3,1,2
"S00097399",0,0,0
"S00097400",2,1,1
"S00097401",0,0,0
"S00097402",0,0,0
"S00097403",1,1,0
"S00097404",1,1,0
"S00097405",0,0,0
"S00097406",1,0,1
"S00097407",1,0,1
"S00097408",0,0,0
"S00097409",0,0,0
"S00097410",2,1,1
"S00097411",2,0,2
"S00097412",1,0,1
"S00097413",3,2,1
"S00097414",1,0,1
"S00097415",3,1,2
"S00097416",0,0,0
"S00097417",4,4,0
"S00097418",5,2,3
"S00097419",0,0,0
"S00097420",2,2,0
"S00097421",3,1,2
"S00097422",0,0,0
"S00097423",3,0,3
"S00097424",3,2,1
"S00097425",2,1,1
"S00097426",0,0,0
"S00097427",1,1,0
"S00097428",1,1,0
"S00097429",0,0,0
"S00097430",4,1,3
"S00097431",3,3,0
"S00097432",2,1,1
"S00097433",1,1,0
"S00097434",1,0,1
"S00097435",2,2,0
"S00097436",0,0,0
"S00097437",0,0,0
"S00097438",1,1,0
"S00097439",6,3,3
"S00097440",3,2,1
"S00097441",0,0,0
"S00097442",4,2,2
"S00097443",0,0,0
"S00097444",0,0,0
"S00097445",1,0,1
"S00097446",2,2,0
"S00097447",0,0,0
"S00097448",1,0,1
"S00097449",0,0,0
"S00097450",2,1,1
"S00097451",1,1,0
"S00097452",0,0,0
"S00097453",3,1,2
"S00097454",0,0,0
"S00097455",3,2,1
"S00097456",4,0,4
"S00097457",0,0,0
"S00097458",2,0,2
"S00097459",0,0,0
"S00097460",1,1,0
"S00097461",3,2,1
"S00097462",6,5,1
"S00097463",0,0,0
"S00097464",1,1,0
"S00097465",5,0,5
"S00097466",1,1,0
"S00097467",1,0,1
"S00097468",3,2,1
"S00097469",0,0,0
"S00097470",0,0,0
"S00097471",6,1,5
"S00097472",0,0,0
"S00097473",0,0,0
"S00097474",0,0,0
"S00097475",1,1,0
"S00097476",0,0,0
"S00097477",2,1,1
"S00097478",1,1,0
"S00097479",0,0,0
"S00097480",0,0,0
"S00097481",0,0,0
"S00097482",2,2,0
"S00097483",0,0,0
"S00097484",2,0,2
"S00097485",0,0,0
"S00097486",0,0,0
"S00097487",1,1,0
"S00097488",1,0,1
"S00097489",0,0,0
"S00097490",0,0,0
"S00097491",0,0,0
"S00097492",1,0,1
"S00097493",1,0,1
"S00097494",0,0,0
"S00097495",0,0,0
"S00097496",0,0,0
"S00097497",0,0,0
"S00097498",0,0,0
"S00097499",3,1,2
"S00097500",0,0,0
"S00097501",1,0,1
"S00097502",0,0,0
"S00097503",0,0,0
"S00097504",3,2,1
"S00097505",2,2,0
"S00097506",6,3,3
"S00097507",1,0,1
"S00097508",4,2,2
"S00097509",3,1,2
"S00097510",1,1,0
"S00097511",2,0,2
"S00097512",0,0,0
"S00097513",0,0,0
"S00097514",2,0,2
"S00097515",1,1,0
"S00097516",1,0,1
"S00097517",0,0,0
"S00097518",0,0,0
"S00097519",0,0,0
"S00097520",0,0,0
"S00097521",4,4,0
"S00097522",0,0,0
"S00097523",0,0,0
"S00097524",1,0,1
"S00097525",1,1,0
"S00097526",3,2,1
"S00097527",0,0,0
"S00097528",0,0,0
"S00097529",0,0,0
"S00097530",0,0,0
"S00097531",2,0,2
"S00097532",0,0,0
"S00097533",7,0,7
"S00097534",1,0,1
"S00097535",1,0,1
"S00097536",0,0,0
"S00097537",0,0,0
"S00097538",1,1,0
"S00097539",0,0,0
"S00097540",1,0,1
"S00097541",0,0,0
"S00097542",0,0,0
"S00097543",0,0,0
"S00097544",1,1,0
"S00097545",1,1,0
"S00097546",0,0,0
"S00097547",4,2,2
"S00097548",2,1,1
"S00097549",2,2,0
"S00097550",0,0,0
"S00097551",0,0,0
"S00097552",0,0,0
"S00097553",0,0,0
"S00097554",1,1,0
"S00097555",2,0,2
"S00097556",4,1,3
"S00097557",0,0,0
"S00097558",2,2,0
"S00097559",1,0,1
"S00097560",1,1,0
"S00097561",1,1,0
"S00097562",1,0,1
"S00097563",1,0,1
"S00097564",0,0,0
"S00097565",0,0,0
"S00097566",0,0,0
"S00097567",0,0,0
"S00097568",2,0,2
"S00097569",0,0,0
"S00097570",1,1,0
"S00097571",4,2,2
"S00097572",4,1,3
"S00097573",0,0,0
"S00097574",3,1,2
"S00097575",2,1,1
"S00097576",0,0,0
"S00097577",2,2,0
"S00097578",0,0,0
"S00097579",1,0,1
"S00097580",0,0,0
"S00097581",0,0,0
"S00097582",0,0,0
"S00097583",1,1,0
"S00097584",1,0,1
"S00097585",0,0,0
"S00097586",4,1,3
"S00097587",3,1,2
"S00097588",1,1,0
"S00097589",0,0,0
"S00097590",0,0,0
"S00097591",0,0,0
"S00097592",0,0,0
"S00097593",1,0,1
"S00097594",4,3,1
"S00097595",1,0,1
"S00097596",0,0,0
"S00097597",5,3,2
"S00097598",0,0,0
"S00097599",0,0,0
"S00097600",1,0,1
"S00097601",4,3,1
"S00097602",6,5,1
"S00097603",4,1,3
"S00097604",0,0,0
"S00097605",0,0,0
"S00097606",2,2,0
"S00097607",0,0,0
"S00097608",3,1,2
"S00097609",1,0,1
"S00097610",1,0,1
"S00097611",5,4,1
"S00097612",0,0,0
"S00097613",1,0,1
"S00097614",1,0,1
"S00097615",0,0,0
"S00097616",1,0,1
"S00097617",0,0,0
"S00097618",0,0,0
"S00097619",1,1,0
"S00097620",2,0,2
"S00097621",2,2,0
"S00097622",1,1,0
"S00097623",2,2,0
"S00097624",1,0,1
"S00097625",0,0,0
"S00097626",0,0,0
"S00097627",2,1,1
"S00097628",2,1,1
"S00097629",0,0,0
"S00097630",0,0,0
"S00097631",0,0,0
"S00097632",0,0,0
"S00097633",1,0,1
"S00097634",1,1,0
"S00097635",0,0,0
"S00097636",2,0,2
"S00097637",1,1,0
"S00097638",1,0,1
"S00097639",1,0,1
"S00097640",1,1,0
"S00097641",1,0,1
"S00097642",1,0,1
"S00097643",5,3,2
"S00097644",0,0,0
"S00097645",2,1,1
"S00097646",1,0,1
"S00097647",2,1,1
"S00097648",0,0,0
"S00097649",1,0,1
"S00097650",0,0,0
"S00097651",0,0,0
"S00097652",0,0,0
"S00097653",2,2,0
"S00097654",0,0,0
"S00097655",2,2,0
"S00097656",0,0,0
"S00097657",1,1,0
"S00097658",1,0,1
"S00097659",2,1,1
"S00097660",1,0,1
"S00097661",2,1,1
"S00097662",3,2,1
"S00097663",0,0,0
"S00097664",0,0,0
"S00097665",1,0,1
"S00097666",1,0,1
"S00097667",1,1,0
"S00097668",1,0,1
"S00097669",1,0,1
"S00097670",1,0,1
"S00097671",3,3,0
"S00097672",0,0,0
"S00097673",0,0,0
"S00097674",2,0,2
"S00097675",5,3,2
"S00097676",0,0,0
"S00097677",4,2,2
"S00097678",1,1,0
"S00097679",0,0,0
"S00097680",5,3,2
"S00097681",1,0,1
"S00097682",1,0,1
"S00097683",1,0,1
"S00097684",0,0,0
"S00097685",0,0,0
"S00097686",1,1,0
"S00097687",0,0,0
"S00097688",1,0,1
"S00097689",0,0,0
"S00097690",0,0,0
"S00097691",1,0,1
"S00097692",2,0,2
"S00097693",0,0,0
"S00097694",2,1,1
"S00097695",3,2,1
"S00097696",0,0,0
"S00097697",0,0,0
"S00097698",0,0,0
"S00097699",2,1,1
"S00097700",0,0,0
"S00097701",0,0,0
"S00097702",1,1,0
"S00097703",0,0,0
"S00097704",0,0,0
"S00097705",0,0,0
"S00097706",2,2,0
"S00097707",0,0,0
"S00097708",0,0,0
"S00097709",0,0,0
"S00097710",0,0,0
"S00097711",1,0,1
"S00097712",1,1,0
"S00097713",1,1,0
"S00097714",3,3,0
"S00097715",1,0,1
"S00097716",2,1,1
"S00097717",1,1,0
"S00097718",1,1,0
"S00097719",0,0,0
"S00097720",1,0,1
"S00097721",1,0,1
"S00097722",0,0,0
"S00097723",1,0,1
"S00097724",3,1,2
"S00097725",0,0,0
"S00097726",0,0,0
"S00097727",1,0,1
"S00097728",2,2,0
"S00097729",0,0,0
"S00097730",0,0,0
"S00097731",0,0,0
"S00097732",1,1,0
"S00097733",0,0,0
"S00097734",1,0,1
"S00097735",0,0,0
"S00097736",0,0,0
"S00097737",2,1,1
"S00097738",1,1,0
"S00097739",0,0,0
"S00097740",0,0,0
"S00097741",2,2,0
"S00097742",0,0,0
"S00097743",2,1,1
"S00097744",1,1,0
"S00097745",3,2,1
"S00097746",2,1,1
"S00097747",2,1,1
"S00097748",1,1,0
"S00097749",1,1,0
"S00097750",1,0,1
"S00097751",0,0,0
"S00097752",0,0,0
"S00097753",0,0,0
"S00097754",5,2,3
"S00097755",2,1,1
"S00097756",1,0,1
"S00097757",4,1,3
"S00097758",1,0,1
"S00097759",1,0,1
"S00097760",1,0,1
"S00097761",0,0,0
"S00097762",0,0,0
"S00097763",2,2,0
"S00097764",0,0,0
"S00097765",1,0,1
"S00097766",1,0,1
"S00097767",3,1,2
"S00097768",1,0,1
"S00097769",0,0,0
"S00097770",3,1,2
"S00097771",1,1,0
"S00097772",0,0,0
"S00097773",0,0,0
"S00097774",0,0,0
"S00097775",0,0,0
"S00097776",0,0,0
"S00097777",2,1,1
"S00097778",0,0,0
"S00097779",0,0,0
"S00097780",0,0,0
"S00097781",2,2,0
"S00097782",3,2,1
"S00097783",0,0,0
"S00097784",2,0,2
"S00097785",0,0,0
"S00097786",0,0,0
"S00097787",1,1,0
"S00097788",4,2,2
"S00097789",4,4,0
"S00097790",4,3,1
"S00097791",5,2,3
"S00097792",1,1,0
"S00097793",5,2,3
"S00097794",0,0,0
"S00097795",0,0,0
"S00097796",3,3,0
"S00097797",1,1,0
"S00097798",1,0,1
"S00097799",1,0,1
"S00097800",1,0,1
"S00097801",0,0,0
"S00097802",0,0,0
"S00097803",0,0,0
"S00097804",0,0,0
"S00097805",0,0,0
"S00097806",0,0,0
"S00097807",2,1,1
"S00097808",0,0,0
"S00097809",2,2,0
"S00097810",0,0,0
"S00097811",1,0,1
"S00097812",3,0,3
"S00097813",0,0,0
"S00097814",0,0,0
"S00097815",3,1,2
"S00097816",0,0,0
"S00097817",0,0,0
"S00097818",1,1,0
"S00097819",3,1,2
"S00097820",0,0,0
"S00097821",1,0,1
"S00097822",3,2,1
"S00097823",3,1,2
"S00097824",1,0,1
"S00097825",0,0,0
"S00097826",2,1,1
"S00097827",3,2,1
"S00097828",4,1,3
"S00097829",3,2,1
"S00097830",1,0,1
"S00097831",1,1,0
"S00097832",0,0,0
"S00097833",1,1,0
"S00097834",0,0,0
"S00097835",1,0,1
"S00097836",1,0,1
"S00097837",6,1,5
"S00097838",2,1,1
"S00097839",5,4,1
"S00097840",0,0,0
"S00097841",4,3,1
"S00097842",4,2,2
"S00097843",0,0,0
"S00097844",1,1,0
"S00097845",1,0,1
"S00097846",2,2,0
"S00097847",2,1,1
"S00097848",2,0,2
"S00097849",1,1,0
"S00097850",0,0,0
"S00097851",0,0,0
"S00097852",0,0,0
"S00097853",1,0,1
"S00097854",5,3,2
"S00097855",4,1,3
"S00097856",3,2,1
"S00097857",1,0,1
"S00097858",0,0,0
"S00097859",3,2,1
"S00097860",0,0,0
"S00097861",1,0,1
"S00097862",2,1,1
"S00097863",3,1,2
"S00097864",2,1,1
"S00097865",4,1,3
"S00097866",2,2,0
"S00097867",1,0,1
"S00097868",2,0,2
"S00097869",1,1,0
"S00097870",2,1,1
"S00097871",1,1,0
"S00097872",7,4,3
"S00097873",2,2,0
"S00097874",1,0,1
"S00097875",2,1,1
"S00097876",0,0,0
"S00097877",0,0,0
"S00097878",3,2,1
"S00097879",2,2,0
"S00097880",1,0,1
"S00097881",0,0,0
"S00097882",0,0,0
"S00097883",2,0,2
"S00097884",0,0,0
"S00097885",1,0,1
"S00097886",0,0,0
"S00097887",5,2,3
"S00097888",2,1,1
"S00097889",3,3,0
"S00097890",4,2,2
"S00097891",2,1,1
"S00097892",0,0,0
"S00097893",0,0,0
"S00097894",1,0,1
"S00097895",2,1,1
"S00097896",0,0,0
"S00097897",0,0,0
"S00097898",0,0,0
"S00097899",1,0,1
"S00097900",0,0,0
"S00097901",0,0,0
"S00097902",0,0,0
"S00097903",1,0,1
"S00097904",2,0,2
"S00097905",2,2,0
"S00097906",2,1,1
"S00097907",4,0,4
"S00097908",2,2,0
"S00097909",1,0,1
"S00097910",2,1,1
"S00097911",0,0,0
"S00097912",0,0,0
"S00097913",0,0,0
"S00097914",1,1,0
"S00097915",6,4,2
"S00097916",2,2,0
"S00097917",6,3,3
"S00097918",9,5,4
"S00097919",8,3,5
"S00097920",5,3,2
"S00097921",0,0,0
"S00097922",0,0,0
"S00097923",1,0,1
"S00097924",1,0,1
"S00097925",3,2,1
"S00097926",0,0,0
"S00097927",0,0,0
"S00097928",1,1,0
"S00097929",0,0,0
"S00097930",2,2,0
"S00097931",0,0,0
"S00097932",1,1,0
"S00097933",0,0,0
"S00097934",0,0,0
"S00097935",0,0,0
"S00097936",0,0,0
"S00097937",2,1,1
"S00097938",0,0,0
"S00097939",1,0,1
"S00097940",2,2,0
"S00097941",7,5,2
"S00097942",1,1,0
"S00097943",0,0,0
"S00097944",0,0,0
"S00097945",0,0,0
"S00097946",0,0,0
"S00097947",2,2,0
"S00097948",0,0,0
"S00097949",0,0,0
"S00097950",1,1,0
"S00097951",1,0,1
"S00097952",0,0,0
"S00097953",0,0,0
"S00097954",1,1,0
"S00097955",0,0,0
"S00097956",0,0,0
"S00097957",0,0,0
"S00097958",1,1,0
"S00097959",0,0,0
"S00097960",1,1,0
"S00097961",1,1,0
"S00097962",0,0,0
"S00097963",0,0,0
"S00097964",0,0,0
"S00097965",0,0,0
"S00097966",0,0,0
"S00097967",3,1,2
"S00097968",0,0,0
"S00097969",1,0,1
"S00097970",1,1,0
"S00097971",0,0,0
"S00097972",0,0,0
"S00097973",0,0,0
"S00097974",0,0,0
"S00097975",0,0,0
"S00097976",0,0,0
"S00097977",0,0,0
"S00097978",0,0,0
"S00097979",0,0,0
"S00097980",0,0,0
"S00097981",0,0,0
"S00097982",0,0,0
"S00097983",0,0,0
"S00097984",2,0,2
"S00097985",0,0,0
"S00097986",1,0,1
"S00097987",2,1,1
"S00097988",1,1,0
"S00097989",0,0,0
"S00097990",1,0,1
"S00097991",3,0,3
"S00097992",0,0,0
"S00097993",0,0,0
"S00097994",0,0,0
"S00097995",0,0,0
"S00097996",2,0,2
"S00097997",1,0,1
"S00097998",1,0,1
"S00097999",0,0,0
"S00098000",3,2,1
"S00098001",0,0,0
"S00098002",1,0,1
"S00098003",1,0,1
"S00098004",0,0,0
"S00098005",3,2,1
"S00098006",0,0,0
"S00098007",1,0,1
"S00098008",0,0,0
"S00098009",3,1,2
"S00098010",0,0,0
"S00098011",1,1,0
"S00098012",0,0,0
"S00098013",1,1,0
"S00098014",0,0,0
"S00098015",1,0,1
"S00098016",1,0,1
"S00098017",0,0,0
"S00098018",1,0,1
"S00098019",0,0,0
"S00098020",0,0,0
"S00098021",1,0,1
"S00098022",1,0,1
"S00098023",0,0,0
"S00098024",0,0,0
"S00098025",0,0,0
"S00098026",0,0,0
"S00098027",2,1,1
"S00098028",0,0,0
"S00098029",0,0,0
"S00098030",2,1,1
"S00098031",3,2,1
"S00098032",1,1,0
"S00098033",1,1,0
"S00098034",0,0,0
"S00098035",0,0,0
"S00098036",1,0,1
"S00098037",0,0,0
"S00098038",0,0,0
"S00098039",1,0,1
"S00098040",2,0,2
"S00098041",2,0,2
"S00098042",0,0,0
"S00098043",2,2,0
"S00098044",1,0,1
"S00098045",0,0,0
"S00098046",1,0,1
"S00098047",2,1,1
"S00098048",1,1,0
"S00098049",0,0,0
"S00098050",0,0,0
"S00098051",0,0,0
"S00098052",0,0,0
"S00098053",4,3,1
"S00098054",2,0,2
"S00098055",0,0,0
"S00098056",0,0,0
"S00098057",1,0,1
"S00098058",0,0,0
"S00098059",0,0,0
"S00098060",1,0,1
"S00098061",0,0,0
"S00098062",1,0,1
"S00098063",1,0,1
"S00098064",1,0,1
"S00098065",0,0,0
"S00098066",0,0,0
"S00098067",0,0,0
"S00098068",2,1,1
"S00098069",2,2,0
"S00098070",1,1,0
"S00098071",3,2,1
"S00098072",1,0,1
"S00098073",1,0,1
"S00098074",0,0,0
"S00098075",5,3,2
"S00098076",2,0,2
"S00098077",3,2,1
"S00098078",0,0,0
"S00098079",1,1,0
"S00098080",0,0,0
"S00098081",3,3,0
"S00098082",0,0,0
"S00098083",0,0,0
"S00098084",0,0,0
"S00098085",3,0,3
"S00098086",0,0,0
"S00098087",0,0,0
"S00098088",3,1,2
"S00098089",4,2,2
"S00098090",2,1,1
"S00098091",0,0,0
"S00098092",3,2,1
"S00098093",2,1,1
"S00098094",4,1,3
"S00098095",0,0,0
"S00098096",1,0,1
"S00098097",0,0,0
"S00098098",0,0,0
"S00098099",1,1,0
"S00098100",0,0,0
"S00098101",2,1,1
"S00098102",0,0,0
"S00098103",1,0,1
"S00098104",1,1,0
"S00098105",1,1,0
"S00098106",1,1,0
"S00098107",0,0,0
"S00098108",4,3,1
"S00098109",6,1,5
"S00098110",1,0,1
"S00098111",0,0,0
"S00098112",0,0,0
"S00098113",0,0,0
"S00098114",2,2,0
"S00098115",0,0,0
"S00098116",2,0,2
"S00098117",0,0,0
"S00098118",2,0,2
"S00098119",1,0,1
"S00098120",1,1,0
"S00098121",0,0,0
"S00098122",5,1,4
"S00098123",9,4,5
"S00098124",2,0,2
"S00098125",3,1,2
"S00098126",2,0,2
"S00098127",0,0,0
"S00098128",1,1,0
"S00098129",4,3,1
"S00098130",1,1,0
"S00098131",0,0,0
"S00098132",1,0,1
"S00098133",1,0,1
"S00098134",0,0,0
"S00098135",1,1,0
"S00098136",0,0,0
"S00098137",0,0,0
"S00098138",0,0,0
"S00098139",0,0,0
"S00098140",0,0,0
"S00098141",0,0,0
"S00098142",1,1,0
"S00098143",0,0,0
"S00098144",0,0,0
"S00098145",0,0,0
"S00098146",1,1,0
"S00098147",1,1,0
"S00098148",0,0,0
"S00098149",0,0,0
"S00098150",2,1,1
"S00098151",0,0,0
"S00098152",0,0,0
"S00098153",0,0,0
"S00098154",0,0,0
"S00098155",0,0,0
"S00098156",0,0,0
"S00098157",0,0,0
"S00098158",0,0,0
"S00098159",0,0,0
"S00098160",0,0,0
"S00098161",1,0,1
"S00098162",0,0,0
"S00098163",0,0,0
"S00098164",0,0,0
"S00098165",1,1,0
"S00098166",2,0,2
"S00098167",0,0,0
"S00098168",2,0,2
"S00098169",3,2,1
"S00098170",1,1,0
"S00098171",3,0,3
"S00098172",3,2,1
"S00098173",0,0,0
"S00098174",0,0,0
"S00098175",0,0,0
"S00098176",2,0,2
"S00098177",3,1,2
"S00098178",1,0,1
"S00098179",1,0,1
"S00098180",1,0,1
"S00098181",0,0,0
"S00098182",0,0,0
"S00098183",1,0,1
"S00098184",0,0,0
"S00098185",0,0,0
"S00098186",2,1,1
"S00098187",2,1,1
"S00098188",1,0,1
"S00098189",3,1,2
"S00098190",0,0,0
"S00098191",1,0,1
"S00098192",2,0,2
"S00098193",0,0,0
"S00098194",1,0,1
"S00098195",5,1,4
"S00098196",0,0,0
"S00098197",6,2,4
"S00098198",1,0,1
"S00098199",3,1,2
"S00098200",0,0,0
"S00098201",1,0,1
"S00098202",2,0,2
"S00098203",5,1,4
"S00098204",5,2,3
"S00098205",1,0,1
"S00098206",0,0,0
"S00098207",0,0,0
"S00098208",1,1,0
"S00098209",1,0,1
"S00098210",4,2,2
"S00098211",2,1,1
"S00098212",2,0,2
"S00098213",5,2,3
"S00098214",0,0,0
"S00098215",0,0,0
"S00098216",1,0,1
"S00098217",1,0,1
"S00098218",3,1,2
"S00098219",3,0,3
"S00098220",1,1,0
"S00098221",5,3,2
"S00098222",2,1,1
"S00098223",4,1,3
"S00098224",4,1,3
"S00098225",1,1,0
"S00098226",4,4,0
"S00098227",0,0,0
"S00098228",3,2,1
"S00098229",0,0,0
"S00098230",2,2,0
"S00098231",3,2,1
"S00098232",2,2,0
"S00098233",3,0,3
"S00098234",0,0,0
"S00098235",1,0,1
"S00098236",2,1,1
"S00098237",0,0,0
"S00098238",1,0,1
"S00098239",0,0,0
"S00098240",3,1,2
"S00098241",0,0,0
"S00098242",0,0,0
"S00098243",0,0,0
"S00098244",0,0,0
"S00098245",0,0,0
"S00098246",4,4,0
"S00098247",4,2,2
"S00098248",1,0,1
"S00098249",1,0,1
"S00098250",2,1,1
"S00098251",0,0,0
"S00098252",2,1,1
"S00098253",1,0,1
"S00098254",0,0,0
"S00098255",0,0,0
"S00098256",1,0,1
"S00098257",1,1,0
"S00098258",3,0,3
"S00098259",1,0,1
"S00098260",0,0,0
"S00098261",3,1,2
"S00098262",2,1,1
"S00098263",2,1,1
"S00098264",1,0,1
"S00098265",0,0,0
"S00098266",1,1,0
"S00098267",0,0,0
"S00098268",3,1,2
"S00098269",0,0,0
"S00098270",3,0,3
"S00098271",3,0,3
"S00098272",0,0,0
"S00098273",3,2,1
"S00098274",2,1,1
"S00098275",0,0,0
"S00098276",0,0,0
"S00098277",1,0,1
"S00098278",0,0,0
"S00098279",1,0,1
"S00098280",0,0,0
"S00098281",2,1,1
"S00098282",1,0,1
"S00098283",0,0,0
"S00098284",0,0,0
"S00098285",0,0,0
"S00098286",1,1,0
"S00098287",1,1,0
"S00098288",0,0,0
"S00098289",2,1,1
"S00098290",0,0,0
"S00098291",0,0,0
"S00098292",2,0,2
"S00098293",3,1,2
"S00098294",1,1,0
"S00098295",0,0,0
"S00098296",2,1,1
"S00098297",0,0,0
"S00098298",4,3,1
"S00098299",1,0,1
"S00098300",2,0,2
"S00098301",0,0,0
"S00098302",2,1,1
"S00098303",0,0,0
"S00098304",4,2,2
"S00098305",2,1,1
"S00098306",5,3,2
"S00098307",2,2,0
"S00098308",2,1,1
"S00098309",1,0,1
"S00098310",5,2,3
"S00098311",0,0,0
"S00098312",3,1,2
"S00098313",0,0,0
"S00098314",1,1,0
"S00098315",2,1,1
"S00098316",0,0,0
"S00098317",0,0,0
"S00098318",0,0,0
"S00098319",3,0,3
"S00098320",1,1,0
"S00098321",0,0,0
"S00098322",0,0,0
"S00098323",1,1,0
"S00098324",3,2,1
"S00098325",0,0,0
"S00098326",0,0,0
"S00098327",1,1,0
"S00098328",0,0,0
"S00098329",0,0,0
"S00098330",0,0,0
"S00098331",0,0,0
"S00098332",0,0,0
"S00098333",0,0,0
"S00098334",0,0,0
"S00098335",3,1,2
"S00098336",0,0,0
"S00098337",0,0,0
"S00098338",0,0,0
"S00098339",2,1,1
"S00098340",3,1,2
"S00098341",0,0,0
"S00098342",2,1,1
"S00098343",3,1,2
"S00098344",2,2,0
"S00098345",0,0,0
"S00098346",3,1,2
"S00098347",2,2,0
"S00098348",0,0,0
"S00098349",0,0,0
"S00098350",3,2,1
"S00098351",3,0,3
"S00098352",1,0,1
"S00098353",0,0,0
"S00098354",1,1,0
"S00098355",1,1,0
"S00098356",0,0,0
"S00098357",1,1,0
"S00098358",1,0,1
"S00098359",0,0,0
"S00098360",1,1,0
"S00098361",0,0,0
"S00098362",2,0,2
"S00098363",1,0,1
"S00098364",1,0,1
"S00098365",0,0,0
"S00098366",0,0,0
"S00098367",0,0,0
"S00098368",0,0,0
"S00098369",1,1,0
"S00098370",0,0,0
"S00098371",0,0,0
"S00098372",0,0,0
"S00098373",1,1,0
"S00098374",2,0,2
"S00098375",0,0,0
"S00098376",0,0,0
"S00098377",0,0,0
"S00098378",2,2,0
"S00098379",2,1,1
"S00098380",1,1,0
"S00098381",4,2,2
"S00098382",5,3,2
"S00098383",1,1,0
"S00098384",1,1,0
"S00098385",0,0,0
"S00098386",0,0,0
"S00098387",0,0,0
"S00098388",2,1,1
"S00098389",3,2,1
"S00098390",0,0,0
"S00098391",0,0,0
"S00098392",3,3,0
"S00098393",0,0,0
"S00098394",5,1,4
"S00098395",2,1,1
"S00098396",2,1,1
"S00098397",1,0,1
"S00098398",0,0,0
"S00098399",0,0,0
"S00098400",0,0,0
"S00098401",0,0,0
"S00098402",0,0,0
"S00098403",0,0,0
"S00098404",0,0,0
"S00098405",0,0,0
"S00098406",0,0,0
"S00098407",1,1,0
"S00098408",0,0,0
"S00098409",2,1,1
"S00098410",5,2,3
"S00098411",1,0,1
"S00098412",0,0,0
"S00098413",0,0,0
"S00098414",0,0,0
"S00098415",0,0,0
"S00098416",0,0,0
"S00098417",0,0,0
"S00098418",1,0,1
"S00098419",2,2,0
"S00098420",0,0,0
"S00098421",0,0,0
"S00098422",2,1,1
"S00098423",0,0,0
"S00098424",0,0,0
"S00098425",0,0,0
"S00098426",1,0,1
"S00098427",2,1,1
"S00098428",0,0,0
"S00098429",0,0,0
"S00098430",0,0,0
"S00098431",3,1,2
"S00098432",5,3,2
"S00098433",2,0,2
"S00098434",3,1,2
"S00098435",0,0,0
"S00098436",0,0,0
"S00098437",1,0,1
"S00098438",1,1,0
"S00098439",0,0,0
"S00098440",1,1,0
"S00098441",0,0,0
"S00098442",0,0,0
"S00098443",0,0,0
"S00098444",0,0,0
"S00098445",1,0,1
"S00098446",0,0,0
"S00098447",0,0,0
"S00098448",1,1,0
"S00098449",0,0,0
"S00098450",1,0,1
"S00098451",2,0,2
"S00098452",0,0,0
"S00098453",0,0,0
"S00098454",3,0,3
"S00098455",1,0,1
"S00098456",0,0,0
"S00098457",0,0,0
"S00098458",0,0,0
"S00098459",0,0,0
"S00098460",1,1,0
"S00098461",4,2,2
"S00098462",0,0,0
"S00098463",0,0,0
"S00098464",0,0,0
"S00098465",0,0,0
"S00098466",0,0,0
"S00098467",0,0,0
"S00098468",2,1,1
"S00098469",0,0,0
"S00098470",1,1,0
"S00098471",0,0,0
"S00098472",0,0,0
"S00098473",0,0,0
"S00098474",0,0,0
"S00098475",0,0,0
"S00098476",2,1,1
"S00098477",0,0,0
"S00098478",0,0,0
"S00098479",0,0,0
"S00098480",1,0,1
"S00098481",0,0,0
"S00098482",1,0,1
"S00098483",0,0,0
"S00098484",0,0,0
"S00098485",4,2,2
"S00098486",0,0,0
"S00098487",0,0,0
"S00098488",2,1,1
"S00098489",0,0,0
"S00098490",2,2,0
"S00098491",0,0,0
"S00098492",4,3,1
"S00098493",1,1,0
"S00098494",3,3,0
"S00098495",4,2,2
"S00098496",4,1,3
"S00098497",2,1,1
"S00098498",0,0,0
"S00098499",1,0,1
"S00098500",4,2,2
"S00098501",4,2,2
"S00098502",0,0,0
"S00098503",0,0,0
"S00098504",5,1,4
"S00098505",27,14,13
"S00098506",4,3,1
"S00098507",0,0,0
"S00098508",2,1,1
"S00098509",3,2,1
"S00098510",0,0,0
"S00098511",0,0,0
"S00098512",0,0,0
"S00098513",0,0,0
"S00098514",0,0,0
"S00098515",1,1,0
"S00098516",0,0,0
"S00098517",0,0,0
"S00098518",0,0,0
"S00098519",0,0,0
"S00098520",2,1,1
"S00098521",0,0,0
"S00098522",0,0,0
"S00098523",0,0,0
"S00098524",0,0,0
"S00098525",1,1,0
"S00098526",0,0,0
"S00098527",0,0,0
"S00098528",0,0,0
"S00098529",0,0,0
"S00098530",0,0,0
"S00098531",1,1,0
"S00098532",2,1,1
"S00098533",1,1,0
"S00098534",5,1,4
"S00098535",4,2,2
"S00098536",2,1,1
"S00098537",3,0,3
"S00098538",0,0,0
"S00098539",2,1,1
"S00098540",3,3,0
"S00098541",1,1,0
"S00098542",1,1,0
"S00098543",0,0,0
"S00098544",0,0,0
"S00098545",0,0,0
"S00098546",0,0,0
"S00098547",3,0,3
"S00098548",0,0,0
"S00098549",0,0,0
"S00098550",0,0,0
"S00098551",0,0,0
"S00098552",0,0,0
"S00098553",0,0,0
"S00098554",0,0,0
"S00098555",0,0,0
"S00098556",0,0,0
"S00098557",0,0,0
"S00098558",0,0,0
"S00098559",0,0,0
"S00098560",3,0,3
"S00098561",2,0,2
"S00098562",0,0,0
"S00098563",0,0,0
"S00098564",0,0,0
"S00098565",0,0,0
"S00098566",0,0,0
"S00098567",0,0,0
"S00098568",0,0,0
"S00098569",2,1,1
"S00098570",2,1,1
"S00098571",3,2,1
"S00098572",1,1,0
"S00098573",1,1,0
"S00098574",0,0,0
"S00098575",0,0,0
"S00098576",0,0,0
"S00098577",0,0,0
"S00098578",0,0,0
"S00098579",2,0,2
"S00098580",0,0,0
"S00098581",0,0,0
"S00098582",1,1,0
"S00098583",1,0,1
"S00098584",2,1,1
"S00098585",1,0,1
"S00098586",0,0,0
"S00098587",2,1,1
"S00098588",0,0,0
"S00098589",0,0,0
"S00098590",0,0,0
"S00098591",0,0,0
"S00098592",1,0,1
"S00098593",0,0,0
"S00098594",1,1,0
"S00098595",0,0,0
"S00098596",0,0,0
"S00098597",0,0,0
"S00098598",0,0,0
"S00098599",1,1,0
"S00098600",0,0,0
"S00098601",0,0,0
"S00098602",1,0,1
"S00098603",1,0,1
"S00098604",0,0,0
"S00098605",1,0,1
"S00098606",0,0,0
"S00098607",1,1,0
"S00098608",0,0,0
"S00098609",0,0,0
"S00098610",0,0,0
"S00098611",2,0,2
"S00098612",1,0,1
"S00098613",0,0,0
"S00098614",0,0,0
"S00098615",0,0,0
"S00098616",0,0,0
"S00098617",0,0,0
"S00098618",0,0,0
"S00098619",0,0,0
"S00098620",0,0,0
"S00098621",0,0,0
"S00098622",1,1,0
"S00098623",1,0,1
"S00098624",1,0,1
"S00098625",1,1,0
"S00098626",0,0,0
"S00098627",0,0,0
"S00098628",0,0,0
"S00098629",0,0,0
"S00098630",0,0,0
"S00098631",0,0,0
"S00098632",0,0,0
"S00098633",0,0,0
"S00098634",1,0,1
"S00098635",2,0,2
"S00098636",0,0,0
"S00098637",0,0,0
"S00098638",0,0,0
"S00098639",0,0,0
"S00098640",0,0,0
"S00098641",1,0,1
"S00098642",0,0,0
"S00098643",0,0,0
"S00098644",0,0,0
"S00098645",0,0,0
"S00098646",0,0,0
"S00098647",0,0,0
"S00098648",0,0,0
"S00098649",0,0,0
"S00098650",0,0,0
"S00098651",0,0,0
"S00098652",2,1,1
"S00098653",1,0,1
"S00098654",2,2,0
"S00098655",0,0,0
"S00098656",2,1,1
"S00098657",1,0,1
"S00098658",0,0,0
"S00098659",0,0,0
"S00098660",1,0,1
"S00098661",1,0,1
"S00098662",0,0,0
"S00098663",0,0,0
"S00098664",0,0,0
"S00098665",0,0,0
"S00098666",0,0,0
"S00098667",0,0,0
"S00098668",1,1,0
"S00098669",0,0,0
"S00098670",0,0,0
"S00098671",0,0,0
"S00098672",0,0,0
"S00098673",0,0,0
"S00098674",0,0,0
"S00098675",2,1,1
"S00098676",0,0,0
"S00098677",0,0,0
"S00098678",0,0,0
"S00098679",0,0,0
"S00098680",0,0,0
"S00098681",0,0,0
"S00098682",1,0,1
"S00098683",0,0,0
"S00098684",0,0,0
"S00098685",1,1,0
"S00098686",0,0,0
"S00098687",0,0,0
"S00098688",0,0,0
"S00098689",0,0,0
"S00098690",0,0,0
"S00098691",0,0,0
"S00098692",0,0,0
"S00098693",0,0,0
"S00098694",0,0,0
"S00098695",0,0,0
"S00098696",1,0,1
"S00098697",0,0,0
"S00098698",0,0,0
"S00098699",0,0,0
"S00098700",0,0,0
"S00098701",1,0,1
"S00098702",0,0,0
"S00098703",0,0,0
"S00098704",0,0,0
"S00098705",0,0,0
"S00098706",0,0,0
"S00098707",1,1,0
"S00098708",1,1,0
"S00098709",0,0,0
"S00098710",1,0,1
"S00098711",0,0,0
"S00098712",0,0,0
"S00098713",1,0,1
"S00098714",0,0,0
"S00098715",4,2,2
"S00098716",0,0,0
"S00098717",0,0,0
"S00098718",0,0,0
"S00098719",0,0,0
"S00098720",0,0,0
"S00098721",0,0,0
"S00098722",0,0,0
"S00098723",0,0,0
"S00098724",0,0,0
"S00098725",0,0,0
"S00098726",1,1,0
"S00098727",0,0,0
"S00098728",0,0,0
"S00098729",0,0,0
"S00098730",1,0,1
"S00098731",1,1,0
"S00098732",0,0,0
"S00098733",0,0,0
"S00098734",0,0,0
"S00098735",0,0,0
"S00098736",1,0,1
"S00098737",7,4,3
"S00098738",1,0,1
"S00098739",1,1,0
"S00098740",2,1,1
"S00098741",0,0,0
"S00098742",0,0,0
"S00098743",0,0,0
"S00098744",0,0,0
"S00098745",0,0,0
"S00098746",1,1,0
"S00098747",0,0,0
"S00098748",0,0,0
"S00098749",0,0,0
"S00098750",0,0,0
"S00098751",0,0,0
"S00098752",0,0,0
"S00098753",0,0,0
"S00098754",0,0,0
"S00098755",0,0,0
"S00098756",0,0,0
"S00098757",2,0,2
"S00098758",0,0,0
"S00098759",1,0,1
"S00098760",2,0,2
"S00098761",0,0,0
"S00098762",1,1,0
"S00098763",0,0,0
"S00098764",1,0,1
"S00098765",0,0,0
"S00098766",0,0,0
"S00098767",0,0,0
"S00098768",0,0,0
"S00098769",0,0,0
"S00098770",0,0,0
"S00098771",0,0,0
"S00098772",0,0,0
"S00098773",0,0,0
"S00098774",1,1,0
"S00098775",0,0,0
"S00098776",2,2,0
"S00098777",0,0,0
"S00098778",0,0,0
"S00098779",0,0,0
"S00098780",1,0,1
"S00098781",0,0,0
"S00098782",0,0,0
"S00098783",1,0,1
"S00098784",0,0,0
"S00098785",1,0,1
"S00098786",0,0,0
"S00098787",0,0,0
"S00098788",0,0,0
"S00098789",0,0,0
"S00098790",0,0,0
"S00098791",0,0,0
"S00098792",0,0,0
"S00098793",0,0,0
"S00098794",0,0,0
"S00098795",2,0,2
"S00098796",0,0,0
"S00098797",0,0,0
"S00098798",0,0,0
"S00098799",0,0,0
"S00098800",0,0,0
"S00098801",0,0,0
"S00098802",0,0,0
"S00098803",0,0,0
"S00098804",1,1,0
"S00098805",0,0,0
"S00098806",0,0,0
"S00098807",0,0,0
"S00098808",0,0,0
"S00098809",0,0,0
"S00098810",0,0,0
"S00098811",2,1,1
"S00098812",0,0,0
"S00098813",0,0,0
"S00098814",0,0,0
"S00098815",0,0,0
"S00098816",0,0,0
"S00098817",0,0,0
"S00098818",0,0,0
"S00098819",0,0,0
"S00098820",0,0,0
"S00098821",0,0,0
"S00098822",0,0,0
"S00098823",0,0,0
"S00098824",0,0,0
"S00098825",0,0,0
"S00098826",0,0,0
"S00098827",0,0,0
"S00098828",0,0,0
"S00098829",0,0,0
"S00098830",0,0,0
"S00098831",1,0,1
"S00098832",0,0,0
"S00098833",0,0,0
"S00098834",0,0,0
"S00098835",0,0,0
"S00098836",0,0,0
"S00098837",1,1,0
"S00098838",1,0,1
"S00098839",0,0,0
"S00098840",0,0,0
"S00098841",0,0,0
"S00098842",0,0,0
"S00098843",0,0,0
"S00098844",2,1,1
"S00098845",0,0,0
"S00098846",1,0,1
"S00098847",0,0,0
"S00098848",0,0,0
"S00098849",0,0,0
"S00098850",0,0,0
"S00098851",0,0,0
"S00098852",0,0,0
"S00098853",2,1,1
"S00098854",0,0,0
"S00098855",0,0,0
"S00098856",0,0,0
"S00098857",0,0,0
"S00098858",0,0,0
"S00098859",0,0,0
"S00098860",0,0,0
"S00098861",2,1,1
"S00098862",2,1,1
"S00098863",0,0,0
"S00098864",1,0,1
"S00098865",0,0,0
"S00098866",0,0,0
"S00098867",0,0,0
"S00098868",2,1,1
"S00098869",2,0,2
"S00098870",0,0,0
"S00098871",0,0,0
"S00098872",6,1,5
"S00098873",0,0,0
"S00098874",1,0,1
"S00098875",0,0,0
"S00098876",0,0,0
"S00098877",0,0,0
"S00098878",0,0,0
"S00098879",1,0,1
"S00098880",0,0,0
"S00098881",0,0,0
"S00098882",0,0,0
"S00098883",0,0,0
"S00098884",1,1,0
"S00098885",0,0,0
"S00098886",0,0,0
"S00098887",0,0,0
"S00098888",0,0,0
"S00098889",1,0,1
"S00098890",0,0,0
"S00098891",0,0,0
"S00098892",0,0,0
"S00098893",0,0,0
"S00098894",1,0,1
"S00098895",0,0,0
"S00098896",0,0,0
"S00098897",0,0,0
"S00098898",0,0,0
"S00098899",0,0,0
"S00098900",0,0,0
"S00098901",0,0,0
"S00098902",0,0,0
"S00098903",1,1,0
"S00098904",0,0,0
"S00098905",0,0,0
"S00098906",0,0,0
"S00098907",1,0,1
"S00098908",0,0,0
"S00098909",1,0,1
"S00098910",0,0,0
"S00098911",0,0,0
"S00098912",0,0,0
"S00098913",0,0,0
"S00098914",0,0,0
"S00098915",0,0,0
"S00098916",0,0,0
"S00098917",1,1,0
"S00098918",0,0,0
"S00098919",0,0,0
"S00098920",0,0,0
"S00098921",0,0,0
"S00098922",1,1,0
"S00098923",0,0,0
"S00098924",0,0,0
"S00098925",1,0,1
"S00098926",1,1,0
"S00098927",0,0,0
"S00098928",1,0,1
"S00098929",2,1,1
"S00098930",1,1,0
"S00098931",0,0,0
"S00098932",0,0,0
"S00098933",0,0,0
"S00098934",0,0,0
"S00098935",0,0,0
"S00098936",1,0,1
"S00098937",1,0,1
"S00098938",0,0,0
"S00098939",0,0,0
"S00098940",0,0,0
"S00098941",0,0,0
"S00098942",0,0,0
"S00098943",2,2,0
"S00098944",0,0,0
"S00098945",0,0,0
"S00098946",1,0,1
"S00098947",1,1,0
"S00098948",1,0,1
"S00098949",1,0,1
"S00098950",0,0,0
"S00098951",0,0,0
"S00098952",0,0,0
"S00098953",0,0,0
"S00098954",0,0,0
"S00098955",0,0,0
"S00098956",0,0,0
"S00098957",0,0,0
"S00098958",0,0,0
"S00098959",0,0,0
"S00098960",0,0,0
"S00098961",0,0,0
"S00098962",0,0,0
"S00098963",1,0,1
"S00098964",0,0,0
"S00098965",0,0,0
"S00098966",0,0,0
"S00098967",1,1,0
"S00098968",0,0,0
"S00098969",0,0,0
"S00098970",0,0,0
"S00098971",0,0,0
"S00098972",1,0,1
"S00098973",0,0,0
"S00098974",3,1,2
"S00098975",0,0,0
"S00098976",0,0,0
"S00098977",0,0,0
"S00098978",0,0,0
"S00098979",1,0,1
"S00098980",0,0,0
"S00098981",0,0,0
"S00098982",0,0,0
"S00098983",0,0,0
"S00098984",1,0,1
"S00098985",0,0,0
"S00098986",0,0,0
"S00098987",0,0,0
"S00098988",0,0,0
"S00098989",1,0,1
"S00098990",1,1,0
"S00098991",0,0,0
"S00098992",0,0,0
"S00098993",0,0,0
"S00098994",0,0,0
"S00098995",0,0,0
"S00098996",2,2,0
"S00098997",0,0,0
"S00098998",1,0,1
"S00098999",0,0,0
"S00099000",0,0,0
"S00099001",0,0,0
"S00099002",0,0,0
"S00099003",0,0,0
"S00099004",0,0,0
"S00099005",0,0,0
"S00099006",0,0,0
"S00099007",0,0,0
"S00099008",0,0,0
"S00099009",0,0,0
"S00099010",0,0,0
"S00099011",1,1,0
"S00099012",1,1,0
"S00099013",0,0,0
"S00099014",0,0,0
"S00099015",0,0,0
"S00099016",0,0,0
"S00099017",0,0,0
"S00099018",0,0,0
"S00099019",4,1,3
"S00099020",0,0,0
"S00099021",1,1,0
"S00099022",0,0,0
"S00099023",0,0,0
"S00099024",0,0,0
"S00099025",0,0,0
"S00099026",0,0,0
"S00099027",0,0,0
"S00099028",0,0,0
"S00099029",0,0,0
"S00099030",0,0,0
"S00099031",0,0,0
"S00099032",1,0,1
"S00099033",0,0,0
"S00099034",4,2,2
"S00099035",0,0,0
"S00099036",0,0,0
"S00099037",1,1,0
"S00099038",0,0,0
"S00099039",1,1,0
"S00099040",1,0,1
"S00099041",1,1,0
"S00099042",0,0,0
"S00099043",0,0,0
"S00099044",4,2,2
"S00099045",2,1,1
"S00099046",1,1,0
"S00099047",0,0,0
"S00099048",1,0,1
"S00099049",2,0,2
"S00099050",0,0,0
"S00099051",0,0,0
"S00099052",1,1,0
"S00099053",2,1,1
"S00099054",2,1,1
"S00099055",2,0,2
"S00099056",0,0,0
"S00099057",0,0,0
"S00099058",0,0,0
"S00099059",0,0,0
"S00099060",0,0,0
"S00099061",0,0,0
"S00099062",0,0,0
"S00099063",0,0,0
"S00099064",0,0,0
"S00099065",0,0,0
"S00099066",0,0,0
"S00099067",1,0,1
"S00099068",0,0,0
"S00099069",0,0,0
"S00099070",0,0,0
"S00099071",0,0,0
"S00099072",0,0,0
"S00099073",0,0,0
"S00099074",0,0,0
"S00099075",1,1,0
"S00099076",1,1,0
"S00099077",0,0,0
"S00099078",2,0,2
"S00099079",1,0,1
"S00099080",0,0,0
"S00099081",0,0,0
"S00099082",0,0,0
"S00099083",0,0,0
"S00099084",0,0,0
"S00099085",0,0,0
"S00099086",2,0,2
"S00099087",0,0,0
"S00099088",0,0,0
"S00099089",0,0,0
"S00099090",0,0,0
"S00099091",0,0,0
"S00099092",0,0,0
"S00099093",0,0,0
"S00099094",0,0,0
"S00099095",0,0,0
"S00099096",0,0,0
"S00099097",0,0,0
"S00099098",0,0,0
"S00099099",0,0,0
"S00099100",0,0,0
"S00099101",0,0,0
"S00099102",0,0,0
"S00099103",0,0,0
"S00099104",0,0,0
"S00099105",0,0,0
"S00099106",0,0,0
"S00099107",0,0,0
"S00099108",2,2,0
"S00099109",0,0,0
"S00099110",0,0,0
"S00099111",0,0,0
"S00099112",0,0,0
"S00099113",1,1,0
"S00099114",0,0,0
"S00099115",0,0,0
"S00099116",0,0,0
"S00099117",0,0,0
"S00099118",0,0,0
"S00099119",1,1,0
"S00099120",1,1,0
"S00099121",0,0,0
"S00099122",0,0,0
"S00099123",0,0,0
"S00099124",0,0,0
"S00099125",0,0,0
"S00099126",0,0,0
"S00099127",0,0,0
"S00099128",0,0,0
"S00099129",0,0,0
"S00099130",0,0,0
"S00099131",1,0,1
"S00099132",0,0,0
"S00099133",1,1,0
"S00099134",0,0,0
"S00099135",1,1,0
"S00099136",0,0,0
"S00099137",2,1,1
"S00099138",0,0,0
"S00099139",0,0,0
"S00099140",0,0,0
"S00099141",0,0,0
"S00099142",0,0,0
"S00099143",0,0,0
"S00099144",0,0,0
"S00099145",1,1,0
"S00099146",0,0,0
"S00099147",0,0,0
"S00099148",0,0,0
"S00099149",1,1,0
"S00099150",1,1,0
"S00099151",0,0,0
"S00099152",0,0,0
"S00099153",0,0,0
"S00099154",0,0,0
"S00099155",0,0,0
"S00099156",0,0,0
"S00099157",0,0,0
"S00099158",0,0,0
"S00099159",0,0,0
"S00099160",0,0,0
"S00099161",0,0,0
"S00099162",0,0,0
"S00099163",0,0,0
"S00099164",0,0,0
"S00099165",0,0,0
"S00099166",0,0,0
"S00099167",2,1,1
"S00099168",0,0,0
"S00099169",0,0,0
"S00099170",0,0,0
"S00099171",0,0,0
"S00099172",0,0,0
"S00099173",0,0,0
"S00099174",0,0,0
"S00099175",0,0,0
"S00099176",0,0,0
"S00099177",0,0,0
"S00099178",0,0,0
"S00099179",0,0,0
"S00099180",0,0,0
"S00099181",0,0,0
"S00099182",0,0,0
"S00099183",0,0,0
"S00099184",0,0,0
"S00099185",0,0,0
"S00099186",0,0,0
"S00099187",0,0,0
"S00099188",0,0,0
"S00099189",0,0,0
"S00099190",0,0,0
"S00099191",0,0,0
"S00099192",0,0,0
"S00099193",0,0,0
"S00099194",0,0,0
"S00099195",0,0,0
"S00099196",0,0,0
"S00099197",0,0,0
"S00099198",0,0,0
"S00099199",0,0,0
"S00099200",0,0,0
"S00099201",0,0,0
"S00099202",0,0,0
"S00099203",0,0,0
"S00099204",0,0,0
"S00099205",1,0,1
"S00099206",1,1,0
"S00099207",0,0,0
"S00099208",0,0,0
"S00099209",0,0,0
"S00099210",1,1,0
"S00099211",1,0,1
"S00099212",0,0,0
"S00099213",0,0,0
"S00099214",0,0,0
"S00099215",0,0,0
"S00099216",0,0,0
"S00099217",0,0,0
"S00099218",1,0,1
"S00099219",1,1,0
"S00099220",0,0,0
"S00099221",1,1,0
"S00099222",0,0,0
"S00099223",0,0,0
"S00099224",0,0,0
"S00099225",0,0,0
"S00099226",0,0,0
"S00099227",0,0,0
"S00099228",0,0,0
"S00099229",0,0,0
"S00099230",2,0,2
"S00099231",0,0,0
"S00099232",0,0,0
"S00099233",0,0,0
"S00099234",0,0,0
"S00099235",0,0,0
"S00099236",0,0,0
"S00099237",0,0,0
"S00099238",0,0,0
"S00099239",0,0,0
"S00099240",0,0,0
"S00099241",0,0,0
"S00099242",1,1,0
"S00099243",0,0,0
"S00099244",0,0,0
"S00099245",0,0,0
"S00099246",2,0,2
"S00099247",0,0,0
"S00099248",0,0,0
"S00099249",0,0,0
"S00099250",1,1,0
"S00099251",0,0,0
"S00099252",0,0,0
"S00099253",0,0,0
"S00099254",0,0,0
"S00099255",0,0,0
"S00099256",0,0,0
"S00099257",0,0,0
"S00099258",0,0,0
"S00099259",0,0,0
"S00099260",0,0,0
"S00099261",0,0,0
"S00099262",0,0,0
"S00099263",2,1,1
"S00099264",0,0,0
"S00099265",0,0,0
"S00099266",0,0,0
"S00099267",1,0,1
"S00099268",1,0,1
"S00099269",1,1,0
"S00099270",0,0,0
"S00099271",1,1,0
"S00099272",0,0,0
"S00099273",0,0,0
"S00099274",1,0,1
"S00099275",0,0,0
"S00099276",1,0,1
"S00099277",0,0,0
"S00099278",0,0,0
"S00099279",0,0,0
"S00099280",2,1,1
"S00099281",1,0,1
"S00099282",4,1,3
"S00099283",3,3,0
"S00099284",1,0,1
"S00099285",0,0,0
"S00099286",2,1,1
"S00099287",4,3,1
"S00099288",0,0,0
"S00099289",4,0,4
"S00099290",1,0,1
"S00099291",1,1,0
"S00099292",3,1,2
"S00099293",0,0,0
"S00099294",0,0,0
"S00099295",1,0,1
"S00099296",0,0,0
"S00099297",1,0,1
"S00099298",0,0,0
"S00099299",0,0,0
"S00099300",3,1,2
"S00099301",0,0,0
"S00099302",1,0,1
"S00099303",0,0,0
"S00099304",0,0,0
"S00099305",1,0,1
"S00099306",0,0,0
"S00099307",0,0,0
"S00099308",1,0,1
"S00099309",0,0,0
"S00099310",0,0,0
"S00099311",0,0,0
"S00099312",1,1,0
"S00099313",0,0,0
"S00099314",5,2,3
"S00099315",3,1,2
"S00099316",0,0,0
"S00099317",1,0,1
"S00099318",2,0,2
"S00099319",0,0,0
"S00099320",5,3,2
"S00099321",4,0,4
"S00099322",0,0,0
"S00099323",3,1,2
"S00099324",4,3,1
"S00099325",0,0,0
"S00099326",0,0,0
"S00099327",0,0,0
"S00099328",0,0,0
"S00099329",0,0,0
"S00099330",0,0,0
"S00099331",1,1,0
"S00099332",0,0,0
"S00099333",0,0,0
"S00099334",0,0,0
"S00099335",0,0,0
"S00099336",1,0,1
"S00099337",0,0,0
"S00099338",2,0,2
"S00099339",2,1,1
"S00099340",3,0,3
"S00099341",0,0,0
"S00099342",3,0,3
"S00099343",0,0,0
"S00099344",2,1,1
"S00099345",2,1,1
"S00099346",1,1,0
"S00099347",1,0,1
"S00099348",1,1,0
"S00099349",3,0,3
"S00099350",3,0,3
"S00099351",3,2,1
"S00099352",2,0,2
"S00099353",0,0,0
"S00099354",0,0,0
"S00099355",3,2,1
"S00099356",1,0,1
"S00099357",2,2,0
"S00099358",0,0,0
"S00099359",1,0,1
"S00099360",0,0,0
"S00099361",0,0,0
"S00099362",6,4,2
"S00099363",1,1,0
"S00099364",0,0,0
"S00099365",1,0,1
"S00099366",1,0,1
"S00099367",0,0,0
"S00099368",3,2,1
"S00099369",1,1,0
"S00099370",0,0,0
"S00099371",4,2,2
"S00099372",3,1,2
"S00099373",1,0,1
"S00099374",1,0,1
"S00099375",0,0,0
"S00099376",2,0,2
"S00099377",0,0,0
"S00099378",2,2,0
"S00099379",0,0,0
"S00099380",0,0,0
"S00099381",0,0,0
"S00099382",3,2,1
"S00099383",0,0,0
"S00099384",2,0,2
"S00099385",0,0,0
"S00099386",2,2,0
"S00099387",1,0,1
"S00099388",2,2,0
"S00099389",0,0,0
"S00099390",1,0,1
"S00099391",0,0,0
"S00099392",0,0,0
"S00099393",0,0,0
"S00099394",0,0,0
"S00099395",0,0,0
"S00099396",0,0,0
"S00099397",0,0,0
"S00099398",1,1,0
"S00099399",0,0,0
"S00099400",0,0,0
"S00099401",0,0,0
"S00099402",0,0,0
"S00099403",0,0,0
"S00099404",0,0,0
"S00099405",1,0,1
"S00099406",0,0,0
"S00099407",0,0,0
"S00099408",0,0,0
"S00099409",0,0,0
"S00099410",2,2,0
"S00099411",3,2,1
"S00099412",1,0,1
"S00099413",1,0,1
"S00099414",2,0,2
"S00099415",2,1,1
"S00099416",0,0,0
"S00099417",0,0,0
"S00099418",0,0,0
"S00099419",0,0,0
"S00099420",0,0,0
"S00099421",0,0,0
"S00099422",0,0,0
"S00099423",1,1,0
"S00099424",0,0,0
"S00099425",1,0,1
"S00099426",0,0,0
"S00099427",1,0,1
"S00099428",0,0,0
"S00099429",1,0,1
"S00099430",0,0,0
"S00099431",0,0,0
"S00099432",0,0,0
"S00099433",0,0,0
"S00099434",0,0,0
"S00099435",2,2,0
"S00099436",0,0,0
"S00099437",0,0,0
"S00099438",0,0,0
"S00099439",0,0,0
"S00099440",0,0,0
"S00099441",0,0,0
"S00099442",0,0,0
"S00099443",0,0,0
"S00099444",0,0,0
"S00099445",0,0,0
"S00099446",0,0,0
"S00099447",0,0,0
"S00099448",0,0,0
"S00099449",0,0,0
"S00099450",0,0,0
"S00099451",0,0,0
"S00099452",0,0,0
"S00099453",0,0,0
"S00099454",0,0,0
"S00099455",0,0,0
"S00099456",0,0,0
"S00099457",0,0,0
"S00099458",4,3,1
"S00099459",0,0,0
"S00099460",0,0,0
"S00099461",1,1,0
"S00099462",0,0,0
"S00099463",0,0,0
"S00099464",0,0,0
"S00099465",0,0,0
"S00099466",0,0,0
"S00099467",3,1,2
"S00099468",1,1,0
"S00099469",0,0,0
"S00099470",1,1,0
"S00099471",0,0,0
"S00099472",1,0,1
"S00099473",0,0,0
"S00099474",0,0,0
"S00099475",1,1,0
"S00099476",2,0,2
"S00099477",1,0,1
"S00099478",0,0,0
"S00099479",0,0,0
"S00099480",0,0,0
"S00099481",0,0,0
"S00099482",0,0,0
"S00099483",0,0,0
"S00099484",0,0,0
"S00099485",0,0,0
"S00099486",0,0,0
"S00099487",0,0,0
"S00099488",0,0,0
"S00099489",2,2,0
"S00099490",0,0,0
"S00099491",0,0,0
"S00099492",0,0,0
"S00099493",0,0,0
"S00099494",0,0,0
"S00099495",1,0,1
"S00099496",0,0,0
"S00099497",0,0,0
"S00099498",0,0,0
"S00099499",1,1,0
"S00099500",0,0,0
"S00099501",0,0,0
"S00099502",0,0,0
"S00099503",0,0,0
"S00099504",3,1,2
"S00099505",2,1,1
"S00099506",0,0,0
"S00099507",0,0,0
"S00099508",0,0,0
"S00099509",1,1,0
"S00099510",0,0,0
"S00099511",0,0,0
"S00099512",0,0,0
"S00099513",0,0,0
"S00099514",0,0,0
"S00099515",0,0,0
"S00099516",0,0,0
"S00099517",0,0,0
"S00099518",0,0,0
"S00099519",0,0,0
"S00099520",0,0,0
"S00099521",1,0,1
"S00099522",0,0,0
"S00099523",0,0,0
"S00099524",1,0,1
"S00099525",0,0,0
"S00099526",0,0,0
"S00099527",0,0,0
"S00099528",4,2,2
"S00099529",0,0,0
"S00099530",1,1,0
"S00099531",0,0,0
"S00099532",3,2,1
"S00099533",1,0,1
"S00099534",0,0,0
"S00099535",0,0,0
"S00099536",2,2,0
"S00099537",6,2,4
"S00099538",1,1,0
"S00099539",1,1,0
"S00099540",0,0,0
"S00099541",1,0,1
"S00099542",1,0,1
"S00099543",0,0,0
"S00099544",0,0,0
"S00099545",0,0,0
"S00099546",0,0,0
"S00099547",0,0,0
"S00099548",3,2,1
"S00099549",0,0,0
"S00099550",0,0,0
"S00099551",0,0,0
"S00099552",0,0,0
"S00099553",0,0,0
"S00099554",3,1,2
"S00099555",0,0,0
"S00099556",0,0,0
"S00099557",0,0,0
"S00099558",0,0,0
"S00099559",0,0,0
"S00099560",0,0,0
"S00099561",0,0,0
"S00099562",0,0,0
"S00099563",0,0,0
"S00099564",0,0,0
"S00099565",0,0,0
"S00099566",0,0,0
"S00099567",3,2,1
"S00099568",2,0,2
"S00099569",2,2,0
"S00099570",2,0,2
"S00099571",1,0,1
"S00099572",0,0,0
"S00099573",0,0,0
"S00099574",0,0,0
"S00099575",3,3,0
"S00099576",6,4,2
"S00099577",0,0,0
"S00099578",2,1,1
"S00099579",2,2,0
"S00099580",4,3,1
"S00099581",1,1,0
"S00099582",0,0,0
"S00099583",0,0,0
"S00099584",0,0,0
"S00099585",1,0,1
"S00099586",0,0,0
"S00099587",0,0,0
"S00099588",1,1,0
"S00099589",0,0,0
"S00099590",0,0,0
"S00099591",0,0,0
"S00099592",0,0,0
"S00099593",1,1,0
"S00099594",0,0,0
"S00099595",1,1,0
"S00099596",0,0,0
"S00099597",0,0,0
"S00099598",0,0,0
"S00099599",0,0,0
"S00099600",0,0,0
"S00099601",0,0,0
"S00099602",0,0,0
"S00099603",0,0,0
"S00099604",2,0,2
"S00099605",0,0,0
"S00099606",0,0,0
"S00099607",0,0,0
"S00099608",0,0,0
"S00099609",0,0,0
"S00099610",1,0,1
"S00099611",0,0,0
"S00099612",0,0,0
"S00099613",1,1,0
"S00099614",0,0,0
"S00099615",0,0,0
"S00099616",0,0,0
"S00099617",0,0,0
"S00099618",0,0,0
"S00099619",1,1,0
"S00099620",0,0,0
"S00099621",1,0,1
"S00099622",0,0,0
"S00099623",1,1,0
"S00099624",1,0,1
"S00099625",0,0,0
"S00099626",0,0,0
"S00099627",0,0,0
"S00099628",2,2,0
"S00099629",0,0,0
"S00099630",0,0,0
"S00099631",0,0,0
"S00099632",0,0,0
"S00099633",0,0,0
"S00099634",0,0,0
"S00099635",0,0,0
"S00099636",0,0,0
"S00099637",0,0,0
"S00099638",0,0,0
"S00099639",0,0,0
"S00099640",0,0,0
"S00099641",0,0,0
"S00099642",0,0,0
"S00099643",2,1,1
"S00099644",1,1,0
"S00099645",1,0,1
"S00099646",0,0,0
"S00099647",0,0,0
"S00099648",0,0,0
"S00099649",0,0,0
"S00099650",0,0,0
"S00099651",1,0,1
"S00099652",0,0,0
"S00099653",0,0,0
"S00099654",1,0,1
"S00099655",1,1,0
"S00099656",0,0,0
"S00099657",1,0,1
"S00099658",0,0,0
"S00099659",0,0,0
"S00099660",4,2,2
"S00099661",2,1,1
"S00099662",0,0,0
"S00099663",0,0,0
"S00099664",1,0,1
"S00099665",3,1,2
"S00099666",0,0,0
"S00099667",0,0,0
"S00099668",0,0,0
"S00099669",0,0,0
"S00099670",2,1,1
"S00099671",0,0,0
"S00099672",0,0,0
"S00099673",0,0,0
"S00099674",0,0,0
"S00099675",1,1,0
"S00099676",1,0,1
"S00099677",0,0,0
"S00099678",0,0,0
"S00099679",0,0,0
"S00099680",0,0,0
"S00099681",0,0,0
"S00099682",4,1,3
"S00099683",0,0,0
"S00099684",0,0,0
"S00099685",0,0,0
"S00099686",0,0,0
"S00099687",2,1,1
"S00099688",1,1,0
"S00099689",0,0,0
"S00099690",0,0,0
"S00099691",0,0,0
"S00099692",0,0,0
"S00099693",0,0,0
"S00099694",0,0,0
"S00099695",3,0,3
"S00099696",1,1,0
"S00099697",1,0,1
"S00099698",1,1,0
"S00099699",1,0,1
"S00099700",2,2,0
"S00099701",0,0,0
"S00099702",0,0,0
"S00099703",1,1,0
"S00099704",0,0,0
"S00099705",0,0,0
"S00099706",1,1,0
"S00099707",0,0,0
"S00099708",0,0,0
"S00099709",0,0,0
"S00099710",0,0,0
"S00099711",1,0,1
"S00099712",3,2,1
"S00099713",0,0,0
"S00099714",0,0,0
"S00099715",0,0,0
"S00099716",6,3,3
"S00099717",6,4,2
"S00099718",0,0,0
"S00099719",1,1,0
"S00099720",0,0,0
"S00099721",0,0,0
"S00099722",0,0,0
"S00099723",2,0,2
"S00099724",1,1,0
"S00099725",0,0,0
"S00099726",0,0,0
"S00099727",0,0,0
"S00099728",7,3,4
"S00099729",5,2,3
"S00099730",2,1,1
"S00099731",5,3,2
"S00099732",0,0,0
"S00099733",0,0,0
"S00099734",2,1,1
"S00099735",0,0,0
"S00099736",0,0,0
"S00099737",0,0,0
"S00099738",0,0,0
"S00099739",4,2,2
"S00099740",0,0,0
"S00099741",1,1,0
"S00099742",1,0,1
"S00099743",4,0,4
"S00099744",1,1,0
"S00099745",1,0,1
"S00099746",0,0,0
"S00099747",1,1,0
"S00099748",1,1,0
"S00099749",0,0,0
"S00099750",3,1,2
"S00099751",1,0,1
"S00099752",0,0,0
"S00099753",0,0,0
"S00099754",2,1,1
"S00099755",1,1,0
"S00099756",1,0,1
"S00099757",0,0,0
"S00099758",0,0,0
"S00099759",0,0,0
"S00099760",0,0,0
"S00099761",0,0,0
"S00099762",0,0,0
"S00099763",1,0,1
"S00099764",1,1,0
"S00099765",0,0,0
"S00099766",0,0,0
"S00099767",0,0,0
"S00099768",0,0,0
"S00099769",2,2,0
"S00099770",1,0,1
"S00099771",2,0,2
"S00099772",0,0,0
"S00099773",0,0,0
"S00099774",0,0,0
"S00099775",0,0,0
"S00099776",0,0,0
"S00099777",3,2,1
"S00099778",0,0,0
"S00099779",0,0,0
"S00099780",0,0,0
"S00099781",1,1,0
"S00099782",10,5,5
"S00099783",0,0,0
"S00099784",4,1,3
"S00099785",1,0,1
"S00099786",1,0,1
"S00099787",0,0,0
"S00099788",0,0,0
"S00099789",1,0,1
"S00099790",0,0,0
"S00099791",1,0,1
"S00099792",0,0,0
"S00099793",0,0,0
"S00099794",0,0,0
"S00099795",0,0,0
"S00099796",0,0,0
"S00099797",0,0,0
"S00099798",0,0,0
"S00099799",2,1,1
"S00099800",0,0,0
"S00099801",2,1,1
"S00099802",3,1,2
"S00099803",2,1,1
"S00099804",1,1,0
"S00099805",1,1,0
"S00099806",1,0,1
"S00099807",0,0,0
"S00099808",1,0,1
"S00099809",1,0,1
"S00099810",0,0,0
"S00099811",1,1,0
"S00099812",2,0,2
"S00099813",1,0,1
"S00099814",3,1,2
"S00099815",0,0,0
"S00099816",1,0,1
"S00099817",0,0,0
"S00099818",0,0,0
"S00099819",3,1,2
"S00099820",0,0,0
"S00099821",1,1,0
"S00099822",0,0,0
"S00099823",0,0,0
"S00099824",0,0,0
"S00099825",0,0,0
"S00099826",0,0,0
"S00099827",2,1,1
"S00099828",2,0,2
"S00099829",0,0,0
"S00099830",0,0,0
"S00099831",0,0,0
"S00099832",0,0,0
"S00099833",3,3,0
"S00099834",5,4,1
"S00099835",0,0,0
"S00099836",1,1,0
"S00099837",0,0,0
"S00099838",2,0,2
"S00099839",0,0,0
"S00099840",1,0,1
"S00099841",0,0,0
"S00099842",3,1,2
"S00099843",0,0,0
"S00099844",4,3,1
"S00099845",4,2,2
"S00099846",1,1,0
"S00099847",0,0,0
"S00099848",0,0,0
"S00099849",0,0,0
"S00099850",0,0,0
"S00099851",0,0,0
"S00099852",2,1,1
"S00099853",4,1,3
"S00099854",1,1,0
"S00099855",5,2,3
"S00099856",0,0,0
"S00099857",1,0,1
"S00099858",1,1,0
"S00099859",3,2,1
"S00099860",2,1,1
"S00099861",0,0,0
"S00099862",2,0,2
"S00099863",3,0,3
"S00099864",0,0,0
"S00099865",0,0,0
"S00099866",0,0,0
"S00099867",0,0,0
"S00099868",1,1,0
"S00099869",0,0,0
"S00099870",0,0,0
"S00099871",0,0,0
"S00099872",0,0,0
"S00099873",0,0,0
"S00099874",1,0,1
"S00099875",1,1,0
"S00099876",0,0,0
"S00099877",0,0,0
"S00099878",0,0,0
"S00099879",0,0,0
"S00099880",0,0,0
"S00099881",0,0,0
"S00099882",0,0,0
"S00099883",0,0,0
"S00099884",0,0,0
"S00099885",0,0,0
"S00099886",0,0,0
"S00099887",0,0,0
"S00099888",0,0,0
"S00099889",0,0,0
"S00099890",0,0,0
"S00099891",0,0,0
"S00099892",0,0,0
"S00099893",0,0,0
"S00099894",0,0,0
"S00099895",1,1,0
"S00099896",0,0,0
"S00099897",0,0,0
"S00099898",1,1,0
"S00099899",0,0,0
"S00099900",1,0,1
"S00099901",0,0,0
"S00099902",0,0,0
"S00099903",0,0,0
"S00099904",0,0,0
"S00099905",0,0,0
"S00099906",0,0,0
"S00099907",2,0,2
"S00099908",0,0,0
"S00099909",0,0,0
"S00099910",0,0,0
"S00099911",0,0,0
"S00099912",0,0,0
"S00099913",0,0,0
"S00099914",0,0,0
"S00099915",0,0,0
"S00099916",0,0,0
"S00099917",0,0,0
"S00099918",2,1,1
"S00099919",0,0,0
"S00099920",0,0,0
"S00099921",0,0,0
"S00099922",2,1,1
"S00099923",0,0,0
"S00099924",0,0,0
"S00099925",1,0,1
"S00099926",1,1,0
"S00099927",0,0,0
"S00099928",1,0,1
"S00099929",0,0,0
"S00099930",2,0,2
"S00099931",0,0,0
"S00099932",0,0,0
"S00099933",0,0,0
"S00099934",0,0,0
"S00099935",2,1,1
"S00099936",0,0,0
"S00099937",1,0,1
"S00099938",2,1,1
"S00099939",0,0,0
"S00099940",0,0,0
"S00099941",1,1,0
"S00099942",1,0,1
"S00099943",1,0,1
"S00099944",0,0,0
"S00099945",0,0,0
"S00099946",0,0,0
"S00099947",0,0,0
"S00099948",0,0,0
"S00099949",0,0,0
"S00099950",0,0,0
"S00099951",1,1,0
"S00099952",0,0,0
"S00099953",1,0,1
"S00099954",2,1,1
"S00099955",0,0,0
"S00099956",0,0,0
"S00099957",1,0,1
"S00099958",0,0,0
"S00099959",1,1,0
"S00099960",0,0,0
"S00099961",0,0,0
"S00099962",0,0,0
"S00099963",0,0,0
"S00099964",2,0,2
"S00099965",1,1,0
"S00099966",1,1,0
"S00099967",0,0,0
"S00099968",1,0,1
"S00099969",0,0,0
"S00099970",1,0,1
"S00099971",2,1,1
"S00099972",1,1,0
"S00099973",3,0,3
"S00099974",0,0,0
"S00099975",0,0,0
"S00099976",0,0,0
"S00099977",0,0,0
"S00099978",2,1,1
"S00099979",0,0,0
"S00099980",0,0,0
"S00099981",0,0,0
"S00099982",0,0,0
"S00099983",0,0,0
"S00099984",1,1,0
"S00099985",0,0,0
"S00099986",0,0,0
"S00099987",1,1,0
"S00099988",0,0,0
"S00099989",4,1,3
"S00099990",0,0,0
"S00099991",0,0,0
"S00099992",4,3,1
"S00099993",1,1,0
"S00099994",0,0,0
"S00099995",0,0,0
"S00099996",2,1,1
"S00099997",2,0,2
"S00099998",1,1,0
"S00099999",0,0,0
"S00100000",0,0,0
"S00100001",1,0,1
"S00100002",0,0,0
"S00100003",1,1,0
"S00100004",1,0,1
"S00100005",0,0,0
"S00100006",0,0,0
"S00100007",1,1,0
"S00100008",0,0,0
"S00100009",2,1,1
"S00100010",1,0,1
"S00100011",1,0,1
"S00100012",1,0,1
"S00100013",1,0,1
"S00100014",0,0,0
"S00100015",0,0,0
"S00100016",0,0,0
"S00100017",1,0,1
"S00100018",2,1,1
"S00100019",1,0,1
"S00100020",0,0,0
"S00100021",2,0,2
"S00100022",0,0,0
"S00100023",1,0,1
"S00100024",1,1,0
"S00100025",0,0,0
"S00100026",0,0,0
"S00100027",0,0,0
"S00100028",1,0,1
"S00100029",0,0,0
"S00100030",1,0,1
"S00100031",0,0,0
"S00100032",0,0,0
"S00100033",1,1,0
"S00100034",0,0,0
"S00100035",0,0,0
"S00100036",0,0,0
"S00100037",1,0,1
"S00100038",0,0,0
"S00100039",2,2,0
"S00100040",0,0,0
"S00100041",0,0,0
"S00100042",0,0,0
"S00100043",0,0,0
"S00100044",0,0,0
"S00100045",0,0,0
"S00100046",0,0,0
"S00100047",0,0,0
"S00100048",0,0,0
"S00100049",2,1,1
"S00100050",0,0,0
"S00100051",0,0,0
"S00100052",1,1,0
"S00100053",0,0,0
"S00100054",0,0,0
"S00100055",2,2,0
"S00100056",0,0,0
"S00100057",0,0,0
"S00100058",0,0,0
"S00100059",0,0,0
"S00100060",0,0,0
"S00100061",0,0,0
"S00100062",0,0,0
"S00100063",1,1,0
"S00100064",0,0,0
"S00100065",0,0,0
"S00100066",0,0,0
"S00100067",0,0,0
"S00100068",0,0,0
"S00100069",1,0,1
"S00100070",0,0,0
"S00100071",0,0,0
"S00100072",2,1,1
"S00100073",0,0,0
"S00100074",2,2,0
"S00100075",0,0,0
"S00100076",0,0,0
"S00100077",0,0,0
"S00100078",1,0,1
"S00100079",0,0,0
"S00100080",1,0,1
"S00100081",1,0,1
"S00100082",0,0,0
"S00100083",1,0,1
"S00100084",2,1,1
"S00100085",2,1,1
"S00100086",1,0,1
"S00100087",0,0,0
"S00100088",1,0,1
"S00100089",0,0,0
"S00100090",1,0,1
"S00100091",1,0,1
"S00100092",2,0,2
"S00100093",1,1,0
"S00100094",2,1,1
"S00100095",0,0,0
"S00100096",0,0,0
"S00100097",0,0,0
"S00100098",0,0,0
"S00100099",1,0,1
"S00100100",0,0,0
"S00100101",0,0,0
"S00100102",1,1,0
"S00100103",0,0,0
"S00100104",0,0,0
"S00100105",0,0,0
"S00100106",1,1,0
"S00100107",0,0,0
"S00100108",2,0,2
"S00100109",1,1,0
"S00100110",0,0,0
"S00100111",0,0,0
"S00100112",5,2,3
"S00100113",1,0,1
"S00100114",0,0,0
"S00100115",1,1,0
"S00100116",1,1,0
"S00100117",1,1,0
"S00100118",1,0,1
"S00100119",1,1,0
"S00100120",0,0,0
"S00100121",3,1,2
"S00100122",2,0,2
"S00100123",1,0,1
"S00100124",3,2,1
"S00100125",5,1,4
"S00100126",0,0,0
"S00100127",0,0,0
"S00100128",0,0,0
"S00100129",2,0,2
"S00100130",1,0,1
"S00100131",1,0,1
"S00100132",0,0,0
"S00100133",1,0,1
"S00100134",0,0,0
"S00100135",1,1,0
"S00100136",0,0,0
"S00100137",2,0,2
"S00100138",0,0,0
"S00100139",0,0,0
"S00100140",0,0,0
"S00100141",0,0,0
"S00100142",0,0,0
"S00100143",0,0,0
"S00100144",0,0,0
"S00100145",0,0,0
"S00100146",0,0,0
"S00100147",2,0,2
"S00100148",1,0,1
"S00100149",0,0,0
"S00100150",0,0,0
"S00100151",1,0,1
"S00100152",1,1,0
"S00100153",1,1,0
"S00100154",0,0,0
"S00100155",0,0,0
"S00100156",0,0,0
"S00100157",0,0,0
"S00100158",0,0,0
"S00100159",0,0,0
"S00100160",0,0,0
"S00100161",0,0,0
"S00100162",2,0,2
"S00100163",1,0,1
"S00100164",1,1,0
"S00100165",0,0,0
"S00100166",0,0,0
"S00100167",0,0,0
"S00100168",0,0,0
"S00100169",0,0,0
"S00100170",0,0,0
"S00100171",0,0,0
"S00100172",0,0,0
"S00100173",0,0,0
"S00100174",0,0,0
"S00100175",0,0,0
"S00100176",0,0,0
"S00100177",0,0,0
"S00100178",0,0,0
"S00100179",1,0,1
"S00100180",1,1,0
"S00100181",0,0,0
"S00100182",1,1,0
"S00100183",1,0,1
"S00100184",2,0,2
"S00100185",1,0,1
"S00100186",2,1,1
"S00100187",0,0,0
"S00100188",0,0,0
"S00100189",1,0,1
"S00100190",0,0,0
"S00100191",0,0,0
"S00100192",0,0,0
"S00100193",2,1,1
"S00100194",0,0,0
"S00100195",0,0,0
"S00100196",0,0,0
"S00100197",0,0,0
"S00100198",0,0,0
"S00100199",0,0,0
"S00100200",1,0,1
"S00100201",0,0,0
"S00100202",0,0,0
"S00100203",1,1,0
"S00100204",0,0,0
"S00100205",0,0,0
"S00100206",0,0,0
"S00100207",0,0,0
"S00100208",0,0,0
"S00100209",0,0,0
"S00100210",2,1,1
"S00100211",0,0,0
"S00100212",2,0,2
"S00100213",0,0,0
"S00100214",2,2,0
"S00100215",2,2,0
"S00100216",2,1,1
"S00100217",0,0,0
"S00100218",0,0,0
"S00100219",0,0,0
"S00100220",0,0,0
"S00100221",0,0,0
"S00100222",0,0,0
"S00100223",1,1,0
"S00100224",0,0,0
"S00100225",1,1,0
"S00100226",0,0,0
"S00100227",0,0,0
"S00100228",0,0,0
"S00100229",0,0,0
"S00100230",0,0,0
"S00100231",0,0,0
"S00100232",0,0,0
"S00100233",0,0,0
"S00100234",0,0,0
"S00100235",1,1,0
"S00100236",0,0,0
"S00100237",0,0,0
"S00100238",0,0,0
"S00100239",2,0,2
"S00100240",0,0,0
"S00100241",0,0,0
"S00100242",2,1,1
"S00100243",0,0,0
"S00100244",0,0,0
"S00100245",1,1,0
"S00100246",2,1,1
"S00100247",0,0,0
"S00100248",1,0,1
"S00100249",0,0,0
"S00100250",1,0,1
"S00100251",0,0,0
"S00100252",0,0,0
"S00100253",0,0,0
"S00100254",0,0,0
"S00100255",0,0,0
"S00100256",0,0,0
"S00100257",0,0,0
"S00100258",0,0,0
"S00100259",0,0,0
"S00100260",0,0,0
"S00100261",0,0,0
"S00100262",0,0,0
"S00100263",2,1,1
"S00100264",1,0,1
"S00100265",0,0,0
"S00100266",1,0,1
"S00100267",0,0,0
"S00100268",0,0,0
"S00100269",1,1,0
"S00100270",0,0,0
"S00100271",1,1,0
"S00100272",0,0,0
"S00100273",0,0,0
"S00100274",0,0,0
"S00100275",0,0,0
"S00100276",1,1,0
"S00100277",0,0,0
"S00100278",0,0,0
"S00100279",0,0,0
"S00100280",0,0,0
"S00100281",0,0,0
"S00100282",1,1,0
"S00100283",1,0,1
"S00100284",0,0,0
"S00100285",0,0,0
"S00100286",1,0,1
"S00100287",0,0,0
"S00100288",3,2,1
"S00100289",0,0,0
"S00100290",0,0,0
"S00100291",0,0,0
"S00100292",1,0,1
"S00100293",0,0,0
"S00100294",0,0,0
"S00100295",2,1,1
"S00100296",0,0,0
"S00100297",0,0,0
"S00100298",0,0,0
"S00100299",0,0,0
"S00100300",0,0,0
"S00100301",0,0,0
"S00100302",0,0,0
"S00100303",0,0,0
"S00100304",3,1,2
"S00100305",0,0,0
"S00100306",1,1,0
"S00100307",3,3,0
"S00100308",0,0,0
"S00100309",1,1,0
"S00100310",0,0,0
"S00100311",3,2,1
"S00100312",1,0,1
"S00100313",1,1,0
"S00100314",1,0,1
"S00100315",3,2,1
"S00100316",0,0,0
"S00100317",0,0,0
"S00100318",0,0,0
"S00100319",1,0,1
"S00100320",0,0,0
"S00100321",0,0,0
"S00100322",0,0,0
"S00100323",0,0,0
"S00100324",1,0,1
"S00100325",0,0,0
"S00100326",1,0,1
"S00100327",2,1,1
"S00100328",0,0,0
"S00100329",0,0,0
"S00100330",1,0,1
"S00100331",0,0,0
"S00100332",0,0,0
"S00100333",0,0,0
"S00100334",1,0,1
"S00100335",0,0,0
"S00100336",0,0,0
"S00100337",0,0,0
"S00100338",1,0,1
"S00100339",0,0,0
"S00100340",0,0,0
"S00100341",0,0,0
"S00100342",0,0,0
"S00100343",0,0,0
"S00100344",1,1,0
"S00100345",1,1,0
"S00100346",0,0,0
"S00100347",0,0,0
"S00100348",0,0,0
"S00100349",1,0,1
"S00100350",0,0,0
"S00100351",0,0,0
"S00100352",0,0,0
"S00100353",1,1,0
"S00100354",0,0,0
"S00100355",0,0,0
"S00100356",0,0,0
"S00100357",0,0,0
"S00100358",1,1,0
"S00100359",3,1,2
"S00100360",0,0,0
"S00100361",0,0,0
"S00100362",0,0,0
"S00100363",0,0,0
"S00100364",0,0,0
"S00100365",0,0,0
"S00100366",1,0,1
"S00100367",0,0,0
"S00100368",0,0,0
"S00100369",0,0,0
"S00100370",0,0,0
"S00100371",0,0,0
"S00100372",0,0,0
"S00100373",0,0,0
"S00100374",0,0,0
"S00100375",0,0,0
"S00100376",1,1,0
"S00100377",0,0,0
"S00100378",0,0,0
"S00100379",0,0,0
"S00100380",0,0,0
"S00100381",0,0,0
"S00100382",0,0,0
"S00100383",1,1,0
"S00100384",0,0,0
"S00100385",1,0,1
"S00100386",2,2,0
"S00100387",0,0,0
"S00100388",0,0,0
"S00100389",0,0,0
"S00100390",0,0,0
"S00100391",0,0,0
"S00100392",0,0,0
"S00100393",1,1,0
"S00100394",0,0,0
"S00100395",0,0,0
"S00100396",0,0,0
"S00100397",0,0,0
"S00100398",4,4,0
"S00100399",0,0,0
"S00100400",0,0,0
"S00100401",0,0,0
"S00100402",0,0,0
"S00100403",0,0,0
"S00100404",0,0,0
"S00100405",0,0,0
"S00100406",1,0,1
"S00100407",0,0,0
"S00100408",0,0,0
"S00100409",0,0,0
"S00100410",0,0,0
"S00100411",0,0,0
"S00100412",1,0,1
"S00100413",1,0,1
"S00100414",0,0,0
"S00100415",0,0,0
"S00100416",0,0,0
"S00100417",1,0,1
"S00100418",0,0,0
"S00100419",0,0,0
"S00100420",0,0,0
"S00100421",1,1,0
"S00100422",0,0,0
"S00100423",0,0,0
"S00100424",0,0,0
"S00100425",0,0,0
"S00100426",1,0,1
"S00100427",1,1,0
"S00100428",2,0,2
"S00100429",0,0,0
"S00100430",0,0,0
"S00100431",0,0,0
"S00100432",0,0,0
"S00100433",0,0,0
"S00100434",0,0,0
"S00100435",0,0,0
"S00100436",0,0,0
"S00100437",2,2,0
"S00100438",0,0,0
"S00100439",0,0,0
"S00100440",0,0,0
"S00100441",2,1,1
"S00100442",0,0,0
"S00100443",0,0,0
"S00100444",0,0,0
"S00100445",0,0,0
"S00100446",0,0,0
"S00100447",0,0,0
"S00100448",0,0,0
"S00100449",2,1,1
"S00100450",1,1,0
"S00100451",0,0,0
"S00100452",0,0,0
"S00100453",1,1,0
"S00100454",1,1,0
"S00100455",0,0,0
"S00100456",1,1,0
"S00100457",0,0,0
"S00100458",1,0,1
"S00100459",0,0,0
"S00100460",0,0,0
"S00100461",0,0,0
"S00100462",0,0,0
"S00100463",0,0,0
"S00100464",1,1,0
"S00100465",0,0,0
"S00100466",1,0,1
"S00100467",0,0,0
"S00100468",0,0,0
"S00100469",1,0,1
"S00100470",1,0,1
"S00100471",0,0,0
"S00100472",0,0,0
"S00100473",0,0,0
"S00100474",0,0,0
"S00100475",2,0,2
"S00100476",0,0,0
"S00100477",1,0,1
"S00100478",1,0,1
"S00100479",1,0,1
"S00100480",0,0,0
"S00100481",1,1,0
"S00100482",2,2,0
"S00100483",2,0,2
"S00100484",0,0,0
"S00100485",0,0,0
"S00100486",0,0,0
"S00100487",0,0,0
"S00100488",0,0,0
"S00100489",0,0,0
"S00100490",1,0,1
"S00100491",0,0,0
"S00100492",0,0,0
"S00100493",1,0,1
"S00100494",1,0,1
"S00100495",0,0,0
"S00100496",0,0,0
"S00100497",2,0,2
"S00100498",4,3,1
"S00100499",0,0,0
"S00100500",0,0,0
"S00100501",1,1,0
"S00100502",0,0,0
"S00100503",3,2,1
"S00100504",0,0,0
"S00100505",0,0,0
"S00100506",0,0,0
"S00100507",0,0,0
"S00100508",1,1,0
"S00100509",0,0,0
"S00100510",1,0,1
"S00100511",0,0,0
"S00100512",0,0,0
"S00100513",0,0,0
"S00100514",0,0,0
"S00100515",0,0,0
"S00100516",0,0,0
"S00100517",0,0,0
"S00100518",1,1,0
"S00100519",0,0,0
"S00100520",0,0,0
"S00100521",0,0,0
"S00100522",0,0,0
"S00100523",0,0,0
"S00100524",1,0,1
"S00100525",0,0,0
"S00100526",2,2,0
"S00100527",1,1,0
"S00100528",0,0,0
"S00100529",0,0,0
"S00100530",0,0,0
"S00100531",0,0,0
"S00100532",0,0,0
"S00100533",0,0,0
"S00100534",0,0,0
"S00100535",1,0,1
"S00100536",0,0,0
"S00100537",3,1,2
"S00100538",2,2,0
"S00100539",1,1,0
"S00100540",0,0,0
"S00100541",0,0,0
"S00100542",1,0,1
"S00100543",1,0,1
"S00100544",1,0,1
"S00100545",0,0,0
"S00100546",1,0,1
"S00100547",0,0,0
"S00100548",0,0,0
"S00100549",0,0,0
"S00100550",0,0,0
"S00100551",1,0,1
"S00100552",0,0,0
"S00100553",0,0,0
"S00100554",0,0,0
"S00100555",1,1,0
"S00100556",0,0,0
"S00100557",0,0,0
"S00100558",1,1,0
"S00100559",2,2,0
"S00100560",0,0,0
"S00100561",0,0,0
"S00100562",1,0,1
"S00100563",0,0,0
"S00100564",0,0,0
"S00100565",1,1,0
"S00100566",0,0,0
"S00100567",0,0,0
"S00100568",0,0,0
"S00100569",0,0,0
"S00100570",0,0,0
"S00100571",1,0,1
"S00100572",0,0,0
"S00100573",0,0,0
"S00100574",0,0,0
"S00100575",1,1,0
"S00100576",0,0,0
"S00100577",1,0,1
"S00100578",4,3,1
"S00100579",1,0,1
"S00100580",6,4,2
"S00100581",0,0,0
"S00100582",1,1,0
"S00100583",1,0,1
"S00100584",0,0,0
"S00100585",1,1,0
"S00100586",1,0,1
"S00100587",0,0,0
"S00100588",0,0,0
"S00100589",0,0,0
"S00100590",0,0,0
"S00100591",0,0,0
"S00100592",0,0,0
"S00100593",0,0,0
"S00100594",0,0,0
"S00100595",0,0,0
"S00100596",0,0,0
"S00100597",0,0,0
"S00100598",3,1,2
"S00100599",1,1,0
"S00100600",0,0,0
"S00100601",0,0,0
"S00100602",1,0,1
"S00100603",1,1,0
"S00100604",0,0,0
"S00100605",0,0,0
"S00100606",0,0,0
"S00100607",0,0,0
"S00100608",1,1,0
"S00100609",0,0,0
"S00100610",2,0,2
"S00100611",0,0,0
"S00100612",0,0,0
"S00100613",0,0,0
"S00100614",2,1,1
"S00100615",0,0,0
"S00100616",0,0,0
"S00100617",2,1,1
"S00100618",0,0,0
"S00100619",0,0,0
"S00100620",0,0,0
"S00100621",1,1,0
"S00100622",0,0,0
"S00100623",2,0,2
"S00100624",2,1,1
"S00100625",1,0,1
"S00100626",1,0,1
"S00100627",0,0,0
"S00100628",0,0,0
"S00100629",0,0,0
"S00100630",0,0,0
"S00100631",1,0,1
"S00100632",0,0,0
"S00100633",0,0,0
"S00100634",2,1,1
"S00100635",2,0,2
"S00100636",2,0,2
"S00100637",0,0,0
"S00100638",0,0,0
"S00100639",0,0,0
"S00100640",0,0,0
"S00100641",1,0,1
"S00100642",0,0,0
"S00100643",1,1,0
"S00100644",2,1,1
"S00100645",0,0,0
"S00100646",0,0,0
"S00100647",0,0,0
"S00100648",0,0,0
"S00100649",1,1,0
"S00100650",0,0,0
"S00100651",4,2,2
"S00100652",3,1,2
"S00100653",0,0,0
"S00100654",0,0,0
"S00100655",1,1,0
"S00100656",3,2,1
"S00100657",1,0,1
"S00100658",2,1,1
"S00100659",4,2,2
"S00100660",0,0,0
"S00100661",0,0,0
"S00100662",0,0,0
"S00100663",2,2,0
"S00100664",0,0,0
"S00100665",0,0,0
"S00100666",2,1,1
"S00100667",0,0,0
"S00100668",1,1,0
"S00100669",2,2,0
"S00100670",0,0,0
"S00100671",0,0,0
"S00100672",0,0,0
"S00100673",1,1,0
"S00100674",0,0,0
"S00100675",1,1,0
"S00100676",0,0,0
"S00100677",1,1,0
"S00100678",1,0,1
"S00100679",0,0,0
"S00100680",2,1,1
"S00100681",0,0,0
"S00100682",0,0,0
"S00100683",0,0,0
"S00100684",1,0,1
"S00100685",2,1,1
"S00100686",1,1,0
"S00100687",1,0,1
"S00100688",1,0,1
"S00100689",1,1,0
"S00100690",1,0,1
"S00100691",0,0,0
"S00100692",0,0,0
"S00100693",0,0,0
"S00100694",0,0,0
"S00100695",0,0,0
"S00100696",0,0,0
"S00100697",0,0,0
"S00100698",0,0,0
"S00100699",1,0,1
"S00100700",0,0,0
"S00100701",0,0,0
"S00100702",0,0,0
"S00100703",1,0,1
"S00100704",0,0,0
"S00100705",0,0,0
"S00100706",0,0,0
"S00100707",0,0,0
"S00100708",0,0,0
"S00100709",0,0,0
"S00100710",0,0,0
"S00100711",2,2,0
"S00100712",0,0,0
"S00100713",1,1,0
"S00100714",0,0,0
"S00100715",1,0,1
"S00100716",1,1,0
"S00100717",0,0,0
"S00100718",0,0,0
"S00100719",0,0,0
"S00100720",0,0,0
"S00100721",0,0,0
"S00100722",1,0,1
"S00100723",0,0,0
"S00100724",0,0,0
"S00100725",0,0,0
"S00100726",0,0,0
"S00100727",0,0,0
"S00100728",0,0,0
"S00100729",0,0,0
"S00100730",0,0,0
"S00100731",0,0,0
"S00100732",0,0,0
"S00100733",0,0,0
"S00100734",0,0,0
"S00100735",0,0,0
"S00100736",2,1,1
"S00100737",0,0,0
"S00100738",0,0,0
"S00100739",3,3,0
"S00100740",7,3,4
"S00100741",0,0,0
"S00100742",0,0,0
"S00100743",1,1,0
"S00100744",1,1,0
"S00100745",1,0,1
"S00100746",1,0,1
"S00100747",0,0,0
"S00100748",0,0,0
"S00100749",0,0,0
"S00100750",1,1,0
"S00100751",0,0,0
"S00100752",0,0,0
"S00100753",0,0,0
"S00100754",1,1,0
"S00100755",0,0,0
"S00100756",0,0,0
"S00100757",1,1,0
"S00100758",0,0,0
"S00100759",0,0,0
"S00100760",1,1,0
"S00100761",1,1,0
"S00100762",0,0,0
"S00100763",0,0,0
"S00100764",0,0,0
"S00100765",0,0,0
"S00100766",0,0,0
"S00100767",1,1,0
"S00100768",1,1,0
"S00100769",1,0,1
"S00100770",0,0,0
"S00100771",1,0,1
"S00100772",1,1,0
"S00100773",1,1,0
"S00100774",1,0,1
"S00100775",2,1,1
"S00100776",6,3,3
"S00100777",1,1,0
"S00100778",1,1,0
"S00100779",0,0,0
"S00100780",1,1,0
"S00100781",0,0,0
"S00100782",1,1,0
"S00100783",0,0,0
"S00100784",0,0,0
"S00100785",0,0,0
"S00100786",2,1,1
"S00100787",0,0,0
"S00100788",0,0,0
"S00100789",0,0,0
"S00100790",0,0,0
"S00100791",0,0,0
"S00100792",4,2,2
"S00100793",0,0,0
"S00100794",0,0,0
"S00100795",0,0,0
"S00100796",0,0,0
"S00100797",0,0,0
"S00100798",0,0,0
"S00100799",0,0,0
"S00100800",0,0,0
"S00100801",0,0,0
"S00100802",0,0,0
"S00100803",0,0,0
"S00100804",0,0,0
"S00100805",0,0,0
"S00100806",0,0,0
"S00100807",0,0,0
"S00100808",1,1,0
"S00100809",2,1,1
"S00100810",1,1,0
"S00100811",1,1,0
"S00100812",0,0,0
"S00100813",0,0,0
"S00100814",0,0,0
"S00100815",2,2,0
"S00100816",0,0,0
"S00100817",0,0,0
"S00100818",3,1,2
"S00100819",3,2,1
"S00100820",0,0,0
"S00100821",1,0,1
"S00100822",0,0,0
"S00100823",2,0,2
"S00100824",0,0,0
"S00100825",0,0,0
"S00100826",0,0,0
"S00100827",0,0,0
"S00100828",1,0,1
"S00100829",1,0,1
"S00100830",0,0,0
"S00100831",0,0,0
"S00100832",0,0,0
"S00100833",1,1,0
"S00100834",4,1,3
"S00100835",0,0,0
"S00100836",1,0,1
"S00100837",0,0,0
"S00100838",0,0,0
"S00100839",1,0,1
"S00100840",1,1,0
"S00100841",0,0,0
"S00100842",0,0,0
"S00100843",0,0,0
"S00100844",1,0,1
"S00100845",2,0,2
"S00100846",0,0,0
"S00100847",3,1,2
"S00100848",0,0,0
"S00100849",1,1,0
"S00100850",4,1,3
"S00100851",0,0,0
"S00100852",4,4,0
"S00100853",1,0,1
"S00100854",0,0,0
"S00100855",0,0,0
"S00100856",2,0,2
"S00100857",0,0,0
"S00100858",0,0,0
"S00100859",0,0,0
"S00100860",0,0,0
"S00100861",2,1,1
"S00100862",1,0,1
"S00100863",1,0,1
"S00100864",1,0,1
"S00100865",0,0,0
"S00100866",1,0,1
"S00100867",0,0,0
"S00100868",0,0,0
"S00100869",0,0,0
"S00100870",2,2,0
"S00100871",0,0,0
"S00100872",0,0,0
"S00100873",0,0,0
"S00100874",1,0,1
"S00100875",2,0,2
"S00100876",5,1,4
"S00100877",2,0,2
"S00100878",1,0,1
"S00100879",0,0,0
"S00100880",4,3,1
"S00100881",0,0,0
"S00100882",0,0,0
"S00100883",1,1,0
"S00100884",0,0,0
"S00100885",0,0,0
"S00100886",1,0,1
"S00100887",0,0,0
"S00100888",0,0,0
"S00100889",1,0,1
"S00100890",2,1,1
"S00100891",0,0,0
"S00100892",1,0,1
"S00100893",4,1,3
"S00100894",1,0,1
"S00100895",0,0,0
"S00100896",3,1,2
"S00100897",0,0,0
"S00100898",3,2,1
"S00100899",1,0,1
"S00100900",1,1,0
"S00100901",0,0,0
"S00100902",1,1,0
"S00100903",1,0,1
"S00100904",0,0,0
"S00100905",0,0,0
"S00100906",1,1,0
"S00100907",0,0,0
"S00100908",0,0,0
"S00100909",3,1,2
"S00100910",1,1,0
"S00100911",4,2,2
"S00100912",0,0,0
"S00100913",0,0,0
"S00100914",0,0,0
"S00100915",0,0,0
"S00100916",0,0,0
"S00100917",0,0,0
"S00100918",2,0,2
"S00100919",2,1,1
"S00100920",3,1,2
"S00100921",0,0,0
"S00100922",0,0,0
"S00100923",0,0,0
"S00100924",0,0,0
"S00100925",0,0,0
"S00100926",2,1,1
"S00100927",0,0,0
"S00100928",3,1,2
"S00100929",2,1,1
"S00100930",2,1,1
"S00100931",4,1,3
"S00100932",1,0,1
"S00100933",1,1,0
"S00100934",0,0,0
"S00100935",0,0,0
"S00100936",0,0,0
"S00100937",0,0,0
"S00100938",0,0,0
"S00100939",0,0,0
"S00100940",0,0,0
"S00100941",1,1,0
"S00100942",1,1,0
"S00100943",2,2,0
"S00100944",0,0,0
"S00100945",3,1,2
"S00100946",2,1,1
"S00100947",0,0,0
"S00100948",2,1,1
"S00100949",1,0,1
"S00100950",0,0,0
"S00100951",1,1,0
"S00100952",2,0,2
"S00100953",0,0,0
"S00100954",0,0,0
"S00100955",2,2,0
"S00100956",1,0,1
"S00100957",1,0,1
"S00100958",0,0,0
"S00100959",2,1,1
"S00100960",1,0,1
"S00100961",1,0,1
"S00100962",0,0,0
"S00100963",2,1,1
"S00100964",3,1,2
"S00100965",0,0,0
"S00100966",0,0,0
"S00100967",0,0,0
"S00100968",1,1,0
"S00100969",1,1,0
"S00100970",0,0,0
"S00100971",0,0,0
"S00100972",7,5,2
"S00100973",1,0,1
"S00100974",8,5,3
"S00100975",0,0,0
"S00100976",4,3,1
"S00100977",0,0,0
"S00100978",0,0,0
"S00100979",0,0,0
"S00100980",7,6,1
"S00100981",0,0,0
"S00100982",0,0,0
"S00100983",7,6,1
"S00100984",5,5,0
"S00100985",1,1,0
"S00100986",3,1,2
"S00100987",2,1,1
"S00100988",2,1,1
"S00100989",3,0,3
"S00100990",3,2,1
"S00100991",1,1,0
"S00100992",6,0,6
"S00100993",3,2,1
"S00100994",5,3,2
"S00100995",0,0,0
"S00100996",0,0,0
"S00100997",6,2,4
"S00100998",1,1,0
"S00100999",3,2,1
"S00101000",0,0,0
"S00101001",5,4,1
"S00101002",3,3,0
"S00101003",4,3,1
"S00101004",1,0,1
"S00101005",1,0,1
"S00101006",0,0,0
"S00101007",5,2,3
"S00101008",2,0,2
"S00101009",1,1,0
"S00101010",1,1,0
"S00101011",1,0,1
"S00101012",1,0,1
"S00101013",0,0,0
"S00101014",0,0,0
"S00101015",0,0,0
"S00101016",1,0,1
"S00101017",2,1,1
"S00101018",0,0,0
"S00101019",1,0,1
"S00101020",0,0,0
"S00101021",0,0,0
"S00101022",1,0,1
"S00101023",1,0,1
"S00101024",2,1,1
"S00101025",4,4,0
"S00101026",4,1,3
"S00101027",8,5,3
"S00101028",7,1,6
"S00101029",1,0,1
"S00101030",8,3,5
"S00101031",7,4,3
"S00101032",3,1,2
"S00101033",3,2,1
"S00101034",9,3,6
"S00101035",4,2,2
"S00101036",6,3,3
"S00101037",1,0,1
"S00101038",1,0,1
"S00101039",4,2,2
"S00101040",3,1,2
"S00101041",2,1,1
"S00101042",3,2,1
"S00101043",3,2,1
"S00101044",0,0,0
"S00101045",0,0,0
"S00101046",3,2,1
"S00101047",0,0,0
"S00101048",0,0,0
"S00101049",0,0,0
"S00101050",0,0,0
"S00101051",0,0,0
"S00101052",0,0,0
"S00101053",0,0,0
"S00101054",1,0,1
"S00101055",0,0,0
"S00101056",1,0,1
"S00101057",1,0,1
"S00101058",2,0,2
"S00101059",0,0,0
"S00101060",0,0,0
"S00101061",2,2,0
"S00101062",1,1,0
"S00101063",0,0,0
"S00101064",0,0,0
"S00101065",0,0,0
"S00101066",1,0,1
"S00101067",1,1,0
"S00101068",0,0,0
"S00101069",0,0,0
"S00101070",1,0,1
"S00101071",0,0,0
"S00101072",0,0,0
"S00101073",0,0,0
"S00101074",1,1,0
"S00101075",0,0,0
"S00101076",1,0,1
"S00101077",1,0,1
"S00101078",0,0,0
"S00101079",2,1,1
"S00101080",2,1,1
"S00101081",0,0,0
"S00101082",0,0,0
"S00101083",0,0,0
"S00101084",0,0,0
"S00101085",0,0,0
"S00101086",0,0,0
"S00101087",0,0,0
"S00101088",0,0,0
"S00101089",1,1,0
"S00101090",0,0,0
"S00101091",0,0,0
"S00101092",0,0,0
"S00101093",0,0,0
"S00101094",0,0,0
"S00101095",0,0,0
"S00101096",0,0,0
"S00101097",0,0,0
"S00101098",2,1,1
"S00101099",0,0,0
"S00101100",0,0,0
"S00101101",1,1,0
"S00101102",0,0,0
"S00101103",0,0,0
"S00101104",1,1,0
"S00101105",0,0,0
"S00101106",0,0,0
"S00101107",2,0,2
"S00101108",0,0,0
"S00101109",0,0,0
"S00101110",0,0,0
"S00101111",0,0,0
"S00101112",3,2,1
"S00101113",1,1,0
"S00101114",0,0,0
"S00101115",1,0,1
"S00101116",0,0,0
"S00101117",1,0,1
"S00101118",0,0,0
"S00101119",1,0,1
"S00101120",3,3,0
"S00101121",0,0,0
"S00101122",0,0,0
"S00101123",0,0,0
"S00101124",0,0,0
"S00101125",0,0,0
"S00101126",1,1,0
"S00101127",1,1,0
"S00101128",0,0,0
"S00101129",1,1,0
"S00101130",0,0,0
"S00101131",0,0,0
"S00101132",0,0,0
"S00101133",0,0,0
"S00101134",0,0,0
"S00101135",0,0,0
"S00101136",0,0,0
"S00101137",1,1,0
"S00101138",0,0,0
"S00101139",0,0,0
"S00101140",0,0,0
"S00101141",1,0,1
"S00101142",0,0,0
"S00101143",3,3,0
"S00101144",0,0,0
"S00101145",0,0,0
"S00101146",0,0,0
"S00101147",1,0,1
"S00101148",0,0,0
"S00101149",2,2,0
"S00101150",2,0,2
"S00101151",0,0,0
"S00101152",0,0,0
"S00101153",1,0,1
"S00101154",0,0,0
"S00101155",1,0,1
"S00101156",0,0,0
"S00101157",0,0,0
"S00101158",2,2,0
"S00101159",0,0,0
"S00101160",0,0,0
"S00101161",0,0,0
"S00101162",0,0,0
"S00101163",0,0,0
"S00101164",0,0,0
"S00101165",0,0,0
"S00101166",1,0,1
"S00101167",0,0,0
"S00101168",0,0,0
"S00101169",0,0,0
"S00101170",0,0,0
"S00101171",0,0,0
"S00101172",2,1,1
"S00101173",0,0,0
"S00101174",0,0,0
"S00101175",1,1,0
"S00101176",1,0,1
"S00101177",1,0,1
"S00101178",0,0,0
"S00101179",0,0,0
"S00101180",3,1,2
"S00101181",1,1,0
"S00101182",3,1,2
"S00101183",0,0,0
"S00101184",1,1,0
"S00101185",2,0,2
"S00101186",1,0,1
"S00101187",1,1,0
"S00101188",0,0,0
"S00101189",0,0,0
"S00101190",1,0,1
"S00101191",0,0,0
"S00101192",0,0,0
"S00101193",0,0,0
"S00101194",0,0,0
"S00101195",0,0,0
"S00101196",1,1,0
"S00101197",0,0,0
"S00101198",0,0,0
"S00101199",2,1,1
"S00101200",0,0,0
"S00101201",0,0,0
"S00101202",1,0,1
"S00101203",0,0,0
"S00101204",2,1,1
"S00101205",0,0,0
"S00101206",0,0,0
"S00101207",0,0,0
"S00101208",0,0,0
"S00101209",1,0,1
"S00101210",2,0,2
"S00101211",2,1,1
"S00101212",1,0,1
"S00101213",0,0,0
"S00101214",0,0,0
"S00101215",1,0,1
"S00101216",1,1,0
"S00101217",0,0,0
"S00101218",2,1,1
"S00101219",2,0,2
"S00101220",0,0,0
"S00101221",3,2,1
"S00101222",1,0,1
"S00101223",0,0,0
"S00101224",0,0,0
"S00101225",5,2,3
"S00101226",3,2,1
"S00101227",0,0,0
"S00101228",0,0,0
"S00101229",0,0,0
"S00101230",0,0,0
"S00101231",2,2,0
"S00101232",0,0,0
"S00101233",4,4,0
"S00101234",0,0,0
"S00101235",3,0,3
"S00101236",2,1,1
"S00101237",1,1,0
"S00101238",4,2,2
"S00101239",0,0,0
"S00101240",0,0,0
"S00101241",2,1,1
"S00101242",0,0,0
"S00101243",0,0,0
"S00101244",0,0,0
"S00101245",0,0,0
"S00101246",0,0,0
"S00101247",1,1,0
"S00101248",3,3,0
"S00101249",0,0,0
"S00101250",2,1,1
"S00101251",0,0,0
"S00101252",0,0,0
"S00101253",0,0,0
"S00101254",3,1,2
"S00101255",0,0,0
"S00101256",1,1,0
"S00101257",0,0,0
"S00101258",0,0,0
"S00101259",0,0,0
"S00101260",0,0,0
"S00101261",1,1,0
"S00101262",1,0,1
"S00101263",0,0,0
"S00101264",0,0,0
"S00101265",0,0,0
"S00101266",0,0,0
"S00101267",0,0,0
"S00101268",1,1,0
"S00101269",0,0,0
"S00101270",0,0,0
"S00101271",2,1,1
"S00101272",0,0,0
"S00101273",0,0,0
"S00101274",3,1,2
"S00101275",3,3,0
"S00101276",2,1,1
"S00101277",1,1,0
"S00101278",0,0,0
"S00101279",1,1,0
"S00101280",0,0,0
"S00101281",0,0,0
"S00101282",1,1,0
"S00101283",0,0,0
"S00101284",2,1,1
"S00101285",0,0,0
"S00101286",2,0,2
"S00101287",0,0,0
"S00101288",0,0,0
"S00101289",0,0,0
"S00101290",1,0,1
"S00101291",6,4,2
"S00101292",4,1,3
"S00101293",2,0,2
"S00101294",1,1,0
"S00101295",0,0,0
"S00101296",4,2,2
"S00101297",0,0,0
"S00101298",1,0,1
"S00101299",1,0,1
"S00101300",0,0,0
"S00101301",1,0,1
"S00101302",0,0,0
"S00101303",2,1,1
"S00101304",0,0,0
"S00101305",1,0,1
"S00101306",1,1,0
"S00101307",0,0,0
"S00101308",0,0,0
"S00101309",0,0,0
"S00101310",0,0,0
"S00101311",0,0,0
"S00101312",0,0,0
"S00101313",0,0,0
"S00101314",0,0,0
"S00101315",1,1,0
"S00101316",1,1,0
"S00101317",0,0,0
"S00101318",0,0,0
"S00101319",0,0,0
"S00101320",0,0,0
"S00101321",0,0,0
"S00101322",1,1,0
"S00101323",0,0,0
"S00101324",0,0,0
"S00101325",0,0,0
"S00101326",0,0,0
"S00101327",0,0,0
"S00101328",0,0,0
"S00101329",0,0,0
"S00101330",0,0,0
"S00101331",2,0,2
"S00101332",1,1,0
"S00101333",0,0,0
"S00101334",0,0,0
"S00101335",0,0,0
"S00101336",0,0,0
"S00101337",0,0,0
"S00101338",0,0,0
"S00101339",0,0,0
"S00101340",1,0,1
"S00101341",2,0,2
"S00101342",0,0,0
"S00101343",0,0,0
"S00101344",0,0,0
"S00101345",0,0,0
"S00101346",0,0,0
"S00101347",0,0,0
"S00101348",0,0,0
"S00101349",0,0,0
"S00101350",0,0,0
"S00101351",0,0,0
"S00101352",0,0,0
"S00101353",0,0,0
"S00101354",0,0,0
"S00101355",0,0,0
"S00101356",0,0,0
"S00101357",0,0,0
"S00101358",0,0,0
"S00101359",0,0,0
"S00101360",0,0,0
"S00101361",1,0,1
"S00101362",0,0,0
"S00101363",0,0,0
"S00101364",1,0,1
"S00101365",0,0,0
"S00101366",0,0,0
"S00101367",0,0,0
"S00101368",0,0,0
"S00101369",0,0,0
"S00101370",0,0,0
"S00101371",1,0,1
"S00101372",0,0,0
"S00101373",1,1,0
"S00101374",1,1,0
"S00101375",0,0,0
"S00101376",0,0,0
"S00101377",0,0,0
"S00101378",0,0,0
"S00101379",0,0,0
"S00101380",1,0,1
"S00101381",2,1,1
"S00101382",0,0,0
"S00101383",0,0,0
"S00101384",0,0,0
"S00101385",0,0,0
"S00101386",1,1,0
"S00101387",0,0,0
"S00101388",1,0,1
"S00101389",2,1,1
"S00101390",0,0,0
"S00101391",0,0,0
"S00101392",0,0,0
"S00101393",0,0,0
"S00101394",2,1,1
"S00101395",1,0,1
"S00101396",0,0,0
"S00101397",1,1,0
"S00101398",1,1,0
"S00101399",2,1,1
"S00101400",2,1,1
"S00101401",2,2,0
"S00101402",3,2,1
"S00101403",0,0,0
"S00101404",0,0,0
"S00101405",0,0,0
"S00101406",0,0,0
"S00101407",0,0,0
"S00101408",0,0,0
"S00101409",0,0,0
"S00101410",1,0,1
"S00101411",0,0,0
"S00101412",0,0,0
"S00101413",0,0,0
"S00101414",0,0,0
"S00101415",0,0,0
"S00101416",0,0,0
"S00101417",2,1,1
"S00101418",0,0,0
"S00101419",0,0,0
"S00101420",0,0,0
"S00101421",0,0,0
"S00101422",0,0,0
"S00101423",0,0,0
"S00101424",0,0,0
"S00101425",1,0,1
"S00101426",0,0,0
"S00101427",0,0,0
"S00101428",0,0,0
"S00101429",0,0,0
"S00101430",2,2,0
"S00101431",2,1,1
"S00101432",2,1,1
"S00101433",0,0,0
"S00101434",0,0,0
"S00101435",1,1,0
"S00101436",3,1,2
"S00101437",0,0,0
"S00101438",2,1,1
"S00101439",0,0,0
"S00101440",0,0,0
"S00101441",3,2,1
"S00101442",1,1,0
"S00101443",0,0,0
"S00101444",0,0,0
"S00101445",0,0,0
"S00101446",0,0,0
"S00101447",1,1,0
"S00101448",0,0,0
"S00101449",2,0,2
"S00101450",0,0,0
"S00101451",4,4,0
"S00101452",3,2,1
"S00101453",3,1,2
"S00101454",4,1,3
"S00101455",3,2,1
"S00101456",3,3,0
"S00101457",1,0,1
"S00101458",1,0,1
"S00101459",1,0,1
"S00101460",1,0,1
"S00101461",7,1,6
"S00101462",2,2,0
"S00101463",5,5,0
"S00101464",1,0,1
"S00101465",1,0,1
"S00101466",0,0,0
"S00101467",1,1,0
"S00101468",0,0,0
"S00101469",0,0,0
"S00101470",0,0,0
"S00101471",1,0,1
"S00101472",1,1,0
"S00101473",2,0,2
"S00101474",0,0,0
"S00101475",4,1,3
"S00101476",1,1,0
"S00101477",1,0,1
"S00101478",1,1,0
"S00101479",1,0,1
"S00101480",2,1,1
"S00101481",0,0,0
"S00101482",0,0,0
"S00101483",1,0,1
"S00101484",0,0,0
"S00101485",4,3,1
"S00101486",3,0,3
"S00101487",3,1,2
"S00101488",0,0,0
"S00101489",1,1,0
"S00101490",0,0,0
"S00101491",4,1,3
"S00101492",1,0,1
"S00101493",0,0,0
"S00101494",1,1,0
"S00101495",3,1,2
"S00101496",1,1,0
"S00101497",0,0,0
"S00101498",0,0,0
"S00101499",0,0,0
"S00101500",0,0,0
"S00101501",0,0,0
"S00101502",0,0,0
"S00101503",0,0,0
"S00101504",0,0,0
"S00101505",2,1,1
"S00101506",2,1,1
"S00101507",1,1,0
"S00101508",0,0,0
"S00101509",3,0,3
"S00101510",0,0,0
"S00101511",2,0,2
"S00101512",0,0,0
"S00101513",1,1,0
"S00101514",1,0,1
"S00101515",0,0,0
"S00101516",1,0,1
"S00101517",1,1,0
"S00101518",1,0,1
"S00101519",0,0,0
"S00101520",0,0,0
"S00101521",0,0,0
"S00101522",0,0,0
"S00101523",0,0,0
"S00101524",0,0,0
"S00101525",0,0,0
"S00101526",2,0,2
"S00101527",1,0,1
"S00101528",0,0,0
"S00101529",1,1,0
"S00101530",0,0,0
"S00101531",0,0,0
"S00101532",1,0,1
"S00101533",0,0,0
"S00101534",0,0,0
"S00101535",0,0,0
"S00101536",0,0,0
"S00101537",0,0,0
"S00101538",0,0,0
"S00101539",0,0,0
"S00101540",0,0,0
"S00101541",1,1,0
"S00101542",2,1,1
"S00101543",0,0,0
"S00101544",0,0,0
"S00101545",0,0,0
"S00101546",0,0,0
"S00101547",1,0,1
"S00101548",0,0,0
"S00101549",0,0,0
"S00101550",0,0,0
"S00101551",1,0,1
"S00101552",2,1,1
"S00101553",2,0,2
"S00101554",0,0,0
"S00101555",0,0,0
"S00101556",1,1,0
"S00101557",6,2,4
"S00101558",0,0,0
"S00101559",3,3,0
"S00101560",0,0,0
"S00101561",0,0,0
"S00101562",2,1,1
"S00101563",0,0,0
"S00101564",0,0,0
"S00101565",4,1,3
"S00101566",3,1,2
"S00101567",1,0,1
"S00101568",0,0,0
"S00101569",0,0,0
"S00101570",0,0,0
"S00101571",1,0,1
"S00101572",0,0,0
"S00101573",0,0,0
"S00101574",0,0,0
"S00101575",0,0,0
"S00101576",0,0,0
"S00101577",1,0,1
"S00101578",8,3,5
"S00101579",0,0,0
"S00101580",2,0,2
"S00101581",0,0,0
"S00101582",0,0,0
"S00101583",2,0,2
"S00101584",1,0,1
"S00101585",0,0,0
"S00101586",0,0,0
"S00101587",1,0,1
"S00101588",0,0,0
"S00101589",7,5,2
"S00101590",0,0,0
"S00101591",0,0,0
"S00101592",0,0,0
"S00101593",0,0,0
"S00101594",2,1,1
"S00101595",0,0,0
"S00101596",1,1,0
"S00101597",0,0,0
"S00101598",0,0,0
"S00101599",0,0,0
"S00101600",0,0,0
"S00101601",1,0,1
"S00101602",0,0,0
"S00101603",0,0,0
"S00101604",2,1,1
"S00101605",0,0,0
"S00101606",0,0,0
"S00101607",0,0,0
"S00101608",4,1,3
"S00101609",0,0,0
"S00101610",0,0,0
"S00101611",0,0,0
"S00101612",1,0,1
"S00101613",0,0,0
"S00101614",0,0,0
"S00101615",0,0,0
"S00101616",0,0,0
"S00101617",0,0,0
"S00101618",1,0,1
"S00101619",0,0,0
"S00101620",0,0,0
"S00101621",0,0,0
"S00101622",1,1,0
"S00101623",0,0,0
"S00101624",0,0,0
"S00101625",1,1,0
"S00101626",1,0,1
"S00101627",0,0,0
"S00101628",2,1,1
"S00101629",0,0,0
"S00101630",0,0,0
"S00101631",0,0,0
"S00101632",1,1,0
"S00101633",5,1,4
"S00101634",1,1,0
"S00101635",0,0,0
"S00101636",2,1,1
"S00101637",0,0,0
"S00101638",0,0,0
"S00101639",1,1,0
"S00101640",3,2,1
"S00101641",6,2,4
"S00101642",1,1,0
"S00101643",0,0,0
"S00101644",0,0,0
"S00101645",4,3,1
"S00101646",3,1,2
"S00101647",4,2,2
"S00101648",0,0,0
"S00101649",2,2,0
"S00101650",0,0,0
"S00101651",1,1,0
"S00101652",1,1,0
"S00101653",1,1,0
"S00101654",2,1,1
"S00101655",2,2,0
"S00101656",0,0,0
"S00101657",0,0,0
"S00101658",1,1,0
"S00101659",3,3,0
"S00101660",3,3,0
"S00101661",3,2,1
"S00101662",3,2,1
"S00101663",2,0,2
"S00101664",4,1,3
"S00101665",0,0,0
"S00101666",0,0,0
"S00101667",0,0,0
"S00101668",0,0,0
"S00101669",0,0,0
"S00101670",0,0,0
"S00101671",0,0,0
"S00101672",1,1,0
"S00101673",1,0,1
"S00101674",3,1,2
"S00101675",1,0,1
"S00101676",1,0,1
"S00101677",2,0,2
"S00101678",2,2,0
"S00101679",0,0,0
"S00101680",1,0,1
"S00101681",0,0,0
"S00101682",0,0,0
"S00101683",9,5,4
"S00101684",8,4,4
"S00101685",5,3,2
"S00101686",2,1,1
"S00101687",5,1,4
"S00101688",5,2,3
"S00101689",0,0,0
"S00101690",4,2,2
"S00101691",0,0,0
"S00101692",0,0,0
"S00101693",0,0,0
"S00101694",0,0,0
"S00101695",0,0,0
"S00101696",0,0,0
"S00101697",2,0,2
"S00101698",1,1,0
"S00101699",1,1,0
"S00101700",0,0,0
"S00101701",0,0,0
"S00101702",1,1,0
"S00101703",0,0,0
"S00101704",0,0,0
"S00101705",0,0,0
"S00101706",0,0,0
"S00101707",2,1,1
"S00101708",2,2,0
"S00101709",0,0,0
"S00101710",2,2,0
"S00101711",1,0,1
"S00101712",0,0,0
"S00101713",2,1,1
"S00101714",0,0,0
"S00101715",0,0,0
"S00101716",2,1,1
"S00101717",2,2,0
"S00101718",0,0,0
"S00101719",0,0,0
"S00101720",0,0,0
"S00101721",0,0,0
"S00101722",1,0,1
"S00101723",0,0,0
"S00101724",0,0,0
"S00101725",1,0,1
"S00101726",1,0,1
"S00101727",2,2,0
"S00101728",0,0,0
"S00101729",0,0,0
"S00101730",0,0,0
"S00101731",0,0,0
"S00101732",2,0,2
"S00101733",0,0,0
"S00101734",0,0,0
"S00101735",0,0,0
"S00101736",1,1,0
"S00101737",1,0,1
"S00101738",1,1,0
"S00101739",3,1,2
"S00101740",2,1,1
"S00101741",0,0,0
"S00101742",1,0,1
"S00101743",2,1,1
"S00101744",1,0,1
"S00101745",0,0,0
"S00101746",0,0,0
"S00101747",0,0,0
"S00101748",3,1,2
"S00101749",3,2,1
"S00101750",1,1,0
"S00101751",1,0,1
"S00101752",5,3,2
"S00101753",0,0,0
"S00101754",3,2,1
"S00101755",0,0,0
"S00101756",0,0,0
"S00101757",0,0,0
"S00101758",0,0,0
"S00101759",1,0,1
"S00101760",0,0,0
"S00101761",7,3,4
"S00101762",3,0,3
"S00101763",3,3,0
"S00101764",9,3,6
"S00101765",5,3,2
"S00101766",3,1,2
"S00101767",5,4,1
"S00101768",1,1,0
"S00101769",0,0,0
"S00101770",3,1,2
"S00101771",0,0,0
"S00101772",2,2,0
"S00101773",7,3,4
"S00101774",8,5,3
"S00101775",2,1,1
"S00101776",0,0,0
"S00101777",1,1,0
"S00101778",6,2,4
"S00101779",2,1,1
"S00101780",0,0,0
"S00101781",4,2,2
"S00101782",2,1,1
"S00101783",5,4,1
"S00101784",0,0,0
"S00101785",3,2,1
"S00101786",1,0,1
"S00101787",4,3,1
"S00101788",0,0,0
"S00101789",0,0,0
"S00101790",3,0,3
"S00101791",5,4,1
"S00101792",7,7,0
"S00101793",7,4,3
"S00101794",11,5,6
"S00101795",3,2,1
"S00101796",6,3,3
"S00101797",0,0,0
"S00101798",0,0,0
"S00101799",2,1,1
"S00101800",18,9,9
"S00101801",1,0,1
"S00101802",5,2,3
"S00101803",3,1,2
"S00101804",4,2,2
"S00101805",3,1,2
"S00101806",2,1,1
"S00101807",6,3,3
"S00101808",0,0,0
"S00101809",3,0,3
"S00101810",3,2,1
"S00101811",6,4,2
"S00101812",5,3,2
"S00101813",7,4,3
"S00101814",4,2,2
"S00101815",2,1,1
"S00101816",1,1,0
"S00101817",1,1,0
"S00101818",3,0,3
"S00101819",0,0,0
"S00101820",0,0,0
"S00101821",2,1,1
"S00101822",0,0,0
"S00101823",1,0,1
"S00101824",0,0,0
"S00101825",0,0,0
"S00101826",0,0,0
"S00101827",1,1,0
"S00101828",1,1,0
"S00101829",0,0,0
"S00101830",1,0,1
"S00101831",0,0,0
"S00101832",0,0,0
"S00101833",2,1,1
"S00101834",0,0,0
"S00101835",0,0,0
"S00101836",0,0,0
"S00101837",0,0,0
"S00101838",0,0,0
"S00101839",1,0,1
"S00101840",0,0,0
"S00101841",0,0,0
"S00101842",2,1,1
"S00101843",0,0,0
"S00101844",0,0,0
"S00101845",0,0,0
"S00101846",0,0,0
"S00101847",1,0,1
"S00101848",0,0,0
"S00101849",1,0,1
"S00101850",0,0,0
"S00101851",0,0,0
"S00101852",0,0,0
"S00101853",0,0,0
"S00101854",1,1,0
"S00101855",2,1,1
"S00101856",0,0,0
"S00101857",1,1,0
"S00101858",4,3,1
"S00101859",0,0,0
"S00101860",5,3,2
"S00101861",1,0,1
"S00101862",0,0,0
"S00101863",0,0,0
"S00101864",0,0,0
"S00101865",0,0,0
"S00101866",1,1,0
"S00101867",0,0,0
"S00101868",0,0,0
"S00101869",0,0,0
"S00101870",4,4,0
"S00101871",0,0,0
"S00101872",0,0,0
"S00101873",0,0,0
"S00101874",0,0,0
"S00101875",0,0,0
"S00101876",0,0,0
"S00101877",2,0,2
"S00101878",0,0,0
"S00101879",0,0,0
"S00101880",0,0,0
"S00101881",0,0,0
"S00101882",1,1,0
"S00101883",7,4,3
"S00101884",0,0,0
"S00101885",4,1,3
"S00101886",0,0,0
"S00101887",0,0,0
"S00101888",0,0,0
"S00101889",0,0,0
"S00101890",1,1,0
"S00101891",0,0,0
"S00101892",0,0,0
"S00101893",1,0,1
"S00101894",1,1,0
"S00101895",0,0,0
"S00101896",0,0,0
"S00101897",3,3,0
"S00101898",0,0,0
"S00101899",1,1,0
"S00101900",0,0,0
"S00101901",0,0,0
"S00101902",0,0,0
"S00101903",0,0,0
"S00101904",0,0,0
"S00101905",0,0,0
"S00101906",1,0,1
"S00101907",0,0,0
"S00101908",2,1,1
"S00101909",1,1,0
"S00101910",0,0,0
"S00101911",0,0,0
"S00101912",3,1,2
"S00101913",0,0,0
"S00101914",0,0,0
"S00101915",0,0,0
"S00101916",0,0,0
"S00101917",1,1,0
"S00101918",2,1,1
"S00101919",0,0,0
"S00101920",3,2,1
"S00101921",0,0,0
"S00101922",1,0,1
"S00101923",0,0,0
"S00101924",0,0,0
"S00101925",0,0,0
"S00101926",0,0,0
"S00101927",1,0,1
"S00101928",3,2,1
"S00101929",0,0,0
"S00101930",2,2,0
"S00101931",4,0,4
"S00101932",1,0,1
"S00101933",1,0,1
"S00101934",1,1,0
"S00101935",1,1,0
"S00101936",0,0,0
"S00101937",6,5,1
"S00101938",0,0,0
"S00101939",5,2,3
"S00101940",2,1,1
"S00101941",0,0,0
"S00101942",0,0,0
"S00101943",0,0,0
"S00101944",1,1,0
"S00101945",0,0,0
"S00101946",0,0,0
"S00101947",0,0,0
"S00101948",0,0,0
"S00101949",0,0,0
"S00101950",0,0,0
"S00101951",1,0,1
"S00101952",1,0,1
"S00101953",1,0,1
"S00101954",0,0,0
"S00101955",0,0,0
"S00101956",0,0,0
"S00101957",0,0,0
"S00101958",0,0,0
"S00101959",0,0,0
"S00101960",1,0,1
"S00101961",0,0,0
"S00101962",0,0,0
"S00101963",0,0,0
"S00101964",0,0,0
"S00101965",0,0,0
"S00101966",1,0,1
"S00101967",0,0,0
"S00101968",0,0,0
"S00101969",0,0,0
"S00101970",4,2,2
"S00101971",0,0,0
"S00101972",1,0,1
"S00101973",1,1,0
"S00101974",0,0,0
"S00101975",11,7,4
"S00101976",7,4,3
"S00101977",4,2,2
"S00101978",0,0,0
"S00101979",0,0,0
"S00101980",1,1,0
"S00101981",0,0,0
"S00101982",2,1,1
"S00101983",3,2,1
"S00101984",0,0,0
"S00101985",0,0,0
"S00101986",2,1,1
"S00101987",4,3,1
"S00101988",0,0,0
"S00101989",0,0,0
"S00101990",7,6,1
"S00101991",5,2,3
"S00101992",3,2,1
"S00101993",0,0,0
"S00101994",0,0,0
"S00101995",0,0,0
"S00101996",0,0,0
"S00101997",0,0,0
"S00101998",1,1,0
"S00101999",2,2,0
"S00102000",0,0,0
"S00102001",1,0,1
"S00102002",0,0,0
"S00102003",0,0,0
"S00102004",1,0,1
"S00102005",0,0,0
"S00102006",0,0,0
"S00102007",1,0,1
"S00102008",0,0,0
"S00102009",0,0,0
"S00102010",0,0,0
"S00102011",0,0,0
"S00102012",0,0,0
"S00102013",0,0,0
"S00102014",0,0,0
"S00102015",0,0,0
"S00102016",1,0,1
"S00102017",1,1,0
"S00102018",0,0,0
"S00102019",1,0,1
"S00102020",0,0,0
"S00102021",1,1,0
"S00102022",0,0,0
"S00102023",0,0,0
"S00102024",1,1,0
"S00102025",3,1,2
"S00102026",0,0,0
"S00102027",0,0,0
"S00102028",0,0,0
"S00102029",0,0,0
"S00102030",0,0,0
"S00102031",0,0,0
"S00102032",1,0,1
"S00102033",0,0,0
"S00102034",0,0,0
"S00102035",2,1,1
"S00102036",0,0,0
"S00102037",0,0,0
"S00102038",0,0,0
"S00102039",1,1,0
"S00102040",1,1,0
"S00102041",1,0,1
"S00102042",1,1,0
"S00102043",0,0,0
"S00102044",4,1,3
"S00102045",0,0,0
"S00102046",1,0,1
"S00102047",1,1,0
"S00102048",2,1,1
"S00102049",0,0,0
"S00102050",0,0,0
"S00102051",1,0,1
"S00102052",0,0,0
"S00102053",0,0,0
"S00102054",0,0,0
"S00102055",2,2,0
"S00102056",0,0,0
"S00102057",2,1,1
"S00102058",0,0,0
"S00102059",1,1,0
"S00102060",1,0,1
"S00102061",0,0,0
"S00102062",0,0,0
"S00102063",2,1,1
"S00102064",0,0,0
"S00102065",0,0,0
"S00102066",1,0,1
"S00102067",1,0,1
"S00102068",0,0,0
"S00102069",1,1,0
"S00102070",0,0,0
"S00102071",0,0,0
"S00102072",0,0,0
"S00102073",0,0,0
"S00102074",0,0,0
"S00102075",0,0,0
"S00102076",1,1,0
"S00102077",0,0,0
"S00102078",0,0,0
"S00102079",0,0,0
"S00102080",1,0,1
"S00102081",0,0,0
"S00102082",0,0,0
"S00102083",0,0,0
"S00102084",0,0,0
"S00102085",1,0,1
"S00102086",0,0,0
"S00102087",0,0,0
"S00102088",0,0,0
"S00102089",0,0,0
"S00102090",0,0,0
"S00102091",0,0,0
"S00102092",1,0,1
"S00102093",0,0,0
"S00102094",1,1,0
"S00102095",0,0,0
"S00102096",0,0,0
"S00102097",1,0,1
"S00102098",0,0,0
"S00102099",0,0,0
"S00102100",0,0,0
"S00102101",0,0,0
"S00102102",0,0,0
"S00102103",1,1,0
"S00102104",0,0,0
"S00102105",0,0,0
"S00102106",0,0,0
"S00102107",7,3,4
"S00102108",0,0,0
"S00102109",2,1,1
"S00102110",1,0,1
"S00102111",0,0,0
"S00102112",0,0,0
"S00102113",0,0,0
"S00102114",3,2,1
"S00102115",0,0,0
"S00102116",0,0,0
"S00102117",0,0,0
"S00102118",2,2,0
"S00102119",0,0,0
"S00102120",0,0,0
"S00102121",2,2,0
"S00102122",1,1,0
"S00102123",2,2,0
"S00102124",2,1,1
"S00102125",0,0,0
"S00102126",0,0,0
"S00102127",0,0,0
"S00102128",0,0,0
"S00102129",1,1,0
"S00102130",0,0,0
"S00102131",0,0,0
"S00102132",1,1,0
"S00102133",3,2,1
"S00102134",5,3,2
"S00102135",0,0,0
"S00102136",3,2,1
"S00102137",5,3,2
"S00102138",2,1,1
"S00102139",1,1,0
"S00102140",2,1,1
"S00102141",0,0,0
"S00102142",0,0,0
"S00102143",0,0,0
"S00102144",1,1,0
"S00102145",1,1,0
"S00102146",2,1,1
"S00102147",0,0,0
"S00102148",1,1,0
"S00102149",1,1,0
"S00102150",0,0,0
"S00102151",0,0,0
"S00102152",1,0,1
"S00102153",1,1,0
"S00102154",0,0,0
"S00102155",1,0,1
"S00102156",3,3,0
"S00102157",2,1,1
"S00102158",3,1,2
"S00102159",2,1,1
"S00102160",3,2,1
"S00102161",3,2,1
"S00102162",1,0,1
"S00102163",2,1,1
"S00102164",3,1,2
"S00102165",3,2,1
"S00102166",2,0,2
"S00102167",6,3,3
"S00102168",0,0,0
"S00102169",2,2,0
"S00102170",4,2,2
"S00102171",0,0,0
"S00102172",6,0,6
"S00102173",0,0,0
"S00102174",3,2,1
"S00102175",0,0,0
"S00102176",0,0,0
"S00102177",4,3,1
"S00102178",0,0,0
"S00102179",1,1,0
"S00102180",0,0,0
"S00102181",2,0,2
"S00102182",0,0,0
"S00102183",0,0,0
"S00102184",0,0,0
"S00102185",0,0,0
"S00102186",0,0,0
"S00102187",3,1,2
"S00102188",3,1,2
"S00102189",2,1,1
"S00102190",0,0,0
"S00102191",1,1,0
"S00102192",1,1,0
"S00102193",0,0,0
"S00102194",0,0,0
"S00102195",6,4,2
"S00102196",0,0,0
"S00102197",0,0,0
"S00102198",1,1,0
"S00102199",1,0,1
"S00102200",0,0,0
"S00102201",1,0,1
"S00102202",1,1,0
"S00102203",0,0,0
"S00102204",0,0,0
"S00102205",3,2,1
"S00102206",0,0,0
"S00102207",4,2,2
"S00102208",0,0,0
"S00102209",0,0,0
"S00102210",0,0,0
"S00102211",0,0,0
"S00102212",2,0,2
"S00102213",0,0,0
"S00102214",0,0,0
"S00102215",2,2,0
"S00102216",0,0,0
"S00102217",0,0,0
"S00102218",4,2,2
"S00102219",4,1,3
"S00102220",0,0,0
"S00102221",0,0,0
"S00102222",1,1,0
"S00102223",0,0,0
"S00102224",0,0,0
"S00102225",5,5,0
"S00102226",0,0,0
"S00102227",5,2,3
"S00102228",4,2,2
"S00102229",0,0,0
"S00102230",0,0,0
"S00102231",0,0,0
"S00102232",0,0,0
"S00102233",0,0,0
"S00102234",0,0,0
"S00102235",3,1,2
"S00102236",2,1,1
"S00102237",3,1,2
"S00102238",4,1,3
"S00102239",0,0,0
"S00102240",7,4,3
"S00102241",5,1,4
"S00102242",1,0,1
"S00102243",1,1,0
"S00102244",0,0,0
"S00102245",2,2,0
"S00102246",1,0,1
"S00102247",1,0,1
"S00102248",0,0,0
"S00102249",0,0,0
"S00102250",4,2,2
"S00102251",0,0,0
"S00102252",2,1,1
"S00102253",1,1,0
"S00102254",3,2,1
"S00102255",1,0,1
"S00102256",1,1,0
"S00102257",0,0,0
"S00102258",0,0,0
"S00102259",2,1,1
"S00102260",1,1,0
"S00102261",0,0,0
"S00102262",4,4,0
"S00102263",7,3,4
"S00102264",0,0,0
"S00102265",1,0,1
"S00102266",2,1,1
"S00102267",5,1,4
"S00102268",2,1,1
"S00102269",3,2,1
"S00102270",4,2,2
"S00102271",1,0,1
"S00102272",1,0,1
"S00102273",0,0,0
"S00102274",0,0,0
"S00102275",0,0,0
"S00102276",0,0,0
"S00102277",1,1,0
"S00102278",0,0,0
"S00102279",1,0,1
"S00102280",2,1,1
"S00102281",2,1,1
"S00102282",0,0,0
"S00102283",0,0,0
"S00102284",2,1,1
"S00102285",0,0,0
"S00102286",0,0,0
"S00102287",0,0,0
"S00102288",0,0,0
"S00102289",3,3,0
"S00102290",0,0,0
"S00102291",2,0,2
"S00102292",6,3,3
"S00102293",1,0,1
"S00102294",0,0,0
"S00102295",0,0,0
"S00102296",0,0,0
"S00102297",2,0,2
"S00102298",1,0,1
"S00102299",4,1,3
"S00102300",4,1,3
"S00102301",1,1,0
"S00102302",0,0,0
"S00102303",4,2,2
"S00102304",3,2,1
"S00102305",0,0,0
"S00102306",1,0,1
"S00102307",2,0,2
"S00102308",0,0,0
"S00102309",3,2,1
"S00102310",5,1,4
"S00102311",3,2,1
"S00102312",1,1,0
"S00102313",2,0,2
"S00102314",0,0,0
"S00102315",1,1,0
"S00102316",3,1,2
"S00102317",12,4,8
"S00102318",5,3,2
"S00102319",3,1,2
"S00102320",3,0,3
"S00102321",3,2,1
"S00102322",0,0,0
"S00102323",1,1,0
"S00102324",1,1,0
"S00102325",0,0,0
"S00102326",2,2,0
"S00102327",9,3,6
"S00102328",3,1,2
"S00102329",0,0,0
"S00102330",2,0,2
"S00102331",3,1,2
"S00102332",4,1,3
"S00102333",3,1,2
"S00102334",1,0,1
"S00102335",7,3,4
"S00102336",7,3,4
"S00102337",9,3,6
"S00102338",4,3,1
"S00102339",1,1,0
"S00102340",1,0,1
"S00102341",6,2,4
"S00102342",0,0,0
"S00102343",2,1,1
"S00102344",0,0,0
"S00102345",1,1,0
"S00102346",0,0,0
"S00102347",1,1,0
"S00102348",3,2,1
"S00102349",1,0,1
"S00102350",1,0,1
"S00102351",5,1,4
"S00102352",3,0,3
"S00102353",3,3,0
"S00102354",0,0,0
"S00102355",0,0,0
"S00102356",2,0,2
"S00102357",2,2,0
"S00102358",0,0,0
"S00102359",2,1,1
"S00102360",1,0,1
"S00102361",4,1,3
"S00102362",1,0,1
"S00102363",0,0,0
"S00102364",7,3,4
"S00102365",3,1,2
"S00102366",7,3,4
"S00102367",7,4,3
"S00102368",0,0,0
"S00102369",3,0,3
"S00102370",1,1,0
"S00102371",0,0,0
"S00102372",1,1,0
"S00102373",0,0,0
"S00102374",5,2,3
"S00102375",0,0,0
"S00102376",0,0,0
"S00102377",1,1,0
"S00102378",0,0,0
"S00102379",0,0,0
"S00102380",0,0,0
"S00102381",3,3,0
"S00102382",3,2,1
"S00102383",0,0,0
"S00102384",2,1,1
"S00102385",0,0,0
"S00102386",0,0,0
"S00102387",2,0,2
"S00102388",7,4,3
"S00102389",0,0,0
"S00102390",0,0,0
"S00102391",0,0,0
"S00102392",1,0,1
"S00102393",3,0,3
"S00102394",0,0,0
"S00102395",0,0,0
"S00102396",0,0,0
"S00102397",3,1,2
"S00102398",0,0,0
"S00102399",0,0,0
"S00102400",0,0,0
"S00102401",1,0,1
"S00102402",0,0,0
"S00102403",0,0,0
"S00102404",0,0,0
"S00102405",4,2,2
"S00102406",0,0,0
"S00102407",0,0,0
"S00102408",1,1,0
"S00102409",1,0,1
"S00102410",1,0,1
"S00102411",2,2,0
"S00102412",0,0,0
"S00102413",1,0,1
"S00102414",0,0,0
"S00102415",1,1,0
"S00102416",1,1,0
"S00102417",0,0,0
"S00102418",1,1,0
"S00102419",1,0,1
"S00102420",3,1,2
"S00102421",1,0,1
"S00102422",4,2,2
"S00102423",1,0,1
"S00102424",0,0,0
"S00102425",1,0,1
"S00102426",0,0,0
"S00102427",0,0,0
"S00102428",10,2,8
"S00102429",0,0,0
"S00102430",0,0,0
"S00102431",0,0,0
"S00102432",13,6,7
"S00102433",12,8,4
"S00102434",5,1,4
"S00102435",7,1,6
"S00102436",1,0,1
"S00102437",0,0,0
"S00102438",3,2,1
"S00102439",1,1,0
"S00102440",3,2,1
"S00102441",1,0,1
"S00102442",0,0,0
"S00102443",0,0,0
"S00102444",0,0,0
"S00102445",7,2,5
"S00102446",1,0,1
"S00102447",3,2,1
"S00102448",8,3,5
"S00102449",0,0,0
"S00102450",4,3,1
"S00102451",0,0,0
"S00102452",0,0,0
"S00102453",1,0,1
"S00102454",6,2,4
"S00102455",5,0,5
"S00102456",5,3,2
"S00102457",0,0,0
"S00102458",1,1,0
"S00102459",4,2,2
"S00102460",2,1,1
"S00102461",1,1,0
"S00102462",1,1,0
"S00102463",0,0,0
"S00102464",0,0,0
"S00102465",0,0,0
"S00102466",0,0,0
"S00102467",0,0,0
"S00102468",2,0,2
"S00102469",1,0,1
"S00102470",1,1,0
"S00102471",0,0,0
"S00102472",0,0,0
"S00102473",1,0,1
"S00102474",0,0,0
"S00102475",1,0,1
"S00102476",0,0,0
"S00102477",1,1,0
"S00102478",2,1,1
"S00102479",1,0,1
"S00102480",0,0,0
"S00102481",0,0,0
"S00102482",0,0,0
"S00102483",0,0,0
"S00102484",0,0,0
"S00102485",1,0,1
"S00102486",0,0,0
"S00102487",0,0,0
"S00102488",0,0,0
"S00102489",1,0,1
"S00102490",1,1,0
"S00102491",0,0,0
"S00102492",0,0,0
"S00102493",1,1,0
"S00102494",1,1,0
"S00102495",0,0,0
"S00102496",1,1,0
"S00102497",0,0,0
"S00102498",4,1,3
"S00102499",1,1,0
"S00102500",1,0,1
"S00102501",1,0,1
"S00102502",1,0,1
"S00102503",0,0,0
"S00102504",0,0,0
"S00102505",7,1,6
"S00102506",0,0,0
"S00102507",0,0,0
"S00102508",0,0,0
"S00102509",0,0,0
"S00102510",0,0,0
"S00102511",0,0,0
"S00102512",1,0,1
"S00102513",0,0,0
"S00102514",0,0,0
"S00102515",0,0,0
"S00102516",2,1,1
"S00102517",1,0,1
"S00102518",6,3,3
"S00102519",1,1,0
"S00102520",0,0,0
"S00102521",0,0,0
"S00102522",0,0,0
"S00102523",1,1,0
"S00102524",3,1,2
"S00102525",0,0,0
"S00102526",2,2,0
"S00102527",1,0,1
"S00102528",3,2,1
"S00102529",1,0,1
"S00102530",0,0,0
"S00102531",0,0,0
"S00102532",1,0,1
"S00102533",2,1,1
"S00102534",5,2,3
"S00102535",6,4,2
"S00102536",0,0,0
"S00102537",0,0,0
"S00102538",0,0,0
"S00102539",3,1,2
"S00102540",0,0,0
"S00102541",0,0,0
"S00102542",0,0,0
"S00102543",1,1,0
"S00102544",0,0,0
"S00102545",0,0,0
"S00102546",3,2,1
"S00102547",2,2,0
"S00102548",2,1,1
"S00102549",1,1,0
"S00102550",2,1,1
"S00102551",0,0,0
"S00102552",1,0,1
"S00102553",0,0,0
"S00102554",0,0,0
"S00102555",5,5,0
"S00102556",3,2,1
"S00102557",0,0,0
"S00102558",0,0,0
"S00102559",0,0,0
"S00102560",5,3,2
"S00102561",16,10,6
"S00102562",8,5,3
"S00102563",1,1,0
"S00102564",5,2,3
"S00102565",0,0,0
"S00102566",0,0,0
"S00102567",1,1,0
"S00102568",7,2,5
"S00102569",2,1,1
"S00102570",0,0,0
"S00102571",0,0,0
"S00102572",5,2,3
"S00102573",0,0,0
"S00102574",4,2,2
"S00102575",2,0,2
"S00102576",3,1,2
"S00102577",1,0,1
"S00102578",3,3,0
"S00102579",0,0,0
"S00102580",1,0,1
"S00102581",0,0,0
"S00102582",0,0,0
"S00102583",1,1,0
"S00102584",0,0,0
"S00102585",0,0,0
"S00102586",0,0,0
"S00102587",0,0,0
"S00102588",0,0,0
"S00102589",0,0,0
"S00102590",0,0,0
"S00102591",0,0,0
"S00102592",1,1,0
"S00102593",1,0,1
"S00102594",0,0,0
"S00102595",0,0,0
"S00102596",1,0,1
"S00102597",2,1,1
"S00102598",0,0,0
"S00102599",0,0,0
"S00102600",0,0,0
"S00102601",0,0,0
"S00102602",1,0,1
"S00102603",0,0,0
"S00102604",1,0,1
"S00102605",0,0,0
"S00102606",1,0,1
"S00102607",0,0,0
"S00102608",0,0,0
"S00102609",1,1,0
"S00102610",0,0,0
"S00102611",0,0,0
"S00102612",0,0,0
"S00102613",0,0,0
"S00102614",0,0,0
"S00102615",0,0,0
"S00102616",0,0,0
"S00102617",0,0,0
"S00102618",0,0,0
"S00102619",0,0,0
"S00102620",2,1,1
"S00102621",1,1,0
"S00102622",0,0,0
"S00102623",0,0,0
"S00102624",0,0,0
"S00102625",0,0,0
"S00102626",0,0,0
"S00102627",0,0,0
"S00102628",0,0,0
"S00102629",0,0,0
"S00102630",0,0,0
"S00102631",0,0,0
"S00102632",0,0,0
"S00102633",0,0,0
"S00102634",0,0,0
"S00102635",0,0,0
"S00102636",2,1,1
"S00102637",0,0,0
"S00102638",0,0,0
"S00102639",1,1,0
"S00102640",0,0,0
"S00102641",1,1,0
"S00102642",0,0,0
"S00102643",0,0,0
"S00102644",0,0,0
"S00102645",0,0,0
"S00102646",0,0,0
"S00102647",0,0,0
"S00102648",0,0,0
"S00102649",0,0,0
"S00102650",0,0,0
"S00102651",0,0,0
"S00102652",1,1,0
"S00102653",0,0,0
"S00102654",0,0,0
"S00102655",0,0,0
"S00102656",0,0,0
"S00102657",3,2,1
"S00102658",0,0,0
"S00102659",1,1,0
"S00102660",0,0,0
"S00102661",1,0,1
"S00102662",0,0,0
"S00102663",0,0,0
"S00102664",0,0,0
"S00102665",0,0,0
"S00102666",0,0,0
"S00102667",0,0,0
"S00102668",0,0,0
"S00102669",0,0,0
"S00102670",0,0,0
"S00102671",1,1,0
"S00102672",0,0,0
"S00102673",0,0,0
"S00102674",0,0,0
"S00102675",1,1,0
"S00102676",0,0,0
"S00102677",0,0,0
"S00102678",0,0,0
"S00102679",0,0,0
"S00102680",0,0,0
"S00102681",0,0,0
"S00102682",0,0,0
"S00102683",0,0,0
"S00102684",0,0,0
"S00102685",0,0,0
"S00102686",1,1,0
"S00102687",0,0,0
"S00102688",0,0,0
"S00102689",4,3,1
"S00102690",1,1,0
"S00102691",0,0,0
"S00102692",0,0,0
"S00102693",0,0,0
"S00102694",0,0,0
"S00102695",0,0,0
"S00102696",2,0,2
"S00102697",1,0,1
"S00102698",1,0,1
"S00102699",0,0,0
"S00102700",0,0,0
"S00102701",0,0,0
"S00102702",1,1,0
"S00102703",1,0,1
"S00102704",0,0,0
"S00102705",0,0,0
"S00102706",0,0,0
"S00102707",0,0,0
"S00102708",0,0,0
"S00102709",2,2,0
"S00102710",0,0,0
"S00102711",0,0,0
"S00102712",0,0,0
"S00102713",0,0,0
"S00102714",0,0,0
"S00102715",0,0,0
"S00102716",0,0,0
"S00102717",0,0,0
"S00102718",2,1,1
"S00102719",0,0,0
"S00102720",1,1,0
"S00102721",0,0,0
"S00102722",0,0,0
"S00102723",0,0,0
"S00102724",0,0,0
"S00102725",0,0,0
"S00102726",0,0,0
"S00102727",0,0,0
"S00102728",0,0,0
"S00102729",0,0,0
"S00102730",0,0,0
"S00102731",0,0,0
"S00102732",0,0,0
"S00102733",0,0,0
"S00102734",0,0,0
"S00102735",0,0,0
"S00102736",2,1,1
"S00102737",1,0,1
"S00102738",0,0,0
"S00102739",0,0,0
"S00102740",3,1,2
"S00102741",0,0,0
"S00102742",1,0,1
"S00102743",0,0,0
"S00102744",2,1,1
"S00102745",0,0,0
"S00102746",0,0,0
"S00102747",1,0,1
"S00102748",0,0,0
"S00102749",0,0,0
"S00102750",0,0,0
"S00102751",2,0,2
"S00102752",0,0,0
"S00102753",0,0,0
"S00102754",0,0,0
"S00102755",0,0,0
"S00102756",0,0,0
"S00102757",0,0,0
"S00102758",2,0,2
"S00102759",0,0,0
"S00102760",0,0,0
"S00102761",0,0,0
"S00102762",1,0,1
"S00102763",0,0,0
"S00102764",0,0,0
"S00102765",1,0,1
"S00102766",0,0,0
"S00102767",0,0,0
"S00102768",1,0,1
"S00102769",0,0,0
"S00102770",0,0,0
"S00102771",0,0,0
"S00102772",0,0,0
"S00102773",0,0,0
"S00102774",1,0,1
"S00102775",2,0,2
"S00102776",0,0,0
"S00102777",0,0,0
"S00102778",0,0,0
"S00102779",1,0,1
"S00102780",0,0,0
"S00102781",1,0,1
"S00102782",0,0,0
"S00102783",0,0,0
"S00102784",0,0,0
"S00102785",0,0,0
"S00102786",0,0,0
"S00102787",1,1,0
"S00102788",0,0,0
"S00102789",1,1,0
"S00102790",0,0,0
"S00102791",0,0,0
"S00102792",1,1,0
"S00102793",0,0,0
"S00102794",1,1,0
"S00102795",0,0,0
"S00102796",0,0,0
"S00102797",0,0,0
"S00102798",1,1,0
"S00102799",0,0,0
"S00102800",0,0,0
"S00102801",0,0,0
"S00102802",0,0,0
"S00102803",0,0,0
"S00102804",2,1,1
"S00102805",1,1,0
"S00102806",0,0,0
"S00102807",2,0,2
"S00102808",0,0,0
"S00102809",3,1,2
"S00102810",0,0,0
"S00102811",0,0,0
"S00102812",0,0,0
"S00102813",2,2,0
"S00102814",1,1,0
"S00102815",1,1,0
"S00102816",0,0,0
"S00102817",0,0,0
"S00102818",2,0,2
"S00102819",0,0,0
"S00102820",3,1,2
"S00102821",1,1,0
"S00102822",0,0,0
"S00102823",0,0,0
"S00102824",1,0,1
"S00102825",1,0,1
"S00102826",3,0,3
"S00102827",0,0,0
"S00102828",0,0,0
"S00102829",2,2,0
"S00102830",1,1,0
"S00102831",0,0,0
"S00102832",1,0,1
"S00102833",1,1,0
"S00102834",0,0,0
"S00102835",0,0,0
"S00102836",0,0,0
"S00102837",0,0,0
"S00102838",5,1,4
"S00102839",0,0,0
"S00102840",2,1,1
"S00102841",1,0,1
"S00102842",7,3,4
"S00102843",3,1,2
"S00102844",0,0,0
"S00102845",3,3,0
"S00102846",2,1,1
"S00102847",0,0,0
"S00102848",0,0,0
"S00102849",0,0,0
"S00102850",4,1,3
"S00102851",1,1,0
"S00102852",2,1,1
"S00102853",0,0,0
"S00102854",1,0,1
"S00102855",1,0,1
"S00102856",1,0,1
"S00102857",2,1,1
"S00102858",1,1,0
"S00102859",3,1,2
"S00102860",3,2,1
"S00102861",1,1,0
"S00102862",0,0,0
"S00102863",3,1,2
"S00102864",2,1,1
"S00102865",0,0,0
"S00102866",2,0,2
"S00102867",0,0,0
"S00102868",2,0,2
"S00102869",0,0,0
"S00102870",3,2,1
"S00102871",0,0,0
"S00102872",3,0,3
"S00102873",0,0,0
"S00102874",0,0,0
"S00102875",1,0,1
"S00102876",3,1,2
"S00102877",0,0,0
"S00102878",0,0,0
"S00102879",0,0,0
"S00102880",0,0,0
"S00102881",4,1,3
"S00102882",0,0,0
"S00102883",3,1,2
"S00102884",0,0,0
"S00102885",4,2,2
"S00102886",4,0,4
"S00102887",0,0,0
"S00102888",0,0,0
"S00102889",0,0,0
"S00102890",1,0,1
"S00102891",1,1,0
"S00102892",0,0,0
"S00102893",0,0,0
"S00102894",1,0,1
"S00102895",2,0,2
"S00102896",0,0,0
"S00102897",1,1,0
"S00102898",0,0,0
"S00102899",1,0,1
"S00102900",0,0,0
"S00102901",1,0,1
"S00102902",0,0,0
"S00102903",1,0,1
"S00102904",0,0,0
"S00102905",4,3,1
"S00102906",0,0,0
"S00102907",0,0,0
"S00102908",0,0,0
"S00102909",1,0,1
"S00102910",0,0,0
"S00102911",2,0,2
"S00102912",1,0,1
"S00102913",0,0,0
"S00102914",0,0,0
"S00102915",0,0,0
"S00102916",0,0,0
"S00102917",0,0,0
"S00102918",0,0,0
"S00102919",1,0,1
"S00102920",1,1,0
"S00102921",0,0,0
"S00102922",1,1,0
"S00102923",1,1,0
"S00102924",1,0,1
"S00102925",0,0,0
"S00102926",0,0,0
"S00102927",3,0,3
"S00102928",1,0,1
"S00102929",1,1,0
"S00102930",2,1,1
"S00102931",1,0,1
"S00102932",0,0,0
"S00102933",1,1,0
"S00102934",0,0,0
"S00102935",0,0,0
"S00102936",2,0,2
"S00102937",0,0,0
"S00102938",0,0,0
"S00102939",0,0,0
"S00102940",0,0,0
"S00102941",0,0,0
"S00102942",1,0,1
"S00102943",0,0,0
"S00102944",0,0,0
"S00102945",0,0,0
"S00102946",0,0,0
"S00102947",2,2,0
"S00102948",0,0,0
"S00102949",1,0,1
"S00102950",6,4,2
"S00102951",4,2,2
"S00102952",1,1,0
"S00102953",0,0,0
"S00102954",0,0,0
"S00102955",1,1,0
"S00102956",1,1,0
"S00102957",3,2,1
"S00102958",1,0,1
"S00102959",3,2,1
"S00102960",3,2,1
"S00102961",3,3,0
"S00102962",2,1,1
"S00102963",7,6,1
"S00102964",0,0,0
"S00102965",2,0,2
"S00102966",1,0,1
"S00102967",0,0,0
"S00102968",0,0,0
"S00102969",0,0,0
"S00102970",0,0,0
"S00102971",0,0,0
"S00102972",1,0,1
"S00102973",1,0,1
"S00102974",1,0,1
"S00102975",0,0,0
"S00102976",0,0,0
"S00102977",0,0,0
"S00102978",5,3,2
"S00102979",0,0,0
"S00102980",1,0,1
"S00102981",0,0,0
"S00102982",1,0,1
"S00102983",0,0,0
"S00102984",0,0,0
"S00102985",0,0,0
"S00102986",0,0,0
"S00102987",0,0,0
"S00102988",1,0,1
"S00102989",0,0,0
"S00102990",0,0,0
"S00102991",0,0,0
"S00102992",0,0,0
"S00102993",2,1,1
"S00102994",4,0,4
"S00102995",1,0,1
"S00102996",4,2,2
"S00102997",1,0,1
"S00102998",2,0,2
"S00102999",1,0,1
"S00103000",2,0,2
"S00103001",0,0,0
"S00103002",4,1,3
"S00103003",7,3,4
"S00103004",2,1,1
"S00103005",1,1,0
"S00103006",4,3,1
"S00103007",1,1,0
"S00103008",9,3,6
"S00103009",4,3,1
"S00103010",0,0,0
"S00103011",0,0,0
"S00103012",0,0,0
"S00103013",0,0,0
"S00103014",1,0,1
"S00103015",1,1,0
"S00103016",2,1,1
"S00103017",0,0,0
"S00103018",0,0,0
"S00103019",0,0,0
"S00103020",2,0,2
"S00103021",0,0,0
"S00103022",0,0,0
"S00103023",4,2,2
"S00103024",0,0,0
"S00103025",0,0,0
"S00103026",0,0,0
"S00103027",0,0,0
"S00103028",4,2,2
"S00103029",0,0,0
"S00103030",0,0,0
"S00103031",0,0,0
"S00103032",1,0,1
"S00103033",0,0,0
"S00103034",1,0,1
"S00103035",1,0,1
"S00103036",0,0,0
"S00103037",0,0,0
"S00103038",0,0,0
"S00103039",0,0,0
"S00103040",2,1,1
"S00103041",1,1,0
"S00103042",1,0,1
"S00103043",0,0,0
"S00103044",0,0,0
"S00103045",1,1,0
"S00103046",0,0,0
"S00103047",0,0,0
"S00103048",0,0,0
"S00103049",0,0,0
"S00103050",0,0,0
"S00103051",0,0,0
"S00103052",0,0,0
"S00103053",0,0,0
"S00103054",0,0,0
"S00103055",3,0,3
"S00103056",4,3,1
"S00103057",5,2,3
"S00103058",6,3,3
"S00103059",1,0,1
"S00103060",7,2,5
"S00103061",2,0,2
"S00103062",1,0,1
"S00103063",0,0,0
"S00103064",0,0,0
"S00103065",1,1,0
"S00103066",0,0,0
"S00103067",1,0,1
"S00103068",1,1,0
"S00103069",1,1,0
"S00103070",2,0,2
"S00103071",1,1,0
"S00103072",6,3,3
"S00103073",2,1,1
"S00103074",1,0,1
"S00103075",3,3,0
"S00103076",0,0,0
"S00103077",1,1,0
"S00103078",2,1,1
"S00103079",0,0,0
"S00103080",0,0,0
"S00103081",1,1,0
"S00103082",3,1,2
"S00103083",2,1,1
"S00103084",0,0,0
"S00103085",2,1,1
"S00103086",2,1,1
"S00103087",3,2,1
"S00103088",4,2,2
"S00103089",7,5,2
"S00103090",6,3,3
"S00103091",3,3,0
"S00103092",2,0,2
"S00103093",0,0,0
"S00103094",0,0,0
"S00103095",5,3,2
"S00103096",4,1,3
"S00103097",0,0,0
"S00103098",2,1,1
"S00103099",0,0,0
"S00103100",2,1,1
"S00103101",1,1,0
"S00103102",0,0,0
"S00103103",0,0,0
"S00103104",1,0,1
"S00103105",0,0,0
"S00103106",0,0,0
"S00103107",4,0,4
"S00103108",0,0,0
"S00103109",0,0,0
"S00103110",0,0,0
"S00103111",1,1,0
"S00103112",5,0,5
"S00103113",0,0,0
"S00103114",3,1,2
"S00103115",1,0,1
"S00103116",1,0,1
"S00103117",0,0,0
"S00103118",2,2,0
"S00103119",1,0,1
"S00103120",0,0,0
"S00103121",0,0,0
"S00103122",1,1,0
"S00103123",2,0,2
"S00103124",2,1,1
"S00103125",2,2,0
"S00103126",0,0,0
"S00103127",1,0,1
"S00103128",0,0,0
"S00103129",0,0,0
"S00103130",0,0,0
"S00103131",4,3,1
"S00103132",1,0,1
"S00103133",0,0,0
"S00103134",2,1,1
"S00103135",4,3,1
"S00103136",6,2,4
"S00103137",0,0,0
"S00103138",5,4,1
"S00103139",3,1,2
"S00103140",1,1,0
"S00103141",1,0,1
"S00103142",4,1,3
"S00103143",0,0,0
"S00103144",0,0,0
"S00103145",1,1,0
"S00103146",2,2,0
"S00103147",0,0,0
"S00103148",3,2,1
"S00103149",1,1,0
"S00103150",3,2,1
"S00103151",2,0,2
"S00103152",0,0,0
"S00103153",0,0,0
"S00103154",3,1,2
"S00103155",2,2,0
"S00103156",2,1,1
"S00103157",5,3,2
"S00103158",1,1,0
"S00103159",2,1,1
"S00103160",3,1,2
"S00103161",2,0,2
"S00103162",1,1,0
"S00103163",2,2,0
"S00103164",3,1,2
"S00103165",1,1,0
"S00103166",0,0,0
"S00103167",1,0,1
"S00103168",4,1,3
"S00103169",2,2,0
"S00103170",0,0,0
"S00103171",3,2,1
"S00103172",0,0,0
"S00103173",1,1,0
"S00103174",1,1,0
"S00103175",0,0,0
"S00103176",3,1,2
"S00103177",0,0,0
"S00103178",1,0,1
"S00103179",1,1,0
"S00103180",0,0,0
"S00103181",0,0,0
"S00103182",2,1,1
"S00103183",1,1,0
"S00103184",2,2,0
"S00103185",0,0,0
"S00103186",0,0,0
"S00103187",0,0,0
"S00103188",1,1,0
"S00103189",4,2,2
"S00103190",7,2,5
"S00103191",0,0,0
"S00103192",1,1,0
"S00103193",0,0,0
"S00103194",2,1,1
"S00103195",0,0,0
"S00103196",0,0,0
"S00103197",3,1,2
"S00103198",4,2,2
"S00103199",2,2,0
"S00103200",1,0,1
"S00103201",0,0,0
"S00103202",0,0,0
"S00103203",1,1,0
"S00103204",0,0,0
"S00103205",1,1,0
"S00103206",0,0,0
"S00103207",1,1,0
"S00103208",2,1,1
"S00103209",1,0,1
"S00103210",3,0,3
"S00103211",3,0,3
"S00103212",2,0,2
"S00103213",3,1,2
"S00103214",0,0,0
"S00103215",0,0,0
"S00103216",0,0,0
"S00103217",0,0,0
"S00103218",1,1,0
"S00103219",2,2,0
"S00103220",1,0,1
"S00103221",0,0,0
"S00103222",1,1,0
"S00103223",4,3,1
"S00103224",0,0,0
"S00103225",0,0,0
"S00103226",1,0,1
"S00103227",0,0,0
"S00103228",2,0,2
"S00103229",0,0,0
"S00103230",0,0,0
"S00103231",0,0,0
"S00103232",1,0,1
"S00103233",0,0,0
"S00103234",3,1,2
"S00103235",3,2,1
"S00103236",3,3,0
"S00103237",1,0,1
"S00103238",3,0,3
"S00103239",0,0,0
"S00103240",0,0,0
"S00103241",3,1,2
"S00103242",1,0,1
"S00103243",0,0,0
"S00103244",1,0,1
"S00103245",0,0,0
"S00103246",0,0,0
"S00103247",0,0,0
"S00103248",0,0,0
"S00103249",0,0,0
"S00103250",2,0,2
"S00103251",2,0,2
"S00103252",0,0,0
"S00103253",3,1,2
"S00103254",0,0,0
"S00103255",3,2,1
"S00103256",0,0,0
"S00103257",0,0,0
"S00103258",0,0,0
"S00103259",3,1,2
"S00103260",2,1,1
"S00103261",0,0,0
"S00103262",1,1,0
"S00103263",4,0,4
"S00103264",2,0,2
"S00103265",1,0,1
"S00103266",0,0,0
"S00103267",0,0,0
"S00103268",1,0,1
"S00103269",0,0,0
"S00103270",1,1,0
"S00103271",0,0,0
"S00103272",0,0,0
"S00103273",0,0,0
"S00103274",2,1,1
"S00103275",0,0,0
"S00103276",0,0,0
"S00103277",0,0,0
"S00103278",6,2,4
"S00103279",3,0,3
"S00103280",4,1,3
"S00103281",1,1,0
"S00103282",4,2,2
"S00103283",3,3,0
"S00103284",1,1,0
"S00103285",0,0,0
"S00103286",1,1,0
"S00103287",0,0,0
"S00103288",0,0,0
"S00103289",2,1,1
"S00103290",0,0,0
"S00103291",0,0,0
"S00103292",0,0,0
"S00103293",0,0,0
"S00103294",1,1,0
"S00103295",0,0,0
"S00103296",0,0,0
"S00103297",0,0,0
"S00103298",0,0,0
"S00103299",0,0,0
"S00103300",0,0,0
"S00103301",1,1,0
"S00103302",0,0,0
"S00103303",0,0,0
"S00103304",1,0,1
"S00103305",9,3,6
"S00103306",4,2,2
"S00103307",7,2,5
"S00103308",1,0,1
"S00103309",5,2,3
"S00103310",3,1,2
"S00103311",3,2,1
"S00103312",5,3,2
"S00103313",4,3,1
"S00103314",1,1,0
"S00103315",0,0,0
"S00103316",0,0,0
"S00103317",0,0,0
"S00103318",0,0,0
"S00103319",0,0,0
"S00103320",2,0,2
"S00103321",0,0,0
"S00103322",0,0,0
"S00103323",1,1,0
"S00103324",0,0,0
"S00103325",2,1,1
"S00103326",0,0,0
"S00103327",0,0,0
"S00103328",0,0,0
"S00103329",0,0,0
"S00103330",0,0,0
"S00103331",0,0,0
"S00103332",0,0,0
"S00103333",1,1,0
"S00103334",0,0,0
"S00103335",1,0,1
"S00103336",0,0,0
"S00103337",0,0,0
"S00103338",2,0,2
"S00103339",0,0,0
"S00103340",0,0,0
"S00103341",0,0,0
"S00103342",0,0,0
"S00103343",1,0,1
"S00103344",1,1,0
"S00103345",0,0,0
"S00103346",2,0,2
"S00103347",4,0,4
"S00103348",0,0,0
"S00103349",0,0,0
"S00103350",1,1,0
"S00103351",3,2,1
"S00103352",3,1,2
"S00103353",2,2,0
"S00103354",0,0,0
"S00103355",1,0,1
"S00103356",1,1,0
"S00103357",0,0,0
"S00103358",0,0,0
"S00103359",0,0,0
"S00103360",8,6,2
"S00103361",1,0,1
"S00103362",2,1,1
"S00103363",3,1,2
"S00103364",8,4,4
"S00103365",8,2,6
"S00103366",2,1,1
"S00103367",5,3,2
"S00103368",6,5,1
"S00103369",9,4,5
"S00103370",1,0,1
"S00103371",1,1,0
"S00103372",2,1,1
"S00103373",1,1,0
"S00103374",3,1,2
"S00103375",3,1,2
"S00103376",0,0,0
"S00103377",0,0,0
"S00103378",2,2,0
"S00103379",0,0,0
"S00103380",1,1,0
"S00103381",3,2,1
"S00103382",0,0,0
"S00103383",3,2,1
"S00103384",0,0,0
"S00103385",0,0,0
"S00103386",0,0,0
"S00103387",0,0,0
"S00103388",0,0,0
"S00103389",1,0,1
"S00103390",0,0,0
"S00103391",0,0,0
"S00103392",1,0,1
"S00103393",1,1,0
"S00103394",1,0,1
"S00103395",0,0,0
"S00103396",0,0,0
"S00103397",0,0,0
"S00103398",0,0,0
"S00103399",4,1,3
"S00103400",2,0,2
"S00103401",3,1,2
"S00103402",0,0,0
"S00103403",1,0,1
"S00103404",0,0,0
"S00103405",2,1,1
"S00103406",5,5,0
"S00103407",0,0,0
"S00103408",4,1,3
"S00103409",1,0,1
"S00103410",3,1,2
"S00103411",0,0,0
"S00103412",0,0,0
"S00103413",0,0,0
"S00103414",4,4,0
"S00103415",10,4,6
"S00103416",2,1,1
"S00103417",0,0,0
"S00103418",0,0,0
"S00103419",1,1,0
"S00103420",0,0,0
"S00103421",9,6,3
"S00103422",7,2,5
"S00103423",0,0,0
"S00103424",3,0,3
"S00103425",0,0,0
"S00103426",2,2,0
"S00103427",0,0,0
"S00103428",0,0,0
"S00103429",1,1,0
"S00103430",0,0,0
"S00103431",2,2,0
"S00103432",0,0,0
"S00103433",3,2,1
"S00103434",0,0,0
"S00103435",2,1,1
"S00103436",0,0,0
"S00103437",2,0,2
"S00103438",0,0,0
"S00103439",0,0,0
"S00103440",3,2,1
"S00103441",1,1,0
"S00103442",0,0,0
"S00103443",7,2,5
"S00103444",0,0,0
"S00103445",0,0,0
"S00103446",0,0,0
"S00103447",0,0,0
"S00103448",2,2,0
"S00103449",0,0,0
"S00103450",1,0,1
"S00103451",0,0,0
"S00103452",5,3,2
"S00103453",0,0,0
"S00103454",0,0,0
"S00103455",0,0,0
"S00103456",1,0,1
"S00103457",0,0,0
"S00103458",5,5,0
"S00103459",1,1,0
"S00103460",3,1,2
"S00103461",0,0,0
"S00103462",3,2,1
"S00103463",1,1,0
"S00103464",5,1,4
"S00103465",0,0,0
"S00103466",0,0,0
"S00103467",0,0,0
"S00103468",0,0,0
"S00103469",0,0,0
"S00103470",0,0,0
"S00103471",3,1,2
"S00103472",0,0,0
"S00103473",0,0,0
"S00103474",3,0,3
"S00103475",0,0,0
"S00103476",1,0,1
"S00103477",0,0,0
"S00103478",0,0,0
"S00103479",0,0,0
"S00103480",0,0,0
"S00103481",0,0,0
"S00103482",2,0,2
"S00103483",0,0,0
"S00103484",0,0,0
"S00103485",2,0,2
"S00103486",4,1,3
"S00103487",0,0,0
"S00103488",0,0,0
"S00103489",2,2,0
"S00103490",0,0,0
"S00103491",2,2,0
"S00103492",0,0,0
"S00103493",0,0,0
"S00103494",0,0,0
"S00103495",0,0,0
"S00103496",0,0,0
"S00103497",1,1,0
"S00103498",0,0,0
"S00103499",2,0,2
"S00103500",0,0,0
"S00103501",1,0,1
"S00103502",0,0,0
"S00103503",0,0,0
"S00103504",5,2,3
"S00103505",0,0,0
"S00103506",0,0,0
"S00103507",0,0,0
"S00103508",5,2,3
"S00103509",0,0,0
"S00103510",0,0,0
"S00103511",0,0,0
"S00103512",0,0,0
"S00103513",0,0,0
"S00103514",0,0,0
"S00103515",0,0,0
"S00103516",0,0,0
"S00103517",0,0,0
"S00103518",0,0,0
"S00103519",2,0,2
"S00103520",0,0,0
"S00103521",0,0,0
"S00103522",0,0,0
"S00103523",2,0,2
"S00103524",3,2,1
"S00103525",2,2,0
"S00103526",3,1,2
"S00103527",3,3,0
"S00103528",0,0,0
"S00103529",0,0,0
"S00103530",0,0,0
"S00103531",0,0,0
"S00103532",0,0,0
"S00103533",0,0,0
"S00103534",3,2,1
"S00103535",0,0,0
"S00103536",2,1,1
"S00103537",2,1,1
"S00103538",4,2,2
"S00103539",2,1,1
"S00103540",3,1,2
"S00103541",6,2,4
"S00103542",5,3,2
"S00103543",6,3,3
"S00103544",0,0,0
"S00103545",2,1,1
"S00103546",3,1,2
"S00103547",0,0,0
"S00103548",0,0,0
"S00103549",3,1,2
"S00103550",1,1,0
"S00103551",0,0,0
"S00103552",0,0,0
"S00103553",0,0,0
"S00103554",0,0,0
"S00103555",2,1,1
"S00103556",1,0,1
"S00103557",1,0,1
"S00103558",3,0,3
"S00103559",1,0,1
"S00103560",0,0,0
"S00103561",0,0,0
"S00103562",0,0,0
"S00103563",0,0,0
"S00103564",2,2,0
"S00103565",0,0,0
"S00103566",1,1,0
"S00103567",0,0,0
"S00103568",0,0,0
"S00103569",0,0,0
"S00103570",2,1,1
"S00103571",0,0,0
"S00103572",1,1,0
"S00103573",1,0,1
"S00103574",1,1,0
"S00103575",1,1,0
"S00103576",2,1,1
"S00103577",5,3,2
"S00103578",1,0,1
"S00103579",6,3,3
"S00103580",4,2,2
"S00103581",4,3,1
"S00103582",0,0,0
"S00103583",0,0,0
"S00103584",0,0,0
"S00103585",2,0,2
"S00103586",3,1,2
"S00103587",0,0,0
"S00103588",1,0,1
"S00103589",0,0,0
"S00103590",0,0,0
"S00103591",0,0,0
"S00103592",0,0,0
"S00103593",2,1,1
"S00103594",1,0,1
"S00103595",0,0,0
"S00103596",0,0,0
"S00103597",1,0,1
"S00103598",0,0,0
"S00103599",0,0,0
"S00103600",0,0,0
"S00103601",0,0,0
"S00103602",0,0,0
"S00103603",2,1,1
"S00103604",0,0,0
"S00103605",1,0,1
"S00103606",2,1,1
"S00103607",0,0,0
"S00103608",1,0,1
"S00103609",3,0,3
"S00103610",0,0,0
"S00103611",0,0,0
"S00103612",0,0,0
"S00103613",1,0,1
"S00103614",2,2,0
"S00103615",0,0,0
"S00103616",1,1,0
"S00103617",1,1,0
"S00103618",2,1,1
"S00103619",2,0,2
"S00103620",1,1,0
"S00103621",1,0,1
"S00103622",0,0,0
"S00103623",2,2,0
"S00103624",2,0,2
"S00103625",2,1,1
"S00103626",2,0,2
"S00103627",2,0,2
"S00103628",0,0,0
"S00103629",0,0,0
"S00103630",2,1,1
"S00103631",3,1,2
"S00103632",0,0,0
"S00103633",3,1,2
"S00103634",1,0,1
"S00103635",1,0,1
"S00103636",3,1,2
"S00103637",3,3,0
"S00103638",0,0,0
"S00103639",3,2,1
"S00103640",0,0,0
"S00103641",2,0,2
"S00103642",0,0,0
"S00103643",2,2,0
"S00103644",2,2,0
"S00103645",5,3,2
"S00103646",7,3,4
"S00103647",4,2,2
"S00103648",0,0,0
"S00103649",5,4,1
"S00103650",1,0,1
"S00103651",0,0,0
"S00103652",3,2,1
"S00103653",6,4,2
"S00103654",1,0,1
"S00103655",5,3,2
"S00103656",10,6,4
"S00103657",4,2,2
"S00103658",1,0,1
"S00103659",6,4,2
"S00103660",2,1,1
"S00103661",1,1,0
"S00103662",0,0,0
"S00103663",0,0,0
"S00103664",2,1,1
"S00103665",4,3,1
"S00103666",3,2,1
"S00103667",7,3,4
"S00103668",1,1,0
"S00103669",8,3,5
"S00103670",5,3,2
"S00103671",0,0,0
"S00103672",6,4,2
"S00103673",8,4,4
"S00103674",4,2,2
"S00103675",5,4,1
"S00103676",5,4,1
"S00103677",4,1,3
"S00103678",1,0,1
"S00103679",0,0,0
"S00103680",10,5,5
"S00103681",0,0,0
"S00103682",0,0,0
"S00103683",0,0,0
"S00103684",0,0,0
"S00103685",0,0,0
"S00103686",0,0,0
"S00103687",3,1,2
"S00103688",2,2,0
"S00103689",1,0,1
"S00103690",2,1,1
"S00103691",3,2,1
"S00103692",0,0,0
"S00103693",0,0,0
"S00103694",0,0,0
"S00103695",0,0,0
"S00103696",2,1,1
"S00103697",0,0,0
"S00103698",0,0,0
"S00103699",2,1,1
"S00103700",1,1,0
"S00103701",0,0,0
"S00103702",0,0,0
"S00103703",0,0,0
"S00103704",0,0,0
"S00103705",0,0,0
"S00103706",0,0,0
"S00103707",0,0,0
"S00103708",0,0,0
"S00103709",1,0,1
"S00103710",0,0,0
"S00103711",3,1,2
"S00103712",0,0,0
"S00103713",2,0,2
"S00103714",0,0,0
"S00103715",1,1,0
"S00103716",0,0,0
"S00103717",0,0,0
"S00103718",0,0,0
"S00103719",1,1,0
"S00103720",0,0,0
"S00103721",0,0,0
"S00103722",0,0,0
"S00103723",0,0,0
"S00103724",0,0,0
"S00103725",0,0,0
"S00103726",0,0,0
"S00103727",0,0,0
"S00103728",0,0,0
"S00103729",1,1,0
"S00103730",0,0,0
"S00103731",0,0,0
"S00103732",0,0,0
"S00103733",1,0,1
"S00103734",0,0,0
"S00103735",0,0,0
"S00103736",0,0,0
"S00103737",0,0,0
"S00103738",0,0,0
"S00103739",0,0,0
"S00103740",0,0,0
"S00103741",0,0,0
"S00103742",0,0,0
"S00103743",0,0,0
"S00103744",0,0,0
"S00103745",0,0,0
"S00103746",0,0,0
"S00103747",0,0,0
"S00103748",1,0,1
"S00103749",0,0,0
"S00103750",0,0,0
"S00103751",0,0,0
"S00103752",2,2,0
"S00103753",0,0,0
"S00103754",1,1,0
"S00103755",0,0,0
"S00103756",0,0,0
"S00103757",1,1,0
"S00103758",0,0,0
"S00103759",0,0,0
"S00103760",0,0,0
"S00103761",0,0,0
"S00103762",1,1,0
"S00103763",0,0,0
"S00103764",0,0,0
"S00103765",0,0,0
"S00103766",0,0,0
"S00103767",0,0,0
"S00103768",0,0,0
"S00103769",2,1,1
"S00103770",1,1,0
"S00103771",0,0,0
"S00103772",0,0,0
"S00103773",0,0,0
"S00103774",6,3,3
"S00103775",3,0,3
"S00103776",5,4,1
"S00103777",3,1,2
"S00103778",0,0,0
"S00103779",0,0,0
"S00103780",1,0,1
"S00103781",3,1,2
"S00103782",2,1,1
"S00103783",1,1,0
"S00103784",2,0,2
"S00103785",4,3,1
"S00103786",2,0,2
"S00103787",1,0,1
"S00103788",0,0,0
"S00103789",2,1,1
"S00103790",1,1,0
"S00103791",1,1,0
"S00103792",2,0,2
"S00103793",0,0,0
"S00103794",3,1,2
"S00103795",2,0,2
"S00103796",4,2,2
"S00103797",2,1,1
"S00103798",0,0,0
"S00103799",0,0,0
"S00103800",5,1,4
"S00103801",0,0,0
"S00103802",5,5,0
"S00103803",7,4,3
"S00103804",2,2,0
"S00103805",3,2,1
"S00103806",0,0,0
"S00103807",6,4,2
"S00103808",4,3,1
"S00103809",3,1,2
"S00103810",4,3,1
"S00103811",0,0,0
"S00103812",0,0,0
"S00103813",0,0,0
"S00103814",0,0,0
"S00103815",5,2,3
"S00103816",3,2,1
"S00103817",2,0,2
"S00103818",0,0,0
"S00103819",5,3,2
"S00103820",6,3,3
"S00103821",2,0,2
"S00103822",5,2,3
"S00103823",0,0,0
"S00103824",3,2,1
"S00103825",5,2,3
"S00103826",3,2,1
"S00103827",6,3,3
"S00103828",2,0,2
"S00103829",4,3,1
"S00103830",6,5,1
"S00103831",1,1,0
"S00103832",3,1,2
"S00103833",1,0,1
"S00103834",0,0,0
"S00103835",3,2,1
"S00103836",4,3,1
"S00103837",4,2,2
"S00103838",7,6,1
"S00103839",6,0,6
"S00103840",0,0,0
"S00103841",0,0,0
"S00103842",0,0,0
"S00103843",0,0,0
"S00103844",0,0,0
"S00103845",0,0,0
"S00103846",0,0,0
"S00103847",0,0,0
"S00103848",0,0,0
"S00103849",0,0,0
"S00103850",1,1,0
"S00103851",1,1,0
"S00103852",3,1,2
"S00103853",3,1,2
"S00103854",0,0,0
"S00103855",0,0,0
"S00103856",0,0,0
"S00103857",1,1,0
"S00103858",0,0,0
"S00103859",0,0,0
"S00103860",0,0,0
"S00103861",0,0,0
"S00103862",5,4,1
"S00103863",2,1,1
"S00103864",1,1,0
"S00103865",0,0,0
"S00103866",0,0,0
"S00103867",0,0,0
"S00103868",1,0,1
"S00103869",0,0,0
"S00103870",0,0,0
"S00103871",0,0,0
"S00103872",0,0,0
"S00103873",0,0,0
"S00103874",0,0,0
"S00103875",0,0,0
"S00103876",0,0,0
"S00103877",0,0,0
"S00103878",2,1,1
"S00103879",4,2,2
"S00103880",0,0,0
"S00103881",0,0,0
"S00103882",0,0,0
"S00103883",1,1,0
"S00103884",0,0,0
"S00103885",1,0,1
"S00103886",0,0,0
"S00103887",3,2,1
"S00103888",0,0,0
"S00103889",1,0,1
"S00103890",1,0,1
"S00103891",2,2,0
"S00103892",4,1,3
"S00103893",6,3,3
"S00103894",2,2,0
"S00103895",1,1,0
"S00103896",0,0,0
"S00103897",0,0,0
"S00103898",9,4,5
"S00103899",4,3,1
"S00103900",1,0,1
"S00103901",2,1,1
"S00103902",3,1,2
"S00103903",7,2,5
"S00103904",0,0,0
"S00103905",2,1,1
"S00103906",4,1,3
"S00103907",0,0,0
"S00103908",4,1,3
"S00103909",4,1,3
"S00103910",1,0,1
"S00103911",0,0,0
"S00103912",4,2,2
"S00103913",2,0,2
"S00103914",0,0,0
"S00103915",2,2,0
"S00103916",0,0,0
"S00103917",0,0,0
"S00103918",5,3,2
"S00103919",1,0,1
"S00103920",0,0,0
"S00103921",2,1,1
"S00103922",0,0,0
"S00103923",1,0,1
"S00103924",0,0,0
"S00103925",0,0,0
"S00103926",0,0,0
"S00103927",1,0,1
"S00103928",1,1,0
"S00103929",0,0,0
"S00103930",1,0,1
"S00103931",0,0,0
"S00103932",0,0,0
"S00103933",2,1,1
"S00103934",2,1,1
"S00103935",0,0,0
"S00103936",0,0,0
"S00103937",0,0,0
"S00103938",1,1,0
"S00103939",0,0,0
"S00103940",0,0,0
"S00103941",0,0,0
"S00103942",1,0,1
"S00103943",0,0,0
"S00103944",1,1,0
"S00103945",1,1,0
"S00103946",0,0,0
"S00103947",0,0,0
"S00103948",0,0,0
"S00103949",1,0,1
"S00103950",1,1,0
"S00103951",0,0,0
"S00103952",0,0,0
"S00103953",0,0,0
"S00103954",1,0,1
"S00103955",1,0,1
"S00103956",0,0,0
"S00103957",0,0,0
"S00103958",0,0,0
"S00103959",0,0,0
"S00103960",1,0,1
"S00103961",0,0,0
"S00103962",1,0,1
"S00103963",0,0,0
"S00103964",0,0,0
"S00103965",2,0,2
"S00103966",0,0,0
"S00103967",2,1,1
"S00103968",0,0,0
"S00103969",0,0,0
"S00103970",0,0,0
"S00103971",0,0,0
"S00103972",0,0,0
"S00103973",0,0,0
"S00103974",0,0,0
"S00103975",1,1,0
"S00103976",0,0,0
"S00103977",3,1,2
"S00103978",1,1,0
"S00103979",0,0,0
"S00103980",0,0,0
"S00103981",0,0,0
"S00103982",0,0,0
"S00103983",0,0,0
"S00103984",0,0,0
"S00103985",0,0,0
"S00103986",0,0,0
"S00103987",0,0,0
"S00103988",0,0,0
"S00103989",0,0,0
"S00103990",0,0,0
"S00103991",0,0,0
"S00103992",1,0,1
"S00103993",1,1,0
"S00103994",1,0,1
"S00103995",1,0,1
"S00103996",2,2,0
"S00103997",4,0,4
"S00103998",0,0,0
"S00103999",1,1,0
"S00104000",1,1,0
"S00104001",0,0,0
"S00104002",1,1,0
"S00104003",1,1,0
"S00104004",0,0,0
"S00104005",0,0,0
"S00104006",2,0,2
"S00104007",0,0,0
"S00104008",2,1,1
"S00104009",0,0,0
"S00104010",1,0,1
"S00104011",0,0,0
"S00104012",0,0,0
"S00104013",0,0,0
"S00104014",1,1,0
"S00104015",0,0,0
"S00104016",0,0,0
"S00104017",4,3,1
"S00104018",0,0,0
"S00104019",0,0,0
"S00104020",0,0,0
"S00104021",1,1,0
"S00104022",0,0,0
"S00104023",0,0,0
"S00104024",0,0,0
"S00104025",2,1,1
"S00104026",3,1,2
"S00104027",1,0,1
"S00104028",0,0,0
"S00104029",5,3,2
"S00104030",1,1,0
"S00104031",3,1,2
"S00104032",3,1,2
"S00104033",0,0,0
"S00104034",4,2,2
"S00104035",0,0,0
"S00104036",7,5,2
"S00104037",3,3,0
"S00104038",1,0,1
"S00104039",2,1,1
"S00104040",6,5,1
"S00104041",0,0,0
"S00104042",1,1,0
"S00104043",0,0,0
"S00104044",0,0,0
"S00104045",1,1,0
"S00104046",2,1,1
"S00104047",9,4,5
"S00104048",6,3,3
"S00104049",5,3,2
"S00104050",3,1,2
"S00104051",5,3,2
"S00104052",5,1,4
"S00104053",1,1,0
"S00104054",0,0,0
"S00104055",12,3,9
"S00104056",1,1,0
"S00104057",3,0,3
"S00104058",0,0,0
"S00104059",0,0,0
"S00104060",2,1,1
"S00104061",4,0,4
"S00104062",1,0,1
"S00104063",0,0,0
"S00104064",0,0,0
"S00104065",3,1,2
"S00104066",0,0,0
"S00104067",0,0,0
"S00104068",0,0,0
"S00104069",1,0,1
"S00104070",7,3,4
"S00104071",4,2,2
"S00104072",2,1,1
"S00104073",3,2,1
"S00104074",1,0,1
"S00104075",0,0,0
"S00104076",2,1,1
"S00104077",2,2,0
"S00104078",2,0,2
"S00104079",0,0,0
"S00104080",3,0,3
"S00104081",0,0,0
"S00104082",0,0,0
"S00104083",5,3,2
"S00104084",3,1,2
"S00104085",0,0,0
"S00104086",3,3,0
"S00104087",2,0,2
"S00104088",0,0,0
"S00104089",3,3,0
"S00104090",0,0,0
"S00104091",2,1,1
"S00104092",0,0,0
"S00104093",4,4,0
"S00104094",5,1,4
"S00104095",4,1,3
"S00104096",7,4,3
"S00104097",0,0,0
"S00104098",0,0,0
"S00104099",1,1,0
"S00104100",2,1,1
"S00104101",4,1,3
"S00104102",4,0,4
"S00104103",7,6,1
"S00104104",0,0,0
"S00104105",0,0,0
"S00104106",0,0,0
"S00104107",0,0,0
"S00104108",0,0,0
"S00104109",0,0,0
"S00104110",1,0,1
"S00104111",0,0,0
"S00104112",0,0,0
"S00104113",0,0,0
"S00104114",0,0,0
"S00104115",0,0,0
"S00104116",2,1,1
"S00104117",3,2,1
"S00104118",1,1,0
"S00104119",2,1,1
"S00104120",7,3,4
"S00104121",0,0,0
"S00104122",0,0,0
"S00104123",0,0,0
"S00104124",1,1,0
"S00104125",2,1,1
"S00104126",2,0,2
"S00104127",1,1,0
"S00104128",2,0,2
"S00104129",1,0,1
"S00104130",0,0,0
"S00104131",0,0,0
"S00104132",0,0,0
"S00104133",0,0,0
"S00104134",0,0,0
"S00104135",1,0,1
"S00104136",2,1,1
"S00104137",0,0,0
"S00104138",0,0,0
"S00104139",0,0,0
"S00104140",0,0,0
"S00104141",2,1,1
"S00104142",1,1,0
"S00104143",1,0,1
"S00104144",3,3,0
"S00104145",1,0,1
"S00104146",0,0,0
"S00104147",0,0,0
"S00104148",1,0,1
"S00104149",0,0,0
"S00104150",0,0,0
"S00104151",0,0,0
"S00104152",0,0,0
"S00104153",0,0,0
"S00104154",0,0,0
"S00104155",2,2,0
"S00104156",0,0,0
"S00104157",0,0,0
"S00104158",2,0,2
"S00104159",0,0,0
"S00104160",0,0,0
"S00104161",0,0,0
"S00104162",0,0,0
"S00104163",0,0,0
"S00104164",0,0,0
"S00104165",0,0,0
"S00104166",0,0,0
"S00104167",1,1,0
"S00104168",0,0,0
"S00104169",0,0,0
"S00104170",5,4,1
"S00104171",0,0,0
"S00104172",0,0,0
"S00104173",2,0,2
"S00104174",0,0,0
"S00104175",0,0,0
"S00104176",0,0,0
"S00104177",0,0,0
"S00104178",2,1,1
"S00104179",1,0,1
"S00104180",0,0,0
"S00104181",1,0,1
"S00104182",1,1,0
"S00104183",1,0,1
"S00104184",1,0,1
"S00104185",0,0,0
"S00104186",0,0,0
"S00104187",0,0,0
"S00104188",0,0,0
"S00104189",0,0,0
"S00104190",0,0,0
"S00104191",0,0,0
"S00104192",0,0,0
"S00104193",2,2,0
"S00104194",0,0,0
"S00104195",0,0,0
"S00104196",2,0,2
"S00104197",0,0,0
"S00104198",0,0,0
"S00104199",1,1,0
"S00104200",0,0,0
"S00104201",0,0,0
"S00104202",0,0,0
"S00104203",0,0,0
"S00104204",4,1,3
"S00104205",0,0,0
"S00104206",1,1,0
"S00104207",0,0,0
"S00104208",0,0,0
"S00104209",0,0,0
"S00104210",0,0,0
"S00104211",0,0,0
"S00104212",1,1,0
"S00104213",3,2,1
"S00104214",1,1,0
"S00104215",0,0,0
"S00104216",0,0,0
"S00104217",0,0,0
"S00104218",1,1,0
"S00104219",0,0,0
"S00104220",1,1,0
"S00104221",0,0,0
"S00104222",1,0,1
"S00104223",1,0,1
"S00104224",0,0,0
"S00104225",0,0,0
"S00104226",3,1,2
"S00104227",0,0,0
"S00104228",0,0,0
"S00104229",1,1,0
"S00104230",1,0,1
"S00104231",0,0,0
"S00104232",1,0,1
"S00104233",3,1,2
"S00104234",0,0,0
"S00104235",1,1,0
"S00104236",0,0,0
"S00104237",0,0,0
"S00104238",0,0,0
"S00104239",0,0,0
"S00104240",0,0,0
"S00104241",0,0,0
"S00104242",0,0,0
"S00104243",0,0,0
"S00104244",0,0,0
"S00104245",2,1,1
"S00104246",0,0,0
"S00104247",0,0,0
"S00104248",0,0,0
"S00104249",0,0,0
"S00104250",0,0,0
"S00104251",0,0,0
"S00104252",0,0,0
"S00104253",0,0,0
"S00104254",0,0,0
"S00104255",0,0,0
"S00104256",1,0,1
"S00104257",0,0,0
"S00104258",0,0,0
"S00104259",0,0,0
"S00104260",2,0,2
"S00104261",1,0,1
"S00104262",0,0,0
"S00104263",1,0,1
"S00104264",0,0,0
"S00104265",0,0,0
"S00104266",0,0,0
"S00104267",2,0,2
"S00104268",0,0,0
"S00104269",0,0,0
"S00104270",2,2,0
"S00104271",0,0,0
"S00104272",0,0,0
"S00104273",0,0,0
"S00104274",1,1,0
"S00104275",0,0,0
"S00104276",0,0,0
"S00104277",0,0,0
"S00104278",1,1,0
"S00104279",0,0,0
"S00104280",0,0,0
"S00104281",1,1,0
"S00104282",0,0,0
"S00104283",2,0,2
"S00104284",0,0,0
"S00104285",0,0,0
"S00104286",0,0,0
"S00104287",0,0,0
"S00104288",0,0,0
"S00104289",0,0,0
"S00104290",2,1,1
"S00104291",1,0,1
"S00104292",0,0,0
"S00104293",2,0,2
"S00104294",0,0,0
"S00104295",1,1,0
"S00104296",0,0,0
"S00104297",0,0,0
"S00104298",0,0,0
"S00104299",0,0,0
"S00104300",2,0,2
"S00104301",1,1,0
"S00104302",1,0,1
"S00104303",1,1,0
"S00104304",0,0,0
"S00104305",0,0,0
"S00104306",0,0,0
"S00104307",0,0,0
"S00104308",0,0,0
"S00104309",0,0,0
"S00104310",0,0,0
"S00104311",0,0,0
"S00104312",1,1,0
"S00104313",1,1,0
"S00104314",0,0,0
"S00104315",0,0,0
"S00104316",0,0,0
"S00104317",0,0,0
"S00104318",0,0,0
"S00104319",0,0,0
"S00104320",0,0,0
"S00104321",2,2,0
"S00104322",0,0,0
"S00104323",0,0,0
"S00104324",0,0,0
"S00104325",0,0,0
"S00104326",5,2,3
"S00104327",0,0,0
"S00104328",0,0,0
"S00104329",0,0,0
"S00104330",0,0,0
"S00104331",0,0,0
"S00104332",0,0,0
"S00104333",0,0,0
"S00104334",0,0,0
"S00104335",0,0,0
"S00104336",0,0,0
"S00104337",2,0,2
"S00104338",1,0,1
"S00104339",0,0,0
"S00104340",0,0,0
"S00104341",1,0,1
"S00104342",0,0,0
"S00104343",0,0,0
"S00104344",0,0,0
"S00104345",0,0,0
"S00104346",0,0,0
"S00104347",0,0,0
"S00104348",2,0,2
"S00104349",0,0,0
"S00104350",0,0,0
"S00104351",0,0,0
"S00104352",0,0,0
"S00104353",0,0,0
"S00104354",0,0,0
"S00104355",0,0,0
"S00104356",0,0,0
"S00104357",0,0,0
"S00104358",0,0,0
"S00104359",0,0,0
"S00104360",0,0,0
"S00104361",0,0,0
"S00104362",0,0,0
"S00104363",0,0,0
"S00104364",0,0,0
"S00104365",2,0,2
"S00104366",0,0,0
"S00104367",0,0,0
"S00104368",0,0,0
"S00104369",0,0,0
"S00104370",0,0,0
"S00104371",0,0,0
"S00104372",0,0,0
"S00104373",1,1,0
"S00104374",0,0,0
"S00104375",2,0,2
"S00104376",3,0,3
"S00104377",0,0,0
"S00104378",1,0,1
"S00104379",0,0,0
"S00104380",0,0,0
"S00104381",0,0,0
"S00104382",0,0,0
"S00104383",0,0,0
"S00104384",0,0,0
"S00104385",0,0,0
"S00104386",0,0,0
"S00104387",0,0,0
"S00104388",0,0,0
"S00104389",0,0,0
"S00104390",0,0,0
"S00104391",2,1,1
"S00104392",0,0,0
"S00104393",2,1,1
"S00104394",1,1,0
"S00104395",0,0,0
"S00104396",0,0,0
"S00104397",4,0,4
"S00104398",0,0,0
"S00104399",0,0,0
"S00104400",0,0,0
"S00104401",0,0,0
"S00104402",0,0,0
"S00104403",0,0,0
"S00104404",1,1,0
"S00104405",0,0,0
"S00104406",0,0,0
"S00104407",0,0,0
"S00104408",0,0,0
"S00104409",1,1,0
"S00104410",1,0,1
"S00104411",0,0,0
"S00104412",0,0,0
"S00104413",0,0,0
"S00104414",0,0,0
"S00104415",0,0,0
"S00104416",0,0,0
"S00104417",0,0,0
"S00104418",0,0,0
"S00104419",0,0,0
"S00104420",0,0,0
"S00104421",0,0,0
"S00104422",0,0,0
"S00104423",0,0,0
"S00104424",0,0,0
"S00104425",0,0,0
"S00104426",0,0,0
"S00104427",0,0,0
"S00104428",0,0,0
"S00104429",0,0,0
"S00104430",2,1,1
"S00104431",0,0,0
"S00104432",0,0,0
"S00104433",0,0,0
"S00104434",0,0,0
"S00104435",0,0,0
"S00104436",0,0,0
"S00104437",0,0,0
"S00104438",0,0,0
"S00104439",0,0,0
"S00104440",0,0,0
"S00104441",0,0,0
"S00104442",1,1,0
"S00104443",0,0,0
"S00104444",0,0,0
"S00104445",1,0,1
"S00104446",0,0,0
"S00104447",0,0,0
"S00104448",0,0,0
"S00104449",0,0,0
"S00104450",0,0,0
"S00104451",0,0,0
"S00104452",0,0,0
"S00104453",0,0,0
"S00104454",1,1,0
"S00104455",1,1,0
"S00104456",0,0,0
"S00104457",2,1,1
"S00104458",0,0,0
"S00104459",0,0,0
"S00104460",0,0,0
"S00104461",0,0,0
"S00104462",2,1,1
"S00104463",0,0,0
"S00104464",2,2,0
"S00104465",0,0,0
"S00104466",0,0,0
"S00104467",0,0,0
"S00104468",0,0,0
"S00104469",0,0,0
"S00104470",0,0,0
"S00104471",0,0,0
"S00104472",0,0,0
"S00104473",0,0,0
"S00104474",1,1,0
"S00104475",0,0,0
"S00104476",1,1,0
"S00104477",3,1,2
"S00104478",1,0,1
"S00104479",0,0,0
"S00104480",1,0,1
"S00104481",0,0,0
"S00104482",0,0,0
"S00104483",0,0,0
"S00104484",0,0,0
"S00104485",1,1,0
"S00104486",0,0,0
"S00104487",1,1,0
"S00104488",0,0,0
"S00104489",0,0,0
"S00104490",1,1,0
"S00104491",0,0,0
"S00104492",0,0,0
"S00104493",0,0,0
"S00104494",1,1,0
"S00104495",1,0,1
"S00104496",0,0,0
"S00104497",0,0,0
"S00104498",0,0,0
"S00104499",0,0,0
"S00104500",0,0,0
"S00104501",0,0,0
"S00104502",1,1,0
"S00104503",2,0,2
"S00104504",0,0,0
"S00104505",2,0,2
"S00104506",2,2,0
"S00104507",0,0,0
"S00104508",0,0,0
"S00104509",3,1,2
"S00104510",1,1,0
"S00104511",0,0,0
"S00104512",0,0,0
"S00104513",0,0,0
"S00104514",0,0,0
"S00104515",1,1,0
"S00104516",1,0,1
"S00104517",2,0,2
"S00104518",0,0,0
"S00104519",1,0,1
"S00104520",1,0,1
"S00104521",0,0,0
"S00104522",1,0,1
"S00104523",0,0,0
"S00104524",1,1,0
"S00104525",0,0,0
"S00104526",0,0,0
"S00104527",2,0,2
"S00104528",0,0,0
"S00104529",0,0,0
"S00104530",0,0,0
"S00104531",0,0,0
"S00104532",0,0,0
"S00104533",0,0,0
"S00104534",1,0,1
"S00104535",1,1,0
"S00104536",0,0,0
"S00104537",0,0,0
"S00104538",1,0,1
"S00104539",1,1,0
"S00104540",0,0,0
"S00104541",0,0,0
"S00104542",1,1,0
"S00104543",0,0,0
"S00104544",0,0,0
"S00104545",1,0,1
"S00104546",1,1,0
"S00104547",1,1,0
"S00104548",1,0,1
"S00104549",0,0,0
"S00104550",2,1,1
"S00104551",0,0,0
"S00104552",0,0,0
"S00104553",0,0,0
"S00104554",2,1,1
"S00104555",0,0,0
"S00104556",0,0,0
"S00104557",0,0,0
"S00104558",0,0,0
"S00104559",1,0,1
"S00104560",1,1,0
"S00104561",0,0,0
"S00104562",2,1,1
"S00104563",0,0,0
"S00104564",0,0,0
"S00104565",1,1,0
"S00104566",1,1,0
"S00104567",2,0,2
"S00104568",0,0,0
"S00104569",1,1,0
"S00104570",1,0,1
"S00104571",1,0,1
"S00104572",3,2,1
"S00104573",0,0,0
"S00104574",0,0,0
"S00104575",1,1,0
"S00104576",4,3,1
"S00104577",6,3,3
"S00104578",1,1,0
"S00104579",1,0,1
"S00104580",0,0,0
"S00104581",0,0,0
"S00104582",0,0,0
"S00104583",0,0,0
"S00104584",0,0,0
"S00104585",0,0,0
"S00104586",0,0,0
"S00104587",0,0,0
"S00104588",0,0,0
"S00104589",2,1,1
"S00104590",0,0,0
"S00104591",1,0,1
"S00104592",2,0,2
"S00104593",0,0,0
"S00104594",3,2,1
"S00104595",0,0,0
"S00104596",0,0,0
"S00104597",0,0,0
"S00104598",0,0,0
"S00104599",2,0,2
"S00104600",1,1,0
"S00104601",0,0,0
"S00104602",0,0,0
"S00104603",0,0,0
"S00104604",0,0,0
"S00104605",2,0,2
"S00104606",0,0,0
"S00104607",0,0,0
"S00104608",0,0,0
"S00104609",0,0,0
"S00104610",0,0,0
"S00104611",0,0,0
"S00104612",1,0,1
"S00104613",2,0,2
"S00104614",0,0,0
"S00104615",0,0,0
"S00104616",0,0,0
"S00104617",0,0,0
"S00104618",3,1,2
"S00104619",0,0,0
"S00104620",0,0,0
"S00104621",2,0,2
"S00104622",0,0,0
"S00104623",1,1,0
"S00104624",1,1,0
"S00104625",0,0,0
"S00104626",0,0,0
"S00104627",2,1,1
"S00104628",0,0,0
"S00104629",0,0,0
"S00104630",0,0,0
"S00104631",0,0,0
"S00104632",0,0,0
"S00104633",0,0,0
"S00104634",0,0,0
"S00104635",1,0,1
"S00104636",1,0,1
"S00104637",0,0,0
"S00104638",2,0,2
"S00104639",1,0,1
"S00104640",0,0,0
"S00104641",1,0,1
"S00104642",0,0,0
"S00104643",0,0,0
"S00104644",1,1,0
"S00104645",0,0,0
"S00104646",0,0,0
"S00104647",0,0,0
"S00104648",0,0,0
"S00104649",0,0,0
"S00104650",1,0,1
"S00104651",0,0,0
"S00104652",0,0,0
"S00104653",0,0,0
"S00104654",0,0,0
"S00104655",0,0,0
"S00104656",0,0,0
"S00104657",0,0,0
"S00104658",1,1,0
"S00104659",0,0,0
"S00104660",0,0,0
"S00104661",2,1,1
"S00104662",0,0,0
"S00104663",0,0,0
"S00104664",0,0,0
"S00104665",1,1,0
"S00104666",0,0,0
"S00104667",0,0,0
"S00104668",0,0,0
"S00104669",0,0,0
"S00104670",0,0,0
"S00104671",0,0,0
"S00104672",0,0,0
"S00104673",0,0,0
"S00104674",0,0,0
"S00104675",0,0,0
"S00104676",0,0,0
"S00104677",0,0,0
"S00104678",0,0,0
"S00104679",0,0,0
"S00104680",0,0,0
"S00104681",7,4,3
"S00104682",1,1,0
"S00104683",0,0,0
"S00104684",0,0,0
"S00104685",0,0,0
"S00104686",0,0,0
"S00104687",1,1,0
"S00104688",0,0,0
"S00104689",0,0,0
"S00104690",0,0,0
"S00104691",0,0,0
"S00104692",0,0,0
"S00104693",1,1,0
"S00104694",0,0,0
"S00104695",0,0,0
"S00104696",1,1,0
"S00104697",0,0,0
"S00104698",0,0,0
"S00104699",0,0,0
"S00104700",1,0,1
"S00104701",0,0,0
"S00104702",0,0,0
"S00104703",0,0,0
"S00104704",0,0,0
"S00104705",0,0,0
"S00104706",2,0,2
"S00104707",0,0,0
"S00104708",0,0,0
"S00104709",3,1,2
"S00104710",0,0,0
"S00104711",1,1,0
"S00104712",1,1,0
"S00104713",2,2,0
"S00104714",2,2,0
"S00104715",5,2,3
"S00104716",2,1,1
"S00104717",3,1,2
"S00104718",0,0,0
"S00104719",3,2,1
"S00104720",5,3,2
"S00104721",0,0,0
"S00104722",1,1,0
"S00104723",4,1,3
"S00104724",1,1,0
"S00104725",0,0,0
"S00104726",0,0,0
"S00104727",0,0,0
"S00104728",3,1,2
"S00104729",2,2,0
"S00104730",1,1,0
"S00104731",4,1,3
"S00104732",2,0,2
"S00104733",0,0,0
"S00104734",0,0,0
"S00104735",0,0,0
"S00104736",0,0,0
"S00104737",0,0,0
"S00104738",0,0,0
"S00104739",2,1,1
"S00104740",11,4,7
"S00104741",0,0,0
"S00104742",3,1,2
"S00104743",4,4,0
"S00104744",0,0,0
"S00104745",0,0,0
"S00104746",1,1,0
"S00104747",0,0,0
"S00104748",0,0,0
"S00104749",0,0,0
"S00104750",2,1,1
"S00104751",0,0,0
"S00104752",0,0,0
"S00104753",0,0,0
"S00104754",0,0,0
"S00104755",3,1,2
"S00104756",3,1,2
"S00104757",6,3,3
"S00104758",0,0,0
"S00104759",0,0,0
"S00104760",0,0,0
"S00104761",2,1,1
"S00104762",2,0,2
"S00104763",1,0,1
"S00104764",1,0,1
"S00104765",0,0,0
"S00104766",0,0,0
"S00104767",0,0,0
"S00104768",2,2,0
"S00104769",5,3,2
"S00104770",0,0,0
"S00104771",0,0,0
"S00104772",0,0,0
"S00104773",0,0,0
"S00104774",0,0,0
"S00104775",1,0,1
"S00104776",2,2,0
"S00104777",0,0,0
"S00104778",0,0,0
"S00104779",1,1,0
"S00104780",2,0,2
"S00104781",0,0,0
"S00104782",1,1,0
"S00104783",0,0,0
"S00104784",6,3,3
"S00104785",0,0,0
"S00104786",8,4,4
"S00104787",3,2,1
"S00104788",2,0,2
"S00104789",2,0,2
"S00104790",6,3,3
"S00104791",0,0,0
"S00104792",2,1,1
"S00104793",1,0,1
"S00104794",3,1,2
"S00104795",3,0,3
"S00104796",3,2,1
"S00104797",7,4,3
"S00104798",1,0,1
"S00104799",6,4,2
"S00104800",0,0,0
"S00104801",4,2,2
"S00104802",2,1,1
"S00104803",1,0,1
"S00104804",3,3,0
"S00104805",5,3,2
"S00104806",0,0,0
"S00104807",4,1,3
"S00104808",5,3,2
"S00104809",1,0,1
"S00104810",3,0,3
"S00104811",0,0,0
"S00104812",3,2,1
"S00104813",4,2,2
"S00104814",0,0,0
"S00104815",2,1,1
"S00104816",6,2,4
"S00104817",2,1,1
"S00104818",3,1,2
"S00104819",2,1,1
"S00104820",2,1,1
"S00104821",0,0,0
"S00104822",2,0,2
"S00104823",9,4,5
"S00104824",7,4,3
"S00104825",4,3,1
"S00104826",1,0,1
"S00104827",0,0,0
"S00104828",2,2,0
"S00104829",3,2,1
"S00104830",9,3,6
"S00104831",9,4,5
"S00104832",0,0,0
"S00104833",2,2,0
"S00104834",3,2,1
"S00104835",0,0,0
"S00104836",5,4,1
"S00104837",4,1,3
"S00104838",5,2,3
"S00104839",4,2,2
"S00104840",0,0,0
"S00104841",0,0,0
"S00104842",1,1,0
"S00104843",1,1,0
"S00104844",3,0,3
"S00104845",0,0,0
"S00104846",0,0,0
"S00104847",0,0,0
"S00104848",0,0,0
"S00104849",1,1,0
"S00104850",1,1,0
"S00104851",3,1,2
"S00104852",3,3,0
"S00104853",2,1,1
"S00104854",2,2,0
"S00104855",0,0,0
"S00104856",5,1,4
"S00104857",9,5,4
"S00104858",9,2,7
"S00104859",4,1,3
"S00104860",0,0,0
"S00104861",0,0,0
"S00104862",1,0,1
"S00104863",0,0,0
"S00104864",0,0,0
"S00104865",0,0,0
"S00104866",0,0,0
"S00104867",0,0,0
"S00104868",0,0,0
"S00104869",0,0,0
"S00104870",1,1,0
"S00104871",2,1,1
"S00104872",1,1,0
"S00104873",6,3,3
"S00104874",0,0,0
"S00104875",4,2,2
"S00104876",3,1,2
"S00104877",1,1,0
"S00104878",0,0,0
"S00104879",2,1,1
"S00104880",1,1,0
"S00104881",4,1,3
"S00104882",0,0,0
"S00104883",0,0,0
"S00104884",6,3,3
"S00104885",1,0,1
"S00104886",1,0,1
"S00104887",2,1,1
"S00104888",4,2,2
"S00104889",1,0,1
"S00104890",3,2,1
"S00104891",3,1,2
"S00104892",3,3,0
"S00104893",0,0,0
"S00104894",0,0,0
"S00104895",0,0,0
"S00104896",0,0,0
"S00104897",0,0,0
"S00104898",1,0,1
"S00104899",0,0,0
"S00104900",0,0,0
"S00104901",1,1,0
"S00104902",1,0,1
"S00104903",3,2,1
"S00104904",0,0,0
"S00104905",0,0,0
"S00104906",5,4,1
"S00104907",0,0,0
"S00104908",2,1,1
"S00104909",1,0,1
"S00104910",0,0,0
"S00104911",2,2,0
"S00104912",0,0,0
"S00104913",0,0,0
"S00104914",7,5,2
"S00104915",0,0,0
"S00104916",3,1,2
"S00104917",0,0,0
"S00104918",2,0,2
"S00104919",3,2,1
"S00104920",1,1,0
"S00104921",2,0,2
"S00104922",3,2,1
"S00104923",0,0,0
"S00104924",1,1,0
"S00104925",7,3,4
"S00104926",9,2,7
"S00104927",8,5,3
"S00104928",4,1,3
"S00104929",5,1,4
"S00104930",2,2,0
"S00104931",2,1,1
"S00104932",6,3,3
"S00104933",1,0,1
"S00104934",3,0,3
"S00104935",1,0,1
"S00104936",6,3,3
"S00104937",2,2,0
"S00104938",1,0,1
"S00104939",3,0,3
"S00104940",6,4,2
"S00104941",2,1,1
"S00104942",0,0,0
"S00104943",5,1,4
"S00104944",7,6,1
"S00104945",7,3,4
"S00104946",9,5,4
"S00104947",0,0,0
"S00104948",3,2,1
"S00104949",7,3,4
"S00104950",2,0,2
"S00104951",9,5,4
"S00104952",10,4,6
"S00104953",7,3,4
"S00104954",7,2,5
"S00104955",2,1,1
"S00104956",0,0,0
"S00104957",2,1,1
"S00104958",0,0,0
"S00104959",5,1,4
"S00104960",6,4,2
"S00104961",5,1,4
"S00104962",0,0,0
"S00104963",1,0,1
"S00104964",0,0,0
"S00104965",0,0,0
"S00104966",0,0,0
"S00104967",1,0,1
"S00104968",1,1,0
"S00104969",0,0,0
"S00104970",6,4,2
"S00104971",7,4,3
"S00104972",7,3,4
"S00104973",4,1,3
"S00104974",1,0,1
"S00104975",0,0,0
"S00104976",1,0,1
"S00104977",0,0,0
"S00104978",0,0,0
"S00104979",1,0,1
"S00104980",1,0,1
"S00104981",2,1,1
"S00104982",0,0,0
"S00104983",10,4,6
"S00104984",0,0,0
"S00104985",0,0,0
"S00104986",0,0,0
"S00104987",2,1,1
"S00104988",0,0,0
"S00104989",0,0,0
"S00104990",0,0,0
"S00104991",1,1,0
"S00104992",2,1,1
"S00104993",7,4,3
"S00104994",8,5,3
"S00104995",6,2,4
"S00104996",2,0,2
"S00104997",9,3,6
"S00104998",5,2,3
"S00104999",7,2,5
"S00105000",6,5,1
"S00105001",2,2,0
"S00105002",0,0,0
"S00105003",0,0,0
"S00105004",3,0,3
"S00105005",1,0,1
"S00105006",1,0,1
"S00105007",3,1,2
"S00105008",4,1,3
"S00105009",2,1,1
"S00105010",1,0,1
"S00105011",4,1,3
"S00105012",1,1,0
"S00105013",2,2,0
"S00105014",3,1,2
"S00105015",4,2,2
"S00105016",5,4,1
"S00105017",3,2,1
"S00105018",7,5,2
"S00105019",4,3,1
"S00105020",1,1,0
"S00105021",2,1,1
"S00105022",3,1,2
"S00105023",5,3,2
"S00105024",2,2,0
"S00105025",2,1,1
"S00105026",4,2,2
"S00105027",8,6,2
"S00105028",1,1,0
"S00105029",5,2,3
"S00105030",0,0,0
"S00105031",5,3,2
"S00105032",2,1,1
"S00105033",3,2,1
"S00105034",2,2,0
"S00105035",5,2,3
"S00105036",6,2,4
"S00105037",8,3,5
"S00105038",5,3,2
"S00105039",2,0,2
"S00105040",4,2,2
"S00105041",7,5,2
"S00105042",8,4,4
"S00105043",3,2,1
"S00105044",5,2,3
"S00105045",0,0,0
"S00105046",0,0,0
"S00105047",6,2,4
"S00105048",16,9,7
"S00105049",1,0,1
"S00105050",10,4,6
"S00105051",11,4,7
"S00105052",8,4,4
"S00105053",3,2,1
"S00105054",10,3,7
"S00105055",11,7,4
"S00105056",5,1,4
"S00105057",3,2,1
"S00105058",2,2,0
"S00105059",4,0,4
"S00105060",6,3,3
"S00105061",4,0,4
"S00105062",1,1,0
"S00105063",3,2,1
"S00105064",2,2,0
"S00105065",1,1,0
"S00105066",8,3,5
"S00105067",9,3,6
"S00105068",8,5,3
"S00105069",1,1,0
"S00105070",5,1,4
"S00105071",1,0,1
"S00105072",3,1,2
"S00105073",7,5,2
"S00105074",1,1,0
"S00105075",2,2,0
"S00105076",1,1,0
"S00105077",0,0,0
"S00105078",4,1,3
"S00105079",11,6,5
"S00105080",2,1,1
"S00105081",1,0,1
"S00105082",1,0,1
"S00105083",3,2,1
"S00105084",1,0,1
"S00105085",0,0,0
"S00105086",1,0,1
"S00105087",0,0,0
"S00105088",0,0,0
"S00105089",0,0,0
"S00105090",2,0,2
"S00105091",1,0,1
"S00105092",3,1,2
"S00105093",6,3,3
"S00105094",0,0,0
"S00105095",0,0,0
"S00105096",3,2,1
"S00105097",1,0,1
"S00105098",1,1,0
"S00105099",0,0,0
"S00105100",0,0,0
"S00105101",4,0,4
"S00105102",0,0,0
"S00105103",0,0,0
"S00105104",0,0,0
"S00105105",0,0,0
"S00105106",0,0,0
"S00105107",0,0,0
"S00105108",0,0,0
"S00105109",0,0,0
"S00105110",0,0,0
"S00105111",0,0,0
"S00105112",0,0,0
"S00105113",0,0,0
"S00105114",0,0,0
"S00105115",0,0,0
"S00105116",0,0,0
"S00105117",0,0,0
"S00105118",0,0,0
"S00105119",0,0,0
"S00105120",0,0,0
"S00105121",1,0,1
"S00105122",0,0,0
"S00105123",0,0,0
"S00105124",0,0,0
"S00105125",1,1,0
"S00105126",0,0,0
"S00105127",0,0,0
"S00105128",2,1,1
"S00105129",0,0,0
"S00105130",3,2,1
"S00105131",4,1,3
"S00105132",0,0,0
"S00105133",1,1,0
"S00105134",1,0,1
"S00105135",0,0,0
"S00105136",0,0,0
"S00105137",0,0,0
"S00105138",0,0,0
"S00105139",0,0,0
"S00105140",0,0,0
"S00105141",0,0,0
"S00105142",1,0,1
"S00105143",0,0,0
"S00105144",1,0,1
"S00105145",0,0,0
"S00105146",0,0,0
"S00105147",0,0,0
"S00105148",0,0,0
"S00105149",1,1,0
"S00105150",0,0,0
"S00105151",1,1,0
"S00105152",0,0,0
"S00105153",1,1,0
"S00105154",0,0,0
"S00105155",5,3,2
"S00105156",1,0,1
"S00105157",0,0,0
"S00105158",2,2,0
"S00105159",0,0,0
"S00105160",0,0,0
"S00105161",1,0,1
"S00105162",0,0,0
"S00105163",0,0,0
"S00105164",1,1,0
"S00105165",0,0,0
"S00105166",0,0,0
"S00105167",0,0,0
"S00105168",0,0,0
"S00105169",0,0,0
"S00105170",0,0,0
"S00105171",0,0,0
"S00105172",0,0,0
"S00105173",0,0,0
"S00105174",0,0,0
"S00105175",0,0,0
"S00105176",1,1,0
"S00105177",0,0,0
"S00105178",0,0,0
"S00105179",0,0,0
"S00105180",0,0,0
"S00105181",0,0,0
"S00105182",0,0,0
"S00105183",0,0,0
"S00105184",0,0,0
"S00105185",0,0,0
"S00105186",0,0,0
"S00105187",0,0,0
"S00105188",0,0,0
"S00105189",0,0,0
"S00105190",0,0,0
"S00105191",0,0,0
"S00105192",0,0,0
"S00105193",0,0,0
"S00105194",0,0,0
"S00105195",0,0,0
"S00105196",0,0,0
"S00105197",0,0,0
"S00105198",0,0,0
"S00105199",0,0,0
"S00105200",1,0,1
"S00105201",0,0,0
"S00105202",0,0,0
"S00105203",1,0,1
"S00105204",0,0,0
"S00105205",0,0,0
"S00105206",0,0,0
"S00105207",0,0,0
"S00105208",0,0,0
"S00105209",0,0,0
"S00105210",1,1,0
"S00105211",0,0,0
"S00105212",0,0,0
"S00105213",0,0,0
"S00105214",0,0,0
"S00105215",0,0,0
"S00105216",2,0,2
"S00105217",0,0,0
"S00105218",0,0,0
"S00105219",0,0,0
"S00105220",0,0,0
"S00105221",1,1,0
"S00105222",0,0,0
"S00105223",0,0,0
"S00105224",0,0,0
"S00105225",0,0,0
"S00105226",0,0,0
"S00105227",1,0,1
"S00105228",0,0,0
"S00105229",0,0,0
"S00105230",0,0,0
"S00105231",0,0,0
"S00105232",4,3,1
"S00105233",1,1,0
"S00105234",0,0,0
"S00105235",1,0,1
"S00105236",0,0,0
"S00105237",0,0,0
"S00105238",1,1,0
"S00105239",0,0,0
"S00105240",0,0,0
"S00105241",0,0,0
"S00105242",1,1,0
"S00105243",1,0,1
"S00105244",0,0,0
"S00105245",0,0,0
"S00105246",0,0,0
"S00105247",0,0,0
"S00105248",0,0,0
"S00105249",0,0,0
"S00105250",0,0,0
"S00105251",0,0,0
"S00105252",0,0,0
"S00105253",1,1,0
"S00105254",0,0,0
"S00105255",0,0,0
"S00105256",0,0,0
"S00105257",2,0,2
"S00105258",0,0,0
"S00105259",0,0,0
"S00105260",0,0,0
"S00105261",0,0,0
"S00105262",0,0,0
"S00105263",1,0,1
"S00105264",0,0,0
"S00105265",0,0,0
"S00105266",0,0,0
"S00105267",1,1,0
"S00105268",0,0,0
"S00105269",0,0,0
"S00105270",1,0,1
"S00105271",0,0,0
"S00105272",0,0,0
"S00105273",0,0,0
"S00105274",0,0,0
"S00105275",0,0,0
"S00105276",0,0,0
"S00105277",0,0,0
"S00105278",1,0,1
"S00105279",0,0,0
"S00105280",0,0,0
"S00105281",0,0,0
"S00105282",0,0,0
"S00105283",0,0,0
"S00105284",0,0,0
"S00105285",0,0,0
"S00105286",0,0,0
"S00105287",0,0,0
"S00105288",0,0,0
"S00105289",0,0,0
"S00105290",1,1,0
"S00105291",0,0,0
"S00105292",1,1,0
"S00105293",0,0,0
"S00105294",0,0,0
"S00105295",0,0,0
"S00105296",0,0,0
"S00105297",0,0,0
"S00105298",0,0,0
"S00105299",0,0,0
"S00105300",0,0,0
"S00105301",0,0,0
"S00105302",0,0,0
"S00105303",0,0,0
"S00105304",2,2,0
"S00105305",0,0,0
"S00105306",0,0,0
"S00105307",0,0,0
"S00105308",0,0,0
"S00105309",0,0,0
"S00105310",0,0,0
"S00105311",0,0,0
"S00105312",0,0,0
"S00105313",1,1,0
"S00105314",0,0,0
"S00105315",1,1,0
"S00105316",1,1,0
"S00105317",0,0,0
"S00105318",0,0,0
"S00105319",0,0,0
"S00105320",0,0,0
"S00105321",0,0,0
"S00105322",0,0,0
"S00105323",0,0,0
"S00105324",0,0,0
"S00105325",0,0,0
"S00105326",0,0,0
"S00105327",1,1,0
"S00105328",0,0,0
"S00105329",0,0,0
"S00105330",0,0,0
"S00105331",0,0,0
"S00105332",1,1,0
"S00105333",0,0,0
"S00105334",0,0,0
"S00105335",2,1,1
"S00105336",0,0,0
"S00105337",0,0,0
"S00105338",1,1,0
"S00105339",0,0,0
"S00105340",0,0,0
"S00105341",1,1,0
"S00105342",0,0,0
"S00105343",0,0,0
"S00105344",0,0,0
"S00105345",0,0,0
"S00105346",0,0,0
"S00105347",0,0,0
"S00105348",0,0,0
"S00105349",0,0,0
"S00105350",0,0,0
"S00105351",0,0,0
"S00105352",1,1,0
"S00105353",0,0,0
"S00105354",0,0,0
"S00105355",0,0,0
"S00105356",0,0,0
"S00105357",0,0,0
"S00105358",1,0,1
"S00105359",0,0,0
"S00105360",0,0,0
"S00105361",0,0,0
"S00105362",0,0,0
"S00105363",0,0,0
"S00105364",0,0,0
"S00105365",0,0,0
"S00105366",0,0,0
"S00105367",0,0,0
"S00105368",0,0,0
"S00105369",0,0,0
"S00105370",1,0,1
"S00105371",1,1,0
"S00105372",2,0,2
"S00105373",1,0,1
"S00105374",0,0,0
"S00105375",2,1,1
"S00105376",4,1,3
"S00105377",0,0,0
"S00105378",0,0,0
"S00105379",0,0,0
"S00105380",0,0,0
"S00105381",0,0,0
"S00105382",0,0,0
"S00105383",0,0,0
"S00105384",0,0,0
"S00105385",1,1,0
"S00105386",1,0,1
"S00105387",3,1,2
"S00105388",2,0,2
"S00105389",2,0,2
"S00105390",1,0,1
"S00105391",2,0,2
"S00105392",0,0,0
"S00105393",0,0,0
"S00105394",0,0,0
"S00105395",0,0,0
"S00105396",8,3,5
"S00105397",0,0,0
"S00105398",3,2,1
"S00105399",3,3,0
"S00105400",1,0,1
"S00105401",1,0,1
"S00105402",3,0,3
"S00105403",2,1,1
"S00105404",0,0,0
"S00105405",1,0,1
"S00105406",0,0,0
"S00105407",0,0,0
"S00105408",2,1,1
"S00105409",0,0,0
"S00105410",1,0,1
"S00105411",3,2,1
"S00105412",0,0,0
"S00105413",4,2,2
"S00105414",1,0,1
"S00105415",0,0,0
"S00105416",4,1,3
"S00105417",6,3,3
"S00105418",1,0,1
"S00105419",3,0,3
"S00105420",1,0,1
"S00105421",3,0,3
"S00105422",3,2,1
"S00105423",5,1,4
"S00105424",4,0,4
"S00105425",7,3,4
"S00105426",0,0,0
"S00105427",3,1,2
"S00105428",2,1,1
"S00105429",3,1,2
"S00105430",7,3,4
"S00105431",0,0,0
"S00105432",2,2,0
"S00105433",7,2,5
"S00105434",3,2,1
"S00105435",17,6,11
"S00105436",11,5,6
"S00105437",0,0,0
"S00105438",7,3,4
"S00105439",11,2,9
"S00105440",9,6,3
"S00105441",9,4,5
"S00105442",4,2,2
"S00105443",9,3,6
"S00105444",4,1,3
"S00105445",4,2,2
"S00105446",2,0,2
"S00105447",4,2,2
"S00105448",0,0,0
"S00105449",2,2,0
"S00105450",0,0,0
"S00105451",0,0,0
"S00105452",0,0,0
"S00105453",1,1,0
"S00105454",0,0,0
"S00105455",0,0,0
"S00105456",0,0,0
"S00105457",2,1,1
"S00105458",3,2,1
"S00105459",0,0,0
"S00105460",0,0,0
"S00105461",0,0,0
"S00105462",0,0,0
"S00105463",0,0,0
"S00105464",1,1,0
"S00105465",0,0,0
"S00105466",0,0,0
"S00105467",2,2,0
"S00105468",2,2,0
"S00105469",1,0,1
"S00105470",5,2,3
"S00105471",0,0,0
"S00105472",0,0,0
"S00105473",1,0,1
"S00105474",2,2,0
"S00105475",0,0,0
"S00105476",1,1,0
"S00105477",0,0,0
"S00105478",1,0,1
"S00105479",5,2,3
"S00105480",0,0,0
"S00105481",0,0,0
"S00105482",3,3,0
"S00105483",4,3,1
"S00105484",2,0,2
"S00105485",0,0,0
"S00105486",0,0,0
"S00105487",0,0,0
"S00105488",3,2,1
"S00105489",0,0,0
"S00105490",2,1,1
"S00105491",0,0,0
"S00105492",0,0,0
"S00105493",0,0,0
"S00105494",0,0,0
"S00105495",0,0,0
"S00105496",0,0,0
"S00105497",0,0,0
"S00105498",5,2,3
"S00105499",0,0,0
"S00105500",0,0,0
"S00105501",1,1,0
"S00105502",1,0,1
"S00105503",1,1,0
"S00105504",0,0,0
"S00105505",0,0,0
"S00105506",2,2,0
"S00105507",0,0,0
"S00105508",0,0,0
"S00105509",0,0,0
"S00105510",1,0,1
"S00105511",0,0,0
"S00105512",1,1,0
"S00105513",0,0,0
"S00105514",0,0,0
"S00105515",0,0,0
"S00105516",0,0,0
"S00105517",0,0,0
"S00105518",0,0,0
"S00105519",6,1,5
"S00105520",2,1,1
"S00105521",1,0,1
"S00105522",1,1,0
"S00105523",0,0,0
"S00105524",0,0,0
"S00105525",1,1,0
"S00105526",2,1,1
"S00105527",0,0,0
"S00105528",1,0,1
"S00105529",0,0,0
"S00105530",2,1,1
"S00105531",1,1,0
"S00105532",1,0,1
"S00105533",3,2,1
"S00105534",0,0,0
"S00105535",2,1,1
"S00105536",0,0,0
"S00105537",2,2,0
"S00105538",6,2,4
"S00105539",1,1,0
"S00105540",0,0,0
"S00105541",1,1,0
"S00105542",1,1,0
"S00105543",2,2,0
"S00105544",5,1,4
"S00105545",1,0,1
"S00105546",0,0,0
"S00105547",4,2,2
"S00105548",0,0,0
"S00105549",5,4,1
"S00105550",0,0,0
"S00105551",1,0,1
"S00105552",3,0,3
"S00105553",0,0,0
"S00105554",2,1,1
"S00105555",0,0,0
"S00105556",0,0,0
"S00105557",2,2,0
"S00105558",0,0,0
"S00105559",0,0,0
"S00105560",2,1,1
"S00105561",0,0,0
"S00105562",0,0,0
"S00105563",0,0,0
"S00105564",1,1,0
"S00105565",1,1,0
"S00105566",2,1,1
"S00105567",1,1,0
"S00105568",0,0,0
"S00105569",0,0,0
"S00105570",0,0,0
"S00105571",3,3,0
"S00105572",2,1,1
"S00105573",0,0,0
"S00105574",1,1,0
"S00105575",4,2,2
"S00105576",3,2,1
"S00105577",2,0,2
"S00105578",4,3,1
"S00105579",0,0,0
"S00105580",0,0,0
"S00105581",0,0,0
"S00105582",4,3,1
"S00105583",1,0,1
"S00105584",3,0,3
"S00105585",0,0,0
"S00105586",3,1,2
"S00105587",2,2,0
"S00105588",1,1,0
"S00105589",2,1,1
"S00105590",9,3,6
"S00105591",2,0,2
"S00105592",4,0,4
"S00105593",3,2,1
"S00105594",4,1,3
"S00105595",1,0,1
"S00105596",5,2,3
"S00105597",5,5,0
"S00105598",1,0,1
"S00105599",1,0,1
"S00105600",0,0,0
"S00105601",6,3,3
"S00105602",2,0,2
"S00105603",2,2,0
"S00105604",3,2,1
"S00105605",5,5,0
"S00105606",0,0,0
"S00105607",2,1,1
"S00105608",0,0,0
"S00105609",0,0,0
"S00105610",4,2,2
"S00105611",0,0,0
"S00105612",2,1,1
"S00105613",1,0,1
"S00105614",0,0,0
"S00105615",0,0,0
"S00105616",3,3,0
"S00105617",0,0,0
"S00105618",0,0,0
"S00105619",1,1,0
"S00105620",0,0,0
"S00105621",1,0,1
"S00105622",0,0,0
"S00105623",0,0,0
"S00105624",0,0,0
"S00105625",0,0,0
"S00105626",0,0,0
"S00105627",0,0,0
"S00105628",0,0,0
"S00105629",4,2,2
"S00105630",3,2,1
"S00105631",1,0,1
"S00105632",2,1,1
"S00105633",2,0,2
"S00105634",2,1,1
"S00105635",0,0,0
"S00105636",1,1,0
"S00105637",2,0,2
"S00105638",0,0,0
"S00105639",0,0,0
"S00105640",0,0,0
"S00105641",0,0,0
"S00105642",1,1,0
"S00105643",0,0,0
"S00105644",0,0,0
"S00105645",1,0,1
"S00105646",2,1,1
"S00105647",0,0,0
"S00105648",0,0,0
"S00105649",1,0,1
"S00105650",0,0,0
"S00105651",0,0,0
"S00105652",0,0,0
"S00105653",0,0,0
"S00105654",0,0,0
"S00105655",0,0,0
"S00105656",0,0,0
"S00105657",0,0,0
"S00105658",0,0,0
"S00105659",4,3,1
"S00105660",1,1,0
"S00105661",1,0,1
"S00105662",1,0,1
"S00105663",0,0,0
"S00105664",0,0,0
"S00105665",2,1,1
"S00105666",1,1,0
"S00105667",0,0,0
"S00105668",0,0,0
"S00105669",0,0,0
"S00105670",0,0,0
"S00105671",0,0,0
"S00105672",2,0,2
"S00105673",2,0,2
"S00105674",0,0,0
"S00105675",2,0,2
"S00105676",3,2,1
"S00105677",0,0,0
"S00105678",0,0,0
"S00105679",0,0,0
"S00105680",0,0,0
"S00105681",0,0,0
"S00105682",0,0,0
"S00105683",0,0,0
"S00105684",0,0,0
"S00105685",0,0,0
"S00105686",0,0,0
"S00105687",0,0,0
"S00105688",1,1,0
"S00105689",1,0,1
"S00105690",7,4,3
"S00105691",2,1,1
"S00105692",1,1,0
"S00105693",10,6,4
"S00105694",1,1,0
"S00105695",7,4,3
"S00105696",1,0,1
"S00105697",1,0,1
"S00105698",7,3,4
"S00105699",4,1,3
"S00105700",4,3,1
"S00105701",2,2,0
"S00105702",2,1,1
"S00105703",3,1,2
"S00105704",3,0,3
"S00105705",1,0,1
"S00105706",5,2,3
"S00105707",1,1,0
"S00105708",1,0,1
"S00105709",12,8,4
"S00105710",1,0,1
"S00105711",8,5,3
"S00105712",1,0,1
"S00105713",4,3,1
"S00105714",5,1,4
"S00105715",4,1,3
"S00105716",1,1,0
"S00105717",3,1,2
"S00105718",1,0,1
"S00105719",5,2,3
"S00105720",5,1,4
"S00105721",5,1,4
"S00105722",3,2,1
"S00105723",1,0,1
"S00105724",2,1,1
"S00105725",3,2,1
"S00105726",2,0,2
"S00105727",2,1,1
"S00105728",3,1,2
"S00105729",1,1,0
"S00105730",1,0,1
"S00105731",2,1,1
"S00105732",8,3,5
"S00105733",8,2,6
"S00105734",3,1,2
"S00105735",2,1,1
"S00105736",1,1,0
"S00105737",3,2,1
"S00105738",1,1,0
"S00105739",1,1,0
"S00105740",8,4,4
"S00105741",1,0,1
"S00105742",3,1,2
"S00105743",0,0,0
"S00105744",0,0,0
"S00105745",1,0,1
"S00105746",4,2,2
"S00105747",8,4,4
"S00105748",1,0,1
"S00105749",5,2,3
"S00105750",1,0,1
"S00105751",0,0,0
"S00105752",7,5,2
"S00105753",3,2,1
"S00105754",1,0,1
"S00105755",7,2,5
"S00105756",4,2,2
"S00105757",0,0,0
"S00105758",0,0,0
"S00105759",1,0,1
"S00105760",0,0,0
"S00105761",0,0,0
"S00105762",3,1,2
"S00105763",2,2,0
"S00105764",0,0,0
"S00105765",0,0,0
"S00105766",1,0,1
"S00105767",1,0,1
"S00105768",0,0,0
"S00105769",0,0,0
"S00105770",0,0,0
"S00105771",2,1,1
"S00105772",0,0,0
"S00105773",0,0,0
"S00105774",0,0,0
"S00105775",1,0,1
"S00105776",0,0,0
"S00105777",1,1,0
"S00105778",3,2,1
"S00105779",0,0,0
"S00105780",0,0,0
"S00105781",0,0,0
"S00105782",1,1,0
"S00105783",0,0,0
"S00105784",2,2,0
"S00105785",0,0,0
"S00105786",0,0,0
"S00105787",0,0,0
"S00105788",0,0,0
"S00105789",0,0,0
"S00105790",0,0,0
"S00105791",0,0,0
"S00105792",0,0,0
"S00105793",0,0,0
"S00105794",1,0,1
"S00105795",0,0,0
"S00105796",0,0,0
"S00105797",0,0,0
"S00105798",0,0,0
"S00105799",0,0,0
"S00105800",1,0,1
"S00105801",2,0,2
"S00105802",0,0,0
"S00105803",1,1,0
"S00105804",1,0,1
"S00105805",2,0,2
"S00105806",1,0,1
"S00105807",0,0,0
"S00105808",0,0,0
"S00105809",2,1,1
"S00105810",0,0,0
"S00105811",0,0,0
"S00105812",0,0,0
"S00105813",3,2,1
"S00105814",0,0,0
"S00105815",0,0,0
"S00105816",0,0,0
"S00105817",0,0,0
"S00105818",0,0,0
"S00105819",0,0,0
"S00105820",1,1,0
"S00105821",0,0,0
"S00105822",0,0,0
"S00105823",0,0,0
"S00105824",1,1,0
"S00105825",1,0,1
"S00105826",0,0,0
"S00105827",1,0,1
"S00105828",0,0,0
"S00105829",0,0,0
"S00105830",0,0,0
"S00105831",1,0,1
"S00105832",1,0,1
"S00105833",0,0,0
"S00105834",0,0,0
"S00105835",0,0,0
"S00105836",1,1,0
"S00105837",0,0,0
"S00105838",0,0,0
"S00105839",0,0,0
"S00105840",0,0,0
"S00105841",0,0,0
"S00105842",0,0,0
"S00105843",1,0,1
"S00105844",1,0,1
"S00105845",1,1,0
"S00105846",1,1,0
"S00105847",1,0,1
"S00105848",0,0,0
"S00105849",5,4,1
"S00105850",0,0,0
"S00105851",1,0,1
"S00105852",0,0,0
"S00105853",0,0,0
"S00105854",0,0,0
"S00105855",0,0,0
"S00105856",0,0,0
"S00105857",0,0,0
"S00105858",0,0,0
"S00105859",0,0,0
"S00105860",1,1,0
"S00105861",1,0,1
"S00105862",0,0,0
"S00105863",0,0,0
"S00105864",2,1,1
"S00105865",2,0,2
"S00105866",2,0,2
"S00105867",0,0,0
"S00105868",1,1,0
"S00105869",2,1,1
"S00105870",0,0,0
"S00105871",0,0,0
"S00105872",0,0,0
"S00105873",0,0,0
"S00105874",0,0,0
"S00105875",0,0,0
"S00105876",1,1,0
"S00105877",1,0,1
"S00105878",0,0,0
"S00105879",1,0,1
"S00105880",0,0,0
"S00105881",0,0,0
"S00105882",0,0,0
"S00105883",2,1,1
"S00105884",0,0,0
"S00105885",0,0,0
"S00105886",0,0,0
"S00105887",3,1,2
"S00105888",0,0,0
"S00105889",0,0,0
"S00105890",0,0,0
"S00105891",1,0,1
"S00105892",0,0,0
"S00105893",0,0,0
"S00105894",1,0,1
"S00105895",0,0,0
"S00105896",0,0,0
"S00105897",0,0,0
"S00105898",0,0,0
"S00105899",1,0,1
"S00105900",0,0,0
"S00105901",0,0,0
"S00105902",3,0,3
"S00105903",1,0,1
"S00105904",2,1,1
"S00105905",1,1,0
"S00105906",0,0,0
"S00105907",0,0,0
"S00105908",0,0,0
"S00105909",0,0,0
"S00105910",0,0,0
"S00105911",1,0,1
"S00105912",1,1,0
"S00105913",0,0,0
"S00105914",3,1,2
"S00105915",0,0,0
"S00105916",1,1,0
"S00105917",0,0,0
"S00105918",0,0,0
"S00105919",0,0,0
"S00105920",0,0,0
"S00105921",2,1,1
"S00105922",0,0,0
"S00105923",1,1,0
"S00105924",0,0,0
"S00105925",0,0,0
"S00105926",5,3,2
"S00105927",1,0,1
"S00105928",6,3,3
"S00105929",2,0,2
"S00105930",2,1,1
"S00105931",0,0,0
"S00105932",0,0,0
"S00105933",2,0,2
"S00105934",3,1,2
"S00105935",11,6,5
"S00105936",3,2,1
"S00105937",2,2,0
"S00105938",1,0,1
"S00105939",3,2,1
"S00105940",1,1,0
"S00105941",1,0,1
"S00105942",3,1,2
"S00105943",0,0,0
"S00105944",2,1,1
"S00105945",0,0,0
"S00105946",0,0,0
"S00105947",0,0,0
"S00105948",1,0,1
"S00105949",3,2,1
"S00105950",2,1,1
"S00105951",1,1,0
"S00105952",0,0,0
"S00105953",3,1,2
"S00105954",3,0,3
"S00105955",0,0,0
"S00105956",0,0,0
"S00105957",4,2,2
"S00105958",3,1,2
"S00105959",5,2,3
"S00105960",3,2,1
"S00105961",6,3,3
"S00105962",0,0,0
"S00105963",5,0,5
"S00105964",2,1,1
"S00105965",2,1,1
"S00105966",4,2,2
"S00105967",0,0,0
"S00105968",2,1,1
"S00105969",1,0,1
"S00105970",2,0,2
"S00105971",6,3,3
"S00105972",1,0,1
"S00105973",1,0,1
"S00105974",1,0,1
"S00105975",1,1,0
"S00105976",0,0,0
"S00105977",0,0,0
"S00105978",0,0,0
"S00105979",1,0,1
"S00105980",3,1,2
"S00105981",2,1,1
"S00105982",2,1,1
"S00105983",0,0,0
"S00105984",3,2,1
"S00105985",1,0,1
"S00105986",4,2,2
"S00105987",6,2,4
"S00105988",2,1,1
"S00105989",5,0,5
"S00105990",3,2,1
"S00105991",0,0,0
"S00105992",2,0,2
"S00105993",1,0,1
"S00105994",1,1,0
"S00105995",0,0,0
"S00105996",3,2,1
"S00105997",0,0,0
"S00105998",1,0,1
"S00105999",0,0,0
"S00106000",5,4,1
"S00106001",3,3,0
"S00106002",2,2,0
"S00106003",1,1,0
"S00106004",0,0,0
"S00106005",1,1,0
"S00106006",2,1,1
"S00106007",2,1,1
"S00106008",1,1,0
"S00106009",2,0,2
"S00106010",0,0,0
"S00106011",0,0,0
"S00106012",0,0,0
"S00106013",1,0,1
"S00106014",1,1,0
"S00106015",8,3,5
"S00106016",0,0,0
"S00106017",0,0,0
"S00106018",5,1,4
"S00106019",0,0,0
"S00106020",1,1,0
"S00106021",1,1,0
"S00106022",0,0,0
"S00106023",0,0,0
"S00106024",0,0,0
"S00106025",0,0,0
"S00106026",0,0,0
"S00106027",0,0,0
"S00106028",1,0,1
"S00106029",0,0,0
"S00106030",0,0,0
"S00106031",0,0,0
"S00106032",0,0,0
"S00106033",0,0,0
"S00106034",1,1,0
"S00106035",1,0,1
"S00106036",1,0,1
"S00106037",1,0,1
"S00106038",0,0,0
"S00106039",1,1,0
"S00106040",1,0,1
"S00106041",1,1,0
"S00106042",0,0,0
"S00106043",2,1,1
"S00106044",1,0,1
"S00106045",0,0,0
"S00106046",1,1,0
"S00106047",3,1,2
"S00106048",0,0,0
"S00106049",0,0,0
"S00106050",4,1,3
"S00106051",2,2,0
"S00106052",2,1,1
"S00106053",5,4,1
"S00106054",4,1,3
"S00106055",2,1,1
"S00106056",0,0,0
"S00106057",4,0,4
"S00106058",2,0,2
"S00106059",2,0,2
"S00106060",5,2,3
"S00106061",0,0,0
"S00106062",5,3,2
"S00106063",1,0,1
"S00106064",0,0,0
"S00106065",2,2,0
"S00106066",0,0,0
"S00106067",0,0,0
"S00106068",0,0,0
"S00106069",0,0,0
"S00106070",1,1,0
"S00106071",2,1,1
"S00106072",2,0,2
"S00106073",1,1,0
"S00106074",0,0,0
"S00106075",0,0,0
"S00106076",3,1,2
"S00106077",0,0,0
"S00106078",5,1,4
"S00106079",2,0,2
"S00106080",0,0,0
"S00106081",0,0,0
"S00106082",2,1,1
"S00106083",0,0,0
"S00106084",0,0,0
"S00106085",0,0,0
"S00106086",0,0,0
"S00106087",0,0,0
"S00106088",0,0,0
"S00106089",0,0,0
"S00106090",0,0,0
"S00106091",0,0,0
"S00106092",0,0,0
"S00106093",0,0,0
"S00106094",0,0,0
"S00106095",0,0,0
"S00106096",3,2,1
"S00106097",0,0,0
"S00106098",1,1,0
"S00106099",0,0,0
"S00106100",2,1,1
"S00106101",3,0,3
"S00106102",0,0,0
"S00106103",0,0,0
"S00106104",0,0,0
"S00106105",0,0,0
"S00106106",1,0,1
"S00106107",4,3,1
"S00106108",0,0,0
"S00106109",3,2,1
"S00106110",1,1,0
"S00106111",0,0,0
"S00106112",0,0,0
"S00106113",1,1,0
"S00106114",1,1,0
"S00106115",0,0,0
"S00106116",0,0,0
"S00106117",0,0,0
"S00106118",1,1,0
"S00106119",1,0,1
"S00106120",0,0,0
"S00106121",0,0,0
"S00106122",0,0,0
"S00106123",0,0,0
"S00106124",0,0,0
"S00106125",1,0,1
"S00106126",0,0,0
"S00106127",0,0,0
"S00106128",0,0,0
"S00106129",0,0,0
"S00106130",0,0,0
"S00106131",1,0,1
"S00106132",0,0,0
"S00106133",0,0,0
"S00106134",0,0,0
"S00106135",0,0,0
"S00106136",0,0,0
"S00106137",1,1,0
"S00106138",0,0,0
"S00106139",0,0,0
"S00106140",0,0,0
"S00106141",0,0,0
"S00106142",3,2,1
"S00106143",0,0,0
"S00106144",0,0,0
"S00106145",1,0,1
"S00106146",0,0,0
"S00106147",0,0,0
"S00106148",0,0,0
"S00106149",4,3,1
"S00106150",0,0,0
"S00106151",1,1,0
"S00106152",0,0,0
"S00106153",1,1,0
"S00106154",0,0,0
"S00106155",1,1,0
"S00106156",0,0,0
"S00106157",2,0,2
"S00106158",0,0,0
"S00106159",0,0,0
"S00106160",0,0,0
"S00106161",1,1,0
"S00106162",0,0,0
"S00106163",1,1,0
"S00106164",0,0,0
"S00106165",0,0,0
"S00106166",0,0,0
"S00106167",1,0,1
"S00106168",0,0,0
"S00106169",0,0,0
"S00106170",0,0,0
"S00106171",0,0,0
"S00106172",1,1,0
"S00106173",0,0,0
"S00106174",0,0,0
"S00106175",0,0,0
"S00106176",0,0,0
"S00106177",0,0,0
"S00106178",0,0,0
"S00106179",0,0,0
"S00106180",1,1,0
"S00106181",0,0,0
"S00106182",0,0,0
"S00106183",0,0,0
"S00106184",0,0,0
"S00106185",0,0,0
"S00106186",0,0,0
"S00106187",0,0,0
"S00106188",0,0,0
"S00106189",0,0,0
"S00106190",3,1,2
"S00106191",6,2,4
"S00106192",0,0,0
"S00106193",1,1,0
"S00106194",2,1,1
"S00106195",5,2,3
"S00106196",5,3,2
"S00106197",2,1,1
"S00106198",1,0,1
"S00106199",5,3,2
"S00106200",1,1,0
"S00106201",2,2,0
"S00106202",0,0,0
"S00106203",0,0,0
"S00106204",2,2,0
"S00106205",0,0,0
"S00106206",0,0,0
"S00106207",0,0,0
"S00106208",0,0,0
"S00106209",0,0,0
"S00106210",0,0,0
"S00106211",0,0,0
"S00106212",0,0,0
"S00106213",0,0,0
"S00106214",0,0,0
"S00106215",0,0,0
"S00106216",1,1,0
"S00106217",0,0,0
"S00106218",1,1,0
"S00106219",0,0,0
"S00106220",0,0,0
"S00106221",0,0,0
"S00106222",0,0,0
"S00106223",2,0,2
"S00106224",3,2,1
"S00106225",2,1,1
"S00106226",0,0,0
"S00106227",2,1,1
"S00106228",1,0,1
"S00106229",22,12,10
"S00106230",5,2,3
"S00106231",0,0,0
"S00106232",0,0,0
"S00106233",0,0,0
"S00106234",0,0,0
"S00106235",0,0,0
"S00106236",1,1,0
"S00106237",0,0,0
"S00106238",1,1,0
"S00106239",1,0,1
"S00106240",0,0,0
"S00106241",1,0,1
"S00106242",0,0,0
"S00106243",0,0,0
"S00106244",0,0,0
"S00106245",1,1,0
"S00106246",3,1,2
"S00106247",0,0,0
"S00106248",1,0,1
"S00106249",1,0,1
"S00106250",0,0,0
"S00106251",0,0,0
"S00106252",0,0,0
"S00106253",0,0,0
"S00106254",0,0,0
"S00106255",0,0,0
"S00106256",0,0,0
"S00106257",2,2,0
"S00106258",1,0,1
"S00106259",0,0,0
"S00106260",1,1,0
"S00106261",0,0,0
"S00106262",0,0,0
"S00106263",0,0,0
"S00106264",0,0,0
"S00106265",0,0,0
"S00106266",0,0,0
"S00106267",0,0,0
"S00106268",5,1,4
"S00106269",0,0,0
"S00106270",3,1,2
"S00106271",3,1,2
"S00106272",6,4,2
"S00106273",0,0,0
"S00106274",0,0,0
"S00106275",0,0,0
"S00106276",0,0,0
"S00106277",0,0,0
"S00106278",4,3,1
"S00106279",2,1,1
"S00106280",4,2,2
"S00106281",3,1,2
"S00106282",3,2,1
"S00106283",0,0,0
"S00106284",1,1,0
"S00106285",1,0,1
"S00106286",0,0,0
"S00106287",4,2,2
"S00106288",4,2,2
"S00106289",4,1,3
"S00106290",3,0,3
"S00106291",0,0,0
"S00106292",1,0,1
"S00106293",0,0,0
"S00106294",3,2,1
"S00106295",0,0,0
"S00106296",2,1,1
"S00106297",1,0,1
"S00106298",0,0,0
"S00106299",0,0,0
"S00106300",0,0,0
"S00106301",0,0,0
"S00106302",0,0,0
"S00106303",0,0,0
"S00106304",0,0,0
"S00106305",0,0,0
"S00106306",1,0,1
"S00106307",0,0,0
"S00106308",0,0,0
"S00106309",3,1,2
"S00106310",0,0,0
"S00106311",0,0,0
"S00106312",3,1,2
"S00106313",0,0,0
"S00106314",0,0,0
"S00106315",0,0,0
"S00106316",0,0,0
"S00106317",3,1,2
"S00106318",0,0,0
"S00106319",0,0,0
"S00106320",0,0,0
"S00106321",1,1,0
"S00106322",0,0,0
"S00106323",0,0,0
"S00106324",0,0,0
"S00106325",1,0,1
"S00106326",0,0,0
"S00106327",1,0,1
"S00106328",3,2,1
"S00106329",0,0,0
"S00106330",0,0,0
"S00106331",0,0,0
"S00106332",0,0,0
"S00106333",0,0,0
"S00106334",1,1,0
"S00106335",0,0,0
"S00106336",0,0,0
"S00106337",0,0,0
"S00106338",0,0,0
"S00106339",0,0,0
"S00106340",2,1,1
"S00106341",1,0,1
"S00106342",0,0,0
"S00106343",0,0,0
"S00106344",0,0,0
"S00106345",1,0,1
"S00106346",1,0,1
"S00106347",0,0,0
"S00106348",0,0,0
"S00106349",0,0,0
"S00106350",0,0,0
"S00106351",0,0,0
"S00106352",2,1,1
"S00106353",1,1,0
"S00106354",2,0,2
"S00106355",1,1,0
"S00106356",0,0,0
"S00106357",0,0,0
"S00106358",1,0,1
"S00106359",0,0,0
"S00106360",2,1,1
"S00106361",0,0,0
"S00106362",0,0,0
"S00106363",0,0,0
"S00106364",0,0,0
"S00106365",0,0,0
"S00106366",1,0,1
"S00106367",0,0,0
"S00106368",0,0,0
"S00106369",0,0,0
"S00106370",0,0,0
"S00106371",0,0,0
"S00106372",0,0,0
"S00106373",0,0,0
"S00106374",0,0,0
"S00106375",0,0,0
"S00106376",0,0,0
"S00106377",1,0,1
"S00106378",0,0,0
"S00106379",1,0,1
"S00106380",2,1,1
"S00106381",0,0,0
"S00106382",0,0,0
"S00106383",1,0,1
"S00106384",1,0,1
"S00106385",0,0,0
"S00106386",0,0,0
"S00106387",0,0,0
"S00106388",0,0,0
"S00106389",0,0,0
"S00106390",1,0,1
"S00106391",0,0,0
"S00106392",0,0,0
"S00106393",0,0,0
"S00106394",0,0,0
"S00106395",0,0,0
"S00106396",0,0,0
"S00106397",0,0,0
"S00106398",0,0,0
"S00106399",1,1,0
"S00106400",0,0,0
"S00106401",0,0,0
"S00106402",0,0,0
"S00106403",0,0,0
"S00106404",0,0,0
"S00106405",1,1,0
"S00106406",0,0,0
"S00106407",0,0,0
"S00106408",0,0,0
"S00106409",3,1,2
"S00106410",0,0,0
"S00106411",1,1,0
"S00106412",0,0,0
"S00106413",0,0,0
"S00106414",0,0,0
"S00106415",0,0,0
"S00106416",0,0,0
"S00106417",0,0,0
"S00106418",2,1,1
"S00106419",0,0,0
"S00106420",0,0,0
"S00106421",0,0,0
"S00106422",2,1,1
"S00106423",0,0,0
"S00106424",0,0,0
"S00106425",0,0,0
"S00106426",0,0,0
"S00106427",0,0,0
"S00106428",0,0,0
"S00106429",1,0,1
"S00106430",4,0,4
"S00106431",2,1,1
"S00106432",1,0,1
"S00106433",2,0,2
"S00106434",0,0,0
"S00106435",0,0,0
"S00106436",1,0,1
"S00106437",0,0,0
"S00106438",0,0,0
"S00106439",0,0,0
"S00106440",0,0,0
"S00106441",2,1,1
"S00106442",0,0,0
"S00106443",0,0,0
"S00106444",1,1,0
"S00106445",3,2,1
"S00106446",2,0,2
"S00106447",0,0,0
"S00106448",0,0,0
"S00106449",1,1,0
"S00106450",1,1,0
"S00106451",0,0,0
"S00106452",0,0,0
"S00106453",1,0,1
"S00106454",0,0,0
"S00106455",1,0,1
"S00106456",0,0,0
"S00106457",1,1,0
"S00106458",1,1,0
"S00106459",0,0,0
"S00106460",1,1,0
"S00106461",1,0,1
"S00106462",0,0,0
"S00106463",1,1,0
"S00106464",2,1,1
"S00106465",0,0,0
"S00106466",1,0,1
"S00106467",2,0,2
"S00106468",2,0,2
"S00106469",2,1,1
"S00106470",1,0,1
"S00106471",2,0,2
"S00106472",6,4,2
"S00106473",0,0,0
"S00106474",2,1,1
"S00106475",0,0,0
"S00106476",2,2,0
"S00106477",2,1,1
"S00106478",8,6,2
"S00106479",1,1,0
"S00106480",4,2,2
"S00106481",0,0,0
"S00106482",0,0,0
"S00106483",0,0,0
"S00106484",1,0,1
"S00106485",0,0,0
"S00106486",2,1,1
"S00106487",0,0,0
"S00106488",0,0,0
"S00106489",4,2,2
"S00106490",4,3,1
"S00106491",0,0,0
"S00106492",0,0,0
"S00106493",0,0,0
"S00106494",1,0,1
"S00106495",0,0,0
"S00106496",0,0,0
"S00106497",0,0,0
"S00106498",1,0,1
"S00106499",1,0,1
"S00106500",1,0,1
"S00106501",2,2,0
"S00106502",0,0,0
"S00106503",2,0,2
"S00106504",1,0,1
"S00106505",0,0,0
"S00106506",0,0,0
"S00106507",1,0,1
"S00106508",1,1,0
"S00106509",0,0,0
"S00106510",0,0,0
"S00106511",6,3,3
"S00106512",5,2,3
"S00106513",0,0,0
"S00106514",0,0,0
"S00106515",0,0,0
"S00106516",0,0,0
"S00106517",0,0,0
"S00106518",0,0,0
"S00106519",0,0,0
"S00106520",0,0,0
"S00106521",1,0,1
"S00106522",0,0,0
"S00106523",0,0,0
"S00106524",0,0,0
"S00106525",0,0,0
"S00106526",0,0,0
"S00106527",0,0,0
"S00106528",0,0,0
"S00106529",0,0,0
"S00106530",0,0,0
"S00106531",0,0,0
"S00106532",0,0,0
"S00106533",0,0,0
"S00106534",0,0,0
"S00106535",0,0,0
"S00106536",0,0,0
"S00106537",0,0,0
"S00106538",0,0,0
"S00106539",0,0,0
"S00106540",3,2,1
"S00106541",0,0,0
"S00106542",0,0,0
"S00106543",0,0,0
"S00106544",0,0,0
"S00106545",0,0,0
"S00106546",0,0,0
"S00106547",0,0,0
"S00106548",0,0,0
"S00106549",0,0,0
"S00106550",0,0,0
"S00106551",4,1,3
"S00106552",0,0,0
"S00106553",2,1,1
"S00106554",2,1,1
"S00106555",2,1,1
"S00106556",1,1,0
"S00106557",0,0,0
"S00106558",1,1,0
"S00106559",0,0,0
"S00106560",0,0,0
"S00106561",0,0,0
"S00106562",2,0,2
"S00106563",0,0,0
"S00106564",0,0,0
"S00106565",0,0,0
"S00106566",2,1,1
"S00106567",2,1,1
"S00106568",1,1,0
"S00106569",9,6,3
"S00106570",1,1,0
"S00106571",0,0,0
"S00106572",1,0,1
"S00106573",0,0,0
"S00106574",0,0,0
"S00106575",0,0,0
"S00106576",0,0,0
"S00106577",0,0,0
"S00106578",0,0,0
"S00106579",0,0,0
"S00106580",0,0,0
"S00106581",0,0,0
"S00106582",1,1,0
"S00106583",5,2,3
"S00106584",0,0,0
"S00106585",0,0,0
"S00106586",0,0,0
"S00106587",0,0,0
"S00106588",0,0,0
"S00106589",0,0,0
"S00106590",0,0,0
"S00106591",0,0,0
"S00106592",0,0,0
"S00106593",0,0,0
"S00106594",0,0,0
"S00106595",1,0,1
"S00106596",1,0,1
"S00106597",0,0,0
"S00106598",0,0,0
"S00106599",0,0,0
"S00106600",0,0,0
"S00106601",2,2,0
"S00106602",2,1,1
"S00106603",0,0,0
"S00106604",1,0,1
"S00106605",0,0,0
"S00106606",6,1,5
"S00106607",0,0,0
"S00106608",6,3,3
"S00106609",2,0,2
"S00106610",1,0,1
"S00106611",8,3,5
"S00106612",0,0,0
"S00106613",1,1,0
"S00106614",0,0,0
"S00106615",0,0,0
"S00106616",0,0,0
"S00106617",0,0,0
"S00106618",0,0,0
"S00106619",0,0,0
"S00106620",0,0,0
"S00106621",3,1,2
"S00106622",0,0,0
"S00106623",1,0,1
"S00106624",2,0,2
"S00106625",0,0,0
"S00106626",4,3,1
"S00106627",2,2,0
"S00106628",1,0,1
"S00106629",3,2,1
"S00106630",0,0,0
"S00106631",2,2,0
"S00106632",3,1,2
"S00106633",2,1,1
"S00106634",1,0,1
"S00106635",1,0,1
"S00106636",0,0,0
"S00106637",1,1,0
"S00106638",0,0,0
"S00106639",0,0,0
"S00106640",0,0,0
"S00106641",0,0,0
"S00106642",0,0,0
"S00106643",0,0,0
"S00106644",0,0,0
"S00106645",0,0,0
"S00106646",0,0,0
"S00106647",0,0,0
"S00106648",0,0,0
"S00106649",0,0,0
"S00106650",0,0,0
"S00106651",3,0,3
"S00106652",0,0,0
"S00106653",0,0,0
"S00106654",2,1,1
"S00106655",1,0,1
"S00106656",0,0,0
"S00106657",0,0,0
"S00106658",1,1,0
"S00106659",0,0,0
"S00106660",0,0,0
"S00106661",0,0,0
"S00106662",2,0,2
"S00106663",0,0,0
"S00106664",1,1,0
"S00106665",0,0,0
"S00106666",0,0,0
"S00106667",0,0,0
"S00106668",0,0,0
"S00106669",0,0,0
"S00106670",2,1,1
"S00106671",3,0,3
"S00106672",3,1,2
"S00106673",0,0,0
"S00106674",0,0,0
"S00106675",1,1,0
"S00106676",1,0,1
"S00106677",0,0,0
"S00106678",2,1,1
"S00106679",3,1,2
"S00106680",0,0,0
"S00106681",0,0,0
"S00106682",0,0,0
"S00106683",0,0,0
"S00106684",0,0,0
"S00106685",5,2,3
"S00106686",1,1,0
"S00106687",0,0,0
"S00106688",1,0,1
"S00106689",2,0,2
"S00106690",1,1,0
"S00106691",0,0,0
"S00106692",5,3,2
"S00106693",0,0,0
"S00106694",0,0,0
"S00106695",0,0,0
"S00106696",0,0,0
"S00106697",0,0,0
"S00106698",0,0,0
"S00106699",1,0,1
"S00106700",0,0,0
"S00106701",0,0,0
"S00106702",0,0,0
"S00106703",3,1,2
"S00106704",1,1,0
"S00106705",0,0,0
"S00106706",5,1,4
"S00106707",2,0,2
"S00106708",0,0,0
"S00106709",2,2,0
"S00106710",0,0,0
"S00106711",4,1,3
"S00106712",3,2,1
"S00106713",2,0,2
"S00106714",5,1,4
"S00106715",1,0,1
"S00106716",2,1,1
"S00106717",0,0,0
"S00106718",0,0,0
"S00106719",0,0,0
"S00106720",0,0,0
"S00106721",0,0,0
"S00106722",3,2,1
"S00106723",0,0,0
"S00106724",0,0,0
"S00106725",0,0,0
"S00106726",0,0,0
"S00106727",0,0,0
"S00106728",0,0,0
"S00106729",0,0,0
"S00106730",0,0,0
"S00106731",2,2,0
"S00106732",0,0,0
"S00106733",0,0,0
"S00106734",0,0,0
"S00106735",0,0,0
"S00106736",0,0,0
"S00106737",0,0,0
"S00106738",7,1,6
"S00106739",0,0,0
"S00106740",5,3,2
"S00106741",0,0,0
"S00106742",0,0,0
"S00106743",0,0,0
"S00106744",0,0,0
"S00106745",0,0,0
"S00106746",2,2,0
"S00106747",1,0,1
"S00106748",1,0,1
"S00106749",0,0,0
"S00106750",0,0,0
"S00106751",0,0,0
"S00106752",0,0,0
"S00106753",0,0,0
"S00106754",1,0,1
"S00106755",0,0,0
"S00106756",1,1,0
"S00106757",0,0,0
"S00106758",0,0,0
"S00106759",0,0,0
"S00106760",4,2,2
"S00106761",0,0,0
"S00106762",0,0,0
"S00106763",0,0,0
"S00106764",0,0,0
"S00106765",0,0,0
"S00106766",0,0,0
"S00106767",0,0,0
"S00106768",0,0,0
"S00106769",0,0,0
"S00106770",1,1,0
"S00106771",0,0,0
"S00106772",1,1,0
"S00106773",0,0,0
"S00106774",0,0,0
"S00106775",0,0,0
"S00106776",0,0,0
"S00106777",1,1,0
"S00106778",0,0,0
"S00106779",0,0,0
"S00106780",2,1,1
"S00106781",0,0,0
"S00106782",0,0,0
"S00106783",0,0,0
"S00106784",0,0,0
"S00106785",0,0,0
"S00106786",0,0,0
"S00106787",0,0,0
"S00106788",0,0,0
"S00106789",2,0,2
"S00106790",0,0,0
"S00106791",2,1,1
"S00106792",0,0,0
"S00106793",0,0,0
"S00106794",0,0,0
"S00106795",0,0,0
"S00106796",0,0,0
"S00106797",0,0,0
"S00106798",0,0,0
"S00106799",0,0,0
"S00106800",0,0,0
"S00106801",0,0,0
"S00106802",0,0,0
"S00106803",0,0,0
"S00106804",0,0,0
"S00106805",0,0,0
"S00106806",0,0,0
"S00106807",0,0,0
"S00106808",0,0,0
"S00106809",0,0,0
"S00106810",0,0,0
"S00106811",1,0,1
"S00106812",0,0,0
"S00106813",0,0,0
"S00106814",0,0,0
"S00106815",0,0,0
"S00106816",0,0,0
"S00106817",1,1,0
"S00106818",0,0,0
"S00106819",2,1,1
"S00106820",0,0,0
"S00106821",0,0,0
"S00106822",0,0,0
"S00106823",1,0,1
"S00106824",0,0,0
"S00106825",2,1,1
"S00106826",0,0,0
"S00106827",2,1,1
"S00106828",0,0,0
"S00106829",0,0,0
"S00106830",0,0,0
"S00106831",0,0,0
"S00106832",0,0,0
"S00106833",0,0,0
"S00106834",0,0,0
"S00106835",0,0,0
"S00106836",1,0,1
"S00106837",0,0,0
"S00106838",1,0,1
"S00106839",0,0,0
"S00106840",5,3,2
"S00106841",3,1,2
"S00106842",0,0,0
"S00106843",0,0,0
"S00106844",0,0,0
"S00106845",0,0,0
"S00106846",2,1,1
"S00106847",0,0,0
"S00106848",2,0,2
"S00106849",4,1,3
"S00106850",0,0,0
"S00106851",0,0,0
"S00106852",0,0,0
"S00106853",1,1,0
"S00106854",0,0,0
"S00106855",0,0,0
"S00106856",1,1,0
"S00106857",0,0,0
"S00106858",0,0,0
"S00106859",0,0,0
"S00106860",0,0,0
"S00106861",0,0,0
"S00106862",3,1,2
"S00106863",2,1,1
"S00106864",2,0,2
"S00106865",3,1,2
"S00106866",2,1,1
"S00106867",4,2,2
"S00106868",1,1,0
"S00106869",2,2,0
"S00106870",0,0,0
"S00106871",3,2,1
"S00106872",0,0,0
"S00106873",0,0,0
"S00106874",0,0,0
"S00106875",0,0,0
"S00106876",0,0,0
"S00106877",0,0,0
"S00106878",0,0,0
"S00106879",0,0,0
"S00106880",0,0,0
"S00106881",2,0,2
"S00106882",0,0,0
"S00106883",2,0,2
"S00106884",1,1,0
"S00106885",0,0,0
"S00106886",1,1,0
"S00106887",0,0,0
"S00106888",0,0,0
"S00106889",0,0,0
"S00106890",0,0,0
"S00106891",0,0,0
"S00106892",1,1,0
"S00106893",1,0,1
"S00106894",2,1,1
"S00106895",0,0,0
"S00106896",3,0,3
"S00106897",4,1,3
"S00106898",2,1,1
"S00106899",2,1,1
"S00106900",0,0,0
"S00106901",0,0,0
"S00106902",3,0,3
"S00106903",1,0,1
"S00106904",2,1,1
"S00106905",1,0,1
"S00106906",1,1,0
"S00106907",7,6,1
"S00106908",3,1,2
"S00106909",0,0,0
"S00106910",0,0,0
"S00106911",0,0,0
"S00106912",0,0,0
"S00106913",0,0,0
"S00106914",1,1,0
"S00106915",1,1,0
"S00106916",0,0,0
"S00106917",3,2,1
"S00106918",0,0,0
"S00106919",4,2,2
"S00106920",0,0,0
"S00106921",0,0,0
"S00106922",0,0,0
"S00106923",0,0,0
"S00106924",5,3,2
"S00106925",2,2,0
"S00106926",2,1,1
"S00106927",0,0,0
"S00106928",1,1,0
"S00106929",0,0,0
"S00106930",0,0,0
"S00106931",0,0,0
"S00106932",0,0,0
"S00106933",1,1,0
"S00106934",0,0,0
"S00106935",1,0,1
"S00106936",0,0,0
"S00106937",0,0,0
"S00106938",0,0,0
"S00106939",0,0,0
"S00106940",1,0,1
"S00106941",0,0,0
"S00106942",0,0,0
"S00106943",0,0,0
"S00106944",0,0,0
"S00106945",1,1,0
"S00106946",0,0,0
"S00106947",3,1,2
"S00106948",2,2,0
"S00106949",0,0,0
"S00106950",0,0,0
"S00106951",0,0,0
"S00106952",0,0,0
"S00106953",0,0,0
"S00106954",3,1,2
"S00106955",0,0,0
"S00106956",2,1,1
"S00106957",3,1,2
"S00106958",3,2,1
"S00106959",7,5,2
"S00106960",0,0,0
"S00106961",2,1,1
"S00106962",1,0,1
"S00106963",0,0,0
"S00106964",0,0,0
"S00106965",0,0,0
"S00106966",0,0,0
"S00106967",0,0,0
"S00106968",1,0,1
"S00106969",0,0,0
"S00106970",1,0,1
"S00106971",0,0,0
"S00106972",1,0,1
"S00106973",0,0,0
"S00106974",0,0,0
"S00106975",2,1,1
"S00106976",1,0,1
"S00106977",1,0,1
"S00106978",3,3,0
"S00106979",1,1,0
"S00106980",3,1,2
"S00106981",1,0,1
"S00106982",0,0,0
"S00106983",0,0,0
"S00106984",0,0,0
"S00106985",0,0,0
"S00106986",1,0,1
"S00106987",0,0,0
"S00106988",0,0,0
"S00106989",0,0,0
"S00106990",0,0,0
"S00106991",0,0,0
"S00106992",0,0,0
"S00106993",1,1,0
"S00106994",0,0,0
"S00106995",0,0,0
"S00106996",0,0,0
"S00106997",0,0,0
"S00106998",0,0,0
"S00106999",2,0,2
"S00107000",3,1,2
"S00107001",0,0,0
"S00107002",0,0,0
"S00107003",1,0,1
"S00107004",1,0,1
"S00107005",0,0,0
"S00107006",0,0,0
"S00107007",0,0,0
"S00107008",0,0,0
"S00107009",0,0,0
"S00107010",0,0,0
"S00107011",0,0,0
"S00107012",0,0,0
"S00107013",0,0,0
"S00107014",0,0,0
"S00107015",0,0,0
"S00107016",1,0,1
"S00107017",0,0,0
"S00107018",0,0,0
"S00107019",0,0,0
"S00107020",0,0,0
"S00107021",0,0,0
"S00107022",1,0,1
"S00107023",0,0,0
"S00107024",0,0,0
"S00107025",0,0,0
"S00107026",0,0,0
"S00107027",1,1,0
"S00107028",0,0,0
"S00107029",0,0,0
"S00107030",1,1,0
"S00107031",0,0,0
"S00107032",0,0,0
"S00107033",0,0,0
"S00107034",2,1,1
"S00107035",2,2,0
"S00107036",0,0,0
"S00107037",1,1,0
"S00107038",0,0,0
"S00107039",0,0,0
"S00107040",1,0,1
"S00107041",0,0,0
"S00107042",0,0,0
"S00107043",0,0,0
"S00107044",0,0,0
"S00107045",0,0,0
"S00107046",0,0,0
"S00107047",0,0,0
"S00107048",0,0,0
"S00107049",0,0,0
"S00107050",0,0,0
"S00107051",2,0,2
"S00107052",0,0,0
"S00107053",1,1,0
"S00107054",0,0,0
"S00107055",0,0,0
"S00107056",2,1,1
"S00107057",0,0,0
"S00107058",0,0,0
"S00107059",0,0,0
"S00107060",0,0,0
"S00107061",0,0,0
"S00107062",0,0,0
"S00107063",0,0,0
"S00107064",1,0,1
"S00107065",0,0,0
"S00107066",0,0,0
"S00107067",0,0,0
"S00107068",1,1,0
"S00107069",1,1,0
"S00107070",0,0,0
"S00107071",0,0,0
"S00107072",0,0,0
"S00107073",0,0,0
"S00107074",1,0,1
"S00107075",1,1,0
"S00107076",0,0,0
"S00107077",2,0,2
"S00107078",1,1,0
"S00107079",0,0,0
"S00107080",0,0,0
"S00107081",0,0,0
"S00107082",0,0,0
"S00107083",0,0,0
"S00107084",1,1,0
"S00107085",1,0,1
"S00107086",0,0,0
"S00107087",0,0,0
"S00107088",0,0,0
"S00107089",0,0,0
"S00107090",0,0,0
"S00107091",0,0,0
"S00107092",1,1,0
"S00107093",0,0,0
"S00107094",0,0,0
"S00107095",0,0,0
"S00107096",0,0,0
"S00107097",0,0,0
"S00107098",0,0,0
"S00107099",0,0,0
"S00107100",0,0,0
"S00107101",2,0,2
"S00107102",0,0,0
"S00107103",3,2,1
"S00107104",2,1,1
"S00107105",1,0,1
"S00107106",0,0,0
"S00107107",1,1,0
"S00107108",0,0,0
"S00107109",1,1,0
"S00107110",0,0,0
"S00107111",1,1,0
"S00107112",0,0,0
"S00107113",0,0,0
"S00107114",2,1,1
"S00107115",0,0,0
"S00107116",0,0,0
"S00107117",0,0,0
"S00107118",2,0,2
"S00107119",0,0,0
"S00107120",0,0,0
"S00107121",0,0,0
"S00107122",0,0,0
"S00107123",0,0,0
"S00107124",0,0,0
"S00107125",0,0,0
"S00107126",0,0,0
"S00107127",0,0,0
"S00107128",0,0,0
"S00107129",0,0,0
"S00107130",0,0,0
"S00107131",0,0,0
"S00107132",0,0,0
"S00107133",0,0,0
"S00107134",0,0,0
"S00107135",1,1,0
"S00107136",1,0,1
"S00107137",0,0,0
"S00107138",2,1,1
"S00107139",0,0,0
"S00107140",0,0,0
"S00107141",0,0,0
"S00107142",0,0,0
"S00107143",0,0,0
"S00107144",0,0,0
"S00107145",1,0,1
"S00107146",0,0,0
"S00107147",0,0,0
"S00107148",1,0,1
"S00107149",0,0,0
"S00107150",0,0,0
"S00107151",0,0,0
"S00107152",0,0,0
"S00107153",0,0,0
"S00107154",0,0,0
"S00107155",0,0,0
"S00107156",0,0,0
"S00107157",0,0,0
"S00107158",0,0,0
"S00107159",0,0,0
"S00107160",0,0,0
"S00107161",1,0,1
"S00107162",1,0,1
"S00107163",0,0,0
"S00107164",0,0,0
"S00107165",0,0,0
"S00107166",0,0,0
"S00107167",0,0,0
"S00107168",0,0,0
"S00107169",0,0,0
"S00107170",0,0,0
"S00107171",1,0,1
"S00107172",0,0,0
"S00107173",1,1,0
"S00107174",0,0,0
"S00107175",0,0,0
"S00107176",0,0,0
"S00107177",0,0,0
"S00107178",3,2,1
"S00107179",0,0,0
"S00107180",2,1,1
"S00107181",0,0,0
"S00107182",2,1,1
"S00107183",0,0,0
"S00107184",0,0,0
"S00107185",0,0,0
"S00107186",0,0,0
"S00107187",0,0,0
"S00107188",0,0,0
"S00107189",0,0,0
"S00107190",0,0,0
"S00107191",0,0,0
"S00107192",1,1,0
"S00107193",1,0,1
"S00107194",0,0,0
"S00107195",0,0,0
"S00107196",1,0,1
"S00107197",0,0,0
"S00107198",0,0,0
"S00107199",0,0,0
"S00107200",0,0,0
"S00107201",0,0,0
"S00107202",0,0,0
"S00107203",0,0,0
"S00107204",0,0,0
"S00107205",0,0,0
"S00107206",2,1,1
"S00107207",0,0,0
"S00107208",0,0,0
"S00107209",0,0,0
"S00107210",1,1,0
"S00107211",0,0,0
"S00107212",0,0,0
"S00107213",0,0,0
"S00107214",0,0,0
"S00107215",1,0,1
"S00107216",1,0,1
"S00107217",1,0,1
"S00107218",2,1,1
"S00107219",1,0,1
"S00107220",0,0,0
"S00107221",0,0,0
"S00107222",0,0,0
"S00107223",0,0,0
"S00107224",1,0,1
"S00107225",0,0,0
"S00107226",3,0,3
"S00107227",0,0,0
"S00107228",0,0,0
"S00107229",0,0,0
"S00107230",1,0,1
"S00107231",3,3,0
"S00107232",0,0,0
"S00107233",0,0,0
"S00107234",0,0,0
"S00107235",0,0,0
"S00107236",3,2,1
"S00107237",1,1,0
"S00107238",0,0,0
"S00107239",0,0,0
"S00107240",0,0,0
"S00107241",1,0,1
"S00107242",2,0,2
"S00107243",0,0,0
"S00107244",3,1,2
"S00107245",0,0,0
"S00107246",6,5,1
"S00107247",0,0,0
"S00107248",0,0,0
"S00107249",9,6,3
"S00107250",0,0,0
"S00107251",0,0,0
"S00107252",0,0,0
"S00107253",4,0,4
"S00107254",3,2,1
"S00107255",1,0,1
"S00107256",3,0,3
"S00107257",1,1,0
"S00107258",0,0,0
"S00107259",0,0,0
"S00107260",0,0,0
"S00107261",0,0,0
"S00107262",0,0,0
"S00107263",1,1,0
"S00107264",5,1,4
"S00107265",3,1,2
"S00107266",0,0,0
"S00107267",0,0,0
"S00107268",1,1,0
"S00107269",0,0,0
"S00107270",6,3,3
"S00107271",3,2,1
"S00107272",3,2,1
"S00107273",1,1,0
"S00107274",0,0,0
"S00107275",0,0,0
"S00107276",6,2,4
"S00107277",2,0,2
"S00107278",5,3,2
"S00107279",0,0,0
"S00107280",2,2,0
"S00107281",2,0,2
"S00107282",5,3,2
"S00107283",0,0,0
"S00107284",4,4,0
"S00107285",9,4,5
"S00107286",1,1,0
"S00107287",3,2,1
"S00107288",6,4,2
"S00107289",6,3,3
"S00107290",2,2,0
"S00107291",5,4,1
"S00107292",0,0,0
"S00107293",0,0,0
"S00107294",3,2,1
"S00107295",7,3,4
"S00107296",2,1,1
"S00107297",8,5,3
"S00107298",1,0,1
"S00107299",0,0,0
"S00107300",0,0,0
"S00107301",0,0,0
"S00107302",1,0,1
"S00107303",0,0,0
"S00107304",0,0,0
"S00107305",0,0,0
"S00107306",1,1,0
"S00107307",0,0,0
"S00107308",1,0,1
"S00107309",0,0,0
"S00107310",1,0,1
"S00107311",0,0,0
"S00107312",0,0,0
"S00107313",3,2,1
"S00107314",0,0,0
"S00107315",0,0,0
"S00107316",0,0,0
"S00107317",1,1,0
"S00107318",0,0,0
"S00107319",0,0,0
"S00107320",0,0,0
"S00107321",0,0,0
"S00107322",1,0,1
"S00107323",1,1,0
"S00107324",0,0,0
"S00107325",0,0,0
"S00107326",0,0,0
"S00107327",0,0,0
"S00107328",0,0,0
"S00107329",0,0,0
"S00107330",0,0,0
"S00107331",0,0,0
"S00107332",1,1,0
"S00107333",0,0,0
"S00107334",1,1,0
"S00107335",0,0,0
"S00107336",1,1,0
"S00107337",0,0,0
"S00107338",0,0,0
"S00107339",0,0,0
"S00107340",0,0,0
"S00107341",0,0,0
"S00107342",0,0,0
"S00107343",0,0,0
"S00107344",0,0,0
"S00107345",0,0,0
"S00107346",0,0,0
"S00107347",1,1,0
"S00107348",0,0,0
"S00107349",0,0,0
"S00107350",0,0,0
"S00107351",0,0,0
"S00107352",0,0,0
"S00107353",0,0,0
"S00107354",0,0,0
"S00107355",0,0,0
"S00107356",0,0,0
"S00107357",0,0,0
"S00107358",0,0,0
"S00107359",0,0,0
"S00107360",0,0,0
"S00107361",10,0,10
"S00107362",1,1,0
"S00107363",0,0,0
"S00107364",0,0,0
"S00107365",1,0,1
"S00107366",2,1,1
"S00107367",1,1,0
"S00107368",0,0,0
"S00107369",0,0,0
"S00107370",0,0,0
"S00107371",0,0,0
"S00107372",0,0,0
"S00107373",0,0,0
"S00107374",1,0,1
"S00107375",0,0,0
"S00107376",0,0,0
"S00107377",0,0,0
"S00107378",0,0,0
"S00107379",1,1,0
"S00107380",4,2,2
"S00107381",3,1,2
"S00107382",1,1,0
"S00107383",0,0,0
"S00107384",0,0,0
"S00107385",0,0,0
"S00107386",0,0,0
"S00107387",0,0,0
"S00107388",0,0,0
"S00107389",0,0,0
"S00107390",0,0,0
"S00107391",0,0,0
"S00107392",0,0,0
"S00107393",0,0,0
"S00107394",0,0,0
"S00107395",0,0,0
"S00107396",0,0,0
"S00107397",0,0,0
"S00107398",3,1,2
"S00107399",0,0,0
"S00107400",1,1,0
"S00107401",0,0,0
"S00107402",2,1,1
"S00107403",2,0,2
"S00107404",0,0,0
"S00107405",1,1,0
"S00107406",1,0,1
"S00107407",5,3,2
"S00107408",2,2,0
"S00107409",3,0,3
"S00107410",1,1,0
"S00107411",3,2,1
"S00107412",1,1,0
"S00107413",0,0,0
"S00107414",1,1,0
"S00107415",0,0,0
"S00107416",2,1,1
"S00107417",2,1,1
"S00107418",0,0,0
"S00107419",3,1,2
"S00107420",6,3,3
"S00107421",6,2,4
"S00107422",10,6,4
"S00107423",2,2,0
"S00107424",1,1,0
"S00107425",0,0,0
"S00107426",0,0,0
"S00107427",0,0,0
"S00107428",0,0,0
"S00107429",1,1,0
"S00107430",1,1,0
"S00107431",1,0,1
"S00107432",0,0,0
"S00107433",1,0,1
"S00107434",1,1,0
"S00107435",0,0,0
"S00107436",2,1,1
"S00107437",1,1,0
"S00107438",2,1,1
"S00107439",0,0,0
"S00107440",0,0,0
"S00107441",1,0,1
"S00107442",1,0,1
"S00107443",0,0,0
"S00107444",2,0,2
"S00107445",1,1,0
"S00107446",0,0,0
"S00107447",0,0,0
"S00107448",0,0,0
"S00107449",5,2,3
"S00107450",4,2,2
"S00107451",3,1,2
"S00107452",2,1,1
"S00107453",3,2,1
"S00107454",3,2,1
"S00107455",0,0,0
"S00107456",1,0,1
"S00107457",0,0,0
"S00107458",6,3,3
"S00107459",0,0,0
"S00107460",1,0,1
"S00107461",2,2,0
"S00107462",1,1,0
"S00107463",3,1,2
"S00107464",2,0,2
"S00107465",0,0,0
"S00107466",2,0,2
"S00107467",2,2,0
"S00107468",0,0,0
"S00107469",0,0,0
"S00107470",0,0,0
"S00107471",3,2,1
"S00107472",0,0,0
"S00107473",0,0,0
"S00107474",0,0,0
"S00107475",0,0,0
"S00107476",1,1,0
"S00107477",0,0,0
"S00107478",1,1,0
"S00107479",0,0,0
"S00107480",0,0,0
"S00107481",1,1,0
"S00107482",0,0,0
"S00107483",2,2,0
"S00107484",0,0,0
"S00107485",0,0,0
"S00107486",0,0,0
"S00107487",0,0,0
"S00107488",2,0,2
"S00107489",2,1,1
"S00107490",4,2,2
"S00107491",0,0,0
"S00107492",0,0,0
"S00107493",2,1,1
"S00107494",0,0,0
"S00107495",1,0,1
"S00107496",1,1,0
"S00107497",0,0,0
"S00107498",0,0,0
"S00107499",0,0,0
"S00107500",0,0,0
"S00107501",1,1,0
"S00107502",0,0,0
"S00107503",0,0,0
"S00107504",0,0,0
"S00107505",0,0,0
"S00107506",1,1,0
"S00107507",0,0,0
"S00107508",2,1,1
"S00107509",1,1,0
"S00107510",1,1,0
"S00107511",0,0,0
"S00107512",0,0,0
"S00107513",0,0,0
"S00107514",0,0,0
"S00107515",1,0,1
"S00107516",0,0,0
"S00107517",1,0,1
"S00107518",2,0,2
"S00107519",0,0,0
"S00107520",3,2,1
"S00107521",0,0,0
"S00107522",0,0,0
"S00107523",0,0,0
"S00107524",3,1,2
"S00107525",3,1,2
"S00107526",1,0,1
"S00107527",0,0,0
"S00107528",0,0,0
"S00107529",1,1,0
"S00107530",5,1,4
"S00107531",1,0,1
"S00107532",1,0,1
"S00107533",2,2,0
"S00107534",5,3,2
"S00107535",0,0,0
"S00107536",0,0,0
"S00107537",1,0,1
"S00107538",0,0,0
"S00107539",1,0,1
"S00107540",2,0,2
"S00107541",0,0,0
"S00107542",0,0,0
"S00107543",1,1,0
"S00107544",4,2,2
"S00107545",0,0,0
"S00107546",0,0,0
"S00107547",1,0,1
"S00107548",0,0,0
"S00107549",0,0,0
"S00107550",0,0,0
"S00107551",0,0,0
"S00107552",0,0,0
"S00107553",0,0,0
"S00107554",0,0,0
"S00107555",0,0,0
"S00107556",0,0,0
"S00107557",0,0,0
"S00107558",0,0,0
"S00107559",1,0,1
"S00107560",0,0,0
"S00107561",0,0,0
"S00107562",0,0,0
"S00107563",3,2,1
"S00107564",0,0,0
"S00107565",3,3,0
"S00107566",6,2,4
"S00107567",0,0,0
"S00107568",0,0,0
"S00107569",2,2,0
"S00107570",0,0,0
"S00107571",2,2,0
"S00107572",0,0,0
"S00107573",4,2,2
"S00107574",0,0,0
"S00107575",0,0,0
"S00107576",1,0,1
"S00107577",2,0,2
"S00107578",6,3,3
"S00107579",4,1,3
"S00107580",0,0,0
"S00107581",1,0,1
"S00107582",0,0,0
"S00107583",2,1,1
"S00107584",0,0,0
"S00107585",3,0,3
"S00107586",0,0,0
"S00107587",0,0,0
"S00107588",1,0,1
"S00107589",1,1,0
"S00107590",1,0,1
"S00107591",0,0,0
"S00107592",0,0,0
"S00107593",4,3,1
"S00107594",1,0,1
"S00107595",0,0,0
"S00107596",1,1,0
"S00107597",0,0,0
"S00107598",0,0,0
"S00107599",0,0,0
"S00107600",0,0,0
"S00107601",0,0,0
"S00107602",1,1,0
"S00107603",5,1,4
"S00107604",5,3,2
"S00107605",2,1,1
"S00107606",0,0,0
"S00107607",0,0,0
"S00107608",0,0,0
"S00107609",0,0,0
"S00107610",1,1,0
"S00107611",0,0,0
"S00107612",0,0,0
"S00107613",0,0,0
"S00107614",0,0,0
"S00107615",0,0,0
"S00107616",1,1,0
"S00107617",1,0,1
"S00107618",0,0,0
"S00107619",0,0,0
"S00107620",1,0,1
"S00107621",0,0,0
"S00107622",0,0,0
"S00107623",0,0,0
"S00107624",0,0,0
"S00107625",3,2,1
"S00107626",0,0,0
"S00107627",3,2,1
"S00107628",1,1,0
"S00107629",0,0,0
"S00107630",0,0,0
"S00107631",0,0,0
"S00107632",6,2,4
"S00107633",0,0,0
"S00107634",2,2,0
"S00107635",0,0,0
"S00107636",0,0,0
"S00107637",0,0,0
"S00107638",0,0,0
"S00107639",1,0,1
"S00107640",0,0,0
"S00107641",0,0,0
"S00107642",0,0,0
"S00107643",2,0,2
"S00107644",1,1,0
"S00107645",1,0,1
"S00107646",1,0,1
"S00107647",1,1,0
"S00107648",1,1,0
"S00107649",0,0,0
"S00107650",0,0,0
"S00107651",1,0,1
"S00107652",3,2,1
"S00107653",0,0,0
"S00107654",0,0,0
"S00107655",2,1,1
"S00107656",0,0,0
"S00107657",0,0,0
"S00107658",3,2,1
"S00107659",0,0,0
"S00107660",0,0,0
"S00107661",1,0,1
"S00107662",2,2,0
"S00107663",0,0,0
"S00107664",0,0,0
"S00107665",2,1,1
"S00107666",0,0,0
"S00107667",1,1,0
"S00107668",3,2,1
"S00107669",3,1,2
"S00107670",0,0,0
"S00107671",4,1,3
"S00107672",0,0,0
"S00107673",2,2,0
"S00107674",1,1,0
"S00107675",1,0,1
"S00107676",0,0,0
"S00107677",3,3,0
"S00107678",1,0,1
"S00107679",0,0,0
"S00107680",0,0,0
"S00107681",1,0,1
"S00107682",0,0,0
"S00107683",0,0,0
"S00107684",0,0,0
"S00107685",0,0,0
"S00107686",0,0,0
"S00107687",0,0,0
"S00107688",0,0,0
"S00107689",0,0,0
"S00107690",0,0,0
"S00107691",0,0,0
"S00107692",0,0,0
"S00107693",0,0,0
"S00107694",1,1,0
"S00107695",1,1,0
"S00107696",1,0,1
"S00107697",0,0,0
"S00107698",0,0,0
"S00107699",2,1,1
"S00107700",0,0,0
"S00107701",0,0,0
"S00107702",0,0,0
"S00107703",1,0,1
"S00107704",1,0,1
"S00107705",0,0,0
"S00107706",0,0,0
"S00107707",0,0,0
"S00107708",0,0,0
"S00107709",1,0,1
"S00107710",0,0,0
"S00107711",0,0,0
"S00107712",0,0,0
"S00107713",0,0,0
"S00107714",0,0,0
"S00107715",0,0,0
"S00107716",3,2,1
"S00107717",0,0,0
"S00107718",0,0,0
"S00107719",0,0,0
"S00107720",2,1,1
"S00107721",0,0,0
"S00107722",0,0,0
"S00107723",0,0,0
"S00107724",1,1,0
"S00107725",1,1,0
"S00107726",0,0,0
"S00107727",0,0,0
"S00107728",1,0,1
"S00107729",2,1,1
"S00107730",0,0,0
"S00107731",1,1,0
"S00107732",0,0,0
"S00107733",0,0,0
"S00107734",0,0,0
"S00107735",0,0,0
"S00107736",2,0,2
"S00107737",0,0,0
"S00107738",0,0,0
"S00107739",0,0,0
"S00107740",0,0,0
"S00107741",0,0,0
"S00107742",0,0,0
"S00107743",0,0,0
"S00107744",0,0,0
"S00107745",0,0,0
"S00107746",0,0,0
"S00107747",0,0,0
"S00107748",0,0,0
"S00107749",0,0,0
"S00107750",0,0,0
"S00107751",0,0,0
"S00107752",1,1,0
"S00107753",2,0,2
"S00107754",1,0,1
"S00107755",0,0,0
"S00107756",0,0,0
"S00107757",0,0,0
"S00107758",0,0,0
"S00107759",0,0,0
"S00107760",0,0,0
"S00107761",1,1,0
"S00107762",0,0,0
"S00107763",0,0,0
"S00107764",0,0,0
"S00107765",0,0,0
"S00107766",0,0,0
"S00107767",1,0,1
"S00107768",0,0,0
"S00107769",0,0,0
"S00107770",1,1,0
"S00107771",0,0,0
"S00107772",0,0,0
"S00107773",1,0,1
"S00107774",1,1,0
"S00107775",0,0,0
"S00107776",0,0,0
"S00107777",0,0,0
"S00107778",0,0,0
"S00107779",0,0,0
"S00107780",0,0,0
"S00107781",0,0,0
"S00107782",0,0,0
"S00107783",0,0,0
"S00107784",0,0,0
"S00107785",0,0,0
"S00107786",0,0,0
"S00107787",2,1,1
"S00107788",0,0,0
"S00107789",1,0,1
"S00107790",0,0,0
"S00107791",1,1,0
"S00107792",0,0,0
"S00107793",0,0,0
"S00107794",0,0,0
"S00107795",0,0,0
"S00107796",2,0,2
"S00107797",0,0,0
"S00107798",0,0,0
"S00107799",0,0,0
"S00107800",1,1,0
"S00107801",4,3,1
"S00107802",1,1,0
"S00107803",0,0,0
"S00107804",0,0,0
"S00107805",0,0,0
"S00107806",0,0,0
"S00107807",0,0,0
"S00107808",0,0,0
"S00107809",0,0,0
"S00107810",0,0,0
"S00107811",2,1,1
"S00107812",0,0,0
"S00107813",0,0,0
"S00107814",1,1,0
"S00107815",0,0,0
"S00107816",2,1,1
"S00107817",1,0,1
"S00107818",2,0,2
"S00107819",0,0,0
"S00107820",0,0,0
"S00107821",0,0,0
"S00107822",0,0,0
"S00107823",0,0,0
"S00107824",1,0,1
"S00107825",0,0,0
"S00107826",0,0,0
"S00107827",0,0,0
"S00107828",2,1,1
"S00107829",1,0,1
"S00107830",0,0,0
"S00107831",2,0,2
"S00107832",2,2,0
"S00107833",0,0,0
"S00107834",0,0,0
"S00107835",0,0,0
"S00107836",1,0,1
"S00107837",1,1,0
"S00107838",1,1,0
"S00107839",5,2,3
"S00107840",4,2,2
"S00107841",2,1,1
"S00107842",0,0,0
"S00107843",1,1,0
"S00107844",2,0,2
"S00107845",2,0,2
"S00107846",0,0,0
"S00107847",0,0,0
"S00107848",2,0,2
"S00107849",2,0,2
"S00107850",0,0,0
"S00107851",0,0,0
"S00107852",1,0,1
"S00107853",2,2,0
"S00107854",1,0,1
"S00107855",1,0,1
"S00107856",0,0,0
"S00107857",0,0,0
"S00107858",0,0,0
"S00107859",0,0,0
"S00107860",0,0,0
"S00107861",0,0,0
"S00107862",1,0,1
"S00107863",0,0,0
"S00107864",0,0,0
"S00107865",0,0,0
"S00107866",0,0,0
"S00107867",0,0,0
"S00107868",0,0,0
"S00107869",0,0,0
"S00107870",0,0,0
"S00107871",0,0,0
"S00107872",0,0,0
"S00107873",0,0,0
"S00107874",0,0,0
"S00107875",0,0,0
"S00107876",0,0,0
"S00107877",0,0,0
"S00107878",0,0,0
"S00107879",1,1,0
"S00107880",1,1,0
"S00107881",0,0,0
"S00107882",0,0,0
"S00107883",0,0,0
"S00107884",0,0,0
"S00107885",0,0,0
"S00107886",0,0,0
"S00107887",0,0,0
"S00107888",1,1,0
"S00107889",0,0,0
"S00107890",0,0,0
"S00107891",0,0,0
"S00107892",0,0,0
"S00107893",0,0,0
"S00107894",0,0,0
"S00107895",0,0,0
"S00107896",0,0,0
"S00107897",0,0,0
"S00107898",1,1,0
"S00107899",0,0,0
"S00107900",0,0,0
"S00107901",0,0,0
"S00107902",1,1,0
"S00107903",0,0,0
"S00107904",2,2,0
"S00107905",0,0,0
"S00107906",0,0,0
"S00107907",1,1,0
"S00107908",0,0,0
"S00107909",4,1,3
"S00107910",1,0,1
"S00107911",0,0,0
"S00107912",0,0,0
"S00107913",1,0,1
"S00107914",0,0,0
"S00107915",0,0,0
"S00107916",0,0,0
"S00107917",0,0,0
"S00107918",0,0,0
"S00107919",1,0,1
"S00107920",0,0,0
"S00107921",0,0,0
"S00107922",3,1,2
"S00107923",0,0,0
"S00107924",0,0,0
"S00107925",0,0,0
"S00107926",0,0,0
"S00107927",0,0,0
"S00107928",1,1,0
"S00107929",0,0,0
"S00107930",0,0,0
"S00107931",1,1,0
"S00107932",0,0,0
"S00107933",0,0,0
"S00107934",0,0,0
"S00107935",1,1,0
"S00107936",0,0,0
"S00107937",0,0,0
"S00107938",0,0,0
"S00107939",0,0,0
"S00107940",0,0,0
"S00107941",1,0,1
"S00107942",0,0,0
"S00107943",0,0,0
"S00107944",0,0,0
"S00107945",1,1,0
"S00107946",1,1,0
"S00107947",0,0,0
"S00107948",0,0,0
"S00107949",0,0,0
"S00107950",0,0,0
"S00107951",0,0,0
"S00107952",0,0,0
"S00107953",0,0,0
"S00107954",0,0,0
"S00107955",0,0,0
"S00107956",1,0,1
"S00107957",0,0,0
"S00107958",0,0,0
"S00107959",1,1,0
"S00107960",0,0,0
"S00107961",0,0,0
"S00107962",0,0,0
"S00107963",0,0,0
"S00107964",0,0,0
"S00107965",0,0,0
"S00107966",0,0,0
"S00107967",0,0,0
"S00107968",0,0,0
"S00107969",0,0,0
"S00107970",0,0,0
"S00107971",1,1,0
"S00107972",0,0,0
"S00107973",0,0,0
"S00107974",1,1,0
"S00107975",0,0,0
"S00107976",0,0,0
"S00107977",0,0,0
"S00107978",0,0,0
"S00107979",0,0,0
"S00107980",0,0,0
"S00107981",0,0,0
"S00107982",0,0,0
"S00107983",0,0,0
"S00107984",0,0,0
"S00107985",0,0,0
"S00107986",0,0,0
"S00107987",0,0,0
"S00107988",0,0,0
"S00107989",0,0,0
"S00107990",0,0,0
"S00107991",0,0,0
"S00107992",0,0,0
"S00107993",0,0,0
"S00107994",0,0,0
"S00107995",0,0,0
"S00107996",1,1,0
"S00107997",3,1,2
"S00107998",0,0,0
"S00107999",0,0,0
"S00108000",0,0,0
"S00108001",0,0,0
"S00108002",0,0,0
"S00108003",0,0,0
"S00108004",1,0,1
"S00108005",0,0,0
"S00108006",1,0,1
"S00108007",0,0,0
"S00108008",0,0,0
"S00108009",0,0,0
"S00108010",0,0,0
"S00108011",0,0,0
"S00108012",0,0,0
"S00108013",0,0,0
"S00108014",0,0,0
"S00108015",2,0,2
"S00108016",0,0,0
"S00108017",0,0,0
"S00108018",0,0,0
"S00108019",0,0,0
"S00108020",0,0,0
"S00108021",0,0,0
"S00108022",0,0,0
"S00108023",0,0,0
"S00108024",0,0,0
"S00108025",1,0,1
"S00108026",2,2,0
"S00108027",0,0,0
"S00108028",0,0,0
"S00108029",0,0,0
"S00108030",2,1,1
"S00108031",0,0,0
"S00108032",0,0,0
"S00108033",0,0,0
"S00108034",0,0,0
"S00108035",3,3,0
"S00108036",0,0,0
"S00108037",0,0,0
"S00108038",0,0,0
"S00108039",0,0,0
"S00108040",2,1,1
"S00108041",0,0,0
"S00108042",0,0,0
"S00108043",1,0,1
"S00108044",0,0,0
"S00108045",0,0,0
"S00108046",0,0,0
"S00108047",0,0,0
"S00108048",1,1,0
"S00108049",0,0,0
"S00108050",0,0,0
"S00108051",0,0,0
"S00108052",0,0,0
"S00108053",0,0,0
"S00108054",1,1,0
"S00108055",0,0,0
"S00108056",1,0,1
"S00108057",1,0,1
"S00108058",0,0,0
"S00108059",1,0,1
"S00108060",0,0,0
"S00108061",0,0,0
"S00108062",0,0,0
"S00108063",0,0,0
"S00108064",0,0,0
"S00108065",0,0,0
"S00108066",0,0,0
"S00108067",0,0,0
"S00108068",0,0,0
"S00108069",0,0,0
"S00108070",0,0,0
"S00108071",0,0,0
"S00108072",0,0,0
"S00108073",0,0,0
"S00108074",0,0,0
"S00108075",0,0,0
"S00108076",0,0,0
"S00108077",0,0,0
"S00108078",3,0,3
"S00108079",0,0,0
"S00108080",1,0,1
"S00108081",2,0,2
"S00108082",2,2,0
"S00108083",0,0,0
"S00108084",1,0,1
"S00108085",1,0,1
"S00108086",2,1,1
"S00108087",0,0,0
"S00108088",1,1,0
"S00108089",0,0,0
"S00108090",1,1,0
"S00108091",0,0,0
"S00108092",0,0,0
"S00108093",0,0,0
"S00108094",0,0,0
"S00108095",0,0,0
"S00108096",0,0,0
"S00108097",0,0,0
"S00108098",0,0,0
"S00108099",0,0,0
"S00108100",1,1,0
"S00108101",0,0,0
"S00108102",0,0,0
"S00108103",0,0,0
"S00108104",0,0,0
"S00108105",0,0,0
"S00108106",0,0,0
"S00108107",1,1,0
"S00108108",0,0,0
"S00108109",0,0,0
"S00108110",0,0,0
"S00108111",0,0,0
"S00108112",2,0,2
"S00108113",0,0,0
"S00108114",0,0,0
"S00108115",0,0,0
"S00108116",0,0,0
"S00108117",0,0,0
"S00108118",0,0,0
"S00108119",0,0,0
"S00108120",0,0,0
"S00108121",0,0,0
"S00108122",2,1,1
"S00108123",1,0,1
"S00108124",1,0,1
"S00108125",0,0,0
"S00108126",0,0,0
"S00108127",0,0,0
"S00108128",0,0,0
"S00108129",1,1,0
"S00108130",0,0,0
"S00108131",0,0,0
"S00108132",0,0,0
"S00108133",2,1,1
"S00108134",0,0,0
"S00108135",0,0,0
"S00108136",0,0,0
"S00108137",0,0,0
"S00108138",0,0,0
"S00108139",0,0,0
"S00108140",0,0,0
"S00108141",2,0,2
"S00108142",1,1,0
"S00108143",3,0,3
"S00108144",1,0,1
"S00108145",0,0,0
"S00108146",3,1,2
"S00108147",1,1,0
"S00108148",2,1,1
"S00108149",3,1,2
"S00108150",0,0,0
"S00108151",2,2,0
"S00108152",0,0,0
"S00108153",0,0,0
"S00108154",0,0,0
"S00108155",0,0,0
"S00108156",0,0,0
"S00108157",4,1,3
"S00108158",0,0,0
"S00108159",1,1,0
"S00108160",2,0,2
"S00108161",0,0,0
"S00108162",1,0,1
"S00108163",2,0,2
"S00108164",2,0,2
"S00108165",0,0,0
"S00108166",1,0,1
"S00108167",1,1,0
"S00108168",0,0,0
"S00108169",0,0,0
"S00108170",0,0,0
"S00108171",0,0,0
"S00108172",0,0,0
"S00108173",1,1,0
"S00108174",0,0,0
"S00108175",0,0,0
"S00108176",0,0,0
"S00108177",0,0,0
"S00108178",4,2,2
"S00108179",1,0,1
"S00108180",0,0,0
"S00108181",0,0,0
"S00108182",0,0,0
"S00108183",1,1,0
"S00108184",0,0,0
"S00108185",0,0,0
"S00108186",1,1,0
"S00108187",2,1,1
"S00108188",0,0,0
"S00108189",0,0,0
"S00108190",0,0,0
"S00108191",3,2,1
"S00108192",0,0,0
"S00108193",2,0,2
"S00108194",0,0,0
"S00108195",1,1,0
"S00108196",0,0,0
"S00108197",2,0,2
"S00108198",0,0,0
"S00108199",0,0,0
"S00108200",0,0,0
"S00108201",0,0,0
"S00108202",2,2,0
"S00108203",0,0,0
"S00108204",1,0,1
"S00108205",0,0,0
"S00108206",0,0,0
"S00108207",1,1,0
"S00108208",0,0,0
"S00108209",1,0,1
"S00108210",0,0,0
"S00108211",0,0,0
"S00108212",0,0,0
"S00108213",0,0,0
"S00108214",0,0,0
"S00108215",0,0,0
"S00108216",2,2,0
"S00108217",5,2,3
"S00108218",1,1,0
"S00108219",0,0,0
"S00108220",1,1,0
"S00108221",1,1,0
"S00108222",0,0,0
"S00108223",0,0,0
"S00108224",0,0,0
"S00108225",2,2,0
"S00108226",2,0,2
"S00108227",0,0,0
"S00108228",3,0,3
"S00108229",2,2,0
"S00108230",2,0,2
"S00108231",0,0,0
"S00108232",0,0,0
"S00108233",0,0,0
"S00108234",0,0,0
"S00108235",1,1,0
"S00108236",0,0,0
"S00108237",0,0,0
"S00108238",0,0,0
"S00108239",3,0,3
"S00108240",0,0,0
"S00108241",0,0,0
"S00108242",1,1,0
"S00108243",0,0,0
"S00108244",0,0,0
"S00108245",0,0,0
"S00108246",0,0,0
"S00108247",3,2,1
"S00108248",0,0,0
"S00108249",0,0,0
"S00108250",0,0,0
"S00108251",3,1,2
"S00108252",0,0,0
"S00108253",0,0,0
"S00108254",1,1,0
"S00108255",1,0,1
"S00108256",0,0,0
"S00108257",0,0,0
"S00108258",0,0,0
"S00108259",0,0,0
"S00108260",0,0,0
"S00108261",0,0,0
"S00108262",0,0,0
"S00108263",0,0,0
"S00108264",0,0,0
"S00108265",1,1,0
"S00108266",0,0,0
"S00108267",0,0,0
"S00108268",0,0,0
"S00108269",0,0,0
"S00108270",3,1,2
"S00108271",0,0,0
"S00108272",0,0,0
"S00108273",1,0,1
"S00108274",0,0,0
"S00108275",4,4,0
"S00108276",0,0,0
"S00108277",0,0,0
"S00108278",0,0,0
"S00108279",0,0,0
"S00108280",0,0,0
"S00108281",0,0,0
"S00108282",0,0,0
"S00108283",1,1,0
"S00108284",0,0,0
"S00108285",0,0,0
"S00108286",0,0,0
"S00108287",0,0,0
"S00108288",1,0,1
"S00108289",0,0,0
"S00108290",0,0,0
"S00108291",2,2,0
"S00108292",0,0,0
"S00108293",0,0,0
"S00108294",0,0,0
"S00108295",0,0,0
"S00108296",2,1,1
"S00108297",1,0,1
"S00108298",0,0,0
"S00108299",0,0,0
"S00108300",0,0,0
"S00108301",0,0,0
"S00108302",0,0,0
"S00108303",0,0,0
"S00108304",2,2,0
"S00108305",4,2,2
"S00108306",2,0,2
"S00108307",1,1,0
"S00108308",2,1,1
"S00108309",3,1,2
"S00108310",0,0,0
"S00108311",0,0,0
"S00108312",0,0,0
"S00108313",0,0,0
"S00108314",0,0,0
"S00108315",0,0,0
"S00108316",0,0,0
"S00108317",1,0,1
"S00108318",0,0,0
"S00108319",0,0,0
"S00108320",1,0,1
"S00108321",0,0,0
"S00108322",0,0,0
"S00108323",0,0,0
"S00108324",0,0,0
"S00108325",0,0,0
"S00108326",2,0,2
"S00108327",1,0,1
"S00108328",0,0,0
"S00108329",0,0,0
"S00108330",0,0,0
"S00108331",0,0,0
"S00108332",0,0,0
"S00108333",0,0,0
"S00108334",0,0,0
"S00108335",1,0,1
"S00108336",2,0,2
"S00108337",1,1,0
"S00108338",0,0,0
"S00108339",4,2,2
"S00108340",0,0,0
"S00108341",1,1,0
"S00108342",1,1,0
"S00108343",0,0,0
"S00108344",0,0,0
"S00108345",0,0,0
"S00108346",0,0,0
"S00108347",0,0,0
"S00108348",0,0,0
"S00108349",0,0,0
"S00108350",1,0,1
"S00108351",1,1,0
"S00108352",0,0,0
"S00108353",0,0,0
"S00108354",0,0,0
"S00108355",1,0,1
"S00108356",0,0,0
"S00108357",0,0,0
"S00108358",0,0,0
"S00108359",0,0,0
"S00108360",0,0,0
"S00108361",1,1,0
"S00108362",0,0,0
"S00108363",2,2,0
"S00108364",0,0,0
"S00108365",0,0,0
"S00108366",0,0,0
"S00108367",1,0,1
"S00108368",0,0,0
"S00108369",1,0,1
"S00108370",1,0,1
"S00108371",0,0,0
"S00108372",0,0,0
"S00108373",0,0,0
"S00108374",0,0,0
"S00108375",1,1,0
"S00108376",2,2,0
"S00108377",1,1,0
"S00108378",3,2,1
"S00108379",1,0,1
"S00108380",0,0,0
"S00108381",0,0,0
"S00108382",0,0,0
"S00108383",2,1,1
"S00108384",0,0,0
"S00108385",3,0,3
"S00108386",0,0,0
"S00108387",0,0,0
"S00108388",0,0,0
"S00108389",1,1,0
"S00108390",1,1,0
"S00108391",0,0,0
"S00108392",0,0,0
"S00108393",0,0,0
"S00108394",0,0,0
"S00108395",0,0,0
"S00108396",1,0,1
"S00108397",3,2,1
"S00108398",2,1,1
"S00108399",1,1,0
"S00108400",1,1,0
"S00108401",0,0,0
"S00108402",0,0,0
"S00108403",4,1,3
"S00108404",2,2,0
"S00108405",0,0,0
"S00108406",0,0,0
"S00108407",0,0,0
"S00108408",0,0,0
"S00108409",0,0,0
"S00108410",0,0,0
"S00108411",0,0,0
"S00108412",0,0,0
"S00108413",0,0,0
"S00108414",0,0,0
"S00108415",0,0,0
"S00108416",0,0,0
"S00108417",0,0,0
"S00108418",0,0,0
"S00108419",0,0,0
"S00108420",0,0,0
"S00108421",1,1,0
"S00108422",1,0,1
"S00108423",0,0,0
"S00108424",0,0,0
"S00108425",0,0,0
"S00108426",1,1,0
"S00108427",0,0,0
"S00108428",0,0,0
"S00108429",0,0,0
"S00108430",0,0,0
"S00108431",0,0,0
"S00108432",0,0,0
"S00108433",0,0,0
"S00108434",0,0,0
"S00108435",0,0,0
"S00108436",1,0,1
"S00108437",0,0,0
"S00108438",0,0,0
"S00108439",0,0,0
"S00108440",0,0,0
"S00108441",0,0,0
"S00108442",2,0,2
"S00108443",0,0,0
"S00108444",0,0,0
"S00108445",0,0,0
"S00108446",0,0,0
"S00108447",0,0,0
"S00108448",0,0,0
"S00108449",2,0,2
"S00108450",4,4,0
"S00108451",2,0,2
"S00108452",0,0,0
"S00108453",1,0,1
"S00108454",0,0,0
"S00108455",1,0,1
"S00108456",0,0,0
"S00108457",0,0,0
"S00108458",0,0,0
"S00108459",0,0,0
"S00108460",0,0,0
"S00108461",0,0,0
"S00108462",3,0,3
"S00108463",1,0,1
"S00108464",4,3,1
"S00108465",0,0,0
"S00108466",0,0,0
"S00108467",0,0,0
"S00108468",0,0,0
"S00108469",5,3,2
"S00108470",1,1,0
"S00108471",2,2,0
"S00108472",2,1,1
"S00108473",0,0,0
"S00108474",0,0,0
"S00108475",0,0,0
"S00108476",0,0,0
"S00108477",1,0,1
"S00108478",1,1,0
"S00108479",0,0,0
"S00108480",0,0,0
"S00108481",1,0,1
"S00108482",4,1,3
"S00108483",2,2,0
"S00108484",0,0,0
"S00108485",0,0,0
"S00108486",1,1,0
"S00108487",0,0,0
"S00108488",1,0,1
"S00108489",1,1,0
"S00108490",3,1,2
"S00108491",2,1,1
"S00108492",0,0,0
"S00108493",3,1,2
"S00108494",0,0,0
"S00108495",0,0,0
"S00108496",0,0,0
"S00108497",0,0,0
"S00108498",2,2,0
"S00108499",0,0,0
"S00108500",3,1,2
"S00108501",3,1,2
"S00108502",0,0,0
"S00108503",0,0,0
"S00108504",1,0,1
"S00108505",0,0,0
"S00108506",1,0,1
"S00108507",0,0,0
"S00108508",0,0,0
"S00108509",0,0,0
"S00108510",4,4,0
"S00108511",0,0,0
"S00108512",0,0,0
"S00108513",0,0,0
"S00108514",1,1,0
"S00108515",0,0,0
"S00108516",0,0,0
"S00108517",0,0,0
"S00108518",4,3,1
"S00108519",0,0,0
"S00108520",3,2,1
"S00108521",1,1,0
"S00108522",0,0,0
"S00108523",0,0,0
"S00108524",1,0,1
"S00108525",1,0,1
"S00108526",0,0,0
"S00108527",0,0,0
"S00108528",0,0,0
"S00108529",0,0,0
"S00108530",0,0,0
"S00108531",0,0,0
"S00108532",0,0,0
"S00108533",0,0,0
"S00108534",0,0,0
"S00108535",1,0,1
"S00108536",0,0,0
"S00108537",0,0,0
"S00108538",0,0,0
"S00108539",1,0,1
"S00108540",0,0,0
"S00108541",0,0,0
"S00108542",0,0,0
"S00108543",0,0,0
"S00108544",0,0,0
"S00108545",0,0,0
"S00108546",0,0,0
"S00108547",0,0,0
"S00108548",0,0,0
"S00108549",0,0,0
"S00108550",0,0,0
"S00108551",0,0,0
"S00108552",0,0,0
"S00108553",1,1,0
"S00108554",1,0,1
"S00108555",1,1,0
"S00108556",1,0,1
"S00108557",1,1,0
"S00108558",0,0,0
"S00108559",0,0,0
"S00108560",0,0,0
"S00108561",0,0,0
"S00108562",0,0,0
"S00108563",0,0,0
"S00108564",1,1,0
"S00108565",0,0,0
"S00108566",1,1,0
"S00108567",0,0,0
"S00108568",1,0,1
"S00108569",1,1,0
"S00108570",2,2,0
"S00108571",4,0,4
"S00108572",0,0,0
"S00108573",2,2,0
"S00108574",1,0,1
"S00108575",0,0,0
"S00108576",0,0,0
"S00108577",0,0,0
"S00108578",0,0,0
"S00108579",1,0,1
"S00108580",3,2,1
"S00108581",0,0,0
"S00108582",1,1,0
"S00108583",0,0,0
"S00108584",0,0,0
"S00108585",1,0,1
"S00108586",0,0,0
"S00108587",2,1,1
"S00108588",0,0,0
"S00108589",1,0,1
"S00108590",1,1,0
"S00108591",0,0,0
"S00108592",0,0,0
"S00108593",0,0,0
"S00108594",0,0,0
"S00108595",0,0,0
"S00108596",0,0,0
"S00108597",0,0,0
"S00108598",1,1,0
"S00108599",1,1,0
"S00108600",3,0,3
"S00108601",1,0,1
"S00108602",2,2,0
"S00108603",1,1,0
"S00108604",0,0,0
"S00108605",1,0,1
"S00108606",2,2,0
"S00108607",1,0,1
"S00108608",0,0,0
"S00108609",0,0,0
"S00108610",0,0,0
"S00108611",2,1,1
"S00108612",0,0,0
"S00108613",0,0,0
"S00108614",2,0,2
"S00108615",0,0,0
"S00108616",0,0,0
"S00108617",1,0,1
"S00108618",3,3,0
"S00108619",0,0,0
"S00108620",1,0,1
"S00108621",0,0,0
"S00108622",0,0,0
"S00108623",0,0,0
"S00108624",0,0,0
"S00108625",0,0,0
"S00108626",0,0,0
"S00108627",0,0,0
"S00108628",0,0,0
"S00108629",0,0,0
"S00108630",0,0,0
"S00108631",0,0,0
"S00108632",0,0,0
"S00108633",0,0,0
"S00108634",0,0,0
"S00108635",0,0,0
"S00108636",0,0,0
"S00108637",1,1,0
"S00108638",1,0,1
"S00108639",0,0,0
"S00108640",1,1,0
"S00108641",2,2,0
"S00108642",0,0,0
"S00108643",1,0,1
"S00108644",2,1,1
"S00108645",0,0,0
"S00108646",1,1,0
"S00108647",2,1,1
"S00108648",1,1,0
"S00108649",0,0,0
"S00108650",0,0,0
"S00108651",1,1,0
"S00108652",0,0,0
"S00108653",0,0,0
"S00108654",1,0,1
"S00108655",0,0,0
"S00108656",1,0,1
"S00108657",1,0,1
"S00108658",1,1,0
"S00108659",0,0,0
"S00108660",1,1,0
"S00108661",0,0,0
"S00108662",1,1,0
"S00108663",0,0,0
"S00108664",0,0,0
"S00108665",0,0,0
"S00108666",0,0,0
"S00108667",1,0,1
"S00108668",0,0,0
"S00108669",1,0,1
"S00108670",0,0,0
"S00108671",0,0,0
"S00108672",0,0,0
"S00108673",0,0,0
"S00108674",1,1,0
"S00108675",2,2,0
"S00108676",1,1,0
"S00108677",1,0,1
"S00108678",0,0,0
"S00108679",0,0,0
"S00108680",0,0,0
"S00108681",0,0,0
"S00108682",3,1,2
"S00108683",0,0,0
"S00108684",0,0,0
"S00108685",0,0,0
"S00108686",0,0,0
"S00108687",0,0,0
"S00108688",3,2,1
"S00108689",0,0,0
"S00108690",0,0,0
"S00108691",0,0,0
"S00108692",0,0,0
"S00108693",0,0,0
"S00108694",0,0,0
"S00108695",0,0,0
"S00108696",0,0,0
"S00108697",0,0,0
"S00108698",0,0,0
"S00108699",0,0,0
"S00108700",0,0,0
"S00108701",0,0,0
"S00108702",1,0,1
"S00108703",0,0,0
"S00108704",0,0,0
"S00108705",0,0,0
"S00108706",1,1,0
"S00108707",0,0,0
"S00108708",0,0,0
"S00108709",0,0,0
"S00108710",0,0,0
"S00108711",0,0,0
"S00108712",0,0,0
"S00108713",0,0,0
"S00108714",0,0,0
"S00108715",0,0,0
"S00108716",1,1,0
"S00108717",0,0,0
"S00108718",0,0,0
"S00108719",0,0,0
"S00108720",0,0,0
"S00108721",0,0,0
"S00108722",0,0,0
"S00108723",1,1,0
"S00108724",0,0,0
"S00108725",0,0,0
"S00108726",2,1,1
"S00108727",4,2,2
"S00108728",0,0,0
"S00108729",2,0,2
"S00108730",2,1,1
"S00108731",0,0,0
"S00108732",0,0,0
"S00108733",0,0,0
"S00108734",1,0,1
"S00108735",0,0,0
"S00108736",0,0,0
"S00108737",1,1,0
"S00108738",0,0,0
"S00108739",0,0,0
"S00108740",1,0,1
"S00108741",0,0,0
"S00108742",1,1,0
"S00108743",1,0,1
"S00108744",0,0,0
"S00108745",0,0,0
"S00108746",1,1,0
"S00108747",1,1,0
"S00108748",2,0,2
"S00108749",0,0,0
"S00108750",3,1,2
"S00108751",2,0,2
"S00108752",2,0,2
"S00108753",1,1,0
"S00108754",0,0,0
"S00108755",0,0,0
"S00108756",2,1,1
"S00108757",1,1,0
"S00108758",0,0,0
"S00108759",0,0,0
"S00108760",0,0,0
"S00108761",1,1,0
"S00108762",1,0,1
"S00108763",0,0,0
"S00108764",1,0,1
"S00108765",0,0,0
"S00108766",0,0,0
"S00108767",0,0,0
"S00108768",3,1,2
"S00108769",0,0,0
"S00108770",0,0,0
"S00108771",0,0,0
"S00108772",0,0,0
"S00108773",0,0,0
"S00108774",2,2,0
"S00108775",0,0,0
"S00108776",1,1,0
"S00108777",0,0,0
"S00108778",0,0,0
"S00108779",0,0,0
"S00108780",1,1,0
"S00108781",0,0,0
"S00108782",1,0,1
"S00108783",0,0,0
"S00108784",0,0,0
"S00108785",0,0,0
"S00108786",1,1,0
"S00108787",0,0,0
"S00108788",1,1,0
"S00108789",0,0,0
"S00108790",0,0,0
"S00108791",0,0,0
"S00108792",0,0,0
"S00108793",2,0,2
"S00108794",1,1,0
"S00108795",3,2,1
"S00108796",1,0,1
"S00108797",0,0,0
"S00108798",1,1,0
"S00108799",1,0,1
"S00108800",1,0,1
"S00108801",1,0,1
"S00108802",0,0,0
"S00108803",0,0,0
"S00108804",0,0,0
"S00108805",1,0,1
"S00108806",0,0,0
"S00108807",0,0,0
"S00108808",1,0,1
"S00108809",0,0,0
"S00108810",0,0,0
"S00108811",2,0,2
"S00108812",0,0,0
"S00108813",0,0,0
"S00108814",0,0,0
"S00108815",0,0,0
"S00108816",0,0,0
"S00108817",0,0,0
"S00108818",1,1,0
"S00108819",0,0,0
"S00108820",0,0,0
"S00108821",0,0,0
"S00108822",0,0,0
"S00108823",0,0,0
"S00108824",0,0,0
"S00108825",1,0,1
"S00108826",0,0,0
"S00108827",0,0,0
"S00108828",0,0,0
"S00108829",2,1,1
"S00108830",0,0,0
"S00108831",0,0,0
"S00108832",2,0,2
"S00108833",0,0,0
"S00108834",0,0,0
"S00108835",0,0,0
"S00108836",0,0,0
"S00108837",0,0,0
"S00108838",0,0,0
"S00108839",0,0,0
"S00108840",0,0,0
"S00108841",0,0,0
"S00108842",1,0,1
"S00108843",0,0,0
"S00108844",0,0,0
"S00108845",0,0,0
"S00108846",1,1,0
"S00108847",2,1,1
"S00108848",0,0,0
"S00108849",0,0,0
"S00108850",1,1,0
"S00108851",0,0,0
"S00108852",0,0,0
"S00108853",1,0,1
"S00108854",0,0,0
"S00108855",0,0,0
"S00108856",1,1,0
"S00108857",1,0,1
"S00108858",0,0,0
"S00108859",0,0,0
"S00108860",2,0,2
"S00108861",1,1,0
"S00108862",0,0,0
"S00108863",1,0,1
"S00108864",1,1,0
"S00108865",1,0,1
"S00108866",0,0,0
"S00108867",2,0,2
"S00108868",0,0,0
"S00108869",1,1,0
"S00108870",1,1,0
"S00108871",1,0,1
"S00108872",0,0,0
"S00108873",0,0,0
"S00108874",0,0,0
"S00108875",0,0,0
"S00108876",1,0,1
"S00108877",0,0,0
"S00108878",3,0,3
"S00108879",0,0,0
"S00108880",2,0,2
"S00108881",2,1,1
"S00108882",0,0,0
"S00108883",0,0,0
"S00108884",0,0,0
"S00108885",1,1,0
"S00108886",0,0,0
"S00108887",2,1,1
"S00108888",1,0,1
"S00108889",0,0,0
"S00108890",0,0,0
"S00108891",2,1,1
"S00108892",0,0,0
"S00108893",0,0,0
"S00108894",5,4,1
"S00108895",0,0,0
"S00108896",0,0,0
"S00108897",0,0,0
"S00108898",0,0,0
"S00108899",0,0,0
"S00108900",0,0,0
"S00108901",0,0,0
"S00108902",1,0,1
"S00108903",0,0,0
"S00108904",3,1,2
"S00108905",1,0,1
"S00108906",0,0,0
"S00108907",0,0,0
"S00108908",0,0,0
"S00108909",1,0,1
"S00108910",2,1,1
"S00108911",0,0,0
"S00108912",0,0,0
"S00108913",0,0,0
"S00108914",3,0,3
"S00108915",1,0,1
"S00108916",1,1,0
"S00108917",1,1,0
"S00108918",1,0,1
"S00108919",1,1,0
"S00108920",0,0,0
"S00108921",0,0,0
"S00108922",0,0,0
"S00108923",0,0,0
"S00108924",0,0,0
"S00108925",0,0,0
"S00108926",1,1,0
"S00108927",0,0,0
"S00108928",0,0,0
"S00108929",0,0,0
"S00108930",0,0,0
"S00108931",2,0,2
"S00108932",0,0,0
"S00108933",0,0,0
"S00108934",0,0,0
"S00108935",1,1,0
"S00108936",1,1,0
"S00108937",0,0,0
"S00108938",1,0,1
"S00108939",0,0,0
"S00108940",1,1,0
"S00108941",0,0,0
"S00108942",0,0,0
"S00108943",0,0,0
"S00108944",0,0,0
"S00108945",1,0,1
"S00108946",2,1,1
"S00108947",0,0,0
"S00108948",0,0,0
"S00108949",0,0,0
"S00108950",2,1,1
"S00108951",1,0,1
"S00108952",1,1,0
"S00108953",0,0,0
"S00108954",0,0,0
"S00108955",0,0,0
"S00108956",2,0,2
"S00108957",3,2,1
"S00108958",0,0,0
"S00108959",1,0,1
"S00108960",0,0,0
"S00108961",0,0,0
"S00108962",1,1,0
"S00108963",2,1,1
"S00108964",3,1,2
"S00108965",0,0,0
"S00108966",4,3,1
"S00108967",0,0,0
"S00108968",0,0,0
"S00108969",2,1,1
"S00108970",0,0,0
"S00108971",0,0,0
"S00108972",0,0,0
"S00108973",0,0,0
"S00108974",0,0,0
"S00108975",0,0,0
"S00108976",0,0,0
"S00108977",0,0,0
"S00108978",1,1,0
"S00108979",0,0,0
"S00108980",1,0,1
"S00108981",0,0,0
"S00108982",0,0,0
"S00108983",0,0,0
"S00108984",6,5,1
"S00108985",0,0,0
"S00108986",1,0,1
"S00108987",1,0,1
"S00108988",3,1,2
"S00108989",1,1,0
"S00108990",0,0,0
"S00108991",0,0,0
"S00108992",2,0,2
"S00108993",0,0,0
"S00108994",2,1,1
"S00108995",1,0,1
"S00108996",10,6,4
"S00108997",4,1,3
"S00108998",0,0,0
"S00108999",4,2,2
"S00109000",0,0,0
"S00109001",0,0,0
"S00109002",0,0,0
"S00109003",0,0,0
"S00109004",2,1,1
"S00109005",0,0,0
"S00109006",1,1,0
"S00109007",0,0,0
"S00109008",4,1,3
"S00109009",0,0,0
"S00109010",1,1,0
"S00109011",0,0,0
"S00109012",0,0,0
"S00109013",1,0,1
"S00109014",0,0,0
"S00109015",0,0,0
"S00109016",4,1,3
"S00109017",9,2,7
"S00109018",1,1,0
"S00109019",2,1,1
"S00109020",0,0,0
"S00109021",0,0,0
"S00109022",2,2,0
"S00109023",0,0,0
"S00109024",2,1,1
"S00109025",6,5,1
"S00109026",4,2,2
"S00109027",5,4,1
"S00109028",0,0,0
"S00109029",1,0,1
"S00109030",0,0,0
"S00109031",0,0,0
"S00109032",1,0,1
"S00109033",0,0,0
"S00109034",5,5,0
"S00109035",1,0,1
"S00109036",2,1,1
"S00109037",3,2,1
"S00109038",7,3,4
"S00109039",3,1,2
"S00109040",4,3,1
"S00109041",7,3,4
"S00109042",2,0,2
"S00109043",0,0,0
"S00109044",2,1,1
"S00109045",3,2,1
"S00109046",1,1,0
"S00109047",1,0,1
"S00109048",1,0,1
"S00109049",1,0,1
"S00109050",1,0,1
"S00109051",1,0,1
"S00109052",3,2,1
"S00109053",5,2,3
"S00109054",4,2,2
"S00109055",4,2,2
"S00109056",2,1,1
"S00109057",3,2,1
"S00109058",4,3,1
"S00109059",0,0,0
"S00109060",2,0,2
"S00109061",4,2,2
"S00109062",1,0,1
"S00109063",0,0,0
"S00109064",2,0,2
"S00109065",1,1,0
"S00109066",2,1,1
"S00109067",1,1,0
"S00109068",0,0,0
"S00109069",1,1,0
"S00109070",0,0,0
"S00109071",0,0,0
"S00109072",3,3,0
"S00109073",4,1,3
"S00109074",3,1,2
"S00109075",1,1,0
"S00109076",1,0,1
"S00109077",0,0,0
"S00109078",1,0,1
"S00109079",3,2,1
"S00109080",0,0,0
"S00109081",2,2,0
"S00109082",8,5,3
"S00109083",2,1,1
"S00109084",1,0,1
"S00109085",1,1,0
"S00109086",4,1,3
"S00109087",2,1,1
"S00109088",3,2,1
"S00109089",0,0,0
"S00109090",5,3,2
"S00109091",4,2,2
"S00109092",1,0,1
"S00109093",2,1,1
"S00109094",7,3,4
"S00109095",4,3,1
"S00109096",2,1,1
"S00109097",3,0,3
"S00109098",4,0,4
"S00109099",1,0,1
"S00109100",3,2,1
"S00109101",4,3,1
"S00109102",1,1,0
"S00109103",1,1,0
"S00109104",0,0,0
"S00109105",0,0,0
"S00109106",4,3,1
"S00109107",0,0,0
"S00109108",4,2,2
"S00109109",1,1,0
"S00109110",1,1,0
"S00109111",4,2,2
"S00109112",13,4,9
"S00109113",3,2,1
"S00109114",11,5,6
"S00109115",3,2,1
"S00109116",6,3,3
"S00109117",4,3,1
"S00109118",8,6,2
"S00109119",6,2,4
"S00109120",1,1,0
"S00109121",4,3,1
"S00109122",6,2,4
"S00109123",5,2,3
"S00109124",4,2,2
"S00109125",9,5,4
"S00109126",3,1,2
"S00109127",1,0,1
"S00109128",10,3,7
"S00109129",6,3,3
"S00109130",2,0,2
"S00109131",10,6,4
"S00109132",0,0,0
"S00109133",3,2,1
"S00109134",1,0,1
"S00109135",5,2,3
"S00109136",2,0,2
"S00109137",0,0,0
"S00109138",8,6,2
"S00109139",2,1,1
"S00109140",1,1,0
"S00109141",1,0,1
"S00109142",1,0,1
"S00109143",0,0,0
"S00109144",1,1,0
"S00109145",2,1,1
"S00109146",3,0,3
"S00109147",1,0,1
"S00109148",1,0,1
"S00109149",2,1,1
"S00109150",1,0,1
"S00109151",6,3,3
"S00109152",0,0,0
"S00109153",3,2,1
"S00109154",1,0,1
"S00109155",0,0,0
"S00109156",3,1,2
"S00109157",2,2,0
"S00109158",1,0,1
"S00109159",0,0,0
"S00109160",1,0,1
"S00109161",1,0,1
"S00109162",1,1,0
"S00109163",1,1,0
"S00109164",2,1,1
"S00109165",4,1,3
"S00109166",6,5,1
"S00109167",3,1,2
"S00109168",1,0,1
"S00109169",1,0,1
"S00109170",4,1,3
"S00109171",3,3,0
"S00109172",3,1,2
"S00109173",3,1,2
"S00109174",0,0,0
"S00109175",0,0,0
"S00109176",0,0,0
"S00109177",0,0,0
"S00109178",0,0,0
"S00109179",4,2,2
"S00109180",1,0,1
"S00109181",0,0,0
"S00109182",2,0,2
"S00109183",3,2,1
"S00109184",0,0,0
"S00109185",0,0,0
"S00109186",0,0,0
"S00109187",1,0,1
"S00109188",1,0,1
"S00109189",1,0,1
"S00109190",0,0,0
"S00109191",2,0,2
"S00109192",1,0,1
"S00109193",3,1,2
"S00109194",2,1,1
"S00109195",1,0,1
"S00109196",0,0,0
"S00109197",0,0,0
"S00109198",0,0,0
"S00109199",0,0,0
"S00109200",0,0,0
"S00109201",0,0,0
"S00109202",0,0,0
"S00109203",0,0,0
"S00109204",0,0,0
"S00109205",0,0,0
"S00109206",0,0,0
"S00109207",0,0,0
"S00109208",1,0,1
"S00109209",0,0,0
"S00109210",0,0,0
"S00109211",0,0,0
"S00109212",0,0,0
"S00109213",1,0,1
"S00109214",0,0,0
"S00109215",2,1,1
"S00109216",1,0,1
"S00109217",0,0,0
"S00109218",1,0,1
"S00109219",2,1,1
"S00109220",2,0,2
"S00109221",2,1,1
"S00109222",1,0,1
"S00109223",1,0,1
"S00109224",0,0,0
"S00109225",1,0,1
"S00109226",2,0,2
"S00109227",0,0,0
"S00109228",1,0,1
"S00109229",0,0,0
"S00109230",0,0,0
"S00109231",1,0,1
"S00109232",1,0,1
"S00109233",2,1,1
"S00109234",1,1,0
"S00109235",0,0,0
"S00109236",0,0,0
"S00109237",0,0,0
"S00109238",1,1,0
"S00109239",0,0,0
"S00109240",0,0,0
"S00109241",0,0,0
"S00109242",0,0,0
"S00109243",0,0,0
"S00109244",1,0,1
"S00109245",0,0,0
"S00109246",0,0,0
"S00109247",0,0,0
"S00109248",0,0,0
"S00109249",0,0,0
"S00109250",1,0,1
"S00109251",0,0,0
"S00109252",1,0,1
"S00109253",0,0,0
"S00109254",0,0,0
"S00109255",1,0,1
"S00109256",0,0,0
"S00109257",0,0,0
"S00109258",2,2,0
"S00109259",0,0,0
"S00109260",0,0,0
"S00109261",0,0,0
"S00109262",1,1,0
"S00109263",1,0,1
"S00109264",1,0,1
"S00109265",0,0,0
"S00109266",0,0,0
"S00109267",0,0,0
"S00109268",0,0,0
"S00109269",0,0,0
"S00109270",0,0,0
"S00109271",0,0,0
"S00109272",0,0,0
"S00109273",0,0,0
"S00109274",1,0,1
"S00109275",0,0,0
"S00109276",0,0,0
"S00109277",0,0,0
"S00109278",1,0,1
"S00109279",0,0,0
"S00109280",0,0,0
"S00109281",0,0,0
"S00109282",1,0,1
"S00109283",0,0,0
"S00109284",3,2,1
"S00109285",0,0,0
"S00109286",1,0,1
"S00109287",0,0,0
"S00109288",0,0,0
"S00109289",2,1,1
"S00109290",0,0,0
"S00109291",0,0,0
"S00109292",0,0,0
"S00109293",0,0,0
"S00109294",0,0,0
"S00109295",0,0,0
"S00109296",4,1,3
"S00109297",2,0,2
"S00109298",4,1,3
"S00109299",0,0,0
"S00109300",1,0,1
"S00109301",0,0,0
"S00109302",0,0,0
"S00109303",1,0,1
"S00109304",0,0,0
"S00109305",0,0,0
"S00109306",0,0,0
"S00109307",1,1,0
"S00109308",3,1,2
"S00109309",0,0,0
"S00109310",0,0,0
"S00109311",0,0,0
"S00109312",1,0,1
"S00109313",0,0,0
"S00109314",0,0,0
"S00109315",0,0,0
"S00109316",2,0,2
"S00109317",6,3,3
"S00109318",0,0,0
"S00109319",0,0,0
"S00109320",1,0,1
"S00109321",1,0,1
"S00109322",2,2,0
"S00109323",3,1,2
"S00109324",2,2,0
"S00109325",2,2,0
"S00109326",5,2,3
"S00109327",2,1,1
"S00109328",1,1,0
"S00109329",2,0,2
"S00109330",1,0,1
"S00109331",2,1,1
"S00109332",1,0,1
"S00109333",1,1,0
"S00109334",1,1,0
"S00109335",3,1,2
"S00109336",0,0,0
"S00109337",1,1,0
"S00109338",3,2,1
"S00109339",0,0,0
"S00109340",0,0,0
"S00109341",1,1,0
"S00109342",0,0,0
"S00109343",0,0,0
"S00109344",2,0,2
"S00109345",0,0,0
"S00109346",0,0,0
"S00109347",0,0,0
"S00109348",1,0,1
"S00109349",0,0,0
"S00109350",0,0,0
"S00109351",0,0,0
"S00109352",0,0,0
"S00109353",1,1,0
"S00109354",0,0,0
"S00109355",2,1,1
"S00109356",5,3,2
"S00109357",2,1,1
"S00109358",3,2,1
"S00109359",0,0,0
"S00109360",3,3,0
"S00109361",2,2,0
"S00109362",2,1,1
"S00109363",4,3,1
"S00109364",4,1,3
"S00109365",5,1,4
"S00109366",0,0,0
"S00109367",0,0,0
"S00109368",2,0,2
"S00109369",2,0,2
"S00109370",1,1,0
"S00109371",1,1,0
"S00109372",0,0,0
"S00109373",2,1,1
"S00109374",0,0,0
"S00109375",0,0,0
"S00109376",2,0,2
"S00109377",2,1,1
"S00109378",2,0,2
"S00109379",0,0,0
"S00109380",0,0,0
"S00109381",0,0,0
"S00109382",4,1,3
"S00109383",0,0,0
"S00109384",1,0,1
"S00109385",2,1,1
"S00109386",0,0,0
"S00109387",1,0,1
"S00109388",0,0,0
"S00109389",0,0,0
"S00109390",5,1,4
"S00109391",5,2,3
"S00109392",1,0,1
"S00109393",0,0,0
"S00109394",0,0,0
"S00109395",1,0,1
"S00109396",0,0,0
"S00109397",2,2,0
"S00109398",0,0,0
"S00109399",0,0,0
"S00109400",0,0,0
"S00109401",0,0,0
"S00109402",0,0,0
"S00109403",1,1,0
"S00109404",0,0,0
"S00109405",1,0,1
"S00109406",3,1,2
"S00109407",0,0,0
"S00109408",1,1,0
"S00109409",0,0,0
"S00109410",2,0,2
"S00109411",0,0,0
"S00109412",1,1,0
"S00109413",1,0,1
"S00109414",0,0,0
"S00109415",0,0,0
"S00109416",0,0,0
"S00109417",2,1,1
"S00109418",0,0,0
"S00109419",0,0,0
"S00109420",0,0,0
"S00109421",0,0,0
"S00109422",0,0,0
"S00109423",0,0,0
"S00109424",0,0,0
"S00109425",0,0,0
"S00109426",1,1,0
"S00109427",1,0,1
"S00109428",2,2,0
"S00109429",1,1,0
"S00109430",0,0,0
"S00109431",0,0,0
"S00109432",0,0,0
"S00109433",0,0,0
"S00109434",0,0,0
"S00109435",0,0,0
"S00109436",0,0,0
"S00109437",2,1,1
"S00109438",0,0,0
"S00109439",0,0,0
"S00109440",0,0,0
"S00109441",0,0,0
"S00109442",0,0,0
"S00109443",0,0,0
"S00109444",0,0,0
"S00109445",0,0,0
"S00109446",0,0,0
"S00109447",0,0,0
"S00109448",0,0,0
"S00109449",0,0,0
"S00109450",1,1,0
"S00109451",0,0,0
"S00109452",0,0,0
"S00109453",0,0,0
"S00109454",0,0,0
"S00109455",0,0,0
"S00109456",0,0,0
"S00109457",0,0,0
"S00109458",0,0,0
"S00109459",0,0,0
"S00109460",0,0,0
"S00109461",0,0,0
"S00109462",1,1,0
"S00109463",3,2,1
"S00109464",3,0,3
"S00109465",0,0,0
"S00109466",0,0,0
"S00109467",0,0,0
"S00109468",1,0,1
"S00109469",0,0,0
"S00109470",0,0,0
"S00109471",2,0,2
"S00109472",0,0,0
"S00109473",5,3,2
"S00109474",2,1,1
"S00109475",4,1,3
"S00109476",0,0,0
"S00109477",3,0,3
"S00109478",1,0,1
"S00109479",3,1,2
"S00109480",2,1,1
"S00109481",0,0,0
"S00109482",2,1,1
"S00109483",0,0,0
"S00109484",0,0,0
"S00109485",3,1,2
"S00109486",1,0,1
"S00109487",1,0,1
"S00109488",4,1,3
"S00109489",0,0,0
"S00109490",1,0,1
"S00109491",1,1,0
"S00109492",2,1,1
"S00109493",14,9,5
"S00109494",5,2,3
"S00109495",4,2,2
"S00109496",4,3,1
"S00109497",0,0,0
"S00109498",0,0,0
"S00109499",0,0,0
"S00109500",0,0,0
"S00109501",0,0,0
"S00109502",0,0,0
"S00109503",0,0,0
"S00109504",2,0,2
"S00109505",1,0,1
"S00109506",1,1,0
"S00109507",1,1,0
"S00109508",4,1,3
"S00109509",1,1,0
"S00109510",5,3,2
"S00109511",2,2,0
"S00109512",9,4,5
"S00109513",2,1,1
"S00109514",7,3,4
"S00109515",9,3,6
"S00109516",2,2,0
"S00109517",0,0,0
"S00109518",5,3,2
"S00109519",2,0,2
"S00109520",0,0,0
"S00109521",2,1,1
"S00109522",4,2,2
"S00109523",4,2,2
"S00109524",2,2,0
"S00109525",0,0,0
"S00109526",1,0,1
"S00109527",1,0,1
"S00109528",0,0,0
"S00109529",0,0,0
"S00109530",0,0,0
"S00109531",1,1,0
"S00109532",0,0,0
"S00109533",1,1,0
"S00109534",5,4,1
"S00109535",5,2,3
"S00109536",4,2,2
"S00109537",2,1,1
"S00109538",0,0,0
"S00109539",1,0,1
"S00109540",1,1,0
"S00109541",0,0,0
"S00109542",1,1,0
"S00109543",1,0,1
"S00109544",0,0,0
"S00109545",2,2,0
"S00109546",2,2,0
"S00109547",0,0,0
"S00109548",1,1,0
"S00109549",5,2,3
"S00109550",0,0,0
"S00109551",0,0,0
"S00109552",0,0,0
"S00109553",0,0,0
"S00109554",0,0,0
"S00109555",1,0,1
"S00109556",0,0,0
"S00109557",0,0,0
"S00109558",3,1,2
"S00109559",1,1,0
"S00109560",1,0,1
"S00109561",6,3,3
"S00109562",2,0,2
"S00109563",3,2,1
"S00109564",3,1,2
"S00109565",1,0,1
"S00109566",0,0,0
"S00109567",5,4,1
"S00109568",0,0,0
"S00109569",0,0,0
"S00109570",2,1,1
"S00109571",1,1,0
"S00109572",0,0,0
"S00109573",0,0,0
"S00109574",0,0,0
"S00109575",0,0,0
"S00109576",0,0,0
"S00109577",1,0,1
"S00109578",0,0,0
"S00109579",0,0,0
"S00109580",0,0,0
"S00109581",0,0,0
"S00109582",1,1,0
"S00109583",1,0,1
"S00109584",3,1,2
"S00109585",0,0,0
"S00109586",0,0,0
"S00109587",2,2,0
"S00109588",1,0,1
"S00109589",0,0,0
"S00109590",2,2,0
"S00109591",5,1,4
"S00109592",1,1,0
"S00109593",1,1,0
"S00109594",0,0,0
"S00109595",0,0,0
"S00109596",0,0,0
"S00109597",1,1,0
"S00109598",1,1,0
"S00109599",4,3,1
"S00109600",0,0,0
"S00109601",0,0,0
"S00109602",0,0,0
"S00109603",1,1,0
"S00109604",0,0,0
"S00109605",1,0,1
"S00109606",0,0,0
"S00109607",0,0,0
"S00109608",0,0,0
"S00109609",4,4,0
"S00109610",0,0,0
"S00109611",0,0,0
"S00109612",1,1,0
"S00109613",1,0,1
"S00109614",1,0,1
"S00109615",2,1,1
"S00109616",2,1,1
"S00109617",0,0,0
"S00109618",0,0,0
"S00109619",1,0,1
"S00109620",0,0,0
"S00109621",0,0,0
"S00109622",4,2,2
"S00109623",0,0,0
"S00109624",5,2,3
"S00109625",4,4,0
"S00109626",1,1,0
"S00109627",3,1,2
"S00109628",1,0,1
"S00109629",5,3,2
"S00109630",1,0,1
"S00109631",1,1,0
"S00109632",2,1,1
"S00109633",5,4,1
"S00109634",6,3,3
"S00109635",1,1,0
"S00109636",3,2,1
"S00109637",3,1,2
"S00109638",0,0,0
"S00109639",0,0,0
"S00109640",1,1,0
"S00109641",3,1,2
"S00109642",0,0,0
"S00109643",0,0,0
"S00109644",0,0,0
"S00109645",0,0,0
"S00109646",1,1,0
"S00109647",1,0,1
"S00109648",0,0,0
"S00109649",0,0,0
"S00109650",1,1,0
"S00109651",6,1,5
"S00109652",2,1,1
"S00109653",2,2,0
"S00109654",1,0,1
"S00109655",0,0,0
"S00109656",1,1,0
"S00109657",0,0,0
"S00109658",5,1,4
"S00109659",1,0,1
"S00109660",5,3,2
"S00109661",0,0,0
"S00109662",0,0,0
"S00109663",0,0,0
"S00109664",1,0,1
"S00109665",0,0,0
"S00109666",3,2,1
"S00109667",1,1,0
"S00109668",0,0,0
"S00109669",1,0,1
"S00109670",0,0,0
"S00109671",1,0,1
"S00109672",0,0,0
"S00109673",0,0,0
"S00109674",0,0,0
"S00109675",0,0,0
"S00109676",0,0,0
"S00109677",0,0,0
"S00109678",0,0,0
"S00109679",1,0,1
"S00109680",0,0,0
"S00109681",0,0,0
"S00109682",0,0,0
"S00109683",2,2,0
"S00109684",0,0,0
"S00109685",0,0,0
"S00109686",1,0,1
"S00109687",1,0,1
"S00109688",0,0,0
"S00109689",2,2,0
"S00109690",2,1,1
"S00109691",1,0,1
"S00109692",3,1,2
"S00109693",2,2,0
"S00109694",2,2,0
"S00109695",2,0,2
"S00109696",3,2,1
"S00109697",0,0,0
"S00109698",1,1,0
"S00109699",5,3,2
"S00109700",1,0,1
"S00109701",5,1,4
"S00109702",5,3,2
"S00109703",0,0,0
"S00109704",3,1,2
"S00109705",0,0,0
"S00109706",0,0,0
"S00109707",1,0,1
"S00109708",0,0,0
"S00109709",1,0,1
"S00109710",1,0,1
"S00109711",6,5,1
"S00109712",0,0,0
"S00109713",2,0,2
"S00109714",3,1,2
"S00109715",0,0,0
"S00109716",1,0,1
"S00109717",1,0,1
"S00109718",0,0,0
"S00109719",3,1,2
"S00109720",0,0,0
"S00109721",0,0,0
"S00109722",0,0,0
"S00109723",0,0,0
"S00109724",0,0,0
"S00109725",0,0,0
"S00109726",0,0,0
"S00109727",0,0,0
"S00109728",0,0,0
"S00109729",0,0,0
"S00109730",1,0,1
"S00109731",0,0,0
"S00109732",0,0,0
"S00109733",0,0,0
"S00109734",3,3,0
"S00109735",2,0,2
"S00109736",0,0,0
"S00109737",2,0,2
"S00109738",1,1,0
"S00109739",0,0,0
"S00109740",1,0,1
"S00109741",2,1,1
"S00109742",8,2,6
"S00109743",2,2,0
"S00109744",0,0,0
"S00109745",2,1,1
"S00109746",1,0,1
"S00109747",0,0,0
"S00109748",0,0,0
"S00109749",0,0,0
"S00109750",0,0,0
"S00109751",0,0,0
"S00109752",0,0,0
"S00109753",1,0,1
"S00109754",0,0,0
"S00109755",0,0,0
"S00109756",1,0,1
"S00109757",1,0,1
"S00109758",0,0,0
"S00109759",0,0,0
"S00109760",0,0,0
"S00109761",0,0,0
"S00109762",6,4,2
"S00109763",3,1,2
"S00109764",1,0,1
"S00109765",3,2,1
"S00109766",3,2,1
"S00109767",0,0,0
"S00109768",0,0,0
"S00109769",0,0,0
"S00109770",2,1,1
"S00109771",0,0,0
"S00109772",1,1,0
"S00109773",0,0,0
"S00109774",0,0,0
"S00109775",0,0,0
"S00109776",1,0,1
"S00109777",2,0,2
"S00109778",2,0,2
"S00109779",0,0,0
"S00109780",1,0,1
"S00109781",2,1,1
"S00109782",0,0,0
"S00109783",0,0,0
"S00109784",0,0,0
"S00109785",0,0,0
"S00109786",0,0,0
"S00109787",0,0,0
"S00109788",0,0,0
"S00109789",2,0,2
"S00109790",0,0,0
"S00109791",0,0,0
"S00109792",0,0,0
"S00109793",1,0,1
"S00109794",2,1,1
"S00109795",0,0,0
"S00109796",2,0,2
"S00109797",0,0,0
"S00109798",0,0,0
"S00109799",0,0,0
"S00109800",0,0,0
"S00109801",1,0,1
"S00109802",0,0,0
"S00109803",0,0,0
"S00109804",0,0,0
"S00109805",1,1,0
"S00109806",0,0,0
"S00109807",0,0,0
"S00109808",1,0,1
"S00109809",1,1,0
"S00109810",0,0,0
"S00109811",0,0,0
"S00109812",0,0,0
"S00109813",0,0,0
"S00109814",0,0,0
"S00109815",0,0,0
"S00109816",1,0,1
"S00109817",0,0,0
"S00109818",0,0,0
"S00109819",1,1,0
"S00109820",0,0,0
"S00109821",0,0,0
"S00109822",0,0,0
"S00109823",0,0,0
"S00109824",0,0,0
"S00109825",0,0,0
"S00109826",0,0,0
"S00109827",3,3,0
"S00109828",0,0,0
"S00109829",0,0,0
"S00109830",0,0,0
"S00109831",0,0,0
"S00109832",0,0,0
"S00109833",0,0,0
"S00109834",0,0,0
"S00109835",0,0,0
"S00109836",0,0,0
"S00109837",0,0,0
"S00109838",0,0,0
"S00109839",0,0,0
"S00109840",0,0,0
"S00109841",0,0,0
"S00109842",0,0,0
"S00109843",0,0,0
"S00109844",0,0,0
"S00109845",0,0,0
"S00109846",0,0,0
"S00109847",0,0,0
"S00109848",0,0,0
"S00109849",0,0,0
"S00109850",1,0,1
"S00109851",0,0,0
"S00109852",0,0,0
"S00109853",1,0,1
"S00109854",2,0,2
"S00109855",2,0,2
"S00109856",0,0,0
"S00109857",0,0,0
"S00109858",1,0,1
"S00109859",0,0,0
"S00109860",0,0,0
"S00109861",0,0,0
"S00109862",0,0,0
"S00109863",0,0,0
"S00109864",0,0,0
"S00109865",0,0,0
"S00109866",1,0,1
"S00109867",0,0,0
"S00109868",3,1,2
"S00109869",0,0,0
"S00109870",1,0,1
"S00109871",2,0,2
"S00109872",0,0,0
"S00109873",1,1,0
"S00109874",0,0,0
"S00109875",0,0,0
"S00109876",0,0,0
"S00109877",0,0,0
"S00109878",1,0,1
"S00109879",2,2,0
"S00109880",1,0,1
"S00109881",0,0,0
"S00109882",0,0,0
"S00109883",0,0,0
"S00109884",0,0,0
"S00109885",0,0,0
"S00109886",1,1,0
"S00109887",0,0,0
"S00109888",0,0,0
"S00109889",0,0,0
"S00109890",0,0,0
"S00109891",1,0,1
"S00109892",1,1,0
"S00109893",0,0,0
"S00109894",1,0,1
"S00109895",0,0,0
"S00109896",0,0,0
"S00109897",1,0,1
"S00109898",3,1,2
"S00109899",0,0,0
"S00109900",0,0,0
"S00109901",1,0,1
"S00109902",0,0,0
"S00109903",0,0,0
"S00109904",1,1,0
"S00109905",0,0,0
"S00109906",0,0,0
"S00109907",1,1,0
"S00109908",1,0,1
"S00109909",1,1,0
"S00109910",0,0,0
"S00109911",0,0,0
"S00109912",1,1,0
"S00109913",0,0,0
"S00109914",1,0,1
"S00109915",1,0,1
"S00109916",0,0,0
"S00109917",0,0,0
"S00109918",0,0,0
"S00109919",0,0,0
"S00109920",0,0,0
"S00109921",0,0,0
"S00109922",0,0,0
"S00109923",0,0,0
"S00109924",1,1,0
"S00109925",0,0,0
"S00109926",0,0,0
"S00109927",0,0,0
"S00109928",0,0,0
"S00109929",0,0,0
"S00109930",0,0,0
"S00109931",0,0,0
"S00109932",3,2,1
"S00109933",0,0,0
"S00109934",3,1,2
"S00109935",1,1,0
"S00109936",2,1,1
"S00109937",2,1,1
"S00109938",0,0,0
"S00109939",5,3,2
"S00109940",1,0,1
"S00109941",0,0,0
"S00109942",2,1,1
"S00109943",2,2,0
"S00109944",0,0,0
"S00109945",0,0,0
"S00109946",2,1,1
"S00109947",1,0,1
"S00109948",0,0,0
"S00109949",2,0,2
"S00109950",0,0,0
"S00109951",6,4,2
"S00109952",1,1,0
"S00109953",0,0,0
"S00109954",0,0,0
"S00109955",0,0,0
"S00109956",0,0,0
"S00109957",0,0,0
"S00109958",1,0,1
"S00109959",1,0,1
"S00109960",1,0,1
"S00109961",0,0,0
"S00109962",1,0,1
"S00109963",6,5,1
"S00109964",1,1,0
"S00109965",0,0,0
"S00109966",0,0,0
"S00109967",0,0,0
"S00109968",0,0,0
"S00109969",0,0,0
"S00109970",0,0,0
"S00109971",0,0,0
"S00109972",1,0,1
"S00109973",0,0,0
"S00109974",0,0,0
"S00109975",0,0,0
"S00109976",0,0,0
"S00109977",0,0,0
"S00109978",0,0,0
"S00109979",0,0,0
"S00109980",0,0,0
"S00109981",0,0,0
"S00109982",0,0,0
"S00109983",1,1,0
"S00109984",1,0,1
"S00109985",0,0,0
"S00109986",0,0,0
"S00109987",2,0,2
"S00109988",0,0,0
"S00109989",0,0,0
"S00109990",5,2,3
"S00109991",0,0,0
"S00109992",1,0,1
"S00109993",1,0,1
"S00109994",0,0,0
"S00109995",0,0,0
"S00109996",4,1,3
"S00109997",0,0,0
"S00109998",0,0,0
"S00109999",0,0,0
"S00110000",1,1,0
"S00110001",1,1,0
"S00110002",0,0,0
"S00110003",0,0,0
"S00110004",0,0,0
"S00110005",0,0,0
"S00110006",0,0,0
"S00110007",4,2,2
"S00110008",1,0,1
"S00110009",2,1,1
"S00110010",0,0,0
"S00110011",0,0,0
"S00110012",1,0,1
"S00110013",0,0,0
"S00110014",0,0,0
"S00110015",1,0,1
"S00110016",1,1,0
"S00110017",0,0,0
"S00110018",0,0,0
"S00110019",1,1,0
"S00110020",0,0,0
"S00110021",0,0,0
"S00110022",0,0,0
"S00110023",2,2,0
"S00110024",0,0,0
"S00110025",0,0,0
"S00110026",3,2,1
"S00110027",1,0,1
"S00110028",1,0,1
"S00110029",0,0,0
"S00110030",0,0,0
"S00110031",0,0,0
"S00110032",0,0,0
"S00110033",0,0,0
"S00110034",0,0,0
"S00110035",0,0,0
"S00110036",0,0,0
"S00110037",0,0,0
"S00110038",0,0,0
"S00110039",0,0,0
"S00110040",0,0,0
"S00110041",2,1,1
"S00110042",0,0,0
"S00110043",1,1,0
"S00110044",1,0,1
"S00110045",0,0,0
"S00110046",0,0,0
"S00110047",0,0,0
"S00110048",0,0,0
"S00110049",1,0,1
"S00110050",8,3,5
"S00110051",6,3,3
"S00110052",0,0,0
"S00110053",2,0,2
"S00110054",2,2,0
"S00110055",0,0,0
"S00110056",0,0,0
"S00110057",0,0,0
"S00110058",1,1,0
"S00110059",0,0,0
"S00110060",0,0,0
"S00110061",0,0,0
"S00110062",1,1,0
"S00110063",0,0,0
"S00110064",1,0,1
"S00110065",1,0,1
"S00110066",1,0,1
"S00110067",0,0,0
"S00110068",0,0,0
"S00110069",1,1,0
"S00110070",4,3,1
"S00110071",0,0,0
"S00110072",1,1,0
"S00110073",5,2,3
"S00110074",2,0,2
"S00110075",0,0,0
"S00110076",0,0,0
"S00110077",2,0,2
"S00110078",0,0,0
"S00110079",3,1,2
"S00110080",2,0,2
"S00110081",0,0,0
"S00110082",1,0,1
"S00110083",0,0,0
"S00110084",0,0,0
"S00110085",0,0,0
"S00110086",0,0,0
"S00110087",0,0,0
"S00110088",0,0,0
"S00110089",0,0,0
"S00110090",1,1,0
"S00110091",0,0,0
"S00110092",0,0,0
"S00110093",0,0,0
"S00110094",1,0,1
"S00110095",0,0,0
"S00110096",0,0,0
"S00110097",0,0,0
"S00110098",1,0,1
"S00110099",3,2,1
"S00110100",0,0,0
"S00110101",1,1,0
"S00110102",0,0,0
"S00110103",0,0,0
"S00110104",0,0,0
"S00110105",0,0,0
"S00110106",3,2,1
"S00110107",4,1,3
"S00110108",0,0,0
"S00110109",0,0,0
"S00110110",0,0,0
"S00110111",0,0,0
"S00110112",1,0,1
"S00110113",3,1,2
"S00110114",2,2,0
"S00110115",3,0,3
"S00110116",4,2,2
"S00110117",3,1,2
"S00110118",1,0,1
"S00110119",0,0,0
"S00110120",0,0,0
"S00110121",1,0,1
"S00110122",0,0,0
"S00110123",1,0,1
"S00110124",0,0,0
"S00110125",1,0,1
"S00110126",2,0,2
"S00110127",0,0,0
"S00110128",0,0,0
"S00110129",2,1,1
"S00110130",1,1,0
"S00110131",0,0,0
"S00110132",1,0,1
"S00110133",0,0,0
"S00110134",0,0,0
"S00110135",0,0,0
"S00110136",0,0,0
"S00110137",0,0,0
"S00110138",0,0,0
"S00110139",0,0,0
"S00110140",0,0,0
"S00110141",0,0,0
"S00110142",0,0,0
"S00110143",0,0,0
"S00110144",0,0,0
"S00110145",0,0,0
"S00110146",0,0,0
"S00110147",0,0,0
"S00110148",0,0,0
"S00110149",1,0,1
"S00110150",3,2,1
"S00110151",0,0,0
"S00110152",0,0,0
"S00110153",0,0,0
"S00110154",0,0,0
"S00110155",1,1,0
"S00110156",0,0,0
"S00110157",0,0,0
"S00110158",0,0,0
"S00110159",1,0,1
"S00110160",1,0,1
"S00110161",4,4,0
"S00110162",1,1,0
"S00110163",0,0,0
"S00110164",1,0,1
"S00110165",2,1,1
"S00110166",0,0,0
"S00110167",0,0,0
"S00110168",2,1,1
"S00110169",0,0,0
"S00110170",0,0,0
"S00110171",1,1,0
"S00110172",6,4,2
"S00110173",3,1,2
"S00110174",0,0,0
"S00110175",3,2,1
"S00110176",0,0,0
"S00110177",1,1,0
"S00110178",0,0,0
"S00110179",1,0,1
"S00110180",0,0,0
"S00110181",1,1,0
"S00110182",2,1,1
"S00110183",0,0,0
"S00110184",2,0,2
"S00110185",0,0,0
"S00110186",0,0,0
"S00110187",0,0,0
"S00110188",1,1,0
"S00110189",1,1,0
"S00110190",0,0,0
"S00110191",0,0,0
"S00110192",1,1,0
"S00110193",0,0,0
"S00110194",0,0,0
"S00110195",0,0,0
"S00110196",0,0,0
"S00110197",0,0,0
"S00110198",0,0,0
"S00110199",1,1,0
"S00110200",1,0,1
"S00110201",0,0,0
"S00110202",2,1,1
"S00110203",1,1,0
"S00110204",1,1,0
"S00110205",1,1,0
"S00110206",0,0,0
"S00110207",1,1,0
"S00110208",6,4,2
"S00110209",0,0,0
"S00110210",1,0,1
"S00110211",0,0,0
"S00110212",0,0,0
"S00110213",0,0,0
"S00110214",0,0,0
"S00110215",0,0,0
"S00110216",2,0,2
"S00110217",0,0,0
"S00110218",1,0,1
"S00110219",1,1,0
"S00110220",1,0,1
"S00110221",1,0,1
"S00110222",0,0,0
"S00110223",0,0,0
"S00110224",0,0,0
"S00110225",0,0,0
"S00110226",1,1,0
"S00110227",0,0,0
"S00110228",2,0,2
"S00110229",0,0,0
"S00110230",4,1,3
"S00110231",0,0,0
"S00110232",0,0,0
"S00110233",0,0,0
"S00110234",0,0,0
"S00110235",0,0,0
"S00110236",0,0,0
"S00110237",0,0,0
"S00110238",0,0,0
"S00110239",0,0,0
"S00110240",0,0,0
"S00110241",0,0,0
"S00110242",0,0,0
"S00110243",0,0,0
"S00110244",0,0,0
"S00110245",5,1,4
"S00110246",0,0,0
"S00110247",1,1,0
"S00110248",6,4,2
"S00110249",1,1,0
"S00110250",0,0,0
"S00110251",0,0,0
"S00110252",0,0,0
"S00110253",0,0,0
"S00110254",0,0,0
"S00110255",0,0,0
"S00110256",0,0,0
"S00110257",0,0,0
"S00110258",0,0,0
"S00110259",0,0,0
"S00110260",1,1,0
"S00110261",0,0,0
"S00110262",1,0,1
"S00110263",0,0,0
"S00110264",0,0,0
"S00110265",1,1,0
"S00110266",0,0,0
"S00110267",0,0,0
"S00110268",0,0,0
"S00110269",0,0,0
"S00110270",2,1,1
"S00110271",0,0,0
"S00110272",0,0,0
"S00110273",0,0,0
"S00110274",0,0,0
"S00110275",1,1,0
"S00110276",1,0,1
"S00110277",0,0,0
"S00110278",1,1,0
"S00110279",0,0,0
"S00110280",0,0,0
"S00110281",0,0,0
"S00110282",0,0,0
"S00110283",1,1,0
"S00110284",0,0,0
"S00110285",0,0,0
"S00110286",0,0,0
"S00110287",0,0,0
"S00110288",0,0,0
"S00110289",1,1,0
"S00110290",0,0,0
"S00110291",0,0,0
"S00110292",0,0,0
"S00110293",1,1,0
"S00110294",0,0,0
"S00110295",1,1,0
"S00110296",0,0,0
"S00110297",0,0,0
"S00110298",1,0,1
"S00110299",1,1,0
"S00110300",0,0,0
"S00110301",2,0,2
"S00110302",0,0,0
"S00110303",0,0,0
"S00110304",0,0,0
"S00110305",1,0,1
"S00110306",1,0,1
"S00110307",0,0,0
"S00110308",0,0,0
"S00110309",0,0,0
"S00110310",0,0,0
"S00110311",1,0,1
"S00110312",0,0,0
"S00110313",1,0,1
"S00110314",0,0,0
"S00110315",0,0,0
"S00110316",1,1,0
"S00110317",0,0,0
"S00110318",0,0,0
"S00110319",0,0,0
"S00110320",3,1,2
"S00110321",0,0,0
"S00110322",0,0,0
"S00110323",1,1,0
"S00110324",0,0,0
"S00110325",2,0,2
"S00110326",0,0,0
"S00110327",0,0,0
"S00110328",0,0,0
"S00110329",0,0,0
"S00110330",0,0,0
"S00110331",0,0,0
"S00110332",2,2,0
"S00110333",1,0,1
"S00110334",0,0,0
"S00110335",0,0,0
"S00110336",4,1,3
"S00110337",0,0,0
"S00110338",0,0,0
"S00110339",0,0,0
"S00110340",0,0,0
"S00110341",1,1,0
"S00110342",0,0,0
"S00110343",0,0,0
"S00110344",3,2,1
"S00110345",0,0,0
"S00110346",0,0,0
"S00110347",2,1,1
"S00110348",0,0,0
"S00110349",0,0,0
"S00110350",0,0,0
"S00110351",0,0,0
"S00110352",0,0,0
"S00110353",0,0,0
"S00110354",0,0,0
"S00110355",0,0,0
"S00110356",2,2,0
"S00110357",1,1,0
"S00110358",0,0,0
"S00110359",0,0,0
"S00110360",2,1,1
"S00110361",1,0,1
"S00110362",0,0,0
"S00110363",0,0,0
"S00110364",0,0,0
"S00110365",0,0,0
"S00110366",1,0,1
"S00110367",0,0,0
"S00110368",0,0,0
"S00110369",0,0,0
"S00110370",0,0,0
"S00110371",3,1,2
"S00110372",1,0,1
"S00110373",1,1,0
"S00110374",0,0,0
"S00110375",0,0,0
"S00110376",0,0,0
"S00110377",0,0,0
"S00110378",0,0,0
"S00110379",0,0,0
"S00110380",2,0,2
"S00110381",0,0,0
"S00110382",1,0,1
"S00110383",0,0,0
"S00110384",0,0,0
"S00110385",1,0,1
"S00110386",0,0,0
"S00110387",0,0,0
"S00110388",1,0,1
"S00110389",1,1,0
"S00110390",0,0,0
"S00110391",0,0,0
"S00110392",0,0,0
"S00110393",1,1,0
"S00110394",0,0,0
"S00110395",1,0,1
"S00110396",0,0,0
"S00110397",0,0,0
"S00110398",0,0,0
"S00110399",0,0,0
"S00110400",0,0,0
"S00110401",0,0,0
"S00110402",1,1,0
"S00110403",0,0,0
"S00110404",0,0,0
"S00110405",3,0,3
"S00110406",1,1,0
"S00110407",0,0,0
"S00110408",0,0,0
"S00110409",1,1,0
"S00110410",1,0,1
"S00110411",0,0,0
"S00110412",0,0,0
"S00110413",0,0,0
"S00110414",0,0,0
"S00110415",1,1,0
"S00110416",1,1,0
"S00110417",1,0,1
"S00110418",0,0,0
"S00110419",0,0,0
"S00110420",0,0,0
"S00110421",0,0,0
"S00110422",0,0,0
"S00110423",0,0,0
"S00110424",0,0,0
"S00110425",0,0,0
"S00110426",0,0,0
"S00110427",0,0,0
"S00110428",0,0,0
"S00110429",0,0,0
"S00110430",0,0,0
"S00110431",0,0,0
"S00110432",1,1,0
"S00110433",0,0,0
"S00110434",0,0,0
"S00110435",0,0,0
"S00110436",0,0,0
"S00110437",0,0,0
"S00110438",0,0,0
"S00110439",0,0,0
"S00110440",3,3,0
"S00110441",0,0,0
"S00110442",0,0,0
"S00110443",0,0,0
"S00110444",0,0,0
"S00110445",0,0,0
"S00110446",0,0,0
"S00110447",0,0,0
"S00110448",0,0,0
"S00110449",1,1,0
"S00110450",1,0,1
"S00110451",0,0,0
"S00110452",0,0,0
"S00110453",1,0,1
"S00110454",0,0,0
"S00110455",0,0,0
"S00110456",0,0,0
"S00110457",0,0,0
"S00110458",1,1,0
"S00110459",1,0,1
"S00110460",0,0,0
"S00110461",0,0,0
"S00110462",0,0,0
"S00110463",0,0,0
"S00110464",0,0,0
"S00110465",0,0,0
"S00110466",0,0,0
"S00110467",0,0,0
"S00110468",0,0,0
"S00110469",0,0,0
"S00110470",1,0,1
"S00110471",0,0,0
"S00110472",0,0,0
"S00110473",1,0,1
"S00110474",0,0,0
"S00110475",1,0,1
"S00110476",0,0,0
"S00110477",0,0,0
"S00110478",1,1,0
"S00110479",2,2,0
"S00110480",2,1,1
"S00110481",1,0,1
"S00110482",0,0,0
"S00110483",0,0,0
"S00110484",1,1,0
"S00110485",0,0,0
"S00110486",1,0,1
"S00110487",0,0,0
"S00110488",0,0,0
"S00110489",0,0,0
"S00110490",0,0,0
"S00110491",0,0,0
"S00110492",0,0,0
"S00110493",0,0,0
"S00110494",1,1,0
"S00110495",2,1,1
"S00110496",1,1,0
"S00110497",0,0,0
"S00110498",3,0,3
"S00110499",0,0,0
"S00110500",0,0,0
"S00110501",0,0,0
"S00110502",0,0,0
"S00110503",1,0,1
"S00110504",0,0,0
"S00110505",0,0,0
"S00110506",0,0,0
"S00110507",0,0,0
"S00110508",0,0,0
"S00110509",0,0,0
"S00110510",0,0,0
"S00110511",1,0,1
"S00110512",0,0,0
"S00110513",1,0,1
"S00110514",0,0,0
"S00110515",0,0,0
"S00110516",0,0,0
"S00110517",0,0,0
"S00110518",2,2,0
"S00110519",0,0,0
"S00110520",1,0,1
"S00110521",3,1,2
"S00110522",0,0,0
"S00110523",0,0,0
"S00110524",0,0,0
"S00110525",0,0,0
"S00110526",0,0,0
"S00110527",1,0,1
"S00110528",0,0,0
"S00110529",1,1,0
"S00110530",0,0,0
"S00110531",2,1,1
"S00110532",0,0,0
"S00110533",0,0,0
"S00110534",1,0,1
"S00110535",0,0,0
"S00110536",0,0,0
"S00110537",0,0,0
"S00110538",0,0,0
"S00110539",1,0,1
"S00110540",1,1,0
"S00110541",0,0,0
"S00110542",0,0,0
"S00110543",0,0,0
"S00110544",0,0,0
"S00110545",0,0,0
"S00110546",1,0,1
"S00110547",1,0,1
"S00110548",1,0,1
"S00110549",0,0,0
"S00110550",1,1,0
"S00110551",1,0,1
"S00110552",0,0,0
"S00110553",0,0,0
"S00110554",3,2,1
"S00110555",0,0,0
"S00110556",0,0,0
"S00110557",0,0,0
"S00110558",0,0,0
"S00110559",0,0,0
"S00110560",0,0,0
"S00110561",3,0,3
"S00110562",0,0,0
"S00110563",0,0,0
"S00110564",0,0,0
"S00110565",0,0,0
"S00110566",0,0,0
"S00110567",0,0,0
"S00110568",0,0,0
"S00110569",1,0,1
"S00110570",2,1,1
"S00110571",0,0,0
"S00110572",3,3,0
"S00110573",0,0,0
"S00110574",1,1,0
"S00110575",0,0,0
"S00110576",0,0,0
"S00110577",0,0,0
"S00110578",0,0,0
"S00110579",0,0,0
"S00110580",0,0,0
"S00110581",0,0,0
"S00110582",0,0,0
"S00110583",0,0,0
"S00110584",0,0,0
"S00110585",0,0,0
"S00110586",0,0,0
"S00110587",0,0,0
"S00110588",2,1,1
"S00110589",1,0,1
"S00110590",0,0,0
"S00110591",1,1,0
"S00110592",0,0,0
"S00110593",1,1,0
"S00110594",0,0,0
"S00110595",0,0,0
"S00110596",1,0,1
"S00110597",1,0,1
"S00110598",0,0,0
"S00110599",0,0,0
"S00110600",0,0,0
"S00110601",0,0,0
"S00110602",2,0,2
"S00110603",0,0,0
"S00110604",0,0,0
"S00110605",0,0,0
"S00110606",0,0,0
"S00110607",0,0,0
"S00110608",1,0,1
"S00110609",1,1,0
"S00110610",0,0,0
"S00110611",0,0,0
"S00110612",0,0,0
"S00110613",1,1,0
"S00110614",0,0,0
"S00110615",0,0,0
"S00110616",0,0,0
"S00110617",0,0,0
"S00110618",0,0,0
"S00110619",0,0,0
"S00110620",1,0,1
"S00110621",0,0,0
"S00110622",0,0,0
"S00110623",0,0,0
"S00110624",1,0,1
"S00110625",1,0,1
"S00110626",0,0,0
"S00110627",0,0,0
"S00110628",0,0,0
"S00110629",1,0,1
"S00110630",0,0,0
"S00110631",2,0,2
"S00110632",0,0,0
"S00110633",0,0,0
"S00110634",1,1,0
"S00110635",0,0,0
"S00110636",0,0,0
"S00110637",1,1,0
"S00110638",0,0,0
"S00110639",0,0,0
"S00110640",1,0,1
"S00110641",1,0,1
"S00110642",0,0,0
"S00110643",2,2,0
"S00110644",2,1,1
"S00110645",0,0,0
"S00110646",0,0,0
"S00110647",1,0,1
"S00110648",0,0,0
"S00110649",0,0,0
"S00110650",1,0,1
"S00110651",2,1,1
"S00110652",0,0,0
"S00110653",0,0,0
"S00110654",1,0,1
"S00110655",0,0,0
"S00110656",1,0,1
"S00110657",0,0,0
"S00110658",1,0,1
"S00110659",0,0,0
"S00110660",1,1,0
"S00110661",1,0,1
"S00110662",1,0,1
"S00110663",0,0,0
"S00110664",1,1,0
"S00110665",0,0,0
"S00110666",1,0,1
"S00110667",1,1,0
"S00110668",1,0,1
"S00110669",3,1,2
"S00110670",4,2,2
"S00110671",2,0,2
"S00110672",1,1,0
"S00110673",0,0,0
"S00110674",1,0,1
"S00110675",1,0,1
"S00110676",1,0,1
"S00110677",1,0,1
"S00110678",0,0,0
"S00110679",1,1,0
"S00110680",4,3,1
"S00110681",3,1,2
"S00110682",0,0,0
"S00110683",3,2,1
"S00110684",0,0,0
"S00110685",3,1,2
"S00110686",1,0,1
"S00110687",2,2,0
"S00110688",0,0,0
"S00110689",1,0,1
"S00110690",0,0,0
"S00110691",5,3,2
"S00110692",0,0,0
"S00110693",0,0,0
"S00110694",1,1,0
"S00110695",1,1,0
"S00110696",0,0,0
"S00110697",4,3,1
"S00110698",0,0,0
"S00110699",0,0,0
"S00110700",0,0,0
"S00110701",1,1,0
"S00110702",0,0,0
"S00110703",0,0,0
"S00110704",0,0,0
"S00110705",0,0,0
"S00110706",1,1,0
"S00110707",0,0,0
"S00110708",3,2,1
"S00110709",1,0,1
"S00110710",0,0,0
"S00110711",0,0,0
"S00110712",1,1,0
"S00110713",0,0,0
"S00110714",1,0,1
"S00110715",0,0,0
"S00110716",1,1,0
"S00110717",0,0,0
"S00110718",1,0,1
"S00110719",1,0,1
"S00110720",0,0,0
"S00110721",0,0,0
"S00110722",0,0,0
"S00110723",4,2,2
"S00110724",1,1,0
"S00110725",2,2,0
"S00110726",3,2,1
"S00110727",1,0,1
"S00110728",0,0,0
"S00110729",1,0,1
"S00110730",1,0,1
"S00110731",0,0,0
"S00110732",1,0,1
"S00110733",0,0,0
"S00110734",0,0,0
"S00110735",0,0,0
"S00110736",0,0,0
"S00110737",3,0,3
"S00110738",0,0,0
"S00110739",0,0,0
"S00110740",0,0,0
"S00110741",0,0,0
"S00110742",1,0,1
"S00110743",0,0,0
"S00110744",0,0,0
"S00110745",0,0,0
"S00110746",0,0,0
"S00110747",0,0,0
"S00110748",0,0,0
"S00110749",1,1,0
"S00110750",0,0,0
"S00110751",1,0,1
"S00110752",2,2,0
"S00110753",0,0,0
"S00110754",2,0,2
"S00110755",2,2,0
"S00110756",0,0,0
"S00110757",0,0,0
"S00110758",0,0,0
"S00110759",0,0,0
"S00110760",2,2,0
"S00110761",0,0,0
"S00110762",0,0,0
"S00110763",0,0,0
"S00110764",2,2,0
"S00110765",0,0,0
"S00110766",4,1,3
"S00110767",3,0,3
"S00110768",0,0,0
"S00110769",0,0,0
"S00110770",2,1,1
"S00110771",5,3,2
"S00110772",3,1,2
"S00110773",2,2,0
"S00110774",1,1,0
"S00110775",2,1,1
"S00110776",1,0,1
"S00110777",1,0,1
"S00110778",0,0,0
"S00110779",1,1,0
"S00110780",1,1,0
"S00110781",0,0,0
"S00110782",1,1,0
"S00110783",0,0,0
"S00110784",1,1,0
"S00110785",2,1,1
"S00110786",0,0,0
"S00110787",1,1,0
"S00110788",1,1,0
"S00110789",1,1,0
"S00110790",0,0,0
"S00110791",0,0,0
"S00110792",1,1,0
"S00110793",1,0,1
"S00110794",1,1,0
"S00110795",1,1,0
"S00110796",0,0,0
"S00110797",0,0,0
"S00110798",1,1,0
"S00110799",0,0,0
"S00110800",1,0,1
"S00110801",0,0,0
"S00110802",1,1,0
"S00110803",1,0,1
"S00110804",0,0,0
"S00110805",0,0,0
"S00110806",1,1,0
"S00110807",2,1,1
"S00110808",3,0,3
"S00110809",1,0,1
"S00110810",1,0,1
"S00110811",1,1,0
"S00110812",0,0,0
"S00110813",0,0,0
"S00110814",0,0,0
"S00110815",0,0,0
"S00110816",0,0,0
"S00110817",1,0,1
"S00110818",1,0,1
"S00110819",0,0,0
"S00110820",0,0,0
"S00110821",0,0,0
"S00110822",1,1,0
"S00110823",0,0,0
"S00110824",0,0,0
"S00110825",0,0,0
"S00110826",0,0,0
"S00110827",0,0,0
"S00110828",0,0,0
"S00110829",1,1,0
"S00110830",0,0,0
"S00110831",2,2,0
"S00110832",0,0,0
"S00110833",0,0,0
"S00110834",0,0,0
"S00110835",0,0,0
"S00110836",0,0,0
"S00110837",0,0,0
"S00110838",0,0,0
"S00110839",1,1,0
"S00110840",1,0,1
"S00110841",0,0,0
"S00110842",1,0,1
"S00110843",0,0,0
"S00110844",0,0,0
"S00110845",0,0,0
"S00110846",0,0,0
"S00110847",0,0,0
"S00110848",0,0,0
"S00110849",1,0,1
"S00110850",0,0,0
"S00110851",0,0,0
"S00110852",0,0,0
"S00110853",0,0,0
"S00110854",0,0,0
"S00110855",0,0,0
"S00110856",2,2,0
"S00110857",0,0,0
"S00110858",0,0,0
"S00110859",2,1,1
"S00110860",0,0,0
"S00110861",2,0,2
"S00110862",1,1,0
"S00110863",0,0,0
"S00110864",1,0,1
"S00110865",0,0,0
"S00110866",3,3,0
"S00110867",0,0,0
"S00110868",3,1,2
"S00110869",0,0,0
"S00110870",0,0,0
"S00110871",0,0,0
"S00110872",0,0,0
"S00110873",0,0,0
"S00110874",2,0,2
"S00110875",0,0,0
"S00110876",1,1,0
"S00110877",0,0,0
"S00110878",0,0,0
"S00110879",0,0,0
"S00110880",2,0,2
"S00110881",0,0,0
"S00110882",0,0,0
"S00110883",0,0,0
"S00110884",1,0,1
"S00110885",1,0,1
"S00110886",0,0,0
"S00110887",2,1,1
"S00110888",2,1,1
"S00110889",0,0,0
"S00110890",0,0,0
"S00110891",0,0,0
"S00110892",0,0,0
"S00110893",0,0,0
"S00110894",0,0,0
"S00110895",0,0,0
"S00110896",0,0,0
"S00110897",2,0,2
"S00110898",1,1,0
"S00110899",0,0,0
"S00110900",3,0,3
"S00110901",1,0,1
"S00110902",1,0,1
"S00110903",0,0,0
"S00110904",4,1,3
"S00110905",0,0,0
"S00110906",2,2,0
"S00110907",0,0,0
"S00110908",0,0,0
"S00110909",2,1,1
"S00110910",1,1,0
"S00110911",2,1,1
"S00110912",1,1,0
"S00110913",0,0,0
"S00110914",0,0,0
"S00110915",6,4,2
"S00110916",0,0,0
"S00110917",2,2,0
"S00110918",1,0,1
"S00110919",2,1,1
"S00110920",3,1,2
"S00110921",0,0,0
"S00110922",1,1,0
"S00110923",0,0,0
"S00110924",5,4,1
"S00110925",1,1,0
"S00110926",3,0,3
"S00110927",1,1,0
"S00110928",2,1,1
"S00110929",3,1,2
"S00110930",1,0,1
"S00110931",0,0,0
"S00110932",0,0,0
"S00110933",4,4,0
"S00110934",1,0,1
"S00110935",1,1,0
"S00110936",1,1,0
"S00110937",1,1,0
"S00110938",2,1,1
"S00110939",2,2,0
"S00110940",2,1,1
"S00110941",2,0,2
"S00110942",1,0,1
"S00110943",0,0,0
"S00110944",2,2,0
"S00110945",2,1,1
"S00110946",0,0,0
"S00110947",1,1,0
"S00110948",1,1,0
"S00110949",4,2,2
"S00110950",0,0,0
"S00110951",0,0,0
"S00110952",4,2,2
"S00110953",0,0,0
"S00110954",1,1,0
"S00110955",1,1,0
"S00110956",1,0,1
"S00110957",3,3,0
"S00110958",0,0,0
"S00110959",0,0,0
"S00110960",2,0,2
"S00110961",2,2,0
"S00110962",0,0,0
"S00110963",4,2,2
"S00110964",0,0,0
"S00110965",0,0,0
"S00110966",0,0,0
"S00110967",0,0,0
"S00110968",5,2,3
"S00110969",0,0,0
"S00110970",1,1,0
"S00110971",1,0,1
"S00110972",0,0,0
"S00110973",1,0,1
"S00110974",1,1,0
"S00110975",2,2,0
"S00110976",0,0,0
"S00110977",0,0,0
"S00110978",6,2,4
"S00110979",2,2,0
"S00110980",0,0,0
"S00110981",1,0,1
"S00110982",4,2,2
"S00110983",1,1,0
"S00110984",0,0,0
"S00110985",4,1,3
"S00110986",1,0,1
"S00110987",0,0,0
"S00110988",1,1,0
"S00110989",0,0,0
"S00110990",3,1,2
"S00110991",3,1,2
"S00110992",3,1,2
"S00110993",2,0,2
"S00110994",1,1,0
"S00110995",1,0,1
"S00110996",3,2,1
"S00110997",0,0,0
"S00110998",1,0,1
"S00110999",2,1,1
"S00111000",2,2,0
"S00111001",1,0,1
"S00111002",0,0,0
"S00111003",0,0,0
"S00111004",2,0,2
"S00111005",2,1,1
"S00111006",4,1,3
"S00111007",2,1,1
"S00111008",2,1,1
"S00111009",2,1,1
"S00111010",1,1,0
"S00111011",0,0,0
"S00111012",0,0,0
"S00111013",0,0,0
"S00111014",3,2,1
"S00111015",0,0,0
"S00111016",1,0,1
"S00111017",2,1,1
"S00111018",0,0,0
"S00111019",3,1,2
"S00111020",1,0,1
"S00111021",1,0,1
"S00111022",1,1,0
"S00111023",0,0,0
"S00111024",2,2,0
"S00111025",0,0,0
"S00111026",5,1,4
"S00111027",0,0,0
"S00111028",2,2,0
"S00111029",4,2,2
"S00111030",1,0,1
"S00111031",4,2,2
"S00111032",1,1,0
"S00111033",3,1,2
"S00111034",0,0,0
"S00111035",0,0,0
"S00111036",0,0,0
"S00111037",0,0,0
"S00111038",0,0,0
"S00111039",0,0,0
"S00111040",4,3,1
"S00111041",5,3,2
"S00111042",0,0,0
"S00111043",4,3,1
"S00111044",1,0,1
"S00111045",0,0,0
"S00111046",3,2,1
"S00111047",3,1,2
"S00111048",0,0,0
"S00111049",3,1,2
"S00111050",1,0,1
"S00111051",4,1,3
"S00111052",1,0,1
"S00111053",2,0,2
"S00111054",2,0,2
"S00111055",1,1,0
"S00111056",0,0,0
"S00111057",0,0,0
"S00111058",1,1,0
"S00111059",2,0,2
"S00111060",1,0,1
"S00111061",1,0,1
"S00111062",8,2,6
"S00111063",2,0,2
"S00111064",4,2,2
"S00111065",0,0,0
"S00111066",1,0,1
"S00111067",2,1,1
"S00111068",2,1,1
"S00111069",0,0,0
"S00111070",4,1,3
"S00111071",1,1,0
"S00111072",1,1,0
"S00111073",2,1,1
"S00111074",4,3,1
"S00111075",0,0,0
"S00111076",6,4,2
"S00111077",1,0,1
"S00111078",2,1,1
"S00111079",0,0,0
"S00111080",1,0,1
"S00111081",0,0,0
"S00111082",2,2,0
"S00111083",0,0,0
"S00111084",1,0,1
"S00111085",0,0,0
"S00111086",4,2,2
"S00111087",4,3,1
"S00111088",5,1,4
"S00111089",0,0,0
"S00111090",3,3,0
"S00111091",4,3,1
"S00111092",5,5,0
"S00111093",3,2,1
"S00111094",1,1,0
"S00111095",3,3,0
"S00111096",0,0,0
"S00111097",5,2,3
"S00111098",3,1,2
"S00111099",0,0,0
"S00111100",2,1,1
"S00111101",7,2,5
"S00111102",0,0,0
"S00111103",3,2,1
"S00111104",0,0,0
"S00111105",0,0,0
"S00111106",0,0,0
"S00111107",1,1,0
"S00111108",0,0,0
"S00111109",0,0,0
"S00111110",1,1,0
"S00111111",2,2,0
"S00111112",1,0,1
"S00111113",0,0,0
"S00111114",0,0,0
"S00111115",1,1,0
"S00111116",0,0,0
"S00111117",1,0,1
"S00111118",0,0,0
"S00111119",2,0,2
"S00111120",1,0,1
"S00111121",0,0,0
"S00111122",0,0,0
"S00111123",0,0,0
"S00111124",0,0,0
"S00111125",0,0,0
"S00111126",0,0,0
"S00111127",0,0,0
"S00111128",0,0,0
"S00111129",0,0,0
"S00111130",0,0,0
"S00111131",0,0,0
"S00111132",0,0,0
"S00111133",4,0,4
"S00111134",1,0,1
"S00111135",1,1,0
"S00111136",1,0,1
"S00111137",0,0,0
"S00111138",0,0,0
"S00111139",1,0,1
"S00111140",0,0,0
"S00111141",3,1,2
"S00111142",0,0,0
"S00111143",4,0,4
"S00111144",3,0,3
"S00111145",10,7,3
"S00111146",2,2,0
"S00111147",4,2,2
"S00111148",8,5,3
"S00111149",6,4,2
"S00111150",0,0,0
"S00111151",2,0,2
"S00111152",6,4,2
"S00111153",10,3,7
"S00111154",1,0,1
"S00111155",0,0,0
"S00111156",2,2,0
"S00111157",1,1,0
"S00111158",0,0,0
"S00111159",4,1,3
"S00111160",1,1,0
"S00111161",0,0,0
"S00111162",0,0,0
"S00111163",1,0,1
"S00111164",0,0,0
"S00111165",0,0,0
"S00111166",0,0,0
"S00111167",0,0,0
"S00111168",0,0,0
"S00111169",0,0,0
"S00111170",0,0,0
"S00111171",0,0,0
"S00111172",3,3,0
"S00111173",0,0,0
"S00111174",1,0,1
"S00111175",8,4,4
"S00111176",3,2,1
"S00111177",5,3,2
"S00111178",5,2,3
"S00111179",0,0,0
"S00111180",0,0,0
"S00111181",1,0,1
"S00111182",0,0,0
"S00111183",1,1,0
"S00111184",2,2,0
"S00111185",0,0,0
"S00111186",0,0,0
"S00111187",0,0,0
"S00111188",1,0,1
"S00111189",0,0,0
"S00111190",1,0,1
"S00111191",1,0,1
"S00111192",1,1,0
"S00111193",0,0,0
"S00111194",0,0,0
"S00111195",2,2,0
"S00111196",0,0,0
"S00111197",1,1,0
"S00111198",0,0,0
"S00111199",0,0,0
"S00111200",0,0,0
"S00111201",2,0,2
"S00111202",1,0,1
"S00111203",1,0,1
"S00111204",1,0,1
"S00111205",4,1,3
"S00111206",1,0,1
"S00111207",6,2,4
"S00111208",6,5,1
"S00111209",1,0,1
"S00111210",3,3,0
"S00111211",2,0,2
"S00111212",1,1,0
"S00111213",4,2,2
"S00111214",0,0,0
"S00111215",2,0,2
"S00111216",4,2,2
"S00111217",0,0,0
"S00111218",2,1,1
"S00111219",4,4,0
"S00111220",7,3,4
"S00111221",2,2,0
"S00111222",5,2,3
"S00111223",4,4,0
"S00111224",4,1,3
"S00111225",8,6,2
"S00111226",4,3,1
"S00111227",0,0,0
"S00111228",5,2,3
"S00111229",4,2,2
"S00111230",0,0,0
"S00111231",5,3,2
"S00111232",3,0,3
"S00111233",3,3,0
"S00111234",0,0,0
"S00111235",7,6,1
"S00111236",4,1,3
"S00111237",2,0,2
"S00111238",0,0,0
"S00111239",5,2,3
"S00111240",2,1,1
"S00111241",5,2,3
"S00111242",1,1,0
"S00111243",0,0,0
"S00111244",5,3,2
"S00111245",0,0,0
"S00111246",1,1,0
"S00111247",0,0,0
"S00111248",0,0,0
"S00111249",0,0,0
"S00111250",0,0,0
"S00111251",3,2,1
"S00111252",3,0,3
"S00111253",2,2,0
"S00111254",0,0,0
"S00111255",2,1,1
"S00111256",2,2,0
"S00111257",2,2,0
"S00111258",1,1,0
"S00111259",1,0,1
"S00111260",0,0,0
"S00111261",0,0,0
"S00111262",2,1,1
"S00111263",0,0,0
"S00111264",0,0,0
"S00111265",2,0,2
"S00111266",0,0,0
"S00111267",0,0,0
"S00111268",3,0,3
"S00111269",2,1,1
"S00111270",1,0,1
"S00111271",1,1,0
"S00111272",1,0,1
"S00111273",0,0,0
"S00111274",1,1,0
"S00111275",0,0,0
"S00111276",2,0,2
"S00111277",0,0,0
"S00111278",0,0,0
"S00111279",0,0,0
"S00111280",0,0,0
"S00111281",2,0,2
"S00111282",0,0,0
"S00111283",0,0,0
"S00111284",0,0,0
"S00111285",0,0,0
"S00111286",0,0,0
"S00111287",2,1,1
"S00111288",0,0,0
"S00111289",0,0,0
"S00111290",2,0,2
"S00111291",0,0,0
"S00111292",0,0,0
"S00111293",0,0,0
"S00111294",0,0,0
"S00111295",0,0,0
"S00111296",0,0,0
"S00111297",0,0,0
"S00111298",1,0,1
"S00111299",0,0,0
"S00111300",0,0,0
"S00111301",0,0,0
"S00111302",0,0,0
"S00111303",0,0,0
"S00111304",5,1,4
"S00111305",0,0,0
"S00111306",1,0,1
"S00111307",0,0,0
"S00111308",0,0,0
"S00111309",0,0,0
"S00111310",1,1,0
"S00111311",1,1,0
"S00111312",0,0,0
"S00111313",0,0,0
"S00111314",0,0,0
"S00111315",0,0,0
"S00111316",0,0,0
"S00111317",0,0,0
"S00111318",0,0,0
"S00111319",1,0,1
"S00111320",5,4,1
"S00111321",4,4,0
"S00111322",0,0,0
"S00111323",3,0,3
"S00111324",5,2,3
"S00111325",0,0,0
"S00111326",0,0,0
"S00111327",0,0,0
"S00111328",1,0,1
"S00111329",0,0,0
"S00111330",7,1,6
"S00111331",3,1,2
"S00111332",1,0,1
"S00111333",0,0,0
"S00111334",1,0,1
"S00111335",3,2,1
"S00111336",0,0,0
"S00111337",0,0,0
"S00111338",0,0,0
"S00111339",0,0,0
"S00111340",5,2,3
"S00111341",0,0,0
"S00111342",3,2,1
"S00111343",0,0,0
"S00111344",0,0,0
"S00111345",0,0,0
"S00111346",0,0,0
"S00111347",0,0,0
"S00111348",0,0,0
"S00111349",2,2,0
"S00111350",0,0,0
"S00111351",1,1,0
"S00111352",0,0,0
"S00111353",0,0,0
"S00111354",3,2,1
"S00111355",6,4,2
"S00111356",0,0,0
"S00111357",1,1,0
"S00111358",2,0,2
"S00111359",2,0,2
"S00111360",1,1,0
"S00111361",0,0,0
"S00111362",0,0,0
"S00111363",0,0,0
"S00111364",0,0,0
"S00111365",0,0,0
"S00111366",0,0,0
"S00111367",0,0,0
"S00111368",1,1,0
"S00111369",1,0,1
"S00111370",0,0,0
"S00111371",0,0,0
"S00111372",0,0,0
"S00111373",2,2,0
"S00111374",1,0,1
"S00111375",3,3,0
"S00111376",1,1,0
"S00111377",1,0,1
"S00111378",0,0,0
"S00111379",0,0,0
"S00111380",0,0,0
"S00111381",3,0,3
"S00111382",0,0,0
"S00111383",0,0,0
"S00111384",0,0,0
"S00111385",0,0,0
"S00111386",0,0,0
"S00111387",0,0,0
"S00111388",1,0,1
"S00111389",0,0,0
"S00111390",1,0,1
"S00111391",0,0,0
"S00111392",0,0,0
"S00111393",0,0,0
"S00111394",0,0,0
"S00111395",1,1,0
"S00111396",1,0,1
"S00111397",1,1,0
"S00111398",3,1,2
"S00111399",1,0,1
"S00111400",0,0,0
"S00111401",0,0,0
"S00111402",1,1,0
"S00111403",0,0,0
"S00111404",0,0,0
"S00111405",2,1,1
"S00111406",4,2,2
"S00111407",5,3,2
"S00111408",0,0,0
"S00111409",1,1,0
"S00111410",1,0,1
"S00111411",0,0,0
"S00111412",5,2,3
"S00111413",1,0,1
"S00111414",0,0,0
"S00111415",2,0,2
"S00111416",0,0,0
"S00111417",0,0,0
"S00111418",0,0,0
"S00111419",0,0,0
"S00111420",1,0,1
"S00111421",0,0,0
"S00111422",1,1,0
"S00111423",0,0,0
"S00111424",0,0,0
"S00111425",0,0,0
"S00111426",0,0,0
"S00111427",0,0,0
"S00111428",0,0,0
"S00111429",0,0,0
"S00111430",2,1,1
"S00111431",2,1,1
"S00111432",2,0,2
"S00111433",4,1,3
"S00111434",2,0,2
"S00111435",0,0,0
"S00111436",1,0,1
"S00111437",1,0,1
"S00111438",1,0,1
"S00111439",0,0,0
"S00111440",0,0,0
"S00111441",3,1,2
"S00111442",1,1,0
"S00111443",3,1,2
"S00111444",1,1,0
"S00111445",2,0,2
"S00111446",0,0,0
"S00111447",0,0,0
"S00111448",0,0,0
"S00111449",2,0,2
"S00111450",0,0,0
"S00111451",1,1,0
"S00111452",2,1,1
"S00111453",1,1,0
"S00111454",6,2,4
"S00111455",2,1,1
"S00111456",6,3,3
"S00111457",1,0,1
"S00111458",0,0,0
"S00111459",0,0,0
"S00111460",0,0,0
"S00111461",2,2,0
"S00111462",1,1,0
"S00111463",3,2,1
"S00111464",7,2,5
"S00111465",1,0,1
"S00111466",2,2,0
"S00111467",0,0,0
"S00111468",1,1,0
"S00111469",1,1,0
"S00111470",0,0,0
"S00111471",1,0,1
"S00111472",2,1,1
"S00111473",10,5,5
"S00111474",1,0,1
"S00111475",0,0,0
"S00111476",0,0,0
"S00111477",0,0,0
"S00111478",2,0,2
"S00111479",4,2,2
"S00111480",0,0,0
"S00111481",1,0,1
"S00111482",0,0,0
"S00111483",0,0,0
"S00111484",5,2,3
"S00111485",0,0,0
"S00111486",1,1,0
"S00111487",0,0,0
"S00111488",0,0,0
"S00111489",0,0,0
"S00111490",1,1,0
"S00111491",2,2,0
"S00111492",2,2,0
"S00111493",2,1,1
"S00111494",1,1,0
"S00111495",0,0,0
"S00111496",2,1,1
"S00111497",0,0,0
"S00111498",1,0,1
"S00111499",3,2,1
"S00111500",7,4,3
"S00111501",4,2,2
"S00111502",3,3,0
"S00111503",3,2,1
"S00111504",0,0,0
"S00111505",1,1,0
"S00111506",4,2,2
"S00111507",3,0,3
"S00111508",6,2,4
"S00111509",1,0,1
"S00111510",1,1,0
"S00111511",1,1,0
"S00111512",0,0,0
"S00111513",0,0,0
"S00111514",0,0,0
"S00111515",1,1,0
"S00111516",0,0,0
"S00111517",1,1,0
"S00111518",2,1,1
"S00111519",0,0,0
"S00111520",4,1,3
"S00111521",3,1,2
"S00111522",0,0,0
"S00111523",4,3,1
"S00111524",0,0,0
"S00111525",0,0,0
"S00111526",0,0,0
"S00111527",3,1,2
"S00111528",5,2,3
"S00111529",0,0,0
"S00111530",0,0,0
"S00111531",0,0,0
"S00111532",0,0,0
"S00111533",0,0,0
"S00111534",0,0,0
"S00111535",2,0,2
"S00111536",1,0,1
"S00111537",1,0,1
"S00111538",0,0,0
"S00111539",2,1,1
"S00111540",0,0,0
"S00111541",0,0,0
"S00111542",8,3,5
"S00111543",1,1,0
"S00111544",7,3,4
"S00111545",2,1,1
"S00111546",0,0,0
"S00111547",0,0,0
"S00111548",1,1,0
"S00111549",3,1,2
"S00111550",3,1,2
"S00111551",0,0,0
"S00111552",0,0,0
"S00111553",0,0,0
"S00111554",1,1,0
"S00111555",0,0,0
"S00111556",0,0,0
"S00111557",0,0,0
"S00111558",0,0,0
"S00111559",0,0,0
"S00111560",1,0,1
"S00111561",0,0,0
"S00111562",0,0,0
"S00111563",0,0,0
"S00111564",2,1,1
"S00111565",0,0,0
"S00111566",1,0,1
"S00111567",0,0,0
"S00111568",0,0,0
"S00111569",0,0,0
"S00111570",0,0,0
"S00111571",0,0,0
"S00111572",0,0,0
"S00111573",0,0,0
"S00111574",0,0,0
"S00111575",0,0,0
"S00111576",2,1,1
"S00111577",0,0,0
"S00111578",0,0,0
"S00111579",0,0,0
"S00111580",0,0,0
"S00111581",0,0,0
"S00111582",2,0,2
"S00111583",3,2,1
"S00111584",0,0,0
"S00111585",1,0,1
"S00111586",0,0,0
"S00111587",0,0,0
"S00111588",0,0,0
"S00111589",2,2,0
"S00111590",0,0,0
"S00111591",0,0,0
"S00111592",0,0,0
"S00111593",0,0,0
"S00111594",0,0,0
"S00111595",0,0,0
"S00111596",0,0,0
"S00111597",0,0,0
"S00111598",0,0,0
"S00111599",0,0,0
"S00111600",0,0,0
"S00111601",0,0,0
"S00111602",0,0,0
"S00111603",0,0,0
"S00111604",1,1,0
"S00111605",0,0,0
"S00111606",1,1,0
"S00111607",3,1,2
"S00111608",0,0,0
"S00111609",0,0,0
"S00111610",0,0,0
"S00111611",0,0,0
"S00111612",0,0,0
"S00111613",0,0,0
"S00111614",0,0,0
"S00111615",1,0,1
"S00111616",0,0,0
"S00111617",1,1,0
"S00111618",1,0,1
"S00111619",0,0,0
"S00111620",0,0,0
"S00111621",1,0,1
"S00111622",0,0,0
"S00111623",0,0,0
"S00111624",1,0,1
"S00111625",0,0,0
"S00111626",0,0,0
"S00111627",0,0,0
"S00111628",0,0,0
"S00111629",0,0,0
"S00111630",0,0,0
"S00111631",0,0,0
"S00111632",0,0,0
"S00111633",2,1,1
"S00111634",2,1,1
"S00111635",0,0,0
"S00111636",0,0,0
"S00111637",1,1,0
"S00111638",0,0,0
"S00111639",0,0,0
"S00111640",6,4,2
"S00111641",1,0,1
"S00111642",1,0,1
"S00111643",2,0,2
"S00111644",0,0,0
"S00111645",2,0,2
"S00111646",9,4,5
"S00111647",2,1,1
"S00111648",4,1,3
"S00111649",1,0,1
"S00111650",2,1,1
"S00111651",2,1,1
"S00111652",1,0,1
"S00111653",0,0,0
"S00111654",1,1,0
"S00111655",0,0,0
"S00111656",1,0,1
"S00111657",4,3,1
"S00111658",0,0,0
"S00111659",0,0,0
"S00111660",1,1,0
"S00111661",2,1,1
"S00111662",0,0,0
"S00111663",0,0,0
"S00111664",1,0,1
"S00111665",4,1,3
"S00111666",0,0,0
"S00111667",0,0,0
"S00111668",0,0,0
"S00111669",1,0,1
"S00111670",2,1,1
"S00111671",1,0,1
"S00111672",1,1,0
"S00111673",0,0,0
"S00111674",0,0,0
"S00111675",1,0,1
"S00111676",1,1,0
"S00111677",6,2,4
"S00111678",0,0,0
"S00111679",0,0,0
"S00111680",0,0,0
"S00111681",0,0,0
"S00111682",0,0,0
"S00111683",5,4,1
"S00111684",1,0,1
"S00111685",0,0,0
"S00111686",0,0,0
"S00111687",5,1,4
"S00111688",1,0,1
"S00111689",1,1,0
"S00111690",1,1,0
"S00111691",5,2,3
"S00111692",0,0,0
"S00111693",1,0,1
"S00111694",3,2,1
"S00111695",7,5,2
"S00111696",3,2,1
"S00111697",0,0,0
"S00111698",1,0,1
"S00111699",1,1,0
"S00111700",0,0,0
"S00111701",0,0,0
"S00111702",4,2,2
"S00111703",1,0,1
"S00111704",0,0,0
"S00111705",0,0,0
"S00111706",0,0,0
"S00111707",0,0,0
"S00111708",0,0,0
"S00111709",1,1,0
"S00111710",0,0,0
"S00111711",3,1,2
"S00111712",3,1,2
"S00111713",2,0,2
"S00111714",0,0,0
"S00111715",1,1,0
"S00111716",1,0,1
"S00111717",0,0,0
"S00111718",1,1,0
"S00111719",2,1,1
"S00111720",1,1,0
"S00111721",2,0,2
"S00111722",0,0,0
"S00111723",0,0,0
"S00111724",2,1,1
"S00111725",0,0,0
"S00111726",0,0,0
"S00111727",1,1,0
"S00111728",0,0,0
"S00111729",7,5,2
"S00111730",2,1,1
"S00111731",1,0,1
"S00111732",4,1,3
"S00111733",0,0,0
"S00111734",0,0,0
"S00111735",0,0,0
"S00111736",1,0,1
"S00111737",2,2,0
"S00111738",3,1,2
"S00111739",7,3,4
"S00111740",0,0,0
"S00111741",2,0,2
"S00111742",2,0,2
"S00111743",2,1,1
"S00111744",0,0,0
"S00111745",5,4,1
"S00111746",1,1,0
"S00111747",4,4,0
"S00111748",0,0,0
"S00111749",0,0,0
"S00111750",0,0,0
"S00111751",0,0,0
"S00111752",0,0,0
"S00111753",0,0,0
"S00111754",0,0,0
"S00111755",1,0,1
"S00111756",1,0,1
"S00111757",0,0,0
"S00111758",0,0,0
"S00111759",0,0,0
"S00111760",0,0,0
"S00111761",3,0,3
"S00111762",0,0,0
"S00111763",5,1,4
"S00111764",2,0,2
"S00111765",0,0,0
"S00111766",0,0,0
"S00111767",5,1,4
"S00111768",3,1,2
"S00111769",3,3,0
"S00111770",1,1,0
"S00111771",2,1,1
"S00111772",0,0,0
"S00111773",2,0,2
"S00111774",1,1,0
"S00111775",0,0,0
"S00111776",2,0,2
"S00111777",1,1,0
"S00111778",0,0,0
"S00111779",0,0,0
"S00111780",0,0,0
"S00111781",0,0,0
"S00111782",0,0,0
"S00111783",0,0,0
"S00111784",0,0,0
"S00111785",0,0,0
"S00111786",0,0,0
"S00111787",2,2,0
"S00111788",2,1,1
"S00111789",3,3,0
"S00111790",3,1,2
"S00111791",0,0,0
"S00111792",1,1,0
"S00111793",1,1,0
"S00111794",4,2,2
"S00111795",0,0,0
"S00111796",1,1,0
"S00111797",1,1,0
"S00111798",0,0,0
"S00111799",1,1,0
"S00111800",0,0,0
"S00111801",1,1,0
"S00111802",2,2,0
"S00111803",0,0,0
"S00111804",0,0,0
"S00111805",0,0,0
"S00111806",0,0,0
"S00111807",2,2,0
"S00111808",0,0,0
"S00111809",4,3,1
"S00111810",3,0,3
"S00111811",0,0,0
"S00111812",3,1,2
"S00111813",1,0,1
"S00111814",0,0,0
"S00111815",1,0,1
"S00111816",0,0,0
"S00111817",0,0,0
"S00111818",2,1,1
"S00111819",0,0,0
"S00111820",0,0,0
"S00111821",2,2,0
"S00111822",1,1,0
"S00111823",2,2,0
"S00111824",0,0,0
"S00111825",0,0,0
"S00111826",0,0,0
"S00111827",1,0,1
"S00111828",5,2,3
"S00111829",1,0,1
"S00111830",2,0,2
"S00111831",2,1,1
"S00111832",2,1,1
"S00111833",0,0,0
"S00111834",0,0,0
"S00111835",2,2,0
"S00111836",0,0,0
"S00111837",3,1,2
"S00111838",2,1,1
"S00111839",6,2,4
"S00111840",8,7,1
"S00111841",2,0,2
"S00111842",0,0,0
"S00111843",0,0,0
"S00111844",0,0,0
"S00111845",1,1,0
"S00111846",0,0,0
"S00111847",0,0,0
"S00111848",1,1,0
"S00111849",1,0,1
"S00111850",1,1,0
"S00111851",0,0,0
"S00111852",0,0,0
"S00111853",0,0,0
"S00111854",0,0,0
"S00111855",3,0,3
"S00111856",0,0,0
"S00111857",0,0,0
"S00111858",0,0,0
"S00111859",0,0,0
"S00111860",0,0,0
"S00111861",0,0,0
"S00111862",0,0,0
"S00111863",0,0,0
"S00111864",1,1,0
"S00111865",0,0,0
"S00111866",1,0,1
"S00111867",0,0,0
"S00111868",0,0,0
"S00111869",0,0,0
"S00111870",0,0,0
"S00111871",1,0,1
"S00111872",0,0,0
"S00111873",1,0,1
"S00111874",0,0,0
"S00111875",1,1,0
"S00111876",0,0,0
"S00111877",0,0,0
"S00111878",1,0,1
"S00111879",0,0,0
"S00111880",0,0,0
"S00111881",1,1,0
"S00111882",2,0,2
"S00111883",0,0,0
"S00111884",0,0,0
"S00111885",0,0,0
"S00111886",0,0,0
"S00111887",0,0,0
"S00111888",0,0,0
"S00111889",0,0,0
"S00111890",0,0,0
"S00111891",0,0,0
"S00111892",1,1,0
"S00111893",0,0,0
"S00111894",0,0,0
"S00111895",0,0,0
"S00111896",0,0,0
"S00111897",0,0,0
"S00111898",1,1,0
"S00111899",0,0,0
"S00111900",0,0,0
"S00111901",2,1,1
"S00111902",4,2,2
"S00111903",0,0,0
"S00111904",0,0,0
"S00111905",0,0,0
"S00111906",2,0,2
"S00111907",1,0,1
"S00111908",2,2,0
"S00111909",1,1,0
"S00111910",0,0,0
"S00111911",4,1,3
"S00111912",0,0,0
"S00111913",1,1,0
"S00111914",2,1,1
"S00111915",0,0,0
"S00111916",0,0,0
"S00111917",0,0,0
"S00111918",0,0,0
"S00111919",8,6,2
"S00111920",0,0,0
"S00111921",0,0,0
"S00111922",0,0,0
"S00111923",1,1,0
"S00111924",0,0,0
"S00111925",0,0,0
"S00111926",3,2,1
"S00111927",0,0,0
"S00111928",0,0,0
"S00111929",2,0,2
"S00111930",1,0,1
"S00111931",1,0,1
"S00111932",1,1,0
"S00111933",0,0,0
"S00111934",1,1,0
"S00111935",1,0,1
"S00111936",0,0,0
"S00111937",1,0,1
"S00111938",0,0,0
"S00111939",1,1,0
"S00111940",0,0,0
"S00111941",0,0,0
"S00111942",0,0,0
"S00111943",0,0,0
"S00111944",1,1,0
"S00111945",0,0,0
"S00111946",0,0,0
"S00111947",1,1,0
"S00111948",3,3,0
"S00111949",2,2,0
"S00111950",0,0,0
"S00111951",0,0,0
"S00111952",0,0,0
"S00111953",0,0,0
"S00111954",1,0,1
"S00111955",0,0,0
"S00111956",0,0,0
"S00111957",1,1,0
"S00111958",0,0,0
"S00111959",0,0,0
"S00111960",0,0,0
"S00111961",0,0,0
"S00111962",0,0,0
"S00111963",0,0,0
"S00111964",0,0,0
"S00111965",0,0,0
"S00111966",2,1,1
"S00111967",0,0,0
"S00111968",0,0,0
"S00111969",0,0,0
"S00111970",1,0,1
"S00111971",2,1,1
"S00111972",2,1,1
"S00111973",0,0,0
"S00111974",0,0,0
"S00111975",0,0,0
"S00111976",0,0,0
"S00111977",3,3,0
"S00111978",0,0,0
"S00111979",1,1,0
"S00111980",0,0,0
"S00111981",0,0,0
"S00111982",0,0,0
"S00111983",1,1,0
"S00111984",0,0,0
"S00111985",1,1,0
"S00111986",0,0,0
"S00111987",0,0,0
"S00111988",6,2,4
"S00111989",1,0,1
"S00111990",4,2,2
"S00111991",3,1,2
"S00111992",2,2,0
"S00111993",2,2,0
"S00111994",0,0,0
"S00111995",0,0,0
"S00111996",0,0,0
"S00111997",1,1,0
"S00111998",1,1,0
"S00111999",0,0,0
"S00112000",0,0,0
"S00112001",2,0,2
"S00112002",0,0,0
"S00112003",0,0,0
"S00112004",3,2,1
"S00112005",3,0,3
"S00112006",1,1,0
"S00112007",0,0,0
"S00112008",1,0,1
"S00112009",3,2,1
"S00112010",2,1,1
"S00112011",2,0,2
"S00112012",1,0,1
"S00112013",3,1,2
"S00112014",2,2,0
"S00112015",0,0,0
"S00112016",4,1,3
"S00112017",1,0,1
"S00112018",1,0,1
"S00112019",0,0,0
"S00112020",0,0,0
"S00112021",3,1,2
"S00112022",1,0,1
"S00112023",1,0,1
"S00112024",0,0,0
"S00112025",0,0,0
"S00112026",3,1,2
"S00112027",0,0,0
"S00112028",4,1,3
"S00112029",1,0,1
"S00112030",2,1,1
"S00112031",3,0,3
"S00112032",0,0,0
"S00112033",1,0,1
"S00112034",1,1,0
"S00112035",0,0,0
"S00112036",1,0,1
"S00112037",1,0,1
"S00112038",4,4,0
"S00112039",2,1,1
"S00112040",0,0,0
"S00112041",0,0,0
"S00112042",2,1,1
"S00112043",0,0,0
"S00112044",2,2,0
"S00112045",0,0,0
"S00112046",0,0,0
"S00112047",2,1,1
"S00112048",0,0,0
"S00112049",3,2,1
"S00112050",1,1,0
"S00112051",2,1,1
"S00112052",1,0,1
"S00112053",1,1,0
"S00112054",4,3,1
"S00112055",3,2,1
"S00112056",0,0,0
"S00112057",0,0,0
"S00112058",4,2,2
"S00112059",0,0,0
"S00112060",3,3,0
"S00112061",0,0,0
"S00112062",1,1,0
"S00112063",0,0,0
"S00112064",1,0,1
"S00112065",0,0,0
"S00112066",0,0,0
"S00112067",2,1,1
"S00112068",3,2,1
"S00112069",0,0,0
"S00112070",1,0,1
"S00112071",1,0,1
"S00112072",3,1,2
"S00112073",1,0,1
"S00112074",3,0,3
"S00112075",4,1,3
"S00112076",5,2,3
"S00112077",0,0,0
"S00112078",3,2,1
"S00112079",2,0,2
"S00112080",4,1,3
"S00112081",4,1,3
"S00112082",2,0,2
"S00112083",2,1,1
"S00112084",2,1,1
"S00112085",0,0,0
"S00112086",1,1,0
"S00112087",0,0,0
"S00112088",4,1,3
"S00112089",3,0,3
"S00112090",0,0,0
"S00112091",0,0,0
"S00112092",8,7,1
"S00112093",1,1,0
"S00112094",0,0,0
"S00112095",1,0,1
"S00112096",0,0,0
"S00112097",1,1,0
"S00112098",0,0,0
"S00112099",0,0,0
"S00112100",0,0,0
"S00112101",0,0,0
"S00112102",0,0,0
"S00112103",0,0,0
"S00112104",3,2,1
"S00112105",0,0,0
"S00112106",1,1,0
"S00112107",2,1,1
"S00112108",2,1,1
"S00112109",0,0,0
"S00112110",0,0,0
"S00112111",4,2,2
"S00112112",0,0,0
"S00112113",4,2,2
"S00112114",0,0,0
"S00112115",0,0,0
"S00112116",2,2,0
"S00112117",0,0,0
"S00112118",3,1,2
"S00112119",0,0,0
"S00112120",3,1,2
"S00112121",0,0,0
"S00112122",0,0,0
"S00112123",0,0,0
"S00112124",4,3,1
"S00112125",1,1,0
"S00112126",0,0,0
"S00112127",0,0,0
"S00112128",0,0,0
"S00112129",3,1,2
"S00112130",1,1,0
"S00112131",1,1,0
"S00112132",2,1,1
"S00112133",1,0,1
"S00112134",1,1,0
"S00112135",1,0,1
"S00112136",0,0,0
"S00112137",4,2,2
"S00112138",3,1,2
"S00112139",1,0,1
"S00112140",0,0,0
"S00112141",0,0,0
"S00112142",0,0,0
"S00112143",0,0,0
"S00112144",5,3,2
"S00112145",0,0,0
"S00112146",2,1,1
"S00112147",0,0,0
"S00112148",1,1,0
"S00112149",1,0,1
"S00112150",2,2,0
"S00112151",0,0,0
"S00112152",0,0,0
"S00112153",0,0,0
"S00112154",3,3,0
"S00112155",0,0,0
"S00112156",0,0,0
"S00112157",0,0,0
"S00112158",1,1,0
"S00112159",0,0,0
"S00112160",2,1,1
"S00112161",0,0,0
"S00112162",0,0,0
"S00112163",1,0,1
"S00112164",0,0,0
"S00112165",0,0,0
"S00112166",1,0,1
"S00112167",1,0,1
"S00112168",0,0,0
"S00112169",0,0,0
"S00112170",0,0,0
"S00112171",0,0,0
"S00112172",0,0,0
"S00112173",0,0,0
"S00112174",1,0,1
"S00112175",0,0,0
"S00112176",0,0,0
"S00112177",0,0,0
"S00112178",1,0,1
"S00112179",0,0,0
"S00112180",0,0,0
"S00112181",0,0,0
"S00112182",1,1,0
"S00112183",0,0,0
"S00112184",0,0,0
"S00112185",0,0,0
"S00112186",0,0,0
"S00112187",0,0,0
"S00112188",0,0,0
"S00112189",0,0,0
"S00112190",2,1,1
"S00112191",0,0,0
"S00112192",2,2,0
"S00112193",0,0,0
"S00112194",0,0,0
"S00112195",0,0,0
"S00112196",0,0,0
"S00112197",0,0,0
"S00112198",0,0,0
"S00112199",0,0,0
"S00112200",0,0,0
"S00112201",0,0,0
"S00112202",0,0,0
"S00112203",0,0,0
"S00112204",0,0,0
"S00112205",0,0,0
"S00112206",0,0,0
"S00112207",0,0,0
"S00112208",0,0,0
"S00112209",0,0,0
"S00112210",4,2,2
"S00112211",0,0,0
"S00112212",0,0,0
"S00112213",0,0,0
"S00112214",1,0,1
"S00112215",0,0,0
"S00112216",0,0,0
"S00112217",0,0,0
"S00112218",0,0,0
"S00112219",1,1,0
"S00112220",0,0,0
"S00112221",0,0,0
"S00112222",1,0,1
"S00112223",3,2,1
"S00112224",0,0,0
"S00112225",0,0,0
"S00112226",0,0,0
"S00112227",0,0,0
"S00112228",1,0,1
"S00112229",0,0,0
"S00112230",0,0,0
"S00112231",0,0,0
"S00112232",0,0,0
"S00112233",0,0,0
"S00112234",1,1,0
"S00112235",0,0,0
"S00112236",0,0,0
"S00112237",0,0,0
"S00112238",0,0,0
"S00112239",0,0,0
"S00112240",0,0,0
"S00112241",0,0,0
"S00112242",0,0,0
"S00112243",0,0,0
"S00112244",0,0,0
"S00112245",0,0,0
"S00112246",0,0,0
"S00112247",3,3,0
"S00112248",0,0,0
"S00112249",0,0,0
"S00112250",0,0,0
"S00112251",0,0,0
"S00112252",0,0,0
"S00112253",0,0,0
"S00112254",0,0,0
"S00112255",0,0,0
"S00112256",1,1,0
"S00112257",0,0,0
"S00112258",0,0,0
"S00112259",0,0,0
"S00112260",0,0,0
"S00112261",0,0,0
"S00112262",0,0,0
"S00112263",0,0,0
"S00112264",0,0,0
"S00112265",0,0,0
"S00112266",0,0,0
"S00112267",0,0,0
"S00112268",0,0,0
"S00112269",2,2,0
"S00112270",0,0,0
"S00112271",1,0,1
"S00112272",0,0,0
"S00112273",2,0,2
"S00112274",0,0,0
"S00112275",0,0,0
"S00112276",0,0,0
"S00112277",0,0,0
"S00112278",0,0,0
"S00112279",1,0,1
"S00112280",2,1,1
"S00112281",0,0,0
"S00112282",0,0,0
"S00112283",0,0,0
"S00112284",0,0,0
"S00112285",0,0,0
"S00112286",0,0,0
"S00112287",0,0,0
"S00112288",1,1,0
"S00112289",0,0,0
"S00112290",0,0,0
"S00112291",0,0,0
"S00112292",0,0,0
"S00112293",0,0,0
"S00112294",0,0,0
"S00112295",0,0,0
"S00112296",1,1,0
"S00112297",0,0,0
"S00112298",0,0,0
"S00112299",0,0,0
"S00112300",0,0,0
"S00112301",0,0,0
"S00112302",0,0,0
"S00112303",1,1,0
"S00112304",0,0,0
"S00112305",1,0,1
"S00112306",0,0,0
"S00112307",0,0,0
"S00112308",0,0,0
"S00112309",0,0,0
"S00112310",0,0,0
"S00112311",0,0,0
"S00112312",0,0,0
"S00112313",0,0,0
"S00112314",0,0,0
"S00112315",0,0,0
"S00112316",0,0,0
"S00112317",0,0,0
"S00112318",0,0,0
"S00112319",0,0,0
"S00112320",0,0,0
"S00112321",1,0,1
"S00112322",0,0,0
"S00112323",0,0,0
"S00112324",1,1,0
"S00112325",0,0,0
"S00112326",0,0,0
"S00112327",1,0,1
"S00112328",0,0,0
"S00112329",2,2,0
"S00112330",0,0,0
"S00112331",0,0,0
"S00112332",0,0,0
"S00112333",0,0,0
"S00112334",0,0,0
"S00112335",0,0,0
"S00112336",0,0,0
"S00112337",0,0,0
"S00112338",0,0,0
"S00112339",0,0,0
"S00112340",0,0,0
"S00112341",0,0,0
"S00112342",0,0,0
"S00112343",0,0,0
"S00112344",0,0,0
"S00112345",0,0,0
"S00112346",0,0,0
"S00112347",0,0,0
"S00112348",0,0,0
"S00112349",0,0,0
"S00112350",0,0,0
"S00112351",1,1,0
"S00112352",0,0,0
"S00112353",0,0,0
"S00112354",1,0,1
"S00112355",0,0,0
"S00112356",0,0,0
"S00112357",1,0,1
"S00112358",0,0,0
"S00112359",0,0,0
"S00112360",0,0,0
"S00112361",2,2,0
"S00112362",0,0,0
"S00112363",7,4,3
"S00112364",0,0,0
"S00112365",3,1,2
"S00112366",0,0,0
"S00112367",0,0,0
"S00112368",1,1,0
"S00112369",0,0,0
"S00112370",0,0,0
"S00112371",0,0,0
"S00112372",0,0,0
"S00112373",0,0,0
"S00112374",1,0,1
"S00112375",0,0,0
"S00112376",0,0,0
"S00112377",0,0,0
"S00112378",0,0,0
"S00112379",0,0,0
"S00112380",1,1,0
"S00112381",0,0,0
"S00112382",0,0,0
"S00112383",3,0,3
"S00112384",0,0,0
"S00112385",0,0,0
"S00112386",1,1,0
"S00112387",0,0,0
"S00112388",2,0,2
"S00112389",0,0,0
"S00112390",1,0,1
"S00112391",1,1,0
"S00112392",0,0,0
"S00112393",1,0,1
"S00112394",0,0,0
"S00112395",0,0,0
"S00112396",0,0,0
"S00112397",0,0,0
"S00112398",0,0,0
"S00112399",0,0,0
"S00112400",0,0,0
"S00112401",0,0,0
"S00112402",1,0,1
"S00112403",0,0,0
"S00112404",0,0,0
"S00112405",0,0,0
"S00112406",0,0,0
"S00112407",0,0,0
"S00112408",1,0,1
"S00112409",0,0,0
"S00112410",0,0,0
"S00112411",1,1,0
"S00112412",0,0,0
"S00112413",0,0,0
"S00112414",0,0,0
"S00112415",0,0,0
"S00112416",0,0,0
"S00112417",1,0,1
"S00112418",0,0,0
"S00112419",0,0,0
"S00112420",0,0,0
"S00112421",0,0,0
"S00112422",0,0,0
"S00112423",0,0,0
"S00112424",0,0,0
"S00112425",0,0,0
"S00112426",0,0,0
"S00112427",0,0,0
"S00112428",0,0,0
"S00112429",0,0,0
"S00112430",0,0,0
"S00112431",0,0,0
"S00112432",0,0,0
"S00112433",0,0,0
"S00112434",1,0,1
"S00112435",3,0,3
"S00112436",0,0,0
"S00112437",0,0,0
"S00112438",1,1,0
"S00112439",0,0,0
"S00112440",1,0,1
"S00112441",0,0,0
"S00112442",0,0,0
"S00112443",0,0,0
"S00112444",0,0,0
"S00112445",0,0,0
"S00112446",0,0,0
"S00112447",0,0,0
"S00112448",0,0,0
"S00112449",0,0,0
"S00112450",2,0,2
"S00112451",0,0,0
"S00112452",0,0,0
"S00112453",2,2,0
"S00112454",0,0,0
"S00112455",0,0,0
"S00112456",0,0,0
"S00112457",0,0,0
"S00112458",0,0,0
"S00112459",0,0,0
"S00112460",0,0,0
"S00112461",0,0,0
"S00112462",0,0,0
"S00112463",0,0,0
"S00112464",0,0,0
"S00112465",0,0,0
"S00112466",0,0,0
"S00112467",0,0,0
"S00112468",0,0,0
"S00112469",0,0,0
"S00112470",1,1,0
"S00112471",0,0,0
"S00112472",0,0,0
"S00112473",0,0,0
"S00112474",0,0,0
"S00112475",0,0,0
"S00112476",0,0,0
"S00112477",1,1,0
"S00112478",0,0,0
"S00112479",0,0,0
"S00112480",0,0,0
"S00112481",0,0,0
"S00112482",0,0,0
"S00112483",0,0,0
"S00112484",0,0,0
"S00112485",2,0,2
"S00112486",0,0,0
"S00112487",1,0,1
"S00112488",0,0,0
"S00112489",0,0,0
"S00112490",0,0,0
"S00112491",0,0,0
"S00112492",1,0,1
"S00112493",2,1,1
"S00112494",0,0,0
"S00112495",1,1,0
"S00112496",0,0,0
"S00112497",1,0,1
"S00112498",0,0,0
"S00112499",1,1,0
"S00112500",2,1,1
"S00112501",1,1,0
"S00112502",1,0,1
"S00112503",1,1,0
"S00112504",0,0,0
"S00112505",7,4,3
"S00112506",0,0,0
"S00112507",0,0,0
"S00112508",0,0,0
"S00112509",3,0,3
"S00112510",2,1,1
"S00112511",0,0,0
"S00112512",0,0,0
"S00112513",0,0,0
"S00112514",0,0,0
"S00112515",3,0,3
"S00112516",2,2,0
"S00112517",2,0,2
"S00112518",0,0,0
"S00112519",1,1,0
"S00112520",0,0,0
"S00112521",1,1,0
"S00112522",0,0,0
"S00112523",4,2,2
"S00112524",0,0,0
"S00112525",0,0,0
"S00112526",0,0,0
"S00112527",0,0,0
"S00112528",2,1,1
"S00112529",0,0,0
"S00112530",0,0,0
"S00112531",3,1,2
"S00112532",3,1,2
"S00112533",1,1,0
"S00112534",0,0,0
"S00112535",0,0,0
"S00112536",3,3,0
"S00112537",0,0,0
"S00112538",2,1,1
"S00112539",0,0,0
"S00112540",0,0,0
"S00112541",0,0,0
"S00112542",1,0,1
"S00112543",1,1,0
"S00112544",1,1,0
"S00112545",0,0,0
"S00112546",0,0,0
"S00112547",0,0,0
"S00112548",0,0,0
"S00112549",0,0,0
"S00112550",0,0,0
"S00112551",0,0,0
"S00112552",0,0,0
"S00112553",0,0,0
"S00112554",0,0,0
"S00112555",1,0,1
"S00112556",2,0,2
"S00112557",0,0,0
"S00112558",0,0,0
"S00112559",0,0,0
"S00112560",0,0,0
"S00112561",1,0,1
"S00112562",2,0,2
"S00112563",0,0,0
"S00112564",1,0,1
"S00112565",2,1,1
"S00112566",2,2,0
"S00112567",0,0,0
"S00112568",0,0,0
"S00112569",1,1,0
"S00112570",1,0,1
"S00112571",4,2,2
"S00112572",3,0,3
"S00112573",1,0,1
"S00112574",2,2,0
"S00112575",0,0,0
"S00112576",1,1,0
"S00112577",0,0,0
"S00112578",0,0,0
"S00112579",2,1,1
"S00112580",0,0,0
"S00112581",2,2,0
"S00112582",0,0,0
"S00112583",3,1,2
"S00112584",1,0,1
"S00112585",0,0,0
"S00112586",0,0,0
"S00112587",1,0,1
"S00112588",0,0,0
"S00112589",0,0,0
"S00112590",1,1,0
"S00112591",1,1,0
"S00112592",0,0,0
"S00112593",0,0,0
"S00112594",4,1,3
"S00112595",0,0,0
"S00112596",0,0,0
"S00112597",1,1,0
"S00112598",1,1,0
"S00112599",0,0,0
"S00112600",3,0,3
"S00112601",1,0,1
"S00112602",1,0,1
"S00112603",0,0,0
"S00112604",0,0,0
"S00112605",4,1,3
"S00112606",1,0,1
"S00112607",2,1,1
"S00112608",0,0,0
"S00112609",1,0,1
"S00112610",0,0,0
"S00112611",1,1,0
"S00112612",1,0,1
"S00112613",2,1,1
"S00112614",4,3,1
"S00112615",1,1,0
"S00112616",2,1,1
"S00112617",0,0,0
"S00112618",0,0,0
"S00112619",0,0,0
"S00112620",0,0,0
"S00112621",1,1,0
"S00112622",0,0,0
"S00112623",0,0,0
"S00112624",1,1,0
"S00112625",0,0,0
"S00112626",0,0,0
"S00112627",4,1,3
"S00112628",0,0,0
"S00112629",0,0,0
"S00112630",0,0,0
"S00112631",0,0,0
"S00112632",0,0,0
"S00112633",0,0,0
"S00112634",2,0,2
"S00112635",0,0,0
"S00112636",0,0,0
"S00112637",0,0,0
"S00112638",0,0,0
"S00112639",0,0,0
"S00112640",0,0,0
"S00112641",1,0,1
"S00112642",0,0,0
"S00112643",0,0,0
"S00112644",1,0,1
"S00112645",1,0,1
"S00112646",0,0,0
"S00112647",0,0,0
"S00112648",0,0,0
"S00112649",1,1,0
"S00112650",0,0,0
"S00112651",3,1,2
"S00112652",1,0,1
"S00112653",1,0,1
"S00112654",1,0,1
"S00112655",0,0,0
"S00112656",2,0,2
"S00112657",2,1,1
"S00112658",3,0,3
"S00112659",1,0,1
"S00112660",0,0,0
"S00112661",2,2,0
"S00112662",0,0,0
"S00112663",0,0,0
"S00112664",2,2,0
"S00112665",0,0,0
"S00112666",0,0,0
"S00112667",0,0,0
"S00112668",3,2,1
"S00112669",1,1,0
"S00112670",0,0,0
"S00112671",2,0,2
"S00112672",1,0,1
"S00112673",1,0,1
"S00112674",3,2,1
"S00112675",0,0,0
"S00112676",1,0,1
"S00112677",1,0,1
"S00112678",6,3,3
"S00112679",1,0,1
"S00112680",0,0,0
"S00112681",0,0,0
"S00112682",0,0,0
"S00112683",3,2,1
"S00112684",4,0,4
"S00112685",1,1,0
"S00112686",1,1,0
"S00112687",0,0,0
"S00112688",0,0,0
"S00112689",3,1,2
"S00112690",1,1,0
"S00112691",0,0,0
"S00112692",3,2,1
"S00112693",1,1,0
"S00112694",0,0,0
"S00112695",1,1,0
"S00112696",2,1,1
"S00112697",1,0,1
"S00112698",1,0,1
"S00112699",3,2,1
"S00112700",3,1,2
"S00112701",1,0,1
"S00112702",0,0,0
"S00112703",2,2,0
"S00112704",1,0,1
"S00112705",2,1,1
"S00112706",1,0,1
"S00112707",1,0,1
"S00112708",2,0,2
"S00112709",1,1,0
"S00112710",4,2,2
"S00112711",4,0,4
"S00112712",5,0,5
"S00112713",6,3,3
"S00112714",3,1,2
"S00112715",5,4,1
"S00112716",0,0,0
"S00112717",0,0,0
"S00112718",1,1,0
"S00112719",0,0,0
"S00112720",3,0,3
"S00112721",0,0,0
"S00112722",0,0,0
"S00112723",1,0,1
"S00112724",0,0,0
"S00112725",0,0,0
"S00112726",0,0,0
"S00112727",0,0,0
"S00112728",0,0,0
"S00112729",1,1,0
"S00112730",0,0,0
"S00112731",0,0,0
"S00112732",1,1,0
"S00112733",0,0,0
"S00112734",0,0,0
"S00112735",0,0,0
"S00112736",1,1,0
"S00112737",0,0,0
"S00112738",0,0,0
"S00112739",0,0,0
"S00112740",0,0,0
"S00112741",0,0,0
"S00112742",0,0,0
"S00112743",0,0,0
"S00112744",0,0,0
"S00112745",0,0,0
"S00112746",3,1,2
"S00112747",1,1,0
"S00112748",1,1,0
"S00112749",0,0,0
"S00112750",1,1,0
"S00112751",0,0,0
"S00112752",0,0,0
"S00112753",0,0,0
"S00112754",1,1,0
"S00112755",0,0,0
"S00112756",0,0,0
"S00112757",0,0,0
"S00112758",2,1,1
"S00112759",0,0,0
"S00112760",0,0,0
"S00112761",1,1,0
"S00112762",0,0,0
"S00112763",0,0,0
"S00112764",0,0,0
"S00112765",0,0,0
"S00112766",0,0,0
"S00112767",0,0,0
"S00112768",0,0,0
"S00112769",0,0,0
"S00112770",0,0,0
"S00112771",0,0,0
"S00112772",0,0,0
"S00112773",1,1,0
"S00112774",0,0,0
"S00112775",0,0,0
"S00112776",1,1,0
"S00112777",0,0,0
"S00112778",0,0,0
"S00112779",0,0,0
"S00112780",0,0,0
"S00112781",0,0,0
"S00112782",0,0,0
"S00112783",0,0,0
"S00112784",0,0,0
"S00112785",0,0,0
"S00112786",0,0,0
"S00112787",0,0,0
"S00112788",0,0,0
"S00112789",4,2,2
"S00112790",0,0,0
"S00112791",0,0,0
"S00112792",0,0,0
"S00112793",0,0,0
"S00112794",1,0,1
"S00112795",0,0,0
"S00112796",0,0,0
"S00112797",1,0,1
"S00112798",0,0,0
"S00112799",1,0,1
"S00112800",0,0,0
"S00112801",0,0,0
"S00112802",0,0,0
"S00112803",0,0,0
"S00112804",0,0,0
"S00112805",1,0,1
"S00112806",0,0,0
"S00112807",0,0,0
"S00112808",1,0,1
"S00112809",0,0,0
"S00112810",0,0,0
"S00112811",0,0,0
"S00112812",0,0,0
"S00112813",0,0,0
"S00112814",2,2,0
"S00112815",1,0,1
"S00112816",0,0,0
"S00112817",0,0,0
"S00112818",1,0,1
"S00112819",0,0,0
"S00112820",0,0,0
"S00112821",0,0,0
"S00112822",0,0,0
"S00112823",0,0,0
"S00112824",0,0,0
"S00112825",0,0,0
"S00112826",0,0,0
"S00112827",0,0,0
"S00112828",0,0,0
"S00112829",0,0,0
"S00112830",0,0,0
"S00112831",0,0,0
"S00112832",2,1,1
"S00112833",0,0,0
"S00112834",0,0,0
"S00112835",0,0,0
"S00112836",0,0,0
"S00112837",0,0,0
"S00112838",0,0,0
"S00112839",0,0,0
"S00112840",1,1,0
"S00112841",1,0,1
"S00112842",0,0,0
"S00112843",1,0,1
"S00112844",0,0,0
"S00112845",0,0,0
"S00112846",1,0,1
"S00112847",0,0,0
"S00112848",1,1,0
"S00112849",1,0,1
"S00112850",0,0,0
"S00112851",2,1,1
"S00112852",0,0,0
"S00112853",0,0,0
"S00112854",0,0,0
"S00112855",0,0,0
"S00112856",0,0,0
"S00112857",1,0,1
"S00112858",0,0,0
"S00112859",4,4,0
"S00112860",0,0,0
"S00112861",1,0,1
"S00112862",0,0,0
"S00112863",1,0,1
"S00112864",0,0,0
"S00112865",0,0,0
"S00112866",0,0,0
"S00112867",0,0,0
"S00112868",0,0,0
"S00112869",0,0,0
"S00112870",0,0,0
"S00112871",0,0,0
"S00112872",1,1,0
"S00112873",0,0,0
"S00112874",0,0,0
"S00112875",0,0,0
"S00112876",0,0,0
"S00112877",0,0,0
"S00112878",0,0,0
"S00112879",0,0,0
"S00112880",4,4,0
"S00112881",0,0,0
"S00112882",0,0,0
"S00112883",0,0,0
"S00112884",0,0,0
"S00112885",0,0,0
"S00112886",0,0,0
"S00112887",0,0,0
"S00112888",0,0,0
"S00112889",0,0,0
"S00112890",0,0,0
"S00112891",0,0,0
"S00112892",0,0,0
"S00112893",2,1,1
"S00112894",3,2,1
"S00112895",0,0,0
"S00112896",0,0,0
"S00112897",0,0,0
"S00112898",0,0,0
"S00112899",0,0,0
"S00112900",0,0,0
"S00112901",0,0,0
"S00112902",1,0,1
"S00112903",0,0,0
"S00112904",0,0,0
"S00112905",0,0,0
"S00112906",0,0,0
"S00112907",0,0,0
"S00112908",0,0,0
"S00112909",0,0,0
"S00112910",1,1,0
"S00112911",1,0,1
"S00112912",0,0,0
"S00112913",0,0,0
"S00112914",0,0,0
"S00112915",0,0,0
"S00112916",1,0,1
"S00112917",0,0,0
"S00112918",0,0,0
"S00112919",0,0,0
"S00112920",0,0,0
"S00112921",0,0,0
"S00112922",0,0,0
"S00112923",0,0,0
"S00112924",0,0,0
"S00112925",0,0,0
"S00112926",1,0,1
"S00112927",0,0,0
"S00112928",0,0,0
"S00112929",0,0,0
"S00112930",0,0,0
"S00112931",0,0,0
"S00112932",1,0,1
"S00112933",0,0,0
"S00112934",4,0,4
"S00112935",1,0,1
"S00112936",1,1,0
"S00112937",0,0,0
"S00112938",0,0,0
"S00112939",0,0,0
"S00112940",3,2,1
"S00112941",0,0,0
"S00112942",0,0,0
"S00112943",0,0,0
"S00112944",0,0,0
"S00112945",0,0,0
"S00112946",0,0,0
"S00112947",1,1,0
"S00112948",0,0,0
"S00112949",2,2,0
"S00112950",2,1,1
"S00112951",3,2,1
"S00112952",0,0,0
"S00112953",0,0,0
"S00112954",2,1,1
"S00112955",4,2,2
"S00112956",2,1,1
"S00112957",2,1,1
"S00112958",3,2,1
"S00112959",1,1,0
"S00112960",4,3,1
"S00112961",3,1,2
"S00112962",0,0,0
"S00112963",5,3,2
"S00112964",1,0,1
"S00112965",1,0,1
"S00112966",1,1,0
"S00112967",0,0,0
"S00112968",1,0,1
"S00112969",2,0,2
"S00112970",3,2,1
"S00112971",0,0,0
"S00112972",7,6,1
"S00112973",3,1,2
"S00112974",1,1,0
"S00112975",5,2,3
"S00112976",0,0,0
"S00112977",1,0,1
"S00112978",0,0,0
"S00112979",0,0,0
"S00112980",0,0,0
"S00112981",0,0,0
"S00112982",0,0,0
"S00112983",1,0,1
"S00112984",0,0,0
"S00112985",0,0,0
"S00112986",0,0,0
"S00112987",0,0,0
"S00112988",0,0,0
"S00112989",2,0,2
"S00112990",0,0,0
"S00112991",0,0,0
"S00112992",0,0,0
"S00112993",0,0,0
"S00112994",0,0,0
"S00112995",0,0,0
"S00112996",0,0,0
"S00112997",0,0,0
"S00112998",0,0,0
"S00112999",0,0,0
"S00113000",0,0,0
"S00113001",0,0,0
"S00113002",1,0,1
"S00113003",0,0,0
"S00113004",0,0,0
"S00113005",0,0,0
"S00113006",0,0,0
"S00113007",0,0,0
"S00113008",0,0,0
"S00113009",0,0,0
"S00113010",0,0,0
"S00113011",0,0,0
"S00113012",0,0,0
"S00113013",1,0,1
"S00113014",0,0,0
"S00113015",0,0,0
"S00113016",0,0,0
"S00113017",0,0,0
"S00113018",0,0,0
"S00113019",2,1,1
"S00113020",0,0,0
"S00113021",0,0,0
"S00113022",0,0,0
"S00113023",0,0,0
"S00113024",1,0,1
"S00113025",1,1,0
"S00113026",0,0,0
"S00113027",0,0,0
"S00113028",0,0,0
"S00113029",0,0,0
"S00113030",0,0,0
"S00113031",1,0,1
"S00113032",0,0,0
"S00113033",0,0,0
"S00113034",0,0,0
"S00113035",0,0,0
"S00113036",0,0,0
"S00113037",0,0,0
"S00113038",0,0,0
"S00113039",0,0,0
"S00113040",0,0,0
"S00113041",0,0,0
"S00113042",0,0,0
"S00113043",0,0,0
"S00113044",0,0,0
"S00113045",0,0,0
"S00113046",0,0,0
"S00113047",0,0,0
"S00113048",1,1,0
"S00113049",0,0,0
"S00113050",0,0,0
"S00113051",0,0,0
"S00113052",0,0,0
"S00113053",0,0,0
"S00113054",0,0,0
"S00113055",0,0,0
"S00113056",0,0,0
"S00113057",2,1,1
"S00113058",0,0,0
"S00113059",0,0,0
"S00113060",0,0,0
"S00113061",1,0,1
"S00113062",1,1,0
"S00113063",0,0,0
"S00113064",1,1,0
"S00113065",1,0,1
"S00113066",0,0,0
"S00113067",0,0,0
"S00113068",4,3,1
"S00113069",1,1,0
"S00113070",2,0,2
"S00113071",0,0,0
"S00113072",0,0,0
"S00113073",0,0,0
"S00113074",0,0,0
"S00113075",0,0,0
"S00113076",0,0,0
"S00113077",0,0,0
"S00113078",0,0,0
"S00113079",0,0,0
"S00113080",0,0,0
"S00113081",0,0,0
"S00113082",0,0,0
"S00113083",0,0,0
"S00113084",0,0,0
"S00113085",0,0,0
"S00113086",0,0,0
"S00113087",1,0,1
"S00113088",0,0,0
"S00113089",0,0,0
"S00113090",0,0,0
"S00113091",0,0,0
"S00113092",0,0,0
"S00113093",0,0,0
"S00113094",0,0,0
"S00113095",1,1,0
"S00113096",0,0,0
"S00113097",0,0,0
"S00113098",0,0,0
"S00113099",0,0,0
"S00113100",0,0,0
"S00113101",0,0,0
"S00113102",1,1,0
"S00113103",0,0,0
"S00113104",1,0,1
"S00113105",0,0,0
"S00113106",0,0,0
"S00113107",0,0,0
"S00113108",0,0,0
"S00113109",0,0,0
"S00113110",0,0,0
"S00113111",0,0,0
"S00113112",0,0,0
"S00113113",0,0,0
"S00113114",0,0,0
"S00113115",0,0,0
"S00113116",0,0,0
"S00113117",0,0,0
"S00113118",0,0,0
"S00113119",0,0,0
"S00113120",1,1,0
"S00113121",0,0,0
"S00113122",0,0,0
"S00113123",0,0,0
"S00113124",1,1,0
"S00113125",0,0,0
"S00113126",0,0,0
"S00113127",0,0,0
"S00113128",0,0,0
"S00113129",1,0,1
"S00113130",0,0,0
"S00113131",3,1,2
"S00113132",0,0,0
"S00113133",0,0,0
"S00113134",0,0,0
"S00113135",0,0,0
"S00113136",0,0,0
"S00113137",0,0,0
"S00113138",1,0,1
"S00113139",0,0,0
"S00113140",0,0,0
"S00113141",0,0,0
"S00113142",0,0,0
"S00113143",1,0,1
"S00113144",3,1,2
"S00113145",0,0,0
"S00113146",0,0,0
"S00113147",0,0,0
"S00113148",4,1,3
"S00113149",0,0,0
"S00113150",0,0,0
"S00113151",0,0,0
"S00113152",0,0,0
"S00113153",0,0,0
"S00113154",0,0,0
"S00113155",0,0,0
"S00113156",1,1,0
"S00113157",0,0,0
"S00113158",0,0,0
"S00113159",0,0,0
"S00113160",0,0,0
"S00113161",0,0,0
"S00113162",2,0,2
"S00113163",2,2,0
"S00113164",3,1,2
"S00113165",0,0,0
"S00113166",0,0,0
"S00113167",3,2,1
"S00113168",0,0,0
"S00113169",2,2,0
"S00113170",0,0,0
"S00113171",0,0,0
"S00113172",0,0,0
"S00113173",0,0,0
"S00113174",1,0,1
"S00113175",0,0,0
"S00113176",0,0,0
"S00113177",0,0,0
"S00113178",0,0,0
"S00113179",0,0,0
"S00113180",0,0,0
"S00113181",0,0,0
"S00113182",0,0,0
"S00113183",0,0,0
"S00113184",0,0,0
"S00113185",0,0,0
"S00113186",0,0,0
"S00113187",0,0,0
"S00113188",0,0,0
"S00113189",1,1,0
"S00113190",0,0,0
"S00113191",0,0,0
"S00113192",1,1,0
"S00113193",2,0,2
"S00113194",0,0,0
"S00113195",0,0,0
"S00113196",1,1,0
"S00113197",0,0,0
"S00113198",6,3,3
"S00113199",0,0,0
"S00113200",0,0,0
"S00113201",0,0,0
"S00113202",0,0,0
"S00113203",0,0,0
"S00113204",0,0,0
"S00113205",0,0,0
"S00113206",0,0,0
"S00113207",1,1,0
"S00113208",0,0,0
"S00113209",0,0,0
"S00113210",2,1,1
"S00113211",0,0,0
"S00113212",0,0,0
"S00113213",0,0,0
"S00113214",0,0,0
"S00113215",0,0,0
"S00113216",1,0,1
"S00113217",0,0,0
"S00113218",0,0,0
"S00113219",0,0,0
"S00113220",0,0,0
"S00113221",0,0,0
"S00113222",0,0,0
"S00113223",0,0,0
"S00113224",0,0,0
"S00113225",0,0,0
"S00113226",0,0,0
"S00113227",0,0,0
"S00113228",0,0,0
"S00113229",0,0,0
"S00113230",0,0,0
"S00113231",0,0,0
"S00113232",0,0,0
"S00113233",0,0,0
"S00113234",0,0,0
"S00113235",0,0,0
"S00113236",0,0,0
"S00113237",0,0,0
"S00113238",0,0,0
"S00113239",0,0,0
"S00113240",0,0,0
"S00113241",0,0,0
"S00113242",0,0,0
"S00113243",1,0,1
"S00113244",0,0,0
"S00113245",0,0,0
"S00113246",1,0,1
"S00113247",0,0,0
"S00113248",0,0,0
"S00113249",2,1,1
"S00113250",0,0,0
"S00113251",0,0,0
"S00113252",0,0,0
"S00113253",0,0,0
"S00113254",0,0,0
"S00113255",0,0,0
"S00113256",0,0,0
"S00113257",0,0,0
"S00113258",0,0,0
"S00113259",0,0,0
"S00113260",0,0,0
"S00113261",0,0,0
"S00113262",0,0,0
"S00113263",0,0,0
"S00113264",0,0,0
"S00113265",2,0,2
"S00113266",0,0,0
"S00113267",1,0,1
"S00113268",0,0,0
"S00113269",0,0,0
"S00113270",0,0,0
"S00113271",0,0,0
"S00113272",0,0,0
"S00113273",1,1,0
"S00113274",0,0,0
"S00113275",0,0,0
"S00113276",0,0,0
"S00113277",0,0,0
"S00113278",0,0,0
"S00113279",0,0,0
"S00113280",0,0,0
"S00113281",2,0,2
"S00113282",0,0,0
"S00113283",0,0,0
"S00113284",0,0,0
"S00113285",1,0,1
"S00113286",0,0,0
"S00113287",0,0,0
"S00113288",0,0,0
"S00113289",0,0,0
"S00113290",0,0,0
"S00113291",0,0,0
"S00113292",2,1,1
"S00113293",1,0,1
"S00113294",1,0,1
"S00113295",0,0,0
"S00113296",0,0,0
"S00113297",0,0,0
"S00113298",0,0,0
"S00113299",3,2,1
"S00113300",0,0,0
"S00113301",0,0,0
"S00113302",0,0,0
"S00113303",2,1,1
"S00113304",0,0,0
"S00113305",0,0,0
"S00113306",1,0,1
"S00113307",0,0,0
"S00113308",0,0,0
"S00113309",0,0,0
"S00113310",1,0,1
"S00113311",0,0,0
"S00113312",1,0,1
"S00113313",0,0,0
"S00113314",0,0,0
"S00113315",0,0,0
"S00113316",0,0,0
"S00113317",0,0,0
"S00113318",0,0,0
"S00113319",0,0,0
"S00113320",0,0,0
"S00113321",0,0,0
"S00113322",0,0,0
"S00113323",0,0,0
"S00113324",0,0,0
"S00113325",0,0,0
"S00113326",0,0,0
"S00113327",0,0,0
"S00113328",1,1,0
"S00113329",0,0,0
"S00113330",1,1,0
"S00113331",0,0,0
"S00113332",1,0,1
"S00113333",0,0,0
"S00113334",0,0,0
"S00113335",0,0,0
"S00113336",2,1,1
"S00113337",0,0,0
"S00113338",0,0,0
"S00113339",0,0,0
"S00113340",0,0,0
"S00113341",0,0,0
"S00113342",0,0,0
"S00113343",2,0,2
"S00113344",0,0,0
"S00113345",0,0,0
"S00113346",2,1,1
"S00113347",0,0,0
"S00113348",0,0,0
"S00113349",0,0,0
"S00113350",0,0,0
"S00113351",0,0,0
"S00113352",1,0,1
"S00113353",0,0,0
"S00113354",0,0,0
"S00113355",0,0,0
"S00113356",0,0,0
"S00113357",0,0,0
"S00113358",0,0,0
"S00113359",0,0,0
"S00113360",0,0,0
"S00113361",0,0,0
"S00113362",0,0,0
"S00113363",0,0,0
"S00113364",0,0,0
"S00113365",0,0,0
"S00113366",0,0,0
"S00113367",0,0,0
"S00113368",0,0,0
"S00113369",1,0,1
"S00113370",0,0,0
"S00113371",0,0,0
"S00113372",3,3,0
"S00113373",0,0,0
"S00113374",0,0,0
"S00113375",0,0,0
"S00113376",0,0,0
"S00113377",0,0,0
"S00113378",2,1,1
"S00113379",1,0,1
"S00113380",0,0,0
"S00113381",0,0,0
"S00113382",0,0,0
"S00113383",0,0,0
"S00113384",0,0,0
"S00113385",0,0,0
"S00113386",1,0,1
"S00113387",1,0,1
"S00113388",0,0,0
"S00113389",0,0,0
"S00113390",0,0,0
"S00113391",0,0,0
"S00113392",0,0,0
"S00113393",0,0,0
"S00113394",0,0,0
"S00113395",0,0,0
"S00113396",0,0,0
"S00113397",0,0,0
"S00113398",1,0,1
"S00113399",0,0,0
"S00113400",0,0,0
"S00113401",0,0,0
"S00113402",0,0,0
"S00113403",0,0,0
"S00113404",0,0,0
"S00113405",2,1,1
"S00113406",2,2,0
"S00113407",0,0,0
"S00113408",0,0,0
"S00113409",0,0,0
"S00113410",0,0,0
"S00113411",0,0,0
"S00113412",0,0,0
"S00113413",0,0,0
"S00113414",0,0,0
"S00113415",0,0,0
"S00113416",0,0,0
"S00113417",0,0,0
"S00113418",0,0,0
"S00113419",0,0,0
"S00113420",1,0,1
"S00113421",4,2,2
"S00113422",0,0,0
"S00113423",0,0,0
"S00113424",1,0,1
"S00113425",0,0,0
"S00113426",0,0,0
"S00113427",0,0,0
"S00113428",0,0,0
"S00113429",0,0,0
"S00113430",0,0,0
"S00113431",0,0,0
"S00113432",0,0,0
"S00113433",0,0,0
"S00113434",0,0,0
"S00113435",0,0,0
"S00113436",0,0,0
"S00113437",0,0,0
"S00113438",0,0,0
"S00113439",0,0,0
"S00113440",0,0,0
"S00113441",0,0,0
"S00113442",0,0,0
"S00113443",5,2,3
"S00113444",1,1,0
"S00113445",0,0,0
"S00113446",0,0,0
"S00113447",0,0,0
"S00113448",0,0,0
"S00113449",0,0,0
"S00113450",0,0,0
"S00113451",0,0,0
"S00113452",0,0,0
"S00113453",0,0,0
"S00113454",0,0,0
"S00113455",0,0,0
"S00113456",1,0,1
"S00113457",0,0,0
"S00113458",0,0,0
"S00113459",0,0,0
"S00113460",0,0,0
"S00113461",0,0,0
"S00113462",3,1,2
"S00113463",0,0,0
"S00113464",0,0,0
"S00113465",0,0,0
"S00113466",0,0,0
"S00113467",0,0,0
"S00113468",0,0,0
"S00113469",0,0,0
"S00113470",0,0,0
"S00113471",0,0,0
"S00113472",1,0,1
"S00113473",0,0,0
"S00113474",0,0,0
"S00113475",0,0,0
"S00113476",0,0,0
"S00113477",0,0,0
"S00113478",0,0,0
"S00113479",0,0,0
"S00113480",0,0,0
"S00113481",0,0,0
"S00113482",0,0,0
"S00113483",0,0,0
"S00113484",0,0,0
"S00113485",0,0,0
"S00113486",0,0,0
"S00113487",0,0,0
"S00113488",1,1,0
"S00113489",0,0,0
"S00113490",0,0,0
"S00113491",0,0,0
"S00113492",1,1,0
"S00113493",0,0,0
"S00113494",0,0,0
"S00113495",0,0,0
"S00113496",0,0,0
"S00113497",0,0,0
"S00113498",0,0,0
"S00113499",0,0,0
"S00113500",0,0,0
"S00113501",0,0,0
"S00113502",0,0,0
"S00113503",0,0,0
"S00113504",0,0,0
"S00113505",0,0,0
"S00113506",0,0,0
"S00113507",0,0,0
"S00113508",1,1,0
"S00113509",0,0,0
"S00113510",0,0,0
"S00113511",0,0,0
"S00113512",0,0,0
"S00113513",1,1,0
"S00113514",0,0,0
"S00113515",0,0,0
"S00113516",0,0,0
"S00113517",0,0,0
"S00113518",0,0,0
"S00113519",0,0,0
"S00113520",0,0,0
"S00113521",0,0,0
"S00113522",2,0,2
"S00113523",1,0,1
"S00113524",0,0,0
"S00113525",0,0,0
"S00113526",1,1,0
"S00113527",0,0,0
"S00113528",0,0,0
"S00113529",2,2,0
"S00113530",0,0,0
"S00113531",0,0,0
"S00113532",0,0,0
"S00113533",0,0,0
"S00113534",0,0,0
"S00113535",0,0,0
"S00113536",0,0,0
"S00113537",0,0,0
"S00113538",0,0,0
"S00113539",2,1,1
"S00113540",0,0,0
"S00113541",0,0,0
"S00113542",0,0,0
"S00113543",0,0,0
"S00113544",0,0,0
"S00113545",0,0,0
"S00113546",0,0,0
"S00113547",0,0,0
"S00113548",0,0,0
"S00113549",0,0,0
"S00113550",0,0,0
"S00113551",0,0,0
"S00113552",0,0,0
"S00113553",0,0,0
"S00113554",0,0,0
"S00113555",0,0,0
"S00113556",0,0,0
"S00113557",0,0,0
"S00113558",2,1,1
"S00113559",0,0,0
"S00113560",1,1,0
"S00113561",0,0,0
"S00113562",0,0,0
"S00113563",0,0,0
"S00113564",0,0,0
"S00113565",0,0,0
"S00113566",0,0,0
"S00113567",0,0,0
"S00113568",0,0,0
"S00113569",0,0,0
"S00113570",0,0,0
"S00113571",0,0,0
"S00113572",0,0,0
"S00113573",0,0,0
"S00113574",2,0,2
"S00113575",1,0,1
"S00113576",0,0,0
"S00113577",0,0,0
"S00113578",0,0,0
"S00113579",0,0,0
"S00113580",0,0,0
"S00113581",0,0,0
"S00113582",0,0,0
"S00113583",0,0,0
"S00113584",0,0,0
"S00113585",0,0,0
"S00113586",0,0,0
"S00113587",0,0,0
"S00113588",0,0,0
"S00113589",1,0,1
"S00113590",0,0,0
"S00113591",0,0,0
"S00113592",0,0,0
"S00113593",0,0,0
"S00113594",0,0,0
"S00113595",0,0,0
"S00113596",0,0,0
"S00113597",0,0,0
"S00113598",0,0,0
"S00113599",0,0,0
"S00113600",0,0,0
"S00113601",0,0,0
"S00113602",0,0,0
"S00113603",0,0,0
"S00113604",0,0,0
"S00113605",0,0,0
"S00113606",0,0,0
"S00113607",0,0,0
"S00113608",0,0,0
"S00113609",0,0,0
"S00113610",0,0,0
"S00113611",0,0,0
"S00113612",1,0,1
"S00113613",2,0,2
"S00113614",0,0,0
"S00113615",0,0,0
"S00113616",2,2,0
"S00113617",0,0,0
"S00113618",0,0,0
"S00113619",0,0,0
"S00113620",0,0,0
"S00113621",0,0,0
"S00113622",0,0,0
"S00113623",0,0,0
"S00113624",0,0,0
"S00113625",0,0,0
"S00113626",0,0,0
"S00113627",0,0,0
"S00113628",0,0,0
"S00113629",0,0,0
"S00113630",0,0,0
"S00113631",0,0,0
"S00113632",0,0,0
"S00113633",0,0,0
"S00113634",0,0,0
"S00113635",0,0,0
"S00113636",0,0,0
"S00113637",1,0,1
"S00113638",0,0,0
"S00113639",0,0,0
"S00113640",0,0,0
"S00113641",0,0,0
"S00113642",0,0,0
"S00113643",0,0,0
"S00113644",0,0,0
"S00113645",0,0,0
"S00113646",0,0,0
"S00113647",0,0,0
"S00113648",0,0,0
"S00113649",0,0,0
"S00113650",0,0,0
"S00113651",0,0,0
"S00113652",0,0,0
"S00113653",3,1,2
"S00113654",0,0,0
"S00113655",0,0,0
"S00113656",0,0,0
"S00113657",0,0,0
"S00113658",0,0,0
"S00113659",0,0,0
"S00113660",0,0,0
"S00113661",0,0,0
"S00113662",0,0,0
"S00113663",0,0,0
"S00113664",0,0,0
"S00113665",0,0,0
"S00113666",0,0,0
"S00113667",0,0,0
"S00113668",0,0,0
"S00113669",0,0,0
"S00113670",0,0,0
"S00113671",0,0,0
"S00113672",0,0,0
"S00113673",0,0,0
"S00113674",0,0,0
"S00113675",0,0,0
"S00113676",0,0,0
"S00113677",0,0,0
"S00113678",0,0,0
"S00113679",0,0,0
"S00113680",0,0,0
"S00113681",0,0,0
"S00113682",0,0,0
"S00113683",0,0,0
"S00113684",0,0,0
"S00113685",0,0,0
"S00113686",0,0,0
"S00113687",1,1,0
"S00113688",0,0,0
"S00113689",0,0,0
"S00113690",0,0,0
"S00113691",0,0,0
"S00113692",0,0,0
"S00113693",0,0,0
"S00113694",1,1,0
"S00113695",0,0,0
"S00113696",1,0,1
"S00113697",0,0,0
"S00113698",0,0,0
"S00113699",0,0,0
"S00113700",0,0,0
"S00113701",0,0,0
"S00113702",1,0,1
"S00113703",1,1,0
"S00113704",0,0,0
"S00113705",0,0,0
"S00113706",0,0,0
"S00113707",0,0,0
"S00113708",0,0,0
"S00113709",0,0,0
"S00113710",0,0,0
"S00113711",0,0,0
"S00113712",0,0,0
"S00113713",0,0,0
"S00113714",0,0,0
"S00113715",0,0,0
"S00113716",0,0,0
"S00113717",0,0,0
"S00113718",0,0,0
"S00113719",0,0,0
"S00113720",0,0,0
"S00113721",0,0,0
"S00113722",0,0,0
"S00113723",0,0,0
"S00113724",0,0,0
"S00113725",0,0,0
"S00113726",1,0,1
"S00113727",0,0,0
"S00113728",1,0,1
"S00113729",0,0,0
"S00113730",0,0,0
"S00113731",0,0,0
"S00113732",0,0,0
"S00113733",0,0,0
"S00113734",0,0,0
"S00113735",0,0,0
"S00113736",0,0,0
"S00113737",0,0,0
"S00113738",1,0,1
"S00113739",0,0,0
"S00113740",0,0,0
"S00113741",0,0,0
"S00113742",0,0,0
"S00113743",1,1,0
"S00113744",0,0,0
"S00113745",1,0,1
"S00113746",0,0,0
"S00113747",0,0,0
"S00113748",0,0,0
"S00113749",0,0,0
"S00113750",0,0,0
"S00113751",1,0,1
"S00113752",0,0,0
"S00113753",0,0,0
"S00113754",1,0,1
"S00113755",0,0,0
"S00113756",0,0,0
"S00113757",0,0,0
"S00113758",0,0,0
"S00113759",0,0,0
"S00113760",1,0,1
"S00113761",0,0,0
"S00113762",0,0,0
"S00113763",0,0,0
"S00113764",0,0,0
"S00113765",0,0,0
"S00113766",0,0,0
"S00113767",0,0,0
"S00113768",0,0,0
"S00113769",0,0,0
"S00113770",0,0,0
"S00113771",0,0,0
"S00113772",0,0,0
"S00113773",0,0,0
"S00113774",0,0,0
"S00113775",0,0,0
"S00113776",0,0,0
"S00113777",0,0,0
"S00113778",0,0,0
"S00113779",0,0,0
"S00113780",0,0,0
"S00113781",1,0,1
"S00113782",0,0,0
"S00113783",0,0,0
"S00113784",0,0,0
"S00113785",0,0,0
"S00113786",0,0,0
"S00113787",0,0,0
"S00113788",0,0,0
"S00113789",0,0,0
"S00113790",0,0,0
"S00113791",0,0,0
"S00113792",1,0,1
"S00113793",0,0,0
"S00113794",0,0,0
"S00113795",0,0,0
"S00113796",0,0,0
"S00113797",0,0,0
"S00113798",0,0,0
"S00113799",0,0,0
"S00113800",0,0,0
"S00113801",1,1,0
"S00113802",0,0,0
"S00113803",0,0,0
"S00113804",0,0,0
"S00113805",0,0,0
"S00113806",0,0,0
"S00113807",1,0,1
"S00113808",0,0,0
"S00113809",0,0,0
"S00113810",0,0,0
"S00113811",0,0,0
"S00113812",0,0,0
"S00113813",1,1,0
"S00113814",0,0,0
"S00113815",2,0,2
"S00113816",0,0,0
"S00113817",0,0,0
"S00113818",0,0,0
"S00113819",0,0,0
"S00113820",0,0,0
"S00113821",0,0,0
"S00113822",0,0,0
"S00113823",0,0,0
"S00113824",0,0,0
"S00113825",1,0,1
"S00113826",0,0,0
"S00113827",0,0,0
"S00113828",0,0,0
"S00113829",0,0,0
"S00113830",0,0,0
"S00113831",1,0,1
"S00113832",0,0,0
"S00113833",0,0,0
"S00113834",0,0,0
"S00113835",0,0,0
"S00113836",0,0,0
"S00113837",0,0,0
"S00113838",0,0,0
"S00113839",0,0,0
"S00113840",0,0,0
"S00113841",0,0,0
"S00113842",0,0,0
"S00113843",0,0,0
"S00113844",0,0,0
"S00113845",0,0,0
"S00113846",1,1,0
"S00113847",0,0,0
"S00113848",0,0,0
"S00113849",0,0,0
"S00113850",2,1,1
"S00113851",0,0,0
"S00113852",0,0,0
"S00113853",0,0,0
"S00113854",0,0,0
"S00113855",0,0,0
"S00113856",0,0,0
"S00113857",0,0,0
"S00113858",0,0,0
"S00113859",0,0,0
"S00113860",0,0,0
"S00113861",0,0,0
"S00113862",0,0,0
"S00113863",0,0,0
"S00113864",1,1,0
"S00113865",1,0,1
"S00113866",0,0,0
"S00113867",0,0,0
"S00113868",0,0,0
"S00113869",0,0,0
"S00113870",0,0,0
"S00113871",0,0,0
"S00113872",0,0,0
"S00113873",0,0,0
"S00113874",0,0,0
"S00113875",0,0,0
"S00113876",0,0,0
"S00113877",0,0,0
"S00113878",0,0,0
"S00113879",0,0,0
"S00113880",0,0,0
"S00113881",0,0,0
"S00113882",0,0,0
"S00113883",0,0,0
"S00113884",0,0,0
"S00113885",0,0,0
"S00113886",0,0,0
"S00113887",0,0,0
"S00113888",0,0,0
"S00113889",1,1,0
"S00113890",0,0,0
"S00113891",0,0,0
"S00113892",0,0,0
"S00113893",0,0,0
"S00113894",0,0,0
"S00113895",0,0,0
"S00113896",0,0,0
"S00113897",0,0,0
"S00113898",0,0,0
"S00113899",0,0,0
"S00113900",0,0,0
"S00113901",0,0,0
"S00113902",0,0,0
"S00113903",0,0,0
"S00113904",0,0,0
"S00113905",0,0,0
"S00113906",0,0,0
"S00113907",0,0,0
"S00113908",1,0,1
"S00113909",0,0,0
"S00113910",0,0,0
"S00113911",0,0,0
"S00113912",0,0,0
"S00113913",0,0,0
"S00113914",0,0,0
"S00113915",0,0,0
"S00113916",0,0,0
"S00113917",0,0,0
"S00113918",0,0,0
"S00113919",0,0,0
"S00113920",1,0,1
"S00113921",1,1,0
"S00113922",1,0,1
"S00113923",0,0,0
"S00113924",2,1,1
"S00113925",0,0,0
"S00113926",0,0,0
"S00113927",0,0,0
"S00113928",0,0,0
"S00113929",0,0,0
"S00113930",0,0,0
"S00113931",0,0,0
"S00113932",0,0,0
"S00113933",0,0,0
"S00113934",1,0,1
"S00113935",0,0,0
"S00113936",0,0,0
"S00113937",0,0,0
"S00113938",0,0,0
"S00113939",0,0,0
"S00113940",3,1,2
"S00113941",0,0,0
"S00113942",0,0,0
"S00113943",0,0,0
"S00113944",0,0,0
"S00113945",0,0,0
"S00113946",0,0,0
"S00113947",0,0,0
"S00113948",0,0,0
"S00113949",0,0,0
"S00113950",0,0,0
"S00113951",0,0,0
"S00113952",0,0,0
"S00113953",0,0,0
"S00113954",0,0,0
"S00113955",0,0,0
"S00113956",0,0,0
"S00113957",0,0,0
"S00113958",0,0,0
"S00113959",0,0,0
"S00113960",2,1,1
"S00113961",0,0,0
"S00113962",0,0,0
"S00113963",0,0,0
"S00113964",0,0,0
"S00113965",0,0,0
"S00113966",0,0,0
"S00113967",2,0,2
"S00113968",0,0,0
"S00113969",0,0,0
"S00113970",0,0,0
"S00113971",1,1,0
"S00113972",0,0,0
"S00113973",0,0,0
"S00113974",0,0,0
"S00113975",0,0,0
"S00113976",0,0,0
"S00113977",0,0,0
"S00113978",1,0,1
"S00113979",1,0,1
"S00113980",0,0,0
"S00113981",0,0,0
"S00113982",0,0,0
"S00113983",0,0,0
"S00113984",0,0,0
"S00113985",0,0,0
"S00113986",0,0,0
"S00113987",1,1,0
"S00113988",0,0,0
"S00113989",0,0,0
"S00113990",0,0,0
"S00113991",0,0,0
"S00113992",0,0,0
"S00113993",0,0,0
"S00113994",2,1,1
"S00113995",0,0,0
"S00113996",0,0,0
"S00113997",0,0,0
"S00113998",1,0,1
"S00113999",0,0,0
"S00114000",0,0,0
"S00114001",0,0,0
"S00114002",0,0,0
"S00114003",0,0,0
"S00114004",0,0,0
"S00114005",0,0,0
"S00114006",0,0,0
"S00114007",0,0,0
"S00114008",0,0,0
"S00114009",0,0,0
"S00114010",0,0,0
"S00114011",0,0,0
"S00114012",0,0,0
"S00114013",0,0,0
"S00114014",0,0,0
"S00114015",0,0,0
"S00114016",2,0,2
"S00114017",0,0,0
"S00114018",1,1,0
"S00114019",0,0,0
"S00114020",0,0,0
"S00114021",0,0,0
"S00114022",0,0,0
"S00114023",0,0,0
"S00114024",0,0,0
"S00114025",1,0,1
"S00114026",0,0,0
"S00114027",2,0,2
"S00114028",1,0,1
"S00114029",0,0,0
"S00114030",0,0,0
"S00114031",0,0,0
"S00114032",0,0,0
"S00114033",0,0,0
"S00114034",0,0,0
"S00114035",0,0,0
"S00114036",0,0,0
"S00114037",0,0,0
"S00114038",0,0,0
"S00114039",1,1,0
"S00114040",0,0,0
"S00114041",1,0,1
"S00114042",0,0,0
"S00114043",0,0,0
"S00114044",0,0,0
"S00114045",0,0,0
"S00114046",0,0,0
"S00114047",1,0,1
"S00114048",0,0,0
"S00114049",1,0,1
"S00114050",0,0,0
"S00114051",0,0,0
"S00114052",0,0,0
"S00114053",0,0,0
"S00114054",0,0,0
"S00114055",0,0,0
"S00114056",1,1,0
"S00114057",0,0,0
"S00114058",0,0,0
"S00114059",0,0,0
"S00114060",0,0,0
"S00114061",0,0,0
"S00114062",1,0,1
"S00114063",0,0,0
"S00114064",0,0,0
"S00114065",0,0,0
"S00114066",0,0,0
"S00114067",0,0,0
"S00114068",0,0,0
"S00114069",0,0,0
"S00114070",0,0,0
"S00114071",1,0,1
"S00114072",0,0,0
"S00114073",0,0,0
"S00114074",0,0,0
"S00114075",0,0,0
"S00114076",1,1,0
"S00114077",0,0,0
"S00114078",0,0,0
"S00114079",0,0,0
"S00114080",1,0,1
"S00114081",0,0,0
"S00114082",0,0,0
"S00114083",1,0,1
"S00114084",0,0,0
"S00114085",0,0,0
"S00114086",0,0,0
"S00114087",0,0,0
"S00114088",0,0,0
"S00114089",0,0,0
"S00114090",0,0,0
"S00114091",0,0,0
"S00114092",0,0,0
"S00114093",1,1,0
"S00114094",0,0,0
"S00114095",0,0,0
"S00114096",0,0,0
"S00114097",0,0,0
"S00114098",0,0,0
"S00114099",0,0,0
"S00114100",0,0,0
"S00114101",0,0,0
"S00114102",0,0,0
"S00114103",0,0,0
"S00114104",0,0,0
"S00114105",0,0,0
"S00114106",0,0,0
"S00114107",0,0,0
"S00114108",0,0,0
"S00114109",0,0,0
"S00114110",0,0,0
"S00114111",0,0,0
"S00114112",0,0,0
"S00114113",1,1,0
"S00114114",0,0,0
"S00114115",0,0,0
"S00114116",0,0,0
"S00114117",0,0,0
"S00114118",0,0,0
"S00114119",0,0,0
"S00114120",0,0,0
"S00114121",0,0,0
"S00114122",0,0,0
"S00114123",0,0,0
"S00114124",0,0,0
"S00114125",0,0,0
"S00114126",0,0,0
"S00114127",0,0,0
"S00114128",0,0,0
"S00114129",0,0,0
"S00114130",0,0,0
"S00114131",0,0,0
"S00114132",0,0,0
"S00114133",0,0,0
"S00114134",1,0,1
"S00114135",0,0,0
"S00114136",0,0,0
"S00114137",0,0,0
"S00114138",0,0,0
"S00114139",1,0,1
"S00114140",1,1,0
"S00114141",0,0,0
"S00114142",0,0,0
"S00114143",0,0,0
"S00114144",0,0,0
"S00114145",0,0,0
"S00114146",0,0,0
"S00114147",0,0,0
"S00114148",0,0,0
"S00114149",0,0,0
"S00114150",0,0,0
"S00114151",0,0,0
"S00114152",0,0,0
"S00114153",0,0,0
"S00114154",1,0,1
"S00114155",0,0,0
"S00114156",0,0,0
"S00114157",0,0,0
"S00114158",0,0,0
"S00114159",0,0,0
"S00114160",0,0,0
"S00114161",0,0,0
"S00114162",0,0,0
"S00114163",0,0,0
"S00114164",0,0,0
"S00114165",0,0,0
"S00114166",0,0,0
"S00114167",0,0,0
"S00114168",0,0,0
"S00114169",0,0,0
"S00114170",0,0,0
"S00114171",0,0,0
"S00114172",0,0,0
"S00114173",0,0,0
"S00114174",0,0,0
"S00114175",0,0,0
"S00114176",0,0,0
"S00114177",0,0,0
"S00114178",0,0,0
"S00114179",0,0,0
"S00114180",0,0,0
"S00114181",0,0,0
"S00114182",0,0,0
"S00114183",0,0,0
"S00114184",0,0,0
"S00114185",0,0,0
"S00114186",0,0,0
"S00114187",0,0,0
"S00114188",0,0,0
"S00114189",0,0,0
"S00114190",0,0,0
"S00114191",0,0,0
"S00114192",0,0,0
"S00114193",0,0,0
"S00114194",0,0,0
"S00114195",0,0,0
"S00114196",0,0,0
"S00114197",0,0,0
"S00114198",0,0,0
"S00114199",0,0,0
"S00114200",1,1,0
"S00114201",1,1,0
"S00114202",0,0,0
"S00114203",0,0,0
"S00114204",1,0,1
"S00114205",0,0,0
"S00114206",0,0,0
"S00114207",0,0,0
"S00114208",0,0,0
"S00114209",0,0,0
"S00114210",1,1,0
"S00114211",0,0,0
"S00114212",0,0,0
"S00114213",0,0,0
"S00114214",0,0,0
"S00114215",0,0,0
"S00114216",1,1,0
"S00114217",0,0,0
"S00114218",0,0,0
"S00114219",1,1,0
"S00114220",0,0,0
"S00114221",1,0,1
"S00114222",0,0,0
"S00114223",0,0,0
"S00114224",0,0,0
"S00114225",0,0,0
"S00114226",0,0,0
"S00114227",1,0,1
"S00114228",0,0,0
"S00114229",0,0,0
"S00114230",0,0,0
"S00114231",0,0,0
"S00114232",0,0,0
"S00114233",0,0,0
"S00114234",0,0,0
"S00114235",0,0,0
"S00114236",0,0,0
"S00114237",2,2,0
"S00114238",0,0,0
"S00114239",0,0,0
"S00114240",0,0,0
"S00114241",0,0,0
"S00114242",0,0,0
"S00114243",0,0,0
"S00114244",0,0,0
"S00114245",0,0,0
"S00114246",0,0,0
"S00114247",0,0,0
"S00114248",0,0,0
"S00114249",0,0,0
"S00114250",3,3,0
"S00114251",0,0,0
"S00114252",0,0,0
"S00114253",0,0,0
"S00114254",0,0,0
"S00114255",0,0,0
"S00114256",0,0,0
"S00114257",0,0,0
"S00114258",0,0,0
"S00114259",0,0,0
"S00114260",0,0,0
"S00114261",0,0,0
"S00114262",0,0,0
"S00114263",0,0,0
"S00114264",0,0,0
"S00114265",0,0,0
"S00114266",0,0,0
"S00114267",0,0,0
"S00114268",0,0,0
"S00114269",0,0,0
"S00114270",0,0,0
"S00114271",0,0,0
"S00114272",0,0,0
"S00114273",0,0,0
"S00114274",0,0,0
"S00114275",0,0,0
"S00114276",0,0,0
"S00114277",0,0,0
"S00114278",0,0,0
"S00114279",0,0,0
"S00114280",0,0,0
"S00114281",0,0,0
"S00114282",0,0,0
"S00114283",0,0,0
"S00114284",0,0,0
"S00114285",0,0,0
"S00114286",0,0,0
"S00114287",0,0,0
"S00114288",0,0,0
"S00114289",0,0,0
"S00114290",1,0,1
"S00114291",3,1,2
"S00114292",0,0,0
"S00114293",0,0,0
"S00114294",0,0,0
"S00114295",0,0,0
"S00114296",0,0,0
"S00114297",0,0,0
"S00114298",0,0,0
"S00114299",0,0,0
"S00114300",0,0,0
"S00114301",1,0,1
"S00114302",0,0,0
"S00114303",0,0,0
"S00114304",0,0,0
"S00114305",0,0,0
"S00114306",0,0,0
"S00114307",0,0,0
"S00114308",0,0,0
"S00114309",0,0,0
"S00114310",0,0,0
"S00114311",0,0,0
"S00114312",0,0,0
"S00114313",0,0,0
"S00114314",0,0,0
"S00114315",0,0,0
"S00114316",0,0,0
"S00114317",0,0,0
"S00114318",0,0,0
"S00114319",1,1,0
"S00114320",0,0,0
"S00114321",0,0,0
"S00114322",0,0,0
"S00114323",1,1,0
"S00114324",0,0,0
"S00114325",0,0,0
"S00114326",0,0,0
"S00114327",0,0,0
"S00114328",0,0,0
"S00114329",0,0,0
"S00114330",0,0,0
"S00114331",0,0,0
"S00114332",0,0,0
"S00114333",0,0,0
"S00114334",0,0,0
"S00114335",0,0,0
"S00114336",0,0,0
"S00114337",0,0,0
"S00114338",0,0,0
"S00114339",0,0,0
"S00114340",0,0,0
"S00114341",0,0,0
"S00114342",0,0,0
"S00114343",0,0,0
"S00114344",0,0,0
"S00114345",0,0,0
"S00114346",0,0,0
"S00114347",0,0,0
"S00114348",0,0,0
"S00114349",0,0,0
"S00114350",0,0,0
"S00114351",0,0,0
"S00114352",0,0,0
"S00114353",0,0,0
"S00114354",0,0,0
"S00114355",0,0,0
"S00114356",0,0,0
"S00114357",0,0,0
"S00114358",0,0,0
"S00114359",0,0,0
"S00114360",0,0,0
"S00114361",0,0,0
"S00114362",0,0,0
"S00114363",0,0,0
"S00114364",0,0,0
"S00114365",0,0,0
"S00114366",1,0,1
"S00114367",0,0,0
"S00114368",0,0,0
"S00114369",0,0,0
"S00114370",0,0,0
"S00114371",1,0,1
"S00114372",0,0,0
"S00114373",0,0,0
"S00114374",0,0,0
"S00114375",0,0,0
"S00114376",1,1,0
"S00114377",0,0,0
"S00114378",0,0,0
"S00114379",0,0,0
"S00114380",0,0,0
"S00114381",0,0,0
"S00114382",0,0,0
"S00114383",0,0,0
"S00114384",0,0,0
"S00114385",0,0,0
"S00114386",0,0,0
"S00114387",0,0,0
"S00114388",0,0,0
"S00114389",0,0,0
"S00114390",0,0,0
"S00114391",0,0,0
"S00114392",0,0,0
"S00114393",0,0,0
"S00114394",0,0,0
"S00114395",0,0,0
"S00114396",0,0,0
"S00114397",0,0,0
"S00114398",0,0,0
"S00114399",0,0,0
"S00114400",0,0,0
"S00114401",0,0,0
"S00114402",0,0,0
"S00114403",1,0,1
"S00114404",0,0,0
"S00114405",1,0,1
"S00114406",0,0,0
"S00114407",0,0,0
"S00114408",0,0,0
"S00114409",3,3,0
"S00114410",0,0,0
"S00114411",0,0,0
"S00114412",0,0,0
"S00114413",0,0,0
"S00114414",0,0,0
"S00114415",0,0,0
"S00114416",0,0,0
"S00114417",0,0,0
"S00114418",0,0,0
"S00114419",1,0,1
"S00114420",0,0,0
"S00114421",0,0,0
"S00114422",4,2,2
"S00114423",0,0,0
"S00114424",0,0,0
"S00114425",2,1,1
"S00114426",2,1,1
"S00114427",0,0,0
"S00114428",0,0,0
"S00114429",1,1,0
"S00114430",0,0,0
"S00114431",0,0,0
"S00114432",0,0,0
"S00114433",1,0,1
"S00114434",6,3,3
"S00114435",0,0,0
"S00114436",0,0,0
"S00114437",0,0,0
"S00114438",0,0,0
"S00114439",0,0,0
"S00114440",0,0,0
"S00114441",0,0,0
"S00114442",0,0,0
"S00114443",0,0,0
"S00114444",1,1,0
"S00114445",0,0,0
"S00114446",1,1,0
"S00114447",0,0,0
"S00114448",7,7,0
"S00114449",3,1,2
"S00114450",0,0,0
"S00114451",1,1,0
"S00114452",0,0,0
"S00114453",1,0,1
"S00114454",0,0,0
"S00114455",1,0,1
"S00114456",4,1,3
"S00114457",0,0,0
"S00114458",1,1,0
"S00114459",1,1,0
"S00114460",0,0,0
"S00114461",0,0,0
"S00114462",0,0,0
"S00114463",0,0,0
"S00114464",0,0,0
"S00114465",0,0,0
"S00114466",0,0,0
"S00114467",0,0,0
"S00114468",0,0,0
"S00114469",0,0,0
"S00114470",0,0,0
"S00114471",0,0,0
"S00114472",0,0,0
"S00114473",1,1,0
"S00114474",0,0,0
"S00114475",0,0,0
"S00114476",0,0,0
"S00114477",0,0,0
"S00114478",0,0,0
"S00114479",0,0,0
"S00114480",0,0,0
"S00114481",2,0,2
"S00114482",0,0,0
"S00114483",0,0,0
"S00114484",0,0,0
"S00114485",0,0,0
"S00114486",0,0,0
"S00114487",2,1,1
"S00114488",0,0,0
"S00114489",0,0,0
"S00114490",1,0,1
"S00114491",0,0,0
"S00114492",0,0,0
"S00114493",0,0,0
"S00114494",0,0,0
"S00114495",0,0,0
"S00114496",0,0,0
"S00114497",0,0,0
"S00114498",0,0,0
"S00114499",2,1,1
"S00114500",0,0,0
"S00114501",0,0,0
"S00114502",0,0,0
"S00114503",1,0,1
"S00114504",0,0,0
"S00114505",0,0,0
"S00114506",0,0,0
"S00114507",0,0,0
"S00114508",0,0,0
"S00114509",0,0,0
"S00114510",0,0,0
"S00114511",0,0,0
"S00114512",0,0,0
"S00114513",0,0,0
"S00114514",0,0,0
"S00114515",3,1,2
"S00114516",1,0,1
"S00114517",1,1,0
"S00114518",1,0,1
"S00114519",0,0,0
"S00114520",1,1,0
"S00114521",1,1,0
"S00114522",2,0,2
"S00114523",0,0,0
"S00114524",0,0,0
"S00114525",0,0,0
"S00114526",0,0,0
"S00114527",0,0,0
"S00114528",0,0,0
"S00114529",0,0,0
"S00114530",0,0,0
"S00114531",0,0,0
"S00114532",0,0,0
"S00114533",0,0,0
"S00114534",0,0,0
"S00114535",1,1,0
"S00114536",0,0,0
"S00114537",0,0,0
"S00114538",0,0,0
"S00114539",0,0,0
"S00114540",0,0,0
"S00114541",4,0,4
"S00114542",1,1,0
"S00114543",2,1,1
"S00114544",2,2,0
"S00114545",1,0,1
"S00114546",1,0,1
"S00114547",0,0,0
"S00114548",0,0,0
"S00114549",0,0,0
"S00114550",0,0,0
"S00114551",3,1,2
"S00114552",0,0,0
"S00114553",3,2,1
"S00114554",3,2,1
"S00114555",1,1,0
"S00114556",3,1,2
"S00114557",1,1,0
"S00114558",1,1,0
"S00114559",0,0,0
"S00114560",0,0,0
"S00114561",0,0,0
"S00114562",5,3,2
"S00114563",1,0,1
"S00114564",1,1,0
"S00114565",0,0,0
"S00114566",4,1,3
"S00114567",1,0,1
"S00114568",4,1,3
"S00114569",2,1,1
"S00114570",6,3,3
"S00114571",4,2,2
"S00114572",7,3,4
"S00114573",5,2,3
"S00114574",6,2,4
"S00114575",2,1,1
"S00114576",3,0,3
"S00114577",3,0,3
"S00114578",2,0,2
"S00114579",4,1,3
"S00114580",5,4,1
"S00114581",0,0,0
"S00114582",2,2,0
"S00114583",0,0,0
"S00114584",0,0,0
"S00114585",0,0,0
"S00114586",0,0,0
"S00114587",0,0,0
"S00114588",1,0,1
"S00114589",0,0,0
"S00114590",1,1,0
"S00114591",0,0,0
"S00114592",2,2,0
"S00114593",3,2,1
"S00114594",0,0,0
"S00114595",2,0,2
"S00114596",3,2,1
"S00114597",0,0,0
"S00114598",0,0,0
"S00114599",1,0,1
"S00114600",0,0,0
"S00114601",0,0,0
"S00114602",2,2,0
"S00114603",6,1,5
"S00114604",0,0,0
"S00114605",0,0,0
"S00114606",0,0,0
"S00114607",0,0,0
"S00114608",0,0,0
"S00114609",0,0,0
"S00114610",1,1,0
"S00114611",0,0,0
"S00114612",0,0,0
"S00114613",0,0,0
"S00114614",0,0,0
"S00114615",0,0,0
"S00114616",0,0,0
"S00114617",0,0,0
"S00114618",1,0,1
"S00114619",1,1,0
"S00114620",0,0,0
"S00114621",5,2,3
"S00114622",1,0,1
"S00114623",1,1,0
"S00114624",3,1,2
"S00114625",2,1,1
"S00114626",0,0,0
"S00114627",0,0,0
"S00114628",0,0,0
"S00114629",0,0,0
"S00114630",0,0,0
"S00114631",0,0,0
"S00114632",0,0,0
"S00114633",0,0,0
"S00114634",0,0,0
"S00114635",0,0,0
"S00114636",0,0,0
"S00114637",0,0,0
"S00114638",0,0,0
"S00114639",0,0,0
"S00114640",0,0,0
"S00114641",0,0,0
"S00114642",0,0,0
"S00114643",0,0,0
"S00114644",0,0,0
"S00114645",0,0,0
"S00114646",0,0,0
"S00114647",0,0,0
"S00114648",0,0,0
"S00114649",0,0,0
"S00114650",0,0,0
"S00114651",1,1,0
"S00114652",0,0,0
"S00114653",0,0,0
"S00114654",0,0,0
"S00114655",0,0,0
"S00114656",0,0,0
"S00114657",0,0,0
"S00114658",0,0,0
"S00114659",0,0,0
"S00114660",0,0,0
"S00114661",2,2,0
"S00114662",1,0,1
"S00114663",0,0,0
"S00114664",0,0,0
"S00114665",0,0,0
"S00114666",0,0,0
"S00114667",0,0,0
"S00114668",0,0,0
"S00114669",0,0,0
"S00114670",0,0,0
"S00114671",0,0,0
"S00114672",0,0,0
"S00114673",0,0,0
"S00114674",0,0,0
"S00114675",1,0,1
"S00114676",0,0,0
"S00114677",0,0,0
"S00114678",0,0,0
"S00114679",0,0,0
"S00114680",0,0,0
"S00114681",0,0,0
"S00114682",1,0,1
"S00114683",0,0,0
"S00114684",0,0,0
"S00114685",0,0,0
"S00114686",0,0,0
"S00114687",0,0,0
"S00114688",1,0,1
"S00114689",0,0,0
"S00114690",0,0,0
"S00114691",1,1,0
"S00114692",1,0,1
"S00114693",0,0,0
"S00114694",0,0,0
"S00114695",2,1,1
"S00114696",0,0,0
"S00114697",0,0,0
"S00114698",0,0,0
"S00114699",0,0,0
"S00114700",0,0,0
"S00114701",0,0,0
"S00114702",2,1,1
"S00114703",1,1,0
"S00114704",0,0,0
"S00114705",1,1,0
"S00114706",0,0,0
"S00114707",0,0,0
"S00114708",0,0,0
"S00114709",0,0,0
"S00114710",0,0,0
"S00114711",1,0,1
"S00114712",0,0,0
"S00114713",0,0,0
"S00114714",0,0,0
"S00114715",3,2,1
"S00114716",0,0,0
"S00114717",0,0,0
"S00114718",0,0,0
"S00114719",0,0,0
"S00114720",1,1,0
"S00114721",1,1,0
"S00114722",0,0,0
"S00114723",1,0,1
"S00114724",0,0,0
"S00114725",0,0,0
"S00114726",0,0,0
"S00114727",0,0,0
"S00114728",0,0,0
"S00114729",1,1,0
"S00114730",0,0,0
"S00114731",0,0,0
"S00114732",0,0,0
"S00114733",0,0,0
"S00114734",0,0,0
"S00114735",0,0,0
"S00114736",0,0,0
"S00114737",0,0,0
"S00114738",0,0,0
"S00114739",0,0,0
"S00114740",0,0,0
"S00114741",0,0,0
"S00114742",0,0,0
"S00114743",0,0,0
"S00114744",0,0,0
"S00114745",0,0,0
"S00114746",0,0,0
"S00114747",0,0,0
"S00114748",2,2,0
"S00114749",0,0,0
"S00114750",1,1,0
"S00114751",0,0,0
"S00114752",0,0,0
"S00114753",0,0,0
"S00114754",0,0,0
"S00114755",1,0,1
"S00114756",0,0,0
"S00114757",0,0,0
"S00114758",0,0,0
"S00114759",0,0,0
"S00114760",0,0,0
"S00114761",0,0,0
"S00114762",0,0,0
"S00114763",0,0,0
"S00114764",0,0,0
"S00114765",0,0,0
"S00114766",1,0,1
"S00114767",0,0,0
"S00114768",0,0,0
"S00114769",0,0,0
"S00114770",0,0,0
"S00114771",0,0,0
"S00114772",0,0,0
"S00114773",0,0,0
"S00114774",0,0,0
"S00114775",0,0,0
"S00114776",0,0,0
"S00114777",0,0,0
"S00114778",0,0,0
"S00114779",0,0,0
"S00114780",0,0,0
"S00114781",0,0,0
"S00114782",0,0,0
"S00114783",0,0,0
"S00114784",0,0,0
"S00114785",0,0,0
"S00114786",0,0,0
"S00114787",0,0,0
"S00114788",0,0,0
"S00114789",0,0,0
"S00114790",0,0,0
"S00114791",1,0,1
"S00114792",1,0,1
"S00114793",0,0,0
"S00114794",0,0,0
"S00114795",0,0,0
"S00114796",0,0,0
"S00114797",1,1,0
"S00114798",0,0,0
"S00114799",0,0,0
"S00114800",0,0,0
"S00114801",0,0,0
"S00114802",0,0,0
"S00114803",0,0,0
"S00114804",0,0,0
"S00114805",0,0,0
"S00114806",1,0,1
"S00114807",0,0,0
"S00114808",0,0,0
"S00114809",0,0,0
"S00114810",1,1,0
"S00114811",0,0,0
"S00114812",1,1,0
"S00114813",0,0,0
"S00114814",0,0,0
"S00114815",0,0,0
"S00114816",0,0,0
"S00114817",1,0,1
"S00114818",1,1,0
"S00114819",0,0,0
"S00114820",0,0,0
"S00114821",0,0,0
"S00114822",0,0,0
"S00114823",0,0,0
"S00114824",0,0,0
"S00114825",0,0,0
"S00114826",0,0,0
"S00114827",2,2,0
"S00114828",0,0,0
"S00114829",0,0,0
"S00114830",0,0,0
"S00114831",0,0,0
"S00114832",0,0,0
"S00114833",2,2,0
"S00114834",0,0,0
"S00114835",0,0,0
"S00114836",0,0,0
"S00114837",3,2,1
"S00114838",0,0,0
"S00114839",0,0,0
"S00114840",0,0,0
"S00114841",0,0,0
"S00114842",0,0,0
"S00114843",0,0,0
"S00114844",0,0,0
"S00114845",0,0,0
"S00114846",3,3,0
"S00114847",0,0,0
"S00114848",0,0,0
"S00114849",0,0,0
"S00114850",3,1,2
"S00114851",0,0,0
"S00114852",0,0,0
"S00114853",0,0,0
"S00114854",0,0,0
"S00114855",0,0,0
"S00114856",1,1,0
"S00114857",0,0,0
"S00114858",1,0,1
"S00114859",3,1,2
"S00114860",1,1,0
"S00114861",0,0,0
"S00114862",1,1,0
"S00114863",0,0,0
"S00114864",0,0,0
"S00114865",0,0,0
"S00114866",0,0,0
"S00114867",0,0,0
"S00114868",0,0,0
"S00114869",1,1,0
"S00114870",1,1,0
"S00114871",0,0,0
"S00114872",1,0,1
"S00114873",0,0,0
"S00114874",2,2,0
"S00114875",0,0,0
"S00114876",1,0,1
"S00114877",0,0,0
"S00114878",1,0,1
"S00114879",0,0,0
"S00114880",1,1,0
"S00114881",0,0,0
"S00114882",1,1,0
"S00114883",0,0,0
"S00114884",0,0,0
"S00114885",0,0,0
"S00114886",0,0,0
"S00114887",0,0,0
"S00114888",0,0,0
"S00114889",0,0,0
"S00114890",0,0,0
"S00114891",1,0,1
"S00114892",0,0,0
"S00114893",0,0,0
"S00114894",1,1,0
"S00114895",1,1,0
"S00114896",0,0,0
"S00114897",2,1,1
"S00114898",0,0,0
"S00114899",0,0,0
"S00114900",0,0,0
"S00114901",0,0,0
"S00114902",1,1,0
"S00114903",0,0,0
"S00114904",0,0,0
"S00114905",2,1,1
"S00114906",2,0,2
"S00114907",0,0,0
"S00114908",0,0,0
"S00114909",0,0,0
"S00114910",0,0,0
"S00114911",0,0,0
"S00114912",2,1,1
"S00114913",3,2,1
"S00114914",0,0,0
"S00114915",0,0,0
"S00114916",1,0,1
"S00114917",0,0,0
"S00114918",1,1,0
"S00114919",5,4,1
"S00114920",3,1,2
"S00114921",2,1,1
"S00114922",0,0,0
"S00114923",2,1,1
"S00114924",1,1,0
"S00114925",0,0,0
"S00114926",1,0,1
"S00114927",3,1,2
"S00114928",1,0,1
"S00114929",1,1,0
"S00114930",0,0,0
"S00114931",0,0,0
"S00114932",2,1,1
"S00114933",0,0,0
"S00114934",0,0,0
"S00114935",0,0,0
"S00114936",0,0,0
"S00114937",0,0,0
"S00114938",0,0,0
"S00114939",0,0,0
"S00114940",1,1,0
"S00114941",0,0,0
"S00114942",0,0,0
"S00114943",0,0,0
"S00114944",17,12,5
"S00114945",4,1,3
"S00114946",5,3,2
"S00114947",7,2,5
"S00114948",1,1,0
"S00114949",4,2,2
"S00114950",6,2,4
"S00114951",0,0,0
"S00114952",1,1,0
"S00114953",3,2,1
"S00114954",2,1,1
"S00114955",6,3,3
"S00114956",1,0,1
"S00114957",5,3,2
"S00114958",1,0,1
"S00114959",2,1,1
"S00114960",1,1,0
"S00114961",1,1,0
"S00114962",0,0,0
"S00114963",1,1,0
"S00114964",0,0,0
"S00114965",0,0,0
"S00114966",1,1,0
"S00114967",1,0,1
"S00114968",1,1,0
"S00114969",1,0,1
"S00114970",0,0,0
"S00114971",0,0,0
"S00114972",0,0,0
"S00114973",0,0,0
"S00114974",0,0,0
"S00114975",1,1,0
"S00114976",0,0,0
"S00114977",1,1,0
"S00114978",3,1,2
"S00114979",0,0,0
"S00114980",0,0,0
"S00114981",1,0,1
"S00114982",2,0,2
"S00114983",0,0,0
"S00114984",1,1,0
"S00114985",0,0,0
"S00114986",0,0,0
"S00114987",0,0,0
"S00114988",0,0,0
"S00114989",0,0,0
"S00114990",0,0,0
"S00114991",0,0,0
"S00114992",0,0,0
"S00114993",0,0,0
"S00114994",0,0,0
"S00114995",0,0,0
"S00114996",0,0,0
"S00114997",0,0,0
"S00114998",0,0,0
"S00114999",0,0,0
"S00115000",0,0,0
"S00115001",0,0,0
"S00115002",0,0,0
"S00115003",0,0,0
"S00115004",0,0,0
"S00115005",0,0,0
"S00115006",0,0,0
"S00115007",0,0,0
"S00115008",0,0,0
"S00115009",0,0,0
"S00115010",0,0,0
"S00115011",0,0,0
"S00115012",2,1,1
"S00115013",0,0,0
"S00115014",0,0,0
"S00115015",1,0,1
"S00115016",1,0,1
"S00115017",0,0,0
"S00115018",1,1,0
"S00115019",1,0,1
"S00115020",1,0,1
"S00115021",1,1,0
"S00115022",0,0,0
"S00115023",0,0,0
"S00115024",0,0,0
"S00115025",0,0,0
"S00115026",0,0,0
"S00115027",0,0,0
"S00115028",0,0,0
"S00115029",0,0,0
"S00115030",0,0,0
"S00115031",0,0,0
"S00115032",0,0,0
"S00115033",0,0,0
"S00115034",0,0,0
"S00115035",0,0,0
"S00115036",0,0,0
"S00115037",0,0,0
"S00115038",0,0,0
"S00115039",0,0,0
"S00115040",1,1,0
"S00115041",0,0,0
"S00115042",0,0,0
"S00115043",0,0,0
"S00115044",0,0,0
"S00115045",0,0,0
"S00115046",0,0,0
"S00115047",3,2,1
"S00115048",0,0,0
"S00115049",0,0,0
"S00115050",0,0,0
"S00115051",2,1,1
"S00115052",0,0,0
"S00115053",0,0,0
"S00115054",0,0,0
"S00115055",0,0,0
"S00115056",0,0,0
"S00115057",0,0,0
"S00115058",0,0,0
"S00115059",1,0,1
"S00115060",0,0,0
"S00115061",0,0,0
"S00115062",0,0,0
"S00115063",1,1,0
"S00115064",0,0,0
"S00115065",0,0,0
"S00115066",1,1,0
"S00115067",1,1,0
"S00115068",2,2,0
"S00115069",3,0,3
"S00115070",0,0,0
"S00115071",0,0,0
"S00115072",1,0,1
"S00115073",3,1,2
"S00115074",0,0,0
"S00115075",2,1,1
"S00115076",2,1,1
"S00115077",3,2,1
"S00115078",1,1,0
"S00115079",0,0,0
"S00115080",0,0,0
"S00115081",0,0,0
"S00115082",0,0,0
"S00115083",1,1,0
"S00115084",1,1,0
"S00115085",0,0,0
"S00115086",1,1,0
"S00115087",0,0,0
"S00115088",0,0,0
"S00115089",0,0,0
"S00115090",1,0,1
"S00115091",0,0,0
"S00115092",1,1,0
"S00115093",1,1,0
"S00115094",0,0,0
"S00115095",0,0,0
"S00115096",1,1,0
"S00115097",0,0,0
"S00115098",0,0,0
"S00115099",0,0,0
"S00115100",0,0,0
"S00115101",0,0,0
"S00115102",0,0,0
"S00115103",0,0,0
"S00115104",0,0,0
"S00115105",2,1,1
"S00115106",0,0,0
"S00115107",0,0,0
"S00115108",0,0,0
"S00115109",1,1,0
"S00115110",0,0,0
"S00115111",0,0,0
"S00115112",0,0,0
"S00115113",0,0,0
"S00115114",0,0,0
"S00115115",1,0,1
"S00115116",0,0,0
"S00115117",2,0,2
"S00115118",0,0,0
"S00115119",0,0,0
"S00115120",1,0,1
"S00115121",1,0,1
"S00115122",0,0,0
"S00115123",1,1,0
"S00115124",0,0,0
"S00115125",0,0,0
"S00115126",0,0,0
"S00115127",0,0,0
"S00115128",0,0,0
"S00115129",0,0,0
"S00115130",1,1,0
"S00115131",0,0,0
"S00115132",0,0,0
"S00115133",0,0,0
"S00115134",0,0,0
"S00115135",0,0,0
"S00115136",0,0,0
"S00115137",0,0,0
"S00115138",1,1,0
"S00115139",0,0,0
"S00115140",1,0,1
"S00115141",0,0,0
"S00115142",0,0,0
"S00115143",0,0,0
"S00115144",0,0,0
"S00115145",0,0,0
"S00115146",0,0,0
"S00115147",0,0,0
"S00115148",0,0,0
"S00115149",0,0,0
"S00115150",3,1,2
"S00115151",0,0,0
"S00115152",0,0,0
"S00115153",0,0,0
"S00115154",0,0,0
"S00115155",0,0,0
"S00115156",0,0,0
"S00115157",0,0,0
"S00115158",0,0,0
"S00115159",0,0,0
"S00115160",0,0,0
"S00115161",0,0,0
"S00115162",0,0,0
"S00115163",0,0,0
"S00115164",0,0,0
"S00115165",0,0,0
"S00115166",0,0,0
"S00115167",0,0,0
"S00115168",0,0,0
"S00115169",0,0,0
"S00115170",0,0,0
"S00115171",0,0,0
"S00115172",0,0,0
"S00115173",0,0,0
"S00115174",0,0,0
"S00115175",0,0,0
"S00115176",0,0,0
"S00115177",0,0,0
"S00115178",0,0,0
"S00115179",0,0,0
"S00115180",0,0,0
"S00115181",0,0,0
"S00115182",0,0,0
"S00115183",0,0,0
"S00115184",0,0,0
"S00115185",0,0,0
"S00115186",0,0,0
"S00115187",0,0,0
"S00115188",0,0,0
"S00115189",0,0,0
"S00115190",2,1,1
"S00115191",0,0,0
"S00115192",0,0,0
"S00115193",0,0,0
"S00115194",0,0,0
"S00115195",0,0,0
"S00115196",0,0,0
"S00115197",0,0,0
"S00115198",0,0,0
"S00115199",1,0,1
"S00115200",0,0,0
"S00115201",0,0,0
"S00115202",0,0,0
"S00115203",1,0,1
"S00115204",0,0,0
"S00115205",0,0,0
"S00115206",0,0,0
"S00115207",0,0,0
"S00115208",2,2,0
"S00115209",1,1,0
"S00115210",0,0,0
"S00115211",0,0,0
"S00115212",0,0,0
"S00115213",0,0,0
"S00115214",1,0,1
"S00115215",0,0,0
"S00115216",1,0,1
"S00115217",0,0,0
"S00115218",0,0,0
"S00115219",0,0,0
"S00115220",1,0,1
"S00115221",0,0,0
"S00115222",0,0,0
"S00115223",0,0,0
"S00115224",0,0,0
"S00115225",0,0,0
"S00115226",0,0,0
"S00115227",0,0,0
"S00115228",0,0,0
"S00115229",0,0,0
"S00115230",1,0,1
"S00115231",0,0,0
"S00115232",0,0,0
"S00115233",1,1,0
"S00115234",0,0,0
"S00115235",0,0,0
"S00115236",1,0,1
"S00115237",0,0,0
"S00115238",0,0,0
"S00115239",0,0,0
"S00115240",0,0,0
"S00115241",0,0,0
"S00115242",0,0,0
"S00115243",0,0,0
"S00115244",0,0,0
"S00115245",0,0,0
"S00115246",1,0,1
"S00115247",0,0,0
"S00115248",0,0,0
"S00115249",0,0,0
"S00115250",0,0,0
"S00115251",1,1,0
"S00115252",0,0,0
"S00115253",2,1,1
"S00115254",0,0,0
"S00115255",0,0,0
"S00115256",0,0,0
"S00115257",0,0,0
"S00115258",0,0,0
"S00115259",0,0,0
"S00115260",0,0,0
"S00115261",0,0,0
"S00115262",0,0,0
"S00115263",0,0,0
"S00115264",0,0,0
"S00115265",0,0,0
"S00115266",0,0,0
"S00115267",0,0,0
"S00115268",0,0,0
"S00115269",0,0,0
"S00115270",1,1,0
"S00115271",0,0,0
"S00115272",0,0,0
"S00115273",0,0,0
"S00115274",0,0,0
"S00115275",0,0,0
"S00115276",0,0,0
"S00115277",0,0,0
"S00115278",3,1,2
"S00115279",0,0,0
"S00115280",0,0,0
"S00115281",0,0,0
"S00115282",0,0,0
"S00115283",0,0,0
"S00115284",3,0,3
"S00115285",0,0,0
"S00115286",0,0,0
"S00115287",0,0,0
"S00115288",0,0,0
"S00115289",0,0,0
"S00115290",0,0,0
"S00115291",0,0,0
"S00115292",0,0,0
"S00115293",0,0,0
"S00115294",0,0,0
"S00115295",0,0,0
"S00115296",1,1,0
"S00115297",0,0,0
"S00115298",0,0,0
"S00115299",0,0,0
"S00115300",0,0,0
"S00115301",0,0,0
"S00115302",0,0,0
"S00115303",0,0,0
"S00115304",0,0,0
"S00115305",0,0,0
"S00115306",0,0,0
"S00115307",0,0,0
"S00115308",2,1,1
"S00115309",0,0,0
"S00115310",0,0,0
"S00115311",0,0,0
"S00115312",0,0,0
"S00115313",0,0,0
"S00115314",0,0,0
"S00115315",0,0,0
"S00115316",0,0,0
"S00115317",1,1,0
"S00115318",0,0,0
"S00115319",0,0,0
"S00115320",3,2,1
"S00115321",0,0,0
"S00115322",0,0,0
"S00115323",0,0,0
"S00115324",0,0,0
"S00115325",0,0,0
"S00115326",0,0,0
"S00115327",0,0,0
"S00115328",0,0,0
"S00115329",0,0,0
"S00115330",0,0,0
"S00115331",0,0,0
"S00115332",0,0,0
"S00115333",0,0,0
"S00115334",0,0,0
"S00115335",0,0,0
"S00115336",0,0,0
"S00115337",0,0,0
"S00115338",0,0,0
"S00115339",0,0,0
"S00115340",0,0,0
"S00115341",0,0,0
"S00115342",0,0,0
"S00115343",0,0,0
"S00115344",1,0,1
"S00115345",0,0,0
"S00115346",0,0,0
"S00115347",0,0,0
"S00115348",0,0,0
"S00115349",0,0,0
"S00115350",0,0,0
"S00115351",0,0,0
"S00115352",0,0,0
"S00115353",0,0,0
"S00115354",0,0,0
"S00115355",0,0,0
"S00115356",0,0,0
"S00115357",0,0,0
"S00115358",0,0,0
"S00115359",0,0,0
"S00115360",0,0,0
"S00115361",0,0,0
"S00115362",0,0,0
"S00115363",0,0,0
"S00115364",0,0,0
"S00115365",0,0,0
"S00115366",1,1,0
"S00115367",0,0,0
"S00115368",0,0,0
"S00115369",0,0,0
"S00115370",0,0,0
"S00115371",0,0,0
"S00115372",0,0,0
"S00115373",0,0,0
"S00115374",0,0,0
"S00115375",0,0,0
"S00115376",0,0,0
"S00115377",0,0,0
"S00115378",0,0,0
"S00115379",0,0,0
"S00115380",0,0,0
"S00115381",0,0,0
"S00115382",0,0,0
"S00115383",2,2,0
"S00115384",0,0,0
"S00115385",0,0,0
"S00115386",0,0,0
"S00115387",0,0,0
"S00115388",0,0,0
"S00115389",0,0,0
"S00115390",0,0,0
"S00115391",0,0,0
"S00115392",0,0,0
"S00115393",0,0,0
"S00115394",0,0,0
"S00115395",1,0,1
"S00115396",0,0,0
"S00115397",0,0,0
"S00115398",0,0,0
"S00115399",0,0,0
"S00115400",0,0,0
"S00115401",0,0,0
"S00115402",0,0,0
"S00115403",0,0,0
"S00115404",0,0,0
"S00115405",0,0,0
"S00115406",0,0,0
"S00115407",0,0,0
"S00115408",0,0,0
"S00115409",0,0,0
"S00115410",0,0,0
"S00115411",0,0,0
"S00115412",0,0,0
"S00115413",0,0,0
"S00115414",0,0,0
"S00115415",0,0,0
"S00115416",0,0,0
"S00115417",0,0,0
"S00115418",0,0,0
"S00115419",0,0,0
"S00115420",0,0,0
"S00115421",0,0,0
"S00115422",0,0,0
"S00115423",0,0,0
"S00115424",0,0,0
"S00115425",0,0,0
"S00115426",1,1,0
"S00115427",1,0,1
"S00115428",0,0,0
"S00115429",0,0,0
"S00115430",0,0,0
"S00115431",1,0,1
"S00115432",0,0,0
"S00115433",1,0,1
"S00115434",0,0,0
"S00115435",0,0,0
"S00115436",1,0,1
"S00115437",1,0,1
"S00115438",0,0,0
"S00115439",0,0,0
"S00115440",0,0,0
"S00115441",0,0,0
"S00115442",0,0,0
"S00115443",0,0,0
"S00115444",1,0,1
"S00115445",0,0,0
"S00115446",0,0,0
"S00115447",0,0,0
"S00115448",0,0,0
"S00115449",0,0,0
"S00115450",1,1,0
"S00115451",0,0,0
"S00115452",2,1,1
"S00115453",0,0,0
"S00115454",2,0,2
"S00115455",0,0,0
"S00115456",0,0,0
"S00115457",1,0,1
"S00115458",0,0,0
"S00115459",0,0,0
"S00115460",0,0,0
"S00115461",0,0,0
"S00115462",0,0,0
"S00115463",0,0,0
"S00115464",1,1,0
"S00115465",0,0,0
"S00115466",0,0,0
"S00115467",0,0,0
"S00115468",0,0,0
"S00115469",1,0,1
"S00115470",0,0,0
"S00115471",0,0,0
"S00115472",0,0,0
"S00115473",1,1,0
"S00115474",0,0,0
"S00115475",0,0,0
"S00115476",0,0,0
"S00115477",0,0,0
"S00115478",0,0,0
"S00115479",0,0,0
"S00115480",1,0,1
"S00115481",0,0,0
"S00115482",0,0,0
"S00115483",0,0,0
"S00115484",0,0,0
"S00115485",0,0,0
"S00115486",1,0,1
"S00115487",0,0,0
"S00115488",0,0,0
"S00115489",1,1,0
"S00115490",0,0,0
"S00115491",0,0,0
"S00115492",1,0,1
"S00115493",0,0,0
"S00115494",0,0,0
"S00115495",0,0,0
"S00115496",0,0,0
"S00115497",0,0,0
"S00115498",0,0,0
"S00115499",1,0,1
"S00115500",0,0,0
"S00115501",0,0,0
"S00115502",0,0,0
"S00115503",0,0,0
"S00115504",0,0,0
"S00115505",0,0,0
"S00115506",0,0,0
"S00115507",0,0,0
"S00115508",0,0,0
"S00115509",0,0,0
"S00115510",0,0,0
"S00115511",1,1,0
"S00115512",0,0,0
"S00115513",0,0,0
"S00115514",0,0,0
"S00115515",0,0,0
"S00115516",0,0,0
"S00115517",0,0,0
"S00115518",0,0,0
"S00115519",1,0,1
"S00115520",0,0,0
"S00115521",0,0,0
"S00115522",0,0,0
"S00115523",0,0,0
"S00115524",1,0,1
"S00115525",0,0,0
"S00115526",0,0,0
"S00115527",0,0,0
"S00115528",0,0,0
"S00115529",0,0,0
"S00115530",0,0,0
"S00115531",0,0,0
"S00115532",0,0,0
"S00115533",0,0,0
"S00115534",0,0,0
"S00115535",0,0,0
"S00115536",0,0,0
"S00115537",0,0,0
"S00115538",0,0,0
"S00115539",0,0,0
"S00115540",1,1,0
"S00115541",0,0,0
"S00115542",1,0,1
"S00115543",1,1,0
"S00115544",0,0,0
"S00115545",2,0,2
"S00115546",0,0,0
"S00115547",0,0,0
"S00115548",0,0,0
"S00115549",2,0,2
"S00115550",0,0,0
"S00115551",0,0,0
"S00115552",0,0,0
"S00115553",0,0,0
"S00115554",0,0,0
"S00115555",0,0,0
"S00115556",0,0,0
"S00115557",0,0,0
"S00115558",0,0,0
"S00115559",0,0,0
"S00115560",0,0,0
"S00115561",0,0,0
"S00115562",0,0,0
"S00115563",0,0,0
"S00115564",0,0,0
"S00115565",0,0,0
"S00115566",0,0,0
"S00115567",0,0,0
"S00115568",2,1,1
"S00115569",0,0,0
"S00115570",0,0,0
"S00115571",0,0,0
"S00115572",0,0,0
"S00115573",1,1,0
"S00115574",0,0,0
"S00115575",0,0,0
"S00115576",1,0,1
"S00115577",0,0,0
"S00115578",0,0,0
"S00115579",0,0,0
"S00115580",0,0,0
"S00115581",1,0,1
"S00115582",1,0,1
"S00115583",0,0,0
"S00115584",1,1,0
"S00115585",0,0,0
"S00115586",0,0,0
"S00115587",0,0,0
"S00115588",0,0,0
"S00115589",1,0,1
"S00115590",0,0,0
"S00115591",0,0,0
"S00115592",4,4,0
"S00115593",0,0,0
"S00115594",0,0,0
"S00115595",0,0,0
"S00115596",0,0,0
"S00115597",0,0,0
"S00115598",0,0,0
"S00115599",0,0,0
"S00115600",0,0,0
"S00115601",0,0,0
"S00115602",0,0,0
"S00115603",0,0,0
"S00115604",0,0,0
"S00115605",2,1,1
"S00115606",0,0,0
"S00115607",0,0,0
"S00115608",0,0,0
"S00115609",0,0,0
"S00115610",0,0,0
"S00115611",0,0,0
"S00115612",0,0,0
"S00115613",0,0,0
"S00115614",0,0,0
"S00115615",0,0,0
"S00115616",1,0,1
"S00115617",0,0,0
"S00115618",0,0,0
"S00115619",0,0,0
"S00115620",1,0,1
"S00115621",1,0,1
"S00115622",0,0,0
"S00115623",0,0,0
"S00115624",0,0,0
"S00115625",0,0,0
"S00115626",0,0,0
"S00115627",0,0,0
"S00115628",0,0,0
"S00115629",0,0,0
"S00115630",1,1,0
"S00115631",1,0,1
"S00115632",0,0,0
"S00115633",0,0,0
"S00115634",0,0,0
"S00115635",0,0,0
"S00115636",0,0,0
"S00115637",0,0,0
"S00115638",0,0,0
"S00115639",2,0,2
"S00115640",0,0,0
"S00115641",0,0,0
"S00115642",0,0,0
"S00115643",0,0,0
"S00115644",0,0,0
"S00115645",0,0,0
"S00115646",0,0,0
"S00115647",0,0,0
"S00115648",0,0,0
"S00115649",0,0,0
"S00115650",0,0,0
"S00115651",1,1,0
"S00115652",0,0,0
"S00115653",0,0,0
"S00115654",0,0,0
"S00115655",0,0,0
"S00115656",0,0,0
"S00115657",0,0,0
"S00115658",0,0,0
"S00115659",0,0,0
"S00115660",0,0,0
"S00115661",0,0,0
"S00115662",0,0,0
"S00115663",0,0,0
"S00115664",0,0,0
"S00115665",1,1,0
"S00115666",0,0,0
"S00115667",0,0,0
"S00115668",0,0,0
"S00115669",0,0,0
"S00115670",2,0,2
"S00115671",1,1,0
"S00115672",2,1,1
"S00115673",0,0,0
"S00115674",0,0,0
"S00115675",0,0,0
"S00115676",0,0,0
"S00115677",1,1,0
"S00115678",0,0,0
"S00115679",0,0,0
"S00115680",1,1,0
"S00115681",0,0,0
"S00115682",1,1,0
"S00115683",1,1,0
"S00115684",0,0,0
"S00115685",0,0,0
"S00115686",0,0,0
"S00115687",0,0,0
"S00115688",1,0,1
"S00115689",0,0,0
"S00115690",1,0,1
"S00115691",0,0,0
"S00115692",0,0,0
"S00115693",1,1,0
"S00115694",0,0,0
"S00115695",1,1,0
"S00115696",0,0,0
"S00115697",0,0,0
"S00115698",0,0,0
"S00115699",0,0,0
"S00115700",2,1,1
"S00115701",0,0,0
"S00115702",0,0,0
"S00115703",0,0,0
"S00115704",0,0,0
"S00115705",0,0,0
"S00115706",0,0,0
"S00115707",0,0,0
"S00115708",0,0,0
"S00115709",0,0,0
"S00115710",0,0,0
"S00115711",0,0,0
"S00115712",0,0,0
"S00115713",0,0,0
"S00115714",0,0,0
"S00115715",0,0,0
"S00115716",0,0,0
"S00115717",0,0,0
"S00115718",0,0,0
"S00115719",3,2,1
"S00115720",0,0,0
"S00115721",0,0,0
"S00115722",0,0,0
"S00115723",0,0,0
"S00115724",0,0,0
"S00115725",0,0,0
"S00115726",0,0,0
"S00115727",0,0,0
"S00115728",0,0,0
"S00115729",0,0,0
"S00115730",1,1,0
"S00115731",0,0,0
"S00115732",0,0,0
"S00115733",0,0,0
"S00115734",0,0,0
"S00115735",0,0,0
"S00115736",0,0,0
"S00115737",0,0,0
"S00115738",1,0,1
"S00115739",0,0,0
"S00115740",0,0,0
"S00115741",0,0,0
"S00115742",0,0,0
"S00115743",0,0,0
"S00115744",0,0,0
"S00115745",0,0,0
"S00115746",0,0,0
"S00115747",0,0,0
"S00115748",0,0,0
"S00115749",0,0,0
"S00115750",0,0,0
"S00115751",0,0,0
"S00115752",0,0,0
"S00115753",0,0,0
"S00115754",4,3,1
"S00115755",1,0,1
"S00115756",0,0,0
"S00115757",0,0,0
"S00115758",2,1,1
"S00115759",0,0,0
"S00115760",0,0,0
"S00115761",0,0,0
"S00115762",0,0,0
"S00115763",0,0,0
"S00115764",0,0,0
"S00115765",0,0,0
"S00115766",0,0,0
"S00115767",0,0,0
"S00115768",0,0,0
"S00115769",2,2,0
"S00115770",0,0,0
"S00115771",0,0,0
"S00115772",0,0,0
"S00115773",0,0,0
"S00115774",0,0,0
"S00115775",1,0,1
"S00115776",0,0,0
"S00115777",0,0,0
"S00115778",1,1,0
"S00115779",0,0,0
"S00115780",0,0,0
"S00115781",0,0,0
"S00115782",0,0,0
"S00115783",0,0,0
"S00115784",1,1,0
"S00115785",2,2,0
"S00115786",0,0,0
"S00115787",0,0,0
"S00115788",0,0,0
"S00115789",0,0,0
"S00115790",0,0,0
"S00115791",0,0,0
"S00115792",0,0,0
"S00115793",0,0,0
"S00115794",0,0,0
"S00115795",0,0,0
"S00115796",1,0,1
"S00115797",0,0,0
"S00115798",0,0,0
"S00115799",2,1,1
"S00115800",0,0,0
"S00115801",2,1,1
"S00115802",3,0,3
"S00115803",0,0,0
"S00115804",0,0,0
"S00115805",0,0,0
"S00115806",0,0,0
"S00115807",0,0,0
"S00115808",1,0,1
"S00115809",4,1,3
"S00115810",0,0,0
"S00115811",0,0,0
"S00115812",1,0,1
"S00115813",1,1,0
"S00115814",0,0,0
"S00115815",0,0,0
"S00115816",0,0,0
"S00115817",0,0,0
"S00115818",0,0,0
"S00115819",0,0,0
"S00115820",1,0,1
"S00115821",0,0,0
"S00115822",1,0,1
"S00115823",0,0,0
"S00115824",0,0,0
"S00115825",0,0,0
"S00115826",0,0,0
"S00115827",0,0,0
"S00115828",0,0,0
"S00115829",0,0,0
"S00115830",0,0,0
"S00115831",0,0,0
"S00115832",0,0,0
"S00115833",0,0,0
"S00115834",0,0,0
"S00115835",0,0,0
"S00115836",1,0,1
"S00115837",0,0,0
"S00115838",0,0,0
"S00115839",0,0,0
"S00115840",0,0,0
"S00115841",0,0,0
"S00115842",2,1,1
"S00115843",0,0,0
"S00115844",0,0,0
"S00115845",0,0,0
"S00115846",0,0,0
"S00115847",0,0,0
"S00115848",0,0,0
"S00115849",1,0,1
"S00115850",1,1,0
"S00115851",0,0,0
"S00115852",0,0,0
"S00115853",0,0,0
"S00115854",0,0,0
"S00115855",0,0,0
"S00115856",0,0,0
"S00115857",1,1,0
"S00115858",0,0,0
"S00115859",0,0,0
"S00115860",0,0,0
"S00115861",1,0,1
"S00115862",0,0,0
"S00115863",0,0,0
"S00115864",0,0,0
"S00115865",0,0,0
"S00115866",2,1,1
"S00115867",0,0,0
"S00115868",0,0,0
"S00115869",0,0,0
"S00115870",0,0,0
"S00115871",0,0,0
"S00115872",0,0,0
"S00115873",1,0,1
"S00115874",0,0,0
"S00115875",0,0,0
"S00115876",0,0,0
"S00115877",0,0,0
"S00115878",0,0,0
"S00115879",0,0,0
"S00115880",0,0,0
"S00115881",0,0,0
"S00115882",0,0,0
"S00115883",0,0,0
"S00115884",2,1,1
"S00115885",0,0,0
"S00115886",0,0,0
"S00115887",0,0,0
"S00115888",0,0,0
"S00115889",0,0,0
"S00115890",0,0,0
"S00115891",0,0,0
"S00115892",0,0,0
"S00115893",2,0,2
"S00115894",0,0,0
"S00115895",0,0,0
"S00115896",1,1,0
"S00115897",0,0,0
"S00115898",0,0,0
"S00115899",0,0,0
"S00115900",0,0,0
"S00115901",0,0,0
"S00115902",0,0,0
"S00115903",1,0,1
"S00115904",1,1,0
"S00115905",1,1,0
"S00115906",0,0,0
"S00115907",0,0,0
"S00115908",0,0,0
"S00115909",0,0,0
"S00115910",0,0,0
"S00115911",1,0,1
"S00115912",0,0,0
"S00115913",0,0,0
"S00115914",2,0,2
"S00115915",3,1,2
"S00115916",1,0,1
"S00115917",1,0,1
"S00115918",0,0,0
"S00115919",2,2,0
"S00115920",1,0,1
"S00115921",0,0,0
"S00115922",2,0,2
"S00115923",0,0,0
"S00115924",0,0,0
"S00115925",0,0,0
"S00115926",2,0,2
"S00115927",1,0,1
"S00115928",0,0,0
"S00115929",0,0,0
"S00115930",1,0,1
"S00115931",0,0,0
"S00115932",0,0,0
"S00115933",0,0,0
"S00115934",1,0,1
"S00115935",1,0,1
"S00115936",0,0,0
"S00115937",0,0,0
"S00115938",0,0,0
"S00115939",0,0,0
"S00115940",1,1,0
"S00115941",0,0,0
"S00115942",2,0,2
"S00115943",0,0,0
"S00115944",0,0,0
"S00115945",0,0,0
"S00115946",0,0,0
"S00115947",0,0,0
"S00115948",0,0,0
"S00115949",1,0,1
"S00115950",2,1,1
"S00115951",0,0,0
"S00115952",0,0,0
"S00115953",2,1,1
"S00115954",0,0,0
"S00115955",0,0,0
"S00115956",0,0,0
"S00115957",0,0,0
"S00115958",0,0,0
"S00115959",0,0,0
"S00115960",0,0,0
"S00115961",1,0,1
"S00115962",0,0,0
"S00115963",0,0,0
"S00115964",0,0,0
"S00115965",0,0,0
"S00115966",0,0,0
"S00115967",0,0,0
"S00115968",0,0,0
"S00115969",0,0,0
"S00115970",1,0,1
"S00115971",0,0,0
"S00115972",0,0,0
"S00115973",0,0,0
"S00115974",0,0,0
"S00115975",0,0,0
"S00115976",0,0,0
"S00115977",0,0,0
"S00115978",1,1,0
"S00115979",0,0,0
"S00115980",0,0,0
"S00115981",1,0,1
"S00115982",0,0,0
"S00115983",4,1,3
"S00115984",1,1,0
"S00115985",1,0,1
"S00115986",0,0,0
"S00115987",0,0,0
"S00115988",1,0,1
"S00115989",0,0,0
"S00115990",0,0,0
"S00115991",1,0,1
"S00115992",0,0,0
"S00115993",0,0,0
"S00115994",0,0,0
"S00115995",0,0,0
"S00115996",0,0,0
"S00115997",3,3,0
"S00115998",0,0,0
"S00115999",1,1,0
"S00116000",0,0,0
"S00116001",0,0,0
"S00116002",0,0,0
"S00116003",0,0,0
"S00116004",0,0,0
"S00116005",0,0,0
"S00116006",0,0,0
"S00116007",0,0,0
"S00116008",0,0,0
"S00116009",2,2,0
"S00116010",0,0,0
"S00116011",0,0,0
"S00116012",0,0,0
"S00116013",0,0,0
"S00116014",0,0,0
"S00116015",1,1,0
"S00116016",1,0,1
"S00116017",2,2,0
"S00116018",0,0,0
"S00116019",1,0,1
"S00116020",0,0,0
"S00116021",0,0,0
"S00116022",1,1,0
"S00116023",0,0,0
"S00116024",0,0,0
"S00116025",0,0,0
"S00116026",0,0,0
"S00116027",0,0,0
"S00116028",0,0,0
"S00116029",0,0,0
"S00116030",0,0,0
"S00116031",1,0,1
"S00116032",0,0,0
"S00116033",0,0,0
"S00116034",0,0,0
"S00116035",2,0,2
"S00116036",0,0,0
"S00116037",0,0,0
"S00116038",0,0,0
"S00116039",0,0,0
"S00116040",0,0,0
"S00116041",0,0,0
"S00116042",0,0,0
"S00116043",0,0,0
"S00116044",0,0,0
"S00116045",1,0,1
"S00116046",0,0,0
"S00116047",0,0,0
"S00116048",0,0,0
"S00116049",0,0,0
"S00116050",0,0,0
"S00116051",0,0,0
"S00116052",1,1,0
"S00116053",0,0,0
"S00116054",1,0,1
"S00116055",0,0,0
"S00116056",0,0,0
"S00116057",0,0,0
"S00116058",0,0,0
"S00116059",0,0,0
"S00116060",0,0,0
"S00116061",0,0,0
"S00116062",1,0,1
"S00116063",0,0,0
"S00116064",0,0,0
"S00116065",0,0,0
"S00116066",0,0,0
"S00116067",0,0,0
"S00116068",0,0,0
"S00116069",0,0,0
"S00116070",0,0,0
"S00116071",1,1,0
"S00116072",0,0,0
"S00116073",0,0,0
"S00116074",0,0,0
"S00116075",0,0,0
"S00116076",1,0,1
"S00116077",7,5,2
"S00116078",0,0,0
"S00116079",0,0,0
"S00116080",0,0,0
"S00116081",0,0,0
"S00116082",0,0,0
"S00116083",0,0,0
"S00116084",0,0,0
"S00116085",0,0,0
"S00116086",0,0,0
"S00116087",0,0,0
"S00116088",0,0,0
"S00116089",0,0,0
"S00116090",0,0,0
"S00116091",0,0,0
"S00116092",0,0,0
"S00116093",0,0,0
"S00116094",0,0,0
"S00116095",0,0,0
"S00116096",0,0,0
"S00116097",0,0,0
"S00116098",0,0,0
"S00116099",0,0,0
"S00116100",0,0,0
"S00116101",0,0,0
"S00116102",0,0,0
"S00116103",0,0,0
"S00116104",0,0,0
"S00116105",1,0,1
"S00116106",0,0,0
"S00116107",0,0,0
"S00116108",0,0,0
"S00116109",0,0,0
"S00116110",0,0,0
"S00116111",0,0,0
"S00116112",0,0,0
"S00116113",0,0,0
"S00116114",0,0,0
"S00116115",0,0,0
"S00116116",1,0,1
"S00116117",0,0,0
"S00116118",0,0,0
"S00116119",0,0,0
"S00116120",0,0,0
"S00116121",0,0,0
"S00116122",0,0,0
"S00116123",0,0,0
"S00116124",0,0,0
"S00116125",1,0,1
"S00116126",0,0,0
"S00116127",0,0,0
"S00116128",0,0,0
"S00116129",0,0,0
"S00116130",0,0,0
"S00116131",0,0,0
"S00116132",0,0,0
"S00116133",0,0,0
"S00116134",0,0,0
"S00116135",0,0,0
"S00116136",0,0,0
"S00116137",0,0,0
"S00116138",0,0,0
"S00116139",0,0,0
"S00116140",0,0,0
"S00116141",0,0,0
"S00116142",0,0,0
"S00116143",0,0,0
"S00116144",0,0,0
"S00116145",0,0,0
"S00116146",1,1,0
"S00116147",0,0,0
"S00116148",0,0,0
"S00116149",0,0,0
"S00116150",0,0,0
"S00116151",0,0,0
"S00116152",1,0,1
"S00116153",1,0,1
"S00116154",0,0,0
"S00116155",0,0,0
"S00116156",0,0,0
"S00116157",0,0,0
"S00116158",0,0,0
"S00116159",0,0,0
"S00116160",0,0,0
"S00116161",0,0,0
"S00116162",0,0,0
"S00116163",0,0,0
"S00116164",0,0,0
"S00116165",0,0,0
"S00116166",6,3,3
"S00116167",0,0,0
"S00116168",0,0,0
"S00116169",0,0,0
"S00116170",0,0,0
"S00116171",0,0,0
"S00116172",0,0,0
"S00116173",0,0,0
"S00116174",0,0,0
"S00116175",0,0,0
"S00116176",0,0,0
"S00116177",0,0,0
"S00116178",0,0,0
"S00116179",0,0,0
"S00116180",1,0,1
"S00116181",6,4,2
"S00116182",0,0,0
"S00116183",0,0,0
"S00116184",0,0,0
"S00116185",0,0,0
"S00116186",0,0,0
"S00116187",0,0,0
"S00116188",0,0,0
"S00116189",0,0,0
"S00116190",0,0,0
"S00116191",0,0,0
"S00116192",0,0,0
"S00116193",0,0,0
"S00116194",0,0,0
"S00116195",0,0,0
"S00116196",0,0,0
"S00116197",0,0,0
"S00116198",0,0,0
"S00116199",0,0,0
"S00116200",0,0,0
"S00116201",1,0,1
"S00116202",0,0,0
"S00116203",0,0,0
"S00116204",0,0,0
"S00116205",0,0,0
"S00116206",0,0,0
"S00116207",0,0,0
"S00116208",0,0,0
"S00116209",1,0,1
"S00116210",0,0,0
"S00116211",0,0,0
"S00116212",0,0,0
"S00116213",7,2,5
"S00116214",3,3,0
"S00116215",0,0,0
"S00116216",0,0,0
"S00116217",0,0,0
"S00116218",2,1,1
"S00116219",0,0,0
"S00116220",0,0,0
"S00116221",0,0,0
"S00116222",1,1,0
"S00116223",1,0,1
"S00116224",1,0,1
"S00116225",0,0,0
"S00116226",0,0,0
"S00116227",0,0,0
"S00116228",0,0,0
"S00116229",0,0,0
"S00116230",0,0,0
"S00116231",0,0,0
"S00116232",0,0,0
"S00116233",0,0,0
"S00116234",0,0,0
"S00116235",0,0,0
"S00116236",0,0,0
"S00116237",0,0,0
"S00116238",0,0,0
"S00116239",0,0,0
"S00116240",1,1,0
"S00116241",1,0,1
"S00116242",0,0,0
"S00116243",1,0,1
"S00116244",0,0,0
"S00116245",0,0,0
"S00116246",0,0,0
"S00116247",0,0,0
"S00116248",0,0,0
"S00116249",0,0,0
"S00116250",0,0,0
"S00116251",0,0,0
"S00116252",0,0,0
"S00116253",0,0,0
"S00116254",1,1,0
"S00116255",0,0,0
"S00116256",1,1,0
"S00116257",0,0,0
"S00116258",0,0,0
"S00116259",0,0,0
"S00116260",0,0,0
"S00116261",0,0,0
"S00116262",0,0,0
"S00116263",0,0,0
"S00116264",0,0,0
"S00116265",1,0,1
"S00116266",0,0,0
"S00116267",0,0,0
"S00116268",0,0,0
"S00116269",0,0,0
"S00116270",0,0,0
"S00116271",0,0,0
"S00116272",0,0,0
"S00116273",0,0,0
"S00116274",0,0,0
"S00116275",0,0,0
"S00116276",0,0,0
"S00116277",0,0,0
"S00116278",0,0,0
"S00116279",0,0,0
"S00116280",0,0,0
"S00116281",0,0,0
"S00116282",0,0,0
"S00116283",0,0,0
"S00116284",0,0,0
"S00116285",0,0,0
"S00116286",0,0,0
"S00116287",0,0,0
"S00116288",0,0,0
"S00116289",0,0,0
"S00116290",0,0,0
"S00116291",0,0,0
"S00116292",0,0,0
"S00116293",0,0,0
"S00116294",0,0,0
"S00116295",3,2,1
"S00116296",0,0,0
"S00116297",0,0,0
"S00116298",0,0,0
"S00116299",0,0,0
"S00116300",0,0,0
"S00116301",0,0,0
"S00116302",1,0,1
"S00116303",0,0,0
"S00116304",0,0,0
"S00116305",0,0,0
"S00116306",1,0,1
"S00116307",0,0,0
"S00116308",0,0,0
"S00116309",0,0,0
"S00116310",0,0,0
"S00116311",0,0,0
"S00116312",0,0,0
"S00116313",1,1,0
"S00116314",0,0,0
"S00116315",0,0,0
"S00116316",0,0,0
"S00116317",2,2,0
"S00116318",0,0,0
"S00116319",0,0,0
"S00116320",0,0,0
"S00116321",0,0,0
"S00116322",2,1,1
"S00116323",0,0,0
"S00116324",0,0,0
"S00116325",0,0,0
"S00116326",1,0,1
"S00116327",0,0,0
"S00116328",0,0,0
"S00116329",0,0,0
"S00116330",1,1,0
"S00116331",0,0,0
"S00116332",0,0,0
"S00116333",0,0,0
"S00116334",0,0,0
"S00116335",0,0,0
"S00116336",0,0,0
"S00116337",0,0,0
"S00116338",0,0,0
"S00116339",0,0,0
"S00116340",0,0,0
"S00116341",1,1,0
"S00116342",0,0,0
"S00116343",0,0,0
"S00116344",0,0,0
"S00116345",0,0,0
"S00116346",0,0,0
"S00116347",0,0,0
"S00116348",0,0,0
"S00116349",6,3,3
"S00116350",0,0,0
"S00116351",0,0,0
"S00116352",1,0,1
"S00116353",0,0,0
"S00116354",0,0,0
"S00116355",1,1,0
"S00116356",0,0,0
"S00116357",0,0,0
"S00116358",0,0,0
"S00116359",0,0,0
"S00116360",1,0,1
"S00116361",1,0,1
"S00116362",1,1,0
"S00116363",0,0,0
"S00116364",0,0,0
"S00116365",1,1,0
"S00116366",0,0,0
"S00116367",0,0,0
"S00116368",0,0,0
"S00116369",0,0,0
"S00116370",0,0,0
"S00116371",0,0,0
"S00116372",0,0,0
"S00116373",0,0,0
"S00116374",0,0,0
"S00116375",0,0,0
"S00116376",0,0,0
"S00116377",0,0,0
"S00116378",1,0,1
"S00116379",1,0,1
"S00116380",0,0,0
"S00116381",0,0,0
"S00116382",0,0,0
"S00116383",0,0,0
"S00116384",0,0,0
"S00116385",0,0,0
"S00116386",0,0,0
"S00116387",0,0,0
"S00116388",0,0,0
"S00116389",0,0,0
"S00116390",0,0,0
"S00116391",0,0,0
"S00116392",0,0,0
"S00116393",0,0,0
"S00116394",0,0,0
"S00116395",0,0,0
"S00116396",0,0,0
"S00116397",0,0,0
"S00116398",0,0,0
"S00116399",1,0,1
"S00116400",0,0,0
"S00116401",0,0,0
"S00116402",0,0,0
"S00116403",1,1,0
"S00116404",0,0,0
"S00116405",0,0,0
"S00116406",0,0,0
"S00116407",0,0,0
"S00116408",1,1,0
"S00116409",0,0,0
"S00116410",0,0,0
"S00116411",0,0,0
"S00116412",0,0,0
"S00116413",0,0,0
"S00116414",2,0,2
"S00116415",0,0,0
"S00116416",1,0,1
"S00116417",0,0,0
"S00116418",0,0,0
"S00116419",0,0,0
"S00116420",0,0,0
"S00116421",0,0,0
"S00116422",0,0,0
"S00116423",1,0,1
"S00116424",0,0,0
"S00116425",1,1,0
"S00116426",0,0,0
"S00116427",0,0,0
"S00116428",0,0,0
"S00116429",0,0,0
"S00116430",0,0,0
"S00116431",0,0,0
"S00116432",0,0,0
"S00116433",1,0,1
"S00116434",0,0,0
"S00116435",0,0,0
"S00116436",0,0,0
"S00116437",0,0,0
"S00116438",1,0,1
"S00116439",0,0,0
"S00116440",2,2,0
"S00116441",0,0,0
"S00116442",0,0,0
"S00116443",0,0,0
"S00116444",0,0,0
"S00116445",0,0,0
"S00116446",2,1,1
"S00116447",0,0,0
"S00116448",0,0,0
"S00116449",0,0,0
"S00116450",0,0,0
"S00116451",0,0,0
"S00116452",0,0,0
"S00116453",0,0,0
"S00116454",0,0,0
"S00116455",0,0,0
"S00116456",0,0,0
"S00116457",0,0,0
"S00116458",0,0,0
"S00116459",1,0,1
"S00116460",0,0,0
"S00116461",0,0,0
"S00116462",0,0,0
"S00116463",0,0,0
"S00116464",0,0,0
"S00116465",2,2,0
"S00116466",0,0,0
"S00116467",0,0,0
"S00116468",0,0,0
"S00116469",0,0,0
"S00116470",0,0,0
"S00116471",0,0,0
"S00116472",0,0,0
"S00116473",0,0,0
"S00116474",0,0,0
"S00116475",0,0,0
"S00116476",0,0,0
"S00116477",0,0,0
"S00116478",0,0,0
"S00116479",0,0,0
"S00116480",0,0,0
"S00116481",1,0,1
"S00116482",0,0,0
"S00116483",0,0,0
"S00116484",0,0,0
"S00116485",0,0,0
"S00116486",0,0,0
"S00116487",2,2,0
"S00116488",0,0,0
"S00116489",1,0,1
"S00116490",0,0,0
"S00116491",0,0,0
"S00116492",0,0,0
"S00116493",0,0,0
"S00116494",0,0,0
"S00116495",2,2,0
"S00116496",0,0,0
"S00116497",2,2,0
"S00116498",0,0,0
"S00116499",0,0,0
"S00116500",0,0,0
"S00116501",0,0,0
"S00116502",0,0,0
"S00116503",1,1,0
"S00116504",0,0,0
"S00116505",0,0,0
"S00116506",0,0,0
"S00116507",2,1,1
"S00116508",0,0,0
"S00116509",0,0,0
"S00116510",0,0,0
"S00116511",0,0,0
"S00116512",0,0,0
"S00116513",0,0,0
"S00116514",0,0,0
"S00116515",0,0,0
"S00116516",0,0,0
"S00116517",1,0,1
"S00116518",0,0,0
"S00116519",0,0,0
"S00116520",0,0,0
"S00116521",0,0,0
"S00116522",0,0,0
"S00116523",0,0,0
"S00116524",0,0,0
"S00116525",0,0,0
"S00116526",0,0,0
"S00116527",0,0,0
"S00116528",0,0,0
"S00116529",0,0,0
"S00116530",2,2,0
"S00116531",0,0,0
"S00116532",0,0,0
"S00116533",0,0,0
"S00116534",0,0,0
"S00116535",0,0,0
"S00116536",0,0,0
"S00116537",0,0,0
"S00116538",0,0,0
"S00116539",0,0,0
"S00116540",0,0,0
"S00116541",0,0,0
"S00116542",0,0,0
"S00116543",0,0,0
"S00116544",0,0,0
"S00116545",0,0,0
"S00116546",0,0,0
"S00116547",0,0,0
"S00116548",1,0,1
"S00116549",0,0,0
"S00116550",0,0,0
"S00116551",0,0,0
"S00116552",0,0,0
"S00116553",0,0,0
"S00116554",0,0,0
"S00116555",1,1,0
"S00116556",0,0,0
"S00116557",0,0,0
"S00116558",0,0,0
"S00116559",2,1,1
"S00116560",0,0,0
"S00116561",0,0,0
"S00116562",0,0,0
"S00116563",1,1,0
"S00116564",0,0,0
"S00116565",0,0,0
"S00116566",0,0,0
"S00116567",0,0,0
"S00116568",0,0,0
"S00116569",0,0,0
"S00116570",3,3,0
"S00116571",0,0,0
"S00116572",0,0,0
"S00116573",0,0,0
"S00116574",0,0,0
"S00116575",0,0,0
"S00116576",0,0,0
"S00116577",1,1,0
"S00116578",0,0,0
"S00116579",0,0,0
"S00116580",0,0,0
"S00116581",0,0,0
"S00116582",0,0,0
"S00116583",0,0,0
"S00116584",0,0,0
"S00116585",0,0,0
"S00116586",0,0,0
"S00116587",0,0,0
"S00116588",0,0,0
"S00116589",2,1,1
"S00116590",0,0,0
"S00116591",0,0,0
"S00116592",0,0,0
"S00116593",0,0,0
"S00116594",0,0,0
"S00116595",0,0,0
"S00116596",1,1,0
"S00116597",0,0,0
"S00116598",0,0,0
"S00116599",0,0,0
"S00116600",2,1,1
"S00116601",1,0,1
"S00116602",0,0,0
"S00116603",0,0,0
"S00116604",1,1,0
"S00116605",0,0,0
"S00116606",0,0,0
"S00116607",0,0,0
"S00116608",0,0,0
"S00116609",0,0,0
"S00116610",0,0,0
"S00116611",0,0,0
"S00116612",0,0,0
"S00116613",0,0,0
"S00116614",1,0,1
"S00116615",0,0,0
"S00116616",1,1,0
"S00116617",0,0,0
"S00116618",0,0,0
"S00116619",0,0,0
"S00116620",0,0,0
"S00116621",0,0,0
"S00116622",0,0,0
"S00116623",0,0,0
"S00116624",0,0,0
"S00116625",0,0,0
"S00116626",3,2,1
"S00116627",0,0,0
"S00116628",0,0,0
"S00116629",0,0,0
"S00116630",2,1,1
"S00116631",0,0,0
"S00116632",4,1,3
"S00116633",0,0,0
"S00116634",0,0,0
"S00116635",0,0,0
"S00116636",2,1,1
"S00116637",0,0,0
"S00116638",1,1,0
"S00116639",0,0,0
"S00116640",0,0,0
"S00116641",0,0,0
"S00116642",1,1,0
"S00116643",1,1,0
"S00116644",4,2,2
"S00116645",0,0,0
"S00116646",0,0,0
"S00116647",0,0,0
"S00116648",0,0,0
"S00116649",0,0,0
"S00116650",0,0,0
"S00116651",19,9,10
"S00116652",1,1,0
"S00116653",0,0,0
"S00116654",0,0,0
"S00116655",0,0,0
"S00116656",0,0,0
"S00116657",1,1,0
"S00116658",0,0,0
"S00116659",0,0,0
"S00116660",0,0,0
"S00116661",1,1,0
"S00116662",0,0,0
"S00116663",0,0,0
"S00116664",0,0,0
"S00116665",0,0,0
"S00116666",0,0,0
"S00116667",0,0,0
"S00116668",0,0,0
"S00116669",0,0,0
"S00116670",0,0,0
"S00116671",0,0,0
"S00116672",0,0,0
"S00116673",0,0,0
"S00116674",0,0,0
"S00116675",0,0,0
"S00116676",0,0,0
"S00116677",0,0,0
"S00116678",1,0,1
"S00116679",0,0,0
"S00116680",0,0,0
"S00116681",0,0,0
"S00116682",0,0,0
"S00116683",1,1,0
"S00116684",0,0,0
"S00116685",0,0,0
"S00116686",1,1,0
"S00116687",2,1,1
"S00116688",0,0,0
"S00116689",0,0,0
"S00116690",0,0,0
"S00116691",1,1,0
"S00116692",0,0,0
"S00116693",0,0,0
"S00116694",0,0,0
"S00116695",0,0,0
"S00116696",0,0,0
"S00116697",1,0,1
"S00116698",0,0,0
"S00116699",0,0,0
"S00116700",0,0,0
"S00116701",0,0,0
"S00116702",0,0,0
"S00116703",0,0,0
"S00116704",1,1,0
"S00116705",0,0,0
"S00116706",0,0,0
"S00116707",0,0,0
"S00116708",0,0,0
"S00116709",0,0,0
"S00116710",0,0,0
"S00116711",1,0,1
"S00116712",0,0,0
"S00116713",0,0,0
"S00116714",0,0,0
"S00116715",1,1,0
"S00116716",0,0,0
"S00116717",0,0,0
"S00116718",0,0,0
"S00116719",0,0,0
"S00116720",1,0,1
"S00116721",0,0,0
"S00116722",0,0,0
"S00116723",0,0,0
"S00116724",0,0,0
"S00116725",0,0,0
"S00116726",0,0,0
"S00116727",0,0,0
"S00116728",0,0,0
"S00116729",0,0,0
"S00116730",0,0,0
"S00116731",0,0,0
"S00116732",0,0,0
"S00116733",1,0,1
"S00116734",1,1,0
"S00116735",0,0,0
"S00116736",0,0,0
"S00116737",1,1,0
"S00116738",0,0,0
"S00116739",0,0,0
"S00116740",0,0,0
"S00116741",0,0,0
"S00116742",2,2,0
"S00116743",0,0,0
"S00116744",0,0,0
"S00116745",0,0,0
"S00116746",0,0,0
"S00116747",1,0,1
"S00116748",0,0,0
"S00116749",0,0,0
"S00116750",1,0,1
"S00116751",2,0,2
"S00116752",1,0,1
"S00116753",0,0,0
"S00116754",0,0,0
"S00116755",0,0,0
"S00116756",0,0,0
"S00116757",0,0,0
"S00116758",0,0,0
"S00116759",0,0,0
"S00116760",1,0,1
"S00116761",3,2,1
"S00116762",1,0,1
"S00116763",0,0,0
"S00116764",0,0,0
"S00116765",1,0,1
"S00116766",0,0,0
"S00116767",1,1,0
"S00116768",0,0,0
"S00116769",0,0,0
"S00116770",1,0,1
"S00116771",1,0,1
"S00116772",2,1,1
"S00116773",0,0,0
"S00116774",0,0,0
"S00116775",0,0,0
"S00116776",1,1,0
"S00116777",0,0,0
"S00116778",4,2,2
"S00116779",1,0,1
"S00116780",0,0,0
"S00116781",0,0,0
"S00116782",0,0,0
"S00116783",0,0,0
"S00116784",3,0,3
"S00116785",0,0,0
"S00116786",0,0,0
"S00116787",0,0,0
"S00116788",1,1,0
"S00116789",2,1,1
"S00116790",1,0,1
"S00116791",3,2,1
"S00116792",2,1,1
"S00116793",7,3,4
"S00116794",0,0,0
"S00116795",0,0,0
"S00116796",0,0,0
"S00116797",0,0,0
"S00116798",1,1,0
"S00116799",0,0,0
"S00116800",1,0,1
"S00116801",0,0,0
"S00116802",0,0,0
"S00116803",0,0,0
"S00116804",0,0,0
"S00116805",0,0,0
"S00116806",3,1,2
"S00116807",2,1,1
"S00116808",1,0,1
"S00116809",0,0,0
"S00116810",1,1,0
"S00116811",0,0,0
"S00116812",0,0,0
"S00116813",0,0,0
"S00116814",0,0,0
"S00116815",0,0,0
"S00116816",0,0,0
"S00116817",0,0,0
"S00116818",0,0,0
"S00116819",0,0,0
"S00116820",0,0,0
"S00116821",0,0,0
"S00116822",0,0,0
"S00116823",0,0,0
"S00116824",0,0,0
"S00116825",0,0,0
"S00116826",0,0,0
"S00116827",1,0,1
"S00116828",1,0,1
"S00116829",0,0,0
"S00116830",0,0,0
"S00116831",0,0,0
"S00116832",0,0,0
"S00116833",0,0,0
"S00116834",0,0,0
"S00116835",0,0,0
"S00116836",0,0,0
"S00116837",0,0,0
"S00116838",0,0,0
"S00116839",0,0,0
"S00116840",0,0,0
"S00116841",0,0,0
"S00116842",0,0,0
"S00116843",1,1,0
"S00116844",0,0,0
"S00116845",2,1,1
"S00116846",1,0,1
"S00116847",0,0,0
"S00116848",0,0,0
"S00116849",4,2,2
"S00116850",0,0,0
"S00116851",0,0,0
"S00116852",0,0,0
"S00116853",0,0,0
"S00116854",0,0,0
"S00116855",0,0,0
"S00116856",0,0,0
"S00116857",0,0,0
"S00116858",0,0,0
"S00116859",1,0,1
"S00116860",0,0,0
"S00116861",0,0,0
"S00116862",2,2,0
"S00116863",0,0,0
"S00116864",1,1,0
"S00116865",1,0,1
"S00116866",1,0,1
"S00116867",0,0,0
"S00116868",0,0,0
"S00116869",0,0,0
"S00116870",2,1,1
"S00116871",0,0,0
"S00116872",0,0,0
"S00116873",0,0,0
"S00116874",0,0,0
"S00116875",0,0,0
"S00116876",0,0,0
"S00116877",0,0,0
"S00116878",0,0,0
"S00116879",0,0,0
"S00116880",0,0,0
"S00116881",0,0,0
"S00116882",0,0,0
"S00116883",0,0,0
"S00116884",0,0,0
"S00116885",0,0,0
"S00116886",0,0,0
"S00116887",0,0,0
"S00116888",0,0,0
"S00116889",0,0,0
"S00116890",0,0,0
"S00116891",0,0,0
"S00116892",1,1,0
"S00116893",0,0,0
"S00116894",1,1,0
"S00116895",1,0,1
"S00116896",0,0,0
"S00116897",0,0,0
"S00116898",0,0,0
"S00116899",1,1,0
"S00116900",0,0,0
"S00116901",0,0,0
"S00116902",0,0,0
"S00116903",0,0,0
"S00116904",0,0,0
"S00116905",0,0,0
"S00116906",2,0,2
"S00116907",1,1,0
"S00116908",0,0,0
"S00116909",0,0,0
"S00116910",0,0,0
"S00116911",0,0,0
"S00116912",0,0,0
"S00116913",0,0,0
"S00116914",0,0,0
"S00116915",0,0,0
"S00116916",0,0,0
"S00116917",0,0,0
"S00116918",0,0,0
"S00116919",0,0,0
"S00116920",0,0,0
"S00116921",1,1,0
"S00116922",0,0,0
"S00116923",0,0,0
"S00116924",0,0,0
"S00116925",0,0,0
"S00116926",0,0,0
"S00116927",0,0,0
"S00116928",0,0,0
"S00116929",0,0,0
"S00116930",0,0,0
"S00116931",0,0,0
"S00116932",1,0,1
"S00116933",1,0,1
"S00116934",0,0,0
"S00116935",1,0,1
"S00116936",0,0,0
"S00116937",1,0,1
"S00116938",1,1,0
"S00116939",0,0,0
"S00116940",1,1,0
"S00116941",0,0,0
"S00116942",0,0,0
"S00116943",0,0,0
"S00116944",0,0,0
"S00116945",0,0,0
"S00116946",1,1,0
"S00116947",0,0,0
"S00116948",0,0,0
"S00116949",0,0,0
"S00116950",0,0,0
"S00116951",0,0,0
"S00116952",0,0,0
"S00116953",0,0,0
"S00116954",0,0,0
"S00116955",0,0,0
"S00116956",0,0,0
"S00116957",0,0,0
"S00116958",0,0,0
"S00116959",0,0,0
"S00116960",0,0,0
"S00116961",0,0,0
"S00116962",0,0,0
"S00116963",0,0,0
"S00116964",0,0,0
"S00116965",0,0,0
"S00116966",0,0,0
"S00116967",0,0,0
"S00116968",0,0,0
"S00116969",0,0,0
"S00116970",0,0,0
"S00116971",1,1,0
"S00116972",1,0,1
"S00116973",0,0,0
"S00116974",3,0,3
"S00116975",0,0,0
"S00116976",0,0,0
"S00116977",0,0,0
"S00116978",0,0,0
"S00116979",0,0,0
"S00116980",0,0,0
"S00116981",0,0,0
"S00116982",0,0,0
"S00116983",0,0,0
"S00116984",1,1,0
"S00116985",0,0,0
"S00116986",0,0,0
"S00116987",2,2,0
"S00116988",2,2,0
"S00116989",0,0,0
"S00116990",0,0,0
"S00116991",0,0,0
"S00116992",0,0,0
"S00116993",0,0,0
"S00116994",0,0,0
"S00116995",0,0,0
"S00116996",0,0,0
"S00116997",0,0,0
"S00116998",0,0,0
"S00116999",0,0,0
"S00117000",3,2,1
"S00117001",0,0,0
"S00117002",0,0,0
"S00117003",0,0,0
"S00117004",1,1,0
"S00117005",0,0,0
"S00117006",0,0,0
"S00117007",0,0,0
"S00117008",0,0,0
"S00117009",0,0,0
"S00117010",0,0,0
"S00117011",0,0,0
"S00117012",0,0,0
"S00117013",0,0,0
"S00117014",0,0,0
"S00117015",1,0,1
"S00117016",1,1,0
"S00117017",0,0,0
"S00117018",0,0,0
"S00117019",0,0,0
"S00117020",0,0,0
"S00117021",1,1,0
"S00117022",0,0,0
"S00117023",0,0,0
"S00117024",0,0,0
"S00117025",0,0,0
"S00117026",0,0,0
"S00117027",0,0,0
"S00117028",0,0,0
"S00117029",2,0,2
"S00117030",0,0,0
"S00117031",0,0,0
"S00117032",0,0,0
"S00117033",2,2,0
"S00117034",0,0,0
"S00117035",2,0,2
"S00117036",0,0,0
"S00117037",0,0,0
"S00117038",0,0,0
"S00117039",0,0,0
"S00117040",0,0,0
"S00117041",0,0,0
"S00117042",3,1,2
"S00117043",0,0,0
"S00117044",0,0,0
"S00117045",0,0,0
"S00117046",1,1,0
"S00117047",1,0,1
"S00117048",0,0,0
"S00117049",0,0,0
"S00117050",0,0,0
"S00117051",0,0,0
"S00117052",0,0,0
"S00117053",0,0,0
"S00117054",0,0,0
"S00117055",0,0,0
"S00117056",0,0,0
"S00117057",0,0,0
"S00117058",0,0,0
"S00117059",2,1,1
"S00117060",0,0,0
"S00117061",1,0,1
"S00117062",0,0,0
"S00117063",2,1,1
"S00117064",0,0,0
"S00117065",0,0,0
"S00117066",0,0,0
"S00117067",0,0,0
"S00117068",0,0,0
"S00117069",1,0,1
"S00117070",0,0,0
"S00117071",0,0,0
"S00117072",0,0,0
"S00117073",0,0,0
"S00117074",0,0,0
"S00117075",0,0,0
"S00117076",0,0,0
"S00117077",0,0,0
"S00117078",0,0,0
"S00117079",1,0,1
"S00117080",0,0,0
"S00117081",0,0,0
"S00117082",0,0,0
"S00117083",0,0,0
"S00117084",0,0,0
"S00117085",0,0,0
"S00117086",0,0,0
"S00117087",0,0,0
"S00117088",0,0,0
"S00117089",0,0,0
"S00117090",0,0,0
"S00117091",0,0,0
"S00117092",0,0,0
"S00117093",0,0,0
"S00117094",0,0,0
"S00117095",0,0,0
"S00117096",0,0,0
"S00117097",0,0,0
"S00117098",1,0,1
"S00117099",0,0,0
"S00117100",0,0,0
"S00117101",0,0,0
"S00117102",2,0,2
"S00117103",0,0,0
"S00117104",0,0,0
"S00117105",0,0,0
"S00117106",0,0,0
"S00117107",1,1,0
"S00117108",0,0,0
"S00117109",0,0,0
"S00117110",0,0,0
"S00117111",0,0,0
"S00117112",0,0,0
"S00117113",0,0,0
"S00117114",0,0,0
"S00117115",1,0,1
"S00117116",0,0,0
"S00117117",0,0,0
"S00117118",0,0,0
"S00117119",0,0,0
"S00117120",0,0,0
"S00117121",0,0,0
"S00117122",0,0,0
"S00117123",0,0,0
"S00117124",0,0,0
"S00117125",0,0,0
"S00117126",1,1,0
"S00117127",1,1,0
"S00117128",0,0,0
"S00117129",0,0,0
"S00117130",0,0,0
"S00117131",1,1,0
"S00117132",0,0,0
"S00117133",0,0,0
"S00117134",0,0,0
"S00117135",2,1,1
"S00117136",0,0,0
"S00117137",0,0,0
"S00117138",0,0,0
"S00117139",0,0,0
"S00117140",0,0,0
"S00117141",0,0,0
"S00117142",0,0,0
"S00117143",0,0,0
"S00117144",0,0,0
"S00117145",1,1,0
"S00117146",0,0,0
"S00117147",0,0,0
"S00117148",0,0,0
"S00117149",0,0,0
"S00117150",0,0,0
"S00117151",0,0,0
"S00117152",0,0,0
"S00117153",0,0,0
"S00117154",1,1,0
"S00117155",0,0,0
"S00117156",1,0,1
"S00117157",0,0,0
"S00117158",0,0,0
"S00117159",0,0,0
"S00117160",0,0,0
"S00117161",0,0,0
"S00117162",0,0,0
"S00117163",0,0,0
"S00117164",0,0,0
"S00117165",1,1,0
"S00117166",0,0,0
"S00117167",0,0,0
"S00117168",0,0,0
"S00117169",0,0,0
"S00117170",0,0,0
"S00117171",0,0,0
"S00117172",1,0,1
"S00117173",0,0,0
"S00117174",0,0,0
"S00117175",0,0,0
"S00117176",0,0,0
"S00117177",0,0,0
"S00117178",0,0,0
"S00117179",0,0,0
"S00117180",0,0,0
"S00117181",2,0,2
"S00117182",2,1,1
"S00117183",0,0,0
"S00117184",2,1,1
"S00117185",0,0,0
"S00117186",0,0,0
"S00117187",1,0,1
"S00117188",0,0,0
"S00117189",0,0,0
"S00117190",0,0,0
"S00117191",0,0,0
"S00117192",0,0,0
"S00117193",0,0,0
"S00117194",0,0,0
"S00117195",0,0,0
"S00117196",0,0,0
"S00117197",0,0,0
"S00117198",0,0,0
"S00117199",0,0,0
"S00117200",0,0,0
"S00117201",0,0,0
"S00117202",0,0,0
"S00117203",0,0,0
"S00117204",0,0,0
"S00117205",1,0,1
"S00117206",0,0,0
"S00117207",0,0,0
"S00117208",1,0,1
"S00117209",0,0,0
"S00117210",0,0,0
"S00117211",0,0,0
"S00117212",2,1,1
"S00117213",0,0,0
"S00117214",0,0,0
"S00117215",0,0,0
"S00117216",0,0,0
"S00117217",0,0,0
"S00117218",0,0,0
"S00117219",0,0,0
"S00117220",0,0,0
"S00117221",0,0,0
"S00117222",0,0,0
"S00117223",0,0,0
"S00117224",0,0,0
"S00117225",0,0,0
"S00117226",0,0,0
"S00117227",0,0,0
"S00117228",0,0,0
"S00117229",0,0,0
"S00117230",1,1,0
"S00117231",0,0,0
"S00117232",0,0,0
"S00117233",0,0,0
"S00117234",0,0,0
"S00117235",0,0,0
"S00117236",0,0,0
"S00117237",0,0,0
"S00117238",2,2,0
"S00117239",0,0,0
"S00117240",0,0,0
"S00117241",0,0,0
"S00117242",1,1,0
"S00117243",1,0,1
"S00117244",0,0,0
"S00117245",0,0,0
"S00117246",0,0,0
"S00117247",0,0,0
"S00117248",0,0,0
"S00117249",0,0,0
"S00117250",0,0,0
"S00117251",0,0,0
"S00117252",0,0,0
"S00117253",0,0,0
"S00117254",0,0,0
"S00117255",0,0,0
"S00117256",0,0,0
"S00117257",0,0,0
"S00117258",0,0,0
"S00117259",0,0,0
"S00117260",1,1,0
"S00117261",0,0,0
"S00117262",0,0,0
"S00117263",1,1,0
"S00117264",1,1,0
"S00117265",0,0,0
"S00117266",0,0,0
"S00117267",1,0,1
"S00117268",0,0,0
"S00117269",2,1,1
"S00117270",0,0,0
"S00117271",1,0,1
"S00117272",0,0,0
"S00117273",0,0,0
"S00117274",0,0,0
"S00117275",0,0,0
"S00117276",0,0,0
"S00117277",1,0,1
"S00117278",1,1,0
"S00117279",0,0,0
"S00117280",0,0,0
"S00117281",2,1,1
"S00117282",1,1,0
"S00117283",0,0,0
"S00117284",0,0,0
"S00117285",0,0,0
"S00117286",0,0,0
"S00117287",0,0,0
"S00117288",0,0,0
"S00117289",0,0,0
"S00117290",0,0,0
"S00117291",0,0,0
"S00117292",0,0,0
"S00117293",2,2,0
"S00117294",0,0,0
"S00117295",0,0,0
"S00117296",0,0,0
"S00117297",1,1,0
"S00117298",0,0,0
"S00117299",0,0,0
"S00117300",0,0,0
"S00117301",0,0,0
"S00117302",0,0,0
"S00117303",0,0,0
"S00117304",0,0,0
"S00117305",0,0,0
"S00117306",0,0,0
"S00117307",0,0,0
"S00117308",1,0,1
"S00117309",0,0,0
"S00117310",0,0,0
"S00117311",1,0,1
"S00117312",0,0,0
"S00117313",0,0,0
"S00117314",0,0,0
"S00117315",0,0,0
"S00117316",0,0,0
"S00117317",0,0,0
"S00117318",2,1,1
"S00117319",0,0,0
"S00117320",0,0,0
"S00117321",1,1,0
"S00117322",0,0,0
"S00117323",1,0,1
"S00117324",0,0,0
"S00117325",3,1,2
"S00117326",1,0,1
"S00117327",0,0,0
"S00117328",0,0,0
"S00117329",0,0,0
"S00117330",0,0,0
"S00117331",2,1,1
"S00117332",0,0,0
"S00117333",0,0,0
"S00117334",0,0,0
"S00117335",0,0,0
"S00117336",0,0,0
"S00117337",0,0,0
"S00117338",2,2,0
"S00117339",1,0,1
"S00117340",1,1,0
"S00117341",2,1,1
"S00117342",0,0,0
"S00117343",0,0,0
"S00117344",0,0,0
"S00117345",0,0,0
"S00117346",1,0,1
"S00117347",7,3,4
"S00117348",2,0,2
"S00117349",1,0,1
"S00117350",0,0,0
"S00117351",1,0,1
"S00117352",0,0,0
"S00117353",0,0,0
"S00117354",0,0,0
"S00117355",2,0,2
"S00117356",0,0,0
"S00117357",0,0,0
"S00117358",0,0,0
"S00117359",0,0,0
"S00117360",0,0,0
"S00117361",0,0,0
"S00117362",0,0,0
"S00117363",0,0,0
"S00117364",0,0,0
"S00117365",1,0,1
"S00117366",0,0,0
"S00117367",2,1,1
"S00117368",0,0,0
"S00117369",0,0,0
"S00117370",0,0,0
"S00117371",0,0,0
"S00117372",0,0,0
"S00117373",1,1,0
"S00117374",1,1,0
"S00117375",0,0,0
"S00117376",0,0,0
"S00117377",0,0,0
"S00117378",0,0,0
"S00117379",0,0,0
"S00117380",0,0,0
"S00117381",0,0,0
"S00117382",0,0,0
"S00117383",0,0,0
"S00117384",0,0,0
"S00117385",0,0,0
"S00117386",0,0,0
"S00117387",0,0,0
"S00117388",0,0,0
"S00117389",0,0,0
"S00117390",2,2,0
"S00117391",0,0,0
"S00117392",1,0,1
"S00117393",0,0,0
"S00117394",0,0,0
"S00117395",0,0,0
"S00117396",0,0,0
"S00117397",1,1,0
"S00117398",0,0,0
"S00117399",0,0,0
"S00117400",0,0,0
"S00117401",0,0,0
"S00117402",0,0,0
"S00117403",0,0,0
"S00117404",0,0,0
"S00117405",0,0,0
"S00117406",0,0,0
"S00117407",0,0,0
"S00117408",0,0,0
"S00117409",0,0,0
"S00117410",0,0,0
"S00117411",0,0,0
"S00117412",0,0,0
"S00117413",0,0,0
"S00117414",0,0,0
"S00117415",0,0,0
"S00117416",1,0,1
"S00117417",1,0,1
"S00117418",1,1,0
"S00117419",0,0,0
"S00117420",0,0,0
"S00117421",0,0,0
"S00117422",0,0,0
"S00117423",0,0,0
"S00117424",0,0,0
"S00117425",0,0,0
"S00117426",0,0,0
"S00117427",0,0,0
"S00117428",0,0,0
"S00117429",0,0,0
"S00117430",0,0,0
"S00117431",0,0,0
"S00117432",0,0,0
"S00117433",0,0,0
"S00117434",0,0,0
"S00117435",0,0,0
"S00117436",0,0,0
"S00117437",0,0,0
"S00117438",1,0,1
"S00117439",1,1,0
"S00117440",3,1,2
"S00117441",0,0,0
"S00117442",0,0,0
"S00117443",0,0,0
"S00117444",0,0,0
"S00117445",0,0,0
"S00117446",0,0,0
"S00117447",0,0,0
"S00117448",0,0,0
"S00117449",0,0,0
"S00117450",0,0,0
"S00117451",0,0,0
"S00117452",1,1,0
"S00117453",0,0,0
"S00117454",0,0,0
"S00117455",0,0,0
"S00117456",1,0,1
"S00117457",0,0,0
"S00117458",0,0,0
"S00117459",0,0,0
"S00117460",0,0,0
"S00117461",0,0,0
"S00117462",0,0,0
"S00117463",0,0,0
"S00117464",0,0,0
"S00117465",0,0,0
"S00117466",0,0,0
"S00117467",0,0,0
"S00117468",0,0,0
"S00117469",0,0,0
"S00117470",0,0,0
"S00117471",0,0,0
"S00117472",1,1,0
"S00117473",0,0,0
"S00117474",0,0,0
"S00117475",0,0,0
"S00117476",0,0,0
"S00117477",0,0,0
"S00117478",0,0,0
"S00117479",0,0,0
"S00117480",0,0,0
"S00117481",0,0,0
"S00117482",0,0,0
"S00117483",0,0,0
"S00117484",0,0,0
"S00117485",0,0,0
"S00117486",1,1,0
"S00117487",1,0,1
"S00117488",0,0,0
"S00117489",0,0,0
"S00117490",0,0,0
"S00117491",0,0,0
"S00117492",1,1,0
"S00117493",1,0,1
"S00117494",1,1,0
"S00117495",0,0,0
"S00117496",0,0,0
"S00117497",0,0,0
"S00117498",0,0,0
"S00117499",0,0,0
"S00117500",1,0,1
"S00117501",0,0,0
"S00117502",0,0,0
"S00117503",0,0,0
"S00117504",0,0,0
"S00117505",0,0,0
"S00117506",0,0,0
"S00117507",1,0,1
"S00117508",1,0,1
"S00117509",2,1,1
"S00117510",1,0,1
"S00117511",0,0,0
"S00117512",0,0,0
"S00117513",1,0,1
"S00117514",0,0,0
"S00117515",0,0,0
"S00117516",0,0,0
"S00117517",0,0,0
"S00117518",1,1,0
"S00117519",1,0,1
"S00117520",0,0,0
"S00117521",0,0,0
"S00117522",0,0,0
"S00117523",0,0,0
"S00117524",0,0,0
"S00117525",0,0,0
"S00117526",0,0,0
"S00117527",0,0,0
"S00117528",0,0,0
"S00117529",0,0,0
"S00117530",2,1,1
"S00117531",1,0,1
"S00117532",0,0,0
"S00117533",0,0,0
"S00117534",1,0,1
"S00117535",1,1,0
"S00117536",1,0,1
"S00117537",1,0,1
"S00117538",0,0,0
"S00117539",0,0,0
"S00117540",0,0,0
"S00117541",2,0,2
"S00117542",0,0,0
"S00117543",1,0,1
"S00117544",0,0,0
"S00117545",0,0,0
"S00117546",0,0,0
"S00117547",0,0,0
"S00117548",1,1,0
"S00117549",0,0,0
"S00117550",0,0,0
"S00117551",0,0,0
"S00117552",0,0,0
"S00117553",0,0,0
"S00117554",1,0,1
"S00117555",4,2,2
"S00117556",0,0,0
"S00117557",0,0,0
"S00117558",0,0,0
"S00117559",1,1,0
"S00117560",0,0,0
"S00117561",0,0,0
"S00117562",1,0,1
"S00117563",0,0,0
"S00117564",0,0,0
"S00117565",1,0,1
"S00117566",0,0,0
"S00117567",0,0,0
"S00117568",0,0,0
"S00117569",0,0,0
"S00117570",0,0,0
"S00117571",0,0,0
"S00117572",0,0,0
"S00117573",0,0,0
"S00117574",0,0,0
"S00117575",0,0,0
"S00117576",0,0,0
"S00117577",0,0,0
"S00117578",0,0,0
"S00117579",0,0,0
"S00117580",0,0,0
"S00117581",0,0,0
"S00117582",0,0,0
"S00117583",0,0,0
"S00117584",0,0,0
"S00117585",0,0,0
"S00117586",1,1,0
"S00117587",0,0,0
"S00117588",0,0,0
"S00117589",0,0,0
"S00117590",0,0,0
"S00117591",0,0,0
"S00117592",0,0,0
"S00117593",0,0,0
"S00117594",1,1,0
"S00117595",0,0,0
"S00117596",0,0,0
"S00117597",2,2,0
"S00117598",0,0,0
"S00117599",0,0,0
"S00117600",0,0,0
"S00117601",0,0,0
"S00117602",0,0,0
"S00117603",0,0,0
"S00117604",0,0,0
"S00117605",0,0,0
"S00117606",6,2,4
"S00117607",0,0,0
"S00117608",0,0,0
"S00117609",1,1,0
"S00117610",1,1,0
"S00117611",2,0,2
"S00117612",0,0,0
"S00117613",0,0,0
"S00117614",0,0,0
"S00117615",3,1,2
"S00117616",0,0,0
"S00117617",1,1,0
"S00117618",0,0,0
"S00117619",0,0,0
"S00117620",0,0,0
"S00117621",0,0,0
"S00117622",0,0,0
"S00117623",2,2,0
"S00117624",0,0,0
"S00117625",1,1,0
"S00117626",0,0,0
"S00117627",0,0,0
"S00117628",0,0,0
"S00117629",0,0,0
"S00117630",1,0,1
"S00117631",0,0,0
"S00117632",0,0,0
"S00117633",0,0,0
"S00117634",0,0,0
"S00117635",0,0,0
"S00117636",0,0,0
"S00117637",3,1,2
"S00117638",0,0,0
"S00117639",2,1,1
"S00117640",1,0,1
"S00117641",3,0,3
"S00117642",3,1,2
"S00117643",0,0,0
"S00117644",0,0,0
"S00117645",4,2,2
"S00117646",1,1,0
"S00117647",0,0,0
"S00117648",0,0,0
"S00117649",0,0,0
"S00117650",0,0,0
"S00117651",2,1,1
"S00117652",4,3,1
"S00117653",3,1,2
"S00117654",3,2,1
"S00117655",4,3,1
"S00117656",0,0,0
"S00117657",1,1,0
"S00117658",2,1,1
"S00117659",2,1,1
"S00117660",0,0,0
"S00117661",1,1,0
"S00117662",5,0,5
"S00117663",2,0,2
"S00117664",4,1,3
"S00117665",3,0,3
"S00117666",3,2,1
"S00117667",5,5,0
"S00117668",5,4,1
"S00117669",5,3,2
"S00117670",0,0,0
"S00117671",4,1,3
"S00117672",3,2,1
"S00117673",2,0,2
"S00117674",0,0,0
"S00117675",0,0,0
"S00117676",4,3,1
"S00117677",1,0,1
"S00117678",2,1,1
"S00117679",5,2,3
"S00117680",0,0,0
"S00117681",1,0,1
"S00117682",1,1,0
"S00117683",1,1,0
"S00117684",2,0,2
"S00117685",1,1,0
"S00117686",0,0,0
"S00117687",3,0,3
"S00117688",0,0,0
"S00117689",4,1,3
"S00117690",6,4,2
"S00117691",3,0,3
"S00117692",1,1,0
"S00117693",2,2,0
"S00117694",2,1,1
"S00117695",0,0,0
"S00117696",0,0,0
"S00117697",2,1,1
"S00117698",1,1,0
"S00117699",1,0,1
"S00117700",0,0,0
"S00117701",5,5,0
"S00117702",2,1,1
"S00117703",3,3,0
"S00117704",1,1,0
"S00117705",1,0,1
"S00117706",0,0,0
"S00117707",0,0,0
"S00117708",0,0,0
"S00117709",1,0,1
"S00117710",4,1,3
"S00117711",6,2,4
"S00117712",0,0,0
"S00117713",1,1,0
"S00117714",2,1,1
"S00117715",4,1,3
"S00117716",5,2,3
"S00117717",1,1,0
"S00117718",3,0,3
"S00117719",0,0,0
"S00117720",1,0,1
"S00117721",3,3,0
"S00117722",0,0,0
"S00117723",1,1,0
"S00117724",1,0,1
"S00117725",4,2,2
"S00117726",3,0,3
"S00117727",3,0,3
"S00117728",3,2,1
"S00117729",0,0,0
"S00117730",1,0,1
"S00117731",1,0,1
"S00117732",2,1,1
"S00117733",0,0,0
"S00117734",4,2,2
"S00117735",0,0,0
"S00117736",2,1,1
"S00117737",2,1,1
"S00117738",1,0,1
"S00117739",0,0,0
"S00117740",2,2,0
"S00117741",0,0,0
"S00117742",0,0,0
"S00117743",2,2,0
"S00117744",6,1,5
"S00117745",4,3,1
"S00117746",1,1,0
"S00117747",2,0,2
"S00117748",1,1,0
"S00117749",1,1,0
"S00117750",4,2,2
"S00117751",1,1,0
"S00117752",0,0,0
"S00117753",4,1,3
"S00117754",0,0,0
"S00117755",4,0,4
"S00117756",0,0,0
"S00117757",1,1,0
"S00117758",0,0,0
"S00117759",1,1,0
"S00117760",0,0,0
"S00117761",0,0,0
"S00117762",2,2,0
"S00117763",1,1,0
"S00117764",5,3,2
"S00117765",3,3,0
"S00117766",0,0,0
"S00117767",0,0,0
"S00117768",1,0,1
"S00117769",0,0,0
"S00117770",0,0,0
"S00117771",3,2,1
"S00117772",2,2,0
"S00117773",6,4,2
"S00117774",3,3,0
"S00117775",0,0,0
"S00117776",0,0,0
"S00117777",0,0,0
"S00117778",2,1,1
"S00117779",0,0,0
"S00117780",3,1,2
"S00117781",0,0,0
"S00117782",6,3,3
"S00117783",0,0,0
"S00117784",7,3,4
"S00117785",3,1,2
"S00117786",2,0,2
"S00117787",1,0,1
"S00117788",3,2,1
"S00117789",0,0,0
"S00117790",0,0,0
"S00117791",4,2,2
"S00117792",3,0,3
"S00117793",0,0,0
"S00117794",0,0,0
"S00117795",0,0,0
"S00117796",2,2,0
"S00117797",4,2,2
"S00117798",1,1,0
"S00117799",4,0,4
"S00117800",5,4,1
"S00117801",3,1,2
"S00117802",4,1,3
"S00117803",1,1,0
"S00117804",3,2,1
"S00117805",2,2,0
"S00117806",0,0,0
"S00117807",2,2,0
"S00117808",0,0,0
"S00117809",2,0,2
"S00117810",2,1,1
"S00117811",2,2,0
"S00117812",2,1,1
"S00117813",2,1,1
"S00117814",7,1,6
"S00117815",6,3,3
"S00117816",6,3,3
"S00117817",7,4,3
"S00117818",0,0,0
"S00117819",3,0,3
"S00117820",0,0,0
"S00117821",6,5,1
"S00117822",6,1,5
"S00117823",1,0,1
"S00117824",0,0,0
"S00117825",3,2,1
"S00117826",2,2,0
"S00117827",1,0,1
"S00117828",0,0,0
"S00117829",2,1,1
"S00117830",2,0,2
"S00117831",8,2,6
"S00117832",5,1,4
"S00117833",2,1,1
"S00117834",2,0,2
"S00117835",2,1,1
"S00117836",0,0,0
"S00117837",4,2,2
"S00117838",1,1,0
"S00117839",0,0,0
"S00117840",6,2,4
"S00117841",0,0,0
"S00117842",3,2,1
"S00117843",3,1,2
"S00117844",4,2,2
"S00117845",6,4,2
"S00117846",0,0,0
"S00117847",0,0,0
"S00117848",5,3,2
"S00117849",1,1,0
"S00117850",5,1,4
"S00117851",3,2,1
"S00117852",3,1,2
"S00117853",2,1,1
"S00117854",4,2,2
"S00117855",6,2,4
"S00117856",4,1,3
"S00117857",5,2,3
"S00117858",2,1,1
"S00117859",1,0,1
"S00117860",9,6,3
"S00117861",8,2,6
"S00117862",1,1,0
"S00117863",2,1,1
"S00117864",1,1,0
"S00117865",4,1,3
"S00117866",1,1,0
"S00117867",2,1,1
"S00117868",9,3,6
"S00117869",4,1,3
"S00117870",0,0,0
"S00117871",1,1,0
"S00117872",5,2,3
"S00117873",2,1,1
"S00117874",0,0,0
"S00117875",0,0,0
"S00117876",2,1,1
"S00117877",0,0,0
"S00117878",5,4,1
"S00117879",2,0,2
"S00117880",1,0,1
"S00117881",5,2,3
"S00117882",3,1,2
"S00117883",0,0,0
"S00117884",3,0,3
"S00117885",0,0,0
"S00117886",3,2,1
"S00117887",0,0,0
"S00117888",0,0,0
"S00117889",4,2,2
"S00117890",7,2,5
"S00117891",7,4,3
"S00117892",3,2,1
"S00117893",4,2,2
"S00117894",5,4,1
"S00117895",4,1,3
"S00117896",3,1,2
"S00117897",1,0,1
"S00117898",0,0,0
"S00117899",0,0,0
"S00117900",7,5,2
"S00117901",0,0,0
"S00117902",2,2,0
"S00117903",6,5,1
"S00117904",3,0,3
"S00117905",2,0,2
"S00117906",4,2,2
"S00117907",3,1,2
"S00117908",0,0,0
"S00117909",1,0,1
"S00117910",3,0,3
"S00117911",2,1,1
"S00117912",4,2,2
"S00117913",6,4,2
"S00117914",3,2,1
"S00117915",2,2,0
"S00117916",2,0,2
"S00117917",5,1,4
"S00117918",5,2,3
"S00117919",4,1,3
"S00117920",0,0,0
"S00117921",1,0,1
"S00117922",3,0,3
"S00117923",1,1,0
"S00117924",0,0,0
"S00117925",6,2,4
"S00117926",4,1,3
"S00117927",4,1,3
"S00117928",2,0,2
"S00117929",1,0,1
"S00117930",1,0,1
"S00117931",4,3,1
"S00117932",1,0,1
"S00117933",0,0,0
"S00117934",2,1,1
"S00117935",0,0,0
"S00117936",0,0,0
"S00117937",0,0,0
"S00117938",3,2,1
"S00117939",2,1,1
"S00117940",3,3,0
"S00117941",0,0,0
"S00117942",5,2,3
"S00117943",0,0,0
"S00117944",0,0,0
"S00117945",2,1,1
"S00117946",1,0,1
"S00117947",1,0,1
"S00117948",0,0,0
"S00117949",3,2,1
"S00117950",4,2,2
"S00117951",3,1,2
"S00117952",1,1,0
"S00117953",1,0,1
"S00117954",3,2,1
"S00117955",5,2,3
"S00117956",1,1,0
"S00117957",1,1,0
"S00117958",0,0,0
"S00117959",1,0,1
"S00117960",3,3,0
"S00117961",0,0,0
"S00117962",3,3,0
"S00117963",3,3,0
"S00117964",1,0,1
"S00117965",2,0,2
"S00117966",0,0,0
"S00117967",2,0,2
"S00117968",0,0,0
"S00117969",2,1,1
"S00117970",0,0,0
"S00117971",1,0,1
"S00117972",1,0,1
"S00117973",1,0,1
"S00117974",5,4,1
"S00117975",3,1,2
"S00117976",2,1,1
"S00117977",6,1,5
"S00117978",0,0,0
"S00117979",5,2,3
"S00117980",1,1,0
"S00117981",2,1,1
"S00117982",7,2,5
"S00117983",5,1,4
"S00117984",1,1,0
"S00117985",6,1,5
"S00117986",2,1,1
"S00117987",3,0,3
"S00117988",7,3,4
"S00117989",5,2,3
"S00117990",1,1,0
"S00117991",3,2,1
"S00117992",1,0,1
"S00117993",1,0,1
"S00117994",2,1,1
"S00117995",4,2,2
"S00117996",3,1,2
"S00117997",0,0,0
"S00117998",0,0,0
"S00117999",4,2,2
"S00118000",5,3,2
"S00118001",7,6,1
"S00118002",0,0,0
"S00118003",0,0,0
"S00118004",4,3,1
"S00118005",1,0,1
"S00118006",3,2,1
"S00118007",1,0,1
"S00118008",0,0,0
"S00118009",1,0,1
"S00118010",1,1,0
"S00118011",2,2,0
"S00118012",1,0,1
"S00118013",2,1,1
"S00118014",2,1,1
"S00118015",4,4,0
"S00118016",5,1,4
"S00118017",2,1,1
"S00118018",2,1,1
"S00118019",1,0,1
"S00118020",1,1,0
"S00118021",2,2,0
"S00118022",3,3,0
"S00118023",0,0,0
"S00118024",1,0,1
"S00118025",4,3,1
"S00118026",10,5,5
"S00118027",2,1,1
"S00118028",2,1,1
"S00118029",1,0,1
"S00118030",2,0,2
"S00118031",3,2,1
"S00118032",1,0,1
"S00118033",0,0,0
"S00118034",1,0,1
"S00118035",0,0,0
"S00118036",2,1,1
"S00118037",1,1,0
"S00118038",2,1,1
"S00118039",3,1,2
"S00118040",3,2,1
"S00118041",3,2,1
"S00118042",4,1,3
"S00118043",1,0,1
"S00118044",5,1,4
"S00118045",3,1,2
"S00118046",2,1,1
"S00118047",0,0,0
"S00118048",1,0,1
"S00118049",3,3,0
"S00118050",3,3,0
"S00118051",2,0,2
"S00118052",2,0,2
"S00118053",5,2,3
"S00118054",3,3,0
"S00118055",4,2,2
"S00118056",3,2,1
"S00118057",0,0,0
"S00118058",2,0,2
"S00118059",6,3,3
"S00118060",4,0,4
"S00118061",4,3,1
"S00118062",0,0,0
"S00118063",3,1,2
"S00118064",4,1,3
"S00118065",1,1,0
"S00118066",0,0,0
"S00118067",1,0,1
"S00118068",2,0,2
"S00118069",0,0,0
"S00118070",1,0,1
"S00118071",2,1,1
"S00118072",3,2,1
"S00118073",2,1,1
"S00118074",3,1,2
"S00118075",3,1,2
"S00118076",1,0,1
"S00118077",1,0,1
"S00118078",0,0,0
"S00118079",0,0,0
"S00118080",0,0,0
"S00118081",1,0,1
"S00118082",4,1,3
"S00118083",1,0,1
"S00118084",1,0,1
"S00118085",0,0,0
"S00118086",1,0,1
"S00118087",3,0,3
"S00118088",0,0,0
"S00118089",4,1,3
"S00118090",3,0,3
"S00118091",1,0,1
"S00118092",1,0,1
"S00118093",0,0,0
"S00118094",5,2,3
"S00118095",4,1,3
"S00118096",4,3,1
"S00118097",1,0,1
"S00118098",0,0,0
"S00118099",1,1,0
"S00118100",1,0,1
"S00118101",0,0,0
"S00118102",3,1,2
"S00118103",0,0,0
"S00118104",1,0,1
"S00118105",0,0,0
"S00118106",1,0,1
"S00118107",0,0,0
"S00118108",4,0,4
"S00118109",3,1,2
"S00118110",1,1,0
"S00118111",7,4,3
"S00118112",0,0,0
"S00118113",6,4,2
"S00118114",1,0,1
"S00118115",1,1,0
"S00118116",0,0,0
"S00118117",1,1,0
"S00118118",3,1,2
"S00118119",1,0,1
"S00118120",2,1,1
"S00118121",0,0,0
"S00118122",1,1,0
"S00118123",1,0,1
"S00118124",1,1,0
"S00118125",1,0,1
"S00118126",0,0,0
"S00118127",0,0,0
"S00118128",3,1,2
"S00118129",4,3,1
"S00118130",1,0,1
"S00118131",0,0,0
"S00118132",2,1,1
"S00118133",1,1,0
"S00118134",3,1,2
"S00118135",1,0,1
"S00118136",2,1,1
"S00118137",1,1,0
"S00118138",3,1,2
"S00118139",1,1,0
"S00118140",1,0,1
"S00118141",0,0,0
"S00118142",2,1,1
"S00118143",0,0,0
"S00118144",1,1,0
"S00118145",0,0,0
"S00118146",0,0,0
"S00118147",2,1,1
"S00118148",2,2,0
"S00118149",1,0,1
"S00118150",2,2,0
"S00118151",1,1,0
"S00118152",2,0,2
"S00118153",0,0,0
"S00118154",0,0,0
"S00118155",2,1,1
"S00118156",0,0,0
"S00118157",2,2,0
"S00118158",0,0,0
"S00118159",1,0,1
"S00118160",0,0,0
"S00118161",0,0,0
"S00118162",1,1,0
"S00118163",4,2,2
"S00118164",4,1,3
"S00118165",2,2,0
"S00118166",0,0,0
"S00118167",4,2,2
"S00118168",2,1,1
"S00118169",0,0,0
"S00118170",2,1,1
"S00118171",2,1,1
"S00118172",1,0,1
"S00118173",3,2,1
"S00118174",1,0,1
"S00118175",0,0,0
"S00118176",1,1,0
"S00118177",5,3,2
"S00118178",1,0,1
"S00118179",0,0,0
"S00118180",0,0,0
"S00118181",0,0,0
"S00118182",1,0,1
"S00118183",1,0,1
"S00118184",0,0,0
"S00118185",3,2,1
"S00118186",5,2,3
"S00118187",1,0,1
"S00118188",2,1,1
"S00118189",1,1,0
"S00118190",1,0,1
"S00118191",0,0,0
"S00118192",2,0,2
"S00118193",2,0,2
"S00118194",1,0,1
"S00118195",2,1,1
"S00118196",3,2,1
"S00118197",0,0,0
"S00118198",1,0,1
"S00118199",1,1,0
"S00118200",2,1,1
"S00118201",0,0,0
"S00118202",0,0,0
"S00118203",0,0,0
"S00118204",1,0,1
"S00118205",2,1,1
"S00118206",0,0,0
"S00118207",1,1,0
"S00118208",0,0,0
"S00118209",1,0,1
"S00118210",3,1,2
"S00118211",3,2,1
"S00118212",1,0,1
"S00118213",3,2,1
"S00118214",0,0,0
"S00118215",2,0,2
"S00118216",0,0,0
"S00118217",1,1,0
"S00118218",1,1,0
"S00118219",0,0,0
"S00118220",2,0,2
"S00118221",3,2,1
"S00118222",2,2,0
"S00118223",0,0,0
"S00118224",0,0,0
"S00118225",2,1,1
"S00118226",2,2,0
"S00118227",1,1,0
"S00118228",1,0,1
"S00118229",1,0,1
"S00118230",1,1,0
"S00118231",0,0,0
"S00118232",0,0,0
"S00118233",0,0,0
"S00118234",3,1,2
"S00118235",0,0,0
"S00118236",1,0,1
"S00118237",2,2,0
"S00118238",0,0,0
"S00118239",1,0,1
"S00118240",3,1,2
"S00118241",0,0,0
"S00118242",1,0,1
"S00118243",3,3,0
"S00118244",2,2,0
"S00118245",2,1,1
"S00118246",2,1,1
"S00118247",0,0,0
"S00118248",0,0,0
"S00118249",2,0,2
"S00118250",0,0,0
"S00118251",0,0,0
"S00118252",0,0,0
"S00118253",3,1,2
"S00118254",0,0,0
"S00118255",1,0,1
"S00118256",2,1,1
"S00118257",0,0,0
"S00118258",1,1,0
"S00118259",0,0,0
"S00118260",3,2,1
"S00118261",0,0,0
"S00118262",0,0,0
"S00118263",1,1,0
"S00118264",0,0,0
"S00118265",0,0,0
"S00118266",0,0,0
"S00118267",2,1,1
"S00118268",0,0,0
"S00118269",0,0,0
"S00118270",0,0,0
"S00118271",1,0,1
"S00118272",4,2,2
"S00118273",0,0,0
"S00118274",4,3,1
"S00118275",1,1,0
"S00118276",0,0,0
"S00118277",0,0,0
"S00118278",1,1,0
"S00118279",2,0,2
"S00118280",6,4,2
"S00118281",3,1,2
"S00118282",0,0,0
"S00118283",1,0,1
"S00118284",2,2,0
"S00118285",0,0,0
"S00118286",9,4,5
"S00118287",0,0,0
"S00118288",4,2,2
"S00118289",2,1,1
"S00118290",0,0,0
"S00118291",5,2,3
"S00118292",2,0,2
"S00118293",1,1,0
"S00118294",0,0,0
"S00118295",3,2,1
"S00118296",0,0,0
"S00118297",6,3,3
"S00118298",1,0,1
"S00118299",0,0,0
"S00118300",6,5,1
"S00118301",0,0,0
"S00118302",0,0,0
"S00118303",5,3,2
"S00118304",2,2,0
"S00118305",9,8,1
"S00118306",0,0,0
"S00118307",10,7,3
"S00118308",1,0,1
"S00118309",0,0,0
"S00118310",0,0,0
"S00118311",4,1,3
"S00118312",1,0,1
"S00118313",0,0,0
"S00118314",1,1,0
"S00118315",0,0,0
"S00118316",0,0,0
"S00118317",2,2,0
"S00118318",0,0,0
"S00118319",1,1,0
"S00118320",1,1,0
"S00118321",0,0,0
"S00118322",6,3,3
"S00118323",1,0,1
"S00118324",0,0,0
"S00118325",4,2,2
"S00118326",1,1,0
"S00118327",1,0,1
"S00118328",1,1,0
"S00118329",1,0,1
"S00118330",0,0,0
"S00118331",0,0,0
"S00118332",2,0,2
"S00118333",3,2,1
"S00118334",2,0,2
"S00118335",2,2,0
"S00118336",3,1,2
"S00118337",0,0,0
"S00118338",3,3,0
"S00118339",1,1,0
"S00118340",2,1,1
"S00118341",4,3,1
"S00118342",0,0,0
"S00118343",2,1,1
"S00118344",2,1,1
"S00118345",0,0,0
"S00118346",0,0,0
"S00118347",4,2,2
"S00118348",1,0,1
"S00118349",5,4,1
"S00118350",4,3,1
"S00118351",0,0,0
"S00118352",1,1,0
"S00118353",0,0,0
"S00118354",2,1,1
"S00118355",1,1,0
"S00118356",5,2,3
"S00118357",2,1,1
"S00118358",5,2,3
"S00118359",0,0,0
"S00118360",3,1,2
"S00118361",1,1,0
"S00118362",1,0,1
"S00118363",6,3,3
"S00118364",4,2,2
"S00118365",1,0,1
"S00118366",3,2,1
"S00118367",0,0,0
"S00118368",0,0,0
"S00118369",2,1,1
"S00118370",7,3,4
"S00118371",0,0,0
"S00118372",0,0,0
"S00118373",1,1,0
"S00118374",3,2,1
"S00118375",3,1,2
"S00118376",4,3,1
"S00118377",1,1,0
"S00118378",0,0,0
"S00118379",0,0,0
"S00118380",0,0,0
"S00118381",0,0,0
"S00118382",0,0,0
"S00118383",0,0,0
"S00118384",2,0,2
"S00118385",0,0,0
"S00118386",1,0,1
"S00118387",1,1,0
"S00118388",2,1,1
"S00118389",1,0,1
"S00118390",0,0,0
"S00118391",0,0,0
"S00118392",0,0,0
"S00118393",3,0,3
"S00118394",1,0,1
"S00118395",1,0,1
"S00118396",1,1,0
"S00118397",0,0,0
"S00118398",0,0,0
"S00118399",0,0,0
"S00118400",1,0,1
"S00118401",0,0,0
"S00118402",0,0,0
"S00118403",0,0,0
"S00118404",7,5,2
"S00118405",0,0,0
"S00118406",1,0,1
"S00118407",9,5,4
"S00118408",4,0,4
"S00118409",2,1,1
"S00118410",1,0,1
"S00118411",3,2,1
"S00118412",3,1,2
"S00118413",3,3,0
"S00118414",1,1,0
"S00118415",1,0,1
"S00118416",2,1,1
"S00118417",5,1,4
"S00118418",3,1,2
"S00118419",0,0,0
"S00118420",0,0,0
"S00118421",0,0,0
"S00118422",0,0,0
"S00118423",0,0,0
"S00118424",4,2,2
"S00118425",1,0,1
"S00118426",4,2,2
"S00118427",2,1,1
"S00118428",2,1,1
"S00118429",0,0,0
"S00118430",3,1,2
"S00118431",2,1,1
"S00118432",5,4,1
"S00118433",0,0,0
"S00118434",1,1,0
"S00118435",1,0,1
"S00118436",2,1,1
"S00118437",0,0,0
"S00118438",0,0,0
"S00118439",1,1,0
"S00118440",1,1,0
"S00118441",0,0,0
"S00118442",0,0,0
"S00118443",0,0,0
"S00118444",1,1,0
"S00118445",2,2,0
"S00118446",0,0,0
"S00118447",5,2,3
"S00118448",1,1,0
"S00118449",1,0,1
"S00118450",0,0,0
"S00118451",1,1,0
"S00118452",1,0,1
"S00118453",0,0,0
"S00118454",0,0,0
"S00118455",1,1,0
"S00118456",1,0,1
"S00118457",0,0,0
"S00118458",0,0,0
"S00118459",0,0,0
"S00118460",0,0,0
"S00118461",4,4,0
"S00118462",1,0,1
"S00118463",1,0,1
"S00118464",0,0,0
"S00118465",0,0,0
"S00118466",1,0,1
"S00118467",7,5,2
"S00118468",0,0,0
"S00118469",2,1,1
"S00118470",3,0,3
"S00118471",1,0,1
"S00118472",2,2,0
"S00118473",0,0,0
"S00118474",0,0,0
"S00118475",1,1,0
"S00118476",0,0,0
"S00118477",1,0,1
"S00118478",1,0,1
"S00118479",0,0,0
"S00118480",1,0,1
"S00118481",4,1,3
"S00118482",5,4,1
"S00118483",1,1,0
"S00118484",2,2,0
"S00118485",4,2,2
"S00118486",0,0,0
"S00118487",0,0,0
"S00118488",0,0,0
"S00118489",1,1,0
"S00118490",0,0,0
"S00118491",2,0,2
"S00118492",0,0,0
"S00118493",3,3,0
"S00118494",0,0,0
"S00118495",0,0,0
"S00118496",0,0,0
"S00118497",4,1,3
"S00118498",2,0,2
"S00118499",0,0,0
"S00118500",2,1,1
"S00118501",0,0,0
"S00118502",5,5,0
"S00118503",1,1,0
"S00118504",2,1,1
"S00118505",1,1,0
"S00118506",3,1,2
"S00118507",5,4,1
"S00118508",3,0,3
"S00118509",0,0,0
"S00118510",0,0,0
"S00118511",1,0,1
"S00118512",5,3,2
"S00118513",0,0,0
"S00118514",0,0,0
"S00118515",4,2,2
"S00118516",1,1,0
"S00118517",0,0,0
"S00118518",0,0,0
"S00118519",1,0,1
"S00118520",0,0,0
"S00118521",1,1,0
"S00118522",2,0,2
"S00118523",0,0,0
"S00118524",0,0,0
"S00118525",0,0,0
"S00118526",0,0,0
"S00118527",1,1,0
"S00118528",0,0,0
"S00118529",0,0,0
"S00118530",1,1,0
"S00118531",0,0,0
"S00118532",0,0,0
"S00118533",0,0,0
"S00118534",0,0,0
"S00118535",0,0,0
"S00118536",0,0,0
"S00118537",0,0,0
"S00118538",0,0,0
"S00118539",0,0,0
"S00118540",0,0,0
"S00118541",0,0,0
"S00118542",0,0,0
"S00118543",0,0,0
"S00118544",2,1,1
"S00118545",0,0,0
"S00118546",2,0,2
"S00118547",0,0,0
"S00118548",1,1,0
"S00118549",1,0,1
"S00118550",0,0,0
"S00118551",1,0,1
"S00118552",0,0,0
"S00118553",6,1,5
"S00118554",1,0,1
"S00118555",1,1,0
"S00118556",4,1,3
"S00118557",4,2,2
"S00118558",0,0,0
"S00118559",0,0,0
"S00118560",2,1,1
"S00118561",2,2,0
"S00118562",0,0,0
"S00118563",6,5,1
"S00118564",5,3,2
"S00118565",1,1,0
"S00118566",0,0,0
"S00118567",2,1,1
"S00118568",0,0,0
"S00118569",3,1,2
"S00118570",0,0,0
"S00118571",1,0,1
"S00118572",1,1,0
"S00118573",0,0,0
"S00118574",2,2,0
"S00118575",1,1,0
"S00118576",1,0,1
"S00118577",0,0,0
"S00118578",0,0,0
"S00118579",4,2,2
"S00118580",0,0,0
"S00118581",2,1,1
"S00118582",3,1,2
"S00118583",3,1,2
"S00118584",2,2,0
"S00118585",1,1,0
"S00118586",0,0,0
"S00118587",1,1,0
"S00118588",4,2,2
"S00118589",0,0,0
"S00118590",1,0,1
"S00118591",0,0,0
"S00118592",0,0,0
"S00118593",1,0,1
"S00118594",1,0,1
"S00118595",0,0,0
"S00118596",5,2,3
"S00118597",2,1,1
"S00118598",3,2,1
"S00118599",5,5,0
"S00118600",0,0,0
"S00118601",3,2,1
"S00118602",2,1,1
"S00118603",0,0,0
"S00118604",0,0,0
"S00118605",7,2,5
"S00118606",0,0,0
"S00118607",0,0,0
"S00118608",1,1,0
"S00118609",2,0,2
"S00118610",1,1,0
"S00118611",2,1,1
"S00118612",0,0,0
"S00118613",0,0,0
"S00118614",1,0,1
"S00118615",5,3,2
"S00118616",0,0,0
"S00118617",0,0,0
"S00118618",0,0,0
"S00118619",0,0,0
"S00118620",0,0,0
"S00118621",1,1,0
"S00118622",0,0,0
"S00118623",0,0,0
"S00118624",0,0,0
"S00118625",2,0,2
"S00118626",0,0,0
"S00118627",0,0,0
"S00118628",0,0,0
"S00118629",1,1,0
"S00118630",6,3,3
"S00118631",5,2,3
"S00118632",0,0,0
"S00118633",3,0,3
"S00118634",3,1,2
"S00118635",0,0,0
"S00118636",1,0,1
"S00118637",0,0,0
"S00118638",5,4,1
"S00118639",2,0,2
"S00118640",0,0,0
"S00118641",0,0,0
"S00118642",0,0,0
"S00118643",0,0,0
"S00118644",0,0,0
"S00118645",1,0,1
"S00118646",1,0,1
"S00118647",3,3,0
"S00118648",0,0,0
"S00118649",4,1,3
"S00118650",1,1,0
"S00118651",0,0,0
"S00118652",0,0,0
"S00118653",4,1,3
"S00118654",0,0,0
"S00118655",4,2,2
"S00118656",2,1,1
"S00118657",4,2,2
"S00118658",3,2,1
"S00118659",1,1,0
"S00118660",2,1,1
"S00118661",1,0,1
"S00118662",3,2,1
"S00118663",0,0,0
"S00118664",0,0,0
"S00118665",1,1,0
"S00118666",1,0,1
"S00118667",1,0,1
"S00118668",3,1,2
"S00118669",1,1,0
"S00118670",1,0,1
"S00118671",2,2,0
"S00118672",0,0,0
"S00118673",1,0,1
"S00118674",0,0,0
"S00118675",0,0,0
"S00118676",3,2,1
"S00118677",5,2,3
"S00118678",0,0,0
"S00118679",1,0,1
"S00118680",0,0,0
"S00118681",1,1,0
"S00118682",1,0,1
"S00118683",3,2,1
"S00118684",1,1,0
"S00118685",0,0,0
"S00118686",2,0,2
"S00118687",5,2,3
"S00118688",5,2,3
"S00118689",2,1,1
"S00118690",5,4,1
"S00118691",1,1,0
"S00118692",3,2,1
"S00118693",2,1,1
"S00118694",0,0,0
"S00118695",5,4,1
"S00118696",0,0,0
"S00118697",2,1,1
"S00118698",5,3,2
"S00118699",6,3,3
"S00118700",2,2,0
"S00118701",2,1,1
"S00118702",2,2,0
"S00118703",5,4,1
"S00118704",0,0,0
"S00118705",0,0,0
"S00118706",2,1,1
"S00118707",0,0,0
"S00118708",0,0,0
"S00118709",2,1,1
"S00118710",2,1,1
"S00118711",0,0,0
"S00118712",0,0,0
"S00118713",0,0,0
"S00118714",1,1,0
"S00118715",0,0,0
"S00118716",1,1,0
"S00118717",5,3,2
"S00118718",0,0,0
"S00118719",2,0,2
"S00118720",0,0,0
"S00118721",0,0,0
"S00118722",0,0,0
"S00118723",0,0,0
"S00118724",2,2,0
"S00118725",1,0,1
"S00118726",1,1,0
"S00118727",2,1,1
"S00118728",3,1,2
"S00118729",1,0,1
"S00118730",0,0,0
"S00118731",0,0,0
"S00118732",0,0,0
"S00118733",0,0,0
"S00118734",1,1,0
"S00118735",1,1,0
"S00118736",1,1,0
"S00118737",0,0,0
"S00118738",0,0,0
"S00118739",2,1,1
"S00118740",4,3,1
"S00118741",0,0,0
"S00118742",3,2,1
"S00118743",0,0,0
"S00118744",4,1,3
"S00118745",0,0,0
"S00118746",2,1,1
"S00118747",2,0,2
"S00118748",0,0,0
"S00118749",3,2,1
"S00118750",6,4,2
"S00118751",2,2,0
"S00118752",4,2,2
"S00118753",9,3,6
"S00118754",5,2,3
"S00118755",7,4,3
"S00118756",4,2,2
"S00118757",3,2,1
"S00118758",0,0,0
"S00118759",0,0,0
"S00118760",5,2,3
"S00118761",2,1,1
"S00118762",2,1,1
"S00118763",5,3,2
"S00118764",2,1,1
"S00118765",2,0,2
"S00118766",0,0,0
"S00118767",1,0,1
"S00118768",0,0,0
"S00118769",0,0,0
"S00118770",0,0,0
"S00118771",0,0,0
"S00118772",0,0,0
"S00118773",0,0,0
"S00118774",0,0,0
"S00118775",0,0,0
"S00118776",1,1,0
"S00118777",1,0,1
"S00118778",2,1,1
"S00118779",0,0,0
"S00118780",2,0,2
"S00118781",0,0,0
"S00118782",5,5,0
"S00118783",2,1,1
"S00118784",2,0,2
"S00118785",10,4,6
"S00118786",4,1,3
"S00118787",0,0,0
"S00118788",0,0,0
"S00118789",3,3,0
"S00118790",0,0,0
"S00118791",0,0,0
"S00118792",0,0,0
"S00118793",5,2,3
"S00118794",3,1,2
"S00118795",0,0,0
"S00118796",2,1,1
"S00118797",0,0,0
"S00118798",1,0,1
"S00118799",0,0,0
"S00118800",0,0,0
"S00118801",0,0,0
"S00118802",0,0,0
"S00118803",0,0,0
"S00118804",2,1,1
"S00118805",1,1,0
"S00118806",0,0,0
"S00118807",0,0,0
"S00118808",0,0,0
"S00118809",0,0,0
"S00118810",2,0,2
"S00118811",2,1,1
"S00118812",1,1,0
"S00118813",0,0,0
"S00118814",0,0,0
"S00118815",0,0,0
"S00118816",0,0,0
"S00118817",0,0,0
"S00118818",0,0,0
"S00118819",0,0,0
"S00118820",0,0,0
"S00118821",4,1,3
"S00118822",1,1,0
"S00118823",1,1,0
"S00118824",1,1,0
"S00118825",1,0,1
"S00118826",0,0,0
"S00118827",2,0,2
"S00118828",4,2,2
"S00118829",1,1,0
"S00118830",1,0,1
"S00118831",5,2,3
"S00118832",2,1,1
"S00118833",0,0,0
"S00118834",1,1,0
"S00118835",0,0,0
"S00118836",0,0,0
"S00118837",0,0,0
"S00118838",0,0,0
"S00118839",1,0,1
"S00118840",1,0,1
"S00118841",0,0,0
"S00118842",2,1,1
"S00118843",0,0,0
"S00118844",0,0,0
"S00118845",0,0,0
"S00118846",4,0,4
"S00118847",3,2,1
"S00118848",0,0,0
"S00118849",0,0,0
"S00118850",1,0,1
"S00118851",0,0,0
"S00118852",0,0,0
"S00118853",2,1,1
"S00118854",1,0,1
"S00118855",0,0,0
"S00118856",1,0,1
"S00118857",0,0,0
"S00118858",0,0,0
"S00118859",0,0,0
"S00118860",1,1,0
"S00118861",1,1,0
"S00118862",0,0,0
"S00118863",1,0,1
"S00118864",1,0,1
"S00118865",0,0,0
"S00118866",1,1,0
"S00118867",0,0,0
"S00118868",0,0,0
"S00118869",0,0,0
"S00118870",1,0,1
"S00118871",0,0,0
"S00118872",0,0,0
"S00118873",1,1,0
"S00118874",0,0,0
"S00118875",2,0,2
"S00118876",1,0,1
"S00118877",0,0,0
"S00118878",3,3,0
"S00118879",2,1,1
"S00118880",1,1,0
"S00118881",0,0,0
"S00118882",0,0,0
"S00118883",0,0,0
"S00118884",1,0,1
"S00118885",1,0,1
"S00118886",1,0,1
"S00118887",2,0,2
"S00118888",1,1,0
"S00118889",2,0,2
"S00118890",2,1,1
"S00118891",2,1,1
"S00118892",1,0,1
"S00118893",0,0,0
"S00118894",0,0,0
"S00118895",2,0,2
"S00118896",1,1,0
"S00118897",0,0,0
"S00118898",0,0,0
"S00118899",0,0,0
"S00118900",2,0,2
"S00118901",0,0,0
"S00118902",1,0,1
"S00118903",2,1,1
"S00118904",3,1,2
"S00118905",1,1,0
"S00118906",1,0,1
"S00118907",4,1,3
"S00118908",4,2,2
"S00118909",1,0,1
"S00118910",0,0,0
"S00118911",2,1,1
"S00118912",0,0,0
"S00118913",0,0,0
"S00118914",0,0,0
"S00118915",0,0,0
"S00118916",5,1,4
"S00118917",3,1,2
"S00118918",0,0,0
"S00118919",0,0,0
"S00118920",0,0,0
"S00118921",0,0,0
"S00118922",0,0,0
"S00118923",0,0,0
"S00118924",5,4,1
"S00118925",0,0,0
"S00118926",1,0,1
"S00118927",0,0,0
"S00118928",1,0,1
"S00118929",0,0,0
"S00118930",1,0,1
"S00118931",4,3,1
"S00118932",1,1,0
"S00118933",2,2,0
"S00118934",0,0,0
"S00118935",0,0,0
"S00118936",1,1,0
"S00118937",0,0,0
"S00118938",3,2,1
"S00118939",2,1,1
"S00118940",3,1,2
"S00118941",3,2,1
"S00118942",3,3,0
"S00118943",0,0,0
"S00118944",3,0,3
"S00118945",1,0,1
"S00118946",1,1,0
"S00118947",1,0,1
"S00118948",0,0,0
"S00118949",0,0,0
"S00118950",1,0,1
"S00118951",1,0,1
"S00118952",0,0,0
"S00118953",0,0,0
"S00118954",1,0,1
"S00118955",6,2,4
"S00118956",2,2,0
"S00118957",3,1,2
"S00118958",0,0,0
"S00118959",1,0,1
"S00118960",1,0,1
"S00118961",1,0,1
"S00118962",1,0,1
"S00118963",0,0,0
"S00118964",1,0,1
"S00118965",1,1,0
"S00118966",1,1,0
"S00118967",2,0,2
"S00118968",3,1,2
"S00118969",3,1,2
"S00118970",3,2,1
"S00118971",1,1,0
"S00118972",1,0,1
"S00118973",1,0,1
"S00118974",4,2,2
"S00118975",0,0,0
"S00118976",2,0,2
"S00118977",2,0,2
"S00118978",1,0,1
"S00118979",1,0,1
"S00118980",1,1,0
"S00118981",3,1,2
"S00118982",3,1,2
"S00118983",2,1,1
"S00118984",0,0,0
"S00118985",2,0,2
"S00118986",0,0,0
"S00118987",0,0,0
"S00118988",2,2,0
"S00118989",0,0,0
"S00118990",6,4,2
"S00118991",3,3,0
"S00118992",2,1,1
"S00118993",1,0,1
"S00118994",2,2,0
"S00118995",2,0,2
"S00118996",1,0,1
"S00118997",3,1,2
"S00118998",5,4,1
"S00118999",0,0,0
"S00119000",1,1,0
"S00119001",3,2,1
"S00119002",0,0,0
"S00119003",3,0,3
"S00119004",4,1,3
"S00119005",0,0,0
"S00119006",1,0,1
"S00119007",5,1,4
"S00119008",0,0,0
"S00119009",2,1,1
"S00119010",0,0,0
"S00119011",2,0,2
"S00119012",3,1,2
"S00119013",3,1,2
"S00119014",0,0,0
"S00119015",0,0,0
"S00119016",0,0,0
"S00119017",0,0,0
"S00119018",0,0,0
"S00119019",0,0,0
"S00119020",2,0,2
"S00119021",2,2,0
"S00119022",1,0,1
"S00119023",0,0,0
"S00119024",0,0,0
"S00119025",1,0,1
"S00119026",2,0,2
"S00119027",2,0,2
"S00119028",0,0,0
"S00119029",2,1,1
"S00119030",1,1,0
"S00119031",0,0,0
"S00119032",2,1,1
"S00119033",1,0,1
"S00119034",1,0,1
"S00119035",1,0,1
"S00119036",1,0,1
"S00119037",2,1,1
"S00119038",1,0,1
"S00119039",0,0,0
"S00119040",4,2,2
"S00119041",0,0,0
"S00119042",0,0,0
"S00119043",1,0,1
"S00119044",0,0,0
"S00119045",2,1,1
"S00119046",0,0,0
"S00119047",0,0,0
"S00119048",1,1,0
"S00119049",0,0,0
"S00119050",1,0,1
"S00119051",0,0,0
"S00119052",2,1,1
"S00119053",2,0,2
"S00119054",3,3,0
"S00119055",0,0,0
"S00119056",1,1,0
"S00119057",3,1,2
"S00119058",4,1,3
"S00119059",0,0,0
"S00119060",1,1,0
"S00119061",3,1,2
"S00119062",1,0,1
"S00119063",1,0,1
"S00119064",1,1,0
"S00119065",2,1,1
"S00119066",2,1,1
"S00119067",2,2,0
"S00119068",2,2,0
"S00119069",1,1,0
"S00119070",3,3,0
"S00119071",0,0,0
"S00119072",3,3,0
"S00119073",2,2,0
"S00119074",3,1,2
"S00119075",0,0,0
"S00119076",0,0,0
"S00119077",0,0,0
"S00119078",3,2,1
"S00119079",0,0,0
"S00119080",2,1,1
"S00119081",1,0,1
"S00119082",1,0,1
"S00119083",4,2,2
"S00119084",0,0,0
"S00119085",1,0,1
"S00119086",1,1,0
"S00119087",6,4,2
"S00119088",0,0,0
"S00119089",0,0,0
"S00119090",1,1,0
"S00119091",5,1,4
"S00119092",1,0,1
"S00119093",1,1,0
"S00119094",3,1,2
"S00119095",3,2,1
"S00119096",1,1,0
"S00119097",0,0,0
"S00119098",3,1,2
"S00119099",3,3,0
"S00119100",1,1,0
"S00119101",2,0,2
"S00119102",1,0,1
"S00119103",4,1,3
"S00119104",1,0,1
"S00119105",0,0,0
"S00119106",1,0,1
"S00119107",0,0,0
"S00119108",1,0,1
"S00119109",2,2,0
"S00119110",4,2,2
"S00119111",3,0,3
"S00119112",6,3,3
"S00119113",0,0,0
"S00119114",1,1,0
"S00119115",3,0,3
"S00119116",1,0,1
"S00119117",4,1,3
"S00119118",1,1,0
"S00119119",0,0,0
"S00119120",4,1,3
"S00119121",2,1,1
"S00119122",1,1,0
"S00119123",2,2,0
"S00119124",0,0,0
"S00119125",1,1,0
"S00119126",1,0,1
"S00119127",3,2,1
"S00119128",1,1,0
"S00119129",1,1,0
"S00119130",3,1,2
"S00119131",3,1,2
"S00119132",1,1,0
"S00119133",0,0,0
"S00119134",0,0,0
"S00119135",0,0,0
"S00119136",0,0,0
"S00119137",4,1,3
"S00119138",0,0,0
"S00119139",0,0,0
"S00119140",2,1,1
"S00119141",0,0,0
"S00119142",0,0,0
"S00119143",3,1,2
"S00119144",2,2,0
"S00119145",2,1,1
"S00119146",0,0,0
"S00119147",1,1,0
"S00119148",0,0,0
"S00119149",3,1,2
"S00119150",3,1,2
"S00119151",0,0,0
"S00119152",2,0,2
"S00119153",1,1,0
"S00119154",3,0,3
"S00119155",1,0,1
"S00119156",3,0,3
"S00119157",0,0,0
"S00119158",4,4,0
"S00119159",5,3,2
"S00119160",2,1,1
"S00119161",3,2,1
"S00119162",3,1,2
"S00119163",1,0,1
"S00119164",0,0,0
"S00119165",8,5,3
"S00119166",4,2,2
"S00119167",1,1,0
"S00119168",2,2,0
"S00119169",2,0,2
"S00119170",1,1,0
"S00119171",1,1,0
"S00119172",0,0,0
"S00119173",3,2,1
"S00119174",3,1,2
"S00119175",3,3,0
"S00119176",1,1,0
"S00119177",3,1,2
"S00119178",0,0,0
"S00119179",3,2,1
"S00119180",2,1,1
"S00119181",1,1,0
"S00119182",1,0,1
"S00119183",5,5,0
"S00119184",0,0,0
"S00119185",2,1,1
"S00119186",1,1,0
"S00119187",0,0,0
"S00119188",0,0,0
"S00119189",2,0,2
"S00119190",3,2,1
"S00119191",4,1,3
"S00119192",1,1,0
"S00119193",1,0,1
"S00119194",1,0,1
"S00119195",1,1,0
"S00119196",3,1,2
"S00119197",0,0,0
"S00119198",2,1,1
"S00119199",0,0,0
"S00119200",1,0,1
"S00119201",0,0,0
"S00119202",4,1,3
"S00119203",1,1,0
"S00119204",1,1,0
"S00119205",1,1,0
"S00119206",0,0,0
"S00119207",3,2,1
"S00119208",3,3,0
"S00119209",5,3,2
"S00119210",1,0,1
"S00119211",0,0,0
"S00119212",0,0,0
"S00119213",5,2,3
"S00119214",0,0,0
"S00119215",0,0,0
"S00119216",1,1,0
"S00119217",0,0,0
"S00119218",1,1,0
"S00119219",1,1,0
"S00119220",1,0,1
"S00119221",1,0,1
"S00119222",4,2,2
"S00119223",0,0,0
"S00119224",0,0,0
"S00119225",7,5,2
"S00119226",3,2,1
"S00119227",0,0,0
"S00119228",0,0,0
"S00119229",2,0,2
"S00119230",1,0,1
"S00119231",0,0,0
"S00119232",6,2,4
"S00119233",4,1,3
"S00119234",2,0,2
"S00119235",3,0,3
"S00119236",2,1,1
"S00119237",4,3,1
"S00119238",2,2,0
"S00119239",0,0,0
"S00119240",0,0,0
"S00119241",0,0,0
"S00119242",2,1,1
"S00119243",0,0,0
"S00119244",0,0,0
"S00119245",1,1,0
"S00119246",0,0,0
"S00119247",0,0,0
"S00119248",0,0,0
"S00119249",1,0,1
"S00119250",4,3,1
"S00119251",9,3,6
"S00119252",0,0,0
"S00119253",0,0,0
"S00119254",0,0,0
"S00119255",3,1,2
"S00119256",0,0,0
"S00119257",6,0,6
"S00119258",0,0,0
"S00119259",0,0,0
"S00119260",5,2,3
"S00119261",2,2,0
"S00119262",2,2,0
"S00119263",2,1,1
"S00119264",2,1,1
"S00119265",5,1,4
"S00119266",0,0,0
"S00119267",1,1,0
"S00119268",4,1,3
"S00119269",0,0,0
"S00119270",0,0,0
"S00119271",1,0,1
"S00119272",4,0,4
"S00119273",4,1,3
"S00119274",1,1,0
"S00119275",1,1,0
"S00119276",1,0,1
"S00119277",1,1,0
"S00119278",3,1,2
"S00119279",0,0,0
"S00119280",4,2,2
"S00119281",1,1,0
"S00119282",0,0,0
"S00119283",5,2,3
"S00119284",4,2,2
"S00119285",5,2,3
"S00119286",0,0,0
"S00119287",1,1,0
"S00119288",1,0,1
"S00119289",0,0,0
"S00119290",0,0,0
"S00119291",1,1,0
"S00119292",1,0,1
"S00119293",1,1,0
"S00119294",4,3,1
"S00119295",2,0,2
"S00119296",2,1,1
"S00119297",1,1,0
"S00119298",0,0,0
"S00119299",3,2,1
"S00119300",3,3,0
"S00119301",1,0,1
"S00119302",0,0,0
"S00119303",3,1,2
"S00119304",6,2,4
"S00119305",8,2,6
"S00119306",1,0,1
"S00119307",4,2,2
"S00119308",2,0,2
"S00119309",1,0,1
"S00119310",1,1,0
"S00119311",2,0,2
"S00119312",0,0,0
"S00119313",1,1,0
"S00119314",6,3,3
"S00119315",0,0,0
"S00119316",5,1,4
"S00119317",2,1,1
"S00119318",0,0,0
"S00119319",4,1,3
"S00119320",3,2,1
"S00119321",6,3,3
"S00119322",1,0,1
"S00119323",2,0,2
"S00119324",5,2,3
"S00119325",10,5,5
"S00119326",5,3,2
"S00119327",1,0,1
"S00119328",3,1,2
"S00119329",4,2,2
"S00119330",0,0,0
"S00119331",1,1,0
"S00119332",3,0,3
"S00119333",0,0,0
"S00119334",3,2,1
"S00119335",0,0,0
"S00119336",0,0,0
"S00119337",4,2,2
"S00119338",0,0,0
"S00119339",0,0,0
"S00119340",2,1,1
"S00119341",4,0,4
"S00119342",6,2,4
"S00119343",1,0,1
"S00119344",2,2,0
"S00119345",3,2,1
"S00119346",3,1,2
"S00119347",4,3,1
"S00119348",6,2,4
"S00119349",5,3,2
"S00119350",0,0,0
"S00119351",5,1,4
"S00119352",6,5,1
"S00119353",3,1,2
"S00119354",2,2,0
"S00119355",2,1,1
"S00119356",4,2,2
"S00119357",0,0,0
"S00119358",0,0,0
"S00119359",1,0,1
"S00119360",4,2,2
"S00119361",0,0,0
"S00119362",4,1,3
"S00119363",1,1,0
"S00119364",1,0,1
"S00119365",4,3,1
"S00119366",2,0,2
"S00119367",4,2,2
"S00119368",4,2,2
"S00119369",1,1,0
"S00119370",0,0,0
"S00119371",0,0,0
"S00119372",1,0,1
"S00119373",0,0,0
"S00119374",2,0,2
"S00119375",0,0,0
"S00119376",0,0,0
"S00119377",4,3,1
"S00119378",4,0,4
"S00119379",2,0,2
"S00119380",4,3,1
"S00119381",1,1,0
"S00119382",0,0,0
"S00119383",0,0,0
"S00119384",1,0,1
"S00119385",2,1,1
"S00119386",3,1,2
"S00119387",3,1,2
"S00119388",3,1,2
"S00119389",3,1,2
"S00119390",0,0,0
"S00119391",0,0,0
"S00119392",0,0,0
"S00119393",2,0,2
"S00119394",1,1,0
"S00119395",2,0,2
"S00119396",2,2,0
"S00119397",2,2,0
"S00119398",0,0,0
"S00119399",0,0,0
"S00119400",0,0,0
"S00119401",3,1,2
"S00119402",0,0,0
"S00119403",2,0,2
"S00119404",8,3,5
"S00119405",1,1,0
"S00119406",1,1,0
"S00119407",3,1,2
"S00119408",2,0,2
"S00119409",5,3,2
"S00119410",3,0,3
"S00119411",1,1,0
"S00119412",3,0,3
"S00119413",2,0,2
"S00119414",3,1,2
"S00119415",1,0,1
"S00119416",1,1,0
"S00119417",0,0,0
"S00119418",2,2,0
"S00119419",0,0,0
"S00119420",2,0,2
"S00119421",1,1,0
"S00119422",1,0,1
"S00119423",0,0,0
"S00119424",1,1,0
"S00119425",0,0,0
"S00119426",2,1,1
"S00119427",2,0,2
"S00119428",2,1,1
"S00119429",1,1,0
"S00119430",4,2,2
"S00119431",1,0,1
"S00119432",0,0,0
"S00119433",3,1,2
"S00119434",2,1,1
"S00119435",0,0,0
"S00119436",0,0,0
"S00119437",2,0,2
"S00119438",4,2,2
"S00119439",1,1,0
"S00119440",0,0,0
"S00119441",3,2,1
"S00119442",1,0,1
"S00119443",3,0,3
"S00119444",0,0,0
"S00119445",0,0,0
"S00119446",0,0,0
"S00119447",0,0,0
"S00119448",2,1,1
"S00119449",0,0,0
"S00119450",0,0,0
"S00119451",1,0,1
"S00119452",0,0,0
"S00119453",2,1,1
"S00119454",1,1,0
"S00119455",3,1,2
"S00119456",0,0,0
"S00119457",2,2,0
"S00119458",2,0,2
"S00119459",0,0,0
"S00119460",2,1,1
"S00119461",6,3,3
"S00119462",2,1,1
"S00119463",1,0,1
"S00119464",0,0,0
"S00119465",0,0,0
"S00119466",2,0,2
"S00119467",0,0,0
"S00119468",1,0,1
"S00119469",1,1,0
"S00119470",0,0,0
"S00119471",0,0,0
"S00119472",0,0,0
"S00119473",1,1,0
"S00119474",2,1,1
"S00119475",1,0,1
"S00119476",0,0,0
"S00119477",0,0,0
"S00119478",0,0,0
"S00119479",0,0,0
"S00119480",0,0,0
"S00119481",2,2,0
"S00119482",1,0,1
"S00119483",3,1,2
"S00119484",0,0,0
"S00119485",0,0,0
"S00119486",0,0,0
"S00119487",0,0,0
"S00119488",0,0,0
"S00119489",0,0,0
"S00119490",0,0,0
"S00119491",2,0,2
"S00119492",1,1,0
"S00119493",2,1,1
"S00119494",2,2,0
"S00119495",0,0,0
"S00119496",3,1,2
"S00119497",4,3,1
"S00119498",0,0,0
"S00119499",1,0,1
"S00119500",3,0,3
"S00119501",2,1,1
"S00119502",2,0,2
"S00119503",4,1,3
"S00119504",2,0,2
"S00119505",1,1,0
"S00119506",3,0,3
"S00119507",0,0,0
"S00119508",4,3,1
"S00119509",2,1,1
"S00119510",5,3,2
"S00119511",3,0,3
"S00119512",1,0,1
"S00119513",1,1,0
"S00119514",0,0,0
"S00119515",0,0,0
"S00119516",2,0,2
"S00119517",2,1,1
"S00119518",5,4,1
"S00119519",0,0,0
"S00119520",2,1,1
"S00119521",1,0,1
"S00119522",0,0,0
"S00119523",2,1,1
"S00119524",0,0,0
"S00119525",1,0,1
"S00119526",2,0,2
"S00119527",2,2,0
"S00119528",1,0,1
"S00119529",3,1,2
"S00119530",1,0,1
"S00119531",6,1,5
"S00119532",0,0,0
"S00119533",2,2,0
"S00119534",0,0,0
"S00119535",0,0,0
"S00119536",0,0,0
"S00119537",0,0,0
"S00119538",0,0,0
"S00119539",0,0,0
"S00119540",0,0,0
"S00119541",9,4,5
"S00119542",1,0,1
"S00119543",3,1,2
"S00119544",0,0,0
"S00119545",0,0,0
"S00119546",0,0,0
"S00119547",1,1,0
"S00119548",1,0,1
"S00119549",1,0,1
"S00119550",3,3,0
"S00119551",1,1,0
"S00119552",9,2,7
"S00119553",1,0,1
"S00119554",0,0,0
"S00119555",1,1,0
"S00119556",3,3,0
"S00119557",3,1,2
"S00119558",0,0,0
"S00119559",0,0,0
"S00119560",0,0,0
"S00119561",0,0,0
"S00119562",0,0,0
"S00119563",0,0,0
"S00119564",2,1,1
"S00119565",7,4,3
"S00119566",2,1,1
"S00119567",1,0,1
"S00119568",4,3,1
"S00119569",0,0,0
"S00119570",1,1,0
"S00119571",0,0,0
"S00119572",3,0,3
"S00119573",1,1,0
"S00119574",2,1,1
"S00119575",0,0,0
"S00119576",1,0,1
"S00119577",1,1,0
"S00119578",1,0,1
"S00119579",0,0,0
"S00119580",2,0,2
"S00119581",5,2,3
"S00119582",0,0,0
"S00119583",3,2,1
"S00119584",1,1,0
"S00119585",3,2,1
"S00119586",3,3,0
"S00119587",1,0,1
"S00119588",1,0,1
"S00119589",0,0,0
"S00119590",2,1,1
"S00119591",0,0,0
"S00119592",5,2,3
"S00119593",1,0,1
"S00119594",1,0,1
"S00119595",6,4,2
"S00119596",1,0,1
"S00119597",8,4,4
"S00119598",0,0,0
"S00119599",0,0,0
"S00119600",7,2,5
"S00119601",0,0,0
"S00119602",1,0,1
"S00119603",0,0,0
"S00119604",1,1,0
"S00119605",3,0,3
"S00119606",3,1,2
"S00119607",3,2,1
"S00119608",2,0,2
"S00119609",2,1,1
"S00119610",0,0,0
"S00119611",2,0,2
"S00119612",2,0,2
"S00119613",0,0,0
"S00119614",1,1,0
"S00119615",3,1,2
"S00119616",0,0,0
"S00119617",0,0,0
"S00119618",3,2,1
"S00119619",1,1,0
"S00119620",4,2,2
"S00119621",6,5,1
"S00119622",0,0,0
"S00119623",3,1,2
"S00119624",2,1,1
"S00119625",3,2,1
"S00119626",1,1,0
"S00119627",6,4,2
"S00119628",2,2,0
"S00119629",0,0,0
"S00119630",0,0,0
"S00119631",1,1,0
"S00119632",1,1,0
"S00119633",1,1,0
"S00119634",5,2,3
"S00119635",0,0,0
"S00119636",1,0,1
"S00119637",3,0,3
"S00119638",0,0,0
"S00119639",0,0,0
"S00119640",4,1,3
"S00119641",2,1,1
"S00119642",0,0,0
"S00119643",0,0,0
"S00119644",4,3,1
"S00119645",0,0,0
"S00119646",0,0,0
"S00119647",0,0,0
"S00119648",0,0,0
"S00119649",1,0,1
"S00119650",1,1,0
"S00119651",2,0,2
"S00119652",0,0,0
"S00119653",1,0,1
"S00119654",0,0,0
"S00119655",0,0,0
"S00119656",1,0,1
"S00119657",0,0,0
"S00119658",2,1,1
"S00119659",0,0,0
"S00119660",3,2,1
"S00119661",1,1,0
"S00119662",4,1,3
"S00119663",4,1,3
"S00119664",4,1,3
"S00119665",8,3,5
"S00119666",1,0,1
"S00119667",3,2,1
"S00119668",0,0,0
"S00119669",9,4,5
"S00119670",7,3,4
"S00119671",0,0,0
"S00119672",1,0,1
"S00119673",1,1,0
"S00119674",1,1,0
"S00119675",0,0,0
"S00119676",10,5,5
"S00119677",0,0,0
"S00119678",6,3,3
"S00119679",2,1,1
"S00119680",1,0,1
"S00119681",8,4,4
"S00119682",2,2,0
"S00119683",3,1,2
"S00119684",2,2,0
"S00119685",1,0,1
"S00119686",0,0,0
"S00119687",1,0,1
"S00119688",1,1,0
"S00119689",0,0,0
"S00119690",0,0,0
"S00119691",1,1,0
"S00119692",0,0,0
"S00119693",2,1,1
"S00119694",0,0,0
"S00119695",0,0,0
"S00119696",3,3,0
"S00119697",4,4,0
"S00119698",0,0,0
"S00119699",0,0,0
"S00119700",0,0,0
"S00119701",1,1,0
"S00119702",2,1,1
"S00119703",2,1,1
"S00119704",1,1,0
"S00119705",2,0,2
"S00119706",2,1,1
"S00119707",0,0,0
"S00119708",1,1,0
"S00119709",0,0,0
"S00119710",0,0,0
"S00119711",0,0,0
"S00119712",0,0,0
"S00119713",0,0,0
"S00119714",0,0,0
"S00119715",0,0,0
"S00119716",0,0,0
"S00119717",0,0,0
"S00119718",0,0,0
"S00119719",0,0,0
"S00119720",0,0,0
"S00119721",1,0,1
"S00119722",0,0,0
"S00119723",1,0,1
"S00119724",1,0,1
"S00119725",0,0,0
"S00119726",1,1,0
"S00119727",0,0,0
"S00119728",0,0,0
"S00119729",0,0,0
"S00119730",0,0,0
"S00119731",0,0,0
"S00119732",0,0,0
"S00119733",0,0,0
"S00119734",0,0,0
"S00119735",1,1,0
"S00119736",1,0,1
"S00119737",1,1,0
"S00119738",1,1,0
"S00119739",1,1,0
"S00119740",2,1,1
"S00119741",1,0,1
"S00119742",0,0,0
"S00119743",0,0,0
"S00119744",0,0,0
"S00119745",0,0,0
"S00119746",0,0,0
"S00119747",0,0,0
"S00119748",0,0,0
"S00119749",0,0,0
"S00119750",0,0,0
"S00119751",2,0,2
"S00119752",0,0,0
"S00119753",1,1,0
"S00119754",1,0,1
"S00119755",0,0,0
"S00119756",1,1,0
"S00119757",0,0,0
"S00119758",2,1,1
"S00119759",1,0,1
"S00119760",0,0,0
"S00119761",0,0,0
"S00119762",0,0,0
"S00119763",3,0,3
"S00119764",2,0,2
"S00119765",0,0,0
"S00119766",0,0,0
"S00119767",1,1,0
"S00119768",0,0,0
"S00119769",1,0,1
"S00119770",0,0,0
"S00119771",0,0,0
"S00119772",0,0,0
"S00119773",0,0,0
"S00119774",0,0,0
"S00119775",0,0,0
"S00119776",0,0,0
"S00119777",0,0,0
"S00119778",0,0,0
"S00119779",0,0,0
"S00119780",0,0,0
"S00119781",0,0,0
"S00119782",0,0,0
"S00119783",0,0,0
"S00119784",0,0,0
"S00119785",0,0,0
"S00119786",0,0,0
"S00119787",0,0,0
"S00119788",0,0,0
"S00119789",0,0,0
"S00119790",0,0,0
"S00119791",0,0,0
"S00119792",0,0,0
"S00119793",0,0,0
"S00119794",0,0,0
"S00119795",0,0,0
"S00119796",0,0,0
"S00119797",2,0,2
"S00119798",0,0,0
"S00119799",1,1,0
"S00119800",0,0,0
"S00119801",1,1,0
"S00119802",0,0,0
"S00119803",0,0,0
"S00119804",0,0,0
"S00119805",0,0,0
"S00119806",1,1,0
"S00119807",1,0,1
"S00119808",0,0,0
"S00119809",0,0,0
"S00119810",0,0,0
"S00119811",0,0,0
"S00119812",0,0,0
"S00119813",0,0,0
"S00119814",0,0,0
"S00119815",0,0,0
"S00119816",0,0,0
"S00119817",0,0,0
"S00119818",1,1,0
"S00119819",0,0,0
"S00119820",1,0,1
"S00119821",0,0,0
"S00119822",3,3,0
"S00119823",1,1,0
"S00119824",1,1,0
"S00119825",0,0,0
"S00119826",0,0,0
"S00119827",1,1,0
"S00119828",0,0,0
"S00119829",0,0,0
"S00119830",0,0,0
"S00119831",0,0,0
"S00119832",0,0,0
"S00119833",0,0,0
"S00119834",0,0,0
"S00119835",0,0,0
"S00119836",0,0,0
"S00119837",0,0,0
"S00119838",0,0,0
"S00119839",2,2,0
"S00119840",0,0,0
"S00119841",2,2,0
"S00119842",0,0,0
"S00119843",0,0,0
"S00119844",0,0,0
"S00119845",0,0,0
"S00119846",1,1,0
"S00119847",1,1,0
"S00119848",0,0,0
"S00119849",0,0,0
"S00119850",0,0,0
"S00119851",0,0,0
"S00119852",0,0,0
"S00119853",0,0,0
"S00119854",0,0,0
"S00119855",0,0,0
"S00119856",0,0,0
"S00119857",0,0,0
"S00119858",0,0,0
"S00119859",0,0,0
"S00119860",0,0,0
"S00119861",2,1,1
"S00119862",0,0,0
"S00119863",0,0,0
"S00119864",0,0,0
"S00119865",0,0,0
"S00119866",0,0,0
"S00119867",2,1,1
"S00119868",0,0,0
"S00119869",0,0,0
"S00119870",0,0,0
"S00119871",0,0,0
"S00119872",0,0,0
"S00119873",0,0,0
"S00119874",0,0,0
"S00119875",0,0,0
"S00119876",0,0,0
"S00119877",0,0,0
"S00119878",0,0,0
"S00119879",0,0,0
"S00119880",1,0,1
"S00119881",0,0,0
"S00119882",0,0,0
"S00119883",0,0,0
"S00119884",0,0,0
"S00119885",0,0,0
"S00119886",0,0,0
"S00119887",0,0,0
"S00119888",0,0,0
"S00119889",0,0,0
"S00119890",0,0,0
"S00119891",0,0,0
"S00119892",0,0,0
"S00119893",1,1,0
"S00119894",0,0,0
"S00119895",0,0,0
"S00119896",1,1,0
"S00119897",0,0,0
"S00119898",0,0,0
"S00119899",1,1,0
"S00119900",0,0,0
"S00119901",0,0,0
"S00119902",0,0,0
"S00119903",0,0,0
"S00119904",0,0,0
"S00119905",0,0,0
"S00119906",0,0,0
"S00119907",0,0,0
"S00119908",0,0,0
"S00119909",0,0,0
"S00119910",0,0,0
"S00119911",0,0,0
"S00119912",0,0,0
"S00119913",0,0,0
"S00119914",0,0,0
"S00119915",0,0,0
"S00119916",0,0,0
"S00119917",0,0,0
"S00119918",0,0,0
"S00119919",0,0,0
"S00119920",0,0,0
"S00119921",0,0,0
"S00119922",0,0,0
"S00119923",0,0,0
"S00119924",1,1,0
"S00119925",1,1,0
"S00119926",0,0,0
"S00119927",2,1,1
"S00119928",0,0,0
"S00119929",1,1,0
"S00119930",6,2,4
"S00119931",1,1,0
"S00119932",0,0,0
"S00119933",0,0,0
"S00119934",3,3,0
"S00119935",0,0,0
"S00119936",0,0,0
"S00119937",1,0,1
"S00119938",0,0,0
"S00119939",0,0,0
"S00119940",0,0,0
"S00119941",1,1,0
"S00119942",2,0,2
"S00119943",0,0,0
"S00119944",0,0,0
"S00119945",0,0,0
"S00119946",0,0,0
"S00119947",0,0,0
"S00119948",0,0,0
"S00119949",0,0,0
"S00119950",0,0,0
"S00119951",1,1,0
"S00119952",1,1,0
"S00119953",0,0,0
"S00119954",0,0,0
"S00119955",2,1,1
"S00119956",0,0,0
"S00119957",1,1,0
"S00119958",1,0,1
"S00119959",0,0,0
"S00119960",1,0,1
"S00119961",1,1,0
"S00119962",1,1,0
"S00119963",3,1,2
"S00119964",0,0,0
"S00119965",0,0,0
"S00119966",1,1,0
"S00119967",0,0,0
"S00119968",0,0,0
"S00119969",0,0,0
"S00119970",0,0,0
"S00119971",0,0,0
"S00119972",0,0,0
"S00119973",0,0,0
"S00119974",0,0,0
"S00119975",3,0,3
"S00119976",2,1,1
"S00119977",1,1,0
"S00119978",1,0,1
"S00119979",2,0,2
"S00119980",0,0,0
"S00119981",1,1,0
"S00119982",2,1,1
"S00119983",0,0,0
"S00119984",0,0,0
"S00119985",0,0,0
"S00119986",0,0,0
"S00119987",0,0,0
"S00119988",0,0,0
"S00119989",0,0,0
"S00119990",0,0,0
"S00119991",0,0,0
"S00119992",0,0,0
"S00119993",0,0,0
"S00119994",0,0,0
"S00119995",0,0,0
"S00119996",0,0,0
"S00119997",0,0,0
"S00119998",0,0,0
"S00119999",0,0,0
"S00120000",1,1,0
"S00120001",0,0,0
"S00120002",1,0,1
"S00120003",0,0,0
"S00120004",0,0,0
"S00120005",0,0,0
"S00120006",0,0,0
"S00120007",0,0,0
"S00120008",0,0,0
"S00120009",1,1,0
"S00120010",2,2,0
"S00120011",2,1,1
"S00120012",0,0,0
"S00120013",0,0,0
"S00120014",0,0,0
"S00120015",0,0,0
"S00120016",0,0,0
"S00120017",0,0,0
"S00120018",0,0,0
"S00120019",1,1,0
"S00120020",0,0,0
"S00120021",0,0,0
"S00120022",0,0,0
"S00120023",0,0,0
"S00120024",0,0,0
"S00120025",0,0,0
"S00120026",0,0,0
"S00120027",0,0,0
"S00120028",0,0,0
"S00120029",1,0,1
"S00120030",0,0,0
"S00120031",0,0,0
"S00120032",2,1,1
"S00120033",0,0,0
"S00120034",0,0,0
"S00120035",1,0,1
"S00120036",4,2,2
"S00120037",0,0,0
"S00120038",1,1,0
"S00120039",0,0,0
"S00120040",1,1,0
"S00120041",0,0,0
"S00120042",2,0,2
"S00120043",0,0,0
"S00120044",3,0,3
"S00120045",0,0,0
"S00120046",0,0,0
"S00120047",0,0,0
"S00120048",0,0,0
"S00120049",1,0,1
"S00120050",0,0,0
"S00120051",0,0,0
"S00120052",0,0,0
"S00120053",2,1,1
"S00120054",0,0,0
"S00120055",2,0,2
"S00120056",0,0,0
"S00120057",0,0,0
"S00120058",0,0,0
"S00120059",2,2,0
"S00120060",4,3,1
"S00120061",1,0,1
"S00120062",0,0,0
"S00120063",0,0,0
"S00120064",0,0,0
"S00120065",0,0,0
"S00120066",0,0,0
"S00120067",0,0,0
"S00120068",0,0,0
"S00120069",0,0,0
"S00120070",0,0,0
"S00120071",0,0,0
"S00120072",0,0,0
"S00120073",1,0,1
"S00120074",2,1,1
"S00120075",0,0,0
"S00120076",2,0,2
"S00120077",1,0,1
"S00120078",0,0,0
"S00120079",1,1,0
"S00120080",0,0,0
"S00120081",0,0,0
"S00120082",0,0,0
"S00120083",0,0,0
"S00120084",1,1,0
"S00120085",1,1,0
"S00120086",0,0,0
"S00120087",0,0,0
"S00120088",1,0,1
"S00120089",1,1,0
"S00120090",0,0,0
"S00120091",0,0,0
"S00120092",0,0,0
"S00120093",0,0,0
"S00120094",0,0,0
"S00120095",0,0,0
"S00120096",0,0,0
"S00120097",0,0,0
"S00120098",0,0,0
"S00120099",0,0,0
"S00120100",0,0,0
"S00120101",0,0,0
"S00120102",0,0,0
"S00120103",0,0,0
"S00120104",0,0,0
"S00120105",0,0,0
"S00120106",0,0,0
"S00120107",2,1,1
"S00120108",0,0,0
"S00120109",0,0,0
"S00120110",0,0,0
"S00120111",0,0,0
"S00120112",0,0,0
"S00120113",0,0,0
"S00120114",0,0,0
"S00120115",0,0,0
"S00120116",0,0,0
"S00120117",0,0,0
"S00120118",0,0,0
"S00120119",0,0,0
"S00120120",2,0,2
"S00120121",0,0,0
"S00120122",1,0,1
"S00120123",0,0,0
"S00120124",0,0,0
"S00120125",0,0,0
"S00120126",0,0,0
"S00120127",0,0,0
"S00120128",0,0,0
"S00120129",0,0,0
"S00120130",1,1,0
"S00120131",0,0,0
"S00120132",0,0,0
"S00120133",0,0,0
"S00120134",0,0,0
"S00120135",0,0,0
"S00120136",0,0,0
"S00120137",0,0,0
"S00120138",0,0,0
"S00120139",0,0,0
"S00120140",0,0,0
"S00120141",0,0,0
"S00120142",0,0,0
"S00120143",0,0,0
"S00120144",0,0,0
"S00120145",0,0,0
"S00120146",1,0,1
"S00120147",0,0,0
"S00120148",0,0,0
"S00120149",1,1,0
"S00120150",0,0,0
"S00120151",0,0,0
"S00120152",0,0,0
"S00120153",1,0,1
"S00120154",0,0,0
"S00120155",0,0,0
"S00120156",0,0,0
"S00120157",0,0,0
"S00120158",1,1,0
"S00120159",0,0,0
"S00120160",0,0,0
"S00120161",0,0,0
"S00120162",1,0,1
"S00120163",0,0,0
"S00120164",1,1,0
"S00120165",0,0,0
"S00120166",0,0,0
"S00120167",0,0,0
"S00120168",0,0,0
"S00120169",0,0,0
"S00120170",0,0,0
"S00120171",1,1,0
"S00120172",0,0,0
"S00120173",0,0,0
"S00120174",2,1,1
"S00120175",0,0,0
"S00120176",1,0,1
"S00120177",1,1,0
"S00120178",0,0,0
"S00120179",0,0,0
"S00120180",0,0,0
"S00120181",0,0,0
"S00120182",0,0,0
"S00120183",0,0,0
"S00120184",0,0,0
"S00120185",0,0,0
"S00120186",4,4,0
"S00120187",0,0,0
"S00120188",0,0,0
"S00120189",0,0,0
"S00120190",0,0,0
"S00120191",0,0,0
"S00120192",0,0,0
"S00120193",0,0,0
"S00120194",1,1,0
"S00120195",1,1,0
"S00120196",0,0,0
"S00120197",2,0,2
"S00120198",0,0,0
"S00120199",0,0,0
"S00120200",0,0,0
"S00120201",0,0,0
"S00120202",0,0,0
"S00120203",0,0,0
"S00120204",2,1,1
"S00120205",0,0,0
"S00120206",0,0,0
"S00120207",0,0,0
"S00120208",0,0,0
"S00120209",0,0,0
"S00120210",0,0,0
"S00120211",0,0,0
"S00120212",0,0,0
"S00120213",0,0,0
"S00120214",0,0,0
"S00120215",0,0,0
"S00120216",0,0,0
"S00120217",1,0,1
"S00120218",0,0,0
"S00120219",0,0,0
"S00120220",1,1,0
"S00120221",1,1,0
"S00120222",0,0,0
"S00120223",2,0,2
"S00120224",2,2,0
"S00120225",1,1,0
"S00120226",0,0,0
"S00120227",5,1,4
"S00120228",0,0,0
"S00120229",0,0,0
"S00120230",1,0,1
"S00120231",1,0,1
"S00120232",2,1,1
"S00120233",4,2,2
"S00120234",1,0,1
"S00120235",5,2,3
"S00120236",3,2,1
"S00120237",0,0,0
"S00120238",0,0,0
"S00120239",0,0,0
"S00120240",0,0,0
"S00120241",0,0,0
"S00120242",3,1,2
"S00120243",0,0,0
"S00120244",7,3,4
"S00120245",0,0,0
"S00120246",9,8,1
"S00120247",1,1,0
"S00120248",0,0,0
"S00120249",0,0,0
"S00120250",0,0,0
"S00120251",0,0,0
"S00120252",0,0,0
"S00120253",0,0,0
"S00120254",0,0,0
"S00120255",0,0,0
"S00120256",0,0,0
"S00120257",0,0,0
"S00120258",0,0,0
"S00120259",0,0,0
"S00120260",0,0,0
"S00120261",0,0,0
"S00120262",0,0,0
"S00120263",0,0,0
"S00120264",0,0,0
"S00120265",0,0,0
"S00120266",0,0,0
"S00120267",4,1,3
"S00120268",2,1,1
"S00120269",0,0,0
"S00120270",0,0,0
"S00120271",1,1,0
"S00120272",2,1,1
"S00120273",0,0,0
"S00120274",1,0,1
"S00120275",1,1,0
"S00120276",1,1,0
"S00120277",0,0,0
"S00120278",0,0,0
"S00120279",3,3,0
"S00120280",0,0,0
"S00120281",1,0,1
"S00120282",1,0,1
"S00120283",0,0,0
"S00120284",11,4,7
"S00120285",2,2,0
"S00120286",1,0,1
"S00120287",1,0,1
"S00120288",0,0,0
"S00120289",0,0,0
"S00120290",1,0,1
"S00120291",1,1,0
"S00120292",1,1,0
"S00120293",2,1,1
"S00120294",0,0,0
"S00120295",0,0,0
"S00120296",0,0,0
"S00120297",0,0,0
"S00120298",0,0,0
"S00120299",0,0,0
"S00120300",3,0,3
"S00120301",0,0,0
"S00120302",0,0,0
"S00120303",0,0,0
"S00120304",0,0,0
"S00120305",0,0,0
"S00120306",0,0,0
"S00120307",0,0,0
"S00120308",0,0,0
"S00120309",0,0,0
"S00120310",1,0,1
"S00120311",0,0,0
"S00120312",0,0,0
"S00120313",0,0,0
"S00120314",1,1,0
"S00120315",2,1,1
"S00120316",1,0,1
"S00120317",4,0,4
"S00120318",2,1,1
"S00120319",0,0,0
"S00120320",3,1,2
"S00120321",0,0,0
"S00120322",0,0,0
"S00120323",0,0,0
"S00120324",0,0,0
"S00120325",0,0,0
"S00120326",0,0,0
"S00120327",0,0,0
"S00120328",0,0,0
"S00120329",1,1,0
"S00120330",0,0,0
"S00120331",0,0,0
"S00120332",0,0,0
"S00120333",1,0,1
"S00120334",0,0,0
"S00120335",1,0,1
"S00120336",0,0,0
"S00120337",1,1,0
"S00120338",0,0,0
"S00120339",0,0,0
"S00120340",0,0,0
"S00120341",0,0,0
"S00120342",0,0,0
"S00120343",3,2,1
"S00120344",0,0,0
"S00120345",0,0,0
"S00120346",0,0,0
"S00120347",1,0,1
"S00120348",1,0,1
"S00120349",2,0,2
"S00120350",0,0,0
"S00120351",1,1,0
"S00120352",0,0,0
"S00120353",1,0,1
"S00120354",0,0,0
"S00120355",1,0,1
"S00120356",0,0,0
"S00120357",0,0,0
"S00120358",2,2,0
"S00120359",0,0,0
"S00120360",0,0,0
"S00120361",0,0,0
"S00120362",0,0,0
"S00120363",0,0,0
"S00120364",0,0,0
"S00120365",0,0,0
"S00120366",0,0,0
"S00120367",0,0,0
"S00120368",0,0,0
"S00120369",0,0,0
"S00120370",0,0,0
"S00120371",0,0,0
"S00120372",2,2,0
"S00120373",2,1,1
"S00120374",4,3,1
"S00120375",0,0,0
"S00120376",0,0,0
"S00120377",1,0,1
"S00120378",2,0,2
"S00120379",0,0,0
"S00120380",2,1,1
"S00120381",0,0,0
"S00120382",2,1,1
"S00120383",0,0,0
"S00120384",1,1,0
"S00120385",3,1,2
"S00120386",0,0,0
"S00120387",2,1,1
"S00120388",0,0,0
"S00120389",0,0,0
"S00120390",6,2,4
"S00120391",2,0,2
"S00120392",1,0,1
"S00120393",2,0,2
"S00120394",0,0,0
"S00120395",0,0,0
"S00120396",3,2,1
"S00120397",2,1,1
"S00120398",0,0,0
"S00120399",4,2,2
"S00120400",0,0,0
"S00120401",1,1,0
"S00120402",0,0,0
"S00120403",0,0,0
"S00120404",0,0,0
"S00120405",0,0,0
"S00120406",0,0,0
"S00120407",2,0,2
"S00120408",1,1,0
"S00120409",0,0,0
"S00120410",0,0,0
"S00120411",0,0,0
"S00120412",1,0,1
"S00120413",0,0,0
"S00120414",3,2,1
"S00120415",0,0,0
"S00120416",2,2,0
"S00120417",2,1,1
"S00120418",4,2,2
"S00120419",5,1,4
"S00120420",4,1,3
"S00120421",2,0,2
"S00120422",6,2,4
"S00120423",0,0,0
"S00120424",0,0,0
"S00120425",0,0,0
"S00120426",1,1,0
"S00120427",0,0,0
"S00120428",3,2,1
"S00120429",0,0,0
"S00120430",0,0,0
"S00120431",1,0,1
"S00120432",1,0,1
"S00120433",0,0,0
"S00120434",1,0,1
"S00120435",0,0,0
"S00120436",1,0,1
"S00120437",1,0,1
"S00120438",0,0,0
"S00120439",0,0,0
"S00120440",0,0,0
"S00120441",0,0,0
"S00120442",2,1,1
"S00120443",0,0,0
"S00120444",0,0,0
"S00120445",0,0,0
"S00120446",0,0,0
"S00120447",0,0,0
"S00120448",0,0,0
"S00120449",0,0,0
"S00120450",0,0,0
"S00120451",0,0,0
"S00120452",0,0,0
"S00120453",0,0,0
"S00120454",1,0,1
"S00120455",0,0,0
"S00120456",2,1,1
"S00120457",0,0,0
"S00120458",0,0,0
"S00120459",0,0,0
"S00120460",1,1,0
"S00120461",0,0,0
"S00120462",0,0,0
"S00120463",0,0,0
"S00120464",0,0,0
"S00120465",0,0,0
"S00120466",4,4,0
"S00120467",3,1,2
"S00120468",2,2,0
"S00120469",2,1,1
"S00120470",3,1,2
"S00120471",0,0,0
"S00120472",1,1,0
"S00120473",3,1,2
"S00120474",0,0,0
"S00120475",0,0,0
"S00120476",1,0,1
"S00120477",4,4,0
"S00120478",0,0,0
"S00120479",1,0,1
"S00120480",0,0,0
"S00120481",0,0,0
"S00120482",0,0,0
"S00120483",0,0,0
"S00120484",0,0,0
"S00120485",0,0,0
"S00120486",0,0,0
"S00120487",0,0,0
"S00120488",0,0,0
"S00120489",0,0,0
"S00120490",0,0,0
"S00120491",2,1,1
"S00120492",2,2,0
"S00120493",1,1,0
"S00120494",1,1,0
"S00120495",0,0,0
"S00120496",3,1,2
"S00120497",1,0,1
"S00120498",5,2,3
"S00120499",1,0,1
"S00120500",0,0,0
"S00120501",0,0,0
"S00120502",0,0,0
"S00120503",0,0,0
"S00120504",0,0,0
"S00120505",0,0,0
"S00120506",0,0,0
"S00120507",2,1,1
"S00120508",0,0,0
"S00120509",1,0,1
"S00120510",2,0,2
"S00120511",0,0,0
"S00120512",1,1,0
"S00120513",0,0,0
"S00120514",2,0,2
"S00120515",4,2,2
"S00120516",3,3,0
"S00120517",0,0,0
"S00120518",0,0,0
"S00120519",2,1,1
"S00120520",0,0,0
"S00120521",0,0,0
"S00120522",0,0,0
"S00120523",1,1,0
"S00120524",0,0,0
"S00120525",3,2,1
"S00120526",0,0,0
"S00120527",1,0,1
"S00120528",0,0,0
"S00120529",0,0,0
"S00120530",0,0,0
"S00120531",0,0,0
"S00120532",2,0,2
"S00120533",1,0,1
"S00120534",1,1,0
"S00120535",1,1,0
"S00120536",0,0,0
"S00120537",0,0,0
"S00120538",0,0,0
"S00120539",2,0,2
"S00120540",0,0,0
"S00120541",0,0,0
"S00120542",0,0,0
"S00120543",0,0,0
"S00120544",0,0,0
"S00120545",1,0,1
"S00120546",0,0,0
"S00120547",0,0,0
"S00120548",0,0,0
"S00120549",0,0,0
"S00120550",0,0,0
"S00120551",0,0,0
"S00120552",0,0,0
"S00120553",4,0,4
"S00120554",1,1,0
"S00120555",1,0,1
"S00120556",2,1,1
"S00120557",0,0,0
"S00120558",0,0,0
"S00120559",0,0,0
"S00120560",0,0,0
"S00120561",2,1,1
"S00120562",3,2,1
"S00120563",1,0,1
"S00120564",1,1,0
"S00120565",2,1,1
"S00120566",0,0,0
"S00120567",2,2,0
"S00120568",0,0,0
"S00120569",1,0,1
"S00120570",0,0,0
"S00120571",3,2,1
"S00120572",0,0,0
"S00120573",0,0,0
"S00120574",0,0,0
"S00120575",4,1,3
"S00120576",0,0,0
"S00120577",1,0,1
"S00120578",2,1,1
"S00120579",1,0,1
"S00120580",5,1,4
"S00120581",1,1,0
"S00120582",0,0,0
"S00120583",1,1,0
"S00120584",2,1,1
"S00120585",1,0,1
"S00120586",1,0,1
"S00120587",1,0,1
"S00120588",2,2,0
"S00120589",2,2,0
"S00120590",2,1,1
"S00120591",0,0,0
"S00120592",7,1,6
"S00120593",6,3,3
"S00120594",0,0,0
"S00120595",0,0,0
"S00120596",1,0,1
"S00120597",0,0,0
"S00120598",1,1,0
"S00120599",0,0,0
"S00120600",0,0,0
"S00120601",0,0,0
"S00120602",0,0,0
"S00120603",1,1,0
"S00120604",1,1,0
"S00120605",0,0,0
"S00120606",0,0,0
"S00120607",0,0,0
"S00120608",0,0,0
"S00120609",1,0,1
"S00120610",0,0,0
"S00120611",0,0,0
"S00120612",0,0,0
"S00120613",0,0,0
"S00120614",0,0,0
"S00120615",0,0,0
"S00120616",1,1,0
"S00120617",2,1,1
"S00120618",0,0,0
"S00120619",0,0,0
"S00120620",0,0,0
"S00120621",0,0,0
"S00120622",0,0,0
"S00120623",2,1,1
"S00120624",2,1,1
"S00120625",0,0,0
"S00120626",0,0,0
"S00120627",1,0,1
"S00120628",0,0,0
"S00120629",0,0,0
"S00120630",0,0,0
"S00120631",0,0,0
"S00120632",0,0,0
"S00120633",0,0,0
"S00120634",1,0,1
"S00120635",1,1,0
"S00120636",0,0,0
"S00120637",0,0,0
"S00120638",0,0,0
"S00120639",0,0,0
"S00120640",0,0,0
"S00120641",0,0,0
"S00120642",0,0,0
"S00120643",0,0,0
"S00120644",0,0,0
"S00120645",0,0,0
"S00120646",0,0,0
"S00120647",0,0,0
"S00120648",1,0,1
"S00120649",0,0,0
"S00120650",1,1,0
"S00120651",2,0,2
"S00120652",0,0,0
"S00120653",0,0,0
"S00120654",2,1,1
"S00120655",0,0,0
"S00120656",0,0,0
"S00120657",0,0,0
"S00120658",1,0,1
"S00120659",0,0,0
"S00120660",0,0,0
"S00120661",3,1,2
"S00120662",1,0,1
"S00120663",0,0,0
"S00120664",0,0,0
"S00120665",2,1,1
"S00120666",0,0,0
"S00120667",1,0,1
"S00120668",2,0,2
"S00120669",0,0,0
"S00120670",0,0,0
"S00120671",0,0,0
"S00120672",2,0,2
"S00120673",0,0,0
"S00120674",4,1,3
"S00120675",3,1,2
"S00120676",1,1,0
"S00120677",0,0,0
"S00120678",0,0,0
"S00120679",0,0,0
"S00120680",0,0,0
"S00120681",0,0,0
"S00120682",3,1,2
"S00120683",0,0,0
"S00120684",0,0,0
"S00120685",0,0,0
"S00120686",0,0,0
"S00120687",0,0,0
"S00120688",1,1,0
"S00120689",0,0,0
"S00120690",0,0,0
"S00120691",0,0,0
"S00120692",0,0,0
"S00120693",0,0,0
"S00120694",0,0,0
"S00120695",0,0,0
"S00120696",0,0,0
"S00120697",0,0,0
"S00120698",0,0,0
"S00120699",0,0,0
"S00120700",0,0,0
"S00120701",0,0,0
"S00120702",1,0,1
"S00120703",0,0,0
"S00120704",0,0,0
"S00120705",2,1,1
"S00120706",0,0,0
"S00120707",1,1,0
"S00120708",0,0,0
"S00120709",0,0,0
"S00120710",0,0,0
"S00120711",0,0,0
"S00120712",0,0,0
"S00120713",0,0,0
"S00120714",0,0,0
"S00120715",1,1,0
"S00120716",0,0,0
"S00120717",0,0,0
"S00120718",0,0,0
"S00120719",0,0,0
"S00120720",0,0,0
"S00120721",0,0,0
"S00120722",0,0,0
"S00120723",1,0,1
"S00120724",3,2,1
"S00120725",7,2,5
"S00120726",3,1,2
"S00120727",1,0,1
"S00120728",0,0,0
"S00120729",1,0,1
"S00120730",2,0,2
"S00120731",0,0,0
"S00120732",6,2,4
"S00120733",4,0,4
"S00120734",2,1,1
"S00120735",2,1,1
"S00120736",4,2,2
"S00120737",3,1,2
"S00120738",0,0,0
"S00120739",0,0,0
"S00120740",0,0,0
"S00120741",0,0,0
"S00120742",0,0,0
"S00120743",0,0,0
"S00120744",0,0,0
"S00120745",2,2,0
"S00120746",7,3,4
"S00120747",0,0,0
"S00120748",0,0,0
"S00120749",1,0,1
"S00120750",0,0,0
"S00120751",2,1,1
"S00120752",2,1,1
"S00120753",1,0,1
"S00120754",0,0,0
"S00120755",1,1,0
"S00120756",1,1,0
"S00120757",2,2,0
"S00120758",0,0,0
"S00120759",0,0,0
"S00120760",0,0,0
"S00120761",0,0,0
"S00120762",0,0,0
"S00120763",0,0,0
"S00120764",0,0,0
"S00120765",0,0,0
"S00120766",0,0,0
"S00120767",0,0,0
"S00120768",0,0,0
"S00120769",0,0,0
"S00120770",0,0,0
"S00120771",1,1,0
"S00120772",0,0,0
"S00120773",0,0,0
"S00120774",0,0,0
"S00120775",0,0,0
"S00120776",0,0,0
"S00120777",0,0,0
"S00120778",0,0,0
"S00120779",0,0,0
"S00120780",0,0,0
"S00120781",0,0,0
"S00120782",1,1,0
"S00120783",0,0,0
"S00120784",1,1,0
"S00120785",0,0,0
"S00120786",0,0,0
"S00120787",0,0,0
"S00120788",0,0,0
"S00120789",0,0,0
"S00120790",0,0,0
"S00120791",1,1,0
"S00120792",1,0,1
"S00120793",0,0,0
"S00120794",0,0,0
"S00120795",1,1,0
"S00120796",0,0,0
"S00120797",0,0,0
"S00120798",0,0,0
"S00120799",0,0,0
"S00120800",1,0,1
"S00120801",0,0,0
"S00120802",0,0,0
"S00120803",0,0,0
"S00120804",0,0,0
"S00120805",1,1,0
"S00120806",0,0,0
"S00120807",2,1,1
"S00120808",0,0,0
"S00120809",1,0,1
"S00120810",3,1,2
"S00120811",0,0,0
"S00120812",0,0,0
"S00120813",0,0,0
"S00120814",0,0,0
"S00120815",1,0,1
"S00120816",0,0,0
"S00120817",0,0,0
"S00120818",0,0,0
"S00120819",0,0,0
"S00120820",0,0,0
"S00120821",0,0,0
"S00120822",0,0,0
"S00120823",0,0,0
"S00120824",1,1,0
"S00120825",0,0,0
"S00120826",0,0,0
"S00120827",1,0,1
"S00120828",0,0,0
"S00120829",0,0,0
"S00120830",0,0,0
"S00120831",0,0,0
"S00120832",1,0,1
"S00120833",0,0,0
"S00120834",0,0,0
"S00120835",0,0,0
"S00120836",0,0,0
"S00120837",0,0,0
"S00120838",0,0,0
"S00120839",0,0,0
"S00120840",0,0,0
"S00120841",0,0,0
"S00120842",0,0,0
"S00120843",0,0,0
"S00120844",0,0,0
"S00120845",0,0,0
"S00120846",0,0,0
"S00120847",0,0,0
"S00120848",0,0,0
"S00120849",0,0,0
"S00120850",0,0,0
"S00120851",0,0,0
"S00120852",0,0,0
"S00120853",0,0,0
"S00120854",0,0,0
"S00120855",0,0,0
"S00120856",0,0,0
"S00120857",0,0,0
"S00120858",0,0,0
"S00120859",0,0,0
"S00120860",1,0,1
"S00120861",0,0,0
"S00120862",0,0,0
"S00120863",0,0,0
"S00120864",0,0,0
"S00120865",0,0,0
"S00120866",0,0,0
"S00120867",0,0,0
"S00120868",0,0,0
"S00120869",1,1,0
"S00120870",0,0,0
"S00120871",1,0,1
"S00120872",0,0,0
"S00120873",0,0,0
"S00120874",0,0,0
"S00120875",0,0,0
"S00120876",0,0,0
"S00120877",0,0,0
"S00120878",0,0,0
"S00120879",0,0,0
"S00120880",1,0,1
"S00120881",0,0,0
"S00120882",0,0,0
"S00120883",0,0,0
"S00120884",0,0,0
"S00120885",0,0,0
"S00120886",1,0,1
"S00120887",0,0,0
"S00120888",0,0,0
"S00120889",4,3,1
"S00120890",0,0,0
"S00120891",0,0,0
"S00120892",1,1,0
"S00120893",0,0,0
"S00120894",1,0,1
"S00120895",3,1,2
"S00120896",0,0,0
"S00120897",1,0,1
"S00120898",0,0,0
"S00120899",0,0,0
"S00120900",1,1,0
"S00120901",1,0,1
"S00120902",0,0,0
"S00120903",0,0,0
"S00120904",0,0,0
"S00120905",0,0,0
"S00120906",5,3,2
"S00120907",0,0,0
"S00120908",2,1,1
"S00120909",5,2,3
"S00120910",3,1,2
"S00120911",3,1,2
"S00120912",2,1,1
"S00120913",2,0,2
"S00120914",2,0,2
"S00120915",2,1,1
"S00120916",0,0,0
"S00120917",0,0,0
"S00120918",2,1,1
"S00120919",0,0,0
"S00120920",2,1,1
"S00120921",0,0,0
"S00120922",0,0,0
"S00120923",1,1,0
"S00120924",0,0,0
"S00120925",0,0,0
"S00120926",1,1,0
"S00120927",0,0,0
"S00120928",0,0,0
"S00120929",1,1,0
"S00120930",0,0,0
"S00120931",0,0,0
"S00120932",5,4,1
"S00120933",0,0,0
"S00120934",0,0,0
"S00120935",0,0,0
"S00120936",4,3,1
"S00120937",1,1,0
"S00120938",1,1,0
"S00120939",3,1,2
"S00120940",0,0,0
"S00120941",1,1,0
"S00120942",0,0,0
"S00120943",0,0,0
"S00120944",0,0,0
"S00120945",0,0,0
"S00120946",0,0,0
"S00120947",0,0,0
"S00120948",0,0,0
"S00120949",0,0,0
"S00120950",1,1,0
"S00120951",1,0,1
"S00120952",0,0,0
"S00120953",0,0,0
"S00120954",0,0,0
"S00120955",0,0,0
"S00120956",0,0,0
"S00120957",1,0,1
"S00120958",1,1,0
"S00120959",0,0,0
"S00120960",0,0,0
"S00120961",0,0,0
"S00120962",2,0,2
"S00120963",0,0,0
"S00120964",3,3,0
"S00120965",0,0,0
"S00120966",0,0,0
"S00120967",0,0,0
"S00120968",0,0,0
"S00120969",0,0,0
"S00120970",0,0,0
"S00120971",0,0,0
"S00120972",5,2,3
"S00120973",3,2,1
"S00120974",1,1,0
"S00120975",1,0,1
"S00120976",3,1,2
"S00120977",0,0,0
"S00120978",0,0,0
"S00120979",0,0,0
"S00120980",0,0,0
"S00120981",0,0,0
"S00120982",0,0,0
"S00120983",3,1,2
"S00120984",0,0,0
"S00120985",1,0,1
"S00120986",4,3,1
"S00120987",1,0,1
"S00120988",0,0,0
"S00120989",0,0,0
"S00120990",1,0,1
"S00120991",0,0,0
"S00120992",4,1,3
"S00120993",4,3,1
"S00120994",1,0,1
"S00120995",1,1,0
"S00120996",4,2,2
"S00120997",0,0,0
"S00120998",0,0,0
"S00120999",1,0,1
"S00121000",1,1,0
"S00121001",0,0,0
"S00121002",0,0,0
"S00121003",1,0,1
"S00121004",3,1,2
"S00121005",1,0,1
"S00121006",0,0,0
"S00121007",0,0,0
"S00121008",0,0,0
"S00121009",1,0,1
"S00121010",0,0,0
"S00121011",0,0,0
"S00121012",1,1,0
"S00121013",0,0,0
"S00121014",2,1,1
"S00121015",0,0,0
"S00121016",0,0,0
"S00121017",0,0,0
"S00121018",4,0,4
"S00121019",0,0,0
"S00121020",1,0,1
"S00121021",0,0,0
"S00121022",0,0,0
"S00121023",0,0,0
"S00121024",1,1,0
"S00121025",2,0,2
"S00121026",0,0,0
"S00121027",0,0,0
"S00121028",0,0,0
"S00121029",0,0,0
"S00121030",1,0,1
"S00121031",0,0,0
"S00121032",1,1,0
"S00121033",0,0,0
"S00121034",1,1,0
"S00121035",0,0,0
"S00121036",0,0,0
"S00121037",0,0,0
"S00121038",0,0,0
"S00121039",0,0,0
"S00121040",0,0,0
"S00121041",0,0,0
"S00121042",0,0,0
"S00121043",0,0,0
"S00121044",2,1,1
"S00121045",1,1,0
"S00121046",0,0,0
"S00121047",2,0,2
"S00121048",1,1,0
"S00121049",1,0,1
"S00121050",0,0,0
"S00121051",0,0,0
"S00121052",0,0,0
"S00121053",0,0,0
"S00121054",0,0,0
"S00121055",2,0,2
"S00121056",3,1,2
"S00121057",0,0,0
"S00121058",1,0,1
"S00121059",0,0,0
"S00121060",0,0,0
"S00121061",1,0,1
"S00121062",0,0,0
"S00121063",0,0,0
"S00121064",0,0,0
"S00121065",2,1,1
"S00121066",2,0,2
"S00121067",0,0,0
"S00121068",0,0,0
"S00121069",1,0,1
"S00121070",0,0,0
"S00121071",2,1,1
"S00121072",1,0,1
"S00121073",0,0,0
"S00121074",0,0,0
"S00121075",0,0,0
"S00121076",0,0,0
"S00121077",0,0,0
"S00121078",0,0,0
"S00121079",0,0,0
"S00121080",1,1,0
"S00121081",1,1,0
"S00121082",1,0,1
"S00121083",1,1,0
"S00121084",0,0,0
"S00121085",0,0,0
"S00121086",0,0,0
"S00121087",1,1,0
"S00121088",5,3,2
"S00121089",2,2,0
"S00121090",2,1,1
"S00121091",2,1,1
"S00121092",0,0,0
"S00121093",1,0,1
"S00121094",4,2,2
"S00121095",0,0,0
"S00121096",2,0,2
"S00121097",4,1,3
"S00121098",2,0,2
"S00121099",1,1,0
"S00121100",2,1,1
"S00121101",2,1,1
"S00121102",1,0,1
"S00121103",3,2,1
"S00121104",1,1,0
"S00121105",3,3,0
"S00121106",5,3,2
"S00121107",2,1,1
"S00121108",2,0,2
"S00121109",0,0,0
"S00121110",1,0,1
"S00121111",2,1,1
"S00121112",1,0,1
"S00121113",0,0,0
"S00121114",4,2,2
"S00121115",4,1,3
"S00121116",4,0,4
"S00121117",0,0,0
"S00121118",0,0,0
"S00121119",7,4,3
"S00121120",3,0,3
"S00121121",2,0,2
"S00121122",4,2,2
"S00121123",1,1,0
"S00121124",4,4,0
"S00121125",5,0,5
"S00121126",0,0,0
"S00121127",5,1,4
"S00121128",3,2,1
"S00121129",0,0,0
"S00121130",3,2,1
"S00121131",2,0,2
"S00121132",3,0,3
"S00121133",5,2,3
"S00121134",4,2,2
"S00121135",4,2,2
"S00121136",7,2,5
"S00121137",1,1,0
"S00121138",0,0,0
"S00121139",3,2,1
"S00121140",0,0,0
"S00121141",1,0,1
"S00121142",2,1,1
"S00121143",0,0,0
"S00121144",0,0,0
"S00121145",7,5,2
"S00121146",3,2,1
"S00121147",5,3,2
"S00121148",1,1,0
"S00121149",4,2,2
"S00121150",3,2,1
"S00121151",3,0,3
"S00121152",1,0,1
"S00121153",3,2,1
"S00121154",1,0,1
"S00121155",0,0,0
"S00121156",6,3,3
"S00121157",1,0,1
"S00121158",1,0,1
"S00121159",0,0,0
"S00121160",2,2,0
"S00121161",1,1,0
"S00121162",0,0,0
"S00121163",3,1,2
"S00121164",0,0,0
"S00121165",1,0,1
"S00121166",0,0,0
"S00121167",2,1,1
"S00121168",1,1,0
"S00121169",0,0,0
"S00121170",3,0,3
"S00121171",1,1,0
"S00121172",0,0,0
"S00121173",4,2,2
"S00121174",2,1,1
"S00121175",0,0,0
"S00121176",5,2,3
"S00121177",3,2,1
"S00121178",2,0,2
"S00121179",2,2,0
"S00121180",1,1,0
"S00121181",0,0,0
"S00121182",2,1,1
"S00121183",4,1,3
"S00121184",2,2,0
"S00121185",3,2,1
"S00121186",4,2,2
"S00121187",2,0,2
"S00121188",4,2,2
"S00121189",7,7,0
"S00121190",0,0,0
"S00121191",4,1,3
"S00121192",3,2,1
"S00121193",0,0,0
"S00121194",2,2,0
"S00121195",4,2,2
"S00121196",1,0,1
"S00121197",0,0,0
"S00121198",1,0,1
"S00121199",2,1,1
"S00121200",2,0,2
"S00121201",0,0,0
"S00121202",3,2,1
"S00121203",2,0,2
"S00121204",3,1,2
"S00121205",2,0,2
"S00121206",0,0,0
"S00121207",0,0,0
"S00121208",1,1,0
"S00121209",0,0,0
"S00121210",5,2,3
"S00121211",0,0,0
"S00121212",1,1,0
"S00121213",0,0,0
"S00121214",0,0,0
"S00121215",0,0,0
"S00121216",3,2,1
"S00121217",3,3,0
"S00121218",4,2,2
"S00121219",6,2,4
"S00121220",3,3,0
"S00121221",1,1,0
"S00121222",4,2,2
"S00121223",3,1,2
"S00121224",0,0,0
"S00121225",6,5,1
"S00121226",3,2,1
"S00121227",5,0,5
"S00121228",1,1,0
"S00121229",2,0,2
"S00121230",0,0,0
"S00121231",0,0,0
"S00121232",0,0,0
"S00121233",0,0,0
"S00121234",1,1,0
"S00121235",2,1,1
"S00121236",2,1,1
"S00121237",1,0,1
"S00121238",1,0,1
"S00121239",0,0,0
"S00121240",3,1,2
"S00121241",1,0,1
"S00121242",0,0,0
"S00121243",2,1,1
"S00121244",3,0,3
"S00121245",1,0,1
"S00121246",3,1,2
"S00121247",4,1,3
"S00121248",2,0,2
"S00121249",1,0,1
"S00121250",3,3,0
"S00121251",0,0,0
"S00121252",3,1,2
"S00121253",0,0,0
"S00121254",3,2,1
"S00121255",1,1,0
"S00121256",0,0,0
"S00121257",0,0,0
"S00121258",0,0,0
"S00121259",4,3,1
"S00121260",0,0,0
"S00121261",3,3,0
"S00121262",1,1,0
"S00121263",0,0,0
"S00121264",3,0,3
"S00121265",1,0,1
"S00121266",0,0,0
"S00121267",0,0,0
"S00121268",0,0,0
"S00121269",0,0,0
"S00121270",0,0,0
"S00121271",1,0,1
"S00121272",1,1,0
"S00121273",1,0,1
"S00121274",4,0,4
"S00121275",0,0,0
"S00121276",0,0,0
"S00121277",0,0,0
"S00121278",0,0,0
"S00121279",0,0,0
"S00121280",1,0,1
"S00121281",1,0,1
"S00121282",0,0,0
"S00121283",0,0,0
"S00121284",1,1,0
"S00121285",2,1,1
"S00121286",2,1,1
"S00121287",1,0,1
"S00121288",1,1,0
"S00121289",5,2,3
"S00121290",2,0,2
"S00121291",0,0,0
"S00121292",6,5,1
"S00121293",1,1,0
"S00121294",0,0,0
"S00121295",1,0,1
"S00121296",0,0,0
"S00121297",2,0,2
"S00121298",2,1,1
"S00121299",0,0,0
"S00121300",3,1,2
"S00121301",1,0,1
"S00121302",0,0,0
"S00121303",0,0,0
"S00121304",7,3,4
"S00121305",8,3,5
"S00121306",0,0,0
"S00121307",0,0,0
"S00121308",0,0,0
"S00121309",1,1,0
"S00121310",0,0,0
"S00121311",2,1,1
"S00121312",1,0,1
"S00121313",0,0,0
"S00121314",1,1,0
"S00121315",0,0,0
"S00121316",2,0,2
"S00121317",9,4,5
"S00121318",2,0,2
"S00121319",3,1,2
"S00121320",2,1,1
"S00121321",7,5,2
"S00121322",3,3,0
"S00121323",5,4,1
"S00121324",2,0,2
"S00121325",4,1,3
"S00121326",2,0,2
"S00121327",1,1,0
"S00121328",0,0,0
"S00121329",1,1,0
"S00121330",1,0,1
"S00121331",0,0,0
"S00121332",0,0,0
"S00121333",0,0,0
"S00121334",2,1,1
"S00121335",1,1,0
"S00121336",3,2,1
"S00121337",1,0,1
"S00121338",4,2,2
"S00121339",1,0,1
"S00121340",1,1,0
"S00121341",1,1,0
"S00121342",0,0,0
"S00121343",3,0,3
"S00121344",0,0,0
"S00121345",0,0,0
"S00121346",0,0,0
"S00121347",0,0,0
"S00121348",1,0,1
"S00121349",0,0,0
"S00121350",2,2,0
"S00121351",2,0,2
"S00121352",0,0,0
"S00121353",0,0,0
"S00121354",0,0,0
"S00121355",4,2,2
"S00121356",0,0,0
"S00121357",1,0,1
"S00121358",1,1,0
"S00121359",2,1,1
"S00121360",1,1,0
"S00121361",3,2,1
"S00121362",1,1,0
"S00121363",2,2,0
"S00121364",0,0,0
"S00121365",0,0,0
"S00121366",0,0,0
"S00121367",3,1,2
"S00121368",0,0,0
"S00121369",0,0,0
"S00121370",3,2,1
"S00121371",0,0,0
"S00121372",0,0,0
"S00121373",2,1,1
"S00121374",0,0,0
"S00121375",0,0,0
"S00121376",2,2,0
"S00121377",0,0,0
"S00121378",7,2,5
"S00121379",7,3,4
"S00121380",2,0,2
"S00121381",9,0,9
"S00121382",0,0,0
"S00121383",2,1,1
"S00121384",1,0,1
"S00121385",0,0,0
"S00121386",0,0,0
"S00121387",0,0,0
"S00121388",0,0,0
"S00121389",1,0,1
"S00121390",0,0,0
"S00121391",0,0,0
"S00121392",0,0,0
"S00121393",5,2,3
"S00121394",2,2,0
"S00121395",1,1,0
"S00121396",1,1,0
"S00121397",1,1,0
"S00121398",1,0,1
"S00121399",2,1,1
"S00121400",0,0,0
"S00121401",0,0,0
"S00121402",4,2,2
"S00121403",2,1,1
"S00121404",0,0,0
"S00121405",0,0,0
"S00121406",2,0,2
"S00121407",0,0,0
"S00121408",1,0,1
"S00121409",2,1,1
"S00121410",2,1,1
"S00121411",0,0,0
"S00121412",1,1,0
"S00121413",0,0,0
"S00121414",1,1,0
"S00121415",0,0,0
"S00121416",0,0,0
"S00121417",1,0,1
"S00121418",0,0,0
"S00121419",0,0,0
"S00121420",1,1,0
"S00121421",1,0,1
"S00121422",0,0,0
"S00121423",2,1,1
"S00121424",5,1,4
"S00121425",1,0,1
"S00121426",1,1,0
"S00121427",1,1,0
"S00121428",2,1,1
"S00121429",1,0,1
"S00121430",0,0,0
"S00121431",0,0,0
"S00121432",1,0,1
"S00121433",1,1,0
"S00121434",1,0,1
"S00121435",1,0,1
"S00121436",3,1,2
"S00121437",3,1,2
"S00121438",3,1,2
"S00121439",5,2,3
"S00121440",1,0,1
"S00121441",1,0,1
"S00121442",1,0,1
"S00121443",1,1,0
"S00121444",1,0,1
"S00121445",0,0,0
"S00121446",2,1,1
"S00121447",1,1,0
"S00121448",2,1,1
"S00121449",1,1,0
"S00121450",2,2,0
"S00121451",0,0,0
"S00121452",0,0,0
"S00121453",2,1,1
"S00121454",0,0,0
"S00121455",0,0,0
"S00121456",1,0,1
"S00121457",0,0,0
"S00121458",0,0,0
"S00121459",0,0,0
"S00121460",0,0,0
"S00121461",4,2,2
"S00121462",1,0,1
"S00121463",1,0,1
"S00121464",1,1,0
"S00121465",0,0,0
"S00121466",0,0,0
"S00121467",0,0,0
"S00121468",0,0,0
"S00121469",0,0,0
"S00121470",1,0,1
"S00121471",2,2,0
"S00121472",0,0,0
"S00121473",0,0,0
"S00121474",3,2,1
"S00121475",0,0,0
"S00121476",2,2,0
"S00121477",0,0,0
"S00121478",1,1,0
"S00121479",0,0,0
"S00121480",9,5,4
"S00121481",0,0,0
"S00121482",1,1,0
"S00121483",0,0,0
"S00121484",1,1,0
"S00121485",0,0,0
"S00121486",0,0,0
"S00121487",2,1,1
"S00121488",0,0,0
"S00121489",0,0,0
"S00121490",4,3,1
"S00121491",1,1,0
"S00121492",4,1,3
"S00121493",0,0,0
"S00121494",3,1,2
"S00121495",2,2,0
"S00121496",3,2,1
"S00121497",4,2,2
"S00121498",1,0,1
"S00121499",0,0,0
"S00121500",0,0,0
"S00121501",1,0,1
"S00121502",0,0,0
"S00121503",0,0,0
"S00121504",2,0,2
"S00121505",2,0,2
"S00121506",1,1,0
"S00121507",0,0,0
"S00121508",1,1,0
"S00121509",1,0,1
"S00121510",0,0,0
"S00121511",0,0,0
"S00121512",2,1,1
"S00121513",2,0,2
"S00121514",2,1,1
"S00121515",2,1,1
"S00121516",0,0,0
"S00121517",0,0,0
"S00121518",1,0,1
"S00121519",1,1,0
"S00121520",2,2,0
"S00121521",2,0,2
"S00121522",3,0,3
"S00121523",1,1,0
"S00121524",1,1,0
"S00121525",1,1,0
"S00121526",1,0,1
"S00121527",3,0,3
"S00121528",1,0,1
"S00121529",2,0,2
"S00121530",2,1,1
"S00121531",0,0,0
"S00121532",0,0,0
"S00121533",3,1,2
"S00121534",1,0,1
"S00121535",6,4,2
"S00121536",1,1,0
"S00121537",0,0,0
"S00121538",0,0,0
"S00121539",0,0,0
"S00121540",0,0,0
"S00121541",0,0,0
"S00121542",0,0,0
"S00121543",1,0,1
"S00121544",1,1,0
"S00121545",0,0,0
"S00121546",0,0,0
"S00121547",3,2,1
"S00121548",2,1,1
"S00121549",0,0,0
"S00121550",1,0,1
"S00121551",3,2,1
"S00121552",0,0,0
"S00121553",2,1,1
"S00121554",3,0,3
"S00121555",0,0,0
"S00121556",0,0,0
"S00121557",0,0,0
"S00121558",1,0,1
"S00121559",0,0,0
"S00121560",0,0,0
"S00121561",0,0,0
"S00121562",1,0,1
"S00121563",0,0,0
"S00121564",4,3,1
"S00121565",2,1,1
"S00121566",2,0,2
"S00121567",1,0,1
"S00121568",0,0,0
"S00121569",2,0,2
"S00121570",3,0,3
"S00121571",0,0,0
"S00121572",0,0,0
"S00121573",1,0,1
"S00121574",0,0,0
"S00121575",0,0,0
"S00121576",2,2,0
"S00121577",1,0,1
"S00121578",0,0,0
"S00121579",0,0,0
"S00121580",0,0,0
"S00121581",3,2,1
"S00121582",2,0,2
"S00121583",2,1,1
"S00121584",1,0,1
"S00121585",4,1,3
"S00121586",1,1,0
"S00121587",1,0,1
"S00121588",1,0,1
"S00121589",1,0,1
"S00121590",0,0,0
"S00121591",1,1,0
"S00121592",0,0,0
"S00121593",3,1,2
"S00121594",0,0,0
"S00121595",6,3,3
"S00121596",3,1,2
"S00121597",3,1,2
"S00121598",1,0,1
"S00121599",2,1,1
"S00121600",1,0,1
"S00121601",2,2,0
"S00121602",1,1,0
"S00121603",0,0,0
"S00121604",2,0,2
"S00121605",0,0,0
"S00121606",0,0,0
"S00121607",0,0,0
"S00121608",0,0,0
"S00121609",0,0,0
"S00121610",0,0,0
"S00121611",0,0,0
"S00121612",0,0,0
"S00121613",0,0,0
"S00121614",0,0,0
"S00121615",1,1,0
"S00121616",3,2,1
"S00121617",2,1,1
"S00121618",0,0,0
"S00121619",3,2,1
"S00121620",0,0,0
"S00121621",0,0,0
"S00121622",0,0,0
"S00121623",3,1,2
"S00121624",1,1,0
"S00121625",0,0,0
"S00121626",2,0,2
"S00121627",1,1,0
"S00121628",2,0,2
"S00121629",2,1,1
"S00121630",0,0,0
"S00121631",1,1,0
"S00121632",0,0,0
"S00121633",1,0,1
"S00121634",1,0,1
"S00121635",1,0,1
"S00121636",0,0,0
"S00121637",0,0,0
"S00121638",0,0,0
"S00121639",0,0,0
"S00121640",0,0,0
"S00121641",0,0,0
"S00121642",2,1,1
"S00121643",1,1,0
"S00121644",0,0,0
"S00121645",0,0,0
"S00121646",0,0,0
"S00121647",0,0,0
"S00121648",0,0,0
"S00121649",0,0,0
"S00121650",2,2,0
"S00121651",3,1,2
"S00121652",3,1,2
"S00121653",1,1,0
"S00121654",3,1,2
"S00121655",5,2,3
"S00121656",7,3,4
"S00121657",0,0,0
"S00121658",2,2,0
"S00121659",2,1,1
"S00121660",0,0,0
"S00121661",4,2,2
"S00121662",0,0,0
"S00121663",1,0,1
"S00121664",4,1,3
"S00121665",0,0,0
"S00121666",5,4,1
"S00121667",4,2,2
"S00121668",2,2,0
"S00121669",0,0,0
"S00121670",0,0,0
"S00121671",0,0,0
"S00121672",0,0,0
"S00121673",0,0,0
"S00121674",1,0,1
"S00121675",0,0,0
"S00121676",3,0,3
"S00121677",0,0,0
"S00121678",2,0,2
"S00121679",4,2,2
"S00121680",0,0,0
"S00121681",5,0,5
"S00121682",1,1,0
"S00121683",0,0,0
"S00121684",1,1,0
"S00121685",0,0,0
"S00121686",0,0,0
"S00121687",0,0,0
"S00121688",0,0,0
"S00121689",1,0,1
"S00121690",1,0,1
"S00121691",1,0,1
"S00121692",2,1,1
"S00121693",4,1,3
"S00121694",1,1,0
"S00121695",1,0,1
"S00121696",0,0,0
"S00121697",0,0,0
"S00121698",1,0,1
"S00121699",0,0,0
"S00121700",1,0,1
"S00121701",0,0,0
"S00121702",2,0,2
"S00121703",3,2,1
"S00121704",2,0,2
"S00121705",6,2,4
"S00121706",1,0,1
"S00121707",2,1,1
"S00121708",2,0,2
"S00121709",3,2,1
"S00121710",2,1,1
"S00121711",2,0,2
"S00121712",0,0,0
"S00121713",1,0,1
"S00121714",0,0,0
"S00121715",0,0,0
"S00121716",5,2,3
"S00121717",2,2,0
"S00121718",2,0,2
"S00121719",5,3,2
"S00121720",3,1,2
"S00121721",2,1,1
"S00121722",0,0,0
"S00121723",3,1,2
"S00121724",1,1,0
"S00121725",0,0,0
"S00121726",1,0,1
"S00121727",0,0,0
"S00121728",0,0,0
"S00121729",0,0,0
"S00121730",2,1,1
"S00121731",1,0,1
"S00121732",0,0,0
"S00121733",0,0,0
"S00121734",0,0,0
"S00121735",1,0,1
"S00121736",4,3,1
"S00121737",0,0,0
"S00121738",0,0,0
"S00121739",2,2,0
"S00121740",1,0,1
"S00121741",0,0,0
"S00121742",0,0,0
"S00121743",2,2,0
"S00121744",7,4,3
"S00121745",0,0,0
"S00121746",3,1,2
"S00121747",2,1,1
"S00121748",6,2,4
"S00121749",3,0,3
"S00121750",1,0,1
"S00121751",1,1,0
"S00121752",5,3,2
"S00121753",0,0,0
"S00121754",0,0,0
"S00121755",0,0,0
"S00121756",0,0,0
"S00121757",4,3,1
"S00121758",2,0,2
"S00121759",2,1,1
"S00121760",2,1,1
"S00121761",4,2,2
"S00121762",8,3,5
"S00121763",0,0,0
"S00121764",3,3,0
"S00121765",7,3,4
"S00121766",1,0,1
"S00121767",4,3,1
"S00121768",1,1,0
"S00121769",0,0,0
"S00121770",0,0,0
"S00121771",2,2,0
"S00121772",4,1,3
"S00121773",4,1,3
"S00121774",3,2,1
"S00121775",2,1,1
"S00121776",0,0,0
"S00121777",1,0,1
"S00121778",0,0,0
"S00121779",3,2,1
"S00121780",2,1,1
"S00121781",1,0,1
"S00121782",0,0,0
"S00121783",1,1,0
"S00121784",5,1,4
"S00121785",0,0,0
"S00121786",2,2,0
"S00121787",0,0,0
"S00121788",1,0,1
"S00121789",0,0,0
"S00121790",3,1,2
"S00121791",0,0,0
"S00121792",2,1,1
"S00121793",2,1,1
"S00121794",0,0,0
"S00121795",3,1,2
"S00121796",2,0,2
"S00121797",0,0,0
"S00121798",1,1,0
"S00121799",1,1,0
"S00121800",5,5,0
"S00121801",2,0,2
"S00121802",0,0,0
"S00121803",1,1,0
"S00121804",0,0,0
"S00121805",0,0,0
"S00121806",1,0,1
"S00121807",0,0,0
"S00121808",0,0,0
"S00121809",3,2,1
"S00121810",1,1,0
"S00121811",0,0,0
"S00121812",7,5,2
"S00121813",1,0,1
"S00121814",5,4,1
"S00121815",3,1,2
"S00121816",2,1,1
"S00121817",0,0,0
"S00121818",0,0,0
"S00121819",8,4,4
"S00121820",1,1,0
"S00121821",2,0,2
"S00121822",0,0,0
"S00121823",2,1,1
"S00121824",0,0,0
"S00121825",0,0,0
"S00121826",0,0,0
"S00121827",0,0,0
"S00121828",0,0,0
"S00121829",0,0,0
"S00121830",0,0,0
"S00121831",0,0,0
"S00121832",1,0,1
"S00121833",2,1,1
"S00121834",6,4,2
"S00121835",3,0,3
"S00121836",1,0,1
"S00121837",2,0,2
"S00121838",0,0,0
"S00121839",0,0,0
"S00121840",1,0,1
"S00121841",3,2,1
"S00121842",0,0,0
"S00121843",2,1,1
"S00121844",3,3,0
"S00121845",0,0,0
"S00121846",2,1,1
"S00121847",0,0,0
"S00121848",2,0,2
"S00121849",0,0,0
"S00121850",2,2,0
"S00121851",2,0,2
"S00121852",0,0,0
"S00121853",0,0,0
"S00121854",0,0,0
"S00121855",0,0,0
"S00121856",4,2,2
"S00121857",0,0,0
"S00121858",2,0,2
"S00121859",0,0,0
"S00121860",0,0,0
"S00121861",1,0,1
"S00121862",5,4,1
"S00121863",2,0,2
"S00121864",3,2,1
"S00121865",0,0,0
"S00121866",2,0,2
"S00121867",0,0,0
"S00121868",0,0,0
"S00121869",1,1,0
"S00121870",2,1,1
"S00121871",1,1,0
"S00121872",0,0,0
"S00121873",0,0,0
"S00121874",2,2,0
"S00121875",4,1,3
"S00121876",3,2,1
"S00121877",3,1,2
"S00121878",0,0,0
"S00121879",0,0,0
"S00121880",0,0,0
"S00121881",0,0,0
"S00121882",1,1,0
"S00121883",0,0,0
"S00121884",2,1,1
"S00121885",3,1,2
"S00121886",1,1,0
"S00121887",1,1,0
"S00121888",2,0,2
"S00121889",0,0,0
"S00121890",1,1,0
"S00121891",0,0,0
"S00121892",1,1,0
"S00121893",3,2,1
"S00121894",0,0,0
"S00121895",2,0,2
"S00121896",3,2,1
"S00121897",1,1,0
"S00121898",0,0,0
"S00121899",0,0,0
"S00121900",5,2,3
"S00121901",0,0,0
"S00121902",1,1,0
"S00121903",2,1,1
"S00121904",1,1,0
"S00121905",0,0,0
"S00121906",4,2,2
"S00121907",0,0,0
"S00121908",0,0,0
"S00121909",4,2,2
"S00121910",2,1,1
"S00121911",2,1,1
"S00121912",3,1,2
"S00121913",4,1,3
"S00121914",1,0,1
"S00121915",0,0,0
"S00121916",0,0,0
"S00121917",2,0,2
"S00121918",1,0,1
"S00121919",2,1,1
"S00121920",2,0,2
"S00121921",1,1,0
"S00121922",3,2,1
"S00121923",3,2,1
"S00121924",1,0,1
"S00121925",0,0,0
"S00121926",2,2,0
"S00121927",0,0,0
"S00121928",1,0,1
"S00121929",3,1,2
"S00121930",2,0,2
"S00121931",0,0,0
"S00121932",4,4,0
"S00121933",0,0,0
"S00121934",2,0,2
"S00121935",1,0,1
"S00121936",1,0,1
"S00121937",0,0,0
"S00121938",1,1,0
"S00121939",0,0,0
"S00121940",1,0,1
"S00121941",2,1,1
"S00121942",0,0,0
"S00121943",0,0,0
"S00121944",1,1,0
"S00121945",1,0,1
"S00121946",1,1,0
"S00121947",0,0,0
"S00121948",1,1,0
"S00121949",0,0,0
"S00121950",1,1,0
"S00121951",0,0,0
"S00121952",0,0,0
"S00121953",0,0,0
"S00121954",0,0,0
"S00121955",0,0,0
"S00121956",0,0,0
"S00121957",1,1,0
"S00121958",0,0,0
"S00121959",0,0,0
"S00121960",2,2,0
"S00121961",0,0,0
"S00121962",1,1,0
"S00121963",0,0,0
"S00121964",3,3,0
"S00121965",1,1,0
"S00121966",2,0,2
"S00121967",0,0,0
"S00121968",0,0,0
"S00121969",1,1,0
"S00121970",0,0,0
"S00121971",0,0,0
"S00121972",0,0,0
"S00121973",0,0,0
"S00121974",0,0,0
"S00121975",0,0,0
"S00121976",0,0,0
"S00121977",0,0,0
"S00121978",0,0,0
"S00121979",0,0,0
"S00121980",0,0,0
"S00121981",0,0,0
"S00121982",0,0,0
"S00121983",0,0,0
"S00121984",1,0,1
"S00121985",1,0,1
"S00121986",1,1,0
"S00121987",0,0,0
"S00121988",0,0,0
"S00121989",0,0,0
"S00121990",2,0,2
"S00121991",0,0,0
"S00121992",1,0,1
"S00121993",1,1,0
"S00121994",0,0,0
"S00121995",2,1,1
"S00121996",0,0,0
"S00121997",0,0,0
"S00121998",5,2,3
"S00121999",0,0,0
"S00122000",0,0,0
"S00122001",0,0,0
"S00122002",0,0,0
"S00122003",0,0,0
"S00122004",1,0,1
"S00122005",0,0,0
"S00122006",0,0,0
"S00122007",0,0,0
"S00122008",0,0,0
"S00122009",0,0,0
"S00122010",1,1,0
"S00122011",0,0,0
"S00122012",0,0,0
"S00122013",1,1,0
"S00122014",0,0,0
"S00122015",1,0,1
"S00122016",0,0,0
"S00122017",0,0,0
"S00122018",0,0,0
"S00122019",2,1,1
"S00122020",1,1,0
"S00122021",0,0,0
"S00122022",1,0,1
"S00122023",0,0,0
"S00122024",0,0,0
"S00122025",2,0,2
"S00122026",0,0,0
"S00122027",1,0,1
"S00122028",0,0,0
"S00122029",0,0,0
"S00122030",0,0,0
"S00122031",0,0,0
"S00122032",0,0,0
"S00122033",2,0,2
"S00122034",0,0,0
"S00122035",0,0,0
"S00122036",0,0,0
"S00122037",0,0,0
"S00122038",0,0,0
"S00122039",0,0,0
"S00122040",0,0,0
"S00122041",0,0,0
"S00122042",2,1,1
"S00122043",0,0,0
"S00122044",0,0,0
"S00122045",1,1,0
"S00122046",0,0,0
"S00122047",0,0,0
"S00122048",0,0,0
"S00122049",0,0,0
"S00122050",1,1,0
"S00122051",1,0,1
"S00122052",1,1,0
"S00122053",1,0,1
"S00122054",0,0,0
"S00122055",0,0,0
"S00122056",2,1,1
"S00122057",2,1,1
"S00122058",2,1,1
"S00122059",0,0,0
"S00122060",0,0,0
"S00122061",1,1,0
"S00122062",0,0,0
"S00122063",0,0,0
"S00122064",0,0,0
"S00122065",0,0,0
"S00122066",0,0,0
"S00122067",0,0,0
"S00122068",0,0,0
"S00122069",0,0,0
"S00122070",0,0,0
"S00122071",0,0,0
"S00122072",0,0,0
"S00122073",1,1,0
"S00122074",3,2,1
"S00122075",0,0,0
"S00122076",0,0,0
"S00122077",0,0,0
"S00122078",0,0,0
"S00122079",0,0,0
"S00122080",0,0,0
"S00122081",0,0,0
"S00122082",0,0,0
"S00122083",0,0,0
"S00122084",0,0,0
"S00122085",1,0,1
"S00122086",0,0,0
"S00122087",1,0,1
"S00122088",1,0,1
"S00122089",0,0,0
"S00122090",0,0,0
"S00122091",1,1,0
"S00122092",2,1,1
"S00122093",1,0,1
"S00122094",0,0,0
"S00122095",1,1,0
"S00122096",0,0,0
"S00122097",0,0,0
"S00122098",0,0,0
"S00122099",0,0,0
"S00122100",0,0,0
"S00122101",0,0,0
"S00122102",0,0,0
"S00122103",1,1,0
"S00122104",0,0,0
"S00122105",0,0,0
"S00122106",0,0,0
"S00122107",1,0,1
"S00122108",0,0,0
"S00122109",0,0,0
"S00122110",1,1,0
"S00122111",2,2,0
"S00122112",3,1,2
"S00122113",1,0,1
"S00122114",0,0,0
"S00122115",1,1,0
"S00122116",0,0,0
"S00122117",1,0,1
"S00122118",0,0,0
"S00122119",0,0,0
"S00122120",0,0,0
"S00122121",0,0,0
"S00122122",0,0,0
"S00122123",0,0,0
"S00122124",0,0,0
"S00122125",0,0,0
"S00122126",1,0,1
"S00122127",0,0,0
"S00122128",0,0,0
"S00122129",0,0,0
"S00122130",1,0,1
"S00122131",1,1,0
"S00122132",0,0,0
"S00122133",1,1,0
"S00122134",0,0,0
"S00122135",0,0,0
"S00122136",0,0,0
"S00122137",0,0,0
"S00122138",2,2,0
"S00122139",1,0,1
"S00122140",0,0,0
"S00122141",2,2,0
"S00122142",1,0,1
"S00122143",0,0,0
"S00122144",1,0,1
"S00122145",0,0,0
"S00122146",1,0,1
"S00122147",0,0,0
"S00122148",2,0,2
"S00122149",0,0,0
"S00122150",0,0,0
"S00122151",0,0,0
"S00122152",0,0,0
"S00122153",0,0,0
"S00122154",0,0,0
"S00122155",0,0,0
"S00122156",0,0,0
"S00122157",0,0,0
"S00122158",0,0,0
"S00122159",0,0,0
"S00122160",1,1,0
"S00122161",0,0,0
"S00122162",0,0,0
"S00122163",0,0,0
"S00122164",1,0,1
"S00122165",0,0,0
"S00122166",0,0,0
"S00122167",0,0,0
"S00122168",0,0,0
"S00122169",0,0,0
"S00122170",0,0,0
"S00122171",1,1,0
"S00122172",0,0,0
"S00122173",2,1,1
"S00122174",0,0,0
"S00122175",0,0,0
"S00122176",0,0,0
"S00122177",0,0,0
"S00122178",0,0,0
"S00122179",1,0,1
"S00122180",0,0,0
"S00122181",0,0,0
"S00122182",1,0,1
"S00122183",0,0,0
"S00122184",1,0,1
"S00122185",0,0,0
"S00122186",0,0,0
"S00122187",0,0,0
"S00122188",0,0,0
"S00122189",0,0,0
"S00122190",3,1,2
"S00122191",1,1,0
"S00122192",0,0,0
"S00122193",0,0,0
"S00122194",1,0,1
"S00122195",0,0,0
"S00122196",0,0,0
"S00122197",0,0,0
"S00122198",0,0,0
"S00122199",0,0,0
"S00122200",1,1,0
"S00122201",3,1,2
"S00122202",0,0,0
"S00122203",0,0,0
"S00122204",1,1,0
"S00122205",1,1,0
"S00122206",2,2,0
"S00122207",1,1,0
"S00122208",0,0,0
"S00122209",2,1,1
"S00122210",0,0,0
"S00122211",0,0,0
"S00122212",0,0,0
"S00122213",0,0,0
"S00122214",0,0,0
"S00122215",0,0,0
"S00122216",1,0,1
"S00122217",0,0,0
"S00122218",0,0,0
"S00122219",1,1,0
"S00122220",0,0,0
"S00122221",3,0,3
"S00122222",1,1,0
"S00122223",0,0,0
"S00122224",2,2,0
"S00122225",0,0,0
"S00122226",0,0,0
"S00122227",2,2,0
"S00122228",0,0,0
"S00122229",0,0,0
"S00122230",0,0,0
"S00122231",0,0,0
"S00122232",0,0,0
"S00122233",0,0,0
"S00122234",1,0,1
"S00122235",1,1,0
"S00122236",0,0,0
"S00122237",0,0,0
"S00122238",0,0,0
"S00122239",0,0,0
"S00122240",0,0,0
"S00122241",0,0,0
"S00122242",1,1,0
"S00122243",0,0,0
"S00122244",0,0,0
"S00122245",1,0,1
"S00122246",0,0,0
"S00122247",3,1,2
"S00122248",0,0,0
"S00122249",0,0,0
"S00122250",0,0,0
"S00122251",1,0,1
"S00122252",1,0,1
"S00122253",4,3,1
"S00122254",1,1,0
"S00122255",1,1,0
"S00122256",0,0,0
"S00122257",0,0,0
"S00122258",1,0,1
"S00122259",0,0,0
"S00122260",0,0,0
"S00122261",1,1,0
"S00122262",1,0,1
"S00122263",0,0,0
"S00122264",0,0,0
"S00122265",0,0,0
"S00122266",0,0,0
"S00122267",0,0,0
"S00122268",0,0,0
"S00122269",0,0,0
"S00122270",0,0,0
"S00122271",1,1,0
"S00122272",0,0,0
"S00122273",0,0,0
"S00122274",0,0,0
"S00122275",1,0,1
"S00122276",0,0,0
"S00122277",0,0,0
"S00122278",0,0,0
"S00122279",0,0,0
"S00122280",0,0,0
"S00122281",1,1,0
"S00122282",1,1,0
"S00122283",0,0,0
"S00122284",0,0,0
"S00122285",0,0,0
"S00122286",0,0,0
"S00122287",2,1,1
"S00122288",0,0,0
"S00122289",0,0,0
"S00122290",0,0,0
"S00122291",1,0,1
"S00122292",0,0,0
"S00122293",1,1,0
"S00122294",0,0,0
"S00122295",0,0,0
"S00122296",0,0,0
"S00122297",0,0,0
"S00122298",0,0,0
"S00122299",0,0,0
"S00122300",0,0,0
"S00122301",0,0,0
"S00122302",0,0,0
"S00122303",0,0,0
"S00122304",0,0,0
"S00122305",0,0,0
"S00122306",0,0,0
"S00122307",2,1,1
"S00122308",0,0,0
"S00122309",0,0,0
"S00122310",0,0,0
"S00122311",0,0,0
"S00122312",0,0,0
"S00122313",0,0,0
"S00122314",4,2,2
"S00122315",1,0,1
"S00122316",0,0,0
"S00122317",0,0,0
"S00122318",0,0,0
"S00122319",1,0,1
"S00122320",2,2,0
"S00122321",1,0,1
"S00122322",3,0,3
"S00122323",0,0,0
"S00122324",0,0,0
"S00122325",0,0,0
"S00122326",0,0,0
"S00122327",0,0,0
"S00122328",0,0,0
"S00122329",0,0,0
"S00122330",1,0,1
"S00122331",0,0,0
"S00122332",0,0,0
"S00122333",0,0,0
"S00122334",0,0,0
"S00122335",1,1,0
"S00122336",0,0,0
"S00122337",0,0,0
"S00122338",0,0,0
"S00122339",0,0,0
"S00122340",0,0,0
"S00122341",0,0,0
"S00122342",0,0,0
"S00122343",0,0,0
"S00122344",0,0,0
"S00122345",0,0,0
"S00122346",0,0,0
"S00122347",1,0,1
"S00122348",1,1,0
"S00122349",0,0,0
"S00122350",0,0,0
"S00122351",1,0,1
"S00122352",0,0,0
"S00122353",0,0,0
"S00122354",0,0,0
"S00122355",0,0,0
"S00122356",1,1,0
"S00122357",2,1,1
"S00122358",0,0,0
"S00122359",0,0,0
"S00122360",0,0,0
"S00122361",0,0,0
"S00122362",1,0,1
"S00122363",0,0,0
"S00122364",0,0,0
"S00122365",0,0,0
"S00122366",2,1,1
"S00122367",1,0,1
"S00122368",0,0,0
"S00122369",0,0,0
"S00122370",1,1,0
"S00122371",3,2,1
"S00122372",0,0,0
"S00122373",0,0,0
"S00122374",2,1,1
"S00122375",0,0,0
"S00122376",0,0,0
"S00122377",0,0,0
"S00122378",0,0,0
"S00122379",0,0,0
"S00122380",0,0,0
"S00122381",0,0,0
"S00122382",0,0,0
"S00122383",0,0,0
"S00122384",0,0,0
"S00122385",0,0,0
"S00122386",0,0,0
"S00122387",2,1,1
"S00122388",0,0,0
"S00122389",1,1,0
"S00122390",0,0,0
"S00122391",0,0,0
"S00122392",0,0,0
"S00122393",2,0,2
"S00122394",2,1,1
"S00122395",0,0,0
"S00122396",0,0,0
"S00122397",0,0,0
"S00122398",1,0,1
"S00122399",1,1,0
"S00122400",0,0,0
"S00122401",0,0,0
"S00122402",0,0,0
"S00122403",0,0,0
"S00122404",0,0,0
"S00122405",0,0,0
"S00122406",1,1,0
"S00122407",0,0,0
"S00122408",0,0,0
"S00122409",1,1,0
"S00122410",0,0,0
"S00122411",0,0,0
"S00122412",0,0,0
"S00122413",1,0,1
"S00122414",0,0,0
"S00122415",0,0,0
"S00122416",1,0,1
"S00122417",0,0,0
"S00122418",0,0,0
"S00122419",0,0,0
"S00122420",0,0,0
"S00122421",1,0,1
"S00122422",1,1,0
"S00122423",1,0,1
"S00122424",0,0,0
"S00122425",1,0,1
"S00122426",1,0,1
"S00122427",0,0,0
"S00122428",0,0,0
"S00122429",0,0,0
"S00122430",0,0,0
"S00122431",0,0,0
"S00122432",1,0,1
"S00122433",0,0,0
"S00122434",0,0,0
"S00122435",0,0,0
"S00122436",0,0,0
"S00122437",0,0,0
"S00122438",0,0,0
"S00122439",0,0,0
"S00122440",0,0,0
"S00122441",0,0,0
"S00122442",0,0,0
"S00122443",1,0,1
"S00122444",1,0,1
"S00122445",0,0,0
"S00122446",0,0,0
"S00122447",0,0,0
"S00122448",0,0,0
"S00122449",0,0,0
"S00122450",0,0,0
"S00122451",0,0,0
"S00122452",0,0,0
"S00122453",0,0,0
"S00122454",0,0,0
"S00122455",0,0,0
"S00122456",0,0,0
"S00122457",0,0,0
"S00122458",0,0,0
"S00122459",0,0,0
"S00122460",0,0,0
"S00122461",0,0,0
"S00122462",0,0,0
"S00122463",0,0,0
"S00122464",1,1,0
"S00122465",1,0,1
"S00122466",3,2,1
"S00122467",1,0,1
"S00122468",1,1,0
"S00122469",0,0,0
"S00122470",1,1,0
"S00122471",0,0,0
"S00122472",0,0,0
"S00122473",0,0,0
"S00122474",0,0,0
"S00122475",0,0,0
"S00122476",0,0,0
"S00122477",0,0,0
"S00122478",0,0,0
"S00122479",0,0,0
"S00122480",1,0,1
"S00122481",0,0,0
"S00122482",1,0,1
"S00122483",0,0,0
"S00122484",1,0,1
"S00122485",0,0,0
"S00122486",0,0,0
"S00122487",1,0,1
"S00122488",0,0,0
"S00122489",0,0,0
"S00122490",0,0,0
"S00122491",0,0,0
"S00122492",1,1,0
"S00122493",0,0,0
"S00122494",1,1,0
"S00122495",0,0,0
"S00122496",0,0,0
"S00122497",0,0,0
"S00122498",1,0,1
"S00122499",1,1,0
"S00122500",4,4,0
"S00122501",1,0,1
"S00122502",0,0,0
"S00122503",0,0,0
"S00122504",0,0,0
"S00122505",0,0,0
"S00122506",0,0,0
"S00122507",1,1,0
"S00122508",1,0,1
"S00122509",2,2,0
"S00122510",2,0,2
"S00122511",2,1,1
"S00122512",4,3,1
"S00122513",1,1,0
"S00122514",0,0,0
"S00122515",0,0,0
"S00122516",0,0,0
"S00122517",1,1,0
"S00122518",3,2,1
"S00122519",0,0,0
"S00122520",2,1,1
"S00122521",0,0,0
"S00122522",0,0,0
"S00122523",1,1,0
"S00122524",0,0,0
"S00122525",0,0,0
"S00122526",2,0,2
"S00122527",1,0,1
"S00122528",0,0,0
"S00122529",0,0,0
"S00122530",0,0,0
"S00122531",3,1,2
"S00122532",0,0,0
"S00122533",0,0,0
"S00122534",1,0,1
"S00122535",0,0,0
"S00122536",1,1,0
"S00122537",0,0,0
"S00122538",0,0,0
"S00122539",0,0,0
"S00122540",2,1,1
"S00122541",0,0,0
"S00122542",1,0,1
"S00122543",0,0,0
"S00122544",0,0,0
"S00122545",0,0,0
"S00122546",0,0,0
"S00122547",0,0,0
"S00122548",0,0,0
"S00122549",0,0,0
"S00122550",0,0,0
"S00122551",0,0,0
"S00122552",0,0,0
"S00122553",0,0,0
"S00122554",0,0,0
"S00122555",0,0,0
"S00122556",0,0,0
"S00122557",4,1,3
"S00122558",1,0,1
"S00122559",0,0,0
"S00122560",1,0,1
"S00122561",0,0,0
"S00122562",0,0,0
"S00122563",1,0,1
"S00122564",0,0,0
"S00122565",0,0,0
"S00122566",1,0,1
"S00122567",0,0,0
"S00122568",0,0,0
"S00122569",0,0,0
"S00122570",1,0,1
"S00122571",2,1,1
"S00122572",2,2,0
"S00122573",0,0,0
"S00122574",0,0,0
"S00122575",0,0,0
"S00122576",1,0,1
"S00122577",0,0,0
"S00122578",0,0,0
"S00122579",0,0,0
"S00122580",0,0,0
"S00122581",0,0,0
"S00122582",0,0,0
"S00122583",0,0,0
"S00122584",0,0,0
"S00122585",0,0,0
"S00122586",0,0,0
"S00122587",0,0,0
"S00122588",0,0,0
"S00122589",0,0,0
"S00122590",0,0,0
"S00122591",0,0,0
"S00122592",0,0,0
"S00122593",0,0,0
"S00122594",0,0,0
"S00122595",0,0,0
"S00122596",0,0,0
"S00122597",1,1,0
"S00122598",1,0,1
"S00122599",0,0,0
"S00122600",0,0,0
"S00122601",0,0,0
"S00122602",3,2,1
"S00122603",1,1,0
"S00122604",0,0,0
"S00122605",0,0,0
"S00122606",0,0,0
"S00122607",0,0,0
"S00122608",0,0,0
"S00122609",0,0,0
"S00122610",0,0,0
"S00122611",0,0,0
"S00122612",0,0,0
"S00122613",0,0,0
"S00122614",0,0,0
"S00122615",0,0,0
"S00122616",0,0,0
"S00122617",0,0,0
"S00122618",0,0,0
"S00122619",1,0,1
"S00122620",1,0,1
"S00122621",0,0,0
"S00122622",1,0,1
"S00122623",0,0,0
"S00122624",0,0,0
"S00122625",0,0,0
"S00122626",0,0,0
"S00122627",0,0,0
"S00122628",0,0,0
"S00122629",0,0,0
"S00122630",0,0,0
"S00122631",3,2,1
"S00122632",0,0,0
"S00122633",1,1,0
"S00122634",0,0,0
"S00122635",0,0,0
"S00122636",0,0,0
"S00122637",0,0,0
"S00122638",0,0,0
"S00122639",1,1,0
"S00122640",1,0,1
"S00122641",2,1,1
"S00122642",1,1,0
"S00122643",1,1,0
"S00122644",0,0,0
"S00122645",0,0,0
"S00122646",1,0,1
"S00122647",0,0,0
"S00122648",0,0,0
"S00122649",0,0,0
"S00122650",0,0,0
"S00122651",0,0,0
"S00122652",0,0,0
"S00122653",0,0,0
"S00122654",0,0,0
"S00122655",3,1,2
"S00122656",0,0,0
"S00122657",0,0,0
"S00122658",1,0,1
"S00122659",0,0,0
"S00122660",1,0,1
"S00122661",0,0,0
"S00122662",3,2,1
"S00122663",0,0,0
"S00122664",2,1,1
"S00122665",0,0,0
"S00122666",1,1,0
"S00122667",0,0,0
"S00122668",0,0,0
"S00122669",1,0,1
"S00122670",0,0,0
"S00122671",0,0,0
"S00122672",1,0,1
"S00122673",0,0,0
"S00122674",2,2,0
"S00122675",0,0,0
"S00122676",0,0,0
"S00122677",1,1,0
"S00122678",0,0,0
"S00122679",0,0,0
"S00122680",2,1,1
"S00122681",1,1,0
"S00122682",1,1,0
"S00122683",1,1,0
"S00122684",0,0,0
"S00122685",1,1,0
"S00122686",1,0,1
"S00122687",0,0,0
"S00122688",9,5,4
"S00122689",3,2,1
"S00122690",0,0,0
"S00122691",3,0,3
"S00122692",3,3,0
"S00122693",1,0,1
"S00122694",0,0,0
"S00122695",2,1,1
"S00122696",1,1,0
"S00122697",0,0,0
"S00122698",3,1,2
"S00122699",2,1,1
"S00122700",0,0,0
"S00122701",2,1,1
"S00122702",1,1,0
"S00122703",0,0,0
"S00122704",2,1,1
"S00122705",0,0,0
"S00122706",0,0,0
"S00122707",1,0,1
"S00122708",0,0,0
"S00122709",0,0,0
"S00122710",0,0,0
"S00122711",0,0,0
"S00122712",0,0,0
"S00122713",0,0,0
"S00122714",1,0,1
"S00122715",3,2,1
"S00122716",1,0,1
"S00122717",0,0,0
"S00122718",2,1,1
"S00122719",0,0,0
"S00122720",2,0,2
"S00122721",1,0,1
"S00122722",10,2,8
"S00122723",2,1,1
"S00122724",2,1,1
"S00122725",1,1,0
"S00122726",2,1,1
"S00122727",0,0,0
"S00122728",1,1,0
"S00122729",0,0,0
"S00122730",1,1,0
"S00122731",0,0,0
"S00122732",1,0,1
"S00122733",2,1,1
"S00122734",0,0,0
"S00122735",1,1,0
"S00122736",4,3,1
"S00122737",0,0,0
"S00122738",7,2,5
"S00122739",1,0,1
"S00122740",0,0,0
"S00122741",0,0,0
"S00122742",4,3,1
"S00122743",0,0,0
"S00122744",0,0,0
"S00122745",0,0,0
"S00122746",0,0,0
"S00122747",0,0,0
"S00122748",0,0,0
"S00122749",0,0,0
"S00122750",3,2,1
"S00122751",0,0,0
"S00122752",0,0,0
"S00122753",0,0,0
"S00122754",0,0,0
"S00122755",2,1,1
"S00122756",4,2,2
"S00122757",1,1,0
"S00122758",0,0,0
"S00122759",2,1,1
"S00122760",3,2,1
"S00122761",0,0,0
"S00122762",2,2,0
"S00122763",2,0,2
"S00122764",1,0,1
"S00122765",1,0,1
"S00122766",1,0,1
"S00122767",1,0,1
"S00122768",1,1,0
"S00122769",0,0,0
"S00122770",0,0,0
"S00122771",1,0,1
"S00122772",2,1,1
"S00122773",2,1,1
"S00122774",2,1,1
"S00122775",3,0,3
"S00122776",2,2,0
"S00122777",0,0,0
"S00122778",2,0,2
"S00122779",2,1,1
"S00122780",1,0,1
"S00122781",2,0,2
"S00122782",1,0,1
"S00122783",0,0,0
"S00122784",0,0,0
"S00122785",0,0,0
"S00122786",1,0,1
"S00122787",2,1,1
"S00122788",0,0,0
"S00122789",0,0,0
"S00122790",0,0,0
"S00122791",0,0,0
"S00122792",0,0,0
"S00122793",0,0,0
"S00122794",0,0,0
"S00122795",0,0,0
"S00122796",1,0,1
"S00122797",1,0,1
"S00122798",2,1,1
"S00122799",2,1,1
"S00122800",0,0,0
"S00122801",4,2,2
"S00122802",0,0,0
"S00122803",1,0,1
"S00122804",0,0,0
"S00122805",1,1,0
"S00122806",3,1,2
"S00122807",0,0,0
"S00122808",1,1,0
"S00122809",0,0,0
"S00122810",0,0,0
"S00122811",2,2,0
"S00122812",2,2,0
"S00122813",0,0,0
"S00122814",0,0,0
"S00122815",2,1,1
"S00122816",4,3,1
"S00122817",1,1,0
"S00122818",1,0,1
"S00122819",0,0,0
"S00122820",5,2,3
"S00122821",0,0,0
"S00122822",2,1,1
"S00122823",1,0,1
"S00122824",0,0,0
"S00122825",8,5,3
"S00122826",0,0,0
"S00122827",1,1,0
"S00122828",3,3,0
"S00122829",3,1,2
"S00122830",0,0,0
"S00122831",0,0,0
"S00122832",0,0,0
"S00122833",0,0,0
"S00122834",1,0,1
"S00122835",0,0,0
"S00122836",1,1,0
"S00122837",0,0,0
"S00122838",1,1,0
"S00122839",0,0,0
"S00122840",0,0,0
"S00122841",1,1,0
"S00122842",0,0,0
"S00122843",0,0,0
"S00122844",0,0,0
"S00122845",0,0,0
"S00122846",0,0,0
"S00122847",0,0,0
"S00122848",0,0,0
"S00122849",1,1,0
"S00122850",0,0,0
"S00122851",0,0,0
"S00122852",0,0,0
"S00122853",0,0,0
"S00122854",0,0,0
"S00122855",0,0,0
"S00122856",0,0,0
"S00122857",1,1,0
"S00122858",0,0,0
"S00122859",0,0,0
"S00122860",0,0,0
"S00122861",1,1,0
"S00122862",0,0,0
"S00122863",0,0,0
"S00122864",0,0,0
"S00122865",0,0,0
"S00122866",0,0,0
"S00122867",0,0,0
"S00122868",0,0,0
"S00122869",1,0,1
"S00122870",0,0,0
"S00122871",0,0,0
"S00122872",1,1,0
"S00122873",1,0,1
"S00122874",2,1,1
"S00122875",0,0,0
"S00122876",1,1,0
"S00122877",3,2,1
"S00122878",0,0,0
"S00122879",0,0,0
"S00122880",1,1,0
"S00122881",3,1,2
"S00122882",0,0,0
"S00122883",0,0,0
"S00122884",1,1,0
"S00122885",0,0,0
"S00122886",1,1,0
"S00122887",0,0,0
"S00122888",2,1,1
"S00122889",0,0,0
"S00122890",0,0,0
"S00122891",0,0,0
"S00122892",0,0,0
"S00122893",0,0,0
"S00122894",0,0,0
"S00122895",3,0,3
"S00122896",0,0,0
"S00122897",1,0,1
"S00122898",0,0,0
"S00122899",0,0,0
"S00122900",2,1,1
"S00122901",0,0,0
"S00122902",0,0,0
"S00122903",0,0,0
"S00122904",0,0,0
"S00122905",0,0,0
"S00122906",0,0,0
"S00122907",1,0,1
"S00122908",1,0,1
"S00122909",0,0,0
"S00122910",1,1,0
"S00122911",1,1,0
"S00122912",1,0,1
"S00122913",3,1,2
"S00122914",1,0,1
"S00122915",1,0,1
"S00122916",0,0,0
"S00122917",0,0,0
"S00122918",0,0,0
"S00122919",1,1,0
"S00122920",0,0,0
"S00122921",0,0,0
"S00122922",0,0,0
"S00122923",0,0,0
"S00122924",5,3,2
"S00122925",1,0,1
"S00122926",0,0,0
"S00122927",2,1,1
"S00122928",1,1,0
"S00122929",1,1,0
"S00122930",1,1,0
"S00122931",2,1,1
"S00122932",2,0,2
"S00122933",1,1,0
"S00122934",0,0,0
"S00122935",3,3,0
"S00122936",0,0,0
"S00122937",0,0,0
"S00122938",0,0,0
"S00122939",0,0,0
"S00122940",0,0,0
"S00122941",1,0,1
"S00122942",0,0,0
"S00122943",0,0,0
"S00122944",2,1,1
"S00122945",1,1,0
"S00122946",2,1,1
"S00122947",0,0,0
"S00122948",1,0,1
"S00122949",1,1,0
"S00122950",0,0,0
"S00122951",0,0,0
"S00122952",0,0,0
"S00122953",0,0,0
"S00122954",0,0,0
"S00122955",1,1,0
"S00122956",2,2,0
"S00122957",0,0,0
"S00122958",1,1,0
"S00122959",0,0,0
"S00122960",0,0,0
"S00122961",1,0,1
"S00122962",0,0,0
"S00122963",3,2,1
"S00122964",0,0,0
"S00122965",0,0,0
"S00122966",0,0,0
"S00122967",0,0,0
"S00122968",0,0,0
"S00122969",0,0,0
"S00122970",0,0,0
"S00122971",0,0,0
"S00122972",1,0,1
"S00122973",0,0,0
"S00122974",0,0,0
"S00122975",1,1,0
"S00122976",2,1,1
"S00122977",0,0,0
"S00122978",3,2,1
"S00122979",1,1,0
"S00122980",2,1,1
"S00122981",0,0,0
"S00122982",0,0,0
"S00122983",0,0,0
"S00122984",0,0,0
"S00122985",2,1,1
"S00122986",0,0,0
"S00122987",0,0,0
"S00122988",0,0,0
"S00122989",1,0,1
"S00122990",0,0,0
"S00122991",0,0,0
"S00122992",0,0,0
"S00122993",0,0,0
"S00122994",0,0,0
"S00122995",0,0,0
"S00122996",2,0,2
"S00122997",0,0,0
"S00122998",0,0,0
"S00122999",0,0,0
"S00123000",0,0,0
"S00123001",0,0,0
"S00123002",1,1,0
"S00123003",0,0,0
"S00123004",1,0,1
"S00123005",0,0,0
"S00123006",1,0,1
"S00123007",2,0,2
"S00123008",0,0,0
"S00123009",0,0,0
"S00123010",1,1,0
"S00123011",0,0,0
"S00123012",3,2,1
"S00123013",1,0,1
"S00123014",0,0,0
"S00123015",0,0,0
"S00123016",0,0,0
"S00123017",0,0,0
"S00123018",0,0,0
"S00123019",0,0,0
"S00123020",0,0,0
"S00123021",0,0,0
"S00123022",0,0,0
"S00123023",1,1,0
"S00123024",0,0,0
"S00123025",0,0,0
"S00123026",0,0,0
"S00123027",2,0,2
"S00123028",2,0,2
"S00123029",0,0,0
"S00123030",1,0,1
"S00123031",0,0,0
"S00123032",0,0,0
"S00123033",2,0,2
"S00123034",0,0,0
"S00123035",2,1,1
"S00123036",0,0,0
"S00123037",1,0,1
"S00123038",4,2,2
"S00123039",0,0,0
"S00123040",0,0,0
"S00123041",0,0,0
"S00123042",0,0,0
"S00123043",0,0,0
"S00123044",0,0,0
"S00123045",3,1,2
"S00123046",1,1,0
"S00123047",0,0,0
"S00123048",1,0,1
"S00123049",0,0,0
"S00123050",1,1,0
"S00123051",0,0,0
"S00123052",0,0,0
"S00123053",2,1,1
"S00123054",0,0,0
"S00123055",0,0,0
"S00123056",0,0,0
"S00123057",0,0,0
"S00123058",0,0,0
"S00123059",2,1,1
"S00123060",0,0,0
"S00123061",3,1,2
"S00123062",2,2,0
"S00123063",0,0,0
"S00123064",1,0,1
"S00123065",2,2,0
"S00123066",0,0,0
"S00123067",0,0,0
"S00123068",0,0,0
"S00123069",0,0,0
"S00123070",0,0,0
"S00123071",0,0,0
"S00123072",0,0,0
"S00123073",0,0,0
"S00123074",1,0,1
"S00123075",0,0,0
"S00123076",2,1,1
"S00123077",1,1,0
"S00123078",0,0,0
"S00123079",1,0,1
"S00123080",0,0,0
"S00123081",0,0,0
"S00123082",1,1,0
"S00123083",0,0,0
"S00123084",0,0,0
"S00123085",0,0,0
"S00123086",1,1,0
"S00123087",0,0,0
"S00123088",0,0,0
"S00123089",0,0,0
"S00123090",0,0,0
"S00123091",2,0,2
"S00123092",1,1,0
"S00123093",1,0,1
"S00123094",0,0,0
"S00123095",0,0,0
"S00123096",1,0,1
"S00123097",0,0,0
"S00123098",0,0,0
"S00123099",2,1,1
"S00123100",0,0,0
"S00123101",0,0,0
"S00123102",0,0,0
"S00123103",1,0,1
"S00123104",0,0,0
"S00123105",0,0,0
"S00123106",0,0,0
"S00123107",0,0,0
"S00123108",0,0,0
"S00123109",0,0,0
"S00123110",0,0,0
"S00123111",0,0,0
"S00123112",0,0,0
"S00123113",1,0,1
"S00123114",0,0,0
"S00123115",0,0,0
"S00123116",0,0,0
"S00123117",0,0,0
"S00123118",0,0,0
"S00123119",2,1,1
"S00123120",0,0,0
"S00123121",0,0,0
"S00123122",0,0,0
"S00123123",0,0,0
"S00123124",0,0,0
"S00123125",0,0,0
"S00123126",2,1,1
"S00123127",1,0,1
"S00123128",1,1,0
"S00123129",0,0,0
"S00123130",0,0,0
"S00123131",1,1,0
"S00123132",0,0,0
"S00123133",0,0,0
"S00123134",1,1,0
"S00123135",1,0,1
"S00123136",0,0,0
"S00123137",1,1,0
"S00123138",0,0,0
"S00123139",0,0,0
"S00123140",0,0,0
"S00123141",0,0,0
"S00123142",0,0,0
"S00123143",0,0,0
"S00123144",0,0,0
"S00123145",0,0,0
"S00123146",2,1,1
"S00123147",0,0,0
"S00123148",0,0,0
"S00123149",0,0,0
"S00123150",1,1,0
"S00123151",0,0,0
"S00123152",0,0,0
"S00123153",0,0,0
"S00123154",1,0,1
"S00123155",1,0,1
"S00123156",0,0,0
"S00123157",0,0,0
"S00123158",0,0,0
"S00123159",0,0,0
"S00123160",0,0,0
"S00123161",0,0,0
"S00123162",0,0,0
"S00123163",1,0,1
"S00123164",0,0,0
"S00123165",1,0,1
"S00123166",0,0,0
"S00123167",0,0,0
"S00123168",2,0,2
"S00123169",0,0,0
"S00123170",0,0,0
"S00123171",0,0,0
"S00123172",0,0,0
"S00123173",0,0,0
"S00123174",0,0,0
"S00123175",0,0,0
"S00123176",0,0,0
"S00123177",0,0,0
"S00123178",0,0,0
"S00123179",0,0,0
"S00123180",0,0,0
"S00123181",1,0,1
"S00123182",1,1,0
"S00123183",0,0,0
"S00123184",0,0,0
"S00123185",0,0,0
"S00123186",0,0,0
"S00123187",1,1,0
"S00123188",1,1,0
"S00123189",0,0,0
"S00123190",0,0,0
"S00123191",0,0,0
"S00123192",1,1,0
"S00123193",1,1,0
"S00123194",0,0,0
"S00123195",0,0,0
"S00123196",0,0,0
"S00123197",2,0,2
"S00123198",0,0,0
"S00123199",0,0,0
"S00123200",1,0,1
"S00123201",0,0,0
"S00123202",0,0,0
"S00123203",0,0,0
"S00123204",1,0,1
"S00123205",1,0,1
"S00123206",0,0,0
"S00123207",0,0,0
"S00123208",0,0,0
"S00123209",2,1,1
"S00123210",1,0,1
"S00123211",1,0,1
"S00123212",0,0,0
"S00123213",0,0,0
"S00123214",0,0,0
"S00123215",0,0,0
"S00123216",2,0,2
"S00123217",0,0,0
"S00123218",0,0,0
"S00123219",0,0,0
"S00123220",1,1,0
"S00123221",0,0,0
"S00123222",0,0,0
"S00123223",0,0,0
"S00123224",0,0,0
"S00123225",0,0,0
"S00123226",0,0,0
"S00123227",2,1,1
"S00123228",1,1,0
"S00123229",0,0,0
"S00123230",1,0,1
"S00123231",0,0,0
"S00123232",0,0,0
"S00123233",0,0,0
"S00123234",0,0,0
"S00123235",1,0,1
"S00123236",0,0,0
"S00123237",0,0,0
"S00123238",0,0,0
"S00123239",0,0,0
"S00123240",0,0,0
"S00123241",0,0,0
"S00123242",1,0,1
"S00123243",1,1,0
"S00123244",0,0,0
"S00123245",0,0,0
"S00123246",0,0,0
"S00123247",0,0,0
"S00123248",0,0,0
"S00123249",0,0,0
"S00123250",0,0,0
"S00123251",0,0,0
"S00123252",1,0,1
"S00123253",0,0,0
"S00123254",0,0,0
"S00123255",0,0,0
"S00123256",0,0,0
"S00123257",2,2,0
"S00123258",0,0,0
"S00123259",1,1,0
"S00123260",0,0,0
"S00123261",1,1,0
"S00123262",0,0,0
"S00123263",0,0,0
"S00123264",1,1,0
"S00123265",0,0,0
"S00123266",0,0,0
"S00123267",0,0,0
"S00123268",0,0,0
"S00123269",0,0,0
"S00123270",0,0,0
"S00123271",1,0,1
"S00123272",0,0,0
"S00123273",0,0,0
"S00123274",0,0,0
"S00123275",4,2,2
"S00123276",0,0,0
"S00123277",3,0,3
"S00123278",0,0,0
"S00123279",0,0,0
"S00123280",0,0,0
"S00123281",0,0,0
"S00123282",1,0,1
"S00123283",3,2,1
"S00123284",1,1,0
"S00123285",0,0,0
"S00123286",0,0,0
"S00123287",0,0,0
"S00123288",0,0,0
"S00123289",3,1,2
"S00123290",0,0,0
"S00123291",0,0,0
"S00123292",0,0,0
"S00123293",0,0,0
"S00123294",0,0,0
"S00123295",1,0,1
"S00123296",0,0,0
"S00123297",1,0,1
"S00123298",1,1,0
"S00123299",2,1,1
"S00123300",0,0,0
"S00123301",0,0,0
"S00123302",0,0,0
"S00123303",0,0,0
"S00123304",0,0,0
"S00123305",0,0,0
"S00123306",0,0,0
"S00123307",0,0,0
"S00123308",1,1,0
"S00123309",0,0,0
"S00123310",0,0,0
"S00123311",0,0,0
"S00123312",0,0,0
"S00123313",0,0,0
"S00123314",1,0,1
"S00123315",0,0,0
"S00123316",0,0,0
"S00123317",3,1,2
"S00123318",0,0,0
"S00123319",2,0,2
"S00123320",0,0,0
"S00123321",1,1,0
"S00123322",0,0,0
"S00123323",2,1,1
"S00123324",1,0,1
"S00123325",0,0,0
"S00123326",0,0,0
"S00123327",0,0,0
"S00123328",1,0,1
"S00123329",0,0,0
"S00123330",0,0,0
"S00123331",0,0,0
"S00123332",0,0,0
"S00123333",0,0,0
"S00123334",0,0,0
"S00123335",1,1,0
"S00123336",1,1,0
"S00123337",0,0,0
"S00123338",0,0,0
"S00123339",0,0,0
"S00123340",0,0,0
"S00123341",0,0,0
"S00123342",0,0,0
"S00123343",0,0,0
"S00123344",1,1,0
"S00123345",0,0,0
"S00123346",0,0,0
"S00123347",0,0,0
"S00123348",0,0,0
"S00123349",1,0,1
"S00123350",0,0,0
"S00123351",0,0,0
"S00123352",0,0,0
"S00123353",0,0,0
"S00123354",0,0,0
"S00123355",0,0,0
"S00123356",0,0,0
"S00123357",1,0,1
"S00123358",0,0,0
"S00123359",0,0,0
"S00123360",0,0,0
"S00123361",0,0,0
"S00123362",0,0,0
"S00123363",2,1,1
"S00123364",0,0,0
"S00123365",0,0,0
"S00123366",0,0,0
"S00123367",0,0,0
"S00123368",0,0,0
"S00123369",0,0,0
"S00123370",1,0,1
"S00123371",0,0,0
"S00123372",0,0,0
"S00123373",0,0,0
"S00123374",0,0,0
"S00123375",0,0,0
"S00123376",0,0,0
"S00123377",0,0,0
"S00123378",0,0,0
"S00123379",1,0,1
"S00123380",1,1,0
"S00123381",1,1,0
"S00123382",0,0,0
"S00123383",0,0,0
"S00123384",0,0,0
"S00123385",1,1,0
"S00123386",0,0,0
"S00123387",0,0,0
"S00123388",0,0,0
"S00123389",1,1,0
"S00123390",0,0,0
"S00123391",0,0,0
"S00123392",0,0,0
"S00123393",0,0,0
"S00123394",0,0,0
"S00123395",0,0,0
"S00123396",1,1,0
"S00123397",0,0,0
"S00123398",1,0,1
"S00123399",0,0,0
"S00123400",1,0,1
"S00123401",0,0,0
"S00123402",0,0,0
"S00123403",0,0,0
"S00123404",0,0,0
"S00123405",0,0,0
"S00123406",1,0,1
"S00123407",0,0,0
"S00123408",0,0,0
"S00123409",0,0,0
"S00123410",0,0,0
"S00123411",0,0,0
"S00123412",0,0,0
"S00123413",0,0,0
"S00123414",0,0,0
"S00123415",1,1,0
"S00123416",0,0,0
"S00123417",0,0,0
"S00123418",0,0,0
"S00123419",0,0,0
"S00123420",0,0,0
"S00123421",0,0,0
"S00123422",1,0,1
"S00123423",0,0,0
"S00123424",0,0,0
"S00123425",0,0,0
"S00123426",0,0,0
"S00123427",0,0,0
"S00123428",0,0,0
"S00123429",0,0,0
"S00123430",0,0,0
"S00123431",1,0,1
"S00123432",0,0,0
"S00123433",0,0,0
"S00123434",0,0,0
"S00123435",1,0,1
"S00123436",0,0,0
"S00123437",2,0,2
"S00123438",0,0,0
"S00123439",0,0,0
"S00123440",0,0,0
"S00123441",0,0,0
"S00123442",1,1,0
"S00123443",1,0,1
"S00123444",0,0,0
"S00123445",0,0,0
"S00123446",0,0,0
"S00123447",0,0,0
"S00123448",1,0,1
"S00123449",0,0,0
"S00123450",1,0,1
"S00123451",0,0,0
"S00123452",0,0,0
"S00123453",1,0,1
"S00123454",1,0,1
"S00123455",1,0,1
"S00123456",0,0,0
"S00123457",0,0,0
"S00123458",0,0,0
"S00123459",0,0,0
"S00123460",1,0,1
"S00123461",0,0,0
"S00123462",0,0,0
"S00123463",0,0,0
"S00123464",0,0,0
"S00123465",0,0,0
"S00123466",0,0,0
"S00123467",0,0,0
"S00123468",0,0,0
"S00123469",0,0,0
"S00123470",0,0,0
"S00123471",0,0,0
"S00123472",1,1,0
"S00123473",0,0,0
"S00123474",0,0,0
"S00123475",0,0,0
"S00123476",0,0,0
"S00123477",0,0,0
"S00123478",0,0,0
"S00123479",0,0,0
"S00123480",1,0,1
"S00123481",0,0,0
"S00123482",0,0,0
"S00123483",0,0,0
"S00123484",0,0,0
"S00123485",0,0,0
"S00123486",1,0,1
"S00123487",1,0,1
"S00123488",1,0,1
"S00123489",1,1,0
"S00123490",0,0,0
"S00123491",2,1,1
"S00123492",0,0,0
"S00123493",0,0,0
"S00123494",0,0,0
"S00123495",0,0,0
"S00123496",0,0,0
"S00123497",1,0,1
"S00123498",1,1,0
"S00123499",0,0,0
"S00123500",1,0,1
"S00123501",1,0,1
"S00123502",0,0,0
"S00123503",0,0,0
"S00123504",0,0,0
"S00123505",1,1,0
"S00123506",0,0,0
"S00123507",0,0,0
"S00123508",0,0,0
"S00123509",0,0,0
"S00123510",0,0,0
"S00123511",0,0,0
"S00123512",0,0,0
"S00123513",0,0,0
"S00123514",0,0,0
"S00123515",0,0,0
"S00123516",0,0,0
"S00123517",0,0,0
"S00123518",0,0,0
"S00123519",1,0,1
"S00123520",0,0,0
"S00123521",1,0,1
"S00123522",0,0,0
"S00123523",0,0,0
"S00123524",0,0,0
"S00123525",0,0,0
"S00123526",0,0,0
"S00123527",0,0,0
"S00123528",0,0,0
"S00123529",0,0,0
"S00123530",0,0,0
"S00123531",0,0,0
"S00123532",0,0,0
"S00123533",0,0,0
"S00123534",0,0,0
"S00123535",0,0,0
"S00123536",0,0,0
"S00123537",0,0,0
"S00123538",1,0,1
"S00123539",0,0,0
"S00123540",0,0,0
"S00123541",0,0,0
"S00123542",0,0,0
"S00123543",1,1,0
"S00123544",0,0,0
"S00123545",0,0,0
"S00123546",0,0,0
"S00123547",0,0,0
"S00123548",0,0,0
"S00123549",0,0,0
"S00123550",0,0,0
"S00123551",0,0,0
"S00123552",0,0,0
"S00123553",0,0,0
"S00123554",0,0,0
"S00123555",0,0,0
"S00123556",0,0,0
"S00123557",2,0,2
"S00123558",0,0,0
"S00123559",1,1,0
"S00123560",0,0,0
"S00123561",0,0,0
"S00123562",0,0,0
"S00123563",0,0,0
"S00123564",0,0,0
"S00123565",0,0,0
"S00123566",0,0,0
"S00123567",0,0,0
"S00123568",0,0,0
"S00123569",0,0,0
"S00123570",0,0,0
"S00123571",0,0,0
"S00123572",0,0,0
"S00123573",0,0,0
"S00123574",0,0,0
"S00123575",0,0,0
"S00123576",0,0,0
"S00123577",0,0,0
"S00123578",0,0,0
"S00123579",1,0,1
"S00123580",0,0,0
"S00123581",0,0,0
"S00123582",0,0,0
"S00123583",0,0,0
"S00123584",0,0,0
"S00123585",0,0,0
"S00123586",0,0,0
"S00123587",0,0,0
"S00123588",0,0,0
"S00123589",0,0,0
"S00123590",1,0,1
"S00123591",0,0,0
"S00123592",0,0,0
"S00123593",1,1,0
"S00123594",0,0,0
"S00123595",0,0,0
"S00123596",0,0,0
"S00123597",0,0,0
"S00123598",0,0,0
"S00123599",0,0,0
"S00123600",0,0,0
"S00123601",0,0,0
"S00123602",0,0,0
"S00123603",0,0,0
"S00123604",0,0,0
"S00123605",0,0,0
"S00123606",0,0,0
"S00123607",1,0,1
"S00123608",0,0,0
"S00123609",0,0,0
"S00123610",0,0,0
"S00123611",2,0,2
"S00123612",0,0,0
"S00123613",0,0,0
"S00123614",0,0,0
"S00123615",0,0,0
"S00123616",0,0,0
"S00123617",0,0,0
"S00123618",0,0,0
"S00123619",1,0,1
"S00123620",0,0,0
"S00123621",0,0,0
"S00123622",2,2,0
"S00123623",0,0,0
"S00123624",0,0,0
"S00123625",0,0,0
"S00123626",0,0,0
"S00123627",0,0,0
"S00123628",0,0,0
"S00123629",0,0,0
"S00123630",0,0,0
"S00123631",0,0,0
"S00123632",0,0,0
"S00123633",0,0,0
"S00123634",2,0,2
"S00123635",0,0,0
"S00123636",1,1,0
"S00123637",0,0,0
"S00123638",0,0,0
"S00123639",0,0,0
"S00123640",0,0,0
"S00123641",1,1,0
"S00123642",0,0,0
"S00123643",0,0,0
"S00123644",0,0,0
"S00123645",0,0,0
"S00123646",0,0,0
"S00123647",0,0,0
"S00123648",0,0,0
"S00123649",1,1,0
"S00123650",0,0,0
"S00123651",1,1,0
"S00123652",0,0,0
"S00123653",0,0,0
"S00123654",0,0,0
"S00123655",0,0,0
"S00123656",0,0,0
"S00123657",1,1,0
"S00123658",0,0,0
"S00123659",0,0,0
"S00123660",1,1,0
"S00123661",2,2,0
"S00123662",0,0,0
"S00123663",0,0,0
"S00123664",0,0,0
"S00123665",0,0,0
"S00123666",0,0,0
"S00123667",0,0,0
"S00123668",0,0,0
"S00123669",1,1,0
"S00123670",0,0,0
"S00123671",0,0,0
"S00123672",1,1,0
"S00123673",0,0,0
"S00123674",1,0,1
"S00123675",0,0,0
"S00123676",0,0,0
"S00123677",0,0,0
"S00123678",0,0,0
"S00123679",0,0,0
"S00123680",0,0,0
"S00123681",0,0,0
"S00123682",2,2,0
"S00123683",0,0,0
"S00123684",1,1,0
"S00123685",0,0,0
"S00123686",1,0,1
"S00123687",0,0,0
"S00123688",0,0,0
"S00123689",1,0,1
"S00123690",0,0,0
"S00123691",0,0,0
"S00123692",1,0,1
"S00123693",0,0,0
"S00123694",0,0,0
"S00123695",3,3,0
"S00123696",2,1,1
"S00123697",0,0,0
"S00123698",0,0,0
"S00123699",0,0,0
"S00123700",0,0,0
"S00123701",1,0,1
"S00123702",1,0,1
"S00123703",0,0,0
"S00123704",0,0,0
"S00123705",0,0,0
"S00123706",0,0,0
"S00123707",0,0,0
"S00123708",0,0,0
"S00123709",1,0,1
"S00123710",0,0,0
"S00123711",0,0,0
"S00123712",0,0,0
"S00123713",0,0,0
"S00123714",0,0,0
"S00123715",0,0,0
"S00123716",0,0,0
"S00123717",0,0,0
"S00123718",0,0,0
"S00123719",0,0,0
"S00123720",0,0,0
"S00123721",0,0,0
"S00123722",0,0,0
"S00123723",0,0,0
"S00123724",0,0,0
"S00123725",0,0,0
"S00123726",0,0,0
"S00123727",0,0,0
"S00123728",1,1,0
"S00123729",0,0,0
"S00123730",1,1,0
"S00123731",0,0,0
"S00123732",2,2,0
"S00123733",0,0,0
"S00123734",1,1,0
"S00123735",1,0,1
"S00123736",0,0,0
"S00123737",0,0,0
"S00123738",0,0,0
"S00123739",0,0,0
"S00123740",0,0,0
"S00123741",0,0,0
"S00123742",1,1,0
"S00123743",2,0,2
"S00123744",0,0,0
"S00123745",0,0,0
"S00123746",0,0,0
"S00123747",1,1,0
"S00123748",0,0,0
"S00123749",0,0,0
"S00123750",0,0,0
"S00123751",0,0,0
"S00123752",2,2,0
"S00123753",2,2,0
"S00123754",0,0,0
"S00123755",0,0,0
"S00123756",1,1,0
"S00123757",2,0,2
"S00123758",1,0,1
"S00123759",1,0,1
"S00123760",0,0,0
"S00123761",1,0,1
"S00123762",0,0,0
"S00123763",1,0,1
"S00123764",0,0,0
"S00123765",0,0,0
"S00123766",0,0,0
"S00123767",2,1,1
"S00123768",0,0,0
"S00123769",1,0,1
"S00123770",0,0,0
"S00123771",0,0,0
"S00123772",2,1,1
"S00123773",0,0,0
"S00123774",1,1,0
"S00123775",0,0,0
"S00123776",0,0,0
"S00123777",0,0,0
"S00123778",1,0,1
"S00123779",2,1,1
"S00123780",0,0,0
"S00123781",0,0,0
"S00123782",0,0,0
"S00123783",1,0,1
"S00123784",0,0,0
"S00123785",0,0,0
"S00123786",2,0,2
"S00123787",0,0,0
"S00123788",0,0,0
"S00123789",0,0,0
"S00123790",0,0,0
"S00123791",0,0,0
"S00123792",0,0,0
"S00123793",0,0,0
"S00123794",0,0,0
"S00123795",0,0,0
"S00123796",0,0,0
"S00123797",0,0,0
"S00123798",0,0,0
"S00123799",1,1,0
"S00123800",1,1,0
"S00123801",0,0,0
"S00123802",0,0,0
"S00123803",1,1,0
"S00123804",3,1,2
"S00123805",0,0,0
"S00123806",0,0,0
"S00123807",0,0,0
"S00123808",0,0,0
"S00123809",0,0,0
"S00123810",0,0,0
"S00123811",0,0,0
"S00123812",0,0,0
"S00123813",0,0,0
"S00123814",0,0,0
"S00123815",0,0,0
"S00123816",0,0,0
"S00123817",0,0,0
"S00123818",0,0,0
"S00123819",0,0,0
"S00123820",0,0,0
"S00123821",1,0,1
"S00123822",1,0,1
"S00123823",0,0,0
"S00123824",1,0,1
"S00123825",0,0,0
"S00123826",0,0,0
"S00123827",0,0,0
"S00123828",0,0,0
"S00123829",0,0,0
"S00123830",0,0,0
"S00123831",0,0,0
"S00123832",0,0,0
"S00123833",0,0,0
"S00123834",0,0,0
"S00123835",2,0,2
"S00123836",0,0,0
"S00123837",0,0,0
"S00123838",0,0,0
"S00123839",0,0,0
"S00123840",0,0,0
"S00123841",0,0,0
"S00123842",0,0,0
"S00123843",1,1,0
"S00123844",0,0,0
"S00123845",0,0,0
"S00123846",0,0,0
"S00123847",0,0,0
"S00123848",0,0,0
"S00123849",0,0,0
"S00123850",0,0,0
"S00123851",0,0,0
"S00123852",0,0,0
"S00123853",0,0,0
"S00123854",0,0,0
"S00123855",1,0,1
"S00123856",1,1,0
"S00123857",0,0,0
"S00123858",0,0,0
"S00123859",2,1,1
"S00123860",0,0,0
"S00123861",0,0,0
"S00123862",0,0,0
"S00123863",0,0,0
"S00123864",0,0,0
"S00123865",0,0,0
"S00123866",0,0,0
"S00123867",0,0,0
"S00123868",0,0,0
"S00123869",0,0,0
"S00123870",0,0,0
"S00123871",0,0,0
"S00123872",0,0,0
"S00123873",0,0,0
"S00123874",0,0,0
"S00123875",0,0,0
"S00123876",0,0,0
"S00123877",0,0,0
"S00123878",0,0,0
"S00123879",0,0,0
"S00123880",0,0,0
"S00123881",0,0,0
"S00123882",1,1,0
"S00123883",0,0,0
"S00123884",0,0,0
"S00123885",0,0,0
"S00123886",0,0,0
"S00123887",0,0,0
"S00123888",0,0,0
"S00123889",0,0,0
"S00123890",0,0,0
"S00123891",0,0,0
"S00123892",0,0,0
"S00123893",1,0,1
"S00123894",0,0,0
"S00123895",0,0,0
"S00123896",0,0,0
"S00123897",0,0,0
"S00123898",0,0,0
"S00123899",0,0,0
"S00123900",0,0,0
"S00123901",0,0,0
"S00123902",0,0,0
"S00123903",0,0,0
"S00123904",0,0,0
"S00123905",0,0,0
"S00123906",0,0,0
"S00123907",0,0,0
"S00123908",1,0,1
"S00123909",1,0,1
"S00123910",0,0,0
"S00123911",3,1,2
"S00123912",0,0,0
"S00123913",0,0,0
"S00123914",0,0,0
"S00123915",0,0,0
"S00123916",0,0,0
"S00123917",1,1,0
"S00123918",0,0,0
"S00123919",1,1,0
"S00123920",2,0,2
"S00123921",0,0,0
"S00123922",0,0,0
"S00123923",0,0,0
"S00123924",1,0,1
"S00123925",0,0,0
"S00123926",0,0,0
"S00123927",0,0,0
"S00123928",0,0,0
"S00123929",0,0,0
"S00123930",2,1,1
"S00123931",0,0,0
"S00123932",0,0,0
"S00123933",0,0,0
"S00123934",0,0,0
"S00123935",0,0,0
"S00123936",0,0,0
"S00123937",1,0,1
"S00123938",0,0,0
"S00123939",0,0,0
"S00123940",0,0,0
"S00123941",1,0,1
"S00123942",0,0,0
"S00123943",0,0,0
"S00123944",0,0,0
"S00123945",3,1,2
"S00123946",0,0,0
"S00123947",0,0,0
"S00123948",0,0,0
"S00123949",0,0,0
"S00123950",0,0,0
"S00123951",0,0,0
"S00123952",0,0,0
"S00123953",0,0,0
"S00123954",2,2,0
"S00123955",0,0,0
"S00123956",0,0,0
"S00123957",0,0,0
"S00123958",0,0,0
"S00123959",0,0,0
"S00123960",1,0,1
"S00123961",1,1,0
"S00123962",0,0,0
"S00123963",0,0,0
"S00123964",0,0,0
"S00123965",0,0,0
"S00123966",0,0,0
"S00123967",0,0,0
"S00123968",0,0,0
"S00123969",0,0,0
"S00123970",0,0,0
"S00123971",0,0,0
"S00123972",0,0,0
"S00123973",0,0,0
"S00123974",0,0,0
"S00123975",0,0,0
"S00123976",0,0,0
"S00123977",1,0,1
"S00123978",0,0,0
"S00123979",0,0,0
"S00123980",0,0,0
"S00123981",0,0,0
"S00123982",0,0,0
"S00123983",0,0,0
"S00123984",0,0,0
"S00123985",0,0,0
"S00123986",0,0,0
"S00123987",0,0,0
"S00123988",0,0,0
"S00123989",0,0,0
"S00123990",0,0,0
"S00123991",0,0,0
"S00123992",0,0,0
"S00123993",0,0,0
"S00123994",0,0,0
"S00123995",1,0,1
"S00123996",0,0,0
"S00123997",0,0,0
"S00123998",0,0,0
"S00123999",0,0,0
"S00124000",0,0,0
"S00124001",1,0,1
"S00124002",0,0,0
"S00124003",0,0,0
"S00124004",0,0,0
"S00124005",0,0,0
"S00124006",0,0,0
"S00124007",0,0,0
"S00124008",0,0,0
"S00124009",0,0,0
"S00124010",0,0,0
"S00124011",0,0,0
"S00124012",0,0,0
"S00124013",0,0,0
"S00124014",2,1,1
"S00124015",1,0,1
"S00124016",0,0,0
"S00124017",0,0,0
"S00124018",0,0,0
"S00124019",2,0,2
"S00124020",0,0,0
"S00124021",0,0,0
"S00124022",0,0,0
"S00124023",0,0,0
"S00124024",0,0,0
"S00124025",0,0,0
"S00124026",1,1,0
"S00124027",0,0,0
"S00124028",0,0,0
"S00124029",0,0,0
"S00124030",0,0,0
"S00124031",0,0,0
"S00124032",0,0,0
"S00124033",0,0,0
"S00124034",0,0,0
"S00124035",1,1,0
"S00124036",1,0,1
"S00124037",0,0,0
"S00124038",0,0,0
"S00124039",0,0,0
"S00124040",1,0,1
"S00124041",0,0,0
"S00124042",0,0,0
"S00124043",0,0,0
"S00124044",0,0,0
"S00124045",0,0,0
"S00124046",1,0,1
"S00124047",0,0,0
"S00124048",0,0,0
"S00124049",0,0,0
"S00124050",0,0,0
"S00124051",0,0,0
"S00124052",1,0,1
"S00124053",2,2,0
"S00124054",1,1,0
"S00124055",0,0,0
"S00124056",0,0,0
"S00124057",0,0,0
"S00124058",0,0,0
"S00124059",0,0,0
"S00124060",1,0,1
"S00124061",0,0,0
"S00124062",0,0,0
"S00124063",0,0,0
"S00124064",0,0,0
"S00124065",0,0,0
"S00124066",0,0,0
"S00124067",0,0,0
"S00124068",0,0,0
"S00124069",1,0,1
"S00124070",0,0,0
"S00124071",0,0,0
"S00124072",0,0,0
"S00124073",0,0,0
"S00124074",1,1,0
"S00124075",0,0,0
"S00124076",2,0,2
"S00124077",0,0,0
"S00124078",0,0,0
"S00124079",0,0,0
"S00124080",0,0,0
"S00124081",0,0,0
"S00124082",1,0,1
"S00124083",0,0,0
"S00124084",0,0,0
"S00124085",0,0,0
"S00124086",0,0,0
"S00124087",0,0,0
"S00124088",0,0,0
"S00124089",0,0,0
"S00124090",0,0,0
"S00124091",0,0,0
"S00124092",0,0,0
"S00124093",0,0,0
"S00124094",0,0,0
"S00124095",0,0,0
"S00124096",0,0,0
"S00124097",0,0,0
"S00124098",0,0,0
"S00124099",0,0,0
"S00124100",0,0,0
"S00124101",0,0,0
"S00124102",0,0,0
"S00124103",0,0,0
"S00124104",0,0,0
"S00124105",0,0,0
"S00124106",1,0,1
"S00124107",0,0,0
"S00124108",0,0,0
"S00124109",0,0,0
"S00124110",1,0,1
"S00124111",0,0,0
"S00124112",0,0,0
"S00124113",0,0,0
"S00124114",0,0,0
"S00124115",0,0,0
"S00124116",0,0,0
"S00124117",1,1,0
"S00124118",0,0,0
"S00124119",0,0,0
"S00124120",0,0,0
"S00124121",0,0,0
"S00124122",2,2,0
"S00124123",0,0,0
"S00124124",1,0,1
"S00124125",0,0,0
"S00124126",0,0,0
"S00124127",3,0,3
"S00124128",0,0,0
"S00124129",2,1,1
"S00124130",3,1,2
"S00124131",1,0,1
"S00124132",0,0,0
"S00124133",1,0,1
"S00124134",2,1,1
"S00124135",0,0,0
"S00124136",0,0,0
"S00124137",0,0,0
"S00124138",0,0,0
"S00124139",0,0,0
"S00124140",0,0,0
"S00124141",0,0,0
"S00124142",0,0,0
"S00124143",0,0,0
"S00124144",0,0,0
"S00124145",0,0,0
"S00124146",1,0,1
"S00124147",1,1,0
"S00124148",0,0,0
"S00124149",0,0,0
"S00124150",1,1,0
"S00124151",0,0,0
"S00124152",0,0,0
"S00124153",0,0,0
"S00124154",0,0,0
"S00124155",0,0,0
"S00124156",0,0,0
"S00124157",0,0,0
"S00124158",1,1,0
"S00124159",0,0,0
"S00124160",0,0,0
"S00124161",0,0,0
"S00124162",0,0,0
"S00124163",2,0,2
"S00124164",0,0,0
"S00124165",0,0,0
"S00124166",0,0,0
"S00124167",0,0,0
"S00124168",0,0,0
"S00124169",0,0,0
"S00124170",1,1,0
"S00124171",0,0,0
"S00124172",0,0,0
"S00124173",0,0,0
"S00124174",0,0,0
"S00124175",1,0,1
"S00124176",0,0,0
"S00124177",0,0,0
"S00124178",0,0,0
"S00124179",0,0,0
"S00124180",0,0,0
"S00124181",0,0,0
"S00124182",0,0,0
"S00124183",1,1,0
"S00124184",0,0,0
"S00124185",1,1,0
"S00124186",0,0,0
"S00124187",1,1,0
"S00124188",0,0,0
"S00124189",1,1,0
"S00124190",0,0,0
"S00124191",0,0,0
"S00124192",0,0,0
"S00124193",0,0,0
"S00124194",0,0,0
"S00124195",0,0,0
"S00124196",0,0,0
"S00124197",1,0,1
"S00124198",0,0,0
"S00124199",2,1,1
"S00124200",1,0,1
"S00124201",0,0,0
"S00124202",0,0,0
"S00124203",0,0,0
"S00124204",0,0,0
"S00124205",0,0,0
"S00124206",0,0,0
"S00124207",0,0,0
"S00124208",0,0,0
"S00124209",0,0,0
"S00124210",0,0,0
"S00124211",3,2,1
"S00124212",0,0,0
"S00124213",0,0,0
"S00124214",1,1,0
"S00124215",0,0,0
"S00124216",0,0,0
"S00124217",0,0,0
"S00124218",0,0,0
"S00124219",0,0,0
"S00124220",0,0,0
"S00124221",0,0,0
"S00124222",0,0,0
"S00124223",0,0,0
"S00124224",0,0,0
"S00124225",0,0,0
"S00124226",0,0,0
"S00124227",0,0,0
"S00124228",1,0,1
"S00124229",0,0,0
"S00124230",0,0,0
"S00124231",0,0,0
"S00124232",0,0,0
"S00124233",2,2,0
"S00124234",0,0,0
"S00124235",0,0,0
"S00124236",0,0,0
"S00124237",1,0,1
"S00124238",1,1,0
"S00124239",0,0,0
"S00124240",1,1,0
"S00124241",1,0,1
"S00124242",0,0,0
"S00124243",0,0,0
"S00124244",0,0,0
"S00124245",0,0,0
"S00124246",0,0,0
"S00124247",1,1,0
"S00124248",1,0,1
"S00124249",1,1,0
"S00124250",0,0,0
"S00124251",0,0,0
"S00124252",1,1,0
"S00124253",0,0,0
"S00124254",0,0,0
"S00124255",0,0,0
"S00124256",0,0,0
"S00124257",0,0,0
"S00124258",2,0,2
"S00124259",0,0,0
"S00124260",0,0,0
"S00124261",0,0,0
"S00124262",1,0,1
"S00124263",0,0,0
"S00124264",0,0,0
"S00124265",1,1,0
"S00124266",0,0,0
"S00124267",0,0,0
"S00124268",0,0,0
"S00124269",0,0,0
"S00124270",0,0,0
"S00124271",0,0,0
"S00124272",0,0,0
"S00124273",0,0,0
"S00124274",0,0,0
"S00124275",0,0,0
"S00124276",0,0,0
"S00124277",0,0,0
"S00124278",0,0,0
"S00124279",0,0,0
"S00124280",0,0,0
"S00124281",1,1,0
"S00124282",0,0,0
"S00124283",0,0,0
"S00124284",0,0,0
"S00124285",0,0,0
"S00124286",0,0,0
"S00124287",0,0,0
"S00124288",1,0,1
"S00124289",0,0,0
"S00124290",0,0,0
"S00124291",0,0,0
"S00124292",0,0,0
"S00124293",0,0,0
"S00124294",0,0,0
"S00124295",0,0,0
"S00124296",0,0,0
"S00124297",0,0,0
"S00124298",0,0,0
"S00124299",0,0,0
"S00124300",0,0,0
"S00124301",0,0,0
"S00124302",0,0,0
"S00124303",0,0,0
"S00124304",0,0,0
"S00124305",0,0,0
"S00124306",0,0,0
"S00124307",0,0,0
"S00124308",0,0,0
"S00124309",0,0,0
"S00124310",0,0,0
"S00124311",0,0,0
"S00124312",0,0,0
"S00124313",1,1,0
"S00124314",0,0,0
"S00124315",0,0,0
"S00124316",2,1,1
"S00124317",0,0,0
"S00124318",0,0,0
"S00124319",0,0,0
"S00124320",0,0,0
"S00124321",0,0,0
"S00124322",0,0,0
"S00124323",0,0,0
"S00124324",0,0,0
"S00124325",0,0,0
"S00124326",0,0,0
"S00124327",0,0,0
"S00124328",0,0,0
"S00124329",0,0,0
"S00124330",0,0,0
"S00124331",0,0,0
"S00124332",0,0,0
"S00124333",1,1,0
"S00124334",0,0,0
"S00124335",0,0,0
"S00124336",1,0,1
"S00124337",0,0,0
"S00124338",0,0,0
"S00124339",0,0,0
"S00124340",0,0,0
"S00124341",0,0,0
"S00124342",0,0,0
"S00124343",0,0,0
"S00124344",0,0,0
"S00124345",1,0,1
"S00124346",0,0,0
"S00124347",0,0,0
"S00124348",2,0,2
"S00124349",1,1,0
"S00124350",4,2,2
"S00124351",0,0,0
"S00124352",1,0,1
"S00124353",1,0,1
"S00124354",1,0,1
"S00124355",0,0,0
"S00124356",1,0,1
"S00124357",2,0,2
"S00124358",0,0,0
"S00124359",0,0,0
"S00124360",0,0,0
"S00124361",0,0,0
"S00124362",1,1,0
"S00124363",0,0,0
"S00124364",0,0,0
"S00124365",0,0,0
"S00124366",2,1,1
"S00124367",1,0,1
"S00124368",0,0,0
"S00124369",1,0,1
"S00124370",0,0,0
"S00124371",0,0,0
"S00124372",0,0,0
"S00124373",1,0,1
"S00124374",1,1,0
"S00124375",1,0,1
"S00124376",1,0,1
"S00124377",0,0,0
"S00124378",1,0,1
"S00124379",0,0,0
"S00124380",1,1,0
"S00124381",0,0,0
"S00124382",0,0,0
"S00124383",0,0,0
"S00124384",0,0,0
"S00124385",2,1,1
"S00124386",0,0,0
"S00124387",0,0,0
"S00124388",0,0,0
"S00124389",0,0,0
"S00124390",0,0,0
"S00124391",0,0,0
"S00124392",0,0,0
"S00124393",0,0,0
"S00124394",1,0,1
"S00124395",0,0,0
"S00124396",0,0,0
"S00124397",0,0,0
"S00124398",0,0,0
"S00124399",0,0,0
"S00124400",0,0,0
"S00124401",0,0,0
"S00124402",0,0,0
"S00124403",0,0,0
"S00124404",0,0,0
"S00124405",2,2,0
"S00124406",0,0,0
"S00124407",0,0,0
"S00124408",0,0,0
"S00124409",1,1,0
"S00124410",0,0,0
"S00124411",1,1,0
"S00124412",0,0,0
"S00124413",1,1,0
"S00124414",0,0,0
"S00124415",1,1,0
"S00124416",0,0,0
"S00124417",0,0,0
"S00124418",0,0,0
"S00124419",0,0,0
"S00124420",0,0,0
"S00124421",0,0,0
"S00124422",0,0,0
"S00124423",0,0,0
"S00124424",0,0,0
"S00124425",0,0,0
"S00124426",0,0,0
"S00124427",0,0,0
"S00124428",0,0,0
"S00124429",0,0,0
"S00124430",0,0,0
"S00124431",0,0,0
"S00124432",2,2,0
"S00124433",0,0,0
"S00124434",0,0,0
"S00124435",0,0,0
"S00124436",0,0,0
"S00124437",2,1,1
"S00124438",0,0,0
"S00124439",0,0,0
"S00124440",0,0,0
"S00124441",0,0,0
"S00124442",1,0,1
"S00124443",2,0,2
"S00124444",0,0,0
"S00124445",1,0,1
"S00124446",0,0,0
"S00124447",0,0,0
"S00124448",0,0,0
"S00124449",0,0,0
"S00124450",0,0,0
"S00124451",0,0,0
"S00124452",0,0,0
"S00124453",0,0,0
"S00124454",0,0,0
"S00124455",0,0,0
"S00124456",0,0,0
"S00124457",0,0,0
"S00124458",0,0,0
"S00124459",0,0,0
"S00124460",0,0,0
"S00124461",1,1,0
"S00124462",0,0,0
"S00124463",0,0,0
"S00124464",0,0,0
"S00124465",0,0,0
"S00124466",0,0,0
"S00124467",0,0,0
"S00124468",2,2,0
"S00124469",0,0,0
"S00124470",1,0,1
"S00124471",0,0,0
"S00124472",0,0,0
"S00124473",0,0,0
"S00124474",0,0,0
"S00124475",0,0,0
"S00124476",0,0,0
"S00124477",0,0,0
"S00124478",1,1,0
"S00124479",0,0,0
"S00124480",0,0,0
"S00124481",0,0,0
"S00124482",0,0,0
"S00124483",0,0,0
"S00124484",0,0,0
"S00124485",0,0,0
"S00124486",0,0,0
"S00124487",0,0,0
"S00124488",1,0,1
"S00124489",0,0,0
"S00124490",0,0,0
"S00124491",1,1,0
"S00124492",1,0,1
"S00124493",0,0,0
"S00124494",0,0,0
"S00124495",1,1,0
"S00124496",0,0,0
"S00124497",1,1,0
"S00124498",0,0,0
"S00124499",0,0,0
"S00124500",0,0,0
"S00124501",0,0,0
"S00124502",0,0,0
"S00124503",0,0,0
"S00124504",0,0,0
"S00124505",0,0,0
"S00124506",0,0,0
"S00124507",0,0,0
"S00124508",0,0,0
"S00124509",1,0,1
"S00124510",1,1,0
"S00124511",0,0,0
"S00124512",0,0,0
"S00124513",0,0,0
"S00124514",2,1,1
"S00124515",0,0,0
"S00124516",0,0,0
"S00124517",0,0,0
"S00124518",0,0,0
"S00124519",1,0,1
"S00124520",0,0,0
"S00124521",0,0,0
"S00124522",0,0,0
"S00124523",0,0,0
"S00124524",1,1,0
"S00124525",0,0,0
"S00124526",1,1,0
"S00124527",0,0,0
"S00124528",0,0,0
"S00124529",0,0,0
"S00124530",0,0,0
"S00124531",0,0,0
"S00124532",1,0,1
"S00124533",0,0,0
"S00124534",0,0,0
"S00124535",0,0,0
"S00124536",0,0,0
"S00124537",0,0,0
"S00124538",0,0,0
"S00124539",0,0,0
"S00124540",0,0,0
"S00124541",0,0,0
"S00124542",0,0,0
"S00124543",1,1,0
"S00124544",0,0,0
"S00124545",0,0,0
"S00124546",0,0,0
"S00124547",0,0,0
"S00124548",0,0,0
"S00124549",0,0,0
"S00124550",0,0,0
"S00124551",0,0,0
"S00124552",0,0,0
"S00124553",0,0,0
"S00124554",0,0,0
"S00124555",0,0,0
"S00124556",2,0,2
"S00124557",0,0,0
"S00124558",0,0,0
"S00124559",0,0,0
"S00124560",0,0,0
"S00124561",0,0,0
"S00124562",0,0,0
"S00124563",0,0,0
"S00124564",1,1,0
"S00124565",0,0,0
"S00124566",0,0,0
"S00124567",0,0,0
"S00124568",0,0,0
"S00124569",0,0,0
"S00124570",0,0,0
"S00124571",0,0,0
"S00124572",0,0,0
"S00124573",0,0,0
"S00124574",0,0,0
"S00124575",0,0,0
"S00124576",0,0,0
"S00124577",0,0,0
"S00124578",3,0,3
"S00124579",0,0,0
"S00124580",0,0,0
"S00124581",0,0,0
"S00124582",0,0,0
"S00124583",0,0,0
"S00124584",0,0,0
"S00124585",0,0,0
"S00124586",1,0,1
"S00124587",0,0,0
"S00124588",0,0,0
"S00124589",0,0,0
"S00124590",0,0,0
"S00124591",0,0,0
"S00124592",0,0,0
"S00124593",0,0,0
"S00124594",0,0,0
"S00124595",0,0,0
"S00124596",1,0,1
"S00124597",0,0,0
"S00124598",0,0,0
"S00124599",2,1,1
"S00124600",0,0,0
"S00124601",0,0,0
"S00124602",0,0,0
"S00124603",0,0,0
"S00124604",1,0,1
"S00124605",2,1,1
"S00124606",0,0,0
"S00124607",0,0,0
"S00124608",0,0,0
"S00124609",0,0,0
"S00124610",0,0,0
"S00124611",0,0,0
"S00124612",0,0,0
"S00124613",0,0,0
"S00124614",0,0,0
"S00124615",0,0,0
"S00124616",0,0,0
"S00124617",0,0,0
"S00124618",0,0,0
"S00124619",0,0,0
"S00124620",0,0,0
"S00124621",1,1,0
"S00124622",0,0,0
"S00124623",0,0,0
"S00124624",0,0,0
"S00124625",0,0,0
"S00124626",0,0,0
"S00124627",0,0,0
"S00124628",0,0,0
"S00124629",0,0,0
"S00124630",1,0,1
"S00124631",0,0,0
"S00124632",0,0,0
"S00124633",0,0,0
"S00124634",0,0,0
"S00124635",0,0,0
"S00124636",0,0,0
"S00124637",0,0,0
"S00124638",0,0,0
"S00124639",1,1,0
"S00124640",0,0,0
"S00124641",0,0,0
"S00124642",0,0,0
"S00124643",0,0,0
"S00124644",4,2,2
"S00124645",0,0,0
"S00124646",0,0,0
"S00124647",0,0,0
"S00124648",0,0,0
"S00124649",0,0,0
"S00124650",0,0,0
"S00124651",0,0,0
"S00124652",0,0,0
"S00124653",1,1,0
"S00124654",0,0,0
"S00124655",0,0,0
"S00124656",0,0,0
"S00124657",0,0,0
"S00124658",1,1,0
"S00124659",0,0,0
"S00124660",0,0,0
"S00124661",0,0,0
"S00124662",0,0,0
"S00124663",1,0,1
"S00124664",0,0,0
"S00124665",0,0,0
"S00124666",4,1,3
"S00124667",1,0,1
"S00124668",0,0,0
"S00124669",0,0,0
"S00124670",0,0,0
"S00124671",0,0,0
"S00124672",0,0,0
"S00124673",0,0,0
"S00124674",0,0,0
"S00124675",0,0,0
"S00124676",1,0,1
"S00124677",0,0,0
"S00124678",0,0,0
"S00124679",1,1,0
"S00124680",2,0,2
"S00124681",0,0,0
"S00124682",0,0,0
"S00124683",0,0,0
"S00124684",2,2,0
"S00124685",0,0,0
"S00124686",1,1,0
"S00124687",0,0,0
"S00124688",0,0,0
"S00124689",0,0,0
"S00124690",0,0,0
"S00124691",0,0,0
"S00124692",0,0,0
"S00124693",0,0,0
"S00124694",0,0,0
"S00124695",1,0,1
"S00124696",0,0,0
"S00124697",0,0,0
"S00124698",0,0,0
"S00124699",1,1,0
"S00124700",0,0,0
"S00124701",0,0,0
"S00124702",1,0,1
"S00124703",1,0,1
"S00124704",1,0,1
"S00124705",0,0,0
"S00124706",0,0,0
"S00124707",1,0,1
"S00124708",1,0,1
"S00124709",1,0,1
"S00124710",0,0,0
"S00124711",2,1,1
"S00124712",0,0,0
"S00124713",0,0,0
"S00124714",0,0,0
"S00124715",0,0,0
"S00124716",0,0,0
"S00124717",0,0,0
"S00124718",2,2,0
"S00124719",0,0,0
"S00124720",0,0,0
"S00124721",0,0,0
"S00124722",0,0,0
"S00124723",0,0,0
"S00124724",0,0,0
"S00124725",1,0,1
"S00124726",0,0,0
"S00124727",0,0,0
"S00124728",0,0,0
"S00124729",2,1,1
"S00124730",0,0,0
"S00124731",0,0,0
"S00124732",0,0,0
"S00124733",0,0,0
"S00124734",0,0,0
"S00124735",0,0,0
"S00124736",0,0,0
"S00124737",0,0,0
"S00124738",0,0,0
"S00124739",0,0,0
"S00124740",0,0,0
"S00124741",0,0,0
"S00124742",0,0,0
"S00124743",0,0,0
"S00124744",0,0,0
"S00124745",0,0,0
"S00124746",0,0,0
"S00124747",1,0,1
"S00124748",0,0,0
"S00124749",0,0,0
"S00124750",0,0,0
"S00124751",0,0,0
"S00124752",0,0,0
"S00124753",0,0,0
"S00124754",0,0,0
"S00124755",1,1,0
"S00124756",0,0,0
"S00124757",0,0,0
"S00124758",0,0,0
"S00124759",0,0,0
"S00124760",0,0,0
"S00124761",0,0,0
"S00124762",0,0,0
"S00124763",0,0,0
"S00124764",0,0,0
"S00124765",0,0,0
"S00124766",0,0,0
"S00124767",0,0,0
"S00124768",0,0,0
"S00124769",0,0,0
"S00124770",2,1,1
"S00124771",0,0,0
"S00124772",1,1,0
"S00124773",0,0,0
"S00124774",1,0,1
"S00124775",0,0,0
"S00124776",0,0,0
"S00124777",0,0,0
"S00124778",0,0,0
"S00124779",0,0,0
"S00124780",1,0,1
"S00124781",0,0,0
"S00124782",0,0,0
"S00124783",1,1,0
"S00124784",0,0,0
"S00124785",0,0,0
"S00124786",1,0,1
"S00124787",0,0,0
"S00124788",0,0,0
"S00124789",0,0,0
"S00124790",2,2,0
"S00124791",1,0,1
"S00124792",0,0,0
"S00124793",0,0,0
"S00124794",0,0,0
"S00124795",0,0,0
"S00124796",0,0,0
"S00124797",0,0,0
"S00124798",0,0,0
"S00124799",0,0,0
"S00124800",0,0,0
"S00124801",0,0,0
"S00124802",0,0,0
"S00124803",0,0,0
"S00124804",0,0,0
"S00124805",0,0,0
"S00124806",0,0,0
"S00124807",1,0,1
"S00124808",0,0,0
"S00124809",0,0,0
"S00124810",1,1,0
"S00124811",4,1,3
"S00124812",0,0,0
"S00124813",0,0,0
"S00124814",0,0,0
"S00124815",0,0,0
"S00124816",0,0,0
"S00124817",0,0,0
"S00124818",0,0,0
"S00124819",0,0,0
"S00124820",1,1,0
"S00124821",0,0,0
"S00124822",0,0,0
"S00124823",0,0,0
"S00124824",0,0,0
"S00124825",0,0,0
"S00124826",0,0,0
"S00124827",0,0,0
"S00124828",0,0,0
"S00124829",0,0,0
"S00124830",0,0,0
"S00124831",0,0,0
"S00124832",2,1,1
"S00124833",0,0,0
"S00124834",0,0,0
"S00124835",0,0,0
"S00124836",0,0,0
"S00124837",0,0,0
"S00124838",0,0,0
"S00124839",0,0,0
"S00124840",1,1,0
"S00124841",0,0,0
"S00124842",1,1,0
"S00124843",0,0,0
"S00124844",0,0,0
"S00124845",1,1,0
"S00124846",0,0,0
"S00124847",0,0,0
"S00124848",0,0,0
"S00124849",0,0,0
"S00124850",0,0,0
"S00124851",0,0,0
"S00124852",0,0,0
"S00124853",1,1,0
"S00124854",0,0,0
"S00124855",0,0,0
"S00124856",0,0,0
"S00124857",1,1,0
"S00124858",0,0,0
"S00124859",0,0,0
"S00124860",0,0,0
"S00124861",1,0,1
"S00124862",0,0,0
"S00124863",0,0,0
"S00124864",0,0,0
"S00124865",0,0,0
"S00124866",0,0,0
"S00124867",0,0,0
"S00124868",0,0,0
"S00124869",0,0,0
"S00124870",0,0,0
"S00124871",0,0,0
"S00124872",0,0,0
"S00124873",0,0,0
"S00124874",0,0,0
"S00124875",0,0,0
"S00124876",0,0,0
"S00124877",0,0,0
"S00124878",1,1,0
"S00124879",0,0,0
"S00124880",2,1,1
"S00124881",0,0,0
"S00124882",0,0,0
"S00124883",1,0,1
"S00124884",0,0,0
"S00124885",0,0,0
"S00124886",0,0,0
"S00124887",0,0,0
"S00124888",1,1,0
"S00124889",1,0,1
"S00124890",2,1,1
"S00124891",0,0,0
"S00124892",3,1,2
"S00124893",1,1,0
"S00124894",0,0,0
"S00124895",0,0,0
"S00124896",0,0,0
"S00124897",1,0,1
"S00124898",0,0,0
"S00124899",0,0,0
"S00124900",0,0,0
"S00124901",2,1,1
"S00124902",0,0,0
"S00124903",1,0,1
"S00124904",0,0,0
"S00124905",0,0,0
"S00124906",0,0,0
"S00124907",0,0,0
"S00124908",0,0,0
"S00124909",0,0,0
"S00124910",0,0,0
"S00124911",1,1,0
"S00124912",0,0,0
"S00124913",0,0,0
"S00124914",0,0,0
"S00124915",0,0,0
"S00124916",0,0,0
"S00124917",0,0,0
"S00124918",0,0,0
"S00124919",1,1,0
"S00124920",3,3,0
"S00124921",0,0,0
"S00124922",0,0,0
"S00124923",2,1,1
"S00124924",2,0,2
"S00124925",0,0,0
"S00124926",2,1,1
"S00124927",2,1,1
"S00124928",1,1,0
"S00124929",2,2,0
"S00124930",0,0,0
"S00124931",1,1,0
"S00124932",0,0,0
"S00124933",0,0,0
"S00124934",1,0,1
"S00124935",0,0,0
"S00124936",0,0,0
"S00124937",0,0,0
"S00124938",0,0,0
"S00124939",0,0,0
"S00124940",0,0,0
"S00124941",0,0,0
"S00124942",0,0,0
"S00124943",0,0,0
"S00124944",0,0,0
"S00124945",0,0,0
"S00124946",2,0,2
"S00124947",0,0,0
"S00124948",0,0,0
"S00124949",0,0,0
"S00124950",0,0,0
"S00124951",0,0,0
"S00124952",0,0,0
"S00124953",0,0,0
"S00124954",1,1,0
"S00124955",2,0,2
"S00124956",1,0,1
"S00124957",1,1,0
"S00124958",0,0,0
"S00124959",0,0,0
"S00124960",0,0,0
"S00124961",0,0,0
"S00124962",0,0,0
"S00124963",0,0,0
"S00124964",0,0,0
"S00124965",1,0,1
"S00124966",0,0,0
"S00124967",1,0,1
"S00124968",0,0,0
"S00124969",0,0,0
"S00124970",0,0,0
"S00124971",1,1,0
"S00124972",0,0,0
"S00124973",0,0,0
"S00124974",1,0,1
"S00124975",0,0,0
"S00124976",2,0,2
"S00124977",3,2,1
"S00124978",1,0,1
"S00124979",0,0,0
"S00124980",1,0,1
"S00124981",0,0,0
"S00124982",0,0,0
"S00124983",0,0,0
"S00124984",0,0,0
"S00124985",0,0,0
"S00124986",1,1,0
"S00124987",0,0,0
"S00124988",0,0,0
"S00124989",0,0,0
"S00124990",0,0,0
"S00124991",0,0,0
"S00124992",0,0,0
"S00124993",0,0,0
"S00124994",0,0,0
"S00124995",0,0,0
"S00124996",0,0,0
"S00124997",0,0,0
"S00124998",0,0,0
"S00124999",1,0,1
"S00125000",0,0,0
"S00125001",0,0,0
"S00125002",0,0,0
"S00125003",0,0,0
"S00125004",0,0,0
"S00125005",0,0,0
"S00125006",0,0,0
"S00125007",3,2,1
"S00125008",0,0,0
"S00125009",1,1,0
"S00125010",1,0,1
"S00125011",1,1,0
"S00125012",1,0,1
"S00125013",2,2,0
"S00125014",0,0,0
"S00125015",1,1,0
"S00125016",0,0,0
"S00125017",0,0,0
"S00125018",0,0,0
"S00125019",0,0,0
"S00125020",4,3,1
"S00125021",3,0,3
"S00125022",2,1,1
"S00125023",0,0,0
"S00125024",0,0,0
"S00125025",0,0,0
"S00125026",0,0,0
"S00125027",4,2,2
"S00125028",1,0,1
"S00125029",1,0,1
"S00125030",0,0,0
"S00125031",1,0,1
"S00125032",1,1,0
"S00125033",0,0,0
"S00125034",0,0,0
"S00125035",0,0,0
"S00125036",1,1,0
"S00125037",0,0,0
"S00125038",0,0,0
"S00125039",1,1,0
"S00125040",0,0,0
"S00125041",1,1,0
"S00125042",0,0,0
"S00125043",0,0,0
"S00125044",0,0,0
"S00125045",0,0,0
"S00125046",0,0,0
"S00125047",0,0,0
"S00125048",0,0,0
"S00125049",1,1,0
"S00125050",1,0,1
"S00125051",0,0,0
"S00125052",1,0,1
"S00125053",0,0,0
"S00125054",0,0,0
"S00125055",0,0,0
"S00125056",0,0,0
"S00125057",0,0,0
"S00125058",0,0,0
"S00125059",1,0,1
"S00125060",0,0,0
"S00125061",0,0,0
"S00125062",0,0,0
"S00125063",2,1,1
"S00125064",0,0,0
"S00125065",0,0,0
"S00125066",0,0,0
"S00125067",0,0,0
"S00125068",0,0,0
"S00125069",0,0,0
"S00125070",0,0,0
"S00125071",0,0,0
"S00125072",0,0,0
"S00125073",0,0,0
"S00125074",0,0,0
"S00125075",1,0,1
"S00125076",1,0,1
"S00125077",0,0,0
"S00125078",1,1,0
"S00125079",1,0,1
"S00125080",0,0,0
"S00125081",1,1,0
"S00125082",1,1,0
"S00125083",1,0,1
"S00125084",0,0,0
"S00125085",0,0,0
"S00125086",0,0,0
"S00125087",1,0,1
"S00125088",0,0,0
"S00125089",0,0,0
"S00125090",0,0,0
"S00125091",0,0,0
"S00125092",0,0,0
"S00125093",1,0,1
"S00125094",3,1,2
"S00125095",0,0,0
"S00125096",1,0,1
"S00125097",0,0,0
"S00125098",0,0,0
"S00125099",0,0,0
"S00125100",2,0,2
"S00125101",0,0,0
"S00125102",0,0,0
"S00125103",1,0,1
"S00125104",0,0,0
"S00125105",1,1,0
"S00125106",0,0,0
"S00125107",0,0,0
"S00125108",0,0,0
"S00125109",2,1,1
"S00125110",3,1,2
"S00125111",0,0,0
"S00125112",1,1,0
"S00125113",0,0,0
"S00125114",0,0,0
"S00125115",0,0,0
"S00125116",0,0,0
"S00125117",0,0,0
"S00125118",0,0,0
"S00125119",0,0,0
"S00125120",0,0,0
"S00125121",0,0,0
"S00125122",1,0,1
"S00125123",0,0,0
"S00125124",0,0,0
"S00125125",1,0,1
"S00125126",0,0,0
"S00125127",0,0,0
"S00125128",0,0,0
"S00125129",4,1,3
"S00125130",0,0,0
"S00125131",0,0,0
"S00125132",1,0,1
"S00125133",0,0,0
"S00125134",0,0,0
"S00125135",1,1,0
"S00125136",0,0,0
"S00125137",1,0,1
"S00125138",0,0,0
"S00125139",0,0,0
"S00125140",0,0,0
"S00125141",0,0,0
"S00125142",1,1,0
"S00125143",0,0,0
"S00125144",2,1,1
"S00125145",1,1,0
"S00125146",1,1,0
"S00125147",2,1,1
"S00125148",0,0,0
"S00125149",0,0,0
"S00125150",1,0,1
"S00125151",0,0,0
"S00125152",0,0,0
"S00125153",0,0,0
"S00125154",0,0,0
"S00125155",0,0,0
"S00125156",0,0,0
"S00125157",0,0,0
"S00125158",0,0,0
"S00125159",0,0,0
"S00125160",0,0,0
"S00125161",0,0,0
"S00125162",0,0,0
"S00125163",0,0,0
"S00125164",0,0,0
"S00125165",0,0,0
"S00125166",0,0,0
"S00125167",0,0,0
"S00125168",0,0,0
"S00125169",1,0,1
"S00125170",0,0,0
"S00125171",1,0,1
"S00125172",0,0,0
"S00125173",2,2,0
"S00125174",0,0,0
"S00125175",0,0,0
"S00125176",0,0,0
"S00125177",0,0,0
"S00125178",0,0,0
"S00125179",0,0,0
"S00125180",1,1,0
"S00125181",0,0,0
"S00125182",0,0,0
"S00125183",0,0,0
"S00125184",2,1,1
"S00125185",0,0,0
"S00125186",1,1,0
"S00125187",0,0,0
"S00125188",1,1,0
"S00125189",0,0,0
"S00125190",0,0,0
"S00125191",0,0,0
"S00125192",0,0,0
"S00125193",3,1,2
"S00125194",1,0,1
"S00125195",0,0,0
"S00125196",0,0,0
"S00125197",0,0,0
"S00125198",0,0,0
"S00125199",1,0,1
"S00125200",0,0,0
"S00125201",0,0,0
"S00125202",0,0,0
"S00125203",0,0,0
"S00125204",0,0,0
"S00125205",0,0,0
"S00125206",1,1,0
"S00125207",1,0,1
"S00125208",0,0,0
"S00125209",0,0,0
"S00125210",0,0,0
"S00125211",0,0,0
"S00125212",0,0,0
"S00125213",1,1,0
"S00125214",0,0,0
"S00125215",0,0,0
"S00125216",0,0,0
"S00125217",0,0,0
"S00125218",1,1,0
"S00125219",0,0,0
"S00125220",0,0,0
"S00125221",0,0,0
"S00125222",0,0,0
"S00125223",0,0,0
"S00125224",0,0,0
"S00125225",0,0,0
"S00125226",0,0,0
"S00125227",0,0,0
"S00125228",0,0,0
"S00125229",1,1,0
"S00125230",0,0,0
"S00125231",1,0,1
"S00125232",0,0,0
"S00125233",1,1,0
"S00125234",0,0,0
"S00125235",0,0,0
"S00125236",0,0,0
"S00125237",2,1,1
"S00125238",0,0,0
"S00125239",0,0,0
"S00125240",0,0,0
"S00125241",0,0,0
"S00125242",0,0,0
"S00125243",0,0,0
"S00125244",0,0,0
"S00125245",0,0,0
"S00125246",4,3,1
"S00125247",0,0,0
"S00125248",0,0,0
"S00125249",1,0,1
"S00125250",0,0,0
"S00125251",0,0,0
"S00125252",1,1,0
"S00125253",0,0,0
"S00125254",2,0,2
"S00125255",0,0,0
"S00125256",0,0,0
"S00125257",0,0,0
"S00125258",1,0,1
"S00125259",1,1,0
"S00125260",0,0,0
"S00125261",0,0,0
"S00125262",0,0,0
"S00125263",0,0,0
"S00125264",0,0,0
"S00125265",0,0,0
"S00125266",0,0,0
"S00125267",0,0,0
"S00125268",0,0,0
"S00125269",0,0,0
"S00125270",0,0,0
"S00125271",0,0,0
"S00125272",0,0,0
"S00125273",0,0,0
"S00125274",0,0,0
"S00125275",1,0,1
"S00125276",1,0,1
"S00125277",1,0,1
"S00125278",0,0,0
"S00125279",0,0,0
"S00125280",0,0,0
"S00125281",0,0,0
"S00125282",0,0,0
"S00125283",0,0,0
"S00125284",0,0,0
"S00125285",2,0,2
"S00125286",0,0,0
"S00125287",0,0,0
"S00125288",0,0,0
"S00125289",0,0,0
"S00125290",1,1,0
"S00125291",1,0,1
"S00125292",0,0,0
"S00125293",0,0,0
"S00125294",1,0,1
"S00125295",0,0,0
"S00125296",0,0,0
"S00125297",0,0,0
"S00125298",0,0,0
"S00125299",0,0,0
"S00125300",0,0,0
"S00125301",0,0,0
"S00125302",0,0,0
"S00125303",0,0,0
"S00125304",0,0,0
"S00125305",0,0,0
"S00125306",0,0,0
"S00125307",0,0,0
"S00125308",0,0,0
"S00125309",1,1,0
"S00125310",0,0,0
"S00125311",0,0,0
"S00125312",0,0,0
"S00125313",0,0,0
"S00125314",0,0,0
"S00125315",0,0,0
"S00125316",1,0,1
"S00125317",0,0,0
"S00125318",0,0,0
"S00125319",0,0,0
"S00125320",0,0,0
"S00125321",0,0,0
"S00125322",0,0,0
"S00125323",0,0,0
"S00125324",0,0,0
"S00125325",1,1,0
"S00125326",0,0,0
"S00125327",0,0,0
"S00125328",0,0,0
"S00125329",0,0,0
"S00125330",1,0,1
"S00125331",0,0,0
"S00125332",0,0,0
"S00125333",0,0,0
"S00125334",0,0,0
"S00125335",2,0,2
"S00125336",0,0,0
"S00125337",0,0,0
"S00125338",0,0,0
"S00125339",0,0,0
"S00125340",0,0,0
"S00125341",1,0,1
"S00125342",0,0,0
"S00125343",1,1,0
"S00125344",1,0,1
"S00125345",1,0,1
"S00125346",0,0,0
"S00125347",0,0,0
"S00125348",0,0,0
"S00125349",0,0,0
"S00125350",0,0,0
"S00125351",0,0,0
"S00125352",0,0,0
"S00125353",0,0,0
"S00125354",1,0,1
"S00125355",1,0,1
"S00125356",0,0,0
"S00125357",0,0,0
"S00125358",0,0,0
"S00125359",0,0,0
"S00125360",1,1,0
"S00125361",0,0,0
"S00125362",0,0,0
"S00125363",0,0,0
"S00125364",1,0,1
"S00125365",0,0,0
"S00125366",0,0,0
"S00125367",1,0,1
"S00125368",0,0,0
"S00125369",0,0,0
"S00125370",1,1,0
"S00125371",0,0,0
"S00125372",0,0,0
"S00125373",0,0,0
"S00125374",0,0,0
"S00125375",0,0,0
"S00125376",0,0,0
"S00125377",1,1,0
"S00125378",1,1,0
"S00125379",0,0,0
"S00125380",0,0,0
"S00125381",1,0,1
"S00125382",1,0,1
"S00125383",6,3,3
"S00125384",0,0,0
"S00125385",0,0,0
"S00125386",0,0,0
"S00125387",2,1,1
"S00125388",1,0,1
"S00125389",0,0,0
"S00125390",0,0,0
"S00125391",0,0,0
"S00125392",1,0,1
"S00125393",1,0,1
"S00125394",1,0,1
"S00125395",0,0,0
"S00125396",1,1,0
"S00125397",0,0,0
"S00125398",0,0,0
"S00125399",0,0,0
"S00125400",0,0,0
"S00125401",1,1,0
"S00125402",0,0,0
"S00125403",0,0,0
"S00125404",0,0,0
"S00125405",0,0,0
"S00125406",0,0,0
"S00125407",0,0,0
"S00125408",0,0,0
"S00125409",0,0,0
"S00125410",0,0,0
"S00125411",0,0,0
"S00125412",0,0,0
"S00125413",0,0,0
"S00125414",0,0,0
"S00125415",0,0,0
"S00125416",0,0,0
"S00125417",0,0,0
"S00125418",0,0,0
"S00125419",0,0,0
"S00125420",0,0,0
"S00125421",0,0,0
"S00125422",0,0,0
"S00125423",0,0,0
"S00125424",1,0,1
"S00125425",1,0,1
"S00125426",0,0,0
"S00125427",3,0,3
"S00125428",0,0,0
"S00125429",0,0,0
"S00125430",0,0,0
"S00125431",0,0,0
"S00125432",0,0,0
"S00125433",1,0,1
"S00125434",0,0,0
"S00125435",0,0,0
"S00125436",0,0,0
"S00125437",0,0,0
"S00125438",1,1,0
"S00125439",1,1,0
"S00125440",0,0,0
"S00125441",0,0,0
"S00125442",0,0,0
"S00125443",0,0,0
"S00125444",0,0,0
"S00125445",0,0,0
"S00125446",0,0,0
"S00125447",0,0,0
"S00125448",0,0,0
"S00125449",0,0,0
"S00125450",0,0,0
"S00125451",0,0,0
"S00125452",0,0,0
"S00125453",0,0,0
"S00125454",0,0,0
"S00125455",0,0,0
"S00125456",1,0,1
"S00125457",0,0,0
"S00125458",0,0,0
"S00125459",0,0,0
"S00125460",0,0,0
"S00125461",0,0,0
"S00125462",1,1,0
"S00125463",0,0,0
"S00125464",0,0,0
"S00125465",2,2,0
"S00125466",0,0,0
"S00125467",0,0,0
"S00125468",0,0,0
"S00125469",0,0,0
"S00125470",0,0,0
"S00125471",0,0,0
"S00125472",0,0,0
"S00125473",2,0,2
"S00125474",0,0,0
"S00125475",0,0,0
"S00125476",0,0,0
"S00125477",2,1,1
"S00125478",0,0,0
"S00125479",0,0,0
"S00125480",0,0,0
"S00125481",0,0,0
"S00125482",1,1,0
"S00125483",0,0,0
"S00125484",0,0,0
"S00125485",1,1,0
"S00125486",1,0,1
"S00125487",0,0,0
"S00125488",0,0,0
"S00125489",0,0,0
"S00125490",0,0,0
"S00125491",0,0,0
"S00125492",0,0,0
"S00125493",0,0,0
"S00125494",1,1,0
"S00125495",0,0,0
"S00125496",0,0,0
"S00125497",0,0,0
"S00125498",1,0,1
"S00125499",0,0,0
"S00125500",0,0,0
"S00125501",0,0,0
"S00125502",0,0,0
"S00125503",0,0,0
"S00125504",0,0,0
"S00125505",0,0,0
"S00125506",0,0,0
"S00125507",0,0,0
"S00125508",0,0,0
"S00125509",0,0,0
"S00125510",1,0,1
"S00125511",2,1,1
"S00125512",0,0,0
"S00125513",0,0,0
"S00125514",0,0,0
"S00125515",0,0,0
"S00125516",0,0,0
"S00125517",0,0,0
"S00125518",0,0,0
"S00125519",1,0,1
"S00125520",0,0,0
"S00125521",0,0,0
"S00125522",0,0,0
"S00125523",0,0,0
"S00125524",0,0,0
"S00125525",0,0,0
"S00125526",0,0,0
"S00125527",0,0,0
"S00125528",0,0,0
"S00125529",0,0,0
"S00125530",0,0,0
"S00125531",0,0,0
"S00125532",0,0,0
"S00125533",0,0,0
"S00125534",0,0,0
"S00125535",0,0,0
"S00125536",0,0,0
"S00125537",0,0,0
"S00125538",0,0,0
"S00125539",0,0,0
"S00125540",0,0,0
"S00125541",0,0,0
"S00125542",2,1,1
"S00125543",0,0,0
"S00125544",0,0,0
"S00125545",0,0,0
"S00125546",0,0,0
"S00125547",0,0,0
"S00125548",0,0,0
"S00125549",0,0,0
"S00125550",0,0,0
"S00125551",0,0,0
"S00125552",0,0,0
"S00125553",0,0,0
"S00125554",1,1,0
"S00125555",0,0,0
"S00125556",0,0,0
"S00125557",0,0,0
"S00125558",0,0,0
"S00125559",3,1,2
"S00125560",1,0,1
"S00125561",0,0,0
"S00125562",0,0,0
"S00125563",0,0,0
"S00125564",0,0,0
"S00125565",0,0,0
"S00125566",0,0,0
"S00125567",0,0,0
"S00125568",0,0,0
"S00125569",0,0,0
"S00125570",3,2,1
"S00125571",0,0,0
"S00125572",5,3,2
"S00125573",0,0,0
"S00125574",1,1,0
"S00125575",0,0,0
"S00125576",1,0,1
"S00125577",0,0,0
"S00125578",0,0,0
"S00125579",0,0,0
"S00125580",1,1,0
"S00125581",2,1,1
"S00125582",0,0,0
"S00125583",0,0,0
"S00125584",0,0,0
"S00125585",0,0,0
"S00125586",0,0,0
"S00125587",0,0,0
"S00125588",1,0,1
"S00125589",0,0,0
"S00125590",1,0,1
"S00125591",0,0,0
"S00125592",0,0,0
"S00125593",0,0,0
"S00125594",0,0,0
"S00125595",0,0,0
"S00125596",0,0,0
"S00125597",0,0,0
"S00125598",1,1,0
"S00125599",0,0,0
"S00125600",0,0,0
"S00125601",0,0,0
"S00125602",0,0,0
"S00125603",0,0,0
"S00125604",2,1,1
"S00125605",0,0,0
"S00125606",0,0,0
"S00125607",1,0,1
"S00125608",0,0,0
"S00125609",0,0,0
"S00125610",1,1,0
"S00125611",0,0,0
"S00125612",0,0,0
"S00125613",0,0,0
"S00125614",0,0,0
"S00125615",1,1,0
"S00125616",0,0,0
"S00125617",0,0,0
"S00125618",2,1,1
"S00125619",0,0,0
"S00125620",0,0,0
"S00125621",0,0,0
"S00125622",0,0,0
"S00125623",2,2,0
"S00125624",2,1,1
"S00125625",0,0,0
"S00125626",1,0,1
"S00125627",0,0,0
"S00125628",0,0,0
"S00125629",0,0,0
"S00125630",1,0,1
"S00125631",0,0,0
"S00125632",2,1,1
"S00125633",0,0,0
"S00125634",0,0,0
"S00125635",0,0,0
"S00125636",1,1,0
"S00125637",0,0,0
"S00125638",0,0,0
"S00125639",1,0,1
"S00125640",0,0,0
"S00125641",0,0,0
"S00125642",1,0,1
"S00125643",1,0,1
"S00125644",0,0,0
"S00125645",0,0,0
"S00125646",0,0,0
"S00125647",1,0,1
"S00125648",0,0,0
"S00125649",0,0,0
"S00125650",0,0,0
"S00125651",0,0,0
"S00125652",1,0,1
"S00125653",0,0,0
"S00125654",0,0,0
"S00125655",0,0,0
"S00125656",0,0,0
"S00125657",0,0,0
"S00125658",1,1,0
"S00125659",1,0,1
"S00125660",0,0,0
"S00125661",0,0,0
"S00125662",0,0,0
"S00125663",0,0,0
"S00125664",0,0,0
"S00125665",0,0,0
"S00125666",0,0,0
"S00125667",0,0,0
"S00125668",0,0,0
"S00125669",0,0,0
"S00125670",0,0,0
"S00125671",1,0,1
"S00125672",1,0,1
"S00125673",1,0,1
"S00125674",0,0,0
"S00125675",0,0,0
"S00125676",0,0,0
"S00125677",0,0,0
"S00125678",0,0,0
"S00125679",0,0,0
"S00125680",0,0,0
"S00125681",0,0,0
"S00125682",1,1,0
"S00125683",0,0,0
"S00125684",1,0,1
"S00125685",0,0,0
"S00125686",1,0,1
"S00125687",0,0,0
"S00125688",0,0,0
"S00125689",0,0,0
"S00125690",0,0,0
"S00125691",0,0,0
"S00125692",0,0,0
"S00125693",1,0,1
"S00125694",1,1,0
"S00125695",0,0,0
"S00125696",0,0,0
"S00125697",3,2,1
"S00125698",1,1,0
"S00125699",0,0,0
"S00125700",0,0,0
"S00125701",0,0,0
"S00125702",0,0,0
"S00125703",0,0,0
"S00125704",0,0,0
"S00125705",0,0,0
"S00125706",0,0,0
"S00125707",0,0,0
"S00125708",0,0,0
"S00125709",0,0,0
"S00125710",1,1,0
"S00125711",0,0,0
"S00125712",0,0,0
"S00125713",1,0,1
"S00125714",0,0,0
"S00125715",0,0,0
"S00125716",0,0,0
"S00125717",3,0,3
"S00125718",0,0,0
"S00125719",0,0,0
"S00125720",0,0,0
"S00125721",0,0,0
"S00125722",2,0,2
"S00125723",0,0,0
"S00125724",0,0,0
"S00125725",0,0,0
"S00125726",0,0,0
"S00125727",3,1,2
"S00125728",0,0,0
"S00125729",0,0,0
"S00125730",0,0,0
"S00125731",1,0,1
"S00125732",0,0,0
"S00125733",0,0,0
"S00125734",0,0,0
"S00125735",0,0,0
"S00125736",0,0,0
"S00125737",0,0,0
"S00125738",0,0,0
"S00125739",1,1,0
"S00125740",0,0,0
"S00125741",0,0,0
"S00125742",0,0,0
"S00125743",0,0,0
"S00125744",0,0,0
"S00125745",0,0,0
"S00125746",1,0,1
"S00125747",0,0,0
"S00125748",0,0,0
"S00125749",0,0,0
"S00125750",0,0,0
"S00125751",0,0,0
"S00125752",0,0,0
"S00125753",0,0,0
"S00125754",0,0,0
"S00125755",0,0,0
"S00125756",1,0,1
"S00125757",0,0,0
"S00125758",0,0,0
"S00125759",0,0,0
"S00125760",3,2,1
"S00125761",1,0,1
"S00125762",0,0,0
"S00125763",0,0,0
"S00125764",0,0,0
"S00125765",0,0,0
"S00125766",0,0,0
"S00125767",3,0,3
"S00125768",1,1,0
"S00125769",0,0,0
"S00125770",0,0,0
"S00125771",0,0,0
"S00125772",0,0,0
"S00125773",0,0,0
"S00125774",3,3,0
"S00125775",0,0,0
"S00125776",3,3,0
"S00125777",1,1,0
"S00125778",1,0,1
"S00125779",0,0,0
"S00125780",0,0,0
"S00125781",0,0,0
"S00125782",0,0,0
"S00125783",0,0,0
"S00125784",0,0,0
"S00125785",0,0,0
"S00125786",0,0,0
"S00125787",0,0,0
"S00125788",0,0,0
"S00125789",0,0,0
"S00125790",0,0,0
"S00125791",0,0,0
"S00125792",0,0,0
"S00125793",2,1,1
"S00125794",0,0,0
"S00125795",1,1,0
"S00125796",1,1,0
"S00125797",1,0,1
"S00125798",0,0,0
"S00125799",2,0,2
"S00125800",0,0,0
"S00125801",0,0,0
"S00125802",0,0,0
"S00125803",1,1,0
"S00125804",0,0,0
"S00125805",0,0,0
"S00125806",0,0,0
"S00125807",0,0,0
"S00125808",0,0,0
"S00125809",0,0,0
"S00125810",1,0,1
"S00125811",3,3,0
"S00125812",0,0,0
"S00125813",0,0,0
"S00125814",0,0,0
"S00125815",0,0,0
"S00125816",1,1,0
"S00125817",0,0,0
"S00125818",0,0,0
"S00125819",2,1,1
"S00125820",0,0,0
"S00125821",0,0,0
"S00125822",0,0,0
"S00125823",0,0,0
"S00125824",1,0,1
"S00125825",0,0,0
"S00125826",0,0,0
"S00125827",0,0,0
"S00125828",0,0,0
"S00125829",0,0,0
"S00125830",0,0,0
"S00125831",0,0,0
"S00125832",0,0,0
"S00125833",0,0,0
"S00125834",1,1,0
"S00125835",0,0,0
"S00125836",1,0,1
"S00125837",2,1,1
"S00125838",2,0,2
"S00125839",0,0,0
"S00125840",0,0,0
"S00125841",0,0,0
"S00125842",0,0,0
"S00125843",1,0,1
"S00125844",0,0,0
"S00125845",0,0,0
"S00125846",2,1,1
"S00125847",0,0,0
"S00125848",0,0,0
"S00125849",0,0,0
"S00125850",0,0,0
"S00125851",0,0,0
"S00125852",2,0,2
"S00125853",0,0,0
"S00125854",1,1,0
"S00125855",1,1,0
"S00125856",0,0,0
"S00125857",4,1,3
"S00125858",5,1,4
"S00125859",1,1,0
"S00125860",2,0,2
"S00125861",0,0,0
"S00125862",0,0,0
"S00125863",0,0,0
"S00125864",1,0,1
"S00125865",0,0,0
"S00125866",0,0,0
"S00125867",0,0,0
"S00125868",0,0,0
"S00125869",0,0,0
"S00125870",0,0,0
"S00125871",0,0,0
"S00125872",0,0,0
"S00125873",0,0,0
"S00125874",1,0,1
"S00125875",1,0,1
"S00125876",3,2,1
"S00125877",0,0,0
"S00125878",0,0,0
"S00125879",4,2,2
"S00125880",1,0,1
"S00125881",0,0,0
"S00125882",0,0,0
"S00125883",3,1,2
"S00125884",0,0,0
"S00125885",2,0,2
"S00125886",5,2,3
"S00125887",0,0,0
"S00125888",0,0,0
"S00125889",0,0,0
"S00125890",0,0,0
"S00125891",0,0,0
"S00125892",0,0,0
"S00125893",0,0,0
"S00125894",0,0,0
"S00125895",2,0,2
"S00125896",0,0,0
"S00125897",0,0,0
"S00125898",0,0,0
"S00125899",1,1,0
"S00125900",0,0,0
"S00125901",0,0,0
"S00125902",0,0,0
"S00125903",0,0,0
"S00125904",0,0,0
"S00125905",0,0,0
"S00125906",0,0,0
"S00125907",0,0,0
"S00125908",0,0,0
"S00125909",1,0,1
"S00125910",0,0,0
"S00125911",2,1,1
"S00125912",1,1,0
"S00125913",2,1,1
"S00125914",5,3,2
"S00125915",1,0,1
"S00125916",2,1,1
"S00125917",0,0,0
"S00125918",1,0,1
"S00125919",2,2,0
"S00125920",2,1,1
"S00125921",4,1,3
"S00125922",0,0,0
"S00125923",2,1,1
"S00125924",3,2,1
"S00125925",4,2,2
"S00125926",4,1,3
"S00125927",3,0,3
"S00125928",2,1,1
"S00125929",1,0,1
"S00125930",6,5,1
"S00125931",1,0,1
"S00125932",0,0,0
"S00125933",3,2,1
"S00125934",1,1,0
"S00125935",3,2,1
"S00125936",6,3,3
"S00125937",1,1,0
"S00125938",4,2,2
"S00125939",2,0,2
"S00125940",2,1,1
"S00125941",4,2,2
"S00125942",4,0,4
"S00125943",6,2,4
"S00125944",7,4,3
"S00125945",3,0,3
"S00125946",4,2,2
"S00125947",2,2,0
"S00125948",4,1,3
"S00125949",5,2,3
"S00125950",4,2,2
"S00125951",3,1,2
"S00125952",2,1,1
"S00125953",2,1,1
"S00125954",4,1,3
"S00125955",3,2,1
"S00125956",4,2,2
"S00125957",6,3,3
"S00125958",2,1,1
"S00125959",4,4,0
"S00125960",0,0,0
"S00125961",1,1,0
"S00125962",4,1,3
"S00125963",2,0,2
"S00125964",0,0,0
"S00125965",7,3,4
"S00125966",1,0,1
"S00125967",3,2,1
"S00125968",3,1,2
"S00125969",2,2,0
"S00125970",7,2,5
"S00125971",0,0,0
"S00125972",4,2,2
"S00125973",5,3,2
"S00125974",0,0,0
"S00125975",7,2,5
"S00125976",1,1,0
"S00125977",1,1,0
"S00125978",6,3,3
"S00125979",4,1,3
"S00125980",2,1,1
"S00125981",4,3,1
"S00125982",3,2,1
"S00125983",5,3,2
"S00125984",0,0,0
"S00125985",4,0,4
"S00125986",2,1,1
"S00125987",2,1,1
"S00125988",3,0,3
"S00125989",4,2,2
"S00125990",1,0,1
"S00125991",2,1,1
"S00125992",0,0,0
"S00125993",2,0,2
"S00125994",3,3,0
"S00125995",2,0,2
"S00125996",1,0,1
"S00125997",0,0,0
"S00125998",1,0,1
"S00125999",1,1,0
"S00126000",2,0,2
"S00126001",2,1,1
"S00126002",3,0,3
"S00126003",0,0,0
"S00126004",4,1,3
"S00126005",1,1,0
"S00126006",3,1,2
"S00126007",1,1,0
"S00126008",1,0,1
"S00126009",0,0,0
"S00126010",3,3,0
"S00126011",1,0,1
"S00126012",0,0,0
"S00126013",5,1,4
"S00126014",1,1,0
"S00126015",5,2,3
"S00126016",0,0,0
"S00126017",3,0,3
"S00126018",4,1,3
"S00126019",0,0,0
"S00126020",0,0,0
"S00126021",0,0,0
"S00126022",0,0,0
"S00126023",2,0,2
"S00126024",0,0,0
"S00126025",0,0,0
"S00126026",0,0,0
"S00126027",0,0,0
"S00126028",3,2,1
"S00126029",3,1,2
"S00126030",1,1,0
"S00126031",0,0,0
"S00126032",1,0,1
"S00126033",3,2,1
"S00126034",2,1,1
"S00126035",8,5,3
"S00126036",1,1,0
"S00126037",1,0,1
"S00126038",0,0,0
"S00126039",3,1,2
"S00126040",2,0,2
"S00126041",2,1,1
"S00126042",0,0,0
"S00126043",3,2,1
"S00126044",0,0,0
"S00126045",1,0,1
"S00126046",3,1,2
"S00126047",1,1,0
"S00126048",2,1,1
"S00126049",2,1,1
"S00126050",1,1,0
"S00126051",3,0,3
"S00126052",4,2,2
"S00126053",1,0,1
"S00126054",5,2,3
"S00126055",2,0,2
"S00126056",4,3,1
"S00126057",2,1,1
"S00126058",1,0,1
"S00126059",0,0,0
"S00126060",2,2,0
"S00126061",4,4,0
"S00126062",1,1,0
"S00126063",5,2,3
"S00126064",2,0,2
"S00126065",5,3,2
"S00126066",1,1,0
"S00126067",5,1,4
"S00126068",2,2,0
"S00126069",4,2,2
"S00126070",4,1,3
"S00126071",3,2,1
"S00126072",4,3,1
"S00126073",2,1,1
"S00126074",2,1,1
"S00126075",2,1,1
"S00126076",3,1,2
"S00126077",4,1,3
"S00126078",3,1,2
"S00126079",0,0,0
"S00126080",1,1,0
"S00126081",0,0,0
"S00126082",6,2,4
"S00126083",3,2,1
"S00126084",5,2,3
"S00126085",3,3,0
"S00126086",0,0,0
"S00126087",2,1,1
"S00126088",2,1,1
"S00126089",2,2,0
"S00126090",0,0,0
"S00126091",2,2,0
"S00126092",2,1,1
"S00126093",2,1,1
"S00126094",2,1,1
"S00126095",5,2,3
"S00126096",0,0,0
"S00126097",1,1,0
"S00126098",0,0,0
"S00126099",1,1,0
"S00126100",0,0,0
"S00126101",0,0,0
"S00126102",3,1,2
"S00126103",0,0,0
"S00126104",0,0,0
"S00126105",8,4,4
"S00126106",2,2,0
"S00126107",1,1,0
"S00126108",1,1,0
"S00126109",1,0,1
"S00126110",3,0,3
"S00126111",6,4,2
"S00126112",5,2,3
"S00126113",2,1,1
"S00126114",1,1,0
"S00126115",2,0,2
"S00126116",6,4,2
"S00126117",9,5,4
"S00126118",2,1,1
"S00126119",3,0,3
"S00126120",3,3,0
"S00126121",6,4,2
"S00126122",5,2,3
"S00126123",6,3,3
"S00126124",8,4,4
"S00126125",1,1,0
"S00126126",2,0,2
"S00126127",0,0,0
"S00126128",5,3,2
"S00126129",2,1,1
"S00126130",0,0,0
"S00126131",2,0,2
"S00126132",0,0,0
"S00126133",1,1,0
"S00126134",8,3,5
"S00126135",2,1,1
"S00126136",7,4,3
"S00126137",3,2,1
"S00126138",3,2,1
"S00126139",1,1,0
"S00126140",3,1,2
"S00126141",0,0,0
"S00126142",1,1,0
"S00126143",3,2,1
"S00126144",2,2,0
"S00126145",3,2,1
"S00126146",1,1,0
"S00126147",5,4,1
"S00126148",1,1,0
"S00126149",1,0,1
"S00126150",1,1,0
"S00126151",5,3,2
"S00126152",1,0,1
"S00126153",5,2,3
"S00126154",9,5,4
"S00126155",0,0,0
"S00126156",4,2,2
"S00126157",0,0,0
"S00126158",1,0,1
"S00126159",1,0,1
"S00126160",4,1,3
"S00126161",0,0,0
"S00126162",1,0,1
"S00126163",0,0,0
"S00126164",0,0,0
"S00126165",0,0,0
"S00126166",1,1,0
"S00126167",6,1,5
"S00126168",5,1,4
"S00126169",0,0,0
"S00126170",0,0,0
"S00126171",4,3,1
"S00126172",3,1,2
"S00126173",0,0,0
"S00126174",2,0,2
"S00126175",0,0,0
"S00126176",3,0,3
"S00126177",0,0,0
"S00126178",5,3,2
"S00126179",2,2,0
"S00126180",0,0,0
"S00126181",2,0,2
"S00126182",2,2,0
"S00126183",1,0,1
"S00126184",0,0,0
"S00126185",0,0,0
"S00126186",0,0,0
"S00126187",4,1,3
"S00126188",3,3,0
"S00126189",0,0,0
"S00126190",7,3,4
"S00126191",6,1,5
"S00126192",8,4,4
"S00126193",4,2,2
"S00126194",4,2,2
"S00126195",5,2,3
"S00126196",12,6,6
"S00126197",5,1,4
"S00126198",2,1,1
"S00126199",6,3,3
"S00126200",8,4,4
"S00126201",1,0,1
"S00126202",2,1,1
"S00126203",2,0,2
"S00126204",1,0,1
"S00126205",3,3,0
"S00126206",2,0,2
"S00126207",3,3,0
"S00126208",3,3,0
"S00126209",1,0,1
"S00126210",3,2,1
"S00126211",4,2,2
"S00126212",11,3,8
"S00126213",0,0,0
"S00126214",4,2,2
"S00126215",2,1,1
"S00126216",4,2,2
"S00126217",5,3,2
"S00126218",6,2,4
"S00126219",3,0,3
"S00126220",5,1,4
"S00126221",0,0,0
"S00126222",2,0,2
"S00126223",5,3,2
"S00126224",2,1,1
"S00126225",6,3,3
"S00126226",2,0,2
"S00126227",5,4,1
"S00126228",1,0,1
"S00126229",3,2,1
"S00126230",2,1,1
"S00126231",0,0,0
"S00126232",2,1,1
"S00126233",2,2,0
"S00126234",0,0,0
"S00126235",0,0,0
"S00126236",4,3,1
"S00126237",1,1,0
"S00126238",1,0,1
"S00126239",1,1,0
"S00126240",0,0,0
"S00126241",2,2,0
"S00126242",5,2,3
"S00126243",2,2,0
"S00126244",2,2,0
"S00126245",4,2,2
"S00126246",1,0,1
"S00126247",3,1,2
"S00126248",1,0,1
"S00126249",1,0,1
"S00126250",5,1,4
"S00126251",0,0,0
"S00126252",4,1,3
"S00126253",0,0,0
"S00126254",4,2,2
"S00126255",0,0,0
"S00126256",2,1,1
"S00126257",0,0,0
"S00126258",3,3,0
"S00126259",2,0,2
"S00126260",2,2,0
"S00126261",0,0,0
"S00126262",0,0,0
"S00126263",0,0,0
"S00126264",3,1,2
"S00126265",3,1,2
"S00126266",7,3,4
"S00126267",4,1,3
"S00126268",0,0,0
"S00126269",5,4,1
"S00126270",0,0,0
"S00126271",1,1,0
"S00126272",0,0,0
"S00126273",0,0,0
"S00126274",4,2,2
"S00126275",2,1,1
"S00126276",2,0,2
"S00126277",4,1,3
"S00126278",1,0,1
"S00126279",5,4,1
"S00126280",0,0,0
"S00126281",1,0,1
"S00126282",3,0,3
"S00126283",7,3,4
"S00126284",0,0,0
"S00126285",2,1,1
"S00126286",3,1,2
"S00126287",0,0,0
"S00126288",0,0,0
"S00126289",0,0,0
"S00126290",1,1,0
"S00126291",1,1,0
"S00126292",4,3,1
"S00126293",0,0,0
"S00126294",0,0,0
"S00126295",6,3,3
"S00126296",1,0,1
"S00126297",0,0,0
"S00126298",2,1,1
"S00126299",2,2,0
"S00126300",2,0,2
"S00126301",2,1,1
"S00126302",0,0,0
"S00126303",2,2,0
"S00126304",3,2,1
"S00126305",2,1,1
"S00126306",5,4,1
"S00126307",0,0,0
"S00126308",4,3,1
"S00126309",8,2,6
"S00126310",1,0,1
"S00126311",2,2,0
"S00126312",0,0,0
"S00126313",0,0,0
"S00126314",0,0,0
"S00126315",5,3,2
"S00126316",1,0,1
"S00126317",1,1,0
"S00126318",2,1,1
"S00126319",2,1,1
"S00126320",1,0,1
"S00126321",2,2,0
"S00126322",0,0,0
"S00126323",2,1,1
"S00126324",0,0,0
"S00126325",4,1,3
"S00126326",4,3,1
"S00126327",0,0,0
"S00126328",1,0,1
"S00126329",0,0,0
"S00126330",3,2,1
"S00126331",1,1,0
"S00126332",1,1,0
"S00126333",4,2,2
"S00126334",3,2,1
"S00126335",5,3,2
"S00126336",5,3,2
"S00126337",3,2,1
"S00126338",1,1,0
"S00126339",0,0,0
"S00126340",2,0,2
"S00126341",1,0,1
"S00126342",2,0,2
"S00126343",0,0,0
"S00126344",3,2,1
"S00126345",2,1,1
"S00126346",6,4,2
"S00126347",5,4,1
"S00126348",0,0,0
"S00126349",0,0,0
"S00126350",2,2,0
"S00126351",0,0,0
"S00126352",7,6,1
"S00126353",7,5,2
"S00126354",1,0,1
"S00126355",2,0,2
"S00126356",3,1,2
"S00126357",0,0,0
"S00126358",0,0,0
"S00126359",0,0,0
"S00126360",0,0,0
"S00126361",3,2,1
"S00126362",1,0,1
"S00126363",0,0,0
"S00126364",0,0,0
"S00126365",3,1,2
"S00126366",0,0,0
"S00126367",0,0,0
"S00126368",0,0,0
"S00126369",8,6,2
"S00126370",0,0,0
"S00126371",5,1,4
"S00126372",0,0,0
"S00126373",0,0,0
"S00126374",0,0,0
"S00126375",0,0,0
"S00126376",0,0,0
"S00126377",2,1,1
"S00126378",1,0,1
"S00126379",0,0,0
"S00126380",3,2,1
"S00126381",4,1,3
"S00126382",4,3,1
"S00126383",2,1,1
"S00126384",1,1,0
"S00126385",0,0,0
"S00126386",2,1,1
"S00126387",7,4,3
"S00126388",2,1,1
"S00126389",2,0,2
"S00126390",1,1,0
"S00126391",1,0,1
"S00126392",0,0,0
"S00126393",1,1,0
"S00126394",0,0,0
"S00126395",1,0,1
"S00126396",2,1,1
"S00126397",0,0,0
"S00126398",2,2,0
"S00126399",0,0,0
"S00126400",1,1,0
"S00126401",3,0,3
"S00126402",2,1,1
"S00126403",2,0,2
"S00126404",1,0,1
"S00126405",1,0,1
"S00126406",2,1,1
"S00126407",1,0,1
"S00126408",1,0,1
"S00126409",0,0,0
"S00126410",0,0,0
"S00126411",3,2,1
"S00126412",1,1,0
"S00126413",0,0,0
"S00126414",0,0,0
"S00126415",1,0,1
"S00126416",1,0,1
"S00126417",0,0,0
"S00126418",2,2,0
"S00126419",2,0,2
"S00126420",0,0,0
"S00126421",2,0,2
"S00126422",0,0,0
"S00126423",1,0,1
"S00126424",0,0,0
"S00126425",1,0,1
"S00126426",0,0,0
"S00126427",0,0,0
"S00126428",0,0,0
"S00126429",4,3,1
"S00126430",0,0,0
"S00126431",3,0,3
"S00126432",0,0,0
"S00126433",1,1,0
"S00126434",2,0,2
"S00126435",0,0,0
"S00126436",1,1,0
"S00126437",7,3,4
"S00126438",0,0,0
"S00126439",2,1,1
"S00126440",3,2,1
"S00126441",6,3,3
"S00126442",1,0,1
"S00126443",6,2,4
"S00126444",2,0,2
"S00126445",0,0,0
"S00126446",0,0,0
"S00126447",0,0,0
"S00126448",0,0,0
"S00126449",1,1,0
"S00126450",3,0,3
"S00126451",0,0,0
"S00126452",1,1,0
"S00126453",1,1,0
"S00126454",0,0,0
"S00126455",2,1,1
"S00126456",1,1,0
"S00126457",1,0,1
"S00126458",5,3,2
"S00126459",4,3,1
"S00126460",0,0,0
"S00126461",0,0,0
"S00126462",5,1,4
"S00126463",5,1,4
"S00126464",4,2,2
"S00126465",4,1,3
"S00126466",6,3,3
"S00126467",0,0,0
"S00126468",4,1,3
"S00126469",2,2,0
"S00126470",10,4,6
"S00126471",1,0,1
"S00126472",6,2,4
"S00126473",3,3,0
"S00126474",0,0,0
"S00126475",4,2,2
"S00126476",2,0,2
"S00126477",4,4,0
"S00126478",2,1,1
"S00126479",5,2,3
"S00126480",0,0,0
"S00126481",3,0,3
"S00126482",3,1,2
"S00126483",2,0,2
"S00126484",0,0,0
"S00126485",4,3,1
"S00126486",1,1,0
"S00126487",3,1,2
"S00126488",1,0,1
"S00126489",2,0,2
"S00126490",1,0,1
"S00126491",5,3,2
"S00126492",9,5,4
"S00126493",2,2,0
"S00126494",0,0,0
"S00126495",0,0,0
"S00126496",0,0,0
"S00126497",5,3,2
"S00126498",1,1,0
"S00126499",0,0,0
"S00126500",4,1,3
"S00126501",1,1,0
"S00126502",3,2,1
"S00126503",1,0,1
"S00126504",7,3,4
"S00126505",3,1,2
"S00126506",1,0,1
"S00126507",0,0,0
"S00126508",1,0,1
"S00126509",0,0,0
"S00126510",3,2,1
"S00126511",3,0,3
"S00126512",1,0,1
"S00126513",6,4,2
"S00126514",2,0,2
"S00126515",0,0,0
"S00126516",1,1,0
"S00126517",3,1,2
"S00126518",0,0,0
"S00126519",0,0,0
"S00126520",0,0,0
"S00126521",0,0,0
"S00126522",0,0,0
"S00126523",0,0,0
"S00126524",0,0,0
"S00126525",0,0,0
"S00126526",0,0,0
"S00126527",0,0,0
"S00126528",1,1,0
"S00126529",0,0,0
"S00126530",0,0,0
"S00126531",2,2,0
"S00126532",1,1,0
"S00126533",0,0,0
"S00126534",0,0,0
"S00126535",0,0,0
"S00126536",0,0,0
"S00126537",0,0,0
"S00126538",1,1,0
"S00126539",0,0,0
"S00126540",0,0,0
"S00126541",1,0,1
"S00126542",1,1,0
"S00126543",0,0,0
"S00126544",0,0,0
"S00126545",0,0,0
"S00126546",0,0,0
"S00126547",0,0,0
"S00126548",1,0,1
"S00126549",2,1,1
"S00126550",0,0,0
"S00126551",0,0,0
"S00126552",0,0,0
"S00126553",0,0,0
"S00126554",0,0,0
"S00126555",1,0,1
"S00126556",0,0,0
"S00126557",0,0,0
"S00126558",0,0,0
"S00126559",1,0,1
"S00126560",0,0,0
"S00126561",2,0,2
"S00126562",0,0,0
"S00126563",0,0,0
"S00126564",0,0,0
"S00126565",1,1,0
"S00126566",0,0,0
"S00126567",0,0,0
"S00126568",0,0,0
"S00126569",1,0,1
"S00126570",0,0,0
"S00126571",0,0,0
"S00126572",0,0,0
"S00126573",0,0,0
"S00126574",0,0,0
"S00126575",1,0,1
"S00126576",1,0,1
"S00126577",1,1,0
"S00126578",1,0,1
"S00126579",2,1,1
"S00126580",2,0,2
"S00126581",0,0,0
"S00126582",0,0,0
"S00126583",0,0,0
"S00126584",0,0,0
"S00126585",0,0,0
"S00126586",3,1,2
"S00126587",0,0,0
"S00126588",0,0,0
"S00126589",0,0,0
"S00126590",0,0,0
"S00126591",0,0,0
"S00126592",1,0,1
"S00126593",0,0,0
"S00126594",2,1,1
"S00126595",0,0,0
"S00126596",0,0,0
"S00126597",0,0,0
"S00126598",1,1,0
"S00126599",0,0,0
"S00126600",1,1,0
"S00126601",0,0,0
"S00126602",2,1,1
"S00126603",0,0,0
"S00126604",0,0,0
"S00126605",0,0,0
"S00126606",1,0,1
"S00126607",1,0,1
"S00126608",1,1,0
"S00126609",0,0,0
"S00126610",0,0,0
"S00126611",0,0,0
"S00126612",0,0,0
"S00126613",0,0,0
"S00126614",1,0,1
"S00126615",0,0,0
"S00126616",0,0,0
"S00126617",0,0,0
"S00126618",0,0,0
"S00126619",0,0,0
"S00126620",2,1,1
"S00126621",1,0,1
"S00126622",1,1,0
"S00126623",0,0,0
"S00126624",0,0,0
"S00126625",0,0,0
"S00126626",0,0,0
"S00126627",0,0,0
"S00126628",1,0,1
"S00126629",0,0,0
"S00126630",0,0,0
"S00126631",0,0,0
"S00126632",1,1,0
"S00126633",0,0,0
"S00126634",1,0,1
"S00126635",1,0,1
"S00126636",0,0,0
"S00126637",0,0,0
"S00126638",1,1,0
"S00126639",0,0,0
"S00126640",0,0,0
"S00126641",0,0,0
"S00126642",0,0,0
"S00126643",2,0,2
"S00126644",0,0,0
"S00126645",1,0,1
"S00126646",0,0,0
"S00126647",2,1,1
"S00126648",1,1,0
"S00126649",0,0,0
"S00126650",0,0,0
"S00126651",0,0,0
"S00126652",0,0,0
"S00126653",0,0,0
"S00126654",0,0,0
"S00126655",0,0,0
"S00126656",0,0,0
"S00126657",0,0,0
"S00126658",0,0,0
"S00126659",0,0,0
"S00126660",1,1,0
"S00126661",0,0,0
"S00126662",1,0,1
"S00126663",0,0,0
"S00126664",0,0,0
"S00126665",2,2,0
"S00126666",0,0,0
"S00126667",0,0,0
"S00126668",0,0,0
"S00126669",0,0,0
"S00126670",0,0,0
"S00126671",1,1,0
"S00126672",0,0,0
"S00126673",2,1,1
"S00126674",0,0,0
"S00126675",0,0,0
"S00126676",0,0,0
"S00126677",6,4,2
"S00126678",9,5,4
"S00126679",1,0,1
"S00126680",9,4,5
"S00126681",3,1,2
"S00126682",1,1,0
"S00126683",7,2,5
"S00126684",0,0,0
"S00126685",0,0,0
"S00126686",0,0,0
"S00126687",2,1,1
"S00126688",0,0,0
"S00126689",2,1,1
"S00126690",1,0,1
"S00126691",0,0,0
"S00126692",0,0,0
"S00126693",1,1,0
"S00126694",0,0,0
"S00126695",0,0,0
"S00126696",0,0,0
"S00126697",0,0,0
"S00126698",0,0,0
"S00126699",0,0,0
"S00126700",0,0,0
"S00126701",0,0,0
"S00126702",0,0,0
"S00126703",0,0,0
"S00126704",0,0,0
"S00126705",0,0,0
"S00126706",2,2,0
"S00126707",1,0,1
"S00126708",2,2,0
"S00126709",1,0,1
"S00126710",1,0,1
"S00126711",1,0,1
"S00126712",0,0,0
"S00126713",0,0,0
"S00126714",0,0,0
"S00126715",0,0,0
"S00126716",0,0,0
"S00126717",1,1,0
"S00126718",1,0,1
"S00126719",4,1,3
"S00126720",0,0,0
"S00126721",4,1,3
"S00126722",5,4,1
"S00126723",0,0,0
"S00126724",0,0,0
"S00126725",3,2,1
"S00126726",5,3,2
"S00126727",5,2,3
"S00126728",0,0,0
"S00126729",1,1,0
"S00126730",2,0,2
"S00126731",5,4,1
"S00126732",2,1,1
"S00126733",1,1,0
"S00126734",0,0,0
"S00126735",1,0,1
"S00126736",2,2,0
"S00126737",0,0,0
"S00126738",6,1,5
"S00126739",1,0,1
"S00126740",1,0,1
"S00126741",6,4,2
"S00126742",2,1,1
"S00126743",0,0,0
"S00126744",0,0,0
"S00126745",1,1,0
"S00126746",0,0,0
"S00126747",3,2,1
"S00126748",2,2,0
"S00126749",2,1,1
"S00126750",0,0,0
"S00126751",1,0,1
"S00126752",1,0,1
"S00126753",1,1,0
"S00126754",0,0,0
"S00126755",5,1,4
"S00126756",1,1,0
"S00126757",1,0,1
"S00126758",1,1,0
"S00126759",5,3,2
"S00126760",0,0,0
"S00126761",0,0,0
"S00126762",3,3,0
"S00126763",1,1,0
"S00126764",4,1,3
"S00126765",2,1,1
"S00126766",6,4,2
"S00126767",2,1,1
"S00126768",0,0,0
"S00126769",3,3,0
"S00126770",0,0,0
"S00126771",0,0,0
"S00126772",3,0,3
"S00126773",0,0,0
"S00126774",3,1,2
"S00126775",5,3,2
"S00126776",3,1,2
"S00126777",1,0,1
"S00126778",0,0,0
"S00126779",5,4,1
"S00126780",1,1,0
"S00126781",2,2,0
"S00126782",2,0,2
"S00126783",1,1,0
"S00126784",0,0,0
"S00126785",0,0,0
"S00126786",2,0,2
"S00126787",1,0,1
"S00126788",0,0,0
"S00126789",1,0,1
"S00126790",3,1,2
"S00126791",2,0,2
"S00126792",0,0,0
"S00126793",0,0,0
"S00126794",2,0,2
"S00126795",4,2,2
"S00126796",6,3,3
"S00126797",0,0,0
"S00126798",4,2,2
"S00126799",0,0,0
"S00126800",1,1,0
"S00126801",1,0,1
"S00126802",0,0,0
"S00126803",0,0,0
"S00126804",0,0,0
"S00126805",2,2,0
"S00126806",0,0,0
"S00126807",1,0,1
"S00126808",0,0,0
"S00126809",1,0,1
"S00126810",1,0,1
"S00126811",2,0,2
"S00126812",1,0,1
"S00126813",0,0,0
"S00126814",0,0,0
"S00126815",0,0,0
"S00126816",0,0,0
"S00126817",2,1,1
"S00126818",2,0,2
"S00126819",0,0,0
"S00126820",2,2,0
"S00126821",1,0,1
"S00126822",1,1,0
"S00126823",0,0,0
"S00126824",3,1,2
"S00126825",6,2,4
"S00126826",3,2,1
"S00126827",5,3,2
"S00126828",2,1,1
"S00126829",3,1,2
"S00126830",0,0,0
"S00126831",0,0,0
"S00126832",1,0,1
"S00126833",5,4,1
"S00126834",1,1,0
"S00126835",2,1,1
"S00126836",1,1,0
"S00126837",1,0,1
"S00126838",0,0,0
"S00126839",4,1,3
"S00126840",2,0,2
"S00126841",0,0,0
"S00126842",1,0,1
"S00126843",4,3,1
"S00126844",1,0,1
"S00126845",0,0,0
"S00126846",1,1,0
"S00126847",0,0,0
"S00126848",0,0,0
"S00126849",0,0,0
"S00126850",2,0,2
"S00126851",1,0,1
"S00126852",0,0,0
"S00126853",5,3,2
"S00126854",0,0,0
"S00126855",1,1,0
"S00126856",0,0,0
"S00126857",1,1,0
"S00126858",0,0,0
"S00126859",0,0,0
"S00126860",0,0,0
"S00126861",0,0,0
"S00126862",0,0,0
"S00126863",1,1,0
"S00126864",2,1,1
"S00126865",0,0,0
"S00126866",0,0,0
"S00126867",5,3,2
"S00126868",0,0,0
"S00126869",0,0,0
"S00126870",0,0,0
"S00126871",1,1,0
"S00126872",2,1,1
"S00126873",1,1,0
"S00126874",0,0,0
"S00126875",0,0,0
"S00126876",0,0,0
"S00126877",0,0,0
"S00126878",0,0,0
"S00126879",0,0,0
"S00126880",1,0,1
"S00126881",0,0,0
"S00126882",4,3,1
"S00126883",3,0,3
"S00126884",0,0,0
"S00126885",0,0,0
"S00126886",0,0,0
"S00126887",2,1,1
"S00126888",2,2,0
"S00126889",0,0,0
"S00126890",0,0,0
"S00126891",0,0,0
"S00126892",0,0,0
"S00126893",0,0,0
"S00126894",1,0,1
"S00126895",0,0,0
"S00126896",0,0,0
"S00126897",0,0,0
"S00126898",1,0,1
"S00126899",0,0,0
"S00126900",0,0,0
"S00126901",0,0,0
"S00126902",0,0,0
"S00126903",2,2,0
"S00126904",1,1,0
"S00126905",1,1,0
"S00126906",3,1,2
"S00126907",2,0,2
"S00126908",0,0,0
"S00126909",1,1,0
"S00126910",1,1,0
"S00126911",3,1,2
"S00126912",8,3,5
"S00126913",3,2,1
"S00126914",0,0,0
"S00126915",0,0,0
"S00126916",1,0,1
"S00126917",2,1,1
"S00126918",1,0,1
"S00126919",2,1,1
"S00126920",0,0,0
"S00126921",1,0,1
"S00126922",2,1,1
"S00126923",1,1,0
"S00126924",0,0,0
"S00126925",5,5,0
"S00126926",0,0,0
"S00126927",0,0,0
"S00126928",0,0,0
"S00126929",0,0,0
"S00126930",3,2,1
"S00126931",2,1,1
"S00126932",0,0,0
"S00126933",0,0,0
"S00126934",1,0,1
"S00126935",1,1,0
"S00126936",3,1,2
"S00126937",1,1,0
"S00126938",0,0,0
"S00126939",0,0,0
"S00126940",0,0,0
"S00126941",0,0,0
"S00126942",1,0,1
"S00126943",1,0,1
"S00126944",1,1,0
"S00126945",0,0,0
"S00126946",1,0,1
"S00126947",1,0,1
"S00126948",0,0,0
"S00126949",0,0,0
"S00126950",0,0,0
"S00126951",5,3,2
"S00126952",2,1,1
"S00126953",4,1,3
"S00126954",0,0,0
"S00126955",1,0,1
"S00126956",1,1,0
"S00126957",0,0,0
"S00126958",0,0,0
"S00126959",0,0,0
"S00126960",1,1,0
"S00126961",0,0,0
"S00126962",0,0,0
"S00126963",3,1,2
"S00126964",4,1,3
"S00126965",1,0,1
"S00126966",0,0,0
"S00126967",0,0,0
"S00126968",1,1,0
"S00126969",0,0,0
"S00126970",1,0,1
"S00126971",0,0,0
"S00126972",0,0,0
"S00126973",2,0,2
"S00126974",0,0,0
"S00126975",0,0,0
"S00126976",1,0,1
"S00126977",0,0,0
"S00126978",0,0,0
"S00126979",0,0,0
"S00126980",3,1,2
"S00126981",1,1,0
"S00126982",1,0,1
"S00126983",0,0,0
"S00126984",0,0,0
"S00126985",1,1,0
"S00126986",1,1,0
"S00126987",1,0,1
"S00126988",1,0,1
"S00126989",2,1,1
"S00126990",0,0,0
"S00126991",0,0,0
"S00126992",0,0,0
"S00126993",0,0,0
"S00126994",1,0,1
"S00126995",2,0,2
"S00126996",2,0,2
"S00126997",1,0,1
"S00126998",5,1,4
"S00126999",1,0,1
"S00127000",2,1,1
"S00127001",4,2,2
"S00127002",0,0,0
"S00127003",0,0,0
"S00127004",2,2,0
"S00127005",2,1,1
"S00127006",3,0,3
"S00127007",2,1,1
"S00127008",2,0,2
"S00127009",0,0,0
"S00127010",3,2,1
"S00127011",2,1,1
"S00127012",0,0,0
"S00127013",5,4,1
"S00127014",0,0,0
"S00127015",2,0,2
"S00127016",2,1,1
"S00127017",0,0,0
"S00127018",0,0,0
"S00127019",3,0,3
"S00127020",0,0,0
"S00127021",0,0,0
"S00127022",1,1,0
"S00127023",2,0,2
"S00127024",0,0,0
"S00127025",0,0,0
"S00127026",0,0,0
"S00127027",0,0,0
"S00127028",0,0,0
"S00127029",0,0,0
"S00127030",0,0,0
"S00127031",0,0,0
"S00127032",0,0,0
"S00127033",0,0,0
"S00127034",0,0,0
"S00127035",2,2,0
"S00127036",4,2,2
"S00127037",3,1,2
"S00127038",0,0,0
"S00127039",4,1,3
"S00127040",5,2,3
"S00127041",2,1,1
"S00127042",12,5,7
"S00127043",2,0,2
"S00127044",6,4,2
"S00127045",6,3,3
"S00127046",4,1,3
"S00127047",2,1,1
"S00127048",2,1,1
"S00127049",1,0,1
"S00127050",1,0,1
"S00127051",1,0,1
"S00127052",1,0,1
"S00127053",5,4,1
"S00127054",1,1,0
"S00127055",6,1,5
"S00127056",2,2,0
"S00127057",2,1,1
"S00127058",2,1,1
"S00127059",0,0,0
"S00127060",0,0,0
"S00127061",1,1,0
"S00127062",0,0,0
"S00127063",6,4,2
"S00127064",5,4,1
"S00127065",0,0,0
"S00127066",1,0,1
"S00127067",0,0,0
"S00127068",0,0,0
"S00127069",0,0,0
"S00127070",3,2,1
"S00127071",5,2,3
"S00127072",4,3,1
"S00127073",1,1,0
"S00127074",3,2,1
"S00127075",3,3,0
"S00127076",2,1,1
"S00127077",3,2,1
"S00127078",0,0,0
"S00127079",0,0,0
"S00127080",1,1,0
"S00127081",0,0,0
"S00127082",6,2,4
"S00127083",2,1,1
"S00127084",0,0,0
"S00127085",1,0,1
"S00127086",1,0,1
"S00127087",0,0,0
"S00127088",0,0,0
"S00127089",1,0,1
"S00127090",3,1,2
"S00127091",0,0,0
"S00127092",3,2,1
"S00127093",2,1,1
"S00127094",1,1,0
"S00127095",3,2,1
"S00127096",1,1,0
"S00127097",1,0,1
"S00127098",0,0,0
"S00127099",3,1,2
"S00127100",1,1,0
"S00127101",4,1,3
"S00127102",2,1,1
"S00127103",0,0,0
"S00127104",0,0,0
"S00127105",2,1,1
"S00127106",4,2,2
"S00127107",6,3,3
"S00127108",1,1,0
"S00127109",0,0,0
"S00127110",0,0,0
"S00127111",0,0,0
"S00127112",0,0,0
"S00127113",3,2,1
"S00127114",0,0,0
"S00127115",2,0,2
"S00127116",3,0,3
"S00127117",0,0,0
"S00127118",7,2,5
"S00127119",0,0,0
"S00127120",0,0,0
"S00127121",0,0,0
"S00127122",0,0,0
"S00127123",0,0,0
"S00127124",0,0,0
"S00127125",0,0,0
"S00127126",2,1,1
"S00127127",0,0,0
"S00127128",1,1,0
"S00127129",0,0,0
"S00127130",3,2,1
"S00127131",3,3,0
"S00127132",2,0,2
"S00127133",0,0,0
"S00127134",1,1,0
"S00127135",0,0,0
"S00127136",1,0,1
"S00127137",4,3,1
"S00127138",1,1,0
"S00127139",0,0,0
"S00127140",0,0,0
"S00127141",1,0,1
"S00127142",2,2,0
"S00127143",0,0,0
"S00127144",2,1,1
"S00127145",1,0,1
"S00127146",0,0,0
"S00127147",2,2,0
"S00127148",1,0,1
"S00127149",2,0,2
"S00127150",1,0,1
"S00127151",1,0,1
"S00127152",0,0,0
"S00127153",3,1,2
"S00127154",3,3,0
"S00127155",5,3,2
"S00127156",1,1,0
"S00127157",3,2,1
"S00127158",4,2,2
"S00127159",3,0,3
"S00127160",7,3,4
"S00127161",2,1,1
"S00127162",4,2,2
"S00127163",12,3,9
"S00127164",2,0,2
"S00127165",10,5,5
"S00127166",6,1,5
"S00127167",4,3,1
"S00127168",6,3,3
"S00127169",7,5,2
"S00127170",0,0,0
"S00127171",1,0,1
"S00127172",0,0,0
"S00127173",0,0,0
"S00127174",0,0,0
"S00127175",5,2,3
"S00127176",4,2,2
"S00127177",0,0,0
"S00127178",2,1,1
"S00127179",0,0,0
"S00127180",3,0,3
"S00127181",0,0,0
"S00127182",1,0,1
"S00127183",5,3,2
"S00127184",1,0,1
"S00127185",8,3,5
"S00127186",7,5,2
"S00127187",0,0,0
"S00127188",2,2,0
"S00127189",1,0,1
"S00127190",5,5,0
"S00127191",4,1,3
"S00127192",3,0,3
"S00127193",1,0,1
"S00127194",1,0,1
"S00127195",1,0,1
"S00127196",2,1,1
"S00127197",3,2,1
"S00127198",3,3,0
"S00127199",0,0,0
"S00127200",4,3,1
"S00127201",0,0,0
"S00127202",2,1,1
"S00127203",2,2,0
"S00127204",1,0,1
"S00127205",5,1,4
"S00127206",2,1,1
"S00127207",1,1,0
"S00127208",1,0,1
"S00127209",1,0,1
"S00127210",7,2,5
"S00127211",0,0,0
"S00127212",2,1,1
"S00127213",0,0,0
"S00127214",0,0,0
"S00127215",1,0,1
"S00127216",2,0,2
"S00127217",0,0,0
"S00127218",3,3,0
"S00127219",6,5,1
"S00127220",0,0,0
"S00127221",7,3,4
"S00127222",0,0,0
"S00127223",1,0,1
"S00127224",0,0,0
"S00127225",0,0,0
"S00127226",9,6,3
"S00127227",0,0,0
"S00127228",0,0,0
"S00127229",1,1,0
"S00127230",5,1,4
"S00127231",3,2,1
"S00127232",3,0,3
"S00127233",0,0,0
"S00127234",0,0,0
"S00127235",0,0,0
"S00127236",2,1,1
"S00127237",3,2,1
"S00127238",4,2,2
"S00127239",7,5,2
"S00127240",1,1,0
"S00127241",1,1,0
"S00127242",1,1,0
"S00127243",4,2,2
"S00127244",2,0,2
"S00127245",4,2,2
"S00127246",0,0,0
"S00127247",1,1,0
"S00127248",0,0,0
"S00127249",2,1,1
"S00127250",2,1,1
"S00127251",2,1,1
"S00127252",0,0,0
"S00127253",1,1,0
"S00127254",0,0,0
"S00127255",0,0,0
"S00127256",0,0,0
"S00127257",0,0,0
"S00127258",0,0,0
"S00127259",1,1,0
"S00127260",0,0,0
"S00127261",1,0,1
"S00127262",1,0,1
"S00127263",0,0,0
"S00127264",0,0,0
"S00127265",0,0,0
"S00127266",0,0,0
"S00127267",0,0,0
"S00127268",0,0,0
"S00127269",0,0,0
"S00127270",0,0,0
"S00127271",0,0,0
"S00127272",1,1,0
"S00127273",2,1,1
"S00127274",0,0,0
"S00127275",0,0,0
"S00127276",0,0,0
"S00127277",0,0,0
"S00127278",1,0,1
"S00127279",0,0,0
"S00127280",0,0,0
"S00127281",0,0,0
"S00127282",0,0,0
"S00127283",0,0,0
"S00127284",1,0,1
"S00127285",0,0,0
"S00127286",0,0,0
"S00127287",0,0,0
"S00127288",0,0,0
"S00127289",3,1,2
"S00127290",6,3,3
"S00127291",1,1,0
"S00127292",1,1,0
"S00127293",0,0,0
"S00127294",2,1,1
"S00127295",7,2,5
"S00127296",1,0,1
"S00127297",0,0,0
"S00127298",0,0,0
"S00127299",0,0,0
"S00127300",1,1,0
"S00127301",0,0,0
"S00127302",0,0,0
"S00127303",0,0,0
"S00127304",0,0,0
"S00127305",2,2,0
"S00127306",0,0,0
"S00127307",0,0,0
"S00127308",0,0,0
"S00127309",1,0,1
"S00127310",0,0,0
"S00127311",0,0,0
"S00127312",0,0,0
"S00127313",0,0,0
"S00127314",2,2,0
"S00127315",1,0,1
"S00127316",0,0,0
"S00127317",0,0,0
"S00127318",1,1,0
"S00127319",0,0,0
"S00127320",0,0,0
"S00127321",1,1,0
"S00127322",5,3,2
"S00127323",2,1,1
"S00127324",2,1,1
"S00127325",3,0,3
"S00127326",0,0,0
"S00127327",6,3,3
"S00127328",0,0,0
"S00127329",2,1,1
"S00127330",0,0,0
"S00127331",3,1,2
"S00127332",0,0,0
"S00127333",0,0,0
"S00127334",2,2,0
"S00127335",1,0,1
"S00127336",1,0,1
"S00127337",3,2,1
"S00127338",0,0,0
"S00127339",0,0,0
"S00127340",2,1,1
"S00127341",0,0,0
"S00127342",2,2,0
"S00127343",0,0,0
"S00127344",0,0,0
"S00127345",0,0,0
"S00127346",2,2,0
"S00127347",0,0,0
"S00127348",0,0,0
"S00127349",0,0,0
"S00127350",1,1,0
"S00127351",0,0,0
"S00127352",0,0,0
"S00127353",0,0,0
"S00127354",0,0,0
"S00127355",1,1,0
"S00127356",1,0,1
"S00127357",0,0,0
"S00127358",6,3,3
"S00127359",0,0,0
"S00127360",0,0,0
"S00127361",0,0,0
"S00127362",0,0,0
"S00127363",1,0,1
"S00127364",1,0,1
"S00127365",3,0,3
"S00127366",5,2,3
"S00127367",4,4,0
"S00127368",4,1,3
"S00127369",0,0,0
"S00127370",2,0,2
"S00127371",3,1,2
"S00127372",9,6,3
"S00127373",3,1,2
"S00127374",0,0,0
"S00127375",2,1,1
"S00127376",1,1,0
"S00127377",0,0,0
"S00127378",0,0,0
"S00127379",1,1,0
"S00127380",3,1,2
"S00127381",0,0,0
"S00127382",0,0,0
"S00127383",0,0,0
"S00127384",0,0,0
"S00127385",3,2,1
"S00127386",0,0,0
"S00127387",1,0,1
"S00127388",0,0,0
"S00127389",3,0,3
"S00127390",1,1,0
"S00127391",0,0,0
"S00127392",1,1,0
"S00127393",0,0,0
"S00127394",1,0,1
"S00127395",0,0,0
"S00127396",0,0,0
"S00127397",1,1,0
"S00127398",0,0,0
"S00127399",0,0,0
"S00127400",2,0,2
"S00127401",1,1,0
"S00127402",1,1,0
"S00127403",1,0,1
"S00127404",0,0,0
"S00127405",0,0,0
"S00127406",0,0,0
"S00127407",0,0,0
"S00127408",0,0,0
"S00127409",0,0,0
"S00127410",0,0,0
"S00127411",0,0,0
"S00127412",1,0,1
"S00127413",0,0,0
"S00127414",0,0,0
"S00127415",0,0,0
"S00127416",0,0,0
"S00127417",0,0,0
"S00127418",0,0,0
"S00127419",0,0,0
"S00127420",0,0,0
"S00127421",0,0,0
"S00127422",0,0,0
"S00127423",0,0,0
"S00127424",0,0,0
"S00127425",0,0,0
"S00127426",0,0,0
"S00127427",0,0,0
"S00127428",1,0,1
"S00127429",0,0,0
"S00127430",0,0,0
"S00127431",0,0,0
"S00127432",0,0,0
"S00127433",3,1,2
"S00127434",0,0,0
"S00127435",1,1,0
"S00127436",0,0,0
"S00127437",0,0,0
"S00127438",0,0,0
"S00127439",0,0,0
"S00127440",0,0,0
"S00127441",2,2,0
"S00127442",2,2,0
"S00127443",0,0,0
"S00127444",0,0,0
"S00127445",0,0,0
"S00127446",0,0,0
"S00127447",0,0,0
"S00127448",0,0,0
"S00127449",1,0,1
"S00127450",1,0,1
"S00127451",0,0,0
"S00127452",0,0,0
"S00127453",0,0,0
"S00127454",1,0,1
"S00127455",0,0,0
"S00127456",1,1,0
"S00127457",0,0,0
"S00127458",0,0,0
"S00127459",0,0,0
"S00127460",0,0,0
"S00127461",0,0,0
"S00127462",0,0,0
"S00127463",0,0,0
"S00127464",0,0,0
"S00127465",0,0,0
"S00127466",0,0,0
"S00127467",1,0,1
"S00127468",0,0,0
"S00127469",1,0,1
"S00127470",1,1,0
"S00127471",0,0,0
"S00127472",0,0,0
"S00127473",0,0,0
"S00127474",2,1,1
"S00127475",0,0,0
"S00127476",2,1,1
"S00127477",0,0,0
"S00127478",0,0,0
"S00127479",0,0,0
"S00127480",0,0,0
"S00127481",0,0,0
"S00127482",0,0,0
"S00127483",0,0,0
"S00127484",1,0,1
"S00127485",0,0,0
"S00127486",0,0,0
"S00127487",2,1,1
"S00127488",0,0,0
"S00127489",0,0,0
"S00127490",0,0,0
"S00127491",0,0,0
"S00127492",0,0,0
"S00127493",0,0,0
"S00127494",0,0,0
"S00127495",0,0,0
"S00127496",0,0,0
"S00127497",2,1,1
"S00127498",0,0,0
"S00127499",0,0,0
"S00127500",0,0,0
"S00127501",0,0,0
"S00127502",0,0,0
"S00127503",0,0,0
"S00127504",0,0,0
"S00127505",0,0,0
"S00127506",0,0,0
"S00127507",0,0,0
"S00127508",0,0,0
"S00127509",0,0,0
"S00127510",0,0,0
"S00127511",0,0,0
"S00127512",0,0,0
"S00127513",0,0,0
"S00127514",0,0,0
"S00127515",0,0,0
"S00127516",0,0,0
"S00127517",2,0,2
"S00127518",0,0,0
"S00127519",0,0,0
"S00127520",1,0,1
"S00127521",0,0,0
"S00127522",1,0,1
"S00127523",0,0,0
"S00127524",0,0,0
"S00127525",0,0,0
"S00127526",0,0,0
"S00127527",1,0,1
"S00127528",0,0,0
"S00127529",0,0,0
"S00127530",0,0,0
"S00127531",0,0,0
"S00127532",0,0,0
"S00127533",1,0,1
"S00127534",0,0,0
"S00127535",0,0,0
"S00127536",0,0,0
"S00127537",0,0,0
"S00127538",0,0,0
"S00127539",0,0,0
"S00127540",0,0,0
"S00127541",1,0,1
"S00127542",0,0,0
"S00127543",0,0,0
"S00127544",0,0,0
"S00127545",0,0,0
"S00127546",0,0,0
"S00127547",0,0,0
"S00127548",0,0,0
"S00127549",2,2,0
"S00127550",1,0,1
"S00127551",0,0,0
"S00127552",0,0,0
"S00127553",0,0,0
"S00127554",3,1,2
"S00127555",1,0,1
"S00127556",3,0,3
"S00127557",0,0,0
"S00127558",1,1,0
"S00127559",1,1,0
"S00127560",0,0,0
"S00127561",1,1,0
"S00127562",0,0,0
"S00127563",1,0,1
"S00127564",1,1,0
"S00127565",0,0,0
"S00127566",1,0,1
"S00127567",0,0,0
"S00127568",0,0,0
"S00127569",1,1,0
"S00127570",2,1,1
"S00127571",0,0,0
"S00127572",0,0,0
"S00127573",0,0,0
"S00127574",1,0,1
"S00127575",0,0,0
"S00127576",0,0,0
"S00127577",0,0,0
"S00127578",0,0,0
"S00127579",0,0,0
"S00127580",2,2,0
"S00127581",1,1,0
"S00127582",0,0,0
"S00127583",0,0,0
"S00127584",0,0,0
"S00127585",0,0,0
"S00127586",0,0,0
"S00127587",0,0,0
"S00127588",0,0,0
"S00127589",0,0,0
"S00127590",0,0,0
"S00127591",0,0,0
"S00127592",1,1,0
"S00127593",0,0,0
"S00127594",0,0,0
"S00127595",0,0,0
"S00127596",0,0,0
"S00127597",0,0,0
"S00127598",1,1,0
"S00127599",5,3,2
"S00127600",0,0,0
"S00127601",0,0,0
"S00127602",0,0,0
"S00127603",1,0,1
"S00127604",0,0,0
"S00127605",1,0,1
"S00127606",0,0,0
"S00127607",0,0,0
"S00127608",0,0,0
"S00127609",0,0,0
"S00127610",0,0,0
"S00127611",0,0,0
"S00127612",0,0,0
"S00127613",1,0,1
"S00127614",0,0,0
"S00127615",0,0,0
"S00127616",0,0,0
"S00127617",0,0,0
"S00127618",0,0,0
"S00127619",0,0,0
"S00127620",2,1,1
"S00127621",0,0,0
"S00127622",0,0,0
"S00127623",0,0,0
"S00127624",0,0,0
"S00127625",0,0,0
"S00127626",0,0,0
"S00127627",0,0,0
"S00127628",0,0,0
"S00127629",0,0,0
"S00127630",0,0,0
"S00127631",2,0,2
"S00127632",0,0,0
"S00127633",0,0,0
"S00127634",0,0,0
"S00127635",0,0,0
"S00127636",0,0,0
"S00127637",0,0,0
"S00127638",0,0,0
"S00127639",0,0,0
"S00127640",0,0,0
"S00127641",0,0,0
"S00127642",0,0,0
"S00127643",0,0,0
"S00127644",2,1,1
"S00127645",0,0,0
"S00127646",0,0,0
"S00127647",0,0,0
"S00127648",0,0,0
"S00127649",0,0,0
"S00127650",0,0,0
"S00127651",0,0,0
"S00127652",0,0,0
"S00127653",0,0,0
"S00127654",0,0,0
"S00127655",0,0,0
"S00127656",0,0,0
"S00127657",0,0,0
"S00127658",0,0,0
"S00127659",2,2,0
"S00127660",0,0,0
"S00127661",0,0,0
"S00127662",0,0,0
"S00127663",0,0,0
"S00127664",0,0,0
"S00127665",1,0,1
"S00127666",0,0,0
"S00127667",0,0,0
"S00127668",0,0,0
"S00127669",0,0,0
"S00127670",1,0,1
"S00127671",0,0,0
"S00127672",0,0,0
"S00127673",0,0,0
"S00127674",0,0,0
"S00127675",0,0,0
"S00127676",0,0,0
"S00127677",1,1,0
"S00127678",1,1,0
"S00127679",0,0,0
"S00127680",1,1,0
"S00127681",0,0,0
"S00127682",0,0,0
"S00127683",0,0,0
"S00127684",0,0,0
"S00127685",0,0,0
"S00127686",1,0,1
"S00127687",0,0,0
"S00127688",1,1,0
"S00127689",0,0,0
"S00127690",0,0,0
"S00127691",0,0,0
"S00127692",1,0,1
"S00127693",0,0,0
"S00127694",0,0,0
"S00127695",0,0,0
"S00127696",0,0,0
"S00127697",0,0,0
"S00127698",0,0,0
"S00127699",1,1,0
"S00127700",0,0,0
"S00127701",0,0,0
"S00127702",0,0,0
"S00127703",0,0,0
"S00127704",0,0,0
"S00127705",1,1,0
"S00127706",1,0,1
"S00127707",0,0,0
"S00127708",0,0,0
"S00127709",0,0,0
"S00127710",0,0,0
"S00127711",0,0,0
"S00127712",0,0,0
"S00127713",0,0,0
"S00127714",2,1,1
"S00127715",0,0,0
"S00127716",1,1,0
"S00127717",0,0,0
"S00127718",0,0,0
"S00127719",0,0,0
"S00127720",0,0,0
"S00127721",0,0,0
"S00127722",0,0,0
"S00127723",0,0,0
"S00127724",0,0,0
"S00127725",1,0,1
"S00127726",0,0,0
"S00127727",0,0,0
"S00127728",0,0,0
"S00127729",0,0,0
"S00127730",0,0,0
"S00127731",0,0,0
"S00127732",0,0,0
"S00127733",0,0,0
"S00127734",0,0,0
"S00127735",0,0,0
"S00127736",0,0,0
"S00127737",0,0,0
"S00127738",0,0,0
"S00127739",0,0,0
"S00127740",0,0,0
"S00127741",0,0,0
"S00127742",0,0,0
"S00127743",0,0,0
"S00127744",1,1,0
"S00127745",0,0,0
"S00127746",0,0,0
"S00127747",0,0,0
"S00127748",1,1,0
"S00127749",0,0,0
"S00127750",0,0,0
"S00127751",1,0,1
"S00127752",0,0,0
"S00127753",0,0,0
"S00127754",0,0,0
"S00127755",2,1,1
"S00127756",0,0,0
"S00127757",1,0,1
"S00127758",4,1,3
"S00127759",1,1,0
"S00127760",1,0,1
"S00127761",0,0,0
"S00127762",0,0,0
"S00127763",0,0,0
"S00127764",1,0,1
"S00127765",0,0,0
"S00127766",2,0,2
"S00127767",4,2,2
"S00127768",1,0,1
"S00127769",1,0,1
"S00127770",0,0,0
"S00127771",0,0,0
"S00127772",0,0,0
"S00127773",0,0,0
"S00127774",1,0,1
"S00127775",2,1,1
"S00127776",0,0,0
"S00127777",0,0,0
"S00127778",0,0,0
"S00127779",0,0,0
"S00127780",0,0,0
"S00127781",1,0,1
"S00127782",0,0,0
"S00127783",0,0,0
"S00127784",0,0,0
"S00127785",0,0,0
"S00127786",0,0,0
"S00127787",3,1,2
"S00127788",2,0,2
"S00127789",2,1,1
"S00127790",0,0,0
"S00127791",0,0,0
"S00127792",1,1,0
"S00127793",5,1,4
"S00127794",1,0,1
"S00127795",0,0,0
"S00127796",0,0,0
"S00127797",0,0,0
"S00127798",0,0,0
"S00127799",0,0,0
"S00127800",0,0,0
"S00127801",0,0,0
"S00127802",0,0,0
"S00127803",0,0,0
"S00127804",0,0,0
"S00127805",0,0,0
"S00127806",0,0,0
"S00127807",0,0,0
"S00127808",1,1,0
"S00127809",1,0,1
"S00127810",0,0,0
"S00127811",0,0,0
"S00127812",0,0,0
"S00127813",1,1,0
"S00127814",0,0,0
"S00127815",1,0,1
"S00127816",2,1,1
"S00127817",0,0,0
"S00127818",0,0,0
"S00127819",0,0,0
"S00127820",0,0,0
"S00127821",1,1,0
"S00127822",0,0,0
"S00127823",0,0,0
"S00127824",0,0,0
"S00127825",0,0,0
"S00127826",0,0,0
"S00127827",0,0,0
"S00127828",0,0,0
"S00127829",1,1,0
"S00127830",0,0,0
"S00127831",0,0,0
"S00127832",0,0,0
"S00127833",0,0,0
"S00127834",0,0,0
"S00127835",0,0,0
"S00127836",0,0,0
"S00127837",0,0,0
"S00127838",1,0,1
"S00127839",2,1,1
"S00127840",0,0,0
"S00127841",0,0,0
"S00127842",1,0,1
"S00127843",0,0,0
"S00127844",0,0,0
"S00127845",2,1,1
"S00127846",0,0,0
"S00127847",0,0,0
"S00127848",0,0,0
"S00127849",0,0,0
"S00127850",0,0,0
"S00127851",0,0,0
"S00127852",0,0,0
"S00127853",0,0,0
"S00127854",1,0,1
"S00127855",2,0,2
"S00127856",0,0,0
"S00127857",1,0,1
"S00127858",0,0,0
"S00127859",0,0,0
"S00127860",0,0,0
"S00127861",4,2,2
"S00127862",0,0,0
"S00127863",1,1,0
"S00127864",0,0,0
"S00127865",0,0,0
"S00127866",0,0,0
"S00127867",0,0,0
"S00127868",0,0,0
"S00127869",0,0,0
"S00127870",0,0,0
"S00127871",0,0,0
"S00127872",0,0,0
"S00127873",1,0,1
"S00127874",1,1,0
"S00127875",0,0,0
"S00127876",0,0,0
"S00127877",0,0,0
"S00127878",0,0,0
"S00127879",0,0,0
"S00127880",1,1,0
"S00127881",0,0,0
"S00127882",1,0,1
"S00127883",0,0,0
"S00127884",0,0,0
"S00127885",0,0,0
"S00127886",0,0,0
"S00127887",0,0,0
"S00127888",0,0,0
"S00127889",1,0,1
"S00127890",0,0,0
"S00127891",0,0,0
"S00127892",0,0,0
"S00127893",2,1,1
"S00127894",0,0,0
"S00127895",0,0,0
"S00127896",3,1,2
"S00127897",0,0,0
"S00127898",0,0,0
"S00127899",0,0,0
"S00127900",1,0,1
"S00127901",0,0,0
"S00127902",1,1,0
"S00127903",1,0,1
"S00127904",0,0,0
"S00127905",0,0,0
"S00127906",0,0,0
"S00127907",0,0,0
"S00127908",0,0,0
"S00127909",0,0,0
"S00127910",0,0,0
"S00127911",0,0,0
"S00127912",1,0,1
"S00127913",0,0,0
"S00127914",0,0,0
"S00127915",0,0,0
"S00127916",2,1,1
"S00127917",0,0,0
"S00127918",0,0,0
"S00127919",1,0,1
"S00127920",0,0,0
"S00127921",0,0,0
"S00127922",0,0,0
"S00127923",0,0,0
"S00127924",0,0,0
"S00127925",1,0,1
"S00127926",1,0,1
"S00127927",2,1,1
"S00127928",1,0,1
"S00127929",1,0,1
"S00127930",0,0,0
"S00127931",0,0,0
"S00127932",1,0,1
"S00127933",0,0,0
"S00127934",0,0,0
"S00127935",0,0,0
"S00127936",0,0,0
"S00127937",2,0,2
"S00127938",0,0,0
"S00127939",0,0,0
"S00127940",1,0,1
"S00127941",0,0,0
"S00127942",0,0,0
"S00127943",0,0,0
"S00127944",0,0,0
"S00127945",0,0,0
"S00127946",1,1,0
"S00127947",0,0,0
"S00127948",0,0,0
"S00127949",1,0,1
"S00127950",0,0,0
"S00127951",1,0,1
"S00127952",0,0,0
"S00127953",0,0,0
"S00127954",2,2,0
"S00127955",0,0,0
"S00127956",0,0,0
"S00127957",0,0,0
"S00127958",2,2,0
"S00127959",0,0,0
"S00127960",0,0,0
"S00127961",0,0,0
"S00127962",1,1,0
"S00127963",0,0,0
"S00127964",0,0,0
"S00127965",0,0,0
"S00127966",0,0,0
"S00127967",1,0,1
"S00127968",2,2,0
"S00127969",1,0,1
"S00127970",0,0,0
"S00127971",1,1,0
"S00127972",0,0,0
"S00127973",0,0,0
"S00127974",0,0,0
"S00127975",0,0,0
"S00127976",0,0,0
"S00127977",0,0,0
"S00127978",1,1,0
"S00127979",0,0,0
"S00127980",1,1,0
"S00127981",0,0,0
"S00127982",0,0,0
"S00127983",1,0,1
"S00127984",1,1,0
"S00127985",0,0,0
"S00127986",1,0,1
"S00127987",0,0,0
"S00127988",1,0,1
"S00127989",1,1,0
"S00127990",0,0,0
"S00127991",0,0,0
"S00127992",1,1,0
"S00127993",2,0,2
"S00127994",1,0,1
"S00127995",0,0,0
"S00127996",0,0,0
"S00127997",0,0,0
"S00127998",0,0,0
"S00127999",2,0,2
"S00128000",0,0,0
"S00128001",0,0,0
"S00128002",0,0,0
"S00128003",0,0,0
"S00128004",0,0,0
"S00128005",0,0,0
"S00128006",2,1,1
"S00128007",0,0,0
"S00128008",0,0,0
"S00128009",0,0,0
"S00128010",0,0,0
"S00128011",0,0,0
"S00128012",0,0,0
"S00128013",0,0,0
"S00128014",0,0,0
"S00128015",0,0,0
"S00128016",0,0,0
"S00128017",0,0,0
"S00128018",1,1,0
"S00128019",0,0,0
"S00128020",0,0,0
"S00128021",2,1,1
"S00128022",0,0,0
"S00128023",0,0,0
"S00128024",0,0,0
"S00128025",0,0,0
"S00128026",0,0,0
"S00128027",0,0,0
"S00128028",0,0,0
"S00128029",0,0,0
"S00128030",0,0,0
"S00128031",1,1,0
"S00128032",0,0,0
"S00128033",0,0,0
"S00128034",0,0,0
"S00128035",0,0,0
"S00128036",0,0,0
"S00128037",0,0,0
"S00128038",0,0,0
"S00128039",0,0,0
"S00128040",0,0,0
"S00128041",0,0,0
"S00128042",0,0,0
"S00128043",0,0,0
"S00128044",0,0,0
"S00128045",0,0,0
"S00128046",0,0,0
"S00128047",0,0,0
"S00128048",0,0,0
"S00128049",0,0,0
"S00128050",0,0,0
"S00128051",0,0,0
"S00128052",0,0,0
"S00128053",0,0,0
"S00128054",0,0,0
"S00128055",0,0,0
"S00128056",0,0,0
"S00128057",1,1,0
"S00128058",1,0,1
"S00128059",0,0,0
"S00128060",0,0,0
"S00128061",0,0,0
"S00128062",0,0,0
"S00128063",0,0,0
"S00128064",1,1,0
"S00128065",0,0,0
"S00128066",0,0,0
"S00128067",0,0,0
"S00128068",0,0,0
"S00128069",0,0,0
"S00128070",0,0,0
"S00128071",1,0,1
"S00128072",0,0,0
"S00128073",0,0,0
"S00128074",0,0,0
"S00128075",0,0,0
"S00128076",0,0,0
"S00128077",0,0,0
"S00128078",0,0,0
"S00128079",0,0,0
"S00128080",0,0,0
"S00128081",0,0,0
"S00128082",2,1,1
"S00128083",0,0,0
"S00128084",1,0,1
"S00128085",2,1,1
"S00128086",0,0,0
"S00128087",1,1,0
"S00128088",0,0,0
"S00128089",0,0,0
"S00128090",0,0,0
"S00128091",0,0,0
"S00128092",2,1,1
"S00128093",0,0,0
"S00128094",0,0,0
"S00128095",0,0,0
"S00128096",0,0,0
"S00128097",1,1,0
"S00128098",0,0,0
"S00128099",0,0,0
"S00128100",1,1,0
"S00128101",0,0,0
"S00128102",0,0,0
"S00128103",0,0,0
"S00128104",0,0,0
"S00128105",0,0,0
"S00128106",0,0,0
"S00128107",0,0,0
"S00128108",0,0,0
"S00128109",0,0,0
"S00128110",2,2,0
"S00128111",0,0,0
"S00128112",0,0,0
"S00128113",0,0,0
"S00128114",0,0,0
"S00128115",0,0,0
"S00128116",0,0,0
"S00128117",0,0,0
"S00128118",0,0,0
"S00128119",0,0,0
"S00128120",0,0,0
"S00128121",0,0,0
"S00128122",0,0,0
"S00128123",0,0,0
"S00128124",0,0,0
"S00128125",0,0,0
"S00128126",0,0,0
"S00128127",0,0,0
"S00128128",0,0,0
"S00128129",0,0,0
"S00128130",0,0,0
"S00128131",0,0,0
"S00128132",0,0,0
"S00128133",0,0,0
"S00128134",0,0,0
"S00128135",0,0,0
"S00128136",1,1,0
"S00128137",0,0,0
"S00128138",0,0,0
"S00128139",0,0,0
"S00128140",0,0,0
"S00128141",0,0,0
"S00128142",0,0,0
"S00128143",0,0,0
"S00128144",0,0,0
"S00128145",0,0,0
"S00128146",0,0,0
"S00128147",0,0,0
"S00128148",0,0,0
"S00128149",0,0,0
"S00128150",0,0,0
"S00128151",0,0,0
"S00128152",1,1,0
"S00128153",1,0,1
"S00128154",1,1,0
"S00128155",0,0,0
"S00128156",0,0,0
"S00128157",0,0,0
"S00128158",1,1,0
"S00128159",0,0,0
"S00128160",0,0,0
"S00128161",0,0,0
"S00128162",0,0,0
"S00128163",0,0,0
"S00128164",1,1,0
"S00128165",0,0,0
"S00128166",0,0,0
"S00128167",0,0,0
"S00128168",2,1,1
"S00128169",0,0,0
"S00128170",0,0,0
"S00128171",0,0,0
"S00128172",0,0,0
"S00128173",0,0,0
"S00128174",0,0,0
"S00128175",1,1,0
"S00128176",0,0,0
"S00128177",1,1,0
"S00128178",0,0,0
"S00128179",0,0,0
"S00128180",0,0,0
"S00128181",0,0,0
"S00128182",0,0,0
"S00128183",0,0,0
"S00128184",0,0,0
"S00128185",1,0,1
"S00128186",0,0,0
"S00128187",0,0,0
"S00128188",1,0,1
"S00128189",0,0,0
"S00128190",0,0,0
"S00128191",0,0,0
"S00128192",1,0,1
"S00128193",0,0,0
"S00128194",0,0,0
"S00128195",0,0,0
"S00128196",0,0,0
"S00128197",1,0,1
"S00128198",1,1,0
"S00128199",0,0,0
"S00128200",0,0,0
"S00128201",1,1,0
"S00128202",0,0,0
"S00128203",0,0,0
"S00128204",0,0,0
"S00128205",0,0,0
"S00128206",0,0,0
"S00128207",0,0,0
"S00128208",0,0,0
"S00128209",0,0,0
"S00128210",0,0,0
"S00128211",0,0,0
"S00128212",0,0,0
"S00128213",3,1,2
"S00128214",0,0,0
"S00128215",0,0,0
"S00128216",0,0,0
"S00128217",1,1,0
"S00128218",0,0,0
"S00128219",1,0,1
"S00128220",0,0,0
"S00128221",0,0,0
"S00128222",0,0,0
"S00128223",0,0,0
"S00128224",0,0,0
"S00128225",0,0,0
"S00128226",0,0,0
"S00128227",0,0,0
"S00128228",0,0,0
"S00128229",0,0,0
"S00128230",0,0,0
"S00128231",0,0,0
"S00128232",0,0,0
"S00128233",0,0,0
"S00128234",0,0,0
"S00128235",1,1,0
"S00128236",1,1,0
"S00128237",0,0,0
"S00128238",1,0,1
"S00128239",1,1,0
"S00128240",0,0,0
"S00128241",0,0,0
"S00128242",1,0,1
"S00128243",0,0,0
"S00128244",0,0,0
"S00128245",0,0,0
"S00128246",0,0,0
"S00128247",0,0,0
"S00128248",0,0,0
"S00128249",0,0,0
"S00128250",0,0,0
"S00128251",0,0,0
"S00128252",1,0,1
"S00128253",2,1,1
"S00128254",0,0,0
"S00128255",0,0,0
"S00128256",1,1,0
"S00128257",0,0,0
"S00128258",0,0,0
"S00128259",0,0,0
"S00128260",1,1,0
"S00128261",1,0,1
"S00128262",0,0,0
"S00128263",0,0,0
"S00128264",0,0,0
"S00128265",4,0,4
"S00128266",5,2,3
"S00128267",0,0,0
"S00128268",1,0,1
"S00128269",1,0,1
"S00128270",0,0,0
"S00128271",2,0,2
"S00128272",0,0,0
"S00128273",0,0,0
"S00128274",0,0,0
"S00128275",1,0,1
"S00128276",0,0,0
"S00128277",3,2,1
"S00128278",5,3,2
"S00128279",1,1,0
"S00128280",6,3,3
"S00128281",4,3,1
"S00128282",4,4,0
"S00128283",1,0,1
"S00128284",1,1,0
"S00128285",0,0,0
"S00128286",0,0,0
"S00128287",0,0,0
"S00128288",0,0,0
"S00128289",0,0,0
"S00128290",2,1,1
"S00128291",0,0,0
"S00128292",0,0,0
"S00128293",2,0,2
"S00128294",0,0,0
"S00128295",0,0,0
"S00128296",0,0,0
"S00128297",0,0,0
"S00128298",2,1,1
"S00128299",0,0,0
"S00128300",0,0,0
"S00128301",1,1,0
"S00128302",3,1,2
"S00128303",6,2,4
"S00128304",0,0,0
"S00128305",1,0,1
"S00128306",3,2,1
"S00128307",4,4,0
"S00128308",3,0,3
"S00128309",2,0,2
"S00128310",2,0,2
"S00128311",1,0,1
"S00128312",0,0,0
"S00128313",0,0,0
"S00128314",2,1,1
"S00128315",1,0,1
"S00128316",1,1,0
"S00128317",1,1,0
"S00128318",2,1,1
"S00128319",0,0,0
"S00128320",2,1,1
"S00128321",0,0,0
"S00128322",2,2,0
"S00128323",3,1,2
"S00128324",3,0,3
"S00128325",1,1,0
"S00128326",2,1,1
"S00128327",1,0,1
"S00128328",1,1,0
"S00128329",4,1,3
"S00128330",1,1,0
"S00128331",0,0,0
"S00128332",1,0,1
"S00128333",0,0,0
"S00128334",1,0,1
"S00128335",0,0,0
"S00128336",5,3,2
"S00128337",1,0,1
"S00128338",4,2,2
"S00128339",2,0,2
"S00128340",1,1,0
"S00128341",1,0,1
"S00128342",0,0,0
"S00128343",0,0,0
"S00128344",0,0,0
"S00128345",0,0,0
"S00128346",0,0,0
"S00128347",0,0,0
"S00128348",0,0,0
"S00128349",0,0,0
"S00128350",0,0,0
"S00128351",0,0,0
"S00128352",1,1,0
"S00128353",0,0,0
"S00128354",0,0,0
"S00128355",1,0,1
"S00128356",0,0,0
"S00128357",0,0,0
"S00128358",1,1,0
"S00128359",0,0,0
"S00128360",0,0,0
"S00128361",1,1,0
"S00128362",0,0,0
"S00128363",1,0,1
"S00128364",0,0,0
"S00128365",1,0,1
"S00128366",0,0,0
"S00128367",0,0,0
"S00128368",1,0,1
"S00128369",0,0,0
"S00128370",0,0,0
"S00128371",0,0,0
"S00128372",1,1,0
"S00128373",0,0,0
"S00128374",0,0,0
"S00128375",0,0,0
"S00128376",0,0,0
"S00128377",0,0,0
"S00128378",0,0,0
"S00128379",1,0,1
"S00128380",0,0,0
"S00128381",0,0,0
"S00128382",0,0,0
"S00128383",0,0,0
"S00128384",0,0,0
"S00128385",0,0,0
"S00128386",0,0,0
"S00128387",0,0,0
"S00128388",0,0,0
"S00128389",0,0,0
"S00128390",3,0,3
"S00128391",0,0,0
"S00128392",1,0,1
"S00128393",1,0,1
"S00128394",0,0,0
"S00128395",0,0,0
"S00128396",0,0,0
"S00128397",0,0,0
"S00128398",0,0,0
"S00128399",0,0,0
"S00128400",0,0,0
"S00128401",0,0,0
"S00128402",0,0,0
"S00128403",0,0,0
"S00128404",0,0,0
"S00128405",0,0,0
"S00128406",1,0,1
"S00128407",0,0,0
"S00128408",0,0,0
"S00128409",0,0,0
"S00128410",0,0,0
"S00128411",0,0,0
"S00128412",0,0,0
"S00128413",0,0,0
"S00128414",0,0,0
"S00128415",1,0,1
"S00128416",0,0,0
"S00128417",0,0,0
"S00128418",0,0,0
"S00128419",1,1,0
"S00128420",0,0,0
"S00128421",1,1,0
"S00128422",1,1,0
"S00128423",0,0,0
"S00128424",1,1,0
"S00128425",3,1,2
"S00128426",0,0,0
"S00128427",1,1,0
"S00128428",0,0,0
"S00128429",0,0,0
"S00128430",1,1,0
"S00128431",0,0,0
"S00128432",0,0,0
"S00128433",0,0,0
"S00128434",0,0,0
"S00128435",1,1,0
"S00128436",0,0,0
"S00128437",0,0,0
"S00128438",0,0,0
"S00128439",0,0,0
"S00128440",1,1,0
"S00128441",0,0,0
"S00128442",0,0,0
"S00128443",1,0,1
"S00128444",0,0,0
"S00128445",0,0,0
"S00128446",0,0,0
"S00128447",5,1,4
"S00128448",2,2,0
"S00128449",0,0,0
"S00128450",1,0,1
"S00128451",1,0,1
"S00128452",0,0,0
"S00128453",0,0,0
"S00128454",1,1,0
"S00128455",0,0,0
"S00128456",0,0,0
"S00128457",0,0,0
"S00128458",2,1,1
"S00128459",0,0,0
"S00128460",0,0,0
"S00128461",0,0,0
"S00128462",1,1,0
"S00128463",0,0,0
"S00128464",0,0,0
"S00128465",0,0,0
"S00128466",0,0,0
"S00128467",0,0,0
"S00128468",3,1,2
"S00128469",2,1,1
"S00128470",0,0,0
"S00128471",1,1,0
"S00128472",1,0,1
"S00128473",3,2,1
"S00128474",6,5,1
"S00128475",1,1,0
"S00128476",2,0,2
"S00128477",0,0,0
"S00128478",0,0,0
"S00128479",0,0,0
"S00128480",1,1,0
"S00128481",1,1,0
"S00128482",1,0,1
"S00128483",1,0,1
"S00128484",0,0,0
"S00128485",0,0,0
"S00128486",0,0,0
"S00128487",0,0,0
"S00128488",0,0,0
"S00128489",0,0,0
"S00128490",0,0,0
"S00128491",0,0,0
"S00128492",0,0,0
"S00128493",4,3,1
"S00128494",0,0,0
"S00128495",2,2,0
"S00128496",1,0,1
"S00128497",3,2,1
"S00128498",2,1,1
"S00128499",0,0,0
"S00128500",0,0,0
"S00128501",0,0,0
"S00128502",0,0,0
"S00128503",0,0,0
"S00128504",0,0,0
"S00128505",0,0,0
"S00128506",2,1,1
"S00128507",0,0,0
"S00128508",0,0,0
"S00128509",0,0,0
"S00128510",1,1,0
"S00128511",0,0,0
"S00128512",0,0,0
"S00128513",4,0,4
"S00128514",0,0,0
"S00128515",2,1,1
"S00128516",0,0,0
"S00128517",0,0,0
"S00128518",0,0,0
"S00128519",2,0,2
"S00128520",0,0,0
"S00128521",0,0,0
"S00128522",0,0,0
"S00128523",0,0,0
"S00128524",1,1,0
"S00128525",0,0,0
"S00128526",0,0,0
"S00128527",1,0,1
"S00128528",1,0,1
"S00128529",2,2,0
"S00128530",3,1,2
"S00128531",1,0,1
"S00128532",0,0,0
"S00128533",1,1,0
"S00128534",4,2,2
"S00128535",0,0,0
"S00128536",1,0,1
"S00128537",5,2,3
"S00128538",1,0,1
"S00128539",0,0,0
"S00128540",0,0,0
"S00128541",3,2,1
"S00128542",1,1,0
"S00128543",3,2,1
"S00128544",2,0,2
"S00128545",0,0,0
"S00128546",0,0,0
"S00128547",0,0,0
"S00128548",0,0,0
"S00128549",0,0,0
"S00128550",0,0,0
"S00128551",1,0,1
"S00128552",0,0,0
"S00128553",0,0,0
"S00128554",4,3,1
"S00128555",0,0,0
"S00128556",0,0,0
"S00128557",0,0,0
"S00128558",0,0,0
"S00128559",1,1,0
"S00128560",0,0,0
"S00128561",3,1,2
"S00128562",3,0,3
"S00128563",0,0,0
"S00128564",2,1,1
"S00128565",4,3,1
"S00128566",0,0,0
"S00128567",0,0,0
"S00128568",0,0,0
"S00128569",0,0,0
"S00128570",0,0,0
"S00128571",0,0,0
"S00128572",0,0,0
"S00128573",0,0,0
"S00128574",0,0,0
"S00128575",0,0,0
"S00128576",2,2,0
"S00128577",0,0,0
"S00128578",0,0,0
"S00128579",0,0,0
"S00128580",1,1,0
"S00128581",0,0,0
"S00128582",6,4,2
"S00128583",0,0,0
"S00128584",0,0,0
"S00128585",0,0,0
"S00128586",0,0,0
"S00128587",0,0,0
"S00128588",0,0,0
"S00128589",0,0,0
"S00128590",0,0,0
"S00128591",1,0,1
"S00128592",0,0,0
"S00128593",0,0,0
"S00128594",0,0,0
"S00128595",0,0,0
"S00128596",0,0,0
"S00128597",0,0,0
"S00128598",0,0,0
"S00128599",0,0,0
"S00128600",0,0,0
"S00128601",0,0,0
"S00128602",0,0,0
"S00128603",0,0,0
"S00128604",0,0,0
"S00128605",1,0,1
"S00128606",0,0,0
"S00128607",0,0,0
"S00128608",0,0,0
"S00128609",0,0,0
"S00128610",0,0,0
"S00128611",0,0,0
"S00128612",0,0,0
"S00128613",0,0,0
"S00128614",0,0,0
"S00128615",0,0,0
"S00128616",0,0,0
"S00128617",1,1,0
"S00128618",0,0,0
"S00128619",0,0,0
"S00128620",0,0,0
"S00128621",2,0,2
"S00128622",1,0,1
"S00128623",0,0,0
"S00128624",0,0,0
"S00128625",0,0,0
"S00128626",1,0,1
"S00128627",0,0,0
"S00128628",0,0,0
"S00128629",1,0,1
"S00128630",1,1,0
"S00128631",0,0,0
"S00128632",0,0,0
"S00128633",2,0,2
"S00128634",0,0,0
"S00128635",0,0,0
"S00128636",2,1,1
"S00128637",0,0,0
"S00128638",1,0,1
"S00128639",1,1,0
"S00128640",1,1,0
"S00128641",0,0,0
"S00128642",1,1,0
"S00128643",1,1,0
"S00128644",2,1,1
"S00128645",0,0,0
"S00128646",1,0,1
"S00128647",0,0,0
"S00128648",0,0,0
"S00128649",0,0,0
"S00128650",0,0,0
"S00128651",0,0,0
"S00128652",0,0,0
"S00128653",1,1,0
"S00128654",0,0,0
"S00128655",1,0,1
"S00128656",0,0,0
"S00128657",1,0,1
"S00128658",0,0,0
"S00128659",0,0,0
"S00128660",0,0,0
"S00128661",0,0,0
"S00128662",0,0,0
"S00128663",1,0,1
"S00128664",0,0,0
"S00128665",1,0,1
"S00128666",0,0,0
"S00128667",0,0,0
"S00128668",0,0,0
"S00128669",1,1,0
"S00128670",0,0,0
"S00128671",0,0,0
"S00128672",0,0,0
"S00128673",0,0,0
"S00128674",0,0,0
"S00128675",0,0,0
"S00128676",1,0,1
"S00128677",0,0,0
"S00128678",0,0,0
"S00128679",0,0,0
"S00128680",0,0,0
"S00128681",0,0,0
"S00128682",1,0,1
"S00128683",0,0,0
"S00128684",0,0,0
"S00128685",0,0,0
"S00128686",0,0,0
"S00128687",2,1,1
"S00128688",0,0,0
"S00128689",0,0,0
"S00128690",0,0,0
"S00128691",0,0,0
"S00128692",0,0,0
"S00128693",0,0,0
"S00128694",0,0,0
"S00128695",0,0,0
"S00128696",0,0,0
"S00128697",0,0,0
"S00128698",0,0,0
"S00128699",0,0,0
"S00128700",0,0,0
"S00128701",0,0,0
"S00128702",1,0,1
"S00128703",0,0,0
"S00128704",0,0,0
"S00128705",2,2,0
"S00128706",0,0,0
"S00128707",2,1,1
"S00128708",0,0,0
"S00128709",6,4,2
"S00128710",0,0,0
"S00128711",0,0,0
"S00128712",1,0,1
"S00128713",0,0,0
"S00128714",0,0,0
"S00128715",2,2,0
"S00128716",0,0,0
"S00128717",0,0,0
"S00128718",0,0,0
"S00128719",0,0,0
"S00128720",0,0,0
"S00128721",0,0,0
"S00128722",0,0,0
"S00128723",0,0,0
"S00128724",1,0,1
"S00128725",0,0,0
"S00128726",1,0,1
"S00128727",0,0,0
"S00128728",0,0,0
"S00128729",0,0,0
"S00128730",0,0,0
"S00128731",1,0,1
"S00128732",0,0,0
"S00128733",0,0,0
"S00128734",0,0,0
"S00128735",1,0,1
"S00128736",6,1,5
"S00128737",13,7,6
"S00128738",4,2,2
"S00128739",0,0,0
"S00128740",1,1,0
"S00128741",2,0,2
"S00128742",0,0,0
"S00128743",0,0,0
"S00128744",0,0,0
"S00128745",1,0,1
"S00128746",0,0,0
"S00128747",0,0,0
"S00128748",0,0,0
"S00128749",0,0,0
"S00128750",0,0,0
"S00128751",0,0,0
"S00128752",0,0,0
"S00128753",0,0,0
"S00128754",0,0,0
"S00128755",0,0,0
"S00128756",0,0,0
"S00128757",2,1,1
"S00128758",3,1,2
"S00128759",1,0,1
"S00128760",1,0,1
"S00128761",0,0,0
"S00128762",0,0,0
"S00128763",0,0,0
"S00128764",0,0,0
"S00128765",0,0,0
"S00128766",1,0,1
"S00128767",0,0,0
"S00128768",0,0,0
"S00128769",0,0,0
"S00128770",0,0,0
"S00128771",0,0,0
"S00128772",0,0,0
"S00128773",0,0,0
"S00128774",2,0,2
"S00128775",0,0,0
"S00128776",0,0,0
"S00128777",0,0,0
"S00128778",0,0,0
"S00128779",0,0,0
"S00128780",0,0,0
"S00128781",0,0,0
"S00128782",0,0,0
"S00128783",0,0,0
"S00128784",0,0,0
"S00128785",2,0,2
"S00128786",1,0,1
"S00128787",2,0,2
"S00128788",1,0,1
"S00128789",1,0,1
"S00128790",1,1,0
"S00128791",1,1,0
"S00128792",0,0,0
"S00128793",0,0,0
"S00128794",0,0,0
"S00128795",0,0,0
"S00128796",0,0,0
"S00128797",2,1,1
"S00128798",0,0,0
"S00128799",1,1,0
"S00128800",0,0,0
"S00128801",0,0,0
"S00128802",0,0,0
"S00128803",0,0,0
"S00128804",0,0,0
"S00128805",1,0,1
"S00128806",0,0,0
"S00128807",0,0,0
"S00128808",0,0,0
"S00128809",1,1,0
"S00128810",0,0,0
"S00128811",1,0,1
"S00128812",0,0,0
"S00128813",0,0,0
"S00128814",0,0,0
"S00128815",0,0,0
"S00128816",0,0,0
"S00128817",0,0,0
"S00128818",1,1,0
"S00128819",0,0,0
"S00128820",0,0,0
"S00128821",0,0,0
"S00128822",3,2,1
"S00128823",0,0,0
"S00128824",1,0,1
"S00128825",0,0,0
"S00128826",0,0,0
"S00128827",0,0,0
"S00128828",1,0,1
"S00128829",0,0,0
"S00128830",0,0,0
"S00128831",0,0,0
"S00128832",0,0,0
"S00128833",0,0,0
"S00128834",0,0,0
"S00128835",0,0,0
"S00128836",0,0,0
"S00128837",1,1,0
"S00128838",0,0,0
"S00128839",0,0,0
"S00128840",0,0,0
"S00128841",2,0,2
"S00128842",0,0,0
"S00128843",1,0,1
"S00128844",0,0,0
"S00128845",0,0,0
"S00128846",0,0,0
"S00128847",0,0,0
"S00128848",0,0,0
"S00128849",1,0,1
"S00128850",0,0,0
"S00128851",0,0,0
"S00128852",0,0,0
"S00128853",1,1,0
"S00128854",0,0,0
"S00128855",1,1,0
"S00128856",1,1,0
"S00128857",0,0,0
"S00128858",0,0,0
"S00128859",0,0,0
"S00128860",1,0,1
"S00128861",0,0,0
"S00128862",0,0,0
"S00128863",1,1,0
"S00128864",0,0,0
"S00128865",1,0,1
"S00128866",0,0,0
"S00128867",0,0,0
"S00128868",0,0,0
"S00128869",0,0,0
"S00128870",0,0,0
"S00128871",0,0,0
"S00128872",0,0,0
"S00128873",0,0,0
"S00128874",0,0,0
"S00128875",1,1,0
"S00128876",0,0,0
"S00128877",0,0,0
"S00128878",0,0,0
"S00128879",0,0,0
"S00128880",0,0,0
"S00128881",3,1,2
"S00128882",0,0,0
"S00128883",1,1,0
"S00128884",3,0,3
"S00128885",2,0,2
"S00128886",1,0,1
"S00128887",0,0,0
"S00128888",1,0,1
"S00128889",0,0,0
"S00128890",1,0,1
"S00128891",0,0,0
"S00128892",0,0,0
"S00128893",0,0,0
"S00128894",3,2,1
"S00128895",0,0,0
"S00128896",3,1,2
"S00128897",2,1,1
"S00128898",0,0,0
"S00128899",0,0,0
"S00128900",0,0,0
"S00128901",0,0,0
"S00128902",1,0,1
"S00128903",0,0,0
"S00128904",1,0,1
"S00128905",0,0,0
"S00128906",0,0,0
"S00128907",2,0,2
"S00128908",2,0,2
"S00128909",1,0,1
"S00128910",0,0,0
"S00128911",0,0,0
"S00128912",2,1,1
"S00128913",0,0,0
"S00128914",0,0,0
"S00128915",0,0,0
"S00128916",1,0,1
"S00128917",0,0,0
"S00128918",0,0,0
"S00128919",4,2,2
"S00128920",4,1,3
"S00128921",1,1,0
"S00128922",2,0,2
"S00128923",3,1,2
"S00128924",0,0,0
"S00128925",2,0,2
"S00128926",1,1,0
"S00128927",3,0,3
"S00128928",2,1,1
"S00128929",1,1,0
"S00128930",0,0,0
"S00128931",0,0,0
"S00128932",0,0,0
"S00128933",0,0,0
"S00128934",4,4,0
"S00128935",0,0,0
"S00128936",3,0,3
"S00128937",0,0,0
"S00128938",0,0,0
"S00128939",1,0,1
"S00128940",0,0,0
"S00128941",0,0,0
"S00128942",1,1,0
"S00128943",9,1,8
"S00128944",0,0,0
"S00128945",1,0,1
"S00128946",6,2,4
"S00128947",4,1,3
"S00128948",3,1,2
"S00128949",3,1,2
"S00128950",4,1,3
"S00128951",5,2,3
"S00128952",0,0,0
"S00128953",1,0,1
"S00128954",1,0,1
"S00128955",0,0,0
"S00128956",3,2,1
"S00128957",9,3,6
"S00128958",2,1,1
"S00128959",3,3,0
"S00128960",2,1,1
"S00128961",4,3,1
"S00128962",0,0,0
"S00128963",1,0,1
"S00128964",2,2,0
"S00128965",6,3,3
"S00128966",0,0,0
"S00128967",0,0,0
"S00128968",1,0,1
"S00128969",6,1,5
"S00128970",4,2,2
"S00128971",7,4,3
"S00128972",2,1,1
"S00128973",3,0,3
"S00128974",1,1,0
"S00128975",2,1,1
"S00128976",1,1,0
"S00128977",1,1,0
"S00128978",1,0,1
"S00128979",5,3,2
"S00128980",5,3,2
"S00128981",2,0,2
"S00128982",2,1,1
"S00128983",2,1,1
"S00128984",0,0,0
"S00128985",5,2,3
"S00128986",2,0,2
"S00128987",4,0,4
"S00128988",2,0,2
"S00128989",6,3,3
"S00128990",1,0,1
"S00128991",4,2,2
"S00128992",4,2,2
"S00128993",3,3,0
"S00128994",0,0,0
"S00128995",1,0,1
"S00128996",6,3,3
"S00128997",0,0,0
"S00128998",4,1,3
"S00128999",1,0,1
"S00129000",1,0,1
"S00129001",0,0,0
"S00129002",0,0,0
"S00129003",3,2,1
"S00129004",8,2,6
"S00129005",2,1,1
"S00129006",2,0,2
"S00129007",6,3,3
"S00129008",0,0,0
"S00129009",4,2,2
"S00129010",3,1,2
"S00129011",3,3,0
"S00129012",2,1,1
"S00129013",4,3,1
"S00129014",0,0,0
"S00129015",4,0,4
"S00129016",4,3,1
"S00129017",2,2,0
"S00129018",4,1,3
"S00129019",1,1,0
"S00129020",1,0,1
"S00129021",1,0,1
"S00129022",4,2,2
"S00129023",3,1,2
"S00129024",3,1,2
"S00129025",1,0,1
"S00129026",1,0,1
"S00129027",0,0,0
"S00129028",1,0,1
"S00129029",0,0,0
"S00129030",4,3,1
"S00129031",0,0,0
"S00129032",0,0,0
"S00129033",2,1,1
"S00129034",5,2,3
"S00129035",6,2,4
"S00129036",8,3,5
"S00129037",2,0,2
"S00129038",2,1,1
"S00129039",0,0,0
"S00129040",0,0,0
"S00129041",1,1,0
"S00129042",0,0,0
"S00129043",1,1,0
"S00129044",1,0,1
"S00129045",1,0,1
"S00129046",1,1,0
"S00129047",0,0,0
"S00129048",2,1,1
"S00129049",1,0,1
"S00129050",1,0,1
"S00129051",2,0,2
"S00129052",3,1,2
"S00129053",0,0,0
"S00129054",0,0,0
"S00129055",0,0,0
"S00129056",1,0,1
"S00129057",4,2,2
"S00129058",5,1,4
"S00129059",2,2,0
"S00129060",0,0,0
"S00129061",1,0,1
"S00129062",5,1,4
"S00129063",2,1,1
"S00129064",1,1,0
"S00129065",2,2,0
"S00129066",0,0,0
"S00129067",1,1,0
"S00129068",3,0,3
"S00129069",2,0,2
"S00129070",2,0,2
"S00129071",0,0,0
"S00129072",1,1,0
"S00129073",0,0,0
"S00129074",1,0,1
"S00129075",2,1,1
"S00129076",1,0,1
"S00129077",1,0,1
"S00129078",6,4,2
"S00129079",2,1,1
"S00129080",0,0,0
"S00129081",2,0,2
"S00129082",2,1,1
"S00129083",0,0,0
"S00129084",1,0,1
"S00129085",2,1,1
"S00129086",1,0,1
"S00129087",0,0,0
"S00129088",1,0,1
"S00129089",3,2,1
"S00129090",2,1,1
"S00129091",0,0,0
"S00129092",0,0,0
"S00129093",1,0,1
"S00129094",1,0,1
"S00129095",4,1,3
"S00129096",0,0,0
"S00129097",1,1,0
"S00129098",3,2,1
"S00129099",2,2,0
"S00129100",10,6,4
"S00129101",1,1,0
"S00129102",0,0,0
"S00129103",5,3,2
"S00129104",1,1,0
"S00129105",3,0,3
"S00129106",0,0,0
"S00129107",4,1,3
"S00129108",3,2,1
"S00129109",5,1,4
"S00129110",0,0,0
"S00129111",3,2,1
"S00129112",0,0,0
"S00129113",1,1,0
"S00129114",4,1,3
"S00129115",2,1,1
"S00129116",8,1,7
"S00129117",1,1,0
"S00129118",4,2,2
"S00129119",2,1,1
"S00129120",2,1,1
"S00129121",4,2,2
"S00129122",2,0,2
"S00129123",4,2,2
"S00129124",4,1,3
"S00129125",0,0,0
"S00129126",1,0,1
"S00129127",1,0,1
"S00129128",0,0,0
"S00129129",5,1,4
"S00129130",1,0,1
"S00129131",3,0,3
"S00129132",2,2,0
"S00129133",1,0,1
"S00129134",0,0,0
"S00129135",0,0,0
"S00129136",2,1,1
"S00129137",1,0,1
"S00129138",1,1,0
"S00129139",0,0,0
"S00129140",10,4,6
"S00129141",4,3,1
"S00129142",1,0,1
"S00129143",1,0,1
"S00129144",6,3,3
"S00129145",0,0,0
"S00129146",2,1,1
"S00129147",2,1,1
"S00129148",1,0,1
"S00129149",2,0,2
"S00129150",1,1,0
"S00129151",0,0,0
"S00129152",0,0,0
"S00129153",0,0,0
"S00129154",0,0,0
"S00129155",0,0,0
"S00129156",0,0,0
"S00129157",2,2,0
"S00129158",3,1,2
"S00129159",2,1,1
"S00129160",1,0,1
"S00129161",0,0,0
"S00129162",5,2,3
"S00129163",3,3,0
"S00129164",3,1,2
"S00129165",1,1,0
"S00129166",1,1,0
"S00129167",0,0,0
"S00129168",2,1,1
"S00129169",3,2,1
"S00129170",1,1,0
"S00129171",2,1,1
"S00129172",7,4,3
"S00129173",0,0,0
"S00129174",0,0,0
"S00129175",3,1,2
"S00129176",6,2,4
"S00129177",4,2,2
"S00129178",0,0,0
"S00129179",0,0,0
"S00129180",2,0,2
"S00129181",0,0,0
"S00129182",3,1,2
"S00129183",2,2,0
"S00129184",2,0,2
"S00129185",0,0,0
"S00129186",1,0,1
"S00129187",2,1,1
"S00129188",0,0,0
"S00129189",1,1,0
"S00129190",0,0,0
"S00129191",2,1,1
"S00129192",0,0,0
"S00129193",0,0,0
"S00129194",0,0,0
"S00129195",0,0,0
"S00129196",4,3,1
"S00129197",1,0,1
"S00129198",0,0,0
"S00129199",0,0,0
"S00129200",2,2,0
"S00129201",0,0,0
"S00129202",4,2,2
"S00129203",1,0,1
"S00129204",3,1,2
"S00129205",0,0,0
"S00129206",1,0,1
"S00129207",0,0,0
"S00129208",4,0,4
"S00129209",3,1,2
"S00129210",0,0,0
"S00129211",0,0,0
"S00129212",0,0,0
"S00129213",3,2,1
"S00129214",0,0,0
"S00129215",1,1,0
"S00129216",0,0,0
"S00129217",1,1,0
"S00129218",0,0,0
"S00129219",0,0,0
"S00129220",2,1,1
"S00129221",0,0,0
"S00129222",3,0,3
"S00129223",1,1,0
"S00129224",2,1,1
"S00129225",0,0,0
"S00129226",4,4,0
"S00129227",0,0,0
"S00129228",0,0,0
"S00129229",2,1,1
"S00129230",1,0,1
"S00129231",1,0,1
"S00129232",0,0,0
"S00129233",0,0,0
"S00129234",1,1,0
"S00129235",4,2,2
"S00129236",1,0,1
"S00129237",1,1,0
"S00129238",2,0,2
"S00129239",0,0,0
"S00129240",0,0,0
"S00129241",2,1,1
"S00129242",1,0,1
"S00129243",0,0,0
"S00129244",0,0,0
"S00129245",0,0,0
"S00129246",0,0,0
"S00129247",0,0,0
"S00129248",0,0,0
"S00129249",0,0,0
"S00129250",0,0,0
"S00129251",0,0,0
"S00129252",0,0,0
"S00129253",0,0,0
"S00129254",0,0,0
"S00129255",0,0,0
"S00129256",1,1,0
"S00129257",0,0,0
"S00129258",0,0,0
"S00129259",0,0,0
"S00129260",0,0,0
"S00129261",0,0,0
"S00129262",0,0,0
"S00129263",2,1,1
"S00129264",0,0,0
"S00129265",0,0,0
"S00129266",0,0,0
"S00129267",1,1,0
"S00129268",0,0,0
"S00129269",1,0,1
"S00129270",1,0,1
"S00129271",1,1,0
"S00129272",0,0,0
"S00129273",1,1,0
"S00129274",1,1,0
"S00129275",1,0,1
"S00129276",0,0,0
"S00129277",0,0,0
"S00129278",1,1,0
"S00129279",0,0,0
"S00129280",1,1,0
"S00129281",0,0,0
"S00129282",2,0,2
"S00129283",0,0,0
"S00129284",0,0,0
"S00129285",0,0,0
"S00129286",1,0,1
"S00129287",0,0,0
"S00129288",1,0,1
"S00129289",2,2,0
"S00129290",1,1,0
"S00129291",0,0,0
"S00129292",1,1,0
"S00129293",1,1,0
"S00129294",0,0,0
"S00129295",2,2,0
"S00129296",3,2,1
"S00129297",0,0,0
"S00129298",2,2,0
"S00129299",3,1,2
"S00129300",5,2,3
"S00129301",1,0,1
"S00129302",3,1,2
"S00129303",2,1,1
"S00129304",1,1,0
"S00129305",0,0,0
"S00129306",0,0,0
"S00129307",1,0,1
"S00129308",0,0,0
"S00129309",0,0,0
"S00129310",0,0,0
"S00129311",0,0,0
"S00129312",0,0,0
"S00129313",0,0,0
"S00129314",0,0,0
"S00129315",2,1,1
"S00129316",6,1,5
"S00129317",7,3,4
"S00129318",1,0,1
"S00129319",6,1,5
"S00129320",1,1,0
"S00129321",0,0,0
"S00129322",3,1,2
"S00129323",5,3,2
"S00129324",4,2,2
"S00129325",2,0,2
"S00129326",1,1,0
"S00129327",1,1,0
"S00129328",2,0,2
"S00129329",1,1,0
"S00129330",8,4,4
"S00129331",3,1,2
"S00129332",1,1,0
"S00129333",1,1,0
"S00129334",5,2,3
"S00129335",0,0,0
"S00129336",5,3,2
"S00129337",9,5,4
"S00129338",0,0,0
"S00129339",6,2,4
"S00129340",2,2,0
"S00129341",0,0,0
"S00129342",0,0,0
"S00129343",1,1,0
"S00129344",1,0,1
"S00129345",0,0,0
"S00129346",0,0,0
"S00129347",2,1,1
"S00129348",0,0,0
"S00129349",2,1,1
"S00129350",2,2,0
"S00129351",1,1,0
"S00129352",1,0,1
"S00129353",1,0,1
"S00129354",1,1,0
"S00129355",0,0,0
"S00129356",0,0,0
"S00129357",0,0,0
"S00129358",0,0,0
"S00129359",0,0,0
"S00129360",0,0,0
"S00129361",0,0,0
"S00129362",0,0,0
"S00129363",1,0,1
"S00129364",1,0,1
"S00129365",0,0,0
"S00129366",0,0,0
"S00129367",2,2,0
"S00129368",0,0,0
"S00129369",0,0,0
"S00129370",0,0,0
"S00129371",1,1,0
"S00129372",0,0,0
"S00129373",0,0,0
"S00129374",0,0,0
"S00129375",0,0,0
"S00129376",4,1,3
"S00129377",1,0,1
"S00129378",0,0,0
"S00129379",0,0,0
"S00129380",1,0,1
"S00129381",0,0,0
"S00129382",0,0,0
"S00129383",0,0,0
"S00129384",1,0,1
"S00129385",0,0,0
"S00129386",0,0,0
"S00129387",1,0,1
"S00129388",2,1,1
"S00129389",2,1,1
"S00129390",2,0,2
"S00129391",2,2,0
"S00129392",1,1,0
"S00129393",0,0,0
"S00129394",0,0,0
"S00129395",0,0,0
"S00129396",0,0,0
"S00129397",0,0,0
"S00129398",1,0,1
"S00129399",0,0,0
"S00129400",0,0,0
"S00129401",0,0,0
"S00129402",0,0,0
"S00129403",0,0,0
"S00129404",0,0,0
"S00129405",0,0,0
"S00129406",0,0,0
"S00129407",0,0,0
"S00129408",1,0,1
"S00129409",0,0,0
"S00129410",0,0,0
"S00129411",1,1,0
"S00129412",0,0,0
"S00129413",0,0,0
"S00129414",3,2,1
"S00129415",5,3,2
"S00129416",1,0,1
"S00129417",2,1,1
"S00129418",0,0,0
"S00129419",2,2,0
"S00129420",1,0,1
"S00129421",0,0,0
"S00129422",4,1,3
"S00129423",4,2,2
"S00129424",3,2,1
"S00129425",0,0,0
"S00129426",0,0,0
"S00129427",6,2,4
"S00129428",8,2,6
"S00129429",1,1,0
"S00129430",2,2,0
"S00129431",3,2,1
"S00129432",5,2,3
"S00129433",3,2,1
"S00129434",1,1,0
"S00129435",2,0,2
"S00129436",1,0,1
"S00129437",2,0,2
"S00129438",0,0,0
"S00129439",5,2,3
"S00129440",1,1,0
"S00129441",4,0,4
"S00129442",0,0,0
"S00129443",3,3,0
"S00129444",4,2,2
"S00129445",1,0,1
"S00129446",0,0,0
"S00129447",1,1,0
"S00129448",4,1,3
"S00129449",2,1,1
"S00129450",4,2,2
"S00129451",3,2,1
"S00129452",3,2,1
"S00129453",2,0,2
"S00129454",1,0,1
"S00129455",5,4,1
"S00129456",5,2,3
"S00129457",1,1,0
"S00129458",3,2,1
"S00129459",3,2,1
"S00129460",3,1,2
"S00129461",3,2,1
"S00129462",1,1,0
"S00129463",6,3,3
"S00129464",3,2,1
"S00129465",4,2,2
"S00129466",5,2,3
"S00129467",1,1,0
"S00129468",3,3,0
"S00129469",1,0,1
"S00129470",1,0,1
"S00129471",1,1,0
"S00129472",0,0,0
"S00129473",0,0,0
"S00129474",0,0,0
"S00129475",0,0,0
"S00129476",0,0,0
"S00129477",0,0,0
"S00129478",0,0,0
"S00129479",1,1,0
"S00129480",3,0,3
"S00129481",0,0,0
"S00129482",1,0,1
"S00129483",0,0,0
"S00129484",0,0,0
"S00129485",1,0,1
"S00129486",0,0,0
"S00129487",0,0,0
"S00129488",0,0,0
"S00129489",0,0,0
"S00129490",0,0,0
"S00129491",0,0,0
"S00129492",0,0,0
"S00129493",1,1,0
"S00129494",0,0,0
"S00129495",1,1,0
"S00129496",0,0,0
"S00129497",3,0,3
"S00129498",0,0,0
"S00129499",0,0,0
"S00129500",1,1,0
"S00129501",0,0,0
"S00129502",0,0,0
"S00129503",3,1,2
"S00129504",0,0,0
"S00129505",0,0,0
"S00129506",0,0,0
"S00129507",0,0,0
"S00129508",0,0,0
"S00129509",0,0,0
"S00129510",0,0,0
"S00129511",0,0,0
"S00129512",1,0,1
"S00129513",0,0,0
"S00129514",0,0,0
"S00129515",0,0,0
"S00129516",0,0,0
"S00129517",1,0,1
"S00129518",0,0,0
"S00129519",0,0,0
"S00129520",1,1,0
"S00129521",1,0,1
"S00129522",0,0,0
"S00129523",0,0,0
"S00129524",0,0,0
"S00129525",0,0,0
"S00129526",0,0,0
"S00129527",1,1,0
"S00129528",1,0,1
"S00129529",0,0,0
"S00129530",0,0,0
"S00129531",1,1,0
"S00129532",1,0,1
"S00129533",2,0,2
"S00129534",2,1,1
"S00129535",0,0,0
"S00129536",0,0,0
"S00129537",1,0,1
"S00129538",1,0,1
"S00129539",1,0,1
"S00129540",0,0,0
"S00129541",0,0,0
"S00129542",1,0,1
"S00129543",2,1,1
"S00129544",0,0,0
"S00129545",0,0,0
"S00129546",1,1,0
"S00129547",0,0,0
"S00129548",0,0,0
"S00129549",0,0,0
"S00129550",0,0,0
"S00129551",0,0,0
"S00129552",0,0,0
"S00129553",0,0,0
"S00129554",0,0,0
"S00129555",0,0,0
"S00129556",0,0,0
"S00129557",3,1,2
"S00129558",0,0,0
"S00129559",0,0,0
"S00129560",1,0,1
"S00129561",0,0,0
"S00129562",0,0,0
"S00129563",0,0,0
"S00129564",1,1,0
"S00129565",0,0,0
"S00129566",0,0,0
"S00129567",0,0,0
"S00129568",0,0,0
"S00129569",2,0,2
"S00129570",0,0,0
"S00129571",2,1,1
"S00129572",0,0,0
"S00129573",0,0,0
"S00129574",0,0,0
"S00129575",1,1,0
"S00129576",0,0,0
"S00129577",0,0,0
"S00129578",0,0,0
"S00129579",0,0,0
"S00129580",1,1,0
"S00129581",0,0,0
"S00129582",1,1,0
"S00129583",0,0,0
"S00129584",0,0,0
"S00129585",0,0,0
"S00129586",0,0,0
"S00129587",1,1,0
"S00129588",1,0,1
"S00129589",0,0,0
"S00129590",0,0,0
"S00129591",1,0,1
"S00129592",0,0,0
"S00129593",0,0,0
"S00129594",0,0,0
"S00129595",0,0,0
"S00129596",3,1,2
"S00129597",0,0,0
"S00129598",0,0,0
"S00129599",0,0,0
"S00129600",0,0,0
"S00129601",0,0,0
"S00129602",0,0,0
"S00129603",0,0,0
"S00129604",0,0,0
"S00129605",0,0,0
"S00129606",0,0,0
"S00129607",0,0,0
"S00129608",0,0,0
"S00129609",0,0,0
"S00129610",0,0,0
"S00129611",0,0,0
"S00129612",1,0,1
"S00129613",1,1,0
"S00129614",1,1,0
"S00129615",2,2,0
"S00129616",3,1,2
"S00129617",0,0,0
"S00129618",5,1,4
"S00129619",4,2,2
"S00129620",1,0,1
"S00129621",4,0,4
"S00129622",3,2,1
"S00129623",5,3,2
"S00129624",1,0,1
"S00129625",0,0,0
"S00129626",3,2,1
"S00129627",4,1,3
"S00129628",3,1,2
"S00129629",0,0,0
"S00129630",4,3,1
"S00129631",0,0,0
"S00129632",1,1,0
"S00129633",1,0,1
"S00129634",0,0,0
"S00129635",0,0,0
"S00129636",1,0,1
"S00129637",1,1,0
"S00129638",2,2,0
"S00129639",3,2,1
"S00129640",1,0,1
"S00129641",0,0,0
"S00129642",1,0,1
"S00129643",2,0,2
"S00129644",0,0,0
"S00129645",3,2,1
"S00129646",1,1,0
"S00129647",2,1,1
"S00129648",2,0,2
"S00129649",0,0,0
"S00129650",0,0,0
"S00129651",0,0,0
"S00129652",0,0,0
"S00129653",0,0,0
"S00129654",1,1,0
"S00129655",2,0,2
"S00129656",0,0,0
"S00129657",1,1,0
"S00129658",0,0,0
"S00129659",1,0,1
"S00129660",0,0,0
"S00129661",0,0,0
"S00129662",0,0,0
"S00129663",0,0,0
"S00129664",0,0,0
"S00129665",1,0,1
"S00129666",1,0,1
"S00129667",0,0,0
"S00129668",0,0,0
"S00129669",0,0,0
"S00129670",5,4,1
"S00129671",0,0,0
"S00129672",1,1,0
"S00129673",3,2,1
"S00129674",3,1,2
"S00129675",0,0,0
"S00129676",1,1,0
"S00129677",0,0,0
"S00129678",0,0,0
"S00129679",0,0,0
"S00129680",0,0,0
"S00129681",0,0,0
"S00129682",1,0,1
"S00129683",2,0,2
"S00129684",2,0,2
"S00129685",0,0,0
"S00129686",0,0,0
"S00129687",1,1,0
"S00129688",0,0,0
"S00129689",2,0,2
"S00129690",5,5,0
"S00129691",0,0,0
"S00129692",0,0,0
"S00129693",0,0,0
"S00129694",0,0,0
"S00129695",2,1,1
"S00129696",0,0,0
"S00129697",0,0,0
"S00129698",0,0,0
"S00129699",0,0,0
"S00129700",0,0,0
"S00129701",1,0,1
"S00129702",0,0,0
"S00129703",0,0,0
"S00129704",0,0,0
"S00129705",3,3,0
"S00129706",3,3,0
"S00129707",1,0,1
"S00129708",0,0,0
"S00129709",3,1,2
"S00129710",0,0,0
"S00129711",0,0,0
"S00129712",2,1,1
"S00129713",3,0,3
"S00129714",2,0,2
"S00129715",1,1,0
"S00129716",1,0,1
"S00129717",0,0,0
"S00129718",0,0,0
"S00129719",0,0,0
"S00129720",2,2,0
"S00129721",0,0,0
"S00129722",0,0,0
"S00129723",0,0,0
"S00129724",0,0,0
"S00129725",3,1,2
"S00129726",1,0,1
"S00129727",0,0,0
"S00129728",0,0,0
"S00129729",2,1,1
"S00129730",0,0,0
"S00129731",0,0,0
"S00129732",0,0,0
"S00129733",0,0,0
"S00129734",0,0,0
"S00129735",0,0,0
"S00129736",0,0,0
"S00129737",0,0,0
"S00129738",0,0,0
"S00129739",3,1,2
"S00129740",0,0,0
"S00129741",0,0,0
"S00129742",0,0,0
"S00129743",0,0,0
"S00129744",0,0,0
"S00129745",0,0,0
"S00129746",0,0,0
"S00129747",1,0,1
"S00129748",0,0,0
"S00129749",0,0,0
"S00129750",0,0,0
"S00129751",0,0,0
"S00129752",1,0,1
"S00129753",0,0,0
"S00129754",9,2,7
"S00129755",5,2,3
"S00129756",6,4,2
"S00129757",4,4,0
"S00129758",4,3,1
"S00129759",8,6,2
"S00129760",1,1,0
"S00129761",2,1,1
"S00129762",2,1,1
"S00129763",0,0,0
"S00129764",1,1,0
"S00129765",3,2,1
"S00129766",4,2,2
"S00129767",5,1,4
"S00129768",1,1,0
"S00129769",0,0,0
"S00129770",2,1,1
"S00129771",0,0,0
"S00129772",0,0,0
"S00129773",0,0,0
"S00129774",0,0,0
"S00129775",0,0,0
"S00129776",0,0,0
"S00129777",0,0,0
"S00129778",0,0,0
"S00129779",0,0,0
"S00129780",1,1,0
"S00129781",0,0,0
"S00129782",0,0,0
"S00129783",3,1,2
"S00129784",0,0,0
"S00129785",1,0,1
"S00129786",2,2,0
"S00129787",1,0,1
"S00129788",0,0,0
"S00129789",0,0,0
"S00129790",2,1,1
"S00129791",1,1,0
"S00129792",1,0,1
"S00129793",0,0,0
"S00129794",0,0,0
"S00129795",2,0,2
"S00129796",1,0,1
"S00129797",1,1,0
"S00129798",0,0,0
"S00129799",1,1,0
"S00129800",1,1,0
"S00129801",0,0,0
"S00129802",0,0,0
"S00129803",0,0,0
"S00129804",0,0,0
"S00129805",0,0,0
"S00129806",0,0,0
"S00129807",0,0,0
"S00129808",3,0,3
"S00129809",2,2,0
"S00129810",1,0,1
"S00129811",1,0,1
"S00129812",6,2,4
"S00129813",1,1,0
"S00129814",1,0,1
"S00129815",1,0,1
"S00129816",2,2,0
"S00129817",3,2,1
"S00129818",0,0,0
"S00129819",2,1,1
"S00129820",0,0,0
"S00129821",2,1,1
"S00129822",1,0,1
"S00129823",2,1,1
"S00129824",5,0,5
"S00129825",7,3,4
"S00129826",3,0,3
"S00129827",5,3,2
"S00129828",4,2,2
"S00129829",0,0,0
"S00129830",1,1,0
"S00129831",0,0,0
"S00129832",1,1,0
"S00129833",0,0,0
"S00129834",1,0,1
"S00129835",0,0,0
"S00129836",3,1,2
"S00129837",3,2,1
"S00129838",0,0,0
"S00129839",1,0,1
"S00129840",2,0,2
"S00129841",0,0,0
"S00129842",4,3,1
"S00129843",2,0,2
"S00129844",2,0,2
"S00129845",1,1,0
"S00129846",0,0,0
"S00129847",0,0,0
"S00129848",0,0,0
"S00129849",1,0,1
"S00129850",0,0,0
"S00129851",1,1,0
"S00129852",1,1,0
"S00129853",3,1,2
"S00129854",0,0,0
"S00129855",1,0,1
"S00129856",0,0,0
"S00129857",1,1,0
"S00129858",0,0,0
"S00129859",0,0,0
"S00129860",2,0,2
"S00129861",1,1,0
"S00129862",3,1,2
"S00129863",2,2,0
"S00129864",1,1,0
"S00129865",0,0,0
"S00129866",0,0,0
"S00129867",1,0,1
"S00129868",0,0,0
"S00129869",0,0,0
"S00129870",1,0,1
"S00129871",3,2,1
"S00129872",0,0,0
"S00129873",0,0,0
"S00129874",4,0,4
"S00129875",3,1,2
"S00129876",0,0,0
"S00129877",1,0,1
"S00129878",1,0,1
"S00129879",2,0,2
"S00129880",3,0,3
"S00129881",0,0,0
"S00129882",0,0,0
"S00129883",0,0,0
"S00129884",0,0,0
"S00129885",2,1,1
"S00129886",4,1,3
"S00129887",2,2,0
"S00129888",2,1,1
"S00129889",3,1,2
"S00129890",0,0,0
"S00129891",0,0,0
"S00129892",2,1,1
"S00129893",6,1,5
"S00129894",3,1,2
"S00129895",0,0,0
"S00129896",0,0,0
"S00129897",0,0,0
"S00129898",0,0,0
"S00129899",1,1,0
"S00129900",0,0,0
"S00129901",0,0,0
"S00129902",4,3,1
"S00129903",2,0,2
"S00129904",0,0,0
"S00129905",8,7,1
"S00129906",0,0,0
"S00129907",1,0,1
"S00129908",1,0,1
"S00129909",1,0,1
"S00129910",0,0,0
"S00129911",1,1,0
"S00129912",0,0,0
"S00129913",0,0,0
"S00129914",0,0,0
"S00129915",1,1,0
"S00129916",2,1,1
"S00129917",3,1,2
"S00129918",1,1,0
"S00129919",1,0,1
"S00129920",0,0,0
"S00129921",3,2,1
"S00129922",1,0,1
"S00129923",4,1,3
"S00129924",1,0,1
"S00129925",0,0,0
"S00129926",0,0,0
"S00129927",1,0,1
"S00129928",2,1,1
"S00129929",0,0,0
"S00129930",2,0,2
"S00129931",2,0,2
"S00129932",0,0,0
"S00129933",0,0,0
"S00129934",1,0,1
"S00129935",4,2,2
"S00129936",0,0,0
"S00129937",1,0,1
"S00129938",0,0,0
"S00129939",0,0,0
"S00129940",7,4,3
"S00129941",0,0,0
"S00129942",0,0,0
"S00129943",0,0,0
"S00129944",3,0,3
"S00129945",1,0,1
"S00129946",0,0,0
"S00129947",0,0,0
"S00129948",0,0,0
"S00129949",0,0,0
"S00129950",0,0,0
"S00129951",0,0,0
"S00129952",8,4,4
"S00129953",4,1,3
"S00129954",0,0,0
"S00129955",3,2,1
"S00129956",0,0,0
"S00129957",0,0,0
"S00129958",0,0,0
"S00129959",0,0,0
"S00129960",3,1,2
"S00129961",4,2,2
"S00129962",4,2,2
"S00129963",5,2,3
"S00129964",0,0,0
"S00129965",2,1,1
"S00129966",0,0,0
"S00129967",1,0,1
"S00129968",0,0,0
"S00129969",1,0,1
"S00129970",1,0,1
"S00129971",0,0,0
"S00129972",2,0,2
"S00129973",2,0,2
"S00129974",1,1,0
"S00129975",1,1,0
"S00129976",0,0,0
"S00129977",0,0,0
"S00129978",0,0,0
"S00129979",2,0,2
"S00129980",1,0,1
"S00129981",0,0,0
"S00129982",1,1,0
"S00129983",1,0,1
"S00129984",0,0,0
"S00129985",0,0,0
"S00129986",1,1,0
"S00129987",0,0,0
"S00129988",0,0,0
"S00129989",0,0,0
"S00129990",0,0,0
"S00129991",0,0,0
"S00129992",0,0,0
"S00129993",2,0,2
"S00129994",0,0,0
"S00129995",4,1,3
"S00129996",1,0,1
"S00129997",0,0,0
"S00129998",4,1,3
"S00129999",0,0,0
"S00130000",0,0,0
"S00130001",0,0,0
"S00130002",0,0,0
"S00130003",1,0,1
"S00130004",0,0,0
"S00130005",9,4,5
"S00130006",1,0,1
"S00130007",3,2,1
"S00130008",1,1,0
"S00130009",1,0,1
"S00130010",1,0,1
"S00130011",0,0,0
"S00130012",0,0,0
"S00130013",1,0,1
"S00130014",0,0,0
"S00130015",0,0,0
"S00130016",0,0,0
"S00130017",1,1,0
"S00130018",0,0,0
"S00130019",1,0,1
"S00130020",0,0,0
"S00130021",4,2,2
"S00130022",5,4,1
"S00130023",2,1,1
"S00130024",0,0,0
"S00130025",1,0,1
"S00130026",1,1,0
"S00130027",0,0,0
"S00130028",0,0,0
"S00130029",0,0,0
"S00130030",0,0,0
"S00130031",0,0,0
"S00130032",0,0,0
"S00130033",0,0,0
"S00130034",0,0,0
"S00130035",0,0,0
"S00130036",0,0,0
"S00130037",0,0,0
"S00130038",0,0,0
"S00130039",2,2,0
"S00130040",1,1,0
"S00130041",0,0,0
"S00130042",1,1,0
"S00130043",1,1,0
"S00130044",0,0,0
"S00130045",0,0,0
"S00130046",0,0,0
"S00130047",1,0,1
"S00130048",0,0,0
"S00130049",0,0,0
"S00130050",0,0,0
"S00130051",0,0,0
"S00130052",1,0,1
"S00130053",0,0,0
"S00130054",0,0,0
"S00130055",0,0,0
"S00130056",0,0,0
"S00130057",0,0,0
"S00130058",0,0,0
"S00130059",6,3,3
"S00130060",2,2,0
"S00130061",0,0,0
"S00130062",0,0,0
"S00130063",6,0,6
"S00130064",0,0,0
"S00130065",4,1,3
"S00130066",1,1,0
"S00130067",1,1,0
"S00130068",0,0,0
"S00130069",0,0,0
"S00130070",0,0,0
"S00130071",2,1,1
"S00130072",1,1,0
"S00130073",1,0,1
"S00130074",1,1,0
"S00130075",0,0,0
"S00130076",1,0,1
"S00130077",2,0,2
"S00130078",0,0,0
"S00130079",1,0,1
"S00130080",1,0,1
"S00130081",0,0,0
"S00130082",1,1,0
"S00130083",1,1,0
"S00130084",0,0,0
"S00130085",0,0,0
"S00130086",0,0,0
"S00130087",1,0,1
"S00130088",0,0,0
"S00130089",2,2,0
"S00130090",2,0,2
"S00130091",4,1,3
"S00130092",1,1,0
"S00130093",3,2,1
"S00130094",0,0,0
"S00130095",0,0,0
"S00130096",1,0,1
"S00130097",1,1,0
"S00130098",0,0,0
"S00130099",1,1,0
"S00130100",1,0,1
"S00130101",1,1,0
"S00130102",0,0,0
"S00130103",0,0,0
"S00130104",0,0,0
"S00130105",1,1,0
"S00130106",0,0,0
"S00130107",2,0,2
"S00130108",0,0,0
"S00130109",0,0,0
"S00130110",1,0,1
"S00130111",0,0,0
"S00130112",0,0,0
"S00130113",0,0,0
"S00130114",0,0,0
"S00130115",0,0,0
"S00130116",1,0,1
"S00130117",0,0,0
"S00130118",1,0,1
"S00130119",4,3,1
"S00130120",0,0,0
"S00130121",5,2,3
"S00130122",0,0,0
"S00130123",0,0,0
"S00130124",0,0,0
"S00130125",0,0,0
"S00130126",0,0,0
"S00130127",2,1,1
"S00130128",0,0,0
"S00130129",0,0,0
"S00130130",0,0,0
"S00130131",0,0,0
"S00130132",0,0,0
"S00130133",4,2,2
"S00130134",0,0,0
"S00130135",0,0,0
"S00130136",3,0,3
"S00130137",2,0,2
"S00130138",0,0,0
"S00130139",0,0,0
"S00130140",2,1,1
"S00130141",4,2,2
"S00130142",3,2,1
"S00130143",1,1,0
"S00130144",0,0,0
"S00130145",0,0,0
"S00130146",0,0,0
"S00130147",0,0,0
"S00130148",0,0,0
"S00130149",0,0,0
"S00130150",0,0,0
"S00130151",0,0,0
"S00130152",0,0,0
"S00130153",1,0,1
"S00130154",0,0,0
"S00130155",0,0,0
"S00130156",0,0,0
"S00130157",0,0,0
"S00130158",0,0,0
"S00130159",2,1,1
"S00130160",0,0,0
"S00130161",0,0,0
"S00130162",0,0,0
"S00130163",0,0,0
"S00130164",0,0,0
"S00130165",0,0,0
"S00130166",1,0,1
"S00130167",0,0,0
"S00130168",0,0,0
"S00130169",1,0,1
"S00130170",1,0,1
"S00130171",1,0,1
"S00130172",0,0,0
"S00130173",0,0,0
"S00130174",0,0,0
"S00130175",1,1,0
"S00130176",0,0,0
"S00130177",1,1,0
"S00130178",0,0,0
"S00130179",0,0,0
"S00130180",0,0,0
"S00130181",0,0,0
"S00130182",0,0,0
"S00130183",0,0,0
"S00130184",0,0,0
"S00130185",0,0,0
"S00130186",0,0,0
"S00130187",0,0,0
"S00130188",0,0,0
"S00130189",0,0,0
"S00130190",0,0,0
"S00130191",0,0,0
"S00130192",0,0,0
"S00130193",0,0,0
"S00130194",0,0,0
"S00130195",0,0,0
"S00130196",0,0,0
"S00130197",0,0,0
"S00130198",0,0,0
"S00130199",2,2,0
"S00130200",1,0,1
"S00130201",0,0,0
"S00130202",0,0,0
"S00130203",0,0,0
"S00130204",0,0,0
"S00130205",0,0,0
"S00130206",1,0,1
"S00130207",2,1,1
"S00130208",0,0,0
"S00130209",2,1,1
"S00130210",0,0,0
"S00130211",0,0,0
"S00130212",0,0,0
"S00130213",0,0,0
"S00130214",1,1,0
"S00130215",0,0,0
"S00130216",0,0,0
"S00130217",0,0,0
"S00130218",0,0,0
"S00130219",0,0,0
"S00130220",2,0,2
"S00130221",0,0,0
"S00130222",0,0,0
"S00130223",0,0,0
"S00130224",1,0,1
"S00130225",0,0,0
"S00130226",0,0,0
"S00130227",0,0,0
"S00130228",0,0,0
"S00130229",1,0,1
"S00130230",1,1,0
"S00130231",3,1,2
"S00130232",0,0,0
"S00130233",0,0,0
"S00130234",1,1,0
"S00130235",0,0,0
"S00130236",0,0,0
"S00130237",0,0,0
"S00130238",0,0,0
"S00130239",0,0,0
"S00130240",0,0,0
"S00130241",0,0,0
"S00130242",0,0,0
"S00130243",4,2,2
"S00130244",0,0,0
"S00130245",0,0,0
"S00130246",3,1,2
"S00130247",0,0,0
"S00130248",0,0,0
"S00130249",1,0,1
"S00130250",0,0,0
"S00130251",0,0,0
"S00130252",1,0,1
"S00130253",1,1,0
"S00130254",1,1,0
"S00130255",0,0,0
"S00130256",0,0,0
"S00130257",0,0,0
"S00130258",0,0,0
"S00130259",0,0,0
"S00130260",1,1,0
"S00130261",1,0,1
"S00130262",0,0,0
"S00130263",1,0,1
"S00130264",0,0,0
"S00130265",0,0,0
"S00130266",0,0,0
"S00130267",2,2,0
"S00130268",1,0,1
"S00130269",0,0,0
"S00130270",1,1,0
"S00130271",0,0,0
"S00130272",0,0,0
"S00130273",0,0,0
"S00130274",2,1,1
"S00130275",0,0,0
"S00130276",0,0,0
"S00130277",0,0,0
"S00130278",0,0,0
"S00130279",0,0,0
"S00130280",0,0,0
"S00130281",2,2,0
"S00130282",0,0,0
"S00130283",0,0,0
"S00130284",0,0,0
"S00130285",0,0,0
"S00130286",0,0,0
"S00130287",0,0,0
"S00130288",1,0,1
"S00130289",1,0,1
"S00130290",0,0,0
"S00130291",0,0,0
"S00130292",3,2,1
"S00130293",0,0,0
"S00130294",2,2,0
"S00130295",0,0,0
"S00130296",0,0,0
"S00130297",0,0,0
"S00130298",0,0,0
"S00130299",0,0,0
"S00130300",0,0,0
"S00130301",0,0,0
"S00130302",2,1,1
"S00130303",0,0,0
"S00130304",0,0,0
"S00130305",0,0,0
"S00130306",0,0,0
"S00130307",0,0,0
"S00130308",0,0,0
"S00130309",1,1,0
"S00130310",0,0,0
"S00130311",2,2,0
"S00130312",1,0,1
"S00130313",0,0,0
"S00130314",0,0,0
"S00130315",0,0,0
"S00130316",1,0,1
"S00130317",0,0,0
"S00130318",1,1,0
"S00130319",0,0,0
"S00130320",1,1,0
"S00130321",0,0,0
"S00130322",0,0,0
"S00130323",0,0,0
"S00130324",0,0,0
"S00130325",0,0,0
"S00130326",1,0,1
"S00130327",0,0,0
"S00130328",0,0,0
"S00130329",1,1,0
"S00130330",1,0,1
"S00130331",1,0,1
"S00130332",1,0,1
"S00130333",0,0,0
"S00130334",0,0,0
"S00130335",0,0,0
"S00130336",1,0,1
"S00130337",1,0,1
"S00130338",1,0,1
"S00130339",0,0,0
"S00130340",0,0,0
"S00130341",0,0,0
"S00130342",0,0,0
"S00130343",1,1,0
"S00130344",0,0,0
"S00130345",0,0,0
"S00130346",0,0,0
"S00130347",0,0,0
"S00130348",0,0,0
"S00130349",0,0,0
"S00130350",0,0,0
"S00130351",0,0,0
"S00130352",0,0,0
"S00130353",0,0,0
"S00130354",0,0,0
"S00130355",0,0,0
"S00130356",0,0,0
"S00130357",0,0,0
"S00130358",0,0,0
"S00130359",0,0,0
"S00130360",0,0,0
"S00130361",0,0,0
"S00130362",0,0,0
"S00130363",0,0,0
"S00130364",0,0,0
"S00130365",0,0,0
"S00130366",0,0,0
"S00130367",0,0,0
"S00130368",0,0,0
"S00130369",0,0,0
"S00130370",0,0,0
"S00130371",3,2,1
"S00130372",1,0,1
"S00130373",2,1,1
"S00130374",4,1,3
"S00130375",1,1,0
"S00130376",0,0,0
"S00130377",1,1,0
"S00130378",0,0,0
"S00130379",1,1,0
"S00130380",0,0,0
"S00130381",0,0,0
"S00130382",0,0,0
"S00130383",1,0,1
"S00130384",0,0,0
"S00130385",0,0,0
"S00130386",0,0,0
"S00130387",1,0,1
"S00130388",0,0,0
"S00130389",0,0,0
"S00130390",0,0,0
"S00130391",1,0,1
"S00130392",0,0,0
"S00130393",0,0,0
"S00130394",0,0,0
"S00130395",0,0,0
"S00130396",0,0,0
"S00130397",0,0,0
"S00130398",2,1,1
"S00130399",0,0,0
"S00130400",0,0,0
"S00130401",0,0,0
"S00130402",0,0,0
"S00130403",0,0,0
"S00130404",0,0,0
"S00130405",0,0,0
"S00130406",0,0,0
"S00130407",0,0,0
"S00130408",0,0,0
"S00130409",0,0,0
"S00130410",1,0,1
"S00130411",0,0,0
"S00130412",0,0,0
"S00130413",0,0,0
"S00130414",0,0,0
"S00130415",0,0,0
"S00130416",1,0,1
"S00130417",0,0,0
"S00130418",1,1,0
"S00130419",0,0,0
"S00130420",0,0,0
"S00130421",0,0,0
"S00130422",0,0,0
"S00130423",0,0,0
"S00130424",0,0,0
"S00130425",0,0,0
"S00130426",0,0,0
"S00130427",0,0,0
"S00130428",2,1,1
"S00130429",0,0,0
"S00130430",0,0,0
"S00130431",0,0,0
"S00130432",1,1,0
"S00130433",0,0,0
"S00130434",1,0,1
"S00130435",1,1,0
"S00130436",0,0,0
"S00130437",0,0,0
"S00130438",0,0,0
"S00130439",0,0,0
"S00130440",0,0,0
"S00130441",0,0,0
"S00130442",0,0,0
"S00130443",0,0,0
"S00130444",0,0,0
"S00130445",0,0,0
"S00130446",0,0,0
"S00130447",0,0,0
"S00130448",0,0,0
"S00130449",0,0,0
"S00130450",0,0,0
"S00130451",0,0,0
"S00130452",0,0,0
"S00130453",1,0,1
"S00130454",1,0,1
"S00130455",0,0,0
"S00130456",0,0,0
"S00130457",0,0,0
"S00130458",0,0,0
"S00130459",5,3,2
"S00130460",1,1,0
"S00130461",0,0,0
"S00130462",0,0,0
"S00130463",1,0,1
"S00130464",0,0,0
"S00130465",0,0,0
"S00130466",2,2,0
"S00130467",0,0,0
"S00130468",0,0,0
"S00130469",0,0,0
"S00130470",0,0,0
"S00130471",0,0,0
"S00130472",1,0,1
"S00130473",0,0,0
"S00130474",3,1,2
"S00130475",4,1,3
"S00130476",2,0,2
"S00130477",0,0,0
"S00130478",0,0,0
"S00130479",3,1,2
"S00130480",0,0,0
"S00130481",0,0,0
"S00130482",0,0,0
"S00130483",0,0,0
"S00130484",0,0,0
"S00130485",0,0,0
"S00130486",0,0,0
"S00130487",0,0,0
"S00130488",0,0,0
"S00130489",1,0,1
"S00130490",1,0,1
"S00130491",0,0,0
"S00130492",0,0,0
"S00130493",0,0,0
"S00130494",1,1,0
"S00130495",0,0,0
"S00130496",0,0,0
"S00130497",0,0,0
"S00130498",0,0,0
"S00130499",0,0,0
"S00130500",0,0,0
"S00130501",0,0,0
"S00130502",1,1,0
"S00130503",0,0,0
"S00130504",0,0,0
"S00130505",0,0,0
"S00130506",0,0,0
"S00130507",0,0,0
"S00130508",0,0,0
"S00130509",0,0,0
"S00130510",0,0,0
"S00130511",0,0,0
"S00130512",1,0,1
"S00130513",0,0,0
"S00130514",1,0,1
"S00130515",0,0,0
"S00130516",0,0,0
"S00130517",1,0,1
"S00130518",2,0,2
"S00130519",1,1,0
"S00130520",0,0,0
"S00130521",0,0,0
"S00130522",0,0,0
"S00130523",0,0,0
"S00130524",0,0,0
"S00130525",1,0,1
"S00130526",1,1,0
"S00130527",0,0,0
"S00130528",0,0,0
"S00130529",0,0,0
"S00130530",0,0,0
"S00130531",0,0,0
"S00130532",4,1,3
"S00130533",0,0,0
"S00130534",1,0,1
"S00130535",0,0,0
"S00130536",0,0,0
"S00130537",1,1,0
"S00130538",0,0,0
"S00130539",0,0,0
"S00130540",0,0,0
"S00130541",0,0,0
"S00130542",0,0,0
"S00130543",1,0,1
"S00130544",0,0,0
"S00130545",0,0,0
"S00130546",0,0,0
"S00130547",0,0,0
"S00130548",0,0,0
"S00130549",0,0,0
"S00130550",0,0,0
"S00130551",0,0,0
"S00130552",0,0,0
"S00130553",0,0,0
"S00130554",2,0,2
"S00130555",0,0,0
"S00130556",0,0,0
"S00130557",0,0,0
"S00130558",1,1,0
"S00130559",1,1,0
"S00130560",0,0,0
"S00130561",0,0,0
"S00130562",0,0,0
"S00130563",0,0,0
"S00130564",0,0,0
"S00130565",0,0,0
"S00130566",0,0,0
"S00130567",0,0,0
"S00130568",0,0,0
"S00130569",0,0,0
"S00130570",0,0,0
"S00130571",0,0,0
"S00130572",0,0,0
"S00130573",4,1,3
"S00130574",0,0,0
"S00130575",1,1,0
"S00130576",0,0,0
"S00130577",1,0,1
"S00130578",0,0,0
"S00130579",1,0,1
"S00130580",1,0,1
"S00130581",0,0,0
"S00130582",1,1,0
"S00130583",2,2,0
"S00130584",0,0,0
"S00130585",0,0,0
"S00130586",2,2,0
"S00130587",0,0,0
"S00130588",3,1,2
"S00130589",0,0,0
"S00130590",0,0,0
"S00130591",0,0,0
"S00130592",2,2,0
"S00130593",1,1,0
"S00130594",1,0,1
"S00130595",0,0,0
"S00130596",0,0,0
"S00130597",0,0,0
"S00130598",1,1,0
"S00130599",0,0,0
"S00130600",0,0,0
"S00130601",1,0,1
"S00130602",0,0,0
"S00130603",0,0,0
"S00130604",0,0,0
"S00130605",0,0,0
"S00130606",1,1,0
"S00130607",0,0,0
"S00130608",0,0,0
"S00130609",0,0,0
"S00130610",0,0,0
"S00130611",0,0,0
"S00130612",1,1,0
"S00130613",0,0,0
"S00130614",0,0,0
"S00130615",0,0,0
"S00130616",0,0,0
"S00130617",0,0,0
"S00130618",1,1,0
"S00130619",0,0,0
"S00130620",0,0,0
"S00130621",1,0,1
"S00130622",1,0,1
"S00130623",1,1,0
"S00130624",0,0,0
"S00130625",0,0,0
"S00130626",0,0,0
"S00130627",0,0,0
"S00130628",0,0,0
"S00130629",0,0,0
"S00130630",0,0,0
"S00130631",0,0,0
"S00130632",0,0,0
"S00130633",0,0,0
"S00130634",0,0,0
"S00130635",1,0,1
"S00130636",0,0,0
"S00130637",1,0,1
"S00130638",0,0,0
"S00130639",0,0,0
"S00130640",0,0,0
"S00130641",0,0,0
"S00130642",0,0,0
"S00130643",0,0,0
"S00130644",0,0,0
"S00130645",1,0,1
"S00130646",0,0,0
"S00130647",1,0,1
"S00130648",0,0,0
"S00130649",1,0,1
"S00130650",0,0,0
"S00130651",0,0,0
"S00130652",0,0,0
"S00130653",0,0,0
"S00130654",0,0,0
"S00130655",0,0,0
"S00130656",0,0,0
"S00130657",0,0,0
"S00130658",0,0,0
"S00130659",0,0,0
"S00130660",0,0,0
"S00130661",0,0,0
"S00130662",0,0,0
"S00130663",0,0,0
"S00130664",0,0,0
"S00130665",0,0,0
"S00130666",0,0,0
"S00130667",1,1,0
"S00130668",0,0,0
"S00130669",0,0,0
"S00130670",2,1,1
"S00130671",0,0,0
"S00130672",3,2,1
"S00130673",1,1,0
"S00130674",1,0,1
"S00130675",0,0,0
"S00130676",1,0,1
"S00130677",4,3,1
"S00130678",3,3,0
"S00130679",1,1,0
"S00130680",5,2,3
"S00130681",1,1,0
"S00130682",5,2,3
"S00130683",0,0,0
"S00130684",3,2,1
"S00130685",0,0,0
"S00130686",5,2,3
"S00130687",2,1,1
"S00130688",4,2,2
"S00130689",4,0,4
"S00130690",2,2,0
"S00130691",0,0,0
"S00130692",0,0,0
"S00130693",0,0,0
"S00130694",1,0,1
"S00130695",0,0,0
"S00130696",0,0,0
"S00130697",0,0,0
"S00130698",0,0,0
"S00130699",1,1,0
"S00130700",0,0,0
"S00130701",0,0,0
"S00130702",1,0,1
"S00130703",0,0,0
"S00130704",2,1,1
"S00130705",0,0,0
"S00130706",3,3,0
"S00130707",0,0,0
"S00130708",0,0,0
"S00130709",0,0,0
"S00130710",1,1,0
"S00130711",1,1,0
"S00130712",0,0,0
"S00130713",1,1,0
"S00130714",0,0,0
"S00130715",1,0,1
"S00130716",0,0,0
"S00130717",1,0,1
"S00130718",0,0,0
"S00130719",1,1,0
"S00130720",5,3,2
"S00130721",5,3,2
"S00130722",0,0,0
"S00130723",0,0,0
"S00130724",2,0,2
"S00130725",1,0,1
"S00130726",0,0,0
"S00130727",1,1,0
"S00130728",0,0,0
"S00130729",3,1,2
"S00130730",0,0,0
"S00130731",1,1,0
"S00130732",1,0,1
"S00130733",2,2,0
"S00130734",3,1,2
"S00130735",0,0,0
"S00130736",2,0,2
"S00130737",0,0,0
"S00130738",0,0,0
"S00130739",2,2,0
"S00130740",0,0,0
"S00130741",1,1,0
"S00130742",1,0,1
"S00130743",1,0,1
"S00130744",0,0,0
"S00130745",2,1,1
"S00130746",5,1,4
"S00130747",6,4,2
"S00130748",2,0,2
"S00130749",1,0,1
"S00130750",0,0,0
"S00130751",2,0,2
"S00130752",0,0,0
"S00130753",3,2,1
"S00130754",3,0,3
"S00130755",0,0,0
"S00130756",2,1,1
"S00130757",0,0,0
"S00130758",1,1,0
"S00130759",0,0,0
"S00130760",0,0,0
"S00130761",0,0,0
"S00130762",0,0,0
"S00130763",0,0,0
"S00130764",0,0,0
"S00130765",0,0,0
"S00130766",0,0,0
"S00130767",0,0,0
"S00130768",1,0,1
"S00130769",1,1,0
"S00130770",0,0,0
"S00130771",1,1,0
"S00130772",0,0,0
"S00130773",2,1,1
"S00130774",1,1,0
"S00130775",0,0,0
"S00130776",0,0,0
"S00130777",1,1,0
"S00130778",0,0,0
"S00130779",1,0,1
"S00130780",0,0,0
"S00130781",1,1,0
"S00130782",0,0,0
"S00130783",2,1,1
"S00130784",1,1,0
"S00130785",1,0,1
"S00130786",2,1,1
"S00130787",0,0,0
"S00130788",2,1,1
"S00130789",0,0,0
"S00130790",0,0,0
"S00130791",1,1,0
"S00130792",3,3,0
"S00130793",0,0,0
"S00130794",3,2,1
"S00130795",6,3,3
"S00130796",3,0,3
"S00130797",4,1,3
"S00130798",1,1,0
"S00130799",1,1,0
"S00130800",4,0,4
"S00130801",0,0,0
"S00130802",3,2,1
"S00130803",3,0,3
"S00130804",6,3,3
"S00130805",9,4,5
"S00130806",0,0,0
"S00130807",0,0,0
"S00130808",1,0,1
"S00130809",1,0,1
"S00130810",0,0,0
"S00130811",1,1,0
"S00130812",1,0,1
"S00130813",0,0,0
"S00130814",0,0,0
"S00130815",2,1,1
"S00130816",1,0,1
"S00130817",2,2,0
"S00130818",0,0,0
"S00130819",0,0,0
"S00130820",3,0,3
"S00130821",0,0,0
"S00130822",0,0,0
"S00130823",1,1,0
"S00130824",0,0,0
"S00130825",0,0,0
"S00130826",1,1,0
"S00130827",0,0,0
"S00130828",0,0,0
"S00130829",0,0,0
"S00130830",0,0,0
"S00130831",0,0,0
"S00130832",0,0,0
"S00130833",1,1,0
"S00130834",0,0,0
"S00130835",1,1,0
"S00130836",0,0,0
"S00130837",0,0,0
"S00130838",0,0,0
"S00130839",1,0,1
"S00130840",0,0,0
"S00130841",0,0,0
"S00130842",2,0,2
"S00130843",2,2,0
"S00130844",0,0,0
"S00130845",1,1,0
"S00130846",0,0,0
"S00130847",0,0,0
"S00130848",0,0,0
"S00130849",2,1,1
"S00130850",0,0,0
"S00130851",0,0,0
"S00130852",0,0,0
"S00130853",0,0,0
"S00130854",0,0,0
"S00130855",1,1,0
"S00130856",0,0,0
"S00130857",0,0,0
"S00130858",0,0,0
"S00130859",0,0,0
"S00130860",1,0,1
"S00130861",0,0,0
"S00130862",0,0,0
"S00130863",0,0,0
"S00130864",0,0,0
"S00130865",0,0,0
"S00130866",0,0,0
"S00130867",1,0,1
"S00130868",2,1,1
"S00130869",1,0,1
"S00130870",2,2,0
"S00130871",1,0,1
"S00130872",0,0,0
"S00130873",0,0,0
"S00130874",2,1,1
"S00130875",0,0,0
"S00130876",2,1,1
"S00130877",0,0,0
"S00130878",0,0,0
"S00130879",3,2,1
"S00130880",0,0,0
"S00130881",0,0,0
"S00130882",3,2,1
"S00130883",0,0,0
"S00130884",0,0,0
"S00130885",0,0,0
"S00130886",0,0,0
"S00130887",0,0,0
"S00130888",3,1,2
"S00130889",0,0,0
"S00130890",0,0,0
"S00130891",0,0,0
"S00130892",3,2,1
"S00130893",0,0,0
"S00130894",3,2,1
"S00130895",0,0,0
"S00130896",0,0,0
"S00130897",2,1,1
"S00130898",6,2,4
"S00130899",0,0,0
"S00130900",0,0,0
"S00130901",0,0,0
"S00130902",0,0,0
"S00130903",2,1,1
"S00130904",0,0,0
"S00130905",0,0,0
"S00130906",0,0,0
"S00130907",0,0,0
"S00130908",0,0,0
"S00130909",1,0,1
"S00130910",0,0,0
"S00130911",0,0,0
"S00130912",0,0,0
"S00130913",0,0,0
"S00130914",0,0,0
"S00130915",0,0,0
"S00130916",0,0,0
"S00130917",0,0,0
"S00130918",0,0,0
"S00130919",0,0,0
"S00130920",4,1,3
"S00130921",0,0,0
"S00130922",3,3,0
"S00130923",0,0,0
"S00130924",0,0,0
"S00130925",0,0,0
"S00130926",1,1,0
"S00130927",0,0,0
"S00130928",0,0,0
"S00130929",7,6,1
"S00130930",0,0,0
"S00130931",8,8,0
"S00130932",1,0,1
"S00130933",7,4,3
"S00130934",9,6,3
"S00130935",1,1,0
"S00130936",0,0,0
"S00130937",1,1,0
"S00130938",0,0,0
"S00130939",0,0,0
"S00130940",1,0,1
"S00130941",0,0,0
"S00130942",0,0,0
"S00130943",0,0,0
"S00130944",1,1,0
"S00130945",0,0,0
"S00130946",3,3,0
"S00130947",5,3,2
"S00130948",0,0,0
"S00130949",1,1,0
"S00130950",1,0,1
"S00130951",0,0,0
"S00130952",0,0,0
"S00130953",0,0,0
"S00130954",0,0,0
"S00130955",0,0,0
"S00130956",1,1,0
"S00130957",0,0,0
"S00130958",0,0,0
"S00130959",2,2,0
"S00130960",3,2,1
"S00130961",3,2,1
"S00130962",2,1,1
"S00130963",0,0,0
"S00130964",4,2,2
"S00130965",2,1,1
"S00130966",4,2,2
"S00130967",2,2,0
"S00130968",3,1,2
"S00130969",2,0,2
"S00130970",0,0,0
"S00130971",0,0,0
"S00130972",1,0,1
"S00130973",1,0,1
"S00130974",1,1,0
"S00130975",0,0,0
"S00130976",4,1,3
"S00130977",0,0,0
"S00130978",0,0,0
"S00130979",1,0,1
"S00130980",1,0,1
"S00130981",0,0,0
"S00130982",0,0,0
"S00130983",1,0,1
"S00130984",0,0,0
"S00130985",0,0,0
"S00130986",0,0,0
"S00130987",0,0,0
"S00130988",0,0,0
"S00130989",0,0,0
"S00130990",0,0,0
"S00130991",0,0,0
"S00130992",0,0,0
"S00130993",0,0,0
"S00130994",0,0,0
"S00130995",0,0,0
"S00130996",1,0,1
"S00130997",2,0,2
"S00130998",0,0,0
"S00130999",0,0,0
"S00131000",1,0,1
"S00131001",2,2,0
"S00131002",1,0,1
"S00131003",0,0,0
"S00131004",0,0,0
"S00131005",0,0,0
"S00131006",2,0,2
"S00131007",0,0,0
"S00131008",0,0,0
"S00131009",0,0,0
"S00131010",0,0,0
"S00131011",2,1,1
"S00131012",3,1,2
"S00131013",0,0,0
"S00131014",0,0,0
"S00131015",0,0,0
"S00131016",0,0,0
"S00131017",2,0,2
"S00131018",0,0,0
"S00131019",0,0,0
"S00131020",0,0,0
"S00131021",1,1,0
"S00131022",0,0,0
"S00131023",0,0,0
"S00131024",0,0,0
"S00131025",2,1,1
"S00131026",0,0,0
"S00131027",2,2,0
"S00131028",1,0,1
"S00131029",3,2,1
"S00131030",1,0,1
"S00131031",2,0,2
"S00131032",0,0,0
"S00131033",0,0,0
"S00131034",3,2,1
"S00131035",0,0,0
"S00131036",0,0,0
"S00131037",0,0,0
"S00131038",0,0,0
"S00131039",0,0,0
"S00131040",1,0,1
"S00131041",0,0,0
"S00131042",1,1,0
"S00131043",0,0,0
"S00131044",0,0,0
"S00131045",0,0,0
"S00131046",0,0,0
"S00131047",0,0,0
"S00131048",0,0,0
"S00131049",0,0,0
"S00131050",0,0,0
"S00131051",2,0,2
"S00131052",0,0,0
"S00131053",2,1,1
"S00131054",0,0,0
"S00131055",0,0,0
"S00131056",0,0,0
"S00131057",0,0,0
"S00131058",1,1,0
"S00131059",0,0,0
"S00131060",0,0,0
"S00131061",0,0,0
"S00131062",0,0,0
"S00131063",0,0,0
"S00131064",0,0,0
"S00131065",0,0,0
"S00131066",0,0,0
"S00131067",0,0,0
"S00131068",0,0,0
"S00131069",0,0,0
"S00131070",0,0,0
"S00131071",0,0,0
"S00131072",0,0,0
"S00131073",0,0,0
"S00131074",0,0,0
"S00131075",0,0,0
"S00131076",0,0,0
"S00131077",0,0,0
"S00131078",0,0,0
"S00131079",1,0,1
"S00131080",1,1,0
"S00131081",0,0,0
"S00131082",0,0,0
"S00131083",1,0,1
"S00131084",0,0,0
"S00131085",0,0,0
"S00131086",0,0,0
"S00131087",0,0,0
"S00131088",0,0,0
"S00131089",0,0,0
"S00131090",0,0,0
"S00131091",0,0,0
"S00131092",0,0,0
"S00131093",0,0,0
"S00131094",0,0,0
"S00131095",1,0,1
"S00131096",0,0,0
"S00131097",0,0,0
"S00131098",1,1,0
"S00131099",1,1,0
"S00131100",0,0,0
"S00131101",0,0,0
"S00131102",0,0,0
"S00131103",0,0,0
"S00131104",0,0,0
"S00131105",0,0,0
"S00131106",0,0,0
"S00131107",1,0,1
"S00131108",0,0,0
"S00131109",0,0,0
"S00131110",0,0,0
"S00131111",0,0,0
"S00131112",0,0,0
"S00131113",0,0,0
"S00131114",0,0,0
"S00131115",0,0,0
"S00131116",2,1,1
"S00131117",1,1,0
"S00131118",0,0,0
"S00131119",0,0,0
"S00131120",0,0,0
"S00131121",0,0,0
"S00131122",0,0,0
"S00131123",1,1,0
"S00131124",0,0,0
"S00131125",0,0,0
"S00131126",1,1,0
"S00131127",0,0,0
"S00131128",1,1,0
"S00131129",0,0,0
"S00131130",0,0,0
"S00131131",0,0,0
"S00131132",0,0,0
"S00131133",0,0,0
"S00131134",0,0,0
"S00131135",0,0,0
"S00131136",0,0,0
"S00131137",1,0,1
"S00131138",0,0,0
"S00131139",0,0,0
"S00131140",0,0,0
"S00131141",1,0,1
"S00131142",0,0,0
"S00131143",1,1,0
"S00131144",0,0,0
"S00131145",2,0,2
"S00131146",0,0,0
"S00131147",0,0,0
"S00131148",0,0,0
"S00131149",0,0,0
"S00131150",1,0,1
"S00131151",0,0,0
"S00131152",0,0,0
"S00131153",1,0,1
"S00131154",3,2,1
"S00131155",0,0,0
"S00131156",0,0,0
"S00131157",0,0,0
"S00131158",0,0,0
"S00131159",1,0,1
"S00131160",1,1,0
"S00131161",0,0,0
"S00131162",0,0,0
"S00131163",0,0,0
"S00131164",0,0,0
"S00131165",0,0,0
"S00131166",0,0,0
"S00131167",0,0,0
"S00131168",1,0,1
"S00131169",1,1,0
"S00131170",0,0,0
"S00131171",0,0,0
"S00131172",0,0,0
"S00131173",0,0,0
"S00131174",0,0,0
"S00131175",0,0,0
"S00131176",0,0,0
"S00131177",1,1,0
"S00131178",0,0,0
"S00131179",0,0,0
"S00131180",0,0,0
"S00131181",0,0,0
"S00131182",0,0,0
"S00131183",0,0,0
"S00131184",0,0,0
"S00131185",0,0,0
"S00131186",1,0,1
"S00131187",0,0,0
"S00131188",1,0,1
"S00131189",0,0,0
"S00131190",0,0,0
"S00131191",0,0,0
"S00131192",0,0,0
"S00131193",0,0,0
"S00131194",1,0,1
"S00131195",0,0,0
"S00131196",1,1,0
"S00131197",0,0,0
"S00131198",4,2,2
"S00131199",0,0,0
"S00131200",0,0,0
"S00131201",3,2,1
"S00131202",0,0,0
"S00131203",0,0,0
"S00131204",0,0,0
"S00131205",0,0,0
"S00131206",0,0,0
"S00131207",2,1,1
"S00131208",0,0,0
"S00131209",0,0,0
"S00131210",0,0,0
"S00131211",0,0,0
"S00131212",0,0,0
"S00131213",0,0,0
"S00131214",0,0,0
"S00131215",0,0,0
"S00131216",1,0,1
"S00131217",0,0,0
"S00131218",1,1,0
"S00131219",0,0,0
"S00131220",1,1,0
"S00131221",1,0,1
"S00131222",0,0,0
"S00131223",1,1,0
"S00131224",0,0,0
"S00131225",0,0,0
"S00131226",1,1,0
"S00131227",1,1,0
"S00131228",0,0,0
"S00131229",0,0,0
"S00131230",0,0,0
"S00131231",0,0,0
"S00131232",0,0,0
"S00131233",0,0,0
"S00131234",0,0,0
"S00131235",0,0,0
"S00131236",1,0,1
"S00131237",0,0,0
"S00131238",1,0,1
"S00131239",0,0,0
"S00131240",0,0,0
"S00131241",0,0,0
"S00131242",1,0,1
"S00131243",1,1,0
"S00131244",2,0,2
"S00131245",0,0,0
"S00131246",0,0,0
"S00131247",3,2,1
"S00131248",0,0,0
"S00131249",0,0,0
"S00131250",2,2,0
"S00131251",0,0,0
"S00131252",0,0,0
"S00131253",0,0,0
"S00131254",0,0,0
"S00131255",0,0,0
"S00131256",0,0,0
"S00131257",2,0,2
"S00131258",0,0,0
"S00131259",1,0,1
"S00131260",0,0,0
"S00131261",0,0,0
"S00131262",0,0,0
"S00131263",0,0,0
"S00131264",0,0,0
"S00131265",0,0,0
"S00131266",0,0,0
"S00131267",0,0,0
"S00131268",0,0,0
"S00131269",0,0,0
"S00131270",0,0,0
"S00131271",1,1,0
"S00131272",1,1,0
"S00131273",0,0,0
"S00131274",0,0,0
"S00131275",0,0,0
"S00131276",0,0,0
"S00131277",0,0,0
"S00131278",0,0,0
"S00131279",1,0,1
"S00131280",0,0,0
"S00131281",0,0,0
"S00131282",1,1,0
"S00131283",0,0,0
"S00131284",0,0,0
"S00131285",0,0,0
"S00131286",2,1,1
"S00131287",0,0,0
"S00131288",2,0,2
"S00131289",4,2,2
"S00131290",0,0,0
"S00131291",1,0,1
"S00131292",0,0,0
"S00131293",0,0,0
"S00131294",1,1,0
"S00131295",0,0,0
"S00131296",1,0,1
"S00131297",0,0,0
"S00131298",1,0,1
"S00131299",0,0,0
"S00131300",1,0,1
"S00131301",1,0,1
"S00131302",0,0,0
"S00131303",0,0,0
"S00131304",0,0,0
"S00131305",3,2,1
"S00131306",0,0,0
"S00131307",0,0,0
"S00131308",1,0,1
"S00131309",0,0,0
"S00131310",0,0,0
"S00131311",0,0,0
"S00131312",1,1,0
"S00131313",0,0,0
"S00131314",0,0,0
"S00131315",0,0,0
"S00131316",0,0,0
"S00131317",1,1,0
"S00131318",0,0,0
"S00131319",0,0,0
"S00131320",2,1,1
"S00131321",0,0,0
"S00131322",1,1,0
"S00131323",0,0,0
"S00131324",0,0,0
"S00131325",0,0,0
"S00131326",2,1,1
"S00131327",0,0,0
"S00131328",2,0,2
"S00131329",2,1,1
"S00131330",0,0,0
"S00131331",2,1,1
"S00131332",0,0,0
"S00131333",0,0,0
"S00131334",1,0,1
"S00131335",0,0,0
"S00131336",0,0,0
"S00131337",0,0,0
"S00131338",1,1,0
"S00131339",0,0,0
"S00131340",0,0,0
"S00131341",0,0,0
"S00131342",0,0,0
"S00131343",1,0,1
"S00131344",0,0,0
"S00131345",0,0,0
"S00131346",1,0,1
"S00131347",0,0,0
"S00131348",1,0,1
"S00131349",0,0,0
"S00131350",1,1,0
"S00131351",0,0,0
"S00131352",2,1,1
"S00131353",0,0,0
"S00131354",2,1,1
"S00131355",0,0,0
"S00131356",0,0,0
"S00131357",0,0,0
"S00131358",3,1,2
"S00131359",0,0,0
"S00131360",0,0,0
"S00131361",0,0,0
"S00131362",0,0,0
"S00131363",0,0,0
"S00131364",0,0,0
"S00131365",0,0,0
"S00131366",1,0,1
"S00131367",1,1,0
"S00131368",0,0,0
"S00131369",3,2,1
"S00131370",0,0,0
"S00131371",1,1,0
"S00131372",0,0,0
"S00131373",0,0,0
"S00131374",0,0,0
"S00131375",1,1,0
"S00131376",0,0,0
"S00131377",0,0,0
"S00131378",0,0,0
"S00131379",0,0,0
"S00131380",0,0,0
"S00131381",0,0,0
"S00131382",0,0,0
"S00131383",0,0,0
"S00131384",0,0,0
"S00131385",0,0,0
"S00131386",0,0,0
"S00131387",0,0,0
"S00131388",0,0,0
"S00131389",0,0,0
"S00131390",0,0,0
"S00131391",0,0,0
"S00131392",0,0,0
"S00131393",0,0,0
"S00131394",3,1,2
"S00131395",0,0,0
"S00131396",0,0,0
"S00131397",0,0,0
"S00131398",0,0,0
"S00131399",0,0,0
"S00131400",0,0,0
"S00131401",0,0,0
"S00131402",0,0,0
"S00131403",0,0,0
"S00131404",0,0,0
"S00131405",0,0,0
"S00131406",1,1,0
"S00131407",1,1,0
"S00131408",1,0,1
"S00131409",0,0,0
"S00131410",1,0,1
"S00131411",0,0,0
"S00131412",0,0,0
"S00131413",0,0,0
"S00131414",0,0,0
"S00131415",0,0,0
"S00131416",0,0,0
"S00131417",0,0,0
"S00131418",0,0,0
"S00131419",1,0,1
"S00131420",0,0,0
"S00131421",0,0,0
"S00131422",1,1,0
"S00131423",0,0,0
"S00131424",0,0,0
"S00131425",0,0,0
"S00131426",1,1,0
"S00131427",1,0,1
"S00131428",1,0,1
"S00131429",0,0,0
"S00131430",0,0,0
"S00131431",0,0,0
"S00131432",2,0,2
"S00131433",0,0,0
"S00131434",0,0,0
"S00131435",1,0,1
"S00131436",0,0,0
"S00131437",0,0,0
"S00131438",0,0,0
"S00131439",0,0,0
"S00131440",1,0,1
"S00131441",0,0,0
"S00131442",0,0,0
"S00131443",1,1,0
"S00131444",0,0,0
"S00131445",0,0,0
"S00131446",1,0,1
"S00131447",1,1,0
"S00131448",0,0,0
"S00131449",0,0,0
"S00131450",0,0,0
"S00131451",0,0,0
"S00131452",0,0,0
"S00131453",0,0,0
"S00131454",0,0,0
"S00131455",1,0,1
"S00131456",0,0,0
"S00131457",0,0,0
"S00131458",1,1,0
"S00131459",3,2,1
"S00131460",0,0,0
"S00131461",2,2,0
"S00131462",1,0,1
"S00131463",1,1,0
"S00131464",0,0,0
"S00131465",2,1,1
"S00131466",2,1,1
"S00131467",0,0,0
"S00131468",0,0,0
"S00131469",1,1,0
"S00131470",0,0,0
"S00131471",4,3,1
"S00131472",6,4,2
"S00131473",0,0,0
"S00131474",0,0,0
"S00131475",0,0,0
"S00131476",0,0,0
"S00131477",0,0,0
"S00131478",0,0,0
"S00131479",1,0,1
"S00131480",0,0,0
"S00131481",1,0,1
"S00131482",0,0,0
"S00131483",2,0,2
"S00131484",0,0,0
"S00131485",0,0,0
"S00131486",0,0,0
"S00131487",0,0,0
"S00131488",1,0,1
"S00131489",1,1,0
"S00131490",0,0,0
"S00131491",0,0,0
"S00131492",0,0,0
"S00131493",0,0,0
"S00131494",1,0,1
"S00131495",0,0,0
"S00131496",2,1,1
"S00131497",0,0,0
"S00131498",1,1,0
"S00131499",0,0,0
"S00131500",0,0,0
"S00131501",1,0,1
"S00131502",0,0,0
"S00131503",1,1,0
"S00131504",1,1,0
"S00131505",0,0,0
"S00131506",1,1,0
"S00131507",0,0,0
"S00131508",0,0,0
"S00131509",1,0,1
"S00131510",0,0,0
"S00131511",1,1,0
"S00131512",1,1,0
"S00131513",0,0,0
"S00131514",0,0,0
"S00131515",1,0,1
"S00131516",0,0,0
"S00131517",0,0,0
"S00131518",1,0,1
"S00131519",1,1,0
"S00131520",0,0,0
"S00131521",0,0,0
"S00131522",1,1,0
"S00131523",0,0,0
"S00131524",0,0,0
"S00131525",1,0,1
"S00131526",0,0,0
"S00131527",0,0,0
"S00131528",0,0,0
"S00131529",0,0,0
"S00131530",0,0,0
"S00131531",0,0,0
"S00131532",0,0,0
"S00131533",3,2,1
"S00131534",0,0,0
"S00131535",0,0,0
"S00131536",0,0,0
"S00131537",0,0,0
"S00131538",0,0,0
"S00131539",0,0,0
"S00131540",0,0,0
"S00131541",0,0,0
"S00131542",0,0,0
"S00131543",0,0,0
"S00131544",0,0,0
"S00131545",1,0,1
"S00131546",0,0,0
"S00131547",1,1,0
"S00131548",1,1,0
"S00131549",0,0,0
"S00131550",0,0,0
"S00131551",0,0,0
"S00131552",0,0,0
"S00131553",0,0,0
"S00131554",1,0,1
"S00131555",2,2,0
"S00131556",3,2,1
"S00131557",0,0,0
"S00131558",1,0,1
"S00131559",0,0,0
"S00131560",0,0,0
"S00131561",0,0,0
"S00131562",0,0,0
"S00131563",0,0,0
"S00131564",0,0,0
"S00131565",0,0,0
"S00131566",1,0,1
"S00131567",0,0,0
"S00131568",0,0,0
"S00131569",0,0,0
"S00131570",0,0,0
"S00131571",1,0,1
"S00131572",1,0,1
"S00131573",0,0,0
"S00131574",1,0,1
"S00131575",0,0,0
"S00131576",1,0,1
"S00131577",1,1,0
"S00131578",1,0,1
"S00131579",0,0,0
"S00131580",1,1,0
"S00131581",0,0,0
"S00131582",1,0,1
"S00131583",1,0,1
"S00131584",0,0,0
"S00131585",0,0,0
"S00131586",1,1,0
"S00131587",2,2,0
"S00131588",0,0,0
"S00131589",1,1,0
"S00131590",1,1,0
"S00131591",0,0,0
"S00131592",1,0,1
"S00131593",0,0,0
"S00131594",0,0,0
"S00131595",0,0,0
"S00131596",1,1,0
"S00131597",0,0,0
"S00131598",0,0,0
"S00131599",3,1,2
"S00131600",0,0,0
"S00131601",0,0,0
"S00131602",2,1,1
"S00131603",0,0,0
"S00131604",0,0,0
"S00131605",1,0,1
"S00131606",0,0,0
"S00131607",0,0,0
"S00131608",0,0,0
"S00131609",2,1,1
"S00131610",1,0,1
"S00131611",0,0,0
"S00131612",0,0,0
"S00131613",1,0,1
"S00131614",0,0,0
"S00131615",1,1,0
"S00131616",0,0,0
"S00131617",1,0,1
"S00131618",1,0,1
"S00131619",3,0,3
"S00131620",0,0,0
"S00131621",1,0,1
"S00131622",0,0,0
"S00131623",0,0,0
"S00131624",1,0,1
"S00131625",0,0,0
"S00131626",0,0,0
"S00131627",0,0,0
"S00131628",0,0,0
"S00131629",0,0,0
"S00131630",0,0,0
"S00131631",2,1,1
"S00131632",0,0,0
"S00131633",0,0,0
"S00131634",1,0,1
"S00131635",0,0,0
"S00131636",0,0,0
"S00131637",0,0,0
"S00131638",0,0,0
"S00131639",0,0,0
"S00131640",0,0,0
"S00131641",0,0,0
"S00131642",0,0,0
"S00131643",0,0,0
"S00131644",0,0,0
"S00131645",1,1,0
"S00131646",0,0,0
"S00131647",0,0,0
"S00131648",0,0,0
"S00131649",1,1,0
"S00131650",0,0,0
"S00131651",0,0,0
"S00131652",1,0,1
"S00131653",1,1,0
"S00131654",0,0,0
"S00131655",0,0,0
"S00131656",0,0,0
"S00131657",1,1,0
"S00131658",0,0,0
"S00131659",0,0,0
"S00131660",2,0,2
"S00131661",0,0,0
"S00131662",0,0,0
"S00131663",0,0,0
"S00131664",0,0,0
"S00131665",0,0,0
"S00131666",0,0,0
"S00131667",1,0,1
"S00131668",1,0,1
"S00131669",0,0,0
"S00131670",0,0,0
"S00131671",1,0,1
"S00131672",0,0,0
"S00131673",0,0,0
"S00131674",0,0,0
"S00131675",0,0,0
"S00131676",0,0,0
"S00131677",0,0,0
"S00131678",0,0,0
"S00131679",0,0,0
"S00131680",0,0,0
"S00131681",0,0,0
"S00131682",1,1,0
"S00131683",0,0,0
"S00131684",0,0,0
"S00131685",1,0,1
"S00131686",1,0,1
"S00131687",0,0,0
"S00131688",0,0,0
"S00131689",0,0,0
"S00131690",0,0,0
"S00131691",1,1,0
"S00131692",0,0,0
"S00131693",1,0,1
"S00131694",0,0,0
"S00131695",0,0,0
"S00131696",1,0,1
"S00131697",0,0,0
"S00131698",0,0,0
"S00131699",0,0,0
"S00131700",0,0,0
"S00131701",0,0,0
"S00131702",0,0,0
"S00131703",0,0,0
"S00131704",0,0,0
"S00131705",0,0,0
"S00131706",0,0,0
"S00131707",1,1,0
"S00131708",0,0,0
"S00131709",3,2,1
"S00131710",1,1,0
"S00131711",0,0,0
"S00131712",4,3,1
"S00131713",0,0,0
"S00131714",0,0,0
"S00131715",1,0,1
"S00131716",0,0,0
"S00131717",0,0,0
"S00131718",0,0,0
"S00131719",0,0,0
"S00131720",0,0,0
"S00131721",0,0,0
"S00131722",0,0,0
"S00131723",0,0,0
"S00131724",0,0,0
"S00131725",1,0,1
"S00131726",1,0,1
"S00131727",1,0,1
"S00131728",1,0,1
"S00131729",0,0,0
"S00131730",0,0,0
"S00131731",0,0,0
"S00131732",0,0,0
"S00131733",0,0,0
"S00131734",0,0,0
"S00131735",1,1,0
"S00131736",0,0,0
"S00131737",0,0,0
"S00131738",0,0,0
"S00131739",0,0,0
"S00131740",0,0,0
"S00131741",1,0,1
"S00131742",1,1,0
"S00131743",0,0,0
"S00131744",0,0,0
"S00131745",0,0,0
"S00131746",0,0,0
"S00131747",0,0,0
"S00131748",0,0,0
"S00131749",0,0,0
"S00131750",1,0,1
"S00131751",0,0,0
"S00131752",0,0,0
"S00131753",0,0,0
"S00131754",0,0,0
"S00131755",0,0,0
"S00131756",0,0,0
"S00131757",0,0,0
"S00131758",0,0,0
"S00131759",0,0,0
"S00131760",0,0,0
"S00131761",0,0,0
"S00131762",1,0,1
"S00131763",0,0,0
"S00131764",0,0,0
"S00131765",0,0,0
"S00131766",0,0,0
"S00131767",0,0,0
"S00131768",0,0,0
"S00131769",0,0,0
"S00131770",1,1,0
"S00131771",0,0,0
"S00131772",2,0,2
"S00131773",0,0,0
"S00131774",0,0,0
"S00131775",0,0,0
"S00131776",0,0,0
"S00131777",0,0,0
"S00131778",0,0,0
"S00131779",0,0,0
"S00131780",0,0,0
"S00131781",1,1,0
"S00131782",0,0,0
"S00131783",0,0,0
"S00131784",0,0,0
"S00131785",0,0,0
"S00131786",0,0,0
"S00131787",0,0,0
"S00131788",0,0,0
"S00131789",0,0,0
"S00131790",1,0,1
"S00131791",0,0,0
"S00131792",0,0,0
"S00131793",1,1,0
"S00131794",0,0,0
"S00131795",0,0,0
"S00131796",1,1,0
"S00131797",0,0,0
"S00131798",1,0,1
"S00131799",0,0,0
"S00131800",1,1,0
"S00131801",0,0,0
"S00131802",2,1,1
"S00131803",0,0,0
"S00131804",1,1,0
"S00131805",1,0,1
"S00131806",0,0,0
"S00131807",0,0,0
"S00131808",0,0,0
"S00131809",0,0,0
"S00131810",0,0,0
"S00131811",1,0,1
"S00131812",0,0,0
"S00131813",0,0,0
"S00131814",0,0,0
"S00131815",0,0,0
"S00131816",1,0,1
"S00131817",0,0,0
"S00131818",1,0,1
"S00131819",0,0,0
"S00131820",0,0,0
"S00131821",0,0,0
"S00131822",0,0,0
"S00131823",0,0,0
"S00131824",1,0,1
"S00131825",0,0,0
"S00131826",1,0,1
"S00131827",0,0,0
"S00131828",0,0,0
"S00131829",0,0,0
"S00131830",0,0,0
"S00131831",0,0,0
"S00131832",0,0,0
"S00131833",0,0,0
"S00131834",0,0,0
"S00131835",0,0,0
"S00131836",0,0,0
"S00131837",0,0,0
"S00131838",0,0,0
"S00131839",0,0,0
"S00131840",0,0,0
"S00131841",0,0,0
"S00131842",0,0,0
"S00131843",0,0,0
"S00131844",1,0,1
"S00131845",0,0,0
"S00131846",0,0,0
"S00131847",0,0,0
"S00131848",0,0,0
"S00131849",0,0,0
"S00131850",0,0,0
"S00131851",3,0,3
"S00131852",0,0,0
"S00131853",0,0,0
"S00131854",0,0,0
"S00131855",0,0,0
"S00131856",0,0,0
"S00131857",0,0,0
"S00131858",0,0,0
"S00131859",0,0,0
"S00131860",0,0,0
"S00131861",0,0,0
"S00131862",0,0,0
"S00131863",0,0,0
"S00131864",0,0,0
"S00131865",0,0,0
"S00131866",0,0,0
"S00131867",1,1,0
"S00131868",1,0,1
"S00131869",0,0,0
"S00131870",0,0,0
"S00131871",0,0,0
"S00131872",0,0,0
"S00131873",0,0,0
"S00131874",0,0,0
"S00131875",0,0,0
"S00131876",0,0,0
"S00131877",0,0,0
"S00131878",1,0,1
"S00131879",0,0,0
"S00131880",0,0,0
"S00131881",0,0,0
"S00131882",0,0,0
"S00131883",0,0,0
"S00131884",0,0,0
"S00131885",0,0,0
"S00131886",0,0,0
"S00131887",1,0,1
"S00131888",0,0,0
"S00131889",1,1,0
"S00131890",0,0,0
"S00131891",0,0,0
"S00131892",0,0,0
"S00131893",0,0,0
"S00131894",0,0,0
"S00131895",0,0,0
"S00131896",0,0,0
"S00131897",0,0,0
"S00131898",0,0,0
"S00131899",0,0,0
"S00131900",0,0,0
"S00131901",0,0,0
"S00131902",2,1,1
"S00131903",0,0,0
"S00131904",1,0,1
"S00131905",0,0,0
"S00131906",0,0,0
"S00131907",0,0,0
"S00131908",0,0,0
"S00131909",0,0,0
"S00131910",0,0,0
"S00131911",1,1,0
"S00131912",0,0,0
"S00131913",0,0,0
"S00131914",1,1,0
"S00131915",0,0,0
"S00131916",0,0,0
"S00131917",0,0,0
"S00131918",1,0,1
"S00131919",1,0,1
"S00131920",0,0,0
"S00131921",2,1,1
"S00131922",1,1,0
"S00131923",0,0,0
"S00131924",0,0,0
"S00131925",0,0,0
"S00131926",0,0,0
"S00131927",0,0,0
"S00131928",1,0,1
"S00131929",0,0,0
"S00131930",1,1,0
"S00131931",2,1,1
"S00131932",1,0,1
"S00131933",0,0,0
"S00131934",0,0,0
"S00131935",2,1,1
"S00131936",0,0,0
"S00131937",1,0,1
"S00131938",2,2,0
"S00131939",1,1,0
"S00131940",0,0,0
"S00131941",0,0,0
"S00131942",0,0,0
"S00131943",0,0,0
"S00131944",0,0,0
"S00131945",0,0,0
"S00131946",1,1,0
"S00131947",0,0,0
"S00131948",1,1,0
"S00131949",0,0,0
"S00131950",0,0,0
"S00131951",0,0,0
"S00131952",1,1,0
"S00131953",3,1,2
"S00131954",3,3,0
"S00131955",0,0,0
"S00131956",0,0,0
"S00131957",1,1,0
"S00131958",0,0,0
"S00131959",2,1,1
"S00131960",0,0,0
"S00131961",2,2,0
"S00131962",0,0,0
"S00131963",0,0,0
"S00131964",0,0,0
"S00131965",0,0,0
"S00131966",0,0,0
"S00131967",0,0,0
"S00131968",0,0,0
"S00131969",0,0,0
"S00131970",0,0,0
"S00131971",2,2,0
"S00131972",0,0,0
"S00131973",0,0,0
"S00131974",0,0,0
"S00131975",0,0,0
"S00131976",0,0,0
"S00131977",0,0,0
"S00131978",0,0,0
"S00131979",0,0,0
"S00131980",1,1,0
"S00131981",0,0,0
"S00131982",0,0,0
"S00131983",0,0,0
"S00131984",0,0,0
"S00131985",0,0,0
"S00131986",1,1,0
"S00131987",0,0,0
"S00131988",0,0,0
"S00131989",0,0,0
"S00131990",0,0,0
"S00131991",0,0,0
"S00131992",2,1,1
"S00131993",0,0,0
"S00131994",0,0,0
"S00131995",0,0,0
"S00131996",1,1,0
"S00131997",0,0,0
"S00131998",0,0,0
"S00131999",0,0,0
"S00132000",0,0,0
"S00132001",0,0,0
"S00132002",0,0,0
"S00132003",0,0,0
"S00132004",0,0,0
"S00132005",0,0,0
"S00132006",0,0,0
"S00132007",1,0,1
"S00132008",0,0,0
"S00132009",0,0,0
"S00132010",1,0,1
"S00132011",0,0,0
"S00132012",0,0,0
"S00132013",0,0,0
"S00132014",0,0,0
"S00132015",1,1,0
"S00132016",0,0,0
"S00132017",0,0,0
"S00132018",0,0,0
"S00132019",0,0,0
"S00132020",0,0,0
"S00132021",1,1,0
"S00132022",0,0,0
"S00132023",0,0,0
"S00132024",0,0,0
"S00132025",0,0,0
"S00132026",0,0,0
"S00132027",2,0,2
"S00132028",0,0,0
"S00132029",0,0,0
"S00132030",0,0,0
"S00132031",0,0,0
"S00132032",2,1,1
"S00132033",0,0,0
"S00132034",0,0,0
"S00132035",1,1,0
"S00132036",0,0,0
"S00132037",0,0,0
"S00132038",0,0,0
"S00132039",1,1,0
"S00132040",0,0,0
"S00132041",2,2,0
"S00132042",0,0,0
"S00132043",1,1,0
"S00132044",0,0,0
"S00132045",0,0,0
"S00132046",1,0,1
"S00132047",3,0,3
"S00132048",1,0,1
"S00132049",1,0,1
"S00132050",0,0,0
"S00132051",0,0,0
"S00132052",1,0,1
"S00132053",0,0,0
"S00132054",0,0,0
"S00132055",0,0,0
"S00132056",1,0,1
"S00132057",1,1,0
"S00132058",1,0,1
"S00132059",0,0,0
"S00132060",0,0,0
"S00132061",0,0,0
"S00132062",0,0,0
"S00132063",0,0,0
"S00132064",1,0,1
"S00132065",0,0,0
"S00132066",0,0,0
"S00132067",0,0,0
"S00132068",0,0,0
"S00132069",0,0,0
"S00132070",0,0,0
"S00132071",0,0,0
"S00132072",0,0,0
"S00132073",1,1,0
"S00132074",2,1,1
"S00132075",0,0,0
"S00132076",2,2,0
"S00132077",0,0,0
"S00132078",0,0,0
"S00132079",0,0,0
"S00132080",0,0,0
"S00132081",0,0,0
"S00132082",0,0,0
"S00132083",0,0,0
"S00132084",0,0,0
"S00132085",1,1,0
"S00132086",0,0,0
"S00132087",0,0,0
"S00132088",1,0,1
"S00132089",0,0,0
"S00132090",1,0,1
"S00132091",0,0,0
"S00132092",0,0,0
"S00132093",0,0,0
"S00132094",0,0,0
"S00132095",0,0,0
"S00132096",0,0,0
"S00132097",0,0,0
"S00132098",0,0,0
"S00132099",1,1,0
"S00132100",0,0,0
"S00132101",0,0,0
"S00132102",0,0,0
"S00132103",0,0,0
"S00132104",0,0,0
"S00132105",0,0,0
"S00132106",0,0,0
"S00132107",0,0,0
"S00132108",0,0,0
"S00132109",0,0,0
"S00132110",0,0,0
"S00132111",0,0,0
"S00132112",0,0,0
"S00132113",0,0,0
"S00132114",0,0,0
"S00132115",0,0,0
"S00132116",0,0,0
"S00132117",1,1,0
"S00132118",0,0,0
"S00132119",1,0,1
"S00132120",0,0,0
"S00132121",0,0,0
"S00132122",0,0,0
"S00132123",0,0,0
"S00132124",0,0,0
"S00132125",0,0,0
"S00132126",0,0,0
"S00132127",0,0,0
"S00132128",0,0,0
"S00132129",0,0,0
"S00132130",0,0,0
"S00132131",2,1,1
"S00132132",1,1,0
"S00132133",1,0,1
"S00132134",0,0,0
"S00132135",0,0,0
"S00132136",0,0,0
"S00132137",0,0,0
"S00132138",0,0,0
"S00132139",0,0,0
"S00132140",3,0,3
"S00132141",0,0,0
"S00132142",0,0,0
"S00132143",0,0,0
"S00132144",0,0,0
"S00132145",0,0,0
"S00132146",0,0,0
"S00132147",0,0,0
"S00132148",1,1,0
"S00132149",1,0,1
"S00132150",0,0,0
"S00132151",1,0,1
"S00132152",1,0,1
"S00132153",0,0,0
"S00132154",0,0,0
"S00132155",0,0,0
"S00132156",0,0,0
"S00132157",0,0,0
"S00132158",1,0,1
"S00132159",0,0,0
"S00132160",1,0,1
"S00132161",0,0,0
"S00132162",0,0,0
"S00132163",0,0,0
"S00132164",0,0,0
"S00132165",0,0,0
"S00132166",0,0,0
"S00132167",0,0,0
"S00132168",0,0,0
"S00132169",0,0,0
"S00132170",0,0,0
"S00132171",1,1,0
"S00132172",0,0,0
"S00132173",1,0,1
"S00132174",1,1,0
"S00132175",0,0,0
"S00132176",1,0,1
"S00132177",0,0,0
"S00132178",0,0,0
"S00132179",0,0,0
"S00132180",0,0,0
"S00132181",0,0,0
"S00132182",0,0,0
"S00132183",1,0,1
"S00132184",2,0,2
"S00132185",1,0,1
"S00132186",0,0,0
"S00132187",7,6,1
"S00132188",0,0,0
"S00132189",0,0,0
"S00132190",2,0,2
"S00132191",0,0,0
"S00132192",0,0,0
"S00132193",0,0,0
"S00132194",0,0,0
"S00132195",0,0,0
"S00132196",0,0,0
"S00132197",0,0,0
"S00132198",0,0,0
"S00132199",0,0,0
"S00132200",0,0,0
"S00132201",0,0,0
"S00132202",0,0,0
"S00132203",1,1,0
"S00132204",0,0,0
"S00132205",2,0,2
"S00132206",0,0,0
"S00132207",2,0,2
"S00132208",0,0,0
"S00132209",0,0,0
"S00132210",5,4,1
"S00132211",1,1,0
"S00132212",1,1,0
"S00132213",2,1,1
"S00132214",3,1,2
"S00132215",0,0,0
"S00132216",0,0,0
"S00132217",0,0,0
"S00132218",0,0,0
"S00132219",0,0,0
"S00132220",2,2,0
"S00132221",0,0,0
"S00132222",1,1,0
"S00132223",1,0,1
"S00132224",0,0,0
"S00132225",0,0,0
"S00132226",0,0,0
"S00132227",0,0,0
"S00132228",0,0,0
"S00132229",0,0,0
"S00132230",0,0,0
"S00132231",0,0,0
"S00132232",1,0,1
"S00132233",1,0,1
"S00132234",0,0,0
"S00132235",3,0,3
"S00132236",0,0,0
"S00132237",1,0,1
"S00132238",0,0,0
"S00132239",0,0,0
"S00132240",0,0,0
"S00132241",1,0,1
"S00132242",4,2,2
"S00132243",0,0,0
"S00132244",5,3,2
"S00132245",0,0,0
"S00132246",0,0,0
"S00132247",2,1,1
"S00132248",1,0,1
"S00132249",1,1,0
"S00132250",0,0,0
"S00132251",0,0,0
"S00132252",0,0,0
"S00132253",2,0,2
"S00132254",0,0,0
"S00132255",2,2,0
"S00132256",0,0,0
"S00132257",0,0,0
"S00132258",0,0,0
"S00132259",2,1,1
"S00132260",1,1,0
"S00132261",0,0,0
"S00132262",3,2,1
"S00132263",0,0,0
"S00132264",0,0,0
"S00132265",1,0,1
"S00132266",1,0,1
"S00132267",0,0,0
"S00132268",4,2,2
"S00132269",0,0,0
"S00132270",1,0,1
"S00132271",1,1,0
"S00132272",0,0,0
"S00132273",0,0,0
"S00132274",2,0,2
"S00132275",1,0,1
"S00132276",1,0,1
"S00132277",0,0,0
"S00132278",1,1,0
"S00132279",0,0,0
"S00132280",0,0,0
"S00132281",1,0,1
"S00132282",0,0,0
"S00132283",1,0,1
"S00132284",0,0,0
"S00132285",1,1,0
"S00132286",0,0,0
"S00132287",1,0,1
"S00132288",1,0,1
"S00132289",1,1,0
"S00132290",0,0,0
"S00132291",1,1,0
"S00132292",0,0,0
"S00132293",0,0,0
"S00132294",2,1,1
"S00132295",0,0,0
"S00132296",0,0,0
"S00132297",1,1,0
"S00132298",0,0,0
"S00132299",1,1,0
"S00132300",0,0,0
"S00132301",0,0,0
"S00132302",0,0,0
"S00132303",0,0,0
"S00132304",0,0,0
"S00132305",0,0,0
"S00132306",1,0,1
"S00132307",0,0,0
"S00132308",1,1,0
"S00132309",0,0,0
"S00132310",0,0,0
"S00132311",4,3,1
"S00132312",1,0,1
"S00132313",0,0,0
"S00132314",0,0,0
"S00132315",0,0,0
"S00132316",0,0,0
"S00132317",0,0,0
"S00132318",0,0,0
"S00132319",2,0,2
"S00132320",0,0,0
"S00132321",1,0,1
"S00132322",0,0,0
"S00132323",3,3,0
"S00132324",0,0,0
"S00132325",0,0,0
"S00132326",0,0,0
"S00132327",0,0,0
"S00132328",0,0,0
"S00132329",0,0,0
"S00132330",1,1,0
"S00132331",0,0,0
"S00132332",0,0,0
"S00132333",0,0,0
"S00132334",0,0,0
"S00132335",0,0,0
"S00132336",0,0,0
"S00132337",0,0,0
"S00132338",0,0,0
"S00132339",3,0,3
"S00132340",0,0,0
"S00132341",4,1,3
"S00132342",1,0,1
"S00132343",0,0,0
"S00132344",0,0,0
"S00132345",0,0,0
"S00132346",0,0,0
"S00132347",0,0,0
"S00132348",0,0,0
"S00132349",0,0,0
"S00132350",0,0,0
"S00132351",0,0,0
"S00132352",0,0,0
"S00132353",1,1,0
"S00132354",0,0,0
"S00132355",0,0,0
"S00132356",2,1,1
"S00132357",0,0,0
"S00132358",0,0,0
"S00132359",0,0,0
"S00132360",5,3,2
"S00132361",0,0,0
"S00132362",1,1,0
"S00132363",1,0,1
"S00132364",1,0,1
"S00132365",1,0,1
"S00132366",0,0,0
"S00132367",4,3,1
"S00132368",1,0,1
"S00132369",0,0,0
"S00132370",1,0,1
"S00132371",0,0,0
"S00132372",1,1,0
"S00132373",1,0,1
"S00132374",0,0,0
"S00132375",0,0,0
"S00132376",1,0,1
"S00132377",1,0,1
"S00132378",1,1,0
"S00132379",1,1,0
"S00132380",0,0,0
"S00132381",0,0,0
"S00132382",1,0,1
"S00132383",0,0,0
"S00132384",0,0,0
"S00132385",0,0,0
"S00132386",0,0,0
"S00132387",4,2,2
"S00132388",2,0,2
"S00132389",3,1,2
"S00132390",0,0,0
"S00132391",0,0,0
"S00132392",0,0,0
"S00132393",1,1,0
"S00132394",0,0,0
"S00132395",1,0,1
"S00132396",2,0,2
"S00132397",2,0,2
"S00132398",0,0,0
"S00132399",0,0,0
"S00132400",0,0,0
"S00132401",0,0,0
"S00132402",0,0,0
"S00132403",0,0,0
"S00132404",0,0,0
"S00132405",0,0,0
"S00132406",0,0,0
"S00132407",0,0,0
"S00132408",1,0,1
"S00132409",0,0,0
"S00132410",0,0,0
"S00132411",2,2,0
"S00132412",0,0,0
"S00132413",0,0,0
"S00132414",0,0,0
"S00132415",1,0,1
"S00132416",0,0,0
"S00132417",1,1,0
"S00132418",0,0,0
"S00132419",1,1,0
"S00132420",0,0,0
"S00132421",0,0,0
"S00132422",0,0,0
"S00132423",0,0,0
"S00132424",2,0,2
"S00132425",1,1,0
"S00132426",0,0,0
"S00132427",0,0,0
"S00132428",0,0,0
"S00132429",0,0,0
"S00132430",0,0,0
"S00132431",1,1,0
"S00132432",0,0,0
"S00132433",0,0,0
"S00132434",1,0,1
"S00132435",0,0,0
"S00132436",0,0,0
"S00132437",0,0,0
"S00132438",0,0,0
"S00132439",0,0,0
"S00132440",0,0,0
"S00132441",1,0,1
"S00132442",1,0,1
"S00132443",0,0,0
"S00132444",1,0,1
"S00132445",0,0,0
"S00132446",0,0,0
"S00132447",0,0,0
"S00132448",0,0,0
"S00132449",0,0,0
"S00132450",1,0,1
"S00132451",0,0,0
"S00132452",0,0,0
"S00132453",1,0,1
"S00132454",0,0,0
"S00132455",1,0,1
"S00132456",1,0,1
"S00132457",0,0,0
"S00132458",0,0,0
"S00132459",0,0,0
"S00132460",0,0,0
"S00132461",2,0,2
"S00132462",0,0,0
"S00132463",0,0,0
"S00132464",0,0,0
"S00132465",0,0,0
"S00132466",1,1,0
"S00132467",0,0,0
"S00132468",0,0,0
"S00132469",0,0,0
"S00132470",0,0,0
"S00132471",0,0,0
"S00132472",0,0,0
"S00132473",0,0,0
"S00132474",0,0,0
"S00132475",0,0,0
"S00132476",0,0,0
"S00132477",0,0,0
"S00132478",0,0,0
"S00132479",0,0,0
"S00132480",0,0,0
"S00132481",1,1,0
"S00132482",0,0,0
"S00132483",3,2,1
"S00132484",0,0,0
"S00132485",0,0,0
"S00132486",1,0,1
"S00132487",1,1,0
"S00132488",0,0,0
"S00132489",0,0,0
"S00132490",0,0,0
"S00132491",0,0,0
"S00132492",5,5,0
"S00132493",0,0,0
"S00132494",2,2,0
"S00132495",0,0,0
"S00132496",0,0,0
"S00132497",5,2,3
"S00132498",0,0,0
"S00132499",0,0,0
"S00132500",0,0,0
"S00132501",0,0,0
"S00132502",3,0,3
"S00132503",1,0,1
"S00132504",8,6,2
"S00132505",3,2,1
"S00132506",0,0,0
"S00132507",3,2,1
"S00132508",0,0,0
"S00132509",5,3,2
"S00132510",1,0,1
"S00132511",0,0,0
"S00132512",1,0,1
"S00132513",0,0,0
"S00132514",2,1,1
"S00132515",1,1,0
"S00132516",0,0,0
"S00132517",2,1,1
"S00132518",1,0,1
"S00132519",5,0,5
"S00132520",4,2,2
"S00132521",5,4,1
"S00132522",0,0,0
"S00132523",0,0,0
"S00132524",1,1,0
"S00132525",0,0,0
"S00132526",2,1,1
"S00132527",4,1,3
"S00132528",0,0,0
"S00132529",1,0,1
"S00132530",0,0,0
"S00132531",0,0,0
"S00132532",3,1,2
"S00132533",0,0,0
"S00132534",0,0,0
"S00132535",4,3,1
"S00132536",0,0,0
"S00132537",1,0,1
"S00132538",0,0,0
"S00132539",0,0,0
"S00132540",0,0,0
"S00132541",0,0,0
"S00132542",0,0,0
"S00132543",0,0,0
"S00132544",3,1,2
"S00132545",1,1,0
"S00132546",1,0,1
"S00132547",0,0,0
"S00132548",3,2,1
"S00132549",3,1,2
"S00132550",0,0,0
"S00132551",0,0,0
"S00132552",0,0,0
"S00132553",0,0,0
"S00132554",0,0,0
"S00132555",3,0,3
"S00132556",2,1,1
"S00132557",1,0,1
"S00132558",2,2,0
"S00132559",1,0,1
"S00132560",0,0,0
"S00132561",5,2,3
"S00132562",2,2,0
"S00132563",3,2,1
"S00132564",7,1,6
"S00132565",1,0,1
"S00132566",4,3,1
"S00132567",4,2,2
"S00132568",0,0,0
"S00132569",0,0,0
"S00132570",0,0,0
"S00132571",0,0,0
"S00132572",0,0,0
"S00132573",0,0,0
"S00132574",0,0,0
"S00132575",0,0,0
"S00132576",1,1,0
"S00132577",0,0,0
"S00132578",0,0,0
"S00132579",2,0,2
"S00132580",0,0,0
"S00132581",0,0,0
"S00132582",0,0,0
"S00132583",0,0,0
"S00132584",0,0,0
"S00132585",0,0,0
"S00132586",2,1,1
"S00132587",0,0,0
"S00132588",0,0,0
"S00132589",0,0,0
"S00132590",1,1,0
"S00132591",0,0,0
"S00132592",0,0,0
"S00132593",0,0,0
"S00132594",1,1,0
"S00132595",0,0,0
"S00132596",0,0,0
"S00132597",0,0,0
"S00132598",0,0,0
"S00132599",2,1,1
"S00132600",0,0,0
"S00132601",0,0,0
"S00132602",0,0,0
"S00132603",0,0,0
"S00132604",0,0,0
"S00132605",0,0,0
"S00132606",0,0,0
"S00132607",0,0,0
"S00132608",0,0,0
"S00132609",0,0,0
"S00132610",0,0,0
"S00132611",0,0,0
"S00132612",0,0,0
"S00132613",0,0,0
"S00132614",0,0,0
"S00132615",1,0,1
"S00132616",0,0,0
"S00132617",0,0,0
"S00132618",0,0,0
"S00132619",0,0,0
"S00132620",1,1,0
"S00132621",0,0,0
"S00132622",0,0,0
"S00132623",0,0,0
"S00132624",0,0,0
"S00132625",0,0,0
"S00132626",1,0,1
"S00132627",1,0,1
"S00132628",0,0,0
"S00132629",0,0,0
"S00132630",0,0,0
"S00132631",0,0,0
"S00132632",0,0,0
"S00132633",0,0,0
"S00132634",1,0,1
"S00132635",1,0,1
"S00132636",2,1,1
"S00132637",0,0,0
"S00132638",0,0,0
"S00132639",0,0,0
"S00132640",0,0,0
"S00132641",0,0,0
"S00132642",2,2,0
"S00132643",0,0,0
"S00132644",0,0,0
"S00132645",0,0,0
"S00132646",0,0,0
"S00132647",0,0,0
"S00132648",0,0,0
"S00132649",0,0,0
"S00132650",0,0,0
"S00132651",0,0,0
"S00132652",0,0,0
"S00132653",0,0,0
"S00132654",0,0,0
"S00132655",3,1,2
"S00132656",0,0,0
"S00132657",0,0,0
"S00132658",1,0,1
"S00132659",0,0,0
"S00132660",0,0,0
"S00132661",1,0,1
"S00132662",1,0,1
"S00132663",0,0,0
"S00132664",2,2,0
"S00132665",0,0,0
"S00132666",1,0,1
"S00132667",3,1,2
"S00132668",1,0,1
"S00132669",0,0,0
"S00132670",0,0,0
"S00132671",1,1,0
"S00132672",0,0,0
"S00132673",0,0,0
"S00132674",0,0,0
"S00132675",3,2,1
"S00132676",0,0,0
"S00132677",1,0,1
"S00132678",1,1,0
"S00132679",0,0,0
"S00132680",4,1,3
"S00132681",0,0,0
"S00132682",3,1,2
"S00132683",3,0,3
"S00132684",0,0,0
"S00132685",0,0,0
"S00132686",2,1,1
"S00132687",0,0,0
"S00132688",0,0,0
"S00132689",1,1,0
"S00132690",0,0,0
"S00132691",0,0,0
"S00132692",3,0,3
"S00132693",0,0,0
"S00132694",2,1,1
"S00132695",1,0,1
"S00132696",0,0,0
"S00132697",0,0,0
"S00132698",0,0,0
"S00132699",0,0,0
"S00132700",0,0,0
"S00132701",0,0,0
"S00132702",0,0,0
"S00132703",0,0,0
"S00132704",0,0,0
"S00132705",0,0,0
"S00132706",0,0,0
"S00132707",0,0,0
"S00132708",0,0,0
"S00132709",0,0,0
"S00132710",1,1,0
"S00132711",1,1,0
"S00132712",1,1,0
"S00132713",0,0,0
"S00132714",0,0,0
"S00132715",2,0,2
"S00132716",0,0,0
"S00132717",0,0,0
"S00132718",0,0,0
"S00132719",0,0,0
"S00132720",0,0,0
"S00132721",0,0,0
"S00132722",0,0,0
"S00132723",1,1,0
"S00132724",1,1,0
"S00132725",1,1,0
"S00132726",0,0,0
"S00132727",1,1,0
"S00132728",0,0,0
"S00132729",1,0,1
"S00132730",1,0,1
"S00132731",0,0,0
"S00132732",1,0,1
"S00132733",0,0,0
"S00132734",1,0,1
"S00132735",1,0,1
"S00132736",0,0,0
"S00132737",0,0,0
"S00132738",0,0,0
"S00132739",0,0,0
"S00132740",1,0,1
"S00132741",2,1,1
"S00132742",0,0,0
"S00132743",1,1,0
"S00132744",0,0,0
"S00132745",0,0,0
"S00132746",0,0,0
"S00132747",1,1,0
"S00132748",0,0,0
"S00132749",0,0,0
"S00132750",0,0,0
"S00132751",0,0,0
"S00132752",0,0,0
"S00132753",0,0,0
"S00132754",0,0,0
"S00132755",0,0,0
"S00132756",0,0,0
"S00132757",0,0,0
"S00132758",0,0,0
"S00132759",0,0,0
"S00132760",0,0,0
"S00132761",0,0,0
"S00132762",1,0,1
"S00132763",0,0,0
"S00132764",0,0,0
"S00132765",0,0,0
"S00132766",0,0,0
"S00132767",1,0,1
"S00132768",1,1,0
"S00132769",0,0,0
"S00132770",0,0,0
"S00132771",0,0,0
"S00132772",0,0,0
"S00132773",0,0,0
"S00132774",0,0,0
"S00132775",0,0,0
"S00132776",0,0,0
"S00132777",0,0,0
"S00132778",0,0,0
"S00132779",0,0,0
"S00132780",0,0,0
"S00132781",0,0,0
"S00132782",0,0,0
"S00132783",0,0,0
"S00132784",0,0,0
"S00132785",0,0,0
"S00132786",0,0,0
"S00132787",0,0,0
"S00132788",2,2,0
"S00132789",0,0,0
"S00132790",0,0,0
"S00132791",1,0,1
"S00132792",1,1,0
"S00132793",0,0,0
"S00132794",0,0,0
"S00132795",1,0,1
"S00132796",0,0,0
"S00132797",0,0,0
"S00132798",0,0,0
"S00132799",1,0,1
"S00132800",0,0,0
"S00132801",0,0,0
"S00132802",0,0,0
"S00132803",0,0,0
"S00132804",1,0,1
"S00132805",0,0,0
"S00132806",0,0,0
"S00132807",0,0,0
"S00132808",0,0,0
"S00132809",0,0,0
"S00132810",0,0,0
"S00132811",0,0,0
"S00132812",0,0,0
"S00132813",0,0,0
"S00132814",0,0,0
"S00132815",0,0,0
"S00132816",0,0,0
"S00132817",0,0,0
"S00132818",1,1,0
"S00132819",0,0,0
"S00132820",1,0,1
"S00132821",0,0,0
"S00132822",0,0,0
"S00132823",0,0,0
"S00132824",0,0,0
"S00132825",0,0,0
"S00132826",0,0,0
"S00132827",0,0,0
"S00132828",0,0,0
"S00132829",0,0,0
"S00132830",1,1,0
"S00132831",0,0,0
"S00132832",2,2,0
"S00132833",1,0,1
"S00132834",0,0,0
"S00132835",0,0,0
"S00132836",0,0,0
"S00132837",1,0,1
"S00132838",0,0,0
"S00132839",0,0,0
"S00132840",1,0,1
"S00132841",0,0,0
"S00132842",2,1,1
"S00132843",0,0,0
"S00132844",0,0,0
"S00132845",0,0,0
"S00132846",0,0,0
"S00132847",0,0,0
"S00132848",1,0,1
"S00132849",0,0,0
"S00132850",0,0,0
"S00132851",2,0,2
"S00132852",1,0,1
"S00132853",1,0,1
"S00132854",0,0,0
"S00132855",2,1,1
"S00132856",0,0,0
"S00132857",2,2,0
"S00132858",1,0,1
"S00132859",1,1,0
"S00132860",1,0,1
"S00132861",2,2,0
"S00132862",0,0,0
"S00132863",0,0,0
"S00132864",0,0,0
"S00132865",1,1,0
"S00132866",1,0,1
"S00132867",1,0,1
"S00132868",4,1,3
"S00132869",1,1,0
"S00132870",1,1,0
"S00132871",3,3,0
"S00132872",2,1,1
"S00132873",0,0,0
"S00132874",2,1,1
"S00132875",0,0,0
"S00132876",2,1,1
"S00132877",0,0,0
"S00132878",3,0,3
"S00132879",0,0,0
"S00132880",0,0,0
"S00132881",1,1,0
"S00132882",2,0,2
"S00132883",1,1,0
"S00132884",0,0,0
"S00132885",1,0,1
"S00132886",0,0,0
"S00132887",0,0,0
"S00132888",0,0,0
"S00132889",1,0,1
"S00132890",2,1,1
"S00132891",2,2,0
"S00132892",1,1,0
"S00132893",2,0,2
"S00132894",3,2,1
"S00132895",1,1,0
"S00132896",1,0,1
"S00132897",2,2,0
"S00132898",6,2,4
"S00132899",0,0,0
"S00132900",3,2,1
"S00132901",8,3,5
"S00132902",5,2,3
"S00132903",4,2,2
"S00132904",1,0,1
"S00132905",1,0,1
"S00132906",4,4,0
"S00132907",5,1,4
"S00132908",1,1,0
"S00132909",7,4,3
"S00132910",1,1,0
"S00132911",3,2,1
"S00132912",14,9,5
"S00132913",2,2,0
"S00132914",3,2,1
"S00132915",2,1,1
"S00132916",1,1,0
"S00132917",0,0,0
"S00132918",2,1,1
"S00132919",5,4,1
"S00132920",1,0,1
"S00132921",1,0,1
"S00132922",1,1,0
"S00132923",0,0,0
"S00132924",2,2,0
"S00132925",3,0,3
"S00132926",3,2,1
"S00132927",3,1,2
"S00132928",5,2,3
"S00132929",7,2,5
"S00132930",3,3,0
"S00132931",2,1,1
"S00132932",1,0,1
"S00132933",3,1,2
"S00132934",3,3,0
"S00132935",1,0,1
"S00132936",5,1,4
"S00132937",4,1,3
"S00132938",1,1,0
"S00132939",0,0,0
"S00132940",3,1,2
"S00132941",5,0,5
"S00132942",0,0,0
"S00132943",3,2,1
"S00132944",4,3,1
"S00132945",5,2,3
"S00132946",1,0,1
"S00132947",1,1,0
"S00132948",0,0,0
"S00132949",0,0,0
"S00132950",0,0,0
"S00132951",6,5,1
"S00132952",3,0,3
"S00132953",0,0,0
"S00132954",1,1,0
"S00132955",3,2,1
"S00132956",11,3,8
"S00132957",7,4,3
"S00132958",5,3,2
"S00132959",1,0,1
"S00132960",7,4,3
"S00132961",4,2,2
"S00132962",4,2,2
"S00132963",2,1,1
"S00132964",0,0,0
"S00132965",2,0,2
"S00132966",0,0,0
"S00132967",0,0,0
"S00132968",0,0,0
"S00132969",0,0,0
"S00132970",0,0,0
"S00132971",0,0,0
"S00132972",0,0,0
"S00132973",1,1,0
"S00132974",0,0,0
"S00132975",1,0,1
"S00132976",1,0,1
"S00132977",0,0,0
"S00132978",0,0,0
"S00132979",0,0,0
"S00132980",0,0,0
"S00132981",1,0,1
"S00132982",2,1,1
"S00132983",1,1,0
"S00132984",0,0,0
"S00132985",5,3,2
"S00132986",3,2,1
"S00132987",0,0,0
"S00132988",9,5,4
"S00132989",2,1,1
"S00132990",2,2,0
"S00132991",0,0,0
"S00132992",0,0,0
"S00132993",0,0,0
"S00132994",0,0,0
"S00132995",0,0,0
"S00132996",0,0,0
"S00132997",0,0,0
"S00132998",0,0,0
"S00132999",0,0,0
"S00133000",0,0,0
"S00133001",0,0,0
"S00133002",0,0,0
"S00133003",0,0,0
"S00133004",6,3,3
"S00133005",1,1,0
"S00133006",1,1,0
"S00133007",2,2,0
"S00133008",0,0,0
"S00133009",0,0,0
"S00133010",0,0,0
"S00133011",0,0,0
"S00133012",3,1,2
"S00133013",3,0,3
"S00133014",1,0,1
"S00133015",0,0,0
"S00133016",0,0,0
"S00133017",3,2,1
"S00133018",1,1,0
"S00133019",1,0,1
"S00133020",0,0,0
"S00133021",0,0,0
"S00133022",0,0,0
"S00133023",0,0,0
"S00133024",0,0,0
"S00133025",1,1,0
"S00133026",0,0,0
"S00133027",0,0,0
"S00133028",3,2,1
"S00133029",0,0,0
"S00133030",0,0,0
"S00133031",0,0,0
"S00133032",0,0,0
"S00133033",1,0,1
"S00133034",0,0,0
"S00133035",0,0,0
"S00133036",0,0,0
"S00133037",0,0,0
"S00133038",0,0,0
"S00133039",0,0,0
"S00133040",0,0,0
"S00133041",0,0,0
"S00133042",2,2,0
"S00133043",0,0,0
"S00133044",2,1,1
"S00133045",0,0,0
"S00133046",0,0,0
"S00133047",0,0,0
"S00133048",0,0,0
"S00133049",0,0,0
"S00133050",2,1,1
"S00133051",2,2,0
"S00133052",1,1,0
"S00133053",7,5,2
"S00133054",2,0,2
"S00133055",3,2,1
"S00133056",0,0,0
"S00133057",1,1,0
"S00133058",1,1,0
"S00133059",0,0,0
"S00133060",0,0,0
"S00133061",0,0,0
"S00133062",1,1,0
"S00133063",0,0,0
"S00133064",2,2,0
"S00133065",0,0,0
"S00133066",2,1,1
"S00133067",3,2,1
"S00133068",4,4,0
"S00133069",0,0,0
"S00133070",2,2,0
"S00133071",0,0,0
"S00133072",7,2,5
"S00133073",0,0,0
"S00133074",1,0,1
"S00133075",3,1,2
"S00133076",0,0,0
"S00133077",8,4,4
"S00133078",6,3,3
"S00133079",5,2,3
"S00133080",4,4,0
"S00133081",5,3,2
"S00133082",2,1,1
"S00133083",0,0,0
"S00133084",0,0,0
"S00133085",0,0,0
"S00133086",0,0,0
"S00133087",0,0,0
"S00133088",0,0,0
"S00133089",1,1,0
"S00133090",0,0,0
"S00133091",1,1,0
"S00133092",0,0,0
"S00133093",1,1,0
"S00133094",0,0,0
"S00133095",0,0,0
"S00133096",0,0,0
"S00133097",0,0,0
"S00133098",1,0,1
"S00133099",0,0,0
"S00133100",0,0,0
"S00133101",1,0,1
"S00133102",1,1,0
"S00133103",1,0,1
"S00133104",0,0,0
"S00133105",0,0,0
"S00133106",0,0,0
"S00133107",1,1,0
"S00133108",0,0,0
"S00133109",0,0,0
"S00133110",0,0,0
"S00133111",0,0,0
"S00133112",1,0,1
"S00133113",0,0,0
"S00133114",1,1,0
"S00133115",0,0,0
"S00133116",0,0,0
"S00133117",1,1,0
"S00133118",0,0,0
"S00133119",0,0,0
"S00133120",0,0,0
"S00133121",0,0,0
"S00133122",1,1,0
"S00133123",0,0,0
"S00133124",2,1,1
"S00133125",0,0,0
"S00133126",0,0,0
"S00133127",0,0,0
"S00133128",2,0,2
"S00133129",4,1,3
"S00133130",0,0,0
"S00133131",1,0,1
"S00133132",1,0,1
"S00133133",0,0,0
"S00133134",1,1,0
"S00133135",1,1,0
"S00133136",0,0,0
"S00133137",2,2,0
"S00133138",4,0,4
"S00133139",0,0,0
"S00133140",2,2,0
"S00133141",0,0,0
"S00133142",1,1,0
"S00133143",3,1,2
"S00133144",2,2,0
"S00133145",2,0,2
"S00133146",3,1,2
"S00133147",2,1,1
"S00133148",0,0,0
"S00133149",2,1,1
"S00133150",2,0,2
"S00133151",6,2,4
"S00133152",1,1,0
"S00133153",3,1,2
"S00133154",5,1,4
"S00133155",9,8,1
"S00133156",0,0,0
"S00133157",0,0,0
"S00133158",1,0,1
"S00133159",0,0,0
"S00133160",0,0,0
"S00133161",0,0,0
"S00133162",0,0,0
"S00133163",1,0,1
"S00133164",3,2,1
"S00133165",0,0,0
"S00133166",1,1,0
"S00133167",0,0,0
"S00133168",0,0,0
"S00133169",0,0,0
"S00133170",0,0,0
"S00133171",1,1,0
"S00133172",0,0,0
"S00133173",0,0,0
"S00133174",1,0,1
"S00133175",0,0,0
"S00133176",0,0,0
"S00133177",1,1,0
"S00133178",0,0,0
"S00133179",0,0,0
"S00133180",0,0,0
"S00133181",0,0,0
"S00133182",1,1,0
"S00133183",1,0,1
"S00133184",6,3,3
"S00133185",0,0,0
"S00133186",0,0,0
"S00133187",0,0,0
"S00133188",0,0,0
"S00133189",0,0,0
"S00133190",1,0,1
"S00133191",0,0,0
"S00133192",0,0,0
"S00133193",1,1,0
"S00133194",0,0,0
"S00133195",0,0,0
"S00133196",0,0,0
"S00133197",0,0,0
"S00133198",1,1,0
"S00133199",0,0,0
"S00133200",0,0,0
"S00133201",1,1,0
"S00133202",2,2,0
"S00133203",3,2,1
"S00133204",0,0,0
"S00133205",0,0,0
"S00133206",0,0,0
"S00133207",0,0,0
"S00133208",0,0,0
"S00133209",0,0,0
"S00133210",1,0,1
"S00133211",2,2,0
"S00133212",0,0,0
"S00133213",7,5,2
"S00133214",1,0,1
"S00133215",0,0,0
"S00133216",0,0,0
"S00133217",0,0,0
"S00133218",0,0,0
"S00133219",0,0,0
"S00133220",0,0,0
"S00133221",2,1,1
"S00133222",0,0,0
"S00133223",3,3,0
"S00133224",2,2,0
"S00133225",3,1,2
"S00133226",2,2,0
"S00133227",1,0,1
"S00133228",2,1,1
"S00133229",0,0,0
"S00133230",0,0,0
"S00133231",0,0,0
"S00133232",0,0,0
"S00133233",4,1,3
"S00133234",2,1,1
"S00133235",5,1,4
"S00133236",3,2,1
"S00133237",0,0,0
"S00133238",4,2,2
"S00133239",1,1,0
"S00133240",5,3,2
"S00133241",2,0,2
"S00133242",3,1,2
"S00133243",4,1,3
"S00133244",1,0,1
"S00133245",3,0,3
"S00133246",0,0,0
"S00133247",1,1,0
"S00133248",4,1,3
"S00133249",1,1,0
"S00133250",0,0,0
"S00133251",9,5,4
"S00133252",5,1,4
"S00133253",0,0,0
"S00133254",2,1,1
"S00133255",0,0,0
"S00133256",7,3,4
"S00133257",0,0,0
"S00133258",0,0,0
"S00133259",0,0,0
"S00133260",1,1,0
"S00133261",0,0,0
"S00133262",0,0,0
"S00133263",0,0,0
"S00133264",0,0,0
"S00133265",0,0,0
"S00133266",0,0,0
"S00133267",0,0,0
"S00133268",0,0,0
"S00133269",0,0,0
"S00133270",0,0,0
"S00133271",2,1,1
"S00133272",0,0,0
"S00133273",1,0,1
"S00133274",0,0,0
"S00133275",1,1,0
"S00133276",0,0,0
"S00133277",4,2,2
"S00133278",1,1,0
"S00133279",3,1,2
"S00133280",2,2,0
"S00133281",0,0,0
"S00133282",1,0,1
"S00133283",0,0,0
"S00133284",2,1,1
"S00133285",2,1,1
"S00133286",2,0,2
"S00133287",0,0,0
"S00133288",0,0,0
"S00133289",0,0,0
"S00133290",0,0,0
"S00133291",1,0,1
"S00133292",0,0,0
"S00133293",1,1,0
"S00133294",0,0,0
"S00133295",0,0,0
"S00133296",0,0,0
"S00133297",0,0,0
"S00133298",0,0,0
"S00133299",0,0,0
"S00133300",0,0,0
"S00133301",0,0,0
"S00133302",1,0,1
"S00133303",0,0,0
"S00133304",1,0,1
"S00133305",0,0,0
"S00133306",0,0,0
"S00133307",2,1,1
"S00133308",4,2,2
"S00133309",2,1,1
"S00133310",2,1,1
"S00133311",7,4,3
"S00133312",10,2,8
"S00133313",3,2,1
"S00133314",2,1,1
"S00133315",4,4,0
"S00133316",6,4,2
"S00133317",0,0,0
"S00133318",2,1,1
"S00133319",7,3,4
"S00133320",4,3,1
"S00133321",7,3,4
"S00133322",0,0,0
"S00133323",4,3,1
"S00133324",4,1,3
"S00133325",0,0,0
"S00133326",1,0,1
"S00133327",3,0,3
"S00133328",1,0,1
"S00133329",3,2,1
"S00133330",0,0,0
"S00133331",3,2,1
"S00133332",2,1,1
"S00133333",2,1,1
"S00133334",6,5,1
"S00133335",2,1,1
"S00133336",1,1,0
"S00133337",0,0,0
"S00133338",0,0,0
"S00133339",2,0,2
"S00133340",6,3,3
"S00133341",3,3,0
"S00133342",5,4,1
"S00133343",2,1,1
"S00133344",4,1,3
"S00133345",2,1,1
"S00133346",9,3,6
"S00133347",8,5,3
"S00133348",6,4,2
"S00133349",3,1,2
"S00133350",4,3,1
"S00133351",1,0,1
"S00133352",6,6,0
"S00133353",2,2,0
"S00133354",4,3,1
"S00133355",2,1,1
"S00133356",9,3,6
"S00133357",0,0,0
"S00133358",1,0,1
"S00133359",8,4,4
"S00133360",0,0,0
"S00133361",0,0,0
"S00133362",1,1,0
"S00133363",4,1,3
"S00133364",1,1,0
"S00133365",1,0,1
"S00133366",0,0,0
"S00133367",2,1,1
"S00133368",8,4,4
"S00133369",2,2,0
"S00133370",7,3,4
"S00133371",3,1,2
"S00133372",4,3,1
"S00133373",2,2,0
"S00133374",8,6,2
"S00133375",1,1,0
"S00133376",2,1,1
"S00133377",2,1,1
"S00133378",4,3,1
"S00133379",3,1,2
"S00133380",7,2,5
"S00133381",5,3,2
"S00133382",0,0,0
"S00133383",0,0,0
"S00133384",2,2,0
"S00133385",0,0,0
"S00133386",1,0,1
"S00133387",0,0,0
"S00133388",3,2,1
"S00133389",2,1,1
"S00133390",0,0,0
"S00133391",0,0,0
"S00133392",3,1,2
"S00133393",0,0,0
"S00133394",1,0,1
"S00133395",0,0,0
"S00133396",1,1,0
"S00133397",2,1,1
"S00133398",1,1,0
"S00133399",2,1,1
"S00133400",4,1,3
"S00133401",2,2,0
"S00133402",2,0,2
"S00133403",2,0,2
"S00133404",7,5,2
"S00133405",4,0,4
"S00133406",1,0,1
"S00133407",2,2,0
"S00133408",7,3,4
"S00133409",0,0,0
"S00133410",1,0,1
"S00133411",3,2,1
"S00133412",4,3,1
"S00133413",6,2,4
"S00133414",1,1,0
"S00133415",0,0,0
"S00133416",0,0,0
"S00133417",3,1,2
"S00133418",1,0,1
"S00133419",1,0,1
"S00133420",4,3,1
"S00133421",1,1,0
"S00133422",2,0,2
"S00133423",0,0,0
"S00133424",1,1,0
"S00133425",2,1,1
"S00133426",0,0,0
"S00133427",0,0,0
"S00133428",1,0,1
"S00133429",0,0,0
"S00133430",1,0,1
"S00133431",0,0,0
"S00133432",1,1,0
"S00133433",0,0,0
"S00133434",4,1,3
"S00133435",0,0,0
"S00133436",3,2,1
"S00133437",0,0,0
"S00133438",5,1,4
"S00133439",0,0,0
"S00133440",0,0,0
"S00133441",0,0,0
"S00133442",2,1,1
"S00133443",4,3,1
"S00133444",6,3,3
"S00133445",2,0,2
"S00133446",0,0,0
"S00133447",0,0,0
"S00133448",0,0,0
"S00133449",0,0,0
"S00133450",3,0,3
"S00133451",3,2,1
"S00133452",6,2,4
"S00133453",0,0,0
"S00133454",2,1,1
"S00133455",0,0,0
"S00133456",11,4,7
"S00133457",0,0,0
"S00133458",0,0,0
"S00133459",11,5,6
"S00133460",2,1,1
"S00133461",2,0,2
"S00133462",0,0,0
"S00133463",2,0,2
"S00133464",5,3,2
"S00133465",0,0,0
"S00133466",2,1,1
"S00133467",0,0,0
"S00133468",0,0,0
"S00133469",0,0,0
"S00133470",1,1,0
"S00133471",0,0,0
"S00133472",0,0,0
"S00133473",0,0,0
"S00133474",0,0,0
"S00133475",0,0,0
"S00133476",1,0,1
"S00133477",0,0,0
"S00133478",0,0,0
"S00133479",4,1,3
"S00133480",1,0,1
"S00133481",1,0,1
"S00133482",1,0,1
"S00133483",0,0,0
"S00133484",6,4,2
"S00133485",10,2,8
"S00133486",2,2,0
"S00133487",0,0,0
"S00133488",0,0,0
"S00133489",4,2,2
"S00133490",4,1,3
"S00133491",6,2,4
"S00133492",2,1,1
"S00133493",1,0,1
"S00133494",6,5,1
"S00133495",2,1,1
"S00133496",0,0,0
"S00133497",0,0,0
"S00133498",3,2,1
"S00133499",1,1,0
"S00133500",2,1,1
"S00133501",0,0,0
"S00133502",3,1,2
"S00133503",1,0,1
"S00133504",1,0,1
"S00133505",0,0,0
"S00133506",5,1,4
"S00133507",3,0,3
"S00133508",1,1,0
"S00133509",4,2,2
"S00133510",1,0,1
"S00133511",0,0,0
"S00133512",1,1,0
"S00133513",0,0,0
"S00133514",0,0,0
"S00133515",0,0,0
"S00133516",0,0,0
"S00133517",2,1,1
"S00133518",0,0,0
"S00133519",3,2,1
"S00133520",0,0,0
"S00133521",4,1,3
"S00133522",2,1,1
"S00133523",0,0,0
"S00133524",1,0,1
"S00133525",0,0,0
"S00133526",2,1,1
"S00133527",0,0,0
"S00133528",3,0,3
"S00133529",7,3,4
"S00133530",0,0,0
"S00133531",0,0,0
"S00133532",0,0,0
"S00133533",0,0,0
"S00133534",1,1,0
"S00133535",0,0,0
"S00133536",1,0,1
"S00133537",0,0,0
"S00133538",2,2,0
"S00133539",3,1,2
"S00133540",3,3,0
"S00133541",2,1,1
"S00133542",2,1,1
"S00133543",0,0,0
"S00133544",0,0,0
"S00133545",0,0,0
"S00133546",1,1,0
"S00133547",1,0,1
"S00133548",4,3,1
"S00133549",0,0,0
"S00133550",0,0,0
"S00133551",0,0,0
"S00133552",0,0,0
"S00133553",0,0,0
"S00133554",0,0,0
"S00133555",0,0,0
"S00133556",0,0,0
"S00133557",0,0,0
"S00133558",0,0,0
"S00133559",1,1,0
"S00133560",0,0,0
"S00133561",0,0,0
"S00133562",2,2,0
"S00133563",0,0,0
"S00133564",0,0,0
"S00133565",1,0,1
"S00133566",1,1,0
"S00133567",0,0,0
"S00133568",1,0,1
"S00133569",0,0,0
"S00133570",1,1,0
"S00133571",2,2,0
"S00133572",0,0,0
"S00133573",4,2,2
"S00133574",3,2,1
"S00133575",0,0,0
"S00133576",6,5,1
"S00133577",0,0,0
"S00133578",0,0,0
"S00133579",0,0,0
"S00133580",5,2,3
"S00133581",1,0,1
"S00133582",4,2,2
"S00133583",2,1,1
"S00133584",2,0,2
"S00133585",2,0,2
"S00133586",1,0,1
"S00133587",1,1,0
"S00133588",0,0,0
"S00133589",0,0,0
"S00133590",2,2,0
"S00133591",1,1,0
"S00133592",1,1,0
"S00133593",1,1,0
"S00133594",0,0,0
"S00133595",2,0,2
"S00133596",0,0,0
"S00133597",0,0,0
"S00133598",0,0,0
"S00133599",0,0,0
"S00133600",3,2,1
"S00133601",3,2,1
"S00133602",0,0,0
"S00133603",0,0,0
"S00133604",0,0,0
"S00133605",4,1,3
"S00133606",0,0,0
"S00133607",0,0,0
"S00133608",13,5,8
"S00133609",0,0,0
"S00133610",9,5,4
"S00133611",8,3,5
"S00133612",1,0,1
"S00133613",2,1,1
"S00133614",1,0,1
"S00133615",0,0,0
"S00133616",0,0,0
"S00133617",1,1,0
"S00133618",1,1,0
"S00133619",0,0,0
"S00133620",0,0,0
"S00133621",0,0,0
"S00133622",0,0,0
"S00133623",2,0,2
"S00133624",1,0,1
"S00133625",0,0,0
"S00133626",3,1,2
"S00133627",3,2,1
"S00133628",3,2,1
"S00133629",4,1,3
"S00133630",0,0,0
"S00133631",0,0,0
"S00133632",1,0,1
"S00133633",1,1,0
"S00133634",3,0,3
"S00133635",14,7,7
"S00133636",1,1,0
"S00133637",0,0,0
"S00133638",0,0,0
"S00133639",3,1,2
"S00133640",0,0,0
"S00133641",0,0,0
"S00133642",1,1,0
"S00133643",0,0,0
"S00133644",1,0,1
"S00133645",1,0,1
"S00133646",1,0,1
"S00133647",0,0,0
"S00133648",0,0,0
"S00133649",2,0,2
"S00133650",1,1,0
"S00133651",1,1,0
"S00133652",1,0,1
"S00133653",0,0,0
"S00133654",1,1,0
"S00133655",0,0,0
"S00133656",0,0,0
"S00133657",0,0,0
"S00133658",0,0,0
"S00133659",0,0,0
"S00133660",0,0,0
"S00133661",3,1,2
"S00133662",0,0,0
"S00133663",0,0,0
"S00133664",0,0,0
"S00133665",0,0,0
"S00133666",0,0,0
"S00133667",0,0,0
"S00133668",0,0,0
"S00133669",3,1,2
"S00133670",0,0,0
"S00133671",1,0,1
"S00133672",3,1,2
"S00133673",0,0,0
"S00133674",7,6,1
"S00133675",0,0,0
"S00133676",4,3,1
"S00133677",7,2,5
"S00133678",0,0,0
"S00133679",3,2,1
"S00133680",0,0,0
"S00133681",0,0,0
"S00133682",1,0,1
"S00133683",0,0,0
"S00133684",0,0,0
"S00133685",0,0,0
"S00133686",0,0,0
"S00133687",0,0,0
"S00133688",1,0,1
"S00133689",0,0,0
"S00133690",0,0,0
"S00133691",0,0,0
"S00133692",0,0,0
"S00133693",0,0,0
"S00133694",2,1,1
"S00133695",0,0,0
"S00133696",0,0,0
"S00133697",1,0,1
"S00133698",0,0,0
"S00133699",1,1,0
"S00133700",0,0,0
"S00133701",0,0,0
"S00133702",0,0,0
"S00133703",0,0,0
"S00133704",0,0,0
"S00133705",0,0,0
"S00133706",0,0,0
"S00133707",0,0,0
"S00133708",1,0,1
"S00133709",0,0,0
"S00133710",0,0,0
"S00133711",0,0,0
"S00133712",0,0,0
"S00133713",1,1,0
"S00133714",0,0,0
"S00133715",1,0,1
"S00133716",0,0,0
"S00133717",1,0,1
"S00133718",0,0,0
"S00133719",0,0,0
"S00133720",0,0,0
"S00133721",0,0,0
"S00133722",0,0,0
"S00133723",0,0,0
"S00133724",0,0,0
"S00133725",0,0,0
"S00133726",0,0,0
"S00133727",0,0,0
"S00133728",0,0,0
"S00133729",0,0,0
"S00133730",1,0,1
"S00133731",0,0,0
"S00133732",0,0,0
"S00133733",0,0,0
"S00133734",0,0,0
"S00133735",1,1,0
"S00133736",0,0,0
"S00133737",1,0,1
"S00133738",0,0,0
"S00133739",0,0,0
"S00133740",1,0,1
"S00133741",0,0,0
"S00133742",0,0,0
"S00133743",2,1,1
"S00133744",0,0,0
"S00133745",1,0,1
"S00133746",3,2,1
"S00133747",1,1,0
"S00133748",1,0,1
"S00133749",2,0,2
"S00133750",0,0,0
"S00133751",1,0,1
"S00133752",3,1,2
"S00133753",1,0,1
"S00133754",0,0,0
"S00133755",0,0,0
"S00133756",0,0,0
"S00133757",2,1,1
"S00133758",1,0,1
"S00133759",2,1,1
"S00133760",0,0,0
"S00133761",0,0,0
"S00133762",0,0,0
"S00133763",1,0,1
"S00133764",0,0,0
"S00133765",0,0,0
"S00133766",0,0,0
"S00133767",0,0,0
"S00133768",0,0,0
"S00133769",0,0,0
"S00133770",0,0,0
"S00133771",1,0,1
"S00133772",0,0,0
"S00133773",0,0,0
"S00133774",2,1,1
"S00133775",0,0,0
"S00133776",0,0,0
"S00133777",0,0,0
"S00133778",1,1,0
"S00133779",0,0,0
"S00133780",1,1,0
"S00133781",0,0,0
"S00133782",1,1,0
"S00133783",1,0,1
"S00133784",0,0,0
"S00133785",0,0,0
"S00133786",0,0,0
"S00133787",0,0,0
"S00133788",1,0,1
"S00133789",0,0,0
"S00133790",0,0,0
"S00133791",0,0,0
"S00133792",0,0,0
"S00133793",0,0,0
"S00133794",0,0,0
"S00133795",0,0,0
"S00133796",0,0,0
"S00133797",0,0,0
"S00133798",1,0,1
"S00133799",0,0,0
"S00133800",0,0,0
"S00133801",1,0,1
"S00133802",1,1,0
"S00133803",1,0,1
"S00133804",0,0,0
"S00133805",0,0,0
"S00133806",0,0,0
"S00133807",0,0,0
"S00133808",0,0,0
"S00133809",0,0,0
"S00133810",0,0,0
"S00133811",1,0,1
"S00133812",1,0,1
"S00133813",0,0,0
"S00133814",2,0,2
"S00133815",0,0,0
"S00133816",0,0,0
"S00133817",1,0,1
"S00133818",2,1,1
"S00133819",0,0,0
"S00133820",0,0,0
"S00133821",0,0,0
"S00133822",0,0,0
"S00133823",0,0,0
"S00133824",0,0,0
"S00133825",0,0,0
"S00133826",1,0,1
"S00133827",0,0,0
"S00133828",0,0,0
"S00133829",0,0,0
"S00133830",1,1,0
"S00133831",0,0,0
"S00133832",0,0,0
"S00133833",1,0,1
"S00133834",0,0,0
"S00133835",0,0,0
"S00133836",1,1,0
"S00133837",0,0,0
"S00133838",0,0,0
"S00133839",0,0,0
"S00133840",0,0,0
"S00133841",0,0,0
"S00133842",0,0,0
"S00133843",0,0,0
"S00133844",0,0,0
"S00133845",1,1,0
"S00133846",0,0,0
"S00133847",1,0,1
"S00133848",0,0,0
"S00133849",0,0,0
"S00133850",0,0,0
"S00133851",0,0,0
"S00133852",0,0,0
"S00133853",0,0,0
"S00133854",0,0,0
"S00133855",0,0,0
"S00133856",0,0,0
"S00133857",0,0,0
"S00133858",1,1,0
"S00133859",0,0,0
"S00133860",1,0,1
"S00133861",2,1,1
"S00133862",0,0,0
"S00133863",0,0,0
"S00133864",0,0,0
"S00133865",1,0,1
"S00133866",0,0,0
"S00133867",0,0,0
"S00133868",6,4,2
"S00133869",0,0,0
"S00133870",1,1,0
"S00133871",0,0,0
"S00133872",2,0,2
"S00133873",0,0,0
"S00133874",0,0,0
"S00133875",3,2,1
"S00133876",0,0,0
"S00133877",1,0,1
"S00133878",1,1,0
"S00133879",0,0,0
"S00133880",0,0,0
"S00133881",0,0,0
"S00133882",0,0,0
"S00133883",0,0,0
"S00133884",0,0,0
"S00133885",0,0,0
"S00133886",0,0,0
"S00133887",1,0,1
"S00133888",0,0,0
"S00133889",0,0,0
"S00133890",0,0,0
"S00133891",0,0,0
"S00133892",0,0,0
"S00133893",0,0,0
"S00133894",0,0,0
"S00133895",1,1,0
"S00133896",0,0,0
"S00133897",0,0,0
"S00133898",1,0,1
"S00133899",0,0,0
"S00133900",0,0,0
"S00133901",0,0,0
"S00133902",0,0,0
"S00133903",0,0,0
"S00133904",2,2,0
"S00133905",0,0,0
"S00133906",1,0,1
"S00133907",3,2,1
"S00133908",2,1,1
"S00133909",0,0,0
"S00133910",0,0,0
"S00133911",0,0,0
"S00133912",2,1,1
"S00133913",0,0,0
"S00133914",1,0,1
"S00133915",0,0,0
"S00133916",1,0,1
"S00133917",0,0,0
"S00133918",0,0,0
"S00133919",1,1,0
"S00133920",1,0,1
"S00133921",0,0,0
"S00133922",0,0,0
"S00133923",1,0,1
"S00133924",0,0,0
"S00133925",0,0,0
"S00133926",0,0,0
"S00133927",0,0,0
"S00133928",0,0,0
"S00133929",0,0,0
"S00133930",2,1,1
"S00133931",0,0,0
"S00133932",0,0,0
"S00133933",0,0,0
"S00133934",0,0,0
"S00133935",1,1,0
"S00133936",1,1,0
"S00133937",0,0,0
"S00133938",1,0,1
"S00133939",1,1,0
"S00133940",0,0,0
"S00133941",0,0,0
"S00133942",1,0,1
"S00133943",0,0,0
"S00133944",0,0,0
"S00133945",0,0,0
"S00133946",1,1,0
"S00133947",0,0,0
"S00133948",0,0,0
"S00133949",2,0,2
"S00133950",0,0,0
"S00133951",0,0,0
"S00133952",1,0,1
"S00133953",0,0,0
"S00133954",0,0,0
"S00133955",0,0,0
"S00133956",0,0,0
"S00133957",2,0,2
"S00133958",0,0,0
"S00133959",0,0,0
"S00133960",0,0,0
"S00133961",0,0,0
"S00133962",1,0,1
"S00133963",2,1,1
"S00133964",1,0,1
"S00133965",1,1,0
"S00133966",1,0,1
"S00133967",0,0,0
"S00133968",0,0,0
"S00133969",0,0,0
"S00133970",0,0,0
"S00133971",0,0,0
"S00133972",0,0,0
"S00133973",0,0,0
"S00133974",4,1,3
"S00133975",1,0,1
"S00133976",1,1,0
"S00133977",3,1,2
"S00133978",1,0,1
"S00133979",2,0,2
"S00133980",2,2,0
"S00133981",0,0,0
"S00133982",0,0,0
"S00133983",0,0,0
"S00133984",0,0,0
"S00133985",0,0,0
"S00133986",1,0,1
"S00133987",1,0,1
"S00133988",5,3,2
"S00133989",0,0,0
"S00133990",0,0,0
"S00133991",0,0,0
"S00133992",1,1,0
"S00133993",1,0,1
"S00133994",0,0,0
"S00133995",1,1,0
"S00133996",1,0,1
"S00133997",0,0,0
"S00133998",0,0,0
"S00133999",0,0,0
"S00134000",7,3,4
"S00134001",1,0,1
"S00134002",1,1,0
"S00134003",0,0,0
"S00134004",0,0,0
"S00134005",0,0,0
"S00134006",0,0,0
"S00134007",0,0,0
"S00134008",0,0,0
"S00134009",0,0,0
"S00134010",0,0,0
"S00134011",0,0,0
"S00134012",0,0,0
"S00134013",0,0,0
"S00134014",0,0,0
"S00134015",1,0,1
"S00134016",0,0,0
"S00134017",0,0,0
"S00134018",0,0,0
"S00134019",0,0,0
"S00134020",1,1,0
"S00134021",0,0,0
"S00134022",1,1,0
"S00134023",0,0,0
"S00134024",0,0,0
"S00134025",0,0,0
"S00134026",0,0,0
"S00134027",1,1,0
"S00134028",0,0,0
"S00134029",0,0,0
"S00134030",0,0,0
"S00134031",0,0,0
"S00134032",1,1,0
"S00134033",0,0,0
"S00134034",1,0,1
"S00134035",1,1,0
"S00134036",2,2,0
"S00134037",0,0,0
"S00134038",0,0,0
"S00134039",1,0,1
"S00134040",2,1,1
"S00134041",0,0,0
"S00134042",0,0,0
"S00134043",2,1,1
"S00134044",0,0,0
"S00134045",0,0,0
"S00134046",0,0,0
"S00134047",0,0,0
"S00134048",2,1,1
"S00134049",0,0,0
"S00134050",0,0,0
"S00134051",0,0,0
"S00134052",2,1,1
"S00134053",0,0,0
"S00134054",0,0,0
"S00134055",0,0,0
"S00134056",0,0,0
"S00134057",0,0,0
"S00134058",0,0,0
"S00134059",2,1,1
"S00134060",1,0,1
"S00134061",2,0,2
"S00134062",0,0,0
"S00134063",0,0,0
"S00134064",0,0,0
"S00134065",0,0,0
"S00134066",0,0,0
"S00134067",1,0,1
"S00134068",2,0,2
"S00134069",1,0,1
"S00134070",0,0,0
"S00134071",0,0,0
"S00134072",0,0,0
"S00134073",0,0,0
"S00134074",0,0,0
"S00134075",3,1,2
"S00134076",1,0,1
"S00134077",0,0,0
"S00134078",1,1,0
"S00134079",0,0,0
"S00134080",1,1,0
"S00134081",1,0,1
"S00134082",0,0,0
"S00134083",0,0,0
"S00134084",1,1,0
"S00134085",0,0,0
"S00134086",1,1,0
"S00134087",1,1,0
"S00134088",0,0,0
"S00134089",1,0,1
"S00134090",2,1,1
"S00134091",1,0,1
"S00134092",0,0,0
"S00134093",0,0,0
"S00134094",1,1,0
"S00134095",0,0,0
"S00134096",0,0,0
"S00134097",0,0,0
"S00134098",0,0,0
"S00134099",1,0,1
"S00134100",0,0,0
"S00134101",0,0,0
"S00134102",1,1,0
"S00134103",0,0,0
"S00134104",1,1,0
"S00134105",0,0,0
"S00134106",1,0,1
"S00134107",0,0,0
"S00134108",1,1,0
"S00134109",1,1,0
"S00134110",2,0,2
"S00134111",0,0,0
"S00134112",0,0,0
"S00134113",2,0,2
"S00134114",0,0,0
"S00134115",3,1,2
"S00134116",1,1,0
"S00134117",8,6,2
"S00134118",0,0,0
"S00134119",4,2,2
"S00134120",5,2,3
"S00134121",1,0,1
"S00134122",0,0,0
"S00134123",1,0,1
"S00134124",1,0,1
"S00134125",0,0,0
"S00134126",1,1,0
"S00134127",0,0,0
"S00134128",1,1,0
"S00134129",0,0,0
"S00134130",0,0,0
"S00134131",0,0,0
"S00134132",1,0,1
"S00134133",0,0,0
"S00134134",1,1,0
"S00134135",0,0,0
"S00134136",0,0,0
"S00134137",0,0,0
"S00134138",0,0,0
"S00134139",0,0,0
"S00134140",0,0,0
"S00134141",0,0,0
"S00134142",3,1,2
"S00134143",0,0,0
"S00134144",0,0,0
"S00134145",0,0,0
"S00134146",0,0,0
"S00134147",0,0,0
"S00134148",2,2,0
"S00134149",0,0,0
"S00134150",0,0,0
"S00134151",1,1,0
"S00134152",1,0,1
"S00134153",1,0,1
"S00134154",0,0,0
"S00134155",3,1,2
"S00134156",0,0,0
"S00134157",0,0,0
"S00134158",0,0,0
"S00134159",4,3,1
"S00134160",2,0,2
"S00134161",3,0,3
"S00134162",2,2,0
"S00134163",1,0,1
"S00134164",0,0,0
"S00134165",0,0,0
"S00134166",0,0,0
"S00134167",0,0,0
"S00134168",0,0,0
"S00134169",0,0,0
"S00134170",0,0,0
"S00134171",0,0,0
"S00134172",0,0,0
"S00134173",0,0,0
"S00134174",0,0,0
"S00134175",0,0,0
"S00134176",0,0,0
"S00134177",1,1,0
"S00134178",1,1,0
"S00134179",0,0,0
"S00134180",0,0,0
"S00134181",0,0,0
"S00134182",0,0,0
"S00134183",0,0,0
"S00134184",0,0,0
"S00134185",0,0,0
"S00134186",0,0,0
"S00134187",0,0,0
"S00134188",1,1,0
"S00134189",1,1,0
"S00134190",0,0,0
"S00134191",0,0,0
"S00134192",0,0,0
"S00134193",1,1,0
"S00134194",0,0,0
"S00134195",1,0,1
"S00134196",0,0,0
"S00134197",0,0,0
"S00134198",0,0,0
"S00134199",0,0,0
"S00134200",0,0,0
"S00134201",2,2,0
"S00134202",1,1,0
"S00134203",0,0,0
"S00134204",1,0,1
"S00134205",0,0,0
"S00134206",0,0,0
"S00134207",0,0,0
"S00134208",0,0,0
"S00134209",0,0,0
"S00134210",1,0,1
"S00134211",0,0,0
"S00134212",0,0,0
"S00134213",0,0,0
"S00134214",0,0,0
"S00134215",0,0,0
"S00134216",0,0,0
"S00134217",0,0,0
"S00134218",0,0,0
"S00134219",1,0,1
"S00134220",0,0,0
"S00134221",0,0,0
"S00134222",1,1,0
"S00134223",0,0,0
"S00134224",1,1,0
"S00134225",1,0,1
"S00134226",1,1,0
"S00134227",0,0,0
"S00134228",0,0,0
"S00134229",0,0,0
"S00134230",0,0,0
"S00134231",0,0,0
"S00134232",1,0,1
"S00134233",0,0,0
"S00134234",0,0,0
"S00134235",0,0,0
"S00134236",1,0,1
"S00134237",1,0,1
"S00134238",0,0,0
"S00134239",1,0,1
"S00134240",1,0,1
"S00134241",0,0,0
"S00134242",0,0,0
"S00134243",0,0,0
"S00134244",0,0,0
"S00134245",1,0,1
"S00134246",0,0,0
"S00134247",0,0,0
"S00134248",0,0,0
"S00134249",1,0,1
"S00134250",0,0,0
"S00134251",0,0,0
"S00134252",0,0,0
"S00134253",0,0,0
"S00134254",0,0,0
"S00134255",0,0,0
"S00134256",0,0,0
"S00134257",0,0,0
"S00134258",0,0,0
"S00134259",0,0,0
"S00134260",0,0,0
"S00134261",1,1,0
"S00134262",1,1,0
"S00134263",0,0,0
"S00134264",0,0,0
"S00134265",0,0,0
"S00134266",0,0,0
"S00134267",1,1,0
"S00134268",0,0,0
"S00134269",0,0,0
"S00134270",0,0,0
"S00134271",0,0,0
"S00134272",0,0,0
"S00134273",2,1,1
"S00134274",0,0,0
"S00134275",1,1,0
"S00134276",1,1,0
"S00134277",0,0,0
"S00134278",0,0,0
"S00134279",0,0,0
"S00134280",1,0,1
"S00134281",1,0,1
"S00134282",0,0,0
"S00134283",0,0,0
"S00134284",1,0,1
"S00134285",0,0,0
"S00134286",1,1,0
"S00134287",1,1,0
"S00134288",1,0,1
"S00134289",0,0,0
"S00134290",1,0,1
"S00134291",0,0,0
"S00134292",0,0,0
"S00134293",0,0,0
"S00134294",0,0,0
"S00134295",3,1,2
"S00134296",0,0,0
"S00134297",1,0,1
"S00134298",2,2,0
"S00134299",1,1,0
"S00134300",2,1,1
"S00134301",1,0,1
"S00134302",1,1,0
"S00134303",0,0,0
"S00134304",0,0,0
"S00134305",2,1,1
"S00134306",1,0,1
"S00134307",4,1,3
"S00134308",0,0,0
"S00134309",1,0,1
"S00134310",3,1,2
"S00134311",1,1,0
"S00134312",2,0,2
"S00134313",0,0,0
"S00134314",0,0,0
"S00134315",0,0,0
"S00134316",0,0,0
"S00134317",0,0,0
"S00134318",0,0,0
"S00134319",0,0,0
"S00134320",0,0,0
"S00134321",1,0,1
"S00134322",0,0,0
"S00134323",0,0,0
"S00134324",2,0,2
"S00134325",0,0,0
"S00134326",0,0,0
"S00134327",0,0,0
"S00134328",0,0,0
"S00134329",0,0,0
"S00134330",0,0,0
"S00134331",0,0,0
"S00134332",0,0,0
"S00134333",0,0,0
"S00134334",0,0,0
"S00134335",0,0,0
"S00134336",0,0,0
"S00134337",1,1,0
"S00134338",0,0,0
"S00134339",0,0,0
"S00134340",2,1,1
"S00134341",1,0,1
"S00134342",0,0,0
"S00134343",0,0,0
"S00134344",2,1,1
"S00134345",1,0,1
"S00134346",2,0,2
"S00134347",1,0,1
"S00134348",0,0,0
"S00134349",0,0,0
"S00134350",0,0,0
"S00134351",0,0,0
"S00134352",2,2,0
"S00134353",0,0,0
"S00134354",0,0,0
"S00134355",0,0,0
"S00134356",4,1,3
"S00134357",0,0,0
"S00134358",0,0,0
"S00134359",0,0,0
"S00134360",0,0,0
"S00134361",0,0,0
"S00134362",1,0,1
"S00134363",0,0,0
"S00134364",0,0,0
"S00134365",0,0,0
"S00134366",0,0,0
"S00134367",1,0,1
"S00134368",1,1,0
"S00134369",2,1,1
"S00134370",0,0,0
"S00134371",0,0,0
"S00134372",0,0,0
"S00134373",0,0,0
"S00134374",0,0,0
"S00134375",0,0,0
"S00134376",2,1,1
"S00134377",0,0,0
"S00134378",0,0,0
"S00134379",4,2,2
"S00134380",0,0,0
"S00134381",1,0,1
"S00134382",2,1,1
"S00134383",4,1,3
"S00134384",0,0,0
"S00134385",2,2,0
"S00134386",2,1,1
"S00134387",2,2,0
"S00134388",0,0,0
"S00134389",0,0,0
"S00134390",2,0,2
"S00134391",0,0,0
"S00134392",0,0,0
"S00134393",0,0,0
"S00134394",1,1,0
"S00134395",0,0,0
"S00134396",0,0,0
"S00134397",0,0,0
"S00134398",3,2,1
"S00134399",0,0,0
"S00134400",1,1,0
"S00134401",1,0,1
"S00134402",0,0,0
"S00134403",1,1,0
"S00134404",0,0,0
"S00134405",0,0,0
"S00134406",0,0,0
"S00134407",0,0,0
"S00134408",0,0,0
"S00134409",0,0,0
"S00134410",0,0,0
"S00134411",0,0,0
"S00134412",1,0,1
"S00134413",0,0,0
"S00134414",0,0,0
"S00134415",0,0,0
"S00134416",0,0,0
"S00134417",0,0,0
"S00134418",0,0,0
"S00134419",0,0,0
"S00134420",1,0,1
"S00134421",1,1,0
"S00134422",0,0,0
"S00134423",1,1,0
"S00134424",0,0,0
"S00134425",0,0,0
"S00134426",0,0,0
"S00134427",4,1,3
"S00134428",0,0,0
"S00134429",0,0,0
"S00134430",0,0,0
"S00134431",0,0,0
"S00134432",0,0,0
"S00134433",0,0,0
"S00134434",0,0,0
"S00134435",0,0,0
"S00134436",0,0,0
"S00134437",0,0,0
"S00134438",0,0,0
"S00134439",0,0,0
"S00134440",0,0,0
"S00134441",0,0,0
"S00134442",1,1,0
"S00134443",1,0,1
"S00134444",0,0,0
"S00134445",0,0,0
"S00134446",0,0,0
"S00134447",1,0,1
"S00134448",0,0,0
"S00134449",1,1,0
"S00134450",0,0,0
"S00134451",1,0,1
"S00134452",0,0,0
"S00134453",0,0,0
"S00134454",2,1,1
"S00134455",1,0,1
"S00134456",0,0,0
"S00134457",0,0,0
"S00134458",0,0,0
"S00134459",0,0,0
"S00134460",2,2,0
"S00134461",0,0,0
"S00134462",1,0,1
"S00134463",0,0,0
"S00134464",1,1,0
"S00134465",2,0,2
"S00134466",0,0,0
"S00134467",0,0,0
"S00134468",0,0,0
"S00134469",2,1,1
"S00134470",0,0,0
"S00134471",0,0,0
"S00134472",0,0,0
"S00134473",0,0,0
"S00134474",0,0,0
"S00134475",0,0,0
"S00134476",1,0,1
"S00134477",0,0,0
"S00134478",0,0,0
"S00134479",1,0,1
"S00134480",0,0,0
"S00134481",0,0,0
"S00134482",0,0,0
"S00134483",0,0,0
"S00134484",0,0,0
"S00134485",1,0,1
"S00134486",0,0,0
"S00134487",0,0,0
"S00134488",1,0,1
"S00134489",0,0,0
"S00134490",0,0,0
"S00134491",0,0,0
"S00134492",0,0,0
"S00134493",0,0,0
"S00134494",3,2,1
"S00134495",0,0,0
"S00134496",0,0,0
"S00134497",0,0,0
"S00134498",0,0,0
"S00134499",2,0,2
"S00134500",2,0,2
"S00134501",8,4,4
"S00134502",2,2,0
"S00134503",2,1,1
"S00134504",5,3,2
"S00134505",2,0,2
"S00134506",1,0,1
"S00134507",0,0,0
"S00134508",2,1,1
"S00134509",4,3,1
"S00134510",0,0,0
"S00134511",0,0,0
"S00134512",0,0,0
"S00134513",0,0,0
"S00134514",0,0,0
"S00134515",0,0,0
"S00134516",0,0,0
"S00134517",1,0,1
"S00134518",1,0,1
"S00134519",3,1,2
"S00134520",0,0,0
"S00134521",0,0,0
"S00134522",3,1,2
"S00134523",0,0,0
"S00134524",2,1,1
"S00134525",5,4,1
"S00134526",4,0,4
"S00134527",1,0,1
"S00134528",4,3,1
"S00134529",2,1,1
"S00134530",5,1,4
"S00134531",5,3,2
"S00134532",4,0,4
"S00134533",7,5,2
"S00134534",4,2,2
"S00134535",1,1,0
"S00134536",4,4,0
"S00134537",12,6,6
"S00134538",0,0,0
"S00134539",1,1,0
"S00134540",3,3,0
"S00134541",0,0,0
"S00134542",5,2,3
"S00134543",0,0,0
"S00134544",0,0,0
"S00134545",1,0,1
"S00134546",0,0,0
"S00134547",1,1,0
"S00134548",1,0,1
"S00134549",3,0,3
"S00134550",1,0,1
"S00134551",0,0,0
"S00134552",0,0,0
"S00134553",7,5,2
"S00134554",1,1,0
"S00134555",0,0,0
"S00134556",0,0,0
"S00134557",2,2,0
"S00134558",1,1,0
"S00134559",0,0,0
"S00134560",1,0,1
"S00134561",2,0,2
"S00134562",4,1,3
"S00134563",0,0,0
"S00134564",1,1,0
"S00134565",2,0,2
"S00134566",1,1,0
"S00134567",0,0,0
"S00134568",4,1,3
"S00134569",4,3,1
"S00134570",1,1,0
"S00134571",1,0,1
"S00134572",2,1,1
"S00134573",4,2,2
"S00134574",0,0,0
"S00134575",4,2,2
"S00134576",1,0,1
"S00134577",9,4,5
"S00134578",1,1,0
"S00134579",7,3,4
"S00134580",0,0,0
"S00134581",0,0,0
"S00134582",1,0,1
"S00134583",1,0,1
"S00134584",0,0,0
"S00134585",0,0,0
"S00134586",0,0,0
"S00134587",2,1,1
"S00134588",2,1,1
"S00134589",1,1,0
"S00134590",0,0,0
"S00134591",0,0,0
"S00134592",0,0,0
"S00134593",1,0,1
"S00134594",0,0,0
"S00134595",0,0,0
"S00134596",2,1,1
"S00134597",2,1,1
"S00134598",0,0,0
"S00134599",1,0,1
"S00134600",0,0,0
"S00134601",1,0,1
"S00134602",0,0,0
"S00134603",1,0,1
"S00134604",0,0,0
"S00134605",1,0,1
"S00134606",0,0,0
"S00134607",0,0,0
"S00134608",0,0,0
"S00134609",0,0,0
"S00134610",1,1,0
"S00134611",1,0,1
"S00134612",6,2,4
"S00134613",9,4,5
"S00134614",0,0,0
"S00134615",0,0,0
"S00134616",0,0,0
"S00134617",0,0,0
"S00134618",0,0,0
"S00134619",3,0,3
"S00134620",0,0,0
"S00134621",3,1,2
"S00134622",0,0,0
"S00134623",2,2,0
"S00134624",1,1,0
"S00134625",1,1,0
"S00134626",0,0,0
"S00134627",0,0,0
"S00134628",2,2,0
"S00134629",0,0,0
"S00134630",0,0,0
"S00134631",0,0,0
"S00134632",0,0,0
"S00134633",0,0,0
"S00134634",0,0,0
"S00134635",0,0,0
"S00134636",0,0,0
"S00134637",0,0,0
"S00134638",1,0,1
"S00134639",0,0,0
"S00134640",0,0,0
"S00134641",1,1,0
"S00134642",1,1,0
"S00134643",0,0,0
"S00134644",1,1,0
"S00134645",3,1,2
"S00134646",0,0,0
"S00134647",0,0,0
"S00134648",0,0,0
"S00134649",0,0,0
"S00134650",0,0,0
"S00134651",0,0,0
"S00134652",0,0,0
"S00134653",0,0,0
"S00134654",0,0,0
"S00134655",2,1,1
"S00134656",0,0,0
"S00134657",0,0,0
"S00134658",1,0,1
"S00134659",1,0,1
"S00134660",0,0,0
"S00134661",0,0,0
"S00134662",1,1,0
"S00134663",0,0,0
"S00134664",0,0,0
"S00134665",0,0,0
"S00134666",0,0,0
"S00134667",0,0,0
"S00134668",0,0,0
"S00134669",0,0,0
"S00134670",0,0,0
"S00134671",1,1,0
"S00134672",0,0,0
"S00134673",0,0,0
"S00134674",3,2,1
"S00134675",0,0,0
"S00134676",0,0,0
"S00134677",0,0,0
"S00134678",0,0,0
"S00134679",0,0,0
"S00134680",0,0,0
"S00134681",0,0,0
"S00134682",4,2,2
"S00134683",1,1,0
"S00134684",0,0,0
"S00134685",1,1,0
"S00134686",1,0,1
"S00134687",0,0,0
"S00134688",2,0,2
"S00134689",1,1,0
"S00134690",0,0,0
"S00134691",0,0,0
"S00134692",0,0,0
"S00134693",2,0,2
"S00134694",0,0,0
"S00134695",1,1,0
"S00134696",1,1,0
"S00134697",1,0,1
"S00134698",2,1,1
"S00134699",0,0,0
"S00134700",1,1,0
"S00134701",0,0,0
"S00134702",0,0,0
"S00134703",5,3,2
"S00134704",0,0,0
"S00134705",1,1,0
"S00134706",0,0,0
"S00134707",0,0,0
"S00134708",0,0,0
"S00134709",2,0,2
"S00134710",1,0,1
"S00134711",0,0,0
"S00134712",0,0,0
"S00134713",2,1,1
"S00134714",2,1,1
"S00134715",0,0,0
"S00134716",3,2,1
"S00134717",0,0,0
"S00134718",0,0,0
"S00134719",0,0,0
"S00134720",0,0,0
"S00134721",0,0,0
"S00134722",0,0,0
"S00134723",1,0,1
"S00134724",0,0,0
"S00134725",0,0,0
"S00134726",0,0,0
"S00134727",0,0,0
"S00134728",6,1,5
"S00134729",1,1,0
"S00134730",0,0,0
"S00134731",1,0,1
"S00134732",1,1,0
"S00134733",0,0,0
"S00134734",0,0,0
"S00134735",0,0,0
"S00134736",0,0,0
"S00134737",1,1,0
"S00134738",0,0,0
"S00134739",1,1,0
"S00134740",1,1,0
"S00134741",0,0,0
"S00134742",0,0,0
"S00134743",0,0,0
"S00134744",0,0,0
"S00134745",2,2,0
"S00134746",2,0,2
"S00134747",0,0,0
"S00134748",0,0,0
"S00134749",0,0,0
"S00134750",0,0,0
"S00134751",2,0,2
"S00134752",0,0,0
"S00134753",0,0,0
"S00134754",0,0,0
"S00134755",0,0,0
"S00134756",0,0,0
"S00134757",0,0,0
"S00134758",0,0,0
"S00134759",0,0,0
"S00134760",4,2,2
"S00134761",4,3,1
"S00134762",4,3,1
"S00134763",4,2,2
"S00134764",3,1,2
"S00134765",0,0,0
"S00134766",3,2,1
"S00134767",0,0,0
"S00134768",3,3,0
"S00134769",1,0,1
"S00134770",6,1,5
"S00134771",12,6,6
"S00134772",0,0,0
"S00134773",0,0,0
"S00134774",3,2,1
"S00134775",0,0,0
"S00134776",0,0,0
"S00134777",0,0,0
"S00134778",0,0,0
"S00134779",0,0,0
"S00134780",0,0,0
"S00134781",3,2,1
"S00134782",0,0,0
"S00134783",3,0,3
"S00134784",3,0,3
"S00134785",0,0,0
"S00134786",1,1,0
"S00134787",1,0,1
"S00134788",0,0,0
"S00134789",0,0,0
"S00134790",2,2,0
"S00134791",0,0,0
"S00134792",0,0,0
"S00134793",0,0,0
"S00134794",0,0,0
"S00134795",1,1,0
"S00134796",0,0,0
"S00134797",0,0,0
"S00134798",0,0,0
"S00134799",1,1,0
"S00134800",0,0,0
"S00134801",0,0,0
"S00134802",1,1,0
"S00134803",1,0,1
"S00134804",0,0,0
"S00134805",3,2,1
"S00134806",0,0,0
"S00134807",1,1,0
"S00134808",1,1,0
"S00134809",4,2,2
"S00134810",0,0,0
"S00134811",0,0,0
"S00134812",2,1,1
"S00134813",0,0,0
"S00134814",4,1,3
"S00134815",3,1,2
"S00134816",0,0,0
"S00134817",1,0,1
"S00134818",0,0,0
"S00134819",0,0,0
"S00134820",0,0,0
"S00134821",0,0,0
"S00134822",1,1,0
"S00134823",0,0,0
"S00134824",0,0,0
"S00134825",0,0,0
"S00134826",0,0,0
"S00134827",0,0,0
"S00134828",0,0,0
"S00134829",0,0,0
"S00134830",0,0,0
"S00134831",0,0,0
"S00134832",2,1,1
"S00134833",0,0,0
"S00134834",4,1,3
"S00134835",2,2,0
"S00134836",2,1,1
"S00134837",2,0,2
"S00134838",1,1,0
"S00134839",1,0,1
"S00134840",0,0,0
"S00134841",0,0,0
"S00134842",4,1,3
"S00134843",2,0,2
"S00134844",1,1,0
"S00134845",0,0,0
"S00134846",0,0,0
"S00134847",7,4,3
"S00134848",6,2,4
"S00134849",0,0,0
"S00134850",1,0,1
"S00134851",5,4,1
"S00134852",0,0,0
"S00134853",1,1,0
"S00134854",2,2,0
"S00134855",0,0,0
"S00134856",1,0,1
"S00134857",0,0,0
"S00134858",0,0,0
"S00134859",0,0,0
"S00134860",0,0,0
"S00134861",1,0,1
"S00134862",0,0,0
"S00134863",0,0,0
"S00134864",0,0,0
"S00134865",5,1,4
"S00134866",2,1,1
"S00134867",3,2,1
"S00134868",2,2,0
"S00134869",0,0,0
"S00134870",0,0,0
"S00134871",0,0,0
"S00134872",0,0,0
"S00134873",1,0,1
"S00134874",0,0,0
"S00134875",0,0,0
"S00134876",4,4,0
"S00134877",1,1,0
"S00134878",0,0,0
"S00134879",0,0,0
"S00134880",0,0,0
"S00134881",2,2,0
"S00134882",3,1,2
"S00134883",5,2,3
"S00134884",2,2,0
"S00134885",5,2,3
"S00134886",8,3,5
"S00134887",5,3,2
"S00134888",5,1,4
"S00134889",1,0,1
"S00134890",0,0,0
"S00134891",1,0,1
"S00134892",0,0,0
"S00134893",0,0,0
"S00134894",4,2,2
"S00134895",4,2,2
"S00134896",0,0,0
"S00134897",3,1,2
"S00134898",0,0,0
"S00134899",0,0,0
"S00134900",0,0,0
"S00134901",0,0,0
"S00134902",0,0,0
"S00134903",0,0,0
"S00134904",1,1,0
"S00134905",0,0,0
"S00134906",0,0,0
"S00134907",1,1,0
"S00134908",0,0,0
"S00134909",1,0,1
"S00134910",0,0,0
"S00134911",0,0,0
"S00134912",0,0,0
"S00134913",0,0,0
"S00134914",0,0,0
"S00134915",0,0,0
"S00134916",1,0,1
"S00134917",0,0,0
"S00134918",0,0,0
"S00134919",1,1,0
"S00134920",2,1,1
"S00134921",2,1,1
"S00134922",2,1,1
"S00134923",0,0,0
"S00134924",0,0,0
"S00134925",2,0,2
"S00134926",0,0,0
"S00134927",0,0,0
"S00134928",0,0,0
"S00134929",0,0,0
"S00134930",0,0,0
"S00134931",0,0,0
"S00134932",0,0,0
"S00134933",0,0,0
"S00134934",0,0,0
"S00134935",1,1,0
"S00134936",0,0,0
"S00134937",0,0,0
"S00134938",3,1,2
"S00134939",0,0,0
"S00134940",0,0,0
"S00134941",0,0,0
"S00134942",0,0,0
"S00134943",0,0,0
"S00134944",0,0,0
"S00134945",0,0,0
"S00134946",2,1,1
"S00134947",1,0,1
"S00134948",3,1,2
"S00134949",0,0,0
"S00134950",1,1,0
"S00134951",0,0,0
"S00134952",0,0,0
"S00134953",3,2,1
"S00134954",0,0,0
"S00134955",0,0,0
"S00134956",1,0,1
"S00134957",0,0,0
"S00134958",0,0,0
"S00134959",0,0,0
"S00134960",0,0,0
"S00134961",0,0,0
"S00134962",0,0,0
"S00134963",0,0,0
"S00134964",1,1,0
"S00134965",0,0,0
"S00134966",2,0,2
"S00134967",1,0,1
"S00134968",0,0,0
"S00134969",1,0,1
"S00134970",0,0,0
"S00134971",1,0,1
"S00134972",0,0,0
"S00134973",1,0,1
"S00134974",2,1,1
"S00134975",0,0,0
"S00134976",0,0,0
"S00134977",2,2,0
"S00134978",0,0,0
"S00134979",1,0,1
"S00134980",1,0,1
"S00134981",1,0,1
"S00134982",1,1,0
"S00134983",0,0,0
"S00134984",1,0,1
"S00134985",0,0,0
"S00134986",0,0,0
"S00134987",0,0,0
"S00134988",0,0,0
"S00134989",0,0,0
"S00134990",1,0,1
"S00134991",1,0,1
"S00134992",2,0,2
"S00134993",0,0,0
"S00134994",0,0,0
"S00134995",3,0,3
"S00134996",0,0,0
"S00134997",0,0,0
"S00134998",0,0,0
"S00134999",0,0,0
"S00135000",0,0,0
"S00135001",0,0,0
"S00135002",2,1,1
"S00135003",5,1,4
"S00135004",1,1,0
"S00135005",4,3,1
"S00135006",0,0,0
"S00135007",3,0,3
"S00135008",9,5,4
"S00135009",0,0,0
"S00135010",4,1,3
"S00135011",0,0,0
"S00135012",1,1,0
"S00135013",1,0,1
"S00135014",0,0,0
"S00135015",0,0,0
"S00135016",2,1,1
"S00135017",0,0,0
"S00135018",0,0,0
"S00135019",0,0,0
"S00135020",1,0,1
"S00135021",0,0,0
"S00135022",1,0,1
"S00135023",0,0,0
"S00135024",0,0,0
"S00135025",1,0,1
"S00135026",0,0,0
"S00135027",1,0,1
"S00135028",0,0,0
"S00135029",0,0,0
"S00135030",1,1,0
"S00135031",0,0,0
"S00135032",3,0,3
"S00135033",0,0,0
"S00135034",1,0,1
"S00135035",1,1,0
"S00135036",2,0,2
"S00135037",4,1,3
"S00135038",0,0,0
"S00135039",1,0,1
"S00135040",3,2,1
"S00135041",1,0,1
"S00135042",1,0,1
"S00135043",1,0,1
"S00135044",2,1,1
"S00135045",1,1,0
"S00135046",0,0,0
"S00135047",0,0,0
"S00135048",3,1,2
"S00135049",1,0,1
"S00135050",0,0,0
"S00135051",0,0,0
"S00135052",1,0,1
"S00135053",0,0,0
"S00135054",6,3,3
"S00135055",2,1,1
"S00135056",4,3,1
"S00135057",1,0,1
"S00135058",3,0,3
"S00135059",5,1,4
"S00135060",5,2,3
"S00135061",1,0,1
"S00135062",7,3,4
"S00135063",3,3,0
"S00135064",3,2,1
"S00135065",4,2,2
"S00135066",0,0,0
"S00135067",3,2,1
"S00135068",0,0,0
"S00135069",5,3,2
"S00135070",3,2,1
"S00135071",1,1,0
"S00135072",0,0,0
"S00135073",0,0,0
"S00135074",1,0,1
"S00135075",2,2,0
"S00135076",4,1,3
"S00135077",5,3,2
"S00135078",2,1,1
"S00135079",1,1,0
"S00135080",5,3,2
"S00135081",3,2,1
"S00135082",8,5,3
"S00135083",4,2,2
"S00135084",1,0,1
"S00135085",2,1,1
"S00135086",1,1,0
"S00135087",8,4,4
"S00135088",2,0,2
"S00135089",2,2,0
"S00135090",2,1,1
"S00135091",1,0,1
"S00135092",2,0,2
"S00135093",3,0,3
"S00135094",1,1,0
"S00135095",0,0,0
"S00135096",3,2,1
"S00135097",1,1,0
"S00135098",1,1,0
"S00135099",2,1,1
"S00135100",2,2,0
"S00135101",2,0,2
"S00135102",1,0,1
"S00135103",2,1,1
"S00135104",4,1,3
"S00135105",1,1,0
"S00135106",1,0,1
"S00135107",3,1,2
"S00135108",2,1,1
"S00135109",1,1,0
"S00135110",3,2,1
"S00135111",0,0,0
"S00135112",2,0,2
"S00135113",0,0,0
"S00135114",3,1,2
"S00135115",1,1,0
"S00135116",1,0,1
"S00135117",1,1,0
"S00135118",3,0,3
"S00135119",0,0,0
"S00135120",2,1,1
"S00135121",5,1,4
"S00135122",3,2,1
"S00135123",5,1,4
"S00135124",2,2,0
"S00135125",1,1,0
"S00135126",1,0,1
"S00135127",1,1,0
"S00135128",2,1,1
"S00135129",2,2,0
"S00135130",5,3,2
"S00135131",0,0,0
"S00135132",2,1,1
"S00135133",3,3,0
"S00135134",1,0,1
"S00135135",2,0,2
"S00135136",7,4,3
"S00135137",1,1,0
"S00135138",0,0,0
"S00135139",0,0,0
"S00135140",1,1,0
"S00135141",2,1,1
"S00135142",2,0,2
"S00135143",0,0,0
"S00135144",2,2,0
"S00135145",5,1,4
"S00135146",5,3,2
"S00135147",1,1,0
"S00135148",2,2,0
"S00135149",4,2,2
"S00135150",5,3,2
"S00135151",0,0,0
"S00135152",2,0,2
"S00135153",0,0,0
"S00135154",5,1,4
"S00135155",0,0,0
"S00135156",0,0,0
"S00135157",2,0,2
"S00135158",3,1,2
"S00135159",1,0,1
"S00135160",0,0,0
"S00135161",2,2,0
"S00135162",5,1,4
"S00135163",1,0,1
"S00135164",0,0,0
"S00135165",10,2,8
"S00135166",1,0,1
"S00135167",1,1,0
"S00135168",3,3,0
"S00135169",3,1,2
"S00135170",1,0,1
"S00135171",5,2,3
"S00135172",2,2,0
"S00135173",7,2,5
"S00135174",1,1,0
"S00135175",2,0,2
"S00135176",1,1,0
"S00135177",3,2,1
"S00135178",0,0,0
"S00135179",0,0,0
"S00135180",0,0,0
"S00135181",4,1,3
"S00135182",2,1,1
"S00135183",2,0,2
"S00135184",2,1,1
"S00135185",0,0,0
"S00135186",0,0,0
"S00135187",2,2,0
"S00135188",0,0,0
"S00135189",1,1,0
"S00135190",0,0,0
"S00135191",0,0,0
"S00135192",6,4,2
"S00135193",2,1,1
"S00135194",0,0,0
"S00135195",1,0,1
"S00135196",1,1,0
"S00135197",1,1,0
"S00135198",0,0,0
"S00135199",0,0,0
"S00135200",4,1,3
"S00135201",3,1,2
"S00135202",1,1,0
"S00135203",1,0,1
"S00135204",1,0,1
"S00135205",1,1,0
"S00135206",2,1,1
"S00135207",0,0,0
"S00135208",1,0,1
"S00135209",0,0,0
"S00135210",7,1,6
"S00135211",1,1,0
"S00135212",0,0,0
"S00135213",2,0,2
"S00135214",3,3,0
"S00135215",1,0,1
"S00135216",1,1,0
"S00135217",2,1,1
"S00135218",0,0,0
"S00135219",4,0,4
"S00135220",2,2,0
"S00135221",1,1,0
"S00135222",4,2,2
"S00135223",3,1,2
"S00135224",3,2,1
"S00135225",0,0,0
"S00135226",3,1,2
"S00135227",1,1,0
"S00135228",1,0,1
"S00135229",1,1,0
"S00135230",0,0,0
"S00135231",7,5,2
"S00135232",1,0,1
"S00135233",2,0,2
"S00135234",0,0,0
"S00135235",1,1,0
"S00135236",3,3,0
"S00135237",0,0,0
"S00135238",2,2,0
"S00135239",0,0,0
"S00135240",1,0,1
"S00135241",0,0,0
"S00135242",0,0,0
"S00135243",2,1,1
"S00135244",0,0,0
"S00135245",0,0,0
"S00135246",1,1,0
"S00135247",0,0,0
"S00135248",5,3,2
"S00135249",1,0,1
"S00135250",0,0,0
"S00135251",1,0,1
"S00135252",6,1,5
"S00135253",1,0,1
"S00135254",2,1,1
"S00135255",4,2,2
"S00135256",2,1,1
"S00135257",4,2,2
"S00135258",1,0,1
"S00135259",0,0,0
"S00135260",2,0,2
"S00135261",1,0,1
"S00135262",1,1,0
"S00135263",4,3,1
"S00135264",1,0,1
"S00135265",3,0,3
"S00135266",2,1,1
"S00135267",0,0,0
"S00135268",1,0,1
"S00135269",0,0,0
"S00135270",1,1,0
"S00135271",0,0,0
"S00135272",0,0,0
"S00135273",4,1,3
"S00135274",0,0,0
"S00135275",0,0,0
"S00135276",1,0,1
"S00135277",1,0,1
"S00135278",1,0,1
"S00135279",0,0,0
"S00135280",4,3,1
"S00135281",0,0,0
"S00135282",0,0,0
"S00135283",2,1,1
"S00135284",1,1,0
"S00135285",0,0,0
"S00135286",3,1,2
"S00135287",1,0,1
"S00135288",2,0,2
"S00135289",6,1,5
"S00135290",2,2,0
"S00135291",3,2,1
"S00135292",1,0,1
"S00135293",0,0,0
"S00135294",2,1,1
"S00135295",2,1,1
"S00135296",2,2,0
"S00135297",0,0,0
"S00135298",0,0,0
"S00135299",0,0,0
"S00135300",2,2,0
"S00135301",1,1,0
"S00135302",5,2,3
"S00135303",0,0,0
"S00135304",5,4,1
"S00135305",3,1,2
"S00135306",1,1,0
"W00000001",12,4,8
"W00000002",1,1,0
"W00000003",1,0,1
"W00000004",4,2,2
"W00000005",5,1,4
"W00000006",2,1,1
"W00000008",4,0,4
"W00000009",8,5,3
"W00000010",5,3,2
"W00000011",5,2,3
"W00000012",0,0,0
"W00000013",4,1,3
"W00000014",6,3,3
"W00000015",8,4,4
"W00000016",6,4,2
"W00000017",5,2,3
"W00000018",2,1,1
"W00000019",5,5,0
"W00000020",0,0,0
"W00000021",8,4,4
"W00000022",11,4,7
"W00000023",6,4,2
"W00000024",7,4,3
"W00000025",3,1,2
"W00000026",1,1,0
"W00000027",8,2,6
"W00000028",0,0,0
"W00000029",1,0,1
"W00000030",7,4,3
"W00000031",11,7,4
"W00000032",2,2,0
"W00000033",3,2,1
"W00000034",5,1,4
"W00000035",8,4,4
"W00000036",4,1,3
"W00000037",7,4,3
"W00000038",1,0,1
"W00000039",1,1,0
"W00000040",2,1,1
"W00000041",2,1,1
"W00000042",1,0,1
"W00000043",3,2,1
"W00000044",19,6,13
"W00000045",7,2,5
"W00000046",1,1,0
"W00000047",5,3,2
"W00000048",8,4,4
"W00000049",6,5,1
"W00000050",1,0,1
"W00000051",5,2,3
"W00000052",5,2,3
"W00000053",3,1,2
"W00000054",1,0,1
"W00000055",4,2,2
"W00000056",4,3,1
"W00000057",12,10,2
"W00000058",12,6,6
"W00000059",3,2,1
"W00000060",5,0,5
"W00000061",9,6,3
"W00000062",5,2,3
"W00000063",5,4,1
"W00000064",5,2,3
"W00000065",3,1,2
"W00000066",4,3,1
"W00000067",4,0,4
"W00000068",9,3,6
"W00000069",7,2,5
"W00000070",12,5,7
"W00000071",7,3,4
"W00000072",7,1,6
"W00000073",9,5,4
"W00000074",1,0,1
"W00000075",0,0,0
"W00000076",0,0,0
"W00000077",1,1,0
"W00000078",1,1,0
"W00000079",0,0,0
"W00000080",1,1,0
"W00000081",2,2,0
"W00000082",4,3,1
"W00000083",1,0,1
"W00000084",0,0,0
"W00000086",0,0,0
"W00000087",6,1,5
"W00000088",1,1,0
"W00000090",0,0,0
"W00000091",6,4,2
"W00000092",1,1,0
"W00000093",3,1,2
"W00000094",2,0,2
"W00000095",0,0,0
"W00000096",5,2,3
"W00000097",12,4,8
"W00000098",5,3,2
"W00000099",6,3,3
"W00000100",9,4,5
"W00000101",7,2,5
"W00000102",7,5,2
"W00000103",2,1,1
"W00000104",2,2,0
"W00000105",2,1,1
"W00000106",3,2,1
"W00000107",3,3,0
"W00000108",7,5,2
"W00000109",1,0,1
"W00000110",1,1,0
"W00000111",6,4,2
"W00000112",5,3,2
"W00000113",0,0,0
"W00000114",5,4,1
"W00000115",7,5,2
"W00000116",2,1,1
"W00000117",1,1,0
"W00000118",0,0,0
"W00000119",0,0,0
"W00000120",4,3,1
"W00000121",3,2,1
"W00000122",3,2,1
"W00000123",3,1,2
"W00000124",12,6,6
"W00000125",5,3,2
"W00000126",7,3,4
"W00000127",7,4,3
"W00000128",1,0,1
"W00000129",4,0,4
"W00000130",1,0,1
"W00000131",3,1,2
"W00000132",6,4,2
"W00000133",7,1,6
"W00000134",6,4,2
"W00000135",5,1,4
"W00000136",1,1,0
"W00000137",0,0,0
"W00000138",3,1,2
"W00000139",3,0,3
"W00000140",7,4,3
"W00000141",0,0,0
"W00000142",1,0,1
"W00000143",2,1,1
"W00000144",1,0,1
"W00000145",6,2,4
"W00000146",2,2,0
"W00000147",1,1,0
"W00000148",0,0,0
"W00000149",6,5,1
"W00000150",0,0,0
"W00000151",3,0,3
"W00000152",4,1,3
"W00000153",5,3,2
"W00000154",1,1,0
"W00000155",2,0,2
"W00000156",2,2,0
"W00000157",6,2,4
"W00000158",1,0,1
"W00000159",5,2,3
"W00000160",4,0,4
"W00000161",4,1,3
"W00000162",0,0,0
"W00000163",4,1,3
"W00000164",6,3,3
"W00000165",4,1,3
"W00000166",2,1,1
"W00000167",1,1,0
"W00000168",0,0,0
"W00000169",3,2,1
"W00000170",1,1,0
"W00000171",1,1,0
"W00000172",4,3,1
"W00000173",2,1,1
"W00000174",3,1,2
"W00000175",9,3,6
"W00000176",4,2,2
"W00000177",2,1,1
"W00000178",10,7,3
"W00000179",4,0,4
"W00000180",2,2,0
"W00000181",0,0,0
"W00000182",4,2,2
"W00000183",6,2,4
"W00000184",3,0,3
"W00000185",3,1,2
"W00000186",0,0,0
"W00000187",0,0,0
"W00000188",5,2,3
"W00000189",0,0,0
"W00000190",8,2,6
"W00000191",3,0,3
"W00000192",2,2,0
"W00000193",1,1,0
"W00000194",13,8,5
"W00000195",2,1,1
"W00000196",0,0,0
"W00000197",0,0,0
"W00000198",6,0,6
"W00000199",3,2,1
"W00000200",1,1,0
"W00000201",3,3,0
"W00000202",1,1,0
"W00000203",5,1,4
"W00000204",3,1,2
"W00000205",0,0,0
"W00000206",0,0,0
"W00000207",6,3,3
"W00000208",3,1,2
"W00000209",1,1,0
"W00000210",2,2,0
"W00000211",2,1,1
"W00000212",1,1,0
"W00000213",8,3,5
"W00000214",5,1,4
"W00000215",3,2,1
"W00000216",5,2,3
"W00000217",4,1,3
"W00000218",1,0,1
"W00000219",2,1,1
"W00000220",1,0,1
"W00000221",0,0,0
"W00000222",0,0,0
"W00000223",1,0,1
"W00000224",6,5,1
"W00000225",0,0,0
"W00000226",5,4,1
"W00000227",4,1,3
"W00000228",4,1,3
"W00000229",3,2,1
"W00000230",7,3,4
"W00000231",3,0,3
"W00000232",6,3,3
"W00000233",1,1,0
"W00000234",2,0,2
"W00000235",6,3,3
"W00000236",7,5,2
"W00000237",3,2,1
"W00000238",5,5,0
"W00000239",3,2,1
"W00000240",2,1,1
"W00000241",0,0,0
"W00000242",1,1,0
"W00000243",4,2,2
"W00000244",6,5,1
"W00000245",1,0,1
"W00000246",6,4,2
"W00000247",1,1,0
"W00000248",3,1,2
"W00000249",4,2,2
"W00000250",4,3,1
"W00000251",9,3,6
"W00000252",5,4,1
"W00000253",1,0,1
"W00000254",4,2,2
"W00000255",2,1,1
"W00000256",7,4,3
"W00000257",1,0,1
"W00000258",14,9,5
"W00000259",5,2,3
"W00000260",2,0,2
"W00000261",1,1,0
"W00000262",4,2,2
"W00000263",3,2,1
"W00000264",8,4,4
"W00000265",4,1,3
"W00000266",5,2,3
"W00000267",2,1,1
"W00000268",2,1,1
"W00000269",1,0,1
"W00000270",14,6,8
"W00000271",5,5,0
"W00000272",3,2,1
"W00000273",5,2,3
"W00000274",3,2,1
"W00000275",5,3,2
"W00000276",2,1,1
"W00000277",10,4,6
"W00000278",3,1,2
"W00000279",3,3,0
"W00000280",1,1,0
"W00000281",4,2,2
"W00000282",2,2,0
"W00000283",0,0,0
"W00000284",3,1,2
"W00000285",3,3,0
"W00000286",6,4,2
"W00000287",0,0,0
"W00000288",4,2,2
"W00000289",7,4,3
"W00000290",5,2,3
"W00000291",10,3,7
"W00000292",8,5,3
"W00000293",0,0,0
"W00000294",0,0,0
"W00000295",0,0,0
"W00000296",5,4,1
"W00000297",1,1,0
"W00000298",5,5,0
"W00000299",0,0,0
"W00000300",1,1,0
"W00000301",5,1,4
"W00000302",7,3,4
"W00000303",0,0,0
"W00000304",6,4,2
"W00000305",1,0,1
"W00000306",4,2,2
"W00000307",10,7,3
"W00000308",3,1,2
"W00000309",3,0,3
"W00000310",8,3,5
"W00000311",7,2,5
"W00000312",4,3,1
"W00000313",4,1,3
"W00000314",6,2,4
"W00000315",7,5,2
"W00000316",0,0,0
"W00000317",4,4,0
"W00000318",9,4,5
"W00000319",2,2,0
"W00000320",4,1,3
"W00000322",0,0,0
"W00000323",3,2,1
"W00000324",2,0,2
"W00000325",4,1,3
"W00000326",2,0,2
"W00000327",3,0,3
"W00000328",3,1,2
"W00000329",1,1,0
"W00000330",7,2,5
"W00000331",5,1,4
"W00000332",4,3,1
"W00000333",4,3,1
"W00000334",3,2,1
"W00000335",2,2,0
"W00000336",2,0,2
"W00000337",0,0,0
"W00000338",2,0,2
"W00000339",3,1,2
"W00000340",1,1,0
"W00000341",2,2,0
"W00000342",4,3,1
"W00000343",7,3,4
"W00000344",5,3,2
"W00000345",1,1,0
"W00000346",5,1,4
"W00000347",1,0,1
"W00000348",18,9,9
"W00000349",6,2,4
"W00000350",1,1,0
"W00000351",2,0,2
"W00000352",4,1,3
"W00000353",2,1,1
"W00000354",1,0,1
"W00000355",6,2,4
"W00000356",1,1,0
"W00000357",9,4,5
"W00000358",8,4,4
"W00000359",0,0,0
"W00000360",7,6,1
"W00000362",6,4,2
"W00000363",2,2,0
"W00000364",7,6,1
"W00000365",5,4,1
"W00000366",2,0,2
"W00000367",5,2,3
"W00000368",6,3,3
"W00000369",6,4,2
"W00000370",8,6,2
"W00000371",5,3,2
"W00000372",6,3,3
"W00000373",4,2,2
"W00000374",7,3,4
"W00000375",10,6,4
"W00000376",3,1,2
"W00000377",1,0,1
"W00000378",9,3,6
"W00000379",2,0,2
"W00000380",3,0,3
"W00000381",43,32,11
"W00000382",1,1,0
"W00000383",2,1,1
"W00000384",1,0,1
"W00000385",2,1,1
"W00000386",5,3,2
"W00000387",6,2,4
"W00000388",3,2,1
"W00000389",1,0,1
"W00000390",7,3,4
"W00000391",1,1,0
"W00000392",3,2,1
"W00000393",6,3,3
"W00000394",0,0,0
"W00000395",0,0,0
"W00000396",4,3,1
"W00000397",4,2,2
"W00000398",2,2,0
"W00000399",5,1,4
"W00000400",3,0,3
"W00000401",2,1,1
"W00000402",2,1,1
"W00000403",1,0,1
"W00000404",8,2,6
"W00000405",9,4,5
"W00000406",3,1,2
"W00000407",1,0,1
"W00000408",3,1,2
"W00000409",9,3,6
"W00000410",13,7,6
"W00000411",7,4,3
"W00000412",10,5,5
"W00000413",5,2,3
"W00000414",3,1,2
"W00000415",5,3,2
"W00000416",4,1,3
"W00000417",1,1,0
"W00000418",7,4,3
"W00000419",3,1,2
"W00000420",2,1,1
"W00000421",9,3,6
"W00000422",8,5,3
"W00000423",0,0,0
"W00000424",5,2,3
"W00000425",6,2,4
"W00000426",7,4,3
"W00000427",1,0,1
"W00000428",3,0,3
"W00000429",4,1,3
"W00000430",12,7,5
"W00000431",5,2,3
"W00000432",4,1,3
"W00000433",8,3,5
"W00000434",5,2,3
"W00000435",4,1,3
"W00000436",6,1,5
"W00000437",5,3,2
"W00000438",1,0,1
"W00000439",1,1,0
"W00000440",2,2,0
"W00000441",0,0,0
"W00000442",9,1,8
"W00000443",6,2,4
"W00000444",1,1,0
"W00000445",3,1,2
"W00000446",6,3,3
"W00000447",9,4,5
"W00000448",2,1,1
"W00000449",7,3,4
"W00000450",8,3,5
"W00000451",10,5,5
"W00000452",2,0,2
"W00000453",3,0,3
"W00000454",2,1,1
"W00000455",4,4,0
"W00000456",6,1,5
"W00000457",3,3,0
"W00000458",6,3,3
"W00000459",10,3,7
"W00000460",1,0,1
"W00000461",0,0,0
"W00000462",4,0,4
"W00000463",2,0,2
"W00000464",3,2,1
"W00000465",1,0,1
"W00000466",1,1,0
"W00000467",1,1,0
"W00000468",10,3,7
"W00000469",9,3,6
"W00000470",4,1,3
"W00000472",8,3,5
"W00000473",2,1,1
"W00000474",10,8,2
"W00000475",15,4,11
"W00000476",9,7,2
"W00000477",6,5,1
"W00000478",3,0,3
"W00000479",2,1,1
"W00000480",8,3,5
"W00000481",4,3,1
"W00000482",6,3,3
"W00000483",3,0,3
"W00000484",6,5,1
"W00000485",4,4,0
"W00000486",1,0,1
"W00000487",2,0,2
"W00000488",2,0,2
"W00000489",2,1,1
"W00000490",6,2,4
"W00000491",1,0,1
"W00000492",1,1,0
"W00000493",0,0,0
"W00000494",2,2,0
"W00000495",1,1,0
"W00000496",11,4,7
"W00000497",1,0,1
"W00000498",1,0,1
"W00000499",2,2,0
"W00000500",8,5,3
"W00000501",3,2,1
"W00000502",2,2,0
"W00000503",8,2,6
"W00000504",0,0,0
"W00000505",2,1,1
"W00000506",5,1,4
"W00000507",4,3,1
"W00000508",2,0,2
"W00000509",13,8,5
"W00000510",7,3,4
"W00000511",10,4,6
"W00000512",5,2,3
"W00000513",4,2,2
"W00000514",5,3,2
"W00000515",5,2,3
"W00000516",1,0,1
"W00000517",4,2,2
"W00000518",3,2,1
"W00000519",5,3,2
"W00000520",5,3,2
"W00000521",4,2,2
"W00000522",5,2,3
"W00000523",2,1,1
"W00000524",13,8,5
"W00000525",7,5,2
"W00000526",10,5,5
"W00000527",1,0,1
"W00000528",5,2,3
"W00000529",0,0,0
"W00000530",9,2,7
"W00000531",1,1,0
"W00000532",7,3,4
"W00000533",1,1,0
"W00000534",0,0,0
"W00000535",6,3,3
"W00000536",1,1,0
"W00000537",5,2,3
"W00000538",7,4,3
"W00000539",5,0,5
"W00000540",2,0,2
"W00000541",1,1,0
"W00000542",10,5,5
"W00000543",5,1,4
"W00000544",2,1,1
"W00000545",2,2,0
"W00000546",8,2,6
"W00000547",6,4,2
"W00000548",9,5,4
"W00000549",1,1,0
"W00000550",2,2,0
"W00000551",3,3,0
"W00000552",7,4,3
"W00000553",3,0,3
"W00000554",7,3,4
"W00000555",6,5,1
"W00000556",6,2,4
"W00000557",0,0,0
"W00000558",3,1,2
"W00000559",8,5,3
"W00000560",3,2,1
"W00000561",7,3,4
"W00000562",1,1,0
"W00000563",7,3,4
"W00000564",4,3,1
"W00000565",2,1,1
"W00000566",6,3,3
"W00000567",2,0,2
"W00000568",0,0,0
"W00000569",4,0,4
"W00000570",1,1,0
"W00000571",3,2,1
"W00000572",2,2,0
"W00000573",2,0,2
"W00000574",6,5,1
"W00000575",6,5,1
"W00000576",1,1,0
"W00000577",3,1,2
"W00000578",6,4,2
"W00000579",1,0,1
"W00000580",1,0,1
"W00000581",2,1,1
"W00000582",4,4,0
"W00000583",5,3,2
"W00000584",1,1,0
"W00000585",3,2,1
"W00000586",5,2,3
"W00000587",2,1,1
"W00000588",3,2,1
"W00000589",6,5,1
"W00000590",5,2,3
"W00000591",10,5,5
"W00000592",2,1,1
"W00000593",4,1,3
"W00000594",0,0,0
"W00000595",6,4,2
"W00000596",2,0,2
"W00000597",5,1,4
"W00000598",5,3,2
"W00000599",2,0,2
"W00000600",4,1,3
"W00000601",7,2,5
"W00000602",5,2,3
"W00000603",3,2,1
"W00000604",3,2,1
"W00000605",0,0,0
"W00000606",0,0,0
"W00000607",5,4,1
"W00000608",5,3,2
"W00000609",3,2,1
"W00000610",1,0,1
"W00000611",3,2,1
"W00000612",1,0,1
"W00000613",4,2,2
"W00000614",6,2,4
"W00000615",6,2,4
"W00000616",0,0,0
"W00000617",0,0,0
"W00000618",6,5,1
"W00000619",4,1,3
"W00000620",6,5,1
"W00000621",3,0,3
"W00000622",3,1,2
"W00000623",3,1,2
"W00000624",7,4,3
"W00000625",13,7,6
"W00000626",0,0,0
"W00000627",1,1,0
"W00000628",6,3,3
"W00000629",2,2,0
"W00000630",0,0,0
"W00000631",1,1,0
"W00000632",5,2,3
"W00000633",0,0,0
"W00000634",0,0,0
"W00000635",1,1,0
"W00000636",1,0,1
"W00000637",1,1,0
"W00000638",6,5,1
"W00000639",1,1,0
"W00000640",3,0,3
"W00000641",1,1,0
"W00000642",3,3,0
"W00000643",14,3,11
"W00000644",10,5,5
"W00000645",9,6,3
"W00000646",10,4,6
"W00000647",7,4,3
"W00000648",4,1,3
"W00000649",6,2,4
"W00000650",1,1,0
"W00000651",5,3,2
"W00000653",4,1,3
"W00000655",1,1,0
"W00000656",5,1,4
"W00000657",3,0,3
"W00000658",5,3,2
"W00000659",1,1,0
"W00000660",8,4,4
"W00000661",5,3,2
"W00000662",1,1,0
"W00000663",6,3,3
"W00000664",0,0,0
"W00000665",0,0,0
"W00000666",1,1,0
"W00000667",3,0,3
"W00000668",10,6,4
"W00000669",3,2,1
"W00000670",2,1,1
"W00000671",2,0,2
"W00000672",1,0,1
"W00000673",4,2,2
"W00000674",5,3,2
"W00000675",7,3,4
"W00000676",7,5,2
"W00000677",10,4,6
"W00000678",2,0,2
"W00000679",7,2,5
"W00000680",1,1,0
"W00000681",6,2,4
"W00000682",4,0,4
"W00000683",2,1,1
"W00000684",6,2,4
"W00000685",2,2,0
"W00000686",7,4,3
"W00000687",5,2,3
"W00000688",5,3,2
"W00000689",5,1,4
"W00000690",3,3,0
"W00000691",4,4,0
"W00000692",3,1,2
"W00000693",6,3,3
"W00000694",8,4,4
"W00000695",2,0,2
"W00000696",2,1,1
"W00000697",1,1,0
"W00000698",4,2,2
"W00000699",9,3,6
"W00000700",6,3,3
"W00000701",3,1,2
"W00000702",3,2,1
"W00000703",0,0,0
"W00000704",1,0,1
"W00000705",2,1,1
"W00000706",2,2,0
"W00000707",1,0,1
"W00000708",5,3,2
"W00000709",1,0,1
"W00000710",5,3,2
"W00000711",6,2,4
"W00000712",1,1,0
"W00000713",1,0,1
"W00000714",0,0,0
"W00000715",4,2,2
"W00000716",0,0,0
"W00000717",3,2,1
"W00000718",5,1,4
"W00000719",5,1,4
"W00000720",6,1,5
"W00000721",3,0,3
"W00000722",2,1,1
"W00000723",1,1,0
"W00000724",2,0,2
"W00000725",7,4,3
"W00000726",2,1,1
"W00000727",1,0,1
"W00000728",10,6,4
"W00000729",5,4,1
"W00000730",8,3,5
"W00000731",7,6,1
"W00000732",5,1,4
"W00000733",4,2,2
"W00000734",5,2,3
"W00000735",5,2,3
"W00000736",4,3,1
"W00000737",3,2,1
"W00000738",9,6,3
"W00000739",0,0,0
"W00000740",2,1,1
"W00000741",9,7,2
"W00000742",0,0,0
"W00000743",7,4,3
"W00000744",2,1,1
"W00000745",5,1,4
"W00000746",8,3,5
"W00000747",7,3,4
"W00000748",5,3,2
"W00000749",4,2,2
"W00000750",1,0,1
"W00000752",1,1,0
"W00000753",2,1,1
"W00000754",1,0,1
"W00000756",1,0,1
"W00000757",8,3,5
"W00000758",8,3,5
"W00000759",6,1,5
"W00000760",1,1,0
"W00000761",5,2,3
"W00000762",0,0,0
"W00000763",0,0,0
"W00000765",5,2,3
"W00000766",4,1,3
"W00000767",6,4,2
"W00000768",0,0,0
"W00000769",7,5,2
"W00000770",1,0,1
"W00000771",12,9,3
"W00000772",5,2,3
"W00000773",7,3,4
"W00000774",2,1,1
"W00000775",3,2,1
"W00000776",4,0,4
"W00000777",2,2,0
"W00000778",2,2,0
"W00000779",1,0,1
"W00000780",7,4,3
"W00000781",8,4,4
"W00000782",3,0,3
"W00000783",3,2,1
"W00000784",0,0,0
"W00000785",5,1,4
"W00000786",1,1,0
"W00000787",1,0,1
"W00000788",2,0,2
"W00000789",2,2,0
"W00000790",0,0,0
"W00000791",2,1,1
"W00000792",0,0,0
"W00000793",1,0,1
"W00000794",1,0,1
"W00000795",1,1,0
"W00000796",2,2,0
"W00000797",0,0,0
"W00000798",4,3,1
"W00000799",2,2,0
"W00000800",10,3,7
"W00000801",4,3,1
"W00000802",3,2,1
"W00000803",0,0,0
"W00000804",9,6,3
"W00000805",2,1,1
"W00000806",0,0,0
"W00000807",1,1,0
"W00000808",0,0,0
"W00000809",5,2,3
"W00000810",1,1,0
"W00000811",0,0,0
"W00000812",4,2,2
"W00000813",1,0,1
"W00000814",5,3,2
"W00000815",0,0,0
"W00000816",0,0,0
"W00000817",5,3,2
"W00000818",6,3,3
"W00000819",3,2,1
"W00000820",6,2,4
"W00000821",0,0,0
"W00000822",1,0,1
"W00000823",4,4,0
"W00000824",3,3,0
"W00000825",6,3,3
"W00000826",1,0,1
"W00000827",5,2,3
"W00000828",6,4,2
"W00000829",2,1,1
"W00000830",3,0,3
"W00000831",1,1,0
"W00000832",2,0,2
"W00000833",6,4,2
"W00000834",5,2,3
"W00000835",1,1,0
"W00000836",2,1,1
"W00000837",3,3,0
"W00000838",5,3,2
"W00000839",6,1,5
"W00000840",2,1,1
"W00000841",2,2,0
"W00000842",7,5,2
"W00000843",3,1,2
"W00000844",7,2,5
"W00000845",3,2,1
"W00000846",2,0,2
"W00000847",9,2,7
"W00000848",8,4,4
"W00000849",15,10,5
"W00000850",7,5,2
"W00000851",7,5,2
"W00000852",9,6,3
"W00000853",0,0,0
"W00000854",8,4,4
"W00000855",2,1,1
"W00000856",6,2,4
"W00000857",7,1,6
"W00000858",4,1,3
"W00000859",0,0,0
"W00000860",6,2,4
"W00000861",17,8,9
"W00000862",9,4,5
"W00000863",6,5,1
"W00000864",1,0,1
"W00000865",3,0,3
"W00000866",10,5,5
"W00000867",9,5,4
"W00000868",1,1,0
"W00000869",3,3,0
"W00000870",3,0,3
"W00000871",5,2,3
"W00000872",4,3,1
"W00000873",3,3,0
"W00000874",2,1,1
"W00000875",2,2,0
"W00000876",2,1,1
"W00000877",8,4,4
"W00000878",4,1,3
"W00000879",1,1,0
"W00000880",2,1,1
"W00000881",3,1,2
"W00000882",5,3,2
"W00000883",4,3,1
"W00000884",7,4,3
"W00000885",1,0,1
"W00000886",6,2,4
"W00000887",10,6,4
"W00000888",0,0,0
"W00000889",4,2,2
"W00000890",1,0,1
"W00000891",5,4,1
"W00000892",4,3,1
"W00000893",3,1,2
"W00000894",1,1,0
"W00000895",0,0,0
"W00000896",7,2,5
"W00000897",6,2,4
"W00000898",3,3,0
"W00000899",3,1,2
"W00000900",2,1,1
"W00000901",2,0,2
"W00000902",9,5,4
"W00000903",9,4,5
"W00000904",8,5,3
"W00000905",4,2,2
"W00000906",0,0,0
"W00000907",3,1,2
"W00000908",3,0,3
"W00000909",1,0,1
"W00000910",0,0,0
"W00000911",2,1,1
"W00000912",6,2,4
"W00000913",4,0,4
"W00000914",2,0,2
"W00000915",1,1,0
"W00000916",6,5,1
"W00000917",3,1,2
"W00000918",9,6,3
"W00000919",6,4,2
"W00000920",1,0,1
"W00000921",6,6,0
"W00000922",9,6,3
"W00000923",10,3,7
"W00000924",3,1,2
"W00000925",1,1,0
"W00000926",2,2,0
"W00000927",4,0,4
"W00000928",6,5,1
"W00000929",6,2,4
"W00000930",4,2,2
"W00000931",1,1,0
"W00000932",7,2,5
"W00000933",3,2,1
"W00000934",7,4,3
"W00000935",8,3,5
"W00000936",0,0,0
"W00000937",0,0,0
"W00000938",3,2,1
"W00000939",5,2,3
"W00000940",0,0,0
"W00000941",3,3,0
"W00000942",2,2,0
"W00000943",5,3,2
"W00000944",2,1,1
"W00000945",2,1,1
"W00000946",3,1,2
"W00000947",3,1,2
"W00000948",2,1,1
"W00000949",1,0,1
"W00000950",1,1,0
"W00000951",3,1,2
"W00000952",0,0,0
"W00000953",0,0,0
"W00000954",0,0,0
"W00000955",3,0,3
"W00000956",7,2,5
"W00000957",6,4,2
"W00000958",4,2,2
"W00000959",3,2,1
"W00000960",3,1,2
"W00000961",14,10,4
"W00000962",12,6,6
"W00000963",4,1,3
"W00000964",10,6,4
"W00000965",10,6,4
"W00000966",1,0,1
"W00000967",8,4,4
"W00000968",1,0,1
"W00000969",8,4,4
"W00000970",4,1,3
"W00000971",25,12,13
"W00000972",9,6,3
"W00000973",7,3,4
"W00000974",9,6,3
"W00000975",10,8,2
"W00000976",14,5,9
"W00000977",2,1,1
"W00000978",1,0,1
"W00000979",3,1,2
"W00000980",0,0,0
"W00000981",5,2,3
"W00000982",0,0,0
"W00000983",2,0,2
"W00000984",3,1,2
"W00000985",2,0,2
"W00000986",8,4,4
"W00000987",3,3,0
"W00000988",4,3,1
"W00000989",6,2,4
"W00000990",0,0,0
"W00000991",1,0,1
"W00000992",0,0,0
"W00000993",1,0,1
"W00000994",1,0,1
"W00000995",1,1,0
"W00000996",3,1,2
"W00000997",1,0,1
"W00000998",1,0,1
"W00000999",2,0,2
"W00001000",5,2,3
"W00001001",2,0,2
"W00001002",1,1,0
"W00001003",5,2,3
"W00001004",1,0,1
"W00001005",1,0,1
"W00001006",3,1,2
"W00001007",10,8,2
"W00001008",8,4,4
"W00001009",3,0,3
"W00001010",7,5,2
"W00001011",4,0,4
"W00001012",7,2,5
"W00001013",0,0,0
"W00001014",5,1,4
"W00001015",7,2,5
"W00001016",3,1,2
"W00001017",1,1,0
"W00001018",1,1,0
"W00001019",0,0,0
"W00001020",2,2,0
"W00001021",4,1,3
"W00001022",1,0,1
"W00001023",1,0,1
"W00001024",7,2,5
"W00001025",3,3,0
"W00001026",2,0,2
"W00001027",2,1,1
"W00001028",4,2,2
"W00001029",5,3,2
"W00001030",1,0,1
"W00001031",2,1,1
"W00001032",11,7,4
"W00001033",8,3,5
"W00001034",6,5,1
"W00001035",3,1,2
"W00001036",8,4,4
"W00001037",1,0,1
"W00001038",13,8,5
"W00001039",0,0,0
"W00001040",3,1,2
"W00001041",8,4,4
"W00001042",11,3,8
"W00001043",6,2,4
"W00001044",8,3,5
"W00001045",7,4,3
"W00001046",4,1,3
"W00001047",5,5,0
"W00001048",5,3,2
"W00001049",4,3,1
"W00001050",5,2,3
"W00001051",6,4,2
"W00001052",5,0,5
"W00001053",1,1,0
"W00001054",4,1,3
"W00001055",2,1,1
"W00001056",0,0,0
"W00001057",1,0,1
"W00001058",1,0,1
"W00001059",2,1,1
"W00001060",3,1,2
"W00001061",6,2,4
"W00001062",0,0,0
"W00001063",6,5,1
"W00001064",9,4,5
"W00001065",3,1,2
"W00001066",1,1,0
"W00001067",5,4,1
"W00001068",13,6,7
"W00001069",1,1,0
"W00001070",0,0,0
"W00001071",12,6,6
"W00001072",3,2,1
"W00001074",4,1,3
"W00001075",4,1,3
"W00001076",11,4,7
"W00001077",4,1,3
"W00001078",6,1,5
"W00001079",5,2,3
"W00001080",2,2,0
"W00001081",4,1,3
"W00001082",0,0,0
"W00001083",5,3,2
"W00001084",5,5,0
"W00001085",7,2,5
"W00001086",5,4,1
"W00001087",9,5,4
"W00001088",7,2,5
"W00001089",4,0,4
"W00001090",13,7,6
"W00001091",19,11,8
"W00001092",1,0,1
"W00001093",7,3,4
"W00001094",2,0,2
"W00001095",11,5,6
"W00001096",7,3,4
"W00001097",12,5,7
"W00001098",12,5,7
"W00001099",9,4,5
"W00001100",14,8,6
"W00001101",5,3,2
"W00001102",8,3,5
"W00001103",1,0,1
"W00001104",7,0,7
"W00001105",16,8,8
"W00001106",8,4,4
"W00001107",1,0,1
"W00001108",14,8,6
"W00001109",1,1,0
"W00001110",2,1,1
"W00001111",7,4,3
"W00001112",4,2,2
"W00001113",5,3,2
"W00001114",2,2,0
"W00001115",3,2,1
"W00001116",4,3,1
"W00001117",2,0,2
"W00001118",4,1,3
"W00001119",4,3,1
"W00001120",0,0,0
"W00001121",0,0,0
"W00001122",7,3,4
"W00001123",11,4,7
"W00001124",9,5,4
"W00001125",5,3,2
"W00001126",1,0,1
"W00001127",3,2,1
"W00001128",14,9,5
"W00001129",6,3,3
"W00001130",4,1,3
"W00001131",2,1,1
"W00001132",2,0,2
"W00001133",3,2,1
"W00001134",3,2,1
"W00001135",1,0,1
"W00001136",4,2,2
"W00001137",1,0,1
"W00001138",2,2,0
"W00001139",11,5,6
"W00001140",1,1,0
"W00001141",5,3,2
"W00001142",2,1,1
"W00001143",6,5,1
"W00001144",7,3,4
"W00001145",1,1,0
"W00001146",2,1,1
"W00001147",5,2,3
"W00001148",7,3,4
"W00001149",1,1,0
"W00001150",8,5,3
"W00001151",2,0,2
"W00001152",2,1,1
"W00001153",1,1,0
"W00001154",4,3,1
"W00001155",0,0,0
"W00001156",2,1,1
"W00001157",3,1,2
"W00001158",0,0,0
"W00001159",6,4,2
"W00001160",0,0,0
"W00001161",7,2,5
"W00001162",1,0,1
"W00001163",2,1,1
"W00001164",1,1,0
"W00001166",1,0,1
"W00001167",1,0,1
"W00001168",0,0,0
"W00001169",3,1,2
"W00001170",4,1,3
"W00001171",0,0,0
"W00001172",0,0,0
"W00001173",3,1,2
"W00001174",4,3,1
"W00001175",1,0,1
"W00001176",2,1,1
"W00001177",9,3,6
"W00001178",0,0,0
"W00001179",2,1,1
"W00001180",3,1,2
"W00001181",7,4,3
"W00001182",2,1,1
"W00001183",0,0,0
"W00001184",0,0,0
"W00001185",1,1,0
"W00001186",1,1,0
"W00001187",0,0,0
"W00001188",2,2,0
"W00001189",0,0,0
"W00001190",0,0,0
"W00001191",4,3,1
"W00001192",0,0,0
"W00001193",2,0,2
"W00001194",8,4,4
"W00001195",1,0,1
"W00001196",1,1,0
"W00001197",2,2,0
"W00001198",0,0,0
"W00001199",4,3,1
"W00001200",3,1,2
"W00001201",2,0,2
"W00001202",6,1,5
"W00001203",12,7,5
"W00001204",5,2,3
"W00001205",3,2,1
"W00001206",3,1,2
"W00001207",2,1,1
"W00001208",1,0,1
"W00001209",0,0,0
"W00001210",3,1,2
"W00001211",0,0,0
"W00001212",1,1,0
"W00001213",6,4,2
"W00001214",4,1,3
"W00001215",3,1,2
"W00001216",4,0,4
"W00001217",3,2,1
"W00001218",0,0,0
"W00001219",0,0,0
"W00001220",1,1,0
"W00001221",4,2,2
"W00001222",0,0,0
"W00001223",0,0,0
"W00001224",2,0,2
"W00001225",2,0,2
"W00001226",0,0,0
"W00001227",3,3,0
"W00001228",1,0,1
"W00001229",1,1,0
"W00001230",1,0,1
"W00001231",4,3,1
"W00001232",6,1,5
"W00001233",0,0,0
"W00001234",1,1,0
"W00001235",1,0,1
"W00001236",4,3,1
"W00001237",3,2,1
"W00001238",2,0,2
"W00001239",4,1,3
"W00001240",2,1,1
"W00001241",4,3,1
"W00001242",2,1,1
"W00001243",3,1,2
"W00001244",1,1,0
"W00001245",6,2,4
"W00001246",6,3,3
"W00001247",0,0,0
"W00001248",0,0,0
"W00001249",1,1,0
"W00001250",5,2,3
"W00001251",4,3,1
"W00001252",2,2,0
"W00001253",5,2,3
"W00001254",0,0,0
"W00001255",5,4,1
"W00001256",0,0,0
"W00001257",5,2,3
"W00001258",4,3,1
"W00001259",4,2,2
"W00001260",7,4,3
"W00001261",3,3,0
"W00001262",2,0,2
"W00001263",1,1,0
"W00001264",1,0,1
"W00001265",3,2,1
"W00001266",7,3,4
"W00001267",4,3,1
"W00001268",3,3,0
"W00001269",7,3,4
"W00001270",2,0,2
"W00001271",0,0,0
"W00001272",3,1,2
"W00001273",1,0,1
"W00001274",2,2,0
"W00001275",1,1,0
"W00001276",2,1,1
"W00001277",2,0,2
"W00001278",3,1,2
"W00001279",2,0,2
"W00001280",2,2,0
"W00001281",1,1,0
"W00001282",0,0,0
"W00001283",1,0,1
"W00001284",0,0,0
"W00001285",1,0,1
"W00001286",1,1,0
"W00001287",3,1,2
"W00001288",4,4,0
"W00001289",1,1,0
"W00001290",1,1,0
"W00001291",1,0,1
"W00001292",0,0,0
"W00001293",0,0,0
"W00001294",8,5,3
"W00001295",5,2,3
"W00001296",0,0,0
"W00001297",6,3,3
"W00001298",3,0,3
"W00001299",0,0,0
"W00001300",3,1,2
"W00001301",6,1,5
"W00001302",3,1,2
"W00001303",3,2,1
"W00001304",3,3,0
"W00001305",0,0,0
"W00001306",9,4,5
"W00001307",6,4,2
"W00001308",4,1,3
"W00001309",10,7,3
"W00001310",7,4,3
"W00001311",5,1,4
"W00001312",8,3,5
"W00001313",2,1,1
"W00001314",6,5,1
"W00001315",7,4,3
"W00001316",4,0,4
"W00001317",14,7,7
"W00001318",3,1,2
"W00001319",1,0,1
"W00001320",3,2,1
"W00001321",1,1,0
"W00001322",3,1,2
"W00001323",3,2,1
"W00001324",10,6,4
"W00001325",13,3,10
"W00001326",3,0,3
"W00001327",5,2,3
"W00001328",4,2,2
"W00001329",4,3,1
"W00001330",1,0,1
"W00001331",0,0,0
"W00001332",9,1,8
"W00001333",4,2,2
"W00001334",6,4,2
"W00001335",3,2,1
"W00001336",4,1,3
"W00001337",3,1,2
"W00001338",11,6,5
"W00001339",3,1,2
"W00001340",0,0,0
"W00001341",1,1,0
"W00001342",3,2,1
"W00001343",3,3,0
"W00001344",3,1,2
"W00001345",9,4,5
"W00001346",2,1,1
"W00001347",1,0,1
"W00001348",0,0,0
"W00001349",2,0,2
"W00001350",9,6,3
"W00001351",1,0,1
"W00001352",8,1,7
"W00001353",1,1,0
"W00001354",1,0,1
"W00001355",2,2,0
"W00001356",4,2,2
"W00001357",1,1,0
"W00001358",9,7,2
"W00001359",0,0,0
"W00001360",1,0,1
"W00001361",3,0,3
"W00001362",3,3,0
"W00001363",1,0,1
"W00001364",7,3,4
"W00001365",1,0,1
"W00001366",3,1,2
"W00001367",2,2,0
"W00001368",4,2,2
"W00001369",0,0,0
"W00001370",4,2,2
"W00001371",5,2,3
"W00001372",2,0,2
"W00001373",3,2,1
"W00001374",2,2,0
"W00001375",7,3,4
"W00001376",1,0,1
"W00001377",1,0,1
"W00001378",0,0,0
"W00001379",1,1,0
"W00001380",7,3,4
"W00001381",0,0,0
"W00001382",1,1,0
"W00001383",1,0,1
"W00001384",1,1,0
"W00001385",5,3,2
"W00001386",1,0,1
"W00001387",1,1,0
"W00001388",8,5,3
"W00001389",1,0,1
"W00001390",2,1,1
"W00001391",2,1,1
"W00001392",2,1,1
"W00001393",0,0,0
"W00001394",4,4,0
"W00001395",4,2,2
"W00001396",3,1,2
"W00001397",3,2,1
"W00001398",5,3,2
"W00001399",2,1,1
"W00001400",2,2,0
"W00001401",2,2,0
"W00001402",3,0,3
"W00001403",2,0,2
"W00001404",4,2,2
"W00001405",2,2,0
"W00001406",5,4,1
"W00001407",3,2,1
"W00001408",4,2,2
"W00001409",1,0,1
"W00001410",5,4,1
"W00001411",0,0,0
"W00001412",0,0,0
"W00001413",7,2,5
"W00001414",1,0,1
"W00001415",1,1,0
"W00001416",4,2,2
"W00001417",3,3,0
"W00001418",1,0,1
"W00001419",3,0,3
"W00001420",3,1,2
"W00001421",1,1,0
"W00001422",4,2,2
"W00001423",6,3,3
"W00001424",7,4,3
"W00001425",11,4,7
"W00001426",3,2,1
"W00001427",4,0,4
"W00001428",1,1,0
"W00001429",2,1,1
"W00001430",0,0,0
"W00001431",3,2,1
"W00001432",1,0,1
"W00001433",2,0,2
"W00001434",0,0,0
"W00001435",1,1,0
"W00001436",4,0,4
"W00001437",2,1,1
"W00001438",11,6,5
"W00001439",1,0,1
"W00001440",2,1,1
"W00001441",3,2,1
"W00001442",2,2,0
"W00001443",3,2,1
"W00001444",3,0,3
"W00001445",0,0,0
"W00001446",0,0,0
"W00001447",3,1,2
"W00001448",2,1,1
"W00001449",2,2,0
"W00001450",9,3,6
"W00001451",2,0,2
"W00001452",10,7,3
"W00001453",11,3,8
"W00001454",2,1,1
"W00001455",1,1,0
"W00001456",2,1,1
"W00001457",6,4,2
"W00001458",6,5,1
"W00001459",7,6,1
"W00001460",5,3,2
"W00001461",10,6,4
"W00001462",12,8,4
"W00001463",10,10,0
"W00001464",4,4,0
"W00001465",9,4,5
"W00001466",0,0,0
"W00001467",3,2,1
"W00001468",0,0,0
"W00001469",1,0,1
"W00001470",2,0,2
"W00001471",0,0,0
"W00001472",3,2,1
"W00001473",2,1,1
"W00001474",1,1,0
"W00001475",0,0,0
"W00001476",2,1,1
"W00001477",0,0,0
"W00001478",0,0,0
"W00001479",0,0,0
"W00001480",0,0,0
"W00001481",1,1,0
"W00001482",1,1,0
"W00001483",4,1,3
"W00001484",2,1,1
"W00001485",4,4,0
"W00001486",4,2,2
"W00001487",4,1,3
"W00001488",4,1,3
"W00001489",13,5,8
"W00001490",2,0,2
"W00001491",0,0,0
"W00001492",3,1,2
"W00001493",1,0,1
"W00001494",5,3,2
"W00001495",1,0,1
"W00001496",2,1,1
"W00001497",5,2,3
"W00001498",3,1,2
"W00001499",2,1,1
"W00001500",5,2,3
"W00001501",3,2,1
"W00001502",0,0,0
"W00001503",0,0,0
"W00001504",1,0,1
"W00001505",6,2,4
"W00001506",4,1,3
"W00001507",5,0,5
"W00001508",1,1,0
"W00001509",7,5,2
"W00001510",11,9,2
"W00001511",3,1,2
"W00001512",3,0,3
"W00001513",4,1,3
"W00001514",0,0,0
"W00001515",3,1,2
"W00001516",0,0,0
"W00001517",4,1,3
"W00001518",1,0,1
"W00001519",1,1,0
"W00001520",4,2,2
"W00001521",14,6,8
"W00001522",11,4,7
"W00001523",5,3,2
"W00001524",5,3,2
"W00001525",10,4,6
"W00001526",6,3,3
"W00001527",5,1,4
"W00001528",0,0,0
"W00001530",8,6,2
"W00001531",4,3,1
"W00001532",1,0,1
"W00001533",4,2,2
"W00001534",5,3,2
"W00001535",4,2,2
"W00001536",1,1,0
"W00001537",1,1,0
"W00001538",4,1,3
"W00001539",1,1,0
"W00001540",0,0,0
"W00001541",0,0,0
"W00001542",0,0,0
"W00001543",8,5,3
"W00001544",0,0,0
"W00001545",2,1,1
"W00001546",3,1,2
"W00001547",0,0,0
"W00001548",0,0,0
"W00001549",5,4,1
"W00001550",10,6,4
"W00001551",7,2,5
"W00001552",0,0,0
"W00001553",6,5,1
"W00001554",0,0,0
"W00001555",11,6,5
"W00001556",0,0,0
"W00001557",9,1,8
"W00001558",0,0,0
"W00001559",1,1,0
"W00001560",0,0,0
"W00001561",0,0,0
"W00001562",0,0,0
"W00001563",6,1,5
"W00001564",2,1,1
"W00001565",4,3,1
"W00001566",1,1,0
"W00001567",3,2,1
"W00001568",0,0,0
"W00001569",1,1,0
"W00001570",1,1,0
"W00001571",6,3,3
"W00001572",1,0,1
"W00001573",7,1,6
"W00001574",6,2,4
"W00001575",1,0,1
"W00001576",0,0,0
"W00001577",6,3,3
"W00001578",1,0,1
"W00001579",5,1,4
"W00001580",6,1,5
"W00001581",2,1,1
"W00001582",8,4,4
"W00001583",1,1,0
"W00001584",7,4,3
"W00001585",3,1,2
"W00001586",2,0,2
"W00001587",5,3,2
"W00001588",0,0,0
"W00001589",0,0,0
"W00001590",3,1,2
"W00001591",4,3,1
"W00001592",1,0,1
"W00001593",4,1,3
"W00001594",1,1,0
"W00001595",4,2,2
"W00001596",1,1,0
"W00001597",2,1,1
"W00001598",9,5,4
"W00001599",5,3,2
"W00001600",7,5,2
"W00001601",0,0,0
"W00001602",5,3,2
"W00001603",5,2,3
"W00001604",5,3,2
"W00001605",10,6,4
"W00001608",5,2,3
"W00001609",4,3,1
"W00001610",3,1,2
"W00001611",1,1,0
"W00001612",8,2,6
"W00001613",1,1,0
"W00001614",12,5,7
"W00001615",4,2,2
"W00001616",3,2,1
"W00001617",11,5,6
"W00001618",5,1,4
"W00001619",6,3,3
"W00001620",1,1,0
"W00001621",5,4,1
"W00001622",3,1,2
"W00001623",0,0,0
"W00001624",10,4,6
"W00001625",5,2,3
"W00001626",13,6,7
"W00001627",5,1,4
"W00001628",7,2,5
"W00001629",2,0,2
"W00001630",1,1,0
"W00001631",0,0,0
"W00001632",0,0,0
"W00001633",5,5,0
"W00001634",1,1,0
"W00001635",2,2,0
"W00001636",1,0,1
"W00001637",1,1,0
"W00001638",1,0,1
"W00001639",0,0,0
"W00001640",4,3,1
"W00001641",1,1,0
"W00001642",1,1,0
"W00001643",4,3,1
"W00001644",5,2,3
"W00001645",7,2,5
"W00001646",5,0,5
"W00001647",2,2,0
"W00001648",8,4,4
"W00001649",5,2,3
"W00001650",5,3,2
"W00001651",2,1,1
"W00001652",3,0,3
"W00001653",6,1,5
"W00001654",9,4,5
"W00001655",3,1,2
"W00001656",6,2,4
"W00001657",3,1,2
"W00001658",6,4,2
"W00001659",3,1,2
"W00001660",1,0,1
"W00001661",9,9,0
"W00001662",1,0,1
"W00001663",4,4,0
"W00001664",15,7,8
"W00001665",2,0,2
"W00001666",2,1,1
"W00001667",6,2,4
"W00001668",3,1,2
"W00001669",10,2,8
"W00001670",8,4,4
"W00001671",1,0,1
"W00001672",6,5,1
"W00001674",0,0,0
"W00001675",1,0,1
"W00001676",4,1,3
"W00001677",3,2,1
"W00001678",4,1,3
"W00001679",0,0,0
"W00001680",5,4,1
"W00001681",1,1,0
"W00001683",5,3,2
"W00001684",3,1,2
"W00001685",3,3,0
"W00001686",11,4,7
"W00001687",1,0,1
"W00001688",1,0,1
"W00001689",3,0,3
"W00001690",6,2,4
"W00001691",1,1,0
"W00001692",3,2,1
"W00001693",3,1,2
"W00001694",2,1,1
"W00001695",2,1,1
"W00001696",8,4,4
"W00001697",2,0,2
"W00001698",2,1,1
"W00001699",12,5,7
"W00001700",6,2,4
"W00001701",9,4,5
"W00001702",6,2,4
"W00001703",3,2,1
"W00001704",11,6,5
"W00001705",3,2,1
"W00001706",17,8,9
"W00001707",0,0,0
"W00001708",3,1,2
"W00001709",1,1,0
"W00001710",8,4,4
"W00001711",0,0,0
"W00001712",3,1,2
"W00001713",7,4,3
"W00001714",0,0,0
"W00001715",2,1,1
"W00001716",0,0,0
"W00001717",2,0,2
"W00001718",3,1,2
"W00001719",0,0,0
"W00001720",0,0,0
"W00001721",2,1,1
"W00001722",3,3,0
"W00001723",4,0,4
"W00001724",6,4,2
"W00001725",2,1,1
"W00001726",1,0,1
"W00001727",9,3,6
"W00001728",12,3,9
"W00001729",6,2,4
"W00001730",1,1,0
"W00001731",1,1,0
"W00001732",3,2,1
"W00001733",5,2,3
"W00001734",9,4,5
"W00001735",6,2,4
"W00001736",4,4,0
"W00001737",7,4,3
"W00001738",0,0,0
"W00001739",8,4,4
"W00001740",2,0,2
"W00001741",10,6,4
"W00001742",6,4,2
"W00001743",5,2,3
"W00001744",7,3,4
"W00001745",6,3,3
"W00001746",4,0,4
"W00001747",2,1,1
"W00001748",3,2,1
"W00001749",8,5,3
"W00001750",3,2,1
"W00001751",3,2,1
"W00001752",8,3,5
"W00001753",4,3,1
"W00001754",5,3,2
"W00001755",4,3,1
"W00001756",2,0,2
"W00001757",8,3,5
"W00001758",6,1,5
"W00001759",1,1,0
"W00001760",6,4,2
"W00001761",0,0,0
"W00001762",0,0,0
"W00001763",0,0,0
"W00001764",0,0,0
"W00001765",2,2,0
"W00001766",5,4,1
"W00001767",2,2,0
"W00001768",0,0,0
"W00001769",0,0,0
"W00001770",4,0,4
"W00001771",4,3,1
"W00001772",5,3,2
"W00001773",1,0,1
"W00001774",1,1,0
"W00001775",2,0,2
"W00001776",3,0,3
"W00001777",1,1,0
"W00001778",0,0,0
"W00001779",1,1,0
"W00001780",1,0,1
"W00001781",6,5,1
"W00001782",5,1,4
"W00001783",0,0,0
"W00001784",3,2,1
"W00001785",2,1,1
"W00001786",1,0,1
"W00001787",6,3,3
"W00001788",7,3,4
"W00001789",2,0,2
"W00001790",5,4,1
"W00001791",1,1,0
"W00001792",3,2,1
"W00001793",2,0,2
"W00001794",2,1,1
"W00001795",1,1,0
"W00001796",4,3,1
"W00001797",0,0,0
"W00001798",0,0,0
"W00001799",5,0,5
"W00001800",0,0,0
"W00001801",2,0,2
"W00001802",1,1,0
"W00001803",1,0,1
"W00001804",1,0,1
"W00001805",3,1,2
"W00001806",1,0,1
"W00001807",5,3,2
"W00001808",0,0,0
"W00001809",0,0,0
"W00001810",2,0,2
"W00001811",7,3,4
"W00001812",1,1,0
"W00001813",5,3,2
"W00001815",4,1,3
"W00001816",7,3,4
"W00001817",0,0,0
"W00001818",6,2,4
"W00001819",2,2,0
"W00001820",1,1,0
"W00001821",4,2,2
"W00001822",8,3,5
"W00001823",3,2,1
"W00001824",6,3,3
"W00001825",2,0,2
"W00001826",2,1,1
"W00001827",13,5,8
"W00001828",2,1,1
"W00001829",1,0,1
"W00001830",1,1,0
"W00001831",6,4,2
"W00001832",2,0,2
"W00001833",1,0,1
"W00001834",0,0,0
"W00001835",3,1,2
"W00001836",2,1,1
"W00001837",5,1,4
"W00001838",1,1,0
"W00001839",4,3,1
"W00001840",5,1,4
"W00001841",0,0,0
"W00001842",2,1,1
"W00001843",1,0,1
"W00001844",1,0,1
"W00001845",1,0,1
"W00001846",4,2,2
"W00001847",0,0,0
"W00001848",0,0,0
"W00001849",0,0,0
"W00001850",3,1,2
"W00001851",0,0,0
"W00001852",6,4,2
"W00001853",6,5,1
"W00001854",4,2,2
"W00001855",4,1,3
"W00001856",5,2,3
"W00001857",2,0,2
"W00001858",2,1,1
"W00001859",7,5,2
"W00001860",7,4,3
"W00001861",8,2,6
"W00001862",3,1,2
"W00001863",0,0,0
"W00001864",2,1,1
"W00001866",3,2,1
"W00001867",3,3,0
"W00001868",4,2,2
"W00001869",0,0,0
"W00001870",1,0,1
"W00001871",3,2,1
"W00001872",3,2,1
"W00001874",2,1,1
"W00001875",0,0,0
"W00001876",1,0,1
"W00001879",3,1,2
"W00001880",1,1,0
"W00001881",2,0,2
"W00001882",3,1,2
"W00001883",3,1,2
"W00001884",1,0,1
"W00001885",8,5,3
"W00001886",2,1,1
"W00001887",5,3,2
"W00001888",1,0,1
"W00001889",4,4,0
"W00001890",0,0,0
"W00001891",2,1,1
"W00001892",2,2,0
"W00001893",3,3,0
"W00001894",2,0,2
"W00001895",1,1,0
"W00001896",3,3,0
"W00001897",2,0,2
"W00001898",4,2,2
"W00001899",1,1,0
"W00001900",3,2,1
"W00001901",5,3,2
"W00001902",2,2,0
"W00001903",1,0,1
"W00001904",0,0,0
"W00001905",2,2,0
"W00001906",0,0,0
"W00001907",4,1,3
"W00001908",3,0,3
"W00001909",2,0,2
"W00001910",1,1,0
"W00001911",3,1,2
"W00001912",0,0,0
"W00001913",0,0,0
"W00001914",5,3,2
"W00001915",1,0,1
"W00001916",1,0,1
"W00001917",5,2,3
"W00001918",2,0,2
"W00001919",8,5,3
"W00001920",7,3,4
"W00001921",0,0,0
"W00001922",1,1,0
"W00001923",4,2,2
"W00001924",4,1,3
"W00001925",2,1,1
"W00001926",1,1,0
"W00001927",0,0,0
"W00001928",0,0,0
"W00001929",0,0,0
"W00001930",2,0,2
"W00001931",7,5,2
"W00001932",5,0,5
"W00001933",2,1,1
"W00001934",7,4,3
"W00001935",4,3,1
"W00001936",0,0,0
"W00001937",1,1,0
"W00001938",4,2,2
"W00001939",2,1,1
"W00001940",1,0,1
"W00001941",3,1,2
"W00001942",6,3,3
"W00001943",1,1,0
"W00001944",4,1,3
"W00001945",2,0,2
"W00001946",3,0,3
"W00001947",1,1,0
"W00001948",4,2,2
"W00001949",2,0,2
"W00001950",3,2,1
"W00001951",1,0,1
"W00001952",14,7,7
"W00001953",3,1,2
"W00001954",6,2,4
"W00001955",4,3,1
"W00001956",6,4,2
"W00001957",9,3,6
"W00001958",4,0,4
"W00001959",1,0,1
"W00001960",3,1,2
"W00001961",1,1,0
"W00001962",0,0,0
"W00001963",2,1,1
"W00001964",2,0,2
"W00001965",0,0,0
"W00001966",3,2,1
"W00001967",2,1,1
"W00001968",2,0,2
"W00001969",1,0,1
"W00001970",2,2,0
"W00001971",2,0,2
"W00001972",4,3,1
"W00001973",8,5,3
"W00001974",7,1,6
"W00001975",6,2,4
"W00001976",5,3,2
"W00001977",7,6,1
"W00001978",2,1,1
"W00001979",0,0,0
"W00001980",4,2,2
"W00001981",3,2,1
"W00001982",1,0,1
"W00001983",3,3,0
"W00001984",4,3,1
"W00001985",1,1,0
"W00001986",5,1,4
"W00001987",1,1,0
"W00001988",4,1,3
"W00001989",3,1,2
"W00001990",10,6,4
"W00001991",4,2,2
"W00001992",2,2,0
"W00001993",0,0,0
"W00001994",2,1,1
"W00001995",1,0,1
"W00001996",0,0,0
"W00001997",3,1,2
"W00001998",3,1,2
"W00001999",2,2,0
"W00002000",1,1,0
"W00002001",2,1,1
"W00002002",2,1,1
"W00002003",1,0,1
"W00002004",0,0,0
"W00002005",0,0,0
"W00002006",5,2,3
"W00002007",2,2,0
"W00002008",0,0,0
"W00002009",3,0,3
"W00002010",8,1,7
"W00002011",7,3,4
"W00002014",4,2,2
"W00002016",2,0,2
"W00002017",4,1,3
"W00002018",0,0,0
"W00002019",3,2,1
"W00002020",2,1,1
"W00002021",2,1,1
"W00002022",3,1,2
"W00002023",0,0,0
"W00002024",1,1,0
"W00002025",2,0,2
"W00002026",1,0,1
"W00002027",3,2,1
"W00002028",5,1,4
"W00002029",7,5,2
"W00002030",3,1,2
"W00002031",1,0,1
"W00002032",6,4,2
"W00002033",3,1,2
"W00002034",10,4,6
"W00002035",0,0,0
"W00002036",0,0,0
"W00002037",0,0,0
"W00002038",0,0,0
"W00002039",0,0,0
"W00002040",4,1,3
"W00002041",6,4,2
"W00002042",7,4,3
"W00002043",3,3,0
"W00002044",5,3,2
"W00002045",6,3,3
"W00002046",8,6,2
"W00002047",8,4,4
"W00002049",5,4,1
"W00002050",7,1,6
"W00002051",3,1,2
"W00002052",6,2,4
"W00002053",2,0,2
"W00002054",4,3,1
"W00002055",2,1,1
"W00002056",2,2,0
"W00002057",4,2,2
"W00002058",0,0,0
"W00002059",8,3,5
"W00002060",3,1,2
"W00002061",2,1,1
"W00002062",3,1,2
"W00002063",3,1,2
"W00002064",7,3,4
"W00002065",3,3,0
"W00002066",3,0,3
"W00002067",5,0,5
"W00002068",5,1,4
"W00002069",0,0,0
"W00002070",2,0,2
"W00002071",1,1,0
"W00002072",1,1,0
"W00002073",2,1,1
"W00002074",0,0,0
"W00002075",3,0,3
"W00002076",7,4,3
"W00002077",2,2,0
"W00002078",0,0,0
"W00002079",2,0,2
"W00002080",0,0,0
"W00002081",2,0,2
"W00002082",9,6,3
"W00002083",1,0,1
"W00002084",1,0,1
"W00002085",2,2,0
"W00002086",2,2,0
"W00002087",9,4,5
"W00002088",0,0,0
"W00002089",0,0,0
"W00002090",1,0,1
"W00002091",2,0,2
"W00002092",1,0,1
"W00002093",0,0,0
"W00002094",0,0,0
"W00002095",4,2,2
"W00002096",5,2,3
"W00002097",1,0,1
"W00002098",6,2,4
"W00002099",7,4,3
"W00002100",8,5,3
"W00002101",3,1,2
"W00002102",4,1,3
"W00002103",9,3,6
"W00002104",0,0,0
"W00002105",5,2,3
"W00002106",7,4,3
"W00002107",11,7,4
"W00002108",6,1,5
"W00002109",14,5,9
"W00002110",6,5,1
"W00002111",13,5,8
"W00002112",8,1,7
"W00002113",11,7,4
"W00002114",8,5,3
"W00002115",11,1,10
"W00002116",0,0,0
"W00002117",1,1,0
"W00002118",7,5,2
"W00002119",7,3,4
"W00002120",1,0,1
"W00002121",2,0,2
"W00002122",0,0,0
"W00002123",8,5,3
"W00002124",0,0,0
"W00002125",1,0,1
"W00002126",1,0,1
"W00002127",0,0,0
"W00002128",1,1,0
"W00002129",4,4,0
"W00002130",3,1,2
"W00002131",2,2,0
"W00002132",1,1,0
"W00002133",0,0,0
"W00002134",1,0,1
"W00002135",3,3,0
"W00002136",6,4,2
"W00002137",5,2,3
"W00002138",7,5,2
"W00002139",4,1,3
"W00002140",2,1,1
"W00002141",1,1,0
"W00002142",9,4,5
"W00002143",9,6,3
"W00002144",6,4,2
"W00002145",9,5,4
"W00002146",1,0,1
"W00002147",9,4,5
"W00002148",2,1,1
"W00002149",3,1,2
"W00002150",6,3,3
"W00002151",23,15,8
"W00002152",1,0,1
"W00002153",1,0,1
"W00002154",2,1,1
"W00002155",4,2,2
"W00002156",1,0,1
"W00002157",0,0,0
"W00002158",2,0,2
"W00002159",3,1,2
"W00002160",2,1,1
"W00002161",4,1,3
"W00002162",4,1,3
"W00002163",3,3,0
"W00002164",5,4,1
"W00002165",2,2,0
"W00002166",0,0,0
"W00002167",4,1,3
"W00002168",0,0,0
"W00002169",4,1,3
"W00002170",6,5,1
"W00002171",2,1,1
"W00002172",0,0,0
"W00002173",8,7,1
"W00002174",3,2,1
"W00002175",0,0,0
"W00002176",6,2,4
"W00002177",1,1,0
"W00002178",3,1,2
"W00002179",3,2,1
"W00002180",3,1,2
"W00002181",7,3,4
"W00002182",7,3,4
"W00002183",2,1,1
"W00002184",2,2,0
"W00002185",3,2,1
"W00002186",1,0,1
"W00002187",1,1,0
"W00002188",3,2,1
"W00002189",2,2,0
"W00002190",2,1,1
"W00002191",0,0,0
"W00002192",2,1,1
"W00002193",0,0,0
"W00002194",3,1,2
"W00002195",3,2,1
"W00002196",2,0,2
"W00002197",1,0,1
"W00002198",0,0,0
"W00002199",0,0,0
"W00002200",0,0,0
"W00002201",1,0,1
"W00002202",1,0,1
"W00002203",0,0,0
"W00002204",0,0,0
"W00002205",12,2,10
"W00002206",2,1,1
"W00002207",7,5,2
"W00002208",1,1,0
"W00002209",2,2,0
"W00002210",5,1,4
"W00002211",7,4,3
"W00002212",4,2,2
"W00002213",1,1,0
"W00002214",3,1,2
"W00002215",6,4,2
"W00002216",7,5,2
"W00002217",8,3,5
"W00002218",5,2,3
"W00002219",5,5,0
"W00002220",13,7,6
"W00002221",5,2,3
"W00002222",11,6,5
"W00002223",4,0,4
"W00002224",3,0,3
"W00002225",7,4,3
"W00002226",2,1,1
"W00002227",3,1,2
"W00002228",4,3,1
"W00002229",1,1,0
"W00002231",3,2,1
"W00002232",0,0,0
"W00002233",3,1,2
"W00002234",0,0,0
"W00002235",0,0,0
"W00002236",0,0,0
"W00002237",1,0,1
"W00002238",4,2,2
"W00002239",0,0,0
"W00002240",0,0,0
"W00002241",1,0,1
"W00002242",1,0,1
"W00002243",1,0,1
"W00002244",4,2,2
"W00002245",0,0,0
"W00002246",1,0,1
"W00002247",2,1,1
"W00002248",1,0,1
"W00002249",0,0,0
"W00002250",1,0,1
"W00002251",5,2,3
"W00002253",4,2,2
"W00002254",0,0,0
"W00002255",1,0,1
"W00002256",1,1,0
"W00002257",1,1,0
"W00002258",6,2,4
"W00002259",2,2,0
"W00002260",2,1,1
"W00002261",0,0,0
"W00002262",1,1,0
"W00002263",1,0,1
"W00002264",0,0,0
"W00002265",1,1,0
"W00002266",1,1,0
"W00002267",1,0,1
"W00002268",1,1,0
"W00002269",4,2,2
"W00002270",1,0,1
"W00002271",0,0,0
"W00002272",5,2,3
"W00002273",6,2,4
"W00002274",3,0,3
"W00002275",8,3,5
"W00002276",7,3,4
"W00002277",5,3,2
"W00002278",9,6,3
"W00002279",11,7,4
"W00002280",1,1,0
"W00002281",11,8,3
"W00002282",10,2,8
"W00002283",9,4,5
"W00002284",0,0,0
"W00002285",9,5,4
"W00002286",4,3,1
"W00002287",11,4,7
"W00002288",1,0,1
"W00002289",14,8,6
"W00002290",7,3,4
"W00002291",3,2,1
"W00002292",7,2,5
"W00002293",2,0,2
"W00002294",3,1,2
"W00002295",11,6,5
"W00002296",2,1,1
"W00002297",3,2,1
"W00002298",9,4,5
"W00002299",2,1,1
"W00002300",5,1,4
"W00002301",2,1,1
"W00002302",8,5,3
"W00002303",14,8,6
"W00002305",5,1,4
"W00002306",4,4,0
"W00002307",1,0,1
"W00002308",10,7,3
"W00002309",4,1,3
"W00002310",3,1,2
"W00002311",8,5,3
"W00002312",2,0,2
"W00002313",5,2,3
"W00002314",6,3,3
"W00002315",6,3,3
"W00002316",5,5,0
"W00002317",5,4,1
"W00002320",2,1,1
"W00002321",10,7,3
"W00002323",7,2,5
"W00002324",5,2,3
"W00002325",17,9,8
"W00002327",1,0,1
"W00002328",2,0,2
"W00002329",3,2,1
"W00002330",3,1,2
"W00002331",3,1,2
"W00002332",3,2,1
"W00002333",1,1,0
"W00002335",6,4,2
"W00002336",5,3,2
"W00002337",8,1,7
"W00002338",1,0,1
"W00002339",14,8,6
"W00002340",5,1,4
"W00002341",12,5,7
"W00002342",6,2,4
"W00002343",6,4,2
"W00002344",9,5,4
"W00002345",6,4,2
"W00002346",12,8,4
"W00002347",4,2,2
"W00002348",6,3,3
"W00002349",6,4,2
"W00002350",5,4,1
"W00002351",3,1,2
"W00002352",4,3,1
"W00002353",11,8,3
"W00002354",9,7,2
"W00002355",4,3,1
"W00002356",5,3,2
"W00002357",3,1,2
"W00002358",3,1,2
"W00002359",5,3,2
"W00002360",9,1,8
"W00002361",7,4,3
"W00002362",11,3,8
"W00002363",4,1,3
"W00002364",9,4,5
"W00002365",2,2,0
"W00002366",7,5,2
"W00002367",5,2,3
"W00002368",2,2,0
"W00002369",6,3,3
"W00002370",1,0,1
"W00002371",3,0,3
"W00002372",9,2,7
"W00002373",12,6,6
"W00002374",11,2,9
"W00002375",4,2,2
"W00002376",5,3,2
"W00002377",4,2,2
"W00002378",5,2,3
"W00002379",1,0,1
"W00002380",0,0,0
"W00002381",1,1,0
"W00002382",0,0,0
"W00002383",3,2,1
"W00002384",8,2,6
"W00002385",8,3,5
"W00002386",7,2,5
"W00002387",5,1,4
"W00002388",3,3,0
"W00002389",6,3,3
"W00002390",2,0,2
"W00002391",3,3,0
"W00002392",3,2,1
"W00002393",6,4,2
"W00002394",1,0,1
"W00002395",2,1,1
"W00002396",4,3,1
"W00002397",7,5,2
"W00002398",9,4,5
"W00002399",4,2,2
"W00002400",4,3,1
"W00002401",3,2,1
"W00002402",7,2,5
"W00002403",4,2,2
"W00002404",15,5,10
"W00002405",3,1,2
"W00002406",8,2,6
"W00002407",10,8,2
"W00002408",11,3,8
"W00002409",2,0,2
"W00002410",3,2,1
"W00002411",6,3,3
"W00002412",6,3,3
"W00002413",8,6,2
"W00002414",6,1,5
"W00002415",4,3,1
"W00002416",4,0,4
"W00002417",2,1,1
"W00002418",3,1,2
"W00002419",3,1,2
"W00002420",8,3,5
"W00002421",2,1,1
"W00002422",1,1,0
"W00002423",10,5,5
"W00002424",5,3,2
"W00002425",1,0,1
"W00002426",2,1,1
"W00002427",5,4,1
"W00002429",3,2,1
"W00002430",0,0,0
"W00002431",6,5,1
"W00002432",0,0,0
"W00002433",7,5,2
"W00002436",4,1,3
"W00002437",5,1,4
"W00002438",7,4,3
"W00002439",1,1,0
"W00002440",6,3,3
"W00002441",5,3,2
"W00002442",2,1,1
"W00002443",3,2,1
"W00002444",11,5,6
"W00002445",6,5,1
"W00002446",1,1,0
"W00002447",1,1,0
"W00002448",5,2,3
"W00002449",2,0,2
"W00002450",3,2,1
"W00002451",2,1,1
"W00002452",14,7,7
"W00002453",4,4,0
"W00002454",3,1,2
"W00002455",5,4,1
"W00002456",7,3,4
"W00002457",12,4,8
"W00002458",7,5,2
"W00002459",4,2,2
"W00002461",10,4,6
"W00002463",3,2,1
"W00002465",13,6,7
"W00002466",6,2,4
"W00002467",3,2,1
"W00002468",11,4,7
"W00002469",11,9,2
"W00002470",5,2,3
"W00002471",3,1,2
"W00002472",10,4,6
"W00002473",6,1,5
"W00002474",3,0,3
"W00002475",9,2,7
"W00002476",9,2,7
"W00002477",4,2,2
"W00002478",10,6,4
"W00002479",1,1,0
"W00002480",8,5,3
"W00002481",3,3,0
"W00002482",0,0,0
"W00002483",7,5,2
"W00002484",4,0,4
"W00002485",0,0,0
"W00002486",3,0,3
"W00002487",6,4,2
"W00002488",0,0,0
"W00002489",4,1,3
"W00002490",9,6,3
"W00002491",3,1,2
"W00002492",5,2,3
"W00002493",8,1,7
"W00002494",10,4,6
"W00002495",5,2,3
"W00002496",5,2,3
"W00002497",6,6,0
"W00002498",5,3,2
"W00002499",2,2,0
"W00002500",5,1,4
"W00002501",0,0,0
"W00002502",5,3,2
"W00002503",1,1,0
"W00002504",3,3,0
"W00002505",2,1,1
"W00002506",3,1,2
"W00002507",4,0,4
"W00002508",2,1,1
"W00002509",8,3,5
"W00002510",9,5,4
"W00002511",2,1,1
"W00002512",4,2,2
"W00002513",11,9,2
"W00002514",4,3,1
"W00002515",1,0,1
"W00002516",1,0,1
"W00002517",6,0,6
"W00002518",3,0,3
"W00002519",2,2,0
"W00002520",0,0,0
"W00002521",2,1,1
"W00002522",2,1,1
"W00002523",1,1,0
"W00002524",4,3,1
"W00002525",1,0,1
"W00002526",4,3,1
"W00002527",3,1,2
"W00002528",9,5,4
"W00002529",5,3,2
"W00002530",3,1,2
"W00002531",9,4,5
"W00002532",8,2,6
"W00002533",7,3,4
"W00002534",13,1,12
"W00002536",4,3,1
"W00002537",5,2,3
"W00002540",4,1,3
"W00002541",5,3,2
"W00002542",7,4,3
"W00002543",9,6,3
"W00002544",2,0,2
"W00002545",0,0,0
"W00002546",0,0,0
"W00002547",2,2,0
"W00002548",2,1,1
"W00002549",2,0,2
"W00002550",3,2,1
"W00002551",4,4,0
"W00002552",2,0,2
"W00002553",3,2,1
"W00002554",3,2,1
"W00002555",1,0,1
"W00002556",0,0,0
"W00002557",3,2,1
"W00002558",0,0,0
"W00002560",3,2,1
"W00002562",1,1,0
"W00002563",7,3,4
"W00002564",9,6,3
"W00002565",3,1,2
"W00002566",7,6,1
"W00002567",1,0,1
"W00002568",5,1,4
"W00002569",3,1,2
"W00002570",0,0,0
"W00002571",5,2,3
"W00002573",2,2,0
"W00002574",1,1,0
"W00002575",6,5,1
"W00002576",2,1,1
"W00002577",7,3,4
"W00002578",1,0,1
"W00002579",4,1,3
"W00002580",2,0,2
"W00002581",6,4,2
"W00002582",0,0,0
"W00002583",1,1,0
"W00002584",1,0,1
"W00002585",6,4,2
"W00002586",8,3,5
"W00002587",3,0,3
"W00002588",4,3,1
"W00002589",4,3,1
"W00002590",8,4,4
"W00002591",3,1,2
"W00002592",5,3,2
"W00002593",9,1,8
"W00002594",1,1,0
"W00002595",1,0,1
"W00002596",4,2,2
"W00002597",1,1,0
"W00002598",7,4,3
"W00002599",1,1,0
"W00002600",4,0,4
"W00002601",5,1,4
"W00002602",5,2,3
"W00002603",1,0,1
"W00002604",5,2,3
"W00002605",7,5,2
"W00002606",6,2,4
"W00002607",5,3,2
"W00002608",6,2,4
"W00002609",10,6,4
"W00002610",5,1,4
"W00002611",2,1,1
"W00002612",9,3,6
"W00002613",2,1,1
"W00002614",0,0,0
"W00002615",8,5,3
"W00002616",2,1,1
"W00002619",16,10,6
"W00002620",5,1,4
"W00002621",3,1,2
"W00002622",4,1,3
"W00002623",7,2,5
"W00002624",3,1,2
"W00002625",5,2,3
"W00002627",4,3,1
"W00002628",1,1,0
"W00002629",10,4,6
"W00002630",7,5,2
"W00002631",5,2,3
"W00002632",7,3,4
"W00002633",6,4,2
"W00002634",2,2,0
"W00002635",15,9,6
"W00002636",4,2,2
"W00002637",8,3,5
"W00002638",4,2,2
"W00002641",11,5,6
"W00002642",2,1,1
"W00002643",8,6,2
"W00002644",2,1,1
"W00002645",6,2,4
"W00002646",6,2,4
"W00002648",8,3,5
"W00002649",3,1,2
"W00002650",3,0,3
"W00002651",5,3,2
"W00002652",2,1,1
"W00002653",2,1,1
"W00002654",4,3,1
"W00002655",3,1,2
"W00002656",6,1,5
"W00002657",3,1,2
"W00002658",8,1,7
"W00002659",5,3,2
"W00002660",3,1,2
"W00002661",3,3,0
"W00002662",4,1,3
"W00002663",2,1,1
"W00002664",7,5,2
"W00002665",4,3,1
"W00002666",4,0,4
"W00002667",3,2,1
"W00002668",7,5,2
"W00002669",5,3,2
"W00002670",6,3,3
"W00002671",4,2,2
"W00002672",2,1,1
"W00002673",10,3,7
"W00002674",3,2,1
"W00002675",0,0,0
"W00002676",3,2,1
"W00002677",3,2,1
"W00002678",2,1,1
"W00002679",2,1,1
"W00002680",3,2,1
"W00002681",4,0,4
"W00002682",5,1,4
"W00002683",3,2,1
"W00002684",2,1,1
"W00002685",6,3,3
"W00002686",1,0,1
"W00002687",2,2,0
"W00002688",1,1,0
"W00002689",4,2,2
"W00002690",0,0,0
"W00002691",2,1,1
"W00002692",8,5,3
"W00002693",14,8,6
"W00002694",24,9,15
"W00002695",2,2,0
"W00002696",2,2,0
"W00002697",9,5,4
"W00002698",1,0,1
"W00002699",1,1,0
"W00002700",0,0,0
"W00002701",3,1,2
"W00002702",0,0,0
"W00002703",2,1,1
"W00002704",5,3,2
"W00002705",3,1,2
"W00002706",5,4,1
"W00002707",2,1,1
"W00002708",9,5,4
"W00002709",4,2,2
"W00002710",5,1,4
"W00002711",8,3,5
"W00002712",5,2,3
"W00002713",1,1,0
"W00002714",1,1,0
"W00002715",7,5,2
"W00002716",2,1,1
"W00002717",1,1,0
"W00002718",1,1,0
"W00002719",7,6,1
"W00002720",6,2,4
"W00002721",3,3,0
"W00002722",6,3,3
"W00002723",1,1,0
"W00002724",0,0,0
"W00002725",0,0,0
"W00002726",0,0,0
"W00002727",0,0,0
"W00002728",3,2,1
"W00002729",0,0,0
"W00002730",0,0,0
"W00002731",4,3,1
"W00002732",4,2,2
"W00002733",1,1,0
"W00002734",5,3,2
"W00002736",11,5,6
"W00002737",4,2,2
"W00002738",7,5,2
"W00002739",1,0,1
"W00002740",8,5,3
"W00002741",5,2,3
"W00002742",4,2,2
"W00002743",4,0,4
"W00002744",2,1,1
"W00002745",1,0,1
"W00002746",1,0,1
"W00002747",7,4,3
"W00002748",3,2,1
"W00002751",2,0,2
"W00002752",2,1,1
"W00002753",8,3,5
"W00002754",5,2,3
"W00002755",3,2,1
"W00002756",2,1,1
"W00002757",1,1,0
"W00002758",0,0,0
"W00002759",6,1,5
"W00002760",3,3,0
"W00002761",4,2,2
"W00002762",5,2,3
"W00002763",1,0,1
"W00002764",2,1,1
"W00002765",1,0,1
"W00002766",8,5,3
"W00002767",0,0,0
"W00002768",0,0,0
"W00002769",1,1,0
"W00002770",1,1,0
"W00002771",2,1,1
"W00002772",4,4,0
"W00002773",2,1,1
"W00002774",3,2,1
"W00002775",2,0,2
"W00002776",3,2,1
"W00002777",5,3,2
"W00002778",0,0,0
"W00002779",3,2,1
"W00002780",3,1,2
"W00002781",8,3,5
"W00002782",5,1,4
"W00002783",2,2,0
"W00002784",9,6,3
"W00002785",5,2,3
"W00002786",5,1,4
"W00002787",5,2,3
"W00002788",7,2,5
"W00002789",5,2,3
"W00002790",1,0,1
"W00002791",8,2,6
"W00002792",8,5,3
"W00002793",1,1,0
"W00002794",10,4,6
"W00002795",7,2,5
"W00002796",6,2,4
"W00002797",2,1,1
"W00002798",4,1,3
"W00002799",6,4,2
"W00002800",0,0,0
"W00002801",8,1,7
"W00002802",6,3,3
"W00002803",8,5,3
"W00002805",7,2,5
"W00002806",7,4,3
"W00002807",3,0,3
"W00002808",15,9,6
"W00002809",2,1,1
"W00002811",7,2,5
"W00002812",7,3,4
"W00002813",3,2,1
"W00002814",7,4,3
"W00002815",7,4,3
"W00002816",3,1,2
"W00002818",3,2,1
"W00002819",2,0,2
"W00002820",5,1,4
"W00002821",1,0,1
"W00002822",1,0,1
"W00002823",8,3,5
"W00002824",2,1,1
"W00002825",2,2,0
"W00002826",5,1,4
"W00002827",4,2,2
"W00002828",17,8,9
"W00002829",2,0,2
"W00002831",22,9,13
"W00002832",1,0,1
"W00002833",3,1,2
"W00002834",5,2,3
"W00002835",1,1,0
"W00002836",4,3,1
"W00002837",2,1,1
"W00002838",5,2,3
"W00002839",5,3,2
"W00002840",4,0,4
"W00002841",8,1,7
"W00002842",5,3,2
"W00002843",2,2,0
"W00002844",2,1,1
"W00002845",7,4,3
"W00002846",4,1,3
"W00002847",11,8,3
"W00002848",5,3,2
"W00002849",1,1,0
"W00002850",1,0,1
"W00002851",11,4,7
"W00002852",7,2,5
"W00002853",8,5,3
"W00002854",7,4,3
"W00002855",2,2,0
"W00002856",9,5,4
"W00002857",3,2,1
"W00002858",5,1,4
"W00002859",1,1,0
"W00002860",1,1,0
"W00002861",4,1,3
"W00002862",8,7,1
"W00002863",9,5,4
"W00002864",6,3,3
"W00002865",2,1,1
"W00002866",4,2,2
"W00002867",1,1,0
"W00002868",5,2,3
"W00002869",5,5,0
"W00002870",3,1,2
"W00002871",4,0,4
"W00002872",7,3,4
"W00002873",0,0,0
"W00002874",9,5,4
"W00002875",10,6,4
"W00002876",5,2,3
"W00002877",7,3,4
"W00002878",7,3,4
"W00002879",4,1,3
"W00002880",4,1,3
"W00002881",2,1,1
"W00002882",5,1,4
"W00002883",0,0,0
"W00002884",8,5,3
"W00002885",4,2,2
"W00002886",4,1,3
"W00002887",2,1,1
"W00002888",5,1,4
"W00002889",1,0,1
"W00002890",0,0,0
"W00002891",2,1,1
"W00002892",1,0,1
"W00002893",5,3,2
"W00002894",3,1,2
"W00002895",4,1,3
"W00002896",1,0,1
"W00002897",6,3,3
"W00002898",2,0,2
"W00002899",6,4,2
"W00002900",8,2,6
"W00002901",6,5,1
"W00002902",1,1,0
"W00002903",5,4,1
"W00002904",9,7,2
"W00002905",7,3,4
"W00002906",5,1,4
"W00002907",2,1,1
"W00002908",6,2,4
"W00002909",0,0,0
"W00002910",1,0,1
"W00002911",6,5,1
"W00002912",1,1,0
"W00002913",11,6,5
"W00002914",7,1,6
"W00002915",2,2,0
"W00002916",3,2,1
"W00002917",8,2,6
"W00002918",6,2,4
"W00002919",7,1,6
"W00002920",7,4,3
"W00002921",1,0,1
"W00002922",2,1,1
"W00002923",4,4,0
"W00002924",4,1,3
"W00002925",8,2,6
"W00002926",4,3,1
"W00002927",6,5,1
"W00002928",10,3,7
"W00002929",7,2,5
"W00002930",5,1,4
"W00002931",4,2,2
"W00002932",3,1,2
"W00002933",14,5,9
"W00002934",4,1,3
"W00002935",1,1,0
"W00002936",7,2,5
"W00002937",7,1,6
"W00002938",11,2,9
"W00002939",9,4,5
"W00002940",6,3,3
"W00002941",2,0,2
"W00002942",4,3,1
"W00002943",11,8,3
"W00002944",4,1,3
"W00002945",1,0,1
"W00002946",6,3,3
"W00002947",5,2,3
"W00002948",7,2,5
"W00002949",6,2,4
"W00002950",5,4,1
"W00002951",7,3,4
"W00002952",7,4,3
"W00002953",10,5,5
"W00002954",5,5,0
"W00002955",5,4,1
"W00002956",4,3,1
"W00002957",1,0,1
"W00002958",5,2,3
"W00002959",5,2,3
"W00002960",2,1,1
"W00002961",4,2,2
"W00002962",9,6,3
"W00002963",8,5,3
"W00002964",1,1,0
"W00002965",11,4,7
"W00002966",12,6,6
"W00002967",6,1,5
"W00002968",1,1,0
"W00002969",8,1,7
"W00002970",3,3,0
"W00002971",0,0,0
"W00002972",6,1,5
"W00002973",1,1,0
"W00002974",5,3,2
"W00002975",3,2,1
"W00002976",4,1,3
"W00002977",11,5,6
"W00002978",5,3,2
"W00002979",6,5,1
"W00002980",0,0,0
"W00002981",6,3,3
"W00002982",8,4,4
"W00002983",2,1,1
"W00002984",5,1,4
"W00002985",4,1,3
"W00002986",7,1,6
"W00002987",2,2,0
"W00002988",4,1,3
"W00002989",6,1,5
"W00002990",8,3,5
"W00002991",1,0,1
"W00002992",5,4,1
"W00002993",2,0,2
"W00002994",6,2,4
"W00002995",11,4,7
"W00002996",1,0,1
"W00002997",5,3,2
"W00002998",7,5,2
"W00002999",6,4,2
"W00003000",4,3,1
"W00003001",2,1,1
"W00003002",0,0,0
"W00003003",6,2,4
"W00003004",3,1,2
"W00003005",2,2,0
"W00003006",5,0,5
"W00003007",8,5,3
"W00003008",5,1,4
"W00003009",13,8,5
"W00003010",5,3,2
"W00003011",5,1,4
"W00003012",0,0,0
"W00003013",3,1,2
"W00003014",9,7,2
"W00003015",5,2,3
"W00003016",0,0,0
"W00003017",0,0,0
"W00003018",7,5,2
"W00003019",4,1,3
"W00003020",4,2,2
"W00003021",3,2,1
"W00003022",5,2,3
"W00003023",6,3,3
"W00003024",2,2,0
"W00003025",5,3,2
"W00003026",3,1,2
"W00003027",0,0,0
"W00003028",3,0,3
"W00003029",6,1,5
"W00003030",6,2,4
"W00003031",7,2,5
"W00003032",4,2,2
"W00003033",2,2,0
"W00003034",2,1,1
"W00003035",0,0,0
"W00003036",4,3,1
"W00003037",3,0,3
"W00003038",3,1,2
"W00003039",2,1,1
"W00003040",1,1,0
"W00003041",0,0,0
"W00003042",1,0,1
"W00003043",2,1,1
"W00003044",2,0,2
"W00003045",7,4,3
"W00003046",4,3,1
"W00003047",6,4,2
"W00003048",5,3,2
"W00003049",1,0,1
"W00003050",3,2,1
"W00003051",4,1,3
"W00003052",1,0,1
"W00003053",6,2,4
"W00003054",3,2,1
"W00003055",5,2,3
"W00003056",1,1,0
"W00003057",6,4,2
"W00003058",1,1,0
"W00003059",9,6,3
"W00003060",0,0,0
"W00003062",3,1,2
"W00003063",3,1,2
"W00003064",5,1,4
"W00003065",5,3,2
"W00003066",4,1,3
"W00003067",8,6,2
"W00003068",0,0,0
"W00003069",13,6,7
"W00003070",15,6,9
"W00003071",4,3,1
"W00003072",6,4,2
"W00003073",1,0,1
"W00003074",2,1,1
"W00003075",3,1,2
"W00003076",4,3,1
"W00003077",2,1,1
"W00003078",9,4,5
"W00003079",7,0,7
"W00003080",4,2,2
"W00003081",8,6,2
"W00003082",5,2,3
"W00003083",0,0,0
"W00003084",6,4,2
"W00003085",3,3,0
"W00003086",7,3,4
"W00003087",5,2,3
"W00003088",10,7,3
"W00003089",7,4,3
"W00003090",8,4,4
"W00003091",8,5,3
"W00003092",4,2,2
"W00003093",8,5,3
"W00003094",5,3,2
"W00003095",10,2,8
"W00003096",6,3,3
"W00003097",5,0,5
"W00003098",6,3,3
"W00003099",10,3,7
"W00003100",3,2,1
"W00003101",1,1,0
"W00003102",6,2,4
"W00003103",2,1,1
"W00003104",6,5,1
"W00003105",2,0,2
"W00003106",11,7,4
"W00003107",5,3,2
"W00003108",4,1,3
"W00003109",11,9,2
"W00003110",4,2,2
"W00003111",6,2,4
"W00003112",7,4,3
"W00003113",2,1,1
"W00003114",5,1,4
"W00003115",11,3,8
"W00003116",8,2,6
"W00003117",7,5,2
"W00003118",5,3,2
"W00003119",10,3,7
"W00003120",9,5,4
"W00003121",4,3,1
"W00003122",7,3,4
"W00003123",4,0,4
"W00003124",5,4,1
"W00003125",4,1,3
"W00003126",4,2,2
"W00003127",7,5,2
"W00003128",7,3,4
"W00003129",8,3,5
"W00003130",3,2,1
"W00003131",6,1,5
"W00003132",5,3,2
"W00003133",5,2,3
"W00003134",2,2,0
"W00003135",7,2,5
"W00003136",1,0,1
"W00003137",5,3,2
"W00003138",4,2,2
"W00003139",5,3,2
"W00003140",3,2,1
"W00003141",9,3,6
"W00003142",0,0,0
"W00003143",8,5,3
"W00003144",0,0,0
"W00003145",2,1,1
"W00003146",2,0,2
"W00003147",3,0,3
"W00003148",6,2,4
"W00003149",8,4,4
"W00003150",5,4,1
"W00003151",1,1,0
"W00003152",4,0,4
"W00003153",0,0,0
"W00003154",3,1,2
"W00003155",1,0,1
"W00003156",0,0,0
"W00003157",3,1,2
"W00003158",0,0,0
"W00003159",6,3,3
"W00003160",4,2,2
"W00003161",1,0,1
"W00003162",7,6,1
"W00003163",0,0,0
"W00003164",4,2,2
"W00003165",1,0,1
"W00003166",4,2,2
"W00003167",5,2,3
"W00003168",6,4,2
"W00003169",1,0,1
"W00003170",1,1,0
"W00003171",3,0,3
"W00003172",2,0,2
"W00003173",4,2,2
"W00003174",6,3,3
"W00003175",2,0,2
"W00003176",6,4,2
"W00003177",0,0,0
"W00003178",4,2,2
"W00003179",1,1,0
"W00003180",1,1,0
"W00003181",0,0,0
"W00003182",3,1,2
"W00003183",2,0,2
"W00003184",6,3,3
"W00003185",3,3,0
"W00003186",0,0,0
"W00003187",5,0,5
"W00003188",5,2,3
"W00003189",4,1,3
"W00003190",1,1,0
"W00003191",6,3,3
"W00003192",2,1,1
"W00003193",0,0,0
"W00003194",6,3,3
"W00003195",11,4,7
"W00003196",6,4,2
"W00003197",6,3,3
"W00003198",5,1,4
"W00003199",1,1,0
"W00003200",2,1,1
"W00003201",6,4,2
"W00003202",9,4,5
"W00003203",5,1,4
"W00003204",3,1,2
"W00003205",4,4,0
"W00003206",3,2,1
"W00003207",5,3,2
"W00003208",4,0,4
"W00003209",11,5,6
"W00003210",5,3,2
"W00003211",2,1,1
"W00003212",5,2,3
"W00003213",6,3,3
"W00003214",3,1,2
"W00003215",1,1,0
"W00003216",2,1,1
"W00003217",1,0,1
"W00003218",1,0,1
"W00003219",0,0,0
"W00003220",1,1,0
"W00003221",2,1,1
"W00003222",3,2,1
"W00003223",0,0,0
"W00003224",0,0,0
"W00003225",1,0,1
"W00003226",6,2,4
"W00003227",4,2,2
"W00003228",0,0,0
"W00003229",2,0,2
"W00003230",7,6,1
"W00003231",4,2,2
"W00003232",4,0,4
"W00003233",2,2,0
"W00003234",3,1,2
"W00003235",5,3,2
"W00003236",5,3,2
"W00003237",5,2,3
"W00003238",0,0,0
"W00003239",5,1,4
"W00003240",5,3,2
"W00003241",1,0,1
"W00003242",5,1,4
"W00003243",0,0,0
"W00003244",0,0,0
"W00003245",3,2,1
"W00003246",3,2,1
"W00003247",1,1,0
"W00003248",1,0,1
"W00003249",7,4,3
"W00003250",0,0,0
"W00003251",5,3,2
"W00003252",1,0,1
"W00003253",6,2,4
"W00003254",4,4,0
"W00003255",3,0,3
"W00003256",1,1,0
"W00003257",5,2,3
"W00003258",4,3,1
"W00003259",2,1,1
"W00003260",0,0,0
"W00003261",11,10,1
"W00003262",3,3,0
"W00003263",7,4,3
"W00003264",2,0,2
"W00003265",1,0,1
"W00003266",4,2,2
"W00003267",5,3,2
"W00003268",3,2,1
"W00003269",9,4,5
"W00003270",8,7,1
"W00003271",2,2,0
"W00003272",2,2,0
"W00003273",2,2,0
"W00003274",6,5,1
"W00003275",8,5,3
"W00003276",5,3,2
"W00003277",6,1,5
"W00003278",6,4,2
"W00003279",1,0,1
"W00003280",5,4,1
"W00003281",6,3,3
"W00003282",3,3,0
"W00003283",0,0,0
"W00003284",0,0,0
"W00003285",6,2,4
"W00003286",2,1,1
"W00003287",21,7,14
"W00003288",3,0,3
"W00003289",8,2,6
"W00003290",8,3,5
"W00003291",4,1,3
"W00003292",7,3,4
"W00003293",1,0,1
"W00003294",2,0,2
"W00003295",3,2,1
"W00003296",2,1,1
"W00003297",3,1,2
"W00003298",11,3,8
"W00003299",10,4,6
"W00003300",3,0,3
"W00003301",8,4,4
"W00003302",4,1,3
"W00003303",8,4,4
"W00003304",1,0,1
"W00003305",2,1,1
"W00003306",3,1,2
"W00003307",5,2,3
"W00003308",1,1,0
"W00003309",4,3,1
"W00003310",3,0,3
"W00003311",0,0,0
"W00003312",8,4,4
"W00003313",2,2,0
"W00003314",10,8,2
"W00003315",5,3,2
"W00003316",6,4,2
"W00003317",0,0,0
"W00003318",3,1,2
"W00003319",3,3,0
"W00003320",6,5,1
"W00003321",6,3,3
"W00003322",2,1,1
"W00003323",8,5,3
"W00003324",2,2,0
"W00003325",5,2,3
"W00003326",4,3,1
"W00003327",2,1,1
"W00003328",0,0,0
"W00003329",5,3,2
"W00003330",7,4,3
"W00003331",11,3,8
"W00003332",1,0,1
"W00003333",5,2,3
"W00003334",7,3,4
"W00003335",0,0,0
"W00003336",4,3,1
"W00003337",2,1,1
"W00003338",2,0,2
"W00003339",4,0,4
"W00003340",0,0,0
"W00003341",2,1,1
"W00003342",5,1,4
"W00003343",6,2,4
"W00003344",8,4,4
"W00003345",8,2,6
"W00003346",6,1,5
"W00003347",5,2,3
"W00003348",9,2,7
"W00003349",13,7,6
"W00003350",5,2,3
"W00003351",5,2,3
"W00003352",10,5,5
"W00003353",5,3,2
"W00003354",8,4,4
"W00003355",7,4,3
"W00003356",7,3,4
"W00003357",11,4,7
"W00003358",5,2,3
"W00003359",7,3,4
"W00003360",4,1,3
"W00003361",2,1,1
"W00003362",1,0,1
"W00003363",4,2,2
"W00003364",2,2,0
"W00003365",7,3,4
"W00003366",5,3,2
"W00003367",2,1,1
"W00003368",7,3,4
"W00003369",3,2,1
"W00003370",4,3,1
"W00003372",7,5,2
"W00003373",7,3,4
"W00003374",2,2,0
"W00003375",4,1,3
"W00003376",3,3,0
"W00003377",2,2,0
"W00003378",2,1,1
"W00003379",3,1,2
"W00003380",4,0,4
"W00003381",0,0,0
"W00003382",0,0,0
"W00003383",1,0,1
"W00003384",7,2,5
"W00003385",1,1,0
"W00003386",2,2,0
"W00003387",1,0,1
"W00003388",0,0,0
"W00003389",0,0,0
"W00003390",2,0,2
"W00003391",5,4,1
"W00003392",3,3,0
"W00003393",2,2,0
"W00003394",3,1,2
"W00003395",3,0,3
"W00003396",4,1,3
"W00003397",2,2,0
"W00003398",6,4,2
"W00003399",2,2,0
"W00003400",2,1,1
"W00003401",0,0,0
"W00003402",0,0,0
"W00003403",0,0,0
"W00003404",5,1,4
"W00003405",3,0,3
"W00003406",1,0,1
"W00003407",0,0,0
"W00003408",2,2,0
"W00003409",1,0,1
"W00003410",5,4,1
"W00003411",1,0,1
"W00003412",2,1,1
"W00003413",1,0,1
"W00003414",2,2,0
"W00003415",3,1,2
"W00003416",7,3,4
"W00003418",0,0,0
"W00003419",1,0,1
"W00003421",2,2,0
"W00003422",2,1,1
"W00003423",9,5,4
"W00003424",9,5,4
"W00003425",8,4,4
"W00003426",4,2,2
"W00003427",7,3,4
"W00003428",1,1,0
"W00003429",7,6,1
"W00003430",6,3,3
"W00003431",1,0,1
"W00003432",3,2,1
"W00003433",1,1,0
"W00003434",0,0,0
"W00003435",1,1,0
"W00003436",10,5,5
"W00003437",6,3,3
"W00003438",3,2,1
"W00003439",0,0,0
"W00003440",4,2,2
"W00003441",3,1,2
"W00003442",4,2,2
"W00003443",7,4,3
"W00003444",5,3,2
"W00003445",3,1,2
"W00003446",4,1,3
"W00003447",0,0,0
"W00003448",0,0,0
"W00003449",1,0,1
"W00003450",2,1,1
"W00003451",3,1,2
"W00003452",1,0,1
"W00003453",2,1,1
"W00003454",3,2,1
"W00003455",6,4,2
"W00003456",2,2,0
"W00003457",9,5,4
"W00003458",1,1,0
"W00003459",2,1,1
"W00003460",3,1,2
"W00003461",1,1,0
"W00003463",2,1,1
"W00003464",1,0,1
"W00003465",6,3,3
"W00003466",2,0,2
"W00003467",5,2,3
"W00003468",4,3,1
"W00003469",5,1,4
"W00003470",3,1,2
"W00003471",2,0,2
"W00003472",4,2,2
"W00003473",4,0,4
"W00003474",1,1,0
"W00003475",4,2,2
"W00003476",4,2,2
"W00003477",6,3,3
"W00003478",7,2,5
"W00003479",3,1,2
"W00003480",1,0,1
"W00003481",4,2,2
"W00003482",4,1,3
"W00003483",9,5,4
"W00003484",5,3,2
"W00003485",7,4,3
"W00003486",3,1,2
"W00003487",4,1,3
"W00003488",5,2,3
"W00003489",5,2,3
"W00003490",3,1,2
"W00003491",4,2,2
"W00003492",4,1,3
"W00003493",10,4,6
"W00003494",6,2,4
"W00003495",6,3,3
"W00003496",1,0,1
"W00003497",1,1,0
"W00003498",0,0,0
"W00003499",3,3,0
"W00003500",5,2,3
"W00003501",6,1,5
"W00003502",10,5,5
"W00003503",3,2,1
"W00003504",5,2,3
"W00003505",1,0,1
"W00003506",7,3,4
"W00003507",1,1,0
"W00003508",1,1,0
"W00003509",2,2,0
"W00003510",3,1,2
"W00003511",5,3,2
"W00003512",3,0,3
"W00003513",5,3,2
"W00003514",3,1,2
"W00003515",4,2,2
"W00003516",6,4,2
"W00003517",10,3,7
"W00003518",1,0,1
"W00003519",0,0,0
"W00003520",5,3,2
"W00003521",0,0,0
"W00003522",0,0,0
"W00003523",0,0,0
"W00003524",0,0,0
"W00003525",5,1,4
"W00003526",0,0,0
"W00003527",3,2,1
"W00003528",10,5,5
"W00003529",4,3,1
"W00003530",3,1,2
"W00003531",0,0,0
"W00003532",3,3,0
"W00003533",1,1,0
"W00003534",0,0,0
"W00003535",5,0,5
"W00003536",5,2,3
"W00003537",4,2,2
"W00003538",1,0,1
"W00003539",5,2,3
"W00003540",0,0,0
"W00003541",0,0,0
"W00003542",1,1,0
"W00003543",2,2,0
"W00003544",0,0,0
"W00003545",1,1,0
"W00003546",1,1,0
"W00003547",5,2,3
"W00003548",1,1,0
"W00003549",1,1,0
"W00003550",3,1,2
"W00003552",3,2,1
"W00003553",0,0,0
"W00003554",1,0,1
"W00003555",0,0,0
"W00003556",4,3,1
"W00003557",2,1,1
"W00003558",0,0,0
"W00003559",8,4,4
"W00003560",3,0,3
"W00003561",1,1,0
"W00003562",2,1,1
"W00003563",9,4,5
"W00003564",0,0,0
"W00003565",5,4,1
"W00003566",5,3,2
"W00003567",7,2,5
"W00003568",4,3,1
"W00003569",10,4,6
"W00003570",8,2,6
"W00003571",2,2,0
"W00003572",1,1,0
"W00003573",7,3,4
"W00003574",6,2,4
"W00003575",3,1,2
"W00003576",4,2,2
"W00003577",1,0,1
"W00003578",10,1,9
"W00003579",6,4,2
"W00003580",0,0,0
"W00003581",2,0,2
"W00003582",4,2,2
"W00003583",0,0,0
"W00003584",6,4,2
"W00003585",1,0,1
"W00003586",11,3,8
"W00003587",2,1,1
"W00003588",4,2,2
"W00003589",6,3,3
"W00003590",7,3,4
"W00003591",1,0,1
"W00003592",2,1,1
"W00003593",2,1,1
"W00003594",2,0,2
"W00003595",1,0,1
"W00003596",0,0,0
"W00003597",1,1,0
"W00003598",9,5,4
"W00003599",2,1,1
"W00003600",4,2,2
"W00003601",6,5,1
"W00003602",3,2,1
"W00003603",1,1,0
"W00003604",1,1,0
"W00003605",0,0,0
"W00003606",0,0,0
"W00003607",2,1,1
"W00003608",4,3,1
"W00003609",5,3,2
"W00003610",3,2,1
"W00003611",5,2,3
"W00003612",6,3,3
"W00003613",7,5,2
"W00003614",2,2,0
"W00003615",5,3,2
"W00003616",5,2,3
"W00003617",2,1,1
"W00003618",6,3,3
"W00003619",7,4,3
"W00003620",11,5,6
"W00003621",2,0,2
"W00003622",1,0,1
"W00003623",0,0,0
"W00003624",8,4,4
"W00003625",8,1,7
"W00003626",8,3,5
"W00003627",4,1,3
"W00003628",4,1,3
"W00003629",3,1,2
"W00003630",8,5,3
"W00003631",9,4,5
"W00003632",14,6,8
"W00003633",4,0,4
"W00003634",4,2,2
"W00003635",2,2,0
"W00003636",2,0,2
"W00003637",2,2,0
"W00003638",6,5,1
"W00003639",9,5,4
"W00003640",8,3,5
"W00003641",3,3,0
"W00003642",1,0,1
"W00003643",1,0,1
"W00003644",6,4,2
"W00003645",6,1,5
"W00003646",4,1,3
"W00003647",5,4,1
"W00003648",7,2,5
"W00003649",1,1,0
"W00003650",10,5,5
"W00003651",5,2,3
"W00003652",5,2,3
"W00003653",5,3,2
"W00003654",6,5,1
"W00003655",7,1,6
"W00003656",9,8,1
"W00003657",5,1,4
"W00003658",4,2,2
"W00003659",2,1,1
"W00003660",7,3,4
"W00003661",13,6,7
"W00003662",3,1,2
"W00003663",1,0,1
"W00003664",0,0,0
"W00003665",2,1,1
"W00003666",1,0,1
"W00003667",2,1,1
"W00003668",0,0,0
"W00003669",3,2,1
"W00003670",5,3,2
"W00003671",18,6,12
"W00003672",4,4,0
"W00003673",0,0,0
"W00003674",4,2,2
"W00003675",6,5,1
"W00003676",4,3,1
"W00003677",4,0,4
"W00003678",2,1,1
"W00003679",0,0,0
"W00003680",7,3,4
"W00003681",8,2,6
"W00003682",4,4,0
"W00003683",8,5,3
"W00003684",10,6,4
"W00003685",3,1,2
"W00003686",4,3,1
"W00003687",1,0,1
"W00003688",1,0,1
"W00003689",2,1,1
"W00003690",3,2,1
"W00003691",4,2,2
"W00003692",9,7,2
"W00003693",8,2,6
"W00003694",6,2,4
"W00003695",6,4,2
"W00003696",3,0,3
"W00003697",13,6,7
"W00003698",11,4,7
"W00003699",7,3,4
"W00003700",9,6,3
"W00003701",5,0,5
"W00003702",2,1,1
"W00003703",3,0,3
"W00003704",4,2,2
"W00003705",3,3,0
"W00003706",4,3,1
"W00003707",1,1,0
"W00003708",8,3,5
"W00003709",5,1,4
"W00003710",1,0,1
"W00003711",2,1,1
"W00003712",4,3,1
"W00003713",1,0,1
"W00003714",0,0,0
"W00003715",9,4,5
"W00003716",7,5,2
"W00003717",3,3,0
"W00003718",5,3,2
"W00003719",1,1,0
"W00003720",2,1,1
"W00003721",11,4,7
"W00003722",8,3,5
"W00003723",2,0,2
"W00003724",3,0,3
"W00003725",1,1,0
"W00003726",7,3,4
"W00003727",4,0,4
"W00003728",6,2,4
"W00003729",11,5,6
"W00003730",11,5,6
"W00003731",7,5,2
"W00003732",3,2,1
"W00003733",3,1,2
"W00003734",3,1,2
"W00003735",2,1,1
"W00003736",4,3,1
"W00003737",1,0,1
"W00003738",3,3,0
"W00003739",4,2,2
"W00003740",4,1,3
"W00003741",5,2,3
"W00003742",4,3,1
"W00003743",0,0,0
"W00003744",1,1,0
"W00003745",8,5,3
"W00003746",11,6,5
"W00003747",11,3,8
"W00003748",3,0,3
"W00003749",0,0,0
"W00003750",1,0,1
"W00003751",6,3,3
"W00003752",3,2,1
"W00003753",0,0,0
"W00003754",1,1,0
"W00003755",1,0,1
"W00003756",1,0,1
"W00003757",1,0,1
"W00003758",1,0,1
"W00003759",4,4,0
"W00003760",2,2,0
"W00003761",8,2,6
"W00003762",9,6,3
"W00003763",5,2,3
"W00003764",2,1,1
"W00003765",1,0,1
"W00003766",3,2,1
"W00003767",5,3,2
"W00003768",6,1,5
"W00003769",1,0,1
"W00003770",1,1,0
"W00003771",1,0,1
"W00003772",4,3,1
"W00003773",6,4,2
"W00003774",3,2,1
"W00003775",1,0,1
"W00003776",3,1,2
"W00003777",4,3,1
"W00003778",5,1,4
"W00003779",4,3,1
"W00003780",3,2,1
"W00003781",3,0,3
"W00003782",3,1,2
"W00003783",2,0,2
"W00003784",1,0,1
"W00003785",4,0,4
"W00003786",1,0,1
"W00003787",5,4,1
"W00003788",2,0,2
"W00003789",2,1,1
"W00003790",0,0,0
"W00003791",0,0,0
"W00003792",4,0,4
"W00003793",5,4,1
"W00003794",5,3,2
"W00003795",1,1,0
"W00003796",0,0,0
"W00003797",4,2,2
"W00003798",5,2,3
"W00003799",1,0,1
"W00003800",3,1,2
"W00003801",0,0,0
"W00003802",3,0,3
"W00003803",1,0,1
"W00003804",0,0,0
"W00003805",3,2,1
"W00003806",0,0,0
"W00003807",1,0,1
"W00003808",0,0,0
"W00003809",0,0,0
"W00003811",8,3,5
"W00003812",4,1,3
"W00003813",4,3,1
"W00003814",10,6,4
"W00003815",9,3,6
"W00003817",5,2,3
"W00003818",5,1,4
"W00003819",0,0,0
"W00003820",3,0,3
"W00003821",8,4,4
"W00003823",1,0,1
"W00003824",1,0,1
"W00003825",0,0,0
"W00003826",1,0,1
"W00003827",2,1,1
"W00003828",1,1,0
"W00003829",1,1,0
"W00003830",5,2,3
"W00003831",0,0,0
"W00003832",2,2,0
"W00003833",0,0,0
"W00003834",1,1,0
"W00003835",0,0,0
"W00003836",0,0,0
"W00003837",5,2,3
"W00003838",10,3,7
"W00003839",5,2,3
"W00003840",1,0,1
"W00003841",1,1,0
"W00003842",0,0,0
"W00003843",4,2,2
"W00003844",6,1,5
"W00003845",2,1,1
"W00003846",6,1,5
"W00003847",6,1,5
"W00003848",10,5,5
"W00003849",1,0,1
"W00003850",6,4,2
"W00003851",5,3,2
"W00003852",0,0,0
"W00003853",1,0,1
"W00003854",2,1,1
"W00003855",4,2,2
"W00003856",1,0,1
"W00003857",3,1,2
"W00003858",2,1,1
"W00003859",3,2,1
"W00003860",2,1,1
"W00003861",8,5,3
"W00003862",1,0,1
"W00003863",1,0,1
"W00003864",4,0,4
"W00003865",3,1,2
"W00003866",10,8,2
"W00003867",6,3,3
"W00003868",5,4,1
"W00003869",0,0,0
"W00003870",5,2,3
"W00003871",4,2,2
"W00003872",7,4,3
"W00003873",7,5,2
"W00003874",13,7,6
"W00003875",4,3,1
"W00003876",5,4,1
"W00003877",4,1,3
"W00003878",3,1,2
"W00003879",2,2,0
"W00003880",4,2,2
"W00003881",2,2,0
"W00003882",0,0,0
"W00003883",6,2,4
"W00003884",6,4,2
"W00003885",4,1,3
"W00003886",9,7,2
"W00003887",3,2,1
"W00003888",4,3,1
"W00003889",6,2,4
"W00003890",1,1,0
"W00003891",4,2,2
"W00003892",0,0,0
"W00003893",2,2,0
"W00003894",4,1,3
"W00003895",12,5,7
"W00003896",5,2,3
"W00003897",4,2,2
"W00003898",7,4,3
"W00003899",8,3,5
"W00003900",0,0,0
"W00003901",0,0,0
"W00003902",1,0,1
"W00003903",1,0,1
"W00003904",5,5,0
"W00003905",8,3,5
"W00003906",6,1,5
"W00003907",6,2,4
"W00003908",7,3,4
"W00003909",12,6,6
"W00003910",6,4,2
"W00003911",4,2,2
"W00003912",4,3,1
"W00003913",2,0,2
"W00003914",1,1,0
"W00003915",0,0,0
"W00003916",6,3,3
"W00003917",0,0,0
"W00003918",3,1,2
"W00003919",5,1,4
"W00003920",7,4,3
"W00003921",9,6,3
"W00003922",1,1,0
"W00003923",4,2,2
"W00003924",6,4,2
"W00003925",3,1,2
"W00003926",3,1,2
"W00003927",0,0,0
"W00003928",3,3,0
"W00003929",1,0,1
"W00003930",3,2,1
"W00003931",3,2,1
"W00003932",7,5,2
"W00003933",6,3,3
"W00003934",0,0,0
"W00003935",2,1,1
"W00003936",1,1,0
"W00003937",1,0,1
"W00003938",3,2,1
"W00003939",0,0,0
"W00003940",8,5,3
"W00003941",4,4,0
"W00003942",2,0,2
"W00003943",0,0,0
"W00003944",3,1,2
"W00003945",2,1,1
"W00003946",6,3,3
"W00003947",6,2,4
"W00003948",7,5,2
"W00003949",3,0,3
"W00003950",5,1,4
"W00003951",4,2,2
"W00003952",7,5,2
"W00003953",5,3,2
"W00003954",13,5,8
"W00003955",7,4,3
"W00003956",6,5,1
"W00003957",3,1,2
"W00003958",8,2,6
"W00003960",7,4,3
"W00003961",6,3,3
"W00003962",1,0,1
"W00003963",3,2,1
"W00003964",3,0,3
"W00003965",2,1,1
"W00003966",0,0,0
"W00003967",2,1,1
"W00003968",1,1,0
"W00003969",0,0,0
"W00003970",0,0,0
"W00003971",0,0,0
"W00003972",4,4,0
"W00003973",2,1,1
"W00003974",3,2,1
"W00003975",0,0,0
"W00003976",1,1,0
"W00003977",1,0,1
"W00003978",1,1,0
"W00003979",0,0,0
"W00003980",1,1,0
"W00003981",0,0,0
"W00003982",5,2,3
"W00003983",0,0,0
"W00003984",1,0,1
"W00003986",2,1,1
"W00003987",0,0,0
"W00003988",3,2,1
"W00003989",3,1,2
"W00003990",1,0,1
"W00003991",1,1,0
"W00003992",1,0,1
"W00003993",0,0,0
"W00003995",0,0,0
"W00003996",2,1,1
"W00003997",4,2,2
"W00003998",3,2,1
"W00003999",5,3,2
"W00004001",0,0,0
"W00004002",2,1,1
"W00004003",0,0,0
"W00004004",3,1,2
"W00004005",0,0,0
"W00004006",0,0,0
"W00004007",3,3,0
"W00004008",1,1,0
"W00004009",2,0,2
"W00004010",0,0,0
"W00004011",0,0,0
"W00004012",1,0,1
"W00004013",0,0,0
"W00004014",0,0,0
"W00004015",0,0,0
"W00004016",3,2,1
"W00004017",1,1,0
"W00004018",5,4,1
"W00004019",3,0,3
"W00004020",4,2,2
"W00004021",1,1,0
"W00004022",1,1,0
"W00004023",3,2,1
"W00004025",2,1,1
"W00004026",1,1,0
"W00004027",3,1,2
"W00004028",6,4,2
"W00004029",1,0,1
"W00004030",6,4,2
"W00004031",5,4,1
"W00004032",2,1,1
"W00004033",5,2,3
"W00004034",2,1,1
"W00004035",2,0,2
"W00004036",2,1,1
"W00004037",2,1,1
"W00004038",2,2,0
"W00004039",3,1,2
"W00004040",1,1,0
"W00004041",1,0,1
"W00004042",1,1,0
"W00004043",1,0,1
"W00004044",4,2,2
"W00004045",0,0,0
"W00004046",2,1,1
"W00004047",6,2,4
"W00004048",2,2,0
"W00004049",0,0,0
"W00004050",5,5,0
"W00004051",3,0,3
"W00004052",5,4,1
"W00004053",3,2,1
"W00004054",0,0,0
"W00004055",2,1,1
"W00004056",2,0,2
"W00004057",5,2,3
"W00004058",9,4,5
"W00004059",1,1,0
"W00004060",4,3,1
"W00004061",2,2,0
"W00004062",6,4,2
"W00004063",3,1,2
"W00004064",6,5,1
"W00004065",4,2,2
"W00004066",3,1,2
"W00004067",0,0,0
"W00004068",0,0,0
"W00004069",1,1,0
"W00004070",7,4,3
"W00004071",3,2,1
"W00004072",3,0,3
"W00004073",9,4,5
"W00004074",1,0,1
"W00004075",2,2,0
"W00004076",1,1,0
"W00004077",2,2,0
"W00004078",2,1,1
"W00004079",3,0,3
"W00004080",1,1,0
"W00004081",3,1,2
"W00004082",0,0,0
"W00004083",0,0,0
"W00004084",1,0,1
"W00004085",1,0,1
"W00004086",1,1,0
"W00004087",5,1,4
"W00004088",0,0,0
"W00004089",4,1,3
"W00004090",3,2,1
"W00004091",1,1,0
"W00004092",3,2,1
"W00004093",0,0,0
"W00004094",1,0,1
"W00004095",1,1,0
"W00004096",5,2,3
"W00004097",5,3,2
"W00004098",7,2,5
"W00004099",2,0,2
"W00004100",1,0,1
"W00004101",0,0,0
"W00004102",0,0,0
"W00004103",5,2,3
"W00004104",3,1,2
"W00004105",5,3,2
"W00004106",2,2,0
"W00004107",3,1,2
"W00004108",3,1,2
"W00004109",5,4,1
"W00004110",4,3,1
"W00004111",1,1,0
"W00004112",1,0,1
"W00004113",2,1,1
"W00004114",3,2,1
"W00004115",1,1,0
"W00004116",2,2,0
"W00004117",2,2,0
"W00004118",3,2,1
"W00004119",2,2,0
"W00004120",4,2,2
"W00004121",1,0,1
"W00004122",3,2,1
"W00004123",1,0,1
"W00004124",2,2,0
"W00004125",1,0,1
"W00004126",3,0,3
"W00004127",5,2,3
"W00004128",1,1,0
"W00004129",6,1,5
"W00004130",6,3,3
"W00004131",7,5,2
"W00004132",3,2,1
"W00004133",5,3,2
"W00004134",5,2,3
"W00004135",4,3,1
"W00004136",3,1,2
"W00004137",8,5,3
"W00004138",2,1,1
"W00004139",4,2,2
"W00004140",5,4,1
"W00004141",8,3,5
"W00004142",6,4,2
"W00004143",8,3,5
"W00004144",0,0,0
"W00004145",5,3,2
"W00004146",1,0,1
"W00004147",7,6,1
"W00004148",0,0,0
"W00004149",2,1,1
"W00004150",5,3,2
"W00004151",5,3,2
"W00004152",5,2,3
"W00004153",1,0,1
"W00004154",2,0,2
"W00004155",1,0,1
"W00004157",5,3,2
"W00004158",0,0,0
"W00004159",6,4,2
"W00004160",4,2,2
"W00004161",9,3,6
"W00004162",9,5,4
"W00004163",3,2,1
"W00004164",6,3,3
"W00004165",9,7,2
"W00004166",4,2,2
"W00004167",2,1,1
"W00004168",3,1,2
"W00004169",7,4,3
"W00004170",5,4,1
"W00004171",5,2,3
"W00004172",10,6,4
"W00004173",3,3,0
"W00004174",7,1,6
"W00004175",12,7,5
"W00004176",6,2,4
"W00004177",5,4,1
"W00004178",3,2,1
"W00004179",2,1,1
"W00004180",7,2,5
"W00004181",0,0,0
"W00004182",7,3,4
"W00004183",0,0,0
"W00004184",1,0,1
"W00004186",1,1,0
"W00004188",3,3,0
"W00004189",5,2,3
"W00004190",1,0,1
"W00004191",5,4,1
"W00004192",14,8,6
"W00004196",4,3,1
"W00004197",4,2,2
"W00004198",2,1,1
"W00004199",5,3,2
"W00004200",8,3,5
"W00004201",7,3,4
"W00004202",12,8,4
"W00004203",1,0,1
"W00004204",2,1,1
"W00004205",3,1,2
"W00004206",3,2,1
"W00004207",5,3,2
"W00004208",0,0,0
"W00004209",2,2,0
"W00004210",4,2,2
"W00004211",2,0,2
"W00004212",4,1,3
"W00004213",1,0,1
"W00004214",7,5,2
"W00004215",3,1,2
"W00004216",6,4,2
"W00004217",2,0,2
"W00004218",3,0,3
"W00004219",0,0,0
"W00004220",1,0,1
"W00004221",4,3,1
"W00004222",2,2,0
"W00004223",2,1,1
"W00004224",2,2,0
"W00004225",3,1,2
"W00004226",1,0,1
"W00004227",1,0,1
"W00004228",3,2,1
"W00004229",5,1,4
"W00004230",0,0,0
"W00004231",0,0,0
"W00004232",4,1,3
"W00004233",1,0,1
"W00004234",2,1,1
"W00004235",3,2,1
"W00004236",2,2,0
"W00004237",1,1,0
"W00004238",1,0,1
"W00004239",0,0,0
"W00004240",1,0,1
"W00004241",7,4,3
"W00004242",3,0,3
"W00004243",7,4,3
"W00004244",3,2,1
"W00004245",3,2,1
"W00004246",3,2,1
"W00004247",1,1,0
"W00004248",3,2,1
"W00004249",5,2,3
"W00004250",5,1,4
"W00004251",4,2,2
"W00004252",1,1,0
"W00004253",4,2,2
"W00004254",2,1,1
"W00004255",1,0,1
"W00004256",10,5,5
"W00004257",3,2,1
"W00004258",0,0,0
"W00004259",3,1,2
"W00004260",6,4,2
"W00004261",3,2,1
"W00004262",2,1,1
"W00004263",4,2,2
"W00004264",0,0,0
"W00004265",5,3,2
"W00004266",3,2,1
"W00004267",1,1,0
"W00004268",3,2,1
"W00004269",0,0,0
"W00004270",7,2,5
"W00004271",3,0,3
"W00004272",9,2,7
"W00004274",0,0,0
"W00004275",2,0,2
"W00004276",4,3,1
"W00004277",4,2,2
"W00004278",3,0,3
"W00004279",0,0,0
"W00004280",1,0,1
"W00004281",0,0,0
"W00004282",0,0,0
"W00004283",1,1,0
"W00004284",5,1,4
"W00004285",0,0,0
"W00004286",0,0,0
"W00004288",1,1,0
"W00004289",3,3,0
"W00004290",5,1,4
"W00004291",1,0,1
"W00004292",2,2,0
"W00004293",2,0,2
"W00004294",6,1,5
"W00004295",0,0,0
"W00004296",0,0,0
"W00004297",6,3,3
"W00004298",1,1,0
"W00004299",0,0,0
"W00004300",1,1,0
"W00004301",0,0,0
"W00004302",5,2,3
"W00004303",3,2,1
"W00004304",4,1,3
"W00004305",2,1,1
"W00004306",5,2,3
"W00004307",3,2,1
"W00004308",4,2,2
"W00004309",5,3,2
"W00004310",6,1,5
"W00004311",0,0,0
"W00004312",4,2,2
"W00004313",15,6,9
"W00004314",8,3,5
"W00004315",8,2,6
"W00004316",1,0,1
"W00004317",1,1,0
"W00004318",2,0,2
"W00004320",1,0,1
"W00004321",4,4,0
"W00004322",2,1,1
"W00004323",6,1,5
"W00004324",2,0,2
"W00004325",1,0,1
"W00004326",3,2,1
"W00004327",3,1,2
"W00004328",6,2,4
"W00004329",1,0,1
"W00004330",3,2,1
"W00004331",1,1,0
"W00004332",0,0,0
"W00004333",0,0,0
"W00004334",3,2,1
"W00004335",4,2,2
"W00004336",3,1,2
"W00004337",0,0,0
"W00004338",0,0,0
"W00004339",2,0,2
"W00004340",0,0,0
"W00004341",10,3,7
"W00004342",6,2,4
"W00004343",3,3,0
"W00004344",13,10,3
"W00004345",3,1,2
"W00004346",4,3,1
"W00004347",3,1,2
"W00004348",1,1,0
"W00004349",3,1,2
"W00004350",1,0,1
"W00004351",1,1,0
"W00004352",5,2,3
"W00004353",2,0,2
"W00004354",0,0,0
"W00004355",3,1,2
"W00004356",3,2,1
"W00004357",3,0,3
"W00004358",0,0,0
"W00004359",0,0,0
"W00004360",2,2,0
"W00004361",0,0,0
"W00004362",4,1,3
"W00004363",5,3,2
"W00004364",3,1,2
"W00004365",2,2,0
"W00004366",0,0,0
"W00004367",1,0,1
"W00004368",0,0,0
"W00004369",6,4,2
"W00004370",3,1,2
"W00004371",0,0,0
"W00004372",0,0,0
"W00004373",1,1,0
"W00004374",1,1,0
"W00004375",0,0,0
"W00004376",2,1,1
"W00004377",1,0,1
"W00004378",1,1,0
"W00004379",1,0,1
"W00004380",2,1,1
"W00004381",3,2,1
"W00004382",4,1,3
"W00004383",3,2,1
"W00004384",1,0,1
"W00004385",1,1,0
"W00004386",0,0,0
"W00004387",2,1,1
"W00004388",1,0,1
"W00004389",0,0,0
"W00004390",2,1,1
"W00004391",2,1,1
"W00004392",3,3,0
"W00004393",4,2,2
"W00004394",4,1,3
"W00004395",1,1,0
"W00004396",2,1,1
"W00004397",0,0,0
"W00004398",0,0,0
"W00004399",2,1,1
"W00004400",1,0,1
"W00004401",1,0,1
"W00004402",10,6,4
"W00004403",10,8,2
"W00004404",1,1,0
"W00004405",12,8,4
"W00004406",3,1,2
"W00004407",5,1,4
"W00004408",9,3,6
"W00004409",4,2,2
"W00004410",5,3,2
"W00004411",10,5,5
"W00004412",2,2,0
"W00004413",1,0,1
"W00004414",6,2,4
"W00004415",5,5,0
"W00004416",3,3,0
"W00004417",2,1,1
"W00004418",3,2,1
"W00004419",0,0,0
"W00004420",3,0,3
"W00004421",2,1,1
"W00004422",9,6,3
"W00004423",6,2,4
"W00004424",1,0,1
"W00004425",8,4,4
"W00004426",2,2,0
"W00004427",7,3,4
"W00004428",7,2,5
"W00004429",8,4,4
"W00004430",10,5,5
"W00004431",9,5,4
"W00004432",5,2,3
"W00004433",5,1,4
"W00004434",6,3,3
"W00004435",7,5,2
"W00004436",2,1,1
"W00004437",2,1,1
"W00004438",5,1,4
"W00004439",8,4,4
"W00004440",1,0,1
"W00004441",1,1,0
"W00004442",3,1,2
"W00004443",5,3,2
"W00004444",2,0,2
"W00004445",3,1,2
"W00004446",1,1,0
"W00004448",0,0,0
"W00004449",1,1,0
"W00004450",1,1,0
"W00004451",1,1,0
"W00004452",5,5,0
"W00004453",2,1,1
"W00004454",1,0,1
"W00004455",2,1,1
"W00004456",1,0,1
"W00004457",1,1,0
"W00004458",1,0,1
"W00004459",3,0,3
"W00004460",3,1,2
"W00004461",1,1,0
"W00004462",2,2,0
"W00004463",6,2,4
"W00004464",0,0,0
"W00004465",0,0,0
"W00004466",0,0,0
"W00004467",3,1,2
"W00004468",2,1,1
"W00004469",1,0,1
"W00004470",1,1,0
"W00004471",1,1,0
"W00004472",2,0,2
"W00004473",0,0,0
"W00004474",1,0,1
"W00004475",0,0,0
"W00004476",0,0,0
"W00004477",3,1,2
"W00004478",1,1,0
"W00004479",0,0,0
"W00004481",6,4,2
"W00004482",3,2,1
"W00004483",3,1,2
"W00004484",4,1,3
"W00004485",1,0,1
"W00004486",12,7,5
"W00004487",3,1,2
"W00004488",3,1,2
"W00004489",8,4,4
"W00004490",1,0,1
"W00004491",6,4,2
"W00004492",0,0,0
"W00004493",8,1,7
"W00004494",12,5,7
"W00004495",6,1,5
"W00004496",5,1,4
"W00004497",5,2,3
"W00004498",4,1,3
"W00004499",3,1,2
"W00004500",4,1,3
"W00004501",3,3,0
"W00004502",3,1,2
"W00004503",7,2,5
"W00004504",3,2,1
"W00004505",0,0,0
"W00004506",1,0,1
"W00004507",2,0,2
"W00004508",4,2,2
"W00004509",2,0,2
"W00004510",0,0,0
"W00004511",7,4,3
"W00004512",1,1,0
"W00004514",2,0,2
"W00004515",4,2,2
"W00004516",1,0,1
"W00004517",1,1,0
"W00004518",0,0,0
"W00004520",3,0,3
"W00004521",0,0,0
"W00004522",2,1,1
"W00004523",2,2,0
"W00004524",3,1,2
"W00004525",1,0,1
"W00004526",3,1,2
"W00004527",7,4,3
"W00004528",1,1,0
"W00004529",2,0,2
"W00004530",8,6,2
"W00004531",0,0,0
"W00004532",0,0,0
"W00004533",1,0,1
"W00004534",1,1,0
"W00004535",1,0,1
"W00004536",3,1,2
"W00004537",0,0,0
"W00004538",4,3,1
"W00004539",0,0,0
"W00004540",0,0,0
"W00004541",2,2,0
"W00004542",2,0,2
"W00004543",1,0,1
"W00004544",0,0,0
"W00004545",3,1,2
"W00004546",1,0,1
"W00004547",1,1,0
"W00004549",2,1,1
"W00004550",1,1,0
"W00004551",2,0,2
"W00004552",1,1,0
"W00004553",10,7,3
"W00004554",9,5,4
"W00004555",3,1,2
"W00004556",9,4,5
"W00004557",5,4,1
"W00004558",4,1,3
"W00004559",1,0,1
"W00004560",28,13,15
"W00004561",0,0,0
"W00004562",5,2,3
"W00004563",4,1,3
"W00004564",1,1,0
"W00004565",3,1,2
"W00004566",7,4,3
"W00004567",2,0,2
"W00004568",2,2,0
"W00004569",5,4,1
"W00004570",1,1,0
"W00004571",13,10,3
"W00004572",5,3,2
"W00004573",0,0,0
"W00004574",12,4,8
"W00004575",1,1,0
"W00004576",5,3,2
"W00004577",0,0,0
"W00004578",3,1,2
"W00004579",0,0,0
"W00004580",8,3,5
"W00004581",8,5,3
"W00004582",8,2,6
"W00004583",8,3,5
"W00004584",11,4,7
"W00004586",11,6,5
"W00004587",6,2,4
"W00004588",1,0,1
"W00004589",5,2,3
"W00004590",4,1,3
"W00004591",7,3,4
"W00004592",4,2,2
"W00004593",3,1,2
"W00004594",4,3,1
"W00004595",3,1,2
"W00004596",7,5,2
"W00004597",7,3,4
"W00004598",9,1,8
"W00004599",7,1,6
"W00004600",1,0,1
"W00004601",4,3,1
"W00004602",2,1,1
"W00004603",0,0,0
"W00004604",0,0,0
"W00004605",1,1,0
"W00004606",1,0,1
"W00004607",2,1,1
"W00004608",1,0,1
"W00004609",0,0,0
"W00004610",7,4,3
"W00004611",1,1,0
"W00004612",0,0,0
"W00004613",2,0,2
"W00004614",1,1,0
"W00004615",1,1,0
"W00004616",7,5,2
"W00004617",1,0,1
"W00004618",0,0,0
"W00004619",4,2,2
"W00004620",0,0,0
"W00004621",3,2,1
"W00004622",3,2,1
"W00004623",5,1,4
"W00004624",0,0,0
"W00004625",2,2,0
"W00004626",2,1,1
"W00004627",10,5,5
"W00004628",0,0,0
"W00004629",1,1,0
"W00004630",5,3,2
"W00004631",7,4,3
"W00004632",0,0,0
"W00004633",7,4,3
"W00004634",6,1,5
"W00004635",11,7,4
"W00004636",4,1,3
"W00004637",11,6,5
"W00004638",1,1,0
"W00004639",6,1,5
"W00004640",3,1,2
"W00004641",3,2,1
"W00004642",3,3,0
"W00004643",6,4,2
"W00004644",4,1,3
"W00004645",3,1,2
"W00004646",5,5,0
"W00004647",4,0,4
"W00004648",3,3,0
"W00004649",0,0,0
"W00004650",9,5,4
"W00004651",4,2,2
"W00004652",5,2,3
"W00004653",3,1,2
"W00004654",3,3,0
"W00004655",2,2,0
"W00004656",3,2,1
"W00004657",4,1,3
"W00004658",3,2,1
"W00004659",0,0,0
"W00004660",0,0,0
"W00004661",2,0,2
"W00004662",4,3,1
"W00004663",8,3,5
"W00004664",5,2,3
"W00004665",2,0,2
"W00004666",5,2,3
"W00004667",21,14,7
"W00004668",4,2,2
"W00004669",5,1,4
"W00004670",12,9,3
"W00004671",1,1,0
"W00004672",4,2,2
"W00004673",7,3,4
"W00004674",6,2,4
"W00004675",5,3,2
"W00004676",3,2,1
"W00004677",3,2,1
"W00004678",3,2,1
"W00004679",5,2,3
"W00004680",2,2,0
"W00004681",7,4,3
"W00004682",5,2,3
"W00004683",1,1,0
"W00004684",8,2,6
"W00004685",5,1,4
"W00004686",10,2,8
"W00004687",3,1,2
"W00004688",4,2,2
"W00004689",6,3,3
"W00004690",2,0,2
"W00004691",6,2,4
"W00004692",5,2,3
"W00004693",9,4,5
"W00004694",2,0,2
"W00004695",1,0,1
"W00004696",3,1,2
"W00004697",4,0,4
"W00004698",4,2,2
"W00004699",3,2,1
"W00004700",1,0,1
"W00004701",4,2,2
"W00004702",2,1,1
"W00004703",1,0,1
"W00004704",0,0,0
"W00004705",8,1,7
"W00004706",2,1,1
"W00004707",3,1,2
"W00004708",1,0,1
"W00004709",3,2,1
"W00004710",2,1,1
"W00004711",0,0,0
"W00004712",2,1,1
"W00004713",1,0,1
"W00004714",3,2,1
"W00004715",1,0,1
"W00004716",2,1,1
"W00004717",1,0,1
"W00004718",1,0,1
"W00004719",2,1,1
"W00004720",4,3,1
"W00004721",3,2,1
"W00004722",1,0,1
"W00004723",0,0,0
"W00004724",5,2,3
"W00004725",5,2,3
"W00004726",2,1,1
"W00004728",3,2,1
"W00004729",0,0,0
"W00004730",6,3,3
"W00004731",6,2,4
"W00004732",3,2,1
"W00004733",2,1,1
"W00004734",11,4,7
"W00004735",3,1,2
"W00004736",4,1,3
"W00004737",0,0,0
"W00004738",1,1,0
"W00004739",4,0,4
"W00004740",3,2,1
"W00004741",2,2,0
"W00004742",1,0,1
"W00004743",0,0,0
"W00004744",6,4,2
"W00004745",4,4,0
"W00004746",2,0,2
"W00004747",0,0,0
"W00004748",1,0,1
"W00004749",1,0,1
"W00004750",1,1,0
"W00004751",6,4,2
"W00004752",7,4,3
"W00004753",2,0,2
"W00004754",5,4,1
"W00004755",5,2,3
"W00004756",4,2,2
"W00004757",5,1,4
"W00004758",2,1,1
"W00004759",3,1,2
"W00004760",4,2,2
"W00004761",2,0,2
"W00004762",3,1,2
"W00004763",1,0,1
"W00004764",0,0,0
"W00004765",0,0,0
"W00004766",4,4,0
"W00004767",0,0,0
"W00004768",0,0,0
"W00004769",1,0,1
"W00004770",4,1,3
"W00004771",3,2,1
"W00004772",6,3,3
"W00004773",2,2,0
"W00004774",0,0,0
"W00004775",0,0,0
"W00004776",3,1,2
"W00004777",1,0,1
"W00004778",2,2,0
"W00004779",2,0,2
"W00004780",2,0,2
"W00004781",2,1,1
"W00004782",2,2,0
"W00004783",2,1,1
"W00004784",1,0,1
"W00004785",1,0,1
"W00004786",3,2,1
"W00004787",2,2,0
"W00004788",4,2,2
"W00004789",6,2,4
"W00004790",2,2,0
"W00004791",1,1,0
"W00004792",5,1,4
"W00004793",3,3,0
"W00004794",1,0,1
"W00004795",2,1,1
"W00004796",2,2,0
"W00004797",2,2,0
"W00004798",1,0,1
"W00004799",5,1,4
"W00004800",2,0,2
"W00004801",7,4,3
"W00004802",5,1,4
"W00004803",2,1,1
"W00004804",4,1,3
"W00004805",3,0,3
"W00004806",3,2,1
"W00004807",2,2,0
"W00004808",1,1,0
"W00004809",10,5,5
"W00004810",4,0,4
"W00004811",5,1,4
"W00004812",8,4,4
"W00004813",1,0,1
"W00004814",1,1,0
"W00004815",5,2,3
"W00004816",2,2,0
"W00004817",6,4,2
"W00004818",3,3,0
"W00004819",4,3,1
"W00004820",0,0,0
"W00004821",3,2,1
"W00004822",7,3,4
"W00004823",4,3,1
"W00004824",18,10,8
"W00004825",6,2,4
"W00004826",7,3,4
"W00004827",11,8,3
"W00004828",1,0,1
"W00004829",3,1,2
"W00004830",2,0,2
"W00004831",0,0,0
"W00004832",3,2,1
"W00004833",11,6,5
"W00004834",4,2,2
"W00004836",3,3,0
"W00004837",5,4,1
"W00004838",4,3,1
"W00004839",2,2,0
"W00004840",4,3,1
"W00004841",2,1,1
"W00004842",5,3,2
"W00004843",4,1,3
"W00004844",3,3,0
"W00004845",1,0,1
"W00004846",2,1,1
"W00004847",2,0,2
"W00004848",2,2,0
"W00004849",4,2,2
"W00004850",3,2,1
"W00004851",9,5,4
"W00004852",11,4,7
"W00004853",2,2,0
"W00004854",3,1,2
"W00004855",1,1,0
"W00004856",1,1,0
"W00004857",1,0,1
"W00004858",3,1,2
"W00004859",3,1,2
"W00004860",2,0,2
"W00004861",3,2,1
"W00004862",2,0,2
"W00004863",0,0,0
"W00004864",0,0,0
"W00004865",2,2,0
"W00004866",1,1,0
"W00004867",0,0,0
"W00004868",4,2,2
"W00004869",0,0,0
"W00004870",2,0,2
"W00004871",3,0,3
"W00004872",0,0,0
"W00004873",2,0,2
"W00004874",2,1,1
"W00004875",7,3,4
"W00004876",3,0,3
"W00004877",2,1,1
"W00004878",7,1,6
"W00004879",5,1,4
"W00004880",3,1,2
"W00004881",3,2,1
"W00004882",0,0,0
"W00004883",3,1,2
"W00004884",7,5,2
"W00004885",3,1,2
"W00004886",3,1,2
"W00004887",1,0,1
"W00004888",1,0,1
"W00004889",6,0,6
"W00004890",2,1,1
"W00004891",4,2,2
"W00004892",4,2,2
"W00004893",1,1,0
"W00004894",4,2,2
"W00004895",1,0,1
"W00004896",1,0,1
"W00004897",1,0,1
"W00004898",4,3,1
"W00004899",3,2,1
"W00004900",1,0,1
"W00004901",1,1,0
"W00004902",1,0,1
"W00004903",0,0,0
"W00004904",1,1,0
"W00004905",1,0,1
"W00004906",0,0,0
"W00004907",4,2,2
"W00004908",1,1,0
"W00004909",3,2,1
"W00004910",2,1,1
"W00004911",3,3,0
"W00004912",1,0,1
"W00004913",0,0,0
"W00004914",1,1,0
"W00004915",0,0,0
"W00004916",0,0,0
"W00004917",0,0,0
"W00004918",0,0,0
"W00004919",5,2,3
"W00004920",1,0,1
"W00004921",3,0,3
"W00004922",3,1,2
"W00004923",3,1,2
"W00004924",1,0,1
"W00004925",4,2,2
"W00004926",1,1,0
"W00004927",3,1,2
"W00004928",1,1,0
"W00004929",3,3,0
"W00004930",0,0,0
"W00004931",0,0,0
"W00004932",0,0,0
"W00004933",4,2,2
"W00004934",3,2,1
"W00004935",0,0,0
"W00004936",5,1,4
"W00004937",1,1,0
"W00004938",1,0,1
"W00004939",2,1,1
"W00004940",1,1,0
"W00004941",3,1,2
"W00004942",1,0,1
"W00004943",4,3,1
"W00004944",3,2,1
"W00004945",2,0,2
"W00004946",5,4,1
"W00004947",1,0,1
"W00004948",1,1,0
"W00004949",0,0,0
"W00004950",2,1,1
"W00004951",0,0,0
"W00004952",3,0,3
"W00004953",0,0,0
"W00004954",3,1,2
"W00004955",0,0,0
"W00004956",1,1,0
"W00004958",8,7,1
"W00004960",5,2,3
"W00004961",4,3,1
"W00004962",1,0,1
"W00004963",2,2,0
"W00004964",1,0,1
"W00004965",2,2,0
"W00004966",3,1,2
"W00004968",3,2,1
"W00004969",0,0,0
"W00004970",0,0,0
"W00004971",4,0,4
"W00004972",2,2,0
"W00004973",1,0,1
"W00004974",0,0,0
"W00004975",0,0,0
"W00004976",4,1,3
"W00004977",1,0,1
"W00004978",0,0,0
"W00004979",0,0,0
"W00004980",4,3,1
"W00004981",2,1,1
"W00004982",0,0,0
"W00004983",1,1,0
"W00004984",5,4,1
"W00004985",2,1,1
"W00004986",1,1,0
"W00004987",0,0,0
"W00004988",1,0,1
"W00004989",2,1,1
"W00004990",3,1,2
"W00004991",6,3,3
"W00004992",1,1,0
"W00004993",1,0,1
"W00004994",3,0,3
"W00004995",0,0,0
"W00004996",7,4,3
"W00004997",0,0,0
"W00004998",5,3,2
"W00004999",8,2,6
"W00005000",1,0,1
"W00005001",0,0,0
"W00005002",2,2,0
"W00005003",2,1,1
"W00005004",0,0,0
"W00005005",4,2,2
"W00005006",6,1,5
"W00005007",1,0,1
"W00005008",2,1,1
"W00005009",1,0,1
"W00005010",4,1,3
"W00005011",1,1,0
"W00005012",4,2,2
"W00005013",3,3,0
"W00005014",2,1,1
"W00005015",2,0,2
"W00005016",1,1,0
"W00005017",2,2,0
"W00005018",2,0,2
"W00005019",0,0,0
"W00005020",6,3,3
"W00005021",1,0,1
"W00005022",0,0,0
"W00005023",1,0,1
"W00005024",1,1,0
"W00005025",2,2,0
"W00005026",4,1,3
"W00005027",4,3,1
"W00005028",7,3,4
"W00005029",6,3,3
"W00005030",7,2,5
"W00005031",1,1,0
"W00005032",2,0,2
"W00005033",2,2,0
"W00005034",2,1,1
"W00005035",4,0,4
"W00005036",2,1,1
"W00005037",2,2,0
"W00005038",6,2,4
"W00005039",0,0,0
"W00005040",1,0,1
"W00005041",6,4,2
"W00005042",1,1,0
"W00005043",1,0,1
"W00005044",9,5,4
"W00005045",3,0,3
"W00005046",2,0,2
"W00005047",4,1,3
"W00005048",4,2,2
"W00005049",6,1,5
"W00005050",5,2,3
"W00005051",1,0,1
"W00005052",2,0,2
"W00005053",7,6,1
"W00005054",0,0,0
"W00005055",2,2,0
"W00005056",2,1,1
"W00005057",1,0,1
"W00005058",1,1,0
"W00005059",1,1,0
"W00005060",4,1,3
"W00005061",0,0,0
"W00005062",2,2,0
"W00005063",0,0,0
"W00005064",0,0,0
"W00005065",1,1,0
"W00005066",2,2,0
"W00005067",1,0,1
"W00005068",3,1,2
"W00005069",4,1,3
"W00005070",2,1,1
"W00005071",0,0,0
"W00005072",11,6,5
"W00005073",1,1,0
"W00005074",1,1,0
"W00005075",7,1,6
"W00005076",4,0,4
"W00005077",3,0,3
"W00005078",3,2,1
"W00005080",0,0,0
"W00005081",1,1,0
"W00005082",2,2,0
"W00005083",2,1,1
"W00005084",5,0,5
"W00005085",1,1,0
"W00005086",3,2,1
"W00005087",3,2,1
"W00005088",1,1,0
"W00005089",3,0,3
"W00005090",0,0,0
"W00005091",3,1,2
"W00005092",0,0,0
"W00005093",1,0,1
"W00005094",0,0,0
"W00005095",1,1,0
"W00005096",1,0,1
"W00005097",5,3,2
"W00005098",6,3,3
"W00005099",3,3,0
"W00005100",3,0,3
"W00005101",5,4,1
"W00005102",1,1,0
"W00005103",1,1,0
"W00005104",0,0,0
"W00005105",0,0,0
"W00005106",2,2,0
"W00005107",1,1,0
"W00005108",1,1,0
"W00005109",0,0,0
"W00005110",3,2,1
"W00005111",0,0,0
"W00005112",2,2,0
"W00005113",0,0,0
"W00005114",0,0,0
"W00005115",2,1,1
"W00005116",5,1,4
"W00005117",1,0,1
"W00005118",2,1,1
"W00005119",1,1,0
"W00005120",0,0,0
"W00005121",1,1,0
"W00005122",5,1,4
"W00005123",0,0,0
"W00005124",2,1,1
"W00005125",1,0,1
"W00005126",0,0,0
"W00005127",0,0,0
"W00005128",0,0,0
"W00005129",0,0,0
"W00005130",0,0,0
"W00005131",3,1,2
"W00005132",3,1,2
"W00005133",4,1,3
"W00005134",1,0,1
"W00005135",3,1,2
"W00005136",0,0,0
"W00005137",6,1,5
"W00005138",0,0,0
"W00005139",1,0,1
"W00005140",1,0,1
"W00005141",3,1,2
"W00005142",2,0,2
"W00005143",0,0,0
"W00005144",2,0,2
"W00005145",4,1,3
"W00005146",0,0,0
"W00005147",8,4,4
"W00005148",3,1,2
"W00005149",1,0,1
"W00005150",4,2,2
"W00005151",10,2,8
"W00005152",4,3,1
"W00005153",1,0,1
"W00005154",0,0,0
"W00005155",1,0,1
"W00005156",4,3,1
"W00005157",1,0,1
"W00005158",0,0,0
"W00005159",5,4,1
"W00005160",0,0,0
"W00005161",7,4,3
"W00005162",8,3,5
"W00005163",0,0,0
"W00005164",2,1,1
"W00005165",2,2,0
"W00005166",2,2,0
"W00005167",2,0,2
"W00005168",0,0,0
"W00005169",3,2,1
"W00005171",1,1,0
"W00005172",5,5,0
"W00005173",2,0,2
"W00005174",4,1,3
"W00005175",1,1,0
"W00005176",3,0,3
"W00005177",7,4,3
"W00005178",2,2,0
"W00005179",5,0,5
"W00005180",10,3,7
"W00005181",1,0,1
"W00005182",5,1,4
"W00005183",0,0,0
"W00005184",2,2,0
"W00005185",3,1,2
"W00005186",0,0,0
"W00005187",2,2,0
"W00005188",3,1,2
"W00005189",4,1,3
"W00005190",0,0,0
"W00005191",1,1,0
"W00005192",2,1,1
"W00005193",1,1,0
"W00005194",4,2,2
"W00005195",3,2,1
"W00005196",1,1,0
"W00005197",0,0,0
"W00005198",5,2,3
"W00005199",2,0,2
"W00005201",14,9,5
"W00005202",2,1,1
"W00005203",4,2,2
"W00005204",6,5,1
"W00005205",4,3,1
"W00005206",2,1,1
"W00005207",9,2,7
"W00005208",6,2,4
"W00005209",12,7,5
"W00005211",2,1,1
"W00005212",15,8,7
"W00005213",0,0,0
"W00005214",2,2,0
"W00005215",9,3,6
"W00005216",1,0,1
"W00005217",1,0,1
"W00005218",6,3,3
"W00005219",2,1,1
"W00005220",5,1,4
"W00005221",1,1,0
"W00005222",3,1,2
"W00005223",8,2,6
"W00005224",3,1,2
"W00005225",7,7,0
"W00005226",4,2,2
"W00005227",4,3,1
"W00005228",6,1,5
"W00005229",3,2,1
"W00005230",1,1,0
"W00005231",1,1,0
"W00005232",6,3,3
"W00005233",1,0,1
"W00005234",4,2,2
"W00005235",7,4,3
"W00005236",1,0,1
"W00005237",3,1,2
"W00005238",3,3,0
"W00005239",0,0,0
"W00005240",1,0,1
"W00005241",1,0,1
"W00005243",1,1,0
"W00005246",1,0,1
"W00005247",1,0,1
"W00005248",2,0,2
"W00005249",0,0,0
"W00005250",6,1,5
"W00005251",7,5,2
"W00005252",4,3,1
"W00005253",6,3,3
"W00005254",6,3,3
"W00005255",10,4,6
"W00005256",0,0,0
"W00005257",2,2,0
"W00005258",3,2,1
"W00005259",2,2,0
"W00005260",1,1,0
"W00005261",2,0,2
"W00005262",2,1,1
"W00005263",1,1,0
"W00005264",1,0,1
"W00005265",2,1,1
"W00005266",0,0,0
"W00005267",0,0,0
"W00005268",0,0,0
"W00005269",1,0,1
"W00005270",1,1,0
"W00005271",0,0,0
"W00005272",1,1,0
"W00005273",2,2,0
"W00005274",0,0,0
"W00005275",2,0,2
"W00005276",3,3,0
"W00005277",1,1,0
"W00005278",1,1,0
"W00005279",0,0,0
"W00005280",3,2,1
"W00005281",1,0,1
"W00005282",1,0,1
"W00005283",4,1,3
"W00005284",0,0,0
"W00005285",4,3,1
"W00005287",4,2,2
"W00005288",2,2,0
"W00005289",3,1,2
"W00005291",5,3,2
"W00005292",1,1,0
"W00005294",6,3,3
"W00005295",1,1,0
"W00005296",4,1,3
"W00005297",3,0,3
"W00005298",1,0,1
"W00005299",0,0,0
"W00005300",0,0,0
"W00005301",1,1,0
"W00005302",4,3,1
"W00005303",4,2,2
"W00005304",3,3,0
"W00005305",0,0,0
"W00005306",6,1,5
"W00005307",6,2,4
"W00005309",4,3,1
"W00005310",1,0,1
"W00005311",0,0,0
"W00005312",1,1,0
"W00005313",2,1,1
"W00005314",5,2,3
"W00005315",2,0,2
"W00005316",1,0,1
"W00005317",11,8,3
"W00005318",0,0,0
"W00005319",0,0,0
"W00005320",2,0,2
"W00005321",1,1,0
"W00005322",2,1,1
"W00005324",0,0,0
"W00005325",3,3,0
"W00005326",1,0,1
"W00005327",4,3,1
"W00005329",1,0,1
"W00005330",7,4,3
"W00005331",0,0,0
"W00005332",2,1,1
"W00005333",1,0,1
"W00005334",1,0,1
"W00005335",2,0,2
"W00005336",2,1,1
"W00005337",5,2,3
"W00005338",4,1,3
"W00005339",3,1,2
"W00005340",8,3,5
"W00005341",3,0,3
"W00005342",6,1,5
"W00005343",0,0,0
"W00005344",14,7,7
"W00005345",7,3,4
"W00005346",3,2,1
"W00005347",1,1,0
"W00005348",2,1,1
"W00005349",4,2,2
"W00005350",9,3,6
"W00005351",9,8,1
"W00005352",4,1,3
"W00005353",5,1,4
"W00005354",2,1,1
"W00005355",4,3,1
"W00005356",0,0,0
"W00005357",1,1,0
"W00005358",1,0,1
"W00005359",0,0,0
"W00005360",1,0,1
"W00005361",6,3,3
"W00005362",5,3,2
"W00005363",1,0,1
"W00005364",1,0,1
"W00005365",6,3,3
"W00005366",5,2,3
"W00005367",3,1,2
"W00005368",8,3,5
"W00005369",3,2,1
"W00005370",3,1,2
"W00005371",2,1,1
"W00005372",0,0,0
"W00005373",1,1,0
"W00005374",5,0,5
"W00005375",1,1,0
"W00005376",2,2,0
"W00005377",1,1,0
"W00005378",4,4,0
"W00005379",3,2,1
"W00005380",1,1,0
"W00005381",5,2,3
"W00005382",3,0,3
"W00005383",4,4,0
"W00005384",0,0,0
"W00005385",1,1,0
"W00005386",1,0,1
"W00005387",5,3,2
"W00005388",3,1,2
"W00005389",3,1,2
"W00005390",4,3,1
"W00005391",3,1,2
"W00005392",5,5,0
"W00005393",1,1,0
"W00005394",2,0,2
"W00005395",3,1,2
"W00005396",1,1,0
"W00005397",1,0,1
"W00005398",3,1,2
"W00005399",2,1,1
"W00005400",3,2,1
"W00005401",4,0,4
"W00005402",1,0,1
"W00005403",1,0,1
"W00005404",1,0,1
"W00005405",0,0,0
"W00005406",1,1,0
"W00005407",1,1,0
"W00005408",0,0,0
"W00005409",2,1,1
"W00005410",3,3,0
"W00005411",3,3,0
"W00005412",1,1,0
"W00005413",1,1,0
"W00005414",2,0,2
"W00005415",2,2,0
"W00005416",2,2,0
"W00005417",2,1,1
"W00005418",5,4,1
"W00005419",0,0,0
"W00005420",1,1,0
"W00005421",1,1,0
"W00005422",2,0,2
"W00005423",0,0,0
"W00005424",1,1,0
"W00005425",1,1,0
"W00005426",0,0,0
"W00005427",1,0,1
"W00005428",0,0,0
"W00005429",3,1,2
"W00005430",2,0,2
"W00005431",1,1,0
"W00005432",4,1,3
"W00005433",1,1,0
"W00005434",2,1,1
"W00005435",2,1,1
"W00005436",4,1,3
"W00005437",6,3,3
"W00005438",6,2,4
"W00005439",5,1,4
"W00005440",13,6,7
"W00005441",9,7,2
"W00005442",10,6,4
"W00005443",5,3,2
"W00005444",4,2,2
"W00005445",5,2,3
"W00005446",1,0,1
"W00005447",1,0,1
"W00005448",2,2,0
"W00005449",2,1,1
"W00005450",8,4,4
"W00005451",1,0,1
"W00005452",5,2,3
"W00005453",6,3,3
"W00005454",7,3,4
"W00005455",0,0,0
"W00005456",4,3,1
"W00005457",5,2,3
"W00005458",1,0,1
"W00005459",3,1,2
"W00005460",4,1,3
"W00005461",5,1,4
"W00005462",5,4,1
"W00005463",1,0,1
"W00005464",2,2,0
"W00005465",3,1,2
"W00005466",11,4,7
"W00005467",7,4,3
"W00005468",12,7,5
"W00005469",11,4,7
"W00005470",10,6,4
"W00005471",4,1,3
"W00005472",1,1,0
"W00005473",1,0,1
"W00005474",2,2,0
"W00005475",0,0,0
"W00005476",2,2,0
"W00005477",4,1,3
"W00005478",1,1,0
"W00005479",4,2,2
"W00005480",0,0,0
"W00005481",0,0,0
"W00005482",4,1,3
"W00005483",5,2,3
"W00005484",9,5,4
"W00005485",7,2,5
"W00005486",0,0,0
"W00005487",0,0,0
"W00005488",5,3,2
"W00005489",0,0,0
"W00005490",6,3,3
"W00005491",7,3,4
"W00005492",15,8,7
"W00005493",3,2,1
"W00005494",12,8,4
"W00005495",7,5,2
"W00005496",11,3,8
"W00005497",9,2,7
"W00005498",6,2,4
"W00005499",2,1,1
"W00005500",6,2,4
"W00005501",5,2,3
"W00005502",5,2,3
"W00005503",1,1,0
"W00005504",4,1,3
"W00005505",5,2,3
"W00005506",3,1,2
"W00005507",2,0,2
"W00005508",1,1,0
"W00005509",5,1,4
"W00005510",4,4,0
"W00005511",1,1,0
"W00005512",2,2,0
"W00005513",1,1,0
"W00005514",1,0,1
"W00005515",2,2,0
"W00005516",5,4,1
"W00005517",4,1,3
"W00005518",6,0,6
"W00005519",5,3,2
"W00005520",4,4,0
"W00005521",3,2,1
"W00005522",9,4,5
"W00005523",12,6,6
"W00005524",3,1,2
"W00005525",3,0,3
"W00005526",1,0,1
"W00005527",2,1,1
"W00005528",4,1,3
"W00005529",1,0,1
"W00005530",0,0,0
"W00005531",1,0,1
"W00005532",4,3,1
"W00005533",6,5,1
"W00005534",3,2,1
"W00005535",0,0,0
"W00005536",2,1,1
"W00005537",6,2,4
"W00005538",3,2,1
"W00005539",5,2,3
"W00005540",5,2,3
"W00005541",5,3,2
"W00005542",8,1,7
"W00005543",8,6,2
"W00005544",8,3,5
"W00005545",7,3,4
"W00005546",3,1,2
"W00005547",3,2,1
"W00005548",0,0,0
"W00005549",2,2,0
"W00005550",5,2,3
"W00005551",5,3,2
"W00005552",1,1,0
"W00005553",6,4,2
"W00005554",1,0,1
"W00005555",0,0,0
"W00005556",0,0,0
"W00005557",4,2,2
"W00005558",2,1,1
"W00005559",0,0,0
"W00005560",1,1,0
"W00005561",2,0,2
"W00005562",0,0,0
"W00005563",0,0,0
"W00005564",1,1,0
"W00005565",4,3,1
"W00005566",3,2,1
"W00005567",3,2,1
"W00005568",1,1,0
"W00005569",2,2,0
"W00005570",2,1,1
"W00005571",3,0,3
"W00005572",2,1,1
"W00005573",5,2,3
"W00005574",0,0,0
"W00005575",3,2,1
"W00005576",7,3,4
"W00005577",5,1,4
"W00005578",3,3,0
"W00005579",5,2,3
"W00005580",5,3,2
"W00005581",1,1,0
"W00005582",1,1,0
"W00005583",9,4,5
"W00005584",0,0,0
"W00005585",11,4,7
"W00005586",8,4,4
"W00005587",8,3,5
"W00005588",0,0,0
"W00005589",1,1,0
"W00005590",1,0,1
"W00005591",7,5,2
"W00005592",1,1,0
"W00005593",2,0,2
"W00005594",0,0,0
"W00005595",3,2,1
"W00005596",1,0,1
"W00005597",4,4,0
"W00005598",0,0,0
"W00005599",4,3,1
"W00005600",0,0,0
"W00005601",2,2,0
"W00005602",1,0,1
"W00005603",0,0,0
"W00005604",2,2,0
"W00005605",8,4,4
"W00005606",2,0,2
"W00005608",15,7,8
"W00005609",6,3,3
"W00005610",2,0,2
"W00005611",4,1,3
"W00005612",3,0,3
"W00005613",8,5,3
"W00005614",5,3,2
"W00005615",6,3,3
"W00005616",8,3,5
"W00005617",6,2,4
"W00005618",4,2,2
"W00005619",3,1,2
"W00005620",0,0,0
"W00005621",8,3,5
"W00005622",3,1,2
"W00005623",6,1,5
"W00005624",2,1,1
"W00005625",1,1,0
"W00005626",6,4,2
"W00005627",4,1,3
"W00005628",1,0,1
"W00005629",0,0,0
"W00005630",1,0,1
"W00005631",2,0,2
"W00005632",1,1,0
"W00005633",0,0,0
"W00005634",0,0,0
"W00005635",5,4,1
"W00005636",2,2,0
"W00005637",2,1,1
"W00005638",4,2,2
"W00005639",2,0,2
"W00005640",1,1,0
"W00005641",1,1,0
"W00005642",1,1,0
"W00005643",2,0,2
"W00005644",5,2,3
"W00005645",1,0,1
"W00005646",1,0,1
"W00005647",6,4,2
"W00005648",1,1,0
"W00005650",6,3,3
"W00005651",2,0,2
"W00005652",9,6,3
"W00005653",0,0,0
"W00005654",1,0,1
"W00005655",3,2,1
"W00005656",1,1,0
"W00005657",0,0,0
"W00005658",1,1,0
"W00005659",3,1,2
"W00005660",0,0,0
"W00005661",2,1,1
"W00005662",0,0,0
"W00005663",0,0,0
"W00005664",3,1,2
"W00005665",2,0,2
"W00005666",2,0,2
"W00005667",1,0,1
"W00005668",4,1,3
"W00005669",1,0,1
"W00005670",1,0,1
"W00005671",3,3,0
"W00005672",7,6,1
"W00005673",5,5,0
"W00005674",0,0,0
"W00005675",0,0,0
"W00005676",0,0,0
"W00005677",4,1,3
"W00005678",0,0,0
"W00005679",3,3,0
"W00005680",1,1,0
"W00005681",0,0,0
"W00005683",5,3,2
"W00005684",1,1,0
"W00005686",3,2,1
"W00005687",3,3,0
"W00005688",3,2,1
"W00005689",4,1,3
"W00005690",6,1,5
"W00005691",5,1,4
"W00005692",6,4,2
"W00005693",1,0,1
"W00005694",2,2,0
"W00005695",4,0,4
"W00005696",4,1,3
"W00005697",1,0,1
"W00005698",1,0,1
"W00005699",2,1,1
"W00005700",4,3,1
"W00005701",3,2,1
"W00005702",9,3,6
"W00005703",6,3,3
"W00005704",0,0,0
"W00005705",4,2,2
"W00005706",4,3,1
"W00005707",0,0,0
"W00005708",3,1,2
"W00005709",0,0,0
"W00005710",0,0,0
"W00005711",1,1,0
"W00005712",3,2,1
"W00005713",2,1,1
"W00005714",1,0,1
"W00005715",1,0,1
"W00005716",0,0,0
"W00005717",0,0,0
"W00005718",1,0,1
"W00005719",8,1,7
"W00005720",12,8,4
"W00005721",1,0,1
"W00005722",10,8,2
"W00005723",5,4,1
"W00005724",9,6,3
"W00005725",9,5,4
"W00005726",10,5,5
"W00005727",8,3,5
"W00005728",12,6,6
"W00005729",5,3,2
"W00005730",5,3,2
"W00005731",3,2,1
"W00005732",8,6,2
"W00005733",3,1,2
"W00005734",19,7,12
"W00005735",8,6,2
"W00005736",25,16,9
"W00005737",5,1,4
"W00005738",7,3,4
"W00005739",9,3,6
"W00005740",4,2,2
"W00005741",3,2,1
"W00005742",3,2,1
"W00005743",3,1,2
"W00005744",4,2,2
"W00005745",1,1,0
"W00005746",7,2,5
"W00005747",2,0,2
"W00005748",0,0,0
"W00005749",3,1,2
"W00005750",4,1,3
"W00005751",11,5,6
"W00005752",7,4,3
"W00005753",7,4,3
"W00005754",2,0,2
"W00005755",7,5,2
"W00005756",2,0,2
"W00005757",9,3,6
"W00005758",1,1,0
"W00005759",11,7,4
"W00005760",7,3,4
"W00005761",2,0,2
"W00005762",5,3,2
"W00005763",3,3,0
"W00005764",2,0,2
"W00005765",7,4,3
"W00005766",5,4,1
"W00005767",8,5,3
"W00005768",0,0,0
"W00005769",4,3,1
"W00005770",3,2,1
"W00005771",1,0,1
"W00005772",7,3,4
"W00005773",3,2,1
"W00005774",0,0,0
"W00005775",0,0,0
"W00005776",0,0,0
"W00005777",3,2,1
"W00005778",4,2,2
"W00005779",7,1,6
"W00005780",1,1,0
"W00005781",1,0,1
"W00005782",8,3,5
"W00005783",3,1,2
"W00005784",2,1,1
"W00005785",3,3,0
"W00005786",1,0,1
"W00005787",1,0,1
"W00005788",1,1,0
"W00005789",0,0,0
"W00005790",5,3,2
"W00005791",5,4,1
"W00005792",2,1,1
"W00005793",1,1,0
"W00005794",4,2,2
"W00005795",5,1,4
"W00005796",4,2,2
"W00005797",5,2,3
"W00005798",0,0,0
"W00005799",1,1,0
"W00005800",2,1,1
"W00005801",5,1,4
"W00005802",2,0,2
"W00005803",2,2,0
"W00005804",3,3,0
"W00005805",5,3,2
"W00005806",6,3,3
"W00005807",0,0,0
"W00005808",10,8,2
"W00005809",4,3,1
"W00005810",0,0,0
"W00005811",2,2,0
"W00005812",10,8,2
"W00005813",8,4,4
"W00005814",1,0,1
"W00005815",5,2,3
"W00005816",2,1,1
"W00005817",7,3,4
"W00005818",0,0,0
"W00005819",1,1,0
"W00005820",4,1,3
"W00005821",1,1,0
"W00005822",3,2,1
"W00005823",6,0,6
"W00005824",4,4,0
"W00005825",6,5,1
"W00005826",5,3,2
"W00005827",3,0,3
"W00005828",5,1,4
"W00005829",1,0,1
"W00005830",4,1,3
"W00005831",8,6,2
"W00005832",3,2,1
"W00005833",4,1,3
"W00005834",1,1,0
"W00005835",5,2,3
"W00005836",7,4,3
"W00005837",21,12,9
"W00005838",5,5,0
"W00005839",10,8,2
"W00005840",13,8,5
"W00005841",11,7,4
"W00005842",8,3,5
"W00005843",6,0,6
"W00005844",5,3,2
"W00005845",4,2,2
"W00005846",2,1,1
"W00005847",1,1,0
"W00005848",15,7,8
"W00005849",7,4,3
"W00005850",3,0,3
"W00005851",2,2,0
"W00005852",5,2,3
"W00005853",0,0,0
"W00005854",2,1,1
"W00005855",6,3,3
"W00005856",6,3,3
"W00005857",0,0,0
"W00005858",4,4,0
"W00005859",3,2,1
"W00005860",9,5,4
"W00005861",5,1,4
"W00005862",10,5,5
"W00005863",6,4,2
"W00005864",4,1,3
"W00005865",1,1,0
"W00005866",0,0,0
"W00005867",4,1,3
"W00005868",6,3,3
"W00005869",2,0,2
"W00005870",2,2,0
"W00005871",1,0,1
"W00005872",6,4,2
"W00005873",4,3,1
"W00005874",3,2,1
"W00005875",5,2,3
"W00005876",3,1,2
"W00005878",14,10,4
"W00005879",14,10,4
"W00005880",7,4,3
"W00005881",1,1,0
"W00005882",5,3,2
"W00005883",21,8,13
"W00005884",5,1,4
"W00005885",8,3,5
"W00005886",2,2,0
"W00005887",10,4,6
"W00005888",21,10,11
"W00005889",13,9,4
"W00005890",3,3,0
"W00005891",16,8,8
"W00005892",8,4,4
"W00005894",13,6,7
"W00005895",11,6,5
"W00005896",5,2,3
"W00005897",9,3,6
"W00005898",10,5,5
"W00005899",12,7,5
"W00005900",13,10,3
"W00005901",16,5,11
"W00005902",6,2,4
"W00005903",7,2,5
"W00005904",8,6,2
"W00005905",0,0,0
"W00005906",7,6,1
"W00005907",3,2,1
"W00005908",2,0,2
"W00005909",6,2,4
"W00005910",2,0,2
"W00005911",4,2,2
"W00005913",2,1,1
"W00005914",8,4,4
"W00005915",1,0,1
"W00005916",0,0,0
"W00005917",4,3,1
"W00005918",1,1,0
"W00005919",6,0,6
"W00005920",8,3,5
"W00005921",0,0,0
"W00005922",0,0,0
"W00005924",10,6,4
"W00005925",1,0,1
"W00005926",2,0,2
"W00005927",0,0,0
"W00005928",4,3,1
"W00005929",9,4,5
"W00005930",1,1,0
"W00005931",7,2,5
"W00005933",6,2,4
"W00005934",1,1,0
"W00005935",4,1,3
"W00005936",1,0,1
"W00005937",4,2,2
"W00005938",4,3,1
"W00005939",2,1,1
"W00005940",5,0,5
"W00005941",3,1,2
"W00005942",9,4,5
"W00005943",6,1,5
"W00005944",3,0,3
"W00005945",3,2,1
"W00005946",5,4,1
"W00005947",0,0,0
"W00005948",0,0,0
"W00005949",2,0,2
"W00005950",3,1,2
"W00005951",14,6,8
"W00005952",13,4,9
"W00005953",9,6,3
"W00005954",8,4,4
"W00005955",2,1,1
"W00005956",10,6,4
"W00005957",19,10,9
"W00005958",16,12,4
"W00005959",8,4,4
"W00005960",4,2,2
"W00005961",7,2,5
"W00005962",9,3,6
"W00005963",1,0,1
"W00005964",3,1,2
"W00005965",3,1,2
"W00005966",2,0,2
"W00005967",4,0,4
"W00005968",8,4,4
"W00005969",9,2,7
"W00005970",13,8,5
"W00005971",4,2,2
"W00005972",7,3,4
"W00005973",4,2,2
"W00005975",5,1,4
"W00005976",6,4,2
"W00005977",1,0,1
"W00005978",3,0,3
"W00005979",0,0,0
"W00005980",3,0,3
"W00005981",12,2,10
"W00005982",6,6,0
"W00005983",10,5,5
"W00005984",5,4,1
"W00005985",11,5,6
"W00005986",2,0,2
"W00005987",14,4,10
"W00005988",11,6,5
"W00005990",5,3,2
"W00005991",8,3,5
"W00005992",9,5,4
"W00005994",9,4,5
"W00005995",3,1,2
"W00005996",6,4,2
"W00005997",0,0,0
"W00005998",0,0,0
"W00005999",2,1,1
"W00006000",1,1,0
"W00006001",2,1,1
"W00006002",0,0,0
"W00006003",0,0,0
"W00006004",0,0,0
"W00006005",3,2,1
"W00006006",5,4,1
"W00006007",1,0,1
"W00006008",0,0,0
"W00006009",1,0,1
"W00006010",6,3,3
"W00006011",2,2,0
"W00006012",2,0,2
"W00006013",3,1,2
"W00006014",1,0,1
"W00006015",4,2,2
"W00006016",3,3,0
"W00006017",1,1,0
"W00006018",2,0,2
"W00006019",3,1,2
"W00006020",2,0,2
"W00006021",1,1,0
"W00006022",2,0,2
"W00006023",1,0,1
"W00006024",5,1,4
"W00006025",0,0,0
"W00006026",2,1,1
"W00006027",4,1,3
"W00006028",0,0,0
"W00006029",0,0,0
"W00006030",1,0,1
"W00006031",6,3,3
"W00006032",5,1,4
"W00006033",0,0,0
"W00006034",0,0,0
"W00006035",2,0,2
"W00006036",1,0,1
"W00006037",3,1,2
"W00006038",1,1,0
"W00006039",2,1,1
"W00006040",4,2,2
"W00006041",2,2,0
"W00006042",3,1,2
"W00006043",1,0,1
"W00006044",6,3,3
"W00006045",0,0,0
"W00006046",3,3,0
"W00006047",0,0,0
"W00006048",1,0,1
"W00006049",0,0,0
"W00006050",1,0,1
"W00006051",1,1,0
"W00006052",6,5,1
"W00006053",1,1,0
"W00006054",2,1,1
"W00006055",0,0,0
"W00006056",0,0,0
"W00006057",3,2,1
"W00006058",2,0,2
"W00006059",2,2,0
"W00006060",3,0,3
"W00006061",0,0,0
"W00006062",8,4,4
"W00006063",4,3,1
"W00006064",5,3,2
"W00006065",2,2,0
"W00006066",5,4,1
"W00006067",2,1,1
"W00006068",3,3,0
"W00006069",4,2,2
"W00006070",4,2,2
"W00006071",6,3,3
"W00006072",3,2,1
"W00006073",4,3,1
"W00006074",1,0,1
"W00006075",1,0,1
"W00006076",2,0,2
"W00006077",3,1,2
"W00006078",2,1,1
"W00006079",3,3,0
"W00006080",8,3,5
"W00006081",5,1,4
"W00006082",5,3,2
"W00006083",0,0,0
"W00006084",4,2,2
"W00006085",1,0,1
"W00006086",0,0,0
"W00006087",6,3,3
"W00006088",0,0,0
"W00006089",1,1,0
"W00006090",0,0,0
"W00006091",0,0,0
"W00006092",1,0,1
"W00006093",10,5,5
"W00006094",2,2,0
"W00006095",8,4,4
"W00006096",6,4,2
"W00006097",9,2,7
"W00006098",1,1,0
"W00006099",2,0,2
"W00006100",1,1,0
"W00006101",6,4,2
"W00006102",2,0,2
"W00006103",0,0,0
"W00006104",6,3,3
"W00006105",4,4,0
"W00006106",1,0,1
"W00006107",1,1,0
"W00006108",0,0,0
"W00006109",5,2,3
"W00006110",1,1,0
"W00006111",1,0,1
"W00006112",3,1,2
"W00006113",1,1,0
"W00006114",1,0,1
"W00006115",5,3,2
"W00006116",2,1,1
"W00006117",3,0,3
"W00006118",2,2,0
"W00006119",6,3,3
"W00006120",8,3,5
"W00006121",6,2,4
"W00006122",3,0,3
"W00006123",2,1,1
"W00006124",6,5,1
"W00006125",3,2,1
"W00006126",0,0,0
"W00006127",2,1,1
"W00006128",1,0,1
"W00006129",7,3,4
"W00006130",1,1,0
"W00006131",3,1,2
"W00006133",1,0,1
"W00006134",3,2,1
"W00006136",6,0,6
"W00006137",6,4,2
"W00006138",4,2,2
"W00006139",1,0,1
"W00006140",2,1,1
"W00006141",7,1,6
"W00006142",1,1,0
"W00006143",2,2,0
"W00006144",1,0,1
"W00006145",4,1,3
"W00006146",3,2,1
"W00006147",0,0,0
"W00006148",1,0,1
"W00006149",3,3,0
"W00006150",2,2,0
"W00006151",0,0,0
"W00006152",4,2,2
"W00006153",4,4,0
"W00006154",2,1,1
"W00006155",0,0,0
"W00006156",1,0,1
"W00006157",2,0,2
"W00006158",1,0,1
"W00006159",5,2,3
"W00006160",2,2,0
"W00006161",1,1,0
"W00006162",2,0,2
"W00006163",2,2,0
"W00006164",0,0,0
"W00006165",0,0,0
"W00006166",0,0,0
"W00006167",4,1,3
"W00006168",0,0,0
"W00006169",7,3,4
"W00006170",0,0,0
"W00006171",1,0,1
"W00006172",2,0,2
"W00006173",3,1,2
"W00006174",3,0,3
"W00006175",0,0,0
"W00006176",2,2,0
"W00006177",0,0,0
"W00006178",1,1,0
"W00006179",0,0,0
"W00006180",1,1,0
"W00006181",0,0,0
"W00006182",4,3,1
"W00006183",3,1,2
"W00006184",1,0,1
"W00006185",2,0,2
"W00006186",7,3,4
"W00006187",1,1,0
"W00006188",1,1,0
"W00006189",2,1,1
"W00006190",1,1,0
"W00006191",4,3,1
"W00006192",2,0,2
"W00006193",0,0,0
"W00006194",0,0,0
"W00006195",2,1,1
"W00006196",0,0,0
"W00006197",1,0,1
"W00006198",2,0,2
"W00006199",1,1,0
"W00006200",1,0,1
"W00006201",0,0,0
"W00006202",2,1,1
"W00006203",1,1,0
"W00006204",1,0,1
"W00006205",0,0,0
"W00006206",4,1,3
"W00006207",2,2,0
"W00006208",1,1,0
"W00006209",1,0,1
"W00006210",0,0,0
"W00006211",1,0,1
"W00006212",1,0,1
"W00006213",3,1,2
"W00006214",3,1,2
"W00006215",1,1,0
"W00006216",0,0,0
"W00006217",1,1,0
"W00006218",0,0,0
"W00006219",3,2,1
"W00006220",1,1,0
"W00006221",0,0,0
"W00006222",0,0,0
"W00006223",3,0,3
"W00006224",1,1,0
"W00006225",0,0,0
"W00006226",0,0,0
"W00006227",6,4,2
"W00006228",4,2,2
"W00006229",1,0,1
"W00006230",2,2,0
"W00006231",0,0,0
"W00006232",5,3,2
"W00006233",0,0,0
"W00006234",4,1,3
"W00006235",2,2,0
"W00006236",4,3,1
"W00006237",0,0,0
"W00006238",2,0,2
"W00006239",0,0,0
"W00006240",0,0,0
"W00006241",4,2,2
"W00006242",2,1,1
"W00006243",1,0,1
"W00006244",3,3,0
"W00006245",0,0,0
"W00006246",4,2,2
"W00006247",1,0,1
"W00006248",7,4,3
"W00006249",2,1,1
"W00006250",0,0,0
"W00006251",2,2,0
"W00006252",1,1,0
"W00006253",3,0,3
"W00006254",3,1,2
"W00006255",9,6,3
"W00006257",3,1,2
"W00006259",2,0,2
"W00006261",0,0,0
"W00006262",1,0,1
"W00006263",0,0,0
"W00006264",3,1,2
"W00006265",6,5,1
"W00006266",3,2,1
"W00006268",5,1,4
"W00006269",11,8,3
"W00006270",5,2,3
"W00006271",4,2,2
"W00006272",1,1,0
"W00006273",5,3,2
"W00006274",4,1,3
"W00006275",2,2,0
"W00006276",1,0,1
"W00006277",1,0,1
"W00006278",4,2,2
"W00006279",1,0,1
"W00006280",2,0,2
"W00006281",1,1,0
"W00006282",1,0,1
"W00006283",0,0,0
"W00006284",10,4,6
"W00006286",4,2,2
"W00006287",4,2,2
"W00006289",0,0,0
"W00006290",6,2,4
"W00006291",1,1,0
"W00006292",2,1,1
"W00006293",8,7,1
"W00006294",4,3,1
"W00006295",3,2,1
"W00006296",5,2,3
"W00006297",5,1,4
"W00006298",7,3,4
"W00006299",2,1,1
"W00006300",4,1,3
"W00006301",8,2,6
"W00006302",7,4,3
"W00006303",0,0,0
"W00006304",5,3,2
"W00006305",5,3,2
"W00006306",5,0,5
"W00006307",2,1,1
"W00006308",4,1,3
"W00006309",0,0,0
"W00006310",9,6,3
"W00006311",6,3,3
"W00006312",9,5,4
"W00006313",4,3,1
"W00006314",2,2,0
"W00006315",9,3,6
"W00006316",7,4,3
"W00006317",0,0,0
"W00006318",4,2,2
"W00006319",1,0,1
"W00006320",2,1,1
"W00006321",0,0,0
"W00006322",1,1,0
"W00006323",6,1,5
"W00006324",1,0,1
"W00006325",0,0,0
"W00006326",0,0,0
"W00006327",0,0,0
"W00006328",0,0,0
"W00006329",1,0,1
"W00006330",2,1,1
"W00006331",0,0,0
"W00006332",0,0,0
"W00006333",2,0,2
"W00006334",0,0,0
"W00006335",0,0,0
"W00006336",2,1,1
"W00006337",0,0,0
"W00006338",5,3,2
"W00006339",2,0,2
"W00006340",1,0,1
"W00006341",2,0,2
"W00006342",6,2,4
"W00006343",2,2,0
"W00006344",1,1,0
"W00006345",3,1,2
"W00006346",0,0,0
"W00006347",0,0,0
"W00006348",5,2,3
"W00006349",0,0,0
"W00006350",2,1,1
"W00006351",1,0,1
"W00006352",3,1,2
"W00006353",6,4,2
"W00006354",4,1,3
"W00006355",1,0,1
"W00006356",3,1,2
"W00006357",0,0,0
"W00006358",2,1,1
"W00006359",3,2,1
"W00006360",8,2,6
"W00006361",0,0,0
"W00006362",0,0,0
"W00006363",0,0,0
"W00006364",2,1,1
"W00006365",2,2,0
"W00006366",1,0,1
"W00006367",0,0,0
"W00006368",2,1,1
"W00006369",0,0,0
"W00006370",1,1,0
"W00006371",0,0,0
"W00006372",2,1,1
"W00006373",0,0,0
"W00006374",2,1,1
"W00006375",3,2,1
"W00006376",5,1,4
"W00006377",0,0,0
"W00006378",0,0,0
"W00006379",0,0,0
"W00006380",1,0,1
"W00006381",2,2,0
"W00006382",1,0,1
"W00006383",13,6,7
"W00006384",0,0,0
"W00006385",2,2,0
"W00006386",2,2,0
"W00006387",0,0,0
"W00006388",1,1,0
"W00006389",0,0,0
"W00006390",1,1,0
"W00006391",1,0,1
"W00006392",2,1,1
"W00006393",2,1,1
"W00006394",0,0,0
"W00006395",0,0,0
"W00006396",6,2,4
"W00006397",0,0,0
"W00006398",2,1,1
"W00006399",0,0,0
"W00006400",5,2,3
"W00006401",6,2,4
"W00006402",2,0,2
"W00006403",0,0,0
"W00006404",6,2,4
"W00006405",1,1,0
"W00006406",1,1,0
"W00006407",0,0,0
"W00006408",2,2,0
"W00006409",4,1,3
"W00006410",1,0,1
"W00006411",1,1,0
"W00006412",1,1,0
"W00006413",1,1,0
"W00006414",3,1,2
"W00006415",1,0,1
"W00006416",1,1,0
"W00006417",3,0,3
"W00006418",2,1,1
"W00006419",0,0,0
"W00006420",1,1,0
"W00006421",2,1,1
"W00006422",1,0,1
"W00006423",1,1,0
"W00006424",3,1,2
"W00006425",1,1,0
"W00006426",1,0,1
"W00006427",1,1,0
"W00006428",1,0,1
"W00006429",9,4,5
"W00006430",4,4,0
"W00006431",2,1,1
"W00006432",18,9,9
"W00006433",3,2,1
"W00006434",6,3,3
"W00006435",2,2,0
"W00006436",7,3,4
"W00006437",5,0,5
"W00006438",1,0,1
"W00006439",7,5,2
"W00006440",0,0,0
"W00006441",1,1,0
"W00006442",3,2,1
"W00006443",5,2,3
"W00006444",1,1,0
"W00006445",10,7,3
"W00006446",5,2,3
"W00006447",5,1,4
"W00006448",3,3,0
"W00006449",3,2,1
"W00006450",2,2,0
"W00006451",5,3,2
"W00006452",1,0,1
"W00006453",8,4,4
"W00006454",1,0,1
"W00006455",4,1,3
"W00006456",4,4,0
"W00006457",1,1,0
"W00006458",1,1,0
"W00006459",1,1,0
"W00006460",0,0,0
"W00006461",3,2,1
"W00006462",3,2,1
"W00006463",0,0,0
"W00006464",3,2,1
"W00006465",1,0,1
"W00006466",0,0,0
"W00006467",4,1,3
"W00006468",2,2,0
"W00006469",0,0,0
"W00006470",1,0,1
"W00006471",3,0,3
"W00006472",8,4,4
"W00006473",4,3,1
"W00006474",0,0,0
"W00006475",4,2,2
"W00006476",4,2,2
"W00006477",4,1,3
"W00006478",1,0,1
"W00006479",6,3,3
"W00006480",1,0,1
"W00006481",2,1,1
"W00006482",2,1,1
"W00006483",2,0,2
"W00006484",2,0,2
"W00006485",3,2,1
"W00006486",2,1,1
"W00006487",1,0,1
"W00006488",0,0,0
"W00006489",1,0,1
"W00006490",1,0,1
"W00006491",0,0,0
"W00006492",1,0,1
"W00006493",1,1,0
"W00006494",1,0,1
"W00006495",1,0,1
"W00006496",8,5,3
"W00006497",3,2,1
"W00006498",5,4,1
"W00006499",1,0,1
"W00006500",0,0,0
"W00006501",1,0,1
"W00006502",0,0,0
"W00006503",0,0,0
"W00006504",0,0,0
"W00006505",2,1,1
"W00006506",3,2,1
"W00006507",2,2,0
"W00006508",2,1,1
"W00006509",3,1,2
"W00006510",1,0,1
"W00006511",0,0,0
"W00006512",1,1,0
"W00006513",0,0,0
"W00006514",0,0,0
"W00006515",5,4,1
"W00006516",4,1,3
"W00006517",2,1,1
"W00006518",2,0,2
"W00006519",1,1,0
"W00006520",3,2,1
"W00006521",3,1,2
"W00006522",1,1,0
"W00006523",6,1,5
"W00006524",1,0,1
"W00006525",0,0,0
"W00006526",6,4,2
"W00006527",0,0,0
"W00006528",6,2,4
"W00006529",4,1,3
"W00006530",1,0,1
"W00006531",4,1,3
"W00006532",1,0,1
"W00006533",7,5,2
"W00006534",5,2,3
"W00006535",1,1,0
"W00006536",5,2,3
"W00006537",0,0,0
"W00006538",1,0,1
"W00006539",0,0,0
"W00006540",1,1,0
"W00006541",8,5,3
"W00006542",1,1,0
"W00006543",2,2,0
"W00006544",4,1,3
"W00006545",2,0,2
"W00006546",4,2,2
"W00006547",2,0,2
"W00006548",1,0,1
"W00006549",1,0,1
"W00006550",1,0,1
"W00006551",4,1,3
"W00006552",1,0,1
"W00006553",1,1,0
"W00006554",0,0,0
"W00006555",1,0,1
"W00006556",1,0,1
"W00006557",1,0,1
"W00006558",0,0,0
"W00006559",0,0,0
"W00006560",1,1,0
"W00006561",2,1,1
"W00006562",2,1,1
"W00006563",4,2,2
"W00006564",2,1,1
"W00006565",3,1,2
"W00006566",4,2,2
"W00006567",1,0,1
"W00006568",3,0,3
"W00006569",4,0,4
"W00006570",5,4,1
"W00006571",2,1,1
"W00006572",1,1,0
"W00006573",1,0,1
"W00006574",3,0,3
"W00006575",3,3,0
"W00006576",0,0,0
"W00006577",1,0,1
"W00006578",5,2,3
"W00006579",0,0,0
"W00006580",4,1,3
"W00006581",3,0,3
"W00006583",6,4,2
"W00006584",3,1,2
"W00006585",1,0,1
"W00006586",3,3,0
"W00006587",3,1,2
"W00006588",0,0,0
"W00006589",0,0,0
"W00006590",3,1,2
"W00006591",6,5,1
"W00006592",1,0,1
"W00006593",0,0,0
"W00006594",1,0,1
"W00006596",6,4,2
"W00006597",0,0,0
"W00006598",7,1,6
"W00006599",3,2,1
"W00006600",1,0,1
"W00006601",0,0,0
"W00006602",2,0,2
"W00006603",1,0,1
"W00006604",1,1,0
"W00006605",2,1,1
"W00006606",3,0,3
"W00006607",2,1,1
"W00006608",2,2,0
"W00006609",0,0,0
"W00006610",1,0,1
"W00006611",0,0,0
"W00006612",2,1,1
"W00006613",1,0,1
"W00006614",2,1,1
"W00006615",1,1,0
"W00006616",1,0,1
"W00006617",2,1,1
"W00006618",0,0,0
"W00006619",1,1,0
"W00006620",1,0,1
"W00006621",0,0,0
"W00006622",1,0,1
"W00006623",5,3,2
"W00006624",6,5,1
"W00006625",7,4,3
"W00006626",7,3,4
"W00006627",3,1,2
"W00006628",12,7,5
"W00006629",6,4,2
"W00006630",4,2,2
"W00006631",6,4,2
"W00006633",8,5,3
"W00006634",0,0,0
"W00006635",1,1,0
"W00006636",1,0,1
"W00006637",2,1,1
"W00006638",1,0,1
"W00006639",2,1,1
"W00006640",3,1,2
"W00006641",0,0,0
"W00006642",2,1,1
"W00006643",3,1,2
"W00006644",2,1,1
"W00006645",2,2,0
"W00006646",1,0,1
"W00006647",1,0,1
"W00006648",2,0,2
"W00006649",2,1,1
"W00006650",4,1,3
"W00006651",2,1,1
"W00006652",1,0,1
"W00006653",1,0,1
"W00006654",4,2,2
"W00006655",0,0,0
"W00006656",1,0,1
"W00006657",4,2,2
"W00006658",1,0,1
"W00006659",1,0,1
"W00006660",0,0,0
"W00006661",5,2,3
"W00006662",0,0,0
"W00006663",4,1,3
"W00006664",3,2,1
"W00006665",8,6,2
"W00006666",1,0,1
"W00006667",3,3,0
"W00006668",6,3,3
"W00006669",0,0,0
"W00006670",1,1,0
"W00006671",1,0,1
"W00006672",3,3,0
"W00006673",7,4,3
"W00006674",4,3,1
"W00006675",3,1,2
"W00006676",9,4,5
"W00006677",0,0,0
"W00006678",1,1,0
"W00006679",4,2,2
"W00006680",0,0,0
"W00006681",2,1,1
"W00006682",0,0,0
"W00006683",0,0,0
"W00006684",2,1,1
"W00006685",0,0,0
"W00006686",0,0,0
"W00006687",1,1,0
"W00006688",4,2,2
"W00006689",0,0,0
"W00006690",0,0,0
"W00006691",1,1,0
"W00006692",3,2,1
"W00006693",1,1,0
"W00006694",3,1,2
"W00006695",2,0,2
"W00006696",1,0,1
"W00006697",2,0,2
"W00006698",0,0,0
"W00006699",0,0,0
"W00006700",3,1,2
"W00006701",2,2,0
"W00006702",3,3,0
"W00006703",3,2,1
"W00006704",5,3,2
"W00006705",1,1,0
"W00006706",2,1,1
"W00006707",0,0,0
"W00006708",0,0,0
"W00006709",0,0,0
"W00006710",2,0,2
"W00006711",4,2,2
"W00006712",0,0,0
"W00006713",1,1,0
"W00006714",4,2,2
"W00006715",7,0,7
"W00006716",2,2,0
"W00006717",1,0,1
"W00006718",0,0,0
"W00006719",2,1,1
"W00006720",1,1,0
"W00006721",12,5,7
"W00006722",1,1,0
"W00006723",5,2,3
"W00006724",0,0,0
"W00006725",7,2,5
"W00006726",1,0,1
"W00006727",4,1,3
"W00006728",3,3,0
"W00006729",4,1,3
"W00006730",3,0,3
"W00006731",1,0,1
"W00006732",7,5,2
"W00006733",1,0,1
"W00006734",2,1,1
"W00006735",4,2,2
"W00006736",0,0,0
"W00006737",1,1,0
"W00006738",2,1,1
"W00006739",0,0,0
"W00006740",3,1,2
"W00006741",3,1,2
"W00006742",1,1,0
"W00006743",1,1,0
"W00006744",1,1,0
"W00006745",5,1,4
"W00006746",2,2,0
"W00006747",2,2,0
"W00006748",1,1,0
"W00006749",2,0,2
"W00006750",0,0,0
"W00006751",1,0,1
"W00006752",1,1,0
"W00006753",1,1,0
"W00006754",9,3,6
"W00006755",7,4,3
"W00006756",1,1,0
"W00006757",0,0,0
"W00006758",2,0,2
"W00006759",1,0,1
"W00006760",1,1,0
"W00006761",1,1,0
"W00006762",1,1,0
"W00006763",0,0,0
"W00006764",4,3,1
"W00006765",5,3,2
"W00006766",1,1,0
"W00006767",4,0,4
"W00006768",4,1,3
"W00006769",0,0,0
"W00006770",1,0,1
"W00006771",5,2,3
"W00006772",5,1,4
"W00006773",0,0,0
"W00006774",7,2,5
"W00006775",1,0,1
"W00006776",11,3,8
"W00006777",0,0,0
"W00006778",1,1,0
"W00006779",14,6,8
"W00006780",0,0,0
"W00006781",3,3,0
"W00006782",0,0,0
"W00006783",1,0,1
"W00006784",1,0,1
"W00006785",4,3,1
"W00006786",1,0,1
"W00006787",1,0,1
"W00006788",3,3,0
"W00006789",1,0,1
"W00006790",2,1,1
"W00006791",1,1,0
"W00006792",2,1,1
"W00006793",2,0,2
"W00006794",0,0,0
"W00006795",0,0,0
"W00006796",3,2,1
"W00006797",2,1,1
"W00006798",0,0,0
"W00006799",2,2,0
"W00006800",3,1,2
"W00006801",1,1,0
"W00006802",2,1,1
"W00006803",1,1,0
"W00006804",2,0,2
"W00006805",0,0,0
"W00006806",3,1,2
"W00006807",0,0,0
"W00006808",1,0,1
"W00006809",1,0,1
"W00006810",0,0,0
"W00006811",2,2,0
"W00006812",6,2,4
"W00006813",0,0,0
"W00006814",2,1,1
"W00006815",6,3,3
"W00006816",2,2,0
"W00006817",0,0,0
"W00006818",1,1,0
"W00006819",2,1,1
"W00006820",1,1,0
"W00006821",0,0,0
"W00006822",0,0,0
"W00006823",2,1,1
"W00006824",4,2,2
"W00006825",2,2,0
"W00006826",1,1,0
"W00006827",4,2,2
"W00006828",0,0,0
"W00006829",0,0,0
"W00006830",1,0,1
"W00006831",1,0,1
"W00006832",0,0,0
"W00006833",0,0,0
"W00006834",10,2,8
"W00006835",1,1,0
"W00006836",2,0,2
"W00006837",0,0,0
"W00006838",5,3,2
"W00006839",2,0,2
"W00006840",1,0,1
"W00006841",1,0,1
"W00006842",2,1,1
"W00006843",3,1,2
"W00006844",9,4,5
"W00006845",7,4,3
"W00006846",6,2,4
"W00006847",1,0,1
"W00006848",4,2,2
"W00006849",5,1,4
"W00006850",0,0,0
"W00006851",0,0,0
"W00006852",0,0,0
"W00006853",7,6,1
"W00006854",1,1,0
"W00006855",3,1,2
"W00006856",0,0,0
"W00006857",1,1,0
"W00006858",0,0,0
"W00006859",0,0,0
"W00006860",1,0,1
"W00006861",2,1,1
"W00006862",2,1,1
"W00006863",0,0,0
"W00006864",6,2,4
"W00006865",1,1,0
"W00006866",3,3,0
"W00006867",1,0,1
"W00006868",6,4,2
"W00006869",5,4,1
"W00006870",0,0,0
"W00006871",2,2,0
"W00006872",2,1,1
"W00006873",0,0,0
"W00006874",5,4,1
"W00006875",1,0,1
"W00006876",2,1,1
"W00006877",6,3,3
"W00006878",7,4,3
"W00006879",1,0,1
"W00006880",8,5,3
"W00006881",2,2,0
"W00006882",1,1,0
"W00006883",1,1,0
"W00006884",6,3,3
"W00006885",3,2,1
"W00006886",1,0,1
"W00006887",4,1,3
"W00006888",1,1,0
"W00006889",5,2,3
"W00006890",1,0,1
"W00006891",3,3,0
"W00006892",4,2,2
"W00006893",0,0,0
"W00006894",7,6,1
"W00006895",1,0,1
"W00006896",5,3,2
"W00006897",5,3,2
"W00006898",1,1,0
"W00006899",2,2,0
"W00006900",1,0,1
"W00006901",1,1,0
"W00006902",3,1,2
"W00006903",1,1,0
"W00006904",3,2,1
"W00006905",1,1,0
"W00006906",0,0,0
"W00006907",6,5,1
"W00006909",4,2,2
"W00006910",1,1,0
"W00006911",1,0,1
"W00006912",6,4,2
"W00006913",2,0,2
"W00006914",8,6,2
"W00006915",10,5,5
"W00006916",1,1,0
"W00006917",7,4,3
"W00006918",5,3,2
"W00006919",2,2,0
"W00006920",0,0,0
"W00006921",3,1,2
"W00006922",2,1,1
"W00006923",5,3,2
"W00006924",3,0,3
"W00006925",1,0,1
"W00006926",1,1,0
"W00006927",4,3,1
"W00006928",13,7,6
"W00006929",3,0,3
"W00006930",0,0,0
"W00006931",1,1,0
"W00006932",0,0,0
"W00006933",2,1,1
"W00006934",5,2,3
"W00006935",0,0,0
"W00006936",4,1,3
"W00006937",3,1,2
"W00006938",4,0,4
"W00006940",7,3,4
"W00006941",1,1,0
"W00006942",0,0,0
"W00006943",0,0,0
"W00006944",1,1,0
"W00006945",1,1,0
"W00006946",1,0,1
"W00006947",1,1,0
"W00006948",1,1,0
"W00006949",2,2,0
"W00006950",0,0,0
"W00006951",4,0,4
"W00006952",5,3,2
"W00006953",0,0,0
"W00006954",3,2,1
"W00006955",1,1,0
"W00006956",0,0,0
"W00006957",4,1,3
"W00006958",4,0,4
"W00006959",2,2,0
"W00006960",3,1,2
"W00006961",5,5,0
"W00006962",1,1,0
"W00006963",2,1,1
"W00006964",6,3,3
"W00006965",2,0,2
"W00006966",2,2,0
"W00006968",0,0,0
"W00006969",4,1,3
"W00006970",1,0,1
"W00006971",1,1,0
"W00006972",7,4,3
"W00006973",2,2,0
"W00006974",4,1,3
"W00006975",0,0,0
"W00006976",0,0,0
"W00006977",5,2,3
"W00006978",0,0,0
"W00006979",1,1,0
"W00006980",2,1,1
"W00006981",4,3,1
"W00006982",6,4,2
"W00006983",1,0,1
"W00006984",4,2,2
"W00006985",1,0,1
"W00006986",3,0,3
"W00006987",4,2,2
"W00006988",1,0,1
"W00006989",0,0,0
"W00006990",6,2,4
"W00006991",2,1,1
"W00006992",4,1,3
"W00006993",5,1,4
"W00006994",0,0,0
"W00006995",3,2,1
"W00006996",2,0,2
"W00006997",4,2,2
"W00006998",0,0,0
"W00006999",0,0,0
"W00007000",0,0,0
"W00007001",0,0,0
"W00007002",1,0,1
"W00007003",0,0,0
"W00007004",1,1,0
"W00007005",2,2,0
"W00007006",1,0,1
"W00007007",3,1,2
"W00007008",2,1,1
"W00007009",1,0,1
"W00007010",3,2,1
"W00007011",3,3,0
"W00007012",1,0,1
"W00007013",2,1,1
"W00007014",0,0,0
"W00007015",4,3,1
"W00007016",5,2,3
"W00007017",0,0,0
"W00007018",0,0,0
"W00007019",2,0,2
"W00007020",0,0,0
"W00007021",6,2,4
"W00007022",2,1,1
"W00007023",2,1,1
"W00007024",5,4,1
"W00007025",13,5,8
"W00007026",5,1,4
"W00007027",3,1,2
"W00007028",9,6,3
"W00007029",1,1,0
"W00007030",1,0,1
"W00007031",1,0,1
"W00007032",2,2,0
"W00007033",9,4,5
"W00007034",1,0,1
"W00007035",4,2,2
"W00007036",4,3,1
"W00007037",3,0,3
"W00007038",5,2,3
"W00007039",0,0,0
"W00007040",1,1,0
"W00007041",3,2,1
"W00007042",5,3,2
"W00007043",3,1,2
"W00007044",5,3,2
"W00007045",4,2,2
"W00007046",6,3,3
"W00007047",0,0,0
"W00007048",6,1,5
"W00007049",1,0,1
"W00007050",0,0,0
"W00007051",1,0,1
"W00007052",0,0,0
"W00007053",1,1,0
"W00007054",0,0,0
"W00007055",9,7,2
"W00007056",2,1,1
"W00007057",1,0,1
"W00007058",1,1,0
"W00007059",0,0,0
"W00007060",3,1,2
"W00007061",1,0,1
"W00007062",2,1,1
"W00007063",2,0,2
"W00007064",3,1,2
"W00007065",0,0,0
"W00007066",2,0,2
"W00007067",5,3,2
"W00007068",10,3,7
"W00007069",3,1,2
"W00007070",4,1,3
"W00007071",1,0,1
"W00007072",2,0,2
"W00007073",3,0,3
"W00007074",4,3,1
"W00007075",1,0,1
"W00007076",3,3,0
"W00007077",1,1,0
"W00007078",2,2,0
"W00007079",2,1,1
"W00007080",3,3,0
"W00007081",1,0,1
"W00007082",2,0,2
"W00007083",2,2,0
"W00007084",4,2,2
"W00007085",2,1,1
"W00007086",3,2,1
"W00007087",1,1,0
"W00007088",2,1,1
"W00007089",3,3,0
"W00007090",3,2,1
"W00007091",0,0,0
"W00007092",1,1,0
"W00007093",1,0,1
"W00007094",0,0,0
"W00007095",2,2,0
"W00007096",0,0,0
"W00007097",2,0,2
"W00007098",0,0,0
"W00007099",0,0,0
"W00007100",1,0,1
"W00007101",5,0,5
"W00007102",2,1,1
"W00007103",5,3,2
"W00007104",2,1,1
"W00007105",1,0,1
"W00007106",7,4,3
"W00007107",6,2,4
"W00007108",2,1,1
"W00007109",1,0,1
"W00007110",3,0,3
"W00007111",4,3,1
"W00007112",4,1,3
"W00007113",3,1,2
"W00007114",2,1,1
"W00007115",2,0,2
"W00007116",3,1,2
"W00007117",4,3,1
"W00007118",5,4,1
"W00007119",0,0,0
"W00007120",2,0,2
"W00007121",1,0,1
"W00007122",3,0,3
"W00007123",3,3,0
"W00007124",6,6,0
"W00007125",2,1,1
"W00007126",3,0,3
"W00007127",0,0,0
"W00007128",0,0,0
"W00007129",3,1,2
"W00007130",0,0,0
"W00007131",4,1,3
"W00007132",4,3,1
"W00007133",0,0,0
"W00007134",4,2,2
"W00007135",0,0,0
"W00007136",0,0,0
"W00007137",2,1,1
"W00007138",5,0,5
"W00007139",1,1,0
"W00007140",3,0,3
"W00007141",0,0,0
"W00007142",2,2,0
"W00007143",2,2,0
"W00007144",6,4,2
"W00007145",5,4,1
"W00007146",1,0,1
"W00007147",7,5,2
"W00007148",1,0,1
"W00007149",0,0,0
"W00007150",3,1,2
"W00007151",3,2,1
"W00007152",2,2,0
"W00007153",4,3,1
"W00007154",4,2,2
"W00007155",2,0,2
"W00007156",0,0,0
"W00007157",2,2,0
"W00007158",2,1,1
"W00007159",15,7,8
"W00007160",1,1,0
"W00007161",7,5,2
"W00007162",0,0,0
"W00007163",2,1,1
"W00007164",2,1,1
"W00007165",2,2,0
"W00007166",1,0,1
"W00007167",0,0,0
"W00007168",4,4,0
"W00007169",0,0,0
"W00007170",4,1,3
"W00007171",0,0,0
"W00007172",7,5,2
"W00007173",2,0,2
"W00007174",3,3,0
"W00007175",0,0,0
"W00007176",4,2,2
"W00007177",1,0,1
"W00007178",0,0,0
"W00007179",1,1,0
"W00007180",1,0,1
"W00007181",1,0,1
"W00007182",0,0,0
"W00007183",0,0,0
"W00007184",1,1,0
"W00007185",0,0,0
"W00007186",4,1,3
"W00007187",3,1,2
"W00007188",6,2,4
"W00007189",3,2,1
"W00007190",0,0,0
"W00007191",2,0,2
"W00007192",2,0,2
"W00007193",2,0,2
"W00007194",4,3,1
"W00007195",2,0,2
"W00007196",0,0,0
"W00007197",1,1,0
"W00007198",3,1,2
"W00007199",6,2,4
"W00007200",0,0,0
"W00007201",2,0,2
"W00007202",4,3,1
"W00007203",0,0,0
"W00007204",3,1,2
"W00007205",2,1,1
"W00007206",2,2,0
"W00007207",2,0,2
"W00007208",3,2,1
"W00007209",1,1,0
"W00007210",2,1,1
"W00007211",4,1,3
"W00007212",0,0,0
"W00007213",5,3,2
"W00007214",4,1,3
"W00007215",8,2,6
"W00007216",1,0,1
"W00007217",1,1,0
"W00007218",2,1,1
"W00007219",3,1,2
"W00007220",3,1,2
"W00007221",2,2,0
"W00007222",5,3,2
"W00007223",0,0,0
"W00007224",4,1,3
"W00007225",3,0,3
"W00007226",2,0,2
"W00007227",3,2,1
"W00007228",2,2,0
"W00007229",1,0,1
"W00007230",3,3,0
"W00007231",4,3,1
"W00007232",5,2,3
"W00007233",2,1,1
"W00007234",3,2,1
"W00007235",2,1,1
"W00007236",1,1,0
"W00007237",1,0,1
"W00007238",2,1,1
"W00007239",0,0,0
"W00007240",4,3,1
"W00007241",5,4,1
"W00007242",5,1,4
"W00007243",1,0,1
"W00007244",7,4,3
"W00007245",1,0,1
"W00007246",1,0,1
"W00007247",1,1,0
"W00007248",6,5,1
"W00007249",4,1,3
"W00007250",5,2,3
"W00007251",1,0,1
"W00007252",0,0,0
"W00007253",0,0,0
"W00007254",3,1,2
"W00007256",1,0,1
"W00007257",0,0,0
"W00007258",1,1,0
"W00007259",0,0,0
"W00007261",1,0,1
"W00007262",1,0,1
"W00007263",0,0,0
"W00007264",3,2,1
"W00007265",2,1,1
"W00007266",5,0,5
"W00007267",1,1,0
"W00007268",0,0,0
"W00007269",2,1,1
"W00007270",0,0,0
"W00007271",2,1,1
"W00007272",6,6,0
"W00007273",1,1,0
"W00007274",3,0,3
"W00007275",3,3,0
"W00007276",1,0,1
"W00007277",5,0,5
"W00007278",6,2,4
"W00007279",0,0,0
"W00007280",3,1,2
"W00007281",1,1,0
"W00007282",1,0,1
"W00007284",6,6,0
"W00007285",0,0,0
"W00007286",1,0,1
"W00007287",1,1,0
"W00007288",0,0,0
"W00007289",5,3,2
"W00007290",3,3,0
"W00007291",2,2,0
"W00007292",4,3,1
"W00007293",8,3,5
"W00007294",1,0,1
"W00007295",6,2,4
"W00007296",1,0,1
"W00007297",1,0,1
"W00007298",2,2,0
"W00007299",4,2,2
"W00007300",0,0,0
"W00007301",1,1,0
"W00007302",1,1,0
"W00007303",10,4,6
"W00007304",7,2,5
"W00007305",0,0,0
"W00007306",3,3,0
"W00007307",5,3,2
"W00007308",4,1,3
"W00007309",4,0,4
"W00007310",1,0,1
"W00007311",0,0,0
"W00007312",0,0,0
"W00007313",1,1,0
"W00007314",1,1,0
"W00007315",1,0,1
"W00007316",1,1,0
"W00007318",4,2,2
"W00007319",5,3,2
"W00007320",5,3,2
"W00007322",3,2,1
"W00007323",3,2,1
"W00007324",1,0,1
"W00007325",11,2,9
"W00007326",3,2,1
"W00007327",1,1,0
"W00007328",4,3,1
"W00007329",0,0,0
"W00007330",2,2,0
"W00007331",7,3,4
"W00007332",3,3,0
"W00007333",4,3,1
"W00007334",0,0,0
"W00007335",3,1,2
"W00007336",1,0,1
"W00007337",4,2,2
"W00007338",0,0,0
"W00007339",2,1,1
"W00007340",0,0,0
"W00007341",1,1,0
"W00007342",1,0,1
"W00007343",3,1,2
"W00007344",3,1,2
"W00007345",4,2,2
"W00007346",3,2,1
"W00007347",4,2,2
"W00007348",0,0,0
"W00007349",2,0,2
"W00007350",1,0,1
"W00007351",3,1,2
"W00007352",1,0,1
"W00007353",0,0,0
"W00007354",0,0,0
"W00007355",4,1,3
"W00007356",3,2,1
"W00007357",6,2,4
"W00007358",0,0,0
"W00007359",0,0,0
"W00007360",1,1,0
"W00007361",2,1,1
"W00007362",0,0,0
"W00007363",3,1,2
"W00007364",7,5,2
"W00007365",2,2,0
"W00007366",1,0,1
"W00007367",0,0,0
"W00007368",2,1,1
"W00007369",6,2,4
"W00007370",2,1,1
"W00007371",2,2,0
"W00007372",3,0,3
"W00007373",1,1,0
"W00007374",1,1,0
"W00007375",1,1,0
"W00007376",4,4,0
"W00007377",3,2,1
"W00007378",5,4,1
"W00007379",2,2,0
"W00007380",3,1,2
"W00007381",1,0,1
"W00007382",2,2,0
"W00007383",0,0,0
"W00007384",3,0,3
"W00007385",0,0,0
"W00007386",1,0,1
"W00007387",1,0,1
"W00007388",0,0,0
"W00007389",3,2,1
"W00007390",1,0,1
"W00007391",4,3,1
"W00007392",3,2,1
"W00007393",5,1,4
"W00007394",0,0,0
"W00007395",6,3,3
"W00007396",0,0,0
"W00007397",2,0,2
"W00007398",3,2,1
"W00007399",1,0,1
"W00007400",6,4,2
"W00007401",1,1,0
"W00007402",1,1,0
"W00007403",1,0,1
"W00007404",5,4,1
"W00007405",4,2,2
"W00007406",3,2,1
"W00007407",1,1,0
"W00007408",4,2,2
"W00007409",3,1,2
"W00007410",0,0,0
"W00007411",2,2,0
"W00007412",2,2,0
"W00007413",0,0,0
"W00007414",0,0,0
"W00007415",2,2,0
"W00007416",1,0,1
"W00007417",0,0,0
"W00007418",4,1,3
"W00007419",3,1,2
"W00007420",4,2,2
"W00007421",4,1,3
"W00007422",0,0,0
"W00007423",4,1,3
"W00007424",1,1,0
"W00007425",18,10,8
"W00007426",8,5,3
"W00007427",10,5,5
"W00007428",4,4,0
"W00007429",4,2,2
"W00007430",2,1,1
"W00007431",3,1,2
"W00007432",0,0,0
"W00007433",1,1,0
"W00007434",0,0,0
"W00007435",0,0,0
"W00007436",0,0,0
"W00007437",1,0,1
"W00007438",0,0,0
"W00007439",4,2,2
"W00007440",1,0,1
"W00007441",1,0,1
"W00007442",5,1,4
"W00007443",6,2,4
"W00007444",1,0,1
"W00007445",5,4,1
"W00007446",11,7,4
"W00007447",2,0,2
"W00007448",9,2,7
"W00007449",4,0,4
"W00007450",0,0,0
"W00007451",3,1,2
"W00007452",5,2,3
"W00007453",9,4,5
"W00007454",5,2,3
"W00007455",3,1,2
"W00007456",4,2,2
"W00007457",0,0,0
"W00007458",3,3,0
"W00007459",3,0,3
"W00007460",1,1,0
"W00007461",0,0,0
"W00007462",3,0,3
"W00007463",2,0,2
"W00007464",3,1,2
"W00007465",7,1,6
"W00007466",4,2,2
"W00007467",1,1,0
"W00007468",1,0,1
"W00007469",3,2,1
"W00007470",0,0,0
"W00007471",4,1,3
"W00007472",4,3,1
"W00007473",5,4,1
"W00007474",1,1,0
"W00007475",1,0,1
"W00007476",4,1,3
"W00007477",2,2,0
"W00007478",3,0,3
"W00007479",4,0,4
"W00007480",2,1,1
"W00007481",7,1,6
"W00007482",2,2,0
"W00007483",2,1,1
"W00007484",0,0,0
"W00007485",6,2,4
"W00007486",1,1,0
"W00007487",2,1,1
"W00007488",8,3,5
"W00007489",5,4,1
"W00007490",1,1,0
"W00007491",3,2,1
"W00007492",1,1,0
"W00007493",3,2,1
"W00007494",2,0,2
"W00007495",3,1,2
"W00007496",3,2,1
"W00007498",0,0,0
"W00007499",4,0,4
"W00007500",1,1,0
"W00007501",0,0,0
"W00007502",3,0,3
"W00007503",2,1,1
"W00007504",0,0,0
"W00007505",0,0,0
"W00007506",2,0,2
"W00007507",3,0,3
"W00007508",2,2,0
"W00007509",7,3,4
"W00007510",1,0,1
"W00007511",1,0,1
"W00007512",5,3,2
"W00007513",0,0,0
"W00007514",1,1,0
"W00007515",3,1,2
"W00007516",2,2,0
"W00007517",1,0,1
"W00007518",4,3,1
"W00007519",5,4,1
"W00007520",1,1,0
"W00007521",5,4,1
"W00007522",2,2,0
"W00007523",5,2,3
"W00007524",1,0,1
"W00007525",7,4,3
"W00007526",0,0,0
"W00007527",4,1,3
"W00007528",0,0,0
"W00007529",2,1,1
"W00007530",2,0,2
"W00007531",2,1,1
"W00007532",0,0,0
"W00007533",0,0,0
"W00007534",1,0,1
"W00007535",5,3,2
"W00007536",2,1,1
"W00007537",1,0,1
"W00007538",2,0,2
"W00007539",2,1,1
"W00007540",3,1,2
"W00007541",2,2,0
"W00007542",0,0,0
"W00007543",2,1,1
"W00007544",1,0,1
"W00007545",0,0,0
"W00007546",1,0,1
"W00007547",10,6,4
"W00007548",1,0,1
"W00007549",2,0,2
"W00007550",2,0,2
"W00007551",2,1,1
"W00007552",1,0,1
"W00007553",0,0,0
"W00007554",4,1,3
"W00007555",2,1,1
"W00007556",7,2,5
"W00007557",0,0,0
"W00007558",4,1,3
"W00007559",3,1,2
"W00007560",0,0,0
"W00007561",6,2,4
"W00007562",2,1,1
"W00007563",1,0,1
"W00007564",8,3,5
"W00007565",4,2,2
"W00007566",1,0,1
"W00007567",7,4,3
"W00007568",2,0,2
"W00007569",0,0,0
"W00007570",1,1,0
"W00007571",2,1,1
"W00007572",1,0,1
"W00007573",5,0,5
"W00007574",1,1,0
"W00007575",3,1,2
"W00007576",4,2,2
"W00007577",1,1,0
"W00007578",2,0,2
"W00007579",1,0,1
"W00007580",1,1,0
"W00007581",1,1,0
"W00007582",0,0,0
"W00007583",2,2,0
"W00007584",5,3,2
"W00007585",5,3,2
"W00007586",0,0,0
"W00007587",4,1,3
"W00007588",7,4,3
"W00007589",3,2,1
"W00007590",1,0,1
"W00007591",0,0,0
"W00007592",1,1,0
"W00007593",0,0,0
"W00007594",1,1,0
"W00007595",5,3,2
"W00007596",0,0,0
"W00007597",1,1,0
"W00007598",1,0,1
"W00007599",0,0,0
"W00007600",3,0,3
"W00007601",4,2,2
"W00007602",0,0,0
"W00007603",1,0,1
"W00007604",2,1,1
"W00007605",1,0,1
"W00007606",4,4,0
"W00007607",8,4,4
"W00007608",3,0,3
"W00007609",0,0,0
"W00007610",1,1,0
"W00007611",3,0,3
"W00007612",4,2,2
"W00007613",0,0,0
"W00007614",1,1,0
"W00007615",0,0,0
"W00007616",1,1,0
"W00007617",1,1,0
"W00007618",3,2,1
"W00007619",1,0,1
"W00007620",0,0,0
"W00007621",2,2,0
"W00007622",7,4,3
"W00007623",3,2,1
"W00007624",1,1,0
"W00007625",5,4,1
"W00007626",2,2,0
"W00007627",1,1,0
"W00007628",3,1,2
"W00007629",4,3,1
"W00007630",1,0,1
"W00007631",5,4,1
"W00007632",4,1,3
"W00007633",2,2,0
"W00007634",3,1,2
"W00007635",1,0,1
"W00007636",5,4,1
"W00007637",2,0,2
"W00007638",5,2,3
"W00007639",0,0,0
"W00007640",5,1,4
"W00007641",3,1,2
"W00007642",2,0,2
"W00007643",3,2,1
"W00007644",3,2,1
"W00007645",3,1,2
"W00007646",4,1,3
"W00007647",2,1,1
"W00007648",0,0,0
"W00007649",2,0,2
"W00007650",0,0,0
"W00007651",0,0,0
"W00007652",1,1,0
"W00007653",5,1,4
"W00007654",0,0,0
"W00007655",0,0,0
"W00007656",6,3,3
"W00007657",0,0,0
"W00007658",2,2,0
"W00007659",0,0,0
"W00007660",1,0,1
"W00007661",5,4,1
"W00007662",3,2,1
"W00007663",3,2,1
"W00007664",1,1,0
"W00007665",1,0,1
"W00007666",0,0,0
"W00007667",1,1,0
"W00007668",3,2,1
"W00007669",6,1,5
"W00007670",0,0,0
"W00007672",4,2,2
"W00007673",3,1,2
"W00007674",0,0,0
"W00007675",0,0,0
"W00007676",0,0,0
"W00007677",5,1,4
"W00007678",0,0,0
"W00007679",9,4,5
"W00007680",0,0,0
"W00007681",0,0,0
"W00007682",3,2,1
"W00007683",1,0,1
"W00007684",0,0,0
"W00007685",1,0,1
"W00007686",4,2,2
"W00007687",0,0,0
"W00007688",3,2,1
"W00007689",1,1,0
"W00007690",2,1,1
"W00007691",2,2,0
"W00007692",1,0,1
"W00007693",8,0,8
"W00007694",2,0,2
"W00007695",0,0,0
"W00007696",0,0,0
"W00007697",2,1,1
"W00007698",0,0,0
"W00007699",0,0,0
"W00007700",4,2,2
"W00007701",1,0,1
"W00007702",0,0,0
"W00007703",3,2,1
"W00007704",4,3,1
"W00007705",2,0,2
"W00007706",10,3,7
"W00007707",0,0,0
"W00007708",1,0,1
"W00007709",2,1,1
"W00007710",0,0,0
"W00007711",2,1,1
"W00007712",3,1,2
"W00007713",0,0,0
"W00007714",2,0,2
"W00007715",0,0,0
"W00007716",1,0,1
"W00007717",3,3,0
"W00007718",4,1,3
"W00007719",0,0,0
"W00007720",1,1,0
"W00007721",0,0,0
"W00007722",5,2,3
"W00007723",1,1,0
"W00007724",1,0,1
"W00007725",1,0,1
"W00007726",0,0,0
"W00007727",1,1,0
"W00007728",4,2,2
"W00007729",0,0,0
"W00007730",0,0,0
"W00007731",7,3,4
"W00007732",0,0,0
"W00007733",1,1,0
"W00007734",2,2,0
"W00007735",3,0,3
"W00007736",3,2,1
"W00007737",1,1,0
"W00007738",1,0,1
"W00007739",2,0,2
"W00007740",1,0,1
"W00007741",2,2,0
"W00007742",4,1,3
"W00007743",5,2,3
"W00007744",2,2,0
"W00007745",0,0,0
"W00007746",4,2,2
"W00007747",3,1,2
"W00007748",0,0,0
"W00007749",0,0,0
"W00007750",0,0,0
"W00007751",2,1,1
"W00007752",3,2,1
"W00007753",6,0,6
"W00007754",0,0,0
"W00007755",0,0,0
"W00007756",4,3,1
"W00007757",5,2,3
"W00007758",1,0,1
"W00007759",0,0,0
"W00007760",0,0,0
"W00007761",2,1,1
"W00007762",2,2,0
"W00007763",5,1,4
"W00007764",1,1,0
"W00007765",1,0,1
"W00007766",0,0,0
"W00007767",3,1,2
"W00007768",0,0,0
"W00007769",0,0,0
"W00007770",4,2,2
"W00007771",2,0,2
"W00007772",2,2,0
"W00007773",1,0,1
"W00007774",1,1,0
"W00007775",0,0,0
"W00007776",1,0,1
"W00007777",1,1,0
"W00007778",3,3,0
"W00007779",2,1,1
"W00007780",1,1,0
"W00007781",1,0,1
"W00007782",1,1,0
"W00007783",2,0,2
"W00007784",2,1,1
"W00007785",1,1,0
"W00007786",1,0,1
"W00007787",7,3,4
"W00007788",0,0,0
"W00007789",0,0,0
"W00007790",2,1,1
"W00007791",1,1,0
"W00007792",8,4,4
"W00007793",3,1,2
"W00007794",1,0,1
"W00007795",3,1,2
"W00007796",5,2,3
"W00007797",9,5,4
"W00007798",7,3,4
"W00007799",12,8,4
"W00007800",0,0,0
"W00007801",3,2,1
"W00007802",0,0,0
"W00007803",2,0,2
"W00007804",4,2,2
"W00007805",3,3,0
"W00007806",4,2,2
"W00007807",2,2,0
"W00007808",2,1,1
"W00007809",1,1,0
"W00007810",1,0,1
"W00007811",6,3,3
"W00007812",4,3,1
"W00007813",0,0,0
"W00007814",7,2,5
"W00007815",6,1,5
"W00007816",1,0,1
"W00007817",2,2,0
"W00007818",0,0,0
"W00007819",3,1,2
"W00007820",2,0,2
"W00007821",0,0,0
"W00007822",3,3,0
"W00007823",11,5,6
"W00007824",2,1,1
"W00007825",1,0,1
"W00007826",3,2,1
"W00007827",1,1,0
"W00007828",4,1,3
"W00007829",2,1,1
"W00007830",3,3,0
"W00007831",0,0,0
"W00007832",5,5,0
"W00007833",1,0,1
"W00007834",3,3,0
"W00007835",3,0,3
"W00007836",12,6,6
"W00007837",2,0,2
"W00007838",2,0,2
"W00007839",11,5,6
"W00007840",1,1,0
"W00007841",0,0,0
"W00007842",3,0,3
"W00007843",1,0,1
"W00007844",5,3,2
"W00007845",7,5,2
"W00007846",0,0,0
"W00007847",2,2,0
"W00007848",1,1,0
"W00007849",3,1,2
"W00007850",0,0,0
"W00007851",1,1,0
"W00007852",0,0,0
"W00007853",0,0,0
"W00007854",2,0,2
"W00007855",3,1,2
"W00007856",0,0,0
"W00007857",6,0,6
"W00007858",9,2,7
"W00007859",1,1,0
"W00007860",0,0,0
"W00007861",3,2,1
"W00007862",4,2,2
"W00007863",1,0,1
"W00007864",2,1,1
"W00007865",1,0,1
"W00007866",1,1,0
"W00007867",7,2,5
"W00007868",3,2,1
"W00007869",2,1,1
"W00007870",1,0,1
"W00007871",2,0,2
"W00007872",7,5,2
"W00007873",4,3,1
"W00007874",3,3,0
"W00007875",1,1,0
"W00007876",5,1,4
"W00007877",9,4,5
"W00007878",3,2,1
"W00007879",28,15,13
"W00007880",1,1,0
"W00007881",0,0,0
"W00007882",8,5,3
"W00007883",5,4,1
"W00007884",1,1,0
"W00007885",1,1,0
"W00007886",6,3,3
"W00007887",3,1,2
"W00007888",2,2,0
"W00007889",3,3,0
"W00007890",1,0,1
"W00007891",3,1,2
"W00007892",3,3,0
"W00007893",1,0,1
"W00007894",1,1,0
"W00007895",3,2,1
"W00007896",1,1,0
"W00007897",4,1,3
"W00007898",5,1,4
"W00007899",0,0,0
"W00007900",8,3,5
"W00007901",2,1,1
"W00007902",0,0,0
"W00007903",5,2,3
"W00007904",3,2,1
"W00007905",2,1,1
"W00007906",2,0,2
"W00007907",3,1,2
"W00007908",4,1,3
"W00007909",5,4,1
"W00007910",2,0,2
"W00007911",3,3,0
"W00007912",4,1,3
"W00007913",3,2,1
"W00007914",1,1,0
"W00007915",3,1,2
"W00007916",3,2,1
"W00007918",0,0,0
"W00007919",4,4,0
"W00007920",4,1,3
"W00007921",1,1,0
"W00007922",3,1,2
"W00007923",3,2,1
"W00007924",5,1,4
"W00007925",1,1,0
"W00007926",4,3,1
"W00007927",7,5,2
"W00007928",0,0,0
"W00007929",2,1,1
"W00007930",2,1,1
"W00007931",1,1,0
"W00007932",2,1,1
"W00007933",3,2,1
"W00007934",4,3,1
"W00007935",3,0,3
"W00007936",3,1,2
"W00007937",1,1,0
"W00007938",4,3,1
"W00007939",4,2,2
"W00007940",2,1,1
"W00007941",6,4,2
"W00007942",3,0,3
"W00007943",4,1,3
"W00007944",2,1,1
"W00007945",1,1,0
"W00007946",1,0,1
"W00007947",2,1,1
"W00007948",4,0,4
"W00007949",1,1,0
"W00007950",2,2,0
"W00007951",2,0,2
"W00007952",2,1,1
"W00007953",0,0,0
"W00007954",3,2,1
"W00007955",0,0,0
"W00007956",5,3,2
"W00007957",0,0,0
"W00007958",2,0,2
"W00007959",1,1,0
"W00007960",1,1,0
"W00007961",0,0,0
"W00007962",2,2,0
"W00007963",2,1,1
"W00007964",0,0,0
"W00007965",3,1,2
"W00007966",2,0,2
"W00007967",3,1,2
"W00007968",0,0,0
"W00007969",0,0,0
"W00007970",0,0,0
"W00007971",1,0,1
"W00007972",1,1,0
"W00007973",0,0,0
"W00007974",1,1,0
"W00007975",2,1,1
"W00007976",0,0,0
"W00007977",0,0,0
"W00007978",0,0,0
"W00007979",3,1,2
"W00007980",3,2,1
"W00007981",0,0,0
"W00007982",1,1,0
"W00007983",6,2,4
"W00007984",1,1,0
"W00007985",3,1,2
"W00007986",1,0,1
"W00007987",1,0,1
"W00007988",1,1,0
"W00007989",1,1,0
"W00007990",1,0,1
"W00007991",0,0,0
"W00007992",1,0,1
"W00007993",5,3,2
"W00007994",2,2,0
"W00007995",1,1,0
"W00007996",2,1,1
"W00007997",0,0,0
"W00007998",3,1,2
"W00007999",5,4,1
"W00008000",0,0,0
"W00008001",0,0,0
"W00008002",0,0,0
"W00008003",2,1,1
"W00008004",3,1,2
"W00008005",5,4,1
"W00008006",1,0,1
"W00008007",3,3,0
"W00008008",1,0,1
"W00008009",4,3,1
"W00008011",5,2,3
"W00008012",11,4,7
"W00008013",10,3,7
"W00008014",0,0,0
"W00008015",2,1,1
"W00008016",6,2,4
"W00008017",3,3,0
"W00008018",3,1,2
"W00008019",5,4,1
"W00008020",2,0,2
"W00008021",4,2,2
"W00008022",3,1,2
"W00008023",1,1,0
"W00008024",0,0,0
"W00008025",2,1,1
"W00008026",0,0,0
"W00008027",0,0,0
"W00008028",3,1,2
"W00008029",3,1,2
"W00008030",2,2,0
"W00008031",2,2,0
"W00008032",4,3,1
"W00008033",2,1,1
"W00008034",0,0,0
"W00008035",7,5,2
"W00008036",4,2,2
"W00008037",1,0,1
"W00008038",0,0,0
"W00008039",1,1,0
"W00008040",3,1,2
"W00008041",5,2,3
"W00008042",1,1,0
"W00008043",1,1,0
"W00008044",12,7,5
"W00008045",7,3,4
"W00008046",6,5,1
"W00008047",11,4,7
"W00008048",3,2,1
"W00008049",11,4,7
"W00008050",2,2,0
"W00008051",4,2,2
"W00008052",9,5,4
"W00008053",1,1,0
"W00008054",11,6,5
"W00008055",4,2,2
"W00008056",3,1,2
"W00008057",10,6,4
"W00008058",1,1,0
"W00008059",1,0,1
"W00008060",5,2,3
"W00008061",5,3,2
"W00008062",4,2,2
"W00008063",10,5,5
"W00008064",6,4,2
"W00008065",7,3,4
"W00008066",1,1,0
"W00008067",11,7,4
"W00008068",4,1,3
"W00008069",7,1,6
"W00008070",3,0,3
"W00008071",0,0,0
"W00008072",0,0,0
"W00008073",4,1,3
"W00008074",2,0,2
"W00008075",0,0,0
"W00008076",1,1,0
"W00008077",7,3,4
"W00008078",3,1,2
"W00008079",16,6,10
"W00008080",12,6,6
"W00008081",6,4,2
"W00008082",7,4,3
"W00008083",15,8,7
"W00008084",15,4,11
"W00008085",1,1,0
"W00008086",3,2,1
"W00008087",0,0,0
"W00008088",0,0,0
"W00008089",4,3,1
"W00008090",11,6,5
"W00008091",16,5,11
"W00008092",12,6,6
"W00008093",7,4,3
"W00008094",16,11,5
"W00008096",21,7,14
"W00008097",12,8,4
"W00008099",4,2,2
"W00008100",4,0,4
"W00008101",14,12,2
"W00008102",5,1,4
"W00008103",5,1,4
"W00008104",6,5,1
"W00008105",2,1,1
"W00008106",4,2,2
"W00008107",8,3,5
"W00008108",5,3,2
"W00008109",3,2,1
"W00008110",6,3,3
"W00008111",3,3,0
"W00008112",0,0,0
"W00008113",2,1,1
"W00008114",4,1,3
"W00008115",3,1,2
"W00008116",1,1,0
"W00008117",4,0,4
"W00008118",9,6,3
"W00008119",0,0,0
"W00008120",3,1,2
"W00008121",1,0,1
"W00008122",4,2,2
"W00008123",0,0,0
"W00008124",3,1,2
"W00008125",1,0,1
"W00008126",4,3,1
"W00008127",4,1,3
"W00008128",4,1,3
"W00008129",4,4,0
"W00008130",7,6,1
"W00008131",9,5,4
"W00008132",3,3,0
"W00008133",14,5,9
"W00008134",13,7,6
"W00008135",8,5,3
"W00008136",7,4,3
"W00008137",11,4,7
"W00008138",3,1,2
"W00008139",6,2,4
"W00008140",4,1,3
"W00008141",5,3,2
"W00008142",3,1,2
"W00008143",14,8,6
"W00008144",7,2,5
"W00008145",2,1,1
"W00008146",0,0,0
"W00008147",4,1,3
"W00008148",8,6,2
"W00008149",4,2,2
"W00008150",6,2,4
"W00008151",3,1,2
"W00008152",0,0,0
"W00008153",3,2,1
"W00008154",3,1,2
"W00008155",7,3,4
"W00008157",11,6,5
"W00008159",24,11,13
"W00008160",12,5,7
"W00008161",7,3,4
"W00008162",11,8,3
"W00008163",7,3,4
"W00008164",4,2,2
"W00008165",9,3,6
"W00008166",9,4,5
"W00008167",8,2,6
"W00008168",9,3,6
"W00008169",9,5,4
"W00008170",14,6,8
"W00008171",7,3,4
"W00008172",3,2,1
"W00008173",5,3,2
"W00008174",6,2,4
"W00008175",0,0,0
"W00008176",6,2,4
"W00008177",3,1,2
"W00008178",6,2,4
"W00008179",7,5,2
"W00008180",2,2,0
"W00008181",3,2,1
"W00008182",7,5,2
"W00008183",3,1,2
"W00008184",1,0,1
"W00008185",6,2,4
"W00008186",9,4,5
"W00008187",4,1,3
"W00008188",2,1,1
"W00008189",7,3,4
"W00008190",4,1,3
"W00008191",8,4,4
"W00008192",7,5,2
"W00008193",3,1,2
"W00008194",8,2,6
"W00008195",2,0,2
"W00008196",5,2,3
"W00008197",9,3,6
"W00008198",2,1,1
"W00008199",2,0,2
"W00008200",1,1,0
"W00008201",9,4,5
"W00008202",10,4,6
"W00008203",3,2,1
"W00008204",1,1,0
"W00008205",0,0,0
"W00008206",6,4,2
"W00008207",5,1,4
"W00008208",5,3,2
"W00008209",0,0,0
"W00008210",2,2,0
"W00008211",1,1,0
"W00008212",8,3,5
"W00008213",8,4,4
"W00008214",6,2,4
"W00008215",11,7,4
"W00008216",8,2,6
"W00008217",1,0,1
"W00008218",2,0,2
"W00008219",1,1,0
"W00008220",1,1,0
"W00008222",8,4,4
"W00008223",3,1,2
"W00008224",13,5,8
"W00008225",6,5,1
"W00008226",0,0,0
"W00008227",4,2,2
"W00008228",3,1,2
"W00008229",3,2,1
"W00008230",3,0,3
"W00008231",2,2,0
"W00008232",10,8,2
"W00008233",5,3,2
"W00008234",20,8,12
"W00008235",0,0,0
"W00008236",8,3,5
"W00008237",5,2,3
"W00008238",2,1,1
"W00008239",4,4,0
"W00008240",2,0,2
"W00008241",6,2,4
"W00008242",16,6,10
"W00008243",9,4,5
"W00008244",5,1,4
"W00008245",11,6,5
"W00008246",3,1,2
"W00008247",5,3,2
"W00008248",6,4,2
"W00008249",6,5,1
"W00008250",0,0,0
"W00008251",9,5,4
"W00008252",13,8,5
"W00008253",5,3,2
"W00008254",7,1,6
"W00008255",2,0,2
"W00008256",4,3,1
"W00008257",17,9,8
"W00008258",5,1,4
"W00008260",0,0,0
"W00008261",6,4,2
"W00008262",4,2,2
"W00008263",6,4,2
"W00008264",3,3,0
"W00008265",0,0,0
"W00008266",0,0,0
"W00008267",5,3,2
"W00008268",2,2,0
"W00008269",4,2,2
"W00008270",3,2,1
"W00008271",5,2,3
"W00008272",1,0,1
"W00008273",0,0,0
"W00008274",2,2,0
"W00008275",7,1,6
"W00008276",2,1,1
"W00008277",3,1,2
"W00008278",15,10,5
"W00008279",22,9,13
"W00008280",12,5,7
"W00008281",11,5,6
"W00008282",9,2,7
"W00008283",9,4,5
"W00008284",8,4,4
"W00008285",6,1,5
"W00008286",1,1,0
"W00008287",11,5,6
"W00008288",6,4,2
"W00008289",2,2,0
"W00008290",0,0,0
"W00008291",2,0,2
"W00008292",3,0,3
"W00008293",6,3,3
"W00008294",2,0,2
"W00008295",5,4,1
"W00008296",3,3,0
"W00008297",3,2,1
"W00008298",1,0,1
"W00008299",9,7,2
"W00008300",11,6,5
"W00008301",9,3,6
"W00008302",9,5,4
"W00008303",15,8,7
"W00008304",6,3,3
"W00008305",13,5,8
"W00008306",12,8,4
"W00008307",3,1,2
"W00008308",12,6,6
"W00008309",5,1,4
"W00008311",2,1,1
"W00008313",10,5,5
"W00008314",3,2,1
"W00008315",0,0,0
"W00008316",4,1,3
"W00008317",0,0,0
"W00008318",4,1,3
"W00008319",3,1,2
"W00008320",1,1,0
"W00008321",2,2,0
"W00008322",6,3,3
"W00008323",5,4,1
"W00008324",1,0,1
"W00008325",8,5,3
"W00008326",2,1,1
"W00008327",5,4,1
"W00008328",2,2,0
"W00008329",1,0,1
"W00008330",0,0,0
"W00008331",1,0,1
"W00008332",11,3,8
"W00008333",9,6,3
"W00008334",0,0,0
"W00008335",4,1,3
"W00008336",11,5,6
"W00008337",12,11,1
"W00008338",3,2,1
"W00008339",2,2,0
"W00008340",2,0,2
"W00008341",2,0,2
"W00008342",7,2,5
"W00008343",8,6,2
"W00008344",5,3,2
"W00008345",3,0,3
"W00008346",5,2,3
"W00008347",3,1,2
"W00008348",4,2,2
"W00008349",7,3,4
"W00008350",6,3,3
"W00008351",6,2,4
"W00008352",9,6,3
"W00008353",2,0,2
"W00008354",5,3,2
"W00008355",4,3,1
"W00008356",10,5,5
"W00008357",4,3,1
"W00008358",2,0,2
"W00008359",1,0,1
"W00008360",3,1,2
"W00008361",1,0,1
"W00008362",7,4,3
"W00008363",1,0,1
"W00008364",4,2,2
"W00008365",0,0,0
"W00008366",0,0,0
"W00008367",2,1,1
"W00008368",2,0,2
"W00008369",1,0,1
"W00008370",4,0,4
"W00008371",4,1,3
"W00008372",1,1,0
"W00008373",0,0,0
"W00008374",8,5,3
"W00008375",1,0,1
"W00008376",1,1,0
"W00008377",0,0,0
"W00008378",2,1,1
"W00008379",5,2,3
"W00008380",4,2,2
"W00008381",5,2,3
"W00008382",2,1,1
"W00008383",1,0,1
"W00008384",4,1,3
"W00008385",0,0,0
"W00008386",5,1,4
"W00008387",1,0,1
"W00008388",2,1,1
"W00008389",1,1,0
"W00008390",0,0,0
"W00008391",5,2,3
"W00008392",0,0,0
"W00008393",1,1,0
"W00008394",3,0,3
"W00008395",8,3,5
"W00008396",2,2,0
"W00008397",2,1,1
"W00008398",4,0,4
"W00008399",1,0,1
"W00008400",1,1,0
"W00008401",0,0,0
"W00008402",3,0,3
"W00008403",0,0,0
"W00008404",1,0,1
"W00008405",2,2,0
"W00008406",4,2,2
"W00008407",4,2,2
"W00008408",0,0,0
"W00008409",0,0,0
"W00008410",0,0,0
"W00008411",1,0,1
"W00008412",1,0,1
"W00008413",0,0,0
"W00008414",1,0,1
"W00008415",0,0,0
"W00008416",1,0,1
"W00008417",0,0,0
"W00008418",3,3,0
"W00008419",2,1,1
"W00008420",0,0,0
"W00008421",0,0,0
"W00008422",2,1,1
"W00008423",1,0,1
"W00008424",0,0,0
"W00008425",1,1,0
"W00008426",0,0,0
"W00008427",0,0,0
"W00008428",2,1,1
"W00008429",1,0,1
"W00008430",0,0,0
"W00008431",0,0,0
"W00008432",1,1,0
"W00008433",4,1,3
"W00008434",2,0,2
"W00008435",3,2,1
"W00008436",8,7,1
"W00008437",10,5,5
"W00008438",0,0,0
"W00008439",17,10,7
"W00008440",6,3,3
"W00008441",13,6,7
"W00008442",3,3,0
"W00008443",11,3,8
"W00008444",13,6,7
"W00008445",7,3,4
"W00008446",5,4,1
"W00008447",6,3,3
"W00008448",1,1,0
"W00008449",6,3,3
"W00008450",2,1,1
"W00008451",4,2,2
"W00008452",2,0,2
"W00008453",2,1,1
"W00008454",6,1,5
"W00008455",12,9,3
"W00008456",10,3,7
"W00008457",10,3,7
"W00008458",1,0,1
"W00008459",9,4,5
"W00008460",6,3,3
"W00008461",4,3,1
"W00008462",9,3,6
"W00008463",3,2,1
"W00008464",0,0,0
"W00008465",6,5,1
"W00008466",4,2,2
"W00008467",1,1,0
"W00008468",0,0,0
"W00008469",0,0,0
"W00008470",2,0,2
"W00008471",0,0,0
"W00008472",2,1,1
"W00008473",2,2,0
"W00008474",2,1,1
"W00008475",0,0,0
"W00008476",1,1,0
"W00008477",0,0,0
"W00008478",1,1,0
"W00008479",0,0,0
"W00008480",1,0,1
"W00008481",4,2,2
"W00008482",4,1,3
"W00008483",1,1,0
"W00008484",0,0,0
"W00008485",1,1,0
"W00008486",2,1,1
"W00008487",3,1,2
"W00008488",5,4,1
"W00008489",1,1,0
"W00008490",2,1,1
"W00008491",1,0,1
"W00008492",0,0,0
"W00008493",4,4,0
"W00008494",2,0,2
"W00008495",11,7,4
"W00008496",8,2,6
"W00008497",10,3,7
"W00008499",13,7,6
"W00008500",5,0,5
"W00008501",3,1,2
"W00008502",5,3,2
"W00008503",1,1,0
"W00008504",5,2,3
"W00008505",9,4,5
"W00008506",5,1,4
"W00008507",3,0,3
"W00008508",5,2,3
"W00008509",8,3,5
"W00008510",3,1,2
"W00008511",4,1,3
"W00008512",13,10,3
"W00008513",1,1,0
"W00008514",11,10,1
"W00008515",11,6,5
"W00008516",6,3,3
"W00008517",4,1,3
"W00008518",10,3,7
"W00008519",4,2,2
"W00008520",6,3,3
"W00008521",9,5,4
"W00008522",2,0,2
"W00008523",5,3,2
"W00008524",0,0,0
"W00008525",2,1,1
"W00008526",5,1,4
"W00008527",2,2,0
"W00008529",2,1,1
"W00008530",1,1,0
"W00008531",3,3,0
"W00008532",1,0,1
"W00008534",0,0,0
"W00008535",3,1,2
"W00008536",1,0,1
"W00008537",4,0,4
"W00008538",5,2,3
"W00008539",2,1,1
"W00008540",0,0,0
"W00008541",1,0,1
"W00008542",6,3,3
"W00008543",5,1,4
"W00008544",0,0,0
"W00008545",1,0,1
"W00008546",0,0,0
"W00008547",2,0,2
"W00008548",4,2,2
"W00008549",1,0,1
"W00008550",5,3,2
"W00008551",0,0,0
"W00008552",0,0,0
"W00008553",0,0,0
"W00008554",0,0,0
"W00008555",4,4,0
"W00008556",3,2,1
"W00008557",0,0,0
"W00008558",2,1,1
"W00008559",5,3,2
"W00008560",3,1,2
"W00008561",0,0,0
"W00008562",1,1,0
"W00008563",2,2,0
"W00008564",1,0,1
"W00008565",2,2,0
"W00008566",0,0,0
"W00008567",5,2,3
"W00008568",1,0,1
"W00008569",5,4,1
"W00008570",1,0,1
"W00008571",1,1,0
"W00008572",0,0,0
"W00008573",0,0,0
"W00008574",0,0,0
"W00008575",2,0,2
"W00008576",2,1,1
"W00008577",10,4,6
"W00008578",3,3,0
"W00008579",1,0,1
"W00008580",1,0,1
"W00008581",2,0,2
"W00008582",0,0,0
"W00008583",6,2,4
"W00008584",0,0,0
"W00008585",10,4,6
"W00008586",6,1,5
"W00008587",3,2,1
"W00008588",7,3,4
"W00008589",1,0,1
"W00008590",1,0,1
"W00008591",0,0,0
"W00008592",4,1,3
"W00008593",4,1,3
"W00008594",0,0,0
"W00008595",1,1,0
"W00008599",10,7,3
"W00008600",11,6,5
"W00008601",5,3,2
"W00008602",6,3,3
"W00008603",7,2,5
"W00008604",5,1,4
"W00008605",10,8,2
"W00008606",4,1,3
"W00008607",12,7,5
"W00008608",0,0,0
"W00008609",10,4,6
"W00008610",1,1,0
"W00008611",2,1,1
"W00008612",3,0,3
"W00008613",6,2,4
"W00008614",2,1,1
"W00008615",7,6,1
"W00008616",0,0,0
"W00008618",0,0,0
"W00008619",2,2,0
"W00008620",8,5,3
"W00008621",0,0,0
"W00008622",6,3,3
"W00008623",2,0,2
"W00008624",6,4,2
"W00008626",2,0,2
"W00008627",1,0,1
"W00008628",1,1,0
"W00008629",2,1,1
"W00008630",2,1,1
"W00008631",1,0,1
"W00008632",0,0,0
"W00008633",0,0,0
"W00008634",1,0,1
"W00008635",4,1,3
"W00008636",4,3,1
"W00008637",0,0,0
"W00008638",1,0,1
"W00008639",1,0,1
"W00008640",2,0,2
"W00008641",1,1,0
"W00008642",4,0,4
"W00008643",2,2,0
"W00008644",1,0,1
"W00008645",1,0,1
"W00008646",2,0,2
"W00008647",1,0,1
"W00008648",0,0,0
"W00008649",0,0,0
"W00008650",4,2,2
"W00008651",1,1,0
"W00008652",0,0,0
"W00008653",0,0,0
"W00008654",5,2,3
"W00008655",3,1,2
"W00008656",12,3,9
"W00008657",1,1,0
"W00008658",14,7,7
"W00008659",5,4,1
"W00008660",3,1,2
"W00008661",0,0,0
"W00008662",6,3,3
"W00008663",1,1,0
"W00008665",3,1,2
"W00008666",4,1,3
"W00008667",7,3,4
"W00008668",4,1,3
"W00008669",5,3,2
"W00008670",1,1,0
"W00008671",2,1,1
"W00008672",0,0,0
"W00008673",6,0,6
"W00008674",8,6,2
"W00008675",7,2,5
"W00008676",8,6,2
"W00008678",14,14,0
"W00008679",9,6,3
"W00008680",13,8,5
"W00008681",8,5,3
"W00008682",1,1,0
"W00008683",1,0,1
"W00008684",1,0,1
"W00008685",2,1,1
"W00008686",7,3,4
"W00008687",11,5,6
"W00008688",7,5,2
"W00008689",6,3,3
"W00008690",2,1,1
"W00008691",2,2,0
"W00008692",1,1,0
"W00008693",0,0,0
"W00008694",1,1,0
"W00008695",4,2,2
"W00008696",3,2,1
"W00008697",5,2,3
"W00008698",6,3,3
"W00008699",1,1,0
"W00008700",2,0,2
"W00008701",5,4,1
"W00008702",3,3,0
"W00008703",2,2,0
"W00008704",3,2,1
"W00008705",2,1,1
"W00008706",0,0,0
"W00008707",3,3,0
"W00008708",1,1,0
"W00008709",1,0,1
"W00008710",0,0,0
"W00008711",5,3,2
"W00008712",5,2,3
"W00008713",3,1,2
"W00008714",1,0,1
"W00008715",0,0,0
"W00008716",3,1,2
"W00008717",1,0,1
"W00008718",5,3,2
"W00008719",0,0,0
"W00008720",2,1,1
"W00008721",2,2,0
"W00008722",0,0,0
"W00008723",0,0,0
"W00008724",4,1,3
"W00008725",0,0,0
"W00008726",2,1,1
"W00008727",4,4,0
"W00008728",2,1,1
"W00008729",3,0,3
"W00008730",0,0,0
"W00008731",3,2,1
"W00008732",2,1,1
"W00008733",1,1,0
"W00008734",4,2,2
"W00008735",0,0,0
"W00008736",2,0,2
"W00008737",7,3,4
"W00008738",3,2,1
"W00008739",2,1,1
"W00008740",1,1,0
"W00008741",3,1,2
"W00008742",4,1,3
"W00008743",1,0,1
"W00008744",7,3,4
"W00008745",1,0,1
"W00008746",5,4,1
"W00008747",3,2,1
"W00008749",4,2,2
"W00008750",0,0,0
"W00008751",0,0,0
"W00008752",0,0,0
"W00008753",1,1,0
"W00008755",0,0,0
"W00008757",1,0,1
"W00008758",1,0,1
"W00008759",1,1,0
"W00008760",1,0,1
"W00008761",3,2,1
"W00008762",2,1,1
"W00008763",2,1,1
"W00008764",1,1,0
"W00008765",4,3,1
"W00008766",3,0,3
"W00008767",6,4,2
"W00008768",0,0,0
"W00008769",3,2,1
"W00008770",0,0,0
"W00008771",1,0,1
"W00008773",3,2,1
"W00008774",2,1,1
"W00008775",0,0,0
"W00008776",2,1,1
"W00008777",1,1,0
"W00008778",0,0,0
"W00008779",0,0,0
"W00008780",0,0,0
"W00008781",20,15,5
"W00008782",1,1,0
"W00008784",3,2,1
"W00008785",3,3,0
"W00008786",0,0,0
"W00008788",1,1,0
"W00008789",2,2,0
"W00008790",0,0,0
"W00008791",2,2,0
"W00008792",0,0,0
"W00008793",1,0,1
"W00008794",0,0,0
"W00008795",4,2,2
"W00008797",5,2,3
"W00008798",6,3,3
"W00008799",1,1,0
"W00008800",1,1,0
"W00008801",0,0,0
"W00008803",4,0,4
"W00008804",4,1,3
"W00008807",0,0,0
"W00008808",0,0,0
"W00008809",1,1,0
"W00008811",1,1,0
"W00008813",1,1,0
"W00008814",2,0,2
"W00008816",2,2,0
"W00008817",0,0,0
"W00008818",2,2,0
"W00008819",1,1,0
"W00008820",0,0,0
"W00008821",5,2,3
"W00008822",3,0,3
"W00008823",0,0,0
"W00008824",1,0,1
"W00008825",1,0,1
"W00008826",0,0,0
"W00008827",1,0,1
"W00008828",4,4,0
"W00008829",1,0,1
"W00008830",0,0,0
"W00008831",0,0,0
"W00008832",2,0,2
"W00008833",1,0,1
"W00008834",1,0,1
"W00008835",2,2,0
"W00008836",3,2,1
"W00008837",0,0,0
"W00008838",0,0,0
"W00008839",1,0,1
"W00008840",0,0,0
"W00008841",1,1,0
"W00008842",1,0,1
"W00008843",0,0,0
"W00008844",3,2,1
"W00008845",0,0,0
"W00008846",1,1,0
"W00008847",0,0,0
"W00008848",0,0,0
"W00008849",1,1,0
"W00008850",2,2,0
"W00008851",0,0,0
"W00008852",0,0,0
"W00008853",4,2,2
"W00008854",4,2,2
"W00008855",5,4,1
"W00008856",10,5,5
"W00008857",12,10,2
"W00008858",2,1,1
"W00008859",5,4,1
"W00008860",0,0,0
"W00008861",3,1,2
"W00008862",2,1,1
"W00008863",1,0,1
"W00008864",6,1,5
"W00008865",0,0,0
"W00008866",1,0,1
"W00008867",1,1,0
"W00008868",2,1,1
"W00008869",0,0,0
"W00008870",2,1,1
"W00008871",3,3,0
"W00008872",8,3,5
"W00008873",1,1,0
"W00008874",2,1,1
"W00008875",1,0,1
"W00008877",2,0,2
"W00008878",0,0,0
"W00008879",1,0,1
"W00008880",3,2,1
"W00008881",3,3,0
"W00008882",1,1,0
"W00008883",2,0,2
"W00008884",1,1,0
"W00008885",1,1,0
"W00008886",8,4,4
"W00008887",7,2,5
"W00008888",1,0,1
"W00008889",3,1,2
"W00008890",6,4,2
"W00008891",3,2,1
"W00008892",6,4,2
"W00008893",9,5,4
"W00008894",5,1,4
"W00008895",5,2,3
"W00008896",1,1,0
"W00008897",1,0,1
"W00008899",3,3,0
"W00008900",7,3,4
"W00008901",3,2,1
"W00008902",1,0,1
"W00008903",5,0,5
"W00008904",0,0,0
"W00008906",0,0,0
"W00008907",8,4,4
"W00008909",4,3,1
"W00008910",4,2,2
"W00008911",1,0,1
"W00008912",13,7,6
"W00008913",5,2,3
"W00008915",1,0,1
"W00008916",1,0,1
"W00008918",2,1,1
"W00008919",1,1,0
"W00008920",4,3,1
"W00008921",0,0,0
"W00008922",1,0,1
"W00008923",1,1,0
"W00008924",4,1,3
"W00008925",7,3,4
"W00008926",1,1,0
"W00008927",1,0,1
"W00008929",1,0,1
"W00008930",0,0,0
"W00008931",2,2,0
"W00008932",0,0,0
"W00008933",5,4,1
"W00008934",13,8,5
"W00008935",9,6,3
"W00008936",14,6,8
"W00008937",6,5,1
"W00008938",15,8,7
"W00008939",6,4,2
"W00008940",11,9,2
"W00008941",4,4,0
"W00008942",11,4,7
"W00008943",11,4,7
"W00008945",2,1,1
"W00008946",3,1,2
"W00008947",7,3,4
"W00008948",5,1,4
"W00008949",10,5,5
"W00008950",9,4,5
"W00008951",10,7,3
"W00008952",7,2,5
"W00008953",11,6,5
"W00008954",9,4,5
"W00008955",9,6,3
"W00008956",9,5,4
"W00008957",9,3,6
"W00008958",11,2,9
"W00008959",3,2,1
"W00008960",8,4,4
"W00008961",11,7,4
"W00008962",13,13,0
"W00008963",16,6,10
"W00008964",8,4,4
"W00008965",7,7,0
"W00008966",7,1,6
"W00008967",1,0,1
"W00008969",7,3,4
"W00008970",10,5,5
"W00008971",5,3,2
"W00008972",4,3,1
"W00008973",14,5,9
"W00008974",8,2,6
"W00008975",12,4,8
"W00008976",4,3,1
"W00008977",10,3,7
"W00008978",6,3,3
"W00008979",7,5,2
"W00008980",10,6,4
"W00008981",3,1,2
"W00008982",1,1,0
"W00008983",0,0,0
"W00008984",1,0,1
"W00008985",0,0,0
"W00008986",1,1,0
"W00008987",0,0,0
"W00008988",0,0,0
"W00008989",3,0,3
"W00008990",3,1,2
"W00008991",4,3,1
"W00008992",0,0,0
"W00008993",1,0,1
"W00008994",1,1,0
"W00008995",6,4,2
"W00008996",0,0,0
"W00008997",1,1,0
"W00008998",0,0,0
"W00008999",2,0,2
"W00009000",0,0,0
"W00009001",2,0,2
"W00009002",2,1,1
"W00009003",0,0,0
"W00009004",2,1,1
"W00009005",1,1,0
"W00009006",1,0,1
"W00009007",0,0,0
"W00009008",1,0,1
"W00009009",0,0,0
"W00009010",0,0,0
"W00009011",1,1,0
"W00009012",1,1,0
"W00009013",1,0,1
"W00009014",4,2,2
"W00009015",6,1,5
"W00009016",2,1,1
"W00009017",0,0,0
"W00009018",0,0,0
"W00009019",0,0,0
"W00009020",3,2,1
"W00009021",2,1,1
"W00009022",3,1,2
"W00009023",0,0,0
"W00009024",0,0,0
"W00009025",2,1,1
"W00009026",3,2,1
"W00009027",1,0,1
"W00009028",1,1,0
"W00009029",0,0,0
"W00009030",3,1,2
"W00009031",0,0,0
"W00009032",2,1,1
"W00009033",7,4,3
"W00009034",1,1,0
"W00009035",5,1,4
"W00009036",6,2,4
"W00009037",0,0,0
"W00009038",2,2,0
"W00009039",4,1,3
"W00009040",0,0,0
"W00009041",0,0,0
"W00009042",1,0,1
"W00009043",2,1,1
"W00009044",0,0,0
"W00009045",5,3,2
"W00009046",3,1,2
"W00009047",1,0,1
"W00009048",1,1,0
"W00009049",2,1,1
"W00009050",0,0,0
"W00009051",7,6,1
"W00009052",0,0,0
"W00009053",1,0,1
"W00009054",5,2,3
"W00009055",2,1,1
"W00009056",7,4,3
"W00009057",7,3,4
"W00009058",1,0,1
"W00009059",2,0,2
"W00009060",3,2,1
"W00009061",4,2,2
"W00009062",3,0,3
"W00009063",2,1,1
"W00009064",1,1,0
"W00009065",2,2,0
"W00009066",0,0,0
"W00009067",0,0,0
"W00009068",0,0,0
"W00009069",5,3,2
"W00009070",2,1,1
"W00009071",0,0,0
"W00009072",0,0,0
"W00009073",0,0,0
"W00009074",0,0,0
"W00009075",8,4,4
"W00009077",8,4,4
"W00009079",1,1,0
"W00009080",6,2,4
"W00009081",3,2,1
"W00009082",0,0,0
"W00009083",13,4,9
"W00009084",4,0,4
"W00009085",1,1,0
"W00009086",4,2,2
"W00009087",2,1,1
"W00009088",1,1,0
"W00009089",3,1,2
"W00009090",3,2,1
"W00009091",0,0,0
"W00009092",0,0,0
"W00009093",0,0,0
"W00009094",1,0,1
"W00009095",1,0,1
"W00009096",2,1,1
"W00009097",0,0,0
"W00009098",2,0,2
"W00009099",1,0,1
"W00009100",1,1,0
"W00009101",4,3,1
"W00009102",1,0,1
"W00009104",0,0,0
"W00009105",3,3,0
"W00009106",0,0,0
"W00009107",0,0,0
"W00009108",3,3,0
"W00009109",0,0,0
"W00009110",1,1,0
"W00009111",0,0,0
"W00009112",2,2,0
"W00009113",0,0,0
"W00009114",5,4,1
"W00009115",3,2,1
"W00009116",1,0,1
"W00009117",7,3,4
"W00009118",2,1,1
"W00009119",6,5,1
"W00009120",5,2,3
"W00009121",0,0,0
"W00009123",5,1,4
"W00009125",1,1,0
"W00009126",1,0,1
"W00009127",3,0,3
"W00009128",2,1,1
"W00009129",0,0,0
"W00009130",5,4,1
"W00009131",0,0,0
"W00009132",1,1,0
"W00009133",1,0,1
"W00009134",0,0,0
"W00009135",0,0,0
"W00009136",2,1,1
"W00009137",1,1,0
"W00009138",10,7,3
"W00009139",2,2,0
"W00009140",4,1,3
"W00009141",4,1,3
"W00009142",0,0,0
"W00009143",2,2,0
"W00009144",5,2,3
"W00009145",6,3,3
"W00009146",6,2,4
"W00009147",6,2,4
"W00009148",3,2,1
"W00009149",6,4,2
"W00009150",11,4,7
"W00009151",4,2,2
"W00009152",4,4,0
"W00009153",5,4,1
"W00009154",11,5,6
"W00009155",0,0,0
"W00009156",4,3,1
"W00009157",4,3,1
"W00009159",1,1,0
"W00009160",16,8,8
"W00009161",4,0,4
"W00009162",0,0,0
"W00009163",4,1,3
"W00009164",8,3,5
"W00009165",4,2,2
"W00009166",4,4,0
"W00009168",1,0,1
"W00009169",20,6,14
"W00009170",5,2,3
"W00009171",8,3,5
"W00009172",2,2,0
"W00009173",6,3,3
"W00009174",4,1,3
"W00009175",13,7,6
"W00009176",12,4,8
"W00009177",4,3,1
"W00009178",7,4,3
"W00009179",10,7,3
"W00009180",8,5,3
"W00009181",8,1,7
"W00009182",10,4,6
"W00009183",15,10,5
"W00009184",10,9,1
"W00009186",9,4,5
"W00009187",4,2,2
"W00009188",9,3,6
"W00009189",11,7,4
"W00009190",8,5,3
"W00009191",14,8,6
"W00009192",4,1,3
"W00009193",5,2,3
"W00009194",8,3,5
"W00009195",8,3,5
"W00009196",4,1,3
"W00009197",3,2,1
"W00009198",15,10,5
"W00009199",4,3,1
"W00009200",7,1,6
"W00009201",12,5,7
"W00009202",2,1,1
"W00009203",2,1,1
"W00009204",2,0,2
"W00009205",9,2,7
"W00009206",13,4,9
"W00009207",5,3,2
"W00009208",14,7,7
"W00009209",4,1,3
"W00009210",5,3,2
"W00009211",6,5,1
"W00009212",7,0,7
"W00009213",8,2,6
"W00009214",6,2,4
"W00009215",2,1,1
"W00009216",2,0,2
"W00009217",3,2,1
"W00009218",3,2,1
"W00009219",2,0,2
"W00009220",1,0,1
"W00009221",3,1,2
"W00009222",0,0,0
"W00009223",0,0,0
"W00009224",0,0,0
"W00009225",1,0,1
"W00009226",1,1,0
"W00009227",4,1,3
"W00009228",1,0,1
"W00009229",0,0,0
"W00009230",4,1,3
"W00009231",0,0,0
"W00009232",5,1,4
"W00009233",5,4,1
"W00009234",1,0,1
"W00009235",1,0,1
"W00009236",5,5,0
"W00009237",3,1,2
"W00009238",3,0,3
"W00009239",0,0,0
"W00009240",0,0,0
"W00009241",1,0,1
"W00009242",5,3,2
"W00009243",16,8,8
"W00009244",5,4,1
"W00009245",15,5,10
"W00009246",8,4,4
"W00009247",2,1,1
"W00009248",7,4,3
"W00009249",17,9,8
"W00009250",8,6,2
"W00009251",5,4,1
"W00009252",11,4,7
"W00009253",6,3,3
"W00009254",1,1,0
"W00009255",1,0,1
"W00009256",11,8,3
"W00009258",0,0,0
"W00009259",1,0,1
"W00009260",0,0,0
"W00009261",9,7,2
"W00009262",11,5,6
"W00009263",4,2,2
"W00009264",8,3,5
"W00009265",0,0,0
"W00009266",7,2,5
"W00009267",3,2,1
"W00009268",5,3,2
"W00009269",1,0,1
"W00009270",11,6,5
"W00009271",6,3,3
"W00009272",9,4,5
"W00009273",8,5,3
"W00009274",10,6,4
"W00009275",3,2,1
"W00009276",14,7,7
"W00009277",9,4,5
"W00009278",4,2,2
"W00009279",2,1,1
"W00009280",11,1,10
"W00009281",2,1,1
"W00009282",0,0,0
"W00009283",8,6,2
"W00009284",3,3,0
"W00009285",2,1,1
"W00009286",6,4,2
"W00009287",3,2,1
"W00009288",7,4,3
"W00009289",1,0,1
"W00009290",7,3,4
"W00009291",1,1,0
"W00009292",5,3,2
"W00009293",2,0,2
"W00009294",0,0,0
"W00009295",5,3,2
"W00009296",0,0,0
"W00009297",0,0,0
"W00009298",0,0,0
"W00009299",0,0,0
"W00009300",3,1,2
"W00009301",0,0,0
"W00009302",2,1,1
"W00009303",3,1,2
"W00009304",1,1,0
"W00009305",1,1,0
"W00009306",0,0,0
"W00009307",1,0,1
"W00009308",0,0,0
"W00009309",1,0,1
"W00009310",1,1,0
"W00009311",0,0,0
"W00009312",0,0,0
"W00009313",2,1,1
"W00009314",1,0,1
"W00009315",0,0,0
"W00009316",1,0,1
"W00009317",1,1,0
"W00009318",2,0,2
"W00009319",6,1,5
"W00009320",2,2,0
"W00009321",1,1,0
"W00009322",5,4,1
"W00009323",0,0,0
"W00009324",0,0,0
"W00009325",1,0,1
"W00009326",0,0,0
"W00009327",4,3,1
"W00009328",1,1,0
"W00009329",0,0,0
"W00009330",0,0,0
"W00009331",6,3,3
"W00009332",2,2,0
"W00009333",4,1,3
"W00009334",4,1,3
"W00009335",2,2,0
"W00009336",4,3,1
"W00009337",3,2,1
"W00009338",4,0,4
"W00009339",3,2,1
"W00009340",3,1,2
"W00009341",2,1,1
"W00009342",1,0,1
"W00009343",0,0,0
"W00009344",5,2,3
"W00009345",1,0,1
"W00009346",4,4,0
"W00009347",0,0,0
"W00009348",7,3,4
"W00009349",3,2,1
"W00009350",0,0,0
"W00009351",3,3,0
"W00009352",1,0,1
"W00009353",0,0,0
"W00009354",1,0,1
"W00009355",3,1,2
"W00009356",2,1,1
"W00009357",1,1,0
"W00009358",0,0,0
"W00009359",2,2,0
"W00009360",2,0,2
"W00009361",3,2,1
"W00009362",1,1,0
"W00009363",0,0,0
"W00009364",3,2,1
"W00009365",0,0,0
"W00009366",0,0,0
"W00009367",3,3,0
"W00009368",9,3,6
"W00009369",4,0,4
"W00009371",2,2,0
"W00009372",3,2,1
"W00009373",4,1,3
"W00009374",5,3,2
"W00009375",9,6,3
"W00009376",8,4,4
"W00009377",21,11,10
"W00009378",4,2,2
"W00009379",4,3,1
"W00009380",9,4,5
"W00009381",4,0,4
"W00009382",15,7,8
"W00009383",15,7,8
"W00009384",8,5,3
"W00009385",12,5,7
"W00009386",4,4,0
"W00009387",3,1,2
"W00009389",10,7,3
"W00009390",9,5,4
"W00009391",0,0,0
"W00009392",5,2,3
"W00009393",3,1,2
"W00009394",10,5,5
"W00009395",4,4,0
"W00009396",9,5,4
"W00009397",7,4,3
"W00009398",1,1,0
"W00009399",12,5,7
"W00009400",4,1,3
"W00009401",9,5,4
"W00009402",1,0,1
"W00009403",4,1,3
"W00009404",3,1,2
"W00009405",1,1,0
"W00009407",4,3,1
"W00009408",0,0,0
"W00009409",7,2,5
"W00009410",16,8,8
"W00009411",13,5,8
"W00009412",6,3,3
"W00009413",11,6,5
"W00009414",2,0,2
"W00009415",1,1,0
"W00009416",5,3,2
"W00009417",3,3,0
"W00009418",2,1,1
"W00009419",8,0,8
"W00009420",12,7,5
"W00009421",4,1,3
"W00009422",6,2,4
"W00009423",1,1,0
"W00009424",4,1,3
"W00009425",3,3,0
"W00009426",0,0,0
"W00009427",5,5,0
"W00009428",0,0,0
"W00009429",0,0,0
"W00009430",5,1,4
"W00009431",3,0,3
"W00009432",1,1,0
"W00009433",3,2,1
"W00009434",3,2,1
"W00009435",0,0,0
"W00009436",2,1,1
"W00009437",4,2,2
"W00009438",2,1,1
"W00009439",0,0,0
"W00009440",2,0,2
"W00009441",0,0,0
"W00009442",0,0,0
"W00009443",6,4,2
"W00009444",0,0,0
"W00009445",0,0,0
"W00009446",7,5,2
"W00009447",2,1,1
"W00009448",1,1,0
"W00009449",3,3,0
"W00009450",0,0,0
"W00009451",6,4,2
"W00009452",5,1,4
"W00009453",7,5,2
"W00009454",14,5,9
"W00009455",0,0,0
"W00009456",4,4,0
"W00009457",4,3,1
"W00009458",3,0,3
"W00009459",4,0,4
"W00009460",5,2,3
"W00009461",8,5,3
"W00009462",1,0,1
"W00009463",7,1,6
"W00009464",1,0,1
"W00009465",3,0,3
"W00009466",1,0,1
"W00009467",4,3,1
"W00009468",1,0,1
"W00009469",1,1,0
"W00009470",0,0,0
"W00009471",6,4,2
"W00009472",3,3,0
"W00009473",2,1,1
"W00009474",9,3,6
"W00009475",1,1,0
"W00009476",5,3,2
"W00009477",6,1,5
"W00009478",8,6,2
"W00009479",8,5,3
"W00009480",0,0,0
"W00009481",5,3,2
"W00009482",1,1,0
"W00009483",2,2,0
"W00009484",0,0,0
"W00009486",0,0,0
"W00009487",6,2,4
"W00009488",3,2,1
"W00009489",1,0,1
"W00009490",10,6,4
"W00009491",1,1,0
"W00009492",2,0,2
"W00009493",1,0,1
"W00009494",7,3,4
"W00009495",2,2,0
"W00009496",4,2,2
"W00009497",5,2,3
"W00009499",5,1,4
"W00009500",8,2,6
"W00009501",8,3,5
"W00009502",4,1,3
"W00009503",17,10,7
"W00009505",7,4,3
"W00009506",14,4,10
"W00009507",12,3,9
"W00009508",5,2,3
"W00009509",4,1,3
"W00009510",10,6,4
"W00009511",11,7,4
"W00009512",21,12,9
"W00009514",14,6,8
"W00009515",9,5,4
"W00009516",5,2,3
"W00009517",1,1,0
"W00009518",4,1,3
"W00009519",1,1,0
"W00009520",4,0,4
"W00009521",2,1,1
"W00009522",0,0,0
"W00009523",11,4,7
"W00009524",5,2,3
"W00009525",5,2,3
"W00009526",11,8,3
"W00009527",11,5,6
"W00009528",2,2,0
"W00009529",8,3,5
"W00009530",8,2,6
"W00009531",2,1,1
"W00009532",0,0,0
"W00009533",1,0,1
"W00009534",2,2,0
"W00009535",1,0,1
"W00009536",3,1,2
"W00009537",7,3,4
"W00009538",2,0,2
"W00009539",5,2,3
"W00009540",8,3,5
"W00009541",5,3,2
"W00009542",8,4,4
"W00009543",3,2,1
"W00009544",5,2,3
"W00009545",4,2,2
"W00009546",9,1,8
"W00009547",1,0,1
"W00009548",3,2,1
"W00009549",5,4,1
"W00009550",6,4,2
"W00009551",0,0,0
"W00009552",1,1,0
"W00009553",2,1,1
"W00009554",8,5,3
"W00009555",9,4,5
"W00009556",5,5,0
"W00009557",3,1,2
"W00009558",0,0,0
"W00009559",4,3,1
"W00009560",2,1,1
"W00009561",2,1,1
"W00009562",5,0,5
"W00009563",3,1,2
"W00009564",3,2,1
"W00009565",0,0,0
"W00009566",3,2,1
"W00009567",0,0,0
"W00009568",0,0,0
"W00009569",1,1,0
"W00009570",10,3,7
"W00009571",0,0,0
"W00009572",1,0,1
"W00009573",1,1,0
"W00009574",0,0,0
"W00009575",1,1,0
"W00009576",2,0,2
"W00009577",2,0,2
"W00009578",1,0,1
"W00009579",0,0,0
"W00009580",0,0,0
"W00009581",8,1,7
"W00009582",2,1,1
"W00009583",8,6,2
"W00009584",5,3,2
"W00009585",7,3,4
"W00009586",0,0,0
"W00009587",5,4,1
"W00009588",1,1,0
"W00009589",6,2,4
"W00009590",7,3,4
"W00009591",0,0,0
"W00009592",2,2,0
"W00009593",2,1,1
"W00009594",1,0,1
"W00009595",7,4,3
"W00009596",3,0,3
"W00009597",0,0,0
"W00009598",0,0,0
"W00009599",0,0,0
"W00009600",2,1,1
"W00009601",3,1,2
"W00009602",4,2,2
"W00009603",0,0,0
"W00009604",2,2,0
"W00009605",0,0,0
"W00009606",4,3,1
"W00009607",1,1,0
"W00009608",6,2,4
"W00009609",1,1,0
"W00009610",3,2,1
"W00009611",2,1,1
"W00009612",6,4,2
"W00009613",5,1,4
"W00009614",1,0,1
"W00009615",2,0,2
"W00009616",0,0,0
"W00009617",1,0,1
"W00009618",0,0,0
"W00009619",2,2,0
"W00009620",0,0,0
"W00009621",0,0,0
"W00009622",1,0,1
"W00009623",3,3,0
"W00009624",1,0,1
"W00009625",3,1,2
"W00009626",2,1,1
"W00009627",2,2,0
"W00009629",2,2,0
"W00009630",2,2,0
"W00009631",3,1,2
"W00009632",1,1,0
"W00009633",3,1,2
"W00009634",2,1,1
"W00009635",2,2,0
"W00009636",0,0,0
"W00009637",3,0,3
"W00009638",2,1,1
"W00009639",1,1,0
"W00009640",3,1,2
"W00009641",0,0,0
"W00009642",3,1,2
"W00009643",0,0,0
"W00009644",4,2,2
"W00009645",0,0,0
"W00009646",5,3,2
"W00009647",1,0,1
"W00009648",3,1,2
"W00009649",0,0,0
"W00009650",3,2,1
"W00009651",3,1,2
"W00009652",1,0,1
"W00009653",1,1,0
"W00009654",0,0,0
"W00009655",0,0,0
"W00009656",2,1,1
"W00009657",0,0,0
"W00009658",0,0,0
"W00009659",5,3,2
"W00009660",0,0,0
"W00009661",0,0,0
"W00009662",0,0,0
"W00009663",3,3,0
"W00009664",0,0,0
"W00009665",5,1,4
"W00009666",1,0,1
"W00009667",0,0,0
"W00009668",1,0,1
"W00009669",3,3,0
"W00009670",1,1,0
"W00009671",0,0,0
"W00009672",2,2,0
"W00009673",0,0,0
"W00009675",1,0,1
"W00009676",0,0,0
"W00009677",6,3,3
"W00009678",0,0,0
"W00009679",1,1,0
"W00009680",4,1,3
"W00009681",0,0,0
"W00009682",5,2,3
"W00009683",6,4,2
"W00009684",2,1,1
"W00009685",10,5,5
"W00009686",1,0,1
"W00009687",5,1,4
"W00009688",8,4,4
"W00009689",0,0,0
"W00009690",3,2,1
"W00009691",2,2,0
"W00009692",5,2,3
"W00009693",1,1,0
"W00009694",1,1,0
"W00009695",1,0,1
"W00009696",1,1,0
"W00009697",1,0,1
"W00009698",2,0,2
"W00009699",1,1,0
"W00009700",3,0,3
"W00009701",0,0,0
"W00009702",0,0,0
"W00009703",1,0,1
"W00009704",0,0,0
"W00009705",2,2,0
"W00009706",1,0,1
"W00009707",0,0,0
"W00009708",0,0,0
"W00009709",1,0,1
"W00009710",0,0,0
"W00009711",4,2,2
"W00009712",0,0,0
"W00009713",1,0,1
"W00009714",3,1,2
"W00009715",1,1,0
"W00009716",4,2,2
"W00009717",2,0,2
"W00009718",8,7,1
"W00009719",1,1,0
"W00009720",4,1,3
"W00009721",1,0,1
"W00009722",4,4,0
"W00009723",7,1,6
"W00009724",7,1,6
"W00009725",8,5,3
"W00009726",12,5,7
"W00009727",0,0,0
"W00009728",2,1,1
"W00009729",8,4,4
"W00009730",2,0,2
"W00009731",3,2,1
"W00009732",0,0,0
"W00009733",10,1,9
"W00009734",0,0,0
"W00009735",16,8,8
"W00009736",5,2,3
"W00009737",3,2,1
"W00009738",2,1,1
"W00009739",4,2,2
"W00009740",5,3,2
"W00009741",4,3,1
"W00009742",0,0,0
"W00009743",4,0,4
"W00009744",0,0,0
"W00009745",3,2,1
"W00009746",15,6,9
"W00009747",7,5,2
"W00009748",6,2,4
"W00009749",12,7,5
"W00009750",4,3,1
"W00009751",10,5,5
"W00009752",0,0,0
"W00009753",3,1,2
"W00009754",2,1,1
"W00009755",3,1,2
"W00009756",0,0,0
"W00009757",4,1,3
"W00009758",7,2,5
"W00009759",3,0,3
"W00009760",0,0,0
"W00009761",1,0,1
"W00009762",19,10,9
"W00009763",1,1,0
"W00009764",1,1,0
"W00009765",7,4,3
"W00009766",5,3,2
"W00009767",15,6,9
"W00009768",4,2,2
"W00009769",0,0,0
"W00009770",2,1,1
"W00009771",2,1,1
"W00009772",3,2,1
"W00009773",0,0,0
"W00009774",2,1,1
"W00009775",3,2,1
"W00009776",8,4,4
"W00009777",12,3,9
"W00009778",6,3,3
"W00009779",5,3,2
"W00009780",1,1,0
"W00009781",7,3,4
"W00009782",3,0,3
"W00009783",8,4,4
"W00009784",4,2,2
"W00009785",9,3,6
"W00009786",1,0,1
"W00009787",7,4,3
"W00009788",7,3,4
"W00009789",4,0,4
"W00009790",12,5,7
"W00009791",2,1,1
"W00009792",2,0,2
"W00009793",1,0,1
"W00009794",3,1,2
"W00009795",3,1,2
"W00009796",3,1,2
"W00009797",8,5,3
"W00009798",1,1,0
"W00009799",2,0,2
"W00009800",5,2,3
"W00009801",2,1,1
"W00009802",4,2,2
"W00009803",10,6,4
"W00009804",13,7,6
"W00009805",6,1,5
"W00009806",8,3,5
"W00009807",8,5,3
"W00009808",5,0,5
"W00009809",5,4,1
"W00009810",8,3,5
"W00009811",10,5,5
"W00009812",4,4,0
"W00009813",11,3,8
"W00009814",1,1,0
"W00009815",3,1,2
"W00009816",4,4,0
"W00009817",9,4,5
"W00009818",5,2,3
"W00009819",2,0,2
"W00009820",2,2,0
"W00009821",4,1,3
"W00009822",1,0,1
"W00009823",3,2,1
"W00009824",0,0,0
"W00009825",7,2,5
"W00009826",15,8,7
"W00009827",3,2,1
"W00009828",1,0,1
"W00009829",0,0,0
"W00009830",1,0,1
"W00009831",2,0,2
"W00009832",0,0,0
"W00009833",2,1,1
"W00009834",1,0,1
"W00009835",4,3,1
"W00009836",2,0,2
"W00009837",3,2,1
"W00009838",1,0,1
"W00009839",0,0,0
"W00009840",4,2,2
"W00009841",5,2,3
"W00009842",5,0,5
"W00009843",1,0,1
"W00009844",2,2,0
"W00009845",5,2,3
"W00009846",5,2,3
"W00009847",2,0,2
"W00009848",6,4,2
"W00009849",3,0,3
"W00009850",3,2,1
"W00009851",0,0,0
"W00009852",6,4,2
"W00009853",0,0,0
"W00009854",3,1,2
"W00009855",1,0,1
"W00009856",0,0,0
"W00009857",3,0,3
"W00009858",6,2,4
"W00009859",12,5,7
"W00009860",0,0,0
"W00009861",4,3,1
"W00009862",3,1,2
"W00009863",3,1,2
"W00009864",1,1,0
"W00009865",2,1,1
"W00009866",2,1,1
"W00009867",3,2,1
"W00009868",0,0,0
"W00009869",1,1,0
"W00009870",4,1,3
"W00009871",4,3,1
"W00009872",5,2,3
"W00009873",1,1,0
"W00009874",0,0,0
"W00009875",2,1,1
"W00009876",9,5,4
"W00009877",2,1,1
"W00009878",0,0,0
"W00009879",0,0,0
"W00009880",3,3,0
"W00009881",4,2,2
"W00009882",0,0,0
"W00009883",4,2,2
"W00009884",0,0,0
"W00009885",3,0,3
"W00009886",18,9,9
"W00009887",0,0,0
"W00009888",4,1,3
"W00009889",3,1,2
"W00009890",0,0,0
"W00009891",3,1,2
"W00009892",6,3,3
"W00009893",1,0,1
"W00009894",22,18,4
"W00009895",1,1,0
"W00009896",1,1,0
"W00009897",3,1,2
"W00009898",1,0,1
"W00009899",5,2,3
"W00009900",9,5,4
"W00009901",9,5,4
"W00009902",5,1,4
"W00009903",3,0,3
"W00009904",1,1,0
"W00009905",0,0,0
"W00009906",1,0,1
"W00009907",2,0,2
"W00009908",2,1,1
"W00009909",4,3,1
"W00009910",3,1,2
"W00009911",9,3,6
"W00009912",4,3,1
"W00009913",1,1,0
"W00009914",2,1,1
"W00009915",3,1,2
"W00009916",2,2,0
"W00009917",3,1,2
"W00009918",2,0,2
"W00009919",3,2,1
"W00009920",9,5,4
"W00009921",2,2,0
"W00009922",3,2,1
"W00009923",4,0,4
"W00009924",1,0,1
"W00009925",2,0,2
"W00009926",8,5,3
"W00009927",6,3,3
"W00009928",0,0,0
"W00009929",0,0,0
"W00009930",2,0,2
"W00009931",3,1,2
"W00009932",2,0,2
"W00009933",1,0,1
"W00009934",7,4,3
"W00009935",4,2,2
"W00009936",7,3,4
"W00009937",2,2,0
"W00009938",2,1,1
"W00009939",1,0,1
"W00009940",0,0,0
"W00009941",2,1,1
"W00009942",4,4,0
"W00009943",2,1,1
"W00009944",1,0,1
"W00009945",9,6,3
"W00009946",0,0,0
"W00009947",6,6,0
"W00009948",6,1,5
"W00009949",8,4,4
"W00009950",5,1,4
"W00009951",6,2,4
"W00009952",6,4,2
"W00009953",5,1,4
"W00009954",5,3,2
"W00009955",4,0,4
"W00009956",3,0,3
"W00009957",0,0,0
"W00009958",5,0,5
"W00009959",6,4,2
"W00009960",3,2,1
"W00009961",1,1,0
"W00009962",2,2,0
"W00009963",6,3,3
"W00009964",1,0,1
"W00009965",6,3,3
"W00009966",5,2,3
"W00009967",4,2,2
"W00009968",7,3,4
"W00009969",1,0,1
"W00009970",2,2,0
"W00009971",10,6,4
"W00009972",3,2,1
"W00009973",1,0,1
"W00009974",4,3,1
"W00009975",6,4,2
"W00009976",11,5,6
"W00009977",3,2,1
"W00009978",3,2,1
"W00009979",1,0,1
"W00009980",0,0,0
"W00009981",0,0,0
"W00009982",14,9,5
"W00009983",7,4,3
"W00009984",0,0,0
"W00009985",3,1,2
"W00009986",3,2,1
"W00009987",9,7,2
"W00009988",2,2,0
"W00009989",5,3,2
"W00009991",6,4,2
"W00009992",17,6,11
"W00009994",4,2,2
"W00009995",1,1,0
"W00009997",4,2,2
"W00009998",0,0,0
"W00010000",1,0,1
"W00010001",3,1,2
"W00010003",6,2,4
"W00010004",8,3,5
"W00010006",1,1,0
"W00010007",1,1,0
"W00010009",1,0,1
"W00010010",11,8,3
"W00010011",2,0,2
"W00010012",4,3,1
"W00010013",2,1,1
"W00010014",3,3,0
"W00010015",1,1,0
"W00010016",2,0,2
"W00010017",4,2,2
"W00010018",4,3,1
"W00010019",2,0,2
"W00010020",0,0,0
"W00010021",0,0,0
"W00010022",2,1,1
"W00010023",5,2,3
"W00010024",4,1,3
"W00010025",0,0,0
"W00010026",3,1,2
"W00010027",4,0,4
"W00010028",0,0,0
"W00010029",3,1,2
"W00010030",3,2,1
"W00010031",1,1,0
"W00010032",2,2,0
"W00010033",0,0,0
"W00010034",5,1,4
"W00010035",0,0,0
"W00010036",7,4,3
"W00010037",8,5,3
"W00010038",2,1,1
"W00010039",2,0,2
"W00010040",0,0,0
"W00010041",3,0,3
"W00010042",8,5,3
"W00010043",6,4,2
"W00010045",1,0,1
"W00010046",5,2,3
"W00010048",9,5,4
"W00010049",64,37,27
"W00010051",0,0,0
"W00010052",5,3,2
"W00010054",15,8,7
"W00010055",17,11,6
"W00010057",2,0,2
"W00010058",10,5,5
"W00010060",5,4,1
"W00010061",1,1,0
"W00010063",6,3,3
"W00010064",0,0,0
"W00010066",9,4,5
"W00010067",21,11,10
"W00010069",0,0,0
"W00010070",0,0,0
"W00010072",4,1,3
"W00010073",18,9,9
"W00010075",0,0,0
"W00010076",0,0,0
"W00010078",0,0,0
"W00010079",4,4,0
"W00010081",0,0,0
"W00010082",3,2,1
"W00010084",9,4,5
"W00010085",0,0,0
"W00010087",19,8,11
"W00010088",26,11,15
"W00010090",0,0,0
"W00010091",4,2,2
"W00010093",0,0,0
"W00010094",0,0,0
"W00010096",5,3,2
"W00010097",0,0,0
"W00010099",8,4,4
"W00010100",6,2,4
"W00010102",1,1,0
"W00010103",2,0,2
"W00010105",5,3,2
"W00010106",1,1,0
"W00010108",5,2,3
"W00010109",5,0,5
"W00010110",0,0,0
"W00010111",7,5,2
"W00010112",2,1,1
"W00010113",10,6,4
"W00010114",4,1,3
"W00010115",14,6,8
"W00010116",2,1,1
"W00010117",0,0,0
"W00010118",6,3,3
"W00010119",7,6,1
"W00010120",0,0,0
"W00010121",3,2,1
"W00010122",5,3,2
"W00010123",37,25,12
"W00010124",0,0,0
"W00010125",8,2,6
"W00010126",20,9,11
"W00010127",1,1,0
"W00010128",23,11,12
"W00010129",1,0,1
"W00010130",2,1,1
"W00010131",9,3,6
"W00010132",1,1,0
"W00010133",0,0,0
"W00010134",1,1,0
"W00010135",3,2,1
"W00010136",3,2,1
"W00010137",4,3,1
"W00010138",2,2,0
"W00010139",3,0,3
"W00010140",1,1,0
"W00010141",0,0,0
"W00010142",1,0,1
"W00010143",0,0,0
"W00010144",12,5,7
"W00010145",0,0,0
"W00010146",1,1,0
"W00010147",2,1,1
"W00010148",0,0,0
"W00010149",0,0,0
"W00010150",17,9,8
"W00010151",6,2,4
"W00010152",1,0,1
"W00010153",0,0,0
"W00010154",0,0,0
"W00010155",1,1,0
"W00010156",0,0,0
"W00010157",7,2,5
"W00010158",2,0,2
"W00010159",0,0,0
"W00010160",0,0,0
"W00010161",4,2,2
"W00010162",3,2,1
"W00010163",5,1,4
"W00010164",0,0,0
"W00010165",2,1,1
"W00010166",4,2,2
"W00010167",0,0,0
"W00010168",0,0,0
"W00010169",4,3,1
"W00010170",0,0,0
"W00010171",0,0,0
"W00010172",6,2,4
"W00010173",0,0,0
"W00010174",7,5,2
"W00010175",1,1,0
"W00010176",0,0,0
"W00010177",1,1,0
"W00010178",26,11,15
"W00010179",0,0,0
"W00010180",3,3,0
"W00010181",1,1,0
"W00010182",10,5,5
"W00010183",1,0,1
"W00010184",0,0,0
"W00010185",1,1,0
"W00010186",1,1,0
"W00010187",14,7,7
"W00010188",9,4,5
"W00010189",2,1,1
"W00010190",5,3,2
"W00010191",1,0,1
"W00010192",3,1,2
"W00010193",1,1,0
"W00010194",2,0,2
"W00010195",0,0,0
"W00010196",0,0,0
"W00010197",1,0,1
"W00010198",2,0,2
"W00010199",1,1,0
"W00010200",0,0,0
"W00010201",0,0,0
"W00010202",1,0,1
"W00010203",0,0,0
"W00010204",1,1,0
"W00010205",3,3,0
"W00010206",2,1,1
"W00010207",2,0,2
"W00010208",1,0,1
"W00010209",2,1,1
"W00010210",0,0,0
"W00010211",1,1,0
"W00010212",0,0,0
"W00010213",1,1,0
"W00010214",0,0,0
"W00010215",2,1,1
"W00010216",1,0,1
"W00010217",0,0,0
"W00010218",0,0,0
"W00010219",5,2,3
"W00010220",5,1,4
"W00010221",6,2,4
"W00010222",6,3,3
"W00010223",13,10,3
"W00010224",2,2,0
"W00010225",1,1,0
"W00010226",2,0,2
"W00010227",7,2,5
"W00010228",13,5,8
"W00010229",3,3,0
"W00010230",0,0,0
"W00010231",14,6,8
"W00010232",14,7,7
"W00010233",2,1,1
"W00010234",1,1,0
"W00010235",5,3,2
"W00010236",2,2,0
"W00010237",0,0,0
"W00010238",3,2,1
"W00010239",0,0,0
"W00010240",0,0,0
"W00010241",0,0,0
"W00010242",3,1,2
"W00010243",0,0,0
"W00010244",2,1,1
"W00010245",1,1,0
"W00010246",0,0,0
"W00010247",0,0,0
"W00010248",1,0,1
"W00010249",3,2,1
"W00010250",4,3,1
"W00010251",0,0,0
"W00010252",6,4,2
"W00010253",2,1,1
"W00010254",2,1,1
"W00010255",2,1,1
"W00010256",3,1,2
"W00010257",7,2,5
"W00010258",2,1,1
"W00010259",4,1,3
"W00010260",2,1,1
"W00010261",4,0,4
"W00010262",2,1,1
"W00010263",0,0,0
"W00010264",3,2,1
"W00010265",0,0,0
