"Geography_Code","NM_1533_1_0","NM_1533_1_1","NM_1533_1_2"
"N00000001",6,1,5
"N00000002",6,4,2
"N00000003",4,1,3
"N00000004",13,8,5
"N00000005",4,2,2
"N00000006",3,1,2
"N00000007",3,1,2
"N00000008",6,1,5
"N00000009",9,5,4
"N00000010",5,2,3
"N00000011",1,1,0
"N00000012",0,0,0
"N00000013",4,2,2
"N00000014",0,0,0
"N00000015",0,0,0
"N00000016",2,0,2
"N00000017",2,2,0
"N00000018",1,0,1
"N00000019",1,0,1
"N00000020",0,0,0
"N00000021",1,0,1
"N00000022",2,0,2
"N00000023",0,0,0
"N00000024",6,0,6
"N00000025",3,1,2
"N00000026",9,4,5
"N00000027",5,2,3
"N00000028",1,1,0
"N00000029",6,2,4
"N00000030",2,1,1
"N00000031",8,5,3
"N00000032",5,3,2
"N00000033",8,4,4
"N00000034",9,3,6
"N00000035",2,0,2
"N00000036",4,2,2
"N00000037",0,0,0
"N00000038",2,0,2
"N00000039",8,5,3
"N00000040",0,0,0
"N00000041",0,0,0
"N00000042",4,1,3
"N00000043",10,3,7
"N00000044",0,0,0
"N00000045",9,3,6
"N00000046",6,2,4
"N00000047",1,0,1
"N00000048",0,0,0
"N00000049",1,1,0
"N00000050",5,2,3
"N00000051",1,0,1
"N00000052",5,1,4
"N00000053",0,0,0
"N00000054",3,1,2
"N00000055",0,0,0
"N00000056",0,0,0
"N00000057",2,2,0
"N00000058",1,0,1
"N00000059",1,1,0
"N00000060",2,2,0
"N00000061",5,1,4
"N00000062",10,3,7
"N00000063",2,2,0
"N00000064",3,1,2
"N00000065",3,1,2
"N00000066",2,1,1
"N00000067",0,0,0
"N00000068",7,1,6
"N00000069",0,0,0
"N00000070",2,1,1
"N00000071",6,3,3
"N00000072",10,7,3
"N00000073",1,0,1
"N00000074",4,3,1
"N00000075",2,0,2
"N00000076",0,0,0
"N00000077",2,1,1
"N00000078",1,1,0
"N00000079",9,4,5
"N00000080",8,3,5
"N00000081",8,3,5
"N00000082",12,2,10
"N00000083",12,5,7
"N00000084",3,2,1
"N00000085",3,1,2
"N00000086",8,6,2
"N00000087",17,8,9
"N00000088",0,0,0
"N00000089",5,4,1
"N00000090",3,3,0
"N00000091",5,4,1
"N00000092",5,2,3
"N00000093",2,1,1
"N00000094",8,3,5
"N00000095",1,0,1
"N00000096",9,2,7
"N00000097",8,4,4
"N00000098",10,5,5
"N00000099",2,0,2
"N00000100",2,1,1
"N00000101",0,0,0
"N00000102",4,1,3
"N00000103",2,1,1
"N00000104",0,0,0
"N00000105",3,0,3
"N00000106",0,0,0
"N00000107",1,1,0
"N00000108",0,0,0
"N00000109",4,3,1
"N00000110",0,0,0
"N00000111",4,3,1
"N00000112",2,1,1
"N00000113",0,0,0
"N00000114",0,0,0
"N00000115",2,1,1
"N00000116",1,1,0
"N00000117",0,0,0
"N00000118",6,3,3
"N00000119",3,2,1
"N00000120",6,5,1
"N00000121",1,0,1
"N00000122",7,4,3
"N00000123",7,3,4
"N00000124",3,0,3
"N00000125",7,4,3
"N00000126",5,3,2
"N00000127",6,2,4
"N00000128",26,11,15
"N00000129",2,1,1
"N00000130",11,10,1
"N00000131",6,2,4
"N00000132",4,2,2
"N00000133",2,1,1
"N00000134",1,0,1
"N00000135",0,0,0
"N00000136",5,0,5
"N00000137",3,3,0
"N00000138",4,2,2
"N00000139",1,1,0
"N00000140",3,1,2
"N00000141",3,1,2
"N00000142",1,1,0
"N00000143",0,0,0
"N00000144",1,0,1
"N00000145",2,1,1
"N00000146",9,7,2
"N00000147",1,1,0
"N00000148",6,4,2
"N00000149",0,0,0
"N00000150",2,1,1
"N00000151",3,1,2
"N00000152",0,0,0
"N00000153",0,0,0
"N00000154",0,0,0
"N00000155",4,1,3
"N00000156",2,1,1
"N00000157",3,0,3
"N00000158",6,2,4
"N00000159",4,1,3
"N00000160",2,2,0
"N00000161",12,7,5
"N00000162",5,1,4
"N00000163",0,0,0
"N00000164",3,3,0
"N00000165",1,1,0
"N00000166",1,0,1
"N00000167",8,1,7
"N00000168",5,3,2
"N00000169",7,1,6
"N00000170",4,3,1
"N00000171",6,4,2
"N00000172",5,3,2
"N00000173",1,1,0
"N00000174",2,0,2
"N00000175",2,2,0
"N00000176",4,1,3
"N00000177",0,0,0
"N00000178",1,0,1
"N00000179",1,1,0
"N00000180",1,1,0
"N00000181",0,0,0
"N00000182",0,0,0
"N00000183",7,2,5
"N00000184",1,1,0
"N00000185",4,2,2
"N00000186",0,0,0
"N00000187",2,1,1
"N00000188",1,0,1
"N00000189",2,1,1
"N00000190",4,1,3
"N00000191",3,2,1
"N00000192",4,1,3
"N00000193",1,0,1
"N00000194",1,0,1
"N00000195",0,0,0
"N00000196",1,0,1
"N00000197",1,1,0
"N00000198",1,1,0
"N00000199",0,0,0
"N00000200",1,0,1
"N00000201",6,4,2
"N00000202",8,2,6
"N00000203",8,3,5
"N00000204",6,3,3
"N00000205",4,2,2
"N00000206",2,0,2
"N00000207",2,2,0
"N00000208",7,3,4
"N00000209",7,5,2
"N00000210",2,1,1
"N00000211",2,2,0
"N00000212",2,0,2
"N00000213",5,1,4
"N00000214",2,2,0
"N00000215",4,0,4
"N00000216",13,4,9
"N00000217",13,6,7
"N00000218",1,1,0
"N00000219",0,0,0
"N00000220",4,1,3
"N00000221",1,0,1
"N00000222",1,1,0
"N00000223",4,3,1
"N00000224",2,1,1
"N00000225",0,0,0
"N00000226",2,2,0
"N00000227",0,0,0
"N00000228",2,1,1
"N00000229",10,6,4
"N00000230",1,0,1
"N00000231",0,0,0
"N00000232",0,0,0
"N00000233",0,0,0
"N00000234",0,0,0
"N00000235",5,4,1
"N00000236",3,2,1
"N00000237",3,2,1
"N00000238",7,0,7
"N00000239",0,0,0
"N00000240",2,1,1
"N00000241",14,4,10
"N00000242",2,2,0
"N00000243",0,0,0
"N00000244",0,0,0
"N00000245",0,0,0
"N00000246",1,0,1
"N00000247",3,0,3
"N00000248",5,0,5
"N00000249",5,1,4
"N00000250",3,1,2
"N00000251",3,2,1
"N00000252",7,1,6
"N00000253",2,1,1
"N00000254",6,4,2
"N00000255",4,2,2
"N00000256",12,6,6
"N00000257",2,1,1
"N00000258",8,3,5
"N00000259",11,6,5
"N00000260",6,5,1
"N00000261",9,4,5
"N00000262",6,4,2
"N00000263",1,0,1
"N00000264",4,2,2
"N00000265",6,5,1
"N00000266",5,4,1
"N00000267",10,4,6
"N00000268",8,5,3
"N00000269",3,2,1
"N00000270",1,0,1
"N00000271",6,2,4
"N00000272",2,1,1
"N00000273",8,3,5
"N00000274",9,6,3
"N00000275",2,2,0
"N00000276",2,1,1
"N00000277",4,1,3
"N00000278",1,1,0
"N00000279",0,0,0
"N00000280",3,2,1
"N00000281",12,5,7
"N00000282",5,2,3
"N00000283",3,1,2
"N00000284",4,1,3
"N00000285",0,0,0
"N00000286",0,0,0
"N00000287",0,0,0
"N00000288",3,2,1
"N00000289",2,1,1
"N00000290",1,0,1
"N00000291",2,1,1
"N00000292",5,2,3
"N00000293",3,1,2
"N00000294",8,6,2
"N00000295",5,2,3
"N00000296",0,0,0
"N00000297",3,1,2
"N00000298",2,0,2
"N00000299",3,3,0
"N00000300",2,1,1
"N00000301",0,0,0
"N00000302",6,1,5
"N00000303",3,0,3
"N00000304",1,1,0
"N00000305",8,6,2
"N00000306",3,1,2
"N00000307",5,3,2
"N00000308",3,2,1
"N00000309",4,2,2
"N00000310",10,4,6
"N00000311",2,2,0
"N00000312",6,2,4
"N00000313",9,4,5
"N00000314",1,1,0
"N00000315",4,1,3
"N00000316",5,1,4
"N00000317",3,1,2
"N00000318",3,1,2
"N00000319",3,2,1
"N00000320",2,0,2
"N00000321",4,1,3
"N00000322",4,2,2
"N00000323",6,0,6
"N00000324",9,4,5
"N00000325",2,1,1
"N00000326",1,1,0
"N00000327",3,0,3
"N00000328",1,0,1
"N00000329",0,0,0
"N00000330",6,3,3
"N00000331",5,2,3
"N00000332",0,0,0
"N00000333",1,0,1
"N00000334",0,0,0
"N00000335",4,0,4
"N00000336",1,0,1
"N00000337",11,8,3
"N00000338",4,2,2
"N00000339",6,2,4
"N00000340",6,5,1
"N00000341",6,3,3
"N00000342",4,2,2
"N00000343",5,3,2
"N00000344",4,3,1
"N00000345",6,4,2
"N00000346",10,4,6
"N00000347",1,0,1
"N00000348",13,9,4
"N00000349",0,0,0
"N00000350",4,2,2
"N00000351",7,3,4
"N00000352",17,13,4
"N00000353",5,1,4
"N00000354",12,3,9
"N00000355",9,2,7
"N00000356",5,3,2
"N00000357",15,8,7
"N00000358",5,1,4
"N00000359",4,2,2
"N00000360",12,6,6
"N00000361",9,2,7
"N00000362",10,4,6
"N00000363",13,3,10
"N00000364",5,4,1
"N00000365",7,3,4
"N00000366",5,1,4
"N00000367",4,3,1
"N00000368",9,5,4
"N00000369",5,3,2
"N00000370",14,7,7
"N00000371",7,2,5
"N00000372",5,0,5
"N00000373",10,7,3
"N00000374",16,8,8
"N00000375",9,5,4
"N00000376",6,3,3
"N00000377",0,0,0
"N00000378",4,2,2
"N00000379",12,4,8
"N00000380",8,2,6
"N00000381",10,4,6
"N00000382",18,9,9
"N00000383",3,1,2
"N00000384",10,1,9
"N00000385",11,6,5
"N00000386",3,1,2
"N00000387",8,5,3
"N00000388",24,13,11
"N00000389",10,4,6
"N00000390",28,8,20
"N00000391",5,4,1
"N00000392",25,10,15
"N00000393",5,3,2
"N00000394",5,3,2
"N00000395",9,6,3
"N00000396",5,4,1
"N00000397",16,10,6
"N00000398",2,0,2
"N00000399",1,1,0
"N00000400",2,0,2
"N00000401",1,0,1
"N00000402",4,1,3
"N00000403",7,4,3
"N00000404",2,0,2
"N00000405",3,2,1
"N00000406",8,3,5
"N00000407",12,2,10
"N00000408",7,4,3
"N00000409",3,2,1
"N00000410",7,3,4
"N00000411",5,2,3
"N00000412",10,2,8
"N00000413",11,9,2
"N00000414",9,3,6
"N00000415",1,1,0
"N00000416",10,4,6
"N00000417",0,0,0
"N00000418",12,7,5
"N00000419",5,3,2
"N00000420",7,5,2
"N00000421",4,2,2
"N00000422",5,4,1
"N00000423",4,3,1
"N00000424",13,1,12
"N00000425",14,8,6
"N00000426",12,5,7
"N00000427",1,0,1
"N00000428",6,5,1
"N00000429",6,4,2
"N00000430",3,1,2
"N00000431",4,1,3
"N00000432",3,1,2
"N00000433",4,1,3
"N00000434",0,0,0
"N00000435",2,0,2
"N00000436",6,3,3
"N00000437",13,4,9
"N00000438",18,7,11
"N00000439",11,6,5
"N00000440",7,1,6
"N00000441",7,2,5
"N00000442",3,2,1
"N00000443",13,8,5
"N00000444",3,0,3
"N00000445",17,7,10
"N00000446",13,5,8
"N00000447",5,2,3
"N00000448",0,0,0
"N00000449",10,7,3
"N00000450",8,3,5
"N00000451",7,4,3
"N00000452",9,6,3
"N00000453",2,1,1
"N00000454",8,2,6
"N00000455",0,0,0
"N00000456",6,3,3
"N00000457",6,2,4
"N00000458",16,6,10
"N00000459",18,5,13
"N00000460",0,0,0
"N00000461",4,2,2
"N00000462",0,0,0
"N00000463",1,0,1
"N00000464",4,1,3
"N00000465",1,1,0
"N00000466",9,5,4
"N00000467",2,1,1
"N00000468",3,2,1
"N00000469",1,1,0
"N00000470",11,3,8
"N00000471",3,3,0
"N00000472",5,0,5
"N00000473",0,0,0
"N00000474",5,2,3
"N00000475",1,0,1
"N00000476",1,1,0
"N00000477",26,14,12
"N00000478",1,1,0
"N00000479",5,3,2
"N00000480",5,2,3
"N00000481",13,8,5
"N00000482",0,0,0
"N00000483",1,0,1
"N00000484",2,2,0
"N00000485",5,2,3
"N00000486",3,2,1
"N00000487",0,0,0
"N00000488",4,1,3
"N00000489",1,1,0
"N00000490",1,1,0
"N00000491",3,0,3
"N00000492",4,1,3
"N00000493",4,2,2
"N00000494",17,8,9
"N00000495",7,3,4
"N00000496",11,3,8
"N00000497",2,0,2
"N00000498",8,4,4
"N00000499",0,0,0
"N00000500",1,0,1
"N00000501",0,0,0
"N00000502",0,0,0
"N00000503",0,0,0
"N00000504",0,0,0
"N00000505",1,0,1
"N00000506",2,1,1
"N00000507",1,1,0
"N00000508",0,0,0
"N00000509",0,0,0
"N00000510",0,0,0
"N00000511",10,6,4
"N00000512",10,4,6
"N00000513",6,2,4
"N00000514",6,3,3
"N00000515",3,1,2
"N00000516",4,1,3
"N00000517",6,5,1
"N00000518",9,1,8
"N00000519",10,6,4
"N00000520",4,1,3
"N00000521",3,2,1
"N00000522",4,3,1
"N00000523",5,2,3
"N00000524",5,2,3
"N00000525",2,1,1
"N00000526",2,1,1
"N00000527",0,0,0
"N00000528",4,3,1
"N00000529",1,0,1
"N00000530",3,1,2
"N00000531",1,0,1
"N00000532",3,2,1
"N00000533",0,0,0
"N00000534",6,1,5
"N00000535",9,6,3
"N00000536",6,2,4
"N00000537",6,3,3
"N00000538",11,4,7
"N00000539",9,5,4
"N00000540",5,1,4
"N00000541",2,0,2
"N00000542",2,1,1
"N00000543",3,1,2
"N00000544",0,0,0
"N00000545",1,0,1
"N00000546",1,1,0
"N00000547",3,1,2
"N00000548",0,0,0
"N00000549",0,0,0
"N00000550",2,0,2
"N00000551",2,2,0
"N00000552",0,0,0
"N00000553",4,1,3
"N00000554",1,1,0
"N00000555",0,0,0
"N00000556",4,2,2
"N00000557",7,3,4
"N00000558",2,0,2
"N00000559",11,4,7
"N00000560",4,1,3
"N00000561",7,5,2
"N00000562",0,0,0
"N00000563",5,3,2
"N00000564",4,3,1
"N00000565",1,1,0
"N00000566",7,2,5
"N00000567",5,3,2
"N00000568",1,0,1
"N00000569",1,1,0
"N00000570",6,3,3
"N00000571",12,6,6
"N00000572",17,13,4
"N00000573",13,5,8
"N00000574",6,2,4
"N00000575",4,4,0
"N00000576",8,2,6
"N00000577",9,2,7
"N00000578",11,7,4
"N00000579",1,1,0
"N00000580",6,3,3
"N00000581",5,1,4
"N00000582",8,4,4
"N00000583",6,2,4
"N00000584",8,3,5
"N00000585",3,1,2
"N00000586",10,6,4
"N00000587",10,5,5
"N00000588",3,1,2
"N00000589",7,3,4
"N00000590",8,4,4
"N00000591",7,2,5
"N00000592",4,3,1
"N00000593",11,7,4
"N00000594",8,2,6
"N00000595",5,0,5
"N00000596",1,0,1
"N00000597",3,2,1
"N00000598",0,0,0
"N00000599",1,1,0
"N00000600",1,0,1
"N00000601",1,1,0
"N00000602",0,0,0
"N00000603",2,0,2
"N00000604",1,1,0
"N00000605",1,1,0
"N00000606",2,0,2
"N00000607",1,1,0
"N00000608",9,3,6
"N00000609",8,5,3
"N00000610",1,1,0
"N00000611",3,1,2
"N00000612",3,1,2
"N00000613",0,0,0
"N00000614",0,0,0
"N00000615",1,1,0
"N00000616",0,0,0
"N00000617",3,1,2
"N00000618",3,1,2
"N00000619",4,2,2
"N00000620",4,4,0
"N00000621",5,5,0
"N00000622",4,1,3
"N00000623",3,0,3
"N00000624",1,0,1
"N00000625",3,1,2
"N00000626",7,3,4
"N00000627",7,4,3
"N00000628",3,2,1
"N00000629",1,0,1
"N00000630",1,1,0
"N00000631",8,4,4
"N00000632",8,3,5
"N00000633",5,4,1
"N00000634",8,4,4
"N00000635",5,3,2
"N00000636",3,2,1
"N00000637",9,5,4
"N00000638",3,1,2
"N00000639",8,3,5
"N00000640",9,6,3
"N00000641",6,3,3
"N00000642",3,2,1
"N00000643",3,2,1
"N00000644",5,3,2
"N00000645",8,2,6
"N00000646",5,2,3
"N00000647",2,1,1
"N00000648",4,1,3
"N00000649",7,2,5
"N00000650",5,0,5
"N00000651",2,2,0
"N00000652",3,2,1
"N00000653",9,3,6
"N00000654",1,1,0
"N00000655",2,1,1
"N00000656",2,0,2
"N00000657",3,2,1
"N00000658",6,3,3
"N00000659",3,0,3
"N00000660",0,0,0
"N00000661",13,5,8
"N00000662",3,1,2
"N00000663",7,4,3
"N00000664",1,1,0
"N00000665",8,4,4
"N00000666",4,2,2
"N00000667",10,5,5
"N00000668",1,1,0
"N00000669",2,0,2
"N00000670",4,1,3
"N00000671",2,2,0
"N00000672",1,0,1
"N00000673",7,4,3
"N00000674",4,2,2
"N00000675",13,3,10
"N00000676",9,3,6
"N00000677",5,3,2
"N00000678",6,2,4
"N00000679",12,2,10
"N00000680",4,3,1
"N00000681",5,3,2
"N00000682",2,0,2
"N00000683",0,0,0
"N00000684",7,3,4
"N00000685",2,1,1
"N00000686",15,3,12
"N00000687",5,1,4
"N00000688",7,4,3
"N00000689",9,3,6
"N00000690",2,1,1
"N00000691",1,0,1
"N00000692",1,0,1
"N00000693",4,1,3
"N00000694",3,2,1
"N00000695",2,0,2
"N00000696",0,0,0
"N00000697",8,3,5
"N00000698",12,5,7
"N00000699",0,0,0
"N00000700",1,0,1
"N00000701",0,0,0
"N00000702",5,2,3
"N00000703",9,3,6
"N00000704",14,5,9
"N00000705",9,5,4
"N00000706",2,1,1
"N00000707",3,0,3
"N00000708",6,3,3
"N00000709",7,1,6
"N00000710",4,2,2
"N00000711",4,3,1
"N00000712",14,7,7
"N00000713",10,7,3
"N00000714",15,8,7
"N00000715",11,3,8
"N00000716",24,10,14
"N00000717",4,2,2
"N00000718",21,15,6
"N00000719",8,6,2
"N00000720",13,8,5
"N00000721",9,4,5
"N00000722",5,2,3
"N00000723",10,0,10
"N00000724",4,0,4
"N00000725",6,3,3
"N00000726",0,0,0
"N00000727",3,1,2
"N00000728",2,2,0
"N00000729",6,1,5
"N00000730",3,2,1
"N00000731",4,3,1
"N00000732",2,0,2
"N00000733",3,1,2
"N00000734",5,2,3
"N00000735",12,4,8
"N00000736",4,1,3
"N00000737",6,2,4
"N00000738",12,8,4
"N00000739",8,6,2
"N00000740",8,2,6
"N00000741",11,4,7
"N00000742",2,2,0
"N00000743",2,0,2
"N00000744",3,2,1
"N00000745",5,1,4
"N00000746",4,0,4
"N00000747",0,0,0
"N00000748",5,3,2
"N00000749",1,0,1
"N00000750",0,0,0
"N00000751",2,1,1
"N00000752",5,2,3
"N00000753",17,9,8
"N00000754",7,5,2
"N00000755",10,7,3
"N00000756",3,3,0
"N00000757",2,0,2
"N00000758",2,1,1
"N00000759",1,1,0
"N00000760",0,0,0
"N00000761",6,3,3
"N00000762",0,0,0
"N00000763",2,1,1
"N00000764",3,2,1
"N00000765",2,1,1
"N00000766",5,2,3
"N00000767",6,2,4
"N00000768",2,2,0
"N00000769",12,9,3
"N00000770",4,3,1
"N00000771",0,0,0
"N00000772",5,3,2
"N00000773",7,3,4
"N00000774",12,7,5
"N00000775",5,1,4
"N00000776",1,0,1
"N00000777",15,5,10
"N00000778",7,4,3
"N00000779",6,2,4
"N00000780",8,3,5
"N00000781",5,2,3
"N00000782",6,3,3
"N00000783",9,3,6
"N00000784",3,0,3
"N00000785",3,1,2
"N00000786",3,1,2
"N00000787",1,1,0
"N00000788",2,0,2
"N00000789",9,4,5
"N00000790",5,2,3
"N00000791",5,2,3
"N00000792",12,3,9
"N00000793",4,0,4
"N00000794",18,9,9
"N00000795",6,4,2
"N00000796",2,1,1
"N00000797",1,0,1
"N00000798",15,10,5
"N00000799",3,2,1
"N00000800",13,3,10
"N00000801",9,3,6
"N00000802",5,2,3
"N00000803",8,5,3
"N00000804",9,4,5
"N00000805",2,1,1
"N00000806",4,1,3
"N00000807",5,2,3
"N00000808",0,0,0
"N00000809",0,0,0
"N00000810",7,5,2
"N00000811",0,0,0
"N00000812",1,0,1
"N00000813",3,2,1
"N00000814",3,1,2
"N00000815",17,8,9
"N00000816",7,3,4
"N00000817",7,3,4
"N00000818",3,1,2
"N00000819",2,1,1
"N00000820",0,0,0
"N00000821",2,2,0
"N00000822",0,0,0
"N00000823",10,4,6
"N00000824",0,0,0
"N00000825",0,0,0
"N00000826",2,1,1
"N00000827",2,1,1
"N00000828",1,0,1
"N00000829",1,0,1
"N00000830",2,2,0
"N00000831",2,2,0
"N00000832",1,1,0
"N00000833",4,1,3
"N00000834",5,4,1
"N00000835",0,0,0
"N00000836",2,2,0
"N00000837",0,0,0
"N00000838",2,0,2
"N00000839",2,1,1
"N00000840",1,0,1
"N00000841",0,0,0
"N00000842",0,0,0
"N00000843",0,0,0
"N00000844",1,1,0
"N00000845",1,0,1
"N00000846",0,0,0
"N00000847",2,1,1
"N00000848",0,0,0
"N00000849",0,0,0
"N00000850",0,0,0
"N00000851",0,0,0
"N00000852",3,3,0
"N00000853",0,0,0
"N00000854",0,0,0
"N00000855",0,0,0
"N00000856",4,1,3
"N00000857",17,5,12
"N00000858",1,1,0
"N00000859",0,0,0
"N00000860",7,2,5
"N00000861",8,5,3
"N00000862",18,7,11
"N00000863",0,0,0
"N00000864",8,3,5
"N00000865",7,2,5
"N00000866",2,1,1
"N00000867",2,1,1
"N00000868",0,0,0
"N00000869",1,0,1
"N00000870",0,0,0
"N00000871",4,2,2
"N00000872",1,0,1
"N00000873",0,0,0
"N00000874",0,0,0
"N00000875",2,0,2
"N00000876",0,0,0
"N00000877",0,0,0
"N00000878",0,0,0
"N00000879",3,1,2
"N00000880",0,0,0
"N00000881",0,0,0
"N00000882",0,0,0
"N00000883",0,0,0
"N00000884",0,0,0
"N00000885",0,0,0
"N00000886",1,1,0
"N00000887",0,0,0
"N00000888",0,0,0
"N00000889",6,2,4
"N00000890",0,0,0
"N00000891",1,1,0
"N00000892",1,1,0
"N00000893",0,0,0
"N00000894",0,0,0
"N00000895",1,1,0
"N00000896",0,0,0
"N00000897",2,2,0
"N00000898",0,0,0
"N00000899",1,1,0
"N00000900",0,0,0
"N00000901",1,1,0
"N00000902",0,0,0
"N00000903",0,0,0
"N00000904",0,0,0
"N00000905",0,0,0
"N00000906",0,0,0
"N00000907",1,0,1
"N00000908",3,1,2
"N00000909",0,0,0
"N00000910",0,0,0
"N00000911",1,1,0
"N00000912",1,1,0
"N00000913",0,0,0
"N00000914",1,1,0
"N00000915",0,0,0
"N00000916",1,1,0
"N00000917",0,0,0
"N00000918",0,0,0
"N00000919",1,1,0
"N00000920",0,0,0
"N00000921",3,1,2
"N00000922",5,1,4
"N00000923",0,0,0
"N00000924",2,2,0
"N00000925",2,1,1
"N00000926",0,0,0
"N00000927",0,0,0
"N00000928",3,1,2
"N00000929",2,2,0
"N00000930",1,1,0
"N00000931",0,0,0
"N00000932",0,0,0
"N00000933",3,2,1
"N00000934",2,0,2
"N00000935",1,0,1
"N00000936",5,3,2
"N00000937",2,1,1
"N00000938",1,0,1
"N00000939",0,0,0
"N00000940",1,1,0
"N00000941",9,5,4
"N00000942",0,0,0
"N00000943",4,2,2
"N00000944",1,0,1
"N00000945",4,2,2
"N00000946",0,0,0
"N00000947",1,1,0
"N00000948",0,0,0
"N00000949",0,0,0
"N00000950",2,0,2
"N00000951",1,0,1
"N00000952",2,1,1
"N00000953",0,0,0
"N00000954",2,1,1
"N00000955",3,0,3
"N00000956",5,3,2
"N00000957",14,5,9
"N00000958",4,3,1
"N00000959",8,2,6
"N00000960",14,7,7
"N00000961",4,4,0
"N00000962",7,3,4
"N00000963",0,0,0
"N00000964",4,3,1
"N00000965",4,3,1
"N00000966",2,1,1
"N00000967",7,2,5
"N00000968",3,3,0
"N00000969",1,1,0
"N00000970",0,0,0
"N00000971",1,0,1
"N00000972",1,1,0
"N00000973",1,1,0
"N00000974",2,0,2
"N00000975",0,0,0
"N00000976",0,0,0
"N00000977",2,1,1
"N00000978",1,0,1
"N00000979",2,1,1
"N00000980",1,0,1
"N00000981",0,0,0
"N00000982",0,0,0
"N00000983",2,1,1
"N00000984",0,0,0
"N00000985",2,0,2
"N00000986",1,1,0
"N00000987",1,0,1
"N00000988",0,0,0
"N00000989",0,0,0
"N00000990",1,0,1
"N00000991",1,0,1
"N00000992",2,1,1
"N00000993",0,0,0
"N00000994",4,1,3
"N00000995",0,0,0
"N00000996",9,5,4
"N00000997",4,1,3
"N00000998",3,1,2
"N00000999",0,0,0
"N00001000",4,2,2
"N00001001",0,0,0
"N00001002",4,2,2
"N00001003",0,0,0
"N00001004",1,0,1
"N00001005",0,0,0
"N00001006",9,4,5
"N00001007",5,2,3
"N00001008",2,1,1
"N00001009",4,2,2
"N00001010",1,1,0
"N00001011",0,0,0
"N00001012",7,5,2
"N00001013",2,1,1
"N00001014",1,1,0
"N00001015",2,1,1
"N00001016",3,2,1
"N00001017",3,0,3
"N00001018",8,2,6
"N00001019",5,0,5
"N00001020",1,0,1
"N00001021",3,3,0
"N00001022",3,2,1
"N00001023",0,0,0
"N00001024",5,2,3
"N00001025",4,3,1
"N00001026",2,1,1
"N00001027",4,1,3
"N00001028",0,0,0
"N00001029",1,0,1
"N00001030",0,0,0
"N00001031",2,1,1
"N00001032",1,0,1
"N00001033",0,0,0
"N00001034",0,0,0
"N00001035",0,0,0
"N00001036",3,3,0
"N00001037",7,4,3
"N00001038",11,5,6
"N00001039",10,4,6
"N00001040",0,0,0
"N00001041",1,0,1
"N00001042",13,6,7
"N00001043",0,0,0
"N00001044",1,0,1
"N00001045",2,1,1
"N00001046",4,1,3
"N00001047",4,2,2
"N00001048",5,3,2
"N00001049",2,1,1
"N00001050",2,2,0
"N00001051",10,4,6
"N00001052",3,2,1
"N00001053",8,4,4
"N00001054",10,4,6
"N00001055",8,3,5
"N00001056",4,3,1
"N00001057",2,1,1
"N00001058",10,4,6
"N00001059",2,2,0
"N00001060",0,0,0
"N00001061",9,7,2
"N00001062",4,3,1
"N00001063",6,2,4
"N00001064",20,14,6
"N00001065",4,3,1
"N00001066",5,3,2
"N00001067",5,3,2
"N00001068",2,1,1
"N00001069",5,4,1
"N00001070",12,4,8
"N00001071",2,0,2
"N00001072",6,3,3
"N00001073",1,0,1
"N00001074",3,2,1
"N00001075",1,0,1
"N00001076",2,1,1
"N00001077",0,0,0
"N00001078",1,0,1
"N00001079",4,1,3
"N00001080",0,0,0
"N00001081",4,2,2
"N00001082",1,0,1
"N00001083",8,3,5
"N00001084",2,1,1
"N00001085",9,3,6
"N00001086",3,1,2
"N00001087",5,1,4
"N00001088",3,3,0
"N00001089",3,3,0
"N00001090",0,0,0
"N00001091",0,0,0
"N00001092",4,2,2
"N00001093",3,1,2
"N00001094",0,0,0
"N00001095",2,2,0
"N00001096",7,4,3
"N00001097",1,0,1
"N00001098",2,1,1
"N00001099",0,0,0
"N00001100",3,1,2
"N00001101",0,0,0
"N00001102",1,1,0
"N00001103",0,0,0
"N00001104",3,1,2
"N00001105",2,1,1
"N00001106",3,3,0
"N00001107",2,1,1
"N00001108",0,0,0
"N00001109",0,0,0
"N00001110",0,0,0
"N00001111",2,1,1
"N00001112",2,2,0
"N00001113",2,1,1
"N00001114",2,1,1
"N00001115",1,0,1
"N00001116",0,0,0
"N00001117",0,0,0
"N00001118",1,0,1
"N00001119",0,0,0
"N00001120",0,0,0
"N00001121",0,0,0
"N00001122",0,0,0
"N00001123",1,0,1
"N00001124",0,0,0
"N00001125",2,1,1
"N00001126",0,0,0
"N00001127",0,0,0
"N00001128",0,0,0
"N00001129",1,1,0
"N00001130",0,0,0
"N00001131",2,1,1
"N00001132",0,0,0
"N00001133",0,0,0
"N00001134",0,0,0
"N00001135",0,0,0
"N00001136",0,0,0
"N00001137",1,0,1
"N00001138",0,0,0
"N00001139",1,0,1
"N00001140",0,0,0
"N00001141",0,0,0
"N00001142",0,0,0
"N00001143",0,0,0
"N00001144",0,0,0
"N00001145",0,0,0
"N00001146",0,0,0
"N00001147",1,0,1
"N00001148",0,0,0
"N00001149",0,0,0
"N00001150",0,0,0
"N00001151",0,0,0
"N00001152",0,0,0
"N00001153",0,0,0
"N00001154",1,0,1
"N00001155",0,0,0
"N00001156",0,0,0
"N00001157",8,5,3
"N00001158",0,0,0
"N00001159",1,0,1
"N00001160",0,0,0
"N00001161",2,1,1
"N00001162",3,3,0
"N00001163",1,0,1
"N00001164",1,0,1
"N00001165",1,0,1
"N00001166",4,0,4
"N00001167",5,4,1
"N00001168",0,0,0
"N00001169",3,2,1
"N00001170",3,1,2
"N00001171",2,1,1
"N00001172",2,2,0
"N00001173",4,1,3
"N00001174",11,4,7
"N00001175",4,4,0
"N00001176",0,0,0
"N00001177",2,1,1
"N00001178",6,5,1
"N00001179",11,8,3
"N00001180",1,1,0
"N00001181",4,2,2
"N00001182",11,1,10
"N00001183",8,5,3
"N00001184",3,1,2
"N00001185",0,0,0
"N00001186",0,0,0
"N00001187",4,1,3
"N00001188",8,3,5
"N00001189",1,0,1
"N00001190",1,1,0
"N00001191",1,0,1
"N00001192",0,0,0
"N00001193",3,3,0
"N00001194",1,0,1
"N00001195",0,0,0
"N00001196",2,1,1
"N00001197",0,0,0
"N00001198",8,4,4
"N00001199",0,0,0
"N00001200",3,0,3
"N00001201",11,5,6
"N00001202",1,0,1
"N00001203",1,0,1
"N00001204",8,1,7
"N00001205",5,2,3
"N00001206",0,0,0
"N00001207",1,1,0
"N00001208",1,1,0
"N00001209",0,0,0
"N00001210",0,0,0
"N00001211",1,1,0
"N00001212",0,0,0
"N00001213",2,1,1
"N00001214",0,0,0
"N00001215",0,0,0
"N00001216",0,0,0
"N00001217",0,0,0
"N00001218",2,1,1
"N00001219",0,0,0
"N00001220",0,0,0
"N00001221",0,0,0
"N00001222",0,0,0
"N00001223",1,0,1
"N00001224",1,1,0
"N00001225",1,1,0
"N00001226",0,0,0
"N00001227",0,0,0
"N00001228",0,0,0
"N00001229",2,0,2
"N00001230",1,1,0
"N00001231",2,2,0
"N00001232",3,1,2
"N00001233",2,1,1
"N00001234",4,1,3
"N00001235",3,1,2
"N00001236",2,1,1
"N00001237",1,1,0
"N00001238",0,0,0
"N00001239",3,3,0
"N00001240",7,5,2
"N00001241",0,0,0
"N00001242",0,0,0
"N00001243",0,0,0
"N00001244",2,1,1
"N00001245",1,1,0
"N00001246",1,0,1
"N00001247",0,0,0
"N00001248",5,3,2
"N00001249",4,0,4
"N00001250",1,1,0
"N00001251",0,0,0
"N00001252",1,0,1
"N00001253",1,1,0
"N00001254",2,1,1
"N00001255",1,0,1
"N00001256",3,2,1
"N00001257",0,0,0
"N00001258",0,0,0
"N00001259",0,0,0
"N00001260",0,0,0
"N00001261",6,0,6
"N00001262",0,0,0
"N00001263",1,1,0
"N00001264",1,1,0
"N00001265",1,1,0
"N00001266",0,0,0
"N00001267",0,0,0
"N00001268",0,0,0
"N00001269",1,1,0
"N00001270",0,0,0
"N00001271",9,5,4
"N00001272",0,0,0
"N00001273",0,0,0
"N00001274",0,0,0
"N00001275",0,0,0
"N00001276",2,2,0
"N00001277",7,4,3
"N00001278",4,1,3
"N00001279",0,0,0
"N00001280",0,0,0
"N00001281",4,3,1
"N00001282",6,6,0
"N00001283",4,4,0
"N00001284",6,1,5
"N00001285",3,2,1
"N00001286",4,1,3
"N00001287",3,0,3
"N00001288",0,0,0
"N00001289",2,0,2
"N00001290",1,0,1
"N00001291",4,1,3
"N00001292",10,5,5
"N00001293",4,2,2
"N00001294",5,2,3
"N00001295",5,2,3
"N00001296",0,0,0
"N00001297",5,2,3
"N00001298",0,0,0
"N00001299",1,0,1
"N00001300",4,2,2
"N00001301",3,2,1
"N00001302",1,0,1
"N00001303",1,0,1
"N00001304",0,0,0
"N00001305",5,2,3
"N00001306",2,0,2
"N00001307",2,1,1
"N00001308",0,0,0
"N00001309",2,1,1
"N00001310",5,3,2
"N00001311",2,1,1
"N00001312",3,0,3
"N00001313",2,2,0
"N00001314",0,0,0
"N00001315",0,0,0
"N00001316",0,0,0
"N00001317",0,0,0
"N00001318",0,0,0
"N00001319",1,0,1
"N00001320",0,0,0
"N00001321",2,2,0
"N00001322",2,0,2
"N00001323",1,1,0
"N00001324",3,1,2
"N00001325",41,19,22
"N00001326",10,5,5
"N00001327",12,5,7
"N00001328",40,16,24
"N00001329",18,14,4
"N00001330",4,2,2
"N00001331",13,6,7
"N00001332",0,0,0
"N00001333",10,5,5
"N00001334",11,8,3
"N00001335",1,1,0
"N00001336",17,8,9
"N00001337",9,5,4
"N00001338",5,3,2
"N00001339",0,0,0
"N00001340",8,5,3
"N00001341",1,1,0
"N00001342",3,3,0
"N00001343",3,1,2
"N00001344",3,3,0
"N00001345",1,1,0
"N00001346",8,4,4
"N00001347",6,3,3
"N00001348",4,3,1
"N00001349",1,0,1
"N00001350",1,0,1
"N00001351",2,2,0
"N00001352",0,0,0
"N00001353",0,0,0
"N00001354",2,0,2
"N00001355",0,0,0
"N00001356",0,0,0
"N00001357",0,0,0
"N00001358",0,0,0
"N00001359",1,1,0
"N00001360",0,0,0
"N00001361",1,0,1
"N00001362",0,0,0
"N00001363",0,0,0
"N00001364",0,0,0
"N00001365",2,1,1
"N00001366",4,3,1
"N00001367",1,1,0
"N00001368",2,1,1
"N00001369",1,0,1
"N00001370",1,0,1
"N00001371",1,1,0
"N00001372",5,2,3
"N00001373",2,2,0
"N00001374",5,3,2
"N00001375",0,0,0
"N00001376",0,0,0
"N00001377",4,2,2
"N00001378",3,1,2
"N00001379",0,0,0
"N00001380",6,3,3
"N00001381",0,0,0
"N00001382",8,3,5
"N00001383",9,6,3
"N00001384",7,4,3
"N00001385",18,7,11
"N00001386",1,0,1
"N00001387",2,1,1
"N00001388",2,0,2
"N00001389",0,0,0
"N00001390",2,0,2
"N00001391",3,2,1
"N00001392",4,3,1
"N00001393",0,0,0
"N00001394",5,3,2
"N00001395",0,0,0
"N00001396",1,0,1
"N00001397",0,0,0
"N00001398",0,0,0
"N00001399",30,18,12
"N00001400",3,1,2
"N00001401",2,1,1
"N00001402",5,1,4
"N00001403",5,1,4
"N00001404",8,4,4
"N00001405",0,0,0
"N00001406",0,0,0
"N00001407",0,0,0
"N00001408",9,5,4
"N00001409",9,4,5
"N00001410",7,2,5
"N00001411",5,2,3
"N00001412",2,2,0
"N00001413",1,1,0
"N00001414",2,1,1
"N00001415",1,1,0
"N00001416",4,3,1
"N00001417",1,1,0
"N00001418",4,2,2
"N00001419",2,1,1
"N00001420",1,0,1
"N00001421",4,3,1
"N00001422",3,3,0
"N00001423",1,1,0
"N00001424",0,0,0
"N00001425",1,0,1
"N00001426",0,0,0
"N00001427",0,0,0
"N00001428",0,0,0
"N00001429",0,0,0
"N00001430",1,0,1
"N00001431",0,0,0
"N00001432",0,0,0
"N00001433",0,0,0
"N00001434",1,1,0
"N00001435",0,0,0
"N00001436",1,0,1
"N00001437",0,0,0
"N00001438",2,0,2
"N00001439",0,0,0
"N00001440",0,0,0
"N00001441",1,1,0
"N00001442",0,0,0
"N00001443",0,0,0
"N00001444",0,0,0
"N00001445",9,4,5
"N00001446",5,5,0
"N00001447",13,3,10
"N00001448",11,7,4
"N00001449",5,4,1
"N00001450",4,2,2
"N00001451",4,1,3
"N00001452",5,2,3
"N00001453",10,5,5
"N00001454",6,3,3
"N00001455",4,2,2
"N00001456",8,6,2
"N00001457",8,4,4
"N00001458",1,1,0
"N00001459",14,9,5
"N00001460",3,2,1
"N00001461",8,2,6
"N00001462",8,4,4
"N00001463",16,8,8
"N00001464",20,8,12
"N00001465",12,7,5
"N00001466",5,3,2
"N00001467",29,13,16
"N00001468",5,0,5
"N00001469",5,3,2
"N00001470",4,3,1
"N00001471",0,0,0
"N00001472",19,7,12
"N00001473",6,2,4
"N00001474",8,4,4
"N00001475",5,3,2
"N00001476",5,4,1
"N00001477",7,4,3
"N00001478",5,4,1
"N00001479",5,3,2
"N00001480",3,2,1
"N00001481",1,0,1
"N00001482",1,0,1
"N00001483",0,0,0
"N00001484",1,0,1
"N00001485",0,0,0
"N00001486",0,0,0
"N00001487",1,1,0
"N00001488",0,0,0
"N00001489",0,0,0
"N00001490",0,0,0
"N00001491",0,0,0
"N00001492",0,0,0
"N00001493",0,0,0
"N00001494",0,0,0
"N00001495",0,0,0
"N00001496",2,0,2
"N00001497",1,1,0
"N00001498",0,0,0
"N00001499",0,0,0
"N00001500",1,1,0
"N00001501",2,0,2
"N00001502",0,0,0
"N00001503",0,0,0
"N00001504",1,0,1
"N00001505",0,0,0
"N00001506",0,0,0
"N00001507",0,0,0
"N00001508",0,0,0
"N00001509",0,0,0
"N00001510",0,0,0
"N00001511",0,0,0
"N00001512",0,0,0
"N00001513",0,0,0
"N00001514",5,2,3
"N00001515",14,10,4
"N00001516",4,4,0
"N00001517",17,9,8
"N00001518",21,8,13
"N00001519",0,0,0
"N00001520",0,0,0
"N00001521",0,0,0
"N00001522",0,0,0
"N00001523",0,0,0
"N00001524",0,0,0
"N00001525",1,1,0
"N00001526",2,0,2
"N00001527",1,0,1
"N00001528",0,0,0
"N00001529",2,1,1
"N00001530",5,2,3
"N00001531",0,0,0
"N00001532",0,0,0
"N00001533",1,0,1
"N00001534",1,1,0
"N00001535",1,0,1
"N00001536",0,0,0
"N00001537",0,0,0
"N00001538",0,0,0
"N00001539",0,0,0
"N00001540",5,3,2
"N00001541",0,0,0
"N00001542",1,1,0
"N00001543",2,1,1
"N00001544",0,0,0
"N00001545",4,2,2
"N00001546",0,0,0
"N00001547",0,0,0
"N00001548",0,0,0
"N00001549",3,2,1
"N00001550",0,0,0
"N00001551",2,1,1
"N00001552",3,1,2
"N00001553",3,3,0
"N00001554",3,2,1
"N00001555",0,0,0
"N00001556",0,0,0
"N00001557",0,0,0
"N00001558",0,0,0
"N00001559",2,2,0
"N00001560",0,0,0
"N00001561",1,1,0
"N00001562",0,0,0
"N00001563",0,0,0
"N00001564",1,1,0
"N00001565",2,2,0
"N00001566",0,0,0
"N00001567",1,1,0
"N00001568",6,2,4
"N00001569",0,0,0
"N00001570",3,2,1
"N00001571",2,1,1
"N00001572",1,1,0
"N00001573",0,0,0
"N00001574",0,0,0
"N00001575",2,1,1
"N00001576",0,0,0
"N00001577",0,0,0
"N00001578",0,0,0
"N00001579",1,1,0
"N00001580",8,4,4
"N00001581",5,4,1
"N00001582",7,5,2
"N00001583",0,0,0
"N00001584",2,0,2
"N00001585",4,0,4
"N00001586",2,2,0
"N00001587",0,0,0
"N00001588",2,2,0
"N00001589",8,4,4
"N00001590",2,0,2
"N00001591",5,3,2
"N00001592",2,0,2
"N00001593",7,4,3
"N00001594",0,0,0
"N00001595",1,1,0
"N00001596",2,2,0
"N00001597",0,0,0
"N00001598",1,0,1
"N00001599",0,0,0
"N00001600",0,0,0
"N00001601",6,2,4
"N00001602",10,7,3
"N00001603",1,0,1
"N00001604",1,0,1
"N00001605",1,1,0
"N00001606",0,0,0
"N00001607",2,0,2
"N00001608",0,0,0
"N00001609",0,0,0
"N00001610",1,0,1
"N00001611",0,0,0
"N00001612",0,0,0
"N00001613",1,1,0
"N00001614",0,0,0
"N00001615",0,0,0
"N00001616",1,1,0
"N00001617",1,0,1
"N00001618",2,2,0
"N00001619",0,0,0
"N00001620",0,0,0
"N00001621",1,0,1
"N00001622",0,0,0
"N00001623",2,0,2
"N00001624",0,0,0
"N00001625",1,1,0
"N00001626",0,0,0
"N00001627",0,0,0
"N00001628",0,0,0
"N00001629",3,1,2
"N00001630",1,1,0
"N00001631",0,0,0
"N00001632",0,0,0
"N00001633",1,1,0
"N00001634",0,0,0
"N00001635",1,1,0
"N00001636",0,0,0
"N00001637",1,1,0
"N00001638",0,0,0
"N00001639",0,0,0
"N00001640",0,0,0
"N00001641",4,1,3
"N00001642",9,4,5
"N00001643",5,2,3
"N00001644",4,2,2
"N00001645",1,0,1
"N00001646",0,0,0
"N00001647",1,1,0
"N00001648",1,1,0
"N00001649",9,4,5
"N00001650",4,1,3
"N00001651",0,0,0
"N00001652",4,1,3
"N00001653",6,2,4
"N00001654",2,1,1
"N00001655",5,5,0
"N00001656",4,1,3
"N00001657",4,0,4
"N00001658",3,0,3
"N00001659",1,0,1
"N00001660",0,0,0
"N00001661",4,2,2
"N00001662",5,2,3
"N00001663",2,0,2
"N00001664",10,6,4
"N00001665",4,2,2
"N00001666",5,2,3
"N00001667",3,1,2
"N00001668",8,3,5
"N00001669",12,3,9
"N00001670",1,0,1
"N00001671",0,0,0
"N00001672",0,0,0
"N00001673",0,0,0
"N00001674",0,0,0
"N00001675",0,0,0
"N00001676",0,0,0
"N00001677",3,1,2
"N00001678",3,1,2
"N00001679",8,6,2
"N00001680",5,2,3
"N00001681",1,0,1
"N00001682",4,1,3
"N00001683",0,0,0
"N00001684",10,5,5
"N00001685",3,3,0
"N00001686",1,1,0
"N00001687",3,1,2
"N00001688",0,0,0
"N00001689",0,0,0
"N00001690",7,3,4
"N00001691",4,2,2
"N00001692",0,0,0
"N00001693",4,0,4
"N00001694",2,1,1
"N00001695",3,1,2
"N00001696",4,2,2
"N00001697",3,1,2
"N00001698",0,0,0
"N00001699",9,3,6
"N00001700",1,0,1
"N00001701",0,0,0
"N00001702",5,4,1
"N00001703",6,2,4
"N00001704",0,0,0
"N00001705",0,0,0
"N00001706",8,3,5
"N00001707",3,3,0
"N00001708",12,4,8
"N00001709",1,0,1
"N00001710",5,3,2
"N00001711",8,2,6
"N00001712",1,1,0
"N00001713",2,2,0
"N00001714",3,2,1
"N00001715",1,0,1
"N00001716",1,1,0
"N00001717",0,0,0
"N00001718",0,0,0
"N00001719",0,0,0
"N00001720",0,0,0
"N00001721",0,0,0
"N00001722",2,0,2
"N00001723",0,0,0
"N00001724",1,1,0
"N00001725",0,0,0
"N00001726",3,1,2
"N00001727",0,0,0
"N00001728",0,0,0
"N00001729",0,0,0
"N00001730",0,0,0
"N00001731",0,0,0
"N00001732",21,6,15
"N00001733",1,1,0
"N00001734",1,0,1
"N00001735",2,1,1
"N00001736",2,2,0
"N00001737",3,1,2
"N00001738",10,4,6
"N00001739",3,2,1
"N00001740",7,4,3
"N00001741",11,6,5
"N00001742",0,0,0
"N00001743",4,1,3
"N00001744",3,1,2
"N00001745",3,2,1
"N00001746",0,0,0
"N00001747",1,0,1
"N00001748",4,2,2
"N00001749",3,2,1
"N00001750",0,0,0
"N00001751",3,1,2
"N00001752",1,0,1
"N00001753",0,0,0
"N00001754",4,2,2
"N00001755",13,7,6
"N00001756",10,5,5
"N00001757",0,0,0
"N00001758",2,1,1
"N00001759",5,1,4
"N00001760",14,7,7
"N00001761",17,7,10
"N00001762",0,0,0
"N00001763",25,6,19
"N00001764",1,1,0
"N00001765",15,7,8
"N00001766",1,0,1
"N00001767",5,2,3
"N00001768",0,0,0
"N00001769",4,1,3
"N00001770",8,4,4
"N00001771",7,3,4
"N00001772",5,1,4
"N00001773",3,3,0
"N00001774",7,3,4
"N00001775",3,0,3
"N00001776",1,0,1
"N00001777",3,3,0
"N00001778",2,0,2
"N00001779",1,1,0
"N00001780",7,5,2
"N00001781",5,3,2
"N00001782",5,2,3
"N00001783",1,1,0
"N00001784",0,0,0
"N00001785",0,0,0
"N00001786",1,0,1
"N00001787",0,0,0
"N00001788",0,0,0
"N00001789",0,0,0
"N00001790",3,0,3
"N00001791",12,7,5
"N00001792",14,6,8
"N00001793",12,7,5
"N00001794",8,4,4
"N00001795",2,1,1
"N00001796",0,0,0
"N00001797",8,5,3
"N00001798",12,7,5
"N00001799",4,2,2
"N00001800",0,0,0
"N00001801",17,6,11
"N00001802",4,3,1
"N00001803",2,1,1
"N00001804",6,4,2
"N00001805",6,5,1
"N00001806",3,1,2
"N00001807",1,1,0
"N00001808",2,1,1
"N00001809",2,2,0
"N00001810",0,0,0
"N00001811",3,0,3
"N00001812",3,1,2
"N00001813",0,0,0
"N00001814",1,1,0
"N00001815",1,1,0
"N00001816",1,1,0
"N00001817",3,2,1
"N00001818",0,0,0
"N00001819",1,0,1
"N00001820",1,0,1
"N00001821",1,0,1
"N00001822",0,0,0
"N00001823",3,2,1
"N00001824",9,7,2
"N00001825",0,0,0
"N00001826",1,0,1
"N00001827",6,1,5
"N00001828",3,2,1
"N00001829",1,1,0
"N00001830",0,0,0
"N00001831",4,2,2
"N00001832",0,0,0
"N00001833",0,0,0
"N00001834",4,2,2
"N00001835",0,0,0
"N00001836",2,0,2
"N00001837",1,1,0
"N00001838",0,0,0
"N00001839",6,3,3
"N00001840",15,7,8
"N00001841",3,0,3
"N00001842",2,2,0
"N00001843",13,3,10
"N00001844",4,0,4
"N00001845",6,2,4
"N00001846",1,1,0
"N00001847",2,1,1
"N00001848",8,4,4
"N00001849",1,0,1
"N00001850",15,7,8
"N00001851",4,3,1
"N00001852",5,3,2
"N00001853",9,4,5
"N00001854",2,2,0
"N00001855",1,1,0
"N00001856",2,0,2
"N00001857",3,2,1
"N00001858",0,0,0
"N00001859",2,1,1
"N00001860",0,0,0
"N00001861",0,0,0
"N00001862",1,1,0
"N00001863",1,1,0
"N00001864",6,4,2
"N00001865",3,2,1
"N00001866",0,0,0
"N00001867",4,3,1
"N00001868",3,2,1
"N00001869",7,3,4
"N00001870",2,1,1
"N00001871",3,1,2
"N00001872",2,0,2
"N00001873",19,12,7
"N00001874",2,1,1
"N00001875",11,3,8
"N00001876",4,3,1
"N00001877",3,2,1
"N00001878",4,2,2
"N00001879",1,1,0
"N00001880",0,0,0
"N00001881",4,2,2
"N00001882",1,1,0
"N00001883",0,0,0
"N00001884",2,2,0
"N00001885",0,0,0
"N00001886",3,2,1
"N00001887",0,0,0
"N00001888",2,2,0
"N00001889",2,0,2
"N00001890",6,4,2
"N00001891",6,2,4
"N00001892",4,2,2
"N00001893",2,0,2
"N00001894",0,0,0
"N00001895",0,0,0
"N00001896",0,0,0
"N00001897",1,1,0
"N00001898",0,0,0
"N00001899",0,0,0
"N00001900",10,5,5
"N00001901",5,3,2
"N00001902",11,5,6
"N00001903",10,1,9
"N00001904",6,2,4
"N00001905",2,1,1
"N00001906",3,3,0
"N00001907",6,4,2
"N00001908",3,0,3
"N00001909",2,2,0
"N00001910",10,5,5
"N00001911",2,1,1
"N00001912",7,5,2
"N00001913",2,0,2
"N00001914",7,3,4
"N00001915",6,3,3
"N00001916",4,2,2
"N00001917",3,2,1
"N00001918",3,1,2
"N00001919",0,0,0
"N00001920",0,0,0
"N00001921",1,0,1
"N00001922",0,0,0
"N00001923",0,0,0
"N00001924",0,0,0
"N00001925",0,0,0
"N00001926",0,0,0
"N00001927",0,0,0
"N00001928",1,1,0
"N00001929",5,2,3
"N00001930",0,0,0
"N00001931",2,1,1
"N00001932",1,0,1
"N00001933",3,1,2
"N00001934",1,1,0
"N00001935",6,2,4
"N00001936",7,3,4
"N00001937",1,0,1
"N00001938",6,3,3
"N00001939",2,2,0
"N00001940",5,3,2
"N00001941",0,0,0
"N00001942",12,7,5
"N00001943",3,1,2
"N00001944",9,5,4
"N00001945",5,2,3
"N00001946",2,2,0
"N00001947",11,3,8
"N00001948",0,0,0
"N00001949",26,8,18
"N00001950",0,0,0
"N00001951",4,2,2
"N00001952",3,1,2
"N00001953",2,1,1
"N00001954",11,4,7
"N00001955",9,6,3
"N00001956",0,0,0
"N00001957",0,0,0
"N00001958",0,0,0
"N00001959",0,0,0
"N00001960",0,0,0
"N00001961",5,2,3
"N00001962",4,3,1
"N00001963",0,0,0
"N00001964",0,0,0
"N00001965",2,0,2
"N00001966",6,3,3
"N00001967",6,1,5
"N00001968",0,0,0
"N00001969",10,6,4
"N00001970",2,0,2
"N00001971",3,2,1
"N00001972",2,0,2
"N00001973",0,0,0
"N00001974",1,1,0
"N00001975",5,2,3
"N00001976",1,0,1
"N00001977",3,1,2
"N00001978",1,0,1
"N00001979",0,0,0
"N00001980",2,1,1
"N00001981",0,0,0
"N00001982",5,2,3
"N00001983",0,0,0
"N00001984",1,0,1
"N00001985",3,0,3
"N00001986",3,1,2
"N00001987",0,0,0
"N00001988",0,0,0
"N00001989",3,3,0
"N00001990",1,1,0
"N00001991",0,0,0
"N00001992",1,1,0
"N00001993",0,0,0
"N00001994",5,3,2
"N00001995",5,2,3
"N00001996",2,1,1
"N00001997",10,3,7
"N00001998",3,1,2
"N00001999",10,4,6
"N00002000",10,8,2
"N00002001",7,5,2
"N00002002",3,2,1
"N00002003",5,0,5
"N00002004",9,4,5
"N00002005",3,2,1
"N00002006",7,5,2
"N00002007",4,2,2
"N00002008",4,2,2
"N00002009",4,1,3
"N00002010",6,0,6
"N00002011",3,1,2
"N00002012",7,2,5
"N00002013",3,1,2
"N00002014",19,9,10
"N00002015",6,4,2
"N00002016",1,1,0
"N00002017",7,1,6
"N00002018",25,7,18
"N00002019",5,3,2
"N00002020",6,3,3
"N00002021",5,5,0
"N00002022",7,6,1
"N00002023",8,2,6
"N00002024",6,4,2
"N00002025",4,3,1
"N00002026",3,2,1
"N00002027",0,0,0
"N00002028",21,12,9
"N00002029",6,5,1
"N00002030",1,1,0
"N00002031",10,6,4
"N00002032",11,6,5
"N00002033",1,0,1
"N00002034",9,6,3
"N00002035",14,7,7
"N00002036",5,3,2
"N00002037",11,8,3
"N00002038",11,4,7
"N00002039",1,0,1
"N00002040",5,2,3
"N00002041",6,4,2
"N00002042",7,3,4
"N00002043",3,0,3
"N00002044",14,3,11
"N00002045",3,0,3
"N00002046",3,0,3
"N00002047",3,2,1
"N00002048",1,1,0
"N00002049",3,2,1
"N00002050",0,0,0
"N00002051",9,3,6
"N00002052",8,4,4
"N00002053",3,1,2
"N00002054",12,5,7
"N00002055",7,2,5
"N00002056",4,3,1
"N00002057",13,5,8
"N00002058",6,4,2
"N00002059",3,2,1
"N00002060",9,4,5
"N00002061",13,6,7
"N00002062",3,2,1
"N00002063",10,6,4
"N00002064",17,11,6
"N00002065",6,3,3
"N00002066",7,2,5
"N00002067",19,11,8
"N00002068",11,5,6
"N00002069",2,0,2
"N00002070",12,5,7
"N00002071",7,2,5
"N00002072",5,2,3
"N00002073",2,1,1
"N00002074",13,6,7
"N00002075",12,5,7
"N00002076",0,0,0
"N00002077",0,0,0
"N00002078",4,0,4
"N00002079",11,2,9
"N00002080",1,1,0
"N00002081",1,0,1
"N00002082",26,8,18
"N00002083",12,7,5
"N00002084",6,0,6
"N00002085",17,9,8
"N00002086",17,9,8
"N00002087",2,1,1
"N00002088",6,4,2
"N00002089",14,9,5
"N00002090",6,4,2
"N00002091",6,2,4
"N00002092",2,1,1
"N00002093",5,2,3
"N00002094",8,3,5
"N00002095",8,3,5
"N00002096",9,3,6
"N00002097",5,1,4
"N00002098",6,4,2
"N00002099",8,3,5
"N00002100",9,1,8
"N00002101",3,1,2
"N00002102",5,3,2
"N00002103",11,2,9
"N00002104",1,0,1
"N00002105",2,0,2
"N00002106",2,1,1
"N00002107",11,5,6
"N00002108",0,0,0
"N00002109",16,10,6
"N00002110",3,0,3
"N00002111",11,4,7
"N00002112",1,0,1
"N00002113",16,9,7
"N00002114",5,3,2
"N00002115",1,1,0
"N00002116",0,0,0
"N00002117",6,4,2
"N00002118",4,2,2
"N00002119",2,1,1
"N00002120",8,5,3
"N00002121",8,3,5
"N00002122",6,2,4
"N00002123",9,4,5
"N00002124",4,2,2
"N00002125",13,4,9
"N00002126",6,5,1
"N00002127",2,0,2
"N00002128",6,5,1
"N00002129",9,4,5
"N00002130",10,6,4
"N00002131",10,2,8
"N00002132",9,5,4
"N00002133",6,4,2
"N00002134",6,3,3
"N00002135",7,4,3
"N00002136",0,0,0
"N00002137",5,3,2
"N00002138",10,6,4
"N00002139",7,2,5
"N00002140",3,2,1
"N00002141",2,0,2
"N00002142",0,0,0
"N00002143",7,3,4
"N00002144",13,6,7
"N00002145",11,9,2
"N00002146",8,3,5
"N00002147",3,1,2
"N00002148",12,7,5
"N00002149",11,5,6
"N00002150",2,1,1
"N00002151",7,3,4
"N00002152",3,2,1
"N00002153",15,9,6
"N00002154",5,3,2
"N00002155",14,7,7
"N00002156",3,0,3
"N00002157",0,0,0
"N00002158",6,2,4
"N00002159",5,3,2
"N00002160",3,2,1
"N00002161",3,1,2
"N00002162",5,2,3
"N00002163",6,3,3
"N00002164",5,4,1
"N00002165",12,8,4
"N00002166",6,4,2
"N00002167",2,0,2
"N00002168",6,2,4
"N00002169",5,2,3
"N00002170",2,1,1
"N00002171",16,10,6
"N00002172",7,4,3
"N00002173",13,5,8
"N00002174",9,3,6
"N00002175",3,1,2
"N00002176",5,2,3
"N00002177",9,7,2
"N00002178",4,0,4
"N00002179",7,3,4
"N00002180",0,0,0
"N00002181",2,1,1
"N00002182",4,2,2
"N00002183",0,0,0
"N00002184",0,0,0
"N00002185",1,0,1
"N00002186",0,0,0
"N00002187",6,6,0
"N00002188",0,0,0
"N00002189",1,0,1
"N00002190",4,1,3
"N00002191",0,0,0
"N00002192",5,3,2
"N00002193",0,0,0
"N00002194",3,0,3
"N00002195",2,1,1
"N00002196",8,6,2
"N00002197",8,4,4
"N00002198",3,1,2
"N00002199",4,1,3
"N00002200",4,1,3
"N00002201",0,0,0
"N00002202",5,4,1
"N00002203",29,18,11
"N00002204",10,7,3
"N00002205",8,3,5
"N00002206",5,2,3
"N00002207",3,1,2
"N00002208",2,2,0
"N00002209",7,4,3
"N00002210",11,4,7
"N00002211",1,0,1
"N00002212",1,0,1
"N00002213",9,4,5
"N00002214",8,4,4
"N00002215",3,0,3
"N00002216",3,3,0
"N00002217",2,0,2
"N00002218",0,0,0
"N00002219",0,0,0
"N00002220",12,5,7
"N00002221",2,2,0
"N00002222",0,0,0
"N00002223",1,1,0
"N00002224",2,2,0
"N00002225",0,0,0
"N00002226",2,1,1
"N00002227",0,0,0
"N00002228",0,0,0
"N00002229",7,4,3
"N00002230",1,1,0
"N00002231",2,1,1
"N00002232",5,2,3
"N00002233",0,0,0
"N00002234",4,2,2
"N00002235",3,0,3
"N00002236",4,2,2
"N00002237",1,1,0
"N00002238",3,0,3
"N00002239",6,5,1
"N00002240",7,6,1
"N00002241",1,0,1
"N00002242",1,0,1
"N00002243",4,2,2
"N00002244",5,3,2
"N00002245",0,0,0
"N00002246",2,2,0
"N00002247",3,3,0
"N00002248",6,3,3
"N00002249",10,5,5
"N00002250",5,3,2
"N00002251",0,0,0
"N00002252",15,8,7
"N00002253",7,5,2
"N00002254",6,4,2
"N00002255",10,4,6
"N00002256",10,6,4
"N00002257",4,1,3
"N00002258",5,2,3
"N00002259",4,3,1
"N00002260",7,5,2
"N00002261",10,6,4
"N00002262",16,7,9
"N00002263",4,2,2
"N00002264",13,7,6
"N00002265",1,0,1
"N00002266",2,2,0
"N00002267",2,1,1
"N00002268",5,3,2
"N00002269",1,0,1
"N00002270",3,2,1
"N00002271",4,2,2
"N00002272",0,0,0
"N00002273",8,6,2
"N00002274",0,0,0
"N00002275",0,0,0
"N00002276",2,1,1
"N00002277",2,2,0
"N00002278",0,0,0
"N00002279",2,0,2
"N00002280",4,2,2
"N00002281",1,0,1
"N00002282",1,1,0
"N00002283",0,0,0
"N00002284",2,1,1
"N00002285",2,2,0
"N00002286",4,2,2
"N00002287",2,1,1
"N00002288",0,0,0
"N00002289",1,0,1
"N00002290",11,9,2
"N00002291",7,4,3
"N00002292",4,3,1
"N00002293",1,1,0
"N00002294",1,0,1
"N00002295",4,3,1
"N00002296",3,1,2
"N00002297",10,3,7
"N00002298",3,1,2
"N00002299",4,2,2
"N00002300",11,7,4
"N00002301",6,4,2
"N00002302",22,14,8
"N00002303",5,3,2
"N00002304",4,3,1
"N00002305",5,2,3
"N00002306",8,5,3
"N00002307",7,7,0
"N00002308",9,8,1
"N00002309",0,0,0
"N00002310",1,0,1
"N00002311",0,0,0
"N00002312",1,0,1
"N00002313",6,2,4
"N00002314",3,2,1
"N00002315",4,3,1
"N00002316",0,0,0
"N00002317",1,1,0
"N00002318",8,4,4
"N00002319",5,2,3
"N00002320",1,1,0
"N00002321",4,3,1
"N00002322",6,3,3
"N00002323",5,4,1
"N00002324",4,2,2
"N00002325",3,2,1
"N00002326",1,1,0
"N00002327",17,7,10
"N00002328",15,7,8
"N00002329",0,0,0
"N00002330",5,2,3
"N00002331",14,7,7
"N00002332",0,0,0
"N00002333",3,1,2
"N00002334",2,2,0
"N00002335",14,7,7
"N00002336",0,0,0
"N00002337",9,6,3
"N00002338",3,2,1
"N00002339",3,1,2
"N00002340",1,0,1
"N00002341",2,0,2
"N00002342",0,0,0
"N00002343",2,2,0
"N00002344",1,0,1
"N00002345",4,1,3
"N00002346",2,1,1
"N00002347",8,6,2
"N00002348",4,1,3
"N00002349",3,2,1
"N00002350",0,0,0
"N00002351",13,5,8
"N00002352",0,0,0
"N00002353",17,7,10
"N00002354",0,0,0
"N00002355",3,0,3
"N00002356",5,4,1
"N00002357",4,0,4
"N00002358",0,0,0
"N00002359",1,1,0
"N00002360",3,0,3
"N00002361",0,0,0
"N00002362",1,1,0
"N00002363",1,0,1
"N00002364",1,1,0
"N00002365",1,0,1
"N00002366",0,0,0
"N00002367",6,2,4
"N00002368",11,4,7
"N00002369",9,6,3
"N00002370",7,2,5
"N00002371",6,3,3
"N00002372",7,2,5
"N00002373",5,2,3
"N00002374",1,1,0
"N00002375",6,3,3
"N00002376",12,6,6
"N00002377",7,4,3
"N00002378",5,1,4
"N00002379",10,5,5
"N00002380",4,1,3
"N00002381",7,4,3
"N00002382",3,0,3
"N00002383",13,4,9
"N00002384",5,1,4
"N00002385",9,5,4
"N00002386",1,0,1
"N00002387",1,0,1
"N00002388",3,2,1
"N00002389",0,0,0
"N00002390",3,2,1
"N00002391",9,5,4
"N00002392",8,0,8
"N00002393",17,11,6
"N00002394",3,0,3
"N00002395",5,0,5
"N00002396",0,0,0
"N00002397",2,1,1
"N00002398",0,0,0
"N00002399",2,1,1
"N00002400",7,3,4
"N00002401",14,4,10
"N00002402",7,4,3
"N00002403",8,8,0
"N00002404",7,4,3
"N00002405",6,3,3
"N00002406",12,9,3
"N00002407",14,4,10
"N00002408",13,6,7
"N00002409",1,0,1
"N00002410",5,0,5
"N00002411",41,29,12
"N00002412",12,6,6
"N00002413",20,8,12
"N00002414",16,9,7
"N00002415",9,2,7
"N00002416",7,3,4
"N00002417",9,3,6
"N00002418",15,8,7
"N00002419",12,10,2
"N00002420",6,3,3
"N00002421",5,3,2
"N00002422",9,5,4
"N00002423",0,0,0
"N00002424",0,0,0
"N00002425",6,2,4
"N00002426",12,7,5
"N00002427",1,0,1
"N00002428",4,2,2
"N00002429",2,0,2
"N00002430",2,1,1
"N00002431",5,2,3
"N00002432",3,1,2
"N00002433",6,2,4
"N00002434",1,1,0
"N00002435",3,1,2
"N00002436",0,0,0
"N00002437",7,5,2
"N00002438",8,2,6
"N00002439",4,2,2
"N00002440",5,1,4
"N00002441",0,0,0
"N00002442",2,1,1
"N00002443",5,2,3
"N00002444",13,7,6
"N00002445",3,3,0
"N00002446",0,0,0
"N00002447",0,0,0
"N00002448",2,0,2
"N00002449",5,3,2
"N00002450",0,0,0
"N00002451",9,3,6
"N00002452",1,1,0
"N00002453",2,2,0
"N00002454",3,1,2
"N00002455",14,7,7
"N00002456",8,6,2
"N00002457",6,2,4
"N00002458",0,0,0
"N00002459",5,3,2
"N00002460",6,4,2
"N00002461",6,4,2
"N00002462",10,5,5
"N00002463",6,5,1
"N00002464",7,3,4
"N00002465",5,0,5
"N00002466",3,1,2
"N00002467",0,0,0
"N00002468",2,0,2
"N00002469",9,4,5
"N00002470",0,0,0
"N00002471",3,1,2
"N00002472",3,1,2
"N00002473",1,0,1
"N00002474",4,1,3
"N00002475",5,2,3
"N00002476",3,2,1
"N00002477",5,1,4
"N00002478",4,2,2
"N00002479",14,6,8
"N00002480",11,7,4
"N00002481",2,0,2
"N00002482",9,7,2
"N00002483",1,0,1
"N00002484",6,4,2
"N00002485",2,1,1
"N00002486",2,1,1
"N00002487",13,6,7
"N00002488",20,7,13
"N00002489",30,18,12
"N00002490",11,4,7
"N00002491",5,3,2
"N00002492",2,1,1
"N00002493",1,1,0
"N00002494",0,0,0
"N00002495",6,2,4
"N00002496",2,1,1
"N00002497",13,8,5
"N00002498",12,7,5
"N00002499",8,2,6
"N00002500",9,4,5
"N00002501",50,21,29
"N00002502",6,5,1
"N00002503",8,3,5
"N00002504",2,1,1
"N00002505",2,0,2
"N00002506",1,1,0
"N00002507",1,0,1
"N00002508",1,0,1
"N00002509",1,1,0
"N00002510",1,1,0
"N00002511",0,0,0
"N00002512",16,7,9
"N00002513",12,4,8
"N00002514",18,5,13
"N00002515",7,3,4
"N00002516",12,10,2
"N00002517",8,5,3
"N00002518",13,6,7
"N00002519",4,3,1
"N00002520",14,8,6
"N00002521",14,9,5
"N00002522",2,1,1
"N00002523",4,3,1
"N00002524",7,3,4
"N00002525",30,16,14
"N00002526",23,10,13
"N00002527",18,9,9
"N00002528",7,3,4
"N00002529",15,7,8
"N00002530",6,2,4
"N00002531",21,9,12
"N00002532",10,1,9
"N00002533",10,5,5
"N00002534",4,2,2
"N00002535",14,5,9
"N00002536",10,5,5
"N00002537",18,5,13
"N00002538",15,8,7
"N00002539",1,0,1
"N00002540",21,7,14
"N00002541",27,10,17
"N00002542",4,4,0
"N00002543",1,1,0
"N00002544",5,4,1
"N00002545",2,1,1
"N00002546",5,2,3
"N00002547",7,3,4
"N00002548",4,2,2
"N00002549",2,2,0
"N00002550",5,3,2
"N00002551",2,1,1
"N00002552",0,0,0
"N00002553",3,0,3
"N00002554",13,4,9
"N00002555",1,0,1
"N00002556",1,0,1
"N00002557",4,2,2
"N00002558",5,1,4
"N00002559",1,0,1
"N00002560",22,12,10
"N00002561",14,7,7
"N00002562",8,5,3
"N00002563",9,5,4
"N00002564",1,1,0
"N00002565",1,0,1
"N00002566",4,2,2
"N00002567",0,0,0
"N00002568",4,1,3
"N00002569",13,7,6
"N00002570",1,0,1
"N00002571",9,2,7
"N00002572",9,5,4
"N00002573",0,0,0
"N00002574",4,2,2
"N00002575",5,1,4
"N00002576",7,3,4
"N00002577",6,2,4
"N00002578",3,1,2
"N00002579",1,0,1
"N00002580",4,1,3
"N00002581",4,2,2
"N00002582",15,7,8
"N00002583",2,0,2
"N00002584",3,2,1
"N00002585",1,1,0
"N00002586",1,1,0
"N00002587",6,2,4
"N00002588",0,0,0
"N00002589",6,3,3
"N00002590",16,4,12
"N00002591",22,10,12
"N00002592",24,13,11
"N00002593",5,2,3
"N00002594",2,0,2
"N00002595",4,0,4
"N00002596",13,7,6
"N00002597",3,1,2
"N00002598",0,0,0
"N00002599",8,5,3
"N00002600",8,2,6
"N00002601",10,7,3
"N00002602",17,8,9
"N00002603",2,2,0
"N00002604",1,1,0
"N00002605",0,0,0
"N00002606",1,1,0
"N00002607",1,1,0
"N00002608",3,1,2
"N00002609",16,5,11
"N00002610",3,2,1
"N00002611",1,0,1
"N00002612",1,0,1
"N00002613",4,2,2
"N00002614",3,3,0
"N00002615",2,2,0
"N00002616",5,4,1
"N00002617",7,3,4
"N00002618",1,0,1
"N00002619",3,1,2
"N00002620",4,0,4
"N00002621",1,0,1
"N00002622",2,1,1
"N00002623",0,0,0
"N00002624",0,0,0
"N00002625",0,0,0
"N00002626",3,1,2
"N00002627",0,0,0
"N00002628",10,5,5
"N00002629",1,0,1
"N00002630",3,2,1
"N00002631",1,0,1
"N00002632",2,1,1
"N00002633",7,3,4
"N00002634",10,4,6
"N00002635",6,4,2
"N00002636",7,3,4
"N00002637",8,3,5
"N00002638",2,1,1
"N00002639",2,1,1
"N00002640",3,2,1
"N00002641",6,3,3
"N00002642",10,3,7
"N00002643",15,8,7
"N00002644",2,1,1
"N00002645",4,1,3
"N00002646",3,2,1
"N00002647",8,4,4
"N00002648",2,0,2
"N00002649",3,2,1
"N00002650",1,0,1
"N00002651",3,1,2
"N00002652",4,1,3
"N00002653",0,0,0
"N00002654",2,1,1
"N00002655",0,0,0
"N00002656",4,0,4
"N00002657",2,2,0
"N00002658",1,0,1
"N00002659",0,0,0
"N00002660",5,3,2
"N00002661",4,0,4
"N00002662",0,0,0
"N00002663",2,0,2
"N00002664",3,3,0
"N00002665",3,1,2
"N00002666",7,5,2
"N00002667",9,4,5
"N00002668",4,1,3
"N00002669",6,4,2
"N00002670",26,16,10
"N00002671",16,9,7
"N00002672",3,1,2
"N00002673",8,5,3
"N00002674",0,0,0
"N00002675",8,4,4
"N00002676",5,1,4
"N00002677",10,3,7
"N00002678",5,3,2
"N00002679",6,4,2
"N00002680",11,6,5
"N00002681",11,2,9
"N00002682",2,0,2
"N00002683",3,2,1
"N00002684",9,6,3
"N00002685",11,3,8
"N00002686",14,7,7
"N00002687",5,2,3
"N00002688",10,4,6
"N00002689",0,0,0
"N00002690",4,4,0
"N00002691",2,0,2
"N00002692",6,4,2
"N00002693",4,3,1
"N00002694",8,4,4
"N00002695",5,0,5
"N00002696",12,4,8
"N00002697",13,6,7
"N00002698",9,8,1
"N00002699",4,2,2
"N00002700",4,0,4
"N00002701",8,2,6
"N00002702",3,1,2
"N00002703",10,5,5
"N00002704",10,5,5
"N00002705",5,3,2
"N00002706",4,1,3
"N00002707",12,2,10
"N00002708",0,0,0
"N00002709",6,4,2
"N00002710",0,0,0
"N00002711",10,6,4
"N00002712",6,2,4
"N00002713",5,1,4
"N00002714",13,3,10
"N00002715",2,0,2
"N00002716",3,1,2
"N00002717",16,6,10
"N00002718",12,4,8
"N00002719",8,3,5
"N00002720",2,1,1
"N00002721",11,4,7
"N00002722",9,7,2
"N00002723",7,1,6
"N00002724",6,2,4
"N00002725",5,4,1
"N00002726",14,7,7
"N00002727",6,2,4
"N00002728",7,3,4
"N00002729",0,0,0
"N00002730",0,0,0
"N00002731",1,0,1
"N00002732",8,6,2
"N00002733",0,0,0
"N00002734",6,4,2
"N00002735",3,1,2
"N00002736",3,1,2
"N00002737",5,1,4
"N00002738",9,7,2
"N00002739",5,3,2
"N00002740",2,1,1
"N00002741",7,4,3
"N00002742",6,4,2
"N00002743",11,4,7
"N00002744",3,0,3
"N00002745",2,2,0
"N00002746",4,3,1
"N00002747",8,3,5
"N00002748",4,2,2
"N00002749",2,2,0
"N00002750",1,0,1
"N00002751",3,1,2
"N00002752",2,0,2
"N00002753",12,5,7
"N00002754",5,2,3
"N00002755",18,10,8
"N00002756",7,2,5
"N00002757",6,2,4
"N00002758",2,2,0
"N00002759",3,1,2
"N00002760",8,3,5
"N00002761",14,5,9
"N00002762",18,7,11
"N00002763",6,2,4
"N00002764",12,7,5
"N00002765",5,2,3
"N00002766",5,1,4
"N00002767",10,1,9
"N00002768",4,1,3
"N00002769",6,3,3
"N00002770",7,3,4
"N00002771",4,3,1
"N00002772",7,3,4
"N00002773",0,0,0
"N00002774",27,14,13
"N00002775",13,5,8
"N00002776",7,5,2
"N00002777",4,1,3
"N00002778",7,3,4
"N00002779",11,4,7
"N00002780",3,1,2
"N00002781",3,0,3
"N00002782",5,1,4
"N00002783",1,1,0
"N00002784",13,10,3
"N00002785",7,3,4
"N00002786",10,5,5
"N00002787",6,3,3
"N00002788",6,3,3
"N00002789",4,3,1
"N00002790",11,5,6
"N00002791",10,6,4
"N00002792",6,2,4
"N00002793",8,3,5
"N00002794",14,7,7
"N00002795",5,1,4
"N00002796",11,4,7
"N00002797",15,9,6
"N00002798",9,3,6
"N00002799",2,1,1
"N00002800",10,4,6
"N00002801",24,15,9
"N00002802",1,1,0
"N00002803",6,2,4
"N00002804",2,0,2
"N00002805",2,2,0
"N00002806",8,4,4
"N00002807",4,2,2
"N00002808",4,1,3
"N00002809",12,4,8
"N00002810",10,6,4
"N00002811",6,3,3
"N00002812",1,1,0
"N00002813",10,4,6
"N00002814",1,1,0
"N00002815",0,0,0
"N00002816",2,1,1
"N00002817",5,3,2
"N00002818",6,4,2
"N00002819",7,2,5
"N00002820",9,5,4
"N00002821",5,1,4
"N00002822",2,0,2
"N00002823",9,8,1
"N00002824",9,1,8
"N00002825",11,2,9
"N00002826",4,1,3
"N00002827",8,4,4
"N00002828",3,1,2
"N00002829",9,3,6
"N00002830",11,5,6
"N00002831",10,4,6
"N00002832",10,5,5
"N00002833",11,6,5
"N00002834",11,4,7
"N00002835",13,5,8
"N00002836",7,1,6
"N00002837",4,1,3
"N00002838",13,2,11
"N00002839",4,3,1
"N00002840",16,5,11
"N00002841",14,6,8
"N00002842",7,4,3
"N00002843",2,2,0
"N00002844",4,1,3
"N00002845",4,1,3
"N00002846",5,2,3
"N00002847",10,5,5
"N00002848",14,5,9
"N00002849",1,1,0
"N00002850",1,0,1
"N00002851",3,3,0
"N00002852",7,6,1
"N00002853",21,8,13
"N00002854",6,3,3
"N00002855",4,2,2
"N00002856",11,3,8
"N00002857",5,2,3
"N00002858",2,2,0
"N00002859",3,1,2
"N00002860",4,1,3
"N00002861",6,4,2
"N00002862",3,1,2
"N00002863",8,3,5
"N00002864",5,3,2
"N00002865",9,2,7
"N00002866",4,1,3
"N00002867",11,3,8
"N00002868",5,1,4
"N00002869",6,3,3
"N00002870",11,6,5
"N00002871",8,4,4
"N00002872",3,3,0
"N00002873",0,0,0
"N00002874",1,1,0
"N00002875",19,10,9
"N00002876",8,2,6
"N00002877",1,1,0
"N00002878",2,1,1
"N00002879",7,5,2
"N00002880",5,2,3
"N00002881",3,2,1
"N00002882",7,1,6
"N00002883",5,3,2
"N00002884",6,2,4
"N00002885",4,1,3
"N00002886",12,8,4
"N00002887",13,7,6
"N00002888",26,16,10
"N00002889",8,4,4
"N00002890",11,5,6
"N00002891",5,3,2
"N00002892",7,1,6
"N00002893",4,0,4
"N00002894",3,0,3
"N00002895",6,2,4
"N00002896",6,3,3
"N00002897",16,13,3
"N00002898",10,7,3
"N00002899",3,1,2
"N00002900",0,0,0
"N00002901",1,0,1
"N00002902",4,2,2
"N00002903",0,0,0
"N00002904",11,6,5
"N00002905",5,3,2
"N00002906",10,4,6
"N00002907",5,3,2
"N00002908",8,3,5
"N00002909",11,6,5
"N00002910",11,8,3
"N00002911",16,3,13
"N00002912",15,7,8
"N00002913",8,4,4
"N00002914",25,10,15
"N00002915",3,1,2
"N00002916",12,6,6
"N00002917",6,4,2
"N00002918",5,2,3
"N00002919",19,5,14
"N00002920",9,3,6
"N00002921",11,2,9
"N00002922",17,3,14
"N00002923",10,6,4
"N00002924",7,5,2
"N00002925",8,4,4
"N00002926",8,3,5
"N00002927",9,4,5
"N00002928",11,5,6
"N00002929",13,7,6
"N00002930",11,4,7
"N00002931",5,4,1
"N00002932",3,3,0
"N00002933",17,5,12
"N00002934",12,7,5
"N00002935",14,7,7
"N00002936",11,2,9
"N00002937",11,4,7
"N00002938",10,3,7
"N00002939",10,6,4
"N00002940",12,4,8
"N00002941",1,0,1
"N00002942",12,7,5
"N00002943",2,1,1
"N00002944",5,3,2
"N00002945",11,5,6
"N00002946",8,4,4
"N00002947",3,3,0
"N00002948",18,11,7
"N00002949",6,3,3
"N00002950",14,10,4
"N00002951",7,3,4
"N00002952",11,7,4
"N00002953",0,0,0
"N00002954",16,6,10
"N00002955",15,7,8
"N00002956",8,3,5
"N00002957",4,1,3
"N00002958",15,9,6
"N00002959",14,7,7
"N00002960",5,2,3
"N00002961",5,1,4
"N00002962",1,1,0
"N00002963",9,3,6
"N00002964",12,6,6
"N00002965",10,6,4
"N00002966",11,5,6
"N00002967",5,3,2
"N00002968",6,2,4
"N00002969",5,3,2
"N00002970",0,0,0
"N00002971",1,0,1
"N00002972",2,2,0
"N00002973",6,3,3
"N00002974",9,3,6
"N00002975",9,4,5
"N00002976",5,1,4
"N00002977",11,7,4
"N00002978",17,8,9
"N00002979",2,0,2
"N00002980",10,6,4
"N00002981",4,1,3
"N00002982",16,8,8
"N00002983",7,3,4
"N00002984",0,0,0
"N00002985",1,0,1
"N00002986",11,7,4
"N00002987",9,3,6
"N00002988",11,6,5
"N00002989",12,7,5
"N00002990",7,4,3
"N00002991",1,1,0
"N00002992",7,4,3
"N00002993",3,1,2
"N00002994",12,4,8
"N00002995",5,2,3
"N00002996",3,1,2
"N00002997",7,3,4
"N00002998",8,1,7
"N00002999",0,0,0
"N00003000",7,3,4
"N00003001",3,2,1
"N00003002",7,2,5
"N00003003",24,11,13
"N00003004",1,1,0
"N00003005",13,8,5
"N00003006",10,5,5
"N00003007",9,5,4
"N00003008",7,4,3
"N00003009",15,3,12
"N00003010",2,1,1
"N00003011",8,3,5
"N00003012",15,5,10
"N00003013",13,7,6
"N00003014",9,4,5
"N00003015",15,8,7
"N00003016",12,3,9
"N00003017",5,2,3
"N00003018",1,1,0
"N00003019",9,2,7
"N00003020",7,2,5
"N00003021",8,2,6
"N00003022",4,1,3
"N00003023",4,0,4
"N00003024",9,6,3
"N00003025",5,1,4
"N00003026",13,7,6
"N00003027",16,4,12
"N00003028",8,4,4
"N00003029",13,5,8
"N00003030",2,0,2
"N00003031",7,1,6
"N00003032",12,5,7
"N00003033",15,7,8
"N00003034",7,4,3
"N00003035",5,2,3
"N00003036",1,1,0
"N00003037",2,1,1
"N00003038",9,4,5
"N00003039",3,2,1
"N00003040",4,2,2
"N00003041",7,3,4
"N00003042",4,2,2
"N00003043",0,0,0
"N00003044",9,3,6
"N00003045",13,7,6
"N00003046",7,2,5
"N00003047",5,2,3
"N00003048",6,3,3
"N00003049",7,1,6
"N00003050",6,0,6
"N00003051",7,1,6
"N00003052",3,0,3
"N00003053",4,2,2
"N00003054",8,1,7
"N00003055",9,7,2
"N00003056",6,3,3
"N00003057",5,2,3
"N00003058",6,5,1
"N00003059",9,0,9
"N00003060",1,0,1
"N00003061",14,3,11
"N00003062",12,7,5
"N00003063",13,6,7
"N00003064",0,0,0
"N00003065",4,2,2
"N00003066",9,2,7
"N00003067",6,2,4
"N00003068",0,0,0
"N00003069",1,1,0
"N00003070",3,0,3
"N00003071",1,0,1
"N00003072",0,0,0
"N00003073",6,1,5
"N00003074",6,2,4
"N00003075",6,5,1
"N00003076",3,2,1
"N00003077",0,0,0
"N00003078",6,3,3
"N00003079",3,1,2
"N00003080",1,1,0
"N00003081",0,0,0
"N00003082",0,0,0
"N00003083",0,0,0
"N00003084",1,1,0
"N00003085",0,0,0
"N00003086",0,0,0
"N00003087",8,5,3
"N00003088",2,2,0
"N00003089",1,0,1
"N00003090",4,1,3
"N00003091",4,2,2
"N00003092",2,1,1
"N00003093",13,11,2
"N00003094",6,1,5
"N00003095",5,3,2
"N00003096",5,2,3
"N00003097",11,3,8
"N00003098",8,5,3
"N00003099",1,1,0
"N00003100",6,1,5
"N00003101",2,1,1
"N00003102",7,0,7
"N00003103",3,2,1
"N00003104",4,3,1
"N00003105",4,1,3
"N00003106",0,0,0
"N00003107",0,0,0
"N00003108",2,1,1
"N00003109",10,6,4
"N00003110",5,1,4
"N00003111",2,1,1
"N00003112",1,1,0
"N00003113",2,1,1
"N00003114",2,0,2
"N00003115",0,0,0
"N00003116",3,2,1
"N00003117",3,1,2
"N00003118",0,0,0
"N00003119",0,0,0
"N00003120",3,0,3
"N00003121",1,0,1
"N00003122",3,1,2
"N00003123",1,0,1
"N00003124",0,0,0
"N00003125",5,2,3
"N00003126",10,5,5
"N00003127",11,3,8
"N00003128",0,0,0
"N00003129",6,3,3
"N00003130",9,4,5
"N00003131",8,1,7
"N00003132",0,0,0
"N00003133",13,5,8
"N00003134",2,2,0
"N00003135",3,2,1
"N00003136",2,2,0
"N00003137",2,2,0
"N00003138",0,0,0
"N00003139",2,1,1
"N00003140",5,3,2
"N00003141",8,6,2
"N00003142",9,4,5
"N00003143",0,0,0
"N00003144",8,2,6
"N00003145",7,5,2
"N00003146",0,0,0
"N00003147",14,6,8
"N00003148",4,3,1
"N00003149",6,5,1
"N00003150",5,2,3
"N00003151",0,0,0
"N00003152",9,4,5
"N00003153",8,2,6
"N00003154",6,2,4
"N00003155",0,0,0
"N00003156",1,0,1
"N00003157",2,0,2
"N00003158",4,4,0
"N00003159",4,1,3
"N00003160",1,0,1
"N00003161",23,11,12
"N00003162",5,2,3
"N00003163",7,3,4
"N00003164",12,4,8
"N00003165",2,1,1
"N00003166",10,3,7
"N00003167",8,2,6
"N00003168",2,1,1
"N00003169",6,4,2
"N00003170",5,3,2
"N00003171",3,1,2
"N00003172",3,2,1
"N00003173",5,3,2
"N00003174",0,0,0
"N00003175",0,0,0
"N00003176",10,5,5
"N00003177",8,1,7
"N00003178",3,2,1
"N00003179",8,4,4
"N00003180",6,3,3
"N00003181",9,6,3
"N00003182",5,4,1
"N00003183",8,3,5
"N00003184",5,1,4
"N00003185",1,0,1
"N00003186",0,0,0
"N00003187",3,0,3
"N00003188",9,3,6
"N00003189",3,1,2
"N00003190",12,4,8
"N00003191",5,2,3
"N00003192",2,0,2
"N00003193",5,3,2
"N00003194",12,4,8
"N00003195",6,4,2
"N00003196",7,2,5
"N00003197",5,1,4
"N00003198",5,3,2
"N00003199",1,1,0
"N00003200",8,3,5
"N00003201",9,4,5
"N00003202",1,1,0
"N00003203",0,0,0
"N00003204",7,5,2
"N00003205",3,2,1
"N00003206",5,4,1
"N00003207",9,4,5
"N00003208",5,3,2
"N00003209",5,2,3
"N00003210",2,1,1
"N00003211",0,0,0
"N00003212",1,1,0
"N00003213",0,0,0
"N00003214",0,0,0
"N00003215",0,0,0
"N00003216",4,1,3
"N00003217",5,3,2
"N00003218",11,4,7
"N00003219",1,0,1
"N00003220",7,3,4
"N00003221",7,4,3
"N00003222",6,2,4
"N00003223",1,1,0
"N00003224",1,1,0
"N00003225",7,3,4
"N00003226",8,6,2
"N00003227",2,1,1
"N00003228",3,2,1
"N00003229",4,2,2
"N00003230",0,0,0
"N00003231",3,1,2
"N00003232",5,3,2
"N00003233",1,1,0
"N00003234",8,4,4
"N00003235",9,5,4
"N00003236",5,4,1
"N00003237",15,7,8
"N00003238",8,4,4
"N00003239",10,1,9
"N00003240",13,3,10
"N00003241",7,5,2
"N00003242",7,0,7
"N00003243",16,9,7
"N00003244",11,4,7
"N00003245",7,4,3
"N00003246",7,3,4
"N00003247",8,4,4
"N00003248",3,2,1
"N00003249",3,1,2
"N00003250",3,0,3
"N00003251",2,1,1
"N00003252",2,2,0
"N00003253",0,0,0
"N00003254",6,1,5
"N00003255",5,2,3
"N00003256",10,4,6
"N00003257",8,1,7
"N00003258",16,5,11
"N00003259",7,2,5
"N00003260",6,2,4
"N00003261",11,4,7
"N00003262",6,2,4
"N00003263",3,1,2
"N00003264",9,6,3
"N00003265",9,6,3
"N00003266",9,4,5
"N00003267",11,6,5
"N00003268",6,2,4
"N00003269",4,0,4
"N00003270",11,6,5
"N00003271",5,2,3
"N00003272",1,1,0
"N00003273",11,6,5
"N00003274",2,1,1
"N00003275",1,1,0
"N00003276",0,0,0
"N00003277",2,0,2
"N00003278",1,0,1
"N00003279",1,1,0
"N00003280",8,5,3
"N00003281",1,0,1
"N00003282",11,2,9
"N00003283",1,0,1
"N00003284",2,1,1
"N00003285",0,0,0
"N00003286",0,0,0
"N00003287",5,3,2
"N00003288",2,2,0
"N00003289",7,4,3
"N00003290",7,5,2
"N00003291",7,1,6
"N00003292",1,0,1
"N00003293",0,0,0
"N00003294",1,0,1
"N00003295",6,4,2
"N00003296",0,0,0
"N00003297",1,0,1
"N00003298",2,2,0
"N00003299",2,1,1
"N00003300",3,1,2
"N00003301",0,0,0
"N00003302",2,1,1
"N00003303",4,3,1
"N00003304",0,0,0
"N00003305",3,1,2
"N00003306",5,2,3
"N00003307",7,6,1
"N00003308",17,5,12
"N00003309",0,0,0
"N00003310",0,0,0
"N00003311",3,1,2
"N00003312",0,0,0
"N00003313",5,2,3
"N00003314",9,4,5
"N00003315",0,0,0
"N00003316",4,1,3
"N00003317",9,5,4
"N00003318",19,9,10
"N00003319",12,6,6
"N00003320",10,4,6
"N00003321",4,2,2
"N00003322",7,2,5
"N00003323",6,2,4
"N00003324",0,0,0
"N00003325",9,2,7
"N00003326",2,0,2
"N00003327",10,5,5
"N00003328",0,0,0
"N00003329",13,7,6
"N00003330",6,3,3
"N00003331",14,4,10
"N00003332",8,2,6
"N00003333",6,4,2
"N00003334",1,0,1
"N00003335",7,1,6
"N00003336",5,4,1
"N00003337",4,2,2
"N00003338",0,0,0
"N00003339",4,1,3
"N00003340",3,3,0
"N00003341",4,3,1
"N00003342",9,6,3
"N00003343",2,0,2
"N00003344",0,0,0
"N00003345",3,1,2
"N00003346",8,2,6
"N00003347",5,3,2
"N00003348",10,3,7
"N00003349",10,4,6
"N00003350",3,2,1
"N00003351",4,0,4
"N00003352",5,2,3
"N00003353",5,3,2
"N00003354",1,0,1
"N00003355",5,0,5
"N00003356",4,1,3
"N00003357",7,4,3
"N00003358",8,0,8
"N00003359",9,6,3
"N00003360",2,1,1
"N00003361",2,2,0
"N00003362",8,6,2
"N00003363",6,2,4
"N00003364",2,0,2
"N00003365",16,7,9
"N00003366",1,0,1
"N00003367",6,4,2
"N00003368",2,2,0
"N00003369",1,0,1
"N00003370",2,0,2
"N00003371",2,1,1
"N00003372",1,1,0
"N00003373",0,0,0
"N00003374",0,0,0
"N00003375",0,0,0
"N00003376",0,0,0
"N00003377",0,0,0
"N00003378",2,1,1
"N00003379",1,1,0
"N00003380",2,2,0
"N00003381",7,6,1
"N00003382",0,0,0
"N00003383",2,1,1
"N00003384",11,7,4
"N00003385",9,1,8
"N00003386",0,0,0
"N00003387",16,10,6
"N00003388",9,4,5
"N00003389",14,10,4
"N00003390",5,3,2
"N00003391",0,0,0
"N00003392",11,5,6
"N00003393",1,1,0
"N00003394",11,6,5
"N00003395",1,1,0
"N00003396",11,7,4
"N00003397",3,2,1
"N00003398",2,1,1
"N00003399",6,3,3
"N00003400",5,2,3
"N00003401",5,4,1
"N00003402",1,0,1
"N00003403",1,0,1
"N00003404",0,0,0
"N00003405",0,0,0
"N00003406",0,0,0
"N00003407",5,3,2
"N00003408",2,1,1
"N00003409",0,0,0
"N00003410",9,3,6
"N00003411",1,0,1
"N00003412",0,0,0
"N00003413",1,0,1
"N00003414",2,0,2
"N00003415",4,1,3
"N00003416",0,0,0
"N00003417",0,0,0
"N00003418",4,1,3
"N00003419",6,2,4
"N00003420",1,1,0
"N00003421",0,0,0
"N00003422",6,2,4
"N00003423",2,0,2
"N00003424",5,2,3
"N00003425",0,0,0
"N00003426",10,3,7
"N00003427",1,0,1
"N00003428",0,0,0
"N00003429",1,1,0
"N00003430",1,0,1
"N00003431",0,0,0
"N00003432",0,0,0
"N00003433",0,0,0
"N00003434",3,0,3
"N00003435",1,0,1
"N00003436",3,2,1
"N00003437",1,0,1
"N00003438",7,2,5
"N00003439",4,2,2
"N00003440",7,4,3
"N00003441",2,1,1
"N00003442",0,0,0
"N00003443",3,1,2
"N00003444",3,2,1
"N00003445",0,0,0
"N00003446",6,3,3
"N00003447",0,0,0
"N00003448",10,5,5
"N00003449",5,1,4
"N00003450",3,1,2
"N00003451",1,0,1
"N00003452",5,2,3
"N00003453",3,1,2
"N00003454",5,0,5
"N00003455",3,3,0
"N00003456",4,3,1
"N00003457",0,0,0
"N00003458",0,0,0
"N00003459",3,2,1
"N00003460",5,3,2
"N00003461",2,1,1
"N00003462",9,5,4
"N00003463",10,1,9
"N00003464",8,3,5
"N00003465",3,1,2
"N00003466",1,0,1
"N00003467",7,5,2
"N00003468",2,1,1
"N00003469",3,1,2
"N00003470",6,2,4
"N00003471",2,1,1
"N00003472",3,3,0
"N00003473",4,1,3
"N00003474",9,4,5
"N00003475",15,12,3
"N00003476",16,8,8
"N00003477",1,0,1
"N00003478",12,5,7
"N00003479",23,10,13
"N00003480",0,0,0
"N00003481",2,2,0
"N00003482",1,0,1
"N00003483",0,0,0
"N00003484",0,0,0
"N00003485",0,0,0
"N00003486",0,0,0
"N00003487",0,0,0
"N00003488",3,1,2
"N00003489",0,0,0
"N00003490",1,0,1
"N00003491",1,1,0
"N00003492",2,1,1
"N00003493",4,2,2
"N00003494",6,2,4
"N00003495",2,1,1
"N00003496",5,3,2
"N00003497",0,0,0
"N00003498",1,0,1
"N00003499",1,0,1
"N00003500",1,0,1
"N00003501",0,0,0
"N00003502",0,0,0
"N00003503",2,2,0
"N00003504",5,1,4
"N00003505",0,0,0
"N00003506",0,0,0
"N00003507",0,0,0
"N00003508",1,1,0
"N00003509",0,0,0
"N00003510",0,0,0
"N00003511",0,0,0
"N00003512",2,1,1
"N00003513",0,0,0
"N00003514",0,0,0
"N00003515",2,2,0
"N00003516",0,0,0
"N00003517",0,0,0
"N00003518",1,0,1
"N00003519",0,0,0
"N00003520",0,0,0
"N00003521",13,4,9
"N00003522",8,6,2
"N00003523",12,3,9
"N00003524",41,15,26
"N00003525",4,4,0
"N00003526",9,4,5
"N00003527",10,1,9
"N00003528",16,9,7
"N00003529",1,0,1
"N00003530",4,0,4
"N00003531",7,1,6
"N00003532",4,1,3
"N00003533",2,1,1
"N00003534",4,3,1
"N00003535",15,3,12
"N00003536",1,0,1
"N00003537",5,4,1
"N00003538",3,3,0
"N00003539",5,1,4
"N00003540",2,1,1
"N00003541",2,0,2
"N00003542",0,0,0
"N00003543",4,2,2
"N00003544",5,3,2
"N00003545",5,3,2
"N00003546",0,0,0
"N00003547",8,5,3
"N00003548",18,9,9
"N00003549",13,5,8
"N00003550",16,5,11
"N00003551",8,3,5
"N00003552",3,1,2
"N00003553",9,4,5
"N00003554",3,2,1
"N00003555",1,0,1
"N00003556",4,2,2
"N00003557",3,1,2
"N00003558",11,7,4
"N00003559",6,2,4
"N00003560",13,4,9
"N00003561",10,2,8
"N00003562",13,5,8
"N00003563",6,3,3
"N00003564",13,6,7
"N00003565",11,7,4
"N00003566",7,2,5
"N00003567",13,8,5
"N00003568",8,1,7
"N00003569",6,3,3
"N00003570",7,2,5
"N00003571",0,0,0
"N00003572",11,8,3
"N00003573",8,2,6
"N00003574",13,6,7
"N00003575",3,1,2
"N00003576",10,6,4
"N00003577",6,4,2
"N00003578",3,1,2
"N00003579",19,8,11
"N00003580",11,7,4
"N00003581",7,3,4
"N00003582",6,4,2
"N00003583",7,6,1
"N00003584",6,0,6
"N00003585",0,0,0
"N00003586",1,1,0
"N00003587",8,6,2
"N00003588",8,6,2
"N00003589",13,5,8
"N00003590",11,7,4
"N00003591",4,2,2
"N00003592",3,2,1
"N00003593",5,3,2
"N00003594",3,1,2
"N00003595",10,4,6
"N00003596",2,1,1
"N00003597",8,6,2
"N00003598",4,3,1
"N00003599",7,6,1
"N00003600",2,0,2
"N00003601",14,9,5
"N00003602",1,0,1
"N00003603",7,4,3
"N00003604",2,0,2
"N00003605",1,0,1
"N00003606",6,2,4
"N00003607",10,5,5
"N00003608",9,5,4
"N00003609",2,0,2
"N00003610",5,4,1
"N00003611",0,0,0
"N00003612",3,2,1
"N00003613",0,0,0
"N00003614",5,2,3
"N00003615",6,4,2
"N00003616",6,4,2
"N00003617",0,0,0
"N00003618",12,9,3
"N00003619",6,2,4
"N00003620",3,2,1
"N00003621",5,1,4
"N00003622",8,3,5
"N00003623",1,0,1
"N00003624",15,6,9
"N00003625",1,0,1
"N00003626",7,4,3
"N00003627",3,1,2
"N00003628",4,4,0
"N00003629",11,10,1
"N00003630",17,9,8
"N00003631",3,1,2
"N00003632",7,5,2
"N00003633",0,0,0
"N00003634",2,1,1
"N00003635",6,2,4
"N00003636",5,2,3
"N00003637",11,1,10
"N00003638",10,3,7
"N00003639",9,4,5
"N00003640",7,2,5
"N00003641",2,0,2
"N00003642",3,1,2
"N00003643",5,2,3
"N00003644",14,7,7
"N00003645",7,3,4
"N00003646",13,3,10
"N00003647",5,1,4
"N00003648",13,6,7
"N00003649",9,4,5
"N00003650",6,4,2
"N00003651",8,3,5
"N00003652",22,6,16
"N00003653",13,2,11
"N00003654",0,0,0
"N00003655",1,0,1
"N00003656",3,0,3
"N00003657",5,4,1
"N00003658",2,1,1
"N00003659",3,3,0
"N00003660",4,2,2
"N00003661",4,2,2
"N00003662",0,0,0
"N00003663",3,1,2
"N00003664",7,5,2
"N00003665",7,2,5
"N00003666",0,0,0
"N00003667",6,1,5
"N00003668",11,3,8
"N00003669",8,4,4
"N00003670",9,7,2
"N00003671",3,1,2
"N00003672",11,6,5
"N00003673",4,2,2
"N00003674",6,2,4
"N00003675",6,2,4
"N00003676",1,1,0
"N00003677",1,0,1
"N00003678",0,0,0
"N00003679",3,1,2
"N00003680",1,0,1
"N00003681",0,0,0
"N00003682",0,0,0
"N00003683",5,2,3
"N00003684",0,0,0
"N00003685",4,2,2
"N00003686",3,2,1
"N00003687",7,3,4
"N00003688",1,0,1
"N00003689",0,0,0
"N00003690",7,0,7
"N00003691",7,5,2
"N00003692",14,7,7
"N00003693",3,1,2
"N00003694",9,3,6
"N00003695",9,5,4
"N00003696",6,1,5
"N00003697",15,5,10
"N00003698",8,3,5
"N00003699",9,5,4
"N00003700",17,5,12
"N00003701",12,6,6
"N00003702",18,8,10
"N00003703",11,4,7
"N00003704",7,4,3
"N00003705",6,4,2
"N00003706",2,0,2
"N00003707",10,4,6
"N00003708",11,3,8
"N00003709",5,4,1
"N00003710",6,4,2
"N00003711",4,2,2
"N00003712",1,0,1
"N00003713",3,0,3
"N00003714",3,1,2
"N00003715",3,1,2
"N00003716",9,6,3
"N00003717",1,1,0
"N00003718",40,24,16
"N00003719",7,4,3
"N00003720",12,6,6
"N00003721",12,2,10
"N00003722",5,1,4
"N00003723",4,1,3
"N00003724",10,5,5
"N00003725",1,0,1
"N00003726",0,0,0
"N00003727",4,1,3
"N00003728",10,6,4
"N00003729",4,3,1
"N00003730",4,0,4
"N00003731",7,2,5
"N00003732",14,4,10
"N00003733",5,2,3
"N00003734",11,4,7
"N00003735",0,0,0
"N00003736",6,3,3
"N00003737",2,1,1
"N00003738",0,0,0
"N00003739",3,2,1
"N00003740",2,1,1
"N00003741",0,0,0
"N00003742",1,0,1
"N00003743",6,2,4
"N00003744",5,3,2
"N00003745",13,8,5
"N00003746",10,4,6
"N00003747",5,1,4
"N00003748",6,2,4
"N00003749",12,4,8
"N00003750",4,1,3
"N00003751",9,4,5
"N00003752",10,4,6
"N00003753",3,1,2
"N00003754",8,4,4
"N00003755",4,2,2
"N00003756",0,0,0
"N00003757",6,4,2
"N00003758",3,0,3
"N00003759",4,2,2
"N00003760",1,1,0
"N00003761",8,4,4
"N00003762",15,5,10
"N00003763",8,3,5
"N00003764",5,2,3
"N00003765",7,2,5
"N00003766",11,5,6
"N00003767",9,5,4
"N00003768",7,5,2
"N00003769",7,4,3
"N00003770",1,1,0
"N00003771",9,3,6
"N00003772",0,0,0
"N00003773",8,5,3
"N00003774",5,3,2
"N00003775",21,12,9
"N00003776",0,0,0
"N00003777",2,0,2
"N00003778",0,0,0
"N00003779",0,0,0
"N00003780",12,3,9
"N00003781",11,5,6
"N00003782",17,11,6
"N00003783",4,1,3
"N00003784",10,5,5
"N00003785",16,8,8
"N00003786",13,8,5
"N00003787",6,1,5
"N00003788",1,0,1
"N00003789",8,5,3
"N00003790",4,0,4
"N00003791",11,6,5
"N00003792",3,1,2
"N00003793",17,7,10
"N00003794",3,0,3
"N00003795",15,5,10
"N00003796",13,6,7
"N00003797",8,2,6
"N00003798",5,3,2
"N00003799",5,1,4
"N00003800",6,2,4
"N00003801",1,1,0
"N00003802",8,4,4
"N00003803",3,3,0
"N00003804",3,1,2
"N00003805",1,0,1
"N00003806",2,1,1
"N00003807",0,0,0
"N00003808",3,1,2
"N00003809",7,3,4
"N00003810",1,1,0
"N00003811",6,4,2
"N00003812",5,3,2
"N00003813",3,0,3
"N00003814",5,1,4
"N00003815",6,4,2
"N00003816",2,1,1
"N00003817",8,4,4
"N00003818",8,2,6
"N00003819",13,6,7
"N00003820",15,4,11
"N00003821",7,4,3
"N00003822",9,4,5
"N00003823",9,4,5
"N00003824",14,2,12
"N00003825",8,3,5
"N00003826",10,3,7
"N00003827",21,9,12
"N00003828",7,3,4
"N00003829",6,2,4
"N00003830",5,1,4
"N00003831",0,0,0
"N00003832",10,3,7
"N00003833",2,1,1
"N00003834",4,2,2
"N00003835",13,7,6
"N00003836",16,7,9
"N00003837",8,5,3
"N00003838",2,1,1
"N00003839",9,2,7
"N00003840",15,5,10
"N00003841",8,3,5
"N00003842",15,5,10
"N00003843",6,3,3
"N00003844",21,9,12
"N00003845",6,4,2
"N00003846",5,4,1
"N00003847",1,1,0
"N00003848",2,1,1
"N00003849",10,5,5
"N00003850",4,2,2
"N00003851",9,1,8
"N00003852",4,2,2
"N00003853",7,2,5
"N00003854",8,2,6
"N00003855",11,6,5
"N00003856",6,3,3
"N00003857",20,8,12
"N00003858",4,1,3
"N00003859",5,2,3
"N00003860",12,5,7
"N00003861",2,1,1
"N00003862",5,3,2
"N00003863",2,1,1
"N00003864",6,2,4
"N00003865",5,3,2
"N00003866",4,0,4
"N00003867",9,4,5
"N00003868",2,0,2
"N00003869",11,4,7
"N00003870",0,0,0
"N00003871",14,4,10
"N00003872",2,0,2
"N00003873",12,5,7
"N00003874",9,5,4
"N00003875",8,6,2
"N00003876",8,3,5
"N00003877",9,5,4
"N00003878",4,2,2
"N00003879",5,2,3
"N00003880",6,5,1
"N00003881",10,2,8
"N00003882",9,6,3
"N00003883",18,6,12
"N00003884",10,3,7
"N00003885",2,1,1
"N00003886",0,0,0
"N00003887",3,1,2
"N00003888",2,1,1
"N00003889",6,3,3
"N00003890",0,0,0
"N00003891",2,0,2
"N00003892",2,2,0
"N00003893",0,0,0
"N00003894",5,2,3
"N00003895",1,1,0
"N00003896",2,0,2
"N00003897",0,0,0
"N00003898",7,2,5
"N00003899",8,2,6
"N00003900",0,0,0
"N00003901",2,2,0
"N00003902",3,2,1
"N00003903",5,2,3
"N00003904",9,6,3
"N00003905",0,0,0
"N00003906",1,1,0
"N00003907",2,1,1
"N00003908",0,0,0
"N00003909",2,2,0
"N00003910",5,4,1
"N00003911",7,3,4
"N00003912",1,0,1
"N00003913",0,0,0
"N00003914",0,0,0
"N00003915",0,0,0
"N00003916",3,2,1
"N00003917",0,0,0
"N00003918",0,0,0
"N00003919",1,1,0
"N00003920",0,0,0
"N00003921",0,0,0
"N00003922",1,1,0
"N00003923",1,1,0
"N00003924",2,2,0
"N00003925",1,0,1
"N00003926",5,2,3
"N00003927",4,1,3
"N00003928",4,2,2
"N00003929",2,1,1
"N00003930",2,1,1
"N00003931",1,0,1
"N00003932",2,1,1
"N00003933",13,6,7
"N00003934",0,0,0
"N00003935",7,3,4
"N00003936",10,5,5
"N00003937",14,5,9
"N00003938",0,0,0
"N00003939",6,3,3
"N00003940",12,8,4
"N00003941",4,2,2
"N00003942",4,2,2
"N00003943",3,3,0
"N00003944",1,0,1
"N00003945",6,4,2
"N00003946",6,4,2
"N00003947",6,5,1
"N00003948",1,0,1
"N00003949",0,0,0
"N00003950",0,0,0
"N00003951",4,2,2
"N00003952",5,2,3
"N00003953",3,3,0
"N00003954",3,1,2
"N00003955",5,4,1
"N00003956",1,0,1
"N00003957",2,0,2
"N00003958",2,1,1
"N00003959",0,0,0
"N00003960",0,0,0
"N00003961",0,0,0
"N00003962",6,3,3
"N00003963",2,2,0
"N00003964",0,0,0
"N00003965",2,1,1
"N00003966",2,2,0
"N00003967",7,3,4
"N00003968",0,0,0
"N00003969",1,1,0
"N00003970",1,0,1
"N00003971",1,1,0
"N00003972",0,0,0
"N00003973",2,1,1
"N00003974",9,3,6
"N00003975",5,4,1
"N00003976",2,1,1
"N00003977",5,2,3
"N00003978",0,0,0
"N00003979",3,1,2
"N00003980",5,2,3
"N00003981",1,0,1
"N00003982",1,0,1
"N00003983",0,0,0
"N00003984",0,0,0
"N00003985",0,0,0
"N00003986",2,2,0
"N00003987",1,1,0
"N00003988",0,0,0
"N00003989",3,0,3
"N00003990",5,3,2
"N00003991",0,0,0
"N00003992",4,0,4
"N00003993",3,1,2
"N00003994",3,2,1
"N00003995",10,4,6
"N00003996",0,0,0
"N00003997",4,2,2
"N00003998",3,2,1
"N00003999",3,2,1
"N00004000",1,0,1
"N00004001",0,0,0
"N00004002",2,1,1
"N00004003",1,0,1
"N00004004",0,0,0
"N00004005",0,0,0
"N00004006",2,1,1
"N00004007",0,0,0
"N00004008",7,3,4
"N00004009",2,1,1
"N00004010",2,0,2
"N00004011",5,3,2
"N00004012",3,1,2
"N00004013",3,3,0
"N00004014",8,5,3
"N00004015",5,2,3
"N00004016",2,1,1
"N00004017",2,1,1
"N00004018",0,0,0
"N00004019",8,4,4
"N00004020",3,2,1
"N00004021",4,2,2
"N00004022",0,0,0
"N00004023",0,0,0
"N00004024",0,0,0
"N00004025",0,0,0
"N00004026",5,2,3
"N00004027",0,0,0
"N00004028",0,0,0
"N00004029",0,0,0
"N00004030",0,0,0
"N00004031",0,0,0
"N00004032",0,0,0
"N00004033",2,0,2
"N00004034",2,1,1
"N00004035",1,1,0
"N00004036",1,1,0
"N00004037",1,0,1
"N00004038",0,0,0
"N00004039",3,0,3
"N00004040",4,2,2
"N00004041",2,0,2
"N00004042",10,2,8
"N00004043",2,1,1
"N00004044",1,0,1
"N00004045",1,1,0
"N00004046",2,2,0
"N00004047",18,10,8
"N00004048",9,5,4
"N00004049",4,1,3
"N00004050",8,5,3
"N00004051",32,10,22
"N00004052",12,6,6
"N00004053",4,0,4
"N00004054",6,4,2
"N00004055",0,0,0
"N00004056",13,8,5
"N00004057",5,4,1
"N00004058",12,5,7
"N00004059",9,4,5
"N00004060",1,0,1
"N00004061",5,2,3
"N00004062",7,2,5
"N00004063",11,2,9
"N00004064",10,2,8
"N00004065",1,1,0
"N00004066",0,0,0
"N00004067",1,0,1
"N00004068",1,1,0
"N00004069",0,0,0
"N00004070",0,0,0
"N00004071",1,1,0
"N00004072",1,0,1
"N00004073",4,2,2
"N00004074",1,1,0
"N00004075",4,2,2
"N00004076",3,2,1
"N00004077",1,0,1
"N00004078",0,0,0
"N00004079",5,3,2
"N00004080",0,0,0
"N00004081",1,0,1
"N00004082",3,2,1
"N00004083",0,0,0
"N00004084",4,2,2
"N00004085",12,1,11
"N00004086",0,0,0
"N00004087",4,3,1
"N00004088",4,2,2
"N00004089",6,2,4
"N00004090",9,1,8
"N00004091",9,4,5
"N00004092",1,1,0
"N00004093",1,0,1
"N00004094",1,1,0
"N00004095",0,0,0
"N00004096",0,0,0
"N00004097",2,0,2
"N00004098",0,0,0
"N00004099",3,2,1
"N00004100",3,1,2
"N00004101",0,0,0
"N00004102",0,0,0
"N00004103",0,0,0
"N00004104",1,0,1
"N00004105",0,0,0
"N00004106",0,0,0
"N00004107",0,0,0
"N00004108",0,0,0
"N00004109",0,0,0
"N00004110",1,1,0
"N00004111",7,3,4
"N00004112",12,5,7
"N00004113",11,8,3
"N00004114",1,0,1
"N00004115",3,2,1
"N00004116",15,6,9
"N00004117",12,5,7
"N00004118",4,1,3
"N00004119",1,0,1
"N00004120",1,0,1
"N00004121",4,2,2
"N00004122",13,3,10
"N00004123",11,3,8
"N00004124",3,1,2
"N00004125",6,2,4
"N00004126",7,2,5
"N00004127",8,6,2
"N00004128",11,8,3
"N00004129",6,3,3
"N00004130",12,4,8
"N00004131",5,2,3
"N00004132",4,3,1
"N00004133",6,4,2
"N00004134",9,4,5
"N00004135",2,0,2
"N00004136",13,8,5
"N00004137",9,4,5
"N00004138",4,1,3
"N00004139",12,4,8
"N00004140",9,2,7
"N00004141",2,1,1
"N00004142",7,4,3
"N00004143",6,3,3
"N00004144",1,0,1
"N00004145",1,1,0
"N00004146",9,6,3
"N00004147",5,3,2
"N00004148",0,0,0
"N00004149",1,1,0
"N00004150",9,6,3
"N00004151",0,0,0
"N00004152",1,0,1
"N00004153",5,2,3
"N00004154",3,1,2
"N00004155",3,2,1
"N00004156",3,0,3
"N00004157",7,5,2
"N00004158",10,7,3
"N00004159",2,2,0
"N00004160",0,0,0
"N00004161",1,1,0
"N00004162",0,0,0
"N00004163",9,4,5
"N00004164",4,0,4
"N00004165",4,3,1
"N00004166",0,0,0
"N00004167",0,0,0
"N00004168",0,0,0
"N00004169",6,1,5
"N00004170",6,4,2
"N00004171",9,5,4
"N00004172",3,3,0
"N00004173",4,4,0
"N00004174",3,2,1
"N00004175",8,4,4
"N00004176",5,2,3
"N00004177",2,0,2
"N00004178",4,1,3
"N00004179",2,2,0
"N00004180",4,1,3
"N00004181",9,3,6
"N00004182",5,3,2
"N00004183",0,0,0
"N00004184",4,3,1
"N00004185",9,6,3
"N00004186",4,1,3
"N00004187",6,4,2
"N00004188",4,1,3
"N00004189",0,0,0
"N00004190",3,1,2
"N00004191",11,6,5
"N00004192",3,2,1
"N00004193",4,4,0
"N00004194",3,1,2
"N00004195",1,1,0
"N00004196",15,5,10
"N00004197",0,0,0
"N00004198",2,1,1
"N00004199",8,4,4
"N00004200",4,0,4
"N00004201",5,2,3
"N00004202",2,1,1
"N00004203",0,0,0
"N00004204",0,0,0
"N00004205",0,0,0
"N00004206",0,0,0
"N00004207",11,3,8
"N00004208",0,0,0
"N00004209",9,3,6
"N00004210",4,0,4
"N00004211",5,2,3
"N00004212",13,4,9
"N00004213",0,0,0
"N00004214",2,0,2
"N00004215",2,2,0
"N00004216",1,1,0
"N00004217",1,0,1
"N00004218",0,0,0
"N00004219",14,7,7
"N00004220",4,2,2
"N00004221",14,5,9
"N00004222",12,7,5
"N00004223",4,2,2
"N00004224",14,8,6
"N00004225",6,5,1
"N00004226",10,4,6
"N00004227",6,4,2
"N00004228",9,6,3
"N00004229",3,1,2
"N00004230",8,4,4
"N00004231",10,4,6
"N00004232",4,2,2
"N00004233",3,3,0
"N00004234",4,2,2
"N00004235",11,6,5
"N00004236",8,5,3
"N00004237",3,1,2
"N00004238",13,6,7
"N00004239",1,0,1
"N00004240",6,4,2
"N00004241",7,4,3
"N00004242",6,2,4
"N00004243",0,0,0
"N00004244",0,0,0
"N00004245",2,0,2
"N00004246",3,0,3
"N00004247",4,2,2
"N00004248",1,1,0
"N00004249",2,2,0
"N00004250",0,0,0
"N00004251",1,1,0
"N00004252",6,3,3
"N00004253",7,3,4
"N00004254",4,1,3
"N00004255",1,0,1
"N00004256",13,4,9
"N00004257",0,0,0
"N00004258",0,0,0
"N00004259",1,0,1
"N00004260",5,2,3
"N00004261",2,1,1
"N00004262",3,1,2
"N00004263",1,1,0
"N00004264",3,2,1
"N00004265",0,0,0
"N00004266",7,5,2
"N00004267",3,2,1
"N00004268",9,4,5
"N00004269",4,1,3
"N00004270",2,1,1
"N00004271",1,1,0
"N00004272",1,1,0
"N00004273",5,3,2
"N00004274",2,1,1
"N00004275",2,0,2
"N00004276",18,5,13
"N00004277",3,1,2
"N00004278",3,2,1
"N00004279",1,0,1
"N00004280",4,0,4
"N00004281",8,1,7
"N00004282",0,0,0
"N00004283",6,3,3
"N00004284",4,4,0
"N00004285",8,2,6
"N00004286",10,9,1
"N00004287",6,4,2
"N00004288",2,0,2
"N00004289",0,0,0
"N00004290",2,2,0
"N00004291",2,2,0
"N00004292",0,0,0
"N00004293",0,0,0
"N00004294",8,7,1
"N00004295",8,6,2
"N00004296",0,0,0
"N00004297",4,3,1
"N00004298",15,7,8
"N00004299",13,6,7
"N00004300",2,0,2
"N00004301",14,9,5
"N00004302",6,4,2
"N00004303",4,1,3
"N00004304",5,2,3
"N00004305",0,0,0
"N00004306",1,1,0
"N00004307",1,0,1
"N00004308",3,1,2
"N00004309",3,1,2
"N00004310",2,2,0
"N00004311",0,0,0
"N00004312",2,0,2
"N00004313",2,1,1
"N00004314",2,1,1
"N00004315",0,0,0
"N00004316",2,0,2
"N00004317",1,1,0
"N00004318",0,0,0
"N00004319",2,1,1
"N00004320",0,0,0
"N00004321",15,7,8
"N00004322",3,0,3
"N00004323",4,2,2
"N00004324",0,0,0
"N00004325",3,1,2
"N00004326",2,1,1
"N00004327",1,1,0
"N00004328",6,6,0
"N00004329",2,0,2
"N00004330",1,1,0
"N00004331",0,0,0
"N00004332",1,1,0
"N00004333",0,0,0
"N00004334",1,0,1
"N00004335",0,0,0
"N00004336",1,1,0
"N00004337",0,0,0
"N00004338",8,2,6
"N00004339",22,7,15
"N00004340",16,8,8
"N00004341",4,2,2
"N00004342",4,3,1
"N00004343",7,4,3
"N00004344",6,5,1
"N00004345",9,1,8
"N00004346",7,4,3
"N00004347",16,7,9
"N00004348",2,2,0
"N00004349",5,2,3
"N00004350",25,16,9
"N00004351",8,3,5
"N00004352",24,15,9
"N00004353",6,4,2
"N00004354",6,4,2
"N00004355",5,1,4
"N00004356",1,0,1
"N00004357",33,20,13
"N00004358",6,4,2
"N00004359",11,4,7
"N00004360",15,10,5
"N00004361",2,0,2
"N00004362",20,14,6
"N00004363",13,4,9
"N00004364",13,5,8
"N00004365",5,4,1
"N00004366",1,1,0
"N00004367",12,5,7
"N00004368",19,12,7
"N00004369",5,3,2
"N00004370",12,8,4
"N00004371",9,4,5
"N00004372",15,6,9
"N00004373",7,5,2
"N00004374",6,3,3
"N00004375",13,5,8
"N00004376",4,1,3
"N00004377",7,3,4
"N00004378",0,0,0
"N00004379",0,0,0
"N00004380",6,3,3
"N00004381",2,0,2
"N00004382",9,5,4
"N00004383",4,3,1
"N00004384",4,2,2
"N00004385",9,5,4
"N00004386",7,3,4
"N00004387",14,8,6
"N00004388",9,5,4
"N00004389",13,8,5
"N00004390",8,1,7
"N00004391",8,2,6
"N00004392",5,2,3
"N00004393",6,4,2
"N00004394",2,0,2
"N00004395",7,4,3
"N00004396",6,2,4
"N00004397",4,1,3
"N00004398",14,7,7
"N00004399",29,12,17
"N00004400",15,4,11
"N00004401",19,11,8
"N00004402",17,13,4
"N00004403",6,3,3
"N00004404",15,5,10
"N00004405",10,3,7
"N00004406",7,3,4
"N00004407",8,5,3
"N00004408",1,0,1
"N00004409",11,5,6
"N00004410",12,6,6
"N00004411",15,4,11
"N00004412",7,2,5
"N00004413",2,1,1
"N00004414",2,1,1
"N00004415",2,2,0
"N00004416",9,5,4
"N00004417",6,5,1
"N00004418",7,4,3
"N00004419",9,3,6
"N00004420",11,4,7
"N00004421",5,1,4
"N00004422",11,0,11
"N00004423",11,5,6
"N00004424",7,3,4
"N00004425",10,5,5
"N00004426",15,3,12
"N00004427",10,4,6
"N00004428",12,4,8
"N00004429",6,3,3
"N00004430",10,3,7
"N00004431",9,4,5
"N00004432",0,0,0
"N00004433",3,1,2
"N00004434",6,5,1
"N00004435",5,4,1
"N00004436",6,2,4
"N00004437",10,6,4
"N00004438",12,5,7
"N00004439",14,4,10
"N00004440",10,6,4
"N00004441",10,4,6
"N00004442",13,3,10
"N00004443",13,7,6
"N00004444",3,2,1
"N00004445",8,4,4
"N00004446",1,1,0
"N00004447",4,3,1
"N00004448",7,2,5
"N00004449",13,4,9
"N00004450",10,6,4
"N00004451",10,4,6
"N00004452",7,1,6
"N00004453",2,1,1
"N00004454",1,1,0
"N00004455",1,0,1
"N00004456",3,1,2
"N00004457",9,5,4
"N00004458",5,2,3
"N00004459",14,6,8
"N00004460",4,3,1
"N00004461",4,2,2
"N00004462",3,0,3
"N00004463",13,6,7
"N00004464",3,2,1
"N00004465",4,3,1
"N00004466",4,1,3
"N00004467",2,1,1
"N00004468",9,2,7
"N00004469",8,3,5
"N00004470",1,0,1
"N00004471",7,2,5
"N00004472",22,5,17
"N00004473",7,2,5
"N00004474",16,7,9
"N00004475",0,0,0
"N00004476",1,0,1
"N00004477",3,3,0
"N00004478",7,4,3
"N00004479",11,4,7
"N00004480",8,4,4
"N00004481",9,6,3
"N00004482",3,2,1
"N00004483",1,1,0
"N00004484",10,2,8
"N00004485",4,1,3
"N00004486",1,1,0
"N00004487",6,4,2
"N00004488",8,2,6
"N00004489",3,2,1
"N00004490",5,2,3
"N00004491",2,0,2
"N00004492",0,0,0
"N00004493",2,2,0
"N00004494",0,0,0
"N00004495",4,3,1
"N00004496",18,8,10
"N00004497",7,4,3
"N00004498",35,11,24
"N00004499",0,0,0
"N00004500",0,0,0
"N00004501",13,6,7
"N00004502",1,1,0
"N00004503",9,2,7
"N00004504",6,3,3
"N00004505",7,2,5
"N00004506",6,2,4
"N00004507",4,2,2
"N00004508",7,2,5
"N00004509",8,5,3
"N00004510",3,2,1
"N00004511",0,0,0
"N00004512",8,2,6
"N00004513",6,3,3
"N00004514",4,1,3
"N00004515",6,5,1
"N00004516",7,6,1
"N00004517",5,4,1
"N00004518",2,0,2
"N00004519",4,2,2
"N00004520",18,10,8
"N00004521",3,2,1
"N00004522",9,7,2
"N00004523",5,1,4
"N00004524",2,1,1
"N00004525",13,6,7
"N00004526",6,2,4
"N00004527",4,3,1
"N00004528",11,5,6
"N00004529",5,3,2
"N00004530",6,4,2
"N00004531",9,6,3
"N00004532",6,4,2
"N00004533",1,1,0
"N00004534",21,7,14
"N00004535",11,7,4
"N00004536",0,0,0
"N00004537",3,1,2
