"Geography_Code","NM_1532_1_0","NM_1532_1_1","NM_1532_1_2"
"N00000001",1113,608,505
"N00000002",351,181,170
"N00000003",237,118,119
"N00000004",616,306,310
"N00000005",374,196,178
"N00000006",251,119,132
"N00000007",245,127,118
"N00000008",288,145,143
"N00000009",727,356,371
"N00000010",242,116,126
"N00000011",293,145,148
"N00000012",264,131,133
"N00000013",268,139,129
"N00000014",460,223,237
"N00000015",226,110,116
"N00000016",223,112,111
"N00000017",340,145,195
"N00000018",229,114,115
"N00000019",261,131,130
"N00000020",236,104,132
"N00000021",269,134,135
"N00000022",269,123,146
"N00000023",218,105,113
"N00000024",533,277,256
"N00000025",460,234,226
"N00000026",466,231,235
"N00000027",540,286,254
"N00000028",236,125,111
"N00000029",403,211,192
"N00000030",375,193,182
"N00000031",707,369,338
"N00000032",386,181,205
"N00000033",498,265,233
"N00000034",474,235,239
"N00000035",291,136,155
"N00000036",345,166,179
"N00000037",285,138,147
"N00000038",406,197,209
"N00000039",1262,612,650
"N00000040",265,121,144
"N00000041",462,207,255
"N00000042",410,198,212
"N00000043",1245,603,642
"N00000044",312,148,164
"N00000045",515,272,243
"N00000046",394,200,194
"N00000047",374,182,192
"N00000048",304,138,166
"N00000049",254,124,130
"N00000050",299,154,145
"N00000051",313,151,162
"N00000052",309,160,149
"N00000053",261,130,131
"N00000054",266,115,151
"N00000055",266,131,135
"N00000056",283,143,140
"N00000057",279,130,149
"N00000058",266,122,144
"N00000059",226,118,108
"N00000060",394,180,214
"N00000061",273,133,140
"N00000062",351,166,185
"N00000063",431,187,244
"N00000064",279,143,136
"N00000065",389,189,200
"N00000066",264,128,136
"N00000067",316,148,168
"N00000068",371,184,187
"N00000069",334,156,178
"N00000070",243,110,133
"N00000071",283,129,154
"N00000072",1753,882,871
"N00000073",521,232,289
"N00000074",1047,519,528
"N00000075",410,252,158
"N00000076",344,173,171
"N00000077",275,135,140
"N00000078",488,246,242
"N00000079",564,274,290
"N00000080",424,225,199
"N00000081",339,165,174
"N00000082",342,175,167
"N00000083",650,325,325
"N00000084",456,237,219
"N00000085",437,216,221
"N00000086",395,197,198
"N00000087",913,446,467
"N00000088",216,96,120
"N00000089",478,239,239
"N00000090",392,191,201
"N00000091",476,233,243
"N00000092",504,247,257
"N00000093",421,196,225
"N00000094",492,243,249
"N00000095",468,237,231
"N00000096",464,227,237
"N00000097",850,420,430
"N00000098",1192,597,595
"N00000099",258,118,140
"N00000100",341,151,190
"N00000101",282,140,142
"N00000102",318,162,156
"N00000103",623,293,330
"N00000104",322,166,156
"N00000105",327,160,167
"N00000106",198,91,107
"N00000107",269,129,140
"N00000108",243,120,123
"N00000109",512,247,265
"N00000110",258,129,129
"N00000111",356,180,176
"N00000112",402,192,210
"N00000113",309,150,159
"N00000114",318,164,154
"N00000115",302,144,158
"N00000116",287,141,146
"N00000117",168,80,88
"N00000118",333,169,164
"N00000119",289,136,153
"N00000120",323,151,172
"N00000121",293,136,157
"N00000122",481,240,241
"N00000123",351,171,180
"N00000124",369,172,197
"N00000125",464,212,252
"N00000126",481,233,248
"N00000127",405,206,199
"N00000128",991,508,483
"N00000129",346,150,196
"N00000130",498,244,254
"N00000131",388,184,204
"N00000132",366,184,182
"N00000133",322,154,168
"N00000134",437,219,218
"N00000135",312,163,149
"N00000136",507,250,257
"N00000137",315,162,153
"N00000138",464,223,241
"N00000139",301,146,155
"N00000140",333,167,166
"N00000141",443,200,243
"N00000142",205,97,108
"N00000143",215,113,102
"N00000144",228,111,117
"N00000145",124,49,75
"N00000146",271,137,134
"N00000147",227,121,106
"N00000148",676,328,348
"N00000149",432,198,234
"N00000150",365,175,190
"N00000151",283,153,130
"N00000152",270,136,134
"N00000153",250,113,137
"N00000154",259,141,118
"N00000155",337,170,167
"N00000156",301,137,164
"N00000157",368,182,186
"N00000158",678,332,346
"N00000159",221,105,116
"N00000160",322,152,170
"N00000161",342,175,167
"N00000162",242,125,117
"N00000163",311,149,162
"N00000164",288,150,138
"N00000165",325,174,151
"N00000166",273,128,145
"N00000167",379,179,200
"N00000168",345,168,177
"N00000169",704,359,345
"N00000170",370,184,186
"N00000171",416,194,222
"N00000172",772,393,379
"N00000173",373,195,178
"N00000174",393,173,220
"N00000175",373,184,189
"N00000176",474,223,251
"N00000177",323,152,171
"N00000178",667,300,367
"N00000179",852,415,437
"N00000180",280,120,160
"N00000181",274,159,115
"N00000182",228,101,127
"N00000183",293,150,143
"N00000184",372,162,210
"N00000185",211,97,114
"N00000186",299,135,164
"N00000187",255,111,144
"N00000188",347,167,180
"N00000189",341,161,180
"N00000190",304,153,151
"N00000191",303,159,144
"N00000192",302,140,162
"N00000193",291,132,159
"N00000194",255,116,139
"N00000195",246,112,134
"N00000196",237,103,134
"N00000197",326,160,166
"N00000198",287,138,149
"N00000199",350,168,182
"N00000200",331,153,178
"N00000201",294,137,157
"N00000202",304,145,159
"N00000203",334,173,161
"N00000204",393,192,201
"N00000205",303,154,149
"N00000206",390,187,203
"N00000207",253,124,129
"N00000208",316,158,158
"N00000209",356,178,178
"N00000210",383,163,220
"N00000211",528,245,283
"N00000212",175,88,87
"N00000213",281,147,134
"N00000214",323,149,174
"N00000215",400,197,203
"N00000216",397,200,197
"N00000217",479,233,246
"N00000218",361,184,177
"N00000219",245,130,115
"N00000220",284,149,135
"N00000221",262,120,142
"N00000222",298,136,162
"N00000223",319,161,158
"N00000224",243,128,115
"N00000225",147,63,84
"N00000226",261,113,148
"N00000227",195,93,102
"N00000228",306,151,155
"N00000229",395,189,206
"N00000230",293,129,164
"N00000231",324,151,173
"N00000232",309,146,163
"N00000233",258,128,130
"N00000234",256,127,129
"N00000235",323,149,174
"N00000236",291,134,157
"N00000237",416,217,199
"N00000238",306,149,157
"N00000239",254,118,136
"N00000240",354,147,207
"N00000241",424,219,205
"N00000242",360,177,183
"N00000243",265,127,138
"N00000244",275,128,147
"N00000245",314,157,157
"N00000246",309,143,166
"N00000247",309,158,151
"N00000248",337,168,169
"N00000249",386,199,187
"N00000250",401,191,210
"N00000251",456,225,231
"N00000252",345,176,169
"N00000253",499,254,245
"N00000254",315,155,160
"N00000255",351,174,177
"N00000256",780,395,385
"N00000257",447,205,242
"N00000258",379,183,196
"N00000259",465,224,241
"N00000260",560,281,279
"N00000261",561,283,278
"N00000262",419,211,208
"N00000263",239,120,119
"N00000264",566,280,286
"N00000265",351,169,182
"N00000266",328,168,160
"N00000267",431,221,210
"N00000268",384,205,179
"N00000269",347,181,166
"N00000270",371,186,185
"N00000271",380,195,185
"N00000272",295,134,161
"N00000273",460,236,224
"N00000274",468,226,242
"N00000275",291,144,147
"N00000276",315,149,166
"N00000277",310,156,154
"N00000278",304,147,157
"N00000279",181,87,94
"N00000280",392,165,227
"N00000281",349,172,177
"N00000282",364,185,179
"N00000283",346,173,173
"N00000284",382,176,206
"N00000285",322,143,179
"N00000286",271,131,140
"N00000287",297,142,155
"N00000288",353,169,184
"N00000289",496,248,248
"N00000290",271,123,148
"N00000291",512,252,260
"N00000292",731,359,372
"N00000293",522,256,266
"N00000294",405,186,219
"N00000295",421,179,242
"N00000296",287,128,159
"N00000297",371,184,187
"N00000298",335,169,166
"N00000299",324,158,166
"N00000300",296,135,161
"N00000301",366,183,183
"N00000302",363,175,188
"N00000303",318,161,157
"N00000304",342,183,159
"N00000305",395,206,189
"N00000306",381,192,189
"N00000307",355,177,178
"N00000308",277,136,141
"N00000309",378,191,187
"N00000310",408,197,211
"N00000311",333,175,158
"N00000312",512,264,248
"N00000313",636,313,323
"N00000314",358,192,166
"N00000315",345,182,163
"N00000316",374,189,185
"N00000317",447,230,217
"N00000318",344,171,173
"N00000319",819,418,401
"N00000320",318,153,165
"N00000321",517,254,263
"N00000322",389,201,188
"N00000323",472,234,238
"N00000324",376,182,194
"N00000325",538,248,290
"N00000326",946,455,491
"N00000327",325,163,162
"N00000328",291,137,154
"N00000329",402,191,211
"N00000330",539,261,278
"N00000331",612,280,332
"N00000332",284,131,153
"N00000333",293,127,166
"N00000334",294,139,155
"N00000335",326,158,168
"N00000336",330,158,172
"N00000337",282,138,144
"N00000338",308,146,162
"N00000339",294,146,148
"N00000340",427,198,229
"N00000341",348,173,175
"N00000342",359,177,182
"N00000343",351,186,165
"N00000344",406,217,189
"N00000345",416,205,211
"N00000346",685,322,363
"N00000347",257,127,130
"N00000348",426,187,239
"N00000349",368,186,182
"N00000350",577,301,276
"N00000351",414,216,198
"N00000352",466,251,215
"N00000353",422,213,209
"N00000354",405,212,193
"N00000355",441,230,211
"N00000356",414,186,228
"N00000357",1212,550,662
"N00000358",371,180,191
"N00000359",820,409,411
"N00000360",423,198,225
"N00000361",413,210,203
"N00000362",390,215,175
"N00000363",484,252,232
"N00000364",475,254,221
"N00000365",255,125,130
"N00000366",536,271,265
"N00000367",351,169,182
"N00000368",544,286,258
"N00000369",411,206,205
"N00000370",485,244,241
"N00000371",447,222,225
"N00000372",380,183,197
"N00000373",437,217,220
"N00000374",348,161,187
"N00000375",303,137,166
"N00000376",261,131,130
"N00000377",268,128,140
"N00000378",289,113,176
"N00000379",490,239,251
"N00000380",532,283,249
"N00000381",979,467,512
"N00000382",557,288,269
"N00000383",472,241,231
"N00000384",490,259,231
"N00000385",445,223,222
"N00000386",291,134,157
"N00000387",227,112,115
"N00000388",1602,749,853
"N00000389",445,219,226
"N00000390",972,478,494
"N00000391",524,268,256
"N00000392",1399,686,713
"N00000393",459,225,234
"N00000394",406,219,187
"N00000395",508,259,249
"N00000396",376,190,186
"N00000397",520,277,243
"N00000398",463,236,227
"N00000399",304,143,161
"N00000400",240,121,119
"N00000401",286,141,145
"N00000402",248,109,139
"N00000403",522,243,279
"N00000404",276,155,121
"N00000405",223,110,113
"N00000406",397,201,196
"N00000407",1125,594,531
"N00000408",468,237,231
"N00000409",403,192,211
"N00000410",392,202,190
"N00000411",355,191,164
"N00000412",438,231,207
"N00000413",442,234,208
"N00000414",380,202,178
"N00000415",439,211,228
"N00000416",420,217,203
"N00000417",533,277,256
"N00000418",857,426,431
"N00000419",354,177,177
"N00000420",339,165,174
"N00000421",530,269,261
"N00000422",422,215,207
"N00000423",461,243,218
"N00000424",561,276,285
"N00000425",363,183,180
"N00000426",307,152,155
"N00000427",339,166,173
"N00000428",398,193,205
"N00000429",474,244,230
"N00000430",497,249,248
"N00000431",361,175,186
"N00000432",285,131,154
"N00000433",280,135,145
"N00000434",445,211,234
"N00000435",430,201,229
"N00000436",522,253,269
"N00000437",664,342,322
"N00000438",475,264,211
"N00000439",419,231,188
"N00000440",417,209,208
"N00000441",311,164,147
"N00000442",444,204,240
"N00000443",488,229,259
"N00000444",566,259,307
"N00000445",397,210,187
"N00000446",336,154,182
"N00000447",309,135,174
"N00000448",246,121,125
"N00000449",435,223,212
"N00000450",491,233,258
"N00000451",493,251,242
"N00000452",452,229,223
"N00000453",335,170,165
"N00000454",514,259,255
"N00000455",273,133,140
"N00000456",322,152,170
"N00000457",347,181,166
"N00000458",366,175,191
"N00000459",690,348,342
"N00000460",359,186,173
"N00000461",421,211,210
"N00000462",232,103,129
"N00000463",777,391,386
"N00000464",436,220,216
"N00000465",305,154,151
"N00000466",375,187,188
"N00000467",290,136,154
"N00000468",302,144,158
"N00000469",440,224,216
"N00000470",286,130,156
"N00000471",286,130,156
"N00000472",222,117,105
"N00000473",202,102,100
"N00000474",250,123,127
"N00000475",238,111,127
"N00000476",256,123,133
"N00000477",721,353,368
"N00000478",294,153,141
"N00000479",280,135,145
"N00000480",335,162,173
"N00000481",469,216,253
"N00000482",225,106,119
"N00000483",285,135,150
"N00000484",330,151,179
"N00000485",241,133,108
"N00000486",372,198,174
"N00000487",290,147,143
"N00000488",409,201,208
"N00000489",282,145,137
"N00000490",515,241,274
"N00000491",525,248,277
"N00000492",414,202,212
"N00000493",331,161,170
"N00000494",825,393,432
"N00000495",336,166,170
"N00000496",837,384,453
"N00000497",837,403,434
"N00000498",337,159,178
"N00000499",296,144,152
"N00000500",503,224,279
"N00000501",300,140,160
"N00000502",196,84,112
"N00000503",395,184,211
"N00000504",236,127,109
"N00000505",225,113,112
"N00000506",282,138,144
"N00000507",269,121,148
"N00000508",316,142,174
"N00000509",357,176,181
"N00000510",290,123,167
"N00000511",520,230,290
"N00000512",430,215,215
"N00000513",327,154,173
"N00000514",357,166,191
"N00000515",345,166,179
"N00000516",215,97,118
"N00000517",394,174,220
"N00000518",311,159,152
"N00000519",260,133,127
"N00000520",612,283,329
"N00000521",413,205,208
"N00000522",451,203,248
"N00000523",397,183,214
"N00000524",488,248,240
"N00000525",431,208,223
"N00000526",260,135,125
"N00000527",344,180,164
"N00000528",247,135,112
"N00000529",238,117,121
"N00000530",292,134,158
"N00000531",317,151,166
"N00000532",214,110,104
"N00000533",214,82,132
"N00000534",490,261,229
"N00000535",519,261,258
"N00000536",392,211,181
"N00000537",413,207,206
"N00000538",395,197,198
"N00000539",381,200,181
"N00000540",291,148,143
"N00000541",407,198,209
"N00000542",265,108,157
"N00000543",389,186,203
"N00000544",273,123,150
"N00000545",288,134,154
"N00000546",280,138,142
"N00000547",327,159,168
"N00000548",285,149,136
"N00000549",215,97,118
"N00000550",429,200,229
"N00000551",269,130,139
"N00000552",254,125,129
"N00000553",347,165,182
"N00000554",250,125,125
"N00000555",251,110,141
"N00000556",348,146,202
"N00000557",552,279,273
"N00000558",466,242,224
"N00000559",322,169,153
"N00000560",413,222,191
"N00000561",493,255,238
"N00000562",364,188,176
"N00000563",923,463,460
"N00000564",323,166,157
"N00000565",218,106,112
"N00000566",320,148,172
"N00000567",517,257,260
"N00000568",369,172,197
"N00000569",380,167,213
"N00000570",337,170,167
"N00000571",303,155,148
"N00000572",572,267,305
"N00000573",364,184,180
"N00000574",435,218,217
"N00000575",462,246,216
"N00000576",344,171,173
"N00000577",434,216,218
"N00000578",718,342,376
"N00000579",480,234,246
"N00000580",474,232,242
"N00000581",539,287,252
"N00000582",401,200,201
"N00000583",305,162,143
"N00000584",493,240,253
"N00000585",477,240,237
"N00000586",446,233,213
"N00000587",465,248,217
"N00000588",394,203,191
"N00000589",639,308,331
"N00000590",416,202,214
"N00000591",454,224,230
"N00000592",480,232,248
"N00000593",576,299,277
"N00000594",371,185,186
"N00000595",525,265,260
"N00000596",293,148,145
"N00000597",235,119,116
"N00000598",287,151,136
"N00000599",223,116,107
"N00000600",350,157,193
"N00000601",283,140,143
"N00000602",214,97,117
"N00000603",414,192,222
"N00000604",340,166,174
"N00000605",488,238,250
"N00000606",352,172,180
"N00000607",310,147,163
"N00000608",365,189,176
"N00000609",375,183,192
"N00000610",419,215,204
"N00000611",301,152,149
"N00000612",543,277,266
"N00000613",236,112,124
"N00000614",217,103,114
"N00000615",139,69,70
"N00000616",301,140,161
"N00000617",310,151,159
"N00000618",621,296,325
"N00000619",371,182,189
"N00000620",372,183,189
"N00000621",390,192,198
"N00000622",385,178,207
"N00000623",332,180,152
"N00000624",469,222,247
"N00000625",262,130,132
"N00000626",492,240,252
"N00000627",456,240,216
"N00000628",415,214,201
"N00000629",438,223,215
"N00000630",272,125,147
"N00000631",406,221,185
"N00000632",474,237,237
"N00000633",325,172,153
"N00000634",495,254,241
"N00000635",410,204,206
"N00000636",399,195,204
"N00000637",832,393,439
"N00000638",398,198,200
"N00000639",408,206,202
"N00000640",343,176,167
"N00000641",341,169,172
"N00000642",389,183,206
"N00000643",477,233,244
"N00000644",548,289,259
"N00000645",451,224,227
"N00000646",419,215,204
"N00000647",723,358,365
"N00000648",381,190,191
"N00000649",389,197,192
"N00000650",602,306,296
"N00000651",278,124,154
"N00000652",533,256,277
"N00000653",309,143,166
"N00000654",269,132,137
"N00000655",368,182,186
"N00000656",242,122,120
"N00000657",851,409,442
"N00000658",364,199,165
"N00000659",391,195,196
"N00000660",387,184,203
"N00000661",384,189,195
"N00000662",352,174,178
"N00000663",395,209,186
"N00000664",378,188,190
"N00000665",485,229,256
"N00000666",439,224,215
"N00000667",538,274,264
"N00000668",323,161,162
"N00000669",493,250,243
"N00000670",292,137,155
"N00000671",239,109,130
"N00000672",324,147,177
"N00000673",943,450,493
"N00000674",316,146,170
"N00000675",387,183,204
"N00000676",721,324,397
"N00000677",295,142,153
"N00000678",531,267,264
"N00000679",561,281,280
"N00000680",413,209,204
"N00000681",385,197,188
"N00000682",485,256,229
"N00000683",391,196,195
"N00000684",595,295,300
"N00000685",326,161,165
"N00000686",499,249,250
"N00000687",379,189,190
"N00000688",407,224,183
"N00000689",392,200,192
"N00000690",282,139,143
"N00000691",303,138,165
"N00000692",244,116,128
"N00000693",287,135,152
"N00000694",873,396,477
"N00000695",518,245,273
"N00000696",180,94,86
"N00000697",380,183,197
"N00000698",451,218,233
"N00000699",256,115,141
"N00000700",262,142,120
"N00000701",235,120,115
"N00000702",771,373,398
"N00000703",342,178,164
"N00000704",656,337,319
"N00000705",680,321,359
"N00000706",437,227,210
"N00000707",360,181,179
"N00000708",466,246,220
"N00000709",465,235,230
"N00000710",345,169,176
"N00000711",522,262,260
"N00000712",385,197,188
"N00000713",421,227,194
"N00000714",453,230,223
"N00000715",656,329,327
"N00000716",897,428,469
"N00000717",576,284,292
"N00000718",1923,968,955
"N00000719",260,136,124
"N00000720",484,246,238
"N00000721",460,238,222
"N00000722",495,249,246
"N00000723",445,235,210
"N00000724",495,258,237
"N00000725",477,242,235
"N00000726",445,245,200
"N00000727",274,134,140
"N00000728",495,252,243
"N00000729",355,177,178
"N00000730",305,151,154
"N00000731",267,124,143
"N00000732",569,266,303
"N00000733",325,156,169
"N00000734",416,202,214
"N00000735",422,217,205
"N00000736",382,184,198
"N00000737",382,188,194
"N00000738",432,220,212
"N00000739",444,225,219
"N00000740",567,284,283
"N00000741",345,169,176
"N00000742",286,137,149
"N00000743",270,126,144
"N00000744",283,128,155
"N00000745",470,239,231
"N00000746",508,245,263
"N00000747",401,181,220
"N00000748",454,219,235
"N00000749",387,173,214
"N00000750",319,149,170
"N00000751",464,218,246
"N00000752",412,200,212
"N00000753",436,223,213
"N00000754",436,222,214
"N00000755",391,200,191
"N00000756",366,180,186
"N00000757",451,216,235
"N00000758",471,204,267
"N00000759",304,151,153
"N00000760",250,128,122
"N00000761",421,189,232
"N00000762",222,106,116
"N00000763",410,190,220
"N00000764",278,128,150
"N00000765",413,212,201
"N00000766",776,366,410
"N00000767",312,149,163
"N00000768",276,125,151
"N00000769",393,200,193
"N00000770",374,191,183
"N00000771",233,109,124
"N00000772",456,217,239
"N00000773",420,201,219
"N00000774",1023,509,514
"N00000775",296,159,137
"N00000776",327,170,157
"N00000777",912,457,455
"N00000778",432,212,220
"N00000779",564,282,282
"N00000780",531,287,244
"N00000781",508,257,251
"N00000782",526,265,261
"N00000783",565,302,263
"N00000784",437,212,225
"N00000785",332,167,165
"N00000786",384,177,207
"N00000787",437,226,211
"N00000788",427,229,198
"N00000789",997,498,499
"N00000790",530,263,267
"N00000791",347,180,167
"N00000792",399,196,203
"N00000793",451,223,228
"N00000794",467,228,239
"N00000795",539,290,249
"N00000796",351,167,184
"N00000797",349,164,185
"N00000798",527,270,257
"N00000799",475,233,242
"N00000800",428,214,214
"N00000801",529,280,249
"N00000802",272,138,134
"N00000803",398,213,185
"N00000804",422,221,201
"N00000805",383,196,187
"N00000806",341,160,181
"N00000807",521,248,273
"N00000808",243,121,122
"N00000809",557,261,296
"N00000810",434,221,213
"N00000811",345,173,172
"N00000812",299,143,156
"N00000813",491,255,236
"N00000814",258,137,121
"N00000815",487,244,243
"N00000816",558,282,276
"N00000817",256,124,132
"N00000818",324,172,152
"N00000819",253,119,134
"N00000820",375,190,185
"N00000821",269,130,139
"N00000822",209,93,116
"N00000823",365,173,192
"N00000824",253,116,137
"N00000825",367,180,187
"N00000826",302,140,162
"N00000827",298,150,148
"N00000828",231,103,128
"N00000829",310,138,172
"N00000830",260,111,149
"N00000831",306,133,173
"N00000832",273,139,134
"N00000833",253,105,148
"N00000834",390,172,218
"N00000835",301,132,169
"N00000836",347,169,178
"N00000837",351,176,175
"N00000838",283,134,149
"N00000839",363,156,207
"N00000840",272,121,151
"N00000841",295,131,164
"N00000842",556,243,313
"N00000843",233,120,113
"N00000844",213,98,115
"N00000845",202,100,102
"N00000846",246,132,114
"N00000847",958,434,524
"N00000848",240,113,127
"N00000849",307,148,159
"N00000850",270,128,142
"N00000851",243,113,130
"N00000852",1179,541,638
"N00000853",282,139,143
"N00000854",763,319,444
"N00000855",169,78,91
"N00000856",182,79,103
"N00000857",386,183,203
"N00000858",239,118,121
"N00000859",287,136,151
"N00000860",437,213,224
"N00000861",303,139,164
"N00000862",876,425,451
"N00000863",294,141,153
"N00000864",305,147,158
"N00000865",358,173,185
"N00000866",342,156,186
"N00000867",288,124,164
"N00000868",297,134,163
"N00000869",186,94,92
"N00000870",394,192,202
"N00000871",340,159,181
"N00000872",256,121,135
"N00000873",322,160,162
"N00000874",533,260,273
"N00000875",284,120,164
"N00000876",212,101,111
"N00000877",357,161,196
"N00000878",234,97,137
"N00000879",1015,475,540
"N00000880",315,133,182
"N00000881",296,139,157
"N00000882",253,116,137
"N00000883",264,129,135
"N00000884",205,110,95
"N00000885",618,322,296
"N00000886",253,128,125
"N00000887",308,142,166
"N00000888",308,147,161
"N00000889",259,121,138
"N00000890",339,172,167
"N00000891",346,198,148
"N00000892",318,153,165
"N00000893",284,134,150
"N00000894",263,140,123
"N00000895",272,122,150
"N00000896",265,113,152
"N00000897",300,165,135
"N00000898",307,141,166
"N00000899",306,165,141
"N00000900",216,107,109
"N00000901",313,178,135
"N00000902",294,150,144
"N00000903",206,110,96
"N00000904",446,247,199
"N00000905",325,168,157
"N00000906",263,125,138
"N00000907",332,163,169
"N00000908",329,137,192
"N00000909",246,121,125
"N00000910",273,131,142
"N00000911",239,108,131
"N00000912",243,114,129
"N00000913",321,157,164
"N00000914",294,145,149
"N00000915",214,111,103
"N00000916",234,112,122
"N00000917",226,113,113
"N00000918",261,121,140
"N00000919",229,100,129
"N00000920",148,75,73
"N00000921",713,354,359
"N00000922",292,139,153
"N00000923",257,107,150
"N00000924",224,102,122
"N00000925",288,121,167
"N00000926",284,139,145
"N00000927",421,182,239
"N00000928",356,158,198
"N00000929",437,209,228
"N00000930",364,183,181
"N00000931",682,301,381
"N00000932",419,191,228
"N00000933",288,132,156
"N00000934",282,129,153
"N00000935",251,117,134
"N00000936",473,211,262
"N00000937",433,219,214
"N00000938",345,151,194
"N00000939",198,102,96
"N00000940",252,120,132
"N00000941",343,184,159
"N00000942",280,138,142
"N00000943",272,134,138
"N00000944",245,119,126
"N00000945",254,130,124
"N00000946",386,180,206
"N00000947",248,115,133
"N00000948",225,106,119
"N00000949",314,157,157
"N00000950",317,152,165
"N00000951",240,107,133
"N00000952",391,182,209
"N00000953",238,125,113
"N00000954",275,139,136
"N00000955",394,209,185
"N00000956",488,229,259
"N00000957",555,263,292
"N00000958",294,140,154
"N00000959",476,225,251
"N00000960",515,247,268
"N00000961",311,144,167
"N00000962",338,145,193
"N00000963",252,121,131
"N00000964",297,144,153
"N00000965",300,145,155
"N00000966",331,164,167
"N00000967",378,179,199
"N00000968",255,129,126
"N00000969",193,97,96
"N00000970",486,225,261
"N00000971",261,121,140
"N00000972",317,154,163
"N00000973",331,161,170
"N00000974",275,123,152
"N00000975",262,137,125
"N00000976",141,81,60
"N00000977",285,124,161
"N00000978",239,127,112
"N00000979",217,113,104
"N00000980",223,116,107
"N00000981",207,103,104
"N00000982",252,135,117
"N00000983",336,168,168
"N00000984",329,169,160
"N00000985",244,120,124
"N00000986",214,112,102
"N00000987",367,166,201
"N00000988",146,75,71
"N00000989",262,123,139
"N00000990",274,148,126
"N00000991",269,127,142
"N00000992",462,229,233
"N00000993",236,112,124
"N00000994",928,440,488
"N00000995",195,99,96
"N00000996",383,188,195
"N00000997",271,131,140
"N00000998",304,157,147
"N00000999",227,113,114
"N00001000",307,155,152
"N00001001",296,147,149
"N00001002",796,388,408
"N00001003",218,100,118
"N00001004",303,146,157
"N00001005",258,130,128
"N00001006",527,242,285
"N00001007",595,318,277
"N00001008",245,133,112
"N00001009",188,109,79
"N00001010",334,147,187
"N00001011",374,203,171
"N00001012",353,217,136
"N00001013",242,110,132
"N00001014",239,139,100
"N00001015",416,251,165
"N00001016",262,147,115
"N00001017",323,148,175
"N00001018",288,134,154
"N00001019",205,115,90
"N00001020",171,94,77
"N00001021",239,86,153
"N00001022",604,361,243
"N00001023",220,91,129
"N00001024",346,194,152
"N00001025",297,127,170
"N00001026",236,130,106
"N00001027",395,201,194
"N00001028",261,126,135
"N00001029",699,320,379
"N00001030",514,273,241
"N00001031",372,192,180
"N00001032",185,82,103
"N00001033",129,95,34
"N00001034",344,157,187
"N00001035",284,122,162
"N00001036",391,187,204
"N00001037",368,185,183
"N00001038",726,341,385
"N00001039",387,190,197
"N00001040",271,119,152
"N00001041",190,91,99
"N00001042",664,302,362
"N00001043",206,84,122
"N00001044",303,137,166
"N00001045",274,132,142
"N00001046",307,139,168
"N00001047",314,156,158
"N00001048",331,155,176
"N00001049",330,166,164
"N00001050",335,161,174
"N00001051",371,179,192
"N00001052",180,88,92
"N00001053",355,167,188
"N00001054",341,167,174
"N00001055",350,182,168
"N00001056",355,165,190
"N00001057",326,150,176
"N00001058",349,169,180
"N00001059",320,155,165
"N00001060",256,122,134
"N00001061",341,154,187
"N00001062",354,138,216
"N00001063",306,140,166
"N00001064",632,293,339
"N00001065",326,152,174
"N00001066",275,131,144
"N00001067",278,113,165
"N00001068",336,149,187
"N00001069",327,152,175
"N00001070",518,241,277
"N00001071",318,151,167
"N00001072",320,136,184
"N00001073",283,135,148
"N00001074",240,108,132
"N00001075",308,128,180
"N00001076",272,121,151
"N00001077",229,110,119
"N00001078",257,115,142
"N00001079",829,455,374
"N00001080",324,153,171
"N00001081",412,211,201
"N00001082",431,209,222
"N00001083",436,212,224
"N00001084",447,214,233
"N00001085",1087,569,518
"N00001086",336,171,165
"N00001087",307,148,159
"N00001088",305,158,147
"N00001089",316,153,163
"N00001090",222,99,123
"N00001091",384,188,196
"N00001092",398,199,199
"N00001093",642,275,367
"N00001094",239,115,124
"N00001095",368,172,196
"N00001096",397,190,207
"N00001097",316,143,173
"N00001098",308,152,156
"N00001099",282,138,144
"N00001100",292,152,140
"N00001101",304,151,153
"N00001102",569,270,299
"N00001103",219,97,122
"N00001104",303,140,163
"N00001105",309,144,165
"N00001106",283,139,144
"N00001107",309,140,169
"N00001108",217,94,123
"N00001109",393,163,230
"N00001110",345,169,176
"N00001111",687,327,360
"N00001112",319,147,172
"N00001113",1384,671,713
"N00001114",319,170,149
"N00001115",222,115,107
"N00001116",497,241,256
"N00001117",728,324,404
"N00001118",305,149,156
"N00001119",176,85,91
"N00001120",213,85,128
"N00001121",235,110,125
"N00001122",176,91,85
"N00001123",186,91,95
"N00001124",568,249,319
"N00001125",413,185,228
"N00001126",242,107,135
"N00001127",639,303,336
"N00001128",251,126,125
"N00001129",450,211,239
"N00001130",179,98,81
"N00001131",1073,672,401
"N00001132",251,121,130
"N00001133",643,297,346
"N00001134",212,106,106
"N00001135",188,86,102
"N00001136",261,136,125
"N00001137",292,144,148
"N00001138",195,89,106
"N00001139",546,262,284
"N00001140",309,156,153
"N00001141",189,91,98
"N00001142",190,90,100
"N00001143",140,69,71
"N00001144",233,102,131
"N00001145",311,152,159
"N00001146",291,133,158
"N00001147",258,124,134
"N00001148",260,128,132
"N00001149",377,195,182
"N00001150",334,141,193
"N00001151",390,176,214
"N00001152",419,175,244
"N00001153",316,152,164
"N00001154",293,142,151
"N00001155",636,372,264
"N00001156",1299,598,701
"N00001157",280,135,145
"N00001158",266,117,149
"N00001159",365,168,197
"N00001160",357,167,190
"N00001161",250,126,124
"N00001162",169,73,96
"N00001163",336,145,191
"N00001164",342,155,187
"N00001165",322,152,170
"N00001166",593,280,313
"N00001167",342,155,187
"N00001168",353,165,188
"N00001169",320,156,164
"N00001170",333,164,169
"N00001171",408,167,241
"N00001172",307,137,170
"N00001173",262,117,145
"N00001174",343,168,175
"N00001175",306,142,164
"N00001176",241,109,132
"N00001177",266,137,129
"N00001178",406,184,222
"N00001179",342,167,175
"N00001180",157,63,94
"N00001181",295,121,174
"N00001182",352,178,174
"N00001183",444,211,233
"N00001184",283,132,151
"N00001185",268,124,144
"N00001186",267,123,144
"N00001187",323,159,164
"N00001188",806,318,488
"N00001189",304,141,163
"N00001190",278,131,147
"N00001191",245,118,127
"N00001192",256,116,140
"N00001193",232,116,116
"N00001194",269,130,139
"N00001195",184,91,93
"N00001196",354,174,180
"N00001197",266,117,149
"N00001198",467,224,243
"N00001199",194,92,102
"N00001200",395,183,212
"N00001201",311,134,177
"N00001202",323,157,166
"N00001203",315,148,167
"N00001204",956,475,481
"N00001205",564,283,281
"N00001206",229,105,124
"N00001207",400,191,209
"N00001208",339,175,164
"N00001209",254,123,131
"N00001210",332,160,172
"N00001211",285,138,147
"N00001212",301,140,161
"N00001213",299,139,160
"N00001214",289,143,146
"N00001215",281,126,155
"N00001216",406,195,211
"N00001217",413,199,214
"N00001218",279,143,136
"N00001219",301,150,151
"N00001220",231,105,126
"N00001221",258,129,129
"N00001222",213,96,117
"N00001223",300,143,157
"N00001224",265,128,137
"N00001225",242,105,137
"N00001226",236,123,113
"N00001227",246,114,132
"N00001228",212,98,114
"N00001229",255,117,138
"N00001230",298,127,171
"N00001231",401,195,206
"N00001232",375,187,188
"N00001233",421,210,211
"N00001234",351,166,185
"N00001235",953,434,519
"N00001236",372,180,192
"N00001237",289,140,149
"N00001238",297,147,150
"N00001239",313,157,156
"N00001240",1095,605,490
"N00001241",352,163,189
"N00001242",335,165,170
"N00001243",275,134,141
"N00001244",335,162,173
"N00001245",334,152,182
"N00001246",608,305,303
"N00001247",245,111,134
"N00001248",430,218,212
"N00001249",403,195,208
"N00001250",463,214,249
"N00001251",327,155,172
"N00001252",321,166,155
"N00001253",233,109,124
"N00001254",314,149,165
"N00001255",276,126,150
"N00001256",262,126,136
"N00001257",233,100,133
"N00001258",250,123,127
"N00001259",285,126,159
"N00001260",363,159,204
"N00001261",249,117,132
"N00001262",389,180,209
"N00001263",289,143,146
"N00001264",204,88,116
"N00001265",971,504,467
"N00001266",188,89,99
"N00001267",322,132,190
"N00001268",283,131,152
"N00001269",522,230,292
"N00001270",278,139,139
"N00001271",1514,716,798
"N00001272",222,104,118
"N00001273",221,100,121
"N00001274",238,103,135
"N00001275",210,98,112
"N00001276",218,103,115
"N00001277",266,135,131
"N00001278",291,146,145
"N00001279",168,88,80
"N00001280",213,98,115
"N00001281",334,155,179
"N00001282",330,159,171
"N00001283",338,156,182
"N00001284",352,173,179
"N00001285",331,145,186
"N00001286",348,165,183
"N00001287",295,148,147
"N00001288",289,134,155
"N00001289",288,141,147
"N00001290",318,149,169
"N00001291",344,150,194
"N00001292",878,408,470
"N00001293",358,172,186
"N00001294",335,166,169
"N00001295",312,153,159
"N00001296",273,132,141
"N00001297",384,185,199
"N00001298",394,196,198
"N00001299",319,144,175
"N00001300",287,136,151
"N00001301",375,182,193
"N00001302",745,311,434
"N00001303",333,167,166
"N00001304",322,154,168
"N00001305",325,158,167
"N00001306",214,116,98
"N00001307",321,156,165
"N00001308",486,236,250
"N00001309",368,179,189
"N00001310",981,462,519
"N00001311",326,132,194
"N00001312",654,285,369
"N00001313",417,220,197
"N00001314",401,198,203
"N00001315",246,111,135
"N00001316",352,167,185
"N00001317",267,124,143
"N00001318",287,133,154
"N00001319",285,141,144
"N00001320",253,118,135
"N00001321",274,126,148
"N00001322",274,129,145
"N00001323",295,147,148
"N00001324",243,113,130
"N00001325",1263,611,652
"N00001326",360,181,179
"N00001327",328,145,183
"N00001328",1036,501,535
"N00001329",281,141,140
"N00001330",322,154,168
"N00001331",274,140,134
"N00001332",186,92,94
"N00001333",337,179,158
"N00001334",354,166,188
"N00001335",194,91,103
"N00001336",318,160,158
"N00001337",302,130,172
"N00001338",303,135,168
"N00001339",370,160,210
"N00001340",779,366,413
"N00001341",329,170,159
"N00001342",388,184,204
"N00001343",293,139,154
"N00001344",330,166,164
"N00001345",250,120,130
"N00001346",820,394,426
"N00001347",513,255,258
"N00001348",304,155,149
"N00001349",248,137,111
"N00001350",919,436,483
"N00001351",390,184,206
"N00001352",303,150,153
"N00001353",358,180,178
"N00001354",756,392,364
"N00001355",287,130,157
"N00001356",280,121,159
"N00001357",155,86,69
"N00001358",344,176,168
"N00001359",294,115,179
"N00001360",276,128,148
"N00001361",295,149,146
"N00001362",293,146,147
"N00001363",263,125,138
"N00001364",539,258,281
"N00001365",387,190,197
"N00001366",252,119,133
"N00001367",353,176,177
"N00001368",295,152,143
"N00001369",365,178,187
"N00001370",369,172,197
"N00001371",313,148,165
"N00001372",584,272,312
"N00001373",293,140,153
"N00001374",297,152,145
"N00001375",338,146,192
"N00001376",191,82,109
"N00001377",276,133,143
"N00001378",258,133,125
"N00001379",246,111,135
"N00001380",381,182,199
"N00001381",395,207,188
"N00001382",316,159,157
"N00001383",344,136,208
"N00001384",287,149,138
"N00001385",359,168,191
"N00001386",532,247,285
"N00001387",263,125,138
"N00001388",270,108,162
"N00001389",188,83,105
"N00001390",287,154,133
"N00001391",286,131,155
"N00001392",263,127,136
"N00001393",269,126,143
"N00001394",284,132,152
"N00001395",277,129,148
"N00001396",607,337,270
"N00001397",183,81,102
"N00001398",250,127,123
"N00001399",889,440,449
"N00001400",330,167,163
"N00001401",851,407,444
"N00001402",652,302,350
"N00001403",377,180,197
"N00001404",706,324,382
"N00001405",235,108,127
"N00001406",216,96,120
"N00001407",256,105,151
"N00001408",467,212,255
"N00001409",292,147,145
"N00001410",294,129,165
"N00001411",280,131,149
"N00001412",164,73,91
"N00001413",277,126,151
"N00001414",278,123,155
"N00001415",275,128,147
"N00001416",947,539,408
"N00001417",277,141,136
"N00001418",662,365,297
"N00001419",248,130,118
"N00001420",243,114,129
"N00001421",1333,729,604
"N00001422",200,99,101
"N00001423",445,221,224
"N00001424",223,103,120
"N00001425",267,131,136
"N00001426",229,99,130
"N00001427",251,112,139
"N00001428",279,128,151
"N00001429",1073,577,496
"N00001430",262,124,138
"N00001431",326,160,166
"N00001432",281,127,154
"N00001433",254,120,134
"N00001434",302,139,163
"N00001435",233,107,126
"N00001436",301,137,164
"N00001437",201,80,121
"N00001438",291,122,169
"N00001439",270,140,130
"N00001440",251,122,129
"N00001441",282,140,142
"N00001442",347,143,204
"N00001443",209,112,97
"N00001444",268,138,130
"N00001445",371,185,186
"N00001446",304,156,148
"N00001447",315,137,178
"N00001448",350,167,183
"N00001449",323,157,166
"N00001450",263,133,130
"N00001451",248,120,128
"N00001452",324,158,166
"N00001453",372,173,199
"N00001454",319,169,150
"N00001455",261,128,133
"N00001456",334,164,170
"N00001457",318,142,176
"N00001458",376,148,228
"N00001459",471,272,199
"N00001460",599,265,334
"N00001461",317,137,180
"N00001462",357,177,180
"N00001463",385,182,203
"N00001464",345,171,174
"N00001465",422,206,216
"N00001466",280,132,148
"N00001467",1504,644,860
"N00001468",283,163,120
"N00001469",246,136,110
"N00001470",348,146,202
"N00001471",493,238,255
"N00001472",891,403,488
"N00001473",426,235,191
"N00001474",347,171,176
"N00001475",302,157,145
"N00001476",277,129,148
"N00001477",271,133,138
"N00001478",301,147,154
"N00001479",344,168,176
"N00001480",477,239,238
"N00001481",229,110,119
"N00001482",307,141,166
"N00001483",254,124,130
"N00001484",213,105,108
"N00001485",248,128,120
"N00001486",358,160,198
"N00001487",298,141,157
"N00001488",277,135,142
"N00001489",293,136,157
"N00001490",196,83,113
"N00001491",250,116,134
"N00001492",226,106,120
"N00001493",260,133,127
"N00001494",198,102,96
"N00001495",288,141,147
"N00001496",266,131,135
"N00001497",236,111,125
"N00001498",460,230,230
"N00001499",335,164,171
"N00001500",214,142,72
"N00001501",497,247,250
"N00001502",409,194,215
"N00001503",204,101,103
"N00001504",272,128,144
"N00001505",473,242,231
"N00001506",239,120,119
"N00001507",254,125,129
"N00001508",466,248,218
"N00001509",385,196,189
"N00001510",215,107,108
"N00001511",638,313,325
"N00001512",294,155,139
"N00001513",236,130,106
"N00001514",249,112,137
"N00001515",351,166,185
"N00001516",275,121,154
"N00001517",359,170,189
"N00001518",436,221,215
"N00001519",298,130,168
"N00001520",265,132,133
"N00001521",249,118,131
"N00001522",278,124,154
"N00001523",211,98,113
"N00001524",253,122,131
"N00001525",239,111,128
"N00001526",219,97,122
"N00001527",243,108,135
"N00001528",244,117,127
"N00001529",286,133,153
"N00001530",386,178,208
"N00001531",320,140,180
"N00001532",435,208,227
"N00001533",636,295,341
"N00001534",321,153,168
"N00001535",385,173,212
"N00001536",401,176,225
"N00001537",356,170,186
"N00001538",386,188,198
"N00001539",346,157,189
"N00001540",408,199,209
"N00001541",286,134,152
"N00001542",324,162,162
"N00001543",366,173,193
"N00001544",280,130,150
"N00001545",352,173,179
"N00001546",352,171,181
"N00001547",316,158,158
"N00001548",317,203,114
"N00001549",376,191,185
"N00001550",213,119,94
"N00001551",388,210,178
"N00001552",376,179,197
"N00001553",264,144,120
"N00001554",326,161,165
"N00001555",272,132,140
"N00001556",211,101,110
"N00001557",268,104,164
"N00001558",247,139,108
"N00001559",328,191,137
"N00001560",266,130,136
"N00001561",218,110,108
"N00001562",215,120,95
"N00001563",172,80,92
"N00001564",352,147,205
"N00001565",351,175,176
"N00001566",387,176,211
"N00001567",251,113,138
"N00001568",297,141,156
"N00001569",329,159,170
"N00001570",1119,503,616
"N00001571",493,230,263
"N00001572",355,161,194
"N00001573",444,220,224
"N00001574",310,138,172
"N00001575",317,149,168
"N00001576",365,171,194
"N00001577",364,170,194
"N00001578",312,154,158
"N00001579",317,154,163
"N00001580",328,158,170
"N00001581",306,151,155
"N00001582",293,128,165
"N00001583",234,104,130
"N00001584",184,84,100
"N00001585",444,286,158
"N00001586",254,127,127
"N00001587",333,181,152
"N00001588",290,154,136
"N00001589",318,143,175
"N00001590",356,183,173
"N00001591",275,129,146
"N00001592",305,154,151
"N00001593",518,230,288
"N00001594",364,185,179
"N00001595",289,147,142
"N00001596",395,165,230
"N00001597",271,142,129
"N00001598",381,182,199
"N00001599",445,216,229
"N00001600",317,139,178
"N00001601",277,143,134
"N00001602",342,164,178
"N00001603",305,144,161
"N00001604",276,147,129
"N00001605",283,133,150
"N00001606",197,86,111
"N00001607",262,131,131
"N00001608",238,110,128
"N00001609",243,110,133
"N00001610",220,120,100
"N00001611",292,138,154
"N00001612",295,132,163
"N00001613",691,331,360
"N00001614",245,108,137
"N00001615",318,150,168
"N00001616",299,161,138
"N00001617",258,144,114
"N00001618",236,108,128
"N00001619",278,133,145
"N00001620",333,155,178
"N00001621",241,118,123
"N00001622",240,112,128
"N00001623",287,124,163
"N00001624",150,75,75
"N00001625",253,118,135
"N00001626",236,124,112
"N00001627",179,82,97
"N00001628",248,120,128
"N00001629",303,133,170
"N00001630",214,102,112
"N00001631",226,103,123
"N00001632",244,120,124
"N00001633",183,100,83
"N00001634",229,111,118
"N00001635",300,132,168
"N00001636",170,90,80
"N00001637",220,102,118
"N00001638",252,127,125
"N00001639",180,89,91
"N00001640",214,101,113
"N00001641",250,124,126
"N00001642",299,147,152
"N00001643",595,284,311
"N00001644",329,164,165
"N00001645",234,110,124
"N00001646",352,168,184
"N00001647",294,147,147
"N00001648",316,148,168
"N00001649",443,215,228
"N00001650",305,156,149
"N00001651",383,197,186
"N00001652",396,200,196
"N00001653",440,229,211
"N00001654",385,188,197
"N00001655",386,188,198
"N00001656",234,98,136
"N00001657",292,141,151
"N00001658",209,91,118
"N00001659",248,123,125
"N00001660",294,146,148
"N00001661",373,181,192
"N00001662",325,157,168
"N00001663",316,159,157
"N00001664",325,161,164
"N00001665",370,176,194
"N00001666",340,171,169
"N00001667",301,143,158
"N00001668",391,193,198
"N00001669",326,162,164
"N00001670",263,129,134
"N00001671",302,144,158
"N00001672",368,173,195
"N00001673",447,207,240
"N00001674",248,125,123
"N00001675",279,138,141
"N00001676",264,119,145
"N00001677",552,293,259
"N00001678",435,215,220
"N00001679",404,190,214
"N00001680",540,280,260
"N00001681",300,141,159
"N00001682",324,164,160
"N00001683",388,199,189
"N00001684",930,463,467
"N00001685",337,157,180
"N00001686",279,142,137
"N00001687",308,145,163
"N00001688",361,162,199
"N00001689",246,126,120
"N00001690",352,176,176
"N00001691",280,142,138
"N00001692",254,119,135
"N00001693",311,146,165
"N00001694",293,138,155
"N00001695",414,189,225
"N00001696",379,176,203
"N00001697",298,140,158
"N00001698",269,139,130
"N00001699",395,201,194
"N00001700",260,121,139
"N00001701",198,85,113
"N00001702",338,169,169
"N00001703",1033,501,532
"N00001704",829,388,441
"N00001705",222,107,115
"N00001706",465,228,237
"N00001707",395,187,208
"N00001708",674,345,329
"N00001709",252,118,134
"N00001710",341,167,174
"N00001711",362,176,186
"N00001712",387,172,215
"N00001713",207,92,115
"N00001714",536,240,296
"N00001715",287,130,157
"N00001716",303,148,155
"N00001717",352,172,180
"N00001718",288,147,141
"N00001719",320,139,181
"N00001720",289,135,154
"N00001721",279,137,142
"N00001722",335,160,175
"N00001723",289,146,143
"N00001724",244,106,138
"N00001725",260,120,140
"N00001726",263,121,142
"N00001727",222,104,118
"N00001728",292,148,144
"N00001729",312,132,180
"N00001730",214,104,110
"N00001731",227,118,109
"N00001732",1089,527,562
"N00001733",282,122,160
"N00001734",287,138,149
"N00001735",268,111,157
"N00001736",352,143,209
"N00001737",352,153,199
"N00001738",317,145,172
"N00001739",352,174,178
"N00001740",694,329,365
"N00001741",284,128,156
"N00001742",229,115,114
"N00001743",283,136,147
"N00001744",325,175,150
"N00001745",336,169,167
"N00001746",295,148,147
"N00001747",742,350,392
"N00001748",456,221,235
"N00001749",325,159,166
"N00001750",256,135,121
"N00001751",318,150,168
"N00001752",299,150,149
"N00001753",321,153,168
"N00001754",356,172,184
"N00001755",380,189,191
"N00001756",326,174,152
"N00001757",243,117,126
"N00001758",272,120,152
"N00001759",313,156,157
"N00001760",1278,696,582
"N00001761",503,221,282
"N00001762",275,140,135
"N00001763",1425,693,732
"N00001764",234,110,124
"N00001765",990,476,514
"N00001766",256,125,131
"N00001767",299,146,153
"N00001768",296,141,155
"N00001769",374,189,185
"N00001770",333,159,174
"N00001771",437,212,225
"N00001772",278,133,145
"N00001773",278,135,143
"N00001774",281,137,144
"N00001775",301,149,152
"N00001776",294,144,150
"N00001777",352,159,193
"N00001778",307,155,152
"N00001779",293,142,151
"N00001780",621,305,316
"N00001781",429,202,227
"N00001782",354,172,182
"N00001783",348,168,180
"N00001784",257,121,136
"N00001785",348,156,192
"N00001786",319,146,173
"N00001787",281,131,150
"N00001788",335,163,172
"N00001789",425,214,211
"N00001790",359,179,180
"N00001791",474,222,252
"N00001792",345,174,171
"N00001793",456,220,236
"N00001794",915,400,515
"N00001795",320,152,168
"N00001796",336,170,166
"N00001797",341,168,173
"N00001798",423,207,216
"N00001799",314,154,160
"N00001800",343,162,181
"N00001801",439,214,225
"N00001802",331,157,174
"N00001803",302,147,155
"N00001804",353,167,186
"N00001805",893,420,473
"N00001806",324,153,171
"N00001807",249,112,137
"N00001808",249,110,139
"N00001809",255,111,144
"N00001810",231,106,125
"N00001811",249,123,126
"N00001812",340,186,154
"N00001813",193,88,105
"N00001814",644,298,346
"N00001815",347,170,177
"N00001816",486,228,258
"N00001817",287,138,149
"N00001818",274,131,143
"N00001819",379,178,201
"N00001820",314,151,163
"N00001821",618,287,331
"N00001822",270,138,132
"N00001823",383,189,194
"N00001824",365,180,185
"N00001825",240,111,129
"N00001826",344,157,187
"N00001827",334,166,168
"N00001828",257,124,133
"N00001829",238,115,123
"N00001830",393,178,215
"N00001831",337,155,182
"N00001832",251,129,122
"N00001833",327,168,159
"N00001834",235,107,128
"N00001835",295,152,143
"N00001836",284,133,151
"N00001837",236,107,129
"N00001838",234,109,125
"N00001839",396,185,211
"N00001840",374,187,187
"N00001841",345,170,175
"N00001842",258,121,137
"N00001843",326,158,168
"N00001844",297,135,162
"N00001845",292,118,174
"N00001846",279,133,146
"N00001847",287,138,149
"N00001848",298,158,140
"N00001849",303,138,165
"N00001850",636,317,319
"N00001851",295,139,156
"N00001852",349,166,183
"N00001853",344,159,185
"N00001854",232,110,122
"N00001855",292,139,153
"N00001856",272,128,144
"N00001857",268,135,133
"N00001858",232,104,128
"N00001859",266,133,133
"N00001860",210,91,119
"N00001861",271,126,145
"N00001862",387,187,200
"N00001863",272,131,141
"N00001864",364,183,181
"N00001865",541,254,287
"N00001866",252,111,141
"N00001867",359,180,179
"N00001868",372,187,185
"N00001869",350,147,203
"N00001870",323,157,166
"N00001871",355,173,182
"N00001872",256,107,149
"N00001873",806,402,404
"N00001874",376,187,189
"N00001875",291,139,152
"N00001876",332,169,163
"N00001877",282,134,148
"N00001878",307,153,154
"N00001879",352,175,177
"N00001880",313,164,149
"N00001881",979,465,514
"N00001882",281,131,150
"N00001883",292,145,147
"N00001884",261,127,134
"N00001885",229,106,123
"N00001886",232,121,111
"N00001887",289,141,148
"N00001888",287,135,152
"N00001889",231,113,118
"N00001890",555,259,296
"N00001891",390,197,193
"N00001892",280,124,156
"N00001893",270,134,136
"N00001894",320,142,178
"N00001895",342,164,178
"N00001896",546,247,299
"N00001897",283,125,158
"N00001898",279,135,144
"N00001899",186,98,88
"N00001900",346,189,157
"N00001901",377,183,194
"N00001902",411,210,201
"N00001903",427,223,204
"N00001904",265,121,144
"N00001905",267,132,135
"N00001906",308,167,141
"N00001907",331,160,171
"N00001908",321,167,154
"N00001909",331,164,167
"N00001910",386,195,191
"N00001911",290,137,153
"N00001912",428,197,231
"N00001913",280,132,148
"N00001914",303,142,161
"N00001915",651,306,345
"N00001916",267,121,146
"N00001917",312,139,173
"N00001918",249,113,136
"N00001919",324,143,181
"N00001920",327,159,168
"N00001921",272,131,141
"N00001922",300,146,154
"N00001923",236,124,112
"N00001924",367,152,215
"N00001925",273,125,148
"N00001926",320,143,177
"N00001927",225,99,126
"N00001928",232,105,127
"N00001929",440,219,221
"N00001930",249,113,136
"N00001931",267,117,150
"N00001932",278,133,145
"N00001933",292,145,147
"N00001934",265,118,147
"N00001935",350,170,180
"N00001936",304,142,162
"N00001937",304,147,157
"N00001938",311,145,166
"N00001939",278,116,162
"N00001940",359,171,188
"N00001941",284,132,152
"N00001942",451,230,221
"N00001943",429,218,211
"N00001944",365,186,179
"N00001945",440,236,204
"N00001946",352,179,173
"N00001947",462,217,245
"N00001948",216,105,111
"N00001949",685,328,357
"N00001950",230,112,118
"N00001951",238,118,120
"N00001952",266,136,130
"N00001953",200,93,107
"N00001954",254,115,139
"N00001955",285,148,137
"N00001956",207,100,107
"N00001957",294,147,147
"N00001958",326,161,165
"N00001959",261,123,138
"N00001960",318,154,164
"N00001961",419,210,209
"N00001962",209,93,116
"N00001963",167,84,83
"N00001964",269,125,144
"N00001965",304,154,150
"N00001966",434,219,215
"N00001967",468,246,222
"N00001968",340,163,177
"N00001969",531,261,270
"N00001970",293,139,154
"N00001971",410,199,211
"N00001972",331,154,177
"N00001973",321,164,157
"N00001974",179,98,81
"N00001975",364,166,198
"N00001976",427,185,242
"N00001977",251,124,127
"N00001978",293,143,150
"N00001979",274,142,132
"N00001980",328,153,175
"N00001981",245,126,119
"N00001982",769,370,399
"N00001983",267,124,143
"N00001984",348,160,188
"N00001985",241,116,125
"N00001986",456,205,251
"N00001987",400,189,211
"N00001988",344,145,199
"N00001989",368,176,192
"N00001990",261,129,132
"N00001991",320,121,199
"N00001992",267,141,126
"N00001993",249,119,130
"N00001994",355,168,187
"N00001995",335,169,166
"N00001996",319,168,151
"N00001997",368,185,183
"N00001998",262,123,139
"N00001999",1298,596,702
"N00002000",339,164,175
"N00002001",376,197,179
"N00002002",300,160,140
"N00002003",291,137,154
"N00002004",370,192,178
"N00002005",186,89,97
"N00002006",245,125,120
"N00002007",222,113,109
"N00002008",630,290,340
"N00002009",303,147,156
"N00002010",478,239,239
"N00002011",564,297,267
"N00002012",501,274,227
"N00002013",319,165,154
"N00002014",974,488,486
"N00002015",292,136,156
"N00002016",252,112,140
"N00002017",303,143,160
"N00002018",1387,662,725
"N00002019",253,112,141
"N00002020",309,148,161
"N00002021",465,248,217
"N00002022",378,188,190
"N00002023",471,249,222
"N00002024",494,251,243
"N00002025",227,110,117
"N00002026",437,209,228
"N00002027",252,128,124
"N00002028",1232,595,637
"N00002029",582,289,293
"N00002030",330,170,160
"N00002031",350,179,171
"N00002032",499,253,246
"N00002033",249,127,122
"N00002034",312,152,160
"N00002035",341,175,166
"N00002036",354,177,177
"N00002037",574,291,283
"N00002038",394,192,202
"N00002039",306,147,159
"N00002040",342,171,171
"N00002041",355,180,175
"N00002042",269,132,137
"N00002043",350,187,163
"N00002044",555,261,294
"N00002045",436,186,250
"N00002046",269,133,136
"N00002047",222,93,129
"N00002048",202,87,115
"N00002049",218,110,108
"N00002050",189,97,92
"N00002051",495,243,252
"N00002052",241,120,121
"N00002053",232,116,116
"N00002054",446,227,219
"N00002055",494,262,232
"N00002056",470,252,218
"N00002057",415,208,207
"N00002058",630,323,307
"N00002059",257,120,137
"N00002060",879,451,428
"N00002061",670,309,361
"N00002062",226,102,124
"N00002063",352,198,154
"N00002064",704,322,382
"N00002065",270,141,129
"N00002066",364,157,207
"N00002067",1004,454,550
"N00002068",248,113,135
"N00002069",435,203,232
"N00002070",1134,559,575
"N00002071",320,154,166
"N00002072",284,142,142
"N00002073",262,119,143
"N00002074",840,393,447
"N00002075",362,182,180
"N00002076",226,108,118
"N00002077",229,115,114
"N00002078",266,125,141
"N00002079",654,321,333
"N00002080",321,147,174
"N00002081",282,142,140
"N00002082",1350,589,761
"N00002083",323,147,176
"N00002084",438,221,217
"N00002085",603,282,321
"N00002086",482,231,251
"N00002087",238,115,123
"N00002088",336,146,190
"N00002089",374,168,206
"N00002090",484,250,234
"N00002091",980,515,465
"N00002092",517,258,259
"N00002093",597,292,305
"N00002094",695,342,353
"N00002095",485,242,243
"N00002096",454,219,235
"N00002097",395,195,200
"N00002098",397,214,183
"N00002099",454,219,235
"N00002100",505,253,252
"N00002101",551,286,265
"N00002102",450,204,246
"N00002103",804,394,410
"N00002104",280,135,145
"N00002105",417,200,217
"N00002106",327,159,168
"N00002107",538,270,268
"N00002108",421,190,231
"N00002109",524,291,233
"N00002110",530,256,274
"N00002111",563,287,276
"N00002112",468,238,230
"N00002113",531,261,270
"N00002114",366,173,193
"N00002115",249,120,129
"N00002116",263,115,148
"N00002117",323,156,167
"N00002118",406,202,204
"N00002119",278,125,153
"N00002120",261,136,125
"N00002121",454,241,213
"N00002122",523,277,246
"N00002123",461,241,220
"N00002124",346,173,173
"N00002125",1354,659,695
"N00002126",480,242,238
"N00002127",812,399,413
"N00002128",763,388,375
"N00002129",1023,515,508
"N00002130",401,203,198
"N00002131",426,221,205
"N00002132",381,195,186
"N00002133",513,273,240
"N00002134",343,174,169
"N00002135",518,266,252
"N00002136",310,156,154
"N00002137",283,141,142
"N00002138",306,146,160
"N00002139",747,354,393
"N00002140",281,128,153
"N00002141",226,104,122
"N00002142",220,105,115
"N00002143",457,237,220
"N00002144",575,300,275
"N00002145",498,245,253
"N00002146",385,197,188
"N00002147",394,186,208
"N00002148",406,209,197
"N00002149",434,221,213
"N00002150",344,178,166
"N00002151",295,144,151
"N00002152",338,174,164
"N00002153",449,222,227
"N00002154",394,199,195
"N00002155",528,251,277
"N00002156",378,195,183
"N00002157",292,137,155
"N00002158",455,226,229
"N00002159",556,285,271
"N00002160",387,200,187
"N00002161",523,254,269
"N00002162",469,239,230
"N00002163",556,270,286
"N00002164",297,143,154
"N00002165",382,189,193
"N00002166",371,188,183
"N00002167",349,166,183
"N00002168",360,181,179
"N00002169",457,231,226
"N00002170",313,151,162
"N00002171",531,268,263
"N00002172",630,312,318
"N00002173",476,235,241
"N00002174",538,279,259
"N00002175",742,386,356
"N00002176",570,279,291
"N00002177",617,311,306
"N00002178",514,258,256
"N00002179",332,158,174
"N00002180",199,97,102
"N00002181",719,335,384
"N00002182",362,173,189
"N00002183",280,169,111
"N00002184",220,107,113
"N00002185",412,211,201
"N00002186",232,114,118
"N00002187",286,135,151
"N00002188",190,91,99
"N00002189",235,109,126
"N00002190",533,263,270
"N00002191",213,95,118
"N00002192",493,233,260
"N00002193",241,115,126
"N00002194",219,113,106
"N00002195",312,157,155
"N00002196",589,306,283
"N00002197",657,324,333
"N00002198",290,141,149
"N00002199",317,149,168
"N00002200",411,180,231
"N00002201",244,115,129
"N00002202",477,216,261
"N00002203",1147,561,586
"N00002204",431,213,218
"N00002205",805,403,402
"N00002206",325,159,166
"N00002207",299,149,150
"N00002208",334,169,165
"N00002209",361,179,182
"N00002210",417,226,191
"N00002211",247,130,117
"N00002212",259,116,143
"N00002213",790,385,405
"N00002214",358,176,182
"N00002215",271,127,144
"N00002216",269,130,139
"N00002217",235,112,123
"N00002218",235,111,124
"N00002219",224,109,115
"N00002220",484,219,265
"N00002221",448,204,244
"N00002222",282,154,128
"N00002223",138,65,73
"N00002224",198,98,100
"N00002225",331,163,168
"N00002226",225,103,122
"N00002227",249,121,128
"N00002228",260,120,140
"N00002229",1012,481,531
"N00002230",289,143,146
"N00002231",348,162,186
"N00002232",799,405,394
"N00002233",312,158,154
"N00002234",246,122,124
"N00002235",314,148,166
"N00002236",611,299,312
"N00002237",340,171,169
"N00002238",274,128,146
"N00002239",242,131,111
"N00002240",329,148,181
"N00002241",323,142,181
"N00002242",276,139,137
"N00002243",242,105,137
"N00002244",299,145,154
"N00002245",214,89,125
"N00002246",467,221,246
"N00002247",471,235,236
"N00002248",778,381,397
"N00002249",613,314,299
"N00002250",351,177,174
"N00002251",394,192,202
"N00002252",895,461,434
"N00002253",418,221,197
"N00002254",545,279,266
"N00002255",543,252,291
"N00002256",499,268,231
"N00002257",342,164,178
"N00002258",344,175,169
"N00002259",353,172,181
"N00002260",797,399,398
"N00002261",723,366,357
"N00002262",444,241,203
"N00002263",487,241,246
"N00002264",732,349,383
"N00002265",618,295,323
"N00002266",290,159,131
"N00002267",486,234,252
"N00002268",803,378,425
"N00002269",326,147,179
"N00002270",352,163,189
"N00002271",333,171,162
"N00002272",272,121,151
"N00002273",597,287,310
"N00002274",251,120,131
"N00002275",254,129,125
"N00002276",299,143,156
"N00002277",515,256,259
"N00002278",336,160,176
"N00002279",205,109,96
"N00002280",288,145,143
"N00002281",420,203,217
"N00002282",276,133,143
"N00002283",277,144,133
"N00002284",297,146,151
"N00002285",420,218,202
"N00002286",359,172,187
"N00002287",308,156,152
"N00002288",294,145,149
"N00002289",242,109,133
"N00002290",456,200,256
"N00002291",442,224,218
"N00002292",309,158,151
"N00002293",231,113,118
"N00002294",292,142,150
"N00002295",334,165,169
"N00002296",407,193,214
"N00002297",335,173,162
"N00002298",277,127,150
"N00002299",372,189,183
"N00002300",813,398,415
"N00002301",671,333,338
"N00002302",658,312,346
"N00002303",447,219,228
"N00002304",218,107,111
"N00002305",790,387,403
"N00002306",1483,725,758
"N00002307",378,187,191
"N00002308",329,167,162
"N00002309",224,105,119
"N00002310",218,101,117
"N00002311",285,134,151
"N00002312",309,157,152
"N00002313",302,139,163
"N00002314",274,131,143
"N00002315",344,158,186
"N00002316",254,106,148
"N00002317",304,136,168
"N00002318",383,161,222
"N00002319",698,339,359
"N00002320",299,138,161
"N00002321",290,143,147
"N00002322",302,148,154
"N00002323",331,163,168
"N00002324",291,152,139
"N00002325",453,214,239
"N00002326",307,153,154
"N00002327",1297,637,660
"N00002328",363,181,182
"N00002329",316,145,171
"N00002330",619,309,310
"N00002331",606,288,318
"N00002332",360,169,191
"N00002333",395,187,208
"N00002334",345,167,178
"N00002335",540,275,265
"N00002336",322,152,170
"N00002337",355,187,168
"N00002338",263,135,128
"N00002339",296,143,153
"N00002340",295,149,146
"N00002341",236,117,119
"N00002342",284,143,141
"N00002343",350,167,183
"N00002344",378,190,188
"N00002345",300,152,148
"N00002346",235,117,118
"N00002347",678,319,359
"N00002348",338,166,172
"N00002349",250,127,123
"N00002350",180,76,104
"N00002351",1332,652,680
"N00002352",292,148,144
"N00002353",1824,913,911
"N00002354",378,205,173
"N00002355",278,149,129
"N00002356",409,215,194
"N00002357",348,186,162
"N00002358",236,103,133
"N00002359",255,147,108
"N00002360",234,120,114
"N00002361",295,145,150
"N00002362",242,113,129
"N00002363",231,107,124
"N00002364",212,112,100
"N00002365",287,139,148
"N00002366",272,149,123
"N00002367",384,190,194
"N00002368",437,231,206
"N00002369",740,358,382
"N00002370",387,207,180
"N00002371",463,237,226
"N00002372",613,283,330
"N00002373",436,228,208
"N00002374",300,151,149
"N00002375",393,199,194
"N00002376",436,219,217
"N00002377",433,208,225
"N00002378",749,373,376
"N00002379",667,333,334
"N00002380",298,155,143
"N00002381",386,191,195
"N00002382",458,222,236
"N00002383",454,236,218
"N00002384",377,190,187
"N00002385",278,141,137
"N00002386",265,141,124
"N00002387",451,236,215
"N00002388",199,110,89
"N00002389",311,179,132
"N00002390",293,156,137
"N00002391",402,191,211
"N00002392",349,165,184
"N00002393",653,323,330
"N00002394",363,171,192
"N00002395",412,200,212
"N00002396",288,124,164
"N00002397",333,165,168
"N00002398",366,186,180
"N00002399",266,119,147
"N00002400",218,112,106
"N00002401",1544,748,796
"N00002402",233,123,110
"N00002403",400,188,212
"N00002404",882,443,439
"N00002405",332,153,179
"N00002406",304,137,167
"N00002407",263,137,126
"N00002408",388,173,215
"N00002409",319,146,173
"N00002410",285,139,146
"N00002411",339,174,165
"N00002412",388,186,202
"N00002413",403,218,185
"N00002414",279,128,151
"N00002415",276,131,145
"N00002416",515,267,248
"N00002417",355,175,180
"N00002418",570,303,267
"N00002419",652,322,330
"N00002420",507,255,252
"N00002421",427,216,211
"N00002422",482,243,239
"N00002423",209,116,93
"N00002424",328,159,169
"N00002425",296,143,153
"N00002426",338,169,169
"N00002427",351,158,193
"N00002428",325,144,181
"N00002429",304,142,162
"N00002430",318,155,163
"N00002431",999,485,514
"N00002432",258,131,127
"N00002433",377,182,195
"N00002434",266,114,152
"N00002435",277,131,146
"N00002436",417,183,234
"N00002437",291,142,149
"N00002438",354,171,183
"N00002439",314,143,171
"N00002440",306,132,174
"N00002441",236,123,113
"N00002442",337,144,193
"N00002443",348,166,182
"N00002444",812,387,425
"N00002445",307,140,167
"N00002446",254,123,131
"N00002447",326,138,188
"N00002448",326,148,178
"N00002449",289,139,150
"N00002450",287,137,150
"N00002451",620,297,323
"N00002452",307,143,164
"N00002453",364,187,177
"N00002454",354,178,176
"N00002455",383,188,195
"N00002456",381,198,183
"N00002457",538,257,281
"N00002458",299,155,144
"N00002459",830,396,434
"N00002460",459,225,234
"N00002461",596,308,288
"N00002462",536,276,260
"N00002463",431,220,211
"N00002464",411,211,200
"N00002465",850,365,485
"N00002466",302,144,158
"N00002467",304,134,170
"N00002468",280,152,128
"N00002469",620,308,312
"N00002470",394,190,204
"N00002471",322,152,170
"N00002472",478,212,266
"N00002473",331,154,177
"N00002474",373,164,209
"N00002475",386,189,197
"N00002476",387,193,194
"N00002477",312,165,147
"N00002478",570,260,310
"N00002479",481,241,240
"N00002480",659,332,327
"N00002481",330,147,183
"N00002482",314,149,165
"N00002483",332,153,179
"N00002484",322,142,180
"N00002485",285,136,149
"N00002486",446,199,247
"N00002487",462,218,244
"N00002488",1345,632,713
"N00002489",818,418,400
"N00002490",387,186,201
"N00002491",339,159,180
"N00002492",309,149,160
"N00002493",319,132,187
"N00002494",269,125,144
"N00002495",594,282,312
"N00002496",360,187,173
"N00002497",615,291,324
"N00002498",1256,588,668
"N00002499",694,334,360
"N00002500",603,310,293
"N00002501",1778,850,928
"N00002502",531,257,274
"N00002503",294,119,175
"N00002504",285,125,160
"N00002505",254,128,126
"N00002506",287,145,142
"N00002507",304,124,180
"N00002508",181,98,83
"N00002509",243,117,126
"N00002510",555,254,301
"N00002511",166,83,83
"N00002512",694,341,353
"N00002513",321,157,164
"N00002514",423,221,202
"N00002515",315,159,156
"N00002516",371,195,176
"N00002517",346,160,186
"N00002518",715,358,357
"N00002519",336,174,162
"N00002520",880,445,435
"N00002521",1352,668,684
"N00002522",299,154,145
"N00002523",340,168,172
"N00002524",416,201,215
"N00002525",1801,868,933
"N00002526",1103,537,566
"N00002527",434,206,228
"N00002528",300,152,148
"N00002529",416,213,203
"N00002530",400,200,200
"N00002531",487,241,246
"N00002532",359,183,176
"N00002533",910,460,450
"N00002534",433,203,230
"N00002535",444,232,212
"N00002536",607,316,291
"N00002537",1634,831,803
"N00002538",705,340,365
"N00002539",265,117,148
"N00002540",1969,970,999
"N00002541",1232,594,638
"N00002542",326,171,155
"N00002543",265,128,137
"N00002544",645,313,332
"N00002545",321,159,162
"N00002546",255,134,121
"N00002547",1040,504,536
"N00002548",574,285,289
"N00002549",238,113,125
"N00002550",269,130,139
"N00002551",346,168,178
"N00002552",279,126,153
"N00002553",248,112,136
"N00002554",372,181,191
"N00002555",355,169,186
"N00002556",320,163,157
"N00002557",346,170,176
"N00002558",307,155,152
"N00002559",316,141,175
"N00002560",471,229,242
"N00002561",314,158,156
"N00002562",347,166,181
"N00002563",364,168,196
"N00002564",266,125,141
"N00002565",288,135,153
"N00002566",303,147,156
"N00002567",339,168,171
"N00002568",309,160,149
"N00002569",306,151,155
"N00002570",263,122,141
"N00002571",338,157,181
"N00002572",346,174,172
"N00002573",294,136,158
"N00002574",298,159,139
"N00002575",309,150,159
"N00002576",785,440,345
"N00002577",536,295,241
"N00002578",299,158,141
"N00002579",402,189,213
"N00002580",306,151,155
"N00002581",330,160,170
"N00002582",1465,687,778
"N00002583",327,153,174
"N00002584",350,156,194
"N00002585",262,130,132
"N00002586",350,169,181
"N00002587",836,375,461
"N00002588",305,144,161
"N00002589",317,148,169
"N00002590",1559,734,825
"N00002591",1265,589,676
"N00002592",492,244,248
"N00002593",300,162,138
"N00002594",367,176,191
"N00002595",399,184,215
"N00002596",377,185,192
"N00002597",339,165,174
"N00002598",263,117,146
"N00002599",395,187,208
"N00002600",288,134,154
"N00002601",364,186,178
"N00002602",339,166,173
"N00002603",853,488,365
"N00002604",328,174,154
"N00002605",258,159,99
"N00002606",388,205,183
"N00002607",175,89,86
"N00002608",251,143,108
"N00002609",844,348,496
"N00002610",292,165,127
"N00002611",135,68,67
"N00002612",309,179,130
"N00002613",678,399,279
"N00002614",359,198,161
"N00002615",289,138,151
"N00002616",342,186,156
"N00002617",462,215,247
"N00002618",221,111,110
"N00002619",599,346,253
"N00002620",547,244,303
"N00002621",216,107,109
"N00002622",314,151,163
"N00002623",260,124,136
"N00002624",251,124,127
"N00002625",332,163,169
"N00002626",891,450,441
"N00002627",302,143,159
"N00002628",922,461,461
"N00002629",242,106,136
"N00002630",297,148,149
"N00002631",320,154,166
"N00002632",414,187,227
"N00002633",426,204,222
"N00002634",311,165,146
"N00002635",341,156,185
"N00002636",393,191,202
"N00002637",499,263,236
"N00002638",485,260,225
"N00002639",309,168,141
"N00002640",343,159,184
"N00002641",361,159,202
"N00002642",468,223,245
"N00002643",392,194,198
"N00002644",330,157,173
"N00002645",317,157,160
"N00002646",351,160,191
"N00002647",766,356,410
"N00002648",202,106,96
"N00002649",496,245,251
"N00002650",305,162,143
"N00002651",479,224,255
"N00002652",297,137,160
"N00002653",444,216,228
"N00002654",337,166,171
"N00002655",280,159,121
"N00002656",717,341,376
"N00002657",370,186,184
"N00002658",429,200,229
"N00002659",357,168,189
"N00002660",427,210,217
"N00002661",490,222,268
"N00002662",402,177,225
"N00002663",340,162,178
"N00002664",298,152,146
"N00002665",277,139,138
"N00002666",263,124,139
"N00002667",778,385,393
"N00002668",317,164,153
"N00002669",530,275,255
"N00002670",1917,944,973
"N00002671",1354,646,708
"N00002672",333,158,175
"N00002673",1282,613,669
"N00002674",289,140,149
"N00002675",385,189,196
"N00002676",708,354,354
"N00002677",408,210,198
"N00002678",368,186,182
"N00002679",534,261,273
"N00002680",430,209,221
"N00002681",436,215,221
"N00002682",457,224,233
"N00002683",395,211,184
"N00002684",458,242,216
"N00002685",385,194,191
"N00002686",337,182,155
"N00002687",306,149,157
"N00002688",375,179,196
"N00002689",308,146,162
"N00002690",249,117,132
"N00002691",325,158,167
"N00002692",276,140,136
"N00002693",338,143,195
"N00002694",319,173,146
"N00002695",467,237,230
"N00002696",316,153,163
"N00002697",367,184,183
"N00002698",536,259,277
"N00002699",351,177,174
"N00002700",529,250,279
"N00002701",533,263,270
"N00002702",371,181,190
"N00002703",614,312,302
"N00002704",558,288,270
"N00002705",483,243,240
"N00002706",437,209,228
"N00002707",564,268,296
"N00002708",264,133,131
"N00002709",468,232,236
"N00002710",418,203,215
"N00002711",764,384,380
"N00002712",373,196,177
"N00002713",424,223,201
"N00002714",490,234,256
"N00002715",424,210,214
"N00002716",348,171,177
"N00002717",566,292,274
"N00002718",473,229,244
"N00002719",333,166,167
"N00002720",344,171,173
"N00002721",363,180,183
"N00002722",437,213,224
"N00002723",407,202,205
"N00002724",230,110,120
"N00002725",433,221,212
"N00002726",1345,790,555
"N00002727",390,187,203
"N00002728",1055,499,556
"N00002729",293,141,152
"N00002730",271,123,148
"N00002731",277,132,145
"N00002732",307,157,150
"N00002733",401,201,200
"N00002734",493,235,258
"N00002735",431,194,237
"N00002736",357,184,173
"N00002737",320,158,162
"N00002738",456,245,211
"N00002739",398,209,189
"N00002740",383,184,199
"N00002741",456,220,236
"N00002742",379,192,187
"N00002743",364,174,190
"N00002744",267,130,137
"N00002745",324,138,186
"N00002746",309,141,168
"N00002747",262,117,145
"N00002748",351,167,184
"N00002749",334,169,165
"N00002750",261,136,125
"N00002751",301,158,143
"N00002752",283,132,151
"N00002753",524,258,266
"N00002754",410,198,212
"N00002755",589,285,304
"N00002756",315,139,176
"N00002757",483,233,250
"N00002758",254,117,137
"N00002759",337,169,168
"N00002760",306,147,159
"N00002761",941,446,495
"N00002762",364,182,182
"N00002763",381,204,177
"N00002764",427,220,207
"N00002765",371,186,185
"N00002766",499,257,242
"N00002767",396,201,195
"N00002768",362,187,175
"N00002769",483,251,232
"N00002770",463,252,211
"N00002771",272,117,155
"N00002772",297,145,152
"N00002773",217,90,127
"N00002774",640,304,336
"N00002775",478,233,245
"N00002776",292,131,161
"N00002777",237,108,129
"N00002778",254,119,135
"N00002779",496,244,252
"N00002780",345,188,157
"N00002781",401,195,206
"N00002782",510,255,255
"N00002783",390,191,199
"N00002784",544,275,269
"N00002785",599,293,306
"N00002786",503,261,242
"N00002787",464,244,220
"N00002788",370,191,179
"N00002789",539,252,287
"N00002790",493,232,261
"N00002791",419,216,203
"N00002792",479,241,238
"N00002793",452,236,216
"N00002794",551,288,263
"N00002795",539,279,260
"N00002796",571,295,276
"N00002797",551,278,273
"N00002798",415,213,202
"N00002799",308,158,150
"N00002800",406,208,198
"N00002801",486,252,234
"N00002802",452,235,217
"N00002803",506,278,228
"N00002804",412,199,213
"N00002805",384,181,203
"N00002806",495,242,253
"N00002807",402,194,208
"N00002808",513,266,247
"N00002809",491,233,258
"N00002810",325,155,170
"N00002811",340,169,171
"N00002812",397,202,195
"N00002813",449,235,214
"N00002814",501,247,254
"N00002815",327,160,167
"N00002816",358,169,189
"N00002817",631,320,311
"N00002818",465,245,220
"N00002819",448,218,230
"N00002820",609,310,299
"N00002821",457,236,221
"N00002822",393,197,196
"N00002823",375,204,171
"N00002824",372,194,178
"N00002825",654,332,322
"N00002826",406,212,194
"N00002827",360,182,178
"N00002828",344,160,184
"N00002829",477,233,244
"N00002830",451,228,223
"N00002831",472,254,218
"N00002832",403,215,188
"N00002833",390,206,184
"N00002834",632,329,303
"N00002835",511,247,264
"N00002836",444,223,221
"N00002837",333,157,176
"N00002838",454,221,233
"N00002839",367,187,180
"N00002840",1431,703,728
"N00002841",519,254,265
"N00002842",622,312,310
"N00002843",389,201,188
"N00002844",413,200,213
"N00002845",314,155,159
"N00002846",629,297,332
"N00002847",644,310,334
"N00002848",1266,603,663
"N00002849",217,110,107
"N00002850",294,143,151
"N00002851",401,220,181
"N00002852",307,156,151
"N00002853",1040,481,559
"N00002854",474,253,221
"N00002855",454,219,235
"N00002856",314,163,151
"N00002857",521,258,263
"N00002858",440,248,192
"N00002859",540,242,298
"N00002860",368,187,181
"N00002861",421,215,206
"N00002862",271,129,142
"N00002863",329,166,163
"N00002864",347,162,185
"N00002865",643,324,319
"N00002866",482,237,245
"N00002867",573,273,300
"N00002868",488,250,238
"N00002869",402,204,198
"N00002870",587,287,300
"N00002871",864,444,420
"N00002872",313,152,161
"N00002873",298,136,162
"N00002874",295,164,131
"N00002875",1081,540,541
"N00002876",531,269,262
"N00002877",297,154,143
"N00002878",205,101,104
"N00002879",434,220,214
"N00002880",438,232,206
"N00002881",523,258,265
"N00002882",375,189,186
"N00002883",478,246,232
"N00002884",476,242,234
"N00002885",659,338,321
"N00002886",823,424,399
"N00002887",661,330,331
"N00002888",424,220,204
"N00002889",324,151,173
"N00002890",406,204,202
"N00002891",633,304,329
"N00002892",500,249,251
"N00002893",274,137,137
"N00002894",341,174,167
"N00002895",502,250,252
"N00002896",353,174,179
"N00002897",998,478,520
"N00002898",302,149,153
"N00002899",303,157,146
"N00002900",309,146,163
"N00002901",277,126,151
"N00002902",329,156,173
"N00002903",747,382,365
"N00002904",422,198,224
"N00002905",433,201,232
"N00002906",420,212,208
"N00002907",634,316,318
"N00002908",474,247,227
"N00002909",558,292,266
"N00002910",716,358,358
"N00002911",724,364,360
"N00002912",345,175,170
"N00002913",309,156,153
"N00002914",1272,665,607
"N00002915",217,104,113
"N00002916",443,221,222
"N00002917",308,163,145
"N00002918",339,180,159
"N00002919",391,193,198
"N00002920",375,173,202
"N00002921",309,168,141
"N00002922",468,254,214
"N00002923",351,182,169
"N00002924",386,174,212
"N00002925",311,155,156
"N00002926",368,167,201
"N00002927",390,208,182
"N00002928",358,191,167
"N00002929",727,380,347
"N00002930",416,219,197
"N00002931",628,312,316
"N00002932",393,189,204
"N00002933",522,252,270
"N00002934",429,213,216
"N00002935",402,215,187
"N00002936",395,216,179
"N00002937",409,206,203
"N00002938",420,219,201
"N00002939",411,225,186
"N00002940",388,192,196
"N00002941",312,156,156
"N00002942",427,225,202
"N00002943",288,148,140
"N00002944",633,285,348
"N00002945",378,173,205
"N00002946",297,128,169
"N00002947",396,187,209
"N00002948",345,166,179
"N00002949",360,172,188
"N00002950",396,193,203
"N00002951",231,118,113
"N00002952",326,150,176
"N00002953",226,104,122
"N00002954",639,312,327
"N00002955",438,222,216
"N00002956",358,181,177
"N00002957",378,188,190
"N00002958",453,237,216
"N00002959",546,278,268
"N00002960",350,184,166
"N00002961",326,165,161
"N00002962",374,202,172
"N00002963",368,192,176
"N00002964",373,189,184
"N00002965",311,167,144
"N00002966",576,299,277
"N00002967",277,124,153
"N00002968",279,126,153
"N00002969",218,108,110
"N00002970",281,135,146
"N00002971",365,165,200
"N00002972",287,150,137
"N00002973",407,198,209
"N00002974",324,172,152
"N00002975",488,261,227
"N00002976",308,156,152
"N00002977",410,225,185
"N00002978",450,232,218
"N00002979",408,193,215
"N00002980",398,208,190
"N00002981",250,129,121
"N00002982",516,246,270
"N00002983",320,153,167
"N00002984",213,99,114
"N00002985",140,73,67
"N00002986",382,182,200
"N00002987",469,245,224
"N00002988",462,254,208
"N00002989",500,252,248
"N00002990",355,178,177
"N00002991",349,165,184
"N00002992",495,265,230
"N00002993",228,122,106
"N00002994",635,320,315
"N00002995",691,318,373
"N00002996",235,103,132
"N00002997",290,143,147
"N00002998",256,121,135
"N00002999",253,125,128
"N00003000",481,240,241
"N00003001",265,135,130
"N00003002",809,406,403
"N00003003",1353,674,679
"N00003004",262,139,123
"N00003005",482,264,218
"N00003006",440,223,217
"N00003007",493,253,240
"N00003008",635,311,324
"N00003009",513,262,251
"N00003010",414,193,221
"N00003011",302,141,161
"N00003012",393,198,195
"N00003013",408,200,208
"N00003014",422,212,210
"N00003015",394,199,195
"N00003016",303,152,151
"N00003017",381,185,196
"N00003018",239,113,126
"N00003019",539,270,269
"N00003020",440,207,233
"N00003021",383,180,203
"N00003022",303,134,169
"N00003023",250,115,135
"N00003024",426,199,227
"N00003025",341,158,183
"N00003026",543,276,267
"N00003027",436,234,202
"N00003028",449,245,204
"N00003029",513,253,260
"N00003030",380,178,202
"N00003031",469,238,231
"N00003032",357,196,161
"N00003033",450,234,216
"N00003034",231,110,121
"N00003035",376,187,189
"N00003036",345,174,171
"N00003037",393,190,203
"N00003038",350,171,179
"N00003039",314,150,164
"N00003040",432,233,199
"N00003041",437,214,223
"N00003042",254,121,133
"N00003043",203,90,113
"N00003044",356,166,190
"N00003045",785,392,393
"N00003046",336,177,159
"N00003047",417,223,194
"N00003048",428,232,196
"N00003049",323,163,160
"N00003050",342,180,162
"N00003051",377,213,164
"N00003052",280,134,146
"N00003053",231,118,113
"N00003054",320,155,165
"N00003055",369,169,200
"N00003056",337,177,160
"N00003057",276,132,144
"N00003058",322,150,172
"N00003059",315,154,161
"N00003060",274,120,154
"N00003061",478,258,220
"N00003062",437,226,211
"N00003063",517,274,243
"N00003064",440,223,217
"N00003065",341,155,186
"N00003066",377,195,182
"N00003067",316,147,169
"N00003068",189,87,102
"N00003069",258,124,134
"N00003070",261,131,130
"N00003071",247,130,117
"N00003072",212,106,106
"N00003073",399,199,200
"N00003074",487,237,250
"N00003075",286,156,130
"N00003076",521,250,271
"N00003077",366,176,190
"N00003078",523,258,265
"N00003079",298,134,164
"N00003080",234,98,136
"N00003081",118,51,67
"N00003082",231,107,124
"N00003083",215,113,102
"N00003084",320,156,164
"N00003085",264,116,148
"N00003086",250,110,140
"N00003087",343,176,167
"N00003088",148,66,82
"N00003089",310,165,145
"N00003090",344,156,188
"N00003091",401,196,205
"N00003092",235,106,129
"N00003093",484,220,264
"N00003094",273,141,132
"N00003095",301,141,160
"N00003096",270,137,133
"N00003097",567,273,294
"N00003098",747,353,394
"N00003099",322,156,166
"N00003100",331,177,154
"N00003101",301,144,157
"N00003102",340,173,167
"N00003103",264,132,132
"N00003104",254,123,131
"N00003105",382,205,177
"N00003106",198,85,113
"N00003107",202,106,96
"N00003108",251,123,128
"N00003109",266,134,132
"N00003110",221,105,116
"N00003111",199,96,103
"N00003112",254,121,133
"N00003113",264,125,139
"N00003114",281,127,154
"N00003115",236,118,118
"N00003116",313,134,179
"N00003117",265,131,134
"N00003118",196,92,104
"N00003119",251,115,136
"N00003120",323,152,171
"N00003121",315,136,179
"N00003122",253,113,140
"N00003123",364,191,173
"N00003124",314,151,163
"N00003125",292,135,157
"N00003126",447,225,222
"N00003127",434,219,215
"N00003128",283,142,141
"N00003129",322,164,158
"N00003130",302,146,156
"N00003131",823,435,388
"N00003132",297,143,154
"N00003133",379,195,184
"N00003134",298,139,159
"N00003135",149,73,76
"N00003136",369,188,181
"N00003137",320,154,166
"N00003138",296,134,162
"N00003139",414,208,206
"N00003140",330,143,187
"N00003141",357,187,170
"N00003142",896,427,469
"N00003143",293,143,150
"N00003144",278,136,142
"N00003145",1350,619,731
"N00003146",403,192,211
"N00003147",1029,512,517
"N00003148",327,164,163
"N00003149",551,272,279
"N00003150",368,192,176
"N00003151",269,130,139
"N00003152",399,197,202
"N00003153",369,186,183
"N00003154",365,188,177
"N00003155",249,116,133
"N00003156",232,123,109
"N00003157",237,118,119
"N00003158",228,112,116
"N00003159",410,203,207
"N00003160",237,119,118
"N00003161",1523,739,784
"N00003162",968,436,532
"N00003163",462,251,211
"N00003164",542,281,261
"N00003165",314,163,151
"N00003166",558,265,293
"N00003167",286,133,153
"N00003168",377,183,194
"N00003169",331,184,147
"N00003170",759,377,382
"N00003171",284,146,138
"N00003172",245,119,126
"N00003173",302,152,150
"N00003174",233,127,106
"N00003175",358,160,198
"N00003176",478,237,241
"N00003177",673,322,351
"N00003178",328,167,161
"N00003179",543,276,267
"N00003180",240,105,135
"N00003181",307,146,161
"N00003182",297,158,139
"N00003183",431,216,215
"N00003184",326,150,176
"N00003185",250,123,127
"N00003186",300,142,158
"N00003187",336,161,175
"N00003188",612,312,300
"N00003189",407,228,179
"N00003190",409,205,204
"N00003191",368,204,164
"N00003192",410,207,203
"N00003193",378,192,186
"N00003194",426,211,215
"N00003195",545,273,272
"N00003196",439,226,213
"N00003197",347,169,178
"N00003198",314,164,150
"N00003199",471,244,227
"N00003200",399,201,198
"N00003201",444,211,233
"N00003202",436,225,211
"N00003203",356,185,171
"N00003204",520,257,263
"N00003205",507,255,252
"N00003206",318,149,169
"N00003207",408,209,199
"N00003208",393,199,194
"N00003209",1247,628,619
"N00003210",278,130,148
"N00003211",266,125,141
"N00003212",355,177,178
"N00003213",237,110,127
"N00003214",219,112,107
"N00003215",261,113,148
"N00003216",384,198,186
"N00003217",325,172,153
"N00003218",534,246,288
"N00003219",810,649,161
"N00003220",354,174,180
"N00003221",285,137,148
"N00003222",329,167,162
"N00003223",290,162,128
"N00003224",257,126,131
"N00003225",291,139,152
"N00003226",269,127,142
"N00003227",228,115,113
"N00003228",318,149,169
"N00003229",217,103,114
"N00003230",218,112,106
"N00003231",179,89,90
"N00003232",480,247,233
"N00003233",375,194,181
"N00003234",546,279,267
"N00003235",568,285,283
"N00003236",456,207,249
"N00003237",995,487,508
"N00003238",569,303,266
"N00003239",438,220,218
"N00003240",792,580,212
"N00003241",377,182,195
"N00003242",319,167,152
"N00003243",444,233,211
"N00003244",331,170,161
"N00003245",476,244,232
"N00003246",810,402,408
"N00003247",820,411,409
"N00003248",347,171,176
"N00003249",412,208,204
"N00003250",309,147,162
"N00003251",308,144,164
"N00003252",346,148,198
"N00003253",299,141,158
"N00003254",247,116,131
"N00003255",354,162,192
"N00003256",370,185,185
"N00003257",344,176,168
"N00003258",547,268,279
"N00003259",323,159,164
"N00003260",384,169,215
"N00003261",456,219,237
"N00003262",364,190,174
"N00003263",417,203,214
"N00003264",418,216,202
"N00003265",381,186,195
"N00003266",356,184,172
"N00003267",408,208,200
"N00003268",344,176,168
"N00003269",354,191,163
"N00003270",330,170,160
"N00003271",603,270,333
"N00003272",613,287,326
"N00003273",832,414,418
"N00003274",277,131,146
"N00003275",202,88,114
"N00003276",557,264,293
"N00003277",457,222,235
"N00003278",430,224,206
"N00003279",239,113,126
"N00003280",895,439,456
"N00003281",355,183,172
"N00003282",2112,1047,1065
"N00003283",253,133,120
"N00003284",284,146,138
"N00003285",241,114,127
"N00003286",250,120,130
"N00003287",257,114,143
"N00003288",287,133,154
"N00003289",311,152,159
"N00003290",499,255,244
"N00003291",694,365,329
"N00003292",299,141,158
"N00003293",350,183,167
"N00003294",344,153,191
"N00003295",871,394,477
"N00003296",373,166,207
"N00003297",402,178,224
"N00003298",616,257,359
"N00003299",720,324,396
"N00003300",254,128,126
"N00003301",308,161,147
"N00003302",498,245,253
"N00003303",396,176,220
"N00003304",293,142,151
"N00003305",474,208,266
"N00003306",700,321,379
"N00003307",562,289,273
"N00003308",3075,1421,1654
"N00003309",303,138,165
"N00003310",321,148,173
"N00003311",1274,614,660
"N00003312",423,216,207
"N00003313",1435,654,781
"N00003314",777,356,421
"N00003315",201,95,106
"N00003316",393,203,190
"N00003317",333,154,179
"N00003318",965,496,469
"N00003319",372,183,189
"N00003320",304,145,159
"N00003321",411,208,203
"N00003322",410,203,207
"N00003323",455,234,221
"N00003324",358,170,188
"N00003325",429,209,220
"N00003326",661,315,346
"N00003327",375,192,183
"N00003328",214,111,103
"N00003329",338,169,169
"N00003330",328,159,169
"N00003331",442,200,242
"N00003332",395,197,198
"N00003333",305,148,157
"N00003334",321,151,170
"N00003335",244,119,125
"N00003336",402,214,188
"N00003337",302,135,167
"N00003338",248,124,124
"N00003339",414,193,221
"N00003340",272,116,156
"N00003341",302,146,156
"N00003342",367,173,194
"N00003343",294,133,161
"N00003344",288,135,153
"N00003345",360,192,168
"N00003346",480,253,227
"N00003347",453,228,225
"N00003348",599,303,296
"N00003349",1063,514,549
"N00003350",595,292,303
"N00003351",413,198,215
"N00003352",461,214,247
"N00003353",414,207,207
"N00003354",508,265,243
"N00003355",492,245,247
"N00003356",618,300,318
"N00003357",336,171,165
"N00003358",423,227,196
"N00003359",374,186,188
"N00003360",212,99,113
"N00003361",279,123,156
"N00003362",358,173,185
"N00003363",706,338,368
"N00003364",408,199,209
"N00003365",470,224,246
"N00003366",293,141,152
"N00003367",328,160,168
"N00003368",289,144,145
"N00003369",284,135,149
"N00003370",283,136,147
"N00003371",321,158,163
"N00003372",351,171,180
"N00003373",309,156,153
"N00003374",272,127,145
"N00003375",243,121,122
"N00003376",300,148,152
"N00003377",252,122,130
"N00003378",244,113,131
"N00003379",283,137,146
"N00003380",338,153,185
"N00003381",330,150,180
"N00003382",225,124,101
"N00003383",263,121,142
"N00003384",405,209,196
"N00003385",448,222,226
"N00003386",369,173,196
"N00003387",341,166,175
"N00003388",346,160,186
"N00003389",376,185,191
"N00003390",358,159,199
"N00003391",372,184,188
"N00003392",434,214,220
"N00003393",424,189,235
"N00003394",392,190,202
"N00003395",279,130,149
"N00003396",436,227,209
"N00003397",258,135,123
"N00003398",378,190,188
"N00003399",416,192,224
"N00003400",424,228,196
"N00003401",369,177,192
"N00003402",411,200,211
"N00003403",269,145,124
"N00003404",296,151,145
"N00003405",343,168,175
"N00003406",384,158,226
"N00003407",558,277,281
"N00003408",531,249,282
"N00003409",341,165,176
"N00003410",652,308,344
"N00003411",283,129,154
"N00003412",292,147,145
"N00003413",271,119,152
"N00003414",377,171,206
"N00003415",309,148,161
"N00003416",300,129,171
"N00003417",253,119,134
"N00003418",254,125,129
"N00003419",314,151,163
"N00003420",299,148,151
"N00003421",295,133,162
"N00003422",632,297,335
"N00003423",516,247,269
"N00003424",294,138,156
"N00003425",196,105,91
"N00003426",728,379,349
"N00003427",300,142,158
"N00003428",277,129,148
"N00003429",285,139,146
"N00003430",277,130,147
"N00003431",308,145,163
"N00003432",283,136,147
"N00003433",279,127,152
"N00003434",278,139,139
"N00003435",209,99,110
"N00003436",316,151,165
"N00003437",339,169,170
"N00003438",354,181,173
"N00003439",272,134,138
"N00003440",283,130,153
"N00003441",340,165,175
"N00003442",214,93,121
"N00003443",713,367,346
"N00003444",424,212,212
"N00003445",509,264,245
"N00003446",413,216,197
"N00003447",273,131,142
"N00003448",540,282,258
"N00003449",431,206,225
"N00003450",353,176,177
"N00003451",620,300,320
"N00003452",440,232,208
"N00003453",376,185,191
"N00003454",328,162,166
"N00003455",305,156,149
"N00003456",305,155,150
"N00003457",289,139,150
"N00003458",338,176,162
"N00003459",240,116,124
"N00003460",403,199,204
"N00003461",329,144,185
"N00003462",377,189,188
"N00003463",491,250,241
"N00003464",364,180,184
"N00003465",267,124,143
"N00003466",310,157,153
"N00003467",473,235,238
"N00003468",253,125,128
"N00003469",373,188,185
"N00003470",336,168,168
"N00003471",274,140,134
"N00003472",310,155,155
"N00003473",365,190,175
"N00003474",449,226,223
"N00003475",1177,591,586
"N00003476",734,382,352
"N00003477",462,225,237
"N00003478",817,382,435
"N00003479",814,402,412
"N00003480",258,123,135
"N00003481",175,81,94
"N00003482",253,128,125
"N00003483",341,159,182
"N00003484",313,156,157
"N00003485",265,138,127
"N00003486",355,172,183
"N00003487",327,157,170
"N00003488",284,138,146
"N00003489",704,299,405
"N00003490",265,115,150
"N00003491",636,297,339
"N00003492",370,181,189
"N00003493",715,321,394
"N00003494",763,375,388
"N00003495",395,196,199
"N00003496",637,291,346
"N00003497",393,172,221
"N00003498",234,121,113
"N00003499",231,115,116
"N00003500",295,153,142
"N00003501",276,131,145
"N00003502",202,100,102
"N00003503",349,164,185
"N00003504",324,161,163
"N00003505",198,95,103
"N00003506",396,186,210
"N00003507",248,122,126
"N00003508",293,146,147
"N00003509",303,149,154
"N00003510",312,161,151
"N00003511",259,120,139
"N00003512",304,144,160
"N00003513",479,211,268
"N00003514",666,324,342
"N00003515",261,137,124
"N00003516",334,156,178
"N00003517",615,299,316
"N00003518",280,131,149
"N00003519",206,87,119
"N00003520",285,147,138
"N00003521",687,501,186
"N00003522",408,194,214
"N00003523",444,200,244
"N00003524",1204,580,624
"N00003525",350,170,180
"N00003526",285,131,154
"N00003527",527,269,258
"N00003528",898,458,440
"N00003529",442,210,232
"N00003530",460,236,224
"N00003531",421,217,204
"N00003532",461,227,234
"N00003533",618,300,318
"N00003534",304,155,149
"N00003535",459,250,209
"N00003536",504,263,241
"N00003537",339,160,179
"N00003538",448,227,221
"N00003539",348,170,178
"N00003540",252,132,120
"N00003541",278,136,142
"N00003542",260,127,133
"N00003543",574,286,288
"N00003544",388,187,201
"N00003545",467,240,227
"N00003546",314,150,164
"N00003547",665,339,326
"N00003548",1769,895,874
"N00003549",550,274,276
"N00003550",520,253,267
"N00003551",465,225,240
"N00003552",418,198,220
"N00003553",396,194,202
"N00003554",243,112,131
"N00003555",351,147,204
"N00003556",686,348,338
"N00003557",249,112,137
"N00003558",496,257,239
"N00003559",565,287,278
"N00003560",533,288,245
"N00003561",459,228,231
"N00003562",421,215,206
"N00003563",467,235,232
"N00003564",401,197,204
"N00003565",435,210,225
"N00003566",541,283,258
"N00003567",491,263,228
"N00003568",412,210,202
"N00003569",488,241,247
"N00003570",526,265,261
"N00003571",308,159,149
"N00003572",491,258,233
"N00003573",450,240,210
"N00003574",461,227,234
"N00003575",511,260,251
"N00003576",518,255,263
"N00003577",409,216,193
"N00003578",551,266,285
"N00003579",503,254,249
"N00003580",425,222,203
"N00003581",698,341,357
"N00003582",557,272,285
"N00003583",666,333,333
"N00003584",298,146,152
"N00003585",333,154,179
"N00003586",300,139,161
"N00003587",507,252,255
"N00003588",622,305,317
"N00003589",570,292,278
"N00003590",658,340,318
"N00003591",565,298,267
"N00003592",369,192,177
"N00003593",587,307,280
"N00003594",914,465,449
"N00003595",363,184,179
"N00003596",301,161,140
"N00003597",476,232,244
"N00003598",382,198,184
"N00003599",403,206,197
"N00003600",367,187,180
"N00003601",368,185,183
"N00003602",392,189,203
"N00003603",356,162,194
"N00003604",330,152,178
"N00003605",320,156,164
"N00003606",353,181,172
"N00003607",502,244,258
"N00003608",475,237,238
"N00003609",324,155,169
"N00003610",294,137,157
"N00003611",263,136,127
"N00003612",472,263,209
"N00003613",450,229,221
"N00003614",507,260,247
"N00003615",361,181,180
"N00003616",367,186,181
"N00003617",341,166,175
"N00003618",448,226,222
"N00003619",420,200,220
"N00003620",494,237,257
"N00003621",427,217,210
"N00003622",601,307,294
"N00003623",301,155,146
"N00003624",666,338,328
"N00003625",431,218,213
"N00003626",390,205,185
"N00003627",340,155,185
"N00003628",313,150,163
"N00003629",284,127,157
"N00003630",595,286,309
"N00003631",205,95,110
"N00003632",274,132,142
"N00003633",259,120,139
"N00003634",315,159,156
"N00003635",337,178,159
"N00003636",341,178,163
"N00003637",380,189,191
"N00003638",441,223,218
"N00003639",312,148,164
"N00003640",319,147,172
"N00003641",472,250,222
"N00003642",341,186,155
"N00003643",416,213,203
"N00003644",301,150,151
"N00003645",488,250,238
"N00003646",548,271,277
"N00003647",678,358,320
"N00003648",464,247,217
"N00003649",448,242,206
"N00003650",414,217,197
"N00003651",354,193,161
"N00003652",642,343,299
"N00003653",351,188,163
"N00003654",250,132,118
"N00003655",208,100,108
"N00003656",514,246,268
"N00003657",382,185,197
"N00003658",527,274,253
"N00003659",370,185,185
"N00003660",374,180,194
"N00003661",359,159,200
"N00003662",210,95,115
"N00003663",267,126,141
"N00003664",522,240,282
"N00003665",481,248,233
"N00003666",467,234,233
"N00003667",395,196,199
"N00003668",425,229,196
"N00003669",451,219,232
"N00003670",385,184,201
"N00003671",296,147,149
"N00003672",289,146,143
"N00003673",249,134,115
"N00003674",413,200,213
"N00003675",308,143,165
"N00003676",303,153,150
"N00003677",295,135,160
"N00003678",378,188,190
"N00003679",327,164,163
"N00003680",254,138,116
"N00003681",409,208,201
"N00003682",226,115,111
"N00003683",403,199,204
"N00003684",329,168,161
"N00003685",371,188,183
"N00003686",364,166,198
"N00003687",454,228,226
"N00003688",365,193,172
"N00003689",293,153,140
"N00003690",543,274,269
"N00003691",467,234,233
"N00003692",379,189,190
"N00003693",423,206,217
"N00003694",516,261,255
"N00003695",379,191,188
"N00003696",431,227,204
"N00003697",454,233,221
"N00003698",704,372,332
"N00003699",406,197,209
"N00003700",400,206,194
"N00003701",624,333,291
"N00003702",862,431,431
"N00003703",629,320,309
"N00003704",427,216,211
"N00003705",429,206,223
"N00003706",575,286,289
"N00003707",562,286,276
"N00003708",510,270,240
"N00003709",386,191,195
"N00003710",475,236,239
"N00003711",545,278,267
"N00003712",384,184,200
"N00003713",381,174,207
"N00003714",401,203,198
"N00003715",291,136,155
"N00003716",324,158,166
"N00003717",271,148,123
"N00003718",1470,708,762
"N00003719",460,227,233
"N00003720",411,216,195
"N00003721",579,283,296
"N00003722",488,262,226
"N00003723",421,214,207
"N00003724",419,214,205
"N00003725",303,128,175
"N00003726",472,239,233
"N00003727",406,190,216
"N00003728",357,176,181
"N00003729",404,216,188
"N00003730",464,237,227
"N00003731",374,192,182
"N00003732",709,334,375
"N00003733",357,174,183
"N00003734",380,191,189
"N00003735",306,146,160
"N00003736",350,158,192
"N00003737",544,259,285
"N00003738",292,147,145
"N00003739",440,213,227
"N00003740",283,127,156
"N00003741",244,123,121
"N00003742",316,158,158
"N00003743",539,251,288
"N00003744",393,199,194
"N00003745",462,231,231
"N00003746",338,159,179
"N00003747",314,144,170
"N00003748",392,205,187
"N00003749",514,239,275
"N00003750",491,247,244
"N00003751",559,264,295
"N00003752",456,222,234
"N00003753",495,257,238
"N00003754",347,174,173
"N00003755",457,224,233
"N00003756",353,169,184
"N00003757",356,172,184
"N00003758",547,263,284
"N00003759",321,152,169
"N00003760",319,158,161
"N00003761",439,220,219
"N00003762",494,262,232
"N00003763",511,254,257
"N00003764",613,307,306
"N00003765",426,224,202
"N00003766",495,257,238
"N00003767",495,272,223
"N00003768",609,286,323
"N00003769",351,182,169
"N00003770",494,244,250
"N00003771",512,256,256
"N00003772",186,79,107
"N00003773",323,156,167
"N00003774",338,179,159
"N00003775",539,273,266
"N00003776",384,183,201
"N00003777",289,146,143
"N00003778",391,208,183
"N00003779",355,180,175
"N00003780",380,161,219
"N00003781",388,185,203
"N00003782",581,278,303
"N00003783",330,167,163
"N00003784",501,251,250
"N00003785",570,302,268
"N00003786",495,234,261
"N00003787",402,199,203
"N00003788",337,153,184
"N00003789",442,230,212
"N00003790",363,172,191
"N00003791",769,366,403
"N00003792",313,154,159
"N00003793",722,366,356
"N00003794",401,195,206
"N00003795",507,254,253
"N00003796",654,338,316
"N00003797",516,244,272
"N00003798",474,220,254
"N00003799",329,159,170
"N00003800",464,231,233
"N00003801",414,208,206
"N00003802",282,135,147
"N00003803",373,180,193
"N00003804",436,217,219
"N00003805",289,149,140
"N00003806",460,214,246
"N00003807",305,145,160
"N00003808",335,179,156
"N00003809",395,177,218
"N00003810",188,84,104
"N00003811",377,170,207
"N00003812",342,178,164
"N00003813",334,175,159
"N00003814",350,173,177
"N00003815",605,293,312
"N00003816",392,189,203
"N00003817",505,259,246
"N00003818",533,287,246
"N00003819",388,192,196
"N00003820",593,312,281
"N00003821",414,220,194
"N00003822",557,296,261
"N00003823",588,300,288
"N00003824",749,384,365
"N00003825",965,500,465
"N00003826",675,358,317
"N00003827",1060,528,532
"N00003828",463,222,241
"N00003829",519,270,249
"N00003830",537,289,248
"N00003831",292,136,156
"N00003832",558,303,255
"N00003833",467,219,248
"N00003834",428,212,216
"N00003835",539,260,279
"N00003836",343,175,168
"N00003837",337,147,190
"N00003838",409,205,204
"N00003839",409,200,209
"N00003840",428,212,216
"N00003841",256,126,130
"N00003842",413,206,207
"N00003843",348,168,180
"N00003844",515,264,251
"N00003845",299,127,172
"N00003846",620,287,333
"N00003847",254,120,134
"N00003848",362,168,194
"N00003849",608,301,307
"N00003850",415,210,205
"N00003851",470,238,232
"N00003852",352,152,200
"N00003853",514,262,252
"N00003854",466,240,226
"N00003855",454,223,231
"N00003856",491,252,239
"N00003857",547,281,266
"N00003858",511,267,244
"N00003859",478,229,249
"N00003860",1070,508,562
"N00003861",546,279,267
"N00003862",431,228,203
"N00003863",236,148,88
"N00003864",380,201,179
"N00003865",255,118,137
"N00003866",339,170,169
"N00003867",723,351,372
"N00003868",351,170,181
"N00003869",1226,609,617
"N00003870",254,127,127
"N00003871",730,369,361
"N00003872",278,146,132
"N00003873",1042,506,536
"N00003874",533,264,269
"N00003875",418,198,220
"N00003876",592,310,282
"N00003877",373,188,185
"N00003878",478,243,235
"N00003879",503,264,239
"N00003880",469,228,241
"N00003881",491,249,242
"N00003882",304,143,161
"N00003883",819,386,433
"N00003884",747,358,389
"N00003885",337,157,180
"N00003886",305,161,144
"N00003887",516,247,269
"N00003888",240,122,118
"N00003889",429,198,231
"N00003890",256,126,130
"N00003891",316,146,170
"N00003892",256,120,136
"N00003893",248,117,131
"N00003894",274,129,145
"N00003895",279,129,150
"N00003896",771,357,414
"N00003897",281,144,137
"N00003898",372,192,180
"N00003899",362,175,187
"N00003900",280,130,150
"N00003901",267,121,146
"N00003902",349,158,191
"N00003903",658,302,356
"N00003904",511,253,258
"N00003905",294,144,150
"N00003906",229,114,115
"N00003907",306,163,143
"N00003908",195,92,103
"N00003909",353,168,185
"N00003910",250,118,132
"N00003911",1281,623,658
"N00003912",469,224,245
"N00003913",261,124,137
"N00003914",366,187,179
"N00003915",308,136,172
"N00003916",390,200,190
"N00003917",280,132,148
"N00003918",267,119,148
"N00003919",297,155,142
"N00003920",329,153,176
"N00003921",326,157,169
"N00003922",303,149,154
"N00003923",306,143,163
"N00003924",305,146,159
"N00003925",289,142,147
"N00003926",305,154,151
"N00003927",312,165,147
"N00003928",462,210,252
"N00003929",261,129,132
"N00003930",318,159,159
"N00003931",214,91,123
"N00003932",347,167,180
"N00003933",841,421,420
"N00003934",337,174,163
"N00003935",353,183,170
"N00003936",938,461,477
"N00003937",331,160,171
"N00003938",259,127,132
"N00003939",386,194,192
"N00003940",317,162,155
"N00003941",379,204,175
"N00003942",468,237,231
"N00003943",657,311,346
"N00003944",390,183,207
"N00003945",333,153,180
"N00003946",446,222,224
"N00003947",620,291,329
"N00003948",323,150,173
"N00003949",316,158,158
"N00003950",315,151,164
"N00003951",265,126,139
"N00003952",267,127,140
"N00003953",277,129,148
"N00003954",223,93,130
"N00003955",263,117,146
"N00003956",310,147,163
"N00003957",221,96,125
"N00003958",531,253,278
"N00003959",264,118,146
"N00003960",260,127,133
"N00003961",286,147,139
"N00003962",676,324,352
"N00003963",296,148,148
"N00003964",349,164,185
"N00003965",381,182,199
"N00003966",301,132,169
"N00003967",405,211,194
"N00003968",282,138,144
"N00003969",260,118,142
"N00003970",330,163,167
"N00003971",311,150,161
"N00003972",327,139,188
"N00003973",345,160,185
"N00003974",633,316,317
"N00003975",372,187,185
"N00003976",347,166,181
"N00003977",284,143,141
"N00003978",370,172,198
"N00003979",349,175,174
"N00003980",378,192,186
"N00003981",270,121,149
"N00003982",211,101,110
"N00003983",265,112,153
"N00003984",363,174,189
"N00003985",298,144,154
"N00003986",247,110,137
"N00003987",304,133,171
"N00003988",288,130,158
"N00003989",163,91,72
"N00003990",420,205,215
"N00003991",295,135,160
"N00003992",379,175,204
"N00003993",393,203,190
"N00003994",353,186,167
"N00003995",395,191,204
"N00003996",340,174,166
"N00003997",364,186,178
"N00003998",347,161,186
"N00003999",388,191,197
"N00004000",311,133,178
"N00004001",332,150,182
"N00004002",275,127,148
"N00004003",414,209,205
"N00004004",234,121,113
"N00004005",203,89,114
"N00004006",224,120,104
"N00004007",269,117,152
"N00004008",474,216,258
"N00004009",326,148,178
"N00004010",379,203,176
"N00004011",482,212,270
"N00004012",315,154,161
"N00004013",331,161,170
"N00004014",335,168,167
"N00004015",299,141,158
"N00004016",375,173,202
"N00004017",305,132,173
"N00004018",296,148,148
"N00004019",310,149,161
"N00004020",425,203,222
"N00004021",332,163,169
"N00004022",294,139,155
"N00004023",247,115,132
"N00004024",307,148,159
"N00004025",449,193,256
"N00004026",327,162,165
"N00004027",305,152,153
"N00004028",307,139,168
"N00004029",283,136,147
"N00004030",281,141,140
"N00004031",261,120,141
"N00004032",233,102,131
"N00004033",269,123,146
"N00004034",237,111,126
"N00004035",288,145,143
"N00004036",261,128,133
"N00004037",307,149,158
"N00004038",255,117,138
"N00004039",285,136,149
"N00004040",300,136,164
"N00004041",304,150,154
"N00004042",586,292,294
"N00004043",357,179,178
"N00004044",290,140,150
"N00004045",347,167,180
"N00004046",292,141,151
"N00004047",1081,548,533
"N00004048",474,236,238
"N00004049",492,245,247
"N00004050",984,481,503
"N00004051",992,505,487
"N00004052",330,167,163
"N00004053",300,145,155
"N00004054",483,238,245
"N00004055",235,113,122
"N00004056",427,205,222
"N00004057",382,191,191
"N00004058",1248,605,643
"N00004059",1463,725,738
"N00004060",1223,599,624
"N00004061",640,337,303
"N00004062",493,252,241
"N00004063",832,390,442
"N00004064",612,296,316
"N00004065",260,118,142
"N00004066",245,103,142
"N00004067",259,119,140
"N00004068",289,137,152
"N00004069",251,118,133
"N00004070",213,98,115
"N00004071",282,136,146
"N00004072",341,167,174
"N00004073",1068,514,554
"N00004074",335,156,179
"N00004075",427,214,213
"N00004076",319,157,162
"N00004077",359,178,181
"N00004078",309,147,162
"N00004079",282,138,144
"N00004080",306,141,165
"N00004081",299,146,153
"N00004082",376,174,202
"N00004083",308,141,167
"N00004084",317,157,160
"N00004085",919,429,490
"N00004086",231,118,113
"N00004087",783,383,400
"N00004088",407,180,227
"N00004089",303,141,162
"N00004090",990,487,503
"N00004091",944,508,436
"N00004092",277,128,149
"N00004093",373,180,193
"N00004094",563,263,300
"N00004095",355,148,207
"N00004096",246,114,132
"N00004097",539,248,291
"N00004098",278,127,151
"N00004099",544,259,285
"N00004100",319,158,161
"N00004101",207,100,107
"N00004102",347,158,189
"N00004103",182,89,93
"N00004104",191,87,104
"N00004105",193,117,76
"N00004106",217,112,105
"N00004107",207,88,119
"N00004108",268,127,141
"N00004109",259,109,150
"N00004110",313,150,163
"N00004111",341,169,172
"N00004112",413,203,210
"N00004113",663,349,314
"N00004114",305,133,172
"N00004115",404,209,195
"N00004116",706,365,341
"N00004117",515,262,253
"N00004118",300,140,160
"N00004119",326,161,165
"N00004120",259,112,147
"N00004121",370,171,199
"N00004122",379,191,188
"N00004123",351,164,187
"N00004124",308,138,170
"N00004125",354,167,187
"N00004126",292,133,159
"N00004127",324,166,158
"N00004128",425,208,217
"N00004129",308,157,151
"N00004130",290,137,153
"N00004131",289,135,154
"N00004132",328,159,169
"N00004133",312,154,158
"N00004134",317,150,167
"N00004135",345,163,182
"N00004136",402,191,211
"N00004137",376,182,194
"N00004138",352,164,188
"N00004139",686,345,341
"N00004140",410,206,204
"N00004141",296,135,161
"N00004142",356,165,191
"N00004143",327,158,169
"N00004144",590,270,320
"N00004145",305,143,162
"N00004146",360,177,183
"N00004147",352,177,175
"N00004148",215,104,111
"N00004149",276,124,152
"N00004150",499,225,274
"N00004151",273,135,138
"N00004152",237,109,128
"N00004153",352,173,179
"N00004154",253,124,129
"N00004155",290,152,138
"N00004156",232,111,121
"N00004157",473,228,245
"N00004158",418,199,219
"N00004159",130,64,66
"N00004160",202,95,107
"N00004161",299,126,173
"N00004162",202,81,121
"N00004163",388,192,196
"N00004164",407,190,217
"N00004165",424,214,210
"N00004166",252,117,135
"N00004167",379,162,217
"N00004168",204,91,113
"N00004169",313,154,159
"N00004170",292,145,147
"N00004171",309,149,160
"N00004172",247,114,133
"N00004173",259,121,138
"N00004174",273,130,143
"N00004175",280,137,143
"N00004176",406,188,218
"N00004177",156,71,85
"N00004178",310,144,166
"N00004179",344,173,171
"N00004180",273,132,141
"N00004181",267,139,128
"N00004182",341,172,169
"N00004183",98,43,55
"N00004184",260,123,137
"N00004185",702,316,386
"N00004186",305,138,167
"N00004187",382,162,220
"N00004188",289,140,149
"N00004189",212,98,114
"N00004190",486,205,281
"N00004191",598,285,313
"N00004192",295,140,155
"N00004193",290,134,156
"N00004194",265,125,140
"N00004195",276,129,147
"N00004196",1009,512,497
"N00004197",245,114,131
"N00004198",247,113,134
"N00004199",798,382,416
"N00004200",395,202,193
"N00004201",327,166,161
"N00004202",342,160,182
"N00004203",373,184,189
"N00004204",314,151,163
"N00004205",285,141,144
"N00004206",283,126,157
"N00004207",331,155,176
"N00004208",484,218,266
"N00004209",648,334,314
"N00004210",312,146,166
"N00004211",674,324,350
"N00004212",1948,955,993
"N00004213",321,156,165
"N00004214",280,139,141
"N00004215",324,157,167
"N00004216",420,188,232
"N00004217",247,103,144
"N00004218",274,110,164
"N00004219",318,163,155
"N00004220",298,144,154
"N00004221",325,169,156
"N00004222",335,164,171
"N00004223",261,136,125
"N00004224",302,144,158
"N00004225",270,137,133
"N00004226",431,224,207
"N00004227",265,124,141
"N00004228",732,345,387
"N00004229",326,159,167
"N00004230",286,138,148
"N00004231",306,145,161
"N00004232",246,119,127
"N00004233",347,150,197
"N00004234",262,126,136
"N00004235",294,148,146
"N00004236",309,151,158
"N00004237",278,134,144
"N00004238",346,169,177
"N00004239",272,126,146
"N00004240",340,145,195
"N00004241",274,131,143
"N00004242",364,168,196
"N00004243",279,125,154
"N00004244",194,92,102
"N00004245",334,157,177
"N00004246",322,158,164
"N00004247",315,145,170
"N00004248",236,106,130
"N00004249",258,110,148
"N00004250",244,108,136
"N00004251",267,134,133
"N00004252",302,133,169
"N00004253",293,145,148
"N00004254",284,131,153
"N00004255",219,99,120
"N00004256",860,420,440
"N00004257",226,106,120
"N00004258",308,142,166
"N00004259",199,107,92
"N00004260",314,159,155
"N00004261",233,108,125
"N00004262",281,170,111
"N00004263",226,124,102
"N00004264",533,275,258
"N00004265",222,124,98
"N00004266",324,159,165
"N00004267",562,285,277
"N00004268",324,162,162
"N00004269",317,153,164
"N00004270",461,286,175
"N00004271",291,139,152
"N00004272",252,119,133
"N00004273",397,176,221
"N00004274",296,127,169
"N00004275",277,126,151
"N00004276",458,221,237
"N00004277",309,145,164
"N00004278",271,129,142
"N00004279",325,149,176
"N00004280",318,148,170
"N00004281",424,219,205
"N00004282",229,116,113
"N00004283",340,155,185
"N00004284",364,186,178
"N00004285",358,173,185
"N00004286",317,154,163
"N00004287",615,287,328
"N00004288",220,110,110
"N00004289",220,103,117
"N00004290",583,258,325
"N00004291",343,160,183
"N00004292",204,88,116
"N00004293",236,99,137
"N00004294",1013,632,381
"N00004295",271,118,153
"N00004296",348,160,188
"N00004297",329,172,157
"N00004298",391,203,188
"N00004299",540,250,290
"N00004300",175,70,105
"N00004301",362,164,198
"N00004302",430,210,220
"N00004303",270,130,140
"N00004304",308,157,151
"N00004305",253,124,129
"N00004306",390,196,194
"N00004307",254,124,130
"N00004308",262,139,123
"N00004309",235,110,125
"N00004310",243,113,130
"N00004311",215,111,104
"N00004312",304,145,159
"N00004313",323,136,187
"N00004314",616,300,316
"N00004315",240,102,138
"N00004316",285,136,149
"N00004317",269,131,138
"N00004318",256,120,136
"N00004319",285,146,139
"N00004320",362,170,192
"N00004321",650,303,347
"N00004322",324,154,170
"N00004323",362,171,191
"N00004324",247,113,134
"N00004325",271,125,146
"N00004326",287,134,153
"N00004327",274,127,147
"N00004328",290,143,147
"N00004329",274,125,149
"N00004330",290,136,154
"N00004331",299,139,160
"N00004332",331,161,170
"N00004333",257,117,140
"N00004334",231,114,117
"N00004335",220,111,109
"N00004336",318,145,173
"N00004337",249,120,129
"N00004338",369,187,182
"N00004339",539,278,261
"N00004340",440,222,218
"N00004341",433,228,205
"N00004342",727,357,370
"N00004343",269,140,129
"N00004344",273,134,139
"N00004345",438,197,241
"N00004346",378,193,185
"N00004347",459,221,238
"N00004348",214,106,108
"N00004349",252,101,151
"N00004350",1152,568,584
"N00004351",539,284,255
"N00004352",607,309,298
"N00004353",492,243,249
"N00004354",387,190,197
"N00004355",353,172,181
"N00004356",286,151,135
"N00004357",1457,716,741
"N00004358",298,142,156
"N00004359",1095,544,551
"N00004360",494,239,255
"N00004361",505,262,243
"N00004362",676,329,347
"N00004363",472,243,229
"N00004364",418,214,204
"N00004365",548,254,294
"N00004366",268,137,131
"N00004367",688,340,348
"N00004368",494,258,236
"N00004369",403,205,198
"N00004370",601,290,311
"N00004371",442,229,213
"N00004372",486,243,243
"N00004373",490,240,250
"N00004374",469,252,217
"N00004375",849,449,400
"N00004376",448,235,213
"N00004377",465,226,239
"N00004378",211,132,79
"N00004379",267,132,135
"N00004380",310,157,153
"N00004381",292,144,148
"N00004382",438,221,217
"N00004383",275,133,142
"N00004384",251,119,132
"N00004385",271,145,126
"N00004386",438,231,207
"N00004387",348,163,185
"N00004388",427,213,214
"N00004389",490,266,224
"N00004390",439,224,215
"N00004391",497,263,234
"N00004392",352,176,176
"N00004393",314,158,156
"N00004394",205,95,110
"N00004395",232,101,131
"N00004396",446,234,212
"N00004397",342,157,185
"N00004398",539,283,256
"N00004399",672,317,355
"N00004400",531,252,279
"N00004401",752,368,384
"N00004402",1134,527,607
"N00004403",354,163,191
"N00004404",709,334,375
"N00004405",636,320,316
"N00004406",421,197,224
"N00004407",344,172,172
"N00004408",317,145,172
"N00004409",450,209,241
"N00004410",656,296,360
"N00004411",476,234,242
"N00004412",432,210,222
"N00004413",210,94,116
"N00004414",154,78,76
"N00004415",1041,500,541
"N00004416",628,295,333
"N00004417",506,257,249
"N00004418",517,280,237
"N00004419",468,248,220
"N00004420",527,266,261
"N00004421",374,184,190
"N00004422",493,255,238
"N00004423",466,237,229
"N00004424",400,200,200
"N00004425",513,258,255
"N00004426",478,249,229
"N00004427",397,201,196
"N00004428",394,213,181
"N00004429",539,268,271
"N00004430",539,271,268
"N00004431",505,274,231
"N00004432",130,84,46
"N00004433",610,282,328
"N00004434",412,214,198
"N00004435",344,179,165
"N00004436",377,176,201
"N00004437",317,155,162
"N00004438",548,301,247
"N00004439",561,299,262
"N00004440",527,261,266
"N00004441",550,297,253
"N00004442",545,285,260
"N00004443",612,319,293
"N00004444",328,159,169
"N00004445",405,214,191
"N00004446",448,214,234
"N00004447",359,173,186
"N00004448",489,237,252
"N00004449",439,219,220
"N00004450",388,193,195
"N00004451",637,327,310
"N00004452",298,129,169
"N00004453",322,131,191
"N00004454",300,121,179
"N00004455",309,149,160
"N00004456",298,130,168
"N00004457",300,137,163
"N00004458",311,152,159
"N00004459",861,431,430
"N00004460",243,111,132
"N00004461",395,194,201
"N00004462",299,145,154
"N00004463",461,241,220
"N00004464",374,188,186
"N00004465",490,261,229
"N00004466",413,217,196
"N00004467",426,235,191
"N00004468",506,264,242
"N00004469",378,194,184
"N00004470",299,134,165
"N00004471",394,200,194
"N00004472",751,385,366
"N00004473",365,198,167
"N00004474",865,436,429
"N00004475",267,127,140
"N00004476",266,149,117
"N00004477",316,148,168
"N00004478",562,275,287
"N00004479",536,275,261
"N00004480",471,226,245
"N00004481",565,270,295
"N00004482",300,140,160
"N00004483",373,176,197
"N00004484",611,290,321
"N00004485",409,216,193
"N00004486",333,168,165
"N00004487",447,233,214
"N00004488",446,229,217
"N00004489",347,183,164
"N00004490",511,249,262
"N00004491",376,200,176
"N00004492",332,174,158
"N00004493",411,205,206
"N00004494",300,132,168
"N00004495",339,190,149
"N00004496",906,429,477
"N00004497",380,203,177
"N00004498",1524,707,817
"N00004499",197,102,95
"N00004500",172,95,77
"N00004501",444,223,221
"N00004502",328,177,151
"N00004503",411,219,192
"N00004504",265,142,123
"N00004505",413,227,186
"N00004506",362,187,175
"N00004507",285,142,143
"N00004508",671,338,333
"N00004509",275,145,130
"N00004510",322,153,169
"N00004511",225,112,113
"N00004512",412,209,203
"N00004513",434,230,204
"N00004514",617,320,297
"N00004515",395,203,192
"N00004516",391,202,189
"N00004517",410,213,197
"N00004518",286,149,137
"N00004519",340,167,173
"N00004520",1202,574,628
"N00004521",334,158,176
"N00004522",337,177,160
"N00004523",378,168,210
"N00004524",253,111,142
"N00004525",388,195,193
"N00004526",420,223,197
"N00004527",338,175,163
"N00004528",478,246,232
"N00004529",292,162,130
"N00004530",357,182,175
"N00004531",403,206,197
"N00004532",399,191,208
"N00004533",304,136,168
"N00004534",1208,573,635
"N00004535",839,404,435
"N00004536",290,138,152
"N00004537",222,113,109
