"Geography_Code","NM_1567_1_0","NM_1567_1_1","NM_1567_1_2","NM_1567_1_3","NM_1567_1_4","NM_1567_1_5","NM_1567_1_6"
"N00000001",591,97,24,73,494,349,145
"N00000002",170,45,14,31,125,104,21
"N00000003",115,31,11,20,84,69,15
"N00000004",310,95,47,48,215,163,52
"N00000005",210,48,14,34,162,131,31
"N00000006",134,41,10,31,93,74,19
"N00000007",130,28,11,17,102,84,18
"N00000008",162,30,8,22,132,101,31
"N00000009",408,97,20,77,311,245,66
"N00000010",113,31,8,23,82,66,16
"N00000011",130,40,12,28,90,82,8
"N00000012",132,43,14,29,89,84,5
"N00000013",116,25,5,20,91,87,4
"N00000014",265,71,12,59,194,184,10
"N00000015",85,30,8,22,55,51,4
"N00000016",98,20,3,17,78,72,6
"N00000017",150,50,18,32,100,92,8
"N00000018",109,24,7,17,85,75,10
"N00000019",116,34,10,24,82,75,7
"N00000020",88,28,2,26,60,57,3
"N00000021",114,27,10,17,87,82,5
"N00000022",110,35,5,30,75,67,8
"N00000023",88,32,10,22,56,49,7
"N00000024",281,86,26,60,195,151,44
"N00000025",241,67,28,39,174,137,37
"N00000026",260,74,28,46,186,145,41
"N00000027",257,72,18,54,185,142,43
"N00000028",123,36,13,23,87,76,11
"N00000029",218,70,27,43,148,111,37
"N00000030",190,52,12,40,138,109,29
"N00000031",338,82,28,54,256,215,41
"N00000032",174,44,9,35,130,113,17
"N00000033",246,54,12,42,192,153,39
"N00000034",224,62,19,43,162,146,16
"N00000035",120,33,5,28,87,81,6
"N00000036",174,35,11,24,139,129,10
"N00000037",120,39,13,26,81,73,8
"N00000038",182,55,15,40,127,99,28
"N00000039",590,204,48,156,386,338,48
"N00000040",118,46,7,39,72,65,7
"N00000041",225,59,16,43,166,149,17
"N00000042",198,62,15,47,136,115,21
"N00000043",547,175,47,128,372,340,32
"N00000044",113,33,5,28,80,75,5
"N00000045",269,67,17,50,202,160,42
"N00000046",191,55,12,43,136,106,30
"N00000047",184,41,13,28,143,119,24
"N00000048",135,44,12,32,91,86,5
"N00000049",120,36,8,28,84,77,7
"N00000050",147,29,10,19,118,99,19
"N00000051",110,44,8,36,66,63,3
"N00000052",124,42,7,35,82,76,6
"N00000053",112,37,7,30,75,71,4
"N00000054",116,39,8,31,77,72,5
"N00000055",113,37,7,30,76,69,7
"N00000056",125,29,4,25,96,85,11
"N00000057",106,40,9,31,66,58,8
"N00000058",120,27,3,24,93,87,6
"N00000059",99,32,10,22,67,61,6
"N00000060",161,63,8,55,98,91,7
"N00000061",124,40,12,28,84,79,5
"N00000062",159,46,15,31,113,99,14
"N00000063",146,48,11,37,98,87,11
"N00000064",88,25,8,17,63,58,5
"N00000065",192,57,18,39,135,122,13
"N00000066",146,42,19,23,104,99,5
"N00000067",111,28,7,21,83,74,9
"N00000068",183,62,26,36,121,103,18
"N00000069",87,36,7,29,51,47,4
"N00000070",102,22,10,12,80,74,6
"N00000071",123,37,10,27,86,81,5
"N00000072",943,222,65,157,721,651,70
"N00000073",237,52,13,39,185,169,16
"N00000074",593,131,22,109,462,415,47
"N00000075",216,37,7,30,179,131,48
"N00000076",182,54,17,37,128,116,12
"N00000077",141,40,13,27,101,94,7
"N00000078",263,68,19,49,195,172,23
"N00000079",300,89,26,63,211,152,59
"N00000080",225,66,16,50,159,141,18
"N00000081",166,46,19,27,120,103,17
"N00000082",181,46,11,35,135,106,29
"N00000083",358,95,27,68,263,204,59
"N00000084",229,60,16,44,169,128,41
"N00000085",159,30,8,22,129,120,9
"N00000086",189,45,14,31,144,136,8
"N00000087",475,112,31,81,363,311,52
"N00000088",74,23,3,20,51,44,7
"N00000089",236,58,13,45,178,151,27
"N00000090",197,46,8,38,151,142,9
"N00000091",243,70,22,48,173,152,21
"N00000092",231,59,23,36,172,136,36
"N00000093",186,53,18,35,133,105,28
"N00000094",254,69,28,41,185,152,33
"N00000095",235,71,19,52,164,147,17
"N00000096",245,69,16,53,176,141,35
"N00000097",467,126,24,102,341,311,30
"N00000098",698,148,31,117,550,495,55
"N00000099",99,37,8,29,62,53,9
"N00000100",164,38,6,32,126,111,15
"N00000101",112,34,4,30,78,71,7
"N00000102",159,47,13,34,112,99,13
"N00000103",253,68,15,53,185,172,13
"N00000104",163,45,9,36,118,113,5
"N00000105",163,51,9,42,112,106,6
"N00000106",67,19,6,13,48,45,3
"N00000107",93,25,5,20,68,61,7
"N00000108",108,29,6,23,79,72,7
"N00000109",264,66,16,50,198,187,11
"N00000110",133,35,9,26,98,89,9
"N00000111",182,48,14,34,134,122,12
"N00000112",201,60,16,44,141,120,21
"N00000113",160,48,10,38,112,105,7
"N00000114",169,40,9,31,129,124,5
"N00000115",119,38,14,24,81,75,6
"N00000116",132,38,9,29,94,92,2
"N00000117",46,17,3,14,29,26,3
"N00000118",166,40,16,24,126,105,21
"N00000119",120,33,12,21,87,68,19
"N00000120",145,43,14,29,102,77,25
"N00000121",126,31,7,24,95,83,12
"N00000122",247,65,22,43,182,133,49
"N00000123",157,42,16,26,115,92,23
"N00000124",162,38,10,28,124,92,32
"N00000125",215,53,10,43,162,130,32
"N00000126",207,60,13,47,147,130,17
"N00000127",177,46,13,33,131,104,27
"N00000128",485,109,44,65,376,315,61
"N00000129",102,35,4,31,67,63,4
"N00000130",279,82,30,52,197,168,29
"N00000131",212,58,22,36,154,127,27
"N00000132",187,62,18,44,125,89,36
"N00000133",145,34,6,28,111,95,16
"N00000134",241,63,16,47,178,148,30
"N00000135",127,35,13,22,92,86,6
"N00000136",277,82,29,53,195,160,35
"N00000137",159,47,12,35,112,98,14
"N00000138",251,67,18,49,184,159,25
"N00000139",130,35,14,21,95,82,13
"N00000140",142,48,14,34,94,74,20
"N00000141",153,53,17,36,100,93,7
"N00000142",74,16,3,13,58,54,4
"N00000143",80,26,5,21,54,49,5
"N00000144",92,35,7,28,57,51,6
"N00000145",34,9,4,5,25,22,3
"N00000146",132,30,11,19,102,73,29
"N00000147",92,32,8,24,60,57,3
"N00000148",278,70,21,49,208,180,28
"N00000149",175,45,10,35,130,115,15
"N00000150",135,37,6,31,98,85,13
"N00000151",111,27,5,22,84,75,9
"N00000152",100,36,10,26,64,60,4
"N00000153",70,20,4,16,50,48,2
"N00000154",111,30,8,22,81,71,10
"N00000155",166,47,13,34,119,84,35
"N00000156",128,37,7,30,91,80,11
"N00000157",183,46,14,32,137,104,33
"N00000158",253,65,12,53,188,152,36
"N00000159",83,20,5,15,63,59,4
"N00000160",132,38,10,28,94,85,9
"N00000161",165,65,22,43,100,80,20
"N00000162",123,43,13,30,80,76,4
"N00000163",107,27,8,19,80,71,9
"N00000164",136,44,12,32,92,63,29
"N00000165",140,34,10,24,106,85,21
"N00000166",106,36,7,29,70,65,5
"N00000167",175,57,14,43,118,109,9
"N00000168",159,51,11,40,108,95,13
"N00000169",370,113,30,83,257,207,50
"N00000170",170,56,17,39,114,92,22
"N00000171",216,64,27,37,152,118,34
"N00000172",388,103,25,78,285,227,58
"N00000173",185,46,11,35,139,93,46
"N00000174",168,57,22,35,111,99,12
"N00000175",199,61,24,37,138,117,21
"N00000176",211,72,12,60,139,123,16
"N00000177",134,38,11,27,96,84,12
"N00000178",256,88,24,64,168,144,24
"N00000179",344,72,16,56,272,242,30
"N00000180",104,31,7,24,73,69,4
"N00000181",145,36,6,30,109,92,17
"N00000182",91,21,5,16,70,63,7
"N00000183",151,34,10,24,117,104,13
"N00000184",156,33,9,24,123,110,13
"N00000185",78,15,7,8,63,54,9
"N00000186",121,47,10,37,74,67,7
"N00000187",92,31,8,23,61,57,4
"N00000188",149,49,15,34,100,92,8
"N00000189",160,51,19,32,109,84,25
"N00000190",147,45,13,32,102,94,8
"N00000191",157,51,17,34,106,99,7
"N00000192",167,56,15,41,111,105,6
"N00000193",113,39,17,22,74,66,8
"N00000194",109,33,11,22,76,68,8
"N00000195",83,17,4,13,66,59,7
"N00000196",69,23,8,15,46,40,6
"N00000197",171,40,10,30,131,119,12
"N00000198",156,47,15,32,109,90,19
"N00000199",185,53,7,46,132,122,10
"N00000200",179,50,8,42,129,119,10
"N00000201",146,51,11,40,95,74,21
"N00000202",150,46,9,37,104,91,13
"N00000203",160,42,10,32,118,89,29
"N00000204",185,51,13,38,134,124,10
"N00000205",159,50,20,30,109,94,15
"N00000206",208,42,12,30,166,143,23
"N00000207",153,46,17,29,107,99,8
"N00000208",163,43,19,24,120,107,13
"N00000209",210,67,22,45,143,127,16
"N00000210",166,47,6,41,119,103,16
"N00000211",193,52,16,36,141,125,16
"N00000212",89,23,11,12,66,57,9
"N00000213",137,41,6,35,96,84,12
"N00000214",156,46,15,31,110,99,11
"N00000215",197,55,23,32,142,104,38
"N00000216",193,49,8,41,144,109,35
"N00000217",213,61,24,37,152,104,48
"N00000218",149,50,21,29,99,81,18
"N00000219",88,29,4,25,59,52,7
"N00000220",112,45,5,40,67,61,6
"N00000221",99,31,6,25,68,63,5
"N00000222",124,31,11,20,93,83,10
"N00000223",150,51,20,31,99,88,11
"N00000224",105,36,7,29,69,60,9
"N00000225",41,10,0,10,31,26,5
"N00000226",111,35,4,31,76,72,4
"N00000227",75,28,7,21,47,44,3
"N00000228",139,55,14,41,84,78,6
"N00000229",174,45,11,34,129,118,11
"N00000230",113,47,11,36,66,64,2
"N00000231",92,43,7,36,49,46,3
"N00000232",118,44,14,30,74,66,8
"N00000233",115,36,8,28,79,73,6
"N00000234",104,25,9,16,79,73,6
"N00000235",127,45,13,32,82,72,10
"N00000236",120,38,14,24,82,76,6
"N00000237",201,64,17,47,137,117,20
"N00000238",148,57,18,39,91,70,21
"N00000239",92,37,11,26,55,53,2
"N00000240",140,55,12,43,85,77,8
"N00000241",223,73,27,46,150,121,29
"N00000242",194,64,21,43,130,108,22
"N00000243",110,36,10,26,74,69,5
"N00000244",95,37,5,32,58,51,7
"N00000245",149,46,20,26,103,88,15
"N00000246",111,33,9,24,78,70,8
"N00000247",145,46,16,30,99,82,17
"N00000248",167,53,18,35,114,98,16
"N00000249",219,68,19,49,151,136,15
"N00000250",223,54,16,38,169,148,21
"N00000251",235,66,23,43,169,151,18
"N00000252",153,42,9,33,111,84,27
"N00000253",275,74,26,48,201,147,54
"N00000254",157,48,13,35,109,92,17
"N00000255",178,49,12,37,129,106,23
"N00000256",398,106,30,76,292,225,67
"N00000257",214,62,17,45,152,138,14
"N00000258",171,56,14,42,115,88,27
"N00000259",226,58,17,41,168,139,29
"N00000260",225,60,12,48,165,136,29
"N00000261",261,70,29,41,191,149,42
"N00000262",186,47,15,32,139,108,31
"N00000263",102,23,3,20,79,73,6
"N00000264",246,71,17,54,175,150,25
"N00000265",142,42,9,33,100,95,5
"N00000266",158,40,14,26,118,106,12
"N00000267",216,56,13,43,160,139,21
"N00000268",204,66,15,51,138,115,23
"N00000269",177,49,21,28,128,97,31
"N00000270",181,50,16,34,131,94,37
"N00000271",179,45,18,27,134,107,27
"N00000272",137,37,9,28,100,82,18
"N00000273",214,54,16,38,160,113,47
"N00000274",250,71,14,57,179,137,42
"N00000275",131,38,15,23,93,81,12
"N00000276",178,43,7,36,135,119,16
"N00000277",181,52,12,40,129,114,15
"N00000278",164,55,8,47,109,98,11
"N00000279",109,16,2,14,93,87,6
"N00000280",153,59,12,47,94,85,9
"N00000281",176,46,11,35,130,100,30
"N00000282",179,51,16,35,128,103,25
"N00000283",167,55,15,40,112,93,19
"N00000284",152,51,10,41,101,89,12
"N00000285",113,42,12,30,71,66,5
"N00000286",112,29,10,19,83,68,15
"N00000287",105,33,8,25,72,69,3
"N00000288",164,42,10,32,122,107,15
"N00000289",229,49,7,42,180,165,15
"N00000290",85,31,11,20,54,52,2
"N00000291",270,72,16,56,198,177,21
"N00000292",331,95,23,72,236,201,35
"N00000293",268,73,22,51,195,172,23
"N00000294",207,40,15,25,167,122,45
"N00000295",167,48,13,35,119,94,25
"N00000296",142,38,9,29,104,93,11
"N00000297",181,55,18,37,126,114,12
"N00000298",185,64,17,47,121,113,8
"N00000299",149,41,11,30,108,101,7
"N00000300",120,32,9,23,88,79,9
"N00000301",200,60,15,45,140,123,17
"N00000302",186,65,18,47,121,103,18
"N00000303",159,53,16,37,106,95,11
"N00000304",197,51,9,42,146,135,11
"N00000305",219,68,25,43,151,141,10
"N00000306",205,56,8,48,149,136,13
"N00000307",183,59,19,40,124,106,18
"N00000308",163,56,17,39,107,95,12
"N00000309",208,65,18,47,143,133,10
"N00000310",174,38,11,27,136,104,32
"N00000311",136,33,11,22,103,92,11
"N00000312",229,75,28,47,154,133,21
"N00000313",280,76,26,50,204,180,24
"N00000314",125,39,9,30,86,82,4
"N00000315",126,30,8,22,96,83,13
"N00000316",143,37,8,29,106,94,12
"N00000317",142,47,11,36,95,85,10
"N00000318",161,47,17,30,114,92,22
"N00000319",348,106,25,81,242,208,34
"N00000320",131,40,11,29,91,62,29
"N00000321",222,70,22,48,152,126,26
"N00000322",129,38,8,30,91,69,22
"N00000323",248,63,24,39,185,140,45
"N00000324",177,60,11,49,117,100,17
"N00000325",225,68,22,46,157,124,33
"N00000326",416,109,30,79,307,265,42
"N00000327",142,42,7,35,100,93,7
"N00000328",110,37,5,32,73,69,4
"N00000329",141,50,6,44,91,81,10
"N00000330",296,71,15,56,225,194,31
"N00000331",265,91,19,72,174,153,21
"N00000332",105,31,6,25,74,70,4
"N00000333",91,34,6,28,57,53,4
"N00000334",108,35,9,26,73,68,5
"N00000335",145,44,14,30,101,92,9
"N00000336",153,55,14,41,98,87,11
"N00000337",143,47,13,34,96,80,16
"N00000338",148,38,8,30,110,92,18
"N00000339",154,43,11,32,111,93,18
"N00000340",204,68,24,44,136,116,20
"N00000341",178,54,16,38,124,117,7
"N00000342",208,69,23,46,139,125,14
"N00000343",199,66,18,48,133,122,11
"N00000344",116,26,6,20,90,85,5
"N00000345",146,59,17,42,87,84,3
"N00000346",289,94,17,77,195,170,25
"N00000347",106,29,7,22,77,70,7
"N00000348",171,49,16,33,122,109,13
"N00000349",166,38,6,32,128,112,16
"N00000350",254,67,19,48,187,153,34
"N00000351",192,53,18,35,139,112,27
"N00000352",233,67,13,54,166,133,33
"N00000353",200,58,18,40,142,119,23
"N00000354",201,53,13,40,148,108,40
"N00000355",207,64,20,44,143,116,27
"N00000356",119,36,8,28,83,75,8
"N00000357",460,164,46,118,296,264,32
"N00000358",117,39,7,32,78,68,10
"N00000359",299,92,27,65,207,181,26
"N00000360",200,70,28,42,130,102,28
"N00000361",161,46,7,39,115,100,15
"N00000362",189,55,19,36,134,109,25
"N00000363",205,64,17,47,141,116,25
"N00000364",221,62,17,45,159,128,31
"N00000365",98,27,5,22,71,66,5
"N00000366",221,49,13,36,172,147,25
"N00000367",143,40,15,25,103,91,12
"N00000368",234,69,16,53,165,138,27
"N00000369",198,51,12,39,147,129,18
"N00000370",217,62,14,48,155,130,25
"N00000371",199,57,18,39,142,113,29
"N00000372",183,51,18,33,132,116,16
"N00000373",208,44,11,33,164,144,20
"N00000374",174,41,10,31,133,117,16
"N00000375",136,37,17,20,99,82,17
"N00000376",126,34,7,27,92,84,8
"N00000377",107,26,4,22,81,74,7
"N00000378",84,33,10,23,51,47,4
"N00000379",246,61,18,43,185,164,21
"N00000380",251,65,16,49,186,159,27
"N00000381",372,124,32,92,248,219,29
"N00000382",227,62,16,46,165,133,32
"N00000383",213,67,25,42,146,113,33
"N00000384",211,52,12,40,159,121,38
"N00000385",200,50,10,40,150,119,31
"N00000386",92,20,7,13,72,69,3
"N00000387",77,26,5,21,51,46,5
"N00000388",593,178,50,128,415,373,42
"N00000389",182,51,15,36,131,109,22
"N00000390",476,120,32,88,356,275,81
"N00000391",259,66,20,46,193,152,41
"N00000392",769,188,44,144,581,478,103
"N00000393",218,60,16,44,158,124,34
"N00000394",203,57,23,34,146,119,27
"N00000395",221,49,9,40,172,126,46
"N00000396",188,53,16,37,135,114,21
"N00000397",277,73,22,51,204,158,46
"N00000398",199,42,13,29,157,123,34
"N00000399",155,48,9,39,107,95,12
"N00000400",96,28,9,19,68,57,11
"N00000401",105,27,11,16,78,70,8
"N00000402",111,28,9,19,83,71,12
"N00000403",199,52,18,34,147,114,33
"N00000404",81,25,8,17,56,56,0
"N00000405",78,24,3,21,54,45,9
"N00000406",187,45,19,26,142,108,34
"N00000407",516,150,46,104,366,300,66
"N00000408",196,59,17,42,137,107,30
"N00000409",186,44,11,33,142,122,20
"N00000410",197,48,13,35,149,109,40
"N00000411",159,52,14,38,107,87,20
"N00000412",201,54,9,45,147,117,30
"N00000413",217,75,21,54,142,115,27
"N00000414",186,57,11,46,129,96,33
"N00000415",207,53,12,41,154,124,30
"N00000416",216,48,13,35,168,131,37
"N00000417",273,65,19,46,208,184,24
"N00000418",412,112,27,85,300,245,55
"N00000419",171,58,18,40,113,87,26
"N00000420",154,42,14,28,112,90,22
"N00000421",279,92,27,65,187,158,29
"N00000422",160,51,13,38,109,96,13
"N00000423",213,62,18,44,151,125,26
"N00000424",261,78,16,62,183,161,22
"N00000425",172,39,10,29,133,107,26
"N00000426",132,24,8,16,108,88,20
"N00000427",136,28,3,25,108,93,15
"N00000428",195,57,10,47,138,126,12
"N00000429",209,64,20,44,145,118,27
"N00000430",231,73,28,45,158,118,40
"N00000431",158,46,12,34,112,96,16
"N00000432",114,41,13,28,73,61,12
"N00000433",106,25,11,14,81,71,10
"N00000434",185,54,12,42,131,118,13
"N00000435",169,42,15,27,127,118,9
"N00000436",254,79,24,55,175,144,31
"N00000437",327,92,30,62,235,194,41
"N00000438",252,66,12,54,186,153,33
"N00000439",218,58,22,36,160,114,46
"N00000440",190,59,19,40,131,109,22
"N00000441",149,44,7,37,105,84,21
"N00000442",201,49,14,35,152,126,26
"N00000443",254,73,18,55,181,148,33
"N00000444",232,70,22,48,162,139,23
"N00000445",177,40,11,29,137,119,18
"N00000446",175,49,17,32,126,108,18
"N00000447",127,35,14,21,92,78,14
"N00000448",84,28,8,20,56,52,4
"N00000449",226,66,25,41,160,123,37
"N00000450",238,60,15,45,178,149,29
"N00000451",226,63,20,43,163,127,36
"N00000452",201,56,15,41,145,97,48
"N00000453",125,44,12,32,81,71,10
"N00000454",267,68,16,52,199,160,39
"N00000455",121,26,5,21,95,83,12
"N00000456",153,44,12,32,109,92,17
"N00000457",183,50,13,37,133,119,14
"N00000458",183,57,15,42,126,105,21
"N00000459",337,94,22,72,243,218,25
"N00000460",169,39,15,24,130,118,12
"N00000461",220,54,15,39,166,145,21
"N00000462",89,23,8,15,66,61,5
"N00000463",366,79,9,70,287,253,34
"N00000464",213,62,20,42,151,125,26
"N00000465",129,29,5,24,100,85,15
"N00000466",179,47,11,36,132,104,28
"N00000467",134,45,10,35,89,85,4
"N00000468",149,48,15,33,101,83,18
"N00000469",214,60,14,46,154,137,17
"N00000470",125,40,11,29,85,77,8
"N00000471",143,43,8,35,100,93,7
"N00000472",87,21,6,15,66,60,6
"N00000473",93,27,9,18,66,52,14
"N00000474",82,17,3,14,65,53,12
"N00000475",99,25,5,20,74,70,4
"N00000476",118,40,16,24,78,72,6
"N00000477",350,89,26,63,261,221,40
"N00000478",118,33,6,27,85,82,3
"N00000479",112,29,5,24,83,72,11
"N00000480",127,44,11,33,83,72,11
"N00000481",190,52,10,42,138,115,23
"N00000482",70,26,4,22,44,39,5
"N00000483",147,34,8,26,113,103,10
"N00000484",155,37,9,28,118,111,7
"N00000485",118,40,9,31,78,76,2
"N00000486",200,55,13,42,145,135,10
"N00000487",151,45,15,30,106,90,16
"N00000488",223,66,13,53,157,137,20
"N00000489",137,30,5,25,107,94,13
"N00000490",273,69,15,54,204,172,32
"N00000491",264,55,15,40,209,185,24
"N00000492",222,44,12,32,178,159,19
"N00000493",140,28,8,20,112,92,20
"N00000494",410,101,30,71,309,258,51
"N00000495",158,36,5,31,122,107,15
"N00000496",463,102,26,76,361,318,43
"N00000497",436,110,26,84,326,291,35
"N00000498",140,37,5,32,103,85,18
"N00000499",135,41,6,35,94,88,6
"N00000500",198,70,17,53,128,119,9
"N00000501",110,30,4,26,80,76,4
"N00000502",65,22,3,19,43,42,1
"N00000503",129,54,13,41,75,70,5
"N00000504",67,29,7,22,38,36,2
"N00000505",88,27,10,17,61,56,5
"N00000506",156,47,10,37,109,101,8
"N00000507",74,35,8,27,39,36,3
"N00000508",135,44,13,31,91,86,5
"N00000509",120,45,8,37,75,69,6
"N00000510",101,44,10,34,57,52,5
"N00000511",203,48,18,30,155,137,18
"N00000512",199,67,19,48,132,118,14
"N00000513",161,47,10,37,114,101,13
"N00000514",155,39,13,26,116,109,7
"N00000515",167,43,8,35,124,111,13
"N00000516",102,27,7,20,75,65,10
"N00000517",180,38,15,23,142,134,8
"N00000518",145,40,14,26,105,85,20
"N00000519",119,32,10,22,87,78,9
"N00000520",241,65,12,53,176,148,28
"N00000521",187,54,13,41,133,121,12
"N00000522",199,54,15,39,145,114,31
"N00000523",189,50,18,32,139,120,19
"N00000524",251,75,13,62,176,145,31
"N00000525",174,48,18,30,126,109,17
"N00000526",139,27,8,19,112,105,7
"N00000527",178,52,15,37,126,118,8
"N00000528",119,30,8,22,89,77,12
"N00000529",90,19,8,11,71,68,3
"N00000530",123,36,9,27,87,83,4
"N00000531",152,30,8,22,122,114,8
"N00000532",105,38,13,25,67,61,6
"N00000533",37,8,1,7,29,26,3
"N00000534",243,65,20,45,178,122,56
"N00000535",273,72,21,51,201,159,42
"N00000536",198,55,15,40,143,118,25
"N00000537",189,47,10,37,142,119,23
"N00000538",197,50,15,35,147,116,31
"N00000539",176,59,16,43,117,95,22
"N00000540",154,35,14,21,119,103,16
"N00000541",205,55,17,38,150,133,17
"N00000542",98,30,7,23,68,55,13
"N00000543",182,53,15,38,129,118,11
"N00000544",110,24,8,16,86,79,7
"N00000545",122,43,11,32,79,71,8
"N00000546",112,36,5,31,76,72,4
"N00000547",153,44,7,37,109,105,4
"N00000548",141,39,11,28,102,95,7
"N00000549",49,17,5,12,32,29,3
"N00000550",217,50,15,35,167,151,16
"N00000551",90,25,6,19,65,62,3
"N00000552",106,31,8,23,75,70,5
"N00000553",140,38,9,29,102,95,7
"N00000554",107,33,7,26,74,70,4
"N00000555",94,25,6,19,69,67,2
"N00000556",115,36,9,27,79,69,10
"N00000557",262,69,22,47,193,157,36
"N00000558",219,62,19,43,157,132,25
"N00000559",168,48,19,29,120,106,14
"N00000560",207,48,17,31,159,135,24
"N00000561",239,60,17,43,179,141,38
"N00000562",173,45,16,29,128,105,23
"N00000563",369,112,26,86,257,241,16
"N00000564",133,36,10,26,97,81,16
"N00000565",99,20,4,16,79,77,2
"N00000566",126,30,8,22,96,83,13
"N00000567",243,65,19,46,178,154,24
"N00000568",186,58,18,40,128,120,8
"N00000569",158,49,16,33,109,100,9
"N00000570",175,39,10,29,136,123,13
"N00000571",171,53,15,38,118,96,22
"N00000572",313,89,28,61,224,198,26
"N00000573",184,45,12,33,139,111,28
"N00000574",219,57,14,43,162,130,32
"N00000575",253,45,11,34,208,149,59
"N00000576",166,42,12,30,124,111,13
"N00000577",207,64,15,49,143,125,18
"N00000578",336,85,24,61,251,215,36
"N00000579",206,55,14,41,151,130,21
"N00000580",248,69,15,54,179,148,31
"N00000581",278,62,15,47,216,180,36
"N00000582",216,64,22,42,152,119,33
"N00000583",142,40,9,31,102,85,17
"N00000584",229,63,19,44,166,119,47
"N00000585",241,59,11,48,182,141,41
"N00000586",252,67,21,46,185,130,55
"N00000587",255,67,22,45,188,152,36
"N00000588",213,58,10,48,155,129,26
"N00000589",302,82,24,58,220,183,37
"N00000590",213,55,16,39,158,118,40
"N00000591",222,55,21,34,167,140,27
"N00000592",243,58,12,46,185,171,14
"N00000593",287,80,19,61,207,178,29
"N00000594",192,51,18,33,141,114,27
"N00000595",261,77,17,60,184,143,41
"N00000596",131,38,7,31,93,81,12
"N00000597",90,34,13,21,56,51,5
"N00000598",143,29,7,22,114,102,12
"N00000599",95,34,11,23,61,54,7
"N00000600",136,45,17,28,91,84,7
"N00000601",136,33,6,27,103,97,6
"N00000602",89,27,5,22,62,57,5
"N00000603",169,42,10,32,127,114,13
"N00000604",168,52,16,36,116,104,12
"N00000605",230,61,19,42,169,137,32
"N00000606",191,46,7,39,145,131,14
"N00000607",129,42,10,32,87,84,3
"N00000608",179,46,9,37,133,96,37
"N00000609",184,58,28,30,126,101,25
"N00000610",224,64,16,48,160,140,20
"N00000611",145,35,10,25,110,95,15
"N00000612",219,64,16,48,155,143,12
"N00000613",92,32,9,23,60,56,4
"N00000614",80,30,10,20,50,46,4
"N00000615",42,12,6,6,30,28,2
"N00000616",106,43,12,31,63,61,2
"N00000617",127,48,11,37,79,72,7
"N00000618",283,75,16,59,208,188,20
"N00000619",182,65,22,43,117,106,11
"N00000620",195,49,14,35,146,134,12
"N00000621",192,51,18,33,141,132,9
"N00000622",198,51,14,37,147,137,10
"N00000623",139,37,10,27,102,85,17
"N00000624",266,85,26,59,181,155,26
"N00000625",128,38,14,24,90,79,11
"N00000626",230,68,14,54,162,142,20
"N00000627",224,56,21,35,168,137,31
"N00000628",194,40,13,27,154,118,36
"N00000629",193,33,5,28,160,143,17
"N00000630",92,25,5,20,67,61,6
"N00000631",204,62,13,49,142,112,30
"N00000632",237,59,19,40,178,131,47
"N00000633",159,45,15,30,114,80,34
"N00000634",259,74,20,54,185,136,49
"N00000635",228,61,14,47,167,137,30
"N00000636",224,55,23,32,169,126,43
"N00000637",395,114,31,83,281,262,19
"N00000638",192,56,17,39,136,129,7
"N00000639",190,51,14,37,139,124,15
"N00000640",167,41,14,27,126,113,13
"N00000641",160,33,15,18,127,117,10
"N00000642",210,64,22,42,146,132,14
"N00000643",190,48,10,38,142,118,24
"N00000644",228,52,14,38,176,153,23
"N00000645",203,50,12,38,153,125,28
"N00000646",164,35,7,28,129,107,22
"N00000647",275,67,15,52,208,179,29
"N00000648",164,47,10,37,117,96,21
"N00000649",203,56,27,29,147,112,35
"N00000650",294,88,29,59,206,183,23
"N00000651",73,24,4,20,49,45,4
"N00000652",253,57,13,44,196,172,24
"N00000653",157,48,11,37,109,98,11
"N00000654",101,37,9,28,64,57,7
"N00000655",157,38,9,29,119,106,13
"N00000656",74,23,5,18,51,46,5
"N00000657",385,92,27,65,293,250,43
"N00000658",174,42,10,32,132,104,28
"N00000659",183,42,8,34,141,121,20
"N00000660",162,39,10,29,123,106,17
"N00000661",179,46,14,32,133,101,32
"N00000662",152,50,11,39,102,87,15
"N00000663",203,58,12,46,145,121,24
"N00000664",165,48,10,38,117,88,29
"N00000665",213,58,18,40,155,139,16
"N00000666",203,59,10,49,144,129,15
"N00000667",234,49,11,38,185,170,15
"N00000668",115,28,8,20,87,77,10
"N00000669",209,45,11,34,164,148,16
"N00000670",105,32,9,23,73,64,9
"N00000671",83,30,5,25,53,49,4
"N00000672",116,28,7,21,88,81,7
"N00000673",398,129,21,108,269,239,30
"N00000674",132,29,11,18,103,94,9
"N00000675",175,49,10,39,126,107,19
"N00000676",305,74,20,54,231,194,37
"N00000677",108,26,4,22,82,70,12
"N00000678",242,66,17,49,176,133,43
"N00000679",265,93,22,71,172,134,38
"N00000680",186,37,13,24,149,127,22
"N00000681",162,45,12,33,117,94,23
"N00000682",230,45,12,33,185,156,29
"N00000683",175,41,7,34,134,109,25
"N00000684",276,61,16,45,215,185,30
"N00000685",122,36,8,28,86,78,8
"N00000686",237,63,18,45,174,133,41
"N00000687",152,35,8,27,117,102,15
"N00000688",194,38,7,31,156,127,29
"N00000689",193,41,12,29,152,118,34
"N00000690",99,27,6,21,72,62,10
"N00000691",117,39,10,29,78,70,8
"N00000692",80,33,7,26,47,38,9
"N00000693",111,33,9,24,78,70,8
"N00000694",381,98,28,70,283,256,27
"N00000695",236,73,16,57,163,158,5
"N00000696",53,16,10,6,37,34,3
"N00000697",144,45,17,28,99,80,19
"N00000698",177,51,13,38,126,109,17
"N00000699",66,23,6,17,43,39,4
"N00000700",99,25,7,18,74,68,6
"N00000701",65,26,10,16,39,37,2
"N00000702",356,79,21,58,277,237,40
"N00000703",129,41,15,26,88,69,19
"N00000704",288,86,24,62,202,162,40
"N00000705",329,105,29,76,224,200,24
"N00000706",163,50,15,35,113,93,20
"N00000707",156,44,16,28,112,90,22
"N00000708",240,54,11,43,186,143,43
"N00000709",223,62,14,48,161,117,44
"N00000710",159,48,15,33,111,86,25
"N00000711",243,60,22,38,183,167,16
"N00000712",152,49,12,37,103,74,29
"N00000713",203,53,14,39,150,121,29
"N00000714",188,60,25,35,128,101,27
"N00000715",353,96,23,73,257,217,40
"N00000716",474,134,33,101,340,290,50
"N00000717",257,65,15,50,192,164,28
"N00000718",958,235,62,173,723,577,146
"N00000719",128,35,8,27,93,78,15
"N00000720",260,64,17,47,196,169,27
"N00000721",219,66,16,50,153,110,43
"N00000722",224,53,13,40,171,141,30
"N00000723",209,62,17,45,147,126,21
"N00000724",232,66,20,46,166,140,26
"N00000725",219,57,16,41,162,135,27
"N00000726",206,43,10,33,163,131,32
"N00000727",97,32,12,20,65,58,7
"N00000728",258,67,8,59,191,154,37
"N00000729",188,58,19,39,130,115,15
"N00000730",168,57,17,40,111,103,8
"N00000731",88,26,7,19,62,58,4
"N00000732",315,75,9,66,240,229,11
"N00000733",150,53,13,40,97,89,8
"N00000734",194,57,18,39,137,126,11
"N00000735",203,63,16,47,140,102,38
"N00000736",152,42,10,32,110,89,21
"N00000737",220,61,17,44,159,119,40
"N00000738",191,54,16,38,137,110,27
"N00000739",251,66,16,50,185,132,53
"N00000740",273,73,16,57,200,148,52
"N00000741",161,45,12,33,116,97,19
"N00000742",138,36,9,27,102,93,9
"N00000743",97,27,14,13,70,59,11
"N00000744",123,31,10,21,92,76,16
"N00000745",247,61,21,40,186,166,20
"N00000746",161,34,8,26,127,108,19
"N00000747",212,47,6,41,165,142,23
"N00000748",243,62,16,46,181,157,24
"N00000749",157,45,10,35,112,100,12
"N00000750",154,36,13,23,118,107,11
"N00000751",236,49,12,37,187,167,20
"N00000752",214,58,15,43,156,136,20
"N00000753",216,61,19,42,155,125,30
"N00000754",256,60,16,44,196,171,25
"N00000755",191,63,23,40,128,109,19
"N00000756",163,41,12,29,122,100,22
"N00000757",228,58,9,49,170,144,26
"N00000758",152,56,13,43,96,88,8
"N00000759",151,44,12,32,107,91,16
"N00000760",86,27,11,16,59,51,8
"N00000761",184,51,12,39,133,117,16
"N00000762",69,20,0,20,49,46,3
"N00000763",172,57,16,41,115,104,11
"N00000764",134,41,14,27,93,80,13
"N00000765",138,57,15,42,81,77,4
"N00000766",260,76,28,48,184,169,15
"N00000767",143,38,10,28,105,90,15
"N00000768",105,29,9,20,76,73,3
"N00000769",200,65,22,43,135,112,23
"N00000770",181,50,13,37,131,105,26
"N00000771",89,31,10,21,58,53,5
"N00000772",197,47,7,40,150,124,26
"N00000773",190,54,11,43,136,117,19
"N00000774",431,108,32,76,323,279,44
"N00000775",137,25,5,20,112,95,17
"N00000776",94,24,7,17,70,66,4
"N00000777",448,121,29,92,327,266,61
"N00000778",209,40,12,28,169,134,35
"N00000779",264,63,15,48,201,162,39
"N00000780",264,70,16,54,194,159,35
"N00000781",304,67,14,53,237,203,34
"N00000782",255,66,14,52,189,139,50
"N00000783",261,63,20,43,198,163,35
"N00000784",224,51,12,39,173,135,38
"N00000785",177,44,18,26,133,109,24
"N00000786",185,56,17,39,129,97,32
"N00000787",229,64,20,44,165,123,42
"N00000788",216,49,10,39,167,142,25
"N00000789",507,128,33,95,379,339,40
"N00000790",253,58,19,39,195,169,26
"N00000791",152,39,17,22,113,105,8
"N00000792",188,55,24,31,133,117,16
"N00000793",245,65,23,42,180,146,34
"N00000794",204,52,13,39,152,115,37
"N00000795",266,77,24,53,189,148,41
"N00000796",149,41,11,30,108,88,20
"N00000797",164,38,14,24,126,112,14
"N00000798",254,74,21,53,180,127,53
"N00000799",251,57,18,39,194,159,35
"N00000800",221,61,18,43,160,121,39
"N00000801",264,59,18,41,205,153,52
"N00000802",143,34,14,20,109,91,18
"N00000803",182,46,11,35,136,99,37
"N00000804",219,56,29,27,163,131,32
"N00000805",165,35,11,24,130,93,37
"N00000806",140,30,6,24,110,89,21
"N00000807",250,76,23,53,174,141,33
"N00000808",94,28,7,21,66,57,9
"N00000809",213,58,12,46,155,141,14
"N00000810",202,55,12,43,147,126,21
"N00000811",133,36,10,26,97,84,13
"N00000812",113,33,9,24,80,68,12
"N00000813",228,54,10,44,174,146,28
"N00000814",112,28,6,22,84,76,8
"N00000815",252,75,22,53,177,144,33
"N00000816",215,46,7,39,169,144,25
"N00000817",130,34,15,19,96,82,14
"N00000818",152,49,12,37,103,94,9
"N00000819",100,28,8,20,72,66,6
"N00000820",176,40,10,30,136,118,18
"N00000821",109,31,11,20,78,73,5
"N00000822",83,15,4,11,68,62,6
"N00000823",154,51,13,38,103,92,11
"N00000824",105,21,6,15,84,71,13
"N00000825",158,46,13,33,112,100,12
"N00000826",127,49,10,39,78,68,10
"N00000827",97,29,6,23,68,66,2
"N00000828",92,31,6,25,61,52,9
"N00000829",117,40,12,28,77,73,4
"N00000830",50,14,8,6,36,33,3
"N00000831",124,42,18,24,82,80,2
"N00000832",95,37,11,26,58,50,8
"N00000833",97,30,3,27,67,59,8
"N00000834",131,43,8,35,88,84,4
"N00000835",101,38,11,27,63,59,4
"N00000836",124,42,13,29,82,75,7
"N00000837",128,46,12,34,82,77,5
"N00000838",108,45,10,35,63,53,10
"N00000839",144,41,9,32,103,98,5
"N00000840",112,40,10,30,72,65,7
"N00000841",61,33,5,28,28,26,2
"N00000842",127,63,9,54,64,60,4
"N00000843",78,28,8,20,50,45,5
"N00000844",84,26,10,16,58,52,6
"N00000845",62,23,2,21,39,35,4
"N00000846",81,36,8,28,45,42,3
"N00000847",213,114,19,95,99,91,8
"N00000848",59,28,7,21,31,29,2
"N00000849",112,48,12,36,64,56,8
"N00000850",82,45,8,37,37,35,2
"N00000851",70,31,5,26,39,38,1
"N00000852",270,124,27,97,146,137,9
"N00000853",76,42,8,34,34,30,4
"N00000854",200,97,17,80,103,94,9
"N00000855",96,16,3,13,80,74,6
"N00000856",92,21,6,15,71,58,13
"N00000857",190,41,8,33,149,127,22
"N00000858",122,20,3,17,102,94,8
"N00000859",167,34,4,30,133,117,16
"N00000860",201,57,16,41,144,108,36
"N00000861",143,29,4,25,114,99,15
"N00000862",471,140,37,103,331,277,54
"N00000863",133,47,9,38,86,71,15
"N00000864",162,46,17,29,116,102,14
"N00000865",184,52,12,40,132,116,16
"N00000866",209,47,5,42,162,147,15
"N00000867",176,35,5,30,141,126,15
"N00000868",173,51,12,39,122,108,14
"N00000869",73,19,5,14,54,50,4
"N00000870",226,54,17,37,172,146,26
"N00000871",152,46,17,29,106,90,16
"N00000872",107,24,7,17,83,77,6
"N00000873",118,55,14,41,63,62,1
"N00000874",214,58,18,40,156,139,17
"N00000875",87,41,13,28,46,41,5
"N00000876",38,17,3,14,21,19,2
"N00000877",111,37,8,29,74,69,5
"N00000878",69,30,7,23,39,36,3
"N00000879",301,130,30,100,171,156,15
"N00000880",84,32,9,23,52,48,4
"N00000881",100,28,8,20,72,67,5
"N00000882",76,26,3,23,50,47,3
"N00000883",91,26,7,19,65,61,4
"N00000884",81,30,6,24,51,46,5
"N00000885",259,58,19,39,201,186,15
"N00000886",154,29,9,20,125,119,6
"N00000887",159,38,11,27,121,113,8
"N00000888",188,28,8,20,160,150,10
"N00000889",152,39,14,25,113,93,20
"N00000890",192,40,10,30,152,131,21
"N00000891",210,55,23,32,155,140,15
"N00000892",195,51,14,37,144,132,12
"N00000893",195,39,6,33,156,143,13
"N00000894",163,35,5,30,128,116,12
"N00000895",145,35,5,30,110,105,5
"N00000896",174,32,12,20,142,124,18
"N00000897",201,39,13,26,162,145,17
"N00000898",196,38,26,12,158,132,26
"N00000899",171,48,11,37,123,108,15
"N00000900",86,26,5,21,60,53,7
"N00000901",196,54,16,38,142,129,13
"N00000902",204,46,15,31,158,145,13
"N00000903",80,35,2,33,45,34,11
"N00000904",251,60,17,43,191,167,24
"N00000905",169,32,10,22,137,119,18
"N00000906",126,46,14,32,80,71,9
"N00000907",123,45,9,36,78,70,8
"N00000908",126,51,11,40,75,71,4
"N00000909",81,22,5,17,59,56,3
"N00000910",113,39,10,29,74,67,7
"N00000911",75,21,4,17,54,50,4
"N00000912",87,35,10,25,52,51,1
"N00000913",124,37,11,26,87,82,5
"N00000914",129,42,12,30,87,77,10
"N00000915",108,34,13,21,74,64,10
"N00000916",108,20,2,18,88,84,4
"N00000917",96,31,8,23,65,61,4
"N00000918",133,35,12,23,98,90,8
"N00000919",104,40,10,30,64,58,6
"N00000920",61,14,2,12,47,43,4
"N00000921",371,116,33,83,255,226,29
"N00000922",127,45,12,33,82,73,9
"N00000923",125,30,8,22,95,91,4
"N00000924",96,26,5,21,70,66,4
"N00000925",124,40,10,30,84,78,6
"N00000926",109,41,12,29,68,62,6
"N00000927",219,58,8,50,161,158,3
"N00000928",168,52,17,35,116,109,7
"N00000929",142,52,10,42,90,84,6
"N00000930",110,37,8,29,73,69,4
"N00000931",139,64,12,52,75,71,4
"N00000932",116,42,5,37,74,69,5
"N00000933",103,32,6,26,71,69,2
"N00000934",128,51,14,37,77,72,5
"N00000935",92,38,3,35,54,48,6
"N00000936",180,79,17,62,101,100,1
"N00000937",163,64,10,54,99,93,6
"N00000938",155,74,20,54,81,76,5
"N00000939",72,34,5,29,38,38,0
"N00000940",78,36,6,30,42,42,0
"N00000941",153,30,9,21,123,101,22
"N00000942",139,49,12,37,90,83,7
"N00000943",116,51,15,36,65,62,3
"N00000944",73,27,8,19,46,44,2
"N00000945",119,29,8,21,90,79,11
"N00000946",136,47,9,38,89,81,8
"N00000947",87,35,9,26,52,47,5
"N00000948",119,44,9,35,75,70,5
"N00000949",114,37,15,22,77,68,9
"N00000950",124,47,11,36,77,70,7
"N00000951",88,26,5,21,62,56,6
"N00000952",163,50,13,37,113,106,7
"N00000953",115,35,8,27,80,70,10
"N00000954",84,48,17,31,36,34,2
"N00000955",198,49,10,39,149,136,13
"N00000956",257,67,18,49,190,170,20
"N00000957",257,71,19,52,186,139,47
"N00000958",132,40,15,25,92,78,14
"N00000959",193,60,21,39,133,111,22
"N00000960",239,57,16,41,182,138,44
"N00000961",152,38,14,24,114,101,13
"N00000962",166,52,15,37,114,105,9
"N00000963",117,28,7,21,89,81,8
"N00000964",151,41,8,33,110,104,6
"N00000965",147,44,10,34,103,94,9
"N00000966",168,41,12,29,127,109,18
"N00000967",199,53,17,36,146,136,10
"N00000968",149,44,13,31,105,91,14
"N00000969",87,18,0,18,69,60,9
"N00000970",245,51,5,46,194,176,18
"N00000971",104,30,4,26,74,70,4
"N00000972",122,43,14,29,79,73,6
"N00000973",161,45,13,32,116,101,15
"N00000974",103,40,13,27,63,55,8
"N00000975",93,40,3,37,53,51,2
"N00000976",60,12,1,11,48,44,4
"N00000977",122,45,13,32,77,72,5
"N00000978",110,37,8,29,73,72,1
"N00000979",119,30,8,22,89,86,3
"N00000980",120,33,13,20,87,85,2
"N00000981",102,30,8,22,72,68,4
"N00000982",148,40,8,32,108,101,7
"N00000983",133,39,8,31,94,86,8
"N00000984",198,55,29,26,143,124,19
"N00000985",73,21,4,17,52,47,5
"N00000986",109,28,4,24,81,71,10
"N00000987",161,52,17,35,109,104,5
"N00000988",76,20,7,13,56,54,2
"N00000989",95,36,11,25,59,56,3
"N00000990",125,42,10,32,83,78,5
"N00000991",76,25,5,20,51,49,2
"N00000992",242,50,7,43,192,178,14
"N00000993",106,31,10,21,75,71,4
"N00000994",434,102,25,77,332,308,24
"N00000995",91,24,5,19,67,60,7
"N00000996",178,39,14,25,139,115,24
"N00000997",141,35,8,27,106,80,26
"N00000998",158,45,10,35,113,98,15
"N00000999",111,23,5,18,88,79,9
"N00001000",140,37,10,27,103,93,10
"N00001001",160,37,6,31,123,110,13
"N00001002",416,102,26,76,314,300,14
"N00001003",122,33,8,25,89,83,6
"N00001004",157,27,7,20,130,122,8
"N00001005",122,28,8,20,94,86,8
"N00001006",268,165,107,58,103,90,13
"N00001007",342,172,110,62,170,142,28
"N00001008",129,72,57,15,57,46,11
"N00001009",111,38,23,15,73,64,9
"N00001010",172,115,89,26,57,49,8
"N00001011",192,137,116,21,55,53,2
"N00001012",201,105,78,27,96,87,9
"N00001013",144,77,45,32,67,64,3
"N00001014",126,79,59,20,47,42,5
"N00001015",195,112,79,33,83,76,7
"N00001016",176,84,62,22,92,86,6
"N00001017",177,102,73,29,75,63,12
"N00001018",180,65,42,23,115,89,26
"N00001019",107,70,52,18,37,32,5
"N00001020",82,45,28,17,37,27,10
"N00001021",142,97,75,22,45,42,3
"N00001022",306,137,90,47,169,153,16
"N00001023",142,74,53,21,68,66,2
"N00001024",227,88,51,37,139,126,13
"N00001025",151,97,77,20,54,50,4
"N00001026",134,66,45,21,68,55,13
"N00001027",230,71,31,40,159,146,13
"N00001028",77,31,3,28,46,39,7
"N00001029",203,85,25,60,118,113,5
"N00001030",176,62,26,36,114,108,6
"N00001031",171,72,27,45,99,91,8
"N00001032",69,21,5,16,48,43,5
"N00001033",53,8,2,6,45,40,5
"N00001034",170,52,7,45,118,108,10
"N00001035",86,37,10,27,49,46,3
"N00001036",151,44,12,32,107,96,11
"N00001037",158,35,11,24,123,94,29
"N00001038",370,96,32,64,274,233,41
"N00001039",172,57,17,40,115,89,26
"N00001040",102,41,9,32,61,57,4
"N00001041",66,15,4,11,51,43,8
"N00001042",287,80,21,59,207,176,31
"N00001043",60,25,6,19,35,30,5
"N00001044",143,41,2,39,102,90,12
"N00001045",136,37,11,26,99,83,16
"N00001046",146,37,11,26,109,98,11
"N00001047",153,48,8,40,105,96,9
"N00001048",159,56,14,42,103,93,10
"N00001049",163,49,10,39,114,104,10
"N00001050",162,55,13,42,107,96,11
"N00001051",191,55,15,40,136,117,19
"N00001052",83,25,3,22,58,52,6
"N00001053",160,50,15,35,110,93,17
"N00001054",174,52,16,36,122,99,23
"N00001055",165,44,15,29,121,103,18
"N00001056",192,58,17,41,134,125,9
"N00001057",172,44,13,31,128,119,9
"N00001058",170,51,17,34,119,103,16
"N00001059",154,46,18,28,108,97,11
"N00001060",124,36,9,27,88,81,7
"N00001061",119,28,11,17,91,81,10
"N00001062",138,36,13,23,102,88,14
"N00001063",139,37,20,17,102,75,27
"N00001064",293,68,20,48,225,185,40
"N00001065",162,50,15,35,112,100,12
"N00001066",147,36,9,27,111,99,12
"N00001067",137,38,11,27,99,92,7
"N00001068",170,29,13,16,141,119,22
"N00001069",181,50,7,43,131,118,13
"N00001070",269,75,21,54,194,172,22
"N00001071",172,26,9,17,146,120,26
"N00001072",129,43,15,28,86,78,8
"N00001073",115,35,7,28,80,71,9
"N00001074",95,31,9,22,64,49,15
"N00001075",140,26,7,19,114,104,10
"N00001076",103,27,7,20,76,67,9
"N00001077",91,26,5,21,65,61,4
"N00001078",154,29,6,23,125,109,16
"N00001079",321,82,20,62,239,223,16
"N00001080",146,43,10,33,103,89,14
"N00001081",171,44,16,28,127,116,11
"N00001082",206,84,22,62,122,113,9
"N00001083",196,64,20,44,132,109,23
"N00001084",171,50,15,35,121,103,18
"N00001085",493,152,37,115,341,310,31
"N00001086",184,46,13,33,138,123,15
"N00001087",154,39,18,21,115,106,9
"N00001088",159,51,12,39,108,98,10
"N00001089",119,37,10,27,82,77,5
"N00001090",84,22,5,17,62,58,4
"N00001091",172,55,21,34,117,104,13
"N00001092",153,51,10,41,102,98,4
"N00001093",135,67,15,52,68,66,2
"N00001094",73,29,6,23,44,41,3
"N00001095",150,49,9,40,101,95,6
"N00001096",200,68,24,44,132,118,14
"N00001097",145,53,16,37,92,83,9
"N00001098",117,44,7,37,73,68,5
"N00001099",132,29,9,20,103,96,7
"N00001100",132,43,12,31,89,84,5
"N00001101",147,44,11,33,103,93,10
"N00001102",157,59,11,48,98,91,7
"N00001103",56,23,4,19,33,30,3
"N00001104",107,32,8,24,75,65,10
"N00001105",105,35,12,23,70,62,8
"N00001106",78,24,9,15,54,50,4
"N00001107",95,35,7,28,60,58,2
"N00001108",75,24,4,20,51,50,1
"N00001109",106,47,13,34,59,53,6
"N00001110",104,48,10,38,56,50,6
"N00001111",212,85,17,68,127,123,4
"N00001112",84,33,5,28,51,47,4
"N00001113",466,153,26,127,313,295,18
"N00001114",130,39,6,33,91,87,4
"N00001115",90,28,5,23,62,52,10
"N00001116",171,63,12,51,108,100,8
"N00001117",185,67,12,55,118,104,14
"N00001118",72,27,3,24,45,42,3
"N00001119",38,12,2,10,26,25,1
"N00001120",54,22,9,13,32,30,2
"N00001121",43,17,1,16,26,25,1
"N00001122",31,10,2,8,21,20,1
"N00001123",45,19,3,16,26,23,3
"N00001124",194,69,12,57,125,117,8
"N00001125",123,45,13,32,78,73,5
"N00001126",73,31,7,24,42,41,1
"N00001127",142,61,11,50,81,74,7
"N00001128",53,25,7,18,28,24,4
"N00001129",144,54,14,40,90,88,2
"N00001130",57,19,1,18,38,33,5
"N00001131",572,116,34,82,456,378,78
"N00001132",66,36,11,25,30,28,2
"N00001133",236,89,19,70,147,135,12
"N00001134",106,28,7,21,78,74,4
"N00001135",62,23,9,14,39,35,4
"N00001136",72,21,3,18,51,46,5
"N00001137",64,33,10,23,31,28,3
"N00001138",37,15,3,12,22,20,2
"N00001139",253,77,16,61,176,163,13
"N00001140",103,38,4,34,65,60,5
"N00001141",55,26,8,18,29,26,3
"N00001142",62,25,5,20,37,35,2
"N00001143",29,14,2,12,15,15,0
"N00001144",61,27,4,23,34,31,3
"N00001145",64,33,5,28,31,27,4
"N00001146",76,30,4,26,46,44,2
"N00001147",70,27,8,19,43,40,3
"N00001148",64,32,9,23,32,31,1
"N00001149",108,52,16,36,56,52,4
"N00001150",71,35,9,26,36,34,2
"N00001151",108,50,19,31,58,55,3
"N00001152",77,37,7,30,40,39,1
"N00001153",100,47,9,38,53,50,3
"N00001154",72,36,9,27,36,36,0
"N00001155",325,55,12,43,270,253,17
"N00001156",336,133,33,100,203,192,11
"N00001157",127,41,16,25,86,82,4
"N00001158",118,35,10,25,83,76,7
"N00001159",163,54,8,46,109,98,11
"N00001160",117,45,10,35,72,68,4
"N00001161",116,43,6,37,73,65,8
"N00001162",80,27,4,23,53,46,7
"N00001163",57,22,6,16,35,33,2
"N00001164",162,66,14,52,96,83,13
"N00001165",138,51,13,38,87,82,5
"N00001166",238,72,25,47,166,152,14
"N00001167",137,47,12,35,90,81,9
"N00001168",98,48,8,40,50,47,3
"N00001169",135,48,8,40,87,79,8
"N00001170",129,49,9,40,80,78,2
"N00001171",143,49,9,40,94,87,7
"N00001172",140,51,12,39,89,79,10
"N00001173",126,46,12,34,80,75,5
"N00001174",154,39,14,25,115,89,26
"N00001175",150,44,16,28,106,90,16
"N00001176",118,33,12,21,85,78,7
"N00001177",145,44,13,31,101,89,12
"N00001178",181,62,20,42,119,107,12
"N00001179",169,47,13,34,122,104,18
"N00001180",57,10,4,6,47,36,11
"N00001181",96,39,9,30,57,54,3
"N00001182",185,57,17,40,128,106,22
"N00001183",245,53,10,43,192,161,31
"N00001184",140,52,16,36,88,77,11
"N00001185",128,35,10,25,93,84,9
"N00001186",122,34,6,28,88,82,6
"N00001187",166,35,11,24,131,113,18
"N00001188",268,71,20,51,197,171,26
"N00001189",158,57,16,41,101,91,10
"N00001190",140,35,13,22,105,102,3
"N00001191",107,36,11,25,71,66,5
"N00001192",119,33,6,27,86,75,11
"N00001193",101,37,9,28,64,59,5
"N00001194",129,62,21,41,67,63,4
"N00001195",82,19,2,17,63,55,8
"N00001196",163,55,10,45,108,99,9
"N00001197",121,37,1,36,84,75,9
"N00001198",211,67,19,48,144,116,28
"N00001199",89,22,3,19,67,60,7
"N00001200",181,47,15,32,134,115,19
"N00001201",159,40,11,29,119,101,18
"N00001202",84,43,12,31,41,34,7
"N00001203",116,44,11,33,72,66,6
"N00001204",387,97,20,77,290,268,22
"N00001205",203,88,17,71,115,110,5
"N00001206",84,31,9,22,53,49,4
"N00001207",196,69,17,52,127,120,7
"N00001208",136,53,14,39,83,74,9
"N00001209",105,49,5,44,56,54,2
"N00001210",142,53,13,40,89,83,6
"N00001211",116,48,16,32,68,63,5
"N00001212",130,56,12,44,74,69,5
"N00001213",102,47,7,40,55,49,6
"N00001214",98,43,15,28,55,52,3
"N00001215",101,38,9,29,63,55,8
"N00001216",202,74,17,57,128,118,10
"N00001217",130,47,9,38,83,81,2
"N00001218",128,33,6,27,95,83,12
"N00001219",87,32,2,30,55,48,7
"N00001220",69,21,6,15,48,46,2
"N00001221",74,30,6,24,44,40,4
"N00001222",83,31,9,22,52,48,4
"N00001223",100,47,15,32,53,50,3
"N00001224",106,28,8,20,78,69,9
"N00001225",66,21,4,17,45,43,2
"N00001226",110,35,9,26,75,73,2
"N00001227",77,27,2,25,50,49,1
"N00001228",47,14,2,12,33,30,3
"N00001229",89,33,9,24,56,51,5
"N00001230",126,45,13,32,81,76,5
"N00001231",141,54,13,41,87,73,14
"N00001232",184,74,21,53,110,96,14
"N00001233",196,81,22,59,115,108,7
"N00001234",168,58,9,49,110,105,5
"N00001235",352,138,32,106,214,194,20
"N00001236",138,48,8,40,90,80,10
"N00001237",85,33,8,25,52,47,5
"N00001238",109,41,10,31,68,66,2
"N00001239",132,49,13,36,83,76,7
"N00001240",414,144,24,120,270,248,22
"N00001241",101,43,9,34,58,57,1
"N00001242",101,47,10,37,54,50,4
"N00001243",91,28,7,21,63,60,3
"N00001244",100,37,9,28,63,57,6
"N00001245",104,42,12,30,62,56,6
"N00001246",311,81,14,67,230,216,14
"N00001247",78,31,10,21,47,44,3
"N00001248",223,66,13,53,157,143,14
"N00001249",192,59,10,49,133,119,14
"N00001250",232,78,13,65,154,140,14
"N00001251",122,39,7,32,83,75,8
"N00001252",140,32,10,22,108,97,11
"N00001253",89,40,8,32,49,48,1
"N00001254",139,40,7,33,99,88,11
"N00001255",100,30,6,24,70,64,6
"N00001256",108,28,5,23,80,77,3
"N00001257",81,32,5,27,49,43,6
"N00001258",98,31,7,24,67,61,6
"N00001259",82,40,5,35,42,40,2
"N00001260",119,49,9,40,70,64,6
"N00001261",93,31,5,26,62,53,9
"N00001262",162,54,8,46,108,99,9
"N00001263",147,33,12,21,114,106,8
"N00001264",82,24,2,22,58,49,9
"N00001265",422,71,19,52,351,310,41
"N00001266",46,18,2,16,28,26,2
"N00001267",81,35,7,28,46,42,4
"N00001268",76,38,5,33,38,34,4
"N00001269",285,62,22,40,223,198,25
"N00001270",127,34,5,29,93,89,4
"N00001271",767,148,32,116,619,557,62
"N00001272",105,22,8,14,83,79,4
"N00001273",124,37,10,27,87,75,12
"N00001274",88,24,5,19,64,58,6
"N00001275",89,26,5,21,63,54,9
"N00001276",78,29,10,19,49,43,6
"N00001277",138,50,16,34,88,81,7
"N00001278",148,32,13,19,116,98,18
"N00001279",71,28,9,19,43,35,8
"N00001280",74,20,3,17,54,47,7
"N00001281",153,39,13,26,114,95,19
"N00001282",153,38,7,31,115,93,22
"N00001283",171,53,15,38,118,97,21
"N00001284",197,62,21,41,135,116,19
"N00001285",172,48,13,35,124,112,12
"N00001286",170,60,11,49,110,103,7
"N00001287",136,37,9,28,99,90,9
"N00001288",148,42,14,28,106,99,7
"N00001289",159,41,13,28,118,112,6
"N00001290",156,53,16,37,103,100,3
"N00001291",161,62,18,44,99,93,6
"N00001292",457,138,35,103,319,290,29
"N00001293",190,61,18,43,129,115,14
"N00001294",125,40,12,28,85,79,6
"N00001295",154,49,10,39,105,95,10
"N00001296",93,33,7,26,60,54,6
"N00001297",172,61,21,40,111,104,7
"N00001298",130,47,9,38,83,76,7
"N00001299",118,36,12,24,82,76,6
"N00001300",126,41,13,28,85,81,4
"N00001301",158,48,13,35,110,100,10
"N00001302",181,89,20,69,92,90,2
"N00001303",100,44,15,29,56,52,4
"N00001304",114,38,7,31,76,72,4
"N00001305",126,53,10,43,73,68,5
"N00001306",69,22,3,19,47,45,2
"N00001307",102,42,5,37,60,59,1
"N00001308",197,57,13,44,140,130,10
"N00001309",124,45,7,38,79,73,6
"N00001310",408,145,34,111,263,245,18
"N00001311",69,33,4,29,36,33,3
"N00001312",208,73,12,61,135,125,10
"N00001313",201,34,6,28,167,158,9
"N00001314",145,57,11,46,88,84,4
"N00001315",101,34,11,23,67,63,4
"N00001316",79,26,4,22,53,53,0
"N00001317",128,40,10,30,88,82,6
"N00001318",137,39,20,19,98,88,10
"N00001319",132,33,10,23,99,89,10
"N00001320",122,48,15,33,74,64,10
"N00001321",106,35,14,21,71,66,5
"N00001322",95,26,4,22,69,62,7
"N00001323",122,32,12,20,90,84,6
"N00001324",100,33,10,23,67,60,7
"N00001325",657,135,61,74,522,409,113
"N00001326",160,51,25,26,109,73,36
"N00001327",123,26,12,14,97,63,34
"N00001328",457,107,38,69,350,260,90
"N00001329",134,43,15,28,91,70,21
"N00001330",153,44,15,29,109,80,29
"N00001331",138,35,10,25,103,69,34
"N00001332",129,22,6,16,107,100,7
"N00001333",178,43,20,23,135,105,30
"N00001334",156,50,13,37,106,89,17
"N00001335",146,25,9,16,121,103,18
"N00001336",143,40,8,32,103,78,25
"N00001337",159,35,13,22,124,95,29
"N00001338",127,38,7,31,89,80,9
"N00001339",143,53,16,37,90,82,8
"N00001340",315,85,23,62,230,209,21
"N00001341",152,57,16,41,95,89,6
"N00001342",176,49,12,37,127,113,14
"N00001343",162,47,13,34,115,108,7
"N00001344",178,57,26,31,121,109,12
"N00001345",111,40,11,29,71,63,8
"N00001346",447,100,33,67,347,296,51
"N00001347",292,68,16,52,224,205,19
"N00001348",157,39,12,27,118,102,16
"N00001349",134,33,7,26,101,91,10
"N00001350",224,91,21,70,133,121,12
"N00001351",116,60,25,35,56,50,6
"N00001352",137,25,7,18,112,101,11
"N00001353",71,33,10,23,38,37,1
"N00001354",183,74,20,54,109,104,5
"N00001355",101,35,9,26,66,63,3
"N00001356",81,32,15,17,49,45,4
"N00001357",37,11,2,9,26,24,2
"N00001358",106,39,10,29,67,66,1
"N00001359",112,53,14,39,59,57,2
"N00001360",89,34,8,26,55,52,3
"N00001361",95,44,11,33,51,45,6
"N00001362",88,49,16,33,39,34,5
"N00001363",133,39,9,30,94,80,14
"N00001364",308,77,19,58,231,204,27
"N00001365",224,49,9,40,175,147,28
"N00001366",140,32,7,25,108,99,9
"N00001367",161,45,16,29,116,105,11
"N00001368",139,32,8,24,107,89,18
"N00001369",201,50,19,31,151,136,15
"N00001370",166,54,13,41,112,101,11
"N00001371",166,47,14,33,119,106,13
"N00001372",296,86,27,59,210,188,22
"N00001373",160,53,15,38,107,100,7
"N00001374",151,43,11,32,108,98,10
"N00001375",141,39,5,34,102,96,6
"N00001376",107,32,6,26,75,70,5
"N00001377",140,51,12,39,89,81,8
"N00001378",146,35,8,27,111,102,9
"N00001379",128,29,6,23,99,95,4
"N00001380",202,48,11,37,154,120,34
"N00001381",258,43,9,34,215,188,27
"N00001382",166,38,14,24,128,101,27
"N00001383",136,36,10,26,100,82,18
"N00001384",154,42,7,35,112,101,11
"N00001385",183,47,12,35,136,114,22
"N00001386",306,62,16,46,244,219,25
"N00001387",161,27,8,19,134,124,10
"N00001388",103,30,5,25,73,66,7
"N00001389",110,15,6,9,95,92,3
"N00001390",155,46,11,35,109,91,18
"N00001391",171,34,11,23,137,123,14
"N00001392",152,30,10,20,122,113,9
"N00001393",199,24,7,17,175,162,13
"N00001394",155,35,10,25,120,107,13
"N00001395",135,28,5,23,107,92,15
"N00001396",477,57,17,40,420,385,35
"N00001397",95,11,4,7,84,82,2
"N00001398",140,23,2,21,117,111,6
"N00001399",459,94,23,71,365,284,81
"N00001400",161,41,9,32,120,101,19
"N00001401",516,79,26,53,437,377,60
"N00001402",427,75,25,50,352,278,74
"N00001403",238,58,17,41,180,159,21
"N00001404",335,73,25,48,262,204,58
"N00001405",102,31,11,20,71,65,6
"N00001406",110,29,5,24,81,70,11
"N00001407",146,28,8,20,118,98,20
"N00001408",284,52,20,32,232,198,34
"N00001409",141,33,10,23,108,91,17
"N00001410",144,31,7,24,113,101,12
"N00001411",161,31,8,23,130,110,20
"N00001412",70,16,5,11,54,50,4
"N00001413",148,40,9,31,108,90,18
"N00001414",143,35,11,24,108,89,19
"N00001415",72,35,7,28,37,32,5
"N00001416",547,75,22,53,472,413,59
"N00001417",57,18,6,12,39,36,3
"N00001418",330,61,18,43,269,253,16
"N00001419",112,22,5,17,90,81,9
"N00001420",86,23,8,15,63,58,5
"N00001421",747,154,61,93,593,515,78
"N00001422",66,18,4,14,48,41,7
"N00001423",99,33,9,24,66,62,4
"N00001424",88,33,6,27,55,49,6
"N00001425",95,46,13,33,49,43,6
"N00001426",58,19,4,15,39,37,2
"N00001427",64,21,3,18,43,41,2
"N00001428",114,49,26,23,65,64,1
"N00001429",479,142,63,79,337,314,23
"N00001430",63,25,4,21,38,35,3
"N00001431",106,43,7,36,63,61,2
"N00001432",75,32,4,28,43,42,1
"N00001433",93,36,7,29,57,51,6
"N00001434",96,37,8,29,59,55,4
"N00001435",56,16,4,12,40,37,3
"N00001436",66,34,10,24,32,30,2
"N00001437",51,24,8,16,27,26,1
"N00001438",87,33,4,29,54,50,4
"N00001439",112,27,9,18,85,75,10
"N00001440",67,23,6,17,44,42,2
"N00001441",72,28,3,25,44,41,3
"N00001442",76,35,6,29,41,38,3
"N00001443",46,11,1,10,35,29,6
"N00001444",54,27,5,22,27,26,1
"N00001445",180,52,25,27,128,100,28
"N00001446",130,34,15,19,96,86,10
"N00001447",111,38,7,31,73,63,10
"N00001448",180,52,17,35,128,104,24
"N00001449",163,45,11,34,118,106,12
"N00001450",121,33,13,20,88,80,8
"N00001451",97,24,13,11,73,52,21
"N00001452",136,33,11,22,103,72,31
"N00001453",150,49,19,30,101,76,25
"N00001454",148,43,12,31,105,80,25
"N00001455",119,35,10,25,84,70,14
"N00001456",168,33,9,24,135,114,21
"N00001457",155,48,16,32,107,88,19
"N00001458",160,36,9,27,124,99,25
"N00001459",172,47,19,28,125,102,23
"N00001460",281,62,14,48,219,179,40
"N00001461",148,44,14,30,104,85,19
"N00001462",176,48,14,34,128,104,24
"N00001463",189,54,18,36,135,104,31
"N00001464",182,47,13,34,135,114,21
"N00001465",191,46,13,33,145,100,45
"N00001466",133,62,42,20,71,52,19
"N00001467",577,475,413,62,102,74,28
"N00001468",161,77,47,30,84,75,9
"N00001469",151,62,42,20,89,74,15
"N00001470",223,115,80,35,108,100,8
"N00001471",280,184,143,41,96,90,6
"N00001472",415,165,98,67,250,168,82
"N00001473",299,39,15,24,260,215,45
"N00001474",158,44,16,28,114,73,41
"N00001475",182,43,15,28,139,110,29
"N00001476",159,35,14,21,124,108,16
"N00001477",147,41,12,29,106,88,18
"N00001478",169,34,11,23,135,107,28
"N00001479",177,43,15,28,134,120,14
"N00001480",164,48,9,39,116,103,13
"N00001481",74,18,6,12,56,50,6
"N00001482",154,40,9,31,114,103,11
"N00001483",129,28,7,21,101,90,11
"N00001484",108,25,6,19,83,80,3
"N00001485",151,33,5,28,118,109,9
"N00001486",176,54,15,39,122,113,9
"N00001487",148,37,9,28,111,100,11
"N00001488",150,46,15,31,104,96,8
"N00001489",147,55,20,35,92,78,14
"N00001490",75,14,2,12,61,55,6
"N00001491",89,29,7,22,60,56,4
"N00001492",106,27,1,26,79,72,7
"N00001493",154,37,5,32,117,101,16
"N00001494",117,29,10,19,88,78,10
"N00001495",149,47,19,28,102,86,16
"N00001496",158,26,4,22,132,119,13
"N00001497",134,39,8,31,95,86,9
"N00001498",186,47,10,37,139,126,13
"N00001499",146,31,8,23,115,96,19
"N00001500",114,24,6,18,90,82,8
"N00001501",169,56,15,41,113,108,5
"N00001502",186,50,9,41,136,127,9
"N00001503",79,25,10,15,54,49,5
"N00001504",69,26,7,19,43,40,3
"N00001505",237,53,9,44,184,170,14
"N00001506",104,32,11,21,72,66,6
"N00001507",91,40,17,23,51,47,4
"N00001508",218,58,11,47,160,149,11
"N00001509",136,31,6,25,105,93,12
"N00001510",116,30,11,19,86,79,7
"N00001511",197,72,31,41,125,113,12
"N00001512",146,40,7,33,106,98,8
"N00001513",111,27,9,18,84,78,6
"N00001514",106,28,6,22,78,64,14
"N00001515",149,45,23,22,104,84,20
"N00001516",78,20,11,9,58,41,17
"N00001517",158,34,10,24,124,74,50
"N00001518",222,38,15,23,184,126,58
"N00001519",120,35,6,29,85,76,9
"N00001520",87,42,10,32,45,39,6
"N00001521",88,37,7,30,51,46,5
"N00001522",120,38,12,26,82,76,6
"N00001523",59,17,4,13,42,39,3
"N00001524",74,25,8,17,49,43,6
"N00001525",89,27,5,22,62,59,3
"N00001526",80,19,3,16,61,56,5
"N00001527",104,25,8,17,79,67,12
"N00001528",145,24,7,17,121,101,20
"N00001529",130,29,10,19,101,90,11
"N00001530",191,36,18,18,155,136,19
"N00001531",69,36,11,25,33,30,3
"N00001532",186,83,19,64,103,94,9
"N00001533",205,91,13,78,114,104,10
"N00001534",84,39,8,31,45,38,7
"N00001535",78,43,10,33,35,31,4
"N00001536",141,62,18,44,79,75,4
"N00001537",75,34,4,30,41,37,4
"N00001538",151,55,20,35,96,92,4
"N00001539",90,47,10,37,43,43,0
"N00001540",126,56,16,40,70,66,4
"N00001541",64,34,4,30,30,29,1
"N00001542",78,29,7,22,49,46,3
"N00001543",88,47,8,39,41,37,4
"N00001544",97,39,11,28,58,54,4
"N00001545",136,44,7,37,92,89,3
"N00001546",102,50,18,32,52,51,1
"N00001547",130,34,12,22,96,89,7
"N00001548",83,18,5,13,65,59,6
"N00001549",111,43,11,32,68,66,2
"N00001550",54,10,4,6,44,40,4
"N00001551",132,40,12,28,92,79,13
"N00001552",148,51,14,37,97,93,4
"N00001553",72,18,3,15,54,53,1
"N00001554",110,37,11,26,73,64,9
"N00001555",61,34,8,26,27,25,2
"N00001556",89,31,6,25,58,52,6
"N00001557",54,23,5,18,31,28,3
"N00001558",84,19,6,13,65,62,3
"N00001559",133,38,8,30,95,87,8
"N00001560",110,32,6,26,78,71,7
"N00001561",99,30,6,24,69,65,4
"N00001562",74,22,9,13,52,51,1
"N00001563",33,10,3,7,23,20,3
"N00001564",122,46,13,33,76,69,7
"N00001565",91,39,10,29,52,50,2
"N00001566",102,47,9,38,55,51,4
"N00001567",80,34,10,24,46,43,3
"N00001568",105,53,10,43,52,50,2
"N00001569",115,51,6,45,64,60,4
"N00001570",228,117,22,95,111,104,7
"N00001571",97,48,11,37,49,48,1
"N00001572",86,29,8,21,57,53,4
"N00001573",93,45,7,38,48,44,4
"N00001574",80,40,3,37,40,39,1
"N00001575",85,35,6,29,50,47,3
"N00001576",132,71,16,55,61,56,5
"N00001577",95,44,8,36,51,49,2
"N00001578",89,41,9,32,48,46,2
"N00001579",179,58,35,23,121,108,13
"N00001580",185,47,26,21,138,114,24
"N00001581",125,24,7,17,101,80,21
"N00001582",151,36,15,21,115,88,27
"N00001583",164,35,16,19,129,116,13
"N00001584",95,23,9,14,72,55,17
"N00001585",238,119,89,30,119,107,12
"N00001586",122,35,18,17,87,78,9
"N00001587",211,42,27,15,169,155,14
"N00001588",166,49,23,26,117,104,13
"N00001589",165,54,33,21,111,94,17
"N00001590",235,93,56,37,142,126,16
"N00001591",164,75,51,24,89,78,11
"N00001592",133,42,19,23,91,76,15
"N00001593",296,108,71,37,188,162,26
"N00001594",163,64,44,20,99,88,11
"N00001595",146,78,50,28,68,60,8
"N00001596",176,92,57,35,84,68,16
"N00001597",132,37,21,16,95,90,5
"N00001598",217,126,86,40,91,80,11
"N00001599",214,107,80,27,107,96,11
"N00001600",170,67,40,27,103,95,8
"N00001601",159,59,38,21,100,88,12
"N00001602",176,62,34,28,114,103,11
"N00001603",139,62,36,26,77,68,9
"N00001604",147,39,11,28,108,98,10
"N00001605",136,26,6,20,110,99,11
"N00001606",110,18,2,16,92,88,4
"N00001607",121,26,5,21,95,87,8
"N00001608",112,24,5,19,88,82,6
"N00001609",124,20,9,11,104,97,7
"N00001610",118,25,8,17,93,77,16
"N00001611",95,34,5,29,61,56,5
"N00001612",76,31,6,25,45,38,7
"N00001613",293,62,13,49,231,214,17
"N00001614",102,25,9,16,77,70,7
"N00001615",119,23,5,18,96,88,8
"N00001616",119,29,8,21,90,80,10
"N00001617",168,36,4,32,132,122,10
"N00001618",104,30,8,22,74,66,8
"N00001619",110,32,9,23,78,72,6
"N00001620",147,48,12,36,99,89,10
"N00001621",102,29,7,22,73,64,9
"N00001622",112,28,12,16,84,72,12
"N00001623",74,25,6,19,49,44,5
"N00001624",49,19,1,18,30,26,4
"N00001625",85,24,5,19,61,56,5
"N00001626",90,38,8,30,52,45,7
"N00001627",52,20,6,14,32,31,1
"N00001628",79,28,6,22,51,47,4
"N00001629",97,42,13,29,55,49,6
"N00001630",65,26,6,20,39,32,7
"N00001631",79,38,11,27,41,41,0
"N00001632",76,39,10,29,37,33,4
"N00001633",64,18,2,16,46,39,7
"N00001634",68,19,2,17,49,46,3
"N00001635",95,38,8,30,57,51,6
"N00001636",59,23,2,21,36,33,3
"N00001637",70,27,8,19,43,40,3
"N00001638",76,29,4,25,47,44,3
"N00001639",53,17,3,14,36,35,1
"N00001640",55,25,6,19,30,29,1
"N00001641",93,28,6,22,65,60,5
"N00001642",125,32,10,22,93,80,13
"N00001643",248,63,11,52,185,157,28
"N00001644",161,55,19,36,106,95,11
"N00001645",96,35,7,28,61,50,11
"N00001646",125,26,9,17,99,88,11
"N00001647",124,28,14,14,96,88,8
"N00001648",151,44,13,31,107,95,12
"N00001649",235,86,20,66,149,119,30
"N00001650",158,43,10,33,115,108,7
"N00001651",202,55,11,44,147,132,15
"N00001652",198,60,25,35,138,118,20
"N00001653",249,85,24,61,164,150,14
"N00001654",206,55,13,42,151,138,13
"N00001655",199,41,1,40,158,148,10
"N00001656",83,25,6,19,58,48,10
"N00001657",111,32,9,23,79,70,9
"N00001658",66,24,5,19,42,36,6
"N00001659",101,26,7,19,75,69,6
"N00001660",116,39,18,21,77,69,8
"N00001661",207,52,12,40,155,141,14
"N00001662",172,54,14,40,118,106,12
"N00001663",170,51,19,32,119,113,6
"N00001664",168,58,14,44,110,100,10
"N00001665",180,37,10,27,143,131,12
"N00001666",176,55,19,36,121,109,12
"N00001667",159,55,10,45,104,88,16
"N00001668",190,50,21,29,140,134,6
"N00001669",171,49,18,31,122,106,16
"N00001670",83,26,9,17,57,54,3
"N00001671",104,36,7,29,68,65,3
"N00001672",142,37,5,32,105,97,8
"N00001673",225,62,20,42,163,139,24
"N00001674",101,35,7,28,66,63,3
"N00001675",114,30,11,19,84,80,4
"N00001676",113,42,8,34,71,69,2
"N00001677",325,93,26,67,232,195,37
"N00001678",235,81,37,44,154,136,18
"N00001679",231,64,20,44,167,148,19
"N00001680",295,75,19,56,220,202,18
"N00001681",146,35,9,26,111,102,9
"N00001682",157,36,4,32,121,108,13
"N00001683",136,41,11,30,95,87,8
"N00001684",495,142,53,89,353,312,41
"N00001685",172,58,18,40,114,105,9
"N00001686",144,39,10,29,105,90,15
"N00001687",158,44,17,27,114,108,6
"N00001688",154,42,7,35,112,101,11
"N00001689",100,32,3,29,68,56,12
"N00001690",163,35,12,23,128,112,16
"N00001691",119,47,4,43,72,67,5
"N00001692",99,31,8,23,68,63,5
"N00001693",135,30,12,18,105,86,19
"N00001694",133,38,8,30,95,82,13
"N00001695",214,64,16,48,150,122,28
"N00001696",195,46,15,31,149,131,18
"N00001697",148,42,15,27,106,92,14
"N00001698",116,25,5,20,91,86,5
"N00001699",251,50,18,32,201,172,29
"N00001700",119,36,9,27,83,76,7
"N00001701",78,20,4,16,58,51,7
"N00001702",155,45,11,34,110,98,12
"N00001703",457,112,34,78,345,304,41
"N00001704",305,66,21,45,239,210,29
"N00001705",96,36,13,23,60,56,4
"N00001706",242,62,19,43,180,150,30
"N00001707",191,59,13,46,132,115,17
"N00001708",356,92,22,70,264,228,36
"N00001709",104,30,9,21,74,65,9
"N00001710",156,48,12,36,108,86,22
"N00001711",172,51,11,40,121,99,22
"N00001712",146,47,10,37,99,92,7
"N00001713",63,18,5,13,45,43,2
"N00001714",230,69,9,60,161,152,9
"N00001715",109,42,11,31,67,64,3
"N00001716",145,35,7,28,110,101,9
"N00001717",191,38,8,30,153,136,17
"N00001718",120,36,10,26,84,74,10
"N00001719",132,49,15,34,83,79,4
"N00001720",117,36,8,28,81,69,12
"N00001721",107,32,8,24,75,69,6
"N00001722",113,35,4,31,78,69,9
"N00001723",119,49,3,46,70,66,4
"N00001724",100,34,6,28,66,63,3
"N00001725",97,30,7,23,67,61,6
"N00001726",105,30,7,23,75,68,7
"N00001727",64,20,3,17,44,43,1
"N00001728",105,30,10,20,75,70,5
"N00001729",116,44,10,34,72,68,4
"N00001730",96,19,4,15,77,73,4
"N00001731",70,22,3,19,48,45,3
"N00001732",633,204,76,128,429,378,51
"N00001733",114,38,9,29,76,71,5
"N00001734",138,42,14,28,96,89,7
"N00001735",118,33,9,24,85,82,3
"N00001736",92,30,13,17,62,51,11
"N00001737",178,53,13,40,125,111,14
"N00001738",142,39,13,26,103,80,23
"N00001739",161,43,15,28,118,95,23
"N00001740",304,86,26,60,218,192,26
"N00001741",118,27,7,20,91,77,14
"N00001742",94,16,5,11,78,74,4
"N00001743",139,41,17,24,98,83,15
"N00001744",187,53,17,36,134,119,15
"N00001745",193,69,25,44,124,109,15
"N00001746",138,38,16,22,100,90,10
"N00001747",337,78,21,57,259,231,28
"N00001748",233,68,25,43,165,132,33
"N00001749",166,44,13,31,122,102,20
"N00001750",143,38,13,25,105,97,8
"N00001751",140,42,15,27,98,87,11
"N00001752",123,46,15,31,77,64,13
"N00001753",154,50,9,41,104,94,10
"N00001754",198,55,18,37,143,119,24
"N00001755",186,51,21,30,135,103,32
"N00001756",157,45,14,31,112,89,23
"N00001757",135,39,12,27,96,88,8
"N00001758",126,50,15,35,76,68,8
"N00001759",156,41,14,27,115,97,18
"N00001760",580,141,33,108,439,382,57
"N00001761",207,65,28,37,142,104,38
"N00001762",102,30,8,22,72,58,14
"N00001763",689,188,54,134,501,437,64
"N00001764",80,21,6,15,59,55,4
"N00001765",456,121,36,85,335,290,45
"N00001766",114,32,5,27,82,77,5
"N00001767",172,48,11,37,124,111,13
"N00001768",168,31,9,22,137,123,14
"N00001769",206,55,18,37,151,139,12
"N00001770",171,57,18,39,114,99,15
"N00001771",235,57,19,38,178,144,34
"N00001772",137,39,5,34,98,92,6
"N00001773",140,44,19,25,96,91,5
"N00001774",172,39,8,31,133,113,20
"N00001775",180,37,3,34,143,130,13
"N00001776",170,37,9,28,133,117,16
"N00001777",185,35,8,27,150,129,21
"N00001778",178,39,10,29,139,115,24
"N00001779",120,43,8,35,77,72,5
"N00001780",361,91,28,63,270,236,34
"N00001781",205,66,16,50,139,121,18
"N00001782",210,66,12,54,144,128,16
"N00001783",193,46,16,30,147,131,16
"N00001784",130,32,5,27,98,91,7
"N00001785",144,47,11,36,97,91,6
"N00001786",127,51,14,37,76,71,5
"N00001787",99,25,6,19,74,67,7
"N00001788",142,55,18,37,87,82,5
"N00001789",253,60,19,41,193,174,19
"N00001790",143,41,9,32,102,71,31
"N00001791",217,68,31,37,149,132,17
"N00001792",189,65,30,35,124,110,14
"N00001793",239,77,19,58,162,139,23
"N00001794",377,103,22,81,274,247,27
"N00001795",171,45,9,36,126,118,8
"N00001796",172,43,10,33,129,110,19
"N00001797",165,44,10,34,121,106,15
"N00001798",225,62,20,42,163,134,29
"N00001799",142,46,22,24,96,77,19
"N00001800",190,47,13,34,143,134,9
"N00001801",222,59,14,45,163,142,21
"N00001802",199,45,8,37,154,140,14
"N00001803",140,37,11,26,103,91,12
"N00001804",157,43,9,34,114,101,13
"N00001805",476,104,18,86,372,332,40
"N00001806",148,44,7,37,104,96,8
"N00001807",124,32,3,29,92,81,11
"N00001808",92,35,7,28,57,55,2
"N00001809",107,40,14,26,67,61,6
"N00001810",73,26,5,21,47,41,6
"N00001811",92,28,6,22,64,59,5
"N00001812",134,36,7,29,98,89,9
"N00001813",52,13,2,11,39,34,5
"N00001814",318,83,17,66,235,220,15
"N00001815",165,48,15,33,117,109,8
"N00001816",231,58,15,43,173,158,15
"N00001817",148,40,4,36,108,99,9
"N00001818",141,37,14,23,104,96,8
"N00001819",173,58,12,46,115,103,12
"N00001820",131,31,9,22,100,93,7
"N00001821",339,69,17,52,270,235,35
"N00001822",126,25,4,21,101,86,15
"N00001823",202,53,14,39,149,137,12
"N00001824",195,60,18,42,135,113,22
"N00001825",120,31,4,27,89,87,2
"N00001826",202,59,20,39,143,129,14
"N00001827",164,58,12,46,106,99,7
"N00001828",128,35,4,31,93,86,7
"N00001829",120,37,12,25,83,72,11
"N00001830",162,66,15,51,96,87,9
"N00001831",181,49,15,34,132,117,15
"N00001832",110,30,5,25,80,75,5
"N00001833",150,41,10,31,109,100,9
"N00001834",96,35,8,27,61,58,3
"N00001835",119,37,5,32,82,78,4
"N00001836",117,42,17,25,75,73,2
"N00001837",85,22,4,18,63,59,4
"N00001838",99,30,7,23,69,64,5
"N00001839",165,40,9,31,125,107,18
"N00001840",190,55,16,39,135,105,30
"N00001841",193,48,14,34,145,130,15
"N00001842",144,26,7,19,118,107,11
"N00001843",195,48,18,30,147,128,19
"N00001844",150,42,7,35,108,100,8
"N00001845",141,43,7,36,98,91,7
"N00001846",132,30,9,21,102,91,11
"N00001847",121,33,5,28,88,81,7
"N00001848",137,45,19,26,92,85,7
"N00001849",132,38,10,28,94,86,8
"N00001850",329,90,27,63,239,208,31
"N00001851",139,41,8,33,98,82,16
"N00001852",135,29,7,22,106,95,11
"N00001853",155,49,12,37,106,93,13
"N00001854",108,34,6,28,74,68,6
"N00001855",147,42,9,33,105,100,5
"N00001856",130,42,12,30,88,83,5
"N00001857",138,40,8,32,98,86,12
"N00001858",97,39,9,30,58,53,5
"N00001859",117,37,9,28,80,74,6
"N00001860",72,25,7,18,47,45,2
"N00001861",102,31,9,22,71,61,10
"N00001862",183,47,14,33,136,122,14
"N00001863",106,37,9,28,69,61,8
"N00001864",157,41,12,29,116,93,23
"N00001865",230,48,17,31,182,163,19
"N00001866",126,24,5,19,102,89,13
"N00001867",196,54,15,39,142,126,16
"N00001868",189,65,21,44,124,108,16
"N00001869",158,45,14,31,113,100,13
"N00001870",167,42,13,29,125,112,13
"N00001871",213,39,12,27,174,149,25
"N00001872",126,24,2,22,102,89,13
"N00001873",467,100,21,79,367,315,52
"N00001874",204,57,25,32,147,128,19
"N00001875",117,32,11,21,85,70,15
"N00001876",153,40,9,31,113,104,9
"N00001877",110,22,11,11,88,77,11
"N00001878",132,41,16,25,91,82,9
"N00001879",153,42,11,31,111,102,9
"N00001880",167,43,9,34,124,116,8
"N00001881",407,132,27,105,275,241,34
"N00001882",122,33,12,21,89,84,5
"N00001883",121,35,9,26,86,82,4
"N00001884",109,30,9,21,79,71,8
"N00001885",64,23,4,19,41,36,5
"N00001886",84,27,5,22,57,57,0
"N00001887",144,45,7,38,99,89,10
"N00001888",132,38,8,30,94,85,9
"N00001889",102,36,6,30,66,61,5
"N00001890",289,81,25,56,208,178,30
"N00001891",197,59,12,47,138,111,27
"N00001892",120,33,6,27,87,79,8
"N00001893",106,28,5,23,78,73,5
"N00001894",123,47,12,35,76,70,6
"N00001895",131,36,6,30,95,88,7
"N00001896",234,59,18,41,175,149,26
"N00001897",136,41,9,32,95,90,5
"N00001898",127,37,9,28,90,86,4
"N00001899",86,16,4,12,70,67,3
"N00001900",184,47,21,26,137,101,36
"N00001901",187,53,13,40,134,101,33
"N00001902",208,65,25,40,143,111,32
"N00001903",211,55,24,31,156,122,34
"N00001904",135,40,9,31,95,82,13
"N00001905",122,36,12,24,86,70,16
"N00001906",165,43,17,26,122,98,24
"N00001907",171,49,16,33,122,102,20
"N00001908",134,31,4,27,103,93,10
"N00001909",180,58,22,36,122,110,12
"N00001910",220,66,22,44,154,133,21
"N00001911",135,36,7,29,99,88,11
"N00001912",192,40,11,29,152,136,16
"N00001913",156,34,12,22,122,112,10
"N00001914",179,39,11,28,140,132,8
"N00001915",350,76,15,61,274,245,29
"N00001916",122,23,2,21,99,86,13
"N00001917",153,36,13,23,117,107,10
"N00001918",119,25,6,19,94,87,7
"N00001919",136,49,8,41,87,73,14
"N00001920",167,54,15,39,113,105,8
"N00001921",101,38,10,28,63,59,4
"N00001922",122,46,14,32,76,72,4
"N00001923",102,26,6,20,76,74,2
"N00001924",144,39,6,33,105,97,8
"N00001925",115,37,11,26,78,73,5
"N00001926",129,42,7,35,87,80,7
"N00001927",107,38,7,31,69,60,9
"N00001928",83,29,2,27,54,52,2
"N00001929",228,57,22,35,171,138,33
"N00001930",121,40,6,34,81,76,5
"N00001931",110,32,5,27,78,69,9
"N00001932",129,41,16,25,88,78,10
"N00001933",155,43,11,32,112,105,7
"N00001934",116,32,4,28,84,72,12
"N00001935",181,48,17,31,133,114,19
"N00001936",154,40,10,30,114,101,13
"N00001937",121,29,9,20,92,83,9
"N00001938",125,38,14,24,87,79,8
"N00001939",141,46,12,34,95,84,11
"N00001940",195,53,18,35,142,130,12
"N00001941",142,34,13,21,108,100,8
"N00001942",235,63,18,45,172,125,47
"N00001943",203,52,23,29,151,122,29
"N00001944",155,39,11,28,116,97,19
"N00001945",237,63,13,50,174,135,39
"N00001946",182,41,3,38,141,116,25
"N00001947",198,47,13,34,151,123,28
"N00001948",69,25,4,21,44,38,6
"N00001949",297,93,26,67,204,167,37
"N00001950",71,28,5,23,43,38,5
"N00001951",120,35,12,23,85,78,7
"N00001952",103,31,7,24,72,62,10
"N00001953",59,26,6,20,33,29,4
"N00001954",115,40,15,25,75,57,18
"N00001955",130,40,10,30,90,73,17
"N00001956",60,33,10,23,27,27,0
"N00001957",131,45,13,32,86,80,6
"N00001958",101,44,12,32,57,49,8
"N00001959",87,34,7,27,53,49,4
"N00001960",93,40,3,37,53,46,7
"N00001961",206,76,20,56,130,114,16
"N00001962",112,36,7,29,76,64,12
"N00001963",41,17,4,13,24,22,2
"N00001964",86,36,7,29,50,47,3
"N00001965",129,33,9,24,96,79,17
"N00001966",192,48,7,41,144,121,23
"N00001967",225,56,17,39,169,138,31
"N00001968",105,39,7,32,66,61,5
"N00001969",231,55,20,35,176,140,36
"N00001970",106,34,8,26,72,67,5
"N00001971",204,57,18,39,147,127,20
"N00001972",124,39,16,23,85,71,14
"N00001973",103,35,4,31,68,60,8
"N00001974",85,24,7,17,61,55,6
"N00001975",114,31,11,20,83,73,10
"N00001976",159,50,17,33,109,100,9
"N00001977",104,37,10,27,67,62,5
"N00001978",113,42,15,27,71,65,6
"N00001979",88,27,6,21,61,56,5
"N00001980",104,40,12,28,64,60,4
"N00001981",62,17,5,12,45,43,2
"N00001982",330,98,22,76,232,216,16
"N00001983",101,45,8,37,56,49,7
"N00001984",139,45,14,31,94,87,7
"N00001985",86,34,7,27,52,51,1
"N00001986",170,66,13,53,104,92,12
"N00001987",166,53,20,33,113,104,9
"N00001988",141,55,11,44,86,79,7
"N00001989",161,53,16,37,108,99,9
"N00001990",87,40,15,25,47,45,2
"N00001991",115,56,11,45,59,57,2
"N00001992",86,33,5,28,53,51,2
"N00001993",87,35,7,28,52,48,4
"N00001994",159,57,17,40,102,85,17
"N00001995",142,41,10,31,101,83,18
"N00001996",146,42,13,29,104,83,21
"N00001997",167,49,17,32,118,87,31
"N00001998",116,31,6,25,85,77,8
"N00001999",638,310,179,131,328,263,65
"N00002000",130,33,9,24,97,81,16
"N00002001",187,44,15,29,143,98,45
"N00002002",139,44,13,31,95,63,32
"N00002003",133,39,12,27,94,72,22
"N00002004",182,51,17,34,131,102,29
"N00002005",66,23,6,17,43,38,5
"N00002006",87,29,9,20,58,50,8
"N00002007",92,28,9,19,64,51,13
"N00002008",242,68,24,44,174,138,36
"N00002009",111,34,5,29,77,70,7
"N00002010",202,53,15,38,149,117,32
"N00002011",269,78,26,52,191,145,46
"N00002012",205,54,15,39,151,129,22
"N00002013",118,36,11,25,82,71,11
"N00002014",420,130,34,96,290,237,53
"N00002015",128,36,8,28,92,84,8
"N00002016",77,35,9,26,42,39,3
"N00002017",118,35,8,27,83,75,8
"N00002018",618,172,45,127,446,380,66
"N00002019",96,29,10,19,67,52,15
"N00002020",119,46,19,27,73,64,9
"N00002021",207,64,22,42,143,111,32
"N00002022",170,50,13,37,120,106,14
"N00002023",227,56,17,39,171,136,35
"N00002024",224,61,13,48,163,140,23
"N00002025",76,25,10,15,51,42,9
"N00002026",145,40,11,29,105,94,11
"N00002027",93,19,3,16,74,68,6
"N00002028",628,173,45,128,455,401,54
"N00002029",295,76,22,54,219,186,33
"N00002030",127,46,14,32,81,79,2
"N00002031",170,61,21,40,109,97,12
"N00002032",241,74,22,52,167,140,27
"N00002033",121,36,11,25,85,77,8
"N00002034",172,63,13,50,109,89,20
"N00002035",163,49,9,40,114,97,17
"N00002036",147,53,15,38,94,77,17
"N00002037",279,73,29,44,206,163,43
"N00002038",191,62,13,49,129,106,23
"N00002039",119,40,9,31,79,75,4
"N00002040",175,47,9,38,128,98,30
"N00002041",162,51,14,37,111,76,35
"N00002042",107,32,9,23,75,63,12
"N00002043",163,48,18,30,115,98,17
"N00002044",248,70,18,52,178,152,26
"N00002045",149,40,12,28,109,91,18
"N00002046",111,29,5,24,82,73,9
"N00002047",81,28,13,15,53,43,10
"N00002048",68,22,8,14,46,41,5
"N00002049",98,36,8,28,62,53,9
"N00002050",64,26,6,20,38,36,2
"N00002051",201,78,22,56,123,93,30
"N00002052",128,39,14,25,89,75,14
"N00002053",72,27,8,19,45,40,5
"N00002054",204,55,17,38,149,103,46
"N00002055",209,54,11,43,155,130,25
"N00002056",230,61,22,39,169,127,42
"N00002057",182,37,10,27,145,116,29
"N00002058",266,79,21,58,187,153,34
"N00002059",90,27,7,20,63,60,3
"N00002060",346,105,46,59,241,201,40
"N00002061",313,95,28,67,218,181,37
"N00002062",84,28,9,19,56,47,9
"N00002063",132,55,32,23,77,54,23
"N00002064",333,150,90,60,183,157,26
"N00002065",116,30,12,18,86,58,28
"N00002066",143,43,17,26,100,81,19
"N00002067",521,301,204,97,220,178,42
"N00002068",101,25,9,16,76,63,13
"N00002069",188,38,12,26,150,136,14
"N00002070",575,161,26,135,414,371,43
"N00002071",139,39,16,23,100,81,19
"N00002072",135,39,7,32,96,85,11
"N00002073",102,40,8,32,62,56,6
"N00002074",404,123,33,90,281,256,25
"N00002075",185,58,14,44,127,111,16
"N00002076",81,38,12,26,43,40,3
"N00002077",106,30,9,21,76,70,6
"N00002078",90,30,7,23,60,54,6
"N00002079",257,82,27,55,175,155,20
"N00002080",111,42,8,34,69,63,6
"N00002081",95,29,9,20,66,60,6
"N00002082",574,370,254,116,204,175,29
"N00002083",133,41,12,29,92,83,9
"N00002084",192,63,21,42,129,113,16
"N00002085",288,77,28,49,211,177,34
"N00002086",221,82,30,52,139,116,23
"N00002087",90,33,8,25,57,51,6
"N00002088",130,36,7,29,94,87,7
"N00002089",169,61,17,44,108,93,15
"N00002090",200,67,18,49,133,115,18
"N00002091",367,115,26,89,252,225,27
"N00002092",176,59,9,50,117,101,16
"N00002093",244,75,19,56,169,156,13
"N00002094",317,87,20,67,230,198,32
"N00002095",206,60,14,46,146,123,23
"N00002096",213,65,20,45,148,107,41
"N00002097",177,57,20,37,120,93,27
"N00002098",160,40,12,28,120,106,14
"N00002099",201,53,18,35,148,117,31
"N00002100",200,66,17,49,134,110,24
"N00002101",257,84,15,69,173,139,34
"N00002102",173,52,16,36,121,97,24
"N00002103",341,103,29,74,238,213,25
"N00002104",99,32,5,27,67,63,4
"N00002105",182,72,21,51,110,103,7
"N00002106",168,37,11,26,131,120,11
"N00002107",267,87,27,60,180,161,19
"N00002108",126,41,12,29,85,80,5
"N00002109",215,60,13,47,155,137,18
"N00002110",201,53,16,37,148,128,20
"N00002111",237,66,27,39,171,143,28
"N00002112",205,58,15,43,147,126,21
"N00002113",246,59,21,38,187,147,40
"N00002114",150,36,12,24,114,100,14
"N00002115",106,26,10,16,80,75,5
"N00002116",103,32,9,23,71,70,1
"N00002117",145,43,12,31,102,84,18
"N00002118",188,49,15,34,139,121,18
"N00002119",102,35,10,25,67,65,2
"N00002120",114,33,10,23,81,64,17
"N00002121",207,54,14,40,153,116,37
"N00002122",250,68,23,45,182,143,39
"N00002123",207,62,26,36,145,105,40
"N00002124",172,38,11,27,134,114,20
"N00002125",594,149,41,108,445,342,103
"N00002126",199,51,16,35,148,108,40
"N00002127",368,91,23,68,277,231,46
"N00002128",367,88,25,63,279,242,37
"N00002129",407,105,25,80,302,262,40
"N00002130",184,45,16,29,139,124,15
"N00002131",197,45,7,38,152,109,43
"N00002132",175,57,16,41,118,96,22
"N00002133",256,77,24,53,179,134,45
"N00002134",169,52,22,30,117,88,29
"N00002135",236,70,20,50,166,140,26
"N00002136",126,37,12,25,89,82,7
"N00002137",125,39,8,31,86,76,10
"N00002138",113,35,12,23,78,70,8
"N00002139",344,91,24,67,253,229,24
"N00002140",122,44,11,33,78,62,16
"N00002141",84,34,15,19,50,46,4
"N00002142",80,29,5,24,51,49,2
"N00002143",190,48,11,37,142,120,22
"N00002144",248,78,19,59,170,132,38
"N00002145",216,67,21,46,149,121,28
"N00002146",175,56,14,42,119,90,29
"N00002147",147,42,11,31,105,94,11
"N00002148",200,50,18,32,150,110,40
"N00002149",189,56,11,45,133,96,37
"N00002150",145,49,16,33,96,72,24
"N00002151",134,47,11,36,87,66,21
"N00002152",138,63,32,31,75,61,14
"N00002153",237,58,19,39,179,134,45
"N00002154",174,56,19,37,118,85,33
"N00002155",221,72,26,46,149,122,27
"N00002156",141,32,10,22,109,98,11
"N00002157",81,30,3,27,51,46,5
"N00002158",213,57,19,38,156,127,29
"N00002159",257,76,23,53,181,146,35
"N00002160",174,42,13,29,132,104,28
"N00002161",212,56,16,40,156,120,36
"N00002162",208,52,13,39,156,137,19
"N00002163",280,68,15,53,212,186,26
"N00002164",123,36,8,28,87,76,11
"N00002165",169,54,19,35,115,92,23
"N00002166",151,54,21,33,97,82,15
"N00002167",131,31,9,22,100,91,9
"N00002168",151,53,18,35,98,78,20
"N00002169",223,58,27,31,165,139,26
"N00002170",116,31,10,21,85,73,12
"N00002171",269,80,28,52,189,160,29
"N00002172",305,90,26,64,215,188,27
"N00002173",240,69,27,42,171,138,33
"N00002174",232,70,24,46,162,133,29
"N00002175",376,104,29,75,272,246,26
"N00002176",287,86,23,63,201,187,14
"N00002177",296,70,22,48,226,186,40
"N00002178",224,71,19,52,153,131,22
"N00002179",167,36,7,29,131,120,11
"N00002180",101,25,9,16,76,73,3
"N00002181",359,92,26,66,267,233,34
"N00002182",176,54,15,39,122,101,21
"N00002183",124,11,1,10,113,104,9
"N00002184",72,18,5,13,54,50,4
"N00002185",166,44,11,33,122,114,8
"N00002186",108,24,6,18,84,79,5
"N00002187",129,32,7,25,97,91,6
"N00002188",52,12,4,8,40,38,2
"N00002189",85,23,4,19,62,61,1
"N00002190",220,57,11,46,163,147,16
"N00002191",67,15,4,11,52,48,4
"N00002192",240,59,18,41,181,164,17
"N00002193",85,18,5,13,67,62,5
"N00002194",82,23,8,15,59,53,6
"N00002195",138,36,13,23,102,91,11
"N00002196",288,75,25,50,213,188,25
"N00002197",315,96,24,72,219,194,25
"N00002198",105,30,7,23,75,69,6
"N00002199",127,50,12,38,77,69,8
"N00002200",153,50,14,36,103,95,8
"N00002201",61,20,7,13,41,39,2
"N00002202",179,61,16,45,118,114,4
"N00002203",597,171,43,128,426,371,55
"N00002204",221,56,22,34,165,137,28
"N00002205",402,110,31,79,292,258,34
"N00002206",168,42,13,29,126,111,15
"N00002207",147,48,10,38,99,84,15
"N00002208",131,39,12,27,92,81,11
"N00002209",164,57,14,43,107,98,9
"N00002210",200,59,24,35,141,115,26
"N00002211",96,25,5,20,71,68,3
"N00002212",113,27,5,22,86,78,8
"N00002213",361,92,26,66,269,226,43
"N00002214",169,48,20,28,121,108,13
"N00002215",113,20,8,12,93,87,6
"N00002216",118,27,7,20,91,84,7
"N00002217",98,30,6,24,68,65,3
"N00002218",99,21,6,15,78,69,9
"N00002219",92,30,10,20,62,59,3
"N00002220",218,48,6,42,170,156,14
"N00002221",154,47,13,34,107,96,11
"N00002222",120,40,12,28,80,71,9
"N00002223",57,17,4,13,40,34,6
"N00002224",85,22,12,10,63,61,2
"N00002225",104,32,15,17,72,66,6
"N00002226",67,21,2,19,46,46,0
"N00002227",81,16,4,12,65,62,3
"N00002228",88,21,4,17,67,62,5
"N00002229",464,144,39,105,320,291,29
"N00002230",97,33,9,24,64,61,3
"N00002231",77,27,8,19,50,47,3
"N00002232",331,77,21,56,254,235,19
"N00002233",162,42,7,35,120,116,4
"N00002234",108,23,8,15,85,79,6
"N00002235",100,39,11,28,61,58,3
"N00002236",184,58,14,44,126,117,9
"N00002237",144,62,9,53,82,79,3
"N00002238",95,40,9,31,55,53,2
"N00002239",86,27,2,25,59,54,5
"N00002240",118,37,11,26,81,75,6
"N00002241",98,24,6,18,74,67,7
"N00002242",114,35,11,24,79,75,4
"N00002243",71,23,5,18,48,43,5
"N00002244",108,31,7,24,77,70,7
"N00002245",23,6,1,5,17,17,0
"N00002246",226,62,22,40,164,150,14
"N00002247",211,69,24,45,142,128,14
"N00002248",375,96,25,71,279,247,32
"N00002249",304,95,29,66,209,182,27
"N00002250",167,53,18,35,114,104,10
"N00002251",202,66,23,43,136,118,18
"N00002252",418,123,47,76,295,247,48
"N00002253",189,49,14,35,140,128,12
"N00002254",293,69,26,43,224,192,32
"N00002255",255,79,19,60,176,154,22
"N00002256",252,60,22,38,192,161,31
"N00002257",154,40,15,25,114,100,14
"N00002258",188,45,13,32,143,114,29
"N00002259",167,33,11,22,134,121,13
"N00002260",414,93,23,70,321,268,53
"N00002261",344,91,19,72,253,210,43
"N00002262",227,53,16,37,174,142,32
"N00002263",244,68,16,52,176,144,32
"N00002264",305,87,15,72,218,202,16
"N00002265",272,78,17,61,194,181,13
"N00002266",86,22,4,18,64,57,7
"N00002267",161,51,13,38,110,103,7
"N00002268",346,118,29,89,228,209,19
"N00002269",89,25,7,18,64,61,3
"N00002270",103,44,9,35,59,55,4
"N00002271",82,28,7,21,54,51,3
"N00002272",77,24,10,14,53,51,2
"N00002273",307,71,21,50,236,210,26
"N00002274",81,28,6,22,53,46,7
"N00002275",76,22,4,18,54,53,1
"N00002276",124,25,4,21,99,89,10
"N00002277",180,44,13,31,136,126,10
"N00002278",112,42,13,29,70,67,3
"N00002279",70,19,5,14,51,47,4
"N00002280",126,41,11,30,85,78,7
"N00002281",124,56,11,45,68,64,4
"N00002282",75,30,9,21,45,44,1
"N00002283",94,40,7,33,54,53,1
"N00002284",87,26,7,19,61,56,5
"N00002285",200,58,25,33,142,132,10
"N00002286",176,56,15,41,120,112,8
"N00002287",101,38,9,29,63,59,4
"N00002288",82,36,10,26,46,43,3
"N00002289",93,26,8,18,67,61,6
"N00002290",168,62,25,37,106,91,15
"N00002291",179,40,8,32,139,124,15
"N00002292",119,32,8,24,87,77,10
"N00002293",88,20,6,14,68,60,8
"N00002294",138,37,14,23,101,92,9
"N00002295",183,43,7,36,140,126,14
"N00002296",171,59,12,47,112,106,6
"N00002297",163,46,18,28,117,107,10
"N00002298",104,25,8,17,79,70,9
"N00002299",174,39,9,30,135,119,16
"N00002300",441,99,29,70,342,296,46
"N00002301",303,83,20,63,220,203,17
"N00002302",297,69,18,51,228,190,38
"N00002303",238,53,16,37,185,167,18
"N00002304",68,16,4,12,52,48,4
"N00002305",487,86,19,67,401,353,48
"N00002306",750,169,38,131,581,531,50
"N00002307",206,60,13,47,146,129,17
"N00002308",174,49,19,30,125,113,12
"N00002309",94,24,2,22,70,64,6
"N00002310",77,16,5,11,61,58,3
"N00002311",133,35,9,26,98,89,9
"N00002312",111,27,7,20,84,79,5
"N00002313",128,41,11,30,87,79,8
"N00002314",118,28,8,20,90,81,9
"N00002315",154,44,14,30,110,95,15
"N00002316",108,28,5,23,80,72,8
"N00002317",137,38,14,24,99,92,7
"N00002318",163,39,7,32,124,105,19
"N00002319",322,86,27,59,236,194,42
"N00002320",134,36,11,25,98,92,6
"N00002321",123,39,7,32,84,75,9
"N00002322",138,42,11,31,96,82,14
"N00002323",149,45,12,33,104,95,9
"N00002324",136,35,5,30,101,92,9
"N00002325",216,44,13,31,172,151,21
"N00002326",132,39,11,28,93,83,10
"N00002327",650,180,51,129,470,396,74
"N00002328",206,59,15,44,147,131,16
"N00002329",122,33,6,27,89,83,6
"N00002330",334,90,27,63,244,193,51
"N00002331",278,90,32,58,188,155,33
"N00002332",173,40,8,32,133,117,16
"N00002333",201,53,12,41,148,125,23
"N00002334",163,39,9,30,124,112,12
"N00002335",276,56,12,44,220,180,40
"N00002336",113,34,8,26,79,70,9
"N00002337",138,40,10,30,98,95,3
"N00002338",103,37,13,24,66,61,5
"N00002339",138,41,12,29,97,92,5
"N00002340",138,47,11,36,91,86,5
"N00002341",88,29,8,21,59,56,3
"N00002342",107,33,11,22,74,70,4
"N00002343",173,54,9,45,119,110,9
"N00002344",147,38,9,29,109,107,2
"N00002345",122,30,11,19,92,83,9
"N00002346",119,27,7,20,92,82,10
"N00002347",310,106,27,79,204,186,18
"N00002348",126,27,5,22,99,91,8
"N00002349",105,27,4,23,78,66,12
"N00002350",64,14,3,11,50,49,1
"N00002351",628,162,41,121,466,426,40
"N00002352",82,16,4,12,66,56,10
"N00002353",819,248,59,189,571,518,53
"N00002354",153,41,7,34,112,101,11
"N00002355",124,56,20,36,68,66,2
"N00002356",206,78,24,54,128,119,9
"N00002357",136,50,12,38,86,78,8
"N00002358",78,26,7,19,52,50,2
"N00002359",89,26,8,18,63,58,5
"N00002360",90,17,4,13,73,66,7
"N00002361",95,31,7,24,64,58,6
"N00002362",85,29,11,18,56,53,3
"N00002363",83,19,5,14,64,54,10
"N00002364",86,29,4,25,57,52,5
"N00002365",111,39,10,29,72,66,6
"N00002366",108,30,6,24,78,70,8
"N00002367",185,42,9,33,143,122,21
"N00002368",219,69,26,43,150,123,27
"N00002369",404,89,17,72,315,270,45
"N00002370",205,52,16,36,153,118,35
"N00002371",233,65,14,51,168,144,24
"N00002372",306,72,13,59,234,194,40
"N00002373",187,47,13,34,140,127,13
"N00002374",130,32,11,21,98,86,12
"N00002375",194,41,12,29,153,125,28
"N00002376",223,62,21,41,161,129,32
"N00002377",211,45,12,33,166,150,16
"N00002378",413,94,19,75,319,281,38
"N00002379",328,69,18,51,259,224,35
"N00002380",128,39,17,22,89,80,9
"N00002381",192,63,24,39,129,114,15
"N00002382",256,65,26,39,191,169,22
"N00002383",231,71,22,49,160,132,28
"N00002384",202,58,15,43,144,127,17
"N00002385",145,40,8,32,105,83,22
"N00002386",104,30,6,24,74,67,7
"N00002387",179,38,4,34,141,128,13
"N00002388",82,24,9,15,58,50,8
"N00002389",130,35,15,20,95,94,1
"N00002390",122,19,3,16,103,99,4
"N00002391",185,60,20,40,125,105,20
"N00002392",186,57,24,33,129,116,13
"N00002393",319,87,31,56,232,208,24
"N00002394",175,44,15,29,131,117,14
"N00002395",209,61,18,43,148,141,7
"N00002396",89,50,7,43,39,39,0
"N00002397",89,27,2,25,62,57,5
"N00002398",119,47,6,41,72,69,3
"N00002399",97,41,15,26,56,55,1
"N00002400",74,26,9,17,48,46,2
"N00002401",735,197,41,156,538,482,56
"N00002402",100,21,0,21,79,74,5
"N00002403",180,49,10,39,131,117,14
"N00002404",421,118,27,91,303,279,24
"N00002405",155,43,16,27,112,101,11
"N00002406",130,41,11,30,89,78,11
"N00002407",114,28,11,17,86,72,14
"N00002408",158,44,16,28,114,95,19
"N00002409",121,41,19,22,80,73,7
"N00002410",113,34,14,20,79,76,3
"N00002411",161,44,13,31,117,92,25
"N00002412",195,45,11,34,150,132,18
"N00002413",191,44,13,31,147,138,9
"N00002414",135,33,10,23,102,86,16
"N00002415",118,35,10,25,83,70,13
"N00002416",195,49,11,38,146,125,21
"N00002417",151,34,12,22,117,93,24
"N00002418",238,75,24,51,163,141,22
"N00002419",298,66,11,55,232,202,30
"N00002420",220,53,17,36,167,142,25
"N00002421",178,47,11,36,131,101,30
"N00002422",213,60,14,46,153,133,20
"N00002423",46,22,5,17,24,22,2
"N00002424",120,37,12,25,83,72,11
"N00002425",115,38,15,23,77,67,10
"N00002426",133,37,11,26,96,91,5
"N00002427",108,47,15,32,61,60,1
"N00002428",102,34,5,29,68,62,6
"N00002429",87,41,14,27,46,41,5
"N00002430",81,36,9,27,45,45,0
"N00002431",232,99,28,71,133,121,12
"N00002432",59,33,8,25,26,25,1
"N00002433",149,60,19,41,89,86,3
"N00002434",55,25,7,18,30,26,4
"N00002435",66,29,6,23,37,37,0
"N00002436",134,59,17,42,75,73,2
"N00002437",133,52,14,38,81,71,10
"N00002438",146,53,15,38,93,83,10
"N00002439",88,38,12,26,50,47,3
"N00002440",94,47,15,32,47,43,4
"N00002441",66,28,5,23,38,38,0
"N00002442",70,30,5,25,40,36,4
"N00002443",125,55,14,41,70,63,7
"N00002444",334,111,34,77,223,199,24
"N00002445",119,29,9,20,90,73,17
"N00002446",89,41,5,36,48,41,7
"N00002447",93,37,12,25,56,51,5
"N00002448",116,44,10,34,72,67,5
"N00002449",112,27,9,18,85,77,8
"N00002450",122,39,13,26,83,77,6
"N00002451",156,77,13,64,79,71,8
"N00002452",115,39,18,21,76,72,4
"N00002453",137,53,15,38,84,75,9
"N00002454",92,20,7,13,72,63,9
"N00002455",197,50,15,35,147,132,15
"N00002456",189,46,10,36,143,127,16
"N00002457",258,76,21,55,182,163,19
"N00002458",101,29,10,19,72,63,9
"N00002459",343,92,22,70,251,202,49
"N00002460",188,45,10,35,143,130,13
"N00002461",234,71,22,49,163,138,25
"N00002462",208,53,14,39,155,128,27
"N00002463",178,55,18,37,123,103,20
"N00002464",182,51,20,31,131,108,23
"N00002465",148,83,20,63,65,64,1
"N00002466",75,41,17,24,34,32,2
"N00002467",72,29,2,27,43,42,1
"N00002468",114,37,7,30,77,72,5
"N00002469",188,77,13,64,111,104,7
"N00002470",120,58,16,42,62,56,6
"N00002471",76,34,8,26,42,37,5
"N00002472",121,64,15,49,57,49,8
"N00002473",81,37,14,23,44,42,2
"N00002474",100,48,16,32,52,51,1
"N00002475",99,37,8,29,62,60,2
"N00002476",108,36,11,25,72,70,2
"N00002477",101,34,8,26,67,63,4
"N00002478",151,65,13,52,86,79,7
"N00002479",250,77,22,55,173,152,21
"N00002480",290,92,32,60,198,163,35
"N00002481",73,41,7,34,32,32,0
"N00002482",78,36,6,30,42,39,3
"N00002483",83,34,8,26,49,47,2
"N00002484",75,35,5,30,40,38,2
"N00002485",71,33,10,23,38,34,4
"N00002486",125,52,10,42,73,68,5
"N00002487",219,88,29,59,131,121,10
"N00002488",498,208,45,163,290,273,17
"N00002489",375,117,38,79,258,226,32
"N00002490",157,44,16,28,113,100,13
"N00002491",79,42,15,27,37,36,1
"N00002492",80,46,16,30,34,34,0
"N00002493",89,42,13,29,47,46,1
"N00002494",63,41,13,28,22,20,2
"N00002495",226,81,22,59,145,136,9
"N00002496",112,41,10,31,71,65,6
"N00002497",169,59,16,43,110,102,8
"N00002498",383,158,31,127,225,208,17
"N00002499",250,86,26,60,164,150,14
"N00002500",228,74,20,54,154,142,12
"N00002501",817,236,65,171,581,512,69
"N00002502",248,56,16,40,192,173,19
"N00002503",104,19,2,17,85,70,15
"N00002504",62,24,5,19,38,35,3
"N00002505",113,37,5,32,76,75,1
"N00002506",107,31,6,25,76,67,9
"N00002507",104,40,16,24,64,59,5
"N00002508",65,11,3,8,54,50,4
"N00002509",73,27,10,17,46,44,2
"N00002510",192,58,9,49,134,121,13
"N00002511",39,12,2,10,27,25,2
"N00002512",262,85,20,65,177,150,27
"N00002513",144,33,7,26,111,85,26
"N00002514",211,56,19,37,155,121,34
"N00002515",118,36,6,30,82,61,21
"N00002516",179,45,17,28,134,120,14
"N00002517",133,42,10,32,91,80,11
"N00002518",290,72,21,51,218,195,23
"N00002519",140,42,11,31,98,93,5
"N00002520",399,115,23,92,284,256,28
"N00002521",577,155,33,122,422,379,43
"N00002522",89,30,6,24,59,53,6
"N00002523",114,36,12,24,78,73,5
"N00002524",172,47,13,34,125,119,6
"N00002525",847,209,66,143,638,549,89
"N00002526",500,125,28,97,375,321,54
"N00002527",188,47,23,24,141,114,27
"N00002528",158,55,13,42,103,95,8
"N00002529",197,52,13,39,145,133,12
"N00002530",192,56,25,31,136,120,16
"N00002531",251,87,27,60,164,158,6
"N00002532",169,64,15,49,105,96,9
"N00002533",292,99,25,74,193,173,20
"N00002534",150,55,8,47,95,90,5
"N00002535",230,72,24,48,158,142,16
"N00002536",300,78,25,53,222,184,38
"N00002537",657,209,51,158,448,395,53
"N00002538",333,94,25,69,239,194,45
"N00002539",90,36,10,26,54,53,1
"N00002540",909,264,64,200,645,585,60
"N00002541",578,157,56,101,421,397,24
"N00002542",162,43,13,30,119,113,6
"N00002543",128,39,8,31,89,86,3
"N00002544",336,97,23,74,239,216,23
"N00002545",141,46,10,36,95,88,7
"N00002546",122,31,11,20,91,82,9
"N00002547",398,132,31,101,266,258,8
"N00002548",171,58,12,46,113,106,7
"N00002549",77,16,3,13,61,56,5
"N00002550",99,30,10,20,69,62,7
"N00002551",129,36,4,32,93,81,12
"N00002552",122,42,11,31,80,73,7
"N00002553",92,26,5,21,66,62,4
"N00002554",169,52,16,36,117,108,9
"N00002555",174,51,13,38,123,111,12
"N00002556",136,49,9,40,87,80,7
"N00002557",149,38,8,30,111,102,9
"N00002558",139,38,12,26,101,99,2
"N00002559",111,45,9,36,66,60,6
"N00002560",223,47,16,31,176,149,27
"N00002561",148,35,12,23,113,100,13
"N00002562",163,48,11,37,115,100,15
"N00002563",180,69,26,43,111,102,9
"N00002564",112,38,9,29,74,67,7
"N00002565",94,31,6,25,63,58,5
"N00002566",111,31,10,21,80,73,7
"N00002567",126,36,13,23,90,77,13
"N00002568",126,40,15,25,86,84,2
"N00002569",120,36,7,29,84,76,8
"N00002570",72,23,8,15,49,44,5
"N00002571",169,53,22,31,116,105,11
"N00002572",146,46,12,34,100,90,10
"N00002573",90,31,11,20,59,57,2
"N00002574",110,42,13,29,68,61,7
"N00002575",84,42,11,31,42,37,5
"N00002576",318,89,32,57,229,205,24
"N00002577",197,52,22,30,145,137,8
"N00002578",102,31,8,23,71,68,3
"N00002579",80,30,6,24,50,48,2
"N00002580",107,42,9,33,65,64,1
"N00002581",126,39,13,26,87,70,17
"N00002582",327,169,39,130,158,151,7
"N00002583",90,37,4,33,53,46,7
"N00002584",98,46,9,37,52,48,4
"N00002585",69,24,6,18,45,42,3
"N00002586",91,39,5,34,52,51,1
"N00002587",214,101,18,83,113,104,9
"N00002588",80,37,11,26,43,42,1
"N00002589",97,41,9,32,56,53,3
"N00002590",464,199,40,159,265,241,24
"N00002591",449,147,32,115,302,280,22
"N00002592",252,79,18,61,173,162,11
"N00002593",129,46,10,36,83,75,8
"N00002594",92,40,7,33,52,48,4
"N00002595",129,49,16,33,80,77,3
"N00002596",183,55,14,41,128,118,10
"N00002597",135,39,7,32,96,88,8
"N00002598",72,25,8,17,47,47,0
"N00002599",203,68,21,47,135,126,9
"N00002600",120,43,11,32,77,72,5
"N00002601",159,52,19,33,107,96,11
"N00002602",171,51,15,36,120,104,16
"N00002603",266,96,37,59,170,150,20
"N00002604",149,60,23,37,89,78,11
"N00002605",78,21,5,16,57,50,7
"N00002606",95,36,9,27,59,55,4
"N00002607",47,17,2,15,30,29,1
"N00002608",122,45,20,25,77,67,10
"N00002609",324,204,151,53,120,96,24
"N00002610",122,48,16,32,74,68,6
"N00002611",51,16,5,11,35,31,4
"N00002612",118,46,10,36,72,67,5
"N00002613",217,87,27,60,130,117,13
"N00002614",99,36,7,29,63,55,8
"N00002615",103,34,9,25,69,64,5
"N00002616",107,39,6,33,68,68,0
"N00002617",159,56,15,41,103,94,9
"N00002618",64,31,5,26,33,30,3
"N00002619",248,60,12,48,188,172,16
"N00002620",197,68,6,62,129,118,11
"N00002621",77,18,4,14,59,53,6
"N00002622",128,42,14,28,86,79,7
"N00002623",120,47,15,32,73,69,4
"N00002624",87,23,5,18,64,58,6
"N00002625",94,43,10,33,51,47,4
"N00002626",370,102,24,78,268,237,31
"N00002627",76,30,9,21,46,42,4
"N00002628",311,104,28,76,207,160,47
"N00002629",53,23,7,16,30,28,2
"N00002630",65,31,5,26,34,33,1
"N00002631",102,35,9,26,67,59,8
"N00002632",145,53,8,45,92,78,14
"N00002633",172,49,14,35,123,106,17
"N00002634",136,42,15,27,94,77,17
"N00002635",105,46,10,36,59,49,10
"N00002636",165,55,16,39,110,92,18
"N00002637",238,71,23,48,167,136,31
"N00002638",212,67,16,51,145,118,27
"N00002639",111,35,9,26,76,69,7
"N00002640",156,40,18,22,116,105,11
"N00002641",195,57,15,42,138,122,16
"N00002642",224,63,17,46,161,146,15
"N00002643",218,48,17,31,170,149,21
"N00002644",114,34,7,27,80,73,7
"N00002645",114,21,8,13,93,85,8
"N00002646",167,48,13,35,119,99,20
"N00002647",370,86,23,63,284,256,28
"N00002648",89,24,6,18,65,52,13
"N00002649",200,53,18,35,147,126,21
"N00002650",123,40,9,31,83,78,5
"N00002651",217,64,17,47,153,140,13
"N00002652",121,40,11,29,81,75,6
"N00002653",188,43,10,33,145,131,14
"N00002654",107,35,13,22,72,67,5
"N00002655",88,29,13,16,59,53,6
"N00002656",275,71,12,59,204,183,21
"N00002657",141,41,15,26,100,90,10
"N00002658",163,61,14,47,102,98,4
"N00002659",92,35,6,29,57,56,1
"N00002660",177,51,21,30,126,108,18
"N00002661",190,51,19,32,139,128,11
"N00002662",182,50,11,39,132,117,15
"N00002663",173,53,16,37,120,110,10
"N00002664",114,37,9,28,77,70,7
"N00002665",138,43,10,33,95,90,5
"N00002666",128,37,9,28,91,74,17
"N00002667",302,80,26,54,222,204,18
"N00002668",126,36,10,26,90,82,8
"N00002669",253,60,26,34,193,165,28
"N00002670",781,243,74,169,538,478,60
"N00002671",630,203,52,151,427,397,30
"N00002672",99,40,10,30,59,54,5
"N00002673",527,164,40,124,363,327,36
"N00002674",105,44,13,31,61,61,0
"N00002675",200,69,21,48,131,103,28
"N00002676",325,81,21,60,244,224,20
"N00002677",209,59,24,35,150,112,38
"N00002678",185,62,20,42,123,108,15
"N00002679",245,75,25,50,170,150,20
"N00002680",225,63,20,43,162,131,31
"N00002681",208,63,18,45,145,114,31
"N00002682",236,62,17,45,174,152,22
"N00002683",209,57,19,38,152,122,30
"N00002684",225,55,8,47,170,138,32
"N00002685",213,56,22,34,157,122,35
"N00002686",170,47,14,33,123,89,34
"N00002687",134,37,9,28,97,80,17
"N00002688",176,46,18,28,130,102,28
"N00002689",134,32,6,26,102,96,6
"N00002690",89,24,6,18,65,56,9
"N00002691",149,40,7,33,109,90,19
"N00002692",112,36,10,26,76,59,17
"N00002693",67,18,7,11,49,41,8
"N00002694",145,42,12,30,103,96,7
"N00002695",206,77,19,58,129,109,20
"N00002696",135,45,8,37,90,79,11
"N00002697",164,58,14,44,106,94,12
"N00002698",252,71,21,50,181,148,33
"N00002699",127,29,5,24,98,93,5
"N00002700",272,73,22,51,199,179,20
"N00002701",250,83,20,63,167,142,25
"N00002702",151,46,14,32,105,96,9
"N00002703",308,80,32,48,228,198,30
"N00002704",281,69,19,50,212,182,30
"N00002705",230,61,21,40,169,143,26
"N00002706",207,54,17,37,153,126,27
"N00002707",291,74,22,52,217,191,26
"N00002708",89,33,12,21,56,50,6
"N00002709",223,72,30,42,151,122,29
"N00002710",181,48,11,37,133,124,9
"N00002711",302,82,24,58,220,190,30
"N00002712",173,46,22,24,127,94,33
"N00002713",188,45,7,38,143,122,21
"N00002714",251,65,21,44,186,149,37
"N00002715",202,59,16,43,143,110,33
"N00002716",160,46,12,34,114,91,23
"N00002717",258,73,22,51,185,156,29
"N00002718",230,74,28,46,156,138,18
"N00002719",172,46,17,29,126,94,32
"N00002720",154,44,13,31,110,94,16
"N00002721",159,59,16,43,100,80,20
"N00002722",204,61,19,42,143,119,24
"N00002723",149,54,9,45,95,85,10
"N00002724",94,28,6,22,66,56,10
"N00002725",181,52,13,39,129,103,26
"N00002726",676,121,34,87,555,353,202
"N00002727",178,47,16,31,131,118,13
"N00002728",457,108,25,83,349,313,36
"N00002729",114,36,8,28,78,69,9
"N00002730",101,30,11,19,71,63,8
"N00002731",110,36,10,26,74,68,6
"N00002732",128,37,8,29,91,76,15
"N00002733",187,44,10,34,143,134,9
"N00002734",228,63,22,41,165,145,20
"N00002735",183,57,23,34,126,96,30
"N00002736",187,59,22,37,128,96,32
"N00002737",162,49,19,30,113,91,22
"N00002738",240,66,20,46,174,137,37
"N00002739",197,63,20,43,134,102,32
"N00002740",181,48,13,35,133,102,31
"N00002741",209,63,19,44,146,129,17
"N00002742",148,44,10,34,104,96,8
"N00002743",143,31,5,26,112,90,22
"N00002744",93,42,8,34,51,46,5
"N00002745",102,41,12,29,61,54,7
"N00002746",120,40,12,28,80,77,3
"N00002747",93,32,10,22,61,51,10
"N00002748",164,51,15,36,113,89,24
"N00002749",142,40,12,28,102,90,12
"N00002750",87,26,4,22,61,58,3
"N00002751",99,33,9,24,66,58,8
"N00002752",121,24,5,19,97,84,13
"N00002753",264,79,27,52,185,160,25
"N00002754",189,58,16,42,131,109,22
"N00002755",214,51,20,31,163,128,35
"N00002756",143,51,19,32,92,79,13
"N00002757",230,55,14,41,175,153,22
"N00002758",112,27,6,21,85,79,6
"N00002759",154,42,16,26,112,102,10
"N00002760",171,43,12,31,128,111,17
"N00002761",517,128,40,88,389,325,64
"N00002762",159,43,11,32,116,91,25
"N00002763",182,48,15,33,134,98,36
"N00002764",205,61,20,41,144,124,20
"N00002765",160,49,18,31,111,78,33
"N00002766",234,62,16,46,172,146,26
"N00002767",185,49,18,31,136,110,26
"N00002768",156,47,21,26,109,96,13
"N00002769",242,64,27,37,178,153,25
"N00002770",252,65,18,47,187,154,33
"N00002771",103,37,13,24,66,59,7
"N00002772",106,35,12,23,71,53,18
"N00002773",63,18,6,12,45,40,5
"N00002774",321,98,33,65,223,174,49
"N00002775",208,68,21,47,140,119,21
"N00002776",117,46,21,25,71,64,7
"N00002777",77,27,7,20,50,44,6
"N00002778",73,18,6,12,55,42,13
"N00002779",231,72,21,51,159,128,31
"N00002780",137,43,14,29,94,83,11
"N00002781",198,53,20,33,145,112,33
"N00002782",238,57,19,38,181,154,27
"N00002783",199,73,23,50,126,110,16
"N00002784",255,68,18,50,187,166,21
"N00002785",244,64,14,50,180,150,30
"N00002786",246,82,20,62,164,135,29
"N00002787",186,65,19,46,121,101,20
"N00002788",170,60,15,45,110,87,23
"N00002789",216,77,21,56,139,121,18
"N00002790",234,83,25,58,151,125,26
"N00002791",198,57,13,44,141,105,36
"N00002792",215,68,16,52,147,121,26
"N00002793",183,45,12,33,138,114,24
"N00002794",220,55,15,40,165,138,27
"N00002795",199,56,13,43,143,123,20
"N00002796",241,84,21,63,157,138,19
"N00002797",294,81,25,56,213,165,48
"N00002798",205,54,19,35,151,115,36
"N00002799",141,47,9,38,94,74,20
"N00002800",205,53,10,43,152,115,37
"N00002801",249,67,21,46,182,147,35
"N00002802",236,72,18,54,164,131,33
"N00002803",236,58,14,44,178,136,42
"N00002804",149,46,12,34,103,89,14
"N00002805",149,46,15,31,103,91,12
"N00002806",239,61,15,46,178,145,33
"N00002807",196,49,17,32,147,108,39
"N00002808",230,65,18,47,165,125,40
"N00002809",219,60,16,44,159,122,37
"N00002810",131,39,7,32,92,78,14
"N00002811",158,40,7,33,118,97,21
"N00002812",167,52,10,42,115,93,22
"N00002813",165,40,11,29,125,106,19
"N00002814",181,40,8,32,141,123,18
"N00002815",114,36,9,27,78,72,6
"N00002816",165,41,14,27,124,111,13
"N00002817",293,71,22,49,222,197,25
"N00002818",193,41,11,30,152,145,7
"N00002819",194,58,19,39,136,124,12
"N00002820",306,90,20,70,216,160,56
"N00002821",232,53,18,35,179,134,45
"N00002822",172,41,9,32,131,113,18
"N00002823",201,61,21,40,140,115,25
"N00002824",166,45,8,37,121,95,26
"N00002825",323,86,21,65,237,191,46
"N00002826",214,61,9,52,153,118,35
"N00002827",173,43,7,36,130,98,32
"N00002828",152,49,11,38,103,87,16
"N00002829",238,72,20,52,166,135,31
"N00002830",229,72,25,47,157,123,34
"N00002831",220,59,22,37,161,125,36
"N00002832",198,54,13,41,144,126,18
"N00002833",192,62,12,50,130,112,18
"N00002834",262,71,28,43,191,136,55
"N00002835",240,71,19,52,169,137,32
"N00002836",200,61,22,39,139,105,34
"N00002837",153,45,9,36,108,95,13
"N00002838",210,57,18,39,153,116,37
"N00002839",184,48,14,34,136,98,38
"N00002840",627,160,42,118,467,386,81
"N00002841",198,55,17,38,143,123,20
"N00002842",237,59,18,41,178,162,16
"N00002843",146,49,12,37,97,87,10
"N00002844",135,39,7,32,96,85,11
"N00002845",92,26,7,19,66,59,7
"N00002846",226,61,21,40,165,148,17
"N00002847",294,76,24,52,218,184,34
"N00002848",478,147,44,103,331,298,33
"N00002849",54,15,2,13,39,38,1
"N00002850",81,28,9,19,53,46,7
"N00002851",129,36,7,29,93,79,14
"N00002852",126,35,15,20,91,81,10
"N00002853",370,97,35,62,273,243,30
"N00002854",203,61,15,46,142,118,24
"N00002855",225,59,16,43,166,140,26
"N00002856",119,35,16,19,84,77,7
"N00002857",235,58,14,44,177,153,24
"N00002858",240,51,18,33,189,184,5
"N00002859",289,78,20,58,211,191,20
"N00002860",180,54,12,42,126,112,14
"N00002861",214,59,9,50,155,147,8
"N00002862",133,29,5,24,104,93,11
"N00002863",167,42,10,32,125,103,22
"N00002864",170,45,12,33,125,105,20
"N00002865",293,90,22,68,203,168,35
"N00002866",231,71,19,52,160,120,40
"N00002867",265,83,24,59,182,148,34
"N00002868",191,48,14,34,143,122,21
"N00002869",177,50,11,39,127,112,15
"N00002870",223,59,15,44,164,142,22
"N00002871",337,100,30,70,237,212,25
"N00002872",117,35,7,28,82,78,4
"N00002873",114,35,11,24,79,72,7
"N00002874",110,31,7,24,79,73,6
"N00002875",502,130,42,88,372,299,73
"N00002876",273,64,16,48,209,159,50
"N00002877",119,26,6,20,93,86,7
"N00002878",78,16,3,13,62,53,9
"N00002879",206,46,10,36,160,128,32
"N00002880",206,54,13,41,152,119,33
"N00002881",271,68,18,50,203,164,39
"N00002882",180,54,21,33,126,99,27
"N00002883",200,60,8,52,140,122,18
"N00002884",242,75,22,53,167,142,25
"N00002885",273,73,11,62,200,184,16
"N00002886",444,92,18,74,352,313,39
"N00002887",323,79,22,57,244,205,39
"N00002888",199,55,12,43,144,119,25
"N00002889",136,38,8,30,98,82,16
"N00002890",184,49,12,37,135,98,37
"N00002891",325,76,15,61,249,209,40
"N00002892",238,61,20,41,177,142,35
"N00002893",124,20,4,16,104,87,17
"N00002894",154,40,13,27,114,95,19
"N00002895",234,68,16,52,166,133,33
"N00002896",150,48,17,31,102,66,36
"N00002897",449,121,25,96,328,274,54
"N00002898",151,35,12,23,116,92,24
"N00002899",136,42,9,33,94,81,13
"N00002900",131,35,9,26,96,87,9
"N00002901",106,32,6,26,74,64,10
"N00002902",132,32,12,20,100,96,4
"N00002903",338,82,20,62,256,239,17
"N00002904",187,53,20,33,134,119,15
"N00002905",175,54,13,41,121,103,18
"N00002906",170,51,13,38,119,103,16
"N00002907",272,74,23,51,198,174,24
"N00002908",176,59,20,39,117,101,16
"N00002909",266,69,21,48,197,166,31
"N00002910",308,97,30,67,211,176,35
"N00002911",330,90,24,66,240,202,38
"N00002912",164,43,14,29,121,88,33
"N00002913",146,37,10,27,109,93,16
"N00002914",621,167,51,116,454,362,92
"N00002915",87,21,2,19,66,52,14
"N00002916",221,65,19,46,156,114,42
"N00002917",124,32,12,20,92,72,20
"N00002918",158,48,17,31,110,85,25
"N00002919",171,47,12,35,124,105,19
"N00002920",132,31,8,23,101,91,10
"N00002921",151,33,6,27,118,83,35
"N00002922",204,61,13,48,143,112,31
"N00002923",154,46,13,33,108,85,23
"N00002924",142,35,9,26,107,94,13
"N00002925",140,32,11,21,108,83,25
"N00002926",134,36,15,21,98,83,15
"N00002927",174,59,19,40,115,89,26
"N00002928",162,44,10,34,118,94,24
"N00002929",311,83,29,54,228,179,49
"N00002930",187,50,18,32,137,108,29
"N00002931",310,89,22,67,221,192,29
"N00002932",167,46,12,34,121,91,30
"N00002933",259,93,33,60,166,134,32
"N00002934",191,50,10,40,141,121,20
"N00002935",196,54,20,34,142,111,31
"N00002936",192,49,14,35,143,116,27
"N00002937",207,70,16,54,137,113,24
"N00002938",211,52,20,32,159,110,49
"N00002939",202,49,19,30,153,108,45
"N00002940",175,47,14,33,128,104,24
"N00002941",124,30,10,20,94,78,16
"N00002942",189,48,15,33,141,98,43
"N00002943",169,49,13,36,120,110,10
"N00002944",283,58,13,45,225,211,14
"N00002945",168,50,9,41,118,106,12
"N00002946",118,46,5,41,72,65,7
"N00002947",149,33,9,24,116,106,10
"N00002948",186,59,22,37,127,113,14
"N00002949",183,49,18,31,134,114,20
"N00002950",197,45,11,34,152,130,22
"N00002951",110,24,6,18,86,74,12
"N00002952",162,50,11,39,112,98,14
"N00002953",107,31,5,26,76,61,15
"N00002954",300,76,22,54,224,170,54
"N00002955",223,51,14,37,172,125,47
"N00002956",173,50,10,40,123,93,30
"N00002957",131,35,14,21,96,84,12
"N00002958",209,60,20,40,149,121,28
"N00002959",255,73,20,53,182,161,21
"N00002960",192,30,11,19,162,131,31
"N00002961",168,33,13,20,135,98,37
"N00002962",176,39,8,31,137,118,19
"N00002963",177,44,18,26,133,114,19
"N00002964",170,47,16,31,123,93,30
"N00002965",155,43,7,36,112,90,22
"N00002966",257,61,17,44,196,166,30
"N00002967",103,34,9,25,69,64,5
"N00002968",117,37,5,32,80,73,7
"N00002969",72,20,6,14,52,49,3
"N00002970",91,25,3,22,66,63,3
"N00002971",120,39,11,28,81,68,13
"N00002972",99,36,15,21,63,56,7
"N00002973",184,40,9,31,144,109,35
"N00002974",139,31,3,28,108,91,17
"N00002975",241,57,18,39,184,148,36
"N00002976",105,32,6,26,73,60,13
"N00002977",156,36,12,24,120,100,20
"N00002978",210,63,24,39,147,129,18
"N00002979",147,56,11,45,91,84,7
"N00002980",176,45,9,36,131,103,28
"N00002981",98,32,7,25,66,56,10
"N00002982",221,61,15,46,160,140,20
"N00002983",140,39,13,26,101,87,14
"N00002984",70,32,12,20,38,34,4
"N00002985",58,28,4,24,30,30,0
"N00002986",148,47,14,33,101,91,10
"N00002987",207,72,16,56,135,114,21
"N00002988",194,45,11,34,149,120,29
"N00002989",221,58,15,43,163,133,30
"N00002990",184,52,13,39,132,102,30
"N00002991",169,38,9,29,131,110,21
"N00002992",216,68,15,53,148,119,29
"N00002993",72,10,2,8,62,56,6
"N00002994",301,67,18,49,234,198,36
"N00002995",292,69,17,52,223,189,34
"N00002996",68,20,4,16,48,46,2
"N00002997",108,29,10,19,79,70,9
"N00002998",93,25,8,17,68,56,12
"N00002999",97,31,5,26,66,62,4
"N00003000",201,70,26,44,131,99,32
"N00003001",112,35,6,29,77,66,11
"N00003002",336,104,37,67,232,200,32
"N00003003",624,162,40,122,462,370,92
"N00003004",114,31,8,23,83,60,23
"N00003005",223,58,18,40,165,139,26
"N00003006",212,69,13,56,143,115,28
"N00003007",239,71,19,52,168,124,44
"N00003008",294,84,21,63,210,174,36
"N00003009",245,74,27,47,171,142,29
"N00003010",189,44,8,36,145,125,20
"N00003011",153,42,11,31,111,98,13
"N00003012",207,60,16,44,147,120,27
"N00003013",182,54,13,41,128,98,30
"N00003014",182,46,18,28,136,108,28
"N00003015",192,40,11,29,152,124,28
"N00003016",138,35,13,22,103,79,24
"N00003017",186,58,12,46,128,101,27
"N00003018",99,25,3,22,74,67,7
"N00003019",196,64,16,48,132,115,17
"N00003020",176,44,12,32,132,111,21
"N00003021",164,43,8,35,121,109,12
"N00003022",99,23,9,14,76,66,10
"N00003023",85,22,5,17,63,56,7
"N00003024",181,39,7,32,142,114,28
"N00003025",159,35,9,26,124,96,28
"N00003026",275,79,17,62,196,150,46
"N00003027",206,42,10,32,164,124,40
"N00003028",233,53,12,41,180,130,50
"N00003029",265,57,15,42,208,167,41
"N00003030",142,40,15,25,102,88,14
"N00003031",234,71,15,56,163,125,38
"N00003032",147,46,9,37,101,73,28
"N00003033",206,56,16,40,150,124,26
"N00003034",73,31,10,21,42,33,9
"N00003035",128,54,21,33,74,63,11
"N00003036",130,30,7,23,100,89,11
"N00003037",149,50,12,38,99,83,16
"N00003038",149,30,5,25,119,89,30
"N00003039",115,38,8,30,77,72,5
"N00003040",189,34,11,23,155,125,30
"N00003041",203,62,14,48,141,131,10
"N00003042",107,30,6,24,77,74,3
"N00003043",86,35,9,26,51,47,4
"N00003044",168,55,13,42,113,99,14
"N00003045",391,86,21,65,305,257,48
"N00003046",186,54,12,42,132,113,19
"N00003047",199,57,15,42,142,114,28
"N00003048",191,50,17,33,141,108,33
"N00003049",143,36,7,29,107,78,29
"N00003050",159,43,10,33,116,97,19
"N00003051",160,43,12,31,117,87,30
"N00003052",119,36,5,31,83,68,15
"N00003053",113,31,8,23,82,68,14
"N00003054",149,33,15,18,116,102,14
"N00003055",171,40,10,30,131,117,14
"N00003056",158,47,12,35,111,93,18
"N00003057",101,42,12,30,59,54,5
"N00003058",137,49,15,34,88,76,12
"N00003059",168,56,20,36,112,98,14
"N00003060",108,41,12,29,67,61,6
"N00003061",226,65,19,46,161,130,31
"N00003062",220,55,15,40,165,122,43
"N00003063",246,60,15,45,186,148,38
"N00003064",185,46,10,36,139,123,16
"N00003065",115,40,13,27,75,62,13
"N00003066",195,57,17,40,138,113,25
"N00003067",125,39,11,28,86,78,8
"N00003068",80,18,4,14,62,55,7
"N00003069",84,24,5,19,60,54,6
"N00003070",93,28,6,22,65,60,5
"N00003071",85,24,10,14,61,57,4
"N00003072",84,26,12,14,58,53,5
"N00003073",213,64,24,40,149,118,31
"N00003074",260,79,22,57,181,144,37
"N00003075",131,38,9,29,93,73,20
"N00003076",259,60,17,43,199,178,21
"N00003077",190,50,19,31,140,124,16
"N00003078",290,84,24,60,206,187,19
"N00003079",112,41,6,35,71,66,5
"N00003080",85,21,3,18,64,59,5
"N00003081",42,17,8,9,25,23,2
"N00003082",85,32,7,25,53,47,6
"N00003083",87,22,5,17,65,60,5
"N00003084",143,47,13,34,96,90,6
"N00003085",104,31,3,28,73,67,6
"N00003086",114,45,13,32,69,62,7
"N00003087",165,52,18,34,113,102,11
"N00003088",33,11,1,10,22,20,2
"N00003089",141,42,12,30,99,96,3
"N00003090",180,50,16,34,130,115,15
"N00003091",232,61,22,39,171,162,9
"N00003092",95,30,6,24,65,58,7
"N00003093",232,51,16,35,181,149,32
"N00003094",122,30,13,17,92,80,12
"N00003095",116,32,7,25,84,76,8
"N00003096",138,41,11,30,97,80,17
"N00003097",274,81,22,59,193,164,29
"N00003098",297,82,17,65,215,191,24
"N00003099",113,29,4,25,84,63,21
"N00003100",157,42,12,30,115,101,14
"N00003101",118,42,8,34,76,70,6
"N00003102",166,41,9,32,125,99,26
"N00003103",127,30,9,21,97,77,20
"N00003104",99,30,7,23,69,58,11
"N00003105",115,29,6,23,86,73,13
"N00003106",65,23,10,13,42,39,3
"N00003107",73,33,8,25,40,38,2
"N00003108",112,32,5,27,80,68,12
"N00003109",151,43,9,34,108,91,17
"N00003110",84,34,8,26,50,44,6
"N00003111",63,16,5,11,47,44,3
"N00003112",108,31,5,26,77,74,3
"N00003113",104,27,4,23,77,71,6
"N00003114",100,25,8,17,75,71,4
"N00003115",92,29,7,22,63,56,7
"N00003116",110,30,10,20,80,75,5
"N00003117",104,35,13,22,69,64,5
"N00003118",46,15,5,10,31,30,1
"N00003119",87,22,8,14,65,58,7
"N00003120",164,47,17,30,117,102,15
"N00003121",143,36,7,29,107,98,9
"N00003122",104,26,8,18,78,72,6
"N00003123",171,33,13,20,138,97,41
"N00003124",141,38,16,22,103,84,19
"N00003125",128,39,13,26,89,74,15
"N00003126",240,59,19,40,181,138,43
"N00003127",214,63,16,47,151,119,32
"N00003128",115,28,8,20,87,76,11
"N00003129",164,39,6,33,125,94,31
"N00003130",160,51,15,36,109,92,17
"N00003131",413,117,34,83,296,223,73
"N00003132",153,42,16,26,111,97,14
"N00003133",174,51,12,39,123,109,14
"N00003134",124,42,15,27,82,73,9
"N00003135",71,18,5,13,53,44,9
"N00003136",180,42,10,32,138,127,11
"N00003137",136,22,8,14,114,99,15
"N00003138",108,32,8,24,76,68,8
"N00003139",208,57,18,39,151,116,35
"N00003140",163,40,8,32,123,94,29
"N00003141",176,36,8,28,140,116,24
"N00003142",460,128,31,97,332,280,52
"N00003143",130,38,5,33,92,89,3
"N00003144",131,29,10,19,102,85,17
"N00003145",718,174,31,143,544,493,51
"N00003146",213,59,13,46,154,142,12
"N00003147",563,129,24,105,434,381,53
"N00003148",171,46,14,32,125,114,11
"N00003149",318,73,20,53,245,216,29
"N00003150",206,56,14,42,150,113,37
"N00003151",110,27,5,22,83,73,10
"N00003152",217,54,18,36,163,127,36
"N00003153",198,48,9,39,150,119,31
"N00003154",188,54,13,41,134,99,35
"N00003155",112,26,9,17,86,78,8
"N00003156",99,27,6,21,72,64,8
"N00003157",101,31,13,18,70,62,8
"N00003158",103,38,12,26,65,61,4
"N00003159",210,67,17,50,143,130,13
"N00003160",78,20,4,16,58,46,12
"N00003161",707,197,55,142,510,458,52
"N00003162",380,110,24,86,270,246,24
"N00003163",217,53,15,38,164,135,29
"N00003164",267,66,18,48,201,177,24
"N00003165",125,41,12,29,84,75,9
"N00003166",253,74,20,54,179,128,51
"N00003167",137,49,13,36,88,75,13
"N00003168",156,50,17,33,106,89,17
"N00003169",109,35,14,21,74,65,9
"N00003170",301,70,13,57,231,215,16
"N00003171",87,37,9,28,50,48,2
"N00003172",70,26,5,21,44,42,2
"N00003173",104,37,8,29,67,60,7
"N00003174",55,19,6,13,36,32,4
"N00003175",97,30,9,21,67,63,4
"N00003176",192,52,10,42,140,122,18
"N00003177",208,53,12,41,155,145,10
"N00003178",128,43,11,32,85,80,5
"N00003179",175,44,14,30,131,116,15
"N00003180",85,27,7,20,58,56,2
"N00003181",127,39,10,29,88,78,10
"N00003182",145,38,15,23,107,97,10
"N00003183",187,58,22,36,129,117,12
"N00003184",112,30,11,19,82,79,3
"N00003185",80,33,7,26,47,42,5
"N00003186",77,33,9,24,44,43,1
"N00003187",118,38,9,29,80,73,7
"N00003188",274,66,11,55,208,170,38
"N00003189",148,41,12,29,107,88,19
"N00003190",189,57,14,43,132,106,26
"N00003191",109,29,8,21,80,72,8
"N00003192",147,40,14,26,107,93,14
"N00003193",161,55,21,34,106,83,23
"N00003194",167,45,13,32,122,101,21
"N00003195",220,60,11,49,160,135,25
"N00003196",198,54,11,43,144,131,13
"N00003197",173,50,16,34,123,104,19
"N00003198",146,45,8,37,101,94,7
"N00003199",227,60,19,41,167,140,27
"N00003200",182,41,15,26,141,114,27
"N00003201",187,58,12,46,129,104,25
"N00003202",178,46,15,31,132,119,13
"N00003203",147,47,13,34,100,88,12
"N00003204",186,47,12,35,139,130,9
"N00003205",214,52,13,39,162,142,20
"N00003206",142,39,12,27,103,84,19
"N00003207",184,41,8,33,143,121,22
"N00003208",168,43,15,28,125,116,9
"N00003209",655,139,36,103,516,479,37
"N00003210",99,29,11,18,70,67,3
"N00003211",77,28,12,16,49,44,5
"N00003212",91,32,13,19,59,52,7
"N00003213",61,19,6,13,42,40,2
"N00003214",45,14,3,11,31,24,7
"N00003215",79,23,6,17,56,53,3
"N00003216",163,41,9,32,122,107,15
"N00003217",133,44,9,35,89,73,16
"N00003218",195,55,8,47,140,109,31
"N00003219",190,53,12,41,137,99,38
"N00003220",152,41,14,27,111,102,9
"N00003221",127,36,11,25,91,84,7
"N00003222",148,44,12,32,104,93,11
"N00003223",98,41,13,28,57,56,1
"N00003224",95,27,3,24,68,60,8
"N00003225",108,21,6,15,87,76,11
"N00003226",95,30,8,22,65,52,13
"N00003227",82,20,11,9,62,57,5
"N00003228",124,23,6,17,101,91,10
"N00003229",58,27,9,18,31,30,1
"N00003230",62,25,10,15,37,34,3
"N00003231",40,14,6,8,26,20,6
"N00003232",219,65,19,46,154,119,35
"N00003233",136,34,9,25,102,89,13
"N00003234",225,56,16,40,169,143,26
"N00003235",217,45,12,33,172,141,31
"N00003236",157,49,17,32,108,99,9
"N00003237",370,96,22,74,274,224,50
"N00003238",271,76,29,47,195,167,28
"N00003239",199,41,9,32,158,114,44
"N00003240",274,80,20,60,194,141,53
"N00003241",200,54,16,38,146,106,40
"N00003242",164,36,12,24,128,99,29
"N00003243",230,60,17,43,170,136,34
"N00003244",177,55,17,38,122,102,20
"N00003245",243,69,19,50,174,128,46
"N00003246",401,82,19,63,319,275,44
"N00003247",436,102,33,69,334,281,53
"N00003248",179,54,16,38,125,106,19
"N00003249",221,51,13,38,170,150,20
"N00003250",135,41,16,25,94,81,13
"N00003251",140,50,16,34,90,84,6
"N00003252",110,46,7,39,64,60,4
"N00003253",142,44,9,35,98,86,12
"N00003254",91,21,8,13,70,59,11
"N00003255",142,54,14,40,88,79,9
"N00003256",169,48,15,33,121,108,13
"N00003257",197,67,23,44,130,115,15
"N00003258",316,78,25,53,238,200,38
"N00003259",160,50,12,38,110,100,10
"N00003260",190,50,18,32,140,122,18
"N00003261",248,89,32,57,159,139,20
"N00003262",173,45,13,32,128,88,40
"N00003263",200,52,15,37,148,109,39
"N00003264",199,63,22,41,136,103,33
"N00003265",193,58,19,39,135,93,42
"N00003266",176,54,29,25,122,84,38
"N00003267",215,72,25,47,143,106,37
"N00003268",180,53,15,38,127,94,33
"N00003269",175,50,16,34,125,102,23
"N00003270",176,59,25,34,117,78,39
"N00003271",202,82,16,66,120,110,10
"N00003272",260,68,16,52,192,169,23
"N00003273",474,119,28,91,355,316,39
"N00003274",119,35,10,25,84,78,6
"N00003275",100,36,8,28,64,58,6
"N00003276",355,62,16,46,293,261,32
"N00003277",267,62,15,47,205,178,27
"N00003278",216,71,16,55,145,128,17
"N00003279",109,42,9,33,67,62,5
"N00003280",492,130,43,87,362,302,60
"N00003281",146,49,18,31,97,82,15
"N00003282",1209,300,81,219,909,819,90
"N00003283",108,27,7,20,81,67,14
"N00003284",141,41,17,24,100,92,8
"N00003285",116,31,9,22,85,80,5
"N00003286",129,36,12,24,93,88,5
"N00003287",108,32,9,23,76,69,7
"N00003288",135,42,11,31,93,87,6
"N00003289",157,43,16,27,114,101,13
"N00003290",243,74,23,51,169,141,28
"N00003291",386,86,33,53,300,229,71
"N00003292",167,39,12,27,128,112,16
"N00003293",133,38,15,23,95,73,22
"N00003294",99,48,10,38,51,45,6
"N00003295",230,109,19,90,121,115,6
"N00003296",89,34,6,28,55,48,7
"N00003297",100,47,20,27,53,52,1
"N00003298",127,66,20,46,61,58,3
"N00003299",150,80,24,56,70,67,3
"N00003300",57,25,6,19,32,25,7
"N00003301",104,36,10,26,68,60,8
"N00003302",140,63,21,42,77,66,11
"N00003303",115,55,14,41,60,54,6
"N00003304",89,40,6,34,49,47,2
"N00003305",110,48,14,34,62,56,6
"N00003306",276,117,32,85,159,147,12
"N00003307",292,73,17,56,219,197,22
"N00003308",1307,461,80,381,846,774,72
"N00003309",130,47,7,40,83,75,8
"N00003310",123,49,14,35,74,70,4
"N00003311",576,231,34,197,345,312,33
"N00003312",201,73,18,55,128,123,5
"N00003313",630,119,21,98,511,449,62
"N00003314",412,111,37,74,301,274,27
"N00003315",95,23,7,16,72,65,7
"N00003316",180,55,12,43,125,113,12
"N00003317",159,45,7,38,114,91,23
"N00003318",501,149,41,108,352,278,74
"N00003319",168,41,12,29,127,109,18
"N00003320",141,38,10,28,103,87,16
"N00003321",207,52,13,39,155,124,31
"N00003322",190,48,25,23,142,113,29
"N00003323",212,67,21,46,145,117,28
"N00003324",171,38,10,28,133,112,21
"N00003325",216,55,13,42,161,137,24
"N00003326",308,82,12,70,226,192,34
"N00003327",188,45,17,28,143,111,32
"N00003328",138,24,2,22,114,94,20
"N00003329",162,33,9,24,129,97,32
"N00003330",159,49,18,31,110,91,19
"N00003331",206,51,24,27,155,116,39
"N00003332",190,57,20,37,133,89,44
"N00003333",138,40,16,24,98,70,28
"N00003334",158,46,15,31,112,88,24
"N00003335",112,29,4,25,83,72,11
"N00003336",224,65,15,50,159,116,43
"N00003337",188,51,13,38,137,126,11
"N00003338",138,30,3,27,108,99,9
"N00003339",211,44,14,30,167,139,28
"N00003340",101,24,4,20,77,69,8
"N00003341",132,44,11,33,88,75,13
"N00003342",188,56,18,38,132,118,14
"N00003343",133,47,7,40,86,76,10
"N00003344",141,25,9,16,116,101,15
"N00003345",195,65,16,49,130,120,10
"N00003346",275,94,38,56,181,168,13
"N00003347",259,64,26,38,195,178,17
"N00003348",298,88,37,51,210,175,35
"N00003349",510,134,29,105,376,323,53
"N00003350",293,82,22,60,211,172,39
"N00003351",189,58,15,43,131,108,23
"N00003352",215,62,13,49,153,130,23
"N00003353",188,49,9,40,139,120,19
"N00003354",245,86,27,59,159,134,25
"N00003355",251,84,34,50,167,135,32
"N00003356",334,72,22,50,262,228,34
"N00003357",186,64,29,35,122,96,26
"N00003358",242,59,22,37,183,143,40
"N00003359",200,60,16,44,140,100,40
"N00003360",97,24,1,23,73,66,7
"N00003361",106,27,8,19,79,72,7
"N00003362",159,47,7,40,112,93,19
"N00003363",318,103,30,73,215,194,21
"N00003364",161,48,9,39,113,91,22
"N00003365",220,76,30,46,144,115,29
"N00003366",158,37,15,22,121,110,11
"N00003367",170,38,11,27,132,115,17
"N00003368",148,38,6,32,110,94,16
"N00003369",152,37,10,27,115,108,7
"N00003370",116,35,5,30,81,70,11
"N00003371",150,33,10,23,117,106,11
"N00003372",151,43,9,34,108,96,12
"N00003373",132,39,12,27,93,87,6
"N00003374",103,27,7,20,76,69,7
"N00003375",114,27,7,20,87,83,4
"N00003376",143,46,15,31,97,85,12
"N00003377",102,22,7,15,80,73,7
"N00003378",106,33,7,26,73,66,7
"N00003379",118,36,6,30,82,75,7
"N00003380",117,39,14,25,78,73,5
"N00003381",104,38,14,24,66,59,7
"N00003382",97,22,4,18,75,60,15
"N00003383",95,24,4,20,71,62,9
"N00003384",214,64,17,47,150,127,23
"N00003385",222,62,19,43,160,127,33
"N00003386",157,34,9,25,123,107,16
"N00003387",151,48,17,31,103,79,24
"N00003388",150,42,13,29,108,89,19
"N00003389",191,60,18,42,131,113,18
"N00003390",168,42,10,32,126,105,21
"N00003391",180,35,12,23,145,127,18
"N00003392",205,60,14,46,145,103,42
"N00003393",193,53,19,34,140,113,27
"N00003394",192,54,19,35,138,108,30
"N00003395",133,35,8,27,98,78,20
"N00003396",211,65,29,36,146,108,38
"N00003397",103,35,8,27,68,62,6
"N00003398",198,58,13,45,140,134,6
"N00003399",179,65,20,45,114,108,6
"N00003400",209,50,11,39,159,138,21
"N00003401",184,58,25,33,126,110,16
"N00003402",107,50,10,40,57,52,5
"N00003403",71,27,7,20,44,41,3
"N00003404",73,28,5,23,45,45,0
"N00003405",106,41,11,30,65,61,4
"N00003406",140,37,9,28,103,98,5
"N00003407",299,59,5,54,240,210,30
"N00003408",243,38,11,27,205,174,31
"N00003409",175,37,9,28,138,132,6
"N00003410",352,112,29,83,240,218,22
"N00003411",156,43,10,33,113,103,10
"N00003412",121,42,7,35,79,73,6
"N00003413",141,42,9,33,99,93,6
"N00003414",172,37,10,27,135,109,26
"N00003415",142,44,7,37,98,91,7
"N00003416",128,47,9,38,81,75,6
"N00003417",87,29,10,19,58,53,5
"N00003418",102,30,6,24,72,66,6
"N00003419",145,44,9,35,101,94,7
"N00003420",121,50,10,40,71,65,6
"N00003421",122,35,10,25,87,82,5
"N00003422",209,55,13,42,154,134,20
"N00003423",200,49,13,36,151,141,10
"N00003424",140,43,12,31,97,88,9
"N00003425",75,20,2,18,55,51,4
"N00003426",360,101,26,75,259,218,41
"N00003427",164,46,13,33,118,104,14
"N00003428",166,39,8,31,127,114,13
"N00003429",111,31,8,23,80,76,4
"N00003430",116,37,14,23,79,68,11
"N00003431",119,38,10,28,81,77,4
"N00003432",163,34,9,25,129,112,17
"N00003433",130,43,8,35,87,81,6
"N00003434",127,32,5,27,95,76,19
"N00003435",78,21,5,16,57,42,15
"N00003436",174,56,14,42,118,108,10
"N00003437",150,53,11,42,97,83,14
"N00003438",190,61,12,49,129,119,10
"N00003439",94,26,7,19,68,61,7
"N00003440",117,36,8,28,81,70,11
"N00003441",177,55,9,46,122,113,9
"N00003442",84,31,4,27,53,49,4
"N00003443",412,93,11,82,319,287,32
"N00003444",227,68,24,44,159,126,33
"N00003445",284,69,16,53,215,189,26
"N00003446",228,74,19,55,154,136,18
"N00003447",129,23,6,17,106,93,13
"N00003448",281,63,24,39,218,171,47
"N00003449",193,48,16,32,145,107,38
"N00003450",175,57,18,39,118,89,29
"N00003451",361,94,23,71,267,223,44
"N00003452",231,71,20,51,160,130,30
"N00003453",177,34,12,22,143,109,34
"N00003454",138,44,11,33,94,87,7
"N00003455",148,44,17,27,104,95,9
"N00003456",150,25,4,21,125,94,31
"N00003457",134,40,14,26,94,84,10
"N00003458",161,47,20,27,114,100,14
"N00003459",94,21,3,18,73,67,6
"N00003460",202,58,10,48,144,131,13
"N00003461",110,38,18,20,72,63,9
"N00003462",191,57,23,34,134,114,20
"N00003463",236,52,14,38,184,141,43
"N00003464",197,47,16,31,150,117,33
"N00003465",116,38,12,26,78,72,6
"N00003466",155,35,8,27,120,103,17
"N00003467",206,46,14,32,160,126,34
"N00003468",168,24,10,14,144,126,18
"N00003469",199,37,9,28,162,143,19
"N00003470",165,60,22,38,105,90,15
"N00003471",123,43,14,29,80,74,6
"N00003472",166,33,12,21,133,115,18
"N00003473",173,48,13,35,125,104,21
"N00003474",206,58,17,41,148,123,25
"N00003475",596,150,43,107,446,346,100
"N00003476",407,103,34,69,304,248,56
"N00003477",243,61,9,52,182,149,33
"N00003478",412,122,35,87,290,246,44
"N00003479",427,98,22,76,329,268,61
"N00003480",90,21,4,17,69,58,11
"N00003481",91,18,3,15,73,61,12
"N00003482",118,25,6,19,93,83,10
"N00003483",131,40,7,33,91,87,4
"N00003484",115,36,13,23,79,72,7
"N00003485",104,35,11,24,69,65,4
"N00003486",125,56,9,47,69,68,1
"N00003487",123,44,6,38,79,74,5
"N00003488",81,25,2,23,56,52,4
"N00003489",217,94,29,65,123,108,15
"N00003490",56,29,7,22,27,26,1
"N00003491",199,89,14,75,110,104,6
"N00003492",143,61,17,44,82,75,7
"N00003493",238,103,21,82,135,123,12
"N00003494",351,141,38,103,210,198,12
"N00003495",192,72,22,50,120,113,7
"N00003496",245,95,21,74,150,141,9
"N00003497",140,47,17,30,93,88,5
"N00003498",111,28,8,20,83,70,13
"N00003499",99,29,8,21,70,67,3
"N00003500",142,34,11,23,108,100,8
"N00003501",134,46,14,32,88,81,7
"N00003502",76,22,11,11,54,47,7
"N00003503",148,45,11,34,103,88,15
"N00003504",155,58,18,40,97,92,5
"N00003505",88,29,6,23,59,57,2
"N00003506",173,57,14,43,116,110,6
"N00003507",96,31,9,22,65,62,3
"N00003508",136,47,11,36,89,82,7
"N00003509",129,41,7,34,88,85,3
"N00003510",134,40,9,31,94,84,10
"N00003511",103,37,8,29,66,61,5
"N00003512",118,28,10,18,90,87,3
"N00003513",212,60,13,47,152,138,14
"N00003514",203,83,20,63,120,113,7
"N00003515",71,24,2,22,47,44,3
"N00003516",103,36,7,29,67,62,5
"N00003517",147,59,12,47,88,87,1
"N00003518",93,38,5,33,55,49,6
"N00003519",52,18,4,14,34,29,5
"N00003520",98,29,8,21,69,61,8
"N00003521",528,57,23,34,471,245,226
"N00003522",176,51,20,31,125,101,24
"N00003523",170,55,13,42,115,86,29
"N00003524",558,169,60,109,389,300,89
"N00003525",162,51,14,37,111,95,16
"N00003526",127,34,9,25,93,80,13
"N00003527",242,64,15,49,178,156,22
"N00003528",424,110,33,77,314,253,61
"N00003529",216,61,24,37,155,143,12
"N00003530",206,52,9,43,154,132,22
"N00003531",193,57,21,36,136,109,27
"N00003532",208,58,16,42,150,121,29
"N00003533",263,46,11,35,217,196,21
"N00003534",123,31,7,24,92,80,12
"N00003535",224,59,18,41,165,130,35
"N00003536",231,58,13,45,173,147,26
"N00003537",112,38,8,30,74,64,10
"N00003538",217,48,9,39,169,148,21
"N00003539",174,36,10,26,138,133,5
"N00003540",112,30,8,22,82,75,7
"N00003541",109,29,10,19,80,63,17
"N00003542",83,28,9,19,55,53,2
"N00003543",273,62,18,44,211,179,32
"N00003544",173,54,13,41,119,106,13
"N00003545",204,46,22,24,158,131,27
"N00003546",152,37,9,28,115,96,19
"N00003547",328,74,19,55,254,219,35
"N00003548",705,175,50,125,530,459,71
"N00003549",233,49,18,31,184,142,42
"N00003550",236,56,19,37,180,145,35
"N00003551",217,53,19,34,164,131,33
"N00003552",196,51,15,36,145,123,22
"N00003553",189,48,16,32,141,124,17
"N00003554",80,35,12,23,45,39,6
"N00003555",133,40,18,22,93,78,15
"N00003556",266,88,28,60,178,157,21
"N00003557",89,17,2,15,72,61,11
"N00003558",208,52,16,36,156,129,27
"N00003559",240,57,13,44,183,153,30
"N00003560",247,48,15,33,199,174,25
"N00003561",233,50,13,37,183,155,28
"N00003562",205,37,11,26,168,149,19
"N00003563",235,71,26,45,164,140,24
"N00003564",190,49,16,33,141,114,27
"N00003565",214,66,22,44,148,118,30
"N00003566",234,55,10,45,179,146,33
"N00003567",246,58,11,47,188,158,30
"N00003568",206,55,18,37,151,118,33
"N00003569",258,74,23,51,184,152,32
"N00003570",260,58,10,48,202,169,33
"N00003571",137,38,14,24,99,84,15
"N00003572",230,59,14,45,171,128,43
"N00003573",227,77,24,53,150,127,23
"N00003574",211,57,19,38,154,114,40
"N00003575",243,55,16,39,188,167,21
"N00003576",244,71,18,53,173,134,39
"N00003577",174,40,11,29,134,114,20
"N00003578",256,54,22,32,202,170,32
"N00003579",233,62,19,43,171,143,28
"N00003580",193,64,19,45,129,106,23
"N00003581",326,86,25,61,240,218,22
"N00003582",253,60,15,45,193,170,23
"N00003583",276,58,20,38,218,187,31
"N00003584",103,33,19,14,70,67,3
"N00003585",118,33,9,24,85,74,11
"N00003586",111,27,8,19,84,81,3
"N00003587",239,53,14,39,186,162,24
"N00003588",265,67,18,49,198,175,23
"N00003589",227,64,16,48,163,137,26
"N00003590",291,68,23,45,223,188,35
"N00003591",237,45,11,34,192,160,32
"N00003592",187,47,14,33,140,117,23
"N00003593",248,78,19,59,170,140,30
"N00003594",412,99,25,74,313,252,61
"N00003595",168,45,11,34,123,102,21
"N00003596",117,26,6,20,91,69,22
"N00003597",221,49,8,41,172,131,41
"N00003598",198,30,6,24,168,156,12
"N00003599",195,56,21,35,139,118,21
"N00003600",160,55,16,39,105,99,6
"N00003601",179,46,8,38,133,118,15
"N00003602",178,58,19,39,120,104,16
"N00003603",152,37,12,25,115,102,13
"N00003604",112,29,9,20,83,79,4
"N00003605",94,22,6,16,72,58,14
"N00003606",199,50,9,41,149,137,12
"N00003607",234,48,14,34,186,165,21
"N00003608",217,55,9,46,162,143,19
"N00003609",111,39,14,25,72,61,11
"N00003610",112,48,18,30,64,57,7
"N00003611",95,26,5,21,69,63,6
"N00003612",211,39,13,26,172,148,24
"N00003613",198,45,9,36,153,120,33
"N00003614",200,53,15,38,147,109,38
"N00003615",151,39,7,32,112,88,24
"N00003616",143,33,8,25,110,87,23
"N00003617",124,34,15,19,90,78,12
"N00003618",202,52,12,40,150,121,29
"N00003619",198,49,15,34,149,130,19
"N00003620",228,55,20,35,173,159,14
"N00003621",186,45,11,34,141,120,21
"N00003622",254,63,16,47,191,166,25
"N00003623",118,25,7,18,93,81,12
"N00003624",309,83,21,62,226,188,38
"N00003625",157,49,14,35,108,89,19
"N00003626",179,53,17,36,126,88,38
"N00003627",113,46,12,34,67,64,3
"N00003628",123,41,8,33,82,73,9
"N00003629",92,26,11,15,66,49,17
"N00003630",244,71,27,44,173,128,45
"N00003631",65,18,5,13,47,36,11
"N00003632",126,30,5,25,96,70,26
"N00003633",57,21,7,14,36,33,3
"N00003634",121,36,7,29,85,70,15
"N00003635",139,33,9,24,106,81,25
"N00003636",162,41,15,26,121,100,21
"N00003637",150,32,10,22,118,99,19
"N00003638",189,63,19,44,126,106,20
"N00003639",148,34,12,22,114,92,22
"N00003640",120,53,12,41,67,61,6
"N00003641",232,57,23,34,175,125,50
"N00003642",163,47,13,34,116,83,33
"N00003643",185,43,16,27,142,133,9
"N00003644",132,32,11,21,100,85,15
"N00003645",199,50,17,33,149,133,16
"N00003646",233,72,26,46,161,137,24
"N00003647",282,82,23,59,200,167,33
"N00003648",187,51,15,36,136,106,30
"N00003649",237,66,26,40,171,137,34
"N00003650",163,43,11,32,120,88,32
"N00003651",125,35,11,24,90,75,15
"N00003652",299,89,22,67,210,164,46
"N00003653",159,37,8,29,122,94,28
"N00003654",82,23,4,19,59,56,3
"N00003655",58,16,4,12,42,37,5
"N00003656",211,64,10,54,147,133,14
"N00003657",151,59,17,42,92,87,5
"N00003658",244,76,18,58,168,119,49
"N00003659",150,43,12,31,107,88,19
"N00003660",157,37,5,32,120,106,14
"N00003661",119,37,13,24,82,75,7
"N00003662",65,17,3,14,48,43,5
"N00003663",98,36,14,22,62,56,6
"N00003664",206,69,8,61,137,109,28
"N00003665",191,54,12,42,137,106,31
"N00003666",199,52,11,41,147,119,28
"N00003667",193,55,18,37,138,118,20
"N00003668",190,56,16,40,134,116,18
"N00003669",188,55,16,39,133,113,20
"N00003670",188,55,18,37,133,114,19
"N00003671",98,23,4,19,75,70,5
"N00003672",130,40,12,28,90,83,7
"N00003673",94,23,6,17,71,56,15
"N00003674",205,56,18,38,149,126,23
"N00003675",137,33,11,22,104,83,21
"N00003676",98,31,7,24,67,60,7
"N00003677",94,37,7,30,57,55,2
"N00003678",130,49,13,36,81,72,9
"N00003679",118,36,10,26,82,78,4
"N00003680",75,22,8,14,53,46,7
"N00003681",173,43,7,36,130,115,15
"N00003682",46,8,4,4,38,33,5
"N00003683",130,41,13,28,89,80,9
"N00003684",109,41,15,26,68,63,5
"N00003685",142,47,16,31,95,88,7
"N00003686",120,44,11,33,76,66,10
"N00003687",198,61,27,34,137,114,23
"N00003688",137,43,14,29,94,81,13
"N00003689",88,26,10,16,62,51,11
"N00003690",243,46,11,35,197,157,40
"N00003691",205,62,26,36,143,119,24
"N00003692",187,50,15,35,137,110,27
"N00003693",172,49,18,31,123,103,20
"N00003694",238,65,26,39,173,134,39
"N00003695",180,44,13,31,136,104,32
"N00003696",175,42,10,32,133,98,35
"N00003697",203,63,16,47,140,118,22
"N00003698",289,78,22,56,211,170,41
"N00003699",154,44,18,26,110,100,10
"N00003700",183,64,24,40,119,104,15
"N00003701",303,96,30,66,207,173,34
"N00003702",369,90,27,63,279,223,56
"N00003703",299,86,28,58,213,177,36
"N00003704",206,64,18,46,142,122,20
"N00003705",189,62,15,47,127,108,19
"N00003706",202,46,12,34,156,129,27
"N00003707",247,81,27,54,166,139,27
"N00003708",202,61,26,35,141,118,23
"N00003709",153,46,19,27,107,99,8
"N00003710",173,53,14,39,120,113,7
"N00003711",229,64,19,45,165,138,27
"N00003712",155,42,6,36,113,102,11
"N00003713",153,49,18,31,104,91,13
"N00003714",116,47,16,31,69,62,7
"N00003715",101,31,10,21,70,61,9
"N00003716",133,40,10,30,93,83,10
"N00003717",118,23,4,19,95,83,12
"N00003718",611,183,49,134,428,365,63
"N00003719",219,57,19,38,162,138,24
"N00003720",207,66,19,47,141,124,17
"N00003721",222,65,20,45,157,122,35
"N00003722",186,56,15,41,130,105,25
"N00003723",160,47,12,35,113,98,15
"N00003724",157,49,11,38,108,96,12
"N00003725",86,27,12,15,59,48,11
"N00003726",177,73,23,50,104,75,29
"N00003727",95,34,8,26,61,57,4
"N00003728",129,40,16,24,89,74,15
"N00003729",165,56,14,42,109,98,11
"N00003730",187,49,17,32,138,113,25
"N00003731",161,45,9,36,116,84,32
"N00003732",201,72,20,52,129,113,16
"N00003733",101,40,13,27,61,59,2
"N00003734",150,57,18,39,93,90,3
"N00003735",96,40,5,35,56,50,6
"N00003736",132,43,15,28,89,85,4
"N00003737",164,56,15,41,108,100,8
"N00003738",110,28,3,25,82,72,10
"N00003739",194,59,15,44,135,121,14
"N00003740",105,40,8,32,65,57,8
"N00003741",96,24,6,18,72,63,9
"N00003742",121,37,11,26,84,77,7
"N00003743",263,90,27,63,173,154,19
"N00003744",173,74,22,52,99,94,5
"N00003745",203,53,18,35,150,121,29
"N00003746",154,40,10,30,114,101,13
"N00003747",136,28,11,17,108,92,16
"N00003748",183,57,23,34,126,109,17
"N00003749",247,68,17,51,179,161,18
"N00003750",247,82,25,57,165,141,24
"N00003751",268,65,20,45,203,171,32
"N00003752",200,55,14,41,145,122,23
"N00003753",203,70,16,54,133,119,14
"N00003754",158,62,16,46,96,81,15
"N00003755",218,51,18,33,167,140,27
"N00003756",79,34,16,18,45,42,3
"N00003757",148,61,16,45,87,78,9
"N00003758",261,63,19,44,198,184,14
"N00003759",126,38,15,23,88,80,8
"N00003760",104,35,7,28,69,58,11
"N00003761",175,49,18,31,126,110,16
"N00003762",252,78,31,47,174,133,41
"N00003763",227,63,22,41,164,126,38
"N00003764",281,101,28,73,180,150,30
"N00003765",186,53,18,35,133,104,29
"N00003766",238,67,25,42,171,137,34
"N00003767",227,68,22,46,159,128,31
"N00003768",312,70,17,53,242,188,54
"N00003769",155,33,6,27,122,105,17
"N00003770",197,57,11,46,140,127,13
"N00003771",211,55,13,42,156,135,21
"N00003772",52,17,6,11,35,31,4
"N00003773",135,34,5,29,101,94,7
"N00003774",168,45,17,28,123,110,13
"N00003775",266,67,21,46,199,161,38
"N00003776",137,43,8,35,94,87,7
"N00003777",97,25,9,16,72,68,4
"N00003778",143,38,10,28,105,84,21
"N00003779",101,41,7,34,60,57,3
"N00003780",179,76,24,52,103,92,11
"N00003781",183,56,18,38,127,110,17
"N00003782",282,62,25,37,220,199,21
"N00003783",130,35,8,27,95,88,7
"N00003784",211,69,20,49,142,120,22
"N00003785",261,90,27,63,171,143,28
"N00003786",242,76,22,54,166,144,22
"N00003787",184,54,21,33,130,111,19
"N00003788",139,39,5,34,100,87,13
"N00003789",190,62,25,37,128,91,37
"N00003790",130,38,10,28,92,87,5
"N00003791",306,96,31,65,210,179,31
"N00003792",123,44,11,33,79,72,7
"N00003793",319,107,32,75,212,182,30
"N00003794",135,43,13,30,92,77,15
"N00003795",230,62,18,44,168,145,23
"N00003796",282,89,30,59,193,162,31
"N00003797",193,65,23,42,128,106,22
"N00003798",181,77,24,53,104,91,13
"N00003799",166,37,11,26,129,110,19
"N00003800",220,54,14,40,166,133,33
"N00003801",191,58,19,39,133,102,31
"N00003802",131,37,9,28,94,71,23
"N00003803",190,43,7,36,147,118,29
"N00003804",206,54,18,36,152,124,28
"N00003805",122,32,14,18,90,68,22
"N00003806",144,44,10,34,100,83,17
"N00003807",90,28,3,25,62,51,11
"N00003808",153,40,14,26,113,91,22
"N00003809",151,48,16,32,103,77,26
"N00003810",70,16,6,10,54,41,13
"N00003811",164,40,16,24,124,104,20
"N00003812",126,31,13,18,95,80,15
"N00003813",146,32,13,19,114,94,20
"N00003814",149,37,7,30,112,94,18
"N00003815",236,65,11,54,171,150,21
"N00003816",125,41,13,28,84,74,10
"N00003817",222,62,23,39,160,122,38
"N00003818",204,51,19,32,153,121,32
"N00003819",175,45,13,32,130,87,43
"N00003820",262,70,19,51,192,158,34
"N00003821",192,60,18,42,132,101,31
"N00003822",251,57,23,34,194,156,38
"N00003823",290,81,19,62,209,154,55
"N00003824",345,99,22,77,246,183,63
"N00003825",414,129,43,86,285,257,28
"N00003826",319,103,31,72,216,178,38
"N00003827",483,139,37,102,344,273,71
"N00003828",225,65,17,48,160,138,22
"N00003829",215,78,22,56,137,102,35
"N00003830",223,63,16,47,160,127,33
"N00003831",118,29,4,25,89,76,13
"N00003832",228,75,13,62,153,129,24
"N00003833",155,53,16,37,102,89,13
"N00003834",137,40,7,33,97,84,13
"N00003835",196,53,16,37,143,126,17
"N00003836",162,48,9,39,114,98,16
"N00003837",145,48,13,35,97,84,13
"N00003838",179,41,19,22,138,110,28
"N00003839",175,51,19,32,124,103,21
"N00003840",195,47,14,33,148,123,25
"N00003841",108,31,11,20,77,63,14
"N00003842",174,41,13,28,133,101,32
"N00003843",123,30,13,17,93,73,20
"N00003844",238,59,24,35,179,130,49
"N00003845",142,52,16,36,90,76,14
"N00003846",218,67,17,50,151,138,13
"N00003847",91,25,9,16,66,56,10
"N00003848",124,46,14,32,78,72,6
"N00003849",216,77,16,61,139,108,31
"N00003850",156,51,14,37,105,86,19
"N00003851",164,53,10,43,111,97,14
"N00003852",107,33,6,27,74,64,10
"N00003853",196,61,14,47,135,112,23
"N00003854",191,47,13,34,144,128,16
"N00003855",194,47,12,35,147,116,31
"N00003856",187,51,7,44,136,108,28
"N00003857",252,68,15,53,184,154,30
"N00003858",203,67,17,50,136,116,20
"N00003859",177,55,19,36,122,110,12
"N00003860",430,129,30,99,301,240,61
"N00003861",244,65,14,51,179,148,31
"N00003862",210,61,9,52,149,109,40
"N00003863",82,26,6,20,56,52,4
"N00003864",182,53,20,33,129,117,12
"N00003865",97,32,8,24,65,60,5
"N00003866",142,37,8,29,105,93,12
"N00003867",268,100,36,64,168,150,18
"N00003868",144,35,6,29,109,99,10
"N00003869",517,142,46,96,375,332,43
"N00003870",122,28,11,17,94,81,13
"N00003871",378,106,36,70,272,243,29
"N00003872",110,26,10,16,84,82,2
"N00003873",401,136,39,97,265,237,28
"N00003874",260,69,21,48,191,147,44
"N00003875",151,48,12,36,103,89,14
"N00003876",256,68,21,47,188,145,43
"N00003877",163,54,18,36,109,95,14
"N00003878",242,76,22,54,166,114,52
"N00003879",226,70,26,44,156,115,41
"N00003880",203,52,9,43,151,123,28
"N00003881",250,76,21,55,174,145,29
"N00003882",150,33,9,24,117,105,12
"N00003883",389,102,38,64,287,250,37
"N00003884",316,96,36,60,220,194,26
"N00003885",137,45,14,31,92,91,1
"N00003886",121,45,8,37,76,67,9
"N00003887",212,54,12,42,158,148,10
"N00003888",133,46,13,33,87,81,6
"N00003889",172,45,14,31,127,111,16
"N00003890",97,27,7,20,70,64,6
"N00003891",150,43,14,29,107,102,5
"N00003892",104,27,7,20,77,75,2
"N00003893",112,25,10,15,87,83,4
"N00003894",118,32,6,26,86,79,7
"N00003895",124,28,5,23,96,89,7
"N00003896",248,74,15,59,174,156,18
"N00003897",92,26,7,19,66,61,5
"N00003898",213,65,19,46,148,128,20
"N00003899",182,47,14,33,135,117,18
"N00003900",105,42,10,32,63,61,2
"N00003901",99,43,5,38,56,54,2
"N00003902",142,33,10,23,109,93,16
"N00003903",367,105,27,78,262,225,37
"N00003904",266,68,20,48,198,177,21
"N00003905",113,32,3,29,81,77,4
"N00003906",100,18,8,10,82,77,5
"N00003907",174,47,15,32,127,119,8
"N00003908",64,12,4,8,52,45,7
"N00003909",162,49,17,32,113,107,6
"N00003910",111,34,11,23,77,69,8
"N00003911",711,171,40,131,540,475,65
"N00003912",238,54,17,37,184,165,19
"N00003913",107,33,7,26,74,65,9
"N00003914",179,39,10,29,140,129,11
"N00003915",108,37,8,29,71,69,2
"N00003916",199,48,16,32,151,138,13
"N00003917",106,22,5,17,84,78,6
"N00003918",115,27,5,22,88,78,10
"N00003919",138,45,12,33,93,84,9
"N00003920",159,46,9,37,113,106,7
"N00003921",169,39,9,30,130,118,12
"N00003922",155,45,9,36,110,104,6
"N00003923",171,53,15,38,118,106,12
"N00003924",145,35,13,22,110,104,6
"N00003925",164,42,12,30,122,111,11
"N00003926",173,52,14,38,121,103,18
"N00003927",165,44,13,31,121,99,22
"N00003928",189,58,13,45,131,121,10
"N00003929",124,33,13,20,91,82,9
"N00003930",135,44,9,35,91,86,5
"N00003931",79,23,8,15,56,54,2
"N00003932",183,44,11,33,139,112,27
"N00003933",469,125,30,95,344,281,63
"N00003934",162,41,14,27,121,99,22
"N00003935",183,47,10,37,136,114,22
"N00003936",480,112,28,84,368,308,60
"N00003937",161,45,21,24,116,81,35
"N00003938",130,33,11,22,97,87,10
"N00003939",194,54,20,34,140,111,29
"N00003940",149,40,11,29,109,90,19
"N00003941",203,55,15,40,148,120,28
"N00003942",238,70,14,56,168,146,22
"N00003943",329,89,23,66,240,210,30
"N00003944",192,60,17,43,132,119,13
"N00003945",153,43,15,28,110,96,14
"N00003946",255,64,13,51,191,175,16
"N00003947",319,78,22,56,241,202,39
"N00003948",173,50,17,33,123,108,15
"N00003949",159,48,12,36,111,106,5
"N00003950",152,55,16,39,97,90,7
"N00003951",110,27,9,18,83,75,8
"N00003952",110,28,9,19,82,73,9
"N00003953",123,35,13,22,88,82,6
"N00003954",81,23,3,20,58,54,4
"N00003955",122,30,8,22,92,88,4
"N00003956",167,54,18,36,113,104,9
"N00003957",65,19,2,17,46,42,4
"N00003958",178,49,9,40,129,118,11
"N00003959",80,18,5,13,62,56,6
"N00003960",115,32,7,25,83,76,7
"N00003961",117,37,14,23,80,71,9
"N00003962",311,94,33,61,217,191,26
"N00003963",119,33,11,22,86,80,6
"N00003964",132,35,7,28,97,84,13
"N00003965",223,57,10,47,166,146,20
"N00003966",115,39,4,35,76,70,6
"N00003967",230,68,18,50,162,151,11
"N00003968",123,41,6,35,82,77,5
"N00003969",103,25,0,25,78,74,4
"N00003970",132,39,10,29,93,87,6
"N00003971",129,34,6,28,95,90,5
"N00003972",120,36,6,30,84,78,6
"N00003973",162,47,16,31,115,103,12
"N00003974",363,100,29,71,263,232,31
"N00003975",190,56,11,45,134,120,14
"N00003976",175,51,13,38,124,112,12
"N00003977",144,54,21,33,90,80,10
"N00003978",185,41,12,29,144,128,16
"N00003979",155,58,12,46,97,87,10
"N00003980",161,41,13,28,120,109,11
"N00003981",98,34,7,27,64,61,3
"N00003982",123,35,11,24,88,80,8
"N00003983",104,32,10,22,72,64,8
"N00003984",144,47,12,35,97,87,10
"N00003985",106,34,9,25,72,66,6
"N00003986",78,30,4,26,48,40,8
"N00003987",99,38,4,34,61,58,3
"N00003988",102,33,7,26,69,61,8
"N00003989",69,20,6,14,49,39,10
"N00003990",237,60,18,42,177,154,23
"N00003991",138,46,5,41,92,80,12
"N00003992",184,46,14,32,138,111,27
"N00003993",212,55,23,32,157,125,32
"N00003994",207,67,14,53,140,116,24
"N00003995",209,47,13,34,162,121,41
"N00003996",162,30,8,22,132,111,21
"N00003997",187,45,12,33,142,114,28
"N00003998",205,48,12,36,157,132,25
"N00003999",215,57,9,48,158,147,11
"N00004000",114,32,3,29,82,76,6
"N00004001",122,42,11,31,80,76,4
"N00004002",104,40,9,31,64,60,4
"N00004003",168,53,12,41,115,105,10
"N00004004",88,30,5,25,58,52,6
"N00004005",60,20,5,15,40,39,1
"N00004006",89,31,7,24,58,53,5
"N00004007",92,30,4,26,62,56,6
"N00004008",204,61,16,45,143,122,21
"N00004009",163,45,10,35,118,107,11
"N00004010",203,74,16,58,129,115,14
"N00004011",222,74,15,59,148,136,12
"N00004012",134,46,10,36,88,80,8
"N00004013",162,45,10,35,117,108,9
"N00004014",193,59,16,43,134,120,14
"N00004015",157,45,18,27,112,103,9
"N00004016",195,58,21,37,137,120,17
"N00004017",132,39,13,26,93,85,8
"N00004018",136,36,11,25,100,89,11
"N00004019",169,40,16,24,129,122,7
"N00004020",205,64,17,47,141,132,9
"N00004021",149,45,13,32,104,97,7
"N00004022",114,27,3,24,87,78,9
"N00004023",122,35,8,27,87,82,5
"N00004024",146,57,12,45,89,86,3
"N00004025",180,56,15,41,124,111,13
"N00004026",160,46,14,32,114,97,17
"N00004027",136,44,13,31,92,81,11
"N00004028",137,55,16,39,82,75,7
"N00004029",128,39,6,33,89,79,10
"N00004030",139,38,7,31,101,88,13
"N00004031",106,27,3,24,79,71,8
"N00004032",94,32,7,25,62,57,5
"N00004033",123,45,9,36,78,72,6
"N00004034",110,32,7,25,78,70,8
"N00004035",123,37,17,20,86,83,3
"N00004036",121,29,5,24,92,83,9
"N00004037",139,37,8,29,102,92,10
"N00004038",97,23,4,19,74,66,8
"N00004039",128,35,13,22,93,88,5
"N00004040",132,40,9,31,92,83,9
"N00004041",121,29,13,16,92,81,11
"N00004042",281,79,24,55,202,185,17
"N00004043",177,54,18,36,123,118,5
"N00004044",124,39,17,22,85,78,7
"N00004045",155,48,12,36,107,98,9
"N00004046",131,45,13,32,86,81,5
"N00004047",578,159,50,109,419,357,62
"N00004048",262,86,23,63,176,154,22
"N00004049",242,71,13,58,171,153,18
"N00004050",491,129,34,95,362,298,64
"N00004051",507,138,50,88,369,293,76
"N00004052",174,53,22,31,121,102,19
"N00004053",162,42,12,30,120,100,20
"N00004054",254,74,16,58,180,161,19
"N00004055",105,33,10,23,72,67,5
"N00004056",233,56,19,37,177,161,16
"N00004057",185,54,13,41,131,103,28
"N00004058",695,162,40,122,533,449,84
"N00004059",892,198,44,154,694,622,72
"N00004060",720,162,26,136,558,500,58
"N00004061",345,105,30,75,240,216,24
"N00004062",270,71,24,47,199,174,25
"N00004063",457,140,43,97,317,288,29
"N00004064",343,93,23,70,250,225,25
"N00004065",62,22,1,21,40,39,1
"N00004066",109,34,9,25,75,66,9
"N00004067",89,38,4,34,51,48,3
"N00004068",118,35,6,29,83,79,4
"N00004069",95,40,6,34,55,50,5
"N00004070",91,34,4,30,57,56,1
"N00004071",96,33,6,27,63,60,3
"N00004072",132,36,7,29,96,86,10
"N00004073",595,148,36,112,447,407,40
"N00004074",161,43,7,36,118,107,11
"N00004075",250,86,26,60,164,137,27
"N00004076",175,50,20,30,125,110,15
"N00004077",192,58,13,45,134,126,8
"N00004078",138,49,6,43,89,82,7
"N00004079",115,29,9,20,86,77,9
"N00004080",99,38,13,25,61,54,7
"N00004081",129,42,8,34,87,80,7
"N00004082",162,55,10,45,107,97,10
"N00004083",106,35,8,27,71,67,4
"N00004084",134,37,7,30,97,80,17
"N00004085",402,120,41,79,282,241,41
"N00004086",94,31,4,27,63,62,1
"N00004087",388,145,77,68,243,218,25
"N00004088",181,46,11,35,135,115,20
"N00004089",135,35,11,24,100,84,16
"N00004090",442,278,206,72,164,138,26
"N00004091",387,256,207,49,131,110,21
"N00004092",123,25,8,17,98,93,5
"N00004093",166,37,3,34,129,122,7
"N00004094",249,74,17,57,175,155,20
"N00004095",90,33,6,27,57,51,6
"N00004096",89,33,8,25,56,54,2
"N00004097",183,76,22,54,107,98,9
"N00004098",101,38,8,30,63,58,5
"N00004099",293,60,19,41,233,213,20
"N00004100",112,46,11,35,66,61,5
"N00004101",70,15,7,8,55,48,7
"N00004102",127,35,6,29,92,85,7
"N00004103",60,18,5,13,42,41,1
"N00004104",85,25,10,15,60,58,2
"N00004105",75,18,2,16,57,53,4
"N00004106",87,24,5,19,63,61,2
"N00004107",82,22,9,13,60,53,7
"N00004108",101,30,4,26,71,68,3
"N00004109",107,37,10,27,70,64,6
"N00004110",164,55,15,40,109,99,10
"N00004111",170,55,18,37,115,92,23
"N00004112",234,70,16,54,164,140,24
"N00004113",335,86,27,59,249,206,43
"N00004114",168,51,10,41,117,108,9
"N00004115",217,72,17,55,145,133,12
"N00004116",390,123,39,84,267,239,28
"N00004117",283,89,36,53,194,166,28
"N00004118",160,54,14,40,106,97,9
"N00004119",161,49,11,38,112,102,10
"N00004120",123,33,11,22,90,77,13
"N00004121",210,72,21,51,138,125,13
"N00004122",224,70,22,48,154,139,15
"N00004123",154,48,13,35,106,84,22
"N00004124",142,48,10,38,94,83,11
"N00004125",173,59,17,42,114,95,19
"N00004126",149,61,30,31,88,70,18
"N00004127",149,41,17,24,108,89,19
"N00004128",177,39,19,20,138,114,24
"N00004129",131,36,15,21,95,76,19
"N00004130",147,40,11,29,107,91,16
"N00004131",133,38,9,29,95,80,15
"N00004132",147,49,17,32,98,87,11
"N00004133",161,52,15,37,109,95,14
"N00004134",134,41,11,30,93,83,10
"N00004135",176,64,22,42,112,102,10
"N00004136",198,64,18,46,134,115,19
"N00004137",167,47,18,29,120,104,16
"N00004138",194,59,11,48,135,116,19
"N00004139",362,110,27,83,252,221,31
"N00004140",235,57,16,41,178,159,19
"N00004141",138,42,6,36,96,90,6
"N00004142",149,44,11,33,105,91,14
"N00004143",156,47,15,32,109,102,7
"N00004144",302,89,26,63,213,198,15
"N00004145",148,48,19,29,100,83,17
"N00004146",205,63,14,49,142,124,18
"N00004147",183,48,12,36,135,125,10
"N00004148",50,14,6,8,36,31,5
"N00004149",120,51,16,35,69,66,3
"N00004150",222,63,25,38,159,139,20
"N00004151",117,44,13,31,73,67,6
"N00004152",105,35,13,22,70,66,4
"N00004153",171,56,14,42,115,100,15
"N00004154",134,46,20,26,88,83,5
"N00004155",136,45,12,33,91,80,11
"N00004156",84,20,4,16,64,58,6
"N00004157",209,75,21,54,134,120,14
"N00004158",214,81,32,49,133,123,10
"N00004159",43,14,3,11,29,20,9
"N00004160",87,25,3,22,62,55,7
"N00004161",107,47,10,37,60,57,3
"N00004162",70,33,6,27,37,30,7
"N00004163",201,54,16,38,147,131,16
"N00004164",236,73,15,58,163,147,16
"N00004165",222,65,23,42,157,136,21
"N00004166",140,45,5,40,95,84,11
"N00004167",166,50,13,37,116,107,9
"N00004168",59,17,6,11,42,37,5
"N00004169",153,50,17,33,103,93,10
"N00004170",162,39,12,27,123,115,8
"N00004171",109,34,10,24,75,69,6
"N00004172",103,31,8,23,72,66,6
"N00004173",122,44,15,29,78,66,12
"N00004174",113,44,11,33,69,60,9
"N00004175",140,58,17,41,82,68,14
"N00004176",111,29,9,20,82,67,15
"N00004177",54,16,2,14,38,31,7
"N00004178",141,48,14,34,93,78,15
"N00004179",152,49,16,33,103,82,21
"N00004180",132,33,9,24,99,87,12
"N00004181",130,43,12,31,87,75,12
"N00004182",164,52,17,35,112,98,14
"N00004183",30,10,3,7,20,17,3
"N00004184",111,42,12,30,69,61,8
"N00004185",329,103,35,68,226,211,15
"N00004186",127,37,10,27,90,77,13
"N00004187",119,32,8,24,87,76,11
"N00004188",148,42,9,33,106,99,7
"N00004189",80,15,2,13,65,53,12
"N00004190",161,48,11,37,113,103,10
"N00004191",285,85,28,57,200,164,36
"N00004192",142,40,12,28,102,94,8
"N00004193",130,37,7,30,93,78,15
"N00004194",100,29,7,22,71,57,14
"N00004195",119,49,11,38,70,66,4
"N00004196",517,154,31,123,363,321,42
"N00004197",76,29,6,23,47,43,4
"N00004198",92,37,9,28,55,49,6
"N00004199",413,120,35,85,293,253,40
"N00004200",195,62,16,46,133,116,17
"N00004201",182,38,9,29,144,126,18
"N00004202",188,40,7,33,148,133,15
"N00004203",171,59,11,48,112,104,8
"N00004204",178,52,11,41,126,112,14
"N00004205",154,45,10,35,109,101,8
"N00004206",91,37,5,32,54,53,1
"N00004207",145,46,10,36,99,85,14
"N00004208",216,51,7,44,165,146,19
"N00004209",332,92,27,65,240,208,32
"N00004210",136,44,11,33,92,76,16
"N00004211",431,80,22,58,351,295,56
"N00004212",1113,276,63,213,837,725,112
"N00004213",97,28,7,21,69,56,13
"N00004214",113,35,12,23,78,67,11
"N00004215",166,51,12,39,115,104,11
"N00004216",200,68,21,47,132,122,10
"N00004217",92,42,11,31,50,49,1
"N00004218",107,37,9,28,70,64,6
"N00004219",144,39,16,23,105,71,34
"N00004220",109,28,9,19,81,62,19
"N00004221",149,50,16,34,99,77,22
"N00004222",161,40,14,26,121,85,36
"N00004223",118,28,10,18,90,62,28
"N00004224",117,40,17,23,77,55,22
"N00004225",123,45,11,34,78,65,13
"N00004226",154,38,13,25,116,85,31
"N00004227",125,41,18,23,84,68,16
"N00004228",323,82,27,55,241,197,44
"N00004229",147,38,15,23,109,74,35
"N00004230",121,45,18,27,76,62,14
"N00004231",118,29,13,16,89,62,27
"N00004232",89,33,9,24,56,47,9
"N00004233",148,36,15,21,112,93,19
"N00004234",104,26,6,20,78,68,10
"N00004235",144,41,18,23,103,81,22
"N00004236",122,40,21,19,82,60,22
"N00004237",122,30,7,23,92,63,29
"N00004238",174,44,16,28,130,101,29
"N00004239",130,38,13,25,92,77,15
"N00004240",155,44,16,28,111,91,20
"N00004241",137,34,11,23,103,86,17
"N00004242",144,43,14,29,101,68,33
"N00004243",102,34,6,28,68,61,7
"N00004244",51,19,4,15,32,31,1
"N00004245",180,40,10,30,140,122,18
"N00004246",149,37,16,21,112,93,19
"N00004247",172,59,12,47,113,107,6
"N00004248",75,29,4,25,46,42,4
"N00004249",115,36,9,27,79,72,7
"N00004250",100,36,10,26,64,60,4
"N00004251",107,15,6,9,92,82,10
"N00004252",152,58,23,35,94,85,9
"N00004253",131,43,12,31,88,78,10
"N00004254",144,41,14,27,103,81,22
"N00004255",91,29,6,23,62,57,5
"N00004256",379,113,38,75,266,224,42
"N00004257",64,19,3,16,45,37,8
"N00004258",121,31,9,22,90,82,8
"N00004259",84,24,10,14,60,50,10
"N00004260",134,37,9,28,97,85,12
"N00004261",107,25,13,12,82,74,8
"N00004262",147,32,7,25,115,105,10
"N00004263",108,23,11,12,85,77,8
"N00004264",284,68,22,46,216,195,21
"N00004265",98,24,6,18,74,65,9
"N00004266",146,38,10,28,108,83,25
"N00004267",300,82,20,62,218,180,38
"N00004268",159,51,18,33,108,90,18
"N00004269",155,35,8,27,120,110,10
"N00004270",315,40,11,29,275,200,75
"N00004271",132,38,7,31,94,80,14
"N00004272",149,32,7,25,117,100,17
"N00004273",156,39,19,20,117,99,18
"N00004274",144,39,8,31,105,88,17
"N00004275",152,35,9,26,117,97,20
"N00004276",209,52,16,36,157,114,43
"N00004277",146,38,16,22,108,91,17
"N00004278",126,43,9,34,83,77,6
"N00004279",154,46,12,34,108,84,24
"N00004280",142,35,13,22,107,83,24
"N00004281",185,62,18,44,123,88,35
"N00004282",70,23,9,14,47,39,8
"N00004283",156,41,16,25,115,97,18
"N00004284",173,56,10,46,117,100,17
"N00004285",155,47,17,30,108,84,24
"N00004286",159,41,9,32,118,88,30
"N00004287",245,86,27,59,159,143,16
"N00004288",92,37,4,33,55,51,4
"N00004289",94,31,8,23,63,56,7
"N00004290",232,62,14,48,170,163,7
"N00004291",201,48,12,36,153,136,17
"N00004292",86,36,8,28,50,41,9
"N00004293",111,23,4,19,88,73,15
"N00004294",580,78,19,59,502,322,180
"N00004295",79,26,7,19,53,45,8
"N00004296",113,41,12,29,72,55,17
"N00004297",148,29,7,22,119,96,23
"N00004298",190,62,22,40,128,104,24
"N00004299",244,70,19,51,174,143,31
"N00004300",42,14,1,13,28,21,7
"N00004301",153,51,17,34,102,77,25
"N00004302",142,48,14,34,94,71,23
"N00004303",157,50,8,42,107,98,9
"N00004304",163,61,19,42,102,97,5
"N00004305",115,34,8,26,81,77,4
"N00004306",203,47,15,32,156,140,16
"N00004307",133,36,6,30,97,90,7
"N00004308",128,42,16,26,86,82,4
"N00004309",96,30,10,20,66,63,3
"N00004310",112,34,12,22,78,76,2
"N00004311",120,27,7,20,93,90,3
"N00004312",173,44,13,31,129,122,7
"N00004313",147,32,10,22,115,109,6
"N00004314",354,74,10,64,280,261,19
"N00004315",92,38,4,34,54,49,5
"N00004316",152,40,8,32,112,103,9
"N00004317",138,36,7,29,102,95,7
"N00004318",132,35,10,25,97,87,10
"N00004319",167,46,17,29,121,113,8
"N00004320",158,43,12,31,115,96,19
"N00004321",312,112,28,84,200,182,18
"N00004322",151,40,9,31,111,103,8
"N00004323",185,57,17,40,128,113,15
"N00004324",95,24,5,19,71,64,7
"N00004325",123,39,10,29,84,77,7
"N00004326",121,43,8,35,78,70,8
"N00004327",116,37,11,26,79,73,6
"N00004328",133,38,9,29,95,87,8
"N00004329",121,47,9,38,74,67,7
"N00004330",147,46,16,30,101,91,10
"N00004331",144,43,11,32,101,95,6
"N00004332",127,40,10,30,87,79,8
"N00004333",103,30,10,20,73,67,6
"N00004334",84,25,7,18,59,56,3
"N00004335",86,21,6,15,65,61,4
"N00004336",119,43,9,34,76,73,3
"N00004337",87,26,10,16,61,53,8
"N00004338",159,33,9,24,126,100,26
"N00004339",234,62,18,44,172,138,34
"N00004340",201,46,17,29,155,114,41
"N00004341",218,56,19,37,162,120,42
"N00004342",262,65,20,45,197,165,32
"N00004343",121,31,9,22,90,82,8
"N00004344",102,26,11,15,76,63,13
"N00004345",167,44,17,27,123,107,16
"N00004346",145,41,10,31,104,79,25
"N00004347",199,51,16,35,148,129,19
"N00004348",73,20,8,12,53,44,9
"N00004349",67,15,4,11,52,48,4
"N00004350",512,126,41,85,386,305,81
"N00004351",239,55,12,43,184,140,44
"N00004352",260,60,13,47,200,161,39
"N00004353",240,56,20,36,184,144,40
"N00004354",173,41,17,24,132,101,31
"N00004355",156,43,13,30,113,98,15
"N00004356",90,25,8,17,65,58,7
"N00004357",639,187,55,132,452,412,40
"N00004358",122,39,10,29,83,78,5
"N00004359",487,131,38,93,356,310,46
"N00004360",206,54,16,38,152,129,23
"N00004361",171,52,18,34,119,111,8
"N00004362",294,78,24,54,216,182,34
"N00004363",227,64,15,49,163,136,27
"N00004364",208,58,19,39,150,116,34
"N00004365",177,50,7,43,127,116,11
"N00004366",73,14,2,12,59,54,5
"N00004367",274,82,23,59,192,154,38
"N00004368",235,63,21,42,172,136,36
"N00004369",145,33,11,22,112,87,25
"N00004370",221,60,9,51,161,131,30
"N00004371",196,47,20,27,149,121,28
"N00004372",181,58,16,42,123,106,17
"N00004373",178,36,14,22,142,121,21
"N00004374",193,50,15,35,143,111,32
"N00004375",327,83,16,67,244,205,39
"N00004376",200,52,15,37,148,114,34
"N00004377",219,47,9,38,172,129,43
"N00004378",90,23,5,18,67,57,10
"N00004379",97,27,6,21,70,66,4
"N00004380",140,38,17,21,102,89,13
"N00004381",157,49,14,35,108,97,11
"N00004382",150,45,11,34,105,89,16
"N00004383",114,34,13,21,80,69,11
"N00004384",94,28,9,19,66,63,3
"N00004385",151,36,10,26,115,102,13
"N00004386",203,62,18,44,141,103,38
"N00004387",153,35,9,26,118,85,33
"N00004388",213,55,16,39,158,118,40
"N00004389",257,62,19,43,195,158,37
"N00004390",222,49,14,35,173,140,33
"N00004391",218,47,15,32,171,129,42
"N00004392",124,43,11,32,81,68,13
"N00004393",106,23,7,16,83,69,14
"N00004394",65,22,6,16,43,35,8
"N00004395",72,27,10,17,45,37,8
"N00004396",226,62,20,42,164,131,33
"N00004397",121,29,9,20,92,76,16
"N00004398",264,62,16,46,202,161,41
"N00004399",303,87,33,54,216,177,39
"N00004400",226,60,18,42,166,127,39
"N00004401",342,73,11,62,269,223,46
"N00004402",466,128,44,84,338,303,35
"N00004403",168,49,13,36,119,109,10
"N00004404",278,67,26,41,211,191,20
"N00004405",205,73,25,48,132,121,11
"N00004406",144,49,16,33,95,88,7
"N00004407",171,43,15,28,128,112,16
"N00004408",159,41,10,31,118,102,16
"N00004409",193,62,18,44,131,116,15
"N00004410",310,80,26,54,230,202,28
"N00004411",228,61,21,40,167,150,17
"N00004412",170,39,7,32,131,116,15
"N00004413",76,15,5,10,61,55,6
"N00004414",53,16,5,11,37,32,5
"N00004415",336,139,44,95,197,183,14
"N00004416",211,64,18,46,147,132,15
"N00004417",230,63,21,42,167,131,36
"N00004418",247,57,15,42,190,144,46
"N00004419",231,49,15,34,182,148,34
"N00004420",242,74,18,56,168,131,37
"N00004421",161,46,9,37,115,97,18
"N00004422",208,52,13,39,156,129,27
"N00004423",203,60,13,47,143,114,29
"N00004424",163,36,7,29,127,104,23
"N00004425",223,54,16,38,169,143,26
"N00004426",234,54,21,33,180,130,50
"N00004427",150,44,16,28,106,85,21
"N00004428",170,47,12,35,123,92,31
"N00004429",237,57,16,41,180,137,43
"N00004430",214,47,13,34,167,141,26
"N00004431",204,54,22,32,150,122,28
"N00004432",31,6,3,3,25,17,8
"N00004433",247,81,21,60,166,141,25
"N00004434",170,50,15,35,120,104,16
"N00004435",158,36,12,24,122,103,19
"N00004436",158,35,9,26,123,102,21
"N00004437",117,31,8,23,86,73,13
"N00004438",234,64,21,43,170,127,43
"N00004439",243,59,12,47,184,155,29
"N00004440",224,59,19,40,165,134,31
"N00004441",267,61,13,48,206,169,37
"N00004442",247,49,16,33,198,147,51
"N00004443",289,73,20,53,216,184,32
"N00004444",122,26,5,21,96,76,20
"N00004445",185,39,7,32,146,115,31
"N00004446",199,58,19,39,141,111,30
"N00004447",134,43,9,34,91,85,6
"N00004448",220,61,12,49,159,130,29
"N00004449",172,42,9,33,130,113,17
"N00004450",167,38,16,22,129,101,28
"N00004451",250,56,20,36,194,167,27
"N00004452",85,32,7,25,53,47,6
"N00004453",81,36,11,25,45,40,5
"N00004454",73,29,9,20,44,43,1
"N00004455",91,34,8,26,57,49,8
"N00004456",91,39,8,31,52,51,1
"N00004457",111,40,14,26,71,65,6
"N00004458",108,26,10,16,82,64,18
"N00004459",266,69,17,52,197,158,39
"N00004460",74,31,10,21,43,36,7
"N00004461",128,38,11,27,90,79,11
"N00004462",83,22,6,16,61,54,7
"N00004463",216,56,18,38,160,118,42
"N00004464",127,51,15,36,76,65,11
"N00004465",199,60,15,45,139,103,36
"N00004466",169,49,14,35,120,102,18
"N00004467",190,46,12,34,144,117,27
"N00004468",245,66,21,45,179,135,44
"N00004469",149,41,9,32,108,90,18
"N00004470",90,24,7,17,66,58,8
"N00004471",174,35,9,26,139,110,29
"N00004472",321,76,17,59,245,203,42
"N00004473",138,36,11,25,102,83,19
"N00004474",222,76,20,56,146,136,10
"N00004475",51,23,5,18,28,25,3
"N00004476",57,26,8,18,31,27,4
"N00004477",68,32,12,20,36,30,6
"N00004478",235,60,19,41,175,135,40
"N00004479",229,76,22,54,153,137,16
"N00004480",193,65,22,43,128,108,20
"N00004481",226,65,14,51,161,126,35
"N00004482",100,30,8,22,70,64,6
"N00004483",86,24,4,20,62,58,4
"N00004484",246,78,22,56,168,143,25
"N00004485",133,34,12,22,99,62,37
"N00004486",85,27,10,17,58,50,8
"N00004487",155,45,7,38,110,88,22
"N00004488",178,49,17,32,129,105,24
"N00004489",120,38,11,27,82,62,20
"N00004490",198,40,17,23,158,134,24
"N00004491",109,42,10,32,67,59,8
"N00004492",144,34,6,28,110,88,22
"N00004493",197,49,12,37,148,114,34
"N00004494",88,35,9,26,53,47,6
"N00004495",90,35,13,22,55,52,3
"N00004496",372,99,22,77,273,244,29
"N00004497",113,36,11,25,77,71,6
"N00004498",603,190,54,136,413,358,55
"N00004499",63,25,5,20,38,34,4
"N00004500",51,25,6,19,26,20,6
"N00004501",193,44,16,28,149,115,34
"N00004502",124,28,13,15,96,77,19
"N00004503",177,42,18,24,135,99,36
"N00004504",97,33,10,23,64,45,19
"N00004505",203,51,11,40,152,116,36
"N00004506",154,55,14,41,99,77,22
"N00004507",101,30,12,18,71,66,5
"N00004508",230,61,12,49,169,148,21
"N00004509",122,38,12,26,84,71,13
"N00004510",109,38,7,31,71,64,7
"N00004511",69,14,3,11,55,53,2
"N00004512",155,37,8,29,118,103,15
"N00004513",189,48,8,40,141,113,28
"N00004514",291,79,25,54,212,170,42
"N00004515",185,44,12,32,141,99,42
"N00004516",159,49,17,32,110,81,29
"N00004517",178,35,9,26,143,101,42
"N00004518",105,23,7,16,82,73,9
"N00004519",85,33,11,22,52,48,4
"N00004520",513,146,35,111,367,347,20
"N00004521",91,32,11,21,59,51,8
"N00004522",153,45,10,35,108,104,4
"N00004523",164,53,13,40,111,106,5
"N00004524",83,30,7,23,53,51,2
"N00004525",187,56,16,40,131,125,6
"N00004526",215,46,10,36,169,114,55
"N00004527",118,32,8,24,86,61,25
"N00004528",189,49,11,38,140,120,20
"N00004529",130,31,10,21,99,73,26
"N00004530",121,30,10,20,91,61,30
"N00004531",143,43,8,35,100,92,8
"N00004532",163,56,14,42,107,98,9
"N00004533",114,38,9,29,76,75,1
"N00004534",474,159,37,122,315,290,25
"N00004535",314,96,29,67,218,197,21
"N00004536",70,22,7,15,48,46,2
"N00004537",69,32,9,23,37,35,2
